100
0 0 83 0 0 14 0 0 0 0 0 24 27 0 57 0 0 0 42 0 0 37 0 12 5 0 0 0 5 0 0 4 0 0 28 27 0 0 28 0 22 0 69 0 0 0 0 34 0 0 0 0 0 0 0 87 0 57 0 0 26 0 0 0 0 0 0 0 22 0 0 0 18 0 82 23 0 0 0 0 0 0 0 0 0 0 0 0 0 0 36 0 0 0 0 0 11 1 0 0
0 0 0 0 0 0 60 0 0 0 23 0 0 0 0 0 97 0 0 0 0 0 0 0 0 0 0 0 0 0 0 37 0 37 0 0 0 0 0 0 0 0 0 96 8 0 89 59 85 0 7 2 0 0 88 0 0 0 0 0 67 73 88 0 0 0 0 0 0 81 0 57 0 76 45 94 96 0 0 0 0 0 0 0 0 68 0 93 0 0 0 0 0 90 0 0 0 53 0 0
0 62 0 0 0 0 14 0 0 0 43 0 0 0 0 0 0 0 0 0 0 59 0 0 0 0 0 0 88 22 0 0 0 0 0 77 29 35 0 26 0 0 30 0 96 0 0 0 0 78 42 0 16 0 12 0 52 0 0 0 2 0 59 0 0 0 0 0 0 90 24 0 0 0 0 0 0 0 0 0 0 0 0 0 0 0 0 56 2 0 0 0 0 0 40 0 6 0 0 0
0 0 0 0 0 0 0 0 0 0 19 7 0 0 0 0 0 0 0 0 0 0 0 12 0 17 0 0 0 0 34 73 0 0 0 0 0 0 0 0 0 18 0 17 0 0 0 0 0 92 0 38 0 0 0 0 0 0 0 55 0 0 0 0 0 0 0 0 0 0 0 0 0 0 0 0 0 99 0 0 96 0 0 0 0 0 0 0 0 43 0 0 0 73 84 42 0 16 0 0
0 0 0 0 0 0 100 0 74 0 0 0 0 2 0 0 0 0 0 0 64 0 0 99 0 41 0 0 8 0 0 0 0 0 0 11 0 84 0 0 0 34 0 0 0 0 37 0 0 0 3 40 19 0 0 42 0 0 0 0 0 0 0 73 0 0 0 0 0 0 0 0 47 0 0 0 0 0 0 29 0 0 0 38 0 0 0 0 0 0 0 0 19 43 0 0 0 57 16 0
0 0 17 0 0 0 0 0 0 0 0 0 68 39 0 0 0 0 0 0 0 0 35 28 84 24 52 75 77 0 0 62 49 0 0 0 0 0 0 33 52 0 0 0 36 0 0 0 0 55 0 0 10 0 0 61 0 0 0 49 0 17 0 0 0 0 0 47 0 0 68 53 0 0 0 86 0 40 0 0 0 0 88 0 38 0 0 0 0 94 0 67 16 0 22 0 0 0 0 9
0 11 0 6 0 0 0 0 0 0 0 0 32 0 0 0 0 0 0 0 0 0 42 0 0 0 0 0 0 0 0 0 0 0 97 0 0 0 0 0 0 0 0 0 0 0 0 0 0 79 0 0 83 22 0 0 0 30 0 0 0 0 20 34 0 0 0 0 0 65 0 0 0 0 2 88 0 0 0 0 0 0 48 0 0 0 41 0 0 0 0 77 0 15 0 0 58 0 0 0
0 0 0 0 0 22 0 0 0 0 0 0 0 0 76 0 0 0 53 0 0 0 82 0 0 0 0 0 0 0 0 87 54 0 75 65 56 0 0 0 9 40 0 0 0 60 0 0 0 0 0 0 0 0 0 85 59 0 15 0 0 0 13 0 0 93 0 38 75 0 0 0 59 0 0 86 0 0 0 0 0 0 0 0 0 0 68 23 0 95 0 0 0 0 0 0 0 47 24 0
0 0 0 0 93 0 0 0 0 0 0 0 0 0 0 0 0 56 0 72 0 18 0 0 0 0 72 0 91 0 0 0 0 43 0 0 0 0 0 0 0 0 0 0 0 77 0 0 0 0 25 64 23 86 0 83 75 0 0 48 84 0 0 0 0 0 0 0 0 74 0 0 67 0 0 0 69 88 59 0 0 0 77 0 0 0 100 0 0 0 0 0 53 0 0 43 49 0 0 0
0 0 58 0 0 0 53 0 0 0 0 0 0 0 73 0 70 0 0 41 0 0 0 64 0 0 0 0 0 0 0 0 0 86 0 26 0 0 79 0 0 0 0 0 0 0 0 57 0 0 9 0 80 0 45 6 0 0 0 0 0 69 36 0 0 0 0 0 0 46 0 0 0 0 0 0 0 0 0 87 84 0 0 0 0 0 0 92 0 73 0 0 15 0 0 0 0 0 0 88
0 0 7 0 0 0 0 0 99 0 0 0 45 0 13 23 0 51 0 0 0 0 35 0 0 0 0 0 86 0 0 0 69 0 0 0 0 0 0 0 0 0 37 0 72 0 0 0 0 0 0 0 0 0 57 0 0 0 0 0 82 0 0 0 0 0 0 0 0 0 43 0 0 0 0 0 0 0 85 0 0 0 73 0 84 45 0 0 0 0 0 0 17 0 25 0 0 0 0 37
98 0 0 0 90 0 0 43 0 0 80 0 0 40 0 83 0 0 0 0 11 0 0 83 0 0 0 0 0 0 0 0 0 0 0 55 83 0 0 0 0 31 0 0 48 87 0 0 0 0 0 0 0 0 0 75 0 0 0 0 0 0 8 36 0 83 10 0 38 0 0 0 0 0 63 0 0 0 0 0 0 0 71 0 0 0 0 0 0 6 0 0 0 84 97 0 0 0 31 0
0 0 0 0 78 0 0 0 0 0 22 0 0 52 0 0 0 0 0 0 0 42 0 74 0 86 0 0 87 0 0 0 0 0 27 0 47 0 25 0 4 0 0 76 0 0 0 0 0 0 77 73 0 49 0 0 0 8 0 0 0 0 0 0 60 0 88 97 0 0 0 83 0 23 0 56 0 0 0 0 0 17 0 0 50 49 4 46 0 0 0 0 0 0 0 0 0 0 0 13
0 0 0 0 0 30 47 0 0 87 0 0 0 0 0 0 54 0 0 0 0 0 0 0 0 0 0 0 0 0 0 0 0 0 0 0 0 0 0 0 0 0 0 38 16 0 0 0 48 20 0 0 0 0 0 0 48 0 87 0 0 0 0 50 0 15 0 0 0 93 0 0 0 0 0 0 59 0 0 0 0 24 100 64 0 0 0 0 0 0 0 0 0 93 43 0 0 9 58 0
0 0 0 36 0 29 0 0 0 0 0 16 0 0 0 0 65 86 0 0 0 93 0 0 0 0 0 0 0 0 0 0 0 87 0 0 0 0 0 99 0 0 0 72 0 0 46 0 0 0 0 96 91 0 0 0 18 0 0 0 0 0 0 0 0 8 0 0 0 0 0 0 0 0 96 0 0 22 51 0 0 0 68 99 0 24 0 0 0 0 0 55 0 14 0 0 0 0 0 70
0 0 0 0 0 64 24 0 0 0 58 0 0 0 0 0 0 0 0 42 0 45 0 41 47 66 0 67 0 0 0 0 0 0 0 64 70 0 0 0 0 60 0 0 0 0 0 0 0 0 0 79 0 0 0 0 98 32 0 0 0 0 0 0 0 0 0 0 39 0 0 0 0 0 0 0 0 0 0 0 0 0 11 0 0 0 0 0 8 0 0 0 0 60 0 0 0 0 9 0
51 0 0 86 69 0 0 0 91 75 0 10 0 0 0 0 0 8 0 0 0 0 0 0 0 74 0 0 0 0 0 61 0 0 0 59 3 19 0 0 26 76 0 29 0 13 0 0 0 0 0 0 0 0 0 38 0 0 0 0 0 0 0 0 77 0 0 0 0 0 0 0 93 0 0 0 0 0 0 0 0 46 0 0 0 0 0 0 0 0 0 0 0 0 0 0 0 0 5 89
0 15 76 0 0 0 57 0 0 22 77 81 0 40 0 35 0 0 0 0 91 0 0 24 0 0 51 0 0 0 0 0 0 0 81 30 0 0 0 54 0 77 0 0 0 0 0 0 27 9 0 0 15 49 0 0 36 0 0 0 20 0 0 0 0 0 0 80 51 0 0 0 98 0 0 95 0 53 0 0 24 0 75 0 0 35 0 0 0 41 0 0 0 0 48 54 2 0 0 89
0 0 0 0 0 0 0 22 0 0 35 0 0 0 0 0 78 35 0 0 0 0 40 51 60 0 0 0 0 0 0 0 0 0 0 0 0 0 12 0 0 0 0 0 0 98 0 28 46 0 0 56 0 0 0 0 0 93 52 74 0 0 0 0 0 0 0 12 0 0 0 0 0 0 2 0 0 0 0 20 0 0 0 99 0 0 52 0 0 0 0 81 0 0 0 0 0 0 0 0
0 15 45 0 0 74 59 81 0 10 0 94 0 69 16 71 0 0 0 0 59 0 87 0 0 0 1 0 0 0 0 0 0 86 0 69 61 0 0 83 17 67 0 0 0 0 0 0 0 0 0 0 0 0 0 0 0 0 0 0 0 0 97 0 0 0 8 0 0 98 0 0 0 0 0 0 0 96 99 0 0 97 0 94 0 46 0 0 0 0 36 0 0 0 0 37 0 8 0 0
0 0 0 58 0 0 0 47 0 0 0 0 0 0 53 0 0 0 0 0 0 0 14 0 0 0 67 0 0 88 0 0 0 0 0 0 51 11 0 0 5 0 0 0 0 0 0 0 0 0 0 0 0 0 0 0 0 0 73 0 0 0 46 0 0 0 0 0 0 0 0 74 65 0 99 0 0 0 0 6 0 0 0 0 0 0 0 0 0 0 0 0 0 0 53 0 95 0 0 0
0 0 0 9 0 86 29 0 0 0 0 72 0 0 0 0 0 0 0 43 0 0 45 51 0 0 0 46 0 0 0 0 98 96 0 0 0 78 0 0 0 0 0 0 0 51 0 0 78 0 0 68 0 0 0 0 0 0 0 0 35 0 0 0 90 0 0 18 0 81 0 55 0 0 0 0 56 0 76 0 0 0 0 0 0 0 79 0 0 0 0 0 0 0 51 0 89 0 38 0
0 28 0 0 73 89 0 0 48 85 0 48 0 0 0 22 0 0 0 1 0 0 0 0 0 0 0 46 78 0 0 77 86 0 51 0 0 0 92 0 73 0 0 0 0 0 39 64 1 6 0 0 0 0 0 0 0 33 0 0 0 0 0 77 21 0 0 68 0 0 0 0 98 31 99 0 0 42 74 0 0 0 0 0 63 0 0 0 0 0 0 89 0 0 0 0 97 0 75 66
0 0 0 0 0 46 0 0 32 0 54 68 56 43 0 0 0 0 0 0 0 0 0 0 0 0 0 0 0 0 0 0 20 0 0 0 58 84 44 82 0 0 0 0 0 0 30 0 0 0 0 44 0 0 0 0 0 0 0 0 95 0 0 0 0 0 66 0 49 0 0 92 0 0 0 93 5 0 96 97 0 0 0 0 0 0 0 0 0 0 0 0 0 0 0 0 90 74 28 96
0 0 0 0 12 66 0 0 0 36 0 63 0 0 0 0 0 0 0 100 0 0 0 77 0 0 0 75 0 67 0 77 5 0 47 42 8 0 0 0 0 0 0 0 69 0 0 42 0 12 0 0 0 0 0 0 0 0 0 0 0 0 0 45 41 0 0 0 0 0 34 26 49 60 0 0 31 0 69 97 0 0 0 0 55 0 0 6 32 0 0 0 0 0 0 0 0 0 0 0
0 0 0 0 0 0 0 0 82 61 8 0 0 0 0 0 0 0 0 0 55 0 0 0 79 0 38 0 0 0 0 0 23 0 37 47 0 0 0 0 0 0 0 0 0 77 0 0 0 0 62 0 0 0 98 58 0 0 0 75 0 0 0 0 0 0 83 0 0 19 0 0 0 0 0 0 0 0 0 6 0 0 39 0 0 0 0 0 0 0 31 0 0 61 0 0 0 0 0 0
0 0 79 0 0 0 0 0 73 61 0 0 0 0 0 0 0 90 0 0 0 0 0 0 0 0 0 0 0 36 0 0 0 89 0 41 0 0 29 0 0 87 2 0 0 0 0 0 14 4 0 0 45 0 59 0 0 0 0 0 0 63 0 0 0 0 85 59 0 0 0 0 45 0 0 0 81 0 0 0 0 0 0 92 0 0 58 0 0 0 0 0 0 0 0 0 42 8 94 0
0 0 3 92 0 0 94 0 0 0 0 0 0 0 0 0 0 0 0 86 0 0 0 0 0 0 0 0 0 0 0 0 55 70 0 0 0 15 0 0 0 0 0 76 0 0 0 0 0 44 0 0 12 0 0 0 53 0 5 0 0 0 0 40 0 0 59 0 0 0 37 62 0 0 0 0 0 0 1 0 0 0 43 0 0 0 0 17 0 0 10 0 22 72 0 0 0 0 77 0
0 0 0 12 70 0 62 0 0 0 0 0 0 27 0 0 0 0 0 0 39 0 78 0 0 95 0 0 0 0 0 6 21 0 0 0 79 0 0 94 0 42 0 0 0 0 0 67 0 30 76 99 0 0 4 0 0 0 0 0 0 0 0 0 19 0 67 0 0 0 29 0 0 0 0 0 49 1 100 78 19 0 0 0 0 0 0 35 0 0 0 0 27 0 0 18 0 0 90 36
0 0 0 0 0 0 0 0 65 0 0 0 0 23 0 37 0 0 80 0 0 0 0 0 0 72 0 0 31 0 63 0 0 0 0 60 0 35 0 90 0 0 48 73 0 37 0 0 0 0 89 0 51 0 50 0 0 0 59 0 0 0 0 0 0 0 0 0 0 0 0 0 0 0 0 1 0 0 0 49 37 0 0 0 0 96 0 0 0 74 0 0 0 0 0 0 0 64 0 0
0 0 0 0 0 0 0 0 46 0 0 48 0 8 0 0 2 0 0 0 0 0 0 31 0 81 0 10 0 0 0 0 0 0 0 0 1 0 0 0 0 0 0 0 0 0 0 98 53 0 0 0 0 0 0 0 57 56 0 40 0 64 0 0 0 0 0 0 0 0 0 0 0 36 0 0 0 0 0 80 0 0 0 0 0 0 0 0 0 32 0 0 0 0 78 0 0 83 0 0
0 0 16 0 0 0 0 0 0 0 0 0 0 88 92 40 0 0 0 26 0 0 83 0 78 0 72 0 0 0 0 0 84 60 0 28 0 0 0 1 0 0 0 49 0 0 8 0 8 0 0 0 0 0 0 31 0 0 0 15 16 1 99 43 90 74 0 0 0 0 0 0 0 0 0 0 81 0 41 0 0 0 0 0 0 0 33 0 0 0 0 91 0 21 0 11 0 0 0 0
59 0 59 0 0 0 0 0 0 0 21 0 0 0 0 74 0 24 0 0 0 15 0 40 0 0 83 52 0 0 0 0 0 0 0 0 0 0 0 91 0 0 0 0 0 0 0 0 0 0 97 47 55 0 45 25 82 0 35 0 0 17 64 0 0 0 0 0 0 0 0 42 48 34 0 0 7 0 0 0 34 0 37 0 60 0 33 0 47 0 54 0 0 0 0 0 0 52 0 51
78 0 61 0 0 0 0 55 0 0 0 0 0 68 75 0 0 0 0 0 0 0 0 0 0 0 0 0 90 0 87 0 0 0 0 0 9 0 0 0 0 0 0 0 0 90 0 0 61 0 0 85 0 0 26 0 90 0 0 0 43 54 0 0 0 0 27 0 0 54 0 0 0 0 0 0 0 0 0 0 0 8 0 0 0 0 0 0 0 0 0 82 0 0 3 0 0 0 0 0
0 0 6 21 0 0 37 0 0 0 0 17 0 0 0 0 0 0 0 45 0 0 0 0 0 0 22 67 0 0 0 25 0 0 0 0 0 0 0 0 79 30 0 27 0 100 0 88 43 0 0 57 0 0 55 0 0 21 0 37 0 0 0 0 0 0 0 0 0 0 0 8 0 0 0 37 0 0 0 0 0 78 0 0 16 55 0 0 0 0 0 25 60 0 0 0 0 0 95 0
61 0 0 0 82 0 0 0 0 0 0 0 0 0 39 0 31 0 0 0 61 50 0 0 0 53 86 0 0 24 0 0 0 0 0 0 0 38 0 6 0 0 0 0 0 0 0 0 9 43 0 0 18 0 0 0 0 28 91 0 0 44 0 0 0 0 77 0 0 0 0 0 0 70 0 0 0 97 0 0 0 0 0 23 0 48 0 0 0 0 0 98 0 29 0 0 0 0 36 0
28 78 0 0 0 0 0 16 0 0 0 18 0 0 2 23 0 52 0 41 0 0 0 18 0 0 0 0 0 0 0 41 0 30 0 0 0 0 0 45 0 0 0 0 0 0 0 81 2 0 0 0 0 0 0 0 12 0 0 0 73 0 77 0 93 0 0 0 0 0 0 0 35 2 0 32 0 0 0 0 0 0 0 0 0 49 49 0 0 43 0 0 0 0 0 0 23 0 60 0
0 0 71 97 0 0 96 0 52 0 0 0 2 0 0 0 41 0 0 0 0 0 81 14 0 0 0 0 0 25 0 0 0 0 0 0 0 0 0 0 0 0 0 0 0 0 24 0 0 49 0 0 0 0 0 22 0 0 0 0 0 0 0 0 0 50 0 0 0 0 0 39 39 0 0 0 0 0 20 71 89 2 0 0 0 0 0 84 0 78 0 53 0 78 0 0 0 79 0 0
0 86 0 0 0 0 0 0 0 27 0 0 0 0 0 98 0 0 0 0 0 44 56 0 0 0 0 0 0 6 10 0 0 0 0 0 0 0 0 100 0 0 0 0 0 0 0 0 10 0 0 0 84 0 59 28 96 0 0 0 0 0 0 0 0 0 0 11 0 0 100 0 0 0 62 0 0 18 0 48 55 0 77 0 57 0 0 0 81 0 0 22 0 0 0 14 0 0 0 0
0 88 0 80 0 0 0 0 0 0 0 28 0 0 0 0 0 29 0 0 10 0 0 0 0 0 0 8 0 0 0 0 51 0 0 0 0 0 0 0 12 0 0 9 0 0 0 0 0 0 58 0 0 0 0 68 0 37 16 0 0 0 0 0 10 0 0 85 0 0 0 0 0 0 0 0 0 0 0 36 0 0 69 0 64 0 0 0 0 0 95 0 0 0 0 0 0 81 0 0
0 0 0 0 0 0 0 0 0 0 0 0 0 0 0 0 0 45 0 42 26 9 0 0 0 0 0 0 10 0 5 34 0 0 0 53 100 0 0 48 0 0 0 0 0 0 0 0 0 0 0 0 0 0 0 0 0 0 75 0 0 0 0 60 0 0 15 0 0 0 0 0 0 0 0 0 0 0 69 77 0 0 71 0 0 0 0 0 94 0 0 0 0 0 0 0 60 0 0 0
0 44 44 0 0 15 0 0 0 0 0 0 78 0 0 10 0 0 0 72 20 0 0 0 0 0 86 0 0 0 69 0 0 44 0 42 87 0 0 68 98 0 8 0 0 61 0 0 0 0 0 0 0 56 74 0 32 0 0 0 0 0 64 36 0 0 0 0 78 0 13 0 65 0 88 47 99 50 0 21 0 0 0 0 31 0 0 0 20 0 0 0 0 0 0 0 38 16 0 79
60 92 0 0 0 0 72 0 53 0 0 0 99 0 0 0 0 17 0 0 0 63 0 0 0 0 0 98 40 0 0 0 0 0 82 0 0 0 21 68 0 0 0 31 67 0 0 0 10 0 0 0 0 0 0 0 0 57 0 0 0 0 0 0 0 0 0 74 0 0 0 0 16 67 0 0 62 0 0 0 0 0 17 0 0 58 9 0 0 0 22 0 0 0 0 0 25 0 0 11
0 0 0 0 0 0 0 0 0 0 1 0 0 0 75 0 0 93 0 0 0 0 42 69 0 0 0 0 0 0 0 0 0 0 0 0 35 0 60 0 0 31 0 0 59 0 0 89 0 0 0 15 0 0 9 0 0 0 0 0 0 62 0 0 0 0 86 65 0 0 0 0 0 0 0 0 0 0 0 0 0 29 0 0 0 0 75 0 0 0 0 0 39 36 0 0 0 0 25 0
96 0 0 0 0 0 0 0 0 0 0 0 0 72 79 0 0 0 0 0 0 0 0 85 96 90 0 0 0 0 0 81 99 16 29 95 0 82 0 19 0 0 0 0 0 0 0 49 0 82 28 0 0 0 0 0 0 0 0 0 20 0 0 0 0 0 0 0 0 60 0 0 0 0 0 0 0 0 0 0 0 0 48 0 96 81 0 0 19 0 0 0 0 0 0 0 0 0 0 0
0 0 98 0 0 0 0 21 0 0 53 0 28 0 0 0 0 0 0 14 0 0 0 52 67 28 37 30 0 58 0 0 0 0 0 0 0 0 0 0 0 0 0 0 0 0 27 0 0 50 0 0 0 64 0 0 0 0 0 0 0 0 0 0 0 0 0 0 48 81 0 0 0 0 26 0 0 0 75 0 4 88 0 0 0 0 0 0 0 0 0 0 29 19 0 0 32 0 0 0
89 0 64 0 0 0 83 0 0 0 0 0 0 0 0 0 0 27 1 0 0 0 81 0 0 28 66 0 0 0 7 0 0 81 53 0 0 0 0 0 99 0 15 16 0 0 0 0 27 0 0 61 1 0 0 0 61 96 36 0 0 17 0 31 46 0 0 0 0 25 20 15 0 0 0 4 0 94 55 0 60 0 0 82 0 0 0 0 88 0 0 4 0 0 0 0 0 0 0 22
0 0 0 0 0 0 0 0 0 0 0 0 0 0 0 0 0 0 0 0 74 0 0 0 73 0 0 0 0 0 0 0 55 0 1 0 30 0 0 0 42 0 0 0 0 0 0 0 0 0 0 0 0 60 0 95 0 0 62 0 0 33 0 0 35 71 75 36 0 34 0 0 0 0 16 73 0 1 99 0 83 95 0 84 0 0 0 0 0 0 0 71 0 0 89 0 0 0 94 0
22 0 0 0 0 0 0 0 0 45 0 0 0 0 0 0 0 0 0 68 0 81 0 0 0 55 0 82 0 0 0 0 0 0 0 62 71 0 0 54 0 0 0 0 0 0 0 78 0 0 0 0 86 0 0 0 41 81 0 0 0 24 0 0 0 95 85 88 72 0 0 0 0 0 14 0 0 41 0 0 0 24 0 0 21 0 0 0 6 3 0 0 66 60 58 0 0 0 0 0
0 0 0 25 0 0 0 0 62 0 0 0 0 0 53 0 0 0 0 0 32 0 0 86 0 0 0 0 0 86 53 0 0 0 0 0 54 0 0 10 0 0 2 0 0 0 0 0 57 0 0 39 0 0 0 0 0 0 0 0 0 91 0 0 0 0 0 0 0 0 0 0 50 0 84 0 0 0 21 0 0 0 39 0 0 42 0 0 0 0 84 0 73 0 100 28 0 0 60 0
0 0 0 5 0 19 0 0 34 72 0 26 0 0 0 79 0 0 0 0 0 0 0 0 0 77 0 0 0 67 50 64 0 0 0 0 27 0 0 0 6 0 0 0 0 0 0 0 73 0 0 0 0 82 0 72 0 71 0 87 0 0 0 0 0 0 20 10 0 85 0 0 0 21 0 0 0 64 0 0 0 75 12 74 0 62 0 0 0 0 0 0 25 0 0 0 0 0 0 44
0 0 0 0 0 0 0 0 0 0 0 6 0 45 30 0 67 82 0 12 0 0 32 0 0 0 0 0 0 0 0 7 0 0 58 0 70 16 0 0 80 0 0 0 0 0 63 16 0 0 0 0 0 0 0 0 0 42 81 78 0 0 37 0 8 48 83 0 0 0 0 0 0 0 0 0 6 0 0 12 0 86 0 38 0 0 9 0 0 0 0 0 0 0 0 0 0 97 62 0
72 0 0 0 0 0 0 0 0 52 0 0 72 0 0 0 0 0 61 0 0 0 0 0 0 73 0 0 0 63 12 47 0 29 0 0 0 42 97 0 85 96 0 53 14 0 6 0 0 0 0 0 0 0 0 0 26 0 0 0 0 0 80 0 33 16 0 0 0 0 0 0 76 41 0 0 0 0 0 0 0 22 29 64 0 0 70 84 0 0 0 92 24 0 0 7 0 90 25 0
0 93 75 0 56 0 0 0 0 0 0 0 7 0 76 0 0 0 0 0 92 0 0 0 0 47 0 0 0 0 0 51 0 0 5 0 0 0 0 0 0 0 0 0 7 0 4 0 72 0 0 0 0 0 0 0 0 0 0 0 0 0 49 0 31 0 7 0 0 0 72 0 0 0 50 0 5 34 0 0 0 0 0 0 47 0 0 0 81 13 0 0 0 0 80 0 0 0 0 0
47 0 0 0 0 0 0 0 0 0 0 0 0 0 0 0 0 7 0 0 0 0 0 28 0 0 0 65 0 0 22 0 7 0 16 0 4 0 0 0 0 14 40 2 0 0 76 0 77 0 0 48 0 65 0 0 0 5 60 0 0 0 0 0 0 12 1 0 0 0 0 0 0 18 0 0 0 0 0 0 0 0 58 0 0 0 52 81 0 0 33 86 0 0 45 0 79 41 0 0
17 22 0 93 0 94 0 0 87 9 88 0 0 0 0 55 14 97 0 13 0 0 14 44 0 0 0 0 0 0 0 3 82 0 45 0 100 38 0 0 16 0 0 48 0 0 69 27 40 76 0 0 63 35 60 0 77 0 84 0 0 0 0 0 0 0 0 0 24 10 68 16 0 90 0 0 0 0 0 0 0 0 46 0 0 53 0 80 18 0 0 0 77 0 0 50 0 0 0 0
0 71 0 17 0 58 0 0 0 0 0 55 0 0 82 0 0 0 0 0 0 32 44 0 0 0 0 0 0 13 0 0 0 0 0 70 75 0 95 97 0 0 0 90 0 0 0 77 0 81 0 0 22 86 6 0 0 0 0 37 0 0 0 0 0 45 0 0 0 0 0 13 51 0 71 0 0 0 0 59 0 14 8 0 87 0 0 52 0 0 0 87 0 4 0 59 0 85 0 0
0 0 0 0 46 0 87 0 0 0 0 0 0 41 0 63 91 0 0 0 77 0 0 0 0 95 0 0 35 0 0 0 0 0 0 6 0 27 0 0 0 0 0 0 0 0 2 0 38 0 0 13 0 0 0 0 0 0 0 0 0 0 50 81 0 0 0 0 10 32 0 0 0 0 0 33 0 0 0 85 97 70 0 0 0 0 0 0 0 0 58 0 30 15 0 2 53 0 0 0
0 13 0 0 0 0 0 0 0 0 0 0 0 0 0 0 0 0 0 0 0 0 0 0 0 90 0 0 61 0 83 0 0 0 0 0 96 0 10 0 0 0 0 0 0 0 0 0 31 0 0 0 0 2 0 0 60 52 0 48 75 0 0 0 0 0 0 61 0 73 18 0 72 0 0 0 61 0 97 0 22 0 37 40 93 0 0 2 0 74 24 0 1 20 0 0 0 0 94 0
0 76 80 86 0 0 0 0 0 0 16 0 0 0 0 0 72 0 0 0 0 0 0 96 0 0 0 21 0 0 0 0 59 0 0 0 0 26 0 0 0 42 0 82 0 64 0 0 0 17 0 0 0 0 0 0 0 0 0 0 0 0 0 74 0 54 0 0 70 81 0 79 0 58 0 0 0 0 39 0 0 17 0 0 0 0 0 0 0 0 0 0 0 0 0 0 47 53 0 0
59 0 0 0 0 0 0 64 75 0 0 91 0 61 0 11 0 0 0 0 0 15 0 71 0 0 94 25 0 20 0 0 0 75 0 0 0 0 25 0 0 0 0 0 0 0 0 0 0 0 0 59 98 0 30 0 0 0 0 0 0 47 63 0 0 0 75 0 0 0 0 0 0 0 0 0 0 0 0 1 0 82 0 29 0 11 46 24 0 0 0 52 0 73 0 0 0 0 0 0
0 0 0 0 0 14 0 75 0 0 0 33 0 0 0 0 0 0 0 0 0 0 0 0 0 0 0 0 0 0 0 0 0 0 0 0 0 52 0 0 0 78 85 0 1 0 36 0 0 0 0 65 92 0 0 100 0 0 0 0 36 0 0 87 0 11 0 0 55 0 0 0 0 63 0 91 0 0 0 0 0 0 77 82 0 25 0 0 0 0 0 0 0 65 0 0 59 0 0 0
0 0 0 0 37 39 0 10 1 12 0 0 0 80 0 24 0 0 0 0 0 0 98 0 0 0 99 0 0 30 0 9 0 0 0 0 0 0 0 0 0 95 0 86 69 0 0 0 0 0 0 0 0 92 0 0 0 0 0 0 0 0 0 25 0 67 0 0 0 0 25 20 0 0 0 81 0 0 0 0 0 0 0 0 0 22 27 0 0 0 0 8 0 0 0 0 0 0 0 53
0 0 0 0 0 0 55 0 0 0 0 51 0 57 19 0 0 0 0 0 0 0 0 0 86 0 0 40 0 0 0 0 0 0 0 0 0 0 0 0 45 66 0 0 0 0 0 0 0 0 0 0 0 13 35 0 42 0 0 1 0 0 0 0 0 0 0 0 0 0 0 0 0 55 29 78 0 0 0 0 0 0 0 69 0 0 0 0 0 20 0 0 0 0 0 25 0 0 17 87
0 55 0 0 97 0 0 0 80 0 29 22 4 0 72 0 0 0 43 80 0 0 85 0 0 0 15 0 37 0 0 0 0 0 0 15 0 96 43 28 45 40 0 98 0 0 0 58 0 86 0 0 0 0 0 0 0 0 0 0 0 0 0 0 0 0 0 0 0 0 30 0 11 0 0 0 37 0 0 16 0 0 0 23 0 0 0 0 8 0 0 0 61 0 0 0 0 0 0 0
0 0 0 0 48 0 0 0 0 0 0 0 0 30 0 28 0 36 0 0 28 0 0 96 0 0 0 0 0 0 0 0 0 0 0 0 0 25 0 0 0 0 0 0 0 59 0 0 0 0 0 0 0 0 0 0 0 0 86 30 70 0 0 0 79 0 0 68 0 50 15 0 0 0 0 0 0 29 0 0 84 38 0 0 0 0 3 0 0 0 0 77 0 0 0 28 92 0 0 0
0 0 0 0 0 43 0 0 0 0 0 0 0 25 0 0 76 0 90 0 0 0 0 0 0 40 0 84 77 0 0 83 0 64 0 0 5 0 0 0 0 0 0 61 70 0 0 0 0 0 0 0 0 0 16 27 0 0 0 0 89 0 81 67 0 0 0 0 64 0 46 0 0 0 21 0 15 0 75 49 88 14 0 8 45 100 0 79 27 0 0 22 0 42 0 0 0 0 0 6
0 0 0 0 0 0 0 0 84 0 0 0 0 0 95 0 0 31 0 0 0 0 0 0 0 0 0 0 0 0 0 0 7 0 0 0 58 18 0 0 84 37 0 0 0 53 0 74 6 0 0 34 0 99 0 30 0 0 0 0 0 0 0 0 0 0 0 0 0 0 0 25 0 0 23 0 0 7 0 0 0 8 43 47 0 0 0 0 0 0 0 0 21 0 99 0 0 0 63 0
0 0 0 0 0 0 92 0 89 37 0 0 0 0 0 0 0 72 0 0 0 0 0 6 62 0 25 0 0 0 0 0 6 0 0 24 0 0 0 0 0 0 0 0 0 0 0 0 78 0 0 73 0 0 9 0 84 0 0 0 46 61 0 0 0 76 3 0 0 58 0 0 0 0 0 0 81 0 0 0 21 0 0 0 0 53 0 0 0 0 0 0 0 0 0 0 0 0 0 0
0 0 0 0 0 40 0 0 78 41 0 53 5 0 0 0 0 0 0 0 83 11 0 0 0 0 0 0 0 33 0 0 0 0 0 0 54 0 59 0 0 39 0 16 0 0 0 0 0 0 0 0 0 0 0 0 0 0 0 0 64 0 56 0 0 39 0 0 0 0 0 97 0 0 0 0 0 0 0 0 0 93 0 0 0 22 0 0 0 16 0 56 0 0 0 0 15 43 0 0
0 22 0 25 0 46 0 21 0 0 0 3 0 0 0 0 0 76 61 0 0 0 0 0 0 94 92 89 15 0 0 0 0 0 0 0 0 0 0 0 0 0 0 29 0 0 0 35 0 0 13 0 18 0 87 0 0 4 2 41 0 0 0 76 0 0 0 0 0 0 0 0 0 0 0 0 0 0 0 0 0 82 0 0 0 0 0 0 0 0 0 23 0 0 30 92 43 0 0 0
0 0 0 0 0 0 0 0 0 0 0 0 0 56 98 0 63 0 0 0 0 0 0 0 0 0 57 0 0 83 38 0 13 20 35 37 0 0 0 0 0 0 0 3 0 66 50 0 0 0 0 87 0 0 0 32 0 29 0 0 72 0 0 0 0 0 74 0 4 12 10 0 0 64 0 0 0 0 0 0 0 0 0 0 25 0 0 0 0 0 84 46 0 0 0 0 0 40 0 0
32 0 0 68 0 0 0 0 0 47 83 0 0 0 0 0 57 0 0 0 0 49 0 34 0 0 0 0 0 0 0 0 0 0 0 0 32 0 0 0 85 27 91 0 0 0 0 0 0 0 0 0 0 0 0 87 0 64 0 0 0 0 0 0 60 0 0 0 0 0 0 0 0 20 0 0 0 25 0 0 0 0 0 0 17 0 31 28 0 74 39 0 0 0 0 0 0 29 0 0
0 0 0 0 0 86 0 0 0 0 0 0 0 0 48 0 95 0 13 0 0 0 44 3 87 0 78 0 36 0 0 0 16 0 34 95 0 0 0 65 52 52 0 0 0 0 0 58 0 0 6 0 0 53 0 0 0 0 85 0 0 0 65 0 48 0 0 0 0 0 0 8 0 0 0 0 0 0 0 0 0 0 0 0 0 0 19 0 0 0 70 20 0 0 95 12 0 0 0 0
0 0 0 0 0 0 0 0 0 55 0 0 71 0 0 0 0 0 0 0 0 0 0 0 0 0 0 0 0 0 55 89 0 0 0 0 0 0 0 39 80 0 87 0 0 35 47 0 0 11 21 81 0 63 0 0 0 0 0 0 0 19 48 0 34 23 0 0 0 0 0 0 39 79 0 68 21 0 28 0 0 0 0 23 0 0 0 0 0 0 73 0 0 0 0 0 0 0 0 0
0 0 0 0 0 0 0 83 0 0 0 50 0 0 47 72 0 0 0 0 0 0 0 0 0 0 0 86 0 9 0 0 0 0 0 0 0 0 0 0 0 0 0 14 0 0 0 0 0 0 0 0 0 0 17 0 70 0 0 0 99 0 22 0 21 0 0 0 0 94 0 0 0 82 0 0 0 0 0 0 0 0 0 0 0 0 30 0 91 0 0 49 0 0 0 0 0 6 7 0
12 0 0 0 0 33 0 0 0 0 29 0 56 0 0 36 0 0 0 0 0 0 0 0 0 97 0 0 39 0 56 84 0 0 10 95 0 0 0 0 0 0 0 0 0 0 0 0 0 28 0 0 0 0 0 0 7 22 0 84 0 0 0 40 24 0 26 66 0 0 0 0 0 0 0 0 0 0 0 44 0 0 4 0 0 0 0 0 0 0 0 0 0 0 0 0 0 0 64 2
0 0 0 0 0 51 0 0 73 0 0 76 0 0 69 0 0 0 89 0 0 0 0 0 54 0 64 75 98 0 0 0 36 0 0 37 0 0 0 0 0 0 0 0 0 0 0 0 0 61 0 0 0 0 23 0 0 0 0 0 50 20 0 0 89 0 0 0 0 0 0 41 0 0 0 0 0 0 0 86 0 0 0 0 0 0 0 0 0 0 0 0 0 0 0 55 0 0 0 27
0 0 0 54 0 0 41 0 0 0 0 0 49 90 0 0 0 0 27 0 81 39 0 0 0 58 49 0 0 79 0 0 0 0 0 76 0 30 0 0 0 0 77 11 0 6 0 0 0 0 0 19 0 0 0 0 0 0 0 0 0 0 72 0 0 0 0 0 0 0 83 0 0 24 0 0 0 0 0 17 0 0 0 0 0 0 0 0 64 0 0 0 0 0 16 0 0 0 0 0
0 0 0 0 0 0 0 0 0 0 0 0 0 0 0 0 0 0 0 0 0 0 0 44 0 0 0 20 0 0 0 39 71 0 0 0 0 0 0 13 0 2 68 0 0 0 0 88 0 0 0 0 0 0 0 0 0 0 0 0 0 0 0 0 0 95 4 0 36 0 0 100 0 3 0 0 19 0 0 0 0 0 0 0 0 0 0 18 0 0 0 0 0 0 0 0 96 35 0 85
0 0 57 0 45 0 0 0 0 0 0 0 0 0 0 0 0 0 0 0 0 45 0 32 0 0 0 0 0 0 33 84 0 0 0 0 96 59 0 82 0 0 42 92 0 0 0 0 16 0 18 0 0 0 0 85 0 0 86 0 0 0 85 79 0 0 0 0 77 0 0 0 0 0 85 0 0 0 55 0 0 0 0 0 0 0 0 0 29 0 0 0 12 0 0 7 15 12 0 0
0 0 0 0 65 0 0 0 0 47 0 0 0 96 96 0 13 74 0 65 100 18 0 94 0 0 0 0 0 75 66 0 74 0 67 0 0 0 0 0 0 0 83 0 0 53 0 0 0 84 0 0 52 0 0 0 0 0 0 91 0 59 0 54 0 0 0 0 0 0 0 0 0 0 0 65 0 95 0 10 53 0 0 0 0 30 0 76 0 0 0 0 0 0 0 61 80 0 0 0
0 0 89 0 26 83 0 0 0 47 0 0 0 0 0 0 0 0 0 0 0 0 0 0 61 52 0 40 0 31 0 0 0 81 39 0 0 0 0 0 0 0 0 0 0 0 0 0 18 28 23 0 0 0 26 0 16 0 0 0 67 0 0 0 0 66 84 0 21 0 0 0 0 0 0 0 36 7 0 0 0 34 0 0 85 0 0 0 0 0 0 0 0 0 0 0 0 0 0 25
0 0 0 0 0 0 0 0 47 19 72 61 0 29 0 0 0 0 34 0 0 0 0 0 0 0 0 0 0 0 78 29 0 0 0 0 85 0 14 0 0 0 0 0 0 0 0 0 0 0 0 0 0 0 0 1 0 0 0 0 0 0 0 40 0 0 0 0 25 0 0 0 0 62 0 0 0 0 51 40 0 0 51 0 0 0 0 0 0 0 0 0 0 84 0 96 0 0 0 97
0 0 30 5 0 0 0 0 0 0 17 0 0 0 0 0 64 0 82 0 0 0 0 36 0 28 0 0 84 41 38 0 42 26 0 51 0 0 0 44 29 0 80 0 0 0 0 87 0 0 53 63 92 0 9 0 0 0 0 0 0 0 0 0 73 0 91 0 0 0 16 0 8 0 27 0 0 0 66 0 7 34 0 0 0 0 0 43 0 0 38 0 0 0 0 0 0 0 0 0
86 0 0 0 33 0 0 0 17 0 0 86 0 23 0 0 50 0 0 0 0 61 0 23 0 0 0 0 90 0 0 0 1 0 92 0 0 0 0 0 50 0 44 0 0 99 0 40 99 0 0 0 0 0 94 80 0 0 0 0 0 28 0 0 0 0 0 0 0 0 0 0 0 0 0 0 0 0 0 65 0 0 0 0 0 0 0 14 22 0 21 0 0 0 0 0 0 0 0 0
0 0 0 0 0 0 0 0 0 61 0 0 94 0 5 92 96 0 63 0 0 0 0 90 0 0 0 0 0 76 0 14 0 82 0 0 0 0 0 0 0 0 0 0 91 0 0 0 96 0 0 0 0 77 0 44 81 16 0 0 0 0 7 72 0 19 0 0 0 0 0 0 14 0 0 0 60 0 1 0 0 64 0 92 56 0 0 0 0 59 0 0 57 0 0 0 0 0 0 0
0 0 0 0 0 0 10 0 86 0 0 49 0 28 0 0 0 0 0 0 96 0 68 0 0 0 0 59 75 0 0 0 0 26 0 0 0 0 66 24 0 0 75 0 0 0 0 0 0 0 0 0 0 0 0 0 0 8 0 6 0 84 70 0 0 0 0 0 0 0 0 0 0 0 0 0 0 15 0 0 0 0 0 6 0 0 0 0 0 0 65 0 0 0 0 0 0 0 0 0
0 0 0 0 0 0 0 0 77 55 0 0 0 0 0 0 0 0 0 0 0 0 0 0 0 0 0 0 0 0 23 0 0 0 0 0 0 0 0 4 0 0 0 0 0 0 0 0 0 0 0 0 0 0 0 30 0 0 0 0 0 0 0 0 0 18 0 0 0 0 0 0 13 0 0 0 0 51 0 15 0 0 0 0 18 45 0 0 0 0 0 100 10 0 0 0 54 2 0 0
0 80 43 0 61 18 30 0 7 14 14 0 0 0 0 0 40 0 35 0 0 54 0 0 0 0 5 0 0 0 85 55 0 0 0 43 15 0 0 0 0 0 0 0 41 19 0 0 0 0 0 0 0 29 0 61 0 0 0 0 0 71 31 0 14 0 0 0 0 27 0 0 0 0 0 0 0 0 0 0 0 0 42 0 0 40 0 0 35 0 94 15 0 0 97 0 0 0 0 0
14 31 0 16 38 0 92 0 0 0 48 0 0 89 0 0 0 0 0 0 0 0 0 0 0 15 0 29 0 0 0 0 0 0 48 0 0 0 0 0 0 65 0 0 0 0 0 0 9 0 0 0 0 0 0 0 0 40 98 0 0 28 0 0 0 84 0 0 0 0 0 0 0 0 0 0 0 0 18 0 0 43 75 0 0 0 0 0 0 0 0 0 0 0 0 0 0 0 38 0
0 0 0 0 0 45 48 0 0 0 0 0 0 0 10 0 0 0 0 0 31 0 0 0 0 0 0 0 0 34 61 0 39 0 44 0 0 0 0 0 0 77 0 0 0 52 0 39 0 0 0 0 37 0 0 0 0 31 0 0 100 0 87 0 0 0 0 96 62 36 50 0 0 0 0 0 0 0 78 59 0 89 0 0 0 0 56 0 65 0 0 0 0 0 96 53 0 0 0 0
15 0 0 0 0 0 0 61 66 33 33 0 0 91 0 0 0 0 0 0 0 52 0 92 0 25 0 0 0 90 0 0 0 0 0 0 0 0 73 0 0 0 17 0 0 0 0 0 58 88 57 0 89 0 0 0 0 22 0 13 92 0 0 0 65 0 0 0 0 0 0 0 0 0 0 0 18 0 24 5 0 44 0 0 17 0 30 4 5 0 0 0 0 0 0 88 0 0 0 11
39 23 0 0 0 0 84 0 0 22 0 0 56 0 0 0 0 0 0 0 0 0 0 51 0 0 60 0 86 0 0 0 0 0 0 0 0 0 0 0 0 0 61 0 0 0 0 85 0 0 0 0 69 17 0 0 0 0 0 0 0 0 0 0 0 55 0 0 0 0 0 40 43 11 35 68 21 0 42 0 0 48 0 0 2 0 0 0 0 0 0 0 0 0 19 0 0 83 0 0
0 0 0 35 0 89 0 0 0 0 0 0 0 15 0 0 32 0 0 0 0 0 0 0 0 0 0 0 5 0 0 0 0 0 0 59 55 0 0 0 56 34 0 0 0 59 0 0 0 65 0 0 25 0 48 0 0 0 0 0 0 0 0 0 96 0 0 45 0 0 26 0 0 87 0 0 0 0 0 17 0 0 79 0 0 16 0 0 10 0 0 0 0 0 0 0 0 0 6 0
85 0 0 0 0 0 0 0 0 0 100 0 0 0 1 0 63 27 0 60 68 0 92 0 0 48 68 0 0 0 28 0 0 0 0 71 3 0 0 0 0 0 73 0 0 0 0 74 6 0 0 0 0 0 0 0 72 0 4 63 0 0 0 0 0 0 0 0 0 0 0 0 24 0 6 91 0 28 0 0 0 45 0 0 0 0 0 78 94 0 0 9 0 0 0 0 0 0 0 18
0 0 8 0 0 93 18 0 13 0 0 0 0 92 0 0 62 33 70 19 0 0 0 0 0 0 0 0 0 0 0 0 0 56 0 71 0 0 0 75 0 0 0 0 0 48 20 0 17 0 0 8 0 0 0 0 17 0 0 23 0 0 0 0 0 0 0 0 20 0 0 89 0 0 98 0 51 0 0 0 0 0 0 0 0 0 0 44 0 0 0 0 0 0 77 69 0 39 0 0
0 0 0 53 0 0 0 31 0 0 0 0 59 10 63 15 40 0 0 0 0 0 0 42 0 0 0 0 98 0 0 0 0 28 0 0 10 0 0 0 0 0 0 0 0 92 0 59 0 35 0 0 0 0 96 3 0 0 0 0 0 0 0 0 0 0 0 52 0 0 0 0 0 0 0 64 0 0 0 0 0 0 0 26 0 0 0 0 48 0 0 0 13 0 75 0 0 0 0 0
0 0 0 0 0 0 0 0 0 0 0 0 0 0 0 0 0 35 57 0 0 0 0 0 0 0 0 0 0 0 0 40 50 0 0 0 40 0 0 0 0 0 0 1 0 82 0 0 0 0 0 0 0 76 0 0 0 0 0 0 0 37 17 0 25 0 37 0 100 0 0 0 0 0 0 0 0 0 0 24 50 0 64 56 0 0 0 0 0 0 0 0 52 0 0 0 0 0 0 41
22 0 0 0 0 0 69 56 0 71 0 60 43 73 0 0 0 0 0 0 0 0 0 98 0 0 0 0 0 0 86 0 0 0 0 0 0 0 0 45 0 54 0 0 0 0 0 0 25 0 0 0 0 12 0 0 0 0 41 0 0 0 0 54 0 0 0 32 100 63 0 24 0 0 17 70 0 27 0 48 0 0 0 0 0 0 0 0 0 0 12 0 0 0 25 0 0 0 0 0
0 0 24 0 0 12 0 0 0 0 0 43 79 0 55 0 0 0 34 0 0 58 0 34 28 0 0 0 40 0 0 45 0 0 25 42 0 0 8 0 55 0 46 0 0 0 0 77 0 0 0 0 0 0 0 22 0 63 0 0 26 0 0 0 0 0 0 0 79 0 0 0 82 0 22 56 0 0 0 0 0 0 0 0 0 0 0 0 0 0 80 0 0 0 0 0 7 3 0 0
0 0 0 0 0 0 24 0 0 0 8 0 0 0 0 0 61 0 0 0 0 0 0 0 0 0 0 0 0 0 0 53 0 63 0 0 0 0 0 0 0 0 0 77 53 0 13 45 79 0 79 51 0 0 81 0 0 0 0 0 5 70 57 0 0 0 0 0 0 29 0 27 0 93 95 9 6 0 0 0 0 0 0 0 0 82 0 90 0 0 0 0 0 73 0 0 0 85 0 0
0 24 0 0 0 0 48 0 0 0 100 0 0 0 0 0 0 0 0 0 0 22 0 0 0 0 0 0 71 55 0 0 0 0 0 75 64 6 0 43 0 0 73 0 34 0 0 0 0 70 37 0 2 0 14 0 97 0 0 0 30 0 88 0 0 0 0 0 0 55 25 0 0 0 0 0 0 0 0 0 0 0 0 0 0 0 0 76 31 0 0 0 0 0 54 0 75 0 0 0
0 0 0 0 0 0 0 0 0 0 14 12 0 0 0 0 0 0 0 0 0 0 0 17 0 47 0 0 0 0 82 80 0 0 0 0 0 0 0 0 0 88 0 69 0 0 0 0 0 64 0 71 0 0 0 0 0 0 0 4 0 0 0 0 0 0 0 0 0 0 0 0 0 0 0 0 0 79 0 0 92 0 0 0 0 0 0 0 0 1 0 0 0 48 38 45 0 71 0 0
0 0 0 0 0 0 69 0 95 0 0 0 0 94 0 0 0 0 0 0 80 0 0 93 0 50 0 0 22 0 0 0 0 0 0 100 0 44 0 0 0 48 0 0 0 0 31 0 0 0 86 53 9 0 0 45 0 0 0 0 0 0 0 49 0 0 0 0 0 0 0 0 45 0 0 0 0 0 0 81 0 0 0 96 0 0 0 0 0 0 0 0 40 74 0 0 0 9 15 0
0 0 62 0 0 0 0 0 0 0 0 0 11 93 0 0 0 0 0 0 0 0 75 85 81 17 34 65 51 0 0 95 17 0 0 0 0 0 0 92 60 0 0 0 84 0 0 0 0 12 0 0 84 0 0 78 0 0 0 24 0 23 0 0 0 0 0 70 0 0 2 60 0 0 0 11 0 86 0 0 0 0 51 0 53 0 0 0 0 98 0 6 26 0 54 0 0 0 0 48
0 92 0 39 0 0 0 0 0 0 0 0 45 0 0 0 0 0 0 0 0 0 3 0 0 0 0 0 0 0 0 0 0 0 92 0 0 0 0 0 0 0 0 0 0 0 0 0 0 82 0 0 40 66 0 0 0 3 0 0 0 0 86 100 0 0 0 0 0 80 0 0 0 0 35 43 0 0 0 0 0 0 90 0 0 0 92 0 0 0 0 29 0 63 0 0 91 0 0 0
0 0 0 0 0 1 0 0 0 0 0 0 0 0 85 0 0 0 96 0 0 0 57 0 0 0 0 0 0 0 0 78 93 0 36 18 12 0 0 0 34 66 0 0 0 27 0 0 0 0 0 0 0 0 0 9 71 0 95 0 0 0 36 0 0 59 0 23 17 0 0 0 6 0 0 51 0 0 0 0 0 0 0 0 0 0 88 61 0 46 0 0 0 0 0 0 0 85 22 0
0 0 0 0 71 0 0 0 0 0 0 0 0 0 0 0 0 21 0 29 0 54 0 0 0 0 98 0 93 0 0 0 0 49 0 0 0 0 0 0 0 0 0 0 0 58 0 0 0 0 11 49 35 90 0 1 7 0 0 11 42 0 0 0 0 0 0 0 0 39 0 0 26 0 0 0 80 30 52 0 0 0 54 0 0 0 95 0 0 0 0 0 78 0 0 43 74 0 0 0
0 0 17 0 0 0 73 0 0 0 0 0 0 0 81 0 21 0 0 78 0 0 0 94 0 0 0 0 0 0 0 0 0 70 0 53 0 0 6 0 0 0 0 0 0 0 0 35 0 0 59 0 33 0 30 23 0 0 0 0 0 16 92 0 0 0 0 0 0 50 0 0 0 0 0 0 0 0 0 58 40 0 0 0 0 0 0 50 0 24 0 0 98 0 0 0 0 0 0 45
0 0 68 0 0 0 0 0 93 0 0 0 10 0 40 68 0 10 0 0 0 0 4 0 0 0 0 0 37 0 0 0 86 0 0 0 0 0 0 0 0 0 2 0 46 0 0 0 0 0 0 0 0 0 64 0 0 0 0 0 76 0 0 0 0 0 0 0 0 0 93 0 0 0 0 0 0 0 96 0 0 0 33 0 30 18 0 0 0 0 0 0 19 0 58 0 0 0 0 7
57 0 0 0 56 0 0 79 0 0 93 0 0 57 0 49 0 0 0 0 12 0 0 36 0 0 0 0 0 0 0 0 0 0 0 18 94 0 0 0 0 62 0 0 34 1 0 0 0 0 0 0 0 0 0 13 0 0 0 0 0 0 94 1 0 10 92 0 76 0 0 0 0 0 24 0 0 0 0 0 0 0 79 0 0 0 0 0 0 96 0 0 0 51 76 0 0 0 48 0
0 0 0 0 62 0 0 0 0 0 95 0 0 76 0 0 0 0 0 0 0 12 0 26 0 70 0 0 71 0 0 0 0 0 26 0 18 0 3 0 32 0 0 20 0 0 0 0 0 0 65 77 0 61 0 0 0 39 0 0 0 0 0 0 96 0 74 33 0 0 0 96 0 38 0 77 0 0 0 0 0 62 0 0 13 77 37 1 0 0 0 0 0 0 0 0 0 0 0 84
0 0 0 0 0 27 56 0 0 11 0 0 0 0 0 0 4 0 0 0 0 0 0 0 0 0 0 0 0 0 0 0 0 0 0 0 0 0 0 0 0 0 0 53 9 0 0 0 31 65 0 0 0 0 0 0 53 0 63 0 0 0 0 64 0 63 0 0 0 1 0 0 0 0 0 0 42 0 0 0 0 55 17 80 0 0 0 0 0 0 0 0 0 15 11 0 0 75 40 0
0 0 0 77 0 85 0 0 0 0 0 10 0 0 0 0 63 16 0 0 0 30 0 0 0 0 0 0 0 0 0 0 0 83 0 0 0 0 0 52 0 0 0 60 0 0 22 0 0 0 0 97 16 0 0 0 91 0 0 0 0 0 0 0 0 53 0 0 0 0 0 0 0 0 40 0 0 50 10 0 0 0 92 68 0 75 0 0 0 0 0 53 0 43 0 0 0 0 0 8
0 0 0 0 0 7 90 0 0 0 89 0 0 0 0 0 0 0 0 41 0 74 0 71 88 62 0 85 0 0 0 0 0 0 0 86 48 0 0 0 0 56 0 0 0 0 0 0 0 0 0 34 0 0 0 0 6 15 0 0 0 0 0 0 0 0 0 0 81 0 0 0 0 0 0 0 0 0 0 0 0 0 99 0 0 0 0 0 73 0 0 0 0 48 0 0 0 0 47 0
75 0 0 31 46 0 0 0 95 2 0 62 0 0 0 0 0 8 0 0 0 0 0 0 0 68 0 0 0 0 0 51 0 0 0 61 30 42 0 0 70 59 0 19 0 18 0 0 0 0 0 0 0 0 0 70 0 0 0 0 0 0 0 0 92 0 0 0 0 0 0 0 80 0 0 0 0 0 0 0 0 33 0 0 0 0 0 0 0 0 0 0 0 0 0 0 0 0 3 55
0 87 83 0 0 0 52 0 0 34 11 35 0 21 0 78 0 0 0 0 27 0 0 62 0 0 28 0 0 0 0 0 0 0 65 42 0 0 0 42 0 46 0 0 0 0 0 0 45 34 0 0 60 54 0 0 54 0 0 0 58 0 0 0 0 0 0 59 40 0 0 0 27 0 0 97 0 73 0 0 67 0 82 0 0 72 0 0 0 19 0 0 0 0 27 33 47 0 0 85
0 0 0 0 0 0 0 78 0 0 61 0 0 0 0 0 55 52 0 0 0 0 80 14 56 0 0 0 0 0 0 0 0 0 0 0 0 0 46 0 0 0 0 0 0 22 0 81 100 0 0 12 0 0 0 0 0 83 77 72 0 0 0 0 0 0 0 34 0 0 0 0 0 0 31 0 0 0 0 86 0 0 0 95 0 0 79 0 0 0 0 77 0 0 0 0 0 0 0 0
0 69 25 0 0 89 14 20 0 71 0 64 0 23 13 100 0 0 0 0 21 0 84 0 0 0 90 0 0 0 0 0 0 56 0 36 63 0 0 31 97 55 0 0 0 0 0 0 0 0 0 0 0 0 0 0 0 0 0 0 0 0 72 0 0 0 61 0 0 64 0 0 0 0 0 0 0 72 59 0 0 17 0 67 0 30 0 0 0 0 94 0 0 0 0 52 0 46 0 0
0 0 0 5 0 0 0 59 0 0 0 0 0 0 87 0 0 0 0 0 0 0 7 0 0 0 48 0 0 12 0 0 0 0 0 0 98 67 0 0 54 0 0 0 0 0 0 0 0 0 0 0 0 0 0 0 0 0 42 0 0 0 33 0 0 0 0 0 0 0 0 49 41 0 69 0 0 0 0 18 0 0 0 0 0 0 0 0 0 0 0 0 0 0 10 0 65 0 0 0
0 0 0 31 0 10 92 0 0 0 0 36 0 0 0 0 0 0 0 47 0 0 1 35 0 0 0 71 0 0 0 0 50 22 0 0 0 39 0 0 0 0 0 0 0 33 0 0 59 0 0 96 0 0 0 0 0 0 0 0 79 0 0 0 99 0 0 84 0 99 0 40 0 0 0 0 79 0 47 0 0 0 0 0 0 0 34 0 0 0 0 0 0 0 44 0 94 0 77 0
0 30 0 0 93 23 0 0 73 3 0 47 0 0 0 1 0 0 0 50 0 0 0 0 0 0 0 94 4 0 0 38 99 0 38 0 0 0 88 0 5 0 0 0 0 0 70 74 9 8 0 0 0 0 0 0 0 53 0 0 0 0 0 65 83 0 0 7 0 0 0 0 59 9 3 0 0 47 45 0 0 0 0 0 92 0 0 0 0 0 0 76 0 0 0 0 76 0 67 95
0 0 0 0 0 2 0 0 34 0 17 18 95 43 0 0 0 0 0 0 0 0 0 0 0 0 0 0 0 0 0 0 97 0 0 0 1 20 25 41 0 0 0 0 0 0 49 0 0 0 0 35 0 0 0 0 0 0 0 0 97 0 0 0 0 0 65 0 84 0 0 7 0 0 0 58 89 0 30 54 0 0 0 0 0 0 0 0 0 0 0 0 0 0 0 0 24 20 85 86
0 0 0 0 88 1 0 0 0 2 0 55 0 0 0 0 0 0 0 100 0 0 0 49 0 0 0 78 0 86 0 36 69 0 32 80 28 0 0 0 0 0 0 0 79 0 0 82 0 58 0 0 0 0 0 0 0 0 0 0 0 0 0 78 6 0 0 0 0 0 56 97 21 36 0 0 11 0 39 59 0 0 0 0 24 0 0 51 75 0 0 0 0 0 0 0 0 0 0 0
0 0 0 0 0 0 0 0 76 78 24 0 0 0 0 0 0 0 0 0 54 0 0 0 84 0 21 0 0 0 0 0 11 0 78 12 0 0 0 0 0 0 0 0 0 72 0 0 0 0 47 0 0 0 24 62 0 0 0 34 0 0 0 0 0 0 27 0 0 66 0 0 0 0 0 0 0 0 0 82 0 0 24 0 0 0 0 0 0 0 85 0 0 79 0 0 0 0 0 0
0 0 51 0 0 0 0 0 49 34 0 0 0 0 0 0 0 21 0 0 0 0 0 0 0 0 0 0 0 60 0 0 0 68 0 70 0 0 10 0 0 81 16 0 0 0 0 0 13 2 0 0 93 0 20 0 0 0 0 0 0 28 0 0 0 0 82 93 0 0 0 0 22 0 0 0 52 0 0 0 0 0 0 42 0 0 92 0 0 0 0 0 0 0 0 0 13 94 64 0
0 0 27 32 0 0 27 0 0 0 0 0 0 0 0 0 0 0 0 49 0 0 0 0 0 0 0 0 0 0 0 0 48 4 0 0 0 84 0 0 0 0 0 72 0 0 0 0 0 7 0 0 64 0 0 0 21 0 85 0 0 0 0 99 0 0 37 0 0 0 85 98 0 0 0 0 0 0 65 0 0 0 56 0 0 0 0 7 0 0 22 0 24 83 0 0 0 0 76 0
0 0 0 90 57 0 41 0 0 0 0 0 0 92 0 0 0 0 0 0 51 0 99 0 0 46 0 0 0 0 0 83 16 0 0 0 35 0 0 87 0 67 0 0 0 0 0 73 0 44 70 46 0 0 31 0 0 0 0 0 0 0 0 0 43 0 50 0 0 0 85 0 0 0 0 0 62 23 39 45 8 0 0 0 0 0 0 19 0 0 0 0 93 0 0 54 0 0 50 99
0 0 0 0 0 0 0 0 44 0 0 0 0 29 0 55 0 0 14 0 0 0 0 0 0 77 0 0 93 0 74 0 0 0 0 15 0 53 0 36 0 0 25 85 0 72 0 0 0 0 35 0 96 0 72 0 0 0 61 0 0 0 0 0 0 0 0 0 0 0 0 0 0 0 0 44 0 0 0 4 83 0 0 0 0 75 0 0 0 25 0 0 0 0 0 0 0 39 0 0
0 0 0 0 0 0 0 0 66 0 0 16 0 16 0 0 46 0 0 0 0 0 0 51 0 4 0 83 0 0 0 0 0 0 0 0 79 0 0 0 0 0 0 0 0 0 0 32 88 0 0 0 0 0 0 0 46 64 0 59 0 12 0 0 0 0 0 0 0 0 0 0 0 14 0 0 0 0 0 95 0 0 0 0 0 0 0 0 0 35 0 0 0 0 76 0 0 75 0 0
0 0 26 0 0 0 0 0 0 0 0 0 0 11 34 54 0 0 0 79 0 0 1 0 66 0 70 0 0 0 0 0 11 85 0 59 0 0 0 66 0 0 0 25 0 0 38 0 63 0 0 0 0 0 0 2 0 0 0 82 83 79 59 43 56 15 0 0 0 0 0 0 0 0 0 0 58 0 52 0 0 0 0 0 0 0 36 0 0 0 0 35 0 25 0 99 0 0 0 0
16 0 93 0 0 0 0 0 0 0 90 0 0 0 0 85 0 52 0 0 0 46 0 20 0 0 53 56 0 0 0 0 0 0 0 0 0 0 0 52 0 0 0 0 0 0 0 0 0 0 65 55 91 0 54 79 36 0 2 0 0 84 90 0 0 0 0 0 0 0 0 66 39 9 0 0 59 0 0 0 47 0 80 0 29 0 12 0 31 0 97 0 0 0 0 0 0 8 0 96
67 0 92 0 0 0 0 73 0 0 0 0 0 57 42 0 0 0 0 0 0 0 0 0 0 0 0 0 18 0 88 0 0 0 0 0 77 0 0 0 0 0 0 0 0 45 0 0 78 0 0 29 0 0 85 0 41 0 0 0 20 35 0 0 0 0 84 0 0 55 0 0 0 0 0 0 0 0 0 0 0 91 0 0 0 0 0 0 0 0 0 8 0 0 59 0 0 0 0 0
0 0 43 19 0 0 2 0 0 0 0 49 0 0 0 0 0 0 0 30 0 0 0 0 0 0 86 29 0 0 0 42 0 0 0 0 0 0 0 0 33 57 0 58 0 76 0 81 84 0 0 27 0 0 6 0 0 3 0 72 0 0 0 0 0 0 0 0 0 0 0 38 0 0 0 87 0 0 0 0 0 18 0 0 68 96 0 0 0 0 0 81 26 0 0 0 0 0 11 0
18 0 0 0 73 0 0 0 0 0 0 0 0 0 32 0 96 0 0 0 93 98 0 0 0 4 28 0 0 8 0 0 0 0 0 0 0 67 0 62 0 0 0 0 0 0 0 0 14 1 0 0 65 0 0 0 0 32 63 0 0 10 0 0 0 0 48 0 0 0 0 0 0 2 0 0 0 62 0 0 0 0 0 59 0 76 0 0 0 0 0 35 0 91 0 0 0 0 26 0
31 45 0 0 0 0 0 99 0 0 0 67 0 0 97 50 0 91 0 25 0 0 0 19 0 0 0 0 0 0 0 75 0 47 0 0 0 0 0 24 0 0 0 0 0 0 0 100 52 0 0 0 0 0 0 0 35 0 0 0 36 0 27 0 13 0 0 0 0 0 0 0 25 41 0 25 0 0 0 0 0 0 0 0 0 91 47 0 0 19 0 0 0 0 0 0 64 0 24 0
0 0 20 50 0 0 32 0 95 0 0 0 62 0 0 0 29 0 0 0 0 0 35 50 0 0 0 0 0 92 0 0 0 0 0 0 0 0 0 0 0 0 0 0 0 0 10 0 0 17 0 0 0 0 0 22 0 0 0 0 0 0 0 0 0 53 0 0 0 0 0 92 88 0 0 0 0 0 76 74 25 94 0 0 0 0 0 76 0 28 0 86 0 92 0 0 0 17 0 0
0 8 0 0 0 0 0 0 0 17 0 0 0 0 0 17 0 0 0 0 0 40 53 0 0 0 0 0 0 97 97 0 0 0 0 0 0 0 0 90 0 0 0 0 0 0 0 0 94 0 0 0 21 0 40 14 95 0 0 0 0 0 0 0 0 0 0 96 0 0 61 0 0 0 12 0 0 6 0 45 49 0 33 0 64 0 0 0 16 0 0 96 0 0 0 67 0 0 0 0
0 56 0 30 0 0 0 0 0 0 0 34 0 0 0 0 0 95 0 0 36 0 0 0 0 0 0 91 0 0 0 0 36 0 0 0 0 0 0 0 21 0 0 26 0 0 0 0 0 0 70 0 0 0 0 12 0 79 11 0 0 0 0 0 85 0 0 11 0 0 0 0 0 0 0 0 0 0 0 58 0 0 86 0 89 0 0 0 0 0 71 0 0 0 0 0 0 28 0 0
0 0 0 0 0 0 0 0 0 0 0 0 0 0 0 0 0 59 0 91 11 50 0 0 0 0 0 0 39 0 22 51 0 0 0 57 76 0 0 94 0 0 0 0 0 0 0 0 0 0 0 0 0 0 0 0 0 0 28 0 0 0 0 91 0 0 44 0 0 0 0 0 0 0 0 0 0 0 82 62 0 0 41 0 0 0 0 0 42 0 0 0 0 0 0 0 42 0 0 0
0 74 4 0 0 71 0 0 0 0 0 0 98 0 0 100 0 0 0 75 47 0 0 0 0 0 28 0 0 0 1 0 0 57 0 47 40 0 0 20 47 0 11 0 0 12 0 0 0 0 0 0 0 54 91 0 20 0 0 0 0 0 36 55 0 0 0 0 100 0 71 0 48 0 19 42 69 52 0 2 0 0 0 0 38 0 0 0 32 0 0 0 0 0 0 0 2 38 0 2
88 94 0 0 0 0 83 0 68 0 0 0 22 0 0 0 0 45 0 0 0 31 0 0 0 0 0 24 34 0 0 0 0 0 72 0 0 0 41 95 0 0 0 22 74 0 0 0 64 0 0 0 0 0 0 0 0 84 0 0 0 0 0 0 0 0 0 31 0 0 0 0 22 70 0 0 36 0 0 0 0 0 52 0 0 71 57 0 0 0 91 0 0 0 0 0 63 0 0 71
0 0 0 0 0 0 0 0 0 0 42 0 0 0 3 0 0 64 0 0 0 0 53 36 0 0 0 0 0 0 0 0 0 0 0 0 42 0 57 0 0 45 0 0 87 0 0 52 0 0 0 100 0 0 67 0 0 0 0 0 0 99 0 0 0 0 23 87 0 0 0 0 0 0 0 0 0 0 0 0 0 23 0 0 0 0 6 0 0 0 0 0 56 85 0 0 0 0 78 0
94 0 0 0 0 0 0 0 0 0 0 0 0 67 77 0 0 0 0 0 0 0 0 15 53 48 0 0 0 0 0 23 7 68 60 97 0 83 0 81 0 0 0 0 0 0 0 63 0 61 37 0 0 0 0 0 0 0 0 0 43 0 0 0 0 0 0 0 0 22 0 0 0 0 0 0 0 0 0 0 0 0 37 0 95 90 0 0 87 0 0 0 0 0 0 0 0 0 0 0
0 0 66 0 0 0 0 60 0 0 56 0 89 0 0 0 0 0 0 18 0 0 0 32 16 45 37 39 0 24 0 0 0 0 0 0 0 0 0 0 0 0 0 0 0 0 61 0 0 95 0 0 0 30 0 0 0 0 0 0 0 0 0 0 0 0 0 0 61 25 0 0 0 0 7 0 0 0 26 0 30 64 0 0 0 0 0 0 0 0 0 0 54 31 0 0 99 0 0 0
87 0 2 0 0 0 2 0 0 0 0 0 0 0 0 0 0 52 64 0 0 0 35 0 0 2 16 0 0 0 68 0 0 35 89 0 0 0 0 0 47 0 61 2 0 0 0 0 65 0 0 28 12 0 0 0 21 57 67 0 0 100 0 16 31 0 0 0 0 24 70 59 0 0 0 53 0 39 19 0 52 0 0 65 0 0 0 0 80 0 0 9 0 0 0 0 0 0 0 5
0 0 0 0 0 0 0 0 0 0 0 0 0 0 0 0 0 0 0 0 8 0 0 0 94 0 0 0 0 0 0 0 94 0 23 0 69 0 0 0 98 0 0 0 0 0 0 0 0 0 0 0 0 85 0 21 0 0 35 0 0 1 0 0 27 52 99 11 0 38 0 0 0 0 23 65 0 79 29 0 16 87 0 30 0 0 0 0 0 0 0 92 0 0 53 0 0 0 74 0
55 0 0 0 0 0 0 0 0 89 0 0 0 0 0 0 0 0 0 90 0 77 0 0 0 31 0 80 0 0 0 0 0 0 0 6 25 0 0 51 0 0 0 0 0 0 0 20 0 0 0 0 17 0 0 0 40 34 0 0 0 30 0 0 0 4 24 18 90 0 0 0 0 0 18 0 0 27 0 0 0 65 0 0 89 0 0 0 47 4 0 0 92 42 65 0 0 0 0 0
0 0 0 46 0 0 0 0 11 0 0 0 0 0 19 0 0 0 0 0 37 0 0 43 0 0 0 0 0 70 73 0 0 0 0 0 73 0 0 70 0 0 35 0 0 0 0 0 58 0 0 37 0 0 0 0 0 0 0 0 0 18 0 0 0 0 0 0 0 0 0 0 57 0 100 0 0 0 41 0 0 0 59 0 0 90 0 0 0 0 82 0 84 0 22 30 0 0 85 0
0 0 0 91 0 31 0 0 89 29 0 72 0 0 0 84 0 0 0 0 0 0 0 0 0 90 0 0 0 53 50 27 0 0 0 0 13 0 0 0 28 0 0 0 0 0 0 0 17 0 0 0 0 57 0 38 0 29 0 62 0 0 0 0 0 0 55 94 0 29 0 0 0 36 0 0 0 83 0 0 0 48 93 75 0 19 0 0 0 0 0 0 86 0 0 0 0 0 0 29
0 0 0 0 0 0 0 0 0 0 0 87 0 40 62 0 54 2 0 40 0 0 44 0 0 0 0 0 0 0 0 72 0 0 95 0 13 80 0 0 31 0 0 0 0 0 26 91 0 0 0 0 0 0 0 0 0 10 69 4 0 0 13 0 96 62 33 0 0 0 0 0 0 0 0 0 53 0 0 45 0 54 0 36 0 0 28 0 0 0 0 0 0 0 0 0 0 95 48 0
60 0 0 0 0 0 0 0 0 97 0 0 5 0 0 0 0 0 9 0 0 0 0 0 0 68 0 0 0 30 51 42 0 94 0 0 0 85 36 0 70 3 0 52 3 0 99 0 0 0 0 0 0 0 0 0 62 0 0 0 0 0 44 0 11 49 0 0 0 0 0 0 90 100 0 0 0 0 0 0 0 36 3 60 0 0 81 78 0 0 0 3 86 0 0 29 0 98 45 0
0 90 39 0 60 0 0 0 0 0 0 0 63 0 22 0 0 0 0 0 95 0 0 0 0 86 0 0 0 0 0 26 0 0 26 0 0 0 0 0 0 0 0 0 89 0 89 0 79 0 0 0 0 0 0 0 0 0 0 0 0 0 40 0 32 0 28 0 0 0 54 0 0 0 44 0 51 48 0 0 0 0 0 0 93 0 0 0 34 90 0 0 0 0 16 0 0 0 0 0
73 0 0 0 0 0 0 0 0 0 0 0 0 0 0 0 0 3 0 0 0 0 0 62 0 0 0 7 0 0 97 0 41 0 95 0 13 0 0 0 0 15 35 59 0 0 66 0 28 0 0 24 0 14 0 0 0 26 19 0 0 0 0 0 0 20 38 0 0 0 0 0 0 77 0 0 0 0 0 0 0 0 6 0 0 0 95 88 0 0 37 30 0 0 21 0 67 52 0 0
59 92 0 90 0 39 0 0 95 67 26 0 0 0 0 61 45 75 0 11 0 0 36 30 0 0 0 0 0 0 0 63 15 0 82 0 79 39 0 0 79 0 0 33 0 0 1 12 94 54 0 0 28 100 81 0 78 0 7 0 0 0 0 0 0 0 0 0 44 74 42 12 0 44 0 0 0 0 0 0 0 0 48 0 0 55 0 52 73 0 0 0 55 0 0 78 0 0 0 0
0 74 0 4 0 4 0 0 0 0 0 70 0 0 58 0 0 0 0 0 0 28 80 0 0 0 0 0 0 21 0 0 0 0 0 60 58 0 82 11 0 0 0 8 0 0 0 30 0 1 0 0 48 64 13 0 0 0 0 44 0 0 0 0 0 8 0 0 0 0 0 12 11 0 85 0 0 0 0 24 0 82 89 0 7 0 0 100 0 0 0 3 0 55 0 78 0 52 0 0
0 0 0 0 99 0 11 0 0 0 0 0 0 22 0 67 43 0 0 0 70 0 0 0 0 64 0 0 70 0 0 0 0 0 0 36 0 70 0 0 0 0 0 0 0 0 9 0 68 0 0 50 0 0 0 0 0 0 0 0 0 0 62 63 0 0 0 0 7 49 0 0 0 0 0 81 0 0 0 72 25 82 0 0 0 0 0 0 0 0 76 0 38 39 0 53 63 0 0 0
0 75 0 0 0 0 0 0 0 0 0 0 0 0 0 0 0 0 0 0 0 0 0 0 0 78 0 0 42 0 15 0 0 0 0 0 13 0 9 0 0 0 0 0 0 0 0 0 46 0 0 0 0 15 0 0 75 78 0 12 54 0 0 0 0 0 0 75 0 91 36 0 84 0 0 0 58 0 81 0 13 0 8 98 100 0 0 23 0 55 51 0 94 82 0 0 0 0 51 0
0 32 96 11 0 0 0 0 0 0 86 0 0 0 0 0 29 0 0 0 0 0 0 33 0 0 0 90 0 0 0 0 19 0 0 0 0 92 0 0 0 52 0 34 0 92 0 0 0 11 0 0 0 0 0 0 0 0 0 0 0 0 0 37 0 30 0 0 96 53 0 88 0 10 0 0 0 0 99 0 0 87 0 0 0 0 0 0 0 0 0 0 0 0 0 0 12 78 0 0
38 0 0 0 0 0 0 84 75 0 0 86 0 44 0 88 0 0 0 0 0 85 0 53 0 0 28 68 0 50 0 0 0 6 0 0 0 0 95 0 0 0 0 0 0 0 0 0 0 0 0 69 4 0 57 0 0 0 0 0 0 40 3 0 0 0 95 0 0 0 0 0 0 0 0 0 0 0 0 94 0 74 0 40 0 1 57 30 0 0 0 81 0 80 0 0 0 0 0 0
0 0 0 0 0 46 0 30 0 0 0 34 0 0 0 0 0 0 0 0 0 0 0 0 0 0 0 0 0 0 0 0 0 0 0 0 0 3 0 0 0 70 2 0 87 0 83 0 0 0 0 98 86 0 0 60 0 0 0 0 39 0 0 34 0 11 0 0 33 0 0 0 0 79 0 71 0 0 0 0 0 0 79 10 0 40 0 0 0 0 0 0 0 79 0 0 30 0 0 0
0 0 0 0 100 89 0 52 71 49 0 0 0 6 0 14 0 0 0 0 0 0 15 0 0 0 26 0 0 42 0 53 0 0 0 0 0 0 0 0 0 62 0 100 81 0 0 0 0 0 0 0 0 62 0 0 0 0 0 0 0 0 0 55 0 18 0 0 0 0 45 5 0 0 0 42 0 0 0 0 0 0 0 0 0 88 41 0 0 0 0 63 0 0 0 0 0 0 0 30
0 0 0 0 0 0 76 0 0 0 0 15 0 82 16 0 0 0 0 0 0 0 0 0 4 0 0 21 0 0 0 0 0 0 0 0 0 0 0 0 73 10 0 0 0 0 0 0 0 0 0 0 0 81 39 0 26 0 0 100 0 0 0 0 0 0 0 0 0 0 0 0 0 21 21 84 0 0 0 0 0 0 0 57 0 0 0 0 0 73 0 0 0 0 0 16 0 0 17 75
0 36 0 0 17 0 0 0 94 0 22 81 47 0 40 0 0 0 27 63 0 0 39 0 0 0 30 0 98 0 0 0 0 0 0 87 0 64 27 94 61 53 0 39 0 0 0 69 0 96 0 0 0 0 0 0 0 0 0 0 0 0 0 0 0 0 0 0 0 0 31 0 68 0 0 0 46 0 0 17 0 0 0 89 0 0 0 0 20 0 0 0 56 0 0 0 0 0 0 0
0 0 0 0 60 0 0 0 0 0 0 0 0 1 0 54 0 38 0 0 16 0 0 52 0 0 0 0 0 0 0 0 0 0 0 0 0 42 0 0 0 0 0 0 0 80 0 0 0 0 0 0 0 0 0 0 0 0 48 35 33 0 0 0 43 0 0 80 0 76 84 0 0 0 0 0 0 44 0 0 11 62 0 0 0 0 99 0 0 0 0 42 0 0 0 13 24 0 0 0
0 0 0 0 0 33 0 0 0 0 0 0 0 12 0 0 33 0 93 0 0 0 0 0 0 61 0 36 90 0 0 94 0 94 0 0 36 0 0 0 0 0 0 82 49 0 0 0 0 0 0 0 0 0 28 24 0 0 0 0 22 0 60 28 0 0 0 0 48 0 33 0 0 0 15 0 34 0 24 90 96 68 0 52 44 75 0 28 16 0 0 40 0 66 0 0 0 0 0 92
0 0 0 0 0 0 0 0 35 0 0 0 0 0 7 0 0 52 0 0 0 0 0 0 0 0 0 0 0 0 0 0 30 0 0 0 11 86 0 0 58 79 0 0 0 90 0 84 27 0 0 21 0 86 0 31 0 0 0 0 0 0 0 0 0 0 0 0 0 0 0 78 0 0 80 0 0 23 0 0 0 44 83 100 0 0 0 0 0 0 0 0 79 0 74 0 0 0 75 0
0 0 0 0 0 0 86 0 98 32 0 0 0 0 0 0 0 17 0 0 0 0 0 29 40 0 13 0 0 0 0 0 21 0 0 36 0 0 0 0 0 0 0 0 0 0 0 0 12 0 0 96 0 0 86 0 57 0 0 0 34 59 0 0 0 44 19 0 0 6 0 0 0 0 0 0 80 0 0 0 2 0 0 0 0 9 0 0 0 0 0 0 0 0 0 0 0 0 0 0
0 0 0 0 0 59 0 0 84 17 0 51 28 0 0 0 0 0 0 0 43 77 0 0 0 0 0 0 0 8 0 0 0 0 0 0 5 0 75 0 0 25 0 55 0 0 0 0 0 0 0 0 0 0 0 0 0 0 0 0 33 0 99 0 0 57 0 0 0 0 0 28 0 0 0 0 0 0 0 0 0 60 0 0 0 26 0 0 0 39 0 42 0 0 0 0 57 22 0 0
0 53 0 13 0 45 0 73 0 0 0 47 0 0 0 0 0 83 99 0 0 0 0 0 0 47 4 4 27 0 0 0 0 0 0 0 0 0 0 0 0 0 0 72 0 0 0 53 0 0 89 0 19 0 62 0 0 1 75 40 0 0 0 77 0 0 0 0 0 0 0 0 0 0 0 0 0 0 0 0 0 30 0 0 0 0 0 0 0 0 0 10 0 0 56 3 88 0 0 0
0 0 0 0 0 0 0 0 0 0 0 0 0 78 66 0 28 0 0 0 0 0 0 0 0 0 20 0 0 8 2 0 30 54 82 46 0 0 0 0 0 0 0 13 0 38 37 0 0 0 0 88 0 0 0 51 0 60 0 0 4 0 0 0 0 0 57 0 24 51 19 0 0 26 0 0 0 0 0 0 0 0 0 0 51 0 0 0 0 0 49 74 0 0 0 0 0 23 0 0
48 0 0 29 0 0 0 0 0 13 68 0 0 0 0 0 60 0 0 0 0 78 0 61 0 0 0 0 0 0 0 0 0 0 0 0 8 0 0 0 15 88 66 0 0 0 0 0 0 0 0 0 0 0 0 26 0 39 0 0 0 0 0 0 63 0 0 0 0 0 0 0 0 25 0 0 0 49 0 0 0 0 0 0 61 0 89 2 0 83 85 0 0 0 0 0 0 63 0 0
0 0 0 0 0 7 0 0 0 0 0 0 0 0 50 0 21 0 3 0 0 0 77 55 98 0 3 0 21 0 0 0 90 0 62 88 0 0 0 49 86 60 0 0 0 0 0 8 0 0 89 0 0 44 0 0 0 0 67 0 0 0 19 0 67 0 0 0 0 0 0 97 0 0 0 0 0 0 0 0 0 0 0 0 0 0 91 0 0 0 84 94 0 0 45 8 0 0 0 0
0 0 0 0 0 0 0 0 0 64 0 0 35 0 0 0 0 0 0 0 0 0 0 0 0 0 0 0 0 0 96 27 0 0 0 0 0 0 0 89 48 0 12 0 0 37 58 0 0 50 61 5 0 60 0 0 0 0 0 0 0 22 7 0 8 89 0 0 0 0 0 0 78 38 0 74 99 0 60 0 0 0 0 29 0 0 0 0 0 0 84 0 0 0 0 0 0 0 0 0
0 0 0 0 0 0 0 42 0 0 0 95 0 0 23 81 0 0 0 0 0 0 0 0 0 0 0 30 0 1 0 0 0 0 0 0 0 0 0 0 0 0 0 32 0 0 0 0 0 0 0 0 0 0 66 0 9 0 0 0 5 0 80 0 3 0 0 0 0 8 0 0 0 45 0 0 0 0 0 0 0 0 0 0 0 0 64 0 43 0 0 78 0 0 0 0 0 7 96 0
70 0 0 0 0 10 0 0 0 0 93 0 68 0 0 3 0 0 0 0 0 0 0 0 0 23 0 0 38 0 100 18 0 0 99 11 0 0 0 0 0 0 0 0 0 0 0 0 0 59 0 0 0 0 0 0 46 77 0 24 0 0 0 78 27 0 46 25 0 0 0 0 0 0 0 0 0 0 0 46 0 0 4 0 0 0 0 0 0 0 0 0 0 0 0 0 0 0 85 28
0 0 0 0 0 66 0 0 63 0 0 60 0 0 33 0 0 0 69 0 0 0 0 0 69 0 70 54 52 0 0 0 73 0 0 70 0 0 0 0 0 0 0 0 0 0 0 0 0 19 0 0 0 0 30 0 0 0 0 0 7 76 0 0 14 0 0 0 0 0 0 55 0 0 0 0 0 0 0 6 0 0 0 0 0 0 0 0 0 0 0 0 0 0 0 54 0 0 0 97
0 0 0 62 0 0 2 0 0 0 0 0 100 27 0 0 0 0 23 0 7 81 0 0 0 48 29 0 0 16 0 0 0 0 0 30 0 46 0 0 0 0 79 10 0 87 0 0 0 0 0 67 0 0 0 0 0 0 0 0 0 0 69 0 0 0 0 0 0 0 58 0 0 33 0 0 0 0 0 55 0 0 0 0 0 0 0 0 59 0 0 0 0 0 87 0 0 0 0 0
0 0 0 0 0 0 0 0 0 0 0 0 0 0 0 0 0 0 0 0 0 0 0 79 0 0 0 1 0 0 0 33 39 0 0 0 0 0 0 51 0 93 3 0 0 0 0 10 0 0 0 0 0 0 0 0 0 0 0 0 0 0 0 0 0 45 11 0 65 0 0 11 0 64 0 0 99 0 0 0 0 0 0 0 0 0 0 35 0 0 0 0 0 0 0 0 48 23 0 66
0 0 38 0 48 0 0 0 0 0 0 0 0 0 0 0 0 0 0 0 0 12 0 66 0 0 0 0 0 0 49 35 0 0 0 0 79 19 0 54 0 0 33 18 0 0 0 0 45 0 50 0 0 0 0 46 0 0 7 0 0 0 57 91 0 0 0 0 90 0 0 0 0 0 99 0 0 0 46 0 0 0 0 0 0 0 0 0 33 0 0 0 26 0 0 56 7 68 0 0
0 0 0 0 29 0 0 0 0 74 0 0 0 46 13 0 22 38 0 33 76 65 0 23 0 0 0 0 0 30 11 0 45 0 57 0 0 0 0 0 0 0 21 0 0 36 0 0 0 18 0 0 55 0 0 0 0 0 0 95 0 91 0 28 0 0 0 0 0 0 0 0 0 0 0 49 0 37 0 44 48 0 0 0 0 11 0 19 0 0 0 0 0 0 0 50 81 0 0 0
0 0 53 0 35 62 0 0 0 89 0 0 0 0 0 0 0 0 0 0 0 0 0 0 64 62 0 4 0 98 0 0 0 15 2 0 0 0 0 0 0 0 0 0 0 0 0 0 62 92 47 0 0 0 9 0 61 0 0 0 69 0 0 0 0 52 6 0 98 0 0 0 0 0 0 0 70 84 0 0 0 1 0 0 62 0 0 0 0 0 0 0 0 0 0 0 0 0 0 77
0 0 0 0 0 0 0 0 40 58 79 8 0 73 0 0 0 0 87 0 0 0 0 0 0 0 0 0 0 0 14 91 0 0 0 0 82 0 88 0 0 0 0 0 0 0 0 0 0 0 0 0 0 0 0 11 0 0 0 0 0 0 0 41 0 0 0 0 27 0 0 0 0 71 0 0 0 0 82 91 0 0 34 0 0 0 0 0 0 0 0 0 0 65 0 33 0 0 0 14
0 0 93 47 0 0 0 0 0 0 18 0 0 0 0 0 5 0 44 0 0 0 0 42 0 52 0 0 82 61 18 0 91 54 0 88 0 0 0 16 61 0 100 0 0 0 0 75 0 0 62 30 16 0 89 0 0 0 0 0 0 0 0 0 21 0 87 0 0 0 56 0 69 0 16 0 0 0 56 0 66 33 0 0 0 0 0 5 0 0 13 0 0 0 0 0 0 0 0 0
80 0 0 0 27 0 0 0 61 0 0 36 0 30 0 0 12 0 0 0 0 74 0 48 0 0 0 0 14 0 0 0 1 0 65 0 0 0 0 0 12 0 40 0 0 81 0 46 13 0 0 0 0 0 25 9 0 0 0 0 0 68 0 0 0 0 0 0 0 0 0 0 0 0 0 0 0 0 0 34 0 0 0 0 0 0 0 28 52 0 66 0 0 0 0 0 0 0 0 0
0 0 0 0 0 0 0 0 0 83 0 0 25 0 84 12 52 0 23 0 0 0 0 28 0 0 0 0 0 91 0 5 0 87 0 0 0 0 0 0 0 0 0 0 21 0 0 0 92 0 0 0 0 23 0 13 70 16 0 0 0 0 33 84 0 67 0 0 0 0 0 0 23 0 0 0 32 0 84 0 0 7 0 95 51 0 0 0 0 53 0 0 55 0 0 0 0 0 0 0
0 0 0 0 0 0 47 0 60 0 0 38 0 2 0 0 0 0 0 0 39 0 42 0 0 0 0 8 4 0 0 0 0 2 0 0 0 0 74 92 0 0 12 0 0 0 0 0 0 0 0 0 0 0 0 0 0 3 0 81 0 23 91 0 0 0 0 0 0 0 0 0 0 0 0 0 0 62 0 0 0 0 0 21 0 0 0 0 0 0 44 0 0 0 0 0 0 0 0 0
0 0 0 0 0 0 0 0 24 62 0 0 0 0 0 0 0 0 0 0 0 0 0 0 0 0 0 0 0 0 51 0 0 0 0 0 0 0 0 98 0 0 0 0 0 0 0 0 0 0 0 0 0 0 0 38 0 0 0 0 0 0 0 0 0 53 0 0 0 0 0 0 90 0 0 0 0 62 0 58 0 0 0 0 26 23 0 0 0 0 0 66 55 0 0 0 37 6 0 0
0 66 33 0 41 24 68 0 92 39 67 0 0 0 0 0 17 0 40 0 0 71 0 0 0 0 72 0 0 0 16 25 0 0 0 8 38 0 0 0 0 0 0 0 34 86 0 0 0 0 0 0 0 1 0 81 0 0 0 0 0 41 25 0 44 0 0 0 0 64 0 0 0 0 0 0 0 0 0 0 0 0 33 0 0 57 0 0 74 0 37 84 0 0 23 0 0 0 0 0
92 9 0 93 70 0 43 0 0 0 10 0 0 57 0 0 0 0 0 0 0 0 0 0 0 64 0 64 0 0 0 0 0 0 96 0 0 0 0 0 0 69 0 0 0 0 0 0 43 0 0 0 0 0 0 0 0 20 33 0 0 23 0 0 0 11 0 0 0 0 0 0 0 0 0 0 0 0 32 0 0 31 16 0 0 0 0 0 0 0 0 0 0 0 0 0 0 0 49 0
0 0 0 0 0 56 72 0 0 0 0 0 0 0 23 0 0 0 0 0 100 0 0 0 0 0 0 0 0 58 47 0 73 0 99 0 0 0 0 0 0 84 0 0 0 20 0 39 0 0 0 0 45 0 0 0 0 71 0 0 22 0 1 0 0 0 0 45 76 77 38 0 0 0 0 0 0 0 5 92 0 7 0 0 0 0 24 0 28 0 0 0 0 0 51 70 0 0 0 0
77 0 0 0 0 0 0 16 89 74 79 0 0 33 0 0 0 0 0 0 0 12 0 19 0 75 0 0 0 44 0 0 0 0 0 0 0 0 39 0 0 0 5 0 0 0 0 0 19 14 28 0 68 0 0 0 0 43 0 90 96 0 0 0 42 0 0 0 0 0 0 0 0 0 0 0 69 0 38 16 0 52 0 0 41 0 44 68 69 0 0 0 0 0 0 11 0 0 0 12
97 16 0 0 0 0 2 0 0 84 0 0 23 0 0 0 0 0 0 0 0 0 0 81 0 0 37 0 97 0 0 0 0 0 0 0 0 0 0 0 0 0 13 0 0 0 0 9 0 0 0 0 91 97 0 0 0 0 0 0 0 0 0 0 0 40 0 0 0 0 0 49 25 95 56 91 40 0 23 0 0 44 0 0 37 0 0 0 0 0 0 0 0 0 77 0 0 85 0 0
0 0 0 16 0 37 0 0 0 0 0 0 0 46 0 0 78 0 0 0 0 0 0 0 0 0 0 0 21 0 0 0 0 0 0 90 62 0 0 0 85 16 0 0 0 83 0 0 0 4 0 0 77 0 95 0 0 0 0 0 0 0 0 0 25 0 0 35 0 0 44 0 0 85 0 0 0 0 0 59 0 0 41 0 0 99 0 0 82 0 0 0 0 0 0 0 0 0 17 0
57 0 0 0 0 0 0 0 0 0 13 0 0 0 13 0 21 86 0 31 49 0 7 0 0 10 97 0 0 0 31 0 0 0 0 66 77 0 0 0 0 0 66 0 0 0 0 62 34 0 0 0 0 0 0 0 68 0 23 86 0 0 0 0 0 0 0 0 0 0 0 0 35 0 85 53 0 99 0 0 0 57 0 0 0 0 0 56 70 0 0 99 0 0 0 0 0 0 0 34
0 0 1 0 0 78 53 0 70 0 0 0 0 46 0 0 65 28 41 34 0 0 0 0 0 0 0 0 0 0 0 0 0 36 0 62 0 0 0 50 0 0 0 0 0 21 75 0 72 0 0 69 0 0 0 0 59 0 0 23 0 0 0 0 0 0 0 0 94 0 0 24 0 0 6 0 100 0 0 0 0 0 0 0 0 0 0 5 0 0 0 0 0 0 95 75 0 25 0 0
0 0 0 93 0 0 0 74 0 0 0 0 66 69 66 16 96 0 0 0 0 0 0 58 0 0 0 0 76 0 0 0 0 62 0 0 58 0 0 0 0 0 0 0 0 29 0 35 0 12 0 0 0 0 90 19 0 0 0 0 0 0 0 0 0 0 0 27 0 0 0 0 0 0 0 39 0 0 0 0 0 0 0 87 0 0 0 0 47 0 0 0 8 0 47 0 0 0 0 0
0 0 0 0 0 0 0 0 0 0 0 0 0 0 0 0 0 27 49 0 0 0 0 0 0 0 0 0 0 0 0 47 44 0 0 0 80 0 0 0 0 0 0 16 0 57 0 0 0 0 0 0 0 58 0 0 0 0 0 0 0 31 26 0 80 0 50 0 37 0 0 0 0 0 0 0 0 0 0 71 62 0 36 12 0 0 0 0 0 0 0 0 7 0 0 0 0 0 0 3
63 0 0 0 0 0 46 33 0 38 0 55 95 70 0 0 0 0 0 0 0 0 0 84 0 0 0 0 0 0 54 0 0 0 0 0 0 0 0 92 0 39 0 0 0 0 0 0 93 0 0 0 0 91 0 0 0 0 38 0 0 0 0 95 0 0 0 87 56 11 0 70 0 0 44 57 0 61 0 30 0 0 0 0 0 0 0 0 0 0 68 0 0 0 46 0 0 0 0 0