100
0 49 0 68 0 0 0 76 0 0 66 0 0 72 0 0 75 0 0 88 0 0 0 0 0 0 0 0 0 13 0 0 0 0 0 0 7 0 0 0 0 0 0 26 33 0 2 0 0 0 0 0 0 0 0 0 4 0 0 0 94 0 56 0 0 0 84 0 0 0 68 15 0 38 0 0 0 86 0 0 38 0 4 0 0 1 0 13 0 0 7 69 0 0 0 0 0 16 0 0
28 0 0 0 51 97 0 0 0 82 19 0 88 43 0 65 0 0 0 0 0 0 82 0 0 0 39 11 0 0 0 0 0 0 0 0 0 0 0 0 0 0 0 0 0 0 33 20 0 48 0 0 10 0 34 15 72 0 0 0 17 0 0 0 7 0 0 0 0 0 0 76 0 1 0 0 0 0 0 0 0 0 0 0 86 0 0 10 0 0 0 0 0 0 71 0 66 38 0 0
0 0 0 27 0 0 0 0 89 0 0 0 0 0 0 0 0 24 0 60 0 85 8 0 0 0 0 0 66 94 0 0 0 0 0 33 50 0 0 0 0 0 0 0 0 0 0 0 21 35 51 69 0 0 0 0 0 0 0 0 0 0 0 0 0 0 0 0 93 0 3 0 0 0 0 0 0 0 17 0 0 0 0 0 0 7 0 0 42 0 0 0 0 0 0 0 0 0 69 0
0 0 0 0 0 0 0 0 0 0 0 0 0 0 0 0 40 98 0 0 0 0 55 26 36 2 0 0 0 0 0 51 0 0 0 57 77 0 0 0 0 0 0 0 0 0 0 97 0 38 34 0 9 0 0 77 45 0 73 0 82 0 0 33 30 0 0 0 0 0 72 64 34 0 0 0 0 0 0 43 0 0 0 98 0 71 0 85 0 81 0 0 0 0 0 0 0 0 0 61
0 92 62 0 0 0 0 0 0 90 64 0 0 0 0 0 0 6 0 0 0 0 0 0 71 0 0 0 0 0 0 0 0 0 0 0 0 0 0 0 52 0 0 0 35 0 0 0 0 0 0 0 0 83 0 0 0 0 0 0 21 0 0 0 0 0 0 0 0 0 0 75 0 0 0 75 0 0 17 0 0 0 32 24 0 0 96 78 0 0 100 0 0 57 0 30 55 0 0 20
0 35 0 70 0 0 45 69 0 0 0 0 62 0 0 0 26 0 0 0 0 0 0 0 0 17 0 64 0 0 0 10 0 0 26 59 63 0 43 0 0 0 0 0 0 0 0 0 14 0 2 0 0 0 33 0 0 0 96 0 0 0 0 0 0 0 0 0 0 0 0 0 99 0 0 0 0 38 0 0 0 0 0 0 0 0 0 0 0 84 60 0 0 0 0 0 37 0 0 0
36 0 0 21 0 0 0 0 0 0 0 0 34 0 0 0 0 0 0 81 0 0 0 0 6 0 73 0 0 0 0 70 0 0 0 0 71 71 29 0 99 0 91 0 0 0 43 52 0 0 0 0 0 0 0 0 0 0 0 0 0 0 53 0 0 40 0 0 0 74 0 0 0 0 95 5 0 0 0 0 0 0 0 28 0 0 0 0 0 0 0 0 66 0 35 85 51 0 0 0
0 0 0 0 0 0 0 0 0 0 0 0 0 0 35 0 0 0 73 0 0 0 0 0 0 0 44 0 0 0 0 0 0 0 0 0 0 0 0 0 0 0 0 0 21 13 0 52 76 0 92 0 0 0 0 0 0 0 63 10 0 12 0 0 5 16 86 0 0 0 0 0 0 0 0 0 39 0 0 0 25 92 0 0 52 0 0 0 43 0 0 87 0 0 21 0 0 36 0 0
0 67 0 0 0 17 0 0 0 76 0 0 87 0 0 0 0 0 0 0 11 87 0 0 0 0 0 9 0 0 0 0 75 0 0 0 0 19 0 0 0 0 0 0 0 0 0 38 0 0 0 0 0 0 0 0 0 0 0 0 0 47 0 0 0 0 0 0 0 0 0 0 53 0 0 0 0 94 0 0 93 0 26 0 1 49 0 37 0 0 0 0 0 0 0 0 0 0 40 0
0 0 0 0 88 0 0 48 0 0 0 0 33 23 0 0 0 0 0 0 32 0 0 0 0 88 0 69 15 0 17 23 0 0 92 0 0 0 0 0 0 0 0 67 0 0 0 97 0 0 25 0 75 0 72 0 0 0 0 81 0 0 45 0 0 0 0 0 0 0 90 0 0 0 0 0 0 0 0 0 62 0 0 0 0 0 0 68 0 0 0 25 60 95 0 0 9 0 0 0
0 0 98 0 0 14 72 8 0 0 0 83 0 65 0 0 0 31 0 65 0 5 0 0 78 0 0 86 0 96 76 20 0 0 11 0 0 15 0 0 22 0 95 37 0 0 0 0 0 0 0 0 0 0 0 6 61 0 61 0 0 0 0 87 0 0 25 56 0 46 0 0 54 0 54 23 0 0 0 0 0 0 21 0 0 90 0 0 0 0 0 17 20 17 66 42 56 0 0 0
0 25 0 0 49 0 0 16 44 0 38 0 14 0 0 0 0 0 0 0 0 0 72 0 0 0 0 0 0 30 0 0 0 0 0 77 74 98 72 0 0 0 0 88 55 0 0 0 0 0 0 0 0 0 0 0 0 0 0 0 0 35 95 0 0 0 0 75 0 41 0 0 0 0 0 0 0 0 41 0 0 0 0 0 0 0 94 0 0 0 11 0 0 0 0 0 0 0 0 0
48 0 0 0 0 0 85 0 0 0 25 47 0 0 0 0 6 0 2 0 90 0 0 0 0 0 44 0 0 48 0 0 0 97 0 0 0 0 41 0 37 17 0 0 81 0 0 41 0 0 0 0 0 0 0 67 0 0 80 49 0 0 0 0 0 0 0 0 0 0 0 0 84 0 0 0 0 0 0 0 0 64 0 0 0 0 0 0 0 0 69 0 0 0 0 0 55 20 0 0
62 95 72 39 0 0 92 0 38 51 0 0 0 0 0 85 97 0 0 0 0 0 0 0 0 0 0 54 76 19 0 78 20 0 0 0 0 41 0 0 0 0 0 0 86 91 0 0 88 0 0 36 26 0 0 0 0 18 59 0 0 0 0 0 0 0 0 0 0 0 0 0 0 0 0 65 0 0 0 0 0 49 0 0 23 0 0 0 28 0 48 0 0 0 0 0 0 0 62 55
0 0 0 0 0 22 0 12 0 49 98 94 0 0 0 71 82 0 0 0 0 0 0 0 82 0 78 0 7 0 0 23 0 0 0 0 30 0 0 14 0 0 17 0 0 0 0 0 68 0 0 0 12 76 0 16 0 0 0 0 0 68 38 0 0 0 36 0 93 0 0 0 0 88 0 0 0 0 0 0 0 29 0 0 0 0 0 0 0 0 0 0 0 0 0 0 0 26 12 0
0 0 0 0 0 49 36 0 60 0 5 0 0 0 0 0 16 88 0 36 0 25 0 0 0 0 0 74 0 0 0 23 50 0 0 0 0 0 0 0 0 0 99 0 0 0 0 0 0 31 0 21 56 81 0 0 49 0 0 0 0 100 0 57 75 33 0 0 0 0 0 0 36 0 0 0 0 0 0 0 21 27 0 0 55 45 0 0 33 0 0 0 0 0 86 0 0 0 0 0
75 0 29 0 0 0 0 0 93 0 0 38 0 0 0 0 0 0 0 0 0 0 34 3 0 8 0 0 0 0 94 0 0 0 0 42 0 0 1 0 0 0 0 39 0 0 0 0 0 0 0 0 0 0 0 0 0 0 0 0 0 0 0 0 0 0 86 0 0 0 84 48 0 0 0 0 0 0 0 0 0 36 0 0 1 0 0 69 0 9 0 0 0 0 49 0 73 0 0 0
0 59 0 0 0 0 40 0 15 23 0 62 0 6 10 0 0 0 0 90 0 82 0 88 6 0 0 44 4 0 0 0 0 40 0 0 0 0 39 0 100 0 0 0 19 96 0 76 0 0 75 0 52 0 59 0 0 0 0 83 97 0 0 20 0 0 67 0 0 0 44 38 0 0 0 0 0 0 0 0 0 0 0 0 0 0 0 93 0 30 0 28 18 0 86 0 31 0 26 29
0 0 0 32 0 0 0 0 0 0 0 0 0 0 66 0 61 0 0 0 0 19 0 0 38 0 0 0 78 0 0 0 0 0 0 0 0 0 0 0 0 0 0 0 0 83 10 0 0 0 0 0 0 0 0 0 0 0 0 0 0 0 73 0 0 0 0 0 0 0 0 0 0 0 0 0 0 0 75 0 0 6 59 0 76 0 0 78 38 0 96 0 0 0 0 0 0 0 56 0
95 0 0 0 0 0 12 0 23 0 48 0 0 0 63 84 0 0 80 0 0 0 0 46 0 0 0 18 0 0 62 0 33 0 0 74 70 0 0 90 0 0 0 0 0 0 69 0 0 0 0 0 38 0 0 0 0 0 25 30 0 83 0 0 0 0 91 53 32 0 0 0 0 38 0 0 53 70 89 24 0 25 0 25 0 0 0 0 0 22 0 0 100 0 0 0 0 0 0 0
0 0 0 0 0 0 0 0 0 0 0 0 0 15 0 0 0 32 0 0 0 0 0 0 0 0 0 22 51 0 0 0 93 0 0 0 0 0 0 82 0 0 0 0 0 0 0 100 0 0 0 0 0 0 10 75 0 0 70 0 0 0 68 0 0 55 0 0 0 0 0 0 0 0 75 0 0 0 0 92 0 0 0 0 97 0 0 0 28 0 0 0 0 0 0 0 0 87 0 8
0 0 0 44 0 0 16 0 11 61 0 14 0 4 0 78 0 30 97 0 66 0 0 64 25 0 0 0 0 73 0 0 3 0 0 0 0 7 0 48 0 0 0 0 0 0 0 0 17 0 0 0 0 0 0 0 0 0 0 2 0 0 25 0 93 0 0 0 13 0 0 0 0 0 56 0 0 0 46 0 37 0 0 37 0 0 0 0 0 0 0 0 0 21 0 0 87 0 0 0
52 0 0 0 0 0 0 0 0 0 0 0 0 0 0 0 0 0 0 0 0 0 0 0 0 75 0 0 0 0 0 0 0 0 0 0 0 0 0 0 0 0 0 58 43 0 12 32 0 45 0 0 0 0 0 26 0 79 0 0 0 0 0 0 0 48 0 0 0 0 36 0 0 0 0 0 0 20 0 94 0 0 0 0 0 0 0 0 0 93 0 0 0 0 0 0 0 0 0 0
0 0 87 0 0 0 0 37 23 0 0 0 13 0 0 0 0 0 51 0 26 7 0 0 16 0 0 0 0 0 0 0 39 69 0 0 73 0 0 0 0 0 0 0 0 0 0 8 0 0 0 0 0 15 0 0 0 0 0 0 0 92 56 0 0 0 0 0 99 0 55 0 0 21 87 0 56 0 0 0 0 0 0 72 0 0 5 0 0 0 39 0 0 0 73 0 97 0 0 0
0 0 0 0 7 61 0 0 0 0 0 73 0 0 0 0 0 56 0 28 0 0 49 0 0 0 87 0 0 0 17 0 0 0 0 0 49 0 0 21 0 36 0 0 0 0 32 0 0 0 0 0 21 0 53 97 0 0 0 0 0 42 0 0 0 62 15 0 89 0 28 0 0 0 0 0 0 42 0 0 69 85 0 63 0 0 0 0 3 43 0 0 0 0 0 58 0 0 0 0
76 0 0 0 0 76 77 0 92 0 89 0 0 0 0 0 0 69 0 92 0 0 0 55 0 0 0 24 20 0 0 0 0 0 0 0 0 94 5 0 17 0 0 0 0 0 92 0 0 94 0 0 0 0 35 0 0 0 0 51 60 0 0 26 0 0 0 0 0 0 0 0 21 0 0 0 99 0 0 0 0 89 0 0 0 92 0 0 78 0 0 56 0 0 0 15 0 0 0 0
0 0 0 0 0 0 0 18 0 0 0 0 77 76 0 87 0 0 0 0 0 0 88 0 0 0 0 0 0 0 0 0 0 0 0 0 0 0 0 0 34 98 75 0 0 56 0 0 0 0 0 36 61 81 0 0 0 78 49 25 0 0 40 0 0 59 0 0 0 0 0 0 0 0 0 0 0 0 83 0 0 0 56 0 0 65 59 0 0 0 0 0 0 69 0 0 0 0 0 0
0 0 0 82 0 0 56 34 84 14 0 0 0 96 73 0 0 44 0 0 0 0 0 30 0 0 0 0 0 0 0 79 0 0 34 34 5 0 0 0 0 0 0 0 0 0 36 0 77 88 39 0 0 0 0 0 92 0 0 0 0 16 0 0 0 69 0 0 0 0 0 0 0 0 0 0 0 0 0 0 0 0 0 17 0 89 0 33 0 20 0 82 0 0 0 93 29 0 49 0
0 0 0 57 0 0 22 0 91 0 27 0 27 0 0 0 0 76 0 0 0 77 0 0 0 0 0 55 0 0 0 0 58 0 24 0 0 0 0 0 0 0 79 0 0 79 86 0 17 0 0 0 0 0 0 0 0 0 0 19 0 11 19 0 0 0 0 0 93 17 0 0 0 0 0 51 0 0 0 30 0 74 0 0 0 0 89 0 0 0 0 0 0 0 0 74 0 0 45 0
22 0 24 83 0 0 0 0 0 0 0 0 0 0 0 2 0 71 0 0 0 0 0 0 0 0 0 0 0 0 0 0 19 0 0 64 0 73 71 0 24 15 0 0 0 0 0 78 0 20 0 0 0 0 0 0 0 0 0 0 0 0 0 0 0 0 0 19 0 0 0 0 0 0 0 0 82 0 0 0 22 0 0 0 75 0 0 0 0 0 0 0 0 76 0 0 14 0 0 0
63 0 0 20 0 36 0 0 0 0 0 0 0 0 0 32 86 9 60 0 65 0 0 0 34 9 0 0 0 31 0 88 78 94 0 0 0 0 0 0 0 0 0 0 36 0 0 0 0 36 0 0 75 0 0 0 0 0 0 73 0 0 0 0 0 98 0 0 0 0 75 34 0 93 0 99 0 0 0 0 0 62 0 39 42 0 0 0 0 0 0 0 41 0 0 0 0 0 0 0
43 0 48 0 14 0 0 0 0 0 71 0 0 0 55 0 0 0 0 0 0 91 0 0 9 0 0 40 0 38 0 0 0 79 0 30 0 0 0 0 0 0 0 0 0 0 0 0 0 9 0 0 0 0 42 0 0 0 0 81 0 0 0 0 0 0 0 0 0 35 0 0 0 29 0 0 0 0 0 0 0 0 0 0 0 0 67 0 0 0 0 0 0 28 0 1 0 0 0 0
0 0 0 0 0 31 0 0 0 70 0 43 0 0 0 19 58 0 52 0 0 0 0 0 0 0 0 0 68 38 61 0 0 0 0 0 0 39 0 0 0 0 0 0 0 70 23 34 0 8 0 37 0 0 0 0 0 0 28 0 0 0 0 0 0 0 0 0 0 21 62 0 30 0 47 19 0 0 0 0 0 0 0 8 0 0 66 0 0 6 0 0 0 0 0 0 68 29 0 0
16 0 0 0 0 0 0 58 0 0 0 0 0 0 6 0 34 0 0 0 0 0 0 0 0 0 0 0 0 0 0 74 7 0 0 0 79 0 0 0 0 0 0 69 0 0 0 85 0 0 0 0 0 0 0 0 42 0 0 0 0 0 67 0 0 0 59 0 95 0 61 60 0 0 0 0 47 0 0 0 0 0 0 0 0 0 0 0 0 0 88 0 0 0 99 0 0 40 0 0
85 99 0 0 29 0 0 0 23 0 0 0 0 0 0 0 0 0 0 59 0 0 27 0 0 67 0 0 0 0 0 0 83 0 0 0 52 0 61 28 0 0 0 0 61 0 32 0 0 0 0 0 0 0 0 62 0 0 0 63 0 0 0 0 0 0 0 0 68 14 12 0 0 0 0 0 0 0 0 0 0 0 0 0 0 0 0 0 0 0 0 73 0 0 0 0 20 0 0 95
0 0 0 0 0 0 0 0 0 0 0 0 82 0 0 0 0 89 0 42 0 0 26 0 0 3 0 0 0 0 13 13 0 0 0 0 38 0 0 0 0 0 66 0 40 0 0 0 0 63 2 0 0 0 34 0 0 0 0 27 0 0 0 0 7 0 0 0 0 0 0 0 1 0 0 52 0 0 5 86 0 0 0 0 0 0 0 52 0 0 48 0 0 61 0 4 0 0 0 0
93 0 0 0 0 0 65 0 0 0 0 0 0 0 0 0 7 49 0 0 0 0 0 34 2 0 0 0 0 0 0 0 0 0 91 0 0 0 8 14 38 0 0 0 50 0 93 0 0 0 71 0 0 0 0 0 85 0 0 0 93 0 0 0 46 18 50 81 0 0 87 0 0 39 58 0 0 0 0 0 0 0 0 0 0 26 0 63 13 0 39 46 0 0 92 0 0 0 53 13
0 0 0 0 0 0 0 52 0 0 0 0 0 97 0 68 67 0 0 0 0 0 0 0 0 0 85 0 0 0 0 0 0 0 55 0 34 0 0 0 0 0 0 86 0 0 26 31 0 2 0 0 0 0 0 0 71 50 0 0 56 0 0 69 0 100 0 0 0 0 0 0 61 0 15 62 17 0 32 0 0 74 0 0 0 0 0 0 0 0 0 0 0 0 0 0 0 0 0 0
0 0 0 0 82 0 0 16 0 10 0 77 0 0 0 0 0 0 0 0 81 0 0 73 77 14 0 0 0 97 0 0 35 99 0 0 0 18 0 10 0 0 0 0 55 0 0 0 0 0 0 0 0 0 0 0 18 22 0 76 0 0 0 0 27 78 0 81 0 53 0 0 0 0 0 0 0 0 0 79 96 0 54 0 0 58 46 19 19 0 0 0 55 0 0 0 0 0 95 0
0 0 2 0 0 65 0 0 0 0 0 0 0 0 0 0 0 0 5 0 0 0 0 55 66 0 0 0 0 0 0 26 88 52 13 0 0 0 0 0 0 19 0 0 76 5 0 0 24 0 0 0 0 0 0 0 0 0 0 0 0 64 0 0 36 0 0 68 0 0 0 0 0 0 0 0 0 0 0 0 0 0 0 0 0 87 15 62 0 0 0 0 25 0 0 79 0 24 40 0
0 0 81 0 71 0 67 0 0 0 0 0 5 0 0 0 0 0 0 0 0 0 0 0 19 0 0 0 0 0 84 0 0 0 9 0 0 14 36 0 0 40 0 92 0 0 0 39 0 0 0 55 0 11 0 0 52 0 0 0 0 0 0 0 0 6 46 93 0 0 0 0 0 82 0 0 0 0 20 19 85 0 0 32 0 0 0 0 0 63 0 8 0 0 0 0 0 0 0 0
24 0 42 0 0 0 0 0 0 11 87 0 0 0 80 0 0 0 51 0 0 93 35 0 0 84 0 57 0 0 87 19 0 0 0 98 0 0 0 0 68 0 16 0 0 30 0 0 84 0 19 0 0 0 0 0 0 0 0 0 0 0 83 0 0 34 0 0 0 0 0 0 0 0 0 0 87 22 62 0 20 0 0 0 0 0 0 0 0 0 25 0 0 0 0 0 0 0 0 0
0 0 72 60 0 65 0 0 0 36 0 0 0 0 0 0 63 0 0 0 25 70 0 0 95 0 0 0 0 58 0 0 97 79 40 0 0 0 0 23 0 0 0 55 0 0 0 17 0 39 88 0 0 0 0 0 37 0 0 97 0 0 0 49 76 0 0 0 0 0 0 0 0 91 54 0 0 0 0 0 0 0 0 0 0 0 0 0 0 0 0 0 0 0 0 0 47 99 0 0
2 0 9 0 0 0 0 0 0 33 0 0 0 0 29 0 0 0 0 0 0 26 0 0 85 0 0 0 0 35 0 0 55 0 0 0 0 0 0 0 0 15 0 0 49 52 0 0 0 82 0 0 0 0 0 0 0 0 0 0 0 0 0 0 0 59 0 65 0 0 0 0 0 0 81 66 0 0 0 0 0 0 0 0 0 0 0 0 28 0 0 50 0 0 0 17 0 0 0 0
0 72 0 0 0 0 0 0 19 0 0 0 0 0 0 0 0 0 0 12 0 0 73 0 0 0 0 19 85 0 0 0 0 0 0 68 0 0 70 0 0 0 86 0 0 94 0 0 43 0 51 0 0 0 4 32 0 0 0 0 26 0 0 51 0 0 0 0 0 0 42 0 0 0 0 0 74 0 0 0 0 2 0 0 4 0 0 0 0 0 55 67 0 60 13 54 38 0 0 0
0 0 72 0 11 0 0 92 0 0 11 0 0 0 23 0 0 40 0 58 0 0 0 0 0 0 93 0 0 21 0 0 0 0 0 0 85 0 0 62 0 0 38 0 0 0 0 0 9 0 49 0 50 0 0 0 68 0 68 2 0 0 0 53 0 25 0 78 13 0 0 90 0 83 0 0 32 0 0 0 0 41 0 0 0 0 0 0 0 0 0 0 34 0 28 0 0 0 0 0
0 0 0 0 0 0 0 0 0 97 97 1 0 14 0 0 0 29 0 0 0 32 0 0 40 97 54 0 0 0 0 0 0 0 65 0 0 0 0 0 0 0 0 0 0 0 0 0 0 92 4 0 0 87 57 0 0 0 35 99 92 0 0 0 24 0 0 0 61 7 16 0 0 0 30 0 21 0 0 20 0 97 0 0 2 92 0 0 0 0 0 0 0 0 0 0 0 0 0 34
0 0 0 0 0 0 0 0 0 0 66 0 0 0 7 0 0 74 0 38 80 0 0 0 0 0 0 0 95 0 99 0 0 0 0 0 0 0 0 82 0 0 0 0 0 0 0 0 0 0 15 0 0 0 51 0 0 0 0 0 96 0 33 100 0 47 0 0 0 0 89 0 0 0 0 54 0 5 9 95 0 0 40 47 0 0 0 0 0 7 0 0 0 26 0 0 0 0 0 0
0 0 0 0 0 0 82 0 0 0 21 0 0 0 92 78 0 29 0 42 0 0 24 0 0 0 0 51 0 0 0 78 0 0 0 0 0 0 6 0 0 0 0 21 0 79 13 7 0 0 0 0 37 0 14 0 0 54 89 0 0 0 86 0 24 0 49 0 0 0 0 56 0 0 0 54 83 0 0 0 0 89 0 9 0 0 99 0 4 0 0 0 0 0 94 0 0 80 0 0
75 0 0 0 0 0 0 10 0 0 0 0 11 0 0 0 0 0 74 0 0 0 0 0 0 0 0 0 0 0 0 48 0 68 0 0 0 0 12 0 0 0 0 0 0 0 0 0 72 0 76 0 0 73 0 99 0 29 99 0 0 19 0 0 0 0 0 0 0 0 44 0 0 0 0 0 0 0 0 0 46 0 0 0 0 0 0 0 0 0 5 0 0 0 0 0 0 73 28 0
0 0 66 0 0 0 0 68 63 4 0 0 0 76 42 0 0 0 0 0 0 0 0 0 0 36 0 0 0 0 0 52 0 0 0 0 0 0 0 0 27 0 12 0 0 0 0 45 99 0 0 0 0 23 0 0 0 0 0 26 0 0 0 0 0 0 13 0 19 0 0 0 0 0 0 0 0 43 83 0 0 85 0 50 0 21 17 0 7 0 0 0 0 0 0 0 12 75 0 0
0 72 0 6 0 0 0 4 0 98 26 0 9 0 72 40 0 0 0 0 96 57 96 0 0 0 49 0 0 50 0 0 95 0 0 0 37 12 35 0 0 71 0 0 0 0 0 0 0 0 0 0 96 0 0 0 0 0 62 0 0 95 0 0 0 43 0 0 54 80 0 0 0 3 60 44 0 90 0 0 0 0 40 0 0 0 0 76 0 82 72 0 6 20 92 0 81 0 74 0
0 0 39 0 0 0 88 8 35 90 0 0 0 0 0 0 0 0 0 0 91 10 0 0 0 0 0 12 0 0 0 59 0 0 0 86 74 0 0 0 37 0 73 0 37 0 77 0 0 0 0 73 0 36 0 0 0 34 34 0 0 0 0 0 0 0 49 4 0 0 0 0 0 0 0 0 87 90 0 15 0 80 0 0 82 96 0 36 3 0 0 0 48 0 0 0 0 0 0 0
0 0 0 0 71 0 36 0 0 0 0 5 100 0 0 87 48 0 0 0 0 0 0 0 0 0 0 70 0 0 0 19 0 0 23 50 0 0 12 0 0 0 0 47 0 8 47 0 0 0 0 0 0 0 0 76 98 0 0 0 0 16 68 0 0 69 0 0 0 29 58 0 0 0 91 87 0 12 0 0 0 95 0 10 0 10 0 23 0 0 0 0 0 0 0 0 0 0 0 51
0 0 0 0 0 0 0 0 33 50 36 34 0 95 41 0 22 0 0 0 0 0 0 0 0 0 0 0 0 0 0 0 0 0 23 0 0 0 16 61 0 78 0 0 62 0 91 86 0 10 0 0 0 0 0 0 0 0 0 0 0 0 6 0 44 6 0 0 0 51 0 0 0 80 0 0 0 0 0 95 0 0 0 0 0 0 0 48 0 0 0 0 67 0 0 0 0 0 93 0
99 0 15 14 0 0 11 0 0 0 0 0 0 0 80 0 0 0 0 0 46 0 0 0 0 0 0 68 0 69 74 0 0 0 0 84 75 0 0 0 0 0 59 0 0 82 43 0 0 0 0 0 70 0 0 0 0 0 0 0 0 0 0 0 0 0 0 0 0 0 0 0 0 0 0 16 0 0 0 0 0 27 39 0 0 0 82 0 88 0 0 91 0 0 44 0 0 23 0 0
49 55 0 0 0 0 0 78 64 0 79 0 54 96 0 0 0 0 0 0 0 0 25 0 0 29 0 90 0 0 0 0 39 0 0 68 0 0 0 0 0 29 0 17 19 33 0 0 0 0 96 0 0 41 32 0 0 59 0 1 0 0 0 0 0 0 0 0 0 0 0 84 0 0 94 0 80 55 0 0 36 0 0 0 0 0 0 0 0 55 0 0 0 0 0 0 73 0 0 0
0 0 0 0 0 0 0 0 0 0 0 0 0 51 22 94 88 0 0 0 1 0 0 0 0 0 0 90 0 0 0 0 0 0 31 57 0 0 0 0 0 0 0 0 30 7 0 99 0 0 0 0 0 0 34 16 0 0 69 68 0 0 0 0 86 0 0 54 64 53 0 0 0 0 0 0 0 0 0 0 0 0 0 73 0 0 0 42 0 0 0 0 0 32 0 0 5 35 0 0
16 0 0 0 0 18 0 0 0 16 76 0 79 0 0 0 0 0 0 0 0 1 30 66 43 0 13 0 0 0 0 0 0 0 0 0 0 0 0 0 0 0 0 0 0 93 89 97 57 0 0 0 0 67 0 0 24 0 0 0 0 69 71 81 0 33 84 0 9 0 0 0 0 0 0 46 0 8 0 45 0 73 0 0 11 0 0 54 3 0 85 0 0 0 0 0 0 0 0 0
23 41 47 62 0 0 0 0 22 0 35 0 0 0 0 0 0 0 0 0 0 27 0 0 81 73 0 0 0 0 0 0 76 0 9 0 0 0 0 0 45 0 0 0 0 0 77 0 44 65 0 0 0 3 0 0 0 42 0 0 0 0 22 0 0 0 50 0 0 0 0 40 0 0 0 17 0 0 48 7 0 0 0 91 0 0 0 0 78 0 0 16 0 4 0 0 6 0 94 0
87 0 79 100 0 0 0 0 0 0 0 0 90 39 0 0 2 0 0 0 73 11 0 0 0 37 0 0 0 81 0 0 0 0 21 0 0 0 0 90 0 0 0 0 0 0 0 62 0 5 0 0 0 84 0 0 0 0 47 0 0 0 0 32 0 0 57 0 0 14 0 0 0 79 0 0 0 0 0 0 0 0 0 28 0 0 0 0 0 0 0 0 0 49 0 0 0 0 0 0
0 20 0 0 0 0 0 67 0 0 12 32 46 0 0 74 0 22 0 81 0 0 0 0 0 0 0 0 0 0 0 0 0 16 56 35 0 0 37 0 0 0 0 49 4 0 0 82 0 0 0 0 0 0 0 0 0 9 0 0 0 0 0 0 0 0 0 0 0 0 0 0 0 0 52 34 0 0 0 0 70 0 0 0 0 0 0 60 0 91 0 0 0 84 0 97 87 0 0 0
83 88 0 0 0 39 0 0 0 0 0 0 0 0 0 0 0 0 48 83 45 0 96 0 0 0 98 0 0 0 0 0 0 19 0 90 0 0 0 76 0 0 0 0 0 0 0 0 0 0 0 45 0 74 0 0 0 0 18 90 26 0 0 0 0 0 0 0 0 0 0 0 30 0 13 0 0 58 99 0 0 0 66 0 89 0 0 0 54 0 28 0 84 0 52 0 28 0 0 0
64 0 0 0 0 0 0 0 0 0 0 5 36 0 0 0 0 0 0 0 0 0 0 72 0 21 0 51 0 0 0 0 0 0 43 30 0 0 0 0 0 0 0 0 0 0 0 0 0 0 0 71 0 84 0 0 0 0 0 0 0 0 90 0 0 10 32 68 0 0 0 0 0 0 34 0 0 0 0 0 91 0 0 95 0 0 0 0 0 17 0 87 9 0 0 0 85 0 68 76
0 0 0 0 0 0 0 0 33 95 17 0 0 73 0 0 0 51 0 0 0 0 53 52 88 0 0 32 40 0 0 0 0 0 5 85 0 0 89 0 0 12 63 0 0 0 0 0 26 0 0 0 0 0 0 0 0 57 16 0 0 41 0 0 0 0 100 35 14 0 0 59 0 0 66 0 0 0 0 23 0 0 0 45 0 0 0 0 0 99 0 30 2 46 0 0 0 12 0 20
70 0 1 60 0 0 95 0 50 0 0 0 16 0 0 0 0 29 0 0 100 0 0 59 60 2 0 0 0 0 0 92 47 38 0 0 0 0 0 0 0 0 0 0 97 0 41 30 0 57 0 0 0 0 0 26 0 0 0 0 0 0 0 0 60 0 0 0 95 0 43 0 0 0 11 0 0 59 0 0 0 37 0 0 21 0 3 0 0 0 54 41 0 0 0 0 29 45 73 0
0 0 0 0 0 0 0 0 0 0 0 0 0 0 0 73 94 0 0 18 0 71 87 0 0 0 0 89 0 58 0 0 0 0 15 4 0 0 0 0 52 0 5 0 0 0 0 0 0 0 0 35 0 0 0 0 0 0 0 0 25 0 0 0 0 0 0 0 0 0 0 0 0 44 0 0 30 0 0 0 0 0 0 0 91 0 0 0 0 0 0 0 0 0 0 47 0 0 0 0
0 0 0 0 5 0 0 0 0 0 0 0 0 0 0 58 78 0 0 51 0 0 0 0 0 0 0 42 41 0 0 0 0 0 0 0 89 0 0 0 0 0 26 0 0 49 0 0 0 45 0 0 0 0 0 0 0 0 0 0 67 0 0 0 0 0 0 0 0 0 0 93 7 0 0 0 0 52 0 0 0 0 44 0 98 100 51 0 0 0 33 0 22 0 0 0 66 0 0 0
0 0 0 0 0 0 0 0 59 0 19 0 0 0 0 0 0 0 0 68 46 0 35 0 0 0 0 99 29 0 0 0 0 0 0 0 64 88 82 0 0 0 0 0 0 0 0 28 0 0 0 0 0 0 0 0 0 0 0 0 0 0 0 0 0 15 30 0 0 0 80 0 0 0 0 0 0 0 0 0 0 69 0 0 0 0 0 0 25 0 8 0 0 9 2 0 0 0 0 0
62 0 0 0 0 0 0 0 0 0 0 0 0 0 0 0 94 14 11 0 0 0 54 0 0 0 0 15 37 0 0 0 0 0 0 5 0 91 0 0 0 0 27 0 0 0 0 96 0 0 0 0 0 0 0 0 0 22 0 0 0 0 0 58 0 0 0 0 0 0 0 0 0 0 0 75 0 62 0 0 0 58 0 0 0 0 28 94 0 0 0 70 0 0 54 0 0 0 0 38
0 0 0 0 0 0 0 0 0 0 0 0 0 0 74 0 0 80 0 0 0 66 0 0 0 0 0 0 32 0 54 0 44 0 0 65 0 0 0 0 0 1 0 0 0 32 52 10 0 0 0 0 0 48 52 0 0 0 0 0 0 0 0 0 0 0 0 0 73 0 0 0 0 84 52 0 81 12 21 0 0 0 52 57 0 0 51 0 0 0 0 0 0 0 63 0 0 0 15 0
78 0 0 0 0 0 85 84 0 0 0 77 0 0 0 0 0 0 0 0 0 0 0 0 0 0 0 98 0 0 0 0 0 0 52 35 0 36 73 0 0 0 0 0 97 0 34 20 0 0 0 0 0 0 0 74 0 0 0 49 94 0 0 61 0 0 0 9 0 0 0 0 0 0 0 0 0 0 0 0 0 0 0 0 27 0 0 0 0 0 0 0 84 90 0 78 0 0 0 0
0 0 0 0 9 0 0 0 0 0 0 0 0 0 20 0 12 13 0 0 0 0 0 20 59 67 11 0 0 0 27 0 0 97 0 0 0 0 0 0 0 0 57 0 43 94 64 59 81 0 0 0 98 0 64 0 0 0 0 0 0 63 0 0 0 0 0 0 0 0 0 0 0 51 0 0 0 0 53 0 0 0 0 76 0 26 0 0 0 0 0 0 0 0 0 0 14 0 100 47
32 0 0 0 0 0 0 0 0 1 0 0 0 0 46 0 0 27 0 0 2 0 0 0 49 0 0 0 0 0 0 12 0 0 0 0 40 0 52 0 0 47 0 0 0 0 0 34 0 16 0 0 0 0 0 45 49 77 0 0 0 0 99 0 0 0 0 0 55 0 0 0 0 0 0 16 44 0 48 0 0 17 0 0 0 0 0 0 89 0 0 0 55 0 32 0 0 0 0 0
0 0 41 81 71 0 0 0 14 0 0 0 0 81 0 0 0 0 0 0 0 0 0 0 0 0 0 0 0 0 0 96 0 0 0 0 0 0 0 0 0 0 0 0 0 0 9 0 0 0 57 0 0 0 53 0 33 81 0 0 0 0 0 0 0 57 0 0 0 41 0 18 7 0 0 0 0 50 0 69 0 0 0 0 0 0 0 34 0 0 79 60 0 0 0 0 0 0 38 0
24 0 0 0 0 0 0 0 0 0 0 0 0 0 0 41 69 67 0 0 0 96 0 0 0 0 0 0 0 89 0 0 44 0 34 21 76 0 0 0 55 0 0 0 0 2 2 0 87 2 0 0 23 0 3 0 0 85 0 0 0 0 0 0 0 0 0 62 100 19 17 0 0 0 0 0 0 0 0 0 0 0 0 90 0 0 0 0 66 0 0 0 24 61 0 0 11 0 0 0
86 0 0 0 0 0 0 0 0 0 0 0 0 0 0 0 0 0 76 0 0 0 0 97 28 0 0 39 0 0 0 0 0 0 0 0 0 19 0 38 0 0 36 0 16 0 0 0 0 0 32 0 90 0 94 0 0 0 0 0 84 12 0 0 0 0 0 0 0 0 0 0 0 34 0 0 0 14 48 55 0 0 0 0 52 0 0 0 0 0 0 0 0 47 0 11 0 0 0 0
0 0 0 98 0 0 29 0 0 30 0 0 0 37 0 9 74 0 6 0 26 0 0 0 47 40 97 0 0 24 0 0 11 0 0 0 2 0 0 37 0 30 0 0 0 0 0 81 0 32 0 0 0 0 0 0 0 0 0 0 0 0 15 52 0 0 0 0 0 29 0 0 0 0 0 0 0 0 0 0 0 0 0 36 0 0 0 0 0 0 97 0 0 0 79 61 0 51 0 0
18 0 23 15 0 0 0 0 63 0 0 0 83 2 0 48 0 25 51 0 0 0 0 0 0 0 54 0 0 0 0 0 50 0 0 40 51 53 0 0 0 95 0 0 93 0 0 0 0 0 0 75 0 0 84 0 0 0 6 75 0 30 64 0 0 0 0 97 0 43 58 0 0 0 0 0 0 34 0 0 0 0 0 12 0 0 0 0 0 0 28 0 0 0 0 0 0 0 0 0
0 0 0 0 0 0 0 0 0 24 53 0 87 0 0 0 0 0 0 16 37 47 36 0 0 0 0 0 83 0 0 0 0 0 73 33 0 0 0 29 0 0 0 28 0 0 48 32 0 21 100 0 0 0 0 0 0 0 0 0 0 0 0 0 0 0 0 23 0 0 0 0 0 0 0 47 0 0 0 0 0 0 44 0 0 0 11 8 0 20 0 70 0 0 0 0 0 0 0 0
0 2 63 0 0 0 0 0 0 0 68 0 0 0 0 0 0 0 0 0 66 11 70 0 27 0 0 0 76 0 42 4 0 83 0 0 0 0 0 0 0 0 0 0 0 0 0 0 0 0 17 0 0 0 95 0 74 32 0 0 59 0 0 76 0 86 0 0 80 50 0 0 0 0 0 0 78 0 0 0 0 36 0 62 1 0 0 0 0 0 0 15 0 0 0 0 0 0 59 100
0 71 0 76 0 0 79 0 0 0 0 0 46 0 0 0 0 0 0 0 0 0 0 0 0 0 0 0 0 0 0 0 0 0 0 12 0 0 0 0 0 0 22 79 92 0 60 86 0 0 68 0 42 0 0 0 0 0 0 0 68 0 93 85 0 0 89 0 92 18 0 59 35 0 0 0 0 90 79 0 0 0 0 0 0 74 0 85 0 12 0 0 0 0 0 0 0 0 12 40
0 0 90 0 0 43 0 0 6 0 0 0 0 93 0 0 0 76 0 32 0 55 87 0 0 0 36 0 18 0 0 0 0 0 0 9 0 0 0 0 79 0 0 0 0 98 100 0 79 0 0 0 0 53 0 9 0 0 42 0 66 27 24 0 0 7 0 31 74 0 0 86 63 0 77 0 0 0 0 0 0 0 0 0 89 0 0 0 78 0 90 0 0 0 80 0 45 0 0 0
0 0 0 0 0 0 0 0 0 0 0 0 0 0 0 12 0 0 0 52 0 0 0 23 0 0 83 0 51 0 0 60 0 52 0 47 0 0 24 30 0 0 0 0 52 0 0 0 0 0 0 0 0 0 0 0 0 0 0 0 0 0 0 0 78 47 0 0 0 6 0 0 0 0 0 0 0 12 0 3 0 0 0 0 0 0 0 0 92 0 0 0 0 0 0 77 0 43 0 0
0 0 43 0 0 0 53 0 0 0 0 0 0 62 0 0 0 0 0 0 0 0 0 0 0 46 0 50 87 0 94 8 0 21 35 16 0 32 0 0 0 0 0 0 74 60 0 36 90 25 0 0 0 0 0 0 0 0 0 87 0 0 0 0 0 0 0 0 36 71 0 37 0 0 0 0 68 0 0 0 0 0 17 76 0 0 0 0 91 0 44 0 0 0 0 0 0 84 0 0
0 0 58 0 0 0 100 0 0 0 0 0 0 0 100 16 56 0 0 83 71 0 0 0 0 0 0 0 0 0 0 0 0 67 76 0 0 0 19 11 0 67 0 0 0 0 0 0 0 0 0 0 59 0 0 0 0 0 39 0 23 64 0 0 0 0 0 0 0 0 0 0 0 0 34 0 79 0 0 0 0 9 28 0 0 0 0 0 0 0 0 0 0 0 14 0 75 0 0 0
0 0 0 0 0 0 0 0 54 0 0 0 0 0 61 66 0 0 73 37 0 0 0 0 93 0 0 0 79 0 0 47 0 0 0 0 0 0 55 100 0 0 0 0 71 86 0 38 95 14 0 0 0 0 86 0 0 0 2 0 0 0 65 0 0 0 0 35 0 0 0 0 0 0 0 0 0 0 0 0 40 0 0 0 0 0 0 0 0 0 0 0 0 0 23 0 0 85 0 0
0 0 0 43 75 0 77 0 0 0 61 24 2 0 0 67 47 0 0 62 0 0 0 0 42 0 0 0 0 0 21 67 0 0 0 0 0 0 75 0 0 0 0 0 10 63 0 0 72 0 81 0 0 0 82 0 0 0 0 0 0 0 0 0 0 57 0 0 0 0 0 0 62 0 0 47 12 0 0 0 53 0 0 0 0 0 0 0 62 78 0 0 12 0 42 51 0 0 0 0
5 10 0 0 0 11 0 0 0 0 0 70 0 0 47 0 0 0 0 0 0 0 0 0 0 36 32 0 0 0 84 94 75 11 0 0 0 0 0 8 69 0 0 0 0 0 0 0 0 43 46 0 0 12 12 49 0 0 0 92 0 0 0 0 97 0 12 64 30 0 96 44 0 60 0 0 0 0 0 0 87 76 0 0 79 0 0 0 0 62 80 0 0 0 0 0 0 0 0 58
0 0 7 0 4 70 0 0 0 0 0 0 0 0 0 0 84 0 0 0 0 62 0 0 0 0 0 17 33 0 0 0 0 47 0 92 56 0 0 0 10 0 0 0 0 0 0 0 0 0 0 0 13 0 0 0 0 0 92 0 0 0 45 0 0 0 0 0 0 0 0 0 0 36 0 0 0 0 0 0 0 0 84 30 37 0 0 37 0 0 0 0 0 0 0 25 0 0 87 38
0 0 0 0 8 34 57 0 0 0 61 0 0 0 0 0 79 67 0 7 0 0 0 65 0 0 0 23 0 0 0 22 0 56 0 0 0 0 0 0 0 89 14 0 0 93 0 0 0 0 0 0 0 0 0 0 0 0 36 0 0 0 23 40 0 89 62 0 0 0 85 13 43 0 0 7 55 0 0 0 69 0 0 0 81 0 0 0 0 0 0 0 0 0 0 0 0 92 0 17
31 0 0 0 10 0 0 0 3 47 0 0 83 0 94 71 0 0 72 0 0 84 48 0 0 0 2 0 0 0 0 70 71 0 0 0 0 0 29 0 0 66 0 0 3 0 0 78 0 0 0 0 59 0 0 0 0 9 39 0 0 0 0 0 0 0 6 0 0 0 0 13 0 91 70 44 0 0 0 83 0 0 0 49 39 0 28 63 0 0 0 0 0 0 0 38 0 0 0 0
63 0 88 0 0 0 40 0 0 0 0 37 0 0 0 0 0 0 0 0 0 0 0 0 0 0 0 0 0 0 22 72 0 61 0 0 0 0 0 0 0 0 0 0 0 0 0 0 0 0 0 75 50 0 0 0 0 19 0 0 0 33 0 0 0 94 72 0 0 0 92 0 0 0 94 0 49 0 0 0 32 0 0 0 0 63 0 0 0 0 0 0 0 31 0 14 0 0 32 0
0 0 0 0 0 0 0 66 0 0 14 0 6 23 0 0 0 0 0 89 0 0 0 0 0 0 0 0 0 76 0 0 0 0 0 0 7 0 0 0 0 0 96 0 0 63 78 84 81 0 42 74 88 12 53 0 0 72 0 0 0 56 0 65 0 0 0 0 0 98 0 11 0 0 0 0 0 0 16 0 27 3 0 0 0 0 0 0 0 0 9 89 0 0 0 0 0 0 81 79
0 0 0 0 0 0 0 51 0 0 0 0 0 0 0 0 0 0 0 0 0 0 45 0 0 0 39 0 0 0 0 72 0 0 0 61 0 0 0 0 0 0 15 0 15 20 0 30 89 0 80 0 42 78 0 0 0 0 65 0 0 0 0 0 87 0 0 0 0 0 0 92 43 0 0 0 0 0 24 0 0 0 0 87 0 0 0 0 0 0 0 0 0 0 0 22 0 0 46 0
0 0 5 62 0 0 0 0 0 0 0 0 0 0 0 0 0 0 0 0 0 0 38 0 0 0 0 63 0 57 0 0 0 0 0 64 0 0 0 0 25 0 0 0 81 0 52 0 0 91 0 0 0 0 0 0 74 53 0 0 0 0 0 28 0 0 0 30 0 21 0 0 0 0 0 0 0 0 0 0 0 0 0 0 0 0 0 0 0 0 16 0 0 60 0 0 0 0 70 0
0 0 0 13 0 0 0 0 0 0 0 0 0 0 0 0 0 0 0 0 0 0 0 0 0 0 0 0 51 0 0 0 0 95 0 92 0 0 0 0 0 66 0 16 0 0 0 0 0 0 0 0 0 0 0 0 53 49 0 0 0 0 0 0 80 0 0 99 0 0 0 0 0 0 0 0 0 30 35 0 97 38 0 0 0 0 0 0 0 0 0 0 12 0 0 0 0 0 70 0
52 0 0 0 0 0 0 0 0 84 0 45 0 0 0 46 92 0 0 19 0 0 0 50 0 0 17 10 83 0 0 61 0 25 0 0 0 0 0 11 66 0 38 0 2 5 0 0 0 0 0 0 0 0 25 0 0 0 70 0 61 0 0 0 0 0 0 0 0 0 0 0 0 0 0 0 24 0 0 0 0 0 57 0 15 84 0 0 0 0 52 0 53 0 0 0 0 0 0 0
0 0 34 0 77 0 0 0 0 0 0 0 0 0 67 40 0 0 0 47 53 0 5 32 86 0 0 0 0 32 44 0 0 62 54 8 0 0 0 0 0 0 0 0 0 30 0 0 0 12 0 0 0 0 0 0 0 0 14 0 0 0 0 0 0 0 22 0 0 0 0 0 0 0 52 0 0 0 0 0 0 43 0 0 0 54 0 0 0 0 0 0 0 0 0 0 0 0 0 0
0 0 24 0 0 70 0 39 0 0 91 99 0 0 0 0 0 0 25 0 0 0 0 0 0 47 0 0 79 69 0 0 0 0 0 0 0 0 0 0 0 0 83 0 0 0 0 0 0 90 0 47 0 80 0 97 0 0 86 20 0 64 0 0 0 10 0 0 0 0 0 0 0 0 0 0 5 0 0 0 63 93 0 0 47 0 0 0 27 0 0 0 0 0 0 56 0 72 0 0
0 55 0 1 0 0 0 83 0 0 53 0 0 37 0 0 80 0 0 68 0 0 0 0 0 0 0 0 0 34 0 0 0 0 0 0 2 0 0 0 0 0 0 91 99 0 36 0 0 0 0 0 0 0 0 0 27 0 0 0 21 0 53 0 0 0 39 0 0 0 97 8 0 48 0 0 0 9 0 0 85 0 40 0 0 15 0 63 0 0 71 60 0 0 0 0 0 83 0 0
99 0 0 0 48 94 0 0 0 15 50 0 31 36 0 49 0 0 0 0 0 0 84 0 0 0 98 33 0 0 0 0 0 0 0 0 0 0 0 0 0 0 0 0 0 0 28 36 0 62 0 0 85 0 31 84 68 0 0 0 80 0 0 0 7 0 0 0 0 0 0 10 0 54 0 0 0 0 0 0 0 0 0 0 86 0 0 81 0 0 0 0 0 0 33 0 85 35 0 0
0 0 0 51 0 0 0 0 32 0 0 0 0 0 0 0 0 92 0 54 0 89 27 0 0 0 0 0 24 14 0 0 0 0 0 37 28 0 0 0 0 0 0 0 0 0 0 0 7 84 14 23 0 0 0 0 0 0 0 0 0 0 0 0 0 0 0 0 52 0 62 0 0 0 0 0 0 0 13 0 0 0 0 0 0 58 0 0 76 0 0 0 0 0 0 0 0 0 63 0
0 0 0 0 0 0 0 0 0 0 0 0 0 0 0 0 100 42 0 0 0 0 34 2 35 74 0 0 0 0 0 91 0 0 0 68 55 0 0 0 0 0 0 0 0 0 0 71 0 41 21 0 19 0 0 47 63 0 80 0 71 0 0 42 46 0 0 0 0 0 68 72 14 0 0 0 0 0 0 66 0 0 0 98 0 12 0 100 0 71 0 0 0 0 0 0 0 0 0 96
0 44 55 0 0 0 0 0 0 7 29 0 0 0 0 0 0 37 0 0 0 0 0 0 39 0 0 0 0 0 0 0 0 0 0 0 0 0 0 0 37 0 0 0 18 0 0 0 0 0 0 0 0 1 0 0 0 0 0 0 35 0 0 0 0 0 0 0 0 0 0 25 0 0 0 20 0 0 9 0 0 0 16 93 0 0 31 9 0 0 40 0 0 67 0 75 68 0 0 88
0 37 0 64 0 0 86 5 0 0 0 0 50 0 0 0 53 0 0 0 0 0 0 0 0 25 0 50 0 0 0 82 0 0 9 55 99 0 33 0 0 0 0 0 0 0 0 0 59 0 93 0 0 0 4 0 0 0 51 0 0 0 0 0 0 0 0 0 0 0 0 0 84 0 0 0 0 95 0 0 0 0 0 0 0 0 0 0 0 21 56 0 0 0 0 0 24 0 0 0
19 0 0 62 0 0 0 0 0 0 0 0 96 0 0 0 0 0 0 11 0 0 0 0 98 0 10 0 0 0 0 20 0 0 0 0 87 80 65 0 78 0 36 0 0 0 36 59 0 0 0 0 0 0 0 0 0 0 0 0 0 0 65 0 0 7 0 0 0 47 0 0 0 0 4 56 0 0 0 0 0 0 0 70 0 0 0 0 0 0 0 0 89 0 65 92 14 0 0 0
0 0 0 0 0 0 0 0 0 0 0 0 0 0 86 0 0 0 62 0 0 0 0 0 0 0 12 0 0 0 0 0 0 0 0 0 0 0 0 0 0 0 0 0 63 94 0 70 92 0 20 0 0 0 0 0 0 0 93 43 0 47 0 0 33 73 99 0 0 0 0 0 0 0 0 0 96 0 0 0 46 2 0 0 96 0 0 0 69 0 0 91 0 0 74 0 0 42 0 0
0 12 0 0 0 64 0 0 0 5 0 0 71 0 0 0 0 0 0 0 67 16 0 0 0 0 0 84 0 0 0 0 61 0 0 0 0 44 0 0 0 0 0 0 0 0 0 69 0 0 0 0 0 0 0 0 0 0 0 0 0 88 0 0 0 0 0 0 0 0 0 0 40 0 0 0 0 18 0 0 61 0 52 0 82 28 0 91 0 0 0 0 0 0 0 0 0 0 28 0
0 0 0 0 16 0 0 74 0 0 0 0 78 93 0 0 0 0 0 0 50 0 0 0 0 23 0 49 50 0 97 17 0 0 44 0 0 0 0 0 0 0 0 35 0 0 0 18 0 0 18 0 20 0 16 0 0 0 0 58 0 0 6 0 0 0 0 0 0 0 6 0 0 0 0 0 0 0 0 0 93 0 0 0 0 0 0 55 0 0 0 28 91 99 0 0 32 0 0 0
0 0 76 0 0 34 62 71 0 0 0 32 0 65 0 0 0 38 0 82 0 52 0 0 11 0 0 10 0 98 45 64 0 0 68 0 0 45 0 0 73 0 32 53 0 0 0 0 0 0 0 0 0 0 0 42 3 0 4 0 0 0 0 62 0 0 19 36 0 7 0 0 48 0 23 63 0 0 0 0 0 0 25 0 0 1 0 0 0 0 0 41 60 26 94 66 86 0 0 0
0 78 0 0 29 0 0 89 26 0 6 0 78 0 0 0 0 0 0 0 0 0 20 0 0 0 0 0 0 6 0 0 0 0 0 97 92 9 96 0 0 0 0 5 29 0 0 0 0 0 0 0 0 0 0 0 0 0 0 0 0 13 39 0 0 0 0 51 0 58 0 0 0 0 0 0 0 0 97 0 0 0 0 0 0 0 76 0 0 0 61 0 0 0 0 0 0 0 0 0
85 0 0 0 0 0 51 0 0 0 80 48 0 0 0 0 21 0 30 0 59 0 0 0 0 0 46 0 0 39 0 0 0 92 0 0 0 0 48 0 94 28 0 0 75 0 0 74 0 0 0 0 0 0 0 77 0 0 1 84 0 0 0 0 0 0 0 0 0 0 0 0 34 0 0 0 0 0 0 0 0 62 0 0 0 0 0 0 0 0 38 0 0 0 0 0 44 31 0 0
62 94 40 8 0 0 42 0 1 67 0 0 0 0 0 49 2 0 0 0 0 0 0 0 0 0 0 92 89 95 0 85 53 0 0 0 0 3 0 0 0 0 0 0 61 87 0 0 2 0 0 88 68 0 0 0 0 55 28 0 0 0 0 0 0 0 0 0 0 0 0 0 0 0 0 71 0 0 0 0 0 3 0 0 100 0 0 0 60 0 54 0 0 0 0 0 0 0 53 26
0 0 0 0 0 86 0 31 0 25 10 14 0 0 0 8 11 0 0 0 0 0 0 0 77 0 22 0 40 0 0 42 0 0 0 0 30 0 0 60 0 0 77 0 0 0 0 0 9 0 0 0 26 16 0 84 0 0 0 0 0 48 50 0 0 0 39 0 19 0 0 0 0 87 0 0 0 0 0 0 0 38 0 0 0 0 0 0 0 0 0 0 0 0 0 0 0 66 66 0
0 0 0 0 0 10 73 0 55 0 71 0 0 0 0 0 85 37 0 40 0 36 0 0 0 0 0 51 0 0 0 25 30 0 0 0 0 0 0 0 0 0 58 0 0 0 0 0 0 46 0 93 3 91 0 0 32 0 0 0 0 50 0 5 92 48 0 0 0 0 0 0 70 0 0 0 0 0 0 0 39 68 0 0 49 24 0 0 21 0 0 0 0 0 94 0 0 0 0 0
85 0 9 0 0 0 0 0 61 0 0 40 0 0 0 0 0 0 0 0 0 0 16 40 0 85 0 0 0 0 19 0 0 0 0 14 0 0 21 0 0 0 0 22 0 0 0 0 0 0 0 0 0 0 0 0 0 0 0 0 0 0 0 0 0 0 34 0 0 0 69 14 0 0 0 0 0 0 0 0 0 82 0 0 2 0 0 1 0 34 0 0 0 0 97 0 50 0 0 0
0 25 0 0 0 0 5 0 57 83 0 97 0 52 79 0 0 0 0 52 0 72 0 67 20 0 0 98 88 0 0 0 0 100 0 0 0 0 67 0 48 0 0 0 57 5 0 85 0 0 25 0 4 0 53 0 0 0 0 99 86 0 0 64 0 0 96 0 0 0 31 26 0 0 0 0 0 0 0 0 0 0 0 0 0 0 0 81 0 43 0 59 44 0 28 0 25 0 54 66
0 0 0 60 0 0 0 0 0 0 0 0 0 0 4 0 54 0 0 0 0 100 0 0 29 0 0 0 18 0 0 0 0 0 0 0 0 0 0 0 0 0 0 0 0 50 55 0 0 0 0 0 0 0 0 0 0 0 0 0 0 0 45 0 0 0 0 0 0 0 0 0 0 0 0 0 0 0 82 0 0 7 34 0 60 0 0 91 55 0 49 0 0 0 0 0 0 0 30 0
23 0 0 0 0 0 48 0 14 0 88 0 0 0 28 7 0 0 66 0 0 0 0 93 0 0 0 90 0 0 10 0 52 0 0 59 3 0 0 66 0 0 0 0 0 0 32 0 0 0 0 0 4 0 0 0 0 0 77 60 0 14 0 0 0 0 33 70 26 0 0 0 0 80 0 0 25 96 74 59 0 27 0 94 0 0 0 0 0 93 0 0 80 0 0 0 0 0 0 0
0 0 0 0 0 0 0 0 0 0 0 0 0 97 0 0 0 7 0 0 0 0 0 0 0 0 0 77 10 0 0 0 96 0 0 0 0 0 0 49 0 0 0 0 0 0 0 71 0 0 0 0 0 0 36 3 0 0 57 0 0 0 64 0 0 46 0 0 0 0 0 0 0 0 58 0 0 0 0 22 0 0 0 0 32 0 0 0 2 0 0 0 0 0 0 0 0 10 0 34
0 0 0 29 0 0 79 0 61 79 0 42 0 55 0 6 0 90 89 0 46 0 0 39 88 0 0 0 0 64 0 0 29 0 0 0 0 18 0 36 0 0 0 0 0 0 0 0 8 0 0 0 0 0 0 0 0 0 0 28 0 0 16 0 58 0 0 0 97 0 0 0 0 0 29 0 0 0 87 0 91 0 0 25 0 0 0 0 0 0 0 0 0 60 0 0 83 0 0 0
56 0 0 0 0 0 0 0 0 0 0 0 0 0 0 0 0 0 0 0 0 0 0 0 0 55 0 0 0 0 0 0 0 0 0 0 0 0 0 0 0 0 0 38 44 0 35 50 0 76 0 0 0 0 0 53 0 83 0 0 0 0 0 0 0 51 0 0 0 0 100 0 0 0 0 0 0 51 0 46 0 0 0 0 0 0 0 0 0 86 0 0 0 0 0 0 0 0 0 0
0 0 56 0 0 0 0 79 22 0 0 0 72 0 0 0 0 0 11 0 21 85 0 0 88 0 0 0 0 0 0 0 76 86 0 0 39 0 0 0 0 0 0 0 0 0 0 87 0 0 0 0 0 5 0 0 0 0 0 0 0 36 86 0 0 0 0 0 51 0 29 0 0 100 91 0 52 0 0 0 0 0 0 77 0 0 18 0 0 0 5 0 0 0 78 0 43 0 0 0
0 0 0 0 18 7 0 0 0 0 0 65 0 0 0 0 0 56 0 40 0 0 13 0 0 0 25 0 0 0 44 0 0 0 0 0 95 0 0 6 0 41 0 0 0 0 81 0 0 0 0 0 12 0 91 20 0 0 0 0 0 8 0 0 0 23 69 0 36 0 92 0 0 0 0 0 0 6 0 0 33 26 0 32 0 0 0 0 29 3 0 0 0 0 0 11 0 0 0 0
22 0 0 0 0 72 34 0 97 0 35 0 0 0 0 0 0 23 0 33 0 0 0 73 0 0 0 31 82 0 0 0 0 0 0 0 0 49 3 0 8 0 0 0 0 0 33 0 0 95 0 0 0 0 86 0 0 0 0 98 71 0 0 68 0 0 0 0 0 0 0 0 3 0 0 0 44 0 0 0 0 95 0 0 0 99 0 0 27 0 0 80 0 0 0 52 0 0 0 0
0 0 0 0 0 0 0 87 0 0 0 0 28 99 0 54 0 0 0 0 0 0 25 0 0 0 0 0 0 0 0 0 0 0 0 0 0 0 0 0 83 55 74 0 0 33 0 0 0 0 0 29 65 92 0 0 0 100 90 69 0 0 62 0 0 29 0 0 0 0 0 0 0 0 0 0 0 0 24 0 0 0 5 0 0 38 13 0 0 0 0 0 0 8 0 0 0 0 0 0
0 0 0 2 0 0 62 61 44 90 0 0 0 60 8 0 0 37 0 0 0 0 0 58 0 0 0 0 0 0 0 92 0 0 20 93 28 0 0 0 0 0 0 0 0 0 53 0 3 31 82 0 0 0 0 0 92 0 0 0 0 41 0 0 0 59 0 0 0 0 0 0 0 0 0 0 0 0 0 0 0 0 0 7 0 52 0 48 0 21 0 93 0 0 0 100 64 0 35 0
0 0 0 89 0 0 54 0 52 0 20 0 85 0 0 0 0 45 0 0 0 27 0 0 0 0 0 36 0 0 0 0 45 0 94 0 0 0 0 0 0 0 88 0 0 18 35 0 62 0 0 0 0 0 0 0 0 0 0 38 0 13 17 0 0 0 0 0 28 71 0 0 0 0 0 58 0 0 0 89 0 1 0 0 0 0 12 0 0 0 0 0 0 0 0 32 0 0 89 0
14 0 94 64 0 0 0 0 0 0 0 0 0 0 0 33 0 11 0 0 0 0 0 0 0 0 0 0 0 0 0 0 10 0 0 26 0 58 67 0 99 91 0 0 0 0 0 99 0 14 0 0 0 0 0 0 0 0 0 0 0 0 0 0 0 0 0 33 0 0 0 0 0 0 0 0 3 0 0 0 22 0 0 0 35 0 0 0 0 0 0 0 0 54 0 0 27 0 0 0
1 0 0 5 0 100 0 0 0 0 0 0 0 0 0 69 77 9 73 0 36 0 0 0 52 64 0 0 0 5 0 96 30 54 0 0 0 0 0 0 0 0 0 0 84 0 0 0 0 49 0 0 85 0 0 0 0 0 0 100 0 0 0 0 0 14 0 0 0 0 70 10 0 50 0 59 0 0 0 0 0 16 0 46 85 0 0 0 0 0 0 0 63 0 0 0 0 0 0 0
60 0 33 0 37 0 0 0 0 0 11 0 0 0 47 0 0 0 0 0 0 1 0 0 68 0 0 14 0 71 0 0 0 80 0 33 0 0 0 0 0 0 0 0 0 0 0 0 0 58 0 0 0 0 2 0 0 0 0 15 0 0 0 0 0 0 0 0 0 54 0 0 0 86 0 0 0 0 0 0 0 0 0 0 0 0 5 0 0 0 0 0 0 42 0 91 0 0 0 0
0 0 0 0 0 84 0 0 0 87 0 88 0 0 0 54 81 0 15 0 0 0 0 0 0 0 0 0 82 54 73 0 0 0 0 0 0 26 0 0 0 0 0 0 0 56 70 61 0 57 0 21 0 0 0 0 0 0 6 0 0 0 0 0 0 0 0 0 0 7 53 0 24 0 90 41 0 0 0 0 0 0 0 45 0 0 43 0 0 34 0 0 0 0 0 0 6 21 0 0
46 0 0 0 0 0 0 2 0 0 0 0 0 0 9 0 46 0 0 0 0 0 0 0 0 0 0 0 0 0 0 53 36 0 0 0 62 0 0 0 0 0 0 26 0 0 0 78 0 0 0 0 0 0 0 0 17 0 0 0 0 0 21 0 0 0 18 0 37 0 39 11 0 0 0 0 14 0 0 0 0 0 0 0 0 0 0 0 0 0 97 0 0 0 46 0 0 89 0 0
42 70 0 0 20 0 0 0 68 0 0 0 0 0 0 0 0 0 0 15 0 0 9 0 0 40 0 0 0 0 0 0 16 0 0 0 38 0 19 64 0 0 0 0 75 0 16 0 0 0 0 0 0 0 0 85 0 0 0 77 0 0 0 0 0 0 0 0 38 69 21 0 0 0 0 0 0 0 0 0 0 0 0 0 0 0 0 0 0 0 0 73 0 0 0 0 27 0 0 99
0 0 0 0 0 0 0 0 0 0 0 0 16 0 0 0 0 93 0 37 0 0 32 0 0 43 0 0 0 0 70 78 0 0 0 0 41 0 0 0 0 0 39 0 45 0 0 0 0 56 58 0 0 0 42 0 0 0 0 36 0 0 0 0 71 0 0 0 0 0 0 0 8 0 0 58 0 0 53 75 0 0 0 0 0 0 0 46 0 0 20 0 0 68 0 8 0 0 0 0
14 0 0 0 0 0 47 0 0 0 0 0 0 0 0 0 85 83 0 0 0 0 0 5 6 0 0 0 0 0 0 0 0 0 87 0 0 0 16 35 14 0 0 0 46 0 76 0 0 0 14 0 0 0 0 0 32 0 0 0 67 0 0 0 26 98 97 28 0 0 85 0 0 28 4 0 0 0 0 0 0 0 0 0 0 25 0 76 60 0 27 74 0 0 98 0 0 0 26 73
0 0 0 0 0 0 0 95 0 0 0 0 0 61 0 49 59 0 0 0 0 0 0 0 0 0 46 0 0 0 0 0 0 0 51 0 91 0 0 0 0 0 0 81 0 0 7 18 0 90 0 0 0 0 0 0 27 85 0 0 7 0 0 2 0 50 0 0 0 0 0 0 2 0 67 49 32 0 25 0 0 79 0 0 0 0 0 0 0 0 0 0 0 0 0 0 0 0 0 0
0 0 0 0 99 0 0 95 0 10 0 73 0 0 0 0 0 0 0 0 5 0 0 58 53 36 0 0 0 22 0 0 82 78 0 0 0 72 0 85 0 0 0 0 93 0 0 0 0 0 0 0 0 0 0 0 78 8 0 69 0 0 0 0 77 97 0 20 0 93 0 0 0 0 0 0 0 0 0 83 6 0 87 0 0 39 53 44 26 0 0 0 79 0 0 0 0 0 1 0
0 0 39 0 0 19 0 0 0 0 0 0 0 0 0 0 0 0 65 0 0 0 0 5 11 0 0 0 0 0 0 5 86 82 80 0 0 0 0 0 0 3 0 0 27 63 0 0 56 0 0 0 0 0 0 0 0 0 0 0 0 27 0 0 4 0 0 6 0 0 0 0 0 0 0 0 0 0 0 0 0 0 0 0 0 45 90 33 0 0 0 0 58 0 0 84 0 53 33 0
0 0 1 0 34 0 60 0 0 0 0 0 49 0 0 0 0 0 0 0 0 0 0 0 66 0 0 0 0 0 88 0 0 0 97 0 0 34 83 0 0 54 0 83 0 0 0 62 0 0 0 59 0 98 0 0 55 0 0 0 0 0 0 0 0 72 94 91 0 0 0 0 0 89 0 0 0 0 86 18 90 0 0 85 0 0 0 0 0 8 0 76 0 0 0 0 0 0 0 0
3 0 68 0 0 0 0 0 0 41 55 0 0 0 88 0 0 0 97 0 0 11 60 0 0 27 0 79 0 0 78 88 0 0 0 34 0 0 0 0 70 0 41 0 0 24 0 0 72 0 31 0 0 0 0 0 0 0 0 0 0 0 8 0 0 57 0 0 0 0 0 0 0 0 0 0 45 37 71 0 75 0 0 0 0 0 0 0 0 0 67 0 0 0 0 0 0 0 0 0
0 0 41 73 0 31 0 0 0 23 0 0 0 0 0 0 72 0 0 0 86 23 0 0 66 0 0 0 0 30 0 0 28 9 84 0 0 0 0 61 0 0 0 27 0 0 0 34 0 41 99 0 0 0 0 0 41 0 0 21 0 0 0 33 84 0 0 0 0 0 0 0 0 29 43 0 0 0 0 0 0 0 0 0 0 0 0 0 0 0 0 0 0 0 0 0 31 10 0 0
39 0 65 0 0 0 0 0 0 51 0 0 0 0 29 0 0 0 0 0 0 1 0 0 20 0 0 0 0 80 0 0 64 0 0 0 0 0 0 0 0 74 0 0 93 70 0 0 0 82 0 0 0 0 0 0 0 0 0 0 0 0 0 0 0 1 0 85 0 0 0 0 0 0 30 87 0 0 0 0 0 0 0 0 0 0 0 0 80 0 0 51 0 0 0 73 0 0 0 0
0 85 0 0 0 0 0 0 88 0 0 0 0 0 0 0 0 0 0 83 0 0 82 0 0 0 0 24 9 0 0 0 0 0 0 95 0 0 56 0 0 0 1 0 0 74 0 0 70 0 23 0 0 0 52 91 0 0 0 0 83 0 0 27 0 0 0 0 0 0 30 0 0 0 0 0 96 0 0 0 0 26 0 0 90 0 0 0 0 0 3 27 0 79 66 8 58 0 0 0
0 0 51 0 24 0 0 44 0 0 27 0 0 0 90 0 0 93 0 36 0 0 0 0 0 0 50 0 0 66 0 0 0 0 0 0 16 0 0 89 0 0 93 0 0 0 0 0 91 0 59 0 18 0 0 0 91 0 55 74 0 0 0 66 0 13 0 42 47 0 0 43 0 43 0 0 80 0 0 0 0 85 0 0 0 0 0 0 0 0 0 0 73 0 71 0 0 0 0 0
0 0 0 0 0 0 0 0 0 39 41 16 0 8 0 0 0 15 0 0 0 28 0 0 25 28 44 0 0 0 0 0 0 0 55 0 0 0 0 0 0 0 0 0 0 0 0 0 0 45 23 0 0 22 67 0 0 0 74 2 94 0 0 0 54 0 0 0 11 97 44 0 0 0 62 0 73 0 0 96 0 52 0 0 25 61 0 0 0 0 0 0 0 0 0 0 0 0 0 59
0 0 0 0 0 0 0 0 0 0 96 0 0 0 42 0 0 66 0 98 69 0 0 0 0 0 0 0 67 0 27 0 0 0 0 0 0 0 0 2 0 0 0 0 0 0 0 0 0 0 75 0 0 0 70 0 0 0 0 0 76 0 6 64 0 95 0 0 0 0 11 0 0 0 0 54 0 38 28 98 0 0 76 8 0 0 0 0 0 83 0 0 0 58 0 0 0 0 0 0
0 0 0 0 0 0 9 0 0 0 81 0 0 0 4 17 0 43 0 12 0 0 36 0 0 0 0 92 0 0 0 13 0 0 0 0 0 0 55 0 0 0 0 73 0 48 68 100 0 0 0 0 66 0 96 0 0 61 15 0 0 0 24 0 42 0 77 0 0 0 0 24 0 0 0 23 43 0 0 0 0 72 0 62 0 0 79 0 83 0 0 0 0 0 26 0 0 89 0 0
99 0 0 0 0 0 0 12 0 0 0 0 31 0 0 0 0 0 67 0 0 0 0 0 0 0 0 0 0 0 0 49 0 25 0 0 0 0 63 0 0 0 0 0 0 0 0 0 49 0 49 0 0 23 0 69 0 77 83 0 0 90 0 0 0 0 0 0 0 0 44 0 0 0 0 0 0 0 0 0 74 0 0 0 0 0 0 0 0 0 8 0 0 0 0 0 0 15 7 0
0 0 6 0 0 0 0 97 92 40 0 0 0 55 17 0 0 0 0 0 0 0 0 0 0 31 0 0 0 0 0 96 0 0 0 0 0 0 0 0 76 0 9 0 0 0 0 30 7 0 0 0 0 34 0 0 0 0 0 35 0 0 0 0 0 0 99 0 86 0 0 0 0 0 0 0 0 26 71 0 0 29 0 38 0 29 1 0 69 0 0 0 0 0 0 0 93 51 0 0
0 46 0 83 0 0 0 60 0 24 22 0 60 0 95 51 0 0 0 0 59 83 71 0 0 0 27 0 0 78 0 0 78 0 0 0 26 37 5 0 0 67 0 0 0 0 0 0 0 0 0 0 29 0 0 0 0 0 22 0 0 3 0 0 0 100 0 0 98 15 0 0 0 54 78 95 0 82 0 0 0 0 88 0 0 0 0 40 0 20 99 0 94 9 50 0 20 0 43 0
0 0 83 0 0 0 6 96 55 70 0 0 0 0 0 0 0 0 0 0 79 39 0 0 0 0 0 24 0 0 0 97 0 0 0 95 15 0 0 0 68 0 31 0 66 0 18 0 0 0 0 90 0 4 0 0 0 13 39 0 0 0 0 0 0 0 29 10 0 0 0 0 0 0 0 0 75 14 0 17 0 99 0 0 73 10 0 26 55 0 0 0 99 0 0 0 0 0 0 0
0 0 0 0 40 0 89 0 0 0 0 97 43 0 0 38 64 0 0 0 0 0 0 0 0 0 0 42 0 0 0 40 0 0 57 83 0 0 57 0 0 0 0 36 0 73 50 0 0 0 0 0 0 0 0 77 47 0 0 0 0 77 4 0 0 76 0 0 0 46 52 0 0 0 96 33 0 16 0 0 0 100 0 1 0 48 0 70 0 0 0 0 0 0 0 0 0 0 0 10
0 0 0 0 0 0 0 0 24 24 12 41 0 55 13 0 94 0 0 0 0 0 0 0 0 0 0 0 0 0 0 0 0 0 68 0 0 0 81 91 0 75 0 0 9 0 23 36 0 13 0 0 0 0 0 0 0 0 0 0 0 0 79 0 59 44 0 0 0 79 0 0 0 82 0 0 0 0 0 2 0 0 0 0 0 0 0 13 0 0 0 0 86 0 0 0 0 0 51 0
11 0 48 36 0 0 70 0 0 0 0 0 0 0 63 0 0 0 0 0 53 0 0 0 0 0 0 59 0 24 37 0 0 0 0 82 90 0 0 0 0 0 72 0 0 62 65 0 0 0 0 0 43 0 0 0 0 0 0 0 0 0 0 0 0 0 0 0 0 0 0 0 0 0 0 56 0 0 0 0 0 16 66 0 0 0 34 0 42 0 0 96 0 0 36 0 0 39 0 0
85 47 0 0 0 0 0 19 28 0 91 0 25 65 0 0 0 0 0 0 0 0 44 0 0 87 0 69 0 0 0 0 72 0 0 70 0 0 0 0 0 67 0 47 51 5 0 0 0 0 62 0 0 84 66 0 0 90 0 22 0 0 0 0 0 0 0 0 0 0 0 68 0 0 55 0 98 35 0 0 89 0 0 0 0 0 0 0 0 81 0 0 0 0 0 0 30 0 0 0
0 0 0 0 0 0 0 0 0 0 0 0 0 36 45 75 36 0 0 0 63 0 0 0 0 0 0 17 0 0 0 0 0 0 84 42 0 0 0 0 0 0 0 0 2 33 0 6 0 0 0 0 0 0 70 41 0 0 29 8 0 0 0 0 94 0 0 10 59 46 0 0 0 0 0 0 0 0 0 0 0 0 0 49 0 0 0 21 0 0 0 0 0 19 0 0 12 89 0 0
14 0 0 0 0 96 0 0 0 84 61 0 55 0 0 0 0 0 0 0 0 61 54 13 90 0 24 0 0 0 0 0 0 0 0 0 0 0 0 0 0 0 0 0 0 87 11 91 8 0 0 0 0 58 0 0 39 0 0 0 0 89 4 68 0 33 33 0 25 0 0 0 0 0 0 77 0 96 0 62 0 80 0 0 80 0 0 12 63 0 70 0 0 0 0 0 0 0 0 0
42 45 72 47 0 0 0 0 18 0 51 0 0 0 0 0 0 0 0 0 0 43 0 0 5 24 0 0 0 0 0 0 60 0 43 0 0 0 0 0 43 0 0 0 0 0 97 0 96 4 0 0 0 78 0 0 0 56 0 0 0 0 13 0 0 0 98 0 0 0 0 75 0 0 0 25 0 0 69 67 0 0 0 16 0 0 0 0 11 0 0 19 0 93 0 0 96 0 81 0
62 0 51 15 0 0 0 0 0 0 0 0 79 58 0 0 50 0 0 0 71 86 0 0 0 11 0 0 0 19 0 0 0 0 16 0 0 0 0 24 0 0 0 0 0 0 0 35 0 18 0 0 0 41 0 0 0 0 9 0 0 0 0 100 0 0 21 0 0 40 0 0 0 42 0 0 0 0 0 0 0 0 0 9 0 0 0 0 0 0 0 0 0 14 0 0 0 0 0 0
0 38 0 0 0 0 0 62 0 0 33 20 19 0 0 51 0 36 0 73 0 0 0 0 0 0 0 0 0 0 0 0 0 48 25 98 0 0 51 0 0 0 0 32 79 0 0 95 0 0 0 0 0 0 0 0 0 3 0 0 0 0 0 0 0 0 0 0 0 0 0 0 0 0 86 52 0 0 0 0 19 0 0 0 0 0 0 20 0 61 0 0 0 20 0 12 80 0 0 0
90 25 0 0 0 33 0 0 0 0 0 0 0 0 0 0 0 0 100 35 95 0 51 0 0 0 54 0 0 0 0 0 0 67 0 50 0 0 0 80 0 0 0 0 0 0 0 0 0 0 0 35 0 10 0 0 0 0 50 61 99 0 0 0 0 0 0 0 0 0 0 0 25 0 68 0 0 78 34 0 0 0 70 0 15 0 0 0 5 0 67 0 92 0 61 0 93 0 0 0
38 0 0 0 0 0 0 0 0 0 0 92 4 0 0 0 0 0 0 0 0 0 0 75 0 4 0 33 0 0 0 0 0 0 88 40 0 0 0 0 0 0 0 0 0 0 0 0 0 0 0 23 0 56 0 0 0 0 0 0 0 0 77 0 0 88 47 91 0 0 0 0 0 0 39 0 0 0 0 0 55 0 0 75 0 0 0 0 0 85 0 24 4 0 0 0 65 0 44 96
0 0 0 0 0 0 0 0 87 48 23 0 0 65 0 0 0 49 0 0 0 0 43 74 18 0 0 23 11 0 0 0 0 0 27 47 0 0 18 0 0 25 28 0 0 0 0 0 29 0 0 0 0 0 0 0 0 82 91 0 0 99 0 0 0 0 12 51 92 0 0 95 0 0 26 0 0 0 0 16 0 0 0 62 0 0 0 0 0 63 0 71 60 97 0 0 0 99 0 69
85 0 17 10 0 0 60 0 9 0 0 0 62 0 0 0 0 3 0 0 3 0 0 67 29 60 0 0 0 0 0 93 65 10 0 0 0 0 0 0 0 0 0 0 92 0 64 34 0 65 0 0 0 0 0 19 0 0 0 0 0 0 0 0 21 0 0 0 96 0 13 0 0 0 86 0 0 4 0 0 0 33 0 0 27 0 57 0 0 0 59 31 0 0 0 0 74 18 27 0
0 0 0 0 0 0 0 0 0 0 0 0 0 0 0 71 64 0 0 30 0 98 80 0 0 0 0 60 0 76 0 0 0 0 51 23 0 0 0 0 51 0 74 0 0 0 0 0 0 0 0 85 0 0 0 0 0 0 0 0 21 0 0 0 0 0 0 0 0 0 0 0 0 45 0 0 20 0 0 0 0 0 0 0 96 0 0 0 0 0 0 0 0 0 0 20 0 0 0 0
0 0 0 0 59 0 0 0 0 0 0 0 0 0 0 44 29 0 0 52 0 0 0 0 0 0 0 74 68 0 0 0 0 0 0 0 82 0 0 0 0 0 4 0 0 39 0 0 0 79 0 0 0 0 0 0 0 0 0 0 92 0 0 0 0 0 0 0 0 0 0 91 82 0 0 0 0 2 0 0 0 0 65 0 28 94 91 0 0 0 38 0 4 0 0 0 8 0 0 0
0 0 0 0 0 0 0 0 70 0 11 0 0 0 0 0 0 0 0 71 6 0 51 0 0 0 0 32 90 0 0 0 0 0 0 0 69 8 13 0 0 0 0 0 0 0 0 39 0 0 0 0 0 0 0 0 0 0 0 0 0 0 0 0 0 68 14 0 0 0 2 0 0 0 0 0 0 0 0 0 0 16 0 0 0 0 0 0 73 0 45 0 0 46 89 0 0 0 0 0
94 0 0 0 0 0 0 0 0 0 0 0 0 0 0 0 57 5 24 0 0 0 76 0 0 0 0 59 82 0 0 0 0 0 0 20 0 2 0 0 0 0 67 0 0 0 0 56 0 0 0 0 0 0 0 0 0 18 0 0 0 0 0 78 0 0 0 0 0 0 0 0 0 0 0 6 0 96 0 0 0 8 0 0 0 0 1 76 0 0 0 14 0 0 27 0 0 0 0 32
0 0 0 0 0 0 0 0 0 0 0 0 0 0 40 0 0 51 0 0 0 25 0 0 0 0 0 0 21 0 23 0 94 0 0 50 0 0 0 0 0 30 0 0 0 27 71 91 0 0 0 0 0 74 60 0 0 0 0 0 0 0 0 0 0 0 0 0 57 0 0 0 0 92 70 0 36 56 12 0 0 0 17 46 0 0 56 0 0 0 0 0 0 0 96 0 0 0 27 0
52 0 0 0 0 0 65 26 0 0 0 28 0 0 0 0 0 0 0 0 0 0 0 0 0 0 0 34 0 0 0 0 0 0 27 55 0 49 30 0 0 0 0 0 87 0 19 52 0 0 0 0 0 0 0 16 0 0 0 46 40 0 0 38 0 0 0 57 0 0 0 0 0 0 0 0 0 0 0 0 0 0 0 0 73 0 0 0 0 0 0 0 100 57 0 99 0 0 0 0
0 0 0 0 11 0 0 0 0 0 0 0 0 0 97 0 100 58 0 0 0 0 0 51 72 59 71 0 0 0 10 0 0 4 0 0 0 0 0 0 0 0 76 0 32 24 93 61 50 0 0 0 97 0 63 0 0 0 0 0 0 94 0 0 0 0 0 0 0 0 0 0 0 72 0 0 0 0 85 0 0 0 0 1 0 21 0 0 0 0 0 0 0 0 0 0 32 0 98 97
73 0 0 0 0 0 0 0 0 52 0 0 0 0 71 0 0 89 0 0 74 0 0 0 79 0 0 0 0 0 0 84 0 0 0 0 32 0 67 0 0 8 0 0 0 0 0 58 0 40 0 0 0 0 0 25 5 41 0 0 0 0 87 0 0 0 0 0 80 0 0 0 0 0 0 37 84 0 72 0 0 9 0 0 0 0 0 0 9 0 0 0 46 0 51 0 0 0 0 0
0 0 78 18 42 0 0 0 6 0 0 0 0 15 0 0 0 0 0 0 0 0 0 0 0 0 0 0 0 0 0 13 0 0 0 0 0 0 0 0 0 0 0 0 0 0 73 0 0 0 94 0 0 0 88 0 84 59 0 0 0 0 0 0 0 32 0 0 0 8 0 53 90 0 0 0 0 25 0 70 0 0 0 0 0 0 0 91 0 0 66 58 0 0 0 0 0 0 95 0
9 0 0 0 0 0 0 0 0 0 0 0 0 0 0 96 79 59 0 0 0 85 0 0 0 0 0 0 0 93 0 0 54 0 43 20 17 0 0 0 78 0 0 0 0 54 56 0 20 25 0 0 66 0 13 0 0 77 0 0 0 0 0 0 0 0 0 36 97 24 93 0 0 0 0 0 0 0 0 0 0 0 0 1 0 0 0 0 79 0 0 0 84 50 0 0 88 0 0 0
41 0 0 0 0 0 0 0 0 0 0 0 0 0 0 0 0 0 89 0 0 0 0 30 91 0 0 52 0 0 0 0 0 0 0 0 0 66 0 48 0 0 15 0 75 0 0 0 0 0 5 0 71 0 11 0 0 0 0 0 30 56 0 0 0 0 0 0 0 0 0 0 0 24 0 0 0 22 90 94 0 0 0 0 99 0 0 0 0 0 0 0 0 50 0 81 0 0 0 0
0 0 0 25 0 0 100 0 0 88 0 0 0 48 0 80 63 0 63 0 26 0 0 0 25 37 10 0 0 3 0 0 79 0 0 0 10 0 0 43 0 3 0 0 0 0 0 57 0 53 0 0 0 0 0 0 0 0 0 0 0 0 97 98 0 0 0 0 0 31 0 0 0 0 0 0 0 0 0 0 0 0 0 100 0 0 0 0 0 0 69 0 0 0 95 84 0 86 0 0
28 0 14 67 0 0 0 0 48 0 0 0 87 50 0 94 0 20 24 0 0 0 0 0 0 0 37 0 0 0 0 0 88 0 0 65 27 96 0 0 0 36 0 0 72 0 0 0 0 0 0 51 0 0 42 0 0 0 40 28 0 55 22 0 0 0 0 85 0 90 49 0 0 0 0 0 0 89 0 0 0 0 0 43 0 0 0 0 0 0 5 0 0 0 0 0 0 0 0 0
0 0 0 0 0 0 0 0 0 91 73 0 63 0 0 0 0 0 0 8 24 88 7 0 0 0 0 0 71 0 0 0 0 0 30 95 0 0 0 43 0 0 0 38 0 0 91 52 0 64 12 0 0 0 0 0 0 0 0 0 0 0 0 0 0 0 0 35 0 0 0 0 0 0 0 66 0 0 0 0 0 0 78 0 0 0 34 89 0 88 0 68 0 0 0 0 0 0 0 0
0 70 9 0 0 0 0 0 0 0 17 0 0 0 0 0 0 0 0 0 42 80 17 0 99 0 0 0 5 0 64 47 0 83 0 0 0 0 0 0 0 0 0 0 0 0 0 0 0 0 51 0 0 0 3 0 44 89 0 0 13 0 0 40 0 72 0 0 60 10 0 0 0 0 0 0 5 0 0 0 0 40 0 61 34 0 0 0 0 0 0 87 0 0 0 0 0 0 15 9
0 50 0 34 0 0 55 0 0 0 0 0 61 0 0 0 0 0 0 0 0 0 0 0 0 0 0 0 0 0 0 0 0 0 0 20 0 0 0 0 0 0 34 76 19 0 96 94 0 0 63 0 78 0 0 0 0 0 0 0 54 0 67 46 0 0 92 0 18 37 0 88 59 0 0 0 0 53 81 0 0 0 0 0 0 70 0 22 0 18 0 0 0 0 0 0 0 0 25 92
0 0 95 0 0 27 0 0 61 0 0 0 0 11 0 0 0 11 0 100 0 96 55 0 0 0 89 0 36 0 0 0 0 0 0 90 0 0 0 0 74 0 0 0 0 86 71 0 18 0 0 0 0 36 0 9 0 0 92 0 41 68 5 0 0 39 0 60 77 0 0 12 45 0 74 0 0 0 0 0 0 0 0 0 90 0 0 0 30 0 92 0 0 0 76 0 19 0 0 0
0 0 0 0 0 0 0 0 0 0 0 0 0 0 0 22 0 0 0 60 0 0 0 70 0 0 76 0 45 0 0 80 0 57 0 99 0 0 67 7 0 0 0 0 39 0 0 0 0 0 0 0 0 0 0 0 0 0 0 0 0 0 0 0 10 13 0 0 0 35 0 0 0 0 0 0 0 80 0 80 0 0 0 0 0 0 0 0 86 0 0 0 0 0 0 77 0 10 0 0
0 0 20 0 0 0 3 0 0 0 0 0 0 21 0 0 0 0 0 0 0 0 0 0 0 49 0 98 40 0 42 39 0 22 87 96 0 71 0 0 0 0 0 0 46 34 0 95 56 39 0 0 0 0 0 0 0 0 0 68 0 0 0 0 0 0 0 0 10 27 0 14 0 0 0 0 6 0 0 0 0 0 91 18 0 0 0 0 75 0 64 0 0 0 0 0 0 72 0 0
0 0 21 0 0 0 21 0 0 0 0 0 0 0 22 100 83 0 0 80 73 0 0 0 0 0 0 0 0 0 0 0 0 23 50 0 0 0 90 60 0 2 0 0 0 0 0 0 0 0 0 0 67 0 0 0 0 0 57 0 78 55 0 0 0 0 0 0 0 0 0 0 0 0 7 0 87 0 0 0 0 44 10 0 0 0 0 0 0 0 0 0 0 0 36 0 38 0 0 0
0 0 0 0 0 0 0 0 51 0 0 0 0 0 81 28 0 0 46 9 0 0 0 0 8 0 0 0 37 0 0 41 0 0 0 0 0 0 88 16 0 0 0 0 75 73 0 80 12 78 0 0 0 0 25 0 0 0 28 0 0 0 59 0 0 0 0 18 0 0 0 0 0 0 0 0 0 0 0 0 81 0 0 0 0 0 0 0 0 0 0 0 0 0 90 0 0 59 0 0
0 0 0 36 37 0 65 0 0 0 42 35 59 0 0 18 44 0 0 67 0 0 0 0 70 0 0 0 0 0 55 19 0 0 0 0 0 0 78 0 0 0 0 0 71 99 0 0 58 0 94 0 0 0 64 0 0 0 0 0 0 0 0 0 0 76 0 0 0 0 0 0 17 0 0 83 15 0 0 0 31 0 0 0 0 0 0 0 22 54 0 0 93 0 62 80 0 0 0 0
17 9 0 0 0 93 0 0 0 0 0 22 0 0 73 0 0 0 0 0 0 0 0 0 0 40 100 0 0 0 28 76 55 70 0 0 0 0 0 23 65 0 0 0 0 0 0 0 0 58 70 0 0 74 35 58 0 0 0 52 0 0 0 0 6 0 73 53 39 0 58 30 0 19 0 0 0 0 0 0 1 5 0 0 9 0 0 0 0 80 34 0 0 0 0 0 0 0 0 91
0 0 14 0 52 24 0 0 0 0 0 0 0 0 0 0 78 0 0 0 0 93 0 0 0 0 0 30 35 0 0 0 0 71 0 46 66 0 0 0 11 0 0 0 0 0 0 0 0 0 0 0 54 0 0 0 0 0 34 0 0 0 15 0 0 0 0 0 0 0 0 0 0 7 0 0 0 0 0 0 0 0 55 66 23 0 0 70 0 0 0 0 0 0 0 25 0 0 35 69
0 0 0 0 94 39 52 0 0 0 21 0 0 0 0 0 8 51 0 78 0 0 0 15 0 0 0 88 0 0 0 99 0 93 0 0 0 0 0 0 0 43 20 0 0 9 0 0 0 0 0 0 0 0 0 0 0 0 77 0 0 0 100 41 0 100 37 0 0 0 6 17 31 0 0 48 69 0 0 0 35 0 0 0 56 0 0 0 0 0 0 0 0 0 0 0 0 5 0 85
57 0 0 0 43 0 0 0 38 29 0 0 17 0 6 34 0 0 26 0 0 59 31 0 0 0 79 0 0 0 0 27 42 0 0 0 0 0 82 0 0 23 0 0 43 0 0 72 0 0 0 0 64 0 0 0 0 73 100 0 0 0 0 0 0 0 82 0 0 0 0 15 0 53 10 2 0 0 0 5 0 0 0 84 6 0 61 48 0 0 0 0 0 0 0 72 0 0 0 0
17 0 29 0 0 0 37 0 0 0 0 38 0 0 0 0 0 0 0 0 0 0 0 0 0 0 0 0 0 0 51 53 0 20 0 0 0 0 0 0 0 0 0 0 0 0 0 0 0 0 0 86 39 0 0 0 0 35 0 0 0 65 0 0 0 51 8 0 0 0 52 0 0 0 54 0 4 0 0 0 60 0 0 0 0 51 0 0 0 0 0 0 0 32 0 47 0 0 100 0
0 0 0 0 0 0 0 98 0 0 47 0 98 10 0 0 0 0 0 97 0 0 0 0 0 0 0 0 0 78 0 0 0 0 0 0 72 0 0 0 0 0 100 0 0 39 92 68 55 0 7 21 67 60 71 0 0 35 0 0 0 74 0 19 0 0 0 0 0 93 0 11 0 0 0 0 0 0 89 0 49 93 0 0 0 0 0 0 0 0 39 78 0 0 0 0 0 0 19 73
0 0 0 0 0 0 0 30 0 0 0 0 0 0 0 0 0 0 0 0 0 0 28 0 0 0 25 0 0 0 0 80 0 0 0 75 0 0 0 0 0 0 58 0 50 82 0 65 49 0 8 0 13 69 0 0 0 0 15 0 0 0 0 0 28 0 0 0 0 0 0 95 53 0 0 0 0 0 11 0 0 0 0 96 0 0 0 0 0 0 0 0 0 0 0 79 0 0 97 0
0 0 43 26 0 0 0 0 0 0 0 0 0 0 0 0 0 0 0 0 0 0 58 0 0 0 0 28 0 70 0 0 0 0 0 91 0 0 0 0 75 0 0 0 39 0 83 0 0 78 0 0 0 0 0 0 15 96 0 0 0 0 0 30 0 0 0 71 0 1 0 0 0 0 0 0 0 0 0 0 0 0 0 0 0 0 0 0 0 0 34 0 0 52 0 0 0 0 58 0
0 0 0 18 0 0 0 0 0 0 0 0 0 0 0 0 0 0 0 0 0 0 0 0 0 0 0 0 52 0 0 0 0 82 0 69 0 0 0 0 0 74 0 33 0 0 0 0 0 0 0 0 0 0 0 0 59 45 0 0 0 0 0 0 60 0 0 23 0 0 0 0 0 0 0 0 0 39 47 0 68 36 0 0 0 0 0 0 0 0 0 0 95 0 0 0 0 0 74 0
78 0 0 0 0 0 0 0 0 24 0 92 0 0 0 81 58 0 0 59 0 0 0 19 0 0 55 100 75 0 0 53 0 12 0 0 0 0 0 23 27 0 79 0 8 89 0 0 0 0 0 0 0 0 26 0 0 0 60 0 58 0 0 0 0 0 0 0 0 0 0 0 0 0 0 0 89 0 0 0 0 0 85 0 79 76 0 0 0 0 34 0 54 0 0 0 0 0 0 0
0 0 44 0 78 0 0 0 0 0 0 0 0 0 91 19 0 0 0 18 68 0 98 9 100 0 0 0 0 98 89 0 0 53 95 88 0 0 0 0 0 0 0 0 0 98 0 0 0 12 0 0 0 0 0 0 0 0 58 0 0 0 0 0 0 0 99 0 0 0 0 0 0 0 9 0 0 0 0 0 0 2 0 0 0 54 0 0 0 0 0 0 0 0 0 0 0 0 0 0
0 0 12 0 0 47 0 25 0 0 36 96 0 0 0 0 0 0 42 0 0 0 0 0 0 81 0 0 94 50 0 0 0 0 0 0 0 0 0 0 0 0 59 0 0 0 0 0 0 18 0 14 0 29 0 54 0 0 100 76 0 48 0 0 0 11 0 0 0 0 0 0 0 0 0 0 72 0 0 0 44 30 0 0 4 0 0 0 37 0 0 0 0 0 0 80 0 53 0 0