100
0 0 36 0 0 0 0 0 95 0 0 0 0 0 0 11 0 0 0 79 83 0 0 0 0 0 0 0 57 0 0 40 0 0 0 0 0 0 0 44 87 0 0 0 99 0 16 66 70 0 0 0 0 50 0 0 0 0 0 0 0 0 0 71 0 0 50 0 0 0 0 49 0 0 0 0 0 87 58 25 0 0 0 0 0 0 0 0 0 0 0 0 35 0 0 0 0 0 0 0
0 0 79 23 84 90 12 0 0 0 0 0 0 0 0 0 4 0 0 0 0 23 0 0 0 0 70 0 0 0 0 81 0 0 0 0 26 0 45 0 0 0 0 0 0 0 10 0 0 0 0 0 40 0 0 0 0 0 0 0 3 31 0 12 85 0 44 0 0 32 0 0 0 0 0 0 0 0 0 0 0 0 0 0 0 0 0 0 0 0 0 0 0 0 0 0 0 56 51 84
59 66 0 0 0 0 0 0 0 85 18 37 0 49 18 0 0 0 0 75 0 61 0 60 0 41 0 0 0 0 0 12 0 0 0 0 0 0 0 0 0 0 0 26 0 0 38 42 0 0 70 0 0 0 89 0 0 39 92 0 44 45 0 0 20 4 0 87 75 0 20 0 0 0 0 59 0 76 0 88 0 0 0 0 0 0 0 84 0 82 44 0 0 0 0 0 0 0 82 48
0 0 0 0 0 0 0 0 0 0 0 0 0 0 0 37 0 0 0 94 0 35 0 25 0 0 88 79 0 0 0 0 0 0 0 71 0 0 0 71 0 45 12 0 0 0 34 32 37 0 10 72 0 0 62 25 56 12 0 0 0 54 64 0 0 0 0 0 98 0 0 60 0 0 0 0 0 0 0 0 54 0 0 0 0 26 0 0 55 0 0 0 26 0 38 0 0 0 0 0
0 0 0 0 0 0 0 0 0 0 0 0 0 0 98 0 0 0 0 0 0 0 11 4 0 0 0 0 0 0 32 0 88 43 81 0 0 0 56 42 24 0 0 0 0 0 0 0 0 0 0 0 0 40 0 87 0 0 0 0 0 71 0 0 0 0 0 0 0 0 63 0 0 83 96 0 0 0 0 0 16 0 0 0 0 0 30 0 58 52 71 96 0 0 0 0 41 0 21 0
75 52 99 0 63 0 0 42 0 0 0 0 0 0 12 67 65 0 19 23 0 0 0 0 0 0 56 0 0 0 9 0 0 0 0 0 0 0 0 42 0 0 0 0 0 0 0 0 69 0 0 63 0 94 0 0 0 0 0 0 0 0 0 0 0 0 0 17 100 93 78 0 0 0 85 0 28 0 0 0 55 13 0 0 0 0 0 99 0 0 0 0 0 0 15 58 70 0 0 0
0 40 20 0 0 58 0 0 63 0 0 29 0 39 0 0 64 0 0 99 0 0 0 0 0 0 0 0 0 0 0 0 0 0 51 21 25 13 0 0 0 0 0 75 0 53 0 0 22 8 63 93 0 0 0 0 0 0 0 0 0 0 0 38 0 79 0 0 13 0 0 0 0 0 48 0 97 0 0 0 0 0 69 0 0 0 5 0 0 78 0 0 19 0 0 0 90 8 0 18
0 28 0 95 23 89 0 0 0 0 0 0 0 0 0 0 48 0 2 0 0 0 0 0 0 0 0 0 0 0 0 0 0 0 0 0 4 0 90 82 0 0 0 0 0 4 0 0 0 0 0 0 0 0 69 0 0 0 0 50 18 0 72 0 0 0 0 0 0 0 0 0 0 0 0 0 0 0 0 0 14 0 0 18 26 0 0 0 0 0 0 0 0 0 0 0 0 0 0 0
2 9 0 22 52 0 0 61 0 0 0 56 0 0 1 0 0 0 8 0 0 0 0 0 0 0 0 84 0 31 0 0 0 0 69 0 0 0 71 0 0 0 66 0 0 68 0 0 0 0 0 0 70 0 0 0 0 0 0 0 0 0 0 58 11 0 0 0 26 0 0 0 0 0 0 0 51 0 50 18 0 0 0 25 16 0 34 0 0 11 0 0 0 0 0 0 0 0 0 0
0 0 0 0 46 0 10 93 0 0 0 0 0 0 0 27 0 0 0 92 0 0 0 0 0 0 0 0 0 0 0 0 31 0 0 0 0 0 56 0 0 0 0 0 0 0 0 0 0 88 59 0 0 0 0 0 0 0 0 0 0 0 97 0 0 0 0 0 36 0 0 50 0 20 21 92 0 0 0 0 0 6 0 0 0 0 0 38 0 82 95 0 40 24 80 0 0 35 0 0
0 0 0 0 0 19 0 0 46 0 0 0 66 0 0 0 0 0 0 0 0 51 0 36 0 0 71 95 0 0 0 0 0 0 0 0 0 0 0 0 0 28 0 0 39 0 0 25 0 0 0 0 20 0 0 0 0 0 0 45 0 0 0 7 0 84 92 75 84 63 0 0 0 66 0 0 0 0 0 0 8 0 0 0 0 0 66 0 0 0 0 0 59 33 0 0 0 0 0 0
0 0 0 0 0 0 0 0 0 0 0 0 0 48 0 0 0 0 96 1 0 0 1 0 0 0 0 47 0 0 0 0 0 0 69 0 0 20 0 0 0 0 0 0 39 0 0 0 0 79 0 0 0 18 0 20 8 0 7 0 0 53 0 0 47 0 0 0 46 87 0 0 0 0 0 0 0 0 0 0 0 0 0 0 0 0 0 0 80 0 6 0 43 0 0 2 77 0 0 0
36 0 0 23 0 0 0 72 0 0 0 55 0 0 0 0 64 0 21 0 0 0 87 0 9 0 0 0 18 35 0 0 0 0 0 0 0 7 0 0 0 0 0 32 1 0 0 0 0 0 0 0 0 28 65 2 52 0 0 0 0 0 0 0 0 0 0 0 0 0 0 85 0 0 49 0 0 0 0 47 49 0 0 22 0 0 0 0 0 88 0 17 0 0 0 0 0 0 0 0
0 94 0 0 0 0 0 96 0 0 83 79 6 0 66 0 0 0 0 0 0 0 7 0 0 56 0 18 0 0 0 0 0 0 0 0 73 1 0 0 0 68 0 0 0 0 0 0 87 0 0 0 0 44 0 0 67 97 0 0 0 0 0 0 0 30 11 13 0 1 0 89 0 12 0 0 97 11 0 0 0 54 0 40 47 0 0 0 0 0 0 0 0 0 0 0 0 0 35 63
0 0 9 0 0 0 0 0 0 0 0 0 0 85 0 0 0 76 0 0 0 0 0 0 29 55 80 0 33 4 0 13 36 0 67 10 0 0 0 0 0 0 0 0 0 0 0 0 51 0 0 0 22 0 0 0 0 40 0 14 0 0 0 0 0 0 0 0 6 100 0 9 0 0 0 0 0 0 0 0 0 0 0 0 0 0 0 91 14 0 0 0 0 77 0 86 0 0 0 18
0 97 0 33 84 0 0 0 0 65 0 31 62 60 0 0 0 27 0 0 0 0 0 0 59 0 0 0 0 0 0 0 0 45 22 0 0 64 0 0 0 0 0 0 0 0 0 0 0 0 0 0 76 0 0 0 0 10 0 0 0 0 0 0 0 0 52 0 0 0 39 0 65 0 0 0 0 0 0 0 0 0 0 0 0 0 0 0 0 0 56 0 0 29 0 7 17 0 0 0
0 0 0 0 0 74 0 0 0 0 0 0 0 0 0 0 0 0 0 0 98 0 63 81 0 0 0 0 0 22 0 0 56 89 0 0 0 51 0 0 0 36 0 0 0 55 88 11 95 0 0 33 11 0 0 0 0 0 0 0 0 0 94 0 98 0 0 76 43 0 0 0 0 0 27 85 25 0 71 0 24 0 0 0 0 0 0 0 25 75 0 0 86 0 48 54 0 45 78 0
0 0 0 66 0 0 65 0 0 89 91 0 0 0 0 0 0 0 99 0 0 90 0 0 67 0 69 18 0 0 48 21 0 0 0 78 0 0 0 40 0 0 0 0 0 0 0 80 75 41 0 0 0 32 66 72 97 0 0 0 0 0 0 78 0 0 0 0 0 0 0 91 0 47 44 0 0 0 0 0 0 0 0 0 0 0 0 0 0 0 0 0 100 0 99 59 0 77 0 0
0 0 73 0 0 0 0 49 0 76 32 93 0 0 0 87 0 0 0 0 0 49 0 0 0 0 0 95 0 0 0 0 54 0 0 0 0 0 36 0 0 92 0 0 48 3 0 0 0 27 0 0 0 0 0 0 0 0 0 95 0 7 0 0 98 16 0 0 0 0 0 0 0 59 0 0 0 0 36 0 0 70 0 0 0 0 10 82 0 0 0 0 33 0 0 100 0 0 0 0
0 0 0 0 0 0 0 0 0 0 0 0 0 0 28 73 73 0 0 0 0 0 0 0 0 0 0 0 0 0 30 0 0 79 0 0 5 17 0 0 0 0 0 0 0 0 0 0 0 0 0 0 0 0 88 45 0 0 0 0 0 88 0 0 0 0 0 35 0 0 0 0 54 0 58 0 0 0 0 0 43 97 0 0 0 0 0 0 0 55 23 0 56 0 0 0 0 0 0 0
0 0 0 0 0 0 0 0 0 21 28 57 0 0 100 0 0 0 0 35 0 0 0 72 0 0 0 81 0 0 0 0 0 0 0 0 0 0 5 0 0 0 0 20 0 0 0 32 0 0 30 0 0 0 1 0 11 0 0 0 0 59 0 0 44 0 94 0 0 0 0 0 0 0 0 0 0 0 100 0 0 0 0 0 0 0 0 0 0 56 0 0 0 0 93 0 0 0 0 0
0 49 0 0 0 0 0 0 0 29 0 0 0 0 41 25 0 37 0 0 85 0 0 0 0 0 0 61 0 0 0 68 0 0 0 0 0 0 0 0 0 0 0 0 22 0 0 0 48 7 2 0 82 0 99 70 40 28 0 0 0 0 33 0 0 0 0 0 0 1 0 98 0 0 0 20 9 0 0 0 0 0 96 0 0 0 0 0 0 0 70 2 100 0 0 0 36 0 2 0
0 0 0 0 45 24 0 0 0 0 0 32 0 0 0 0 97 72 0 0 71 0 0 0 0 0 0 0 0 73 0 59 66 0 44 0 0 73 2 0 88 0 0 0 0 0 57 0 0 0 0 0 68 97 27 5 0 0 12 0 0 0 0 0 0 0 12 0 0 0 0 0 0 0 0 0 0 0 0 0 0 4 0 57 0 0 0 0 0 0 33 0 0 46 54 0 80 0 0 44
0 0 0 0 0 0 0 0 0 0 0 0 0 0 0 39 0 0 69 0 54 0 0 0 0 0 0 0 0 58 0 0 2 0 0 0 0 0 0 0 0 0 0 0 78 0 85 0 0 85 0 39 0 0 0 0 0 0 39 0 0 51 0 0 0 0 40 0 19 0 0 0 0 0 54 0 0 0 0 35 0 0 0 0 0 0 0 26 87 0 0 0 0 39 89 0 0 55 0 74
48 0 90 0 0 0 0 0 0 0 79 0 0 0 11 0 0 0 0 0 38 0 0 0 0 0 0 0 17 0 0 0 74 0 0 0 0 0 0 0 0 0 0 0 0 0 0 0 0 0 0 0 0 0 48 0 29 0 8 0 0 0 0 83 0 30 0 0 48 0 66 0 23 0 57 0 0 4 0 53 54 0 0 82 99 15 0 0 90 0 0 0 0 0 0 0 16 24 0 0
0 0 0 0 0 0 0 0 0 7 0 0 0 69 24 0 0 0 0 0 79 0 0 0 0 0 1 0 67 89 0 0 0 0 0 0 0 0 0 0 0 0 0 0 0 0 0 0 0 0 0 0 0 0 0 0 53 0 0 0 0 0 0 0 100 0 0 0 0 0 0 0 0 0 0 18 0 0 0 46 98 0 0 30 5 68 0 0 0 51 0 50 0 0 0 13 0 0 0 0
55 0 0 0 0 0 0 37 71 0 0 0 67 0 64 33 0 60 0 0 87 47 100 0 0 0 0 0 6 68 49 0 0 0 0 0 0 0 0 0 9 0 53 0 0 28 0 0 96 0 25 0 77 0 0 0 0 0 10 0 0 0 0 82 0 0 0 0 0 0 0 57 0 0 0 0 0 0 0 85 92 0 0 0 0 0 59 0 0 0 0 0 0 0 0 0 0 64 79 0
55 0 0 0 0 0 0 0 0 0 0 0 0 0 0 42 0 0 19 28 25 0 0 0 99 83 0 0 72 40 8 96 0 0 86 75 0 0 64 24 70 29 81 12 0 0 0 0 0 0 0 0 0 0 10 0 0 89 0 0 0 35 0 0 0 45 11 98 0 14 38 8 0 91 0 0 0 77 21 0 0 0 0 0 0 0 25 0 0 0 0 0 0 7 0 0 83 0 0 0
0 0 0 0 0 0 0 41 0 0 0 0 0 0 0 0 0 0 70 0 0 0 0 97 0 0 0 94 0 65 0 0 0 0 91 0 0 0 0 0 0 0 0 0 13 0 22 0 0 0 0 0 0 0 86 0 0 0 0 0 94 0 0 0 64 20 0 14 0 0 0 84 0 0 0 0 0 0 0 35 48 0 0 0 11 0 0 0 0 0 0 0 74 0 0 0 0 0 0 0
0 0 0 60 0 71 0 0 0 0 0 0 74 0 0 0 0 0 0 77 0 0 53 0 0 0 0 0 0 0 0 0 7 0 77 0 0 0 49 0 0 0 0 0 0 0 0 0 0 0 49 0 0 0 0 0 91 0 0 0 68 0 0 0 0 0 0 0 0 0 0 0 0 38 98 0 30 0 0 0 0 0 0 0 0 0 0 0 15 64 42 83 62 0 0 0 0 0 76 0
65 0 0 0 0 0 0 0 0 13 0 0 0 0 0 0 25 0 0 0 0 0 0 0 0 46 0 0 0 0 0 0 0 0 0 87 0 0 0 11 0 0 0 0 0 49 0 100 0 0 79 0 18 11 0 0 0 0 38 58 0 0 0 0 0 0 0 8 0 12 0 0 0 0 0 0 0 0 72 94 0 40 0 0 0 0 0 0 0 0 58 21 0 20 0 0 0 86 74 0
0 0 0 0 0 0 0 84 0 0 0 0 34 10 0 0 0 0 0 39 0 25 97 0 0 0 27 0 0 80 97 0 0 0 0 0 0 0 46 0 0 0 0 0 52 0 0 0 0 0 0 0 0 68 0 0 0 0 0 0 94 24 0 0 0 58 62 13 0 100 0 0 0 0 0 0 0 0 0 0 0 0 0 0 0 0 0 47 0 0 0 0 0 0 0 0 0 0 37 3
0 0 7 0 0 3 10 0 0 0 41 27 48 0 0 0 0 0 0 0 25 92 0 0 0 0 62 0 0 0 0 0 0 0 0 0 0 51 0 0 0 79 0 0 0 0 44 0 0 0 0 0 0 43 0 0 69 0 0 49 0 0 42 0 45 0 0 0 0 0 0 0 67 0 0 0 0 80 0 0 0 0 0 62 0 0 0 0 29 0 21 0 0 0 0 0 0 12 1 94
10 58 0 0 0 0 28 0 0 82 0 78 12 0 0 0 79 0 0 0 0 19 0 0 68 0 18 0 0 0 0 0 0 0 22 0 96 39 0 0 17 0 6 0 0 0 78 0 19 0 0 0 0 0 0 63 0 0 0 0 0 0 0 0 0 88 0 0 29 10 0 20 0 0 89 26 0 0 0 0 0 66 0 0 18 0 36 0 0 0 76 0 0 0 0 0 0 56 0 28
27 0 0 55 0 0 86 0 99 96 0 93 0 80 0 59 0 0 0 0 0 40 0 0 0 0 0 0 0 57 0 0 46 10 0 0 0 77 9 0 0 0 0 1 0 81 56 0 97 0 0 0 0 99 0 0 0 0 0 0 0 0 0 0 0 0 0 0 0 0 0 0 0 0 92 0 0 98 92 0 0 0 95 0 17 0 0 0 0 0 0 0 0 0 28 0 0 0 54 0
94 51 61 0 0 0 0 0 0 0 0 60 0 0 0 0 95 0 0 0 24 0 0 0 0 0 56 0 0 0 0 0 0 94 0 0 0 98 0 0 0 0 0 0 0 0 82 0 0 0 44 0 0 97 0 0 1 0 74 74 0 0 24 0 0 0 70 0 35 88 0 0 0 0 17 31 0 0 0 49 0 25 0 0 0 81 0 0 0 0 0 0 0 0 100 59 0 71 70 16
0 0 0 0 68 0 0 51 70 0 0 0 0 0 0 0 0 63 83 0 0 0 0 51 56 85 0 0 0 0 96 0 68 0 0 0 0 0 0 0 0 0 0 16 0 64 0 0 0 0 12 0 0 0 66 16 0 0 0 0 0 0 0 42 0 0 94 0 4 0 0 0 0 0 0 0 44 0 52 0 63 0 0 0 0 0 10 7 94 58 0 0 0 0 0 0 0 0 0 0
0 54 0 23 70 0 0 65 0 0 0 0 0 0 0 0 0 0 0 0 0 0 0 0 20 75 95 0 0 95 0 0 0 0 0 0 0 0 14 0 87 0 0 90 0 0 6 0 0 0 0 0 0 0 0 0 0 0 0 0 0 0 0 0 0 0 0 91 30 0 0 0 90 0 0 0 0 0 72 0 0 85 0 0 0 0 0 0 0 0 0 0 0 0 34 19 0 16 0 91
0 0 0 0 0 0 0 0 60 21 0 0 0 0 0 0 0 0 0 0 0 0 0 0 0 0 0 53 0 0 0 0 0 0 13 0 0 0 0 64 0 55 0 75 56 0 0 0 0 0 0 0 66 0 0 0 0 0 67 0 52 0 97 0 0 0 0 0 0 0 0 0 89 0 0 0 23 0 0 0 0 0 0 0 0 0 0 0 88 51 0 0 0 0 0 53 0 0 0 0
0 37 0 2 0 0 0 0 0 0 4 0 3 0 0 0 0 93 0 0 0 0 0 61 40 0 54 26 0 0 0 0 0 0 0 0 72 0 0 0 0 66 0 0 37 0 0 0 41 0 33 34 0 5 0 0 0 0 0 41 0 71 0 0 0 0 0 0 0 0 0 0 0 0 0 80 0 0 48 53 0 0 85 0 0 53 0 0 0 0 0 88 0 0 0 0 0 0 0 0
0 0 0 0 0 0 0 0 79 0 34 0 0 0 45 31 62 0 92 0 0 0 0 0 26 0 89 0 0 0 0 0 72 45 0 76 0 0 0 36 0 0 0 0 0 0 0 0 0 0 0 0 0 0 0 0 0 0 13 0 56 20 0 0 0 0 0 0 0 0 0 0 0 10 0 0 71 0 87 0 31 0 0 0 0 0 0 0 0 0 0 56 0 15 25 0 0 0 0 18
32 70 0 0 64 0 0 0 0 0 42 0 0 91 0 0 0 0 0 0 6 50 79 0 0 0 44 94 53 2 0 88 0 0 5 89 62 0 0 0 0 0 0 0 0 0 0 43 0 20 0 0 15 22 0 0 0 0 0 100 0 0 0 0 87 0 0 61 0 15 0 78 0 8 69 0 0 0 0 0 0 0 11 0 0 50 0 0 0 7 0 0 0 0 0 92 80 0 0 0
52 0 0 0 0 0 0 0 0 0 20 0 0 0 0 0 0 49 0 0 0 97 44 0 98 0 97 48 0 0 0 0 8 78 0 41 48 0 55 0 0 0 0 94 90 0 0 0 0 0 0 28 0 0 0 0 0 0 0 0 0 96 0 0 0 99 17 35 0 0 0 27 0 0 0 0 0 0 0 0 44 76 99 0 0 82 0 26 0 0 0 0 0 0 31 0 8 30 34 0
0 0 0 0 0 0 0 39 0 0 0 41 92 73 0 0 0 0 55 0 0 82 28 0 80 0 4 0 16 75 0 0 60 0 0 26 0 0 0 0 84 0 0 0 0 82 0 0 0 50 66 0 0 0 97 0 39 100 4 0 0 0 0 95 0 0 0 0 0 0 0 0 89 0 88 0 0 93 0 0 72 0 0 32 0 0 0 73 74 42 22 64 15 0 47 0 0 0 52 0
0 0 0 14 72 36 0 0 0 0 0 0 0 0 0 49 0 0 0 0 0 0 0 40 0 0 0 0 0 0 0 37 0 0 0 0 0 0 61 0 57 0 0 0 0 0 0 92 0 0 0 0 0 0 0 0 0 42 0 0 0 0 0 0 77 87 0 89 0 88 64 0 3 0 0 0 0 7 0 14 0 0 0 0 0 0 0 66 69 0 0 65 4 0 97 0 0 0 0 68
12 0 0 0 47 0 13 0 55 47 0 0 57 0 0 0 0 0 0 0 0 0 0 0 0 0 72 0 0 0 0 56 56 76 0 0 0 84 0 0 22 0 0 0 0 0 9 0 0 0 0 0 0 0 0 0 0 79 0 0 94 0 0 0 44 0 0 0 4 0 0 0 0 0 0 0 0 0 46 0 0 0 60 0 0 0 0 0 0 0 0 31 0 0 0 15 0 49 0 0
0 32 0 57 79 0 0 0 0 0 0 0 0 66 19 0 0 0 24 60 0 0 64 60 0 40 85 0 0 0 0 0 45 0 0 1 0 0 0 68 0 0 0 0 23 0 0 0 54 0 0 0 69 0 0 0 64 0 58 12 0 0 82 69 0 43 0 0 80 0 0 57 0 0 0 0 0 0 0 0 0 0 0 0 0 0 0 0 0 0 0 100 0 72 41 28 0 0 0 0
0 0 0 0 0 0 57 13 66 0 16 0 0 0 0 0 0 0 0 40 62 0 0 60 0 0 98 85 70 0 0 0 0 0 0 0 0 2 0 51 0 0 0 0 0 0 0 0 0 33 0 0 0 0 0 24 0 0 76 0 0 0 0 0 0 0 0 0 0 0 0 0 76 0 0 0 0 0 51 0 97 0 0 0 0 0 0 0 0 33 0 0 0 18 13 0 0 2 0 0
31 0 0 18 0 0 0 0 0 89 0 0 0 96 0 0 0 0 0 0 0 0 0 0 0 0 0 0 97 0 28 0 0 0 34 0 0 0 0 4 0 0 0 0 2 0 17 0 0 0 0 0 0 0 0 0 0 0 70 0 0 67 0 100 0 0 0 0 87 57 0 0 0 0 0 0 0 0 0 27 0 0 0 0 0 0 0 73 84 0 0 40 0 0 48 0 0 0 0 0
94 0 0 57 16 98 0 0 0 0 0 0 0 88 46 0 0 0 0 0 0 88 0 0 0 68 0 0 0 66 0 8 0 0 0 0 0 35 0 17 0 0 10 94 0 0 4 0 0 0 0 0 0 0 0 0 0 76 0 0 0 0 54 0 20 0 0 0 0 0 0 0 0 0 41 0 0 0 6 0 0 0 0 11 0 39 0 0 0 0 0 0 0 0 0 0 36 0 0 0
0 60 0 0 0 0 0 0 0 0 0 10 0 33 48 0 0 0 0 0 0 0 5 0 0 0 0 0 0 0 0 0 6 0 0 0 0 45 0 0 0 81 0 0 0 0 97 63 23 0 0 0 0 38 80 0 4 0 91 24 0 0 0 27 0 0 0 0 0 0 0 0 0 48 0 0 0 0 0 0 0 0 0 0 0 13 0 82 0 0 0 0 37 0 0 0 0 0 0 44
0 0 0 0 41 0 0 96 93 0 48 0 0 0 0 64 0 11 0 0 22 0 0 30 0 36 41 0 14 0 0 0 0 0 0 50 0 0 0 0 15 0 0 0 0 0 0 0 65 0 0 0 0 0 0 29 0 0 0 0 0 0 0 0 3 0 0 0 0 41 0 35 0 0 0 76 0 0 0 0 0 0 22 0 0 0 0 0 0 0 11 0 0 0 0 0 0 0 0 0
0 16 0 49 0 0 0 0 57 0 0 0 68 0 52 94 0 0 0 0 0 0 0 22 49 0 0 0 80 85 0 34 0 0 0 0 0 30 79 73 0 0 0 0 0 0 55 0 34 0 0 0 0 0 0 57 0 0 0 0 0 0 0 54 0 0 0 0 0 82 0 0 0 0 52 0 0 0 0 0 0 0 0 0 0 0 0 0 46 0 0 0 0 0 0 16 0 0 0 23
0 32 0 0 0 0 46 0 0 51 0 21 0 0 0 31 0 0 0 0 0 0 0 0 0 0 0 0 0 0 0 86 0 0 0 98 54 19 0 0 0 0 0 0 12 0 0 0 0 0 0 79 0 0 0 0 0 0 20 0 68 43 0 0 0 0 0 0 0 0 0 0 0 0 0 0 26 60 0 0 0 0 0 36 0 0 0 0 0 0 0 0 0 0 30 0 0 0 0 0
65 0 0 0 0 0 0 0 0 0 11 0 0 0 0 0 0 0 0 26 79 0 0 0 82 0 0 0 1 0 52 0 0 0 37 33 0 0 0 0 0 0 0 0 35 0 0 0 21 0 0 0 79 0 0 0 0 0 0 82 0 0 0 54 0 0 0 5 72 0 0 0 49 36 0 0 0 0 0 0 0 0 32 0 0 93 33 0 47 0 0 32 0 0 8 2 0 0 0 46
0 0 87 0 0 0 0 76 0 100 0 0 63 65 0 0 0 0 0 0 53 0 0 0 0 0 0 0 0 0 0 13 0 0 0 0 4 0 0 15 0 0 0 0 0 0 0 0 0 0 6 32 87 0 7 0 0 0 0 0 49 0 0 81 34 0 0 39 0 0 88 35 17 38 0 0 0 0 60 0 0 0 0 0 0 0 0 0 0 0 0 0 0 0 67 15 0 0 7 13
0 0 0 0 0 34 0 0 67 0 0 0 0 0 34 46 0 0 0 0 0 0 0 87 0 6 0 0 0 0 0 0 0 83 0 1 0 0 0 0 0 73 0 0 0 0 0 0 0 0 0 0 0 70 81 0 0 0 0 0 0 72 0 16 74 0 0 96 22 0 0 0 0 0 0 0 22 0 0 90 62 0 0 0 0 0 18 0 0 0 0 0 0 97 0 0 0 0 92 0
0 0 67 0 0 0 0 0 0 0 65 85 64 0 6 0 0 50 0 0 0 99 0 93 0 0 0 0 0 63 26 0 41 0 0 10 0 0 0 0 0 0 96 0 0 76 0 0 0 0 18 0 0 0 0 0 18 0 0 0 0 0 94 0 62 0 22 0 61 0 0 0 0 31 0 95 0 87 0 0 49 16 0 0 0 57 0 39 0 0 0 0 61 0 0 0 0 0 0 0
41 0 0 0 0 0 0 39 0 0 0 26 0 0 0 76 0 78 95 0 0 18 35 0 0 0 23 37 0 0 0 0 0 0 0 0 25 0 0 0 0 0 0 0 0 77 0 0 0 8 0 97 50 0 0 0 0 0 0 60 42 58 0 0 0 0 40 0 0 0 0 0 0 39 0 94 0 0 0 0 29 0 0 0 0 53 0 41 32 0 0 0 0 77 0 0 85 0 0 0
0 95 79 0 0 45 32 0 0 32 0 73 0 0 0 0 0 0 26 26 15 10 0 0 0 0 0 0 0 0 0 0 0 0 0 0 0 5 0 0 0 0 0 0 0 0 0 0 0 0 0 0 0 0 0 0 26 0 0 0 0 0 0 0 17 0 67 0 0 0 5 0 0 35 0 0 0 0 0 0 0 0 38 0 0 0 0 32 0 0 0 0 0 0 0 0 88 98 93 49
0 0 0 0 0 45 80 0 0 0 81 0 96 0 49 0 0 0 63 35 9 0 0 0 0 48 0 0 0 0 0 0 0 0 90 0 0 0 0 0 0 0 0 0 34 0 0 48 64 0 0 90 26 0 0 78 85 0 0 70 0 57 0 85 0 0 0 0 0 0 0 0 100 0 0 0 0 86 45 0 0 0 0 0 59 0 0 62 0 0 0 20 0 0 55 0 12 92 0 0
0 0 0 0 0 0 0 54 0 0 0 26 0 0 0 0 0 0 0 0 0 0 0 0 8 0 0 0 0 0 0 0 0 0 0 0 0 0 85 6 0 65 0 0 0 24 0 44 0 0 0 0 0 0 0 0 44 0 0 0 0 0 0 88 0 45 0 0 0 0 0 0 0 0 0 0 0 26 0 74 26 0 0 0 0 9 0 0 77 0 0 0 60 7 67 0 0 0 0 84
0 71 0 55 0 0 0 0 36 0 14 76 0 0 0 82 0 0 0 0 73 0 0 0 46 0 0 1 0 0 0 0 0 0 0 0 0 0 0 0 0 17 0 0 0 0 0 0 74 0 0 0 94 0 0 0 13 0 53 0 0 0 0 65 0 0 0 80 0 0 0 89 0 87 0 0 0 0 0 78 0 76 0 0 0 5 0 0 0 0 43 0 0 0 0 0 0 0 44 0
0 0 0 54 0 0 0 71 0 0 0 0 0 0 0 0 0 99 0 0 0 0 0 0 0 0 97 0 0 0 71 0 0 64 0 50 99 0 0 0 59 0 0 0 0 0 0 0 0 0 0 0 0 21 0 0 10 0 0 14 0 34 28 0 99 78 0 66 0 95 0 79 55 0 10 15 70 0 39 12 84 0 0 0 0 12 0 0 0 0 0 0 0 0 0 0 55 0 2 0
0 0 13 0 0 0 0 0 0 0 0 0 0 11 0 0 0 0 0 0 0 0 0 0 0 0 0 0 0 0 0 0 0 0 0 0 0 0 0 66 0 0 0 0 0 0 0 0 0 0 42 0 73 0 0 83 0 0 0 0 93 0 0 0 0 0 0 0 24 88 0 41 0 0 0 67 0 0 0 0 0 26 0 0 0 0 0 9 0 92 57 0 0 71 0 0 0 31 0 71
0 0 0 0 0 0 0 0 0 48 0 0 0 0 72 0 0 0 0 86 0 0 59 0 0 0 0 33 0 0 79 0 0 0 0 80 9 41 25 0 0 100 0 0 0 66 82 13 0 0 0 0 0 0 0 0 0 0 0 0 0 0 0 0 89 0 24 0 0 31 0 0 0 33 0 0 0 44 0 0 0 0 0 0 0 0 0 0 0 0 0 0 71 43 36 0 4 0 0 80
0 62 0 0 0 0 0 0 0 0 0 0 0 0 84 0 76 58 28 90 0 0 0 0 71 0 0 38 81 0 0 0 75 25 0 21 40 41 0 0 0 0 22 35 0 0 86 0 67 5 0 0 0 0 0 0 71 0 65 0 87 78 0 0 0 0 0 0 0 0 0 0 0 100 0 0 6 92 0 0 0 0 0 6 0 0 53 0 0 0 0 0 0 0 0 23 0 45 0 44
0 0 0 0 0 74 0 0 88 0 0 0 0 0 0 75 0 0 0 0 0 0 0 34 0 0 0 0 20 0 0 0 0 29 0 0 0 87 14 0 0 0 2 0 0 0 0 38 41 0 0 0 45 0 0 0 0 95 0 95 0 17 0 28 0 0 76 0 31 64 0 0 72 0 0 0 0 23 0 100 0 0 0 0 0 0 0 0 13 0 0 0 0 0 0 0 0 0 0 57
75 0 0 0 0 0 0 0 0 53 0 0 0 0 86 0 7 0 0 0 0 47 53 7 0 0 82 0 0 44 0 0 0 23 99 0 0 0 0 0 0 0 0 11 0 0 0 0 0 0 88 0 0 0 0 0 0 0 93 0 66 72 6 0 0 0 0 0 0 0 0 0 0 0 0 0 28 0 2 25 0 65 76 0 0 61 0 0 88 0 0 0 0 0 0 0 0 0 91 0
0 23 4 0 49 42 0 26 0 0 0 0 0 0 0 0 28 0 47 0 0 0 0 69 0 0 40 96 0 74 0 91 0 95 0 0 0 23 0 0 76 0 79 0 19 0 0 0 55 0 0 0 0 0 0 0 0 0 0 32 0 0 0 0 0 0 0 0 0 0 0 0 0 0 67 25 0 0 0 71 0 0 0 0 0 0 0 0 0 81 0 0 0 0 41 0 0 0 0 0
59 0 37 63 0 0 0 0 0 0 0 0 0 0 98 0 0 0 0 0 0 0 73 0 0 64 0 0 0 0 0 52 0 0 0 0 0 56 0 67 94 0 11 0 0 71 24 0 0 0 72 0 99 8 14 0 0 33 0 0 0 48 0 0 0 0 25 0 2 0 0 0 0 0 0 0 100 46 0 1 0 0 23 0 72 0 77 0 0 59 49 0 0 0 0 79 98 0 33 0
0 0 99 0 0 0 0 0 0 0 0 0 0 0 37 0 0 0 0 0 0 14 0 14 0 0 50 0 0 0 0 0 0 0 0 87 0 0 48 0 0 71 0 0 0 27 0 0 0 0 6 0 0 0 0 0 64 0 84 0 0 0 0 7 0 84 0 0 0 0 27 0 0 85 0 0 0 0 0 0 0 0 0 0 0 52 0 0 0 0 0 38 0 0 0 67 0 0 0 0
0 0 32 0 0 0 0 0 0 0 0 0 0 0 0 0 0 72 71 0 21 0 0 74 0 0 0 0 0 0 0 0 0 0 0 0 0 0 0 47 18 0 0 90 0 0 0 0 0 0 1 35 0 89 0 68 0 0 58 0 0 100 48 0 0 0 0 13 0 0 0 90 0 0 0 0 37 0 0 76 0 0 30 50 0 46 0 0 83 0 0 0 39 0 0 1 30 0 0 0
0 0 0 0 0 0 0 0 0 0 11 0 0 0 0 73 0 0 0 31 0 0 0 0 1 1 0 0 53 46 61 78 0 0 0 0 41 0 0 97 0 0 0 0 0 62 0 0 0 0 0 0 100 33 0 5 0 0 77 0 0 0 0 0 86 0 0 0 23 0 0 0 56 0 66 0 0 0 40 0 0 72 0 0 56 0 0 35 0 0 0 8 0 0 0 87 0 0 0 89
8 0 0 99 39 0 0 0 0 94 0 0 18 0 20 5 0 0 0 0 0 0 46 7 0 0 63 0 85 0 40 0 19 0 54 32 86 0 0 0 0 0 0 0 70 0 0 0 0 0 0 46 0 0 0 0 7 0 0 0 0 60 0 57 0 62 0 0 0 66 0 0 0 27 0 67 0 0 0 0 0 0 0 27 0 15 0 0 38 0 0 11 0 0 0 0 0 0 0 0
0 0 0 0 0 0 0 0 0 0 63 0 0 60 0 89 0 0 0 0 0 23 0 0 0 0 0 0 0 0 0 0 0 0 0 41 2 0 19 0 22 0 0 0 0 0 100 0 48 0 0 0 6 0 0 0 23 12 0 0 83 0 58 0 0 75 0 84 84 0 49 6 36 0 30 0 17 0 0 0 99 0 24 39 0 0 0 0 0 89 51 0 0 0 31 0 0 51 0 0
3 36 0 48 75 0 0 0 99 0 0 0 0 62 58 0 10 0 0 0 88 16 0 23 0 0 0 0 0 42 0 96 0 0 0 0 0 0 45 0 0 64 0 74 0 33 80 0 0 0 0 0 0 17 2 0 80 0 10 0 0 39 0 0 68 0 0 0 0 0 0 0 50 0 52 99 0 0 61 0 0 0 0 88 0 71 0 0 0 0 0 39 0 2 76 0 77 0 0 0
0 0 0 0 0 44 40 0 0 41 63 0 78 0 0 0 0 53 0 0 0 0 0 43 0 0 0 60 78 0 0 0 0 0 0 0 0 31 0 0 0 0 0 0 0 0 0 0 0 0 0 0 0 0 0 98 83 67 88 0 0 0 0 0 0 86 0 0 0 0 11 0 0 0 0 39 0 0 0 0 0 0 30 0 97 0 15 0 0 0 0 0 0 0 27 0 0 2 0 0
73 0 0 0 0 0 57 0 0 0 69 0 0 88 0 0 81 0 0 0 99 0 0 71 0 0 0 0 0 0 66 87 0 0 0 0 0 0 41 0 78 96 0 0 22 0 0 0 0 0 15 0 0 26 0 92 71 0 97 44 0 0 0 29 0 34 0 0 76 6 72 0 0 22 0 80 0 0 0 92 0 0 0 0 0 0 0 32 0 0 94 0 12 50 0 0 0 0 0 0
0 54 0 0 0 86 0 0 66 0 0 0 0 85 71 0 0 96 0 0 0 0 0 0 0 31 0 6 0 0 0 0 0 0 0 48 0 0 37 0 0 0 0 0 0 0 55 0 0 0 39 7 97 0 0 85 0 0 0 0 0 22 0 0 17 0 0 0 0 71 29 0 54 91 0 0 0 0 0 0 81 0 0 0 0 0 0 0 0 0 0 0 0 0 1 0 23 0 0 0
0 0 0 0 0 0 0 95 0 88 0 0 0 0 0 0 0 67 12 0 0 0 0 0 0 10 0 0 0 0 0 65 41 0 0 0 48 0 0 96 42 67 0 0 0 0 25 0 34 44 0 0 0 0 0 0 0 0 0 0 0 0 0 28 0 0 0 0 0 0 0 0 0 0 0 18 0 0 79 35 0 0 0 3 0 38 0 0 0 0 0 0 0 0 25 0 0 5 0 0
0 0 0 0 91 0 0 0 69 11 46 0 80 0 0 0 0 9 0 27 0 97 87 0 0 0 0 35 0 0 65 0 0 0 34 0 0 0 0 0 0 0 0 0 0 0 0 0 93 0 0 0 0 0 0 0 0 0 0 0 0 0 0 0 0 0 0 0 0 0 0 74 50 39 0 0 0 0 57 0 76 0 0 92 0 0 0 0 0 0 0 93 78 14 0 0 0 0 30 0
65 0 0 0 0 41 0 0 0 0 34 0 33 6 0 0 0 44 0 0 4 0 0 0 0 0 25 0 0 0 0 0 0 0 95 0 0 0 84 0 0 0 0 52 22 0 0 0 0 0 82 0 34 0 0 3 0 0 0 0 81 0 0 0 72 0 0 0 0 0 0 0 0 0 0 0 0 0 29 0 0 60 0 35 0 0 0 0 0 31 0 0 0 0 0 0 0 0 0 0
0 0 0 0 0 4 0 0 0 0 87 0 0 0 0 0 56 0 78 89 0 0 0 76 28 0 0 0 0 0 54 48 0 0 0 0 0 0 0 0 0 0 0 0 0 5 0 0 12 0 0 0 0 2 0 16 0 0 0 0 0 0 7 0 0 94 95 71 0 0 0 10 33 0 46 18 0 0 19 74 0 0 0 0 0 14 83 32 0 0 0 0 0 0 12 0 0 0 0 0
0 0 0 16 0 0 0 0 0 0 0 77 48 0 0 0 0 0 0 0 0 19 0 48 37 0 0 0 66 85 45 0 0 0 0 0 0 0 0 0 0 0 0 45 0 0 0 0 0 0 0 57 93 0 0 0 76 0 83 0 0 0 0 45 0 47 0 0 0 0 50 0 0 0 0 0 0 0 0 0 62 0 0 0 0 0 0 73 0 0 0 84 0 0 0 59 0 43 0 0
0 0 0 0 8 54 98 43 0 54 0 63 35 0 0 0 71 0 1 0 74 36 0 87 0 0 1 0 0 0 74 0 86 11 0 0 0 0 0 13 0 95 0 0 0 0 0 66 17 87 0 0 0 0 62 0 0 0 0 0 0 46 0 0 0 69 0 0 0 17 0 0 0 0 0 0 0 0 71 0 16 0 0 0 0 0 62 63 0 0 0 0 0 0 0 0 0 0 0 0
0 0 76 0 0 43 0 0 88 97 0 0 0 12 0 29 0 0 65 0 0 0 43 0 0 0 0 5 0 3 0 0 0 73 0 0 0 0 0 85 0 0 0 0 0 6 45 0 0 0 0 43 0 0 0 0 1 0 0 88 88 0 0 0 0 0 0 0 61 76 0 0 16 0 0 0 13 0 29 80 0 0 0 0 0 0 0 0 0 0 0 5 84 0 0 0 89 0 0 0
0 5 82 0 27 0 0 0 0 0 0 0 0 0 0 0 0 5 0 0 0 0 82 0 0 99 0 0 0 0 0 0 0 0 0 0 0 0 94 0 52 0 0 0 0 21 0 81 70 56 53 0 0 0 0 2 0 0 0 0 0 0 0 0 0 0 0 0 0 0 0 0 0 5 0 38 2 0 62 60 0 0 0 0 0 0 0 0 81 0 0 69 16 0 0 0 0 46 0 0
0 44 0 0 0 0 41 0 0 0 0 0 0 54 0 0 0 0 0 67 14 0 0 0 0 0 0 22 0 0 0 69 0 32 0 32 0 0 46 0 0 0 0 0 0 89 0 0 0 0 0 0 0 0 1 0 0 0 0 47 0 0 88 93 0 0 0 0 0 0 0 84 0 0 61 0 27 0 49 0 0 0 0 0 0 49 0 0 0 0 0 0 0 0 0 0 0 0 0 0
0 0 21 73 0 50 0 0 0 51 0 0 0 0 0 91 0 0 0 20 33 55 0 0 33 28 39 5 0 0 0 7 0 0 84 0 0 0 0 0 0 0 0 0 0 0 0 21 0 60 95 69 0 0 0 0 72 0 0 0 2 0 13 0 0 0 78 94 67 59 0 0 0 0 0 0 70 0 0 0 0 18 95 0 0 0 0 0 0 0 0 90 60 0 0 0 69 83 0 0
0 35 0 0 0 0 0 0 36 0 30 94 0 73 0 0 0 0 0 0 0 0 0 0 0 0 0 0 0 0 0 0 0 0 0 0 44 0 38 0 0 0 0 25 0 0 0 0 0 24 0 0 0 0 0 0 0 0 0 0 6 0 0 31 0 79 54 0 0 82 0 0 0 0 0 0 1 0 0 0 0 0 0 7 0 0 0 0 0 60 0 0 36 0 0 0 0 0 83 36
0 0 0 0 0 0 64 0 98 0 48 0 85 0 0 0 5 0 0 0 0 85 0 0 0 0 0 0 0 0 53 0 23 0 0 39 0 0 96 0 0 0 0 0 0 0 0 41 50 0 0 0 59 38 86 0 0 0 0 0 0 0 34 0 73 0 0 23 0 0 0 0 93 0 0 0 78 0 0 0 77 0 0 0 77 57 0 0 0 0 46 0 0 0 0 0 0 0 0 0
0 0 0 0 0 0 0 0 47 3 0 72 0 0 0 0 0 0 0 0 0 95 83 0 88 0 93 0 0 8 0 50 0 0 0 12 0 33 0 0 0 22 0 12 0 0 0 0 0 0 72 85 0 0 70 0 0 0 0 0 0 0 0 91 17 97 0 0 0 49 0 0 0 0 0 0 0 0 0 0 0 0 0 0 0 0 23 0 0 23 24 0 0 32 0 0 94 4 0 0
0 0 0 0 0 0 0 0 0 18 0 0 54 59 0 0 0 66 0 0 0 0 87 0 45 0 0 0 0 0 16 0 0 0 0 0 0 91 0 0 0 0 0 0 0 93 0 92 75 0 0 0 0 0 0 75 0 0 0 0 72 88 0 27 11 0 0 0 0 0 0 0 0 0 50 0 46 0 80 0 72 7 62 0 12 0 0 0 0 0 47 0 0 0 0 0 0 0 36 57
0 0 0 0 0 30 50 0 9 31 0 0 0 0 0 0 26 0 0 0 0 0 0 0 0 0 0 0 0 0 0 0 0 48 0 0 0 0 0 0 0 0 60 0 0 0 77 0 31 0 0 0 0 0 19 0 0 0 0 0 0 73 13 0 0 53 0 0 0 0 0 0 0 0 0 0 21 0 0 0 0 42 0 85 43 0 0 0 0 0 0 73 0 0 0 0 43 0 0 0
0 12 0 100 0 0 0 0 0 0 72 0 0 0 0 0 0 0 34 0 0 99 0 68 0 96 0 0 0 0 0 0 64 0 0 75 0 0 0 0 0 0 0 0 0 0 0 86 0 0 0 47 0 0 0 0 65 0 4 0 0 0 27 0 0 0 0 0 0 0 0 0 0 54 0 0 42 0 0 55 0 0 0 0 0 48 66 0 0 0 0 0 37 0 0 0 0 50 0 75
0 0 0 0 0 0 0 0 0 94 18 91 0 0 0 79 25 17 0 0 0 0 0 0 0 98 0 0 0 46 0 0 0 0 0 0 0 0 44 0 0 0 0 0 96 13 43 0 0 30 0 0 0 0 81 27 0 0 0 0 0 0 0 0 57 45 0 0 0 97 31 0 0 0 74 0 0 0 0 0 0 0 0 0 0 0 0 86 0 31 0 77 0 0 0 0 0 79 0 0
0 0 17 58 0 0 0 0 0 0 0 27 67 0 0 0 0 0 100 0 0 0 15 0 62 68 0 0 21 0 0 0 0 0 0 0 0 0 0 0 2 0 0 0 95 0 7 0 31 0 0 0 26 0 0 0 30 0 0 0 0 0 0 98 23 0 0 0 0 0 0 0 78 41 0 0 78 0 0 21 45 0 0 77 31 0 0 0 0 40 0 0 0 0 0 0 1 0 0 0
0 0 0 0 0 0 6 0 0 0 0 0 0 0 0 0 0 0 0 0 75 8 50 34 0 0 57 0 0 0 0 0 0 43 54 0 0 0 83 0 0 0 0 87 0 0 0 0 0 9 0 0 0 0 0 0 39 0 0 33 0 0 0 0 0 0 0 0 52 0 2 0 0 0 0 0 0 12 0 100 0 25 25 0 40 0 0 70 0 0 64 0 83 0 0 42 0 81 0 0
0 0 0 43 0 0 0 0 0 0 35 76 77 77 0 0 0 12 50 0 65 0 0 0 56 0 0 0 68 0 0 43 0 0 0 0 2 0 10 0 0 0 0 0 0 100 1 0 0 25 0 0 0 0 0 0 0 74 24 69 0 0 0 0 88 0 0 0 0 0 0 0 0 0 0 21 0 0 0 0 9 0 0 0 0 0 0 5 0 90 0 31 0 0 0 40 0 0 0 0
0 0 68 0 0 0 0 0 12 0 0 0 0 0 0 54 0 0 0 95 39 0 0 0 0 0 0 0 80 0 0 32 0 0 0 0 0 0 0 85 66 0 0 0 22 0 58 79 61 0 0 0 0 8 0 0 0 0 0 0 0 0 0 44 0 0 9 0 0 0 0 95 0 0 0 0 0 30 10 77 0 0 0 0 0 0 0 0 0 0 0 0 38 0 0 0 0 0 0 0
0 0 87 12 14 84 15 0 0 0 0 0 0 0 0 0 83 0 0 0 0 61 0 0 0 0 100 0 0 0 0 49 0 0 0 0 69 0 53 0 0 0 0 0 0 0 69 0 0 0 0 0 85 0 0 0 0 0 0 0 78 57 0 23 5 0 82 0 0 13 0 0 0 0 0 0 0 0 0 0 0 0 0 0 0 0 0 0 0 0 0 0 0 0 0 0 0 5 67 25
97 38 0 0 0 0 0 0 0 70 45 77 0 82 31 0 0 0 0 39 0 39 0 2 0 59 0 0 0 0 0 99 0 0 0 0 0 0 0 0 0 0 0 81 0 0 68 58 0 0 78 0 0 0 83 0 0 2 30 0 94 57 0 0 28 90 0 16 71 0 6 0 0 0 0 88 0 12 0 16 0 0 0 0 0 0 0 86 0 98 1 0 0 0 0 0 0 0 14 98
0 0 0 0 0 0 0 0 0 0 0 0 0 0 0 64 0 0 0 81 0 16 0 16 0 0 15 75 0 0 0 0 0 0 0 16 0 0 0 2 0 8 70 0 0 0 51 4 12 0 30 81 0 0 35 77 12 7 0 0 0 8 57 0 0 0 0 0 13 0 0 98 0 0 0 0 0 0 0 0 9 0 0 0 0 82 0 0 13 0 0 0 19 0 51 0 0 0 0 0
0 0 0 0 0 0 0 0 0 0 0 0 0 0 21 0 0 0 0 0 0 0 21 19 0 0 0 0 0 0 5 0 48 81 49 0 0 0 39 81 46 0 0 0 0 0 0 0 0 0 0 0 0 99 0 59 0 0 0 0 0 29 0 0 0 0 0 0 0 0 55 0 0 32 14 0 0 0 0 0 64 0 0 0 0 0 90 0 60 99 90 20 0 0 0 0 14 0 9 0
50 84 91 0 52 0 0 56 0 0 0 0 0 0 13 58 4 0 19 3 0 0 0 0 0 0 69 0 0 0 38 0 0 0 0 0 0 0 0 63 0 0 0 0 0 0 0 0 92 0 0 88 0 58 0 0 0 0 0 0 0 0 0 0 0 0 0 45 48 87 37 0 0 0 28 0 87 0 0 0 25 62 0 0 0 0 0 33 0 0 0 0 0 0 16 51 15 0 0 0
0 72 9 0 0 25 0 0 45 0 0 8 0 13 0 0 7 0 0 55 0 0 0 0 0 0 0 0 0 0 0 0 0 0 70 95 12 7 0 0 0 0 0 100 0 48 0 0 33 82 49 6 0 0 0 0 0 0 0 0 0 0 0 11 0 59 0 0 96 0 0 0 0 0 34 0 27 0 0 0 0 0 38 0 0 0 40 0 0 37 0 0 1 0 0 0 51 8 0 63
0 41 0 90 67 80 0 0 0 0 0 0 0 0 0 0 26 0 36 0 0 0 0 0 0 0 0 0 0 0 0 0 0 0 0 0 18 0 12 24 0 0 0 0 0 6 0 0 0 0 0 0 0 0 3 0 0 0 0 23 88 0 74 0 0 0 0 0 0 0 0 0 0 0 0 0 0 0 0 0 39 0 0 92 10 0 0 0 0 0 0 0 0 0 0 0 0 0 0 0
60 50 0 63 97 0 0 38 0 0 0 73 0 0 25 0 0 0 29 0 0 0 0 0 0 0 0 84 0 81 0 0 0 0 40 0 0 0 87 0 0 0 72 0 0 85 0 0 0 0 0 0 66 0 0 0 0 0 0 0 0 0 0 7 89 0 0 0 4 0 0 0 0 0 0 0 62 0 15 43 0 0 0 96 86 0 88 0 0 61 0 0 0 0 0 0 0 0 0 0
0 0 0 0 89 0 71 56 0 0 0 0 0 0 0 40 0 0 0 9 0 0 0 0 0 0 0 0 0 0 0 0 4 0 0 0 0 0 47 0 0 0 0 0 0 0 0 0 0 25 25 0 0 0 0 0 0 0 0 0 0 0 2 0 0 0 0 0 19 0 0 89 0 13 54 34 0 0 0 0 0 41 0 0 0 0 0 84 0 10 4 0 84 19 22 0 0 70 0 0
0 0 0 0 0 37 0 0 43 0 0 0 32 0 0 0 0 0 0 0 0 29 0 59 0 0 1 50 0 0 0 0 0 0 0 0 0 0 0 0 0 20 0 0 69 0 0 88 0 0 0 0 3 0 0 0 0 0 0 2 0 0 0 58 0 91 89 61 58 78 0 0 0 49 0 0 0 0 0 0 81 0 0 0 0 0 85 0 0 0 0 0 49 40 0 0 0 0 0 0
0 0 0 0 0 0 0 0 0 0 0 0 0 80 0 0 0 0 78 1 0 0 92 0 0 0 0 81 0 0 0 0 0 0 45 0 0 78 0 0 0 0 0 0 4 0 0 0 0 43 0 0 0 22 0 91 33 0 13 0 0 11 0 0 86 0 0 0 36 19 0 0 0 0 0 0 0 0 0 0 0 0 0 0 0 0 0 0 98 0 60 0 92 0 0 17 50 0 0 0
57 0 0 23 0 0 0 74 0 0 0 36 0 0 0 0 95 0 86 0 0 0 48 0 27 0 0 0 38 85 0 0 0 0 0 0 0 27 0 0 0 0 0 18 74 0 0 0 0 0 0 0 0 78 61 83 19 0 0 0 0 0 0 0 0 0 0 0 0 0 0 15 0 0 46 0 0 0 0 42 41 0 0 67 0 0 0 0 0 50 0 76 0 0 0 0 0 0 0 0
0 42 0 0 0 0 0 70 0 0 68 77 37 0 24 0 0 0 0 0 0 0 74 0 0 43 0 50 0 0 0 0 0 0 0 0 23 18 0 0 0 75 0 0 0 0 0 0 64 0 0 0 0 2 0 0 24 17 0 0 0 0 0 0 0 72 74 85 0 36 0 63 0 48 0 0 18 36 0 0 0 97 0 78 93 0 0 0 0 0 0 0 0 0 0 0 0 0 3 32
0 0 11 0 0 0 0 0 0 0 0 0 0 57 0 0 0 1 0 0 0 0 0 0 18 47 34 0 53 69 0 81 76 0 18 7 0 0 0 0 0 0 0 0 0 0 0 0 27 0 0 0 21 0 0 0 0 34 0 70 0 0 0 0 0 0 0 0 100 9 0 41 0 0 0 0 0 0 0 0 0 0 0 0 0 0 0 70 10 0 0 0 0 66 0 51 0 0 0 18
0 32 0 80 47 0 0 0 0 90 0 9 55 39 0 0 0 100 0 0 0 0 0 0 69 0 0 0 0 0 0 0 0 47 13 0 0 8 0 0 0 0 0 0 0 0 0 0 0 0 0 0 39 0 0 0 0 66 0 0 0 0 0 0 0 0 6 0 0 0 54 0 44 0 0 0 0 0 0 0 0 0 0 0 0 0 0 0 0 0 30 0 0 51 0 12 95 0 0 0
0 0 0 0 0 35 0 0 0 0 0 0 0 0 0 0 0 0 0 0 80 0 82 37 0 0 0 0 0 68 0 0 51 59 0 0 0 52 0 0 0 25 0 0 0 94 46 24 53 0 0 100 65 0 0 0 0 0 0 0 0 0 92 0 93 0 0 50 64 0 0 0 0 0 1 40 18 0 32 0 73 0 0 0 0 0 0 0 36 98 0 0 93 0 63 100 0 22 63 0
0 0 0 61 0 0 8 0 0 91 82 0 0 0 0 0 0 0 49 0 0 44 0 0 37 0 38 26 0 0 3 78 0 0 0 80 0 0 0 77 0 0 0 0 0 0 0 20 60 27 0 0 0 77 35 34 86 0 0 0 0 0 0 1 0 0 0 0 0 0 0 79 0 33 41 0 0 0 0 0 0 0 0 0 0 0 0 0 0 0 0 0 85 0 61 9 0 3 0 0
0 0 76 0 0 0 0 79 0 32 37 54 0 0 0 23 0 0 0 0 0 42 0 0 0 0 0 98 0 0 0 0 52 0 0 0 0 0 64 0 0 50 0 0 87 90 0 0 0 60 0 0 0 0 0 0 0 0 0 99 0 86 0 0 28 16 0 0 0 0 0 0 0 55 0 0 0 0 82 0 0 2 0 0 0 0 48 68 0 0 0 0 59 0 0 43 0 0 0 0
0 0 0 0 0 0 0 0 0 0 0 0 0 0 51 37 44 0 0 0 0 0 0 0 0 0 0 0 0 0 64 0 0 53 0 0 99 44 0 0 0 0 0 0 0 0 0 0 0 0 0 0 0 0 72 13 0 0 0 0 0 24 0 0 0 0 0 35 0 0 0 0 87 0 49 0 0 0 0 0 74 99 0 0 0 0 0 0 0 31 10 0 41 0 0 0 0 0 0 0
0 0 0 0 0 0 0 0 0 53 51 77 0 0 14 0 0 0 0 16 0 0 0 26 0 0 0 51 0 0 0 0 0 0 0 0 0 0 29 0 0 0 0 100 0 0 0 92 0 0 39 0 0 0 47 0 44 0 0 0 0 18 0 0 88 0 16 0 0 0 0 0 0 0 0 0 0 0 28 0 0 0 0 0 0 0 0 0 0 69 0 0 0 0 7 0 0 0 0 0
0 57 0 0 0 0 0 0 0 61 0 0 0 0 95 67 0 60 0 0 82 0 0 0 0 0 0 18 0 0 0 34 0 0 0 0 0 0 0 0 0 0 0 0 40 0 0 0 3 55 45 0 89 0 83 83 29 4 0 0 0 0 6 0 0 0 0 0 0 3 0 42 0 0 0 62 22 0 0 0 0 0 5 0 0 0 0 0 0 0 70 13 60 0 0 0 63 0 94 0
0 0 0 0 91 46 0 0 0 0 0 6 0 0 0 0 47 76 0 0 97 0 0 0 0 0 0 0 0 77 0 71 14 0 43 0 0 7 40 0 24 0 0 0 0 0 33 0 0 0 0 0 37 64 45 36 0 0 97 0 0 0 0 0 0 0 72 0 0 0 0 0 0 0 0 0 0 0 0 0 0 63 0 36 0 0 0 0 0 0 91 0 0 91 31 0 20 0 0 2
0 0 0 0 0 0 0 0 0 0 0 0 0 0 0 87 0 0 59 0 61 0 0 0 0 0 0 0 0 29 0 0 24 0 0 0 0 0 0 0 0 0 0 0 49 0 100 0 0 99 0 5 0 0 0 0 0 0 42 0 0 69 0 0 0 0 16 0 22 0 0 0 0 0 98 0 0 0 0 29 0 0 0 0 0 0 0 32 22 0 0 0 0 87 29 0 0 84 0 28
99 0 9 0 0 0 0 0 0 0 61 0 0 0 81 0 0 0 0 0 37 0 0 0 0 0 0 0 79 0 0 0 11 0 0 0 0 0 0 0 0 0 0 0 0 0 0 0 0 0 0 0 0 0 32 0 42 0 82 0 0 0 0 52 0 91 0 0 66 0 83 0 73 0 11 0 0 80 0 88 8 0 0 40 93 18 0 0 21 0 0 0 0 0 0 0 78 18 0 0
0 0 0 0 0 0 0 0 0 55 0 0 0 53 34 0 0 0 0 0 23 0 0 0 0 0 25 0 71 62 0 0 0 0 0 0 0 0 0 0 0 0 0 0 0 0 0 0 0 0 0 0 0 0 0 0 19 0 0 0 0 0 0 0 84 0 0 0 0 0 0 0 0 0 0 42 0 0 0 24 12 0 0 35 30 54 0 0 0 40 0 1 0 0 0 81 0 0 0 0
45 0 0 0 0 0 0 87 72 0 0 0 30 0 53 63 0 37 0 0 69 8 41 0 0 0 0 0 31 5 12 0 0 0 0 0 0 0 0 0 36 0 93 0 0 46 0 0 66 0 83 0 52 0 0 0 0 0 27 0 0 0 0 54 0 0 0 0 0 0 0 97 0 0 0 0 0 0 0 45 80 0 0 0 0 0 66 0 0 0 0 0 0 0 0 0 0 53 26 0
97 0 0 0 0 0 0 0 0 0 0 0 0 0 0 45 0 0 16 79 79 0 0 0 27 45 0 0 99 59 2 33 0 0 31 47 0 0 99 79 44 42 74 66 0 0 0 0 0 0 0 0 0 0 30 0 0 16 0 0 0 96 0 0 0 68 15 64 0 83 100 30 0 44 0 0 0 84 37 0 0 0 0 0 0 0 70 0 0 0 0 0 0 80 0 0 40 0 0 0
0 0 0 0 0 0 0 81 0 0 0 0 0 0 0 0 0 0 59 0 0 0 0 70 0 0 0 37 0 53 0 0 0 0 12 0 0 0 0 0 0 0 0 0 100 0 70 0 0 0 0 0 0 0 98 0 0 0 0 0 11 0 0 0 70 52 0 55 0 0 0 71 0 0 0 0 0 0 0 63 85 0 0 0 63 0 0 0 0 0 0 0 20 0 0 0 0 0 0 0
0 0 0 35 0 98 0 0 0 0 0 0 37 0 0 0 0 0 0 93 0 0 83 0 0 0 0 0 0 0 0 0 63 0 91 0 0 0 62 0 0 0 0 0 0 0 0 0 0 0 31 0 0 0 0 0 99 0 0 0 34 0 0 0 0 0 0 0 0 0 0 0 0 5 50 0 25 0 0 0 0 0 0 0 0 0 0 0 6 72 51 73 34 0 0 0 0 0 87 0
80 0 0 0 0 0 0 0 0 39 0 0 0 0 0 0 83 0 0 0 0 0 0 0 0 72 0 0 0 0 0 0 0 0 0 41 0 0 0 79 0 0 0 0 0 37 0 39 0 0 53 0 35 78 0 0 0 0 69 39 0 0 0 0 0 0 0 53 0 1 0 0 0 0 0 0 0 0 80 7 0 23 0 0 0 0 0 0 0 0 16 58 0 55 0 0 0 22 77 0
0 0 0 0 0 0 0 61 0 0 0 0 88 77 0 0 0 0 0 6 0 6 77 0 0 0 77 0 0 81 12 0 0 0 0 0 0 0 42 0 0 0 0 0 30 0 0 0 0 0 0 0 0 78 0 0 0 0 0 0 70 65 0 0 0 1 17 29 0 71 0 0 0 0 0 0 0 0 0 0 0 0 0 0 0 0 0 6 0 0 0 0 0 0 0 0 0 0 72 40
0 0 77 0 0 70 27 0 0 0 85 51 61 0 0 0 0 0 0 0 18 7 0 0 0 0 13 0 0 0 0 0 0 0 0 0 0 65 0 0 0 82 0 0 0 0 26 0 0 0 0 0 0 38 0 0 100 0 0 60 0 0 74 0 82 0 0 0 0 0 0 0 44 0 0 0 0 22 0 0 0 0 0 100 0 0 0 0 44 0 33 0 0 0 0 0 0 25 19 94
63 9 0 0 0 0 23 0 0 11 0 77 92 0 0 0 5 0 0 0 0 68 0 0 89 0 50 0 0 0 0 0 0 0 30 0 37 15 0 0 62 0 27 0 0 0 98 0 73 0 0 0 0 0 0 34 0 0 0 0 0 0 0 0 0 100 0 0 39 51 0 63 0 0 52 54 0 0 0 0 0 21 0 0 60 0 27 0 0 0 4 0 0 0 0 0 0 37 0 37
61 0 0 6 0 0 68 0 89 4 0 100 0 59 0 40 0 0 0 0 0 100 0 0 0 0 0 0 0 13 0 0 30 18 0 0 0 9 34 0 0 0 0 70 0 13 25 0 52 0 0 0 0 23 0 0 0 0 0 0 0 0 0 0 0 0 0 0 0 0 0 0 0 0 70 0 0 84 79 0 0 0 51 0 33 0 0 0 0 0 0 0 0 0 8 0 0 0 36 0
57 91 91 0 0 0 0 0 0 0 0 4 0 0 0 0 35 0 0 0 35 0 0 0 0 0 45 0 0 0 0 0 0 17 0 0 0 94 0 0 0 0 0 0 0 0 43 0 0 0 7 0 0 68 0 0 46 0 44 51 0 0 92 0 0 0 66 0 2 75 0 0 0 0 12 35 0 0 0 71 0 80 0 0 0 82 0 0 0 0 0 0 0 0 69 76 0 68 10 91
0 0 0 0 45 0 0 77 89 0 0 0 0 0 0 0 0 54 34 0 0 0 0 68 18 62 0 0 0 0 14 0 70 0 0 0 0 0 0 0 0 0 0 77 0 64 0 0 0 0 90 0 0 0 17 44 0 0 0 0 0 0 0 33 0 0 69 0 21 0 0 0 0 0 0 0 100 0 48 0 31 0 0 0 0 0 55 48 87 89 0 0 0 0 0 0 0 0 0 0
0 37 0 62 29 0 0 79 0 0 0 0 0 0 0 0 0 0 0 0 0 0 0 0 45 16 98 0 0 29 0 0 0 0 0 0 0 0 87 0 60 0 0 63 0 0 21 0 0 0 0 0 0 0 0 0 0 0 0 0 0 0 0 0 0 0 0 33 92 0 0 0 1 0 0 0 0 0 5 0 0 35 0 0 0 0 0 0 0 0 0 0 0 0 35 37 0 64 0 80
0 0 0 0 0 0 0 0 24 37 0 0 0 0 0 0 0 0 0 0 0 0 0 0 0 0 0 23 0 0 0 0 0 0 97 0 0 0 0 6 0 46 0 71 89 0 0 0 0 0 0 0 20 0 0 0 0 0 76 0 50 0 2 0 0 0 0 0 0 0 0 0 61 0 0 0 70 0 0 0 0 0 0 0 0 0 0 0 97 93 0 0 0 0 0 63 0 0 0 0
0 89 0 92 0 0 0 0 0 0 83 0 76 0 0 0 0 24 0 0 0 0 0 30 48 0 97 80 0 0 0 0 0 0 0 0 73 0 0 0 0 44 0 0 28 0 0 0 37 0 7 35 0 11 0 0 0 0 0 45 0 12 0 0 0 0 0 0 0 0 0 0 0 0 0 74 0 0 54 93 0 0 18 0 0 5 0 0 0 0 0 13 0 0 0 0 0 0 0 0
0 0 0 0 0 0 0 0 69 0 85 0 0 0 21 14 15 0 17 0 0 0 0 0 84 0 67 0 0 0 0 0 39 50 0 29 0 0 0 38 0 0 0 0 0 0 0 0 0 0 0 0 0 0 0 0 0 0 92 0 41 81 0 0 0 0 0 0 0 0 0 0 0 15 0 0 72 0 82 0 42 0 0 0 0 0 0 0 0 0 0 27 0 78 60 0 0 0 0 19
37 18 0 0 22 0 0 0 0 0 88 0 0 61 0 0 0 0 0 0 72 63 61 0 0 0 99 100 47 2 0 14 0 0 33 39 7 0 0 0 0 0 0 0 0 0 0 60 0 18 0 0 4 86 0 0 0 0 0 51 0 0 0 0 68 0 0 23 0 68 0 4 0 75 41 0 0 0 0 0 0 0 1 0 0 7 0 0 0 38 0 0 0 0 0 64 66 0 0 0
64 0 0 0 0 0 0 0 0 0 43 0 0 0 0 0 0 24 0 0 0 51 22 0 6 0 49 52 0 0 0 0 13 16 0 20 73 0 13 0 0 0 0 19 17 0 0 0 0 0 0 88 0 0 0 0 0 0 0 0 0 96 0 0 0 82 12 5 0 0 0 28 0 0 0 0 0 0 0 0 45 51 66 0 0 58 0 65 0 0 0 0 0 0 68 0 80 47 1 0
0 0 0 0 0 0 0 43 0 0 0 98 97 83 0 0 0 0 4 0 0 68 59 0 19 0 68 0 14 89 0 0 90 0 0 10 0 0 0 0 90 0 0 0 0 63 0 0 0 1 92 0 0 0 61 0 31 59 77 0 0 0 0 88 0 0 0 0 0 0 0 0 28 0 11 0 0 18 0 0 44 0 0 7 0 0 0 13 2 17 43 60 63 0 62 0 0 0 80 0
0 0 0 34 31 70 0 0 0 0 0 0 0 0 0 77 0 0 0 0 0 0 0 42 0 0 0 0 0 0 0 74 0 0 0 0 0 0 48 0 6 0 0 0 0 0 0 75 0 0 0 0 0 0 0 0 0 20 0 0 0 0 0 0 28 22 0 57 0 43 25 0 80 0 0 0 0 12 0 75 0 0 0 0 0 0 0 48 72 0 0 5 77 0 39 0 0 0 0 16
8 0 0 0 42 0 91 0 18 70 0 0 51 0 0 0 0 0 0 0 0 0 0 0 0 0 49 0 0 0 0 4 36 95 0 0 0 15 0 0 45 0 0 0 0 0 47 0 0 0 0 0 0 0 0 0 0 55 0 0 15 0 0 0 4 0 0 0 67 0 0 0 0 0 0 0 0 0 44 0 0 0 12 0 0 0 0 0 0 0 0 41 0 0 0 20 0 9 0 0
0 47 0 10 10 0 0 0 0 0 0 0 0 26 49 0 0 0 52 64 0 0 81 9 0 74 61 0 0 0 0 0 97 0 0 4 0 0 0 33 0 0 0 0 34 0 0 0 87 0 0 0 16 0 0 0 37 0 26 28 0 0 19 18 0 94 0 0 63 0 0 76 0 0 0 0 0 0 0 0 0 0 0 0 0 0 0 0 0 0 0 56 0 84 34 2 0 0 0 0
0 0 0 0 0 0 89 59 3 0 38 0 0 0 0 0 0 0 0 72 11 0 0 16 0 0 18 38 9 0 0 0 0 0 0 0 0 25 0 47 0 0 0 0 0 0 0 0 0 43 0 0 0 0 0 73 0 0 63 0 0 0 0 0 0 0 0 0 0 0 0 0 71 0 0 0 0 0 50 0 37 0 0 0 0 0 0 0 0 85 0 0 0 100 76 0 0 95 0 0
88 0 0 25 0 0 0 0 0 48 0 0 0 90 0 0 0 0 0 0 0 0 0 0 0 0 0 0 79 0 60 0 0 0 15 0 0 0 0 27 0 0 0 0 33 0 59 0 0 0 0 0 0 0 0 0 0 0 71 0 0 28 0 52 0 0 0 0 92 6 0 0 0 0 0 0 0 0 0 10 0 0 0 0 0 0 0 60 18 0 0 30 0 0 61 0 0 0 0 0
43 0 0 20 99 41 0 0 0 0 0 0 0 97 6 0 0 0 0 0 0 97 0 0 0 20 0 0 0 21 0 45 0 0 0 0 0 71 0 55 0 0 4 93 0 0 43 0 0 0 0 0 0 0 0 0 0 57 0 0 0 0 30 0 88 0 0 0 0 0 0 0 0 0 41 0 0 0 48 0 0 0 0 48 0 51 0 0 0 0 0 0 0 0 0 0 98 0 0 0
0 63 0 0 0 0 0 0 0 0 0 63 0 86 39 0 0 0 0 0 0 0 73 0 0 0 0 0 0 0 0 0 2 0 0 0 0 70 0 0 0 21 0 0 0 0 98 40 55 0 0 0 0 48 73 0 40 0 71 86 0 0 0 58 0 0 0 0 0 0 0 0 0 76 0 0 0 0 0 0 0 0 0 0 0 46 0 94 0 0 0 0 74 0 0 0 0 0 0 54
0 0 0 0 18 0 0 65 72 0 65 0 0 0 0 82 0 35 0 0 87 0 0 62 0 73 55 0 78 0 0 0 0 0 0 31 0 0 0 0 48 0 0 0 0 0 0 0 32 0 0 0 0 0 0 79 0 0 0 0 0 0 0 0 77 0 0 0 0 14 0 74 0 0 0 96 0 0 0 0 0 0 78 0 0 0 0 0 0 0 58 0 0 0 0 0 0 0 0 0
0 76 0 74 0 0 0 0 27 0 0 0 36 0 6 82 0 0 0 0 0 0 0 28 100 0 0 0 81 27 0 37 0 0 0 0 0 21 21 97 0 0 0 0 0 0 83 0 71 0 0 0 0 0 0 60 0 0 0 0 0 0 0 98 0 0 0 0 0 63 0 0 0 0 3 0 0 0 0 0 0 0 0 0 0 0 0 0 87 0 0 0 0 0 0 8 0 0 0 38
0 1 0 0 0 0 98 0 0 43 0 29 0 0 0 48 0 0 0 0 0 0 0 0 0 0 0 0 0 0 0 62 0 0 0 33 15 37 0 0 0 0 0 0 28 0 0 0 0 0 0 11 0 0 0 0 0 0 85 0 52 16 0 0 0 0 0 0 0 0 0 0 0 0 0 0 69 76 0 0 0 0 0 63 0 0 0 0 0 0 0 0 0 0 99 0 0 0 0 0
28 0 0 0 0 0 0 0 0 0 40 0 0 0 0 0 0 0 0 1 88 0 0 0 48 0 0 0 96 0 73 0 0 0 83 8 0 0 0 0 0 0 0 0 34 0 0 0 36 0 0 0 98 0 0 0 0 0 0 53 0 0 0 63 0 0 0 33 59 0 0 0 21 28 0 0 0 0 0 0 0 0 31 0 0 69 33 0 50 0 0 52 0 0 98 39 0 0 0 67
0 0 12 0 0 0 0 56 0 25 0 0 75 53 0 0 0 0 0 0 42 0 0 0 0 0 0 0 0 0 0 58 0 0 0 0 49 0 0 100 0 0 0 0 0 0 0 0 0 0 14 31 9 0 53 0 0 0 0 0 26 0 0 21 53 0 0 33 0 0 20 95 54 5 0 0 0 0 94 0 0 0 0 0 0 0 0 0 0 0 0 0 0 0 30 61 0 0 81 82
0 0 0 0 0 8 0 0 72 0 0 0 0 0 92 66 0 0 0 0 0 0 0 93 0 46 0 0 0 0 0 0 0 95 0 24 0 0 0 0 0 79 0 0 0 0 0 0 0 0 0 0 0 42 84 0 0 0 0 0 0 28 0 89 36 0 0 94 25 0 0 0 0 0 0 0 56 0 0 49 14 0 0 0 0 0 1 0 0 0 0 0 0 78 0 0 0 0 79 0
0 0 16 0 0 0 0 0 0 0 34 66 66 0 47 0 0 93 0 0 0 64 0 28 0 0 0 0 0 55 75 0 4 0 0 47 0 0 0 0 0 0 81 0 0 100 0 0 0 0 82 0 0 0 0 0 96 0 0 0 0 0 54 0 2 0 33 0 78 0 0 0 0 20 0 92 0 95 0 0 95 27 0 0 0 73 0 27 0 0 0 0 12 0 0 0 0 0 0 0
78 0 0 0 0 0 0 94 0 0 0 60 0 0 0 20 0 54 9 0 0 71 6 0 0 0 89 91 0 0 0 0 0 0 0 0 90 0 0 0 0 0 0 0 0 55 0 0 0 19 0 57 9 0 0 0 0 0 0 83 51 82 0 0 0 0 65 0 0 0 0 0 0 18 0 70 0 0 0 0 22 0 0 0 0 82 0 25 86 0 0 0 0 45 0 0 74 0 0 0
0 46 63 0 0 83 76 0 0 17 0 76 0 0 0 0 0 0 56 54 74 71 0 0 0 0 0 0 0 0 0 0 0 0 0 0 0 90 0 0 0 0 0 0 0 0 0 0 0 0 0 0 0 0 0 0 19 0 0 0 0 0 0 0 3 0 30 0 0 0 46 0 0 91 0 0 0 0 0 0 0 0 66 0 0 0 0 97 0 0 0 0 0 0 0 0 100 97 65 82
0 0 0 0 0 77 33 0 0 0 53 0 62 0 7 0 0 0 64 54 61 0 0 0 0 82 0 0 0 0 0 0 0 0 5 0 0 0 0 0 0 0 0 0 25 0 0 22 13 0 0 47 41 0 0 45 7 0 0 31 0 12 0 42 0 0 0 0 0 0 0 0 10 0 0 0 0 93 14 0 0 0 0 0 70 0 0 69 0 0 0 86 0 0 41 0 8 76 0 0
0 0 0 0 0 0 0 46 0 0 0 61 0 0 0 0 0 0 0 0 0 0 0 0 71 0 0 0 0 0 0 0 0 0 0 0 0 0 91 13 0 53 0 0 0 100 0 76 0 0 0 0 0 0 0 0 70 0 0 0 0 0 0 60 0 69 0 0 0 0 0 0 0 0 0 0 0 44 0 71 63 0 0 0 0 40 0 0 52 0 0 0 96 84 37 0 0 0 0 20
0 89 0 92 0 0 0 0 38 0 14 29 0 0 0 7 0 0 0 0 77 0 0 0 31 0 0 47 0 0 0 0 0 0 0 0 0 0 0 0 0 75 0 0 0 0 0 0 65 0 0 0 19 0 0 0 65 0 19 0 0 0 0 35 0 0 0 56 0 0 0 91 0 49 0 0 0 0 0 52 0 4 0 0 0 36 0 0 0 0 19 0 0 0 0 0 0 0 4 0
0 0 0 94 0 0 0 25 0 0 0 0 0 0 0 0 0 43 0 0 0 0 0 0 0 0 52 0 0 0 12 0 0 78 0 82 98 0 0 0 57 0 0 0 0 0 0 0 0 0 0 0 0 55 0 0 93 0 0 54 0 100 88 0 59 85 0 23 0 91 0 28 90 0 32 26 25 0 93 92 58 0 0 0 0 91 0 0 0 0 0 0 0 0 0 0 2 0 41 0
0 0 60 0 0 0 0 0 0 0 0 0 0 97 0 0 0 0 0 0 0 0 0 0 0 0 0 0 0 0 0 0 0 0 0 0 0 0 0 51 0 0 0 0 0 0 0 0 0 0 19 0 95 0 0 30 0 0 0 0 9 0 0 0 0 0 0 0 22 21 0 18 0 0 0 88 0 0 0 0 0 97 0 0 0 0 0 40 0 43 71 0 0 60 0 0 0 43 0 66
0 0 0 0 0 0 0 0 0 31 0 0 0 0 92 0 0 0 0 13 0 0 91 0 0 0 0 17 0 0 92 0 0 0 0 55 17 67 92 0 0 47 0 0 0 8 97 63 0 0 0 0 0 0 0 0 0 0 0 0 0 0 0 0 80 0 26 0 0 86 0 0 0 72 0 0 0 9 0 0 0 0 0 0 0 0 0 0 0 0 0 0 33 9 81 0 50 0 0 45
0 7 0 0 0 0 0 0 0 0 0 0 0 0 88 0 73 33 41 14 0 0 0 0 42 0 0 2 99 0 0 0 33 54 0 89 49 28 0 0 0 0 56 64 0 0 89 0 85 11 0 0 0 0 0 0 17 0 37 0 6 82 0 0 0 0 0 0 0 0 0 0 0 35 0 0 59 74 0 0 0 0 0 31 0 0 84 0 0 0 0 0 0 0 0 35 0 74 0 24
0 0 0 0 0 58 0 0 20 0 0 0 0 0 0 14 0 0 0 0 0 0 0 24 0 0 0 0 89 0 0 0 0 49 0 0 0 92 7 0 0 0 39 0 0 0 0 44 45 0 0 0 15 0 0 0 0 85 0 46 0 95 0 98 0 0 54 0 77 34 0 0 3 0 0 0 0 13 0 99 0 0 0 0 0 0 0 0 15 0 0 0 0 0 0 0 0 0 0 11
70 0 0 0 0 0 0 0 0 33 0 0 0 0 36 0 13 0 0 0 0 73 11 68 0 0 72 0 0 13 0 0 0 74 18 0 0 0 0 0 0 0 0 2 0 0 0 0 0 0 78 0 0 0 0 0 0 0 66 0 72 84 64 0 0 0 0 0 0 0 0 0 0 0 0 0 95 0 48 83 0 21 29 0 0 97 0 0 86 0 0 0 0 0 0 0 0 0 92 0
0 9 57 0 80 89 0 30 0 0 0 0 0 0 0 0 98 0 100 0 0 0 0 91 0 0 96 60 0 45 0 95 0 31 0 0 0 41 0 0 23 0 4 0 55 0 0 0 68 0 0 0 0 0 0 0 0 0 0 66 0 0 0 0 0 0 0 0 0 0 0 0 0 0 58 53 0 0 0 8 0 0 0 0 0 0 0 0 0 81 0 0 0 0 82 0 0 0 0 0
49 0 78 65 0 0 0 0 0 0 0 0 0 0 58 0 0 0 0 0 0 0 74 0 0 7 0 0 0 0 0 54 0 0 0 0 0 36 0 23 46 0 8 0 0 55 17 0 0 0 86 0 86 73 52 0 0 35 0 0 0 26 0 0 0 0 19 0 76 0 0 0 0 0 0 0 54 20 0 47 0 0 22 0 82 0 70 0 0 23 56 0 0 0 0 41 70 0 94 0
0 0 13 0 0 0 0 0 0 0 0 0 0 0 47 0 0 0 0 0 0 54 0 71 0 0 77 0 0 0 0 0 0 0 0 19 0 0 98 0 0 90 0 0 0 22 0 0 0 0 48 0 0 0 0 0 33 0 89 0 0 0 0 44 0 63 0 0 0 0 53 0 0 77 0 0 0 0 0 0 0 0 0 0 0 56 0 0 0 0 0 97 0 0 0 24 0 0 0 0
0 0 73 0 0 0 0 0 0 0 0 0 0 0 0 0 0 3 3 0 5 0 0 64 0 0 0 0 0 0 0 0 0 0 0 0 0 0 0 92 13 0 0 28 0 0 0 0 0 0 76 19 0 70 0 29 0 0 74 0 0 67 32 0 0 0 0 64 0 0 0 7 0 0 0 0 75 0 0 37 0 0 20 96 0 69 0 0 87 0 0 0 95 0 0 34 65 0 0 0
0 0 0 0 0 0 0 0 0 0 48 0 0 0 0 65 0 0 0 1 0 0 0 0 20 51 0 0 61 72 54 91 0 0 0 0 6 0 0 31 0 0 0 0 0 84 0 0 0 0 0 0 45 65 0 34 0 0 69 0 0 0 0 0 97 0 0 0 4 0 0 0 56 0 39 0 0 0 19 0 0 3 0 0 75 0 0 98 0 0 0 90 0 0 0 11 0 0 0 47
94 0 0 14 1 0 0 0 0 83 0 0 40 0 25 1 0 0 0 0 0 0 3 83 0 0 17 0 77 0 16 0 86 0 63 27 6 0 0 0 0 0 0 0 55 0 0 0 0 0 0 3 0 0 0 0 16 0 0 0 0 13 0 13 0 50 0 0 0 1 0 0 0 4 0 87 0 0 0 0 0 0 0 39 0 17 0 0 94 0 0 44 0 0 0 0 0 0 0 0
0 0 0 0 0 0 0 0 0 0 17 0 0 86 0 85 0 0 0 0 0 35 0 0 0 0 0 0 0 0 0 0 0 0 0 73 10 0 40 0 50 0 0 0 0 0 21 0 77 0 0 0 7 0 0 0 99 35 0 0 1 0 52 0 0 97 0 83 41 0 96 25 16 0 81 0 93 0 0 0 14 0 2 14 0 0 0 0 0 30 10 0 0 0 1 0 0 36 0 0
94 31 0 78 12 0 0 0 91 0 0 0 0 14 36 0 75 0 0 0 63 9 0 39 0 0 0 0 0 92 0 19 0 0 0 0 0 0 90 0 0 90 0 82 0 32 81 0 0 0 0 0 0 64 19 0 44 0 32 0 0 81 0 0 77 0 0 0 0 0 0 0 73 0 50 89 0 0 89 0 0 0 0 90 0 72 0 0 0 0 0 65 0 82 32 0 77 0 0 0
0 0 0 0 0 65 30 0 0 96 97 0 57 0 0 0 0 58 0 0 0 0 0 16 0 0 0 96 29 0 0 0 0 0 0 0 0 18 0 0 0 0 0 0 0 0 0 0 0 0 0 0 0 0 0 23 88 69 60 0 0 0 0 0 0 80 0 0 0 0 25 0 0 0 0 29 0 0 0 0 0 0 31 0 96 0 5 0 0 0 0 0 0 0 70 0 0 31 0 0
63 0 0 0 0 0 63 0 0 0 32 0 0 47 0 0 27 0 0 0 1 0 0 16 0 0 0 0 0 0 8 29 0 0 0 0 0 0 67 0 20 98 0 0 73 0 0 0 0 0 32 0 0 83 0 48 67 0 46 94 0 0 0 23 0 15 0 0 3 96 92 0 0 11 0 68 0 0 0 18 0 0 0 0 0 0 0 85 0 0 38 0 55 75 0 0 0 0 0 0
0 37 0 0 0 55 0 0 91 0 0 0 0 91 33 0 0 57 0 0 0 0 0 0 0 28 0 35 0 0 0 0 0 0 0 47 0 0 93 0 0 0 0 0 0 0 42 0 0 0 33 60 62 0 0 84 0 0 0 0 0 81 0 0 80 0 0 0 0 83 77 0 72 17 0 0 0 0 0 0 56 0 0 0 0 0 0 0 0 0 0 0 0 0 79 0 57 0 0 0
0 0 0 0 0 0 0 81 0 84 0 0 0 0 0 0 0 48 71 0 0 0 0 0 0 23 0 0 0 0 0 24 13 0 0 0 2 0 0 17 88 67 0 0 0 0 61 0 64 55 0 0 0 0 0 0 0 0 0 0 0 0 0 3 0 0 0 0 0 0 0 0 0 0 0 53 0 0 10 52 0 0 0 72 0 32 0 0 0 0 0 0 0 0 22 0 0 25 0 0
0 0 0 0 33 0 0 0 28 22 71 0 86 0 0 0 0 98 0 99 0 77 65 0 0 0 0 4 0 0 85 0 0 0 29 0 0 0 0 0 0 0 0 0 0 0 0 0 63 0 0 0 0 0 0 0 0 0 0 0 0 0 0 0 0 0 0 0 0 0 0 44 96 53 0 0 0 0 81 0 84 0 0 50 0 0 0 0 0 0 0 14 20 76 0 0 0 0 61 0
2 0 0 0 0 6 0 0 0 0 15 0 23 14 0 0 0 81 0 0 41 0 0 0 0 0 97 0 0 0 0 0 0 0 14 0 0 0 10 0 0 0 0 43 25 0 0 0 0 0 80 0 77 0 0 16 0 0 0 0 86 0 0 0 44 0 0 0 0 0 0 0 0 0 0 0 0 0 24 0 0 28 0 42 0 0 0 0 0 36 0 0 0 0 0 0 0 0 0 0
0 0 0 0 0 83 0 0 0 0 71 0 0 0 0 0 2 0 79 25 0 0 0 69 7 0 0 0 0 0 81 28 0 0 0 0 0 0 0 0 0 0 0 0 0 100 0 0 85 0 0 0 0 89 0 81 0 0 0 0 0 0 65 0 0 73 21 60 0 0 0 45 89 0 19 63 0 0 23 18 0 0 0 0 0 43 78 60 0 0 0 0 0 0 8 0 0 0 0 0
0 0 0 70 0 0 0 0 0 0 0 57 63 0 0 0 0 0 0 0 0 88 0 29 59 0 0 0 90 24 50 0 0 0 0 0 0 0 0 0 0 0 0 98 0 0 0 0 0 0 0 10 21 0 0 0 11 0 94 0 0 0 0 82 0 20 0 0 0 0 9 0 0 0 0 0 0 0 0 0 12 0 0 0 0 0 0 71 0 0 0 55 0 0 0 60 0 81 0 0
0 0 0 0 95 47 66 2 0 33 0 69 61 0 0 0 66 0 58 0 85 55 0 9 0 0 2 0 0 0 58 0 72 71 0 0 0 0 0 61 0 50 0 0 0 0 0 86 57 70 0 0 0 0 29 0 0 0 0 0 0 67 0 0 0 2 0 0 0 24 0 0 0 0 0 0 0 0 2 0 64 0 0 0 0 0 50 52 0 0 0 0 0 0 0 0 0 0 0 0
0 0 24 0 0 99 0 0 74 42 0 0 0 47 0 52 0 0 15 0 0 0 20 0 0 0 0 37 0 24 0 0 0 62 0 0 0 0 0 31 0 0 0 0 0 26 21 0 0 0 0 6 0 0 0 0 58 0 0 55 72 0 0 0 0 0 0 0 78 17 0 0 68 0 0 0 6 0 29 36 0 0 0 0 0 0 0 0 0 0 0 94 70 0 0 0 64 0 0 0
0 64 46 0 49 0 0 0 0 0 0 0 0 0 0 0 0 80 0 0 0 0 67 0 0 44 0 0 0 0 0 0 0 0 0 0 0 0 19 0 91 0 0 0 0 51 0 30 48 34 25 0 0 0 0 75 0 0 0 0 0 0 0 0 0 0 0 0 0 0 0 0 0 99 0 15 20 0 41 42 0 0 0 0 0 0 0 0 39 0 0 17 11 0 0 0 0 61 0 0
0 25 0 0 0 0 74 0 0 0 0 0 0 65 0 0 0 0 0 23 37 0 0 0 0 0 0 82 0 0 0 32 0 66 0 94 0 0 82 0 0 0 0 0 0 55 0 0 0 0 0 0 0 0 55 0 0 0 0 16 0 0 30 28 0 0 0 0 0 0 0 56 0 0 10 0 62 0 64 0 0 0 0 0 0 59 0 0 0 0 0 0 0 0 0 0 0 0 0 0
0 0 22 78 0 14 0 0 0 29 0 0 0 0 0 56 0 0 0 44 73 39 0 0 49 25 35 48 0 0 0 84 0 0 59 0 0 0 0 0 0 0 0 0 0 0 0 93 0 44 96 4 0 0 0 0 2 0 0 0 30 0 97 0 0 0 14 53 21 50 0 0 0 0 0 0 81 0 0 0 0 2 38 0 0 0 0 0 0 0 0 86 25 0 0 0 62 79 0 0
0 39 0 0 0 0 0 0 47 0 21 73 0 72 0 0 0 0 0 0 0 0 0 0 0 0 0 0 0 0 0 0 0 0 0 0 45 0 38 0 0 0 0 68 0 0 0 0 0 53 0 0 0 0 0 0 0 0 0 0 61 0 0 22 0 83 92 0 0 51 0 0 0 0 0 0 22 0 0 0 0 0 0 88 0 0 0 0 0 59 0 0 40 0 0 0 0 0 74 34
0 0 0 0 0 0 55 0 95 0 27 0 27 0 0 0 60 0 0 0 0 24 0 0 0 0 0 0 0 0 7 0 48 0 0 86 0 0 2 0 0 0 0 0 0 0 0 67 71 0 0 0 87 94 52 0 0 0 0 0 0 0 17 0 75 0 0 89 0 0 0 0 51 0 0 0 40 0 0 0 37 0 0 0 69 74 0 0 0 0 96 0 0 0 0 0 0 0 0 0
0 0 0 0 0 0 0 0 100 16 0 54 0 0 0 0 0 0 0 0 0 43 7 0 31 0 69 0 0 2 0 67 0 0 0 20 0 7 0 0 0 96 0 61 0 0 0 0 0 0 12 21 0 0 3 0 0 0 0 0 0 0 0 98 14 74 0 0 0 62 0 0 0 0 0 0 0 0 0 0 0 0 0 0 0 0 30 0 0 7 9 0 0 30 0 0 67 65 0 0
0 0 0 0 0 0 0 0 0 88 0 0 71 29 0 0 0 12 0 0 0 0 68 0 29 0 0 0 0 0 80 0 0 0 0 0 0 43 0 0 0 0 0 0 0 55 0 38 74 0 0 0 0 0 0 62 0 0 0 0 13 90 0 80 45 0 0 0 0 0 0 0 0 0 9 0 75 0 15 0 64 79 2 0 53 0 0 0 0 0 18 0 0 0 0 0 0 0 85 14
0 0 0 0 0 51 37 0 57 59 0 0 0 0 0 0 57 0 0 0 0 0 0 0 0 0 0 0 0 0 0 0 0 16 0 0 0 0 0 0 0 0 84 0 0 0 45 0 9 0 0 0 0 0 21 0 0 0 0 0 0 26 48 0 0 64 0 0 0 0 0 0 0 0 0 0 45 0 0 0 0 15 0 69 69 0 0 0 0 0 0 56 0 0 0 0 2 0 0 0
0 82 0 28 0 0 0 0 0 0 96 0 0 0 0 0 0 0 58 0 0 53 0 24 0 64 0 0 0 0 0 0 7 0 0 91 0 0 0 0 0 0 0 0 0 0 0 33 0 0 0 11 0 0 0 0 27 0 10 0 0 0 62 0 0 0 0 0 0 0 0 0 0 86 0 0 77 0 0 63 0 0 0 0 0 59 17 0 0 0 0 0 24 0 0 0 0 94 0 10
0 0 0 0 0 0 0 0 0 39 46 96 0 0 0 6 44 73 0 0 0 0 0 0 0 58 0 0 0 83 0 0 0 0 0 0 0 0 62 0 0 0 0 0 29 66 37 0 0 12 0 0 0 0 72 64 0 0 0 0 0 0 0 0 77 71 0 0 0 28 27 0 0 0 45 0 0 0 0 0 0 0 0 0 0 0 0 57 0 44 0 30 0 0 0 0 0 25 0 0
0 0 46 96 0 0 0 0 0 0 0 80 96 0 0 0 0 0 96 0 0 0 25 0 35 26 0 0 61 0 0 0 0 0 0 0 0 0 0 0 21 0 0 0 6 0 56 0 12 0 0 0 4 0 0 0 49 0 0 0 0 0 0 82 82 0 0 0 0 0 0 0 37 26 0 0 54 0 0 56 98 0 0 78 52 0 0 0 0 38 0 0 0 0 0 0 13 0 0 0
0 0 0 0 0 0 87 0 0 0 0 0 0 0 0 0 0 0 0 0 80 73 4 77 0 0 11 0 0 0 0 0 0 42 88 0 0 0 52 0 0 0 0 55 0 0 0 0 0 52 0 0 0 0 0 0 88 0 0 94 0 0 0 0 0 0 0 0 79 0 99 0 0 0 0 0 0 37 0 34 0 54 61 0 77 0 0 34 0 0 70 0 6 0 0 67 0 9 0 0
0 0 0 51 0 0 0 0 0 0 86 85 84 22 0 0 0 66 49 0 42 0 0 0 42 0 0 0 60 0 0 56 0 0 0 0 47 0 88 0 0 0 0 0 0 74 34 0 0 51 0 0 0 0 0 0 0 36 39 3 0 0 0 0 99 0 0 0 0 0 0 0 0 0 0 50 0 0 0 0 32 0 0 0 0 0 0 34 0 57 0 81 0 0 0 94 0 0 0 0