100
0 0 0 55 0 0 43 0 0 38 24 14 0 0 70 0 0 0 0 0 0 0 0 0 0 0 0 0 0 0 0 0 0 0 0 55 0 0 21 0 0 0 0 0 54 89 0 69 0 24 0 0 0 0 0 0 0 26 0 0 0 0 78 50 88 0 50 0 0 0 0 0 0 0 0 0 0 0 0 64 0 0 0 43 0 0 0 0 0 33 0 47 0 0 0 0 0 22 0 0
0 0 0 74 0 0 0 0 0 0 0 0 0 0 38 0 81 0 0 88 13 21 0 30 0 0 0 0 0 0 0 0 0 0 0 78 43 0 0 0 0 0 0 0 55 0 0 0 0 4 0 7 97 0 0 59 10 17 87 55 0 0 0 0 0 0 44 35 0 0 71 13 0 0 23 21 0 0 8 0 0 51 64 43 0 44 30 0 0 0 0 0 0 0 21 0 0 0 0 0
0 38 0 0 0 0 0 0 0 61 82 0 0 0 0 76 0 56 51 93 0 0 81 0 14 18 0 25 0 0 0 0 0 35 0 41 75 0 0 0 17 0 0 58 0 39 0 0 0 0 0 34 60 0 0 0 0 0 0 0 0 0 72 0 0 40 24 0 0 0 0 0 24 0 0 10 22 84 0 74 0 0 0 0 0 0 0 94 0 0 0 0 0 0 0 0 62 0 38 87
41 49 0 0 0 0 0 0 39 67 27 0 96 0 0 0 0 0 0 0 7 92 47 0 0 36 0 0 0 0 0 0 0 0 19 64 0 0 0 55 0 0 0 0 0 0 0 0 0 63 0 0 0 0 99 0 0 73 34 64 0 0 0 0 91 75 0 0 46 0 0 0 0 0 0 0 0 0 0 0 0 0 0 0 0 78 57 0 37 56 85 77 0 0 99 0 0 0 0 0
0 0 0 0 0 0 39 32 73 22 0 0 0 0 0 0 74 0 29 55 26 0 74 0 0 0 0 0 61 88 0 0 87 72 0 0 0 0 0 0 0 0 50 0 0 66 72 61 0 0 0 0 0 0 0 0 0 0 0 0 22 0 78 0 0 0 10 60 0 20 0 0 0 0 0 0 0 0 0 0 0 0 0 0 0 72 38 0 0 0 2 65 0 0 0 0 0 0 0 2
0 0 28 79 0 0 0 57 0 0 0 0 0 0 8 0 0 0 0 0 0 52 0 0 26 0 0 0 0 0 0 0 46 0 0 0 0 0 0 51 0 83 0 0 0 0 0 29 0 0 27 44 33 0 0 0 0 0 0 0 82 24 0 0 84 0 19 0 29 0 31 0 0 0 0 0 0 0 74 30 0 0 0 2 0 0 0 0 0 0 0 0 0 0 85 0 0 0 0 0
0 0 35 0 0 0 0 19 73 19 30 0 99 89 0 0 0 0 0 0 0 0 0 0 32 19 0 0 39 0 0 0 86 0 0 0 0 0 72 88 76 0 0 0 85 90 0 0 0 0 0 57 47 0 0 0 3 0 0 65 85 0 43 12 90 0 0 0 25 0 0 0 0 0 0 0 0 0 0 0 75 0 0 0 0 0 67 0 0 0 0 0 94 0 0 0 58 0 0 81
0 0 0 0 0 51 0 0 34 63 51 23 0 0 0 0 0 0 12 7 0 0 0 0 0 41 0 0 0 0 0 0 50 0 80 47 0 0 0 81 0 0 0 0 65 0 17 0 22 0 0 0 0 0 0 0 0 0 83 0 0 0 0 0 30 46 30 0 0 82 67 0 57 0 0 0 0 0 0 0 0 0 0 0 0 83 0 0 46 67 0 0 0 0 27 0 0 0 0 0
0 75 0 0 14 0 0 0 0 0 0 0 0 0 13 0 0 0 10 0 0 0 0 0 0 0 0 0 0 0 40 0 0 0 25 73 0 93 0 0 0 0 0 36 0 0 0 0 40 14 0 0 0 18 88 0 0 0 3 0 0 50 83 0 0 0 16 3 0 0 0 89 0 0 81 0 7 0 36 0 0 0 0 0 0 75 0 48 0 0 81 0 0 0 0 79 0 0 0 99
0 0 0 35 56 0 0 0 35 0 0 32 0 0 0 93 14 49 0 0 0 86 0 0 0 66 0 31 41 0 0 0 0 95 0 0 0 0 91 51 0 0 0 0 0 0 46 0 0 68 15 0 0 96 0 0 18 74 0 21 74 0 22 0 0 0 0 0 0 0 0 68 0 0 42 0 15 37 29 0 0 0 0 9 0 0 0 0 0 0 0 0 0 96 0 0 0 0 0 94
97 0 0 0 0 0 0 0 61 0 0 0 0 0 0 92 0 0 0 0 0 0 0 0 0 0 0 0 87 64 69 0 0 0 0 53 0 0 55 33 0 0 0 0 69 0 0 0 0 0 23 0 0 0 60 0 0 0 0 0 0 0 16 94 84 64 95 0 0 0 0 0 8 0 0 8 0 0 0 0 0 0 1 0 0 0 0 0 0 0 0 0 11 83 0 0 0 0 0 16
0 0 0 0 0 0 0 0 4 0 0 0 0 0 0 0 0 0 0 0 0 0 0 74 0 0 70 0 79 0 0 0 0 0 38 0 17 0 0 0 0 0 75 0 69 0 93 0 63 0 0 0 0 26 65 0 0 58 0 60 0 0 0 69 0 0 0 62 0 0 0 0 94 93 0 0 0 0 0 0 0 0 0 0 0 15 0 0 30 0 0 60 56 0 0 0 0 83 73 0
64 0 13 30 5 0 0 77 0 75 0 24 0 24 0 0 0 90 0 0 97 79 0 36 0 86 45 23 54 0 0 96 76 0 0 0 0 6 36 0 0 0 18 0 12 0 0 96 0 60 88 33 0 0 0 0 0 0 0 0 12 0 0 0 0 50 0 0 0 0 25 0 0 0 0 0 62 0 0 0 0 0 0 43 0 62 0 0 57 0 0 0 0 79 0 0 0 0 0 0
0 0 0 0 0 0 0 0 0 0 0 0 0 0 25 0 0 85 0 0 0 0 57 0 0 0 0 0 73 0 0 30 0 0 0 79 0 45 17 0 0 0 90 0 0 0 0 0 0 0 0 0 0 0 0 0 54 0 41 0 66 0 0 0 5 44 0 0 0 21 0 0 77 0 0 0 0 0 0 0 0 0 0 0 0 0 0 60 0 95 0 97 92 0 8 0 0 0 0 0
0 0 61 7 0 28 0 0 0 0 0 0 0 0 0 14 0 0 0 0 0 0 0 0 0 0 0 0 8 0 37 0 0 64 0 0 0 0 80 86 0 0 0 0 0 0 19 0 82 0 0 0 0 17 0 0 40 0 0 0 0 0 0 0 0 14 0 0 0 0 0 56 85 67 0 0 4 0 0 55 0 0 0 0 0 0 0 0 0 0 59 0 0 10 0 0 0 0 0 0
0 98 0 0 0 0 0 48 0 0 0 0 0 2 0 0 0 0 0 0 6 0 0 0 0 0 54 0 0 0 0 34 0 0 29 2 0 0 0 0 0 0 89 45 0 16 0 0 0 0 0 29 0 0 0 82 0 0 0 96 0 0 0 0 0 0 0 0 0 8 0 2 0 59 13 0 0 0 0 0 0 0 0 0 0 0 0 60 0 60 0 95 0 9 0 35 0 0 0 0
0 0 0 0 0 0 15 0 0 0 57 0 10 0 0 0 0 36 0 0 93 0 0 0 0 0 0 45 81 0 0 0 0 0 10 0 0 0 0 71 0 3 0 12 0 0 84 0 0 77 0 80 0 0 37 0 0 0 0 0 72 0 21 18 0 0 65 0 0 0 0 0 0 84 0 0 0 0 24 0 0 0 0 0 0 39 0 0 0 0 97 15 0 0 37 0 0 0 0 21
0 0 0 0 0 0 0 0 0 77 0 0 19 0 0 53 0 0 35 0 0 61 5 12 29 93 98 0 0 0 0 0 0 0 0 36 0 0 99 97 0 0 0 0 0 66 0 0 0 0 53 0 0 0 0 44 71 0 0 0 0 0 0 0 0 0 0 0 0 0 0 0 0 34 0 0 85 0 0 0 0 14 0 0 41 0 0 0 0 91 0 8 0 0 39 27 0 0 0 0
47 0 85 0 65 0 0 0 74 0 0 0 0 82 0 0 0 0 0 0 0 99 0 8 0 0 0 0 0 58 0 0 0 0 0 69 59 0 0 0 8 0 0 73 48 25 0 83 0 0 75 0 0 0 0 0 0 0 0 0 0 1 0 0 0 0 48 0 0 0 0 0 95 40 0 0 0 0 0 0 0 12 0 87 0 0 0 0 0 0 0 0 0 0 0 100 18 0 0 34
0 0 46 0 60 0 0 0 0 0 84 0 0 0 93 0 0 0 0 0 0 0 0 0 0 34 47 8 0 19 0 0 0 0 80 0 0 44 0 0 17 78 39 0 0 0 73 0 0 0 0 0 0 0 0 13 0 0 28 0 62 0 0 0 0 0 0 0 0 0 58 0 0 15 0 0 0 0 44 69 0 0 0 0 0 47 0 0 0 0 0 0 59 0 0 0 0 0 0 0
0 0 0 0 0 89 0 0 0 0 0 0 0 100 0 0 93 0 27 0 0 0 62 0 0 0 0 0 0 0 51 0 0 0 0 0 0 22 0 0 0 25 0 0 48 12 44 0 0 0 0 0 0 69 21 0 0 0 9 0 0 0 0 50 0 0 65 0 0 0 0 0 0 53 0 0 40 0 0 0 29 0 0 28 0 38 94 0 0 12 0 0 5 0 0 0 0 86 0 74
0 0 0 49 0 0 0 11 0 0 0 0 92 10 0 61 0 0 0 0 0 0 0 0 46 0 0 0 0 0 10 0 0 0 1 46 0 0 72 0 0 0 0 0 0 25 0 76 0 0 4 73 0 0 0 0 0 0 0 0 0 94 0 92 0 0 0 0 0 0 91 81 0 0 0 0 0 76 0 0 0 17 0 31 0 0 0 0 0 0 0 77 0 0 0 0 0 16 0 67
0 0 0 0 0 87 0 0 0 0 0 0 0 0 0 0 39 88 0 4 0 76 0 0 0 0 11 0 0 0 0 39 0 0 0 98 0 23 62 0 0 0 0 0 0 0 0 0 0 0 19 0 0 43 55 0 49 0 69 0 89 55 1 0 0 0 0 100 42 0 63 86 0 0 100 0 0 0 73 73 76 33 0 0 0 0 0 0 0 70 0 95 0 0 0 9 23 42 0 0
89 45 0 25 0 0 0 61 0 0 47 0 6 0 0 0 0 11 0 0 0 0 0 0 62 0 0 0 0 0 83 87 0 0 0 0 78 0 0 80 88 0 26 0 0 0 8 0 0 0 0 0 0 38 0 0 0 33 0 0 0 52 0 0 0 0 0 0 0 0 0 0 0 0 0 0 0 0 0 0 75 0 0 0 0 0 0 74 0 0 0 0 52 54 0 0 95 0 0 0
0 0 0 0 0 80 0 0 0 0 0 98 62 0 0 95 0 0 0 0 0 35 4 0 0 0 0 0 0 0 0 0 0 0 0 0 0 0 0 0 0 0 0 0 27 0 0 0 18 0 96 93 0 24 0 0 0 37 0 0 33 0 0 0 0 0 97 43 0 0 0 0 0 11 0 0 0 47 0 0 0 0 0 0 29 0 0 0 97 0 0 0 70 0 0 0 0 0 0 0
20 0 0 0 0 0 0 18 0 0 0 0 9 12 0 0 0 83 11 12 0 0 0 0 49 0 88 0 4 0 66 0 0 0 0 0 0 0 0 0 0 0 0 0 0 0 13 48 0 0 0 91 21 91 0 0 0 0 0 0 89 0 0 0 50 48 0 0 61 87 49 0 0 0 0 0 0 0 0 0 0 96 0 0 0 0 86 62 98 46 0 0 0 0 0 0 0 0 0 0
63 0 9 63 0 0 0 0 0 0 0 0 0 0 0 0 68 0 0 18 0 0 0 0 0 0 0 0 0 0 0 0 0 0 37 0 0 0 0 0 0 0 0 0 0 61 0 0 0 6 0 0 0 0 51 0 0 0 0 0 0 0 67 0 0 0 0 0 18 0 0 0 25 80 54 0 66 68 62 0 95 0 41 0 0 0 0 0 0 95 0 0 0 56 0 0 0 0 93 0
0 0 70 0 0 40 0 72 0 0 0 0 0 0 0 32 0 8 55 0 46 0 0 0 46 0 0 0 0 0 35 0 0 0 64 0 0 0 0 13 0 0 0 0 0 0 24 0 0 0 51 0 0 34 0 0 0 48 0 0 67 0 0 0 0 35 0 0 84 0 0 0 0 0 0 88 0 0 0 0 0 0 0 0 22 0 0 0 0 56 0 0 0 99 0 0 93 0 0 0
22 0 0 56 0 0 75 16 48 0 80 0 49 0 0 0 13 0 0 0 55 0 0 0 0 0 0 0 0 0 0 0 0 0 0 25 0 0 0 0 59 0 0 63 0 0 0 96 0 0 0 0 60 19 5 98 0 0 0 0 0 0 97 0 46 0 0 0 0 0 0 0 21 7 0 0 0 0 0 0 0 0 14 0 0 0 0 75 48 0 0 0 0 0 0 0 0 0 0 0
0 18 0 0 36 0 47 0 0 0 0 78 48 27 0 0 0 43 0 0 0 0 0 83 0 16 0 20 0 0 69 0 87 0 0 87 0 0 13 0 32 31 0 59 0 0 0 0 0 0 0 0 94 0 0 0 39 0 0 0 39 0 0 24 0 96 0 34 0 0 0 0 0 38 0 0 0 0 0 32 83 0 0 0 0 0 69 0 0 0 0 43 0 0 0 0 0 84 0 25
0 0 0 0 0 23 0 0 0 0 0 0 0 0 0 0 84 0 0 0 0 44 0 31 0 0 0 69 52 0 0 0 0 0 0 0 67 0 0 0 0 0 0 0 0 38 0 0 0 0 0 0 0 0 0 0 0 0 0 0 47 0 0 0 0 0 0 0 0 0 0 0 26 81 0 48 31 0 49 0 0 0 0 0 0 0 0 44 0 0 0 0 0 0 78 0 0 0 20 0
36 0 0 0 0 0 0 0 0 0 0 41 0 0 0 0 0 87 94 0 59 65 0 0 40 21 0 0 0 0 0 0 0 0 0 0 0 0 0 0 0 0 64 68 0 44 3 0 8 0 0 0 75 98 0 0 0 49 0 0 29 67 0 78 76 0 45 0 0 0 0 0 0 31 0 0 0 0 0 0 0 0 0 9 0 0 98 0 34 0 0 0 0 59 0 61 0 0 0 0
0 0 0 0 0 0 79 22 0 0 0 0 0 0 0 0 0 16 87 0 0 15 0 0 0 0 0 55 0 0 0 0 0 0 0 0 0 91 0 0 34 46 70 0 0 0 0 52 0 47 0 0 0 0 0 25 0 1 0 46 0 0 0 0 0 89 0 0 0 0 0 0 50 0 0 0 0 0 0 18 0 0 0 12 40 44 0 0 0 0 0 0 0 0 0 0 0 0 0 0
0 0 0 0 0 0 47 0 0 0 0 0 44 0 0 0 0 0 89 0 0 0 0 0 0 0 0 0 0 0 97 0 0 0 79 0 0 0 0 31 0 0 0 0 62 0 0 0 76 70 78 2 0 0 0 69 0 0 0 72 0 0 0 0 0 0 0 36 0 0 13 39 0 0 0 0 0 0 0 0 9 24 0 79 0 0 0 0 70 0 0 0 38 3 0 0 0 0 44 0
79 0 0 0 0 0 19 0 0 91 0 0 59 0 13 20 0 0 89 0 0 0 38 54 53 0 63 22 18 23 0 0 0 80 0 0 0 0 0 20 0 0 0 0 0 0 0 0 0 0 0 0 0 0 0 0 0 0 0 0 0 0 0 0 0 0 0 0 0 36 0 56 0 0 71 49 0 0 0 0 0 19 0 60 41 0 0 0 0 67 0 0 0 18 0 0 14 0 0 86
0 25 0 0 0 0 0 22 0 0 46 0 0 0 0 0 45 0 86 53 31 0 0 64 0 31 68 80 0 0 0 93 0 0 0 0 0 0 40 0 24 29 0 0 0 0 8 0 0 0 0 88 71 0 0 60 39 0 56 0 0 45 0 0 65 0 54 0 0 0 0 0 0 0 0 75 0 0 0 0 87 0 0 0 0 12 10 0 0 0 0 0 0 0 0 0 0 0 0 0
0 39 0 26 0 84 0 0 0 0 0 0 0 97 0 0 43 3 0 0 0 0 0 0 0 0 0 0 0 0 0 0 0 28 0 0 0 0 75 0 0 0 0 36 0 0 0 0 0 54 0 0 0 0 0 4 0 0 0 11 0 94 0 0 0 57 0 0 0 0 0 0 0 27 35 0 0 0 0 0 0 0 13 0 0 0 0 70 0 0 0 0 26 0 0 0 0 51 20 0
0 0 0 0 76 92 0 79 0 0 0 0 0 75 0 0 0 0 0 0 0 0 91 0 29 0 50 0 0 0 91 0 0 0 0 49 0 0 44 0 0 37 0 88 0 0 0 0 0 0 0 0 0 0 0 26 30 0 8 0 0 0 0 0 0 0 93 1 35 0 64 0 27 0 0 28 0 19 0 0 0 0 33 0 0 0 0 0 0 0 46 0 0 0 0 0 0 0 0 0
2 74 0 76 58 0 79 0 0 28 0 67 0 0 0 0 0 0 0 0 0 0 0 0 0 0 0 0 72 25 0 0 0 0 0 0 0 93 0 0 0 0 0 0 0 0 19 0 0 0 0 0 0 0 0 0 0 0 29 0 40 0 0 0 0 0 82 0 0 87 0 0 43 0 0 0 31 0 0 0 0 0 0 0 0 0 0 35 0 12 75 71 0 0 0 0 0 0 0 74
62 0 49 0 70 0 72 0 52 0 41 0 0 87 0 0 0 12 0 0 0 0 0 99 0 0 0 0 0 0 0 0 59 0 0 0 0 0 0 0 0 0 0 0 0 86 0 0 0 0 0 0 0 56 77 0 0 49 69 78 0 77 97 40 0 48 0 0 0 0 0 0 0 17 0 0 61 0 0 0 0 0 0 0 0 0 0 0 0 0 0 0 17 33 0 21 0 0 0 0
55 53 0 0 75 88 0 48 0 0 0 0 0 0 0 0 0 0 0 0 0 0 0 0 0 0 0 0 0 0 0 0 0 0 38 0 0 0 0 0 0 0 0 0 55 0 0 0 0 0 0 0 79 0 0 0 98 0 0 0 0 0 0 80 82 0 0 0 0 0 0 0 81 0 0 0 0 39 0 76 0 0 0 0 0 0 0 0 0 0 0 0 0 67 44 0 0 0 0 0
56 0 0 0 0 0 0 0 34 0 70 0 0 0 0 0 0 0 0 0 0 0 0 56 0 0 0 59 0 65 0 0 0 0 28 0 18 0 79 0 0 0 0 0 0 0 28 0 0 0 0 0 0 0 0 0 0 88 81 0 0 0 64 0 0 0 0 0 0 82 0 0 0 0 49 76 0 0 0 0 0 0 0 0 0 0 0 0 76 77 0 8 38 0 0 0 0 0 0 0
0 0 0 2 32 3 0 10 0 0 0 0 0 0 0 0 0 4 0 0 16 86 0 0 0 0 24 0 0 0 85 87 10 0 98 0 0 53 0 0 28 0 0 0 0 1 0 0 0 70 0 0 77 0 0 0 0 0 0 0 0 80 0 72 0 0 0 0 0 100 96 0 0 0 0 0 0 16 94 0 0 0 0 20 0 0 0 0 73 0 0 0 0 86 0 33 72 65 0 0
0 0 0 0 0 74 0 0 36 26 0 0 0 0 0 0 0 0 0 0 91 0 87 0 0 0 26 0 0 0 0 0 0 0 34 0 0 0 0 0 88 80 0 0 0 0 57 59 34 0 24 0 0 0 0 0 0 57 53 0 0 0 58 0 0 0 0 0 0 0 25 0 56 97 0 0 0 0 0 11 0 0 48 75 66 0 34 0 0 0 0 0 24 0 0 0 1 74 0 0
0 0 0 15 0 0 0 0 0 0 0 0 0 0 0 0 0 0 39 0 0 0 0 0 61 22 48 0 0 20 0 0 0 0 0 0 34 0 0 0 33 0 0 22 0 31 92 0 0 0 0 0 0 0 0 0 0 0 0 0 0 24 0 0 0 0 0 0 0 0 0 90 61 0 0 0 0 0 96 63 0 0 0 58 0 0 0 0 92 0 73 0 0 0 0 0 0 0 0 0
0 0 0 0 0 0 0 53 0 0 20 0 38 66 3 86 32 0 0 0 0 0 0 0 32 0 0 0 0 0 0 0 0 0 0 0 0 0 0 0 0 0 38 0 0 0 99 0 0 0 9 0 10 88 0 0 0 0 0 0 0 80 52 0 0 0 0 0 0 0 0 83 0 0 0 79 0 0 0 0 0 0 0 0 0 0 0 0 0 0 0 11 0 9 31 0 0 0 20 0
0 0 40 0 0 0 0 0 0 4 0 62 0 0 0 0 49 0 0 0 0 0 31 0 0 0 0 0 0 0 90 0 0 0 6 0 0 0 0 0 0 0 0 0 72 0 0 0 78 0 48 0 0 0 0 56 0 46 0 0 82 0 44 0 63 0 42 0 22 0 80 0 0 99 0 0 76 0 0 0 0 0 0 0 0 73 0 11 0 0 0 0 98 0 0 0 0 100 0 0
68 0 0 0 0 6 0 0 0 0 0 0 0 0 0 0 0 1 0 0 0 0 62 36 0 57 63 0 0 0 0 0 0 0 65 13 0 0 100 35 0 0 0 0 0 0 0 0 0 78 0 51 0 0 0 8 0 0 0 0 0 0 0 0 99 46 0 0 0 0 0 78 58 0 0 88 0 0 0 22 0 0 0 0 0 96 0 0 84 0 0 0 0 0 0 0 38 0 0 0
82 0 92 80 0 0 0 0 0 66 0 100 8 0 0 33 0 0 0 0 0 0 0 90 90 30 99 0 25 0 0 0 0 0 69 0 0 0 42 45 0 90 0 0 0 0 0 0 0 0 95 43 0 0 0 0 0 0 15 0 22 0 32 28 0 34 0 0 0 0 0 57 0 0 0 0 0 0 81 0 0 32 0 0 0 0 0 0 0 0 0 0 0 0 0 0 23 0 0 9
0 0 0 8 0 0 0 17 0 0 0 40 0 7 0 11 0 0 0 0 0 38 0 0 96 0 0 0 0 73 0 0 0 73 0 0 0 0 0 0 39 0 46 0 99 0 0 0 0 0 0 0 0 0 0 33 49 0 0 88 99 0 0 0 0 45 0 0 0 0 3 0 0 0 43 87 0 16 6 0 0 86 86 0 25 0 0 19 52 0 0 29 0 0 0 38 0 95 0 0
0 0 0 0 0 0 0 0 0 0 0 38 0 0 6 0 0 0 0 0 0 11 0 7 0 0 0 0 0 0 0 0 0 0 0 0 60 0 20 10 0 0 0 0 0 0 0 92 0 0 0 0 4 0 0 0 0 0 0 2 37 0 0 0 33 83 0 0 0 0 31 0 28 59 0 6 61 0 0 0 0 0 0 77 0 25 0 0 0 15 0 0 43 0 0 0 0 77 0 0
0 0 0 0 0 0 0 0 0 0 0 67 0 0 0 0 0 0 0 0 0 0 0 46 0 0 45 0 0 41 0 0 0 0 63 80 0 0 0 0 29 0 0 0 0 0 0 0 0 98 0 0 0 0 0 0 0 0 0 0 0 14 67 0 3 0 32 0 0 56 0 0 0 97 0 0 77 0 100 0 0 0 34 0 0 0 0 0 0 0 0 0 0 0 0 83 0 100 62 0
0 0 0 0 0 74 0 0 91 0 0 0 25 0 58 0 22 0 92 0 0 0 0 88 0 0 0 0 0 0 0 82 0 0 59 74 0 0 0 0 36 14 0 0 0 18 0 0 0 89 0 0 0 0 0 38 0 0 0 62 0 33 0 0 0 0 0 0 0 0 0 0 82 0 0 75 58 51 0 0 0 0 0 0 50 13 86 64 0 74 0 0 0 0 0 0 29 0 0 0
0 0 0 51 0 85 0 0 0 27 0 0 0 0 0 0 0 73 5 0 0 70 0 0 0 0 0 31 0 0 0 3 0 8 0 0 0 0 0 0 64 0 74 0 31 25 0 0 14 0 0 53 0 0 0 0 0 92 0 0 51 89 0 0 0 0 0 0 0 0 0 0 0 0 0 0 0 0 27 0 0 60 0 0 0 0 0 0 0 0 0 7 0 0 37 0 0 0 95 49
20 0 0 0 92 0 90 94 0 0 0 27 85 74 0 0 0 52 0 0 61 0 0 0 23 0 0 56 0 0 0 0 0 0 0 77 61 0 0 2 0 0 0 13 0 16 0 7 18 0 0 0 0 74 0 0 0 66 0 29 0 44 0 26 0 0 0 0 0 30 0 68 0 0 55 77 0 0 0 0 0 74 8 0 0 25 0 43 0 91 0 48 0 0 0 57 0 0 0 0
0 4 0 70 0 41 88 0 0 0 0 91 0 0 73 87 0 0 1 0 11 0 0 0 0 24 99 0 0 0 0 0 0 0 0 0 0 0 0 0 0 0 0 0 0 0 0 0 0 85 12 0 86 0 57 0 38 0 42 0 0 0 12 0 0 0 0 0 76 0 75 0 0 15 0 0 0 0 66 0 0 0 0 0 67 0 0 0 93 0 0 92 0 0 37 0 0 0 0 0
0 0 75 0 0 0 0 0 0 0 0 98 0 56 31 0 0 42 0 0 0 0 25 0 68 0 0 0 0 98 0 0 0 0 0 89 0 0 78 0 0 64 0 0 31 23 0 0 80 0 0 0 0 75 0 0 0 0 0 0 0 0 0 0 0 0 0 38 27 0 0 0 0 0 32 0 0 0 0 0 4 72 0 0 90 26 0 53 0 0 0 0 0 0 0 0 0 12 0 0
0 0 0 0 33 0 0 0 23 0 62 29 0 0 0 30 52 0 0 0 84 0 0 0 1 0 16 0 0 0 0 0 0 0 0 0 0 0 0 0 0 90 0 0 0 0 0 0 47 0 0 0 0 0 0 0 91 0 0 0 56 0 0 0 38 0 0 11 0 0 0 0 61 0 0 0 0 0 0 0 0 52 0 0 0 0 0 0 44 0 0 0 0 0 93 7 0 0 0 0
93 0 0 0 0 0 0 0 51 84 0 0 0 0 0 82 0 0 0 10 0 0 9 18 0 0 0 17 85 88 0 88 0 0 0 0 97 0 0 0 0 0 0 0 86 0 0 0 0 0 0 0 0 0 0 33 0 0 0 68 0 0 0 0 0 99 0 0 0 76 0 6 17 0 82 0 0 0 72 0 0 0 0 99 0 0 0 0 0 99 0 0 0 0 0 0 0 0 0 76
32 0 31 84 33 0 0 0 0 5 0 82 0 0 0 0 0 0 0 100 0 0 53 0 0 0 0 0 0 0 0 0 0 5 7 1 50 0 28 0 0 0 0 0 0 0 35 0 69 71 26 0 48 0 0 75 0 0 0 0 0 0 56 0 0 23 0 0 72 0 0 0 0 0 0 87 0 80 0 0 0 0 0 0 0 52 0 68 0 0 0 0 0 74 84 0 66 0 0 0
0 45 0 68 31 0 0 39 45 0 0 90 0 0 0 95 0 0 0 35 0 0 0 0 0 0 16 0 0 0 0 61 18 0 0 0 0 0 0 0 0 0 0 0 0 11 15 0 67 0 0 0 35 97 0 0 0 0 78 0 0 0 78 0 0 0 0 0 0 0 75 0 0 0 27 27 0 0 50 84 0 0 0 0 75 25 0 0 37 55 0 0 0 0 0 0 0 0 0 0
0 0 0 0 0 0 53 0 0 0 0 62 0 18 0 0 0 0 0 0 26 0 0 0 0 0 6 0 0 0 0 0 20 21 0 0 0 45 0 0 94 0 0 0 0 0 0 0 37 0 0 0 0 0 0 0 0 42 0 92 0 0 8 0 0 36 0 0 0 0 0 0 36 0 0 0 25 0 57 0 0 0 0 73 0 0 12 0 0 0 0 86 0 0 0 0 26 0 4 98
0 0 0 0 22 0 0 0 0 0 0 0 0 34 0 0 0 73 98 0 87 0 70 0 0 0 0 60 0 0 0 0 0 0 0 0 57 0 0 0 0 0 0 0 8 0 0 0 0 0 0 0 0 0 0 0 0 0 0 0 70 0 0 0 0 62 0 64 94 0 0 0 61 0 0 0 0 0 65 0 32 0 85 0 0 0 0 0 0 0 0 0 0 0 0 0 100 0 0 64
0 0 0 0 0 0 0 0 0 0 0 0 0 0 0 23 0 0 0 0 0 0 20 0 95 0 0 56 40 0 0 0 91 28 0 0 1 26 46 0 0 0 0 0 0 0 0 0 0 0 0 0 0 0 0 0 0 0 4 0 27 2 0 0 0 0 0 0 0 0 26 0 0 0 0 0 0 0 0 0 0 0 0 0 0 0 0 0 0 36 0 0 0 0 97 0 0 0 0 0
58 0 0 0 0 0 0 80 0 0 0 85 0 0 61 0 0 0 83 0 0 29 0 40 0 0 0 20 0 37 15 0 0 0 0 0 0 0 37 31 86 0 92 0 0 0 0 0 0 0 0 0 0 0 0 76 0 0 0 17 0 50 23 0 0 0 91 0 0 0 0 0 0 0 0 0 0 0 0 0 77 0 25 68 88 0 0 62 0 0 0 0 27 0 0 0 0 52 0 0
0 0 11 0 0 0 0 43 0 0 0 0 0 0 0 70 4 29 0 0 0 60 0 0 0 0 0 0 0 0 0 0 0 0 0 0 0 0 0 65 0 18 0 0 29 0 0 0 0 0 0 8 0 0 0 25 0 0 0 0 37 0 0 0 61 0 0 0 0 0 0 20 40 35 81 0 0 0 0 0 0 55 0 81 80 0 0 0 0 0 0 0 0 0 55 0 2 0 93 0
26 0 0 0 0 85 0 0 0 0 0 0 27 0 0 0 0 0 34 0 0 0 0 0 0 0 49 0 0 0 0 70 0 0 0 0 31 58 0 0 0 0 0 0 1 0 0 0 83 0 91 76 0 0 0 59 0 0 0 45 0 0 0 0 0 0 0 98 0 57 0 0 0 0 68 0 28 0 61 0 0 19 0 0 0 0 0 55 0 0 0 0 0 30 70 0 0 0 61 34
0 0 0 0 0 35 0 0 0 0 0 40 0 0 0 25 63 45 0 15 0 0 0 0 0 90 8 74 0 0 0 21 0 46 85 0 25 0 0 0 64 0 0 0 85 0 0 0 0 0 0 0 74 0 0 0 0 0 68 0 53 0 1 0 0 0 0 0 0 80 0 0 0 0 0 43 0 0 0 0 0 16 0 0 9 0 0 94 0 0 35 0 0 0 0 0 0 0 0 0
0 0 0 0 0 0 0 0 0 0 0 27 0 0 41 0 11 0 22 86 0 46 58 0 65 33 0 0 0 0 0 0 90 8 35 74 0 0 89 4 0 0 0 0 0 0 45 0 0 0 0 0 0 81 77 0 0 0 0 0 0 0 0 0 88 0 0 78 0 0 0 0 1 0 0 37 0 100 0 0 11 0 67 88 0 46 70 0 0 0 0 0 0 4 0 0 0 0 0 0
13 44 0 0 0 0 50 0 0 0 32 0 0 83 0 0 0 0 53 0 0 16 27 0 9 0 0 0 0 44 73 0 0 0 0 0 83 26 0 0 0 0 27 0 0 0 0 0 0 0 0 59 0 43 0 0 0 82 0 0 0 0 0 0 0 0 0 0 0 0 14 0 0 0 0 0 0 0 12 21 27 0 49 0 0 0 0 0 0 0 0 98 0 0 53 72 0 0 0 0
0 0 0 98 0 0 0 0 14 0 0 0 0 72 0 0 0 0 0 0 78 0 76 50 0 0 0 0 0 0 0 0 0 0 0 22 0 0 0 0 3 31 0 0 0 0 58 0 46 0 42 0 0 0 98 0 0 26 0 0 0 29 0 1 0 0 73 0 11 0 0 0 9 0 0 0 0 70 0 7 0 24 56 49 0 46 0 0 0 0 0 0 0 0 0 0 0 0 0 0
0 0 0 0 0 0 0 0 0 0 0 0 0 0 22 0 62 0 0 0 0 0 0 0 0 0 0 17 0 0 9 0 0 0 0 1 0 0 0 30 0 0 0 0 35 0 0 26 0 0 0 49 89 0 0 68 0 0 40 40 0 0 0 0 0 0 19 0 16 0 0 0 0 0 0 0 0 0 0 0 91 0 0 0 0 0 0 0 0 0 0 17 48 0 0 0 0 0 0 0
0 0 0 0 60 0 0 0 0 0 0 0 0 0 0 0 83 0 0 46 0 0 0 0 0 0 8 81 0 0 0 0 72 9 0 0 0 0 0 47 87 0 0 0 0 58 34 0 0 0 0 0 40 0 0 0 0 0 0 0 47 0 0 0 0 0 0 0 91 0 0 0 0 0 0 0 0 0 82 0 0 74 76 0 0 0 0 0 0 0 71 94 0 0 68 0 0 72 31 67
0 87 0 0 0 0 0 0 0 0 0 0 4 19 0 0 0 0 0 21 0 0 90 0 0 96 45 0 97 0 0 0 0 0 0 0 68 56 0 0 0 0 0 0 0 71 0 78 0 0 90 0 0 0 0 0 0 0 0 0 70 0 0 0 0 0 16 0 0 0 10 71 0 0 0 53 27 0 0 100 0 0 0 0 0 0 81 18 0 0 0 0 0 0 0 0 0 0 0 96
56 0 68 0 78 0 0 0 0 0 0 0 0 24 0 0 0 0 0 49 0 0 0 0 0 0 0 1 0 0 0 0 31 0 0 2 0 0 0 0 0 0 0 0 97 0 4 0 0 0 0 0 0 0 0 0 0 0 0 0 0 0 0 0 0 62 0 8 0 0 0 7 0 0 0 0 0 0 91 0 24 0 0 0 0 0 91 0 0 0 0 0 0 0 0 0 0 0 48 0
27 0 0 0 0 78 0 24 0 0 41 48 0 0 0 0 72 0 0 0 93 78 53 0 0 63 0 0 0 0 0 42 0 0 71 81 48 0 43 0 20 75 0 0 0 0 0 0 93 0 0 0 0 0 0 0 0 54 0 85 0 0 0 0 41 0 4 89 0 0 46 0 0 0 0 0 93 0 50 0 19 44 0 3 0 69 0 0 14 0 0 0 0 74 0 0 0 0 0 0
0 0 44 85 0 0 0 0 0 0 0 0 71 0 97 0 97 0 0 2 0 10 0 0 0 0 0 0 0 0 27 20 0 0 0 0 0 0 0 0 0 52 0 0 0 0 0 0 90 0 45 0 32 0 0 0 56 0 0 0 0 0 0 0 0 0 0 0 0 60 0 0 0 29 0 25 0 92 44 0 0 0 0 0 0 82 0 90 46 88 3 0 0 0 0 0 0 0 0 52
0 41 0 0 0 0 0 0 0 25 0 92 0 0 0 0 4 0 0 0 0 90 0 0 0 82 0 0 0 0 0 72 0 0 0 0 97 45 0 0 0 0 0 65 0 0 59 26 0 41 0 0 0 78 0 0 10 77 0 0 0 57 74 0 64 0 0 0 0 0 0 0 0 0 9 0 53 0 0 0 79 0 0 0 0 0 0 0 79 0 84 0 76 0 56 0 0 0 0 0
0 15 83 0 0 0 0 0 0 0 0 0 100 0 0 0 0 13 0 0 56 0 0 0 94 99 0 0 12 0 0 89 0 0 0 0 0 76 0 27 0 0 0 72 70 0 0 0 13 80 0 0 0 66 0 0 0 0 0 0 30 0 0 0 0 0 0 0 0 0 0 0 28 6 0 0 20 0 0 58 0 0 0 0 0 0 0 69 0 86 0 0 14 0 22 67 0 12 0 0
0 11 43 0 0 86 0 18 0 0 0 0 0 0 87 82 0 7 0 0 0 0 0 0 0 0 0 0 0 93 0 0 0 0 0 0 5 41 72 0 16 0 0 0 0 0 0 0 0 0 0 47 0 0 0 5 33 50 97 0 0 0 0 0 0 0 0 0 0 95 0 51 0 0 0 0 0 0 0 0 95 0 87 0 0 97 0 0 0 0 0 0 24 85 0 0 0 0 0 0
0 0 0 91 0 0 0 0 0 0 0 36 0 0 0 0 91 0 0 0 0 59 0 0 0 37 0 63 0 0 0 0 0 19 0 0 0 0 0 0 0 0 0 0 0 0 0 0 0 0 0 0 0 0 0 0 0 6 10 16 0 0 0 0 0 0 75 0 0 0 0 0 0 0 0 0 17 0 0 0 0 0 91 0 0 0 0 0 0 0 0 0 79 0 35 0 0 0 0 0
61 0 14 0 76 0 0 81 0 48 0 0 0 51 0 0 64 0 0 0 46 0 0 0 0 0 87 0 46 0 0 0 0 0 0 0 0 28 0 0 0 0 0 5 0 0 75 0 0 0 0 0 0 0 0 36 0 0 0 0 28 0 0 0 0 100 0 72 0 0 0 0 0 0 0 0 0 0 50 0 0 0 58 0 61 0 0 0 92 0 0 99 0 86 0 0 0 0 71 0
55 86 16 0 0 82 83 0 0 0 0 0 0 0 0 40 0 86 0 63 0 0 0 47 22 0 22 0 0 0 0 0 0 0 0 0 0 0 0 71 0 0 92 0 97 0 0 0 0 0 0 0 1 0 0 0 0 0 0 0 0 0 14 0 0 0 0 93 0 0 31 51 91 30 0 27 0 0 61 0 0 0 0 74 0 0 39 0 0 77 0 11 0 41 13 0 27 0 0 0
0 95 0 0 0 0 49 79 0 64 0 0 0 0 0 0 0 0 0 0 0 0 0 2 0 0 0 0 0 30 0 0 38 0 96 0 0 0 0 0 0 45 0 9 0 0 0 0 32 0 0 48 0 0 0 0 0 76 0 0 38 0 0 0 0 0 0 0 0 0 0 0 0 0 0 61 0 0 0 0 0 0 0 0 0 2 0 35 68 0 34 0 78 0 44 0 0 0 0 0
0 0 67 0 0 55 0 0 0 0 0 0 0 0 0 0 0 0 0 0 26 84 0 6 0 21 0 86 0 0 0 0 0 0 0 0 0 0 67 0 31 0 0 0 0 0 0 0 0 96 0 0 0 0 0 0 0 0 84 0 0 85 0 0 97 0 0 98 0 18 41 0 0 0 29 0 0 0 70 0 0 0 0 0 0 90 0 0 0 0 0 48 0 0 80 0 51 7 0 0
0 0 85 0 0 0 0 19 0 0 0 0 89 0 0 0 0 0 0 0 6 85 0 0 0 0 6 0 60 0 0 0 85 68 83 0 0 0 82 0 0 0 0 88 0 0 0 56 0 0 0 0 35 0 0 0 0 0 0 0 40 84 0 0 0 0 0 61 0 0 0 0 0 0 36 0 0 0 0 18 0 0 0 0 88 0 0 0 0 14 0 0 0 0 0 0 0 72 24 49
47 0 0 0 0 0 0 66 30 33 0 0 0 0 0 0 0 0 81 75 0 5 0 0 0 0 0 0 0 82 0 0 0 0 0 46 0 0 0 0 0 0 0 50 0 0 0 0 0 65 93 0 0 44 0 69 0 66 0 0 0 36 0 0 0 23 64 0 23 0 58 23 0 40 0 29 0 0 100 0 0 0 0 20 0 32 0 0 0 0 90 99 0 0 0 0 0 26 0 0
0 0 0 0 0 0 45 0 6 0 8 0 10 0 0 0 0 57 0 31 24 23 77 68 0 42 46 0 0 0 0 0 78 0 0 0 0 24 0 0 0 0 0 0 99 0 59 0 0 0 0 0 0 0 72 71 0 0 0 0 65 0 28 0 0 0 71 41 60 75 0 23 78 0 87 58 0 0 0 0 96 0 0 0 0 0 1 0 0 0 0 0 87 2 0 83 0 91 0 0
0 0 0 0 38 0 0 0 0 42 0 0 0 0 88 0 0 14 35 0 0 0 0 0 0 0 0 0 0 0 0 0 0 78 0 0 0 62 0 53 0 37 0 0 92 10 38 0 0 0 0 39 0 70 0 0 0 68 0 78 0 0 0 0 0 0 0 0 0 23 99 0 0 0 0 0 0 9 0 87 0 0 0 0 0 98 0 0 0 0 0 0 0 0 0 68 0 0 0 84
0 93 0 0 56 0 0 0 0 0 50 0 0 0 0 63 0 59 0 0 0 0 0 86 0 0 0 0 0 0 2 0 89 73 0 91 0 0 22 43 0 0 0 80 0 0 0 0 0 0 0 38 0 51 81 95 0 0 0 0 49 0 0 0 19 61 74 16 0 0 0 0 34 56 0 0 0 0 0 0 54 0 0 0 1 0 0 0 70 0 5 29 91 0 0 0 0 0 0 0
0 0 4 0 0 24 0 0 0 0 0 0 0 18 0 26 62 0 0 0 0 0 20 0 56 0 0 0 0 8 0 0 21 0 0 76 0 0 0 66 0 0 61 0 0 0 0 0 0 0 0 0 0 0 0 57 0 41 0 38 0 0 0 0 0 17 0 0 0 29 0 47 0 92 0 0 60 0 0 0 0 4 59 10 66 0 90 10 0 57 0 0 0 37 0 67 0 0 0 0
25 68 0 0 88 59 0 0 0 99 0 32 0 0 0 0 0 0 0 0 79 0 0 0 0 0 99 0 0 81 0 0 0 0 0 0 0 0 98 0 0 59 50 0 0 0 0 0 0 0 0 0 25 0 0 0 25 80 0 91 27 0 0 0 0 17 0 0 0 0 61 0 79 0 75 33 0 0 0 0 0 0 54 0 0 25 6 0 0 56 0 0 0 0 0 0 0 33 0 0
66 0 0 0 0 48 0 0 70 0 0 63 73 0 81 0 0 0 0 0 0 0 0 0 19 0 0 0 0 35 29 0 0 3 0 78 0 43 0 0 0 0 0 19 0 0 15 0 18 0 0 24 0 0 0 18 0 0 0 0 56 0 0 0 0 0 0 0 0 0 0 0 0 0 0 0 59 0 58 0 0 0 0 0 28 0 0 92 90 0 0 0 0 0 0 0 0 0 88 0
0 50 0 0 0 0 0 0 44 0 0 0 31 0 0 0 69 25 0 19 0 0 0 0 0 0 0 0 0 0 0 20 0 0 0 32 55 0 57 0 0 32 60 0 95 0 0 0 0 0 0 0 0 0 0 0 0 0 15 0 0 0 0 65 0 67 0 0 49 0 32 0 0 33 0 0 0 89 0 47 13 0 0 0 0 0 11 31 77 0 0 0 0 0 0 0 0 0 0 0
0 0 0 45 0 0 0 0 0 0 44 0 0 0 0 0 0 0 0 0 76 0 60 0 0 0 0 23 0 0 0 0 99 73 0 0 0 47 0 83 6 0 0 0 0 0 0 0 0 59 0 98 29 72 98 0 0 76 39 52 0 0 0 0 95 91 0 0 52 0 0 0 0 0 0 0 0 0 0 0 58 0 64 0 60 93 0 0 0 0 39 0 0 0 0 0 0 0 91 0
0 0 0 44 0 0 0 0 0 79 37 0 0 0 15 85 0 0 0 0 0 0 0 0 0 0 0 0 0 0 0 0 0 0 0 0 0 0 0 0 0 0 0 0 0 0 0 0 5 0 0 31 0 0 19 0 74 0 0 0 0 0 0 0 0 0 0 0 5 0 0 0 0 86 0 0 0 27 0 0 63 53 0 0 92 42 55 0 0 26 0 0 0 0 0 0 67 0 0 0
0 0 0 3 0 0 0 0 0 0 0 0 0 96 38 0 0 92 0 11 0 0 0 0 0 57 18 84 0 0 0 0 43 0 69 0 0 0 0 0 0 0 0 0 0 0 0 0 0 0 0 0 14 0 0 5 17 0 72 47 0 0 0 0 24 21 0 0 0 65 0 0 0 69 66 0 0 66 0 47 67 64 0 6 0 99 0 0 0 0 0 66 0 68 0 14 0 0 0 0
0 0 36 0 0 0 0 55 65 25 0 0 0 0 11 0 0 0 0 0 34 37 0 0 70 0 0 0 0 0 0 29 0 33 0 0 0 0 0 0 0 0 0 0 0 0 0 0 0 0 0 0 100 0 0 0 0 0 0 0 17 45 2 0 0 39 0 0 0 0 41 0 0 0 0 0 0 0 0 0 0 0 0 0 0 0 0 0 0 0 0 0 0 0 0 0 0 0 37 0
0 81 0 0 0 89 87 0 0 0 22 0 28 0 0 0 0 0 0 0 0 44 0 0 0 0 0 0 0 0 0 0 0 80 0 0 0 0 0 0 0 0 0 0 0 0 58 0 90 0 0 0 0 0 20 21 0 0 0 0 0 94 0 0 76 0 0 0 1 37 63 0 0 8 32 0 0 0 0 0 19 0 0 29 0 0 0 0 0 0 0 0 0 83 0 53 0 0 0 0
31 0 0 0 23 0 0 0 5 42 42 42 89 0 0 67 0 0 0 93 0 0 66 0 0 0 0 0 51 0 0 0 0 43 0 0 69 0 0 0 0 0 0 81 25 0 98 0 0 0 48 55 0 0 0 39 0 0 0 0 0 0 0 0 3 0 0 0 0 0 0 99 0 52 89 47 0 0 74 34 0 78 0 57 0 0 67 0 0 0 0 0 75 0 0 0 0 0 0 0
0 0 0 27 0 0 83 0 0 60 82 86 0 0 39 0 0 0 0 0 0 0 0 0 0 0 0 0 0 0 0 0 0 0 0 91 0 0 93 0 0 0 0 0 38 77 0 92 0 9 0 0 0 0 0 0 0 26 0 0 0 0 78 74 91 0 1 0 0 0 0 0 0 0 0 0 0 0 0 6 0 0 0 25 0 0 0 0 0 62 0 49 0 0 0 0 0 75 0 0
0 0 0 98 0 0 0 0 0 0 0 0 0 0 35 0 24 0 0 42 31 61 0 87 0 0 0 0 0 0 0 0 0 0 0 56 67 0 0 0 0 0 0 0 93 0 0 0 0 44 0 47 98 0 0 25 57 88 32 5 0 0 0 0 0 0 13 82 0 0 99 55 0 0 63 14 0 0 73 0 0 4 17 10 0 50 59 0 0 0 0 0 0 0 53 0 0 0 0 0
0 76 0 0 0 0 0 0 0 14 60 0 0 0 0 64 0 42 69 55 0 0 89 0 50 3 0 23 0 0 0 0 0 49 0 58 92 0 0 0 59 0 0 48 0 3 0 0 0 0 0 8 92 0 0 0 0 0 0 0 0 0 34 0 0 11 9 0 0 0 0 0 11 0 0 61 84 64 0 30 0 0 0 0 0 0 0 75 0 0 0 0 0 0 0 0 76 0 75 31
86 54 0 0 0 0 0 0 47 66 36 0 16 0 0 0 0 0 0 0 70 41 62 0 0 9 0 0 0 0 0 0 0 0 81 14 0 0 0 68 0 0 0 0 0 0 0 0 0 24 0 0 0 0 75 0 0 54 4 49 0 0 0 0 18 58 0 0 2 0 0 0 0 0 0 0 0 0 0 0 0 0 0 0 0 29 88 0 14 69 82 27 0 0 22 0 0 0 0 0
0 0 0 0 0 0 44 1 54 5 0 0 0 0 0 0 59 0 21 95 60 0 98 0 0 0 0 0 27 95 0 0 61 55 0 0 0 0 0 0 0 0 83 0 0 85 44 58 0 0 0 0 0 0 0 0 0 0 0 0 37 0 29 0 0 0 100 13 0 15 0 0 0 0 0 0 0 0 0 0 0 0 0 0 0 12 2 0 0 0 43 23 0 0 0 0 0 0 0 46
0 0 25 52 0 0 0 100 0 0 0 0 0 0 51 0 0 0 0 0 0 41 0 0 31 0 0 0 0 0 0 0 2 0 0 0 0 0 0 14 0 13 0 0 0 0 0 98 0 0 72 41 18 0 0 0 0 0 0 0 71 79 0 0 42 0 17 0 40 0 14 0 0 0 0 0 0 0 34 18 0 0 0 67 0 0 0 0 0 0 0 0 0 0 51 0 0 0 0 0
0 0 32 0 0 0 0 6 95 64 65 0 40 67 0 0 0 0 0 0 0 0 0 0 34 66 0 0 66 0 0 0 55 0 0 0 0 0 53 38 29 0 0 0 19 67 0 0 0 0 0 56 34 0 0 0 59 0 0 76 5 0 95 77 90 0 0 0 17 0 0 0 0 0 0 0 0 0 0 0 39 0 0 0 0 0 19 0 0 0 0 0 16 0 0 0 17 0 0 97
0 0 0 0 0 33 0 0 21 22 95 85 0 0 0 0 0 0 48 69 0 0 0 0 0 90 0 0 0 0 0 0 14 0 89 22 0 0 0 27 0 0 0 0 24 0 75 0 83 0 0 0 0 0 0 0 0 0 93 0 0 0 0 0 23 54 4 0 0 79 16 0 55 0 0 0 0 0 0 0 0 0 0 0 0 84 0 0 47 80 0 0 0 0 54 0 0 0 0 0
0 44 0 0 45 0 0 0 0 0 0 0 0 0 92 0 0 0 23 0 0 0 0 0 0 0 0 0 0 0 29 0 0 0 30 20 0 15 0 0 0 0 0 44 0 0 0 0 25 8 0 0 0 59 67 0 0 0 7 0 0 19 1 0 0 0 31 92 0 0 0 98 0 0 46 0 75 0 73 0 0 0 0 0 0 22 0 61 0 0 77 0 0 0 0 19 0 0 0 35
0 0 0 30 57 0 0 0 49 0 0 82 0 0 0 8 35 12 0 0 0 87 0 0 0 14 0 83 95 0 0 0 0 50 0 0 0 0 98 95 0 0 0 0 0 0 2 0 0 75 22 0 0 40 0 0 72 14 0 58 71 0 23 0 0 0 0 0 0 0 0 41 0 0 54 0 37 24 59 0 0 0 0 10 0 0 0 0 0 0 0 0 0 4 0 0 0 0 0 25
82 0 0 0 0 0 0 0 75 0 0 0 0 0 0 60 0 0 0 0 0 0 0 0 0 0 0 0 83 5 84 0 0 0 0 67 0 0 98 48 0 0 0 0 67 0 0 0 0 0 36 0 0 0 91 0 0 0 0 0 0 0 15 35 53 51 57 0 0 0 0 0 17 0 0 24 0 0 0 0 0 0 70 0 0 0 0 0 0 0 0 0 56 55 0 0 0 0 0 43
0 0 0 0 0 0 0 0 52 0 0 0 0 0 0 0 0 0 0 0 0 0 0 34 0 0 56 0 49 0 0 0 0 0 4 0 39 0 0 0 0 0 47 0 70 0 47 0 63 0 0 0 0 71 53 0 0 1 0 19 0 0 0 79 0 0 0 18 0 0 0 0 6 23 0 0 0 0 0 0 0 0 0 0 0 57 0 0 88 0 0 90 24 0 0 0 0 36 80 0
84 0 74 99 43 0 0 79 0 38 0 97 0 92 0 0 0 38 0 0 23 13 0 68 0 44 97 29 46 0 0 61 32 0 0 0 0 87 25 0 0 0 14 0 40 0 0 78 0 25 58 95 0 0 0 0 0 0 0 0 16 0 0 0 0 82 0 0 0 0 46 0 0 0 0 0 4 0 0 0 0 0 0 36 0 42 0 0 96 0 0 0 0 4 0 0 0 0 0 0
0 0 0 0 0 0 0 0 0 0 0 0 0 0 12 0 0 27 0 0 0 0 21 0 0 0 0 0 44 0 0 31 0 0 0 59 0 60 81 0 0 0 42 0 0 0 0 0 0 0 0 0 0 0 0 0 44 0 38 0 57 0 0 0 55 68 0 0 0 19 0 0 94 0 0 0 0 0 0 0 0 0 0 0 0 0 0 41 0 76 0 33 80 0 10 0 0 0 0 0
0 0 45 33 0 35 0 0 0 0 0 0 0 0 0 29 0 0 0 0 0 0 0 0 0 0 0 0 1 0 94 0 0 94 0 0 0 0 82 55 0 0 0 0 0 0 10 0 96 0 0 0 0 20 0 0 79 0 0 0 0 0 0 0 0 84 0 0 0 0 0 68 48 64 0 0 8 0 0 60 0 0 0 0 0 0 0 0 0 0 25 0 0 93 0 0 0 0 0 0
0 49 0 0 0 0 0 57 0 0 0 0 0 16 0 0 0 0 0 0 52 0 0 0 0 0 71 0 0 0 0 63 0 0 90 74 0 0 0 0 0 0 80 33 0 82 0 0 0 0 0 8 0 0 0 16 0 0 0 60 0 0 0 0 0 0 0 0 0 57 0 83 0 2 12 0 0 0 0 0 0 0 0 0 0 0 0 69 0 92 0 33 0 71 0 20 0 0 0 0
0 0 0 0 0 0 70 0 0 0 56 0 20 0 0 0 0 84 0 0 1 0 0 0 0 0 0 24 63 0 0 0 0 0 99 0 0 0 0 45 0 57 0 67 0 0 50 0 0 22 0 40 0 0 64 0 0 0 0 0 10 0 54 39 0 0 73 0 0 0 0 0 0 49 0 0 0 0 60 0 0 0 0 0 0 9 0 0 0 0 51 78 0 0 18 0 0 0 0 39
0 0 0 0 0 0 0 0 0 43 0 0 51 0 0 68 0 0 50 0 0 26 6 10 12 19 62 0 0 0 0 0 0 0 0 7 0 0 66 100 0 0 0 0 0 75 0 0 0 0 89 0 0 0 0 4 70 0 0 0 0 0 0 0 0 0 0 0 0 0 0 0 0 81 0 0 97 0 0 0 0 36 0 0 21 0 0 0 0 79 0 20 0 0 74 7 0 0 0 0
11 0 59 0 58 0 0 0 63 0 0 0 0 24 0 0 0 0 0 0 0 3 0 68 0 0 0 0 0 68 0 0 0 0 0 32 89 0 0 0 98 0 0 17 76 6 0 23 0 0 9 0 0 0 0 0 0 0 0 0 0 30 0 0 0 0 81 0 0 0 0 0 29 76 0 0 0 0 0 0 0 26 0 7 0 0 0 0 0 0 0 0 0 0 0 34 16 0 0 30
0 0 75 0 1 0 0 0 0 0 50 0 0 0 22 0 0 0 0 0 0 0 0 0 0 93 75 80 0 89 0 0 0 0 4 0 0 16 0 0 57 54 47 0 0 0 23 0 0 0 0 0 0 0 0 38 0 0 53 0 66 0 0 0 0 0 0 0 0 0 19 0 0 4 0 0 0 0 8 9 0 0 0 0 0 46 0 0 0 0 0 0 70 0 0 0 0 0 0 0
0 0 0 0 0 66 0 0 0 0 0 0 0 95 0 0 75 0 66 0 0 0 69 0 0 0 0 0 0 0 47 0 0 0 0 0 0 75 0 0 0 86 0 0 34 15 81 0 0 0 0 0 0 42 7 0 0 0 72 0 0 0 0 93 0 0 85 0 0 0 0 0 0 15 0 0 51 0 0 0 18 0 0 3 0 24 12 0 0 80 0 0 4 0 0 0 0 77 0 66
0 0 0 35 0 0 0 4 0 0 0 0 50 34 0 54 0 0 0 0 0 0 0 0 91 0 0 0 0 0 41 0 0 0 30 54 0 0 32 0 0 0 0 0 0 26 0 32 0 0 21 72 0 0 0 0 0 0 0 0 0 62 0 89 0 0 0 0 0 0 84 85 0 0 0 0 0 61 0 0 0 36 0 86 0 0 0 0 0 0 0 51 0 0 0 0 0 56 0 29
0 0 0 0 0 8 0 0 0 0 0 0 0 0 0 0 39 22 0 44 0 56 0 0 0 0 83 0 0 0 0 29 0 0 0 16 0 9 52 0 0 0 0 0 0 0 0 0 0 0 59 0 0 3 63 0 48 0 87 0 45 79 51 0 0 0 0 61 69 0 86 77 0 0 11 0 0 0 31 43 60 47 0 0 0 0 0 0 0 50 0 31 0 0 0 99 39 9 0 0
93 58 0 18 0 0 0 4 0 0 90 0 23 0 0 0 0 40 0 0 0 0 0 0 20 0 0 0 0 0 31 63 0 0 0 0 88 0 0 26 64 0 35 0 0 0 55 0 0 0 0 0 0 26 0 0 0 98 0 0 0 68 0 0 0 0 0 0 0 0 0 0 0 0 0 0 0 0 0 0 97 0 0 0 0 0 0 72 0 0 0 0 45 58 0 0 45 0 0 0
0 0 0 0 0 50 0 0 0 0 0 29 62 0 0 4 0 0 0 0 0 75 14 0 0 0 0 0 0 0 0 0 0 0 0 0 0 0 0 0 0 0 0 0 22 0 0 0 96 0 68 68 0 95 0 0 0 46 0 0 61 0 0 0 0 0 61 34 0 0 0 0 0 81 0 0 0 16 0 0 0 0 0 0 71 0 0 0 64 0 0 0 45 0 0 0 0 0 0 0
31 0 0 0 0 0 0 3 0 0 0 0 50 66 0 0 0 41 7 78 0 0 0 0 84 0 67 0 22 0 45 0 0 0 0 0 0 0 0 0 0 0 0 0 0 0 28 10 0 0 0 73 36 96 0 0 0 0 0 0 13 0 0 0 25 54 0 0 54 84 86 0 0 0 0 0 0 0 0 0 0 51 0 0 0 0 26 49 26 10 0 0 0 0 0 0 0 0 0 0
50 0 33 45 0 0 0 0 0 0 0 0 0 0 0 0 60 0 0 53 0 0 0 0 0 0 0 0 0 0 0 0 0 0 31 0 0 0 0 0 0 0 0 0 0 92 0 0 0 62 0 0 0 0 63 0 0 0 0 0 0 0 81 0 0 0 0 0 94 0 0 0 83 91 51 0 67 52 88 0 33 0 61 0 0 0 0 0 0 86 0 0 0 93 0 0 0 0 11 0
0 0 97 0 0 46 0 62 0 0 0 0 0 0 0 99 0 89 54 0 9 0 0 0 88 0 0 0 0 0 58 0 0 0 42 0 0 0 0 85 0 0 0 0 0 0 46 0 0 0 56 0 0 18 0 0 0 100 0 0 79 0 0 0 0 17 0 0 44 0 0 0 0 0 0 84 0 0 0 0 0 0 0 0 64 0 0 0 0 95 0 0 0 58 0 0 21 0 0 0
50 0 0 63 0 0 5 5 31 0 7 0 49 0 0 0 79 0 0 0 100 0 0 0 0 0 0 0 0 0 0 0 0 0 0 28 0 0 0 0 43 0 0 52 0 0 0 64 0 0 0 0 40 15 27 97 0 0 0 0 0 0 50 0 31 0 0 0 0 0 0 0 11 30 0 0 0 0 0 0 0 0 52 0 0 0 0 88 93 0 0 0 0 0 0 0 0 0 0 0
0 50 0 0 36 0 93 0 0 0 0 100 19 1 0 0 0 57 0 0 0 0 0 72 0 87 0 50 0 0 18 0 70 0 0 72 0 0 73 0 12 57 0 49 0 0 0 0 0 0 0 0 18 0 0 0 56 0 0 0 93 0 0 85 0 45 0 33 0 0 0 0 0 15 0 0 0 0 0 82 42 0 0 0 0 0 62 0 0 0 0 44 0 0 0 0 0 81 0 56
0 0 0 0 0 99 0 0 0 0 0 0 0 0 0 0 7 0 0 0 0 11 0 7 0 0 0 93 69 0 0 0 0 0 0 0 3 0 0 0 0 0 0 0 0 100 0 0 0 0 0 0 0 0 0 0 0 0 0 0 99 0 0 0 0 0 0 0 0 0 0 0 67 42 0 13 96 0 81 0 0 0 0 0 0 0 0 59 0 0 0 0 0 0 88 0 0 0 68 0
34 0 0 0 0 0 0 0 0 0 0 61 0 0 0 0 0 97 58 0 30 16 0 0 48 36 0 0 0 0 0 0 0 0 0 0 0 0 0 0 0 0 58 22 0 60 50 0 75 0 0 0 58 77 0 0 0 79 0 0 88 96 0 20 49 0 9 0 0 0 0 0 0 47 0 0 0 0 0 0 0 0 0 22 0 0 5 0 38 0 0 0 0 83 0 80 0 0 0 0
0 0 0 0 0 0 14 65 0 0 0 0 0 0 0 0 0 96 92 0 0 18 0 0 0 0 0 90 0 0 0 0 0 0 0 0 0 10 0 0 20 14 79 0 0 0 0 94 0 71 0 0 0 0 0 59 0 90 0 63 0 0 0 0 0 40 0 0 0 0 0 0 100 0 0 0 0 0 0 59 0 0 0 23 16 46 0 0 0 0 0 0 0 0 0 0 0 0 0 0
0 0 0 0 0 0 98 0 0 0 0 0 55 0 0 0 0 0 8 0 0 0 0 0 0 0 0 0 0 0 83 0 0 0 19 0 0 0 0 19 0 0 0 0 21 0 0 0 81 55 15 25 0 0 0 58 0 0 0 77 0 0 0 0 0 0 0 62 0 0 1 37 0 0 0 0 0 0 0 0 22 25 0 86 0 0 0 0 5 0 0 0 10 97 0 0 0 0 21 0
25 0 0 0 0 0 36 0 0 50 0 0 53 0 79 10 0 0 20 0 0 0 24 21 75 0 69 24 64 7 0 0 0 28 0 0 0 0 0 57 0 0 0 0 0 0 0 0 0 0 0 0 0 0 0 0 0 0 0 0 0 0 0 0 0 0 0 0 0 56 0 23 0 0 30 27 0 0 0 0 0 52 0 5 50 0 0 0 0 89 0 0 0 1 0 0 65 0 0 87
0 18 0 0 0 0 0 68 0 0 38 0 0 0 0 0 19 0 3 17 79 0 0 58 0 29 95 32 0 0 0 97 0 0 0 0 0 0 96 0 1 44 0 0 0 0 57 0 0 0 0 96 6 0 0 32 29 0 29 0 0 32 0 0 19 0 27 0 0 0 0 0 0 0 0 10 0 0 0 0 71 0 0 0 0 56 48 0 0 0 0 0 0 0 0 0 0 0 0 0
0 100 0 37 0 20 0 0 0 0 0 0 0 73 0 0 94 81 0 0 0 0 0 0 0 0 0 0 0 0 0 0 0 74 0 0 0 0 90 0 0 0 0 46 0 0 0 0 0 61 0 0 0 0 0 75 0 0 0 8 0 71 0 0 0 19 0 0 0 0 0 0 0 42 68 0 0 0 0 0 0 0 97 0 0 0 0 99 0 0 0 0 65 0 0 0 0 73 81 0
0 0 0 0 98 72 0 11 0 0 0 0 0 80 0 0 0 0 0 0 0 0 34 0 97 0 30 0 0 0 10 0 0 0 0 1 0 0 40 0 0 11 0 96 0 0 0 0 0 0 0 0 0 0 0 9 71 0 35 0 0 0 0 0 0 0 86 61 64 0 32 0 73 0 0 71 0 7 0 0 0 0 31 0 0 0 0 0 0 0 93 0 0 0 0 0 0 0 0 0
76 65 0 23 9 0 65 0 0 72 0 14 0 0 0 0 0 0 0 0 0 0 0 0 0 0 0 0 35 62 0 0 0 0 0 0 0 37 0 0 0 0 0 0 0 0 97 0 0 0 0 0 0 0 0 0 0 0 27 0 92 0 0 0 0 0 48 0 0 30 0 0 79 0 0 0 49 0 0 0 0 0 0 0 0 0 0 64 0 78 16 27 0 0 0 0 0 0 0 73
79 0 30 0 52 0 7 0 18 0 61 0 0 52 0 0 0 66 0 0 0 0 0 24 0 0 0 0 0 0 0 0 5 0 0 0 0 0 0 0 0 0 0 0 0 46 0 0 0 0 0 0 0 26 78 0 0 42 64 31 0 83 98 37 0 33 0 0 0 0 0 0 0 57 0 0 27 0 0 0 0 0 0 0 0 0 0 0 0 0 0 0 63 59 0 71 0 0 0 0
68 26 0 0 19 10 0 100 0 0 0 0 0 0 0 0 0 0 0 0 0 0 0 0 0 0 0 0 0 0 0 0 0 0 90 0 0 0 0 0 0 0 0 0 90 0 0 0 0 0 0 0 66 0 0 0 41 0 0 0 0 0 0 10 43 0 0 0 0 0 0 0 91 0 0 0 0 14 0 94 0 0 0 0 0 0 0 0 0 0 0 0 0 73 92 0 0 0 0 0
74 0 0 0 0 0 0 0 20 0 29 0 0 0 0 0 0 0 0 0 0 0 0 33 0 0 0 15 0 91 0 0 0 0 97 0 94 0 83 0 0 0 0 0 0 0 53 0 0 0 0 0 0 0 0 0 0 69 54 0 0 0 5 0 0 0 0 0 0 65 0 0 0 0 3 3 0 0 0 0 0 0 0 0 0 0 0 0 4 91 0 61 80 0 0 0 0 0 0 0
0 0 0 57 99 98 0 42 0 0 0 0 0 0 0 0 0 6 0 0 46 12 0 0 0 0 27 0 0 0 66 50 18 0 71 0 0 67 0 0 75 0 0 0 0 80 0 0 0 89 0 0 43 0 0 0 0 0 0 0 0 15 0 80 0 0 0 0 0 100 7 0 0 0 0 0 0 24 14 0 0 0 0 98 0 0 0 0 52 0 0 0 0 93 0 39 53 16 0 0
0 0 0 0 0 38 0 0 28 34 0 0 0 0 0 0 0 0 0 0 85 0 32 0 0 0 4 0 0 0 0 0 0 0 1 0 0 0 0 0 7 89 0 0 0 0 57 38 18 0 11 0 0 0 0 0 0 89 50 0 0 0 67 0 0 0 0 0 0 0 29 0 61 17 0 0 0 0 0 29 0 0 45 25 22 0 45 0 0 0 0 0 39 0 0 0 1 16 0 0
0 0 0 10 0 0 0 0 0 0 0 0 0 0 0 0 0 0 69 0 0 0 0 0 77 86 45 0 0 42 0 0 0 0 0 0 92 0 0 0 87 0 0 19 0 50 69 0 0 0 0 0 0 0 0 0 0 0 0 0 0 83 0 0 0 0 0 0 0 0 0 91 74 0 0 0 0 0 21 30 0 0 0 81 0 0 0 0 86 0 100 0 0 0 0 0 0 0 0 0
0 0 0 0 0 0 0 29 0 0 55 0 13 19 96 98 85 0 0 0 0 0 0 0 66 0 0 0 0 0 0 0 0 0 0 0 0 0 0 0 0 0 88 0 0 0 89 0 0 0 8 0 87 79 0 0 0 0 0 0 0 10 17 0 0 0 0 0 0 0 0 85 0 0 0 23 0 0 0 0 0 0 0 0 0 0 0 0 0 0 0 91 0 44 53 0 0 0 91 0
0 0 9 0 0 0 0 0 0 10 0 19 0 0 0 0 65 0 0 0 0 0 1 0 0 0 0 0 0 0 11 0 0 0 6 0 0 0 0 0 0 0 0 0 15 0 0 0 35 0 17 0 0 0 0 49 0 19 0 0 97 0 11 0 71 0 54 0 77 0 64 0 0 84 0 0 60 0 0 0 0 0 0 0 0 80 0 3 0 0 0 0 18 0 0 0 0 55 0 0
59 0 0 0 0 18 0 0 0 0 0 0 0 0 0 0 0 2 0 0 0 0 87 56 0 50 4 0 0 0 0 0 0 0 71 57 0 0 100 71 0 0 0 0 0 0 0 0 0 45 0 77 0 0 0 38 0 0 0 0 0 0 0 0 45 72 0 0 0 0 0 32 8 0 0 91 0 0 0 40 0 0 0 0 0 45 0 0 32 0 0 0 0 0 0 0 84 0 0 0
20 0 81 14 0 0 0 0 0 66 0 8 89 0 0 26 0 0 0 0 0 0 0 1 13 19 81 0 74 0 0 0 0 0 59 0 0 0 90 50 0 38 0 0 0 0 0 0 0 0 62 72 0 0 0 0 0 0 68 0 87 0 20 63 0 94 0 0 0 0 0 86 0 0 0 0 0 0 16 0 0 14 0 0 0 0 0 0 0 0 0 0 0 0 0 0 28 0 0 31
0 0 0 99 0 0 0 54 0 0 0 4 0 60 0 99 0 0 0 0 0 17 0 0 50 0 0 0 0 92 0 0 0 56 0 0 0 0 0 0 72 0 83 0 90 0 0 0 0 0 0 0 0 0 0 81 12 0 0 64 46 0 0 0 0 34 0 0 0 0 71 0 0 0 18 80 0 1 87 0 0 71 95 0 51 0 0 80 81 0 0 64 0 0 0 22 0 9 0 0
0 0 0 0 0 0 0 0 0 0 0 21 0 0 85 0 0 0 0 0 0 83 0 72 0 0 0 0 0 0 0 0 0 0 0 0 40 0 14 16 0 0 0 0 0 0 0 47 0 0 0 0 40 0 0 0 0 0 0 76 1 0 0 0 57 21 0 0 0 0 48 0 10 19 0 69 55 0 0 0 0 0 0 56 0 72 0 0 0 21 0 0 78 0 0 0 0 19 0 0
0 0 0 0 0 0 0 0 0 0 0 11 0 0 0 0 0 0 0 0 0 0 0 25 0 0 31 0 0 81 0 0 0 0 64 4 0 0 0 0 55 0 0 0 0 0 0 0 0 24 0 0 0 0 0 0 0 0 0 0 0 31 37 0 89 0 29 0 0 94 0 0 0 13 0 0 53 0 67 0 0 0 59 0 0 0 0 0 0 0 0 0 0 0 0 44 0 44 29 0
0 0 0 0 0 67 0 0 27 0 0 0 58 0 64 0 6 0 49 0 0 0 0 56 0 0 0 0 0 0 0 47 0 0 71 86 0 0 0 0 70 8 0 0 0 44 0 0 0 74 0 0 0 0 0 2 0 0 0 99 0 42 0 0 0 0 0 0 0 0 0 0 74 0 0 61 68 18 0 0 0 0 0 0 85 34 56 25 0 22 0 0 0 0 0 0 37 0 0 0
0 0 0 72 0 65 0 0 0 92 0 0 0 0 0 0 0 64 6 0 0 69 0 0 0 0 0 42 0 0 0 92 0 23 0 0 0 0 0 0 38 0 12 0 70 82 0 0 57 0 0 38 0 0 0 0 0 56 0 0 10 74 0 0 0 0 0 0 0 0 0 0 0 0 0 0 0 0 21 0 0 48 0 0 0 0 0 0 0 0 0 92 0 0 7 0 0 0 93 36
40 0 0 0 24 0 52 42 0 0 0 6 4 94 0 0 0 33 0 0 21 0 0 0 72 0 0 28 0 0 0 0 0 0 0 44 89 0 0 96 0 0 0 28 0 11 0 84 94 0 0 0 0 77 0 0 0 16 0 74 0 81 0 79 0 0 0 0 0 78 0 77 0 0 39 90 0 0 0 0 0 76 26 0 0 7 0 90 0 94 0 40 0 0 0 28 0 0 0 0
0 84 0 37 0 28 43 0 0 0 0 82 0 0 50 68 0 0 53 0 72 0 0 0 0 41 39 0 0 0 0 0 0 0 0 0 0 0 0 0 0 0 0 0 0 0 0 0 0 66 43 0 27 0 46 0 85 0 71 0 0 0 14 0 0 0 0 0 77 0 89 0 0 88 0 0 0 0 17 0 0 0 0 0 28 0 0 0 89 0 0 63 0 0 57 0 0 0 0 0
0 0 13 0 0 0 0 0 0 0 0 68 0 7 98 0 0 12 0 0 0 0 21 0 32 0 0 0 0 62 0 0 0 0 0 15 0 0 1 0 0 69 0 0 33 33 0 0 69 0 0 0 0 37 0 0 0 0 0 0 0 0 0 0 0 0 0 34 16 0 0 0 0 0 91 0 0 0 0 0 7 78 0 0 54 91 0 43 0 0 0 0 0 0 0 0 0 68 0 0
0 0 0 0 17 0 0 0 100 0 81 11 0 0 0 12 57 0 0 0 77 0 0 0 86 0 14 0 0 0 0 0 0 0 0 0 0 0 0 0 0 89 0 0 0 0 0 0 31 0 0 0 0 0 0 0 75 0 0 0 9 0 0 0 91 0 0 27 0 0 0 0 30 0 0 0 0 0 0 0 0 60 0 0 0 0 0 0 54 0 0 0 0 0 2 32 0 0 0 0
66 0 0 0 0 0 0 0 79 66 0 0 0 0 0 34 0 0 0 99 0 0 24 82 0 0 0 7 80 85 0 89 0 0 0 0 82 0 0 0 0 0 0 0 17 0 0 0 0 0 0 0 0 0 0 31 0 0 0 68 0 0 0 0 0 24 0 0 0 6 0 91 73 0 20 0 0 0 65 0 0 0 0 7 0 0 0 0 0 80 0 0 0 0 0 0 0 0 0 63
88 0 55 45 86 0 0 0 0 34 0 92 0 0 0 0 0 0 0 26 0 0 31 0 0 0 0 0 0 0 0 0 0 32 19 63 56 0 61 0 0 0 0 0 0 0 37 0 23 72 54 0 93 0 0 7 0 0 0 0 0 0 89 0 0 95 0 0 69 0 0 0 0 0 0 92 0 42 0 0 0 0 0 0 0 71 0 67 0 0 0 0 0 81 89 0 97 0 0 0
0 17 0 62 11 0 0 40 26 0 0 7 0 0 0 40 0 0 0 52 0 0 0 0 0 0 4 0 0 0 0 60 89 0 0 0 0 0 0 0 0 0 0 0 0 1 59 0 62 0 0 0 66 68 0 0 0 0 22 0 0 0 38 0 0 0 0 0 0 0 2 0 0 0 48 39 0 0 25 37 0 0 0 0 24 61 0 0 57 10 0 0 0 0 0 0 0 0 0 0
0 0 0 0 0 0 16 0 0 0 0 19 0 56 0 0 0 0 0 0 50 0 0 0 0 0 13 0 0 0 0 0 87 41 0 0 0 71 0 0 61 0 0 0 0 0 0 0 79 0 0 0 0 0 0 0 0 75 0 32 0 0 16 0 0 7 0 0 0 0 0 0 8 0 0 0 40 0 51 0 0 0 0 57 0 0 36 0 0 0 0 23 0 0 0 0 77 0 3 12
0 0 0 0 87 0 0 0 0 0 0 0 0 94 0 0 0 22 55 0 36 0 3 0 0 0 0 4 0 0 0 0 0 0 0 0 36 0 0 0 0 0 0 0 47 0 0 0 0 0 0 0 0 0 0 0 0 0 0 0 42 0 0 0 0 92 0 20 54 0 0 0 4 0 0 0 0 0 75 0 18 0 80 0 0 0 0 0 0 0 0 0 0 0 0 0 8 0 0 33
0 0 0 0 0 0 0 0 0 0 0 0 0 0 0 37 0 0 0 0 0 0 9 0 96 0 0 52 14 0 0 0 33 43 0 0 52 25 80 0 0 0 0 0 0 0 0 0 0 0 0 0 0 0 0 0 0 0 77 0 59 14 0 0 0 0 0 0 0 0 11 0 0 0 0 0 0 0 0 0 0 0 0 0 0 0 0 0 0 87 0 0 0 0 54 0 0 0 0 0
95 0 0 0 0 0 0 77 0 0 0 34 0 0 60 0 0 0 47 0 0 83 0 8 0 0 0 73 0 41 61 0 0 0 0 0 0 0 42 18 96 0 31 0 0 0 0 0 0 0 0 0 0 0 0 88 0 0 0 26 0 9 3 0 0 0 90 0 0 0 0 0 0 0 0 0 0 0 0 0 42 0 71 30 84 0 0 11 0 0 0 0 12 0 0 0 0 40 0 0
0 0 15 0 0 0 0 95 0 0 0 0 0 0 0 46 72 31 0 0 0 39 0 0 0 0 0 0 0 0 0 0 0 0 0 0 0 0 0 57 0 7 0 0 8 0 0 0 0 0 0 47 0 0 0 98 0 0 0 0 24 0 0 0 65 0 0 0 0 0 0 34 73 82 21 0 0 0 0 0 0 85 0 61 23 0 0 0 0 0 0 0 0 0 64 0 89 0 53 0
55 0 0 0 0 43 0 0 0 0 0 0 7 0 0 0 0 0 14 0 0 0 0 0 0 0 50 0 0 0 0 71 0 0 0 0 29 63 0 0 0 0 0 0 49 0 0 0 87 0 83 73 0 0 0 36 0 0 0 86 0 0 0 0 0 0 0 41 0 30 0 0 0 0 50 0 23 0 9 0 0 3 0 0 0 0 0 83 0 0 0 0 0 36 87 0 0 0 97 38
0 0 0 0 0 68 0 0 0 0 0 19 0 0 0 66 36 60 0 95 0 0 0 0 0 89 34 11 0 0 0 48 0 2 80 0 16 0 0 0 83 0 0 0 84 0 0 0 0 0 0 0 79 0 0 0 0 0 46 0 53 0 25 0 0 0 0 0 0 41 0 0 0 0 0 30 0 0 0 0 0 79 0 0 94 0 0 12 0 0 76 0 0 0 0 0 0 0 0 0
0 0 0 0 0 0 0 0 0 0 0 10 0 0 70 0 93 0 64 53 0 24 40 0 54 8 0 0 0 0 0 0 49 20 19 76 0 0 24 92 0 0 0 0 0 0 8 0 0 0 0 0 0 8 9 0 0 0 0 0 0 0 0 0 83 0 0 75 0 0 0 0 50 0 0 66 0 63 0 0 92 0 69 65 0 37 29 0 0 0 0 0 0 78 0 0 0 0 0 0
4 78 0 0 0 0 63 0 0 0 55 0 0 54 0 0 0 0 15 0 0 52 100 0 48 0 0 0 0 33 13 0 0 0 0 0 56 39 0 0 0 0 99 0 0 0 0 0 0 0 0 5 0 56 0 0 0 90 0 0 0 0 0 0 0 0 0 0 0 0 95 0 0 0 0 0 0 0 51 12 97 0 75 0 0 0 0 0 0 0 0 33 0 0 45 34 0 0 0 0
0 0 0 11 0 0 0 0 21 0 0 0 0 79 0 0 0 0 0 0 30 0 35 14 0 0 0 0 0 0 0 0 0 0 0 19 0 0 0 0 50 76 0 0 0 0 78 0 27 0 22 0 0 0 47 0 0 1 0 0 0 60 0 23 0 0 7 0 58 0 0 0 28 0 0 0 0 42 0 81 0 98 75 11 0 46 0 0 0 0 0 0 0 0 0 0 0 0 0 0
0 0 0 0 0 0 0 0 0 0 0 0 0 0 45 0 63 0 0 0 0 0 0 0 0 0 0 27 0 0 45 0 0 0 0 62 0 0 0 91 0 0 0 0 85 0 0 71 0 0 0 51 64 0 0 89 0 0 83 72 0 0 0 0 0 0 87 0 97 0 0 0 0 0 0 0 0 0 0 0 33 0 0 0 0 0 0 0 0 0 0 88 65 0 0 0 0 0 0 0
0 0 0 0 11 0 0 0 0 0 0 0 0 0 0 0 15 0 0 5 0 0 0 0 0 0 59 84 0 0 0 0 80 63 0 0 0 0 0 30 20 0 0 0 0 62 31 0 0 0 0 0 16 0 0 0 0 0 0 0 1 0 0 0 0 0 0 0 71 0 0 0 0 0 0 0 0 0 43 0 0 30 49 0 0 0 0 0 0 0 2 90 0 0 86 0 0 63 69 30
0 64 0 0 0 0 0 0 0 0 0 0 62 87 0 0 0 0 0 60 0 0 54 0 0 56 6 0 80 0 0 0 0 0 0 0 26 41 0 0 0 0 0 0 0 15 0 33 0 0 76 0 0 0 0 0 0 0 0 0 40 0 0 0 0 0 6 0 0 0 70 9 0 0 0 35 80 0 0 52 0 0 0 0 0 0 46 85 0 0 0 0 0 0 0 0 0 0 0 10
5 0 7 0 87 0 0 0 0 0 0 0 0 93 0 0 0 0 0 1 0 0 0 0 0 0 0 11 0 0 0 0 91 0 0 39 0 0 0 0 0 0 0 0 21 0 69 0 0 0 0 0 0 0 0 0 0 0 0 0 0 0 0 0 0 91 0 56 0 0 0 37 0 0 0 0 0 0 68 0 79 0 0 0 0 0 70 0 0 0 0 0 0 0 0 0 0 0 65 0
24 0 0 0 0 14 0 69 0 0 48 40 0 0 0 0 13 0 0 0 18 23 5 0 0 75 0 0 0 0 0 12 0 0 66 48 25 0 11 0 7 55 0 0 0 0 0 0 69 0 0 0 0 0 0 0 0 10 0 55 0 0 0 0 57 0 59 20 0 0 11 0 0 0 0 0 86 0 96 0 95 89 0 70 0 40 0 0 28 0 0 0 0 89 0 0 0 0 0 0
0 0 23 73 0 0 0 0 0 0 0 0 15 0 97 0 34 0 0 1 0 80 0 0 0 0 0 0 0 0 62 17 0 0 0 0 0 0 0 0 0 74 0 0 0 0 0 0 1 0 47 0 18 0 0 0 100 0 0 0 0 0 0 0 0 0 0 0 0 32 0 0 0 61 0 72 0 31 63 0 0 0 0 0 0 2 0 49 80 48 46 0 0 0 0 0 0 0 0 71
0 3 0 0 0 0 0 0 0 12 0 29 0 0 0 0 45 0 0 0 0 8 0 0 0 32 0 0 0 0 0 79 0 0 0 0 84 100 0 0 0 0 0 57 0 0 4 45 0 93 0 0 0 88 0 0 87 24 0 0 0 46 24 0 19 0 0 0 0 0 0 0 0 0 67 0 32 0 0 0 27 0 0 0 0 0 0 0 97 0 65 0 84 0 31 0 0 0 0 0
0 22 86 0 0 0 0 0 0 0 0 0 45 0 0 0 0 92 0 0 91 0 0 0 44 42 0 0 11 0 0 79 0 0 0 0 0 23 0 3 0 0 0 47 45 0 0 0 84 5 0 0 0 28 0 0 0 0 0 0 6 0 0 0 0 0 0 0 0 0 0 0 51 51 0 0 20 0 0 2 0 0 0 0 0 0 0 76 0 76 0 0 98 0 76 66 0 39 0 0
0 46 25 0 0 82 0 18 0 0 0 0 0 0 30 45 0 91 0 0 0 0 0 0 0 0 0 0 0 94 0 0 0 0 0 0 73 66 91 0 11 0 0 0 0 0 0 0 0 0 0 73 0 0 0 61 64 6 23 0 0 0 0 0 0 0 0 0 0 54 0 96 0 0 0 0 0 0 0 0 78 0 78 0 0 26 0 0 0 0 0 0 72 38 0 0 0 0 0 0
0 0 0 13 0 0 0 0 0 0 0 47 0 0 0 0 20 0 0 0 0 13 0 0 0 33 0 93 0 0 0 0 0 55 0 0 0 0 0 0 0 0 0 0 0 0 0 0 0 0 0 0 0 0 0 0 0 61 72 84 0 0 0 0 0 0 24 0 0 0 0 0 0 0 0 0 43 0 0 0 0 0 37 0 0 0 0 0 0 0 0 0 6 0 23 0 0 0 0 0
38 0 6 0 65 0 0 24 0 5 0 0 0 39 0 0 57 0 0 0 24 0 0 0 0 0 43 0 57 0 0 0 0 0 0 0 0 37 0 0 0 0 0 11 0 0 75 0 0 0 0 0 0 0 0 36 0 0 0 0 63 0 0 0 0 17 0 97 0 0 0 0 0 0 0 0 0 0 4 0 0 0 72 0 26 0 0 0 32 0 0 9 0 68 0 0 0 0 55 0
26 75 85 0 0 21 92 0 0 0 0 0 0 0 0 77 0 63 0 87 0 0 0 94 12 0 44 0 0 0 0 0 0 0 0 0 0 0 0 80 0 0 1 0 79 0 0 0 0 0 0 0 74 0 0 0 0 0 0 0 0 0 69 0 0 0 0 82 0 0 3 7 9 7 0 15 0 0 71 0 0 0 0 15 0 0 68 0 0 17 0 44 0 86 62 0 48 0 0 0
0 79 0 0 0 0 28 78 0 93 0 0 0 0 0 0 0 0 0 0 0 0 0 27 0 0 0 0 0 20 0 0 1 0 38 0 0 0 0 0 0 20 0 73 0 0 0 0 52 0 0 34 0 0 0 0 0 37 0 0 26 0 0 0 0 0 0 0 0 0 0 0 0 0 0 28 0 0 0 0 0 0 0 0 0 25 0 31 45 0 33 0 27 0 83 0 0 0 0 0
0 0 70 0 0 81 0 0 0 0 0 0 0 0 0 0 0 0 0 0 91 29 0 10 0 90 0 76 0 0 0 0 0 0 0 0 0 0 2 0 53 0 0 0 0 0 0 0 0 4 0 0 0 0 0 0 0 0 8 0 0 55 0 0 82 0 0 65 0 51 73 0 0 0 71 0 0 0 22 0 0 0 0 0 0 18 0 0 0 0 0 4 0 0 47 0 30 8 0 0
0 0 73 0 0 0 0 13 0 0 0 0 74 0 0 0 0 0 0 0 5 29 0 0 0 0 3 0 61 0 0 0 6 12 81 0 0 0 62 0 0 0 0 30 0 0 0 2 0 0 0 0 78 0 0 0 0 0 0 0 18 17 0 0 0 0 0 31 0 0 0 0 0 0 28 0 0 0 0 32 0 0 0 0 34 0 0 0 0 42 0 0 0 0 0 0 0 3 72 73
98 0 0 0 0 0 0 92 100 48 0 0 0 0 0 0 0 0 36 87 0 70 0 0 0 0 0 0 0 40 0 0 0 0 0 51 0 0 0 0 0 0 0 72 0 0 0 0 0 88 81 0 0 34 0 34 0 71 0 0 0 88 0 0 0 32 67 0 38 0 6 93 0 23 0 48 0 0 25 0 0 0 0 42 0 94 0 0 0 0 4 44 0 0 0 0 0 79 0 0
0 0 0 0 0 0 37 0 77 0 86 0 20 0 0 0 0 37 0 33 53 51 15 63 0 7 63 0 0 0 0 0 66 0 0 0 0 68 0 0 0 0 0 0 66 0 67 0 0 0 0 0 0 0 67 56 0 0 0 0 73 0 62 0 0 0 16 36 19 13 0 67 15 0 84 1 0 0 0 0 90 0 0 0 0 0 20 0 0 0 0 0 54 20 0 88 0 65 0 0
0 0 0 0 17 0 0 0 0 99 0 0 0 0 17 0 0 32 34 0 0 0 0 0 0 0 0 0 0 0 0 0 0 36 0 0 0 7 0 99 0 50 0 0 52 93 20 0 0 0 0 65 0 65 0 0 0 90 0 49 0 0 0 0 0 0 0 0 0 50 99 0 0 0 0 0 0 90 0 64 0 0 0 0 0 1 0 0 0 0 0 0 0 0 0 86 0 0 0 100
0 56 0 0 61 0 0 0 0 0 85 0 0 0 0 79 0 57 0 0 0 0 0 45 0 0 0 0 0 0 17 0 17 12 0 50 0 0 56 20 0 0 0 93 0 0 0 0 0 0 0 78 0 95 38 82 0 0 0 0 8 0 0 0 33 51 16 13 0 0 0 0 23 51 0 0 0 0 0 0 12 0 0 0 82 0 0 0 90 0 44 51 6 0 0 0 0 0 0 0
0 0 87 0 0 1 0 0 0 0 0 0 0 40 0 36 16 0 0 0 0 0 98 0 89 0 0 0 0 56 0 0 46 0 0 23 0 0 0 73 0 0 4 0 0 0 0 0 0 0 0 0 0 0 0 14 0 43 0 2 0 0 0 0 0 91 0 0 0 34 0 92 0 93 0 0 98 0 0 0 0 60 27 34 9 0 59 84 0 65 0 0 0 9 0 79 0 0 0 0
11 39 0 0 42 5 0 0 0 5 0 42 0 0 0 0 0 0 0 0 17 0 0 0 0 0 45 0 0 12 0 0 0 0 0 0 0 0 8 0 0 92 24 0 0 0 0 0 0 0 0 0 65 0 0 0 54 68 0 6 20 0 0 0 0 20 0 0 0 0 28 0 45 0 58 85 0 0 0 0 0 0 56 0 0 25 74 0 0 5 0 0 0 0 0 0 0 23 0 0
16 0 0 0 0 84 0 0 47 0 0 79 31 0 5 0 0 0 0 0 0 0 0 0 89 0 0 0 0 5 73 0 0 89 0 26 0 27 0 0 0 0 0 72 0 0 1 0 34 0 0 40 0 0 0 93 0 0 0 0 72 0 0 0 0 0 0 0 0 0 0 0 0 0 0 0 62 0 73 0 0 0 0 0 38 0 0 55 71 0 0 0 0 0 0 0 0 0 35 0
0 7 0 0 0 0 0 0 7 0 0 0 37 0 0 0 28 56 0 41 0 0 0 0 0 0 0 0 0 0 0 33 0 0 0 26 4 0 42 0 0 99 18 0 21 0 0 0 0 0 0 0 0 0 0 0 0 0 67 0 0 0 0 13 0 94 0 0 8 0 81 0 0 15 0 0 0 54 0 84 38 0 0 0 0 0 34 27 20 0 0 0 0 0 0 0 0 0 0 0
0 0 0 53 0 0 0 0 0 0 66 0 0 0 0 0 0 0 0 0 5 0 29 0 0 0 0 33 0 0 0 0 64 93 0 0 0 8 0 94 93 0 0 0 0 0 0 0 0 53 0 100 100 71 33 0 0 90 68 88 0 0 0 0 75 29 0 0 49 0 0 0 0 0 0 0 0 0 0 0 94 0 82 0 25 3 0 0 0 0 56 0 0 0 0 0 0 0 11 0
0 0 0 51 0 0 0 0 0 83 26 0 0 0 63 62 0 0 0 0 0 0 0 0 0 0 0 0 0 0 0 0 0 0 0 0 0 0 0 0 0 0 0 0 0 0 0 0 73 0 0 14 0 0 17 0 51 0 0 0 0 0 0 0 0 0 0 0 77 0 0 0 0 42 0 0 0 37 0 0 30 92 0 0 55 75 79 0 0 77 0 0 0 0 0 0 87 0 0 0
0 0 0 39 0 0 0 0 0 0 0 0 0 29 80 0 0 10 0 16 0 0 0 0 0 97 75 76 0 0 0 0 67 0 39 0 0 0 0 0 0 0 0 0 0 0 0 0 0 0 0 0 100 0 0 34 78 0 1 29 0 0 0 0 49 12 0 0 0 2 0 0 0 58 76 0 0 40 0 14 25 78 0 8 0 87 0 0 0 0 0 91 0 63 0 44 0 0 0 0
0 0 42 0 0 0 0 68 15 86 0 0 0 0 82 0 0 0 0 0 14 5 0 0 70 0 0 0 0 0 0 49 0 63 0 0 0 0 0 0 0 0 0 0 0 0 0 0 0 0 0 0 68 0 0 0 0 0 0 0 100 83 44 0 0 67 0 0 0 0 87 0 0 0 0 0 0 0 0 0 0 0 0 0 0 0 0 0 0 0 0 0 0 0 0 0 0 0 9 0
0 30 0 0 0 46 89 0 0 0 92 0 57 0 0 0 0 0 0 0 0 44 0 0 0 0 0 0 0 0 0 0 0 6 0 0 0 0 0 0 0 0 0 0 0 0 98 0 49 0 0 0 0 0 83 13 0 0 0 0 0 41 0 0 52 0 0 0 20 27 74 0 0 6 11 0 0 0 0 0 72 0 0 53 0 0 0 0 0 0 0 0 0 2 0 46 0 0 0 0
96 0 0 0 28 0 0 0 78 38 9 41 94 0 0 11 0 0 0 88 0 0 6 0 0 0 0 0 89 0 0 0 0 96 0 0 50 0 0 0 0 0 0 86 53 0 26 0 0 0 15 7 0 0 0 53 0 0 0 0 0 0 0 0 33 0 0 0 0 0 0 18 0 4 85 48 0 0 62 87 0 73 0 87 0 0 26 0 0 0 0 0 47 0 0 0 0 0 0 0