100
0 29 54 37 0 0 0 0 0 0 0 0 94 0 79 23 93 0 0 0 18 35 66 17 32 0 0 0 0 0 0 0 0 0 0 0 75 0 0 0 18 0 44 0 0 0 28 0 0 0 0 0 29 47 0 0 0 0 36 10 0 0 0 0 87 0 0 0 97 0 0 63 0 0 41 22 0 0 0 76 0 0 0 0 0 92 78 0 4 72 23 0 0 0 0 0 0 0 0 0
0 0 0 0 35 0 0 0 38 0 15 0 0 0 0 46 0 46 25 0 0 0 95 0 0 0 65 0 0 0 0 0 0 0 0 0 0 0 0 52 0 18 0 0 0 0 0 0 0 0 37 0 7 17 0 0 0 0 0 69 0 61 0 0 0 0 0 66 36 0 0 0 0 0 0 0 0 0 0 7 0 97 74 0 15 0 49 0 0 0 0 0 0 0 0 0 0 0 0 0
0 0 0 0 0 32 0 0 0 0 63 23 0 23 0 0 61 0 88 0 0 0 0 0 0 27 0 0 0 55 43 0 0 31 0 0 0 0 0 92 0 99 0 22 0 0 0 0 0 0 0 0 0 0 0 0 0 0 0 0 0 0 88 0 0 47 53 0 0 87 0 0 0 0 0 58 0 0 0 0 0 34 0 97 0 8 60 0 0 0 2 0 0 0 0 0 0 18 32 0
0 0 0 0 0 24 0 0 96 0 0 0 33 0 0 27 0 0 0 0 18 0 0 0 60 0 0 0 0 0 0 0 84 77 0 0 0 68 0 0 0 11 0 0 0 0 0 5 2 0 0 0 0 0 0 0 0 42 0 0 0 0 16 0 0 0 0 93 0 0 0 36 0 29 0 0 0 0 0 0 65 0 0 0 0 0 52 0 0 0 2 0 28 9 0 44 91 0 0 0
0 0 0 54 0 0 0 0 0 63 0 0 0 0 0 10 0 0 0 0 0 0 0 0 0 56 97 79 10 0 53 0 0 0 0 52 0 20 0 0 0 0 0 0 0 0 0 62 0 56 8 0 59 20 0 0 0 0 0 47 0 0 0 57 0 38 0 0 0 86 0 0 28 7 0 0 0 0 0 0 0 0 0 0 100 83 0 0 55 0 24 0 0 0 0 0 0 0 0 0
24 0 0 0 2 0 0 0 0 0 28 0 0 0 0 0 0 0 0 0 0 54 99 0 0 8 0 82 0 0 0 0 0 0 0 0 0 0 0 0 0 48 0 0 0 0 10 0 0 0 0 0 0 80 0 64 0 0 0 0 0 90 78 0 0 0 62 0 0 0 0 97 0 35 0 0 0 18 0 0 0 0 0 0 0 0 0 0 99 0 0 0 84 0 0 79 0 0 0 67
89 98 0 0 0 0 0 0 59 0 68 0 0 0 60 0 0 0 24 0 0 0 0 0 0 0 0 78 0 0 0 0 38 0 12 0 69 0 0 43 28 0 0 82 0 0 0 0 0 0 0 0 0 11 0 39 0 0 0 19 0 0 0 0 0 0 0 0 0 0 0 0 75 0 0 52 0 0 0 0 56 0 44 0 0 0 0 0 0 0 0 0 0 0 0 0 0 0 0 25
0 0 26 43 0 43 0 0 0 0 0 0 0 71 81 0 0 0 42 0 0 0 87 100 0 0 0 0 0 30 0 0 0 61 0 0 0 0 14 0 0 0 94 0 10 0 0 0 0 0 0 56 0 0 30 0 0 0 88 24 32 0 48 0 0 0 0 37 81 0 20 0 38 0 0 0 5 0 0 0 0 0 45 0 0 0 0 0 0 0 14 86 27 0 0 0 59 0 9 42
0 0 76 95 0 0 0 0 0 0 0 0 27 0 0 0 0 0 0 0 0 0 0 24 0 0 0 0 0 0 0 0 0 74 0 0 0 0 53 64 0 0 0 76 0 0 0 0 0 0 0 0 47 77 0 85 3 0 0 0 0 0 10 87 0 0 0 0 49 0 0 11 0 0 0 0 0 0 0 64 0 0 0 78 0 50 0 0 0 49 0 0 0 0 0 0 0 60 0 0
0 0 0 95 0 0 0 0 0 0 0 0 12 52 0 0 0 0 15 0 99 0 0 70 0 41 0 0 46 0 0 0 0 0 0 27 0 0 0 0 0 0 0 62 0 86 24 84 0 0 87 0 0 0 0 0 0 0 0 0 0 0 0 0 0 0 0 0 0 0 0 0 0 0 7 43 0 0 0 16 3 95 92 0 0 0 0 0 4 0 90 79 0 58 83 0 0 35 0 0
0 100 65 0 50 0 0 25 0 0 0 0 0 0 0 0 0 0 0 47 0 0 0 0 0 96 0 0 0 0 0 0 60 0 11 0 0 0 0 2 65 0 0 54 37 0 0 56 0 0 26 0 0 14 56 0 60 0 0 0 0 0 0 0 0 0 0 0 0 0 0 0 0 0 0 0 58 68 0 0 0 0 66 0 0 0 0 0 0 0 0 56 45 0 0 0 0 92 0 0
3 33 0 9 0 0 7 0 0 65 70 0 0 0 0 0 0 10 0 0 0 85 0 46 0 0 0 0 0 91 18 5 0 52 0 0 51 82 0 0 0 0 0 0 0 47 0 0 0 0 0 8 0 57 0 0 0 6 98 0 0 0 0 0 0 0 0 38 0 0 0 0 4 0 0 0 0 0 23 89 0 0 0 46 0 0 5 55 93 0 0 0 8 0 0 0 0 0 88 99
0 0 0 0 0 0 0 0 0 0 15 0 0 0 81 0 0 0 0 0 45 0 0 25 0 0 0 48 0 0 12 0 9 0 0 0 0 0 0 5 0 0 0 0 0 0 0 0 31 7 0 0 0 42 0 4 0 0 0 0 0 0 0 0 62 55 16 0 69 0 15 0 0 0 0 0 1 0 0 0 0 77 56 0 82 0 0 34 0 0 60 0 0 0 71 0 0 0 0 0
45 0 0 0 30 0 0 0 0 72 0 0 46 0 0 37 81 0 0 0 26 0 0 89 0 0 66 0 0 0 0 54 95 0 0 51 0 0 0 40 83 59 2 0 0 0 0 0 0 45 70 0 0 0 0 0 0 0 0 0 0 0 0 0 32 8 0 0 0 0 38 0 0 0 0 0 27 0 97 0 0 0 0 0 0 0 81 0 81 57 0 12 0 0 0 0 0 0 0 81
0 0 0 0 0 0 24 0 0 0 0 0 12 0 0 0 0 0 94 0 65 0 0 0 0 61 0 0 0 76 0 0 0 0 0 40 0 0 0 0 65 0 0 0 0 0 0 0 0 0 17 0 0 0 0 0 0 0 0 0 0 0 0 0 47 57 0 0 0 66 0 0 0 0 0 0 0 0 0 0 0 0 0 39 41 0 94 0 100 0 0 0 0 0 4 0 0 0 50 0
0 0 0 0 0 0 0 0 92 89 0 0 0 0 0 0 17 0 0 0 0 68 84 0 0 44 0 58 0 0 0 0 0 0 0 0 0 90 93 0 0 0 54 56 0 54 0 0 0 0 0 0 0 3 0 0 0 60 37 0 0 63 61 0 0 0 13 0 0 0 0 0 51 0 55 0 0 0 51 0 0 0 84 0 0 0 75 0 47 0 44 0 0 0 13 0 0 0 0 43
0 0 0 0 82 69 0 0 0 0 0 14 11 0 0 0 0 85 0 0 81 69 0 0 76 28 0 0 0 23 60 0 71 0 0 0 0 0 0 0 19 0 0 0 0 0 0 5 0 0 99 0 0 0 0 0 0 0 0 0 0 0 0 17 0 0 76 0 47 0 0 99 0 50 52 0 10 0 92 7 0 0 0 0 26 0 82 0 0 87 0 5 0 0 17 23 0 0 84 0
0 0 0 0 0 0 62 0 0 0 0 0 0 0 0 0 0 0 0 0 8 0 0 0 0 0 54 0 100 0 0 0 91 0 0 0 0 0 0 0 0 0 0 0 69 0 0 0 0 0 0 0 0 0 0 0 0 91 0 0 0 93 0 0 0 0 0 0 0 14 0 0 0 90 30 84 0 0 0 0 55 0 0 0 70 4 0 0 0 0 0 66 28 0 0 17 0 0 0 0
0 0 0 12 0 0 0 0 0 0 0 0 0 0 0 100 1 19 0 0 0 2 0 0 77 9 0 0 0 0 0 0 0 0 0 0 0 0 0 62 0 0 5 0 0 0 0 0 0 0 0 24 0 53 0 0 0 0 0 0 0 0 0 0 0 0 0 0 43 0 0 0 0 0 0 0 0 0 2 53 0 0 0 0 27 0 70 0 0 0 0 0 0 0 0 0 77 0 0 0
0 0 0 0 0 0 87 0 0 0 0 0 0 0 0 0 0 0 22 0 0 0 0 0 0 0 0 0 0 0 0 0 62 0 0 0 0 2 0 0 0 0 31 0 0 0 0 0 0 0 39 0 0 0 0 0 6 63 18 58 89 0 77 0 0 76 0 0 0 0 10 3 0 0 0 0 0 0 97 0 0 0 0 92 58 0 0 0 0 85 0 0 0 54 0 0 81 0 19 24
31 0 0 0 0 0 0 32 0 0 0 0 0 0 0 0 0 22 0 0 0 0 0 0 0 73 0 0 0 81 0 0 0 0 0 45 0 99 0 16 0 38 23 0 0 0 0 0 0 0 17 0 81 0 0 55 85 0 74 0 0 0 0 16 90 0 0 16 9 0 0 0 0 0 0 15 0 0 0 0 54 56 0 0 0 0 48 81 0 0 0 0 0 0 0 0 0 0 0 0
0 0 0 0 89 0 29 0 0 0 0 0 0 0 0 0 0 0 0 0 0 0 0 0 0 0 0 73 0 0 0 91 0 0 73 0 0 0 0 13 70 0 0 0 0 0 0 0 0 83 0 0 0 0 94 19 37 0 39 0 0 0 0 0 0 0 0 0 0 33 0 55 5 0 0 84 73 0 0 0 0 0 0 0 0 57 0 0 0 0 0 0 0 0 0 0 0 0 0 0
0 1 0 39 54 0 0 0 0 0 0 0 0 0 93 0 0 0 0 79 0 59 0 0 0 0 0 0 0 0 0 0 68 0 0 0 0 0 0 0 0 0 0 0 0 0 0 0 0 0 21 0 0 0 18 0 3 6 0 0 28 94 60 36 90 0 0 0 0 59 0 95 0 0 0 0 0 21 0 0 15 0 43 42 0 0 0 0 0 0 83 0 0 0 0 55 0 0 10 0
90 0 60 0 0 0 0 0 48 0 0 0 47 20 0 0 70 0 0 44 0 0 0 0 0 57 0 0 0 0 0 0 40 0 0 0 0 0 0 74 0 0 0 0 98 0 0 0 0 0 89 0 0 0 0 68 0 11 62 0 0 0 0 0 0 0 0 93 0 0 0 0 0 0 0 0 0 0 0 0 0 0 0 0 96 0 0 0 71 0 0 0 0 0 0 0 81 29 28 87
0 0 0 0 0 0 0 0 3 40 0 0 0 0 0 0 5 38 0 0 0 0 0 0 0 90 0 0 98 0 0 0 0 0 0 0 0 0 38 0 49 0 0 0 0 0 32 0 91 0 0 59 60 58 16 0 0 0 0 68 0 0 79 0 75 0 0 56 0 0 0 90 0 0 63 0 42 0 0 0 0 46 0 100 0 0 0 0 0 0 0 0 0 66 74 0 0 0 67 0
31 0 69 22 0 25 0 0 0 0 0 87 0 0 99 0 0 97 0 0 0 0 0 0 0 0 0 0 5 0 0 0 53 59 0 0 0 99 29 0 79 0 0 0 58 0 0 0 0 33 0 0 0 0 0 0 0 0 0 0 100 48 0 0 76 0 90 0 0 0 11 39 0 63 0 0 0 7 0 0 0 79 0 0 0 0 0 0 0 0 0 0 0 48 0 0 0 0 66 0
49 0 0 59 0 0 0 0 30 43 0 0 69 0 0 0 0 0 67 0 0 54 0 0 44 0 0 0 0 0 53 0 0 0 0 0 47 0 0 0 57 89 0 0 26 0 28 0 0 37 0 0 74 0 0 42 0 0 0 0 0 61 0 0 0 0 0 0 0 26 0 0 0 0 37 0 27 0 0 0 63 96 0 0 0 0 23 64 73 26 0 0 0 0 0 0 84 60 0 0
0 0 0 67 0 0 27 0 0 49 0 53 0 85 17 46 0 79 0 80 0 0 38 75 0 71 0 0 86 0 0 0 0 0 0 0 0 0 0 0 40 78 0 0 0 4 0 66 25 0 0 0 7 0 0 89 0 0 0 0 0 0 0 51 0 0 29 0 67 98 0 34 0 28 0 0 0 0 0 0 20 91 0 60 68 0 0 0 24 0 16 0 0 0 0 66 0 0 0 0
48 0 93 97 43 0 0 65 0 0 0 0 0 67 0 0 0 0 0 0 0 55 0 59 0 0 0 0 0 0 0 0 0 0 0 0 0 0 95 0 0 0 61 0 0 0 68 0 67 0 0 0 0 0 0 0 0 17 0 16 0 0 0 0 0 0 1 38 93 0 54 0 0 44 0 0 70 0 0 0 0 0 13 46 0 22 54 0 0 0 0 0 36 75 0 0 0 0 77 0
0 0 51 0 0 0 0 0 59 0 0 0 0 6 0 0 0 0 76 0 66 0 65 0 99 78 20 0 92 0 0 53 0 0 74 0 0 44 4 0 91 0 0 0 68 0 81 0 0 0 0 0 0 72 0 0 0 0 25 0 0 66 0 0 0 0 0 0 0 0 29 100 0 0 0 86 0 0 0 0 0 18 0 0 0 0 0 2 59 36 0 0 0 0 0 6 34 0 0 0
0 0 0 0 0 66 0 95 0 0 0 6 0 0 0 0 40 0 29 0 0 0 0 69 46 0 0 0 0 68 0 0 0 0 7 0 0 0 0 46 0 66 0 85 0 0 0 73 0 32 0 0 0 0 0 0 0 0 0 0 0 0 0 0 21 9 0 0 0 0 0 65 0 0 0 0 0 0 0 0 37 0 0 0 0 93 0 0 0 0 0 0 0 0 67 7 0 0 0 0
0 73 85 0 0 0 0 0 0 0 0 0 0 21 0 0 0 0 0 0 7 0 83 0 0 76 0 0 0 0 0 0 0 0 58 0 22 0 0 88 15 0 0 0 0 88 44 62 0 0 0 0 32 0 0 0 0 0 78 0 0 0 0 94 0 0 0 0 0 0 52 0 0 0 0 69 62 0 0 52 0 0 0 0 0 0 39 0 95 46 0 0 0 0 66 36 0 0 0 4
0 0 0 0 0 0 28 0 0 0 0 0 0 0 0 0 0 0 38 0 0 0 51 0 0 0 95 0 0 0 80 0 0 0 11 28 0 0 0 0 0 0 0 1 88 0 0 0 0 0 0 99 45 72 54 0 0 68 0 0 100 0 0 0 5 0 0 0 0 0 0 24 0 74 0 0 0 70 0 0 0 0 0 52 0 87 61 94 0 0 83 0 4 79 0 0 0 0 91 5
0 0 6 0 0 0 0 0 0 0 0 0 14 15 0 0 77 0 61 0 0 98 0 26 12 0 57 0 0 91 0 0 0 0 0 0 59 0 0 0 0 0 0 0 0 99 0 0 0 0 0 0 44 0 0 93 0 19 0 74 0 0 63 51 0 95 0 0 0 13 0 0 0 0 0 0 87 54 0 44 0 0 0 0 0 52 0 0 0 0 38 0 52 0 0 0 0 0 0 0
0 55 60 0 0 3 74 0 0 0 74 0 0 71 0 0 0 0 0 0 0 0 4 0 0 0 0 0 31 0 0 0 67 0 0 0 0 0 0 0 22 93 0 48 89 0 0 0 0 44 62 0 0 0 0 0 32 5 0 80 74 0 0 0 79 0 98 0 0 0 22 0 0 0 0 0 0 17 0 0 82 0 0 0 0 10 0 0 0 0 0 54 0 0 0 0 0 0 0 0
0 0 69 0 37 0 0 67 0 0 0 0 0 0 0 0 0 0 0 45 83 0 0 0 2 0 0 21 95 0 87 0 0 94 0 0 0 34 0 0 0 0 0 0 0 0 0 37 0 0 0 22 0 0 30 0 0 61 0 0 0 0 0 0 0 0 0 0 0 0 0 0 0 0 0 0 0 0 0 0 10 0 0 0 0 0 0 0 0 55 0 15 0 50 10 0 0 87 0 0
0 0 0 0 0 0 19 0 0 66 0 0 0 0 0 0 82 40 66 76 0 0 0 21 0 0 0 0 37 0 0 0 0 0 0 0 0 0 0 0 0 0 0 92 0 0 36 90 0 0 0 0 0 0 0 0 0 0 0 0 33 0 27 0 0 0 0 0 43 0 0 0 0 40 0 0 96 23 26 0 0 0 0 0 71 40 0 0 0 0 21 0 0 40 0 0 0 0 0 0
0 0 0 0 0 0 0 0 0 0 0 0 0 0 0 0 0 0 0 58 72 80 0 0 0 0 88 24 9 0 5 0 84 0 0 0 55 0 55 0 0 0 0 0 0 0 0 41 0 0 83 61 0 0 66 0 0 0 0 0 0 96 0 0 0 0 0 0 83 77 52 0 0 0 0 0 0 0 0 20 0 0 0 0 0 80 0 0 0 0 0 0 0 0 0 0 0 72 23 0
0 0 98 29 0 0 0 0 0 0 99 73 53 0 50 0 0 0 0 0 0 0 0 31 79 0 18 0 47 12 0 0 0 0 0 0 50 32 0 0 28 0 68 0 0 63 93 61 0 0 0 0 0 0 0 0 7 0 100 0 0 0 0 0 0 0 0 0 83 0 0 0 0 0 36 0 0 0 0 0 24 38 54 83 0 25 58 0 0 78 0 0 0 0 0 5 0 0 0 0
0 28 0 8 0 32 0 34 0 95 0 85 0 0 0 0 0 0 9 0 0 0 0 0 5 53 52 0 0 0 0 86 0 0 43 0 0 78 0 0 91 0 28 0 0 0 0 77 25 0 0 40 0 0 0 0 78 0 0 0 0 0 72 0 0 79 0 0 70 0 0 0 45 0 0 73 0 0 0 0 0 0 85 63 41 0 82 0 0 0 0 0 19 0 0 55 0 0 0 54
0 0 0 0 61 0 0 0 23 0 85 12 68 0 0 0 0 0 0 83 0 0 90 0 0 0 0 0 0 69 48 0 0 97 0 0 0 0 0 0 0 0 0 0 16 0 0 0 0 45 0 0 0 45 0 47 0 61 0 0 97 31 0 0 0 0 0 0 0 0 64 0 0 0 0 0 0 0 0 0 0 0 0 0 0 0 0 29 0 0 26 0 61 0 0 0 0 88 0 0
56 6 0 84 0 0 0 0 0 0 0 31 46 84 0 0 0 0 0 0 0 0 0 0 96 76 0 18 0 0 67 76 0 65 0 0 0 0 57 0 0 0 91 0 0 0 56 0 0 0 0 0 0 0 0 0 0 66 0 0 85 10 0 0 0 0 82 0 0 21 0 0 0 0 0 0 0 0 0 94 0 0 0 0 0 0 12 59 0 0 45 0 0 0 89 43 0 7 0 74
0 0 63 86 0 0 0 0 0 0 0 10 0 0 0 0 0 0 0 0 0 0 0 0 9 0 80 0 89 21 98 0 46 0 87 0 0 0 0 56 0 0 0 0 49 0 0 98 0 0 0 0 0 0 0 0 0 0 0 0 1 33 0 0 58 0 0 29 0 0 0 67 0 0 0 0 0 0 32 90 92 0 0 23 0 0 0 0 0 53 48 0 0 0 35 0 0 0 0 0
0 52 33 39 28 0 0 46 0 23 0 0 0 0 0 0 0 0 0 75 0 0 0 0 0 0 0 0 0 0 52 0 0 40 66 0 0 0 0 0 0 0 21 0 52 82 0 0 0 0 0 0 0 0 23 58 0 0 0 0 0 0 0 0 0 70 0 0 0 0 0 0 0 0 56 0 0 0 0 0 0 0 0 0 0 0 32 0 65 72 1 0 0 0 0 11 0 0 0 14
70 0 24 0 0 0 0 0 0 0 0 0 14 0 5 0 0 0 0 0 0 0 0 0 0 0 0 0 0 0 0 0 0 0 0 53 0 24 55 58 0 0 13 0 0 0 0 0 16 0 0 80 0 0 0 0 0 0 0 0 0 0 8 0 0 21 0 0 0 30 14 0 0 0 32 15 17 0 39 0 0 0 0 0 0 0 0 77 0 0 98 0 0 0 0 0 4 0 0 0
0 0 0 0 0 0 0 0 0 0 0 0 0 0 0 0 0 0 0 0 0 0 0 0 0 0 25 0 0 0 0 97 72 0 0 0 0 25 0 54 0 0 87 90 54 0 0 86 0 0 64 0 0 0 0 0 45 0 0 0 62 0 21 43 0 0 0 32 0 0 64 0 0 0 0 10 0 29 37 18 32 0 17 25 0 52 0 0 49 0 0 0 0 12 21 0 0 0 19 0
25 0 0 0 0 77 0 96 0 0 0 0 30 0 14 0 0 0 90 0 0 0 0 0 48 0 0 0 0 0 0 24 0 0 0 0 0 0 0 0 0 0 38 0 10 0 0 0 62 41 0 0 0 0 0 95 0 81 0 0 0 0 0 82 0 24 55 0 0 0 0 0 0 0 60 0 0 40 0 0 45 0 0 0 34 99 0 0 0 5 32 0 0 99 17 0 50 0 72 0
0 0 0 0 0 0 0 0 50 0 0 0 49 8 74 0 0 0 80 0 0 0 0 0 0 0 29 0 0 14 0 0 56 14 0 0 7 0 76 0 80 0 0 0 0 59 0 0 0 5 0 0 0 0 0 0 0 0 0 67 0 55 0 0 0 0 68 0 16 98 0 0 0 0 0 0 0 0 17 0 0 0 60 0 0 80 0 0 0 0 80 0 21 23 0 0 0 0 0 0
0 0 0 18 0 0 0 0 38 60 0 29 71 0 0 0 38 13 0 11 83 0 0 16 0 50 0 0 0 39 49 0 0 0 0 0 90 78 62 0 0 2 0 0 0 26 0 0 0 0 0 0 70 0 0 0 0 8 0 56 0 0 78 0 72 41 57 10 0 0 0 0 0 0 0 0 94 0 0 94 0 0 32 0 0 0 0 35 23 0 0 15 0 0 0 0 0 0 0 0
0 0 0 40 26 0 0 90 0 30 0 0 0 0 0 0 68 0 0 0 91 82 0 0 0 0 0 28 0 0 0 66 0 15 0 21 0 0 86 0 0 0 0 32 0 0 0 81 0 0 0 0 49 0 0 0 0 0 0 0 0 0 0 0 12 0 0 80 37 66 0 100 0 0 63 0 0 97 0 0 0 36 0 0 0 0 11 0 0 77 0 55 0 0 0 0 0 0 0 0
0 0 0 0 26 0 0 0 0 0 0 0 47 0 0 0 89 0 75 0 0 0 0 0 0 0 0 21 0 0 0 0 0 0 18 0 0 76 42 0 0 0 0 0 0 0 0 0 0 59 0 0 0 0 0 0 0 0 0 0 0 0 0 27 0 0 2 28 0 16 34 0 0 0 1 68 64 0 0 0 0 0 0 69 30 0 0 0 0 0 0 0 0 0 0 89 0 0 0 0
0 0 0 0 13 0 0 0 0 0 0 14 0 0 60 0 0 17 0 0 0 0 0 0 0 0 0 0 0 0 0 58 0 0 0 0 0 23 0 0 0 0 0 87 12 22 17 0 0 0 0 0 0 0 0 0 0 0 0 0 99 0 0 0 0 0 0 0 0 0 0 0 0 19 0 27 0 27 19 0 0 0 27 3 0 0 79 0 0 0 77 0 0 0 0 0 0 67 66 0
88 13 0 21 76 0 0 65 99 0 0 22 0 0 0 0 7 23 0 0 0 0 0 37 50 51 0 52 23 0 7 0 79 56 0 0 0 0 96 0 0 0 0 49 0 0 0 0 44 0 17 0 0 0 2 0 0 0 0 0 28 0 0 0 0 0 52 0 0 0 0 0 0 0 7 0 0 0 0 0 96 0 0 0 5 86 0 0 0 0 47 0 0 0 0 0 0 0 0 0
0 0 0 0 0 0 0 89 0 0 0 0 56 0 0 0 0 70 0 61 7 0 0 0 50 35 42 0 0 0 21 48 51 0 0 99 0 0 0 78 0 0 0 0 0 0 0 0 0 0 0 0 20 0 0 0 0 0 0 0 0 14 0 0 0 0 0 0 0 0 77 0 0 19 0 0 0 0 0 0 49 0 0 0 0 0 57 0 0 0 0 0 0 0 4 0 0 0 0 0
64 0 0 0 0 0 26 0 0 0 99 0 0 23 0 0 89 0 0 0 0 0 0 0 0 60 0 0 0 0 79 0 0 84 0 0 0 0 0 0 0 0 0 0 86 0 0 0 0 0 0 72 0 0 0 0 13 23 0 0 37 0 0 0 0 0 0 0 75 0 34 0 0 0 24 26 0 41 0 0 0 0 0 0 1 0 0 0 0 0 57 0 3 0 0 0 0 0 0 13
0 0 0 0 0 80 0 0 0 50 0 0 0 0 0 0 0 0 0 36 0 0 0 99 74 0 25 0 0 0 0 0 0 88 53 0 0 0 90 0 11 0 0 0 0 0 0 0 0 0 0 0 57 54 0 0 0 0 28 93 0 0 82 66 0 0 0 0 0 1 100 0 0 0 0 17 0 0 25 0 0 0 56 0 2 0 97 76 0 46 0 0 0 0 0 0 20 0 64 0
0 0 0 0 0 0 62 21 0 0 0 0 0 0 0 63 0 51 0 0 0 64 0 36 0 0 0 0 0 0 0 0 100 0 0 0 0 0 0 0 13 23 0 59 4 0 0 0 0 68 0 40 12 0 58 0 0 0 79 0 0 0 0 81 43 0 39 0 0 0 0 0 0 0 83 0 0 33 0 71 99 0 0 0 0 0 0 0 0 0 0 0 0 0 0 0 0 0 51 21
34 0 0 0 0 93 0 0 0 62 0 0 0 0 0 0 0 0 0 0 0 0 0 0 0 35 76 0 23 0 62 0 0 0 0 100 0 0 48 0 0 0 0 0 62 0 68 49 0 0 92 0 57 0 58 0 0 0 0 0 0 19 63 62 99 0 64 0 0 30 0 0 0 44 0 0 0 0 93 0 0 0 0 85 0 0 0 0 0 0 0 50 0 91 0 74 0 0 0 0
0 0 0 0 0 0 0 0 0 27 0 0 84 0 0 0 22 0 0 0 0 0 33 0 0 0 0 0 0 25 0 81 17 0 0 0 0 0 0 0 0 92 0 0 0 0 83 25 0 70 0 0 0 66 0 91 0 7 0 0 69 77 0 0 0 0 68 0 0 0 0 0 0 0 0 81 56 0 0 0 0 0 0 0 0 0 0 0 0 0 0 0 0 0 0 0 0 0 4 0
0 0 0 0 0 0 0 0 2 57 53 0 0 0 0 0 0 81 0 56 10 0 89 0 0 0 0 0 0 0 0 0 0 0 0 42 0 0 0 48 0 0 0 0 47 0 39 50 5 0 0 61 0 46 73 0 48 0 76 0 81 0 72 0 0 0 0 24 0 0 0 0 0 0 0 0 0 9 0 0 0 0 0 0 0 58 0 45 0 0 0 0 0 0 0 0 1 0 19 0
0 24 0 0 74 0 63 0 0 0 0 0 0 28 0 0 71 0 0 0 65 0 0 0 0 0 0 0 0 97 0 0 68 0 0 11 0 0 18 0 67 0 0 0 0 0 0 0 0 0 0 0 0 0 0 0 0 0 0 59 0 0 0 0 0 0 0 89 87 0 0 0 0 0 0 57 0 0 0 0 95 0 0 0 0 0 3 0 0 0 0 0 0 0 0 0 0 0 0 59
0 0 0 0 98 0 0 0 0 0 0 0 0 0 83 0 38 0 5 0 0 27 0 0 0 0 0 0 0 0 0 0 0 0 0 8 0 24 0 73 0 90 0 89 0 0 0 0 0 62 0 71 0 91 0 0 0 0 0 52 0 0 0 0 0 0 0 0 0 58 0 73 0 7 0 0 0 0 0 0 98 0 0 38 23 0 0 0 17 23 15 0 29 0 0 0 0 0 0 0
0 0 0 0 66 0 3 0 0 0 68 0 40 33 0 0 2 0 0 0 0 0 0 0 0 0 0 0 60 69 0 0 0 98 0 0 0 0 0 97 0 0 0 0 0 0 25 0 0 0 0 25 0 0 0 0 0 0 0 0 0 0 0 0 0 0 0 43 0 0 0 0 28 0 21 0 1 0 0 0 0 0 0 0 8 0 0 0 0 95 0 0 0 0 0 0 91 0 0 0
0 0 89 0 0 29 0 98 0 23 0 0 0 82 0 0 20 26 0 0 0 0 0 0 32 41 0 0 0 0 0 70 0 0 0 0 0 0 0 18 79 28 0 0 0 0 0 0 0 0 0 0 0 82 0 0 0 0 0 67 0 42 26 0 0 0 0 0 0 2 0 0 0 0 0 0 0 18 0 0 0 63 0 0 0 0 4 85 0 0 0 59 0 0 85 0 0 24 52 0
47 0 0 0 7 0 56 0 0 0 27 62 0 45 0 0 0 88 69 0 0 0 0 0 62 0 0 53 0 0 12 0 0 11 0 0 0 0 0 0 0 0 0 80 0 31 0 0 0 89 87 0 97 0 0 0 72 0 0 0 0 0 0 1 0 95 0 100 0 0 0 0 0 34 0 0 57 11 0 0 0 0 0 61 0 0 0 0 0 0 0 0 0 19 0 0 0 0 0 0
74 0 0 0 76 0 0 0 33 77 0 0 0 60 0 0 0 84 0 0 0 0 0 0 0 0 17 0 30 70 0 4 0 0 0 0 0 0 61 0 0 32 0 0 0 99 0 0 100 0 84 0 0 0 0 0 0 0 59 0 17 85 0 0 0 0 55 0 0 0 100 0 0 94 0 0 0 0 0 99 81 0 0 0 13 0 83 0 0 56 0 35 0 0 0 0 0 0 0 0
0 0 0 12 0 0 27 0 0 0 0 0 9 0 0 30 0 78 0 0 0 0 0 0 0 100 18 43 0 37 0 0 0 0 13 0 0 15 2 0 0 0 0 0 84 0 0 0 0 0 0 0 0 0 0 0 0 39 8 0 0 0 0 0 47 0 0 0 70 0 0 0 0 62 0 0 35 0 50 0 0 0 0 0 0 0 0 75 0 0 0 0 0 62 0 0 0 0 0 68
0 0 0 6 0 0 5 0 0 0 47 0 92 0 0 0 0 0 0 0 0 0 0 0 35 0 0 52 0 11 37 0 0 0 0 0 16 0 0 0 0 0 0 0 50 0 0 0 0 0 0 0 0 0 0 0 0 0 0 0 0 0 0 0 0 0 0 0 80 0 28 78 0 0 0 0 0 36 0 0 0 0 0 0 0 0 19 76 91 0 0 0 0 44 0 100 0 0 0 0
0 0 48 0 22 0 0 0 0 0 0 0 0 0 0 0 0 0 0 0 0 1 0 0 25 0 0 25 0 56 0 75 73 0 0 0 55 0 0 0 0 0 0 0 32 0 0 32 0 0 0 0 84 0 57 0 0 0 5 0 0 0 0 0 0 0 0 80 0 0 1 0 0 37 0 0 36 0 37 0 52 0 0 0 54 8 0 14 0 0 0 0 0 0 0 0 0 10 0 0
0 0 0 0 0 19 0 0 0 60 0 0 0 0 0 0 0 0 33 0 0 0 0 53 0 0 97 94 0 0 0 20 0 0 0 0 0 16 0 0 0 0 0 0 3 0 0 0 0 65 0 0 0 0 0 0 0 0 0 47 0 0 3 0 0 0 99 0 0 0 0 0 0 63 0 0 34 66 0 0 0 0 0 0 0 22 0 0 0 21 0 0 0 0 0 45 76 0 0 0
31 0 0 56 0 0 38 0 0 64 46 0 0 0 0 0 0 0 0 0 0 0 0 0 0 52 0 0 0 0 15 0 71 0 0 0 55 0 0 35 0 0 0 0 0 0 90 0 0 0 0 0 0 45 30 0 0 0 7 0 2 0 10 0 0 0 0 57 70 85 0 45 0 0 0 0 0 0 0 0 0 0 0 55 0 0 20 0 53 0 0 81 0 0 0 0 0 59 0 0
0 0 0 0 0 0 52 0 0 0 0 0 0 0 88 0 0 0 0 0 0 0 66 57 0 0 0 23 0 17 8 0 0 0 40 0 0 86 0 0 31 9 0 0 0 0 0 0 0 0 0 55 0 0 65 0 37 0 0 18 0 0 0 0 0 15 95 98 0 59 0 0 0 0 0 0 27 0 0 0 56 0 0 0 0 0 0 0 0 84 0 30 0 0 0 0 0 0 0 0
0 0 0 86 0 0 0 0 0 0 0 0 0 4 0 0 0 0 74 36 0 0 0 55 10 0 0 0 0 32 0 0 51 0 0 60 0 0 0 0 0 0 0 89 0 5 35 0 0 87 21 96 70 0 0 0 0 0 0 0 0 57 0 0 0 0 5 44 0 0 0 31 0 0 23 46 0 0 0 0 0 15 0 0 0 0 13 0 0 0 100 0 0 0 0 0 0 0 0 33
20 0 0 0 0 0 0 50 0 0 0 11 61 82 0 0 0 0 84 0 0 0 0 0 0 79 48 0 50 36 0 0 0 0 67 76 79 0 0 0 0 0 0 65 0 0 0 0 0 30 65 37 0 0 0 0 76 0 0 59 57 0 0 0 0 78 87 0 0 0 0 0 0 0 0 52 0 0 5 87 0 0 0 0 24 0 0 0 23 0 0 0 90 99 0 0 0 36 0 29
0 0 82 0 0 0 0 0 0 63 0 56 69 6 0 39 9 0 38 84 22 0 48 0 91 0 0 54 0 0 72 0 0 0 81 0 0 0 80 0 0 0 68 0 0 29 0 0 9 43 85 0 0 0 0 0 38 0 0 0 0 0 0 59 51 0 0 0 0 0 0 16 0 0 0 0 29 0 52 10 0 76 0 0 88 0 33 0 0 0 0 0 62 51 0 0 0 0 0 0
0 0 0 0 0 0 0 0 0 0 0 0 32 0 0 0 54 0 20 0 0 0 0 0 0 74 0 45 0 33 0 0 0 0 0 52 49 13 0 0 96 58 0 89 85 72 0 0 31 0 0 0 0 0 0 0 10 0 0 66 42 0 63 0 30 0 0 0 0 0 0 0 0 0 16 0 0 0 0 0 0 0 0 0 0 0 0 0 3 0 0 0 0 0 0 35 0 81 0 0
72 0 0 90 0 0 0 0 0 0 0 0 25 76 0 0 0 0 0 0 99 21 0 0 0 0 6 0 62 0 0 0 0 0 0 0 0 0 54 0 0 0 0 43 0 12 16 0 0 0 9 7 0 0 76 20 0 87 60 0 0 0 0 0 0 70 0 0 70 0 0 0 0 0 0 0 0 0 0 58 0 0 0 0 0 26 9 28 0 0 100 0 0 0 27 0 0 0 0 0
0 0 0 0 50 0 0 13 32 69 64 0 0 17 0 0 10 0 0 0 0 0 0 0 0 0 0 0 0 87 0 0 80 0 0 90 83 55 0 0 0 0 0 0 0 60 0 0 0 0 0 0 0 0 0 0 0 0 0 0 0 0 0 32 0 0 0 0 0 0 0 0 0 0 0 0 0 0 0 0 42 0 0 0 83 0 0 0 0 0 0 0 0 0 0 4 10 0 0 30
0 0 0 93 7 0 0 91 20 8 0 94 0 0 0 0 0 0 0 0 0 0 0 0 0 0 80 0 82 99 0 0 0 0 0 0 0 0 4 0 0 0 0 96 0 0 0 0 0 0 0 0 0 0 0 9 0 33 0 86 52 0 0 0 0 0 0 0 0 0 0 25 0 90 0 0 0 0 0 0 0 0 0 89 0 0 96 0 0 0 0 85 0 17 0 0 0 61 0 0
0 87 0 0 24 0 0 0 0 0 35 0 68 0 0 0 0 58 0 0 76 0 71 0 0 32 0 15 0 0 0 0 0 34 0 0 0 83 0 0 0 0 0 0 0 0 0 0 0 0 0 37 0 0 0 0 0 0 0 57 0 19 0 24 0 0 0 0 0 0 0 0 0 0 0 0 0 0 0 0 0 0 0 40 90 52 0 65 0 0 0 0 0 0 0 0 12 0 0 0
84 0 0 0 0 49 54 0 0 0 0 0 0 0 0 0 33 0 0 0 0 0 0 0 91 10 0 0 0 19 0 0 0 0 0 0 0 0 0 67 0 0 27 0 0 34 0 0 0 0 64 49 0 0 27 0 0 27 0 44 0 0 0 0 0 0 0 0 0 0 0 0 0 33 14 0 39 51 0 60 0 48 0 0 0 0 0 0 0 0 94 0 0 0 0 0 100 0 77 0
0 0 0 0 0 0 0 0 50 0 0 0 0 0 0 0 0 73 0 0 0 0 0 0 0 75 0 73 0 0 0 96 0 0 65 71 0 0 0 0 0 25 0 0 0 0 0 0 84 99 0 56 0 0 0 0 0 15 0 0 0 0 82 0 1 81 0 0 0 0 0 0 0 0 3 0 0 0 0 0 51 0 0 60 0 52 0 0 0 0 0 0 0 0 0 0 0 0 77 99
33 81 0 0 0 0 0 18 0 0 0 0 0 0 0 0 0 26 0 0 75 10 73 0 0 0 0 0 0 47 0 11 0 0 70 47 0 53 0 73 0 58 0 99 0 0 0 7 0 0 14 0 84 0 0 0 0 42 0 0 0 0 0 0 0 0 0 19 0 0 49 0 0 0 0 0 0 0 0 0 0 0 0 0 0 0 64 0 0 0 0 54 17 0 0 0 0 0 0 0
0 0 0 0 0 16 82 0 0 0 0 0 0 35 56 0 0 0 92 0 75 0 0 0 0 0 0 0 0 0 0 0 12 92 0 0 32 0 0 0 0 0 0 0 0 0 0 0 0 0 0 0 55 0 0 0 0 0 0 35 0 0 0 0 0 45 0 10 80 0 0 96 0 0 70 0 0 29 0 0 0 94 0 0 0 0 20 13 0 48 0 11 52 0 47 0 0 28 0 0
94 0 0 0 0 7 0 0 0 0 22 57 65 0 0 0 0 0 0 0 86 0 0 0 0 37 0 0 0 0 29 0 0 0 0 77 0 0 0 100 0 0 0 0 59 0 0 35 0 100 0 0 0 0 0 0 0 45 11 0 0 19 0 0 0 31 0 55 72 0 15 0 0 53 19 0 57 77 0 0 0 0 0 0 0 0 0 0 0 0 36 44 0 47 80 0 80 66 10 0
23 0 0 0 67 0 0 0 0 0 0 64 0 0 25 70 0 0 0 94 0 50 0 0 0 0 0 0 0 57 8 0 0 0 0 0 0 0 0 8 64 0 0 0 74 69 0 0 0 59 0 96 0 0 0 0 55 0 0 0 0 0 0 0 0 0 0 0 0 0 0 82 7 0 0 0 0 0 0 57 0 81 0 0 0 0 0 87 0 0 0 0 0 0 8 75 0 0 30 0
0 0 0 0 0 0 0 0 0 0 0 0 0 0 0 0 59 0 62 0 0 66 0 0 0 34 87 0 0 0 0 0 0 30 54 0 0 35 0 0 18 53 0 0 0 72 65 0 0 0 0 0 0 0 0 90 0 0 0 37 0 0 9 0 0 0 0 0 0 0 63 0 0 0 0 0 0 0 0 0 0 0 0 5 0 0 0 0 0 0 0 0 95 0 19 0 0 0 0 0
0 0 0 0 0 0 0 79 0 0 0 82 0 0 0 0 0 0 0 0 50 74 0 6 0 0 0 29 51 0 24 0 33 72 0 65 0 0 0 0 0 0 0 0 0 0 0 0 0 0 47 0 0 22 68 41 97 0 0 0 0 0 32 0 0 0 88 0 0 0 0 60 0 62 0 0 0 0 19 86 43 0 0 3 0 0 0 0 0 0 0 16 0 74 0 92 0 0 19 0
0 0 0 0 15 0 0 71 0 0 0 53 0 0 0 30 0 0 0 0 69 46 4 0 0 0 0 2 60 0 0 0 0 0 0 0 0 97 20 0 0 36 0 0 0 0 0 62 0 0 0 0 0 0 0 0 78 0 0 14 0 0 0 0 5 0 0 0 0 51 0 0 0 0 0 0 0 0 0 0 0 0 0 0 0 75 61 0 0 0 0 45 0 0 0 91 0 0 0 61
0 0 0 0 0 33 0 0 0 0 0 83 0 0 50 0 0 0 97 0 0 0 0 0 0 37 51 0 0 0 0 0 83 0 86 0 46 0 68 0 0 0 0 0 0 0 0 0 0 0 94 0 9 42 0 0 78 42 4 0 0 0 57 0 9 0 58 0 6 0 5 0 0 0 0 0 0 0 0 0 0 0 0 0 38 0 78 0 0 0 0 0 0 0 0 0 0 0 0 0
96 43 0 0 0 52 0 0 0 0 0 95 46 91 0 0 66 88 0 0 0 0 0 42 32 0 21 0 0 87 97 0 0 0 0 0 0 0 0 0 0 0 0 0 0 0 0 58 0 54 0 0 0 0 0 0 0 0 52 3 35 0 0 10 0 56 0 0 92 0 0 0 25 0 0 0 0 40 71 71 0 86 0 0 0 0 0 0 0 0 0 0 0 0 0 0 0 57 0 33
0 0 0 20 0 0 0 0 0 0 0 0 0 0 97 56 39 0 0 39 0 0 0 14 0 0 0 0 0 4 0 71 0 0 0 0 0 0 0 0 0 0 0 41 0 0 0 72 0 31 0 0 0 56 49 21 7 0 0 0 0 2 48 0 0 0 0 0 56 0 0 0 20 0 0 0 13 81 0 0 0 0 0 31 25 0 0 0 0 0 0 0 0 0 0 0 0 0 0 0
0 0 0 0 59 73 53 0 13 0 0 0 0 10 0 0 0 0 0 22 0 0 26 0 67 0 0 39 0 0 0 0 0 95 42 0 0 40 0 0 2 89 0 0 0 0 0 0 0 27 0 0 0 0 49 50 49 0 83 20 85 5 0 0 0 0 0 0 0 93 0 0 0 84 37 82 0 0 0 0 0 0 49 42 0 0 0 0 0 33 0 0 0 0 0 0 80 0 7 0
0 23 0 14 0 0 0 0 18 0 0 0 0 0 0 0 0 0 0 0 0 0 0 26 20 0 0 25 0 0 0 0 65 1 67 0 0 4 0 0 0 0 0 0 48 57 0 66 0 0 0 0 0 0 82 0 0 0 0 86 0 2 0 64 0 0 0 0 0 0 0 3 0 0 0 0 0 0 0 0 0 0 0 0 20 0 0 0 0 0 69 0 0 0 0 0 24 0 0 0
0 84 0 0 0 0 0 0 0 99 74 0 0 0 0 0 0 0 0 19 27 76 81 92 0 0 0 0 55 0 0 0 0 0 92 0 0 0 0 0 0 13 0 0 0 0 0 0 0 0 41 0 0 35 21 5 62 0 0 0 0 0 15 35 17 0 0 0 0 0 0 66 0 0 40 0 0 0 0 0 0 0 0 0 0 1 0 0 0 0 0 0 0 0 0 0 0 0 0 0
0 0 0 0 0 0 0 13 0 0 0 0 0 0 0 0 0 0 0 0 0 0 0 3 0 0 0 0 40 29 0 0 0 0 0 0 0 0 0 2 0 0 0 16 0 0 0 0 0 0 0 85 59 0 91 0 54 67 3 0 0 0 0 0 0 36 66 0 52 0 0 0 0 0 0 0 0 0 0 11 10 89 0 0 0 0 65 10 0 52 0 0 0 0 39 0 0 0 0 0
35 0 0 39 28 0 91 0 0 0 94 0 0 73 0 0 18 0 0 0 6 0 1 0 95 0 0 39 0 57 0 0 9 0 84 39 0 31 0 60 0 31 0 0 0 0 0 0 0 61 0 0 0 0 0 0 0 11 44 72 0 0 0 0 66 0 0 54 0 0 0 0 0 63 0 14 0 14 0 0 0 0 0 0 0 0 0 0 0 6 66 0 0 0 0 49 0 0 0 0
80 0 0 0 0 0 0 62 0 0 88 0 0 0 89 0 56 0 0 1 0 0 0 0 0 0 0 0 0 0 0 45 15 0 32 43 0 37 0 89 0 0 0 0 0 0 0 0 0 0 0 0 0 0 0 0 0 0 0 0 0 97 0 19 0 0 96 0 28 0 96 0 0 0 0 0 0 0 0 0 0 3 0 0 0 12 96 0 0 93 15 26 78 0 0 13 0 0 10 0
0 0 81 0 54 0 31 76 0 0 0 0 22 0 0 0 26 54 0 88 0 95 95 0 0 53 98 29 0 0 0 0 20 18 89 0 94 3 0 0 0 0 0 99 0 0 0 80 0 0 84 0 0 0 0 0 64 73 0 0 0 0 0 96 0 46 58 0 38 0 39 0 3 0 0 0 21 73 0 0 0 0 0 0 0 0 0 0 60 0 89 0 10 55 0 0 27 0 0 0
24 0 0 0 0 0 0 0 7 84 32 0 0 0 77 0 18 0 0 0 0 0 41 92 0 0 0 0 0 0 0 0 82 20 0 0 48 0 45 0 0 0 0 3 0 64 0 0 0 64 0 76 0 32 0 0 0 0 0 0 0 0 0 0 0 0 0 0 0 39 0 0 0 30 0 0 61 55 0 0 0 0 0 100 0 0 0 0 0 0 93 0 0 0 16 0 88 0 0 0
0 13 87 35 0 0 0 0 0 0 0 0 94 0 98 35 84 0 0 0 31 7 36 43 74 0 0 0 0 0 0 0 0 0 0 0 17 0 0 0 80 0 41 0 0 0 22 0 0 0 0 0 38 92 0 0 0 0 74 85 0 0 0 0 42 0 0 0 44 0 0 32 0 0 98 49 0 0 0 36 0 0 0 0 0 14 64 0 77 65 96 0 0 0 0 0 0 0 0 0
0 0 0 0 67 0 0 0 65 0 92 0 0 0 0 37 0 61 79 0 0 0 17 0 0 0 78 0 0 0 0 0 0 0 0 0 0 0 0 61 0 83 0 0 0 0 0 0 0 0 28 0 23 70 0 0 0 0 0 97 0 18 0 0 0 0 0 93 4 0 0 0 0 0 0 0 0 0 0 87 0 1 12 0 25 0 14 0 0 0 0 0 0 0 0 0 0 0 0 0
0 0 0 0 0 21 0 0 0 0 90 6 0 96 0 0 52 0 20 0 0 0 0 0 0 50 0 0 0 42 78 0 0 54 0 0 0 0 0 21 0 13 0 1 0 0 0 0 0 0 0 0 0 0 0 0 0 0 0 0 0 0 93 0 0 30 76 0 0 29 0 0 0 0 0 67 0 0 0 0 0 20 0 90 0 78 40 0 0 0 89 0 0 0 0 0 0 62 42 0
0 0 0 0 0 9 0 0 43 0 0 0 80 0 0 49 0 0 0 0 21 0 0 0 74 0 0 0 0 0 0 0 9 19 0 0 0 65 0 0 0 71 0 0 0 0 0 29 71 0 0 0 0 0 0 0 0 40 0 0 0 0 79 0 0 0 0 96 0 0 0 97 0 11 0 0 0 0 0 0 94 0 0 0 0 0 7 0 0 0 22 0 85 43 0 5 44 0 0 0
0 0 0 47 0 0 0 0 0 59 0 0 0 0 0 19 0 0 0 0 0 0 0 0 0 49 24 5 16 0 45 0 0 0 0 96 0 3 0 0 0 0 0 0 0 0 0 57 0 88 9 0 44 30 0 0 0 0 0 65 0 0 0 31 0 62 0 0 0 49 0 0 17 57 0 0 0 0 0 0 0 0 0 0 88 17 0 0 15 0 22 0 0 0 0 0 0 0 0 0
66 0 0 0 46 0 0 0 0 0 83 0 0 0 0 0 0 0 0 0 0 95 77 0 0 71 0 60 0 0 0 0 0 0 0 0 0 0 0 0 0 93 0 0 0 0 11 0 0 0 0 0 0 24 0 14 0 0 0 0 0 45 47 0 0 0 38 0 0 0 0 26 0 81 0 0 0 20 0 0 0 0 0 0 0 0 0 0 91 0 0 0 4 0 0 46 0 0 0 66
92 56 0 0 0 0 0 0 99 0 22 0 0 0 20 0 0 0 91 0 0 0 0 0 0 0 0 36 0 0 0 0 52 0 33 0 28 0 0 48 29 0 0 5 0 0 0 0 0 0 0 0 0 80 0 100 0 0 0 87 0 0 0 0 0 0 0 0 0 0 0 0 30 0 0 51 0 0 0 0 36 0 70 0 0 0 0 0 0 0 0 0 0 0 0 0 0 0 0 2
0 0 82 21 0 50 0 0 0 0 0 0 0 39 73 0 0 0 54 0 0 0 35 74 0 0 0 0 0 47 0 0 0 99 0 0 0 0 35 0 0 0 74 0 33 0 0 0 0 0 0 15 0 0 73 0 0 0 13 59 61 0 56 0 0 0 0 66 18 0 59 0 87 0 0 0 42 0 0 0 0 0 50 0 0 0 0 0 0 0 36 96 72 0 0 0 2 0 15 54
0 0 23 67 0 0 0 0 0 0 0 0 36 0 0 0 0 0 0 0 0 0 0 68 0 0 0 0 0 0 0 0 0 76 0 0 0 0 74 29 0 0 0 42 0 0 0 0 0 0 0 0 82 44 0 47 73 0 0 0 0 0 44 51 0 0 0 0 90 0 0 7 0 0 0 0 0 0 0 47 0 0 0 31 0 27 0 0 0 51 0 0 0 0 0 0 0 98 0 0
0 0 0 82 0 0 0 0 0 0 0 0 51 49 0 0 0 0 30 0 12 0 0 5 0 54 0 0 30 0 0 0 0 0 0 19 0 0 0 0 0 0 0 95 0 11 36 59 0 0 55 0 0 0 0 0 0 0 0 0 0 0 0 0 0 0 0 0 0 0 0 0 0 0 79 9 0 0 0 49 7 18 23 0 0 0 0 0 49 0 26 69 0 24 37 0 0 38 0 0
0 78 73 0 20 0 0 88 0 0 0 0 0 0 0 0 0 0 0 14 0 0 0 0 0 3 0 0 0 0 0 0 78 0 95 0 0 0 0 87 62 0 0 53 99 0 0 71 0 0 70 0 0 66 18 0 40 0 0 0 0 0 0 0 0 0 0 0 0 0 0 0 0 0 0 0 22 6 0 0 0 0 98 0 0 0 0 0 0 0 0 83 14 0 0 0 0 100 0 0
27 53 0 18 0 0 12 0 0 50 94 0 0 0 0 0 0 63 0 0 0 6 0 6 0 0 0 0 0 56 73 2 0 1 0 0 42 70 0 0 0 0 0 0 0 8 0 0 0 0 0 54 0 45 0 0 0 39 79 0 0 0 0 0 0 0 0 13 0 0 0 0 74 0 0 0 0 0 62 50 0 0 0 22 0 0 19 27 74 0 0 0 19 0 0 0 0 0 50 34
0 0 0 0 0 0 0 0 0 0 11 0 0 0 66 0 0 0 0 0 11 0 0 5 0 0 0 31 0 0 65 0 87 0 0 0 0 0 0 3 0 0 0 0 0 0 0 0 93 3 0 0 0 14 0 59 0 0 0 0 0 0 0 0 30 77 73 0 4 0 13 0 0 0 0 0 52 0 0 0 0 64 5 0 91 0 0 38 0 0 60 0 0 0 89 0 0 0 0 0
77 0 0 0 41 0 0 0 0 57 0 0 96 0 0 24 56 0 0 0 8 0 0 88 0 0 6 0 0 0 0 8 10 0 0 61 0 0 0 42 31 90 39 0 0 0 0 0 0 35 3 0 0 0 0 0 0 0 0 0 0 0 0 0 7 99 0 0 0 0 32 0 0 0 0 0 96 0 17 0 0 0 0 0 0 0 86 0 83 42 0 12 0 0 0 0 0 0 0 93
0 0 0 0 0 0 73 0 0 0 0 0 74 0 0 0 0 0 87 0 23 0 0 0 0 57 0 0 0 89 0 0 0 0 0 49 0 0 0 0 37 0 0 0 0 0 0 0 0 0 1 0 0 0 0 0 0 0 0 0 0 0 0 0 51 94 0 0 0 100 0 0 0 0 0 0 0 0 0 0 0 0 0 87 69 0 44 0 72 0 0 0 0 0 64 0 0 0 61 0
0 0 0 0 0 0 0 0 96 59 0 0 0 0 0 0 24 0 0 0 0 82 41 0 0 95 0 44 0 0 0 0 0 0 0 0 0 90 15 0 0 0 13 92 0 64 0 0 0 0 0 0 0 39 0 0 0 50 84 0 0 3 92 0 0 0 43 0 0 0 0 0 77 0 67 0 0 0 43 0 0 0 1 0 0 0 68 0 97 0 15 0 0 0 71 0 0 0 0 17
0 0 0 0 16 87 0 0 0 0 0 17 95 0 0 0 0 78 0 0 31 49 0 0 78 66 0 0 0 82 1 0 53 0 0 0 0 0 0 0 92 0 0 0 0 0 0 69 0 0 73 0 0 0 0 0 0 0 0 0 0 0 0 70 0 0 11 0 36 0 0 46 0 76 37 0 17 0 91 80 0 0 0 0 78 0 43 0 0 77 0 47 0 0 85 7 0 0 81 0
0 0 0 0 0 0 35 0 0 0 0 0 0 0 0 0 0 0 0 0 49 0 0 0 0 0 87 0 12 0 0 0 80 0 0 0 0 0 0 0 0 0 0 0 71 0 0 0 0 0 0 0 0 0 0 0 0 62 0 0 0 26 0 0 0 0 0 0 0 43 0 0 0 34 93 42 0 0 0 0 29 0 0 0 22 81 0 0 0 0 0 69 77 0 0 57 0 0 0 0
0 0 0 87 0 0 0 0 0 0 0 0 0 0 0 27 85 100 0 0 0 82 0 0 89 88 0 0 0 0 0 0 0 0 0 0 0 0 0 54 0 0 32 0 0 0 0 0 0 0 0 56 0 56 0 0 0 0 0 0 0 0 0 0 0 0 0 0 85 0 0 0 0 0 0 0 0 0 28 61 0 0 0 0 71 0 69 0 0 0 0 0 0 0 0 0 89 0 0 0
0 0 0 0 0 0 27 0 0 0 0 0 0 0 0 0 0 0 60 0 0 0 0 0 0 0 0 0 0 0 0 0 80 0 0 0 0 74 0 0 0 0 28 0 0 0 0 0 0 0 26 0 0 0 0 0 79 43 21 67 68 0 3 0 0 49 0 0 0 0 92 25 0 0 0 0 0 0 75 0 0 0 0 75 23 0 0 0 0 74 0 0 0 55 0 0 36 0 42 21
60 0 0 0 0 0 0 67 0 0 0 0 0 0 0 0 0 93 0 0 0 0 0 0 0 12 0 0 0 96 0 0 0 0 0 29 0 37 0 74 0 44 45 0 0 0 0 0 0 0 57 0 26 0 0 44 65 0 23 0 0 0 0 17 9 0 0 37 36 0 0 0 0 0 0 15 0 0 0 0 18 84 0 0 0 0 62 42 0 0 0 0 0 0 0 0 0 0 0 0
0 0 0 0 12 0 36 0 0 0 0 0 0 0 0 0 0 0 0 0 0 0 0 0 0 0 0 18 0 0 0 85 0 0 69 0 0 0 0 11 77 0 0 0 0 0 0 0 0 23 0 0 0 0 91 19 19 0 21 0 0 0 0 0 0 0 0 0 0 49 0 6 76 0 0 25 38 0 0 0 0 0 0 0 0 25 0 0 0 0 0 0 0 0 0 0 0 0 0 0
0 16 0 77 96 0 0 0 0 0 0 0 0 0 70 0 0 0 0 25 0 98 0 0 0 0 0 0 0 0 0 0 7 0 0 0 0 0 0 0 0 0 0 0 0 0 0 0 0 0 64 0 0 0 32 0 67 13 0 0 7 45 23 100 76 0 0 0 0 15 0 25 0 0 0 0 0 59 0 0 12 0 90 38 0 0 0 0 0 0 99 0 0 0 0 35 0 0 16 0
20 0 85 0 0 0 0 0 68 0 0 0 21 77 0 0 6 0 0 1 0 0 0 0 0 27 0 0 0 0 0 0 15 0 0 0 0 0 0 43 0 0 0 0 77 0 0 0 0 0 55 0 0 0 0 25 0 99 97 0 0 0 0 0 0 0 0 28 0 0 0 0 0 0 0 0 0 0 0 0 0 0 0 0 90 0 0 0 20 0 0 0 0 0 0 0 98 20 15 69
0 0 0 0 0 0 0 0 54 51 0 0 0 0 0 0 53 99 0 0 0 0 0 0 0 72 0 0 25 0 0 0 0 0 0 0 0 0 62 0 76 0 0 0 0 0 28 0 49 0 0 35 39 76 64 0 0 0 0 75 0 0 82 0 34 0 0 17 0 0 0 70 0 0 89 0 16 0 0 0 0 93 0 43 0 0 0 0 0 0 0 0 0 71 67 0 0 0 9 0
80 0 7 31 0 51 0 0 0 0 0 46 0 0 18 0 0 28 0 0 0 0 0 0 0 0 0 0 59 0 0 0 51 21 0 0 0 84 76 0 100 0 0 0 53 0 0 0 0 90 0 0 0 0 0 0 0 0 0 0 19 9 0 0 7 0 48 0 0 0 46 55 0 42 0 0 0 21 0 0 0 80 0 0 0 0 0 0 0 0 0 0 0 84 0 0 0 0 38 0
43 0 0 63 0 0 0 0 1 58 0 0 73 0 0 0 0 0 46 0 0 45 0 0 75 0 0 0 0 0 42 0 0 0 0 0 18 0 0 0 52 2 0 0 69 0 76 0 0 45 0 0 3 0 0 71 0 0 0 0 0 22 0 0 0 0 0 0 0 96 0 0 0 0 67 0 48 0 0 0 95 20 0 0 0 0 38 72 71 69 0 0 0 0 0 0 95 59 0 0
0 0 0 78 0 0 54 0 0 37 0 96 0 56 52 55 0 11 0 35 0 0 40 59 0 28 0 0 24 0 0 0 0 0 0 0 0 0 0 0 15 89 0 0 0 90 0 19 82 0 0 0 40 0 0 98 0 0 0 0 0 0 0 65 0 0 35 0 1 38 0 84 0 92 0 0 0 0 0 0 99 46 0 12 30 0 0 0 81 0 83 0 0 0 0 83 0 0 0 0
56 0 73 24 57 0 0 1 0 0 0 0 0 63 0 0 0 0 0 0 0 88 0 33 0 0 0 0 0 0 0 0 0 0 0 0 0 0 53 0 0 0 35 0 0 0 2 0 93 0 0 0 0 0 0 0 0 91 0 54 0 0 0 0 0 0 44 99 68 0 42 0 0 44 0 0 58 0 0 0 0 0 66 93 0 80 18 0 0 0 0 0 2 50 0 0 0 0 51 0
0 0 49 0 0 0 0 0 21 0 0 0 0 67 0 0 0 0 87 0 4 0 15 0 69 15 73 0 68 0 0 32 0 0 78 0 0 83 12 0 35 0 0 0 33 0 96 0 0 0 0 0 0 42 0 0 0 0 62 0 0 86 0 0 0 0 0 0 0 0 7 55 0 0 0 69 0 0 0 0 0 98 0 0 0 0 0 10 69 26 0 0 0 0 0 44 68 0 0 0
0 0 0 0 0 87 0 90 0 0 0 5 0 0 0 0 55 0 16 0 0 0 0 32 88 0 0 0 0 28 0 0 0 0 56 0 0 0 0 25 0 30 0 77 0 0 0 84 0 62 0 0 0 0 0 0 0 0 0 0 0 0 0 0 25 65 0 0 0 0 0 2 0 0 0 0 0 0 0 0 13 0 0 0 0 10 0 0 0 0 0 0 0 0 1 91 0 0 0 0
0 92 45 0 0 0 0 0 0 0 0 0 0 92 0 0 0 0 0 0 19 0 18 0 0 2 0 0 0 0 0 0 0 0 42 0 1 0 0 76 85 0 0 0 0 30 18 34 0 0 0 0 42 0 0 0 0 0 74 0 0 0 0 37 0 0 0 0 0 0 69 0 0 0 0 4 1 0 0 33 0 0 0 0 0 0 15 0 42 81 0 0 0 0 17 88 0 0 0 69
0 0 0 0 0 0 84 0 0 0 0 0 0 0 0 0 0 0 39 0 0 0 16 0 0 0 82 0 0 0 7 0 0 0 19 83 0 0 0 0 0 0 0 77 18 0 0 0 0 0 0 81 94 45 58 0 0 15 0 0 81 0 0 0 11 0 0 0 0 0 0 82 0 91 0 0 0 64 0 0 0 0 0 29 0 22 46 62 0 0 32 0 78 2 0 0 0 0 14 26
0 0 38 0 0 0 0 0 0 0 0 0 27 85 0 0 49 0 46 0 0 69 0 15 26 0 34 0 0 9 0 0 0 0 0 0 69 0 0 0 0 0 0 0 0 67 0 0 0 0 0 0 55 0 0 73 0 50 0 10 0 0 92 67 0 49 0 0 0 58 0 0 0 0 0 0 32 87 0 77 0 0 0 0 0 55 0 0 0 0 83 0 80 0 0 0 0 0 0 0
0 79 86 0 0 86 13 0 0 0 51 0 0 53 0 0 0 0 0 0 0 0 28 0 0 0 0 0 61 0 0 0 37 0 0 0 0 0 0 0 74 13 0 23 66 0 0 0 0 44 87 0 0 0 0 0 27 66 0 54 36 0 0 0 39 0 66 0 0 0 88 0 0 0 0 0 0 80 0 0 35 0 0 0 0 94 0 0 0 0 0 36 0 0 0 0 0 0 0 0
0 0 2 0 94 0 0 54 0 0 0 0 0 0 0 0 0 0 0 93 72 0 0 0 47 0 0 18 97 0 92 0 0 100 0 0 0 98 0 0 0 0 0 0 0 0 0 56 0 0 0 28 0 0 68 0 0 57 0 0 0 0 0 0 0 0 0 0 0 0 0 0 0 0 0 0 0 0 0 0 45 0 0 0 0 0 0 0 0 44 0 48 0 21 98 0 0 11 0 0
0 0 0 0 0 0 9 0 0 17 0 0 0 0 0 0 80 24 42 4 0 0 0 45 0 0 0 0 13 0 0 0 0 0 0 0 0 0 0 0 0 0 0 42 0 0 47 24 0 0 0 0 0 0 0 0 0 0 0 0 63 0 70 0 0 0 0 0 16 0 0 0 0 7 0 0 62 33 23 0 0 0 0 0 27 18 0 0 0 0 37 0 0 31 0 0 0 0 0 0
0 0 0 0 0 0 0 0 0 0 0 0 0 0 0 0 0 0 0 6 50 33 0 0 0 0 93 58 31 0 83 0 10 0 0 0 59 0 29 0 0 0 0 0 0 0 0 81 0 0 15 1 0 0 78 0 0 0 0 0 0 7 0 0 0 0 0 0 33 83 44 0 0 0 0 0 0 0 0 87 0 0 0 0 0 64 0 0 0 0 0 0 0 0 0 0 0 52 87 0
0 0 90 24 0 0 0 0 0 0 2 89 90 0 65 0 0 0 0 0 0 0 0 63 49 0 82 0 51 58 0 0 0 0 0 0 54 13 0 0 10 0 84 0 0 65 46 49 0 0 0 0 0 0 0 0 95 0 51 0 0 0 0 0 0 0 0 0 100 0 0 0 0 0 95 0 0 0 0 0 31 18 50 26 0 39 1 0 0 73 0 0 0 0 0 12 0 0 0 0
0 23 0 28 0 26 0 12 0 49 0 14 0 0 0 0 0 0 29 0 0 0 0 0 90 79 62 0 0 0 0 9 0 0 61 0 0 33 0 0 86 0 98 0 0 0 0 88 74 0 0 97 0 0 0 0 51 0 0 0 0 0 89 0 0 64 0 0 15 0 0 0 26 0 0 14 0 0 0 0 0 0 98 42 34 0 46 0 0 0 0 0 50 0 0 49 0 0 0 40
0 0 0 0 38 0 0 0 37 0 40 15 31 0 0 0 0 0 0 84 0 0 84 0 0 0 0 0 0 16 82 0 0 12 0 0 0 0 0 0 0 0 0 0 1 0 0 0 0 53 0 0 0 24 0 89 0 51 0 0 77 28 0 0 0 0 0 0 0 0 58 0 0 0 0 0 0 0 0 0 0 0 0 0 0 0 0 99 0 0 93 0 64 0 0 0 0 19 0 0
9 25 0 23 0 0 0 0 0 0 0 7 11 12 0 0 0 0 0 0 0 0 0 0 53 87 0 36 0 0 39 61 0 20 0 0 0 0 93 0 0 0 40 0 0 0 76 0 0 0 0 0 0 0 0 0 0 31 0 0 91 93 0 0 0 0 31 0 0 49 0 0 0 0 0 0 0 0 0 55 0 0 0 0 0 0 35 63 0 0 5 0 0 0 76 52 0 95 0 13
0 0 45 89 0 0 0 0 0 0 0 65 0 0 0 0 0 0 0 0 0 0 0 0 35 0 60 0 80 32 89 0 35 0 45 0 0 0 0 78 0 0 0 0 74 0 0 73 0 0 0 0 0 0 0 0 0 0 0 0 30 10 0 0 7 0 0 5 0 0 0 47 0 0 0 0 0 0 80 79 33 0 0 4 0 0 0 0 0 94 7 0 0 0 51 0 0 0 0 0
0 71 35 34 56 0 0 27 0 18 0 0 0 0 0 0 0 0 0 28 0 0 0 0 0 0 0 0 0 0 83 0 0 29 5 0 0 0 0 0 0 0 26 0 84 42 0 0 0 0 0 0 0 0 48 26 0 0 0 0 0 0 0 0 0 80 0 0 0 0 0 0 0 0 52 0 0 0 0 0 0 0 0 0 0 0 62 0 52 6 76 0 0 0 0 74 0 0 0 2
24 0 47 0 0 0 0 0 0 0 0 0 39 0 55 0 0 0 0 0 0 0 0 0 0 0 0 0 0 0 0 0 0 0 0 82 0 24 81 5 0 0 49 0 0 0 0 0 99 0 0 97 0 0 0 0 0 0 0 0 0 0 26 0 0 83 0 0 0 81 29 0 0 0 57 68 55 0 84 0 0 0 0 0 0 0 0 7 0 0 95 0 0 0 0 0 77 0 0 0
0 0 0 0 0 0 0 0 0 0 0 0 0 0 0 0 0 0 0 0 0 0 0 0 0 0 7 0 0 0 0 23 45 0 0 0 0 84 0 71 0 0 91 44 20 0 0 68 0 0 44 0 0 0 0 0 28 0 0 0 8 0 37 99 0 0 0 56 0 0 39 0 0 0 0 71 0 11 61 35 19 0 77 3 0 97 0 0 75 0 0 0 0 79 100 0 0 0 35 0
13 0 0 0 0 77 0 1 0 0 0 0 37 0 62 0 0 0 16 0 0 0 0 0 58 0 0 0 0 0 0 29 0 0 0 0 0 0 0 0 0 0 34 0 77 0 0 0 80 65 0 0 0 0 0 70 0 98 0 0 0 0 0 61 0 71 94 0 0 0 0 0 0 0 10 0 0 16 0 0 27 0 0 0 26 85 0 0 0 88 40 0 0 37 85 0 59 0 6 0
0 0 0 0 0 0 0 0 64 0 0 0 24 45 34 0 0 0 71 0 0 0 0 0 0 0 91 0 0 80 0 0 59 68 0 0 90 0 70 0 69 0 0 0 0 11 0 0 0 65 0 0 0 0 0 0 0 0 0 7 0 34 0 0 0 0 6 0 68 33 0 0 0 0 0 0 0 0 61 0 0 0 74 0 0 6 0 0 0 0 55 0 87 67 0 0 0 0 0 0
0 0 0 59 0 0 0 0 21 14 0 93 6 0 0 0 87 39 0 49 31 0 0 42 0 59 0 0 0 75 48 0 0 0 0 0 83 29 81 0 0 76 0 0 0 83 0 0 0 0 0 0 79 0 0 0 0 36 0 66 0 0 31 0 9 74 64 31 0 0 0 0 0 0 0 0 34 0 0 68 0 0 79 0 0 0 0 6 35 0 0 7 0 0 0 0 0 0 0 0
0 0 0 72 30 0 0 48 0 93 0 0 0 0 0 0 37 0 0 0 60 47 0 0 0 0 0 32 0 0 0 52 0 87 0 10 0 0 72 0 0 0 0 32 0 0 0 26 0 0 0 0 42 0 0 0 0 0 0 0 0 0 0 0 23 0 0 2 15 17 0 7 0 0 30 0 0 48 0 0 0 15 0 0 0 0 51 0 0 24 0 63 0 0 0 0 0 0 0 0
0 0 0 0 91 0 0 0 0 0 0 0 4 0 0 0 12 0 29 0 0 0 0 0 0 0 0 75 0 0 0 0 0 0 51 0 0 92 14 0 0 0 0 0 0 0 0 0 0 13 0 0 0 0 0 0 0 0 0 0 0 0 0 12 0 0 58 94 0 76 64 0 0 0 54 51 20 0 0 0 0 0 0 11 45 0 0 0 0 0 0 0 0 0 0 15 0 0 0 0
0 0 0 0 21 0 0 0 0 0 0 27 0 0 44 0 0 37 0 0 0 0 0 0 0 0 0 0 0 0 0 36 0 0 0 0 0 3 0 0 0 0 0 31 86 91 44 0 0 0 0 0 0 0 0 0 0 0 0 0 30 0 0 0 0 0 0 0 0 0 0 0 0 8 0 40 0 80 89 0 0 0 7 59 0 0 66 0 0 0 54 0 0 0 0 0 0 26 39 0
33 57 0 89 77 0 0 60 90 0 0 68 0 0 0 0 88 95 0 0 0 0 0 17 56 46 0 11 79 0 18 0 78 29 0 0 0 0 5 0 0 0 0 93 0 0 0 0 86 0 10 0 0 0 21 0 0 0 0 0 86 0 0 0 0 0 28 0 0 0 0 0 0 0 37 0 0 0 0 0 29 0 0 0 35 36 0 0 0 0 95 0 0 0 0 0 0 0 0 0
0 0 0 0 0 0 0 82 0 0 0 0 31 0 0 0 0 25 0 77 50 0 0 0 78 78 62 0 0 0 16 45 22 0 0 31 0 0 0 89 0 0 0 0 0 0 0 0 0 0 0 0 36 0 0 0 0 0 0 0 0 99 0 0 0 0 0 0 0 0 20 0 0 67 0 0 0 0 0 0 59 0 0 0 0 0 93 0 0 0 0 0 0 0 16 0 0 0 0 0
21 0 0 0 0 0 36 0 0 0 61 0 0 62 0 0 32 0 0 0 0 0 0 0 0 81 0 0 0 0 73 0 0 5 0 0 0 0 0 0 0 0 0 0 41 0 0 0 0 0 0 14 0 0 0 0 92 89 0 0 83 0 0 0 0 0 0 0 88 0 99 0 0 0 37 56 0 64 0 0 0 0 0 0 89 0 0 0 0 0 64 0 47 0 0 0 0 0 0 9
0 0 0 0 0 28 0 0 0 23 0 0 0 0 0 0 0 0 0 1 0 0 0 85 25 0 83 0 0 0 0 0 0 68 76 0 0 0 21 0 12 0 0 0 0 0 0 0 0 0 0 0 61 19 0 0 0 0 69 74 0 0 84 15 0 0 0 0 0 24 100 0 0 0 0 68 0 0 82 0 0 0 84 0 9 0 32 47 0 19 0 0 0 0 0 0 47 0 69 0
0 0 0 0 0 0 79 92 0 0 0 0 0 0 0 87 0 72 0 0 0 5 0 76 0 0 0 0 0 0 0 0 29 0 0 0 0 0 0 0 73 84 0 66 22 0 0 0 0 3 0 8 70 0 57 0 0 0 23 0 0 0 0 21 74 0 15 0 0 0 0 0 0 0 76 0 0 52 0 28 79 0 0 0 0 0 0 0 0 0 0 0 0 0 0 0 0 0 71 27
69 0 0 0 0 36 0 0 0 9 0 0 0 0 0 0 0 0 0 0 0 0 0 0 0 65 81 0 11 0 71 0 0 0 0 96 0 0 1 0 0 0 0 0 68 0 38 34 0 0 99 0 74 0 59 0 0 0 0 0 0 10 59 86 24 0 33 0 0 15 0 0 0 86 0 0 0 0 82 0 0 0 0 73 0 0 0 0 0 0 0 6 0 31 0 31 0 0 0 0
0 0 0 0 0 0 0 0 0 97 0 0 50 0 0 0 82 0 0 0 0 0 53 0 0 0 0 0 0 45 0 76 24 0 0 0 0 0 0 0 0 6 0 0 0 0 16 8 0 70 0 0 0 23 0 88 0 51 0 0 35 34 0 0 0 0 71 0 0 0 0 0 0 0 0 36 13 0 0 0 0 0 0 0 0 0 0 0 0 0 0 0 0 0 0 0 0 0 47 0
0 0 0 0 0 0 0 0 77 16 30 0 0 0 0 0 0 22 0 27 99 0 97 0 0 0 0 0 0 0 0 0 0 0 0 36 0 0 0 75 0 0 0 0 21 0 14 58 5 0 0 43 0 1 50 0 29 0 69 0 46 0 16 0 0 0 0 58 0 0 0 0 0 0 0 0 0 8 0 0 0 0 0 0 0 84 0 1 0 0 0 0 0 0 0 0 53 0 85 0
0 30 0 0 26 0 79 0 0 0 0 0 0 8 0 0 94 0 0 0 94 0 0 0 0 0 0 0 0 21 0 0 91 0 0 94 0 0 81 0 66 0 0 0 0 0 0 0 0 0 0 0 0 0 0 0 0 0 0 2 0 0 0 0 0 0 0 95 8 0 0 0 0 0 0 59 0 0 0 0 82 0 0 0 0 0 51 0 0 0 0 0 0 0 0 0 0 0 0 55
0 0 0 0 88 0 0 0 0 0 0 0 0 0 44 0 29 0 68 0 0 7 0 0 0 0 0 0 0 0 0 0 0 0 0 9 0 65 0 2 0 67 0 33 0 0 0 0 0 91 0 39 0 5 0 0 0 0 0 73 0 0 0 0 0 0 0 0 0 2 0 59 0 32 0 0 0 0 0 0 39 0 0 51 51 0 0 0 85 27 29 0 66 0 0 0 0 0 0 0
0 0 0 0 95 0 40 0 0 0 31 0 68 57 0 0 46 0 0 0 0 0 0 0 0 0 0 0 13 13 0 0 0 77 0 0 0 0 0 17 0 0 0 0 0 0 11 0 0 0 0 37 0 0 0 0 0 0 0 0 0 0 0 0 0 0 0 88 0 0 0 0 3 0 100 0 73 0 0 0 0 0 0 0 37 0 0 0 0 23 0 0 0 0 0 0 68 0 0 0
0 0 45 0 0 45 0 10 0 24 0 0 0 43 0 0 27 56 0 0 0 0 0 0 74 27 0 0 0 0 0 21 0 0 0 0 0 0 0 54 70 38 0 0 0 0 0 0 0 0 0 0 0 88 0 0 0 0 0 97 0 13 80 0 0 0 0 0 0 83 0 0 0 0 0 0 0 93 0 0 0 62 0 0 0 0 9 59 0 0 0 45 0 0 90 0 0 29 37 0
34 0 0 0 82 0 74 0 0 0 35 10 0 92 0 0 0 83 18 0 0 0 0 0 12 0 0 26 0 0 50 0 0 32 0 0 0 0 0 0 0 0 0 54 0 100 0 0 0 12 31 0 23 0 0 0 81 0 0 0 0 0 0 30 0 17 0 53 0 0 0 0 0 32 0 0 55 55 0 0 0 0 0 20 0 0 0 0 0 0 0 0 0 54 0 0 0 0 0 0
100 0 0 0 3 0 0 0 3 60 0 0 0 95 0 0 0 97 0 0 0 0 0 0 0 0 27 0 64 4 0 47 0 0 0 0 0 0 51 0 0 85 0 0 0 70 0 0 28 0 73 0 0 0 0 0 0 0 91 0 43 70 0 0 0 0 95 0 0 0 35 0 0 18 0 0 0 0 0 50 46 0 0 0 23 0 80 0 0 45 0 86 0 0 0 0 0 0 0 0
0 0 0 100 0 0 73 0 0 0 0 0 19 0 0 92 0 25 0 0 0 0 0 0 0 96 51 25 0 74 0 0 0 0 59 0 0 71 66 0 0 0 0 0 99 0 0 0 0 0 0 0 0 0 0 0 0 56 85 0 0 0 0 0 72 0 0 0 66 0 0 0 0 82 0 0 89 0 63 0 0 0 0 0 0 0 0 51 0 0 0 0 0 83 0 0 0 0 0 84
0 0 0 11 0 0 72 0 0 0 48 0 21 0 0 0 0 0 0 0 0 0 0 0 63 0 0 90 0 52 18 0 0 0 0 0 7 0 0 0 0 0 0 0 32 0 0 0 0 0 0 0 0 0 0 0 0 0 0 0 0 0 0 0 0 0 0 0 91 0 17 92 0 0 0 0 0 93 0 0 0 0 0 0 0 0 99 17 89 0 0 0 0 48 0 60 0 0 0 0
0 0 6 0 53 0 0 0 0 0 0 0 0 0 0 0 0 0 0 0 0 95 0 0 82 0 0 37 0 97 0 48 21 0 0 0 95 0 0 0 0 0 0 0 28 0 0 72 0 0 0 0 91 0 1 0 0 0 57 0 0 0 0 0 0 0 0 43 0 0 53 0 0 92 0 0 85 0 57 0 66 0 0 0 40 25 0 43 0 0 0 0 0 0 0 0 0 61 0 0
0 0 0 0 0 44 0 0 0 35 0 0 0 0 0 0 0 0 42 0 0 0 0 2 0 0 52 75 0 0 0 39 0 0 0 0 0 77 0 0 0 0 0 0 34 0 0 0 0 51 0 0 0 0 0 0 0 0 0 12 0 0 61 0 0 0 10 0 0 0 0 0 0 89 0 0 15 3 0 0 0 0 0 0 0 94 0 0 0 86 0 0 0 0 0 4 1 0 0 0
8 0 0 33 0 0 9 0 0 38 51 0 0 0 0 0 0 0 0 0 0 0 0 0 0 1 0 0 0 0 66 0 53 0 0 0 13 0 0 42 0 0 0 0 0 0 94 0 0 0 0 0 0 45 4 0 0 0 5 0 4 0 65 0 0 0 0 45 88 25 0 25 0 0 0 0 0 0 0 0 0 0 0 74 0 0 70 0 89 0 0 53 0 0 0 0 0 18 0 0
0 0 0 0 0 0 43 0 0 0 0 0 0 0 36 0 0 0 0 0 0 0 51 83 0 0 0 86 0 93 91 0 0 0 52 0 0 55 0 0 100 34 0 0 0 0 0 0 0 0 0 93 0 0 30 0 88 0 0 56 0 0 0 0 0 84 86 48 0 60 0 0 0 0 0 0 52 0 0 0 15 0 0 0 0 0 0 0 0 61 0 39 0 0 0 0 0 0 0 0
0 0 0 92 0 0 0 0 0 0 0 0 0 59 0 0 0 0 39 79 0 0 0 36 87 0 0 0 0 71 0 0 72 0 0 33 0 0 0 0 0 0 0 70 0 52 33 0 0 61 69 60 96 0 0 0 0 0 0 0 0 72 0 0 0 0 12 47 0 0 0 25 0 0 100 3 0 0 0 0 0 82 0 0 0 0 84 0 0 0 65 0 0 0 0 0 0 0 0 73
16 0 0 0 0 0 0 96 0 0 0 81 92 40 0 0 0 0 73 0 0 0 0 0 0 63 16 0 91 85 0 0 0 0 66 17 57 0 0 0 0 0 0 38 0 0 0 0 0 22 36 72 0 0 0 0 59 0 0 11 96 0 0 0 0 36 53 0 0 0 0 0 0 0 0 58 0 0 51 36 0 0 0 0 1 0 0 0 50 0 0 0 43 6 0 0 0 43 0 76
0 0 34 0 0 0 0 0 0 26 0 11 93 83 0 85 29 0 23 39 22 0 37 0 38 0 0 25 0 0 5 0 0 0 74 0 0 0 93 0 0 0 89 0 0 88 0 0 22 64 73 0 0 0 0 0 29 0 0 0 0 0 0 13 3 0 0 0 0 0 0 75 0 0 0 0 84 0 95 87 0 86 0 0 56 0 89 0 0 0 0 0 97 75 0 0 0 0 0 0
0 0 0 0 0 0 0 0 0 0 0 0 69 0 0 0 97 0 6 0 0 0 0 0 0 82 0 10 0 100 0 0 0 0 0 80 83 2 0 0 96 55 0 14 38 33 0 0 83 0 0 0 0 0 0 0 42 0 0 88 71 0 97 0 36 0 0 0 0 0 0 0 0 0 9 0 0 0 0 0 0 0 0 0 0 0 0 0 37 0 0 0 0 0 0 79 0 50 0 0
99 0 0 25 0 0 0 0 0 0 0 0 14 32 0 0 0 0 0 0 91 76 0 0 0 0 2 0 37 0 0 0 0 0 0 0 0 0 42 0 0 0 0 58 0 37 38 0 0 0 15 51 0 0 88 61 0 12 32 0 0 0 0 0 0 4 0 0 50 0 0 0 0 0 0 0 0 0 0 77 0 0 0 0 0 61 4 78 0 0 21 0 0 0 26 0 0 0 0 0
0 0 0 0 11 0 0 32 94 97 52 0 0 34 0 0 16 0 0 0 0 0 0 0 0 0 0 0 0 7 0 0 82 0 0 60 11 74 0 0 0 0 0 0 0 88 0 0 0 0 0 0 0 0 0 0 0 0 0 0 0 0 0 80 0 0 0 0 0 0 0 0 0 0 0 0 0 0 0 0 18 0 0 0 21 0 0 0 0 0 0 0 0 0 0 53 16 0 0 76
0 0 0 22 78 0 0 34 8 42 0 17 0 0 0 0 0 0 0 0 0 0 0 0 0 0 92 0 38 32 0 0 0 0 0 0 0 0 3 0 0 0 0 32 0 0 0 0 0 0 0 0 0 0 0 19 0 6 0 88 84 0 0 0 0 0 0 0 0 0 0 39 0 83 0 0 0 0 0 0 0 0 0 70 0 0 87 0 0 0 0 98 0 73 0 0 0 88 0 0
0 85 0 0 14 0 0 0 0 0 81 0 56 0 0 0 0 92 0 0 18 0 91 0 0 4 0 70 0 0 0 0 0 10 0 0 0 98 0 0 0 0 0 0 0 0 0 0 0 0 0 45 0 0 0 0 0 0 0 94 0 72 0 5 0 0 0 0 0 0 0 0 0 0 0 0 0 0 0 0 0 0 0 61 93 62 0 41 0 0 0 0 0 0 0 0 76 0 0 0
72 0 0 0 0 19 56 0 0 0 0 0 0 0 0 0 53 0 0 0 0 0 0 0 98 51 0 0 0 2 0 0 0 0 0 0 0 0 0 4 0 0 78 0 0 94 0 0 0 0 5 92 0 0 41 0 0 2 0 10 0 0 0 0 0 0 0 0 0 0 0 0 0 82 5 0 84 100 0 92 0 91 0 0 0 0 0 0 0 0 45 0 0 0 0 0 58 0 67 0
0 0 0 0 0 0 0 0 82 0 0 0 0 0 0 0 0 61 0 0 0 0 0 0 0 24 0 65 0 0 0 14 0 0 51 64 0 0 0 0 0 76 0 0 0 0 0 0 50 94 0 13 0 0 0 0 0 58 0 0 0 0 96 0 13 38 0 0 0 0 0 0 0 0 68 0 0 0 0 0 29 0 0 45 0 39 0 0 0 0 0 0 0 0 0 0 0 0 78 13
84 3 0 0 0 0 0 10 0 0 0 0 0 0 0 0 0 42 0 0 68 32 93 0 0 0 0 0 0 13 0 92 0 0 92 29 0 3 0 81 0 38 0 94 0 0 0 25 0 0 97 0 73 0 0 0 0 58 0 0 0 0 0 0 0 0 0 79 0 0 16 0 0 0 0 0 0 0 0 0 0 0 0 0 0 0 51 0 0 0 0 11 42 0 0 0 0 0 0 0
0 0 0 0 0 30 54 0 0 0 0 0 0 29 62 0 0 0 95 0 26 0 0 0 0 0 0 0 0 0 0 0 62 51 0 0 44 0 0 0 0 0 0 0 0 0 0 0 0 0 0 0 42 0 0 0 0 0 0 81 0 0 0 0 0 97 0 58 31 0 0 45 0 0 27 0 0 31 0 0 0 73 0 0 0 0 53 33 0 18 0 1 48 0 92 0 0 24 0 0
8 0 0 0 0 47 0 0 0 0 30 35 66 0 0 0 0 0 0 0 77 0 0 0 0 79 0 0 0 0 79 0 0 0 0 66 0 0 0 25 0 0 0 0 13 0 0 69 0 48 0 0 0 0 0 0 0 1 48 0 0 69 0 0 0 43 0 80 70 0 82 0 0 100 5 0 30 1 0 0 0 0 0 0 0 0 0 0 0 0 78 36 0 44 25 0 11 46 16 0
60 0 0 0 20 0 0 0 0 0 0 89 0 0 19 77 0 0 0 16 0 81 0 0 0 0 0 0 0 19 22 0 0 0 0 0 0 0 0 46 85 0 0 0 12 57 0 0 0 26 0 79 0 0 0 0 26 0 0 0 0 0 0 0 0 0 0 0 0 0 0 82 12 0 0 0 0 0 0 29 0 47 0 0 0 0 0 68 0 0 0 0 0 0 9 47 0 0 87 0
0 0 0 0 0 0 0 0 0 0 0 0 0 0 0 0 53 0 21 0 0 86 0 0 0 78 45 0 0 0 0 0 0 85 83 0 0 24 0 0 7 23 0 0 0 89 39 0 0 0 0 0 0 0 0 67 0 0 0 64 0 0 27 0 0 0 0 0 0 0 72 0 0 0 0 0 0 0 0 0 0 0 0 10 0 0 0 0 0 0 0 0 34 0 51 0 0 0 0 0
0 0 0 0 0 0 0 35 0 0 0 29 0 0 0 0 0 0 0 0 76 65 0 49 0 0 0 48 30 0 85 0 53 92 0 60 0 0 0 0 0 0 0 0 0 0 0 0 0 0 72 0 0 19 85 39 46 0 0 0 0 0 75 0 0 0 45 0 0 0 0 43 0 20 0 0 0 0 7 13 69 0 0 22 0 0 0 0 0 0 0 60 0 13 0 75 0 0 77 0
0 0 0 0 13 0 0 17 0 0 0 72 0 0 0 56 0 0 0 0 52 81 65 0 0 0 0 11 58 0 0 0 0 0 0 0 0 5 26 0 0 20 0 0 0 0 0 11 0 0 0 0 0 0 0 0 14 0 0 27 0 0 0 0 19 0 0 0 0 24 0 0 0 0 0 0 0 0 0 0 0 0 0 0 0 46 85 0 0 0 0 94 0 0 0 5 0 0 0 19
0 0 0 0 0 20 0 0 0 0 0 41 0 0 3 0 0 0 26 0 0 0 0 0 0 80 19 0 0 0 0 0 91 0 39 0 49 0 44 0 0 0 0 0 0 0 0 0 0 0 53 0 9 79 0 0 5 94 35 0 0 0 37 0 41 0 73 0 100 0 47 0 0 0 0 0 0 0 0 0 0 0 0 0 31 0 55 0 0 0 0 0 0 0 0 0 0 0 0 0
18 92 0 0 0 38 0 0 0 0 0 100 95 94 0 0 52 69 0 0 0 0 0 8 90 0 86 0 0 86 83 0 0 0 0 0 0 0 0 0 0 0 0 0 0 0 0 30 0 68 0 0 0 0 0 0 0 0 54 22 67 0 0 35 0 72 0 0 64 0 0 0 44 0 0 0 0 17 91 66 0 10 0 0 0 0 0 0 0 0 0 0 0 0 0 0 0 14 0 50
0 0 0 28 0 0 0 0 0 0 0 0 0 0 60 32 89 0 0 91 0 0 0 75 0 0 0 0 0 92 0 74 0 0 0 0 0 0 0 0 0 0 0 52 0 0 0 98 0 86 0 0 0 18 46 51 77 0 0 0 0 95 89 0 0 0 0 0 64 0 0 0 17 0 0 0 44 6 0 0 0 0 0 81 43 0 0 0 0 0 0 0 0 0 0 0 0 0 0 0
0 0 0 0 57 2 27 0 8 0 0 0 0 9 0 0 0 0 0 42 0 0 9 0 82 0 0 6 0 0 0 0 0 33 82 0 0 50 0 0 24 87 0 0 0 0 0 0 0 73 0 0 0 0 25 99 73 0 17 15 21 60 0 0 0 0 0 0 0 21 0 0 0 55 26 8 0 0 0 0 0 0 12 34 0 0 0 0 0 50 0 0 0 0 0 0 29 0 44 0
0 48 0 22 0 0 0 0 45 0 0 0 0 0 0 0 0 0 0 0 0 0 0 40 54 0 0 37 0 0 0 0 48 19 96 0 0 13 0 0 0 0 0 0 43 14 0 74 0 0 0 0 0 0 52 0 0 0 0 60 0 40 0 33 0 0 0 0 0 0 0 33 0 0 0 0 0 0 0 0 0 0 0 0 59 0 0 0 0 0 15 0 0 0 0 0 16 0 0 0
0 66 0 0 0 0 0 0 0 63 42 0 0 0 0 0 0 0 0 72 11 47 42 33 0 0 0 0 38 0 0 0 0 0 100 0 0 0 0 0 0 3 0 0 0 0 0 0 0 0 74 0 0 98 11 17 67 0 0 0 0 0 23 21 50 0 0 0 0 0 0 92 0 0 60 0 0 0 0 0 0 0 0 0 0 74 0 0 0 0 0 0 0 0 0 0 0 0 0 0
0 0 0 0 0 0 0 66 0 0 0 0 0 0 0 0 0 0 0 0 0 0 0 88 0 0 0 0 79 95 0 0 0 0 0 0 0 0 0 2 0 0 0 60 0 0 0 0 0 0 0 36 50 0 29 0 75 59 61 0 0 0 0 0 0 72 8 0 53 0 0 0 0 0 0 0 0 0 0 17 48 56 0 0 0 0 7 68 0 85 0 0 0 0 2 0 0 0 0 0
50 0 0 56 71 0 35 0 0 0 97 0 0 52 0 0 93 0 0 0 14 0 40 0 27 0 0 81 0 76 0 0 57 0 32 20 0 58 0 32 0 43 0 0 0 0 0 0 0 85 0 0 0 0 0 0 0 80 30 89 0 0 0 0 51 0 0 94 0 0 0 0 0 1 0 29 0 35 0 0 0 0 0 0 0 0 0 0 0 56 30 0 0 0 0 27 0 0 0 0
62 0 0 0 0 0 0 73 0 0 19 0 0 0 44 0 76 0 0 82 0 0 0 0 0 0 0 0 0 0 0 65 74 0 98 62 0 92 0 19 0 0 0 0 0 0 0 0 0 0 0 0 0 0 0 0 0 0 0 0 0 27 0 83 0 0 79 0 32 0 80 0 0 0 0 0 0 0 0 0 0 51 0 0 0 30 85 0 0 68 7 7 50 0 0 4 0 0 46 0
0 0 15 0 52 0 19 25 0 0 0 0 57 0 0 0 85 64 0 57 0 76 56 0 0 70 55 84 0 0 0 0 36 65 78 0 48 80 0 0 0 0 0 42 0 0 0 59 0 0 54 0 0 0 0 0 55 96 0 0 0 0 0 92 0 81 11 0 73 0 24 0 36 0 0 0 44 30 0 0 0 0 0 0 0 0 0 0 33 0 45 0 72 98 0 0 73 0 0 0
42 0 0 0 0 0 0 0 17 29 92 0 0 0 72 0 89 0 0 0 0 0 2 33 0 0 0 0 0 0 0 0 5 33 0 0 35 0 44 0 0 0 0 76 0 36 0 0 0 90 0 30 0 40 0 0 0 0 0 0 0 0 0 0 0 0 0 0 0 44 0 0 0 17 0 0 18 5 0 0 0 0 0 79 0 0 0 0 0 0 100 0 0 0 94 0 84 0 0 0