100
0 0 55 0 0 0 0 0 0 0 0 0 0 0 0 0 24 16 3 0 0 0 0 0 0 0 0 0 0 0 0 72 0 15 0 0 0 70 0 39 0 0 0 50 0 0 41 18 0 58 97 73 0 0 0 0 0 0 0 0 0 0 23 0 0 0 58 2 23 0 10 79 0 0 67 89 29 0 0 0 0 0 32 0 0 0 39 0 58 0 0 72 0 0 0 0 0 96 0 0
0 0 0 0 0 0 0 0 98 0 0 35 0 0 0 0 0 0 0 0 0 0 3 0 0 92 4 0 0 43 0 14 0 0 0 0 0 0 0 1 94 0 0 0 0 0 0 0 0 0 0 0 0 0 0 43 21 0 52 0 0 0 0 0 0 0 0 32 80 0 0 0 0 0 0 0 0 0 0 0 0 0 0 0 0 0 79 0 0 0 0 74 0 0 0 0 0 0 83 0
0 0 0 19 76 0 0 0 0 0 0 0 0 0 0 0 84 0 0 0 0 0 33 0 0 0 0 9 0 0 0 0 0 0 0 100 0 0 0 0 62 0 0 0 0 0 0 89 0 2 0 0 0 0 0 0 0 0 0 0 0 0 11 0 56 0 0 0 48 0 0 0 65 0 0 0 0 32 0 0 0 0 0 0 0 0 86 0 0 0 0 0 0 0 69 72 3 74 0 92
0 0 3 0 0 0 0 85 27 0 0 0 0 0 37 48 0 0 0 0 61 0 0 0 9 0 59 0 0 0 0 0 0 0 0 0 16 0 0 30 0 0 0 0 0 0 0 0 0 64 0 4 0 0 0 80 0 0 2 74 0 0 0 0 0 7 0 0 0 31 0 0 56 69 0 0 0 0 0 0 0 22 0 0 0 100 0 0 0 0 0 0 25 0 0 0 0 66 38 0
0 0 28 28 0 0 0 0 0 0 0 0 0 0 99 0 0 83 11 0 56 0 0 69 0 0 0 0 0 0 0 48 0 0 0 22 0 0 0 87 0 0 0 0 0 0 0 0 0 39 0 0 0 0 0 0 23 92 0 0 0 0 14 67 2 0 0 79 0 0 18 0 77 0 0 0 0 0 39 0 0 46 0 0 0 0 0 0 15 0 0 0 0 0 5 15 4 0 78 0
0 0 0 0 83 0 0 0 0 0 3 86 51 0 0 0 0 44 0 0 0 79 0 0 0 17 0 0 35 0 13 82 0 19 0 0 0 66 53 0 0 0 0 0 0 11 0 0 0 64 80 0 0 96 47 0 0 0 0 0 23 0 69 0 0 0 0 0 0 0 0 0 0 0 0 0 0 0 0 0 53 0 0 67 0 0 0 0 68 0 0 0 0 0 27 0 0 0 0 0
0 0 0 0 0 0 0 0 0 77 0 0 0 0 0 29 64 98 0 0 0 0 88 0 0 0 0 44 0 1 0 0 0 0 0 0 0 0 0 33 6 84 0 0 31 0 0 100 100 0 0 24 0 32 64 0 0 0 0 79 0 0 60 0 86 0 0 0 63 50 0 0 0 0 0 0 0 0 0 36 0 0 0 0 0 0 100 0 0 0 40 0 0 0 44 0 0 0 0 7
0 0 0 0 0 0 53 0 0 86 0 0 0 0 0 0 0 96 0 0 0 0 0 0 1 0 0 100 0 0 97 67 76 0 48 0 0 14 0 0 0 0 0 0 0 0 31 0 0 11 0 92 0 0 47 0 0 0 0 0 0 64 0 0 0 0 87 30 0 64 0 0 0 88 0 0 0 0 0 0 0 0 0 26 28 0 0 84 0 0 0 0 0 0 0 6 0 8 92 0
38 0 4 0 0 0 0 0 0 0 0 0 0 0 0 0 31 0 79 0 70 0 0 0 95 84 0 0 0 80 69 0 0 43 0 0 31 0 66 0 0 0 0 0 0 0 0 0 77 0 0 0 91 0 0 0 0 0 94 5 0 0 9 15 10 0 52 96 0 25 0 0 0 0 29 0 84 0 82 0 0 0 0 92 0 85 56 0 33 0 54 0 14 0 0 0 89 54 0 0
0 0 0 74 0 0 35 0 0 0 0 0 0 0 0 0 0 18 73 69 90 0 19 0 0 0 34 0 0 0 41 0 0 0 0 14 99 0 0 0 0 0 41 0 0 0 0 95 0 0 47 0 52 0 0 0 49 14 0 0 20 0 0 0 0 0 9 0 72 0 23 94 0 0 0 0 0 59 100 0 0 0 10 93 0 85 48 0 0 0 0 60 0 87 0 0 97 0 0 64
0 83 0 0 65 0 0 0 0 0 0 0 0 0 56 0 27 0 0 15 0 0 0 68 0 0 36 0 0 83 0 0 36 88 0 0 0 0 0 0 0 0 0 0 3 0 0 0 0 0 0 0 0 0 0 15 24 0 0 0 0 0 69 0 97 0 91 0 0 0 0 0 90 0 0 0 0 0 0 84 0 99 49 0 86 0 0 0 0 0 0 17 0 67 0 15 0 0 21 0
0 65 69 79 0 0 0 41 0 0 0 0 0 0 0 0 42 0 0 91 79 0 0 0 0 0 0 81 0 0 0 0 0 0 0 0 0 0 0 0 0 0 0 0 0 81 0 52 0 0 0 0 0 95 0 0 0 0 31 80 0 0 0 0 0 7 44 0 45 0 0 0 0 0 0 0 0 84 0 0 0 0 0 0 0 0 60 0 0 31 68 0 0 0 3 0 0 0 0 72
26 0 0 0 88 56 0 0 0 0 0 0 0 0 0 0 0 0 0 0 75 0 0 0 47 0 0 0 0 0 0 0 0 0 0 0 0 81 19 0 60 0 83 0 0 87 18 0 0 0 0 0 0 3 0 0 0 0 1 22 0 0 0 0 80 0 0 0 19 0 0 0 16 0 0 46 0 0 0 0 0 77 0 0 0 1 96 79 0 0 0 0 0 95 0 80 35 48 66 0
0 27 95 1 0 0 0 0 96 0 0 0 68 0 0 0 0 0 0 0 77 0 0 0 0 0 0 0 0 20 45 0 0 0 0 0 0 97 0 0 0 0 0 0 0 63 0 0 0 0 0 0 0 0 0 0 0 0 0 0 0 68 0 0 0 0 0 46 0 0 0 0 0 95 0 0 0 0 0 64 0 0 0 0 37 0 4 0 0 0 0 0 0 0 0 0 0 0 0 98
95 0 0 0 0 0 0 0 10 0 0 0 0 20 0 0 0 0 71 0 0 16 0 0 0 0 0 0 34 0 0 0 0 0 0 0 0 0 0 0 16 0 0 0 0 36 0 0 84 80 0 77 0 75 0 0 35 66 3 0 61 0 0 0 0 0 0 0 0 0 10 0 23 0 0 0 12 78 0 0 0 0 0 0 0 0 0 0 98 56 0 0 0 0 0 0 0 0 0 0
45 60 0 0 0 0 0 0 0 0 73 10 26 0 0 0 0 3 97 0 0 0 0 28 0 0 0 0 0 0 0 0 0 47 0 39 0 89 0 49 0 49 0 0 62 0 37 0 0 15 0 0 0 73 0 7 0 0 26 0 0 0 0 0 0 0 0 80 0 0 0 0 0 0 0 38 56 64 0 0 0 0 0 0 0 49 0 48 0 0 0 41 0 0 62 0 0 0 0 0
0 0 0 0 0 0 0 0 0 0 0 14 0 81 0 0 0 90 0 0 0 0 39 54 0 0 0 0 0 0 64 0 0 33 16 0 0 0 0 0 0 20 0 0 0 0 0 0 0 1 0 3 0 0 0 7 0 0 0 0 55 23 0 0 59 0 0 0 0 96 0 0 39 0 24 0 0 0 0 0 0 0 0 0 0 0 34 26 10 0 0 0 0 58 0 0 0 0 81 0
0 0 0 0 0 65 39 0 0 0 64 5 0 0 0 0 25 0 0 0 0 17 0 0 99 0 0 95 0 62 0 17 0 0 74 0 0 0 0 0 0 0 1 0 72 0 0 55 9 0 0 0 0 0 94 76 0 0 0 0 0 0 0 0 0 0 0 0 25 0 0 0 0 0 0 0 0 34 16 20 0 0 96 0 0 0 18 0 36 94 92 0 67 0 4 32 24 0 40 76
0 0 0 0 0 0 0 0 0 0 0 0 5 0 83 0 0 0 0 24 95 0 0 0 0 0 0 0 11 0 0 0 13 0 0 0 39 0 32 0 0 0 7 0 0 0 0 61 0 0 0 0 0 0 0 0 0 0 6 0 27 0 18 4 0 0 74 0 69 0 0 0 0 0 0 0 0 0 0 0 0 0 0 30 66 0 0 0 0 0 0 0 84 0 0 0 0 91 0 8
39 0 66 0 0 0 0 0 93 0 0 0 0 0 0 0 0 0 63 0 0 0 0 0 31 77 0 0 0 0 0 47 66 0 0 0 0 0 0 0 0 0 0 0 26 38 69 29 0 79 0 0 0 0 88 0 0 0 8 0 46 0 98 0 0 0 0 0 11 0 0 0 55 0 0 0 0 0 32 0 0 0 0 0 10 0 51 0 0 0 0 0 61 94 0 0 30 0 61 0
46 0 0 19 0 0 0 0 0 0 0 81 0 0 0 0 0 0 0 0 0 0 0 0 0 0 0 0 0 0 0 0 28 0 0 0 0 97 0 0 0 53 0 0 0 0 0 0 0 100 0 46 86 7 0 46 0 0 0 73 0 0 11 0 0 11 69 0 0 0 0 0 0 0 0 0 0 91 0 75 96 0 32 0 0 0 0 0 0 0 0 37 60 78 0 0 0 0 0 0
0 0 0 0 76 0 0 0 0 0 25 0 0 0 21 2 0 0 0 0 0 0 70 0 0 0 99 43 0 57 0 0 0 0 73 9 0 0 0 74 0 0 0 0 0 0 55 0 56 0 0 0 0 0 96 85 26 0 0 52 0 0 82 0 0 0 0 0 0 0 0 0 48 0 39 81 0 0 0 0 98 0 0 0 70 0 0 0 0 0 70 0 0 0 0 39 97 0 0 69
0 0 100 0 38 0 0 29 0 0 94 0 87 0 0 21 88 0 0 0 0 0 0 0 0 0 0 0 0 0 0 0 0 0 0 0 0 0 0 0 55 0 0 0 0 53 0 0 0 0 43 0 0 0 0 20 0 0 0 0 0 23 0 78 0 0 0 53 0 0 0 0 0 0 0 0 22 0 96 0 68 4 0 81 26 0 55 0 64 0 0 72 0 0 21 0 0 0 84 32
0 0 0 35 0 52 0 0 0 0 0 0 0 0 0 38 7 30 0 0 0 73 0 0 15 71 0 96 0 0 0 0 0 0 0 0 0 0 0 0 0 79 0 0 0 0 0 0 0 0 0 0 46 0 0 6 0 57 0 0 0 0 37 0 0 0 0 0 0 93 0 0 0 0 0 61 0 0 0 0 6 0 0 88 0 82 0 0 0 0 0 0 0 72 0 0 0 0 0 0
0 0 0 0 0 77 30 0 0 0 0 85 97 23 0 0 0 43 27 0 0 80 17 66 0 0 0 0 0 0 0 0 0 0 12 25 80 50 0 0 0 0 0 68 0 0 29 0 0 6 0 0 0 0 0 0 0 0 0 0 0 0 0 0 0 0 0 0 0 0 0 0 0 0 0 87 0 0 0 0 0 0 100 38 0 0 23 0 0 0 0 0 0 0 0 0 0 0 0 0
0 0 0 0 0 0 45 0 0 0 0 0 0 0 56 56 0 0 0 0 0 0 0 0 0 0 0 0 0 0 0 0 0 0 0 0 67 0 0 0 0 0 11 98 0 0 0 66 0 0 0 78 0 28 0 45 0 0 0 0 50 0 0 0 99 0 0 0 63 0 0 0 0 0 0 73 0 0 0 87 0 0 0 0 0 36 52 0 59 0 91 0 0 0 56 0 57 8 0 0
0 0 0 45 0 0 0 0 0 0 0 0 5 0 0 0 91 67 0 0 0 0 0 0 0 0 0 0 0 78 0 0 0 0 0 32 0 0 71 0 0 0 33 87 0 40 0 0 0 0 0 0 42 0 0 0 0 0 0 0 0 0 0 0 0 0 0 0 0 0 0 17 30 0 0 0 0 0 93 0 0 0 0 0 0 0 0 0 0 0 12 82 95 0 52 35 0 0 52 88
0 74 0 0 80 48 0 0 0 0 0 0 3 0 0 19 0 0 0 0 0 0 0 86 0 54 0 0 0 0 20 39 0 0 0 71 0 0 89 0 0 0 0 0 0 67 58 63 97 67 0 0 89 0 0 0 0 0 0 20 0 0 31 0 0 84 9 0 0 0 9 0 0 0 0 0 95 0 0 0 61 55 0 0 0 0 0 0 0 0 0 86 65 0 0 0 0 0 58 74
0 0 0 0 58 0 33 55 26 34 0 0 0 0 0 0 68 47 0 0 0 42 0 0 68 0 0 0 0 0 0 0 2 0 0 0 0 0 0 0 0 0 0 0 0 0 63 0 0 0 37 0 0 86 0 0 17 0 0 0 0 47 8 0 0 57 57 0 0 0 61 13 5 0 53 0 0 0 0 0 0 0 0 0 87 0 0 59 100 45 28 0 67 34 0 0 37 0 0 0
4 0 0 0 0 0 0 0 53 0 86 0 0 0 60 0 0 0 0 0 11 0 0 73 0 0 65 0 0 0 21 0 0 0 3 0 0 0 16 0 0 0 0 0 0 0 0 0 15 0 0 0 90 0 0 4 0 0 0 39 0 0 0 0 0 0 35 5 0 0 0 0 41 0 0 32 0 0 0 0 0 72 0 51 0 2 0 71 0 16 0 0 71 0 0 0 0 0 0 51
94 0 0 0 0 0 0 70 0 77 65 70 0 0 0 35 0 0 0 0 0 75 0 60 0 0 16 0 0 0 0 92 0 0 0 48 0 0 91 0 37 0 0 67 0 0 0 0 0 0 0 0 0 0 8 0 0 0 38 0 0 0 0 0 0 0 0 0 0 0 0 0 0 0 36 0 0 0 8 0 0 27 0 0 90 0 2 74 0 0 0 0 4 59 0 0 0 95 0 0
73 0 74 39 0 0 0 0 0 0 0 0 0 0 0 69 0 0 0 0 0 0 50 0 45 35 0 0 0 0 0 0 0 0 0 0 88 0 0 29 0 0 0 0 0 0 0 0 0 0 61 0 0 0 0 66 0 0 85 10 50 0 5 0 0 0 0 0 0 0 0 0 0 0 0 0 95 0 69 0 80 80 67 0 0 81 0 0 0 0 72 0 0 0 0 0 80 0 0 0
0 0 34 0 0 0 0 0 0 0 0 0 0 0 0 0 0 0 0 0 0 82 0 88 0 0 0 0 0 0 0 0 0 0 0 0 19 0 0 0 0 16 0 41 0 60 81 0 0 0 0 0 28 0 0 0 0 0 80 0 0 82 0 0 0 0 33 0 0 0 0 0 0 0 0 0 0 62 0 43 75 0 0 67 0 0 59 0 0 79 0 91 0 5 0 0 0 78 0 0
0 55 0 0 0 0 0 0 46 0 0 36 0 0 0 0 0 0 0 51 0 0 80 0 0 50 0 0 98 0 0 36 0 0 0 18 0 0 66 0 0 0 0 19 0 5 0 0 85 0 43 0 0 0 0 0 0 0 0 9 0 0 0 0 0 83 0 75 45 0 0 0 0 0 52 0 51 0 92 0 0 0 88 70 0 0 0 0 0 0 94 48 96 0 0 0 0 0 0 0
0 98 89 0 0 55 0 61 70 20 0 68 0 0 0 0 83 2 0 0 0 0 0 0 0 0 0 11 0 0 0 0 99 38 0 0 0 18 0 14 0 0 78 21 0 44 0 0 0 0 0 62 32 0 0 0 57 0 0 0 0 42 0 0 0 0 0 1 0 0 1 0 0 0 0 0 0 7 0 0 0 0 43 0 0 0 0 50 0 0 84 8 97 0 0 0 0 0 0 0
87 15 24 0 83 0 0 0 0 0 0 98 0 0 0 0 0 0 0 0 0 54 0 0 88 0 0 0 94 33 0 0 26 0 0 0 0 0 16 0 93 0 0 0 0 0 0 31 0 77 0 38 0 0 0 23 0 51 0 0 0 0 0 0 27 0 0 0 0 55 48 0 0 66 50 0 35 0 0 0 0 0 0 0 0 0 0 0 0 83 90 0 0 0 0 0 0 0 5 0
0 0 0 0 0 0 0 0 0 0 0 0 0 0 0 0 0 0 0 47 0 0 49 29 0 0 86 0 91 0 38 0 0 0 0 0 0 0 0 0 28 0 0 0 0 0 79 28 0 0 0 20 0 0 0 0 6 96 0 0 0 0 0 0 0 0 0 0 0 0 0 0 0 0 3 17 77 0 0 0 0 0 0 0 0 0 26 0 0 0 0 0 0 0 0 0 32 53 0 0
16 0 32 0 66 0 0 0 0 60 5 0 0 18 30 0 0 0 0 0 99 0 0 69 0 0 0 0 46 0 0 0 0 0 0 0 0 0 0 0 0 0 32 0 55 0 11 3 77 0 0 0 0 0 87 0 0 57 0 86 68 0 1 93 0 0 44 0 0 0 0 0 0 0 0 0 0 0 0 0 0 0 0 13 0 0 0 0 0 73 0 0 0 27 0 0 0 0 0 0
0 0 0 0 0 0 0 0 0 0 0 0 0 0 28 0 0 0 0 0 82 0 0 56 0 20 0 0 0 0 0 2 0 44 0 0 0 0 0 4 0 0 0 0 0 0 0 0 0 0 2 72 85 0 0 51 88 0 0 0 14 37 0 59 88 0 0 0 0 0 0 0 0 0 0 0 0 56 0 0 0 0 0 0 0 48 0 0 0 67 0 0 0 10 0 43 0 0 0 0
0 0 60 0 0 0 0 0 0 0 0 0 23 41 62 0 0 62 0 0 0 0 0 78 0 0 0 0 0 50 0 0 64 0 0 91 0 85 24 0 0 0 0 0 59 0 0 90 0 0 0 33 58 0 0 0 0 0 0 43 0 0 0 0 0 0 0 0 4 84 0 0 0 0 0 94 0 0 0 0 33 0 0 0 0 36 0 0 0 0 88 0 0 0 0 0 65 65 0 0
0 63 0 0 0 79 0 0 0 53 62 0 0 0 0 0 0 0 0 0 0 0 89 0 0 0 0 0 0 0 0 0 0 0 0 0 0 50 0 0 0 53 0 0 0 0 0 0 0 0 0 0 0 24 0 68 0 73 81 0 0 44 0 0 0 0 0 0 0 0 0 59 0 0 0 0 0 0 0 0 0 0 24 0 0 0 37 0 83 0 9 0 0 0 0 25 0 0 0 0
0 100 0 0 0 0 0 46 72 21 6 0 0 0 0 0 0 0 83 0 53 0 45 0 0 0 0 0 4 0 23 42 0 25 0 43 80 48 0 0 0 0 0 0 0 0 0 0 0 0 0 0 22 0 0 52 0 29 70 0 0 0 0 0 0 0 0 56 0 0 0 0 0 76 0 0 0 0 0 75 0 0 0 0 0 16 0 0 72 26 0 0 19 0 0 0 0 0 0 0
81 0 0 71 0 65 0 0 0 0 0 0 59 0 0 0 0 0 0 64 0 0 79 0 27 0 0 61 93 0 0 0 84 60 11 0 0 0 0 0 0 0 0 0 0 33 0 8 0 0 59 94 0 10 0 28 37 0 54 0 17 0 0 0 0 0 0 32 0 0 72 0 0 15 0 0 0 0 0 0 0 85 0 0 0 24 15 0 85 0 0 0 0 0 54 0 0 62 37 0
0 6 0 40 0 0 0 0 0 92 0 51 0 82 0 0 0 0 0 80 84 62 0 0 0 0 0 0 0 0 0 0 0 0 0 0 33 79 0 55 0 35 0 0 0 0 0 0 0 0 0 27 0 2 0 0 0 0 2 0 0 0 0 0 0 0 0 0 0 0 0 0 0 0 0 0 0 7 0 0 0 0 36 0 0 0 0 0 0 0 0 55 0 36 0 0 0 0 0 0
0 60 0 0 0 0 0 0 0 0 0 0 0 63 98 0 0 18 0 0 0 0 13 0 64 0 0 26 80 0 0 0 0 0 48 0 0 0 0 0 57 0 0 0 0 0 0 79 0 0 0 74 0 0 0 0 0 0 0 0 0 0 0 0 0 0 0 0 0 57 0 0 0 0 69 0 0 0 9 0 0 0 0 19 0 0 0 0 0 76 0 84 0 0 0 0 0 0 0 0
0 0 97 24 34 0 47 0 78 0 0 0 15 0 0 0 0 53 39 0 41 0 0 0 0 0 0 0 36 0 0 0 62 0 0 89 0 51 58 0 0 0 0 0 0 0 46 0 0 0 0 0 58 0 0 0 0 90 0 0 0 0 24 0 0 58 0 0 0 0 93 0 0 0 37 0 0 0 0 0 0 80 0 21 0 0 0 0 0 0 0 0 0 98 0 60 0 0 0 0
3 0 0 68 0 0 14 0 0 0 0 0 0 0 0 49 0 14 62 0 0 0 0 0 0 83 0 21 0 0 0 10 0 0 0 0 0 0 0 0 31 0 92 0 0 0 0 0 0 16 0 0 0 0 38 0 0 0 43 0 0 33 0 0 0 0 0 0 89 0 0 0 0 0 0 0 75 0 56 0 0 0 0 0 68 0 97 84 0 44 0 0 0 0 0 0 85 0 0 0
0 0 0 0 96 0 0 0 43 59 0 0 0 0 0 0 0 9 72 75 0 42 0 0 0 0 0 0 0 18 0 0 0 0 20 0 21 0 0 0 55 0 0 90 0 0 0 0 0 97 0 0 0 0 6 0 0 55 0 4 0 0 0 13 0 0 98 0 0 43 11 51 20 28 0 40 0 0 0 0 0 0 0 0 0 17 0 0 0 0 37 0 0 2 81 61 0 0 0 4
0 0 0 30 0 0 98 2 0 0 55 0 0 0 0 0 0 0 57 0 0 0 0 0 0 0 0 0 0 0 33 0 70 0 0 0 86 0 0 29 0 0 79 0 0 0 0 0 0 14 26 0 80 0 0 0 0 0 0 42 0 0 32 0 0 30 0 0 0 0 0 0 0 0 0 0 0 0 0 80 0 0 25 40 0 23 50 23 84 64 27 74 0 0 0 0 0 78 31 0
0 0 0 0 0 0 0 0 37 44 0 0 0 0 0 0 0 44 0 16 0 0 0 0 0 0 0 0 92 0 32 0 0 0 0 54 0 0 0 0 0 0 61 62 9 24 10 0 0 0 0 0 60 0 0 0 0 80 23 0 0 100 34 0 0 33 47 0 0 84 0 0 0 0 21 0 0 0 0 0 56 0 79 0 66 0 14 0 0 0 0 0 0 0 0 45 72 0 0 0
0 0 0 28 0 0 0 21 0 0 0 0 0 0 87 0 0 0 0 1 0 0 23 58 0 0 0 65 0 0 18 0 0 0 0 0 0 0 0 0 0 0 0 39 0 0 0 0 0 0 0 7 0 0 0 0 59 0 15 92 81 0 0 0 82 0 0 64 0 0 0 0 0 0 0 0 43 8 29 0 0 0 0 0 54 34 0 0 0 0 0 0 0 0 0 0 0 0 0 58
98 0 0 0 55 0 0 33 0 0 0 0 25 0 0 77 0 0 0 0 0 0 0 0 0 83 0 0 0 38 46 0 0 0 78 0 0 0 0 7 0 0 36 0 0 0 0 81 0 0 21 0 0 0 0 100 0 84 0 0 20 3 0 0 0 0 58 0 20 0 0 26 0 0 36 86 0 0 59 0 0 0 60 0 0 0 0 87 0 0 0 0 0 0 0 17 0 13 0 0
0 0 0 0 0 0 0 0 0 0 0 0 0 0 0 0 8 27 0 2 0 41 0 0 0 0 51 0 0 0 0 0 47 0 19 0 0 85 0 0 0 0 0 44 5 76 0 0 0 0 32 0 0 0 0 0 0 0 0 0 0 0 0 0 0 0 0 0 88 86 0 0 4 14 0 0 44 0 0 0 0 0 0 71 0 9 0 33 0 0 0 0 0 92 0 25 0 0 0 0
0 0 0 0 0 43 0 0 0 0 0 0 0 0 47 0 0 0 0 0 0 72 83 0 0 0 15 34 0 60 0 0 93 0 2 0 0 0 0 0 0 26 0 28 0 0 0 0 0 31 0 89 0 0 2 0 0 3 0 0 80 0 15 10 0 57 0 6 0 0 39 0 0 0 0 73 17 0 0 0 30 0 0 0 0 0 0 0 19 0 0 0 0 0 84 7 0 0 0 28
84 0 0 0 0 0 0 0 0 45 0 32 0 0 94 0 0 16 0 0 0 0 0 35 0 0 0 95 60 0 0 0 0 0 0 0 0 0 0 0 0 0 83 0 0 0 0 0 0 0 41 0 0 0 0 21 0 0 63 0 0 0 0 51 0 11 72 0 0 0 79 0 0 0 0 0 0 0 36 0 52 0 0 0 0 0 0 0 0 0 0 28 0 2 16 0 0 0 0 0
38 22 0 91 0 100 0 0 0 0 24 95 30 90 88 0 0 0 0 0 0 46 0 0 0 0 0 74 48 0 51 0 12 0 0 0 0 0 0 0 0 0 0 0 0 0 0 0 86 0 0 0 0 0 0 0 0 0 0 0 0 0 0 0 0 0 0 0 0 0 0 0 28 0 0 0 0 0 19 0 0 0 95 21 0 0 69 40 0 0 0 0 0 85 13 43 0 0 0 0
0 0 18 0 0 0 0 0 0 0 0 0 0 74 52 0 0 0 0 0 0 0 0 0 100 0 95 0 0 60 0 70 0 46 18 0 0 0 0 0 35 4 80 0 0 0 0 0 0 1 0 35 0 0 0 7 0 80 0 76 0 99 0 0 0 15 0 0 0 3 0 50 0 0 6 0 0 39 2 94 0 0 0 38 0 0 91 0 91 10 0 0 0 0 84 0 0 0 0 8
0 0 99 0 0 0 0 0 0 0 46 67 0 0 0 0 0 0 0 0 0 0 0 72 0 0 0 0 0 0 0 2 84 0 0 65 0 0 0 0 17 29 26 0 0 16 0 69 0 48 0 0 26 0 0 0 0 0 0 13 0 33 0 0 0 0 0 0 0 0 55 0 0 0 0 0 0 0 0 0 0 0 0 0 0 0 79 0 0 0 63 0 0 0 0 0 0 16 0 0
0 0 67 0 0 0 0 64 33 0 0 0 0 0 0 0 0 0 0 0 37 0 0 0 0 0 0 0 0 59 0 0 0 0 21 0 0 0 0 78 0 0 78 0 0 0 0 78 0 15 0 16 0 0 0 0 0 0 0 0 0 0 46 0 0 0 96 0 0 0 92 0 15 54 71 0 0 0 0 97 0 14 0 0 0 0 0 0 16 54 0 52 0 0 47 0 10 0 24 10
0 0 12 78 21 0 26 0 0 0 0 0 0 0 0 57 0 47 0 0 0 56 0 0 99 0 0 0 0 68 16 85 0 78 0 0 0 0 0 0 63 0 0 94 0 0 50 23 0 87 70 0 0 0 0 0 0 0 0 0 0 0 0 0 0 0 38 0 45 0 0 0 0 0 0 15 87 0 0 0 0 72 0 66 85 93 0 0 0 0 0 0 53 0 0 91 27 0 0 99
0 0 0 0 0 1 92 5 0 60 0 0 0 0 0 72 0 0 0 0 0 0 0 0 4 0 0 0 90 0 46 0 17 15 0 0 0 0 0 0 0 12 34 0 0 0 46 0 0 0 0 0 0 0 0 0 0 0 0 11 0 0 0 0 44 34 0 0 0 0 15 0 0 0 0 32 0 0 0 0 0 90 0 0 0 46 0 0 0 53 0 65 0 86 0 0 0 0 0 38
0 96 49 0 71 94 82 0 0 0 8 59 0 70 0 0 0 0 0 0 61 31 0 23 0 0 0 0 0 0 0 0 0 0 46 11 0 0 0 0 0 59 0 40 0 0 0 45 3 0 0 2 0 0 0 0 0 0 66 44 83 0 0 0 63 23 9 94 0 0 0 0 0 0 0 0 29 0 15 0 0 0 0 0 0 0 0 0 92 0 0 0 2 0 0 0 0 0 51 0
0 41 0 0 0 0 75 0 0 49 0 41 0 0 0 60 85 71 0 0 0 55 0 0 0 0 0 24 0 0 0 0 0 0 0 0 26 0 0 0 0 0 0 86 0 35 0 0 0 0 0 0 0 0 34 0 0 0 0 0 0 0 0 83 0 0 0 0 0 0 0 0 0 0 0 71 0 0 14 0 0 0 0 0 0 8 0 0 0 64 95 0 0 34 0 0 0 0 0 56
0 0 97 0 0 0 0 0 2 0 0 0 0 0 0 0 0 0 24 0 0 0 0 0 80 0 100 0 69 0 0 0 0 84 0 0 0 38 0 0 89 88 0 0 0 79 0 0 0 0 0 0 17 72 0 31 0 0 0 0 7 0 0 0 0 0 0 0 0 0 71 0 0 0 0 0 0 100 0 0 0 0 0 0 0 0 0 0 0 35 44 39 0 0 9 0 0 0 0 0
0 0 0 35 0 0 0 0 0 55 74 0 72 85 68 0 0 0 38 0 0 0 45 0 1 0 0 0 0 0 0 0 30 0 0 0 0 0 0 12 0 0 35 0 0 95 33 30 0 51 0 0 0 0 69 50 0 0 0 50 0 0 83 0 0 0 54 0 0 0 0 0 0 0 0 0 0 0 0 0 0 0 96 0 0 0 0 62 0 84 0 95 71 0 44 0 51 0 0 0
0 0 0 39 0 16 0 86 0 0 71 0 0 0 0 0 0 0 0 0 0 0 0 0 17 0 0 0 67 25 0 0 70 0 39 0 0 0 38 0 0 0 0 0 0 0 0 0 0 0 0 0 0 0 0 0 0 0 50 9 22 0 0 0 0 0 32 0 1 0 0 87 0 0 93 0 0 0 92 0 0 0 0 0 0 70 0 0 0 0 53 0 0 0 0 67 17 0 0 31
67 0 30 76 0 0 0 0 0 41 0 0 37 42 0 0 52 0 87 0 0 0 0 0 0 64 43 0 0 99 0 82 36 0 0 15 0 0 0 0 0 0 0 0 0 92 0 44 0 0 0 0 87 0 78 100 13 5 0 61 0 0 0 55 0 0 0 0 0 0 0 0 0 0 0 0 0 0 0 66 0 0 0 0 0 0 0 0 0 99 0 0 0 0 15 0 0 0 0 0
0 0 90 0 0 55 4 10 87 0 88 55 0 84 32 0 84 0 0 52 0 0 0 88 42 0 87 0 0 0 0 0 0 0 0 0 80 0 0 0 0 0 0 0 79 71 0 0 0 0 0 0 0 0 0 73 0 0 0 0 0 0 10 0 0 5 0 0 0 0 0 0 91 0 0 49 0 54 0 24 0 12 15 0 20 0 81 0 0 0 0 0 0 0 0 69 0 0 0 0
0 10 5 0 0 0 0 0 48 0 0 0 0 0 0 0 0 0 0 0 31 0 0 0 96 0 76 0 0 93 0 0 0 0 19 0 93 0 0 0 21 93 0 60 0 15 0 98 0 0 0 0 0 78 0 0 0 0 0 0 0 0 4 0 0 69 0 100 0 0 0 73 0 0 0 0 0 0 0 0 0 0 0 0 0 0 0 0 0 9 33 0 18 63 0 0 0 0 0 0
0 0 34 0 100 67 0 1 0 14 0 59 0 0 0 9 0 0 0 0 0 0 37 92 88 18 0 0 0 99 76 0 0 0 26 0 0 0 0 0 0 0 0 65 0 0 30 88 0 0 39 89 56 0 0 1 0 0 0 0 0 0 0 79 0 0 0 0 0 0 16 0 0 0 0 0 0 0 0 0 0 0 86 6 0 0 0 0 0 0 75 54 0 0 0 0 0 0 0 0
0 0 0 0 0 0 0 96 0 0 20 0 0 0 0 0 0 0 0 0 14 12 0 0 0 0 0 0 0 84 0 42 82 0 0 53 0 0 0 0 0 0 0 0 33 0 68 0 0 0 0 0 0 77 0 0 78 0 0 0 0 0 0 0 0 0 0 35 72 0 0 0 95 0 35 0 77 0 49 36 0 0 0 30 95 0 12 0 0 82 0 0 69 0 0 49 0 25 0 0
0 25 26 0 0 0 0 0 0 0 0 0 0 0 94 0 0 0 1 85 0 0 0 0 100 0 0 40 0 30 0 0 0 65 0 58 0 0 0 0 97 0 0 20 77 0 0 0 0 78 0 4 0 0 0 34 0 0 0 0 0 0 89 0 0 0 0 0 0 0 0 0 0 0 0 0 57 0 0 0 55 0 0 0 0 0 0 23 72 0 0 0 0 0 0 0 0 5 0 57
0 42 0 9 0 0 5 0 0 0 0 43 0 0 0 98 0 12 74 0 96 0 0 62 0 3 0 0 0 0 0 0 0 0 56 0 0 29 0 0 0 0 0 0 0 0 0 58 0 87 0 0 0 0 99 0 0 0 0 0 0 0 0 48 0 0 0 47 0 0 0 0 0 0 60 0 0 0 0 0 0 0 0 0 0 0 29 0 0 0 0 0 75 0 0 0 0 0 0 0
0 0 49 0 0 0 0 0 0 0 31 50 73 0 89 86 18 1 76 0 0 0 0 90 0 0 0 0 0 0 0 84 0 0 0 0 0 0 0 0 50 53 0 0 0 0 0 0 82 0 0 0 0 12 0 14 0 65 24 0 68 76 0 0 82 0 0 0 0 79 0 11 71 0 33 50 0 0 61 77 78 0 0 23 34 0 26 11 0 11 0 0 0 0 0 43 0 0 0 0
0 0 41 0 10 91 0 76 86 0 0 0 0 0 0 0 23 0 0 1 0 88 0 0 0 0 0 0 0 77 0 46 77 0 83 55 0 0 4 0 0 0 52 3 0 0 0 0 0 0 0 0 0 44 0 0 0 0 0 40 48 85 61 0 0 0 0 0 0 0 0 0 68 10 0 0 0 0 0 0 0 23 0 0 0 0 0 0 0 0 0 0 49 0 0 0 0 0 0 30
0 0 0 0 0 0 70 0 0 0 0 0 7 0 0 0 0 0 0 0 0 0 0 95 97 2 0 0 29 45 40 98 0 0 57 0 0 64 0 0 0 0 95 83 87 55 41 0 0 0 0 0 0 0 56 0 0 69 0 0 0 0 0 84 0 0 0 0 0 0 84 32 85 0 0 0 0 0 0 10 0 0 0 37 0 0 0 0 0 0 0 0 0 0 0 0 41 0 0 0
0 0 0 4 0 0 47 0 0 40 0 0 20 0 0 0 21 0 56 0 0 74 0 0 54 0 0 0 0 4 0 0 1 0 49 0 0 0 0 94 0 0 52 69 0 98 0 0 0 0 0 0 0 0 26 21 0 0 49 0 0 89 38 0 0 0 10 0 0 0 0 0 0 67 0 0 0 0 0 61 0 0 0 0 0 0 72 0 0 22 1 0 0 31 4 57 0 0 88 0
0 0 0 0 31 0 0 0 0 0 0 0 91 0 0 0 0 0 6 60 100 0 0 0 0 47 0 0 0 88 61 18 0 0 0 0 0 0 34 63 0 0 38 0 94 2 0 0 0 0 0 0 0 75 0 0 86 0 96 0 0 0 0 0 78 0 0 0 80 42 0 0 30 61 0 0 0 0 0 0 0 0 0 53 0 31 0 0 0 0 0 0 0 0 0 0 0 0 0 0
78 0 0 0 0 0 0 0 4 0 0 0 0 21 0 0 0 0 0 43 0 0 0 0 0 0 0 0 0 0 0 0 0 22 0 40 0 0 0 0 0 34 0 0 0 0 0 0 10 0 0 0 0 0 0 0 0 0 0 0 0 0 76 79 41 0 0 0 0 0 0 0 0 85 34 0 71 0 0 0 0 61 0 0 0 0 25 0 13 0 0 0 0 0 12 0 0 0 0 0
0 23 0 0 0 0 0 98 54 4 0 0 0 0 28 0 0 0 0 20 72 0 0 0 0 0 0 82 0 0 0 0 0 0 0 0 0 0 0 0 0 0 0 2 0 0 0 0 0 62 0 52 0 0 0 50 0 0 0 0 0 68 0 0 72 0 0 49 0 87 57 0 0 0 0 0 0 27 0 0 0 0 0 0 72 0 0 90 0 0 0 0 18 88 0 0 55 0 0 0
0 0 0 68 0 0 0 0 0 0 0 0 0 0 0 0 0 0 81 0 0 0 0 0 0 0 0 16 0 0 0 0 0 0 0 0 73 0 0 0 5 0 99 0 0 0 0 0 0 0 27 0 0 24 61 0 0 0 0 0 0 0 77 0 0 29 0 0 0 0 0 0 0 0 42 0 22 0 0 100 0 0 0 0 0 0 0 0 0 0 81 78 0 99 38 0 58 0 0 0
0 0 28 0 0 0 0 70 0 0 0 90 93 0 94 0 0 91 0 0 0 37 0 47 0 0 0 0 0 0 0 0 0 0 42 86 0 0 0 92 0 0 85 55 0 0 99 69 0 0 0 0 36 0 17 0 0 0 0 71 38 0 0 0 0 0 0 97 0 5 0 0 0 40 0 0 0 0 40 0 0 0 0 0 0 0 0 0 0 0 0 0 99 0 0 0 86 46 60 0
0 64 25 0 0 46 0 0 0 46 0 0 0 0 68 0 0 0 0 0 12 0 0 0 0 0 0 0 86 0 40 95 0 0 0 0 0 0 63 0 0 0 0 0 65 29 0 0 0 51 0 0 97 54 0 0 32 98 0 37 0 0 0 0 0 33 0 93 0 0 0 86 87 0 0 0 0 37 77 0 0 69 0 0 0 0 0 0 0 90 0 0 0 0 0 0 0 0 0 77
0 0 0 59 41 52 77 62 0 27 0 0 0 53 0 66 0 0 0 90 15 0 55 0 0 0 0 0 3 0 0 0 0 0 77 0 0 0 0 0 26 89 0 66 60 0 0 0 0 57 0 53 0 13 0 0 0 0 0 0 0 0 0 0 0 0 0 0 0 62 0 0 60 0 0 0 0 0 34 0 0 0 0 0 0 0 0 0 0 0 0 0 0 0 0 0 0 0 0 0
71 11 0 0 98 0 0 0 0 4 0 2 0 0 0 14 26 50 0 0 0 38 0 0 0 0 0 0 0 0 0 0 0 66 0 0 0 0 17 0 0 0 0 0 92 0 84 0 0 0 0 95 0 0 0 61 0 51 33 0 0 0 0 28 0 0 8 0 0 0 0 0 34 0 0 0 0 0 0 45 0 0 0 27 0 0 97 0 0 0 15 0 0 0 0 0 0 66 13 7
0 0 41 0 0 85 62 0 0 0 0 0 0 0 8 0 0 0 17 0 0 0 0 50 0 0 0 0 0 13 0 0 0 0 0 6 0 0 59 0 0 1 0 0 0 31 62 0 0 0 0 0 0 28 0 78 0 0 0 0 0 0 0 0 0 55 0 19 0 30 0 0 0 0 82 0 0 0 83 35 0 0 0 0 36 0 40 21 0 0 63 96 0 0 5 0 0 0 0 9
64 0 13 0 0 0 0 0 0 0 55 0 0 0 0 0 0 0 68 0 0 0 0 16 0 0 0 0 0 0 78 0 0 0 0 0 0 0 0 0 0 0 0 0 0 0 0 0 28 0 0 0 0 0 0 0 48 0 0 0 5 100 0 77 0 0 0 0 82 0 70 25 0 0 0 0 0 0 0 12 0 0 0 0 0 0 0 33 69 27 0 0 0 0 62 0 0 0 6 0
0 0 0 18 73 21 21 98 0 0 0 0 0 0 0 15 0 0 98 0 0 0 6 0 0 0 0 0 0 0 0 0 0 0 0 71 55 0 0 81 0 78 0 15 27 0 7 0 0 0 0 0 0 97 0 0 3 0 0 0 92 0 0 0 59 0 21 0 0 0 0 44 0 73 0 0 0 0 13 0 0 0 0 0 0 0 0 0 0 28 0 28 0 20 0 0 9 0 0 0
0 0 0 0 4 0 0 0 17 83 0 0 0 0 7 0 91 0 12 98 71 0 0 0 0 0 18 7 0 0 0 0 0 0 0 0 0 0 0 59 0 0 0 0 0 0 0 0 0 0 0 0 0 0 75 5 0 98 28 0 0 92 66 52 0 74 0 0 0 0 0 0 22 0 0 0 0 0 0 0 0 0 0 0 19 0 0 0 0 0 0 90 0 0 0 0 0 0 0 0
0 0 5 0 49 0 34 0 0 0 51 0 0 0 0 16 0 0 0 0 0 0 0 52 0 0 0 0 0 88 76 72 31 0 0 0 0 0 0 0 0 69 0 0 0 0 0 0 22 65 0 0 0 0 0 0 0 0 0 0 43 82 0 0 60 0 0 0 0 0 16 1 76 0 0 45 0 0 73 82 30 0 0 3 0 0 36 0 0 0 0 0 88 0 44 0 28 0 0 22
0 90 0 0 0 0 0 0 0 0 0 0 65 0 0 0 0 0 0 0 0 0 0 0 0 0 0 80 65 0 0 0 0 0 58 39 0 0 0 79 0 0 16 0 0 0 0 64 0 0 93 0 0 0 0 0 0 0 0 0 0 56 0 0 0 0 0 83 0 0 0 0 0 0 51 0 0 80 11 0 82 92 0 66 0 0 0 0 0 0 0 54 0 7 0 55 26 0 0 12
11 0 89 0 92 0 0 0 91 0 0 0 53 65 0 0 0 0 68 84 0 0 0 0 75 0 17 0 86 0 0 93 0 0 0 0 100 0 0 57 0 0 0 0 82 0 0 0 0 0 88 39 43 0 0 24 0 0 77 0 32 0 0 0 58 0 0 0 0 0 48 0 0 0 0 0 12 0 0 0 8 0 0 0 0 66 0 0 0 0 0 0 0 0 13 0 0 0 0 0
0 0 0 16 0 63 0 81 47 0 0 0 0 41 0 0 0 0 0 0 0 0 0 0 0 0 0 0 24 0 0 1 0 54 0 0 0 95 0 0 0 0 0 0 0 0 97 57 95 0 0 57 0 0 0 0 69 0 0 0 0 0 0 0 0 79 0 0 4 0 0 0 0 24 0 44 0 0 0 0 70 0 0 0 66 0 1 0 0 43 0 90 0 0 96 0 0 0 0 80
0 91 0 0 0 0 0 0 0 0 0 0 0 0 0 6 0 0 0 0 0 0 0 0 0 0 0 71 91 0 0 63 0 0 0 0 0 0 11 37 12 0 0 0 0 87 45 0 95 0 0 0 43 23 0 0 0 97 0 0 86 0 0 0 0 0 0 36 0 0 47 92 99 0 0 0 0 0 15 0 34 0 51 0 0 0 0 0 0 0 0 0 28 0 0 0 0 76 0 16
0 0 0 0 0 0 0 0 0 0 0 0 29 0 0 0 0 0 0 3 0 0 90 0 0 0 0 0 0 0 0 0 69 0 0 0 0 0 0 0 98 0 0 93 65 70 59 0 70 26 0 0 34 25 0 0 0 24 0 0 56 0 0 0 25 98 0 25 0 0 0 0 0 85 18 0 0 0 5 0 0 0 0 0 0 0 0 0 0 0 74 0 67 41 0 0 63 87 0 0
68 0 89 0 68 96 0 0 53 62 0 0 0 0 0 0 14 0 0 0 0 52 86 0 0 0 0 0 0 16 0 75 0 0 0 0 0 0 0 0 79 0 0 28 0 96 0 0 0 78 0 0 0 0 83 0 0 0 0 47 73 0 0 0 0 0 0 0 74 15 0 0 0 0 0 0 0 0 0 34 0 0 60 0 0 0 0 0 19 0 0 91 77 0 0 0 0 0 0 0
9 0 22 0 100 0 14 0 0 21 0 0 14 0 0 0 0 0 31 0 0 71 24 0 0 0 0 0 0 18 0 0 69 0 0 0 0 0 0 0 0 0 0 0 0 0 74 0 0 0 0 0 0 0 56 0 0 0 0 0 0 0 0 0 0 0 0 0 0 0 0 0 52 0 0 0 0 0 0 0 28 0 0 0 0 0 0 0 55 0 0 55 92 0 0 0 0 61 0 0
0 0 0 0 0 0 31 26 0 13 0 33 17 0 52 0 11 15 0 28 0 0 23 0 5 0 0 0 0 0 0 0 0 0 0 0 0 0 23 0 59 0 29 0 72 0 0 0 8 0 81 0 0 0 0 0 29 0 0 0 0 0 52 0 0 0 98 0 28 0 51 5 16 0 0 0 0 0 2 0 51 36 0 0 0 21 0 0 0 55 0 0 14 0 0 95 0 0 0 0
0 62 0 0 0 0 0 0 0 0 0 0 0 0 0 0 0 0 61 0 0 0 0 0 0 0 0 0 0 95 0 0 72 0 0 0 0 27 31 0 0 0 0 13 0 0 0 0 0 0 0 0 0 0 81 0 0 0 0 0 0 0 35 0 0 7 0 0 0 0 0 0 0 0 0 0 0 42 3 100 81 95 0 0 84 3 0 0 98 82 0 0 95 0 0 59 0 0 0 0
0 0 0 0 0 36 0 0 48 0 0 0 0 51 0 0 26 0 0 78 0 52 0 0 25 0 0 0 0 0 27 97 0 0 0 0 0 46 0 74 0 0 0 14 89 67 0 0 0 36 0 0 0 0 0 0 49 44 11 0 0 0 27 68 0 0 0 0 0 69 31 0 0 0 55 0 0 0 70 0 0 0 0 0 86 92 0 0 0 0 36 0 0 0 0 0 12 39 0 0
0 0 8 0 0 0 0 0 0 0 0 0 0 0 0 0 14 51 85 0 0 0 0 0 0 0 0 0 0 0 0 31 0 87 0 0 0 52 0 40 0 0 0 97 0 0 88 25 0 21 62 48 0 0 0 0 0 0 0 0 0 0 78 0 0 0 25 26 68 0 74 92 0 0 81 48 64 0 0 0 0 0 41 0 0 0 9 0 100 0 0 84 0 0 0 0 0 31 0 0
0 0 0 0 0 0 0 0 38 0 0 40 0 0 0 0 0 0 0 0 0 0 56 0 0 17 97 0 0 60 0 3 0 0 0 0 0 0 0 97 17 0 0 0 0 0 0 0 0 0 0 0 0 0 0 65 56 0 45 0 0 0 0 0 0 0 0 79 54 0 0 0 0 0 0 0 0 0 0 0 0 0 0 0 0 0 44 0 0 0 0 30 0 0 0 0 0 0 86 0
0 0 0 62 96 0 0 0 0 0 0 0 0 0 0 0 41 0 0 0 0 0 69 0 0 0 0 64 0 0 0 0 0 0 0 79 0 0 0 0 25 0 0 0 0 0 0 72 0 67 0 0 0 0 0 0 0 0 0 0 0 0 26 0 42 0 0 0 20 0 0 0 86 0 0 0 0 29 0 0 0 0 0 0 0 0 83 0 0 0 0 0 0 0 60 11 82 10 0 20
0 0 75 0 0 0 0 96 19 0 0 0 0 0 6 51 0 0 0 0 46 0 0 0 77 0 84 0 0 0 0 0 0 0 0 0 18 0 0 38 0 0 0 0 0 0 0 0 0 63 0 12 0 0 0 26 0 0 5 64 0 0 0 0 0 95 0 0 0 61 0 0 82 65 0 0 0 0 0 0 0 69 0 0 0 76 0 0 0 0 0 0 66 0 0 0 0 76 6 0
0 0 55 97 0 0 0 0 0 0 0 0 0 0 28 0 0 88 67 0 80 0 0 80 0 0 0 0 0 0 0 74 0 0 0 80 0 0 0 45 0 0 0 0 0 0 0 0 0 51 0 0 0 0 0 0 89 29 0 0 0 0 90 10 39 0 0 38 0 0 85 0 4 0 0 0 0 0 36 0 0 80 0 0 0 0 0 0 48 0 0 0 0 0 16 23 48 0 70 0
0 0 0 0 85 0 0 0 0 0 3 94 35 0 0 0 0 70 0 0 0 72 0 0 0 33 0 0 6 0 10 87 0 38 0 0 0 70 82 0 0 0 0 0 0 20 0 0 0 90 67 0 0 87 20 0 0 0 0 0 10 0 13 0 0 0 0 0 0 0 0 0 0 0 0 0 0 0 0 0 53 0 0 98 0 0 0 0 9 0 0 0 0 0 40 0 0 0 0 0
0 0 0 0 0 0 0 0 0 18 0 0 0 0 0 78 28 76 0 0 0 0 41 0 0 0 0 20 0 46 0 0 0 0 0 0 0 0 0 80 4 46 0 0 82 0 0 38 24 0 0 67 0 76 20 0 0 0 0 33 0 0 96 0 49 0 0 0 58 9 0 0 0 0 0 0 0 0 0 11 0 0 0 0 0 0 57 0 0 0 14 0 0 0 59 0 0 0 0 5
0 0 0 0 0 0 8 0 0 17 0 0 0 0 0 0 0 46 0 0 0 0 0 0 44 0 0 47 0 0 1 93 16 0 42 0 0 41 0 0 0 0 0 0 0 0 22 0 0 92 0 12 0 0 40 0 0 0 0 0 0 83 0 0 0 0 24 100 0 59 0 0 0 21 0 0 0 0 0 0 0 0 0 45 47 0 0 61 0 0 0 0 0 0 0 93 0 19 72 0
18 0 35 0 0 0 0 0 0 0 0 0 0 0 0 0 24 0 31 0 31 0 0 0 90 92 0 0 0 15 47 0 0 43 0 0 23 0 61 0 0 0 0 0 0 0 0 0 63 0 0 0 12 0 0 0 0 0 14 10 0 0 82 18 52 0 60 80 0 60 0 0 0 0 54 0 46 0 57 0 0 0 0 11 0 68 86 0 50 0 46 0 71 0 0 0 81 98 0 0
0 0 0 63 0 0 94 0 0 0 0 0 0 0 0 0 0 90 95 58 3 0 41 0 0 0 60 0 0 0 92 0 0 0 0 91 55 0 0 0 0 0 88 0 0 0 0 74 0 0 58 0 27 0 0 0 89 12 0 0 59 0 0 0 0 0 49 0 18 0 20 40 0 0 0 0 0 98 88 0 0 0 86 57 0 13 5 0 0 0 0 23 0 90 0 0 2 0 0 75
0 5 0 0 24 0 0 0 0 0 0 0 0 0 85 0 87 0 0 33 0 0 0 92 0 0 32 0 0 36 0 0 35 83 0 0 0 0 0 0 0 0 0 0 2 0 0 0 0 0 0 0 0 0 0 60 31 0 0 0 0 0 4 0 84 0 87 0 0 0 0 0 20 0 0 0 0 0 0 80 0 43 75 0 68 0 0 0 0 0 0 76 0 45 0 96 0 0 38 0
0 50 3 89 0 0 0 73 0 0 0 0 0 0 0 0 86 0 0 33 79 0 0 0 0 0 0 77 0 0 0 0 0 0 0 0 0 0 0 0 0 0 0 0 0 72 0 90 0 0 0 0 0 20 0 0 0 0 74 95 0 0 0 0 0 82 59 0 7 0 0 0 0 0 0 0 0 52 0 0 0 0 0 0 0 0 15 0 0 94 33 0 0 0 59 0 0 0 0 45
90 0 0 0 56 59 0 0 0 0 0 0 0 0 0 0 0 0 0 0 14 0 0 0 38 0 0 0 0 0 0 0 0 0 0 0 0 61 55 0 89 0 42 0 0 80 50 0 0 0 0 0 0 62 0 0 0 0 39 27 0 0 0 0 50 0 0 0 35 0 0 0 39 0 0 35 0 0 0 0 0 88 0 0 0 80 76 21 0 0 0 0 0 31 0 2 92 82 72 0
0 34 31 21 0 0 0 0 22 0 0 0 99 0 0 0 0 0 0 0 10 0 0 0 0 0 0 0 0 43 24 0 0 0 0 0 0 73 0 0 0 0 0 0 0 60 0 0 0 0 0 0 0 0 0 0 0 0 0 0 0 61 0 0 0 0 0 65 0 0 0 0 0 90 0 0 0 0 0 65 0 0 0 0 86 0 31 0 0 0 0 0 0 0 0 0 0 0 0 100
30 0 0 0 0 0 0 0 94 0 0 0 0 47 0 0 0 0 7 0 0 6 0 0 0 0 0 0 88 0 0 0 0 0 0 0 0 0 0 0 39 0 0 0 0 67 0 0 83 1 0 54 0 97 0 0 92 87 88 0 35 0 0 0 0 0 0 0 0 0 23 0 70 0 0 0 26 19 0 0 0 0 0 0 0 0 0 0 34 95 0 0 0 0 0 0 0 0 0 0
58 87 0 0 0 0 0 0 0 0 11 69 51 0 0 0 0 61 19 0 0 0 0 54 0 0 0 0 0 0 0 0 0 98 0 74 0 42 0 71 0 77 0 0 86 0 7 0 0 69 0 0 0 84 0 14 0 0 19 0 0 0 0 0 0 0 0 69 0 0 0 0 0 0 0 15 57 33 0 0 0 0 0 0 0 98 0 44 0 0 0 76 0 0 39 0 0 0 0 0
0 0 0 0 0 0 0 0 0 0 0 31 0 97 0 0 0 77 0 0 0 0 9 98 0 0 0 0 0 0 32 0 0 18 64 0 0 0 0 0 0 89 0 0 0 0 0 0 0 16 0 6 0 0 0 45 0 0 0 0 58 11 0 0 90 0 0 0 0 95 0 0 68 0 53 0 0 0 0 0 0 0 0 0 0 0 43 61 100 0 0 0 0 60 0 0 0 0 8 0
0 0 0 0 0 43 46 0 0 0 83 91 0 0 0 0 13 0 0 0 0 72 0 0 20 0 0 100 0 67 0 14 0 0 10 0 0 0 0 0 0 0 38 0 38 0 0 63 52 0 0 0 0 0 70 40 0 0 0 0 0 0 0 0 0 0 0 0 19 0 0 0 0 0 0 0 0 3 9 40 0 0 76 0 0 0 81 0 82 84 2 0 65 0 23 13 93 0 96 20
0 0 0 0 0 0 0 0 0 0 0 0 28 0 74 0 0 0 0 29 24 0 0 0 0 0 0 0 93 0 0 0 69 0 0 0 93 0 96 0 0 0 88 0 0 0 0 42 0 0 0 0 0 0 0 0 0 0 99 0 38 0 90 28 0 0 69 0 96 0 0 0 0 0 0 0 0 0 0 0 0 0 0 98 75 0 0 0 0 0 0 0 32 0 0 0 0 27 0 82
31 0 25 0 0 0 0 0 87 0 0 0 0 0 0 0 0 0 59 0 0 0 0 0 35 48 0 0 0 0 0 19 72 0 0 0 0 0 0 0 0 0 0 0 13 16 73 53 0 10 0 0 0 0 52 0 0 0 78 0 19 0 36 0 0 0 0 0 40 0 0 0 11 0 0 0 0 0 63 0 0 0 0 0 62 0 89 0 0 0 0 0 70 10 0 0 65 0 39 0
11 0 0 97 0 0 0 0 0 0 0 54 0 0 0 0 0 0 0 0 0 0 0 0 0 0 0 0 0 0 0 0 10 0 0 0 0 11 0 0 0 95 0 0 0 0 0 0 0 60 0 53 26 24 0 44 0 0 0 27 0 0 57 0 0 89 78 0 0 0 0 0 0 0 0 0 0 9 0 35 16 0 15 0 0 0 0 0 0 0 0 88 15 78 0 0 0 0 0 0
0 0 0 0 52 0 0 0 0 0 81 0 0 0 10 17 0 0 0 0 0 0 3 0 0 0 76 87 0 82 0 0 0 0 48 16 0 0 0 48 0 0 0 0 0 0 8 0 55 0 0 0 0 0 89 87 59 0 0 32 0 0 77 0 0 0 0 0 0 0 0 0 92 0 92 63 0 0 0 0 96 0 0 0 93 0 0 0 0 0 38 0 0 0 0 63 26 0 0 9
0 0 28 0 43 0 0 58 0 0 57 0 94 0 0 14 15 0 0 0 0 0 0 0 0 0 0 0 0 0 0 0 0 0 0 0 0 0 0 0 58 0 0 0 0 96 0 0 0 0 49 0 0 0 0 78 0 0 0 0 0 29 0 59 0 0 0 83 0 0 0 0 0 0 0 0 91 0 51 0 96 19 0 21 64 0 87 0 44 0 0 40 0 0 24 0 0 0 75 31
0 0 0 42 0 76 0 0 0 0 0 0 0 0 0 43 61 54 0 0 0 86 0 0 65 88 0 71 0 0 0 0 0 0 0 0 0 0 0 0 0 96 0 0 0 0 0 0 0 0 0 0 90 0 0 73 0 96 0 0 0 0 90 0 0 0 0 0 0 29 0 0 0 0 0 84 0 0 0 0 21 0 0 83 0 60 0 0 0 0 0 0 0 93 0 0 0 0 0 0
0 0 0 0 0 78 13 0 0 0 0 74 92 44 0 0 0 19 45 0 0 72 45 83 0 0 0 0 0 0 0 0 0 0 88 13 11 95 0 0 0 0 0 71 0 0 90 0 0 33 0 0 0 0 0 0 0 0 0 0 0 0 0 0 0 0 0 0 0 0 0 0 0 0 0 5 0 0 0 0 0 0 12 93 0 0 71 0 0 0 0 0 0 0 0 0 0 0 0 0
0 0 0 0 0 0 86 0 0 0 0 0 0 0 20 6 0 0 0 0 0 0 0 0 0 0 0 0 0 0 0 0 0 0 0 0 20 0 0 0 0 0 79 69 0 0 0 72 0 0 0 2 0 81 0 54 0 0 0 0 26 0 0 0 93 0 0 0 88 0 0 0 0 0 0 45 0 0 0 67 0 0 0 0 0 32 46 0 54 0 22 0 0 0 53 0 7 85 0 0
0 0 0 81 0 0 0 0 0 0 0 0 24 0 0 0 6 88 0 0 0 0 0 0 0 0 0 0 0 73 0 0 0 0 0 21 0 0 2 0 0 0 47 14 0 39 0 0 0 0 0 0 86 0 0 0 0 0 0 0 0 0 0 0 0 0 0 0 0 0 0 45 61 0 0 0 0 0 89 0 0 0 0 0 0 0 0 0 0 0 44 35 77 0 23 22 0 0 38 99
0 65 0 0 99 7 0 0 0 0 0 0 8 0 0 76 0 0 0 0 0 0 0 30 0 98 0 0 0 0 91 69 0 0 0 66 0 0 21 0 0 0 0 0 0 80 11 11 49 51 0 0 67 0 0 0 0 0 0 57 0 0 49 0 0 12 64 0 0 0 89 0 0 0 0 0 35 0 0 0 86 20 0 0 0 0 0 0 0 0 0 46 66 0 0 0 0 0 10 85
0 0 0 0 71 0 83 80 92 41 0 0 0 0 0 0 88 55 0 0 0 2 0 0 31 0 0 0 0 0 0 0 52 0 0 0 0 0 0 0 0 0 0 0 0 0 17 0 0 0 96 0 0 18 0 0 45 0 0 0 0 97 61 0 0 46 98 0 0 0 78 55 58 0 51 0 0 0 0 0 0 0 0 0 41 0 0 42 88 90 14 0 5 59 0 0 16 0 0 0
56 0 0 0 0 0 0 0 24 0 3 0 0 0 86 0 0 0 0 0 7 0 0 3 0 0 67 0 0 0 14 0 0 0 53 0 0 0 26 0 0 0 0 0 0 0 0 0 19 0 0 0 43 0 0 61 0 0 0 68 0 0 0 0 0 0 96 48 0 0 0 0 79 0 0 9 0 0 0 0 0 6 0 6 0 39 0 79 0 23 0 0 56 0 0 0 0 0 0 100
53 0 0 0 0 0 0 97 0 29 70 93 0 0 0 21 0 0 0 0 0 84 0 55 0 0 70 0 0 0 0 38 0 0 0 31 0 0 49 0 2 0 0 42 0 0 0 0 0 0 0 0 0 0 61 0 0 0 84 0 0 0 0 0 0 0 0 0 0 0 0 0 0 0 43 0 0 0 96 0 0 22 0 0 100 0 88 46 0 0 0 0 91 91 0 0 0 75 0 0
23 0 3 58 0 0 0 0 0 0 0 0 0 0 0 4 0 0 0 0 0 0 19 0 8 66 0 0 0 0 0 0 0 0 0 0 2 0 0 84 0 0 0 0 0 0 0 0 0 0 25 0 0 0 0 57 0 0 12 67 13 0 34 0 0 0 0 0 0 0 0 0 0 0 0 0 52 0 92 0 42 14 42 0 0 33 0 0 0 0 75 0 0 0 0 0 50 0 0 0
0 0 81 0 0 0 0 0 0 0 0 0 0 0 0 0 0 0 0 0 0 23 0 97 0 0 0 0 0 0 0 0 0 0 0 0 5 0 0 0 0 32 0 57 0 44 2 0 0 0 0 0 65 0 0 0 0 0 67 0 0 100 0 0 0 0 11 0 0 0 0 0 0 0 0 0 0 43 0 44 97 0 0 89 0 0 46 0 0 48 0 75 0 28 0 0 0 92 0 0
0 85 0 0 0 0 0 0 90 0 0 82 0 0 0 0 0 0 0 10 0 0 9 0 0 17 0 0 16 0 0 71 0 0 0 26 0 0 91 0 0 0 0 17 0 85 0 0 13 0 77 0 0 0 0 0 0 0 0 11 0 0 0 0 0 12 0 82 43 0 0 0 0 0 92 0 66 0 83 0 0 0 77 7 0 0 0 0 0 0 56 83 15 0 0 0 0 0 0 0
0 61 94 0 0 47 0 34 93 96 0 13 0 0 0 0 78 40 0 0 0 0 0 0 0 0 0 39 0 0 0 0 88 35 0 0 0 31 0 59 0 0 89 14 0 59 0 0 0 0 0 71 75 0 0 0 62 0 0 0 0 7 0 0 0 0 0 22 0 0 16 0 0 0 0 0 0 3 0 0 0 0 63 0 0 0 0 71 0 0 28 15 93 0 0 0 0 0 0 0
31 45 75 0 27 0 0 0 0 0 0 26 0 0 0 0 0 0 0 0 0 18 0 0 97 0 0 0 97 68 0 0 10 0 0 0 0 0 79 0 25 0 0 0 0 0 0 12 0 2 0 32 0 0 0 79 0 53 0 0 0 0 0 0 100 0 0 0 0 86 1 0 0 79 64 0 43 0 0 0 0 0 0 0 0 0 0 0 0 42 94 0 0 0 0 0 0 0 53 0
0 0 0 0 0 0 0 0 0 0 0 0 0 0 0 0 0 0 0 75 0 0 42 24 0 0 74 0 80 0 78 0 0 0 0 0 0 0 0 0 20 0 0 0 0 0 98 65 0 0 0 94 0 0 0 0 5 80 0 0 0 0 0 0 0 0 0 0 0 0 0 0 0 0 63 91 61 0 0 0 0 0 0 0 0 0 23 0 0 0 0 0 0 0 0 0 63 80 0 0
52 0 53 0 16 0 0 0 0 41 50 0 0 11 7 0 0 0 0 0 74 0 0 100 0 0 0 0 21 0 0 0 0 0 0 0 0 0 0 0 0 0 63 0 84 0 82 86 78 0 0 0 0 0 59 0 0 3 0 33 75 0 93 92 0 0 79 0 0 0 0 0 0 0 0 0 0 0 0 0 0 0 0 31 0 0 0 0 0 92 0 0 0 58 0 0 0 0 0 0
0 0 0 0 0 0 0 0 0 0 0 0 0 0 82 0 0 0 0 0 34 0 0 7 0 90 0 0 0 0 0 8 0 50 0 0 0 0 0 78 0 0 0 0 0 0 0 0 0 0 70 44 57 0 0 24 58 0 0 0 36 24 0 81 20 0 0 0 0 0 0 0 0 0 0 0 0 7 0 0 0 0 0 0 0 81 0 0 0 45 0 0 0 34 0 5 0 0 0 0
0 0 62 0 0 0 0 0 0 0 0 0 8 6 57 0 0 27 0 0 0 0 0 65 0 0 0 0 0 58 0 0 88 0 0 81 0 83 16 0 0 0 0 0 23 0 0 43 0 0 0 25 55 0 0 0 0 0 0 8 0 0 0 0 0 0 0 0 36 94 0 0 0 0 0 57 0 0 0 0 82 0 0 0 0 89 0 0 0 0 20 0 0 0 0 0 11 84 0 0
0 11 0 0 0 76 0 0 0 84 22 0 0 0 0 0 0 0 0 0 0 0 99 0 0 0 0 0 0 0 0 0 0 0 0 0 0 5 0 0 0 72 0 0 0 0 0 0 0 0 0 0 0 40 0 93 0 4 70 0 0 65 0 0 0 0 0 0 0 0 0 7 0 0 0 0 0 0 0 0 0 0 40 0 0 0 56 0 10 0 94 0 0 0 0 42 0 0 0 0
0 58 0 0 0 0 0 23 19 47 43 0 0 0 0 0 0 0 10 0 51 0 88 0 0 0 0 0 66 0 89 91 0 92 0 44 15 78 0 0 0 0 0 0 0 0 0 0 0 0 0 0 90 0 0 68 0 6 33 0 0 0 0 0 0 0 0 36 0 0 0 0 0 22 0 0 0 0 0 80 0 0 0 0 0 61 0 0 5 22 0 0 33 0 0 0 0 0 0 0
20 0 0 74 0 97 0 0 0 0 0 0 3 0 0 0 0 0 0 2 0 0 25 0 76 0 0 42 74 0 0 0 32 70 44 0 0 0 0 0 0 0 0 0 0 95 0 55 0 0 8 27 0 87 0 24 60 0 10 0 81 0 0 0 0 0 0 42 0 0 93 0 0 50 0 0 0 0 0 0 0 62 0 0 0 49 35 0 18 0 0 0 0 0 97 0 0 54 26 0
0 49 0 33 0 0 0 0 0 68 0 34 0 37 0 0 0 0 0 24 35 98 0 0 0 0 0 0 0 0 0 0 0 0 0 0 21 46 0 79 0 7 0 0 0 0 0 0 0 0 0 2 0 6 0 0 0 0 94 0 0 0 0 0 0 0 0 0 0 0 0 0 0 0 0 0 0 28 0 0 0 0 97 0 0 0 0 0 0 0 0 41 0 73 0 0 0 0 0 0
0 25 0 0 0 0 0 0 0 0 0 0 0 96 7 0 0 31 0 0 0 0 85 0 92 0 0 68 93 0 0 0 0 0 53 0 0 0 0 0 82 0 0 0 0 0 0 42 0 0 0 60 0 0 0 0 0 0 0 0 0 0 0 0 0 0 0 0 0 76 0 0 0 0 58 0 0 0 26 0 0 0 0 9 0 0 0 0 0 39 0 22 0 0 0 0 0 0 0 0
0 0 82 66 23 0 42 0 72 0 0 0 27 0 0 0 0 83 40 0 74 0 0 0 0 0 0 0 89 0 0 0 86 0 0 21 0 92 20 0 0 0 0 0 0 0 42 0 0 0 0 0 24 0 0 0 0 35 0 0 0 0 34 0 0 15 0 0 0 0 6 0 0 0 23 0 0 0 0 0 0 4 0 97 0 0 0 0 0 0 0 0 0 62 0 80 0 0 0 0
66 0 0 36 0 0 61 0 0 0 0 0 0 0 0 57 0 39 68 0 0 0 0 0 0 12 0 76 0 0 0 28 0 0 0 0 0 0 0 0 70 0 26 0 0 0 0 0 0 3 0 0 0 0 62 0 0 0 96 0 0 96 0 0 0 0 0 0 46 0 0 0 0 0 0 0 94 0 91 0 0 0 0 0 48 0 51 64 0 19 0 0 0 0 0 0 54 0 0 0
0 0 0 0 70 0 0 0 70 55 0 0 0 0 0 0 0 8 90 31 0 15 0 0 0 0 0 0 0 40 0 0 0 0 15 0 29 0 0 0 60 0 0 38 0 0 0 0 0 21 0 0 0 0 71 0 0 39 0 42 0 0 0 45 0 0 50 0 0 48 69 50 38 28 0 75 0 0 0 0 0 0 0 0 0 24 0 0 0 0 24 0 0 84 94 64 0 0 0 47
0 0 0 9 0 0 46 81 0 0 66 0 0 0 0 0 0 0 7 0 0 0 0 0 0 0 0 0 0 0 51 0 65 0 0 0 20 0 0 9 0 0 37 0 0 0 0 0 0 79 10 0 22 0 0 0 0 0 0 37 0 0 99 0 0 94 0 0 0 0 0 0 0 0 0 0 0 0 0 73 0 0 76 65 0 52 43 73 99 16 100 93 0 0 0 0 0 90 40 0
0 0 0 0 0 0 0 0 60 67 0 0 0 0 0 0 0 80 0 87 0 0 0 0 0 0 0 0 8 0 82 0 0 0 0 85 0 0 0 0 0 0 26 18 100 45 79 0 0 0 0 0 93 0 0 0 0 16 42 0 0 5 30 0 0 80 43 0 0 4 0 0 0 0 50 0 0 0 0 0 38 0 71 0 30 0 58 0 0 0 0 0 0 0 0 4 45 0 0 0
0 0 0 91 0 0 0 40 0 0 0 0 0 0 95 0 0 0 0 93 0 0 35 37 0 0 0 5 0 0 79 0 0 0 0 0 0 0 0 0 0 0 0 65 0 0 0 0 0 0 0 65 0 0 0 0 82 0 35 56 100 0 0 0 19 0 0 14 0 0 0 0 0 0 0 0 50 69 33 0 0 0 0 0 79 70 0 0 0 0 0 0 0 0 0 0 0 0 0 12
15 0 0 0 61 0 0 56 0 0 0 0 42 0 0 48 0 0 0 0 0 0 0 0 0 71 0 0 0 69 89 0 0 0 68 0 0 0 0 7 0 0 83 0 0 0 0 86 0 0 55 0 0 0 0 27 0 38 0 0 76 64 0 0 0 0 58 0 56 0 0 44 0 0 93 8 0 0 60 0 0 0 33 0 0 0 0 9 0 0 0 0 0 0 0 23 0 96 0 0
0 0 0 0 0 0 0 0 0 0 0 0 0 0 0 0 59 45 0 76 0 15 0 0 0 0 59 0 0 0 0 0 61 0 51 0 0 33 0 0 0 0 0 11 51 11 0 0 0 0 43 0 0 0 0 0 0 0 0 0 0 0 0 0 0 0 0 0 62 22 0 0 90 61 0 0 19 0 0 0 0 0 0 24 0 83 0 52 0 0 0 0 0 26 0 88 0 0 0 0
0 0 0 0 0 26 0 0 0 0 0 0 0 0 69 0 0 0 0 0 0 78 85 0 0 0 69 18 0 65 0 0 46 0 68 0 0 0 0 0 0 83 0 99 0 0 0 0 0 95 0 1 0 0 64 0 0 96 0 0 68 0 3 27 0 90 0 29 0 0 1 0 0 0 0 76 71 0 0 0 59 0 0 0 0 0 0 0 48 0 0 0 0 0 24 64 0 0 0 71
26 0 0 0 0 0 0 0 0 37 0 7 0 0 76 0 0 8 0 0 0 0 0 86 0 0 0 34 19 0 0 0 0 0 0 0 0 0 0 0 0 0 3 0 0 0 0 0 0 0 94 0 0 0 0 98 0 0 29 0 0 0 0 28 0 67 87 0 0 0 57 0 0 0 0 0 0 0 16 0 60 0 0 0 0 0 0 0 0 0 0 34 0 39 52 0 0 0 0 0
66 76 0 79 0 88 0 0 0 0 38 31 48 1 63 0 0 0 0 0 0 56 0 0 0 0 0 81 83 0 88 0 92 0 0 0 0 0 0 0 0 0 0 0 0 0 0 0 88 0 0 0 0 0 0 0 0 0 0 0 0 0 0 0 0 0 0 0 0 0 0 0 62 0 0 0 0 0 81 0 0 0 78 88 0 0 24 31 0 0 0 0 0 10 31 95 0 0 0 0
0 0 99 0 0 0 0 0 0 0 0 0 0 31 45 0 0 0 0 0 0 0 0 0 85 0 78 0 0 89 0 3 0 2 24 0 0 0 0 0 18 21 49 0 0 0 0 0 0 16 0 46 0 0 0 8 0 61 0 100 0 29 0 0 0 30 0 0 0 8 0 58 0 0 13 0 0 99 33 99 0 0 0 83 0 0 86 0 31 9 0 0 0 0 58 0 0 0 0 10
0 0 2 0 0 0 0 0 0 0 15 35 0 0 0 0 0 0 0 0 0 0 0 82 0 0 0 0 0 0 0 88 46 0 0 76 0 0 0 0 45 19 18 0 0 85 0 37 0 23 0 0 9 0 0 0 0 0 0 42 0 49 0 0 0 0 0 0 0 0 75 0 0 0 0 0 0 0 0 0 0 0 0 0 0 0 27 0 0 0 64 0 0 0 0 0 0 30 0 0
0 0 62 0 0 0 0 64 17 0 0 0 0 0 0 0 0 0 0 0 97 0 0 0 0 0 0 0 0 19 0 0 0 0 9 0 0 0 0 36 0 0 24 0 0 0 0 28 0 81 0 64 0 0 0 0 0 0 0 0 0 0 68 0 0 0 13 0 0 0 91 0 87 41 55 0 0 0 0 26 0 7 0 0 0 0 0 0 23 100 0 100 0 0 33 0 48 0 6 4
0 0 79 24 65 0 30 0 0 0 0 0 0 0 0 8 0 67 0 0 0 90 0 0 52 0 0 0 0 67 97 68 0 65 0 0 0 0 0 0 16 0 0 92 0 0 54 4 0 27 64 0 0 0 0 0 0 0 0 0 0 0 0 0 0 0 32 0 25 0 0 0 0 0 0 5 98 0 0 0 0 32 0 9 14 86 0 0 0 0 0 0 27 0 0 65 1 0 0 40
0 0 0 0 0 88 19 34 0 37 0 0 0 0 0 38 0 0 0 0 0 0 0 0 91 0 0 0 50 0 22 0 35 35 0 0 0 0 0 0 0 35 58 0 0 0 1 0 0 0 0 0 0 0 0 0 0 0 0 54 0 0 0 0 94 90 0 0 0 0 81 0 0 0 0 76 0 0 0 0 0 84 0 0 0 70 0 0 0 94 0 46 0 66 0 0 0 0 0 23
0 32 58 0 42 6 26 0 0 0 90 97 0 77 0 0 0 0 0 0 93 15 0 15 0 0 0 0 0 0 0 0 0 0 28 16 0 0 0 0 0 95 0 90 0 0 0 2 55 0 0 21 0 0 0 0 0 0 9 55 49 0 0 0 56 41 7 25 0 0 0 0 0 0 0 0 77 0 80 0 0 0 0 0 0 0 0 0 62 0 0 0 27 0 0 0 0 0 43 0
0 68 0 0 0 0 99 0 0 4 0 72 0 0 0 85 81 8 0 0 0 98 0 0 0 0 0 99 0 0 0 0 0 0 0 0 10 0 0 0 0 0 0 36 0 32 0 0 0 0 0 0 0 0 22 0 0 0 0 0 0 0 0 54 0 0 0 0 0 0 0 0 0 0 0 17 0 0 52 0 0 0 0 0 0 73 0 0 0 23 91 0 0 24 0 0 0 0 0 57
0 0 2 0 0 0 0 0 2 0 0 0 0 0 0 0 0 0 6 0 0 0 0 0 30 0 45 0 25 0 0 0 0 100 0 0 0 61 0 0 33 56 0 0 0 17 0 0 0 0 0 0 11 22 0 50 0 0 0 0 33 0 0 0 0 0 0 0 0 0 94 0 0 0 0 0 0 7 0 0 0 0 0 0 0 0 0 0 0 2 37 62 0 0 97 0 0 0 0 0
0 0 0 19 0 0 0 0 0 2 82 0 81 87 95 0 0 0 41 0 0 0 100 0 89 0 0 0 0 0 0 0 69 0 0 0 0 0 0 41 0 0 58 0 0 86 49 44 0 12 0 0 0 0 50 66 0 0 0 23 0 0 25 0 0 0 100 0 0 0 0 0 0 0 0 0 0 0 0 0 0 0 36 0 0 0 0 65 0 97 0 12 72 0 100 0 24 0 0 0
0 0 0 67 0 69 0 76 0 0 40 0 0 0 0 0 0 0 0 0 0 0 0 0 32 0 0 0 23 56 0 0 43 0 41 0 0 0 28 0 0 0 0 0 0 0 0 0 0 0 0 0 0 0 0 0 0 0 13 2 38 0 0 0 0 0 9 0 59 0 0 90 0 0 3 0 0 0 74 0 0 0 0 0 0 96 0 0 0 0 21 0 0 0 0 80 62 0 0 68
37 0 65 55 0 0 0 0 0 57 0 0 5 67 0 0 45 0 30 0 0 0 0 0 0 65 47 0 0 64 0 87 4 0 0 18 0 0 0 0 0 0 0 0 0 52 0 52 0 0 0 0 41 0 34 6 100 45 0 57 0 0 0 56 0 0 0 0 0 0 0 0 0 0 0 0 0 0 0 17 0 0 0 0 0 0 0 0 0 31 0 0 0 0 38 0 0 0 0 0
0 0 77 0 0 98 17 11 65 0 87 28 0 8 99 0 55 0 0 37 0 0 0 8 17 0 16 0 0 0 0 0 0 0 0 0 86 0 0 0 0 0 0 0 75 57 0 0 0 0 0 0 0 0 0 49 0 0 0 0 0 0 2 0 0 32 0 0 0 0 0 0 1 0 0 60 0 79 0 61 0 74 38 0 36 0 83 0 0 0 0 0 0 0 0 59 0 0 0 0
0 20 41 0 0 0 0 0 84 0 0 0 0 0 0 0 0 0 0 0 69 0 0 0 50 0 55 0 0 74 0 0 0 0 43 0 70 0 0 0 47 83 0 49 0 89 0 20 0 0 0 0 0 64 0 0 0 0 0 0 0 0 75 0 0 28 0 33 0 0 0 61 0 0 0 0 0 0 0 0 0 0 0 0 0 0 0 0 0 25 39 0 26 15 0 0 0 0 0 0
0 0 90 0 72 61 0 95 0 69 0 32 0 0 0 20 0 0 0 0 0 0 70 5 98 83 0 0 0 42 62 0 0 0 73 0 0 0 0 0 0 0 0 84 0 0 98 97 0 0 65 93 29 0 0 41 0 0 0 0 0 0 0 45 0 0 0 0 0 0 66 0 0 0 0 0 0 0 0 0 0 0 63 25 0 0 0 0 0 0 44 94 0 0 0 0 0 0 0 0
0 0 0 0 0 0 0 82 0 0 1 0 0 0 0 0 0 0 0 0 44 31 0 0 0 0 0 0 0 11 0 64 39 0 0 9 0 0 0 0 0 0 0 0 75 0 24 0 0 0 0 0 0 93 0 0 75 0 0 0 0 0 0 0 0 0 0 84 8 0 0 0 34 0 11 0 82 0 81 30 0 0 0 97 95 0 31 0 0 29 0 0 84 0 0 47 0 5 0 0
0 67 53 0 0 0 0 0 0 0 0 0 0 0 10 0 0 0 57 41 0 0 0 0 51 0 0 94 0 29 0 0 0 58 0 84 0 0 0 0 82 0 0 39 87 0 0 0 0 82 0 8 0 0 0 24 0 0 0 0 0 0 89 0 0 0 0 0 0 0 0 0 0 0 0 0 54 0 0 0 74 0 0 0 0 0 0 26 8 0 0 0 0 0 0 0 0 23 0 6
0 84 0 56 0 0 89 0 0 0 0 74 0 0 0 40 0 13 46 0 18 0 0 79 0 21 0 0 0 0 0 0 0 0 66 0 0 4 0 0 0 0 0 0 0 0 0 59 0 52 0 0 0 0 29 0 0 0 0 0 0 0 0 94 0 0 0 43 0 0 0 0 0 0 75 0 0 0 0 0 0 0 0 0 0 0 60 0 0 0 0 0 34 0 0 0 0 0 0 0
0 0 97 0 0 0 0 0 0 0 100 2 80 0 47 99 5 42 62 0 0 0 0 20 0 0 0 0 0 0 0 10 0 0 0 0 0 0 0 0 1 76 0 0 0 0 0 0 36 0 0 0 0 59 0 49 0 13 75 0 75 50 0 0 97 0 0 0 0 58 0 22 76 0 54 76 0 0 99 10 61 0 0 79 8 0 75 96 0 27 0 0 0 0 0 56 0 0 0 0
0 0 37 0 54 16 0 44 19 0 0 0 0 0 0 0 84 0 0 99 0 21 0 0 0 0 0 0 0 65 0 41 36 0 62 47 0 0 69 0 0 0 36 33 0 0 0 0 0 0 0 0 0 31 0 0 0 0 0 83 75 73 27 0 0 0 0 0 0 0 0 0 28 74 0 0 0 0 0 0 0 69 0 0 0 0 0 0 0 0 0 0 99 0 0 0 0 0 0 46
0 0 0 0 0 0 42 0 0 0 0 0 5 0 0 0 0 0 0 0 0 0 0 100 33 26 0 0 43 25 33 28 0 0 94 0 0 32 0 0 0 0 73 43 40 22 76 0 0 0 0 0 0 0 59 0 0 82 0 0 0 0 0 5 0 0 0 0 0 0 65 72 89 0 0 0 0 0 0 78 0 0 0 11 0 0 0 0 0 0 0 0 0 0 0 0 39 0 0 0
0 0 0 86 0 0 52 0 0 80 0 0 4 0 0 0 82 0 63 0 0 44 0 0 69 0 0 0 0 28 0 0 88 0 11 0 0 0 0 72 0 0 91 12 0 72 0 0 0 0 0 0 0 0 6 26 0 0 3 0 0 11 91 0 0 0 48 0 0 0 0 0 0 95 0 0 0 0 0 54 0 0 0 0 0 0 65 0 0 55 77 0 0 14 9 40 0 0 26 0
0 0 0 0 25 0 0 0 0 0 0 0 10 0 0 0 0 0 91 54 2 0 0 0 0 63 0 0 0 49 37 20 0 0 0 0 0 0 54 93 0 0 9 0 28 45 0 0 0 0 0 0 0 94 0 0 68 0 62 0 0 0 0 0 72 0 0 0 61 75 0 0 56 77 0 0 0 0 0 0 0 0 0 87 0 14 0 0 0 0 0 0 0 0 0 0 0 0 0 0
99 0 0 0 0 0 0 0 8 0 0 0 0 20 0 0 0 0 0 22 0 0 0 0 0 0 0 0 0 0 0 0 0 15 0 2 0 0 0 0 0 97 0 0 0 0 0 0 89 0 0 0 0 0 0 0 0 0 0 0 0 0 54 63 76 0 0 0 0 0 0 0 0 23 83 0 59 0 0 0 0 20 0 0 0 0 49 0 1 0 0 0 0 0 68 0 0 0 0 0
0 93 0 0 0 0 0 98 19 93 0 0 0 0 58 0 0 0 0 72 48 0 0 0 0 0 0 94 0 0 0 0 0 0 0 0 0 0 0 0 0 0 0 20 0 0 0 0 0 77 0 3 0 0 0 38 0 0 0 0 0 96 0 0 48 0 0 76 0 84 30 0 0 0 0 0 0 89 0 0 0 0 0 0 56 0 0 44 0 0 0 0 42 1 0 0 73 0 0 0
0 0 0 89 0 0 0 0 0 0 0 0 0 0 0 0 0 0 19 0 0 0 0 0 0 0 0 66 0 0 0 0 0 0 0 0 98 0 0 0 17 0 28 0 0 0 0 0 0 0 96 0 0 84 50 0 0 0 0 0 0 0 37 0 0 41 0 0 0 0 0 0 0 0 75 0 70 0 0 91 0 0 0 0 0 0 0 0 0 0 39 26 0 34 94 0 94 0 0 0
0 0 26 0 0 0 0 45 0 0 0 3 85 0 90 0 0 67 0 0 0 82 0 55 0 0 0 0 0 0 0 0 0 0 20 90 0 0 0 31 0 0 44 60 0 0 99 15 0 0 0 0 44 0 89 0 0 0 0 91 77 0 0 0 0 0 0 23 0 64 0 0 0 37 0 0 0 0 92 0 0 0 0 0 0 0 0 0 0 0 0 0 66 0 0 0 49 92 80 0
0 66 85 0 0 77 0 0 0 79 0 0 0 0 99 0 0 0 0 0 58 0 0 0 0 0 0 0 56 0 30 33 0 0 0 0 0 0 42 0 0 0 0 0 80 88 0 0 0 38 0 0 41 73 0 0 33 13 0 95 0 0 0 0 0 57 0 86 0 0 0 38 51 0 0 0 0 58 83 0 0 57 0 0 0 0 0 0 0 45 0 0 0 0 0 0 0 0 0 13
0 0 0 10 83 32 60 62 0 30 0 0 0 78 0 28 0 0 0 20 61 0 47 0 0 0 0 0 25 0 0 0 0 0 75 0 0 0 0 0 74 98 0 23 4 0 0 0 0 72 0 40 0 84 0 0 0 0 0 0 0 0 0 0 0 0 0 0 0 93 0 0 75 0 0 0 0 0 85 0 0 0 0 0 0 0 0 0 0 0 0 0 0 0 0 0 0 0 0 0
11 3 0 0 69 0 0 0 0 22 0 59 0 0 0 34 5 47 0 0 0 53 0 0 0 0 0 0 0 0 0 0 0 82 0 0 0 0 64 0 0 0 0 0 35 0 64 0 0 0 0 42 0 0 0 56 0 63 94 0 0 0 0 51 0 0 2 0 0 0 0 0 79 0 0 0 0 0 0 25 0 0 0 57 0 0 67 0 0 0 83 0 0 0 0 0 0 46 81 86
0 0 86 0 0 26 37 0 0 0 0 0 0 0 14 0 0 0 68 0 0 0 0 51 0 0 0 0 0 100 0 0 0 0 0 94 0 0 14 0 0 33 0 0 0 67 48 0 0 0 0 0 0 56 0 14 0 0 0 0 0 0 0 0 0 78 0 51 0 76 0 0 0 0 9 0 0 0 84 73 0 0 0 0 33 0 32 64 0 0 63 62 0 0 63 0 0 0 0 8
91 0 41 0 0 0 0 0 0 0 25 0 0 0 0 0 0 0 10 0 0 0 0 64 0 0 0 0 0 0 53 0 0 0 0 0 0 0 0 0 0 0 0 0 0 0 0 0 7 0 0 0 0 0 0 0 5 0 0 0 15 28 0 96 0 0 0 0 83 0 11 69 0 0 0 0 0 0 0 12 0 0 0 0 0 0 0 34 80 32 0 0 0 0 41 0 0 0 35 0
0 0 0 51 73 82 68 8 0 0 0 0 0 0 0 35 0 0 42 0 0 0 37 0 0 0 0 0 0 0 0 0 0 0 0 4 10 0 0 57 0 24 0 76 67 0 60 0 0 0 0 0 0 13 0 0 14 0 0 0 26 0 0 0 84 0 20 0 0 0 0 71 0 30 0 0 0 0 63 0 0 0 0 0 0 0 0 0 0 25 0 28 0 75 0 0 84 0 0 0
0 0 0 0 74 0 0 0 16 23 0 0 0 0 28 0 68 0 19 45 62 0 0 0 0 0 9 82 0 0 0 0 0 0 0 0 0 0 0 70 0 0 0 0 0 0 0 0 0 0 0 0 0 0 34 58 0 25 63 0 0 22 96 69 0 87 0 0 0 0 0 0 29 0 0 0 0 0 0 0 0 0 0 0 72 0 0 0 0 0 0 72 0 0 0 0 0 0 0 0
0 0 58 0 76 0 69 0 0 0 65 0 0 0 0 72 0 0 0 0 0 0 0 81 0 0 0 0 0 69 51 13 91 0 0 0 0 0 0 0 0 97 0 0 0 0 0 0 38 56 0 0 0 0 0 0 0 0 0 0 10 38 0 0 37 0 0 0 0 0 1 42 6 0 0 31 0 0 66 95 47 0 0 29 0 0 21 0 0 0 0 0 63 0 79 0 45 0 0 50
0 25 0 0 0 0 0 0 0 0 0 0 4 0 0 0 0 0 0 0 0 0 0 0 0 0 0 28 64 0 0 0 0 0 64 37 0 0 0 31 0 0 20 0 0 0 0 24 0 0 79 0 0 0 0 0 0 0 0 0 0 64 0 0 0 0 0 88 0 0 0 0 0 0 83 0 0 95 26 0 54 49 0 34 0 0 0 0 0 0 0 46 0 12 0 18 65 0 0 37
21 0 29 0 13 0 0 0 36 0 0 0 11 65 0 0 0 0 38 58 0 0 0 0 19 0 45 0 56 0 0 18 0 0 0 0 14 0 0 71 0 0 0 0 43 0 0 0 0 0 25 89 48 0 0 44 0 0 21 0 81 0 0 0 21 0 0 0 0 0 36 0 0 0 0 0 57 0 0 0 55 0 0 0 0 60 0 0 0 0 0 0 0 0 83 0 0 0 0 0
0 0 0 71 0 96 0 15 20 0 0 0 0 32 0 0 0 0 0 0 0 0 0 0 0 0 0 0 71 0 0 37 0 19 0 0 0 43 0 0 0 0 0 0 0 0 24 9 56 0 0 56 0 0 0 0 18 0 0 0 0 0 0 0 0 91 0 0 100 0 0 0 0 10 0 71 0 0 0 0 18 0 0 0 29 0 25 0 0 81 0 43 0 0 29 0 0 0 0 50
0 15 0 0 0 0 0 0 0 0 0 0 0 0 0 69 0 0 0 0 0 0 0 0 0 0 0 68 63 0 0 11 0 0 0 0 0 0 68 9 32 0 0 0 0 66 70 0 89 0 0 0 39 65 0 0 0 77 0 0 29 0 0 0 0 0 0 52 0 0 33 18 96 0 0 0 0 0 51 0 56 0 90 0 0 0 0 0 0 0 0 0 60 0 0 0 0 86 0 8
0 0 0 0 0 0 0 0 0 0 0 0 66 0 0 0 0 0 0 77 0 0 54 0 0 0 0 0 0 0 0 0 33 0 0 0 0 0 0 0 80 0 0 90 93 100 6 0 51 4 0 0 80 26 0 0 0 14 0 0 82 0 0 0 15 68 0 10 0 0 0 0 0 82 88 0 0 0 97 0 0 0 0 0 0 0 0 0 0 0 67 0 52 28 0 0 10 62 0 0
26 0 67 0 78 4 0 0 86 46 0 0 0 0 0 0 30 0 0 0 0 80 66 0 0 0 0 0 0 94 0 82 0 0 0 0 0 0 0 0 80 0 0 55 0 53 0 0 0 90 0 0 0 0 89 0 0 0 0 91 12 0 0 0 0 0 0 0 87 21 0 0 0 0 0 0 0 0 0 49 0 0 2 0 0 0 0 0 59 0 0 45 42 0 0 0 0 0 0 0
58 0 30 0 82 0 36 0 0 8 0 0 52 0 0 0 0 0 67 0 0 21 99 0 0 0 0 0 0 50 0 0 85 0 0 0 0 0 0 0 0 0 0 0 0 0 79 0 0 0 0 0 0 0 47 0 0 0 0 0 0 0 0 0 0 0 0 0 0 0 0 0 84 0 0 0 0 0 0 0 37 0 0 0 0 0 0 0 10 0 0 33 58 0 0 0 0 12 0 0
0 0 0 0 0 0 87 31 0 76 0 24 40 0 3 0 81 58 0 5 0 0 31 0 44 0 0 0 0 0 0 0 0 0 0 0 0 0 43 0 66 0 7 0 19 0 0 0 80 0 66 0 0 0 0 0 12 0 0 0 0 0 29 0 0 0 31 0 82 0 76 68 26 0 0 0 0 0 4 0 64 19 0 0 0 18 0 0 0 30 0 0 35 0 0 85 0 0 0 0
0 38 0 0 0 0 0 0 0 0 0 0 0 0 0 0 0 0 78 0 0 0 0 0 0 0 0 0 0 20 0 0 6 0 0 0 0 11 2 0 0 0 0 82 0 0 0 0 0 0 0 0 0 0 46 0 0 0 0 0 0 0 81 0 0 98 0 0 0 0 0 0 0 0 0 0 0 73 1 13 7 87 0 0 38 81 0 0 28 76 0 0 89 0 0 30 0 0 0 0
0 0 0 0 0 90 0 0 51 0 0 0 0 85 0 0 86 0 0 100 0 55 0 0 63 0 0 0 0 0 63 67 0 0 0 0 0 47 0 96 0 0 0 88 44 72 0 0 0 92 0 0 0 0 0 0 13 81 56 0 0 0 2 16 0 0 0 0 0 75 100 0 0 0 79 0 0 0 69 0 0 0 0 0 39 59 0 0 0 0 88 0 0 0 0 0 42 37 0 0