100
0 87 26 0 0 9 0 46 75 0 0 51 0 0 0 0 86 0 0 0 0 0 0 0 0 0 0 0 0 0 66 0 0 98 20 0 8 0 55 0 0 46 0 0 0 0 0 0 0 80 0 0 92 0 44 0 0 0 0 0 0 0 0 69 28 0 0 0 0 0 0 0 0 0 0 6 56 0 0 0 0 0 0 0 43 0 0 0 42 46 0 82 0 0 0 0 0 0 0 0
0 0 0 0 0 23 0 0 0 0 39 30 0 0 20 0 0 83 0 0 0 0 0 0 0 0 0 30 28 0 0 0 50 0 0 0 0 0 0 31 0 0 0 0 63 0 0 71 0 0 0 0 0 0 0 0 0 0 0 0 0 0 0 83 0 0 0 0 0 0 76 0 0 0 0 96 0 0 0 0 97 83 0 0 0 0 0 0 0 0 0 0 65 0 62 0 0 27 0 0
0 69 0 95 0 30 1 4 0 0 76 0 39 79 0 0 0 0 0 0 0 0 52 0 0 0 0 9 11 0 0 0 0 32 0 4 66 0 0 52 0 0 0 22 0 0 0 0 0 8 0 0 0 34 54 0 0 0 0 0 0 0 0 0 86 98 0 0 0 34 0 0 0 0 0 0 66 0 0 0 0 17 81 0 0 0 98 0 0 45 0 18 0 0 0 43 0 85 12 0
0 0 0 0 92 0 20 10 0 0 0 0 0 0 96 0 0 0 0 0 0 0 0 69 0 0 46 79 0 0 0 89 0 0 2 0 71 0 21 0 0 0 0 0 0 0 88 0 0 0 0 0 0 0 0 87 0 0 0 69 0 0 0 0 82 0 96 70 0 0 29 0 0 0 0 0 0 0 0 31 0 0 0 0 0 0 0 91 0 0 62 29 0 47 0 0 0 0 0 0
0 0 88 0 0 0 80 0 14 0 0 0 0 0 0 0 95 47 0 0 29 0 0 0 0 0 86 0 0 0 75 0 0 0 0 0 0 0 0 0 0 0 0 15 0 0 30 0 62 12 0 0 0 0 47 56 0 0 0 0 37 0 0 5 87 0 0 19 0 67 0 88 0 0 0 39 0 0 85 0 0 74 0 0 40 0 40 0 0 0 0 0 0 0 0 0 0 22 0 0
0 0 0 36 0 0 0 0 0 0 0 0 0 96 0 0 11 0 0 0 35 0 0 0 19 0 0 0 52 61 0 79 49 89 0 0 0 69 0 32 0 37 0 0 0 0 0 0 33 0 0 0 0 0 60 87 0 0 0 17 0 0 0 0 0 50 0 0 0 0 0 100 0 0 72 0 0 100 54 0 0 0 0 0 74 0 0 0 0 40 0 0 99 0 0 87 0 0 0 0
0 0 0 0 0 0 0 0 0 0 42 87 0 0 0 44 0 0 0 0 0 81 0 0 0 79 0 0 95 0 0 0 1 0 0 0 0 0 0 0 64 99 0 3 86 0 0 92 0 0 0 0 0 24 0 0 0 0 0 78 12 0 0 0 0 0 0 0 0 0 0 0 0 65 0 0 0 0 0 20 0 38 42 7 0 0 0 0 0 0 0 43 0 43 16 65 0 0 81 0
0 0 0 37 61 0 0 0 0 82 19 0 0 0 0 0 55 0 75 42 50 0 0 0 0 0 0 39 0 0 0 0 0 0 0 0 0 0 0 0 0 0 0 0 65 17 0 0 0 0 0 0 0 27 0 0 0 0 79 18 0 0 0 0 0 0 0 50 0 0 0 63 10 0 0 0 0 0 0 32 0 0 5 93 40 0 29 0 0 0 82 0 0 0 0 0 0 0 71 0
0 54 0 0 0 0 0 0 0 0 0 0 0 0 0 0 31 0 36 0 0 36 0 0 24 40 0 0 0 0 0 0 12 0 0 0 46 0 15 0 42 0 0 85 0 37 0 0 58 0 0 49 84 0 0 97 0 0 0 0 0 0 0 0 3 0 0 0 0 0 0 55 0 0 0 0 0 14 0 64 85 22 0 0 0 0 0 30 0 0 16 0 0 0 0 0 0 0 0 0
0 0 0 24 0 6 0 12 31 0 0 0 0 0 0 0 0 0 67 0 0 0 0 89 0 0 0 0 0 0 66 0 0 0 24 0 0 0 0 0 76 0 0 76 0 0 0 0 0 0 0 0 0 0 14 0 67 20 0 0 81 0 0 0 0 70 79 0 0 16 0 0 52 61 0 0 0 0 0 58 0 0 72 0 0 0 0 0 0 0 0 60 0 38 42 29 0 0 0 27
0 0 69 0 0 0 45 91 67 0 0 0 0 0 53 0 0 0 0 0 0 0 0 53 63 0 0 0 0 0 0 43 64 0 0 0 0 0 0 0 88 0 0 60 0 0 83 99 77 61 0 0 0 0 0 0 40 0 30 32 0 0 0 52 0 0 0 0 0 45 0 0 0 0 0 0 45 0 0 0 9 0 0 0 0 0 0 0 0 14 0 0 0 0 0 0 0 0 63 0
0 46 0 39 72 0 0 73 9 61 0 0 0 0 89 74 80 0 0 0 0 0 0 0 0 0 0 0 0 0 0 0 82 0 82 0 0 0 0 0 0 0 0 0 0 0 0 0 0 0 0 0 0 0 0 0 0 0 0 0 88 0 0 0 49 86 88 0 0 0 93 65 0 0 0 0 32 0 0 0 0 0 0 9 0 0 80 0 0 85 0 0 40 0 0 0 17 0 86 0
45 0 0 0 0 0 0 91 0 0 0 0 0 0 0 0 0 71 35 31 0 0 0 0 0 0 0 0 0 24 0 0 57 28 0 0 0 0 0 0 0 0 1 0 0 95 0 0 0 25 59 86 0 79 0 0 0 0 0 0 0 0 52 0 40 0 0 0 0 0 0 0 9 0 0 0 0 90 1 0 0 93 0 18 0 0 52 92 1 38 0 0 0 86 7 0 0 0 0 0
0 0 0 0 0 22 0 0 0 0 45 16 29 0 0 0 0 0 0 0 0 0 0 64 0 89 0 99 0 0 0 0 0 0 0 0 0 0 0 0 0 0 0 0 0 100 0 21 0 0 24 0 0 0 54 9 0 0 0 0 0 0 0 0 0 0 0 0 0 0 0 0 0 55 0 0 0 0 0 0 45 0 0 0 66 0 0 73 0 0 0 0 0 0 0 0 45 0 45 0
0 0 12 0 18 46 0 73 0 0 0 68 0 10 0 0 0 0 76 4 87 0 42 0 75 97 0 0 97 32 0 0 0 15 42 0 100 20 0 0 0 0 44 0 0 0 0 0 0 0 29 0 0 0 0 0 0 0 0 0 8 0 16 0 0 0 0 80 0 22 0 84 0 34 0 0 0 0 0 0 56 0 0 0 0 0 0 5 0 26 0 0 0 0 0 99 26 0 0 0
0 83 0 0 34 0 0 0 2 0 0 0 0 9 91 0 0 0 0 0 0 94 0 0 0 0 0 0 0 0 0 0 0 0 95 69 0 34 0 0 0 0 0 0 90 7 0 0 98 0 0 0 2 0 0 80 0 0 0 0 0 0 0 0 0 0 0 87 0 0 0 0 0 0 0 0 0 0 0 50 10 25 0 0 57 0 0 46 0 41 0 38 5 0 52 0 0 0 0 0
94 0 0 0 0 0 4 0 79 0 0 0 0 0 99 0 0 0 86 0 36 0 0 45 0 0 0 0 0 39 43 38 0 34 0 0 36 0 0 10 21 0 1 0 2 0 0 0 0 90 11 0 0 0 0 35 0 0 0 0 0 0 0 21 0 0 0 0 0 0 0 0 0 0 62 42 0 0 0 0 0 0 0 0 0 0 38 0 0 0 0 0 68 0 0 30 98 0 0 0
0 0 0 0 36 0 0 0 0 0 0 0 0 0 0 0 41 0 1 0 0 0 53 83 28 0 0 0 0 0 0 0 0 0 0 0 0 15 0 57 0 0 0 0 0 36 0 50 97 0 0 0 61 0 0 0 0 0 20 0 0 0 0 0 0 16 40 0 0 65 0 60 0 0 0 0 0 69 0 95 0 0 0 0 0 0 0 0 29 74 0 0 0 0 0 0 0 0 32 0
0 0 0 0 0 78 0 0 0 0 0 0 0 0 0 0 0 0 0 98 11 26 0 0 0 40 0 0 0 0 47 65 0 3 93 37 0 0 0 0 0 95 16 0 0 0 0 46 19 0 0 0 0 0 0 59 0 0 3 0 0 0 0 0 0 0 0 0 100 91 99 0 56 0 74 48 75 0 0 0 0 0 0 67 0 79 0 0 0 0 54 84 0 0 0 0 94 0 48 0
0 0 0 0 0 0 0 0 0 0 0 0 0 0 0 0 20 0 0 0 0 0 36 0 20 0 0 0 0 0 0 0 0 0 0 0 0 0 0 0 0 0 0 0 64 0 0 0 53 0 0 0 81 99 0 49 0 0 74 0 0 56 0 0 0 63 0 0 18 0 0 0 97 0 77 0 0 16 0 0 0 0 0 0 0 0 84 0 0 0 0 0 0 19 12 0 0 12 92 0
2 0 0 2 0 18 0 24 0 21 78 0 0 0 0 0 0 54 0 0 0 6 0 0 33 0 0 0 0 0 0 0 3 0 0 0 0 0 99 10 0 0 0 77 0 26 0 10 0 0 0 0 71 0 21 92 0 0 0 0 32 0 0 0 0 0 0 87 6 0 62 0 0 0 29 65 63 4 0 94 0 9 0 0 55 0 0 0 0 0 0 0 94 82 0 0 0 3 66 0
0 0 0 0 0 44 0 0 0 53 0 0 5 0 34 0 0 0 69 0 0 0 0 99 0 0 73 16 0 0 0 87 11 52 0 0 74 0 0 0 0 0 32 10 0 83 0 0 65 0 0 0 0 41 0 0 88 9 0 0 76 55 0 89 12 0 0 0 99 0 0 88 82 0 80 13 37 0 100 26 0 85 0 0 74 0 0 53 0 0 0 85 0 0 0 60 0 0 100 0
75 0 0 0 78 65 0 0 0 0 77 0 0 0 0 0 0 0 0 0 0 0 0 0 0 0 0 0 0 22 0 0 0 0 0 0 0 0 0 0 0 0 89 0 57 0 0 0 0 0 0 0 0 0 0 82 0 24 40 0 78 0 30 0 67 0 0 0 0 0 0 0 0 0 0 0 0 0 0 0 0 0 0 0 0 0 0 0 0 0 0 0 0 0 90 0 0 0 0 0
0 0 92 0 0 0 0 0 0 0 78 62 0 0 0 0 36 0 0 0 0 0 0 0 0 0 0 0 0 0 0 0 0 81 48 35 59 61 89 0 0 0 85 0 27 0 17 0 0 0 0 95 0 24 98 0 80 0 0 0 0 0 0 48 0 0 40 0 7 0 0 0 48 64 0 0 59 0 0 68 0 0 0 66 17 12 0 9 0 0 0 66 0 0 0 28 0 0 0 0
0 0 0 0 46 0 0 14 0 0 0 91 0 0 0 0 0 0 0 3 0 0 0 0 0 0 0 0 0 0 0 0 0 0 0 0 0 53 0 47 0 0 39 0 0 0 0 0 0 0 9 0 0 72 0 0 0 0 0 16 0 0 0 0 0 0 0 0 0 0 0 0 0 12 0 0 0 99 12 0 0 0 0 22 81 0 0 0 0 0 0 0 0 2 0 0 0 0 0 0
23 0 0 0 0 18 0 38 6 6 0 20 0 46 92 0 0 0 0 24 0 0 0 0 0 0 88 0 85 0 0 0 0 0 0 0 0 0 0 0 0 0 35 0 0 0 0 0 0 0 0 0 70 0 0 0 0 0 0 0 0 0 0 0 0 0 0 0 0 0 0 0 0 0 0 25 29 0 60 0 0 0 0 0 92 0 58 0 0 0 4 0 39 50 0 0 0 82 0 0
0 54 86 0 0 0 0 0 0 84 0 0 14 0 0 84 0 0 0 0 0 59 12 92 0 0 0 0 0 52 0 7 0 0 0 0 0 0 0 0 0 0 0 97 0 0 0 77 51 0 3 98 0 0 0 75 0 0 0 0 0 0 0 0 0 0 0 0 0 0 0 89 0 0 0 0 0 0 0 0 0 0 0 86 0 0 0 0 0 0 0 88 0 20 45 0 0 0 0 0
0 0 0 0 47 0 0 0 0 0 0 0 51 0 0 0 0 0 0 99 0 0 0 0 0 0 0 0 0 0 62 0 9 0 0 44 0 0 0 0 0 0 0 0 0 0 87 0 0 0 0 0 0 0 75 0 0 0 100 12 0 0 0 0 0 25 7 0 0 97 25 0 0 87 0 0 0 25 63 0 0 0 44 16 0 0 0 0 60 0 59 0 54 0 0 90 0 0 0 96
0 61 0 0 0 0 0 0 0 0 0 83 12 0 0 0 75 0 0 0 99 65 50 0 0 88 0 0 0 0 13 0 88 0 64 0 12 0 74 0 0 0 0 92 80 0 0 0 0 0 8 0 47 81 58 0 0 50 0 0 0 83 0 0 0 0 30 0 0 0 0 0 0 0 0 0 0 0 0 0 24 0 15 12 0 0 0 16 0 0 40 0 0 3 0 0 0 0 0 39
0 0 0 0 0 0 0 0 0 77 17 0 0 0 0 36 92 4 28 0 0 0 0 0 18 0 0 43 0 0 0 0 0 0 0 0 0 0 29 0 0 53 0 0 0 0 0 0 0 0 0 0 0 0 0 0 0 0 0 33 0 0 0 0 0 0 0 0 0 74 26 0 0 0 33 44 0 0 0 0 100 0 0 0 90 0 17 0 77 0 32 0 32 0 92 34 77 0 0 55
67 0 0 0 0 0 0 0 0 0 0 0 0 0 0 0 77 0 69 0 18 0 22 0 0 0 0 0 0 67 0 0 0 0 0 0 0 0 0 0 33 0 0 83 0 0 0 0 0 0 0 67 0 0 47 0 0 0 0 91 0 0 0 53 0 0 0 0 0 0 0 5 0 97 0 0 14 80 0 0 0 0 72 0 0 0 0 26 0 0 88 63 0 0 0 89 0 0 0 83
0 0 0 0 0 0 0 100 0 14 54 0 0 0 0 0 0 0 0 0 0 69 0 0 0 19 10 0 0 0 0 0 38 100 0 0 0 0 0 0 12 6 0 0 0 0 0 0 0 0 0 0 45 59 89 0 0 0 0 0 0 1 0 0 0 0 0 0 72 0 0 0 0 0 0 81 11 0 0 0 0 0 0 0 0 0 0 0 3 0 51 0 0 99 0 0 18 0 12 0
0 0 0 33 0 0 20 0 0 0 0 0 0 0 68 63 0 0 42 12 15 0 0 36 0 0 0 34 24 65 0 96 0 0 0 75 84 0 96 0 0 0 0 0 0 0 0 0 7 56 78 0 0 0 0 0 88 0 0 0 0 0 0 8 98 0 63 0 0 0 74 0 0 65 0 0 0 0 0 0 0 83 0 0 45 97 0 0 0 0 0 0 0 0 0 0 0 0 0 17
0 0 0 0 0 0 24 0 50 24 0 72 35 53 0 0 58 0 90 0 0 0 0 22 0 0 0 0 0 0 0 0 0 0 0 0 0 0 0 0 0 0 0 60 0 0 50 0 0 0 0 0 83 75 74 0 0 0 0 0 0 0 0 0 0 0 0 0 0 0 0 33 0 0 0 0 0 0 0 0 0 0 0 0 0 0 0 41 0 0 0 60 83 0 42 0 0 0 0 12
0 86 0 83 0 0 0 0 0 0 0 0 0 0 0 0 0 0 0 0 0 0 0 0 0 0 0 0 85 0 0 0 0 72 0 0 0 12 0 0 0 56 0 0 0 0 0 0 65 2 0 0 13 0 0 0 0 0 0 0 0 0 0 0 0 44 0 0 21 32 0 0 0 0 0 49 20 0 0 0 0 0 0 0 1 86 0 0 92 0 0 0 0 0 0 0 0 0 19 0
0 0 0 68 0 74 0 0 0 0 0 0 0 55 66 0 0 0 0 0 0 77 94 23 0 85 0 0 0 0 0 0 0 89 53 0 99 23 0 0 51 0 0 0 65 0 0 89 0 0 67 0 71 0 0 66 0 0 19 0 20 18 94 0 49 90 0 0 52 0 0 0 5 67 77 0 87 0 0 0 0 0 0 71 0 0 6 0 0 0 0 7 0 12 0 0 0 0 0 0
0 70 0 0 0 100 0 0 0 0 0 0 0 0 10 0 34 0 0 0 0 0 0 0 0 0 0 0 0 0 0 0 0 0 33 0 0 0 68 0 0 0 0 38 0 0 0 76 0 0 0 0 0 0 0 0 0 0 0 0 0 0 0 13 0 0 36 39 75 0 0 24 0 0 0 0 80 0 0 0 0 0 0 9 0 0 0 0 0 0 0 0 0 0 0 0 69 0 0 0
18 0 0 76 0 0 0 0 0 0 26 0 61 0 35 52 0 0 65 0 90 0 0 76 38 0 0 21 0 0 0 38 0 0 73 12 0 0 0 0 77 0 73 0 69 0 0 0 0 0 5 0 0 90 0 0 0 0 0 75 0 0 0 0 0 0 99 0 0 0 0 0 0 0 27 0 0 0 0 41 85 38 0 0 0 0 0 0 0 0 0 0 0 56 0 0 0 0 0 69
0 0 0 0 0 0 32 65 0 39 0 0 70 0 0 0 0 0 0 0 0 88 0 59 0 0 2 0 0 0 0 16 0 0 0 57 0 0 0 0 9 0 49 0 0 0 9 26 97 0 0 0 24 0 0 0 0 0 0 0 0 0 0 0 8 0 0 0 0 0 0 0 0 48 0 0 24 55 0 0 0 0 0 0 0 0 0 28 0 9 0 0 0 0 0 12 0 0 0 0
0 83 0 0 0 0 0 0 0 0 0 0 0 0 0 0 0 0 0 68 60 56 82 0 28 0 3 53 88 0 0 0 0 0 0 25 0 0 0 0 33 0 31 0 55 0 0 0 0 0 0 0 0 0 0 0 0 0 0 0 0 0 0 0 0 0 0 30 40 0 0 0 0 0 0 3 0 0 0 0 0 0 0 0 0 0 0 0 0 31 0 85 0 0 0 68 0 0 0 0
0 0 0 0 0 0 0 0 0 67 0 49 0 14 0 0 0 0 0 61 0 0 33 0 0 0 0 0 0 0 94 0 0 99 0 0 0 0 96 0 0 92 0 0 0 0 0 0 0 0 89 0 99 0 0 0 67 62 0 0 0 0 0 0 0 0 0 96 0 0 0 0 0 0 0 18 0 0 0 0 0 0 0 0 0 0 0 0 0 0 0 0 0 76 64 0 26 0 0 0
0 13 0 0 63 78 0 0 0 52 0 0 7 75 0 0 0 0 0 0 0 0 0 67 0 0 0 0 28 61 0 0 0 0 0 0 20 0 0 0 0 0 0 11 74 0 87 0 0 31 27 47 0 21 0 0 0 0 0 0 0 0 0 90 0 0 0 0 88 37 0 0 0 0 0 0 42 0 0 99 0 0 0 0 36 0 0 0 0 0 0 0 87 46 0 0 0 0 0 55
58 0 0 0 0 0 33 30 0 0 0 0 7 0 0 0 0 59 0 0 0 0 0 0 0 0 0 26 0 0 0 99 0 86 0 0 0 0 0 0 69 0 0 61 0 0 0 0 79 0 23 24 0 0 0 99 0 0 65 0 72 0 0 0 0 0 0 0 0 68 0 0 79 0 0 0 0 96 0 68 0 0 23 0 0 84 55 0 0 88 0 0 0 0 0 0 56 0 0 0
0 7 0 0 0 0 75 0 0 0 0 16 0 9 0 0 19 0 0 0 0 24 38 0 0 0 0 0 0 0 14 0 0 0 0 16 0 0 0 6 0 0 0 0 71 0 58 0 0 49 0 0 0 0 10 0 0 64 0 0 0 0 27 0 0 0 0 0 4 0 0 0 0 0 0 65 0 0 29 0 0 0 39 0 0 0 0 0 0 85 0 0 11 1 55 0 0 0 51 0
0 0 0 0 0 97 32 45 31 55 0 0 26 0 61 68 14 0 86 0 73 0 0 0 0 0 0 21 0 0 1 0 82 0 0 0 0 0 0 0 0 0 71 0 0 0 0 0 0 0 0 0 0 0 0 29 0 0 0 0 0 26 0 0 0 0 85 0 0 0 0 0 0 70 0 0 0 47 0 100 0 0 0 0 0 92 0 0 98 79 0 19 31 0 0 0 0 0 0 0
0 0 0 0 0 0 0 0 0 0 0 66 0 0 63 0 61 0 0 0 0 0 0 0 0 0 0 0 73 0 3 0 0 0 0 0 0 0 0 0 0 0 0 0 0 0 0 0 0 0 0 0 42 0 0 0 80 31 15 0 0 52 0 0 81 0 23 0 0 0 0 52 0 0 0 77 0 74 91 29 0 85 0 0 0 58 0 0 0 0 0 0 0 0 0 0 0 0 0 86
0 0 0 0 0 0 0 0 12 58 0 33 0 0 0 0 0 5 0 0 0 65 30 0 0 0 0 0 0 0 0 0 0 0 0 48 0 20 0 0 35 56 0 85 0 0 0 48 0 43 74 0 0 0 0 0 33 0 53 0 15 0 0 0 0 87 0 0 39 3 77 52 0 0 0 0 19 0 0 0 89 90 68 0 20 8 27 0 0 10 0 0 0 0 0 80 0 0 0 0
0 0 0 0 73 0 0 91 0 60 0 77 56 0 0 34 0 0 0 0 80 0 0 0 0 0 7 0 80 0 94 0 0 0 81 0 0 0 0 0 0 54 55 0 0 0 0 0 0 0 0 0 0 0 0 0 0 0 0 10 0 0 0 0 0 28 0 0 0 51 0 0 0 82 0 0 0 0 0 0 15 84 17 0 87 0 0 0 72 80 5 4 0 0 33 0 0 65 18 0
0 22 0 0 0 56 0 0 0 3 0 0 0 0 0 29 0 0 0 71 0 0 0 0 0 24 0 0 0 0 0 0 78 0 96 55 0 43 0 80 0 0 0 0 0 0 0 5 0 27 0 90 0 0 0 0 61 79 68 0 0 10 0 0 0 0 0 77 0 0 0 0 0 0 0 0 0 0 0 0 75 0 0 0 24 36 72 52 0 20 0 0 0 67 16 0 55 0 0 0
0 13 0 93 0 0 0 47 55 0 0 0 52 0 0 0 0 15 0 0 0 0 0 0 0 91 0 10 9 99 0 0 0 0 0 58 87 0 0 0 0 0 0 0 0 0 0 9 0 0 89 0 31 0 0 95 0 0 0 0 0 0 0 0 0 0 0 0 63 0 0 0 0 0 0 0 0 0 0 0 0 0 51 0 0 0 0 89 0 0 34 0 53 0 0 0 0 0 0 0
0 0 0 0 0 38 0 59 0 63 24 0 92 12 0 0 63 0 0 77 0 0 0 0 0 60 2 0 0 0 0 59 68 0 0 0 0 64 0 0 0 0 0 0 0 0 0 65 0 0 0 9 41 0 0 83 0 98 0 0 86 31 63 0 0 0 50 0 0 0 0 0 0 57 0 0 0 10 10 34 37 0 0 80 0 0 0 78 0 0 0 0 0 0 0 14 0 0 0 1
0 0 0 0 0 0 0 0 0 15 0 93 0 0 0 0 0 0 8 0 0 0 0 0 0 0 62 89 37 0 0 0 84 0 0 92 57 0 40 76 0 0 0 0 8 31 0 0 48 0 23 0 0 77 0 17 0 0 0 71 0 32 0 0 15 0 64 0 0 86 0 0 83 0 80 0 0 0 0 0 0 9 0 0 0 0 0 0 0 0 0 0 6 0 0 0 0 24 0 0
0 0 0 22 0 0 38 0 0 0 0 0 17 31 0 0 0 0 0 0 0 0 0 0 49 0 0 0 95 0 80 27 39 0 0 0 0 0 0 0 55 50 0 0 0 0 92 0 0 0 82 0 0 0 0 0 0 65 0 69 0 0 0 0 0 0 0 0 0 0 0 0 80 0 47 0 0 46 0 0 0 0 0 0 0 0 69 74 0 0 0 27 43 0 0 0 44 34 0 0
0 0 45 0 0 0 91 0 19 0 0 0 0 0 0 0 0 0 0 0 0 0 0 0 31 14 0 69 0 0 43 0 0 0 0 0 0 0 58 0 0 4 0 0 48 0 0 0 0 7 0 0 0 0 0 0 0 16 0 33 0 0 0 9 11 0 39 0 0 33 0 0 0 70 0 23 0 48 0 0 0 0 0 0 57 0 0 31 0 0 0 0 51 31 33 0 0 0 0 0
0 0 0 0 0 0 0 0 0 0 0 66 58 0 0 71 0 64 63 95 0 0 0 0 0 0 0 0 0 0 0 63 0 0 0 0 0 0 45 0 0 0 36 0 0 0 0 0 0 0 39 24 0 59 0 55 0 0 0 0 0 0 0 0 0 0 0 0 0 0 0 0 0 0 0 15 0 0 0 0 0 0 0 0 0 0 0 0 0 0 83 0 0 0 66 20 0 0 0 0
0 0 0 85 5 0 0 0 39 74 0 0 0 0 0 45 0 49 0 0 0 0 0 0 0 0 0 0 0 0 87 36 98 0 0 0 0 0 62 0 0 0 0 0 0 0 0 63 0 0 0 0 81 33 58 0 0 0 0 7 0 0 0 0 0 0 0 0 0 0 70 0 0 5 0 0 0 0 0 0 43 0 0 0 0 0 0 24 0 51 0 0 77 62 0 0 0 0 0 0
0 0 42 0 91 0 12 0 0 0 92 0 0 88 0 0 0 0 0 0 0 84 0 0 0 0 0 0 0 0 0 0 0 0 0 73 0 0 7 29 0 0 95 0 0 0 0 0 0 0 63 0 0 0 16 0 0 0 0 31 0 0 0 0 0 0 98 0 0 0 0 30 0 0 0 0 98 72 96 0 0 0 98 56 0 0 0 0 0 66 12 0 13 0 0 0 0 0 0 0
0 0 75 47 0 0 0 50 0 0 0 0 45 0 0 0 0 0 0 2 46 0 92 0 0 0 0 0 92 0 81 0 0 0 0 42 0 0 7 0 0 0 0 0 0 0 37 62 0 0 33 0 24 0 0 0 0 0 0 0 51 0 93 0 0 0 0 79 38 0 0 0 0 0 0 0 0 26 0 0 0 0 0 0 58 0 0 23 0 80 0 0 0 0 0 0 0 0 0 69
39 0 0 0 0 0 0 18 0 0 76 0 0 0 47 43 69 0 99 0 0 0 57 0 0 0 0 0 0 0 0 15 0 0 72 0 0 0 0 0 98 0 53 0 0 0 0 0 0 19 0 0 0 0 0 0 0 0 0 0 82 38 0 0 0 0 0 0 0 55 29 0 0 0 0 60 0 0 13 0 0 0 0 0 58 0 0 24 0 0 16 0 0 0 0 0 22 0 59 0
44 0 0 0 89 95 40 0 0 0 39 0 0 0 0 0 70 0 0 40 0 0 8 0 61 0 0 0 0 0 0 42 0 0 15 0 11 0 0 0 0 24 0 0 0 0 0 91 0 0 0 49 0 92 40 0 0 10 82 0 95 0 0 14 0 0 0 0 0 0 0 0 0 34 0 0 0 0 7 0 0 99 0 0 0 0 13 11 0 0 0 0 0 17 53 0 0 17 0 69
0 0 93 0 0 29 66 0 0 0 0 50 0 20 0 0 80 0 0 0 86 0 61 0 0 0 0 0 68 0 0 0 0 97 0 0 0 0 74 0 0 0 0 0 28 24 0 0 0 0 0 43 0 0 18 0 0 0 0 0 0 0 0 0 0 0 0 0 0 0 0 0 0 0 0 90 0 0 70 0 0 63 0 0 0 0 0 89 0 52 33 35 0 0 1 0 0 0 0 10
0 4 0 0 0 0 35 34 0 0 0 31 0 0 0 0 0 0 0 0 30 0 46 0 0 0 0 12 83 0 13 0 0 29 0 9 0 0 0 0 26 0 41 0 0 0 0 0 72 48 0 0 0 0 0 0 0 21 0 69 0 0 33 0 0 0 49 0 0 27 39 0 0 0 0 0 62 0 0 0 83 28 0 0 0 21 0 0 46 0 0 0 62 0 0 0 0 73 0 0
0 57 49 0 49 0 0 0 95 0 0 0 0 82 0 0 0 0 0 0 0 0 0 0 0 0 0 0 63 0 0 0 0 82 0 25 0 0 0 0 0 0 0 0 66 0 59 0 0 0 94 0 0 0 0 0 0 69 0 1 0 79 0 0 0 0 0 0 0 0 0 43 0 0 46 0 80 89 0 0 0 0 0 0 0 0 0 0 0 0 0 0 0 45 0 0 0 0 0 84
0 0 16 25 0 0 0 0 0 48 0 92 0 44 2 0 0 0 0 0 0 89 0 0 0 0 0 0 25 44 24 0 0 0 0 33 0 0 0 0 0 19 0 0 0 0 0 0 0 0 0 56 0 0 39 25 0 0 21 0 20 0 67 0 0 0 58 0 0 0 0 97 0 40 0 0 42 0 0 8 0 0 0 0 0 0 0 0 0 0 66 100 0 0 0 0 0 0 0 0
0 0 0 0 0 0 0 89 0 0 0 0 72 0 0 0 0 0 0 0 0 81 0 0 0 0 0 57 0 0 0 0 0 0 0 0 34 43 0 0 0 0 0 64 0 0 0 0 31 0 0 0 12 0 0 38 0 8 1 0 0 83 0 0 0 0 0 0 0 0 0 0 0 0 96 0 0 0 0 0 92 0 0 0 0 0 0 0 0 0 0 0 95 0 0 80 0 0 5 0
0 0 0 0 0 0 0 0 0 0 0 0 0 0 0 97 0 0 0 26 0 8 0 11 0 0 0 0 0 0 7 0 0 0 0 0 0 0 32 36 0 0 0 0 0 0 0 0 41 93 0 69 46 0 0 0 0 69 0 0 0 0 86 61 0 0 0 0 0 0 0 88 0 31 0 0 0 0 0 0 0 0 0 11 0 0 0 44 0 0 64 0 0 0 48 72 29 0 0 0
23 0 23 0 86 96 0 0 0 93 0 0 0 100 0 0 86 65 0 0 0 0 0 33 0 47 0 0 36 55 0 0 0 54 84 0 0 0 91 0 0 0 6 0 0 69 83 0 48 0 72 0 21 0 0 0 0 89 14 0 0 0 0 0 8 0 0 0 0 0 0 0 0 92 0 0 91 0 0 39 0 0 0 39 0 22 11 81 9 0 0 26 0 0 0 0 0 0 0 0
0 0 0 0 0 0 0 0 0 0 0 0 0 0 0 0 7 0 81 75 89 0 0 0 0 0 0 19 0 64 0 0 91 0 0 10 0 0 0 92 0 50 0 0 0 0 0 0 0 0 0 0 0 0 0 0 80 0 37 0 0 19 0 44 19 40 35 0 0 0 0 0 22 0 0 0 74 0 6 0 72 0 0 0 18 63 0 0 0 79 15 0 0 0 0 0 47 0 0 0
92 0 97 0 0 0 0 37 0 0 0 0 0 0 0 0 0 0 99 0 27 0 0 0 2 0 3 71 0 0 0 0 0 0 0 0 38 0 20 89 0 0 18 0 0 0 48 0 0 0 0 0 0 0 96 0 0 0 0 0 46 0 0 0 0 0 0 0 0 0 95 97 85 90 0 0 0 75 63 0 0 0 0 0 0 0 0 0 0 0 8 20 0 0 0 0 0 1 28 0
0 0 0 10 0 0 0 0 0 0 92 0 0 0 0 0 0 0 16 0 17 0 95 0 0 0 0 0 3 0 0 44 36 0 27 0 0 35 90 0 0 0 66 0 84 0 0 0 0 0 0 0 0 0 0 94 0 70 0 0 0 0 0 51 0 0 0 0 0 0 0 0 0 0 8 0 0 0 0 0 0 0 0 0 91 0 0 0 0 0 0 0 0 0 0 0 0 0 0 24
0 77 0 75 0 98 0 0 0 0 23 0 0 0 41 38 0 0 0 44 65 0 0 0 0 0 42 0 0 0 0 65 47 0 75 0 0 0 0 0 9 0 0 88 0 0 0 0 1 0 0 0 0 0 0 0 0 0 0 97 56 36 0 92 0 0 43 0 3 0 0 49 0 0 0 0 0 0 0 0 19 0 38 0 0 0 75 0 0 85 0 0 0 0 40 37 0 0 0 55
4 79 0 0 0 0 45 0 0 0 0 0 70 0 0 0 0 96 31 71 0 63 0 45 0 0 0 0 0 0 78 49 0 0 52 0 0 0 0 15 13 0 0 0 0 0 0 0 44 0 0 0 3 0 0 0 16 0 85 0 71 0 0 0 0 0 0 0 90 0 0 0 0 0 0 0 0 0 17 0 0 73 0 0 11 0 89 0 0 0 0 0 0 4 0 0 0 0 0 0
0 0 11 0 0 96 0 0 66 0 0 0 0 0 0 0 0 63 0 0 0 0 0 55 0 0 0 0 0 0 24 0 0 0 78 0 67 5 84 0 0 0 0 0 0 0 0 0 41 0 0 0 0 0 0 12 97 56 0 63 24 0 0 0 0 0 0 0 0 73 0 0 0 0 23 0 0 0 26 0 3 0 0 0 0 0 0 0 0 4 0 13 0 5 0 0 74 0 0 0
8 0 41 0 0 0 0 65 0 0 0 0 90 81 0 89 0 0 42 0 91 100 0 0 0 0 0 0 52 63 0 0 0 0 0 34 0 0 0 0 0 0 0 0 20 0 0 0 100 0 62 0 0 0 0 0 0 0 0 6 0 0 76 52 0 0 0 58 0 0 0 0 0 0 0 0 25 0 0 8 0 0 0 0 0 53 0 0 0 25 0 1 0 0 0 82 0 90 0 0
52 0 0 97 85 0 42 7 9 32 0 50 82 0 0 0 0 0 61 0 0 0 0 0 0 0 0 0 0 0 87 44 0 0 0 67 0 72 88 28 0 0 0 0 12 0 0 0 0 0 0 0 0 81 0 0 0 0 0 0 0 0 0 0 0 0 0 0 0 0 0 6 43 0 0 0 48 59 0 10 0 0 0 0 0 95 0 0 0 43 100 48 0 0 0 0 0 19 0 64
0 3 0 0 0 0 6 0 0 42 0 0 0 0 0 0 0 0 0 0 0 0 0 0 0 0 0 0 0 0 0 0 20 0 0 0 100 0 0 0 0 0 45 6 0 0 0 45 0 0 19 0 0 0 0 100 0 0 0 0 0 31 0 13 0 0 0 61 46 0 0 0 69 0 0 0 0 28 32 19 0 89 0 76 0 0 0 92 0 7 0 42 0 0 48 43 0 0 0 77
0 0 0 0 0 0 0 0 0 0 73 58 0 0 48 38 0 0 82 0 0 0 71 27 4 0 0 0 0 53 4 66 0 0 20 0 1 81 0 0 0 0 0 0 0 98 0 0 0 0 84 16 0 0 0 0 0 71 0 0 0 79 0 0 0 0 0 0 0 0 0 48 48 0 0 67 0 0 0 0 0 0 39 0 0 0 0 0 45 0 0 15 0 0 0 0 0 0 0 0
0 0 0 0 0 0 89 90 0 0 0 52 0 0 0 4 0 0 1 67 0 0 0 0 0 14 0 0 0 0 98 40 0 36 0 0 27 0 0 0 61 0 0 0 0 0 0 0 0 0 0 0 37 0 0 0 48 0 0 0 93 90 0 0 0 23 0 0 0 0 0 0 0 36 100 0 73 0 0 0 0 90 0 0 0 0 42 0 0 12 0 0 0 8 0 0 6 74 41 0
48 0 0 0 0 76 0 0 0 0 25 4 0 0 0 0 75 0 0 0 0 0 91 0 98 0 0 0 0 0 0 79 0 0 0 0 21 0 0 0 0 0 92 49 0 0 0 0 62 0 90 0 94 0 44 0 74 0 49 0 0 20 100 0 0 0 0 0 0 17 0 17 0 0 0 67 0 0 0 0 78 0 0 0 0 0 0 0 0 0 0 0 3 49 0 0 35 0 0 0
6 0 0 66 0 47 0 0 0 0 0 0 90 0 0 0 0 42 0 0 0 0 0 0 0 0 0 28 0 0 0 74 0 57 81 0 39 0 0 70 0 0 44 0 0 0 0 0 25 64 51 0 0 0 0 0 0 79 0 0 0 0 57 0 0 0 0 89 0 74 0 0 0 91 0 0 0 0 0 0 80 0 0 0 0 0 0 47 82 0 0 0 0 0 33 0 0 0 0 0
0 0 15 29 0 0 0 49 54 71 0 3 0 0 36 0 0 0 0 0 0 0 0 0 0 0 0 0 0 0 0 0 0 0 0 0 0 0 0 82 67 0 0 0 48 0 20 0 11 14 0 0 0 0 0 0 0 0 0 3 46 28 0 0 51 47 0 0 0 77 0 0 0 96 91 28 0 0 0 0 0 0 0 0 0 0 0 9 0 35 0 0 0 0 0 0 0 93 0 0
0 0 0 0 0 0 0 0 46 0 79 0 30 1 98 0 18 0 0 0 0 49 98 0 0 0 6 0 75 40 0 0 0 0 59 9 0 0 0 0 11 18 0 20 0 0 0 0 0 29 4 0 0 1 0 0 0 0 0 0 0 0 43 0 9 24 0 0 28 96 0 95 0 0 0 0 0 23 0 0 0 0 0 0 93 0 0 0 0 0 63 62 0 0 59 0 21 99 0 0
0 0 0 0 85 0 45 0 0 0 0 0 41 0 0 0 0 0 0 0 0 0 0 0 55 40 0 0 87 0 68 79 0 0 0 0 0 0 0 0 0 0 1 0 0 0 0 0 0 0 0 0 0 0 0 0 0 0 3 0 0 0 0 62 67 0 41 0 0 0 0 18 0 0 0 0 98 0 61 0 0 82 0 65 0 0 0 0 0 59 0 0 0 99 0 0 0 0 0 0
0 0 0 0 0 0 0 0 10 0 0 0 0 54 0 81 0 0 3 0 0 81 0 0 0 43 0 0 0 0 0 0 0 0 0 0 0 0 43 23 0 0 0 0 0 0 0 0 53 0 46 0 0 0 0 34 36 89 0 84 0 0 0 0 0 78 0 51 0 76 23 0 0 0 66 0 89 0 91 0 0 43 0 0 0 0 0 0 0 27 0 94 0 79 0 0 0 0 74 0
0 27 18 0 59 27 0 0 10 0 8 0 0 0 0 56 0 0 0 0 0 64 0 0 41 0 39 0 0 0 0 0 0 57 0 0 0 0 0 0 71 0 0 0 0 0 0 53 19 0 0 0 17 0 0 0 0 15 0 0 0 44 0 0 0 0 0 0 0 0 0 0 0 8 0 0 0 13 68 56 0 83 0 11 0 0 0 0 0 0 0 0 65 0 0 57 93 33 0 0
0 0 0 11 0 54 0 0 0 93 7 0 83 0 0 0 0 76 0 0 0 0 0 11 0 0 0 0 0 0 57 0 0 0 0 84 0 0 35 0 40 12 76 0 0 0 7 0 0 0 0 81 0 0 0 0 0 0 0 0 0 0 0 0 0 0 30 0 0 0 0 0 98 0 43 0 45 86 0 0 24 0 0 0 29 0 0 39 0 0 98 0 0 55 79 0 0 34 37 82
0 0 0 0 0 24 0 53 0 0 90 0 0 0 1 0 12 0 9 0 0 86 0 0 0 0 0 15 68 0 0 0 0 0 0 0 0 6 0 0 0 0 28 0 0 0 0 0 0 0 0 0 0 0 66 84 0 0 0 0 0 0 0 0 0 0 0 4 0 30 0 0 17 0 0 0 0 0 25 0 0 0 0 64 0 0 0 0 0 31 60 0 0 0 0 0 7 80 0 0
0 97 31 0 0 88 0 84 0 25 31 0 0 0 86 0 0 0 0 0 0 0 0 77 0 0 0 0 0 0 0 75 0 0 0 0 0 0 0 0 0 0 0 0 0 59 0 0 0 87 0 0 0 0 0 0 14 0 0 0 0 0 0 65 0 0 72 30 0 0 0 0 0 0 0 0 0 0 43 0 0 0 67 0 29 0 0 0 0 59 0 0 0 0 0 0 82 0 0 0
0 0 0 0 37 0 28 95 93 0 59 0 74 0 5 0 0 0 0 76 53 0 0 75 92 0 0 0 0 0 0 0 0 62 25 0 0 0 0 0 0 11 0 11 0 11 26 0 0 0 0 0 89 0 0 11 0 0 0 0 0 22 0 0 0 0 0 88 64 0 0 0 0 0 0 0 0 19 0 0 0 0 0 86 0 0 0 0 0 0 0 42 0 0 0 86 0 0 0 0
0 0 0 0 1 96 24 0 0 0 0 0 0 48 0 0 59 37 0 0 0 0 0 0 36 0 0 69 0 0 0 0 0 0 0 0 0 79 0 0 83 0 0 0 0 0 0 22 27 0 0 0 0 0 44 0 0 0 0 94 0 0 9 61 0 33 0 0 49 0 0 0 0 0 0 75 92 0 65 0 0 0 21 2 0 99 0 0 8 0 0 58 0 0 0 0 0 0 0 0
0 0 0 0 12 0 85 0 0 0 0 0 0 75 0 0 70 0 41 0 32 0 0 0 0 0 41 87 83 0 0 0 0 0 0 0 0 0 0 83 19 0 0 0 0 0 11 0 0 39 0 100 100 0 0 0 0 0 0 0 0 0 0 0 89 0 0 0 0 65 0 0 22 0 0 0 80 0 0 0 69 0 0 0 0 82 88 0 81 0 0 0 0 0 0 0 0 0 38 0
0 0 0 0 0 1 0 0 80 0 0 0 0 0 98 0 0 0 0 0 0 0 0 0 94 0 0 0 0 0 0 95 0 0 0 0 45 43 26 0 30 32 0 80 0 0 0 22 0 61 0 14 0 0 0 0 0 24 0 0 0 0 0 22 0 0 99 0 0 0 6 0 0 0 0 0 0 0 0 67 9 12 0 0 27 0 0 0 0 0 0 0 0 0 0 0 0 0 0 0
9 0 48 0 0 0 0 0 76 5 0 0 0 6 68 0 78 0 0 0 0 0 0 38 0 0 0 0 0 0 0 0 87 0 52 0 0 0 0 16 0 0 0 0 0 0 34 0 0 81 0 0 5 0 21 0 0 0 0 0 0 0 0 0 0 0 0 0 0 82 0 0 0 0 0 16 66 54 0 0 41 0 0 0 0 0 0 0 26 0 65 20 0 0 0 0 0 0 0 0
0 0 0 43 83 0 22 0 87 0 86 0 0 94 0 0 0 9 0 0 0 0 58 15 0 0 37 0 0 0 0 58 21 0 70 0 0 0 0 0 0 24 2 98 0 75 0 0 0 0 0 0 0 0 0 21 0 0 0 0 0 0 0 0 0 0 87 0 0 0 0 0 0 92 0 0 0 0 0 33 12 0 0 0 0 0 0 0 0 0 0 91 94 0 76 70 0 0 30 0
0 0 0 0 0 0 75 0 10 0 0 0 92 0 0 0 0 0 0 84 0 0 40 0 0 80 52 22 0 68 0 0 0 0 34 0 39 0 98 0 16 93 0 0 16 0 0 0 0 16 0 0 0 0 0 0 0 0 0 20 80 14 0 0 83 0 0 0 82 0 98 0 17 0 0 0 0 65 0 0 0 0 0 87 80 0 0 0 0 0 0 0 0 0 0 0 0 24 0 0
0 0 0 44 0 0 0 0 0 0 0 50 39 61 0 0 0 34 0 0 94 26 68 0 0 0 75 0 0 0 0 0 0 0 28 0 0 0 0 0 72 0 0 0 0 0 0 0 0 11 0 77 79 15 37 0 0 0 86 0 0 0 0 77 93 0 0 0 0 0 0 0 0 0 0 69 0 0 0 0 0 26 93 0 95 0 0 74 0 12 0 0 0 0 0 0 0 0 12 0
0 29 0 0 0 0 96 73 0 26 98 0 61 0 99 37 0 62 0 0 0 0 0 0 0 0 0 0 0 0 44 0 0 0 0 55 0 0 0 0 0 16 0 0 44 0 0 0 0 46 24 84 0 16 48 0 0 5 0 29 14 55 0 38 97 89 85 0 0 0 0 0 70 0 0 0 0 0 0 0 0 0 43 0 0 99 0 0 0 62 0 0 0 0 0 0 0 0 0 0
67 0 20 0 0 0 27 0 92 0 81 0 0 0 0 72 0 0 0 0 0 75 29 0 0 0 0 0 0 16 0 0 0 0 0 0 53 0 0 82 0 0 0 0 86 0 0 0 57 0 0 0 0 93 0 0 0 0 69 0 0 0 0 0 0 0 0 0 0 0 0 0 0 70 0 65 47 9 0 0 0 0 0 0 54 0 0 0 0 0 51 0 0 0 0 0 0 0 0 0
38 0 0 0 50 0 0 0 0 49 85 0 0 60 72 0 0 0 61 0 0 0 65 0 0 0 0 26 0 45 0 92 13 0 0 51 20 0 0 0 75 0 0 0 0 0 95 0 14 0 23 0 0 17 0 0 0 32 83 0 0 92 0 0 0 0 0 0 0 0 34 32 0 73 0 0 0 0 0 12 0 0 25 0 0 49 71 0 0 0 0 0 0 67 0 0 92 0 0 0
0 0 0 0 0 0 35 0 35 31 0 0 0 86 0 96 0 0 0 0 0 0 25 18 43 0 0 0 0 0 0 100 0 0 78 0 0 21 0 0 0 0 0 0 0 0 0 0 0 27 55 0 0 53 0 0 0 0 0 0 0 0 0 0 0 0 0 27 0 0 2 0 0 49 0 76 0 0 0 0 9 0 0 0 58 5 27 0 0 0 4 0 77 0 0 0 0 0 0 0
0 38 47 0 0 75 0 40 9 0 0 88 0 0 0 0 67 0 0 0 0 0 0 0 0 0 0 0 0 0 17 0 0 71 24 0 89 0 26 0 0 49 0 0 0 0 0 0 0 7 0 0 79 0 12 0 0 0 0 0 0 0 0 91 2 0 0 0 0 0 0 0 0 0 0 29 6 0 0 0 0 0 0 0 41 0 0 0 42 94 0 85 0 0 0 0 0 0 0 0
0 0 0 0 0 30 0 0 0 0 5 97 0 0 9 0 0 31 0 0 0 0 0 0 0 0 0 97 86 0 0 0 44 0 0 0 0 0 0 42 0 0 0 0 7 0 0 93 0 0 0 0 0 0 0 0 0 0 0 0 0 0 0 16 0 0 0 0 0 0 84 0 0 0 0 54 0 0 0 0 61 71 0 0 0 0 0 0 0 0 0 0 72 0 54 0 0 33 0 0
0 35 0 81 0 93 30 80 0 0 11 0 21 20 0 0 0 0 0 0 0 0 22 0 0 0 0 1 15 0 0 0 0 40 0 76 77 0 0 70 0 0 0 64 0 0 0 0 0 55 0 0 0 35 2 0 0 0 0 0 0 0 0 0 68 86 0 0 0 10 0 0 0 0 0 0 75 0 0 0 0 98 89 0 0 0 75 0 0 38 0 62 0 0 0 79 0 56 53 0
0 0 0 0 5 0 15 11 0 0 0 0 0 0 45 0 0 0 0 0 0 0 0 14 0 0 56 5 0 0 0 58 0 0 92 0 26 0 9 0 0 0 0 0 0 0 96 0 0 0 0 0 0 0 0 83 0 0 0 73 0 0 0 0 76 0 27 45 0 0 4 0 0 0 0 0 0 0 0 40 0 0 0 0 0 0 0 24 0 0 9 10 0 13 0 0 0 0 0 0
0 0 63 0 0 0 69 0 36 0 0 0 0 0 0 0 45 95 0 0 4 0 0 0 0 0 55 0 0 0 92 0 0 0 0 0 0 0 0 0 0 0 0 97 0 0 22 0 59 19 0 0 0 0 62 46 0 0 0 0 75 0 0 16 28 0 0 62 0 95 0 23 0 0 0 97 0 0 16 0 0 26 0 0 14 0 78 0 0 0 0 0 0 0 0 0 0 24 0 0
0 0 0 40 0 0 0 0 0 0 0 0 0 78 0 0 66 0 0 0 36 0 0 0 31 0 0 0 6 35 0 58 34 50 0 0 0 91 0 39 0 43 0 0 0 0 0 0 96 0 0 0 0 0 79 41 0 0 0 48 0 0 0 0 0 97 0 0 0 0 0 77 0 0 15 0 0 93 12 0 0 0 0 0 65 0 0 0 0 64 0 0 62 0 0 75 0 0 0 0
0 0 0 0 0 0 0 0 0 0 50 76 0 0 0 58 0 0 0 0 0 37 0 0 0 73 0 0 48 0 0 0 5 0 0 0 0 0 0 0 66 53 0 5 6 0 0 50 0 0 0 0 0 62 0 0 0 0 0 81 54 0 0 0 0 0 0 0 0 0 0 0 0 38 0 0 0 0 0 100 0 30 68 94 0 0 0 0 0 0 0 91 0 83 26 57 0 0 83 0
0 0 0 74 53 0 0 0 0 59 18 0 0 0 0 0 80 0 79 15 79 0 0 0 0 0 0 51 0 0 0 0 0 0 0 0 0 0 0 0 0 0 0 0 12 41 0 0 0 0 0 0 0 23 0 0 0 0 15 31 0 0 0 0 0 0 0 57 0 0 0 52 65 0 0 0 0 0 0 14 0 0 34 6 86 0 93 0 0 0 28 0 0 0 0 0 0 0 18 0
0 58 0 0 0 0 0 0 0 0 0 0 0 0 0 0 28 0 4 0 0 93 0 0 16 80 0 0 0 0 0 0 24 0 0 0 60 0 74 0 49 0 0 61 0 58 0 0 97 0 0 34 41 0 0 19 0 0 0 0 0 0 0 0 94 0 0 0 0 0 0 31 0 0 0 0 0 91 0 69 8 45 0 0 0 0 0 45 0 0 48 0 0 0 0 0 0 0 0 0
0 0 0 8 0 19 0 45 25 0 0 0 0 0 0 0 0 0 100 0 0 0 0 26 0 0 0 0 0 0 33 0 0 0 3 0 0 0 0 0 5 0 0 1 0 0 0 0 0 0 0 0 0 0 98 0 50 21 0 0 47 0 0 0 0 34 37 0 0 15 0 0 32 42 0 0 0 0 0 91 0 0 57 0 0 0 0 0 0 0 0 59 0 14 73 80 0 0 0 73
0 0 79 0 0 0 16 25 76 0 0 0 0 0 26 0 0 0 0 0 0 0 0 34 39 0 0 0 0 0 0 14 77 0 0 0 0 0 0 0 85 0 0 16 0 0 96 87 7 44 0 0 0 0 0 0 1 0 11 48 0 0 0 13 0 0 0 0 0 42 0 0 0 0 0 0 54 0 0 0 59 0 0 0 0 0 0 0 0 39 0 0 0 0 0 0 0 0 20 0
0 83 0 8 19 0 0 99 51 72 0 0 0 0 69 19 41 0 0 0 0 0 0 0 0 0 0 0 0 0 0 0 87 0 59 0 0 0 0 0 0 0 0 0 0 0 0 0 0 0 0 0 0 0 0 0 0 0 0 0 10 0 0 0 85 81 61 0 0 0 57 88 0 0 0 0 4 0 0 0 0 0 0 32 0 0 78 0 0 17 0 0 9 0 0 0 99 0 15 0
90 0 0 0 0 0 0 13 0 0 0 0 0 0 0 0 0 18 3 81 0 0 0 0 0 0 0 0 0 74 0 0 94 38 0 0 0 0 0 0 0 0 80 0 0 62 0 0 0 40 74 10 0 19 0 0 0 0 0 0 0 0 41 0 2 0 0 0 0 0 0 0 70 0 0 0 0 89 42 0 0 27 0 75 0 0 99 65 95 5 0 0 0 46 77 0 0 0 0 0
0 0 0 0 0 80 0 0 0 0 63 64 91 0 0 0 0 0 0 0 0 0 0 9 0 77 0 90 0 0 0 0 0 0 0 0 0 0 0 0 0 0 0 0 0 36 0 88 0 0 1 0 0 0 45 86 0 0 0 0 0 0 0 0 0 0 0 0 0 0 0 0 0 44 0 0 0 0 0 0 75 0 0 0 59 0 0 4 0 0 0 0 0 0 0 0 88 0 9 0
0 0 66 0 92 48 0 73 0 0 0 40 0 74 0 0 0 0 73 72 46 0 26 0 21 83 0 0 93 67 0 0 0 13 47 0 85 41 0 0 0 0 75 0 0 0 0 0 0 0 83 0 0 0 0 0 0 0 0 0 39 0 10 0 0 0 0 81 0 52 0 74 0 91 0 0 0 0 0 0 51 0 0 0 0 0 0 78 0 37 0 0 0 0 0 22 68 0 0 0
0 20 0 0 99 0 0 0 43 0 0 0 0 41 53 0 0 0 0 0 0 9 0 0 0 0 0 0 0 0 0 0 0 0 34 75 0 45 0 0 0 0 0 0 29 1 0 0 52 0 0 0 39 0 0 44 0 0 0 0 0 0 0 0 0 0 0 73 0 0 0 0 0 0 0 0 0 0 0 6 50 77 0 0 79 0 0 34 0 90 0 10 76 0 51 0 0 0 0 0
90 0 0 0 0 0 84 0 10 0 0 0 0 0 79 0 0 0 15 0 5 0 0 13 0 0 0 0 0 11 70 44 0 61 0 0 99 0 0 10 60 0 67 0 22 0 0 0 0 64 79 0 0 0 0 30 0 0 0 0 0 0 0 64 0 0 0 0 0 0 0 0 0 0 34 40 0 0 0 0 0 0 0 0 0 0 45 0 0 0 0 0 81 0 0 51 35 0 0 0
0 0 0 0 33 0 0 0 0 0 0 0 0 0 0 0 3 0 87 0 0 0 28 49 79 0 0 0 0 0 0 0 0 0 0 0 0 61 0 46 0 0 0 0 0 34 0 60 96 0 0 0 3 0 0 0 0 0 12 0 0 0 0 0 0 13 85 0 0 36 0 11 0 0 0 0 0 56 0 89 0 0 0 0 0 0 0 0 29 11 0 0 0 0 0 0 0 0 37 0
0 0 0 0 0 73 0 0 0 0 0 0 0 0 0 0 0 0 0 18 72 15 0 0 0 84 0 0 0 0 85 80 0 75 19 39 0 0 0 0 0 81 52 0 0 0 0 8 16 0 0 0 0 0 0 99 0 0 47 0 0 0 0 0 0 0 0 0 72 50 78 0 77 0 27 30 54 0 0 0 0 0 0 51 0 84 0 0 0 0 86 41 0 0 0 0 98 0 19 0
0 0 0 0 0 0 0 0 0 0 0 0 0 0 0 0 87 0 0 0 0 0 84 0 25 0 0 0 0 0 0 0 0 0 0 0 0 0 0 0 0 0 0 0 11 0 0 0 48 0 0 0 17 68 0 38 0 0 1 0 0 95 0 0 0 29 0 0 80 0 0 0 67 0 100 0 0 11 0 0 0 0 0 0 0 0 44 0 0 0 0 0 0 24 53 0 0 98 56 0
18 0 0 53 0 85 0 82 0 67 11 0 0 0 0 0 0 58 0 0 0 91 0 0 1 0 0 0 0 0 0 0 55 0 0 0 0 0 53 79 0 0 0 78 0 90 0 40 0 0 0 0 76 0 51 65 0 0 0 0 76 0 0 0 0 0 0 5 84 0 25 0 0 0 71 80 34 77 0 35 0 2 0 0 5 0 0 0 0 0 0 0 67 82 0 0 0 65 92 0
0 0 0 0 0 66 0 0 0 96 0 0 77 0 5 0 0 0 59 0 0 0 0 21 0 0 85 11 0 0 0 59 3 74 0 0 79 0 0 0 0 0 71 37 0 29 0 0 96 0 0 0 0 84 0 0 8 63 0 0 72 50 0 11 96 0 0 0 54 0 0 10 32 0 22 36 25 0 85 60 0 40 0 0 17 0 0 10 0 0 0 79 0 0 0 96 0 0 23 0
74 0 0 0 75 74 0 0 0 0 33 0 0 0 0 0 0 0 0 0 0 0 0 0 0 0 0 0 0 19 0 0 0 0 0 0 0 0 0 0 0 0 56 0 27 0 0 0 0 0 0 0 0 0 0 63 0 72 65 0 46 0 55 0 90 0 0 0 0 0 0 0 0 0 0 0 0 0 0 0 0 0 0 0 0 0 0 0 0 0 0 0 0 0 59 0 0 0 0 0
0 0 79 0 0 0 0 0 0 0 32 79 0 0 0 0 92 0 0 0 0 0 0 0 0 0 0 0 0 0 0 0 0 36 16 34 87 65 71 0 0 0 62 0 22 0 67 0 0 0 0 35 0 34 19 0 5 0 0 0 0 0 0 81 0 0 70 0 88 0 0 0 21 13 0 0 75 0 0 3 0 0 0 6 52 52 0 34 0 0 0 25 0 0 0 42 0 0 0 0
0 0 0 0 3 0 0 66 0 0 0 54 0 0 0 0 0 0 0 24 0 0 0 0 0 0 0 0 0 0 0 0 0 0 0 0 0 75 0 30 0 0 38 0 0 0 0 0 0 0 77 0 0 15 0 0 0 0 0 33 0 0 0 0 0 0 0 0 0 0 0 0 0 82 0 0 0 90 7 0 0 0 0 10 85 0 0 0 0 0 0 0 0 89 0 0 0 0 0 0
50 0 0 0 0 16 0 73 11 9 0 66 0 16 36 0 0 0 0 5 0 0 0 0 0 0 31 0 58 0 0 0 0 0 0 0 0 0 0 0 0 0 95 0 0 0 0 0 0 0 0 0 62 0 0 0 0 0 0 0 0 0 0 0 0 0 0 0 0 0 0 0 0 0 0 80 44 0 32 0 0 0 0 0 1 0 46 0 0 0 79 0 92 77 0 0 0 3 0 0
0 97 45 0 0 0 0 0 0 15 0 0 66 0 0 49 0 0 0 0 0 79 73 82 0 0 0 0 0 76 0 16 0 0 0 0 0 0 0 0 0 0 0 8 0 0 0 2 31 0 80 9 0 0 0 90 0 0 0 0 0 0 0 0 0 0 0 0 0 0 0 39 0 0 0 0 0 0 0 0 0 0 0 89 0 0 0 0 0 0 0 30 0 52 83 0 0 0 0 0
0 0 0 0 3 0 0 0 0 0 0 0 69 0 0 0 0 0 0 13 0 0 0 0 0 0 0 0 0 0 23 0 41 0 0 40 0 0 0 0 0 0 0 0 0 0 13 0 0 0 0 0 0 0 56 0 0 0 70 46 0 0 0 0 0 45 44 0 0 25 39 0 0 70 0 0 0 33 39 0 0 0 57 73 0 0 0 0 68 0 51 0 60 0 0 13 0 0 0 61
0 3 0 0 0 0 0 0 0 0 0 44 55 0 0 0 41 0 0 0 36 19 36 0 0 57 0 0 0 0 79 0 44 0 56 0 37 0 83 0 0 0 0 86 20 0 0 0 0 0 44 0 62 4 69 0 0 43 0 0 0 40 0 0 0 0 31 0 0 0 0 0 0 0 0 0 0 0 0 0 43 0 80 27 0 0 0 36 0 0 86 0 0 46 0 0 0 0 0 50
0 0 0 0 0 0 0 0 0 27 26 0 0 0 0 40 92 83 21 0 0 0 0 0 43 0 0 68 0 0 0 0 0 0 0 0 0 0 83 0 0 99 0 0 0 0 0 0 0 0 0 0 0 0 0 0 0 0 0 73 0 0 0 0 0 0 0 0 0 13 74 0 0 0 41 88 0 0 0 0 94 0 0 0 57 0 25 0 3 0 31 0 38 0 37 58 58 0 0 24
58 0 0 0 0 0 0 0 0 0 0 0 0 0 0 0 97 0 6 0 56 0 84 0 0 0 0 0 0 11 0 0 0 0 0 0 0 0 0 0 19 0 0 15 0 0 0 0 0 0 0 53 0 0 26 0 0 0 0 95 0 0 0 49 0 0 0 0 0 0 0 34 0 89 0 0 68 44 0 0 0 0 53 0 0 0 0 57 0 0 85 72 0 0 0 31 0 0 0 90
0 0 0 0 0 0 0 10 0 27 9 0 0 0 0 0 0 0 0 0 0 49 0 0 0 95 10 0 0 0 0 0 42 5 0 0 0 0 0 0 13 40 0 0 0 0 0 0 0 0 0 0 40 83 49 0 0 0 0 0 0 81 0 0 0 0 0 0 44 0 0 0 0 0 0 62 40 0 0 0 0 0 0 0 0 0 0 0 61 0 52 0 0 16 0 0 76 0 34 0
0 0 0 29 0 0 49 0 0 0 0 0 0 0 9 46 0 0 65 17 21 0 0 70 0 0 0 55 20 33 0 50 0 0 0 53 51 0 78 0 0 0 0 0 0 0 0 0 46 38 65 0 0 0 0 0 29 0 0 0 0 0 0 11 17 0 39 0 0 0 43 0 0 38 0 0 0 0 0 0 0 59 0 0 5 58 0 0 0 0 0 0 0 0 0 0 0 0 0 91
0 0 0 0 0 0 4 0 38 52 0 36 90 86 0 0 6 0 77 0 0 0 0 70 0 0 0 0 0 0 0 0 0 0 0 0 0 0 0 0 0 0 0 90 0 0 16 0 0 0 0 0 31 1 52 0 0 0 0 0 0 0 0 0 0 0 0 0 0 0 0 88 0 0 0 0 0 0 0 0 0 0 0 0 0 0 0 99 0 0 0 40 94 0 53 0 0 0 0 79
0 24 0 46 0 0 0 0 0 0 0 0 0 0 0 0 0 0 0 0 0 0 0 0 0 0 0 0 13 0 0 0 0 6 0 0 0 28 0 0 0 58 0 0 0 0 0 0 54 97 0 0 73 0 0 0 0 0 0 0 0 0 0 0 0 81 0 0 22 57 0 0 0 0 0 37 27 0 0 0 0 0 0 0 67 65 0 0 80 0 0 0 0 0 0 0 0 0 78 0
0 0 0 90 0 53 0 0 0 0 0 0 0 49 52 0 0 0 0 0 0 94 39 32 0 96 0 0 0 0 0 0 0 91 64 0 71 99 0 0 82 0 0 0 74 0 0 8 0 0 75 0 55 0 0 16 0 0 29 0 61 82 31 0 62 13 0 0 31 0 0 0 44 60 65 0 58 0 0 0 0 0 0 48 0 0 29 0 0 0 0 72 0 45 0 0 0 0 0 0
0 68 0 0 0 97 0 0 0 0 0 0 0 0 57 0 60 0 0 0 0 0 0 0 0 0 0 0 0 0 0 0 0 0 67 0 0 0 29 0 0 0 0 48 0 0 0 60 0 0 0 0 0 0 0 0 0 0 0 0 0 0 0 25 0 0 19 37 58 0 0 36 0 0 0 0 99 0 0 0 0 0 0 34 0 0 0 0 0 0 0 0 0 0 0 0 58 0 0 0
98 0 0 53 0 0 0 0 0 0 95 0 11 0 88 7 0 0 38 0 61 0 0 5 66 0 0 2 0 0 0 32 0 0 100 22 0 0 0 0 61 0 66 0 98 0 0 0 0 0 41 0 0 30 0 0 0 0 0 5 0 0 0 0 0 0 6 0 0 0 0 0 0 0 44 0 0 0 0 80 5 78 0 0 0 0 0 0 0 0 0 0 0 40 0 0 0 0 0 42
0 0 0 0 0 0 83 33 0 39 0 0 100 0 0 0 0 0 0 0 0 52 0 6 0 0 30 0 0 0 0 1 0 0 0 94 0 0 0 0 70 0 8 0 0 0 81 45 100 0 0 0 16 0 0 0 0 0 0 0 0 0 0 0 94 0 0 0 0 0 0 0 0 51 0 0 93 62 0 0 0 0 0 0 0 0 0 65 0 27 0 0 0 0 0 56 0 0 0 0
0 47 0 0 0 0 0 0 0 0 0 0 0 0 0 0 0 0 0 18 22 52 5 0 39 0 58 17 13 0 0 0 0 0 0 12 0 0 0 0 45 0 76 0 96 0 0 0 0 0 0 0 0 0 0 0 0 0 0 0 0 0 0 0 0 0 0 80 39 0 0 0 0 0 0 17 0 0 0 0 0 0 0 0 0 0 0 0 0 91 0 31 0 0 0 65 0 0 0 0
0 0 0 0 0 0 0 0 0 5 0 2 0 19 0 0 0 0 0 16 0 0 65 0 0 0 0 0 0 0 54 0 0 9 0 0 0 0 6 0 0 62 0 0 0 0 0 0 0 0 76 0 45 0 0 0 72 76 0 0 0 0 0 0 0 0 0 62 0 0 0 0 0 0 0 65 0 0 0 0 0 0 0 0 0 0 0 0 0 0 0 0 0 48 40 0 16 0 0 0
0 4 0 0 89 6 0 0 0 100 0 0 72 93 0 0 0 0 0 0 0 0 0 3 0 0 0 0 29 11 0 0 0 0 0 0 99 0 0 0 0 0 0 5 47 0 3 0 0 66 38 88 0 36 0 0 0 0 0 0 0 0 0 92 0 0 0 0 100 54 0 0 0 0 0 0 83 0 0 1 0 0 0 0 55 0 0 0 0 0 0 0 66 23 0 0 0 0 0 93
36 0 0 0 0 0 90 5 0 0 0 0 38 0 0 0 0 48 0 0 0 0 0 0 0 0 0 51 0 0 0 12 0 33 0 0 0 0 0 0 66 0 0 36 0 0 0 0 40 0 89 4 0 0 0 81 0 0 83 0 46 0 0 0 0 0 0 0 0 1 0 0 69 0 0 0 0 48 0 87 0 0 40 0 0 100 86 0 0 12 0 0 0 0 0 0 34 0 0 0
0 98 0 0 0 0 39 0 0 0 0 33 0 42 0 0 19 0 0 0 0 71 76 0 0 0 0 0 0 0 76 0 0 0 0 84 0 0 0 60 0 0 0 0 58 0 51 0 0 11 0 0 0 0 89 0 0 13 0 0 0 0 10 0 0 0 0 0 37 0 0 0 0 0 0 34 0 0 34 0 0 0 1 0 0 0 0 0 0 27 0 0 45 15 6 0 0 0 1 0
0 0 0 0 0 19 90 37 22 91 0 0 95 0 93 61 73 0 8 0 100 0 0 0 0 0 0 46 0 0 75 0 33 0 0 0 0 0 0 0 0 0 41 0 0 0 0 0 0 0 0 0 0 0 0 45 0 0 0 0 0 88 0 0 0 0 96 0 0 0 0 0 0 11 0 0 0 92 0 26 0 0 0 0 0 61 0 0 20 57 0 19 57 0 0 0 0 0 0 0
0 0 0 0 0 0 0 0 0 0 0 84 0 0 95 0 62 0 0 0 0 0 0 0 0 0 0 0 50 0 80 0 0 0 0 0 0 0 0 0 0 0 0 0 0 0 0 0 0 0 0 0 33 0 0 0 88 2 71 0 0 2 0 0 17 0 13 0 0 0 0 25 0 0 0 53 0 56 75 31 0 71 0 0 0 72 0 0 0 0 0 0 0 0 0 0 0 0 0 48
0 0 0 0 0 0 0 0 72 17 0 45 0 0 0 0 0 31 0 0 0 99 66 0 0 0 0 0 0 0 0 0 0 0 0 31 0 96 0 0 66 74 0 67 0 0 0 43 0 52 22 0 0 0 0 0 78 0 71 0 62 0 0 0 0 78 0 0 69 26 59 98 0 0 0 0 30 0 0 0 2 82 26 0 56 2 28 0 0 2 0 0 0 0 0 65 0 0 0 0
0 0 0 0 72 0 0 77 0 42 0 11 61 0 0 22 0 0 0 0 59 0 0 0 0 0 84 0 63 0 35 0 0 0 85 0 0 0 0 0 0 96 35 0 0 0 0 0 0 0 0 0 0 0 0 0 0 0 0 71 0 0 0 0 0 44 0 0 0 38 0 0 0 91 0 0 0 0 0 0 61 20 12 0 64 0 0 0 52 78 28 56 0 0 58 0 0 47 57 0
0 34 0 0 0 12 0 0 0 3 0 0 0 0 0 41 0 0 0 76 0 0 0 0 0 61 0 0 0 0 0 0 30 0 74 63 0 1 0 100 0 0 0 0 0 0 0 84 0 76 0 95 0 0 0 0 98 1 29 0 0 31 0 0 0 0 0 11 0 0 0 0 0 0 0 0 0 0 0 0 12 0 0 0 16 95 8 47 0 47 0 0 0 5 79 0 64 0 0 0
0 35 0 62 0 0 0 38 42 0 0 0 25 0 0 0 0 7 0 0 0 0 0 0 0 62 0 49 79 67 0 0 0 0 0 57 51 0 0 0 0 0 0 0 0 0 0 2 0 0 48 0 94 0 0 64 0 0 0 0 0 0 0 0 0 0 0 0 10 0 0 0 0 0 0 0 0 0 0 0 0 0 50 0 0 0 0 87 0 0 65 0 14 0 0 0 0 0 0 0
0 0 0 0 0 86 0 79 0 44 19 0 62 20 0 0 99 0 0 58 0 0 0 0 0 45 28 0 0 0 0 30 65 0 0 0 0 79 0 0 0 0 0 0 0 0 0 29 0 0 0 3 29 0 0 56 0 36 0 0 52 64 61 0 0 0 82 0 0 0 0 0 0 85 0 0 0 20 25 3 48 0 0 99 0 0 0 8 0 0 0 0 0 0 0 65 0 0 0 93
0 0 0 0 0 0 0 0 0 99 0 31 0 0 0 0 0 0 9 0 0 0 0 0 0 0 58 55 11 0 0 0 30 0 0 38 42 0 78 11 0 0 0 0 90 76 0 0 65 0 63 0 0 10 0 54 0 0 0 60 0 56 0 0 3 0 47 0 0 19 0 0 70 0 64 0 0 0 0 0 0 51 0 0 0 0 0 0 0 0 0 0 52 0 0 0 0 60 0 0
0 0 0 58 0 0 41 0 0 0 0 0 27 83 0 0 0 0 0 0 0 0 0 0 57 0 0 0 42 0 74 95 15 0 0 0 0 0 0 0 21 66 0 0 0 0 19 0 0 0 36 0 0 0 0 0 0 3 0 51 0 0 0 0 0 0 0 0 0 0 0 0 8 0 88 0 0 78 0 0 0 0 0 0 0 0 41 99 0 0 0 19 31 0 0 0 90 26 0 0
0 0 96 0 0 0 54 0 31 0 0 0 0 0 0 0 0 0 0 0 0 0 0 0 21 99 0 29 0 0 89 0 0 0 0 0 0 0 12 0 0 39 0 0 89 0 0 0 0 54 0 0 0 0 0 0 0 77 0 97 0 0 0 9 49 0 28 0 0 89 0 0 0 52 0 30 0 65 0 0 0 0 0 0 9 0 0 20 0 0 0 0 22 22 19 0 0 0 0 0
0 0 0 0 0 0 0 0 0 0 0 89 77 0 0 91 0 2 82 22 0 0 0 0 0 0 0 0 0 0 0 44 0 0 0 0 0 0 97 0 0 0 73 0 0 0 0 0 0 0 40 9 0 3 0 86 0 0 0 0 0 0 0 0 0 0 0 0 0 0 0 0 0 0 0 35 0 0 0 0 0 0 0 0 0 0 0 0 0 0 63 0 0 0 12 29 0 0 0 0
0 0 0 18 96 0 0 0 76 98 0 0 0 0 0 34 0 71 0 0 0 0 0 0 0 0 0 0 0 0 5 12 42 0 0 0 0 0 49 0 0 0 0 0 0 0 0 48 0 0 0 0 52 6 7 0 0 0 0 42 0 0 0 0 0 0 0 0 0 0 73 0 0 29 0 0 0 0 0 0 6 0 0 0 0 0 0 34 0 76 0 0 23 77 0 0 0 0 0 0
0 0 3 0 69 0 96 0 0 0 76 0 0 99 0 0 0 0 0 0 0 83 0 0 0 0 0 0 0 0 0 0 0 0 0 84 0 0 61 78 0 0 55 0 0 0 0 0 0 0 8 0 0 0 8 0 0 0 0 88 0 0 0 0 0 0 88 0 0 0 0 48 0 0 0 0 65 80 72 0 0 0 15 85 0 0 0 0 0 61 89 0 89 0 0 0 0 0 0 0
0 0 63 10 0 0 0 18 0 0 0 0 61 0 0 0 0 0 0 79 98 0 100 0 0 0 0 0 55 0 32 0 0 0 0 65 0 0 54 0 0 0 0 0 0 0 41 60 0 0 8 0 63 0 0 0 0 0 0 0 45 0 23 0 0 0 0 61 49 0 0 0 0 0 0 0 0 61 0 0 0 0 0 0 67 0 0 22 0 98 0 0 0 0 0 0 0 0 0 19
19 0 0 0 0 0 0 66 0 0 2 0 0 0 17 18 12 0 96 0 0 0 43 0 0 0 0 0 0 0 0 50 0 0 63 0 0 0 0 0 20 0 37 0 0 0 0 0 0 57 0 0 0 0 0 0 0 0 0 0 9 69 0 0 0 0 0 0 0 37 10 0 0 0 0 9 0 0 92 0 0 0 0 0 2 0 0 81 0 0 97 0 0 0 0 0 27 0 41 0
68 0 0 0 54 81 9 0 0 0 41 0 0 0 0 0 100 0 0 21 0 0 96 0 27 0 0 0 0 0 0 78 0 0 49 0 79 0 0 0 0 25 0 0 0 0 0 31 0 0 0 41 0 2 47 0 0 92 47 0 58 0 0 21 0 0 0 0 0 0 0 0 0 42 0 0 0 0 54 0 0 3 0 0 0 0 86 12 0 0 0 0 0 6 29 0 0 78 0 46
0 0 43 0 0 55 25 0 0 0 0 2 0 44 0 0 92 0 0 0 33 0 64 0 0 0 0 0 71 0 0 0 0 97 0 0 0 0 93 0 0 0 0 0 3 35 0 0 0 0 0 23 0 0 84 0 0 0 0 0 0 0 0 0 0 0 0 0 0 0 0 0 0 0 0 37 0 0 97 0 0 66 0 0 0 0 0 76 0 46 21 46 0 0 73 0 0 0 0 7
0 69 0 0 0 0 100 52 0 0 0 92 0 0 0 0 0 0 0 0 26 0 39 0 0 0 0 31 45 0 94 0 0 66 0 60 0 0 0 0 95 0 95 0 0 0 0 0 55 4 0 0 0 0 0 0 0 23 0 52 0 0 78 0 0 0 56 0 0 67 28 0 0 0 0 0 63 0 0 0 79 45 0 0 0 22 0 0 48 0 0 0 86 0 0 0 0 13 0 0
0 46 65 0 100 0 0 0 56 0 0 0 0 44 0 0 0 0 0 0 0 0 0 0 0 0 0 0 33 0 0 0 0 35 0 10 0 0 0 0 0 0 0 0 86 0 76 0 0 0 29 0 0 0 0 0 0 19 0 75 0 50 0 0 0 0 0 0 0 0 0 96 0 0 33 0 10 59 0 0 0 0 0 0 0 0 0 0 0 0 0 0 0 39 0 0 0 0 0 53
0 0 80 70 0 0 0 0 0 93 0 10 0 67 37 0 0 0 0 0 0 3 0 0 0 0 0 0 76 33 31 0 0 0 0 8 0 0 0 0 0 69 0 0 0 0 0 0 0 0 0 2 0 0 43 78 0 0 64 0 42 0 80 0 0 0 52 0 0 0 0 37 0 10 0 0 98 0 0 17 0 0 0 0 0 0 0 0 0 0 52 10 0 0 0 0 0 0 0 0
0 0 0 0 0 0 0 78 0 0 0 0 62 0 0 0 0 0 0 0 0 41 0 0 0 0 0 77 0 0 0 0 0 0 0 0 79 28 0 0 0 0 0 59 0 0 0 0 9 0 0 0 83 0 0 90 0 13 56 0 0 97 0 0 0 0 0 0 0 0 0 0 0 0 82 0 0 0 0 0 61 0 0 0 0 0 0 0 0 0 0 0 92 0 0 77 0 0 97 0
0 0 0 0 0 0 0 0 0 0 0 0 0 0 0 44 0 0 0 6 0 89 0 18 0 0 0 0 0 0 35 0 0 0 0 0 0 0 22 82 0 0 0 0 0 0 0 0 71 58 0 3 30 0 0 0 0 28 0 0 0 0 62 35 0 0 0 0 0 0 0 52 0 5 0 0 0 0 0 0 0 0 0 25 0 0 0 5 0 0 40 0 0 0 64 78 71 0 0 0
40 0 91 0 63 12 0 0 0 15 0 0 0 50 0 0 11 93 0 0 0 0 0 79 0 72 0 0 72 49 0 0 0 74 88 0 0 0 53 0 0 0 80 0 0 96 83 0 15 0 74 0 66 0 0 0 0 84 87 0 0 0 0 0 22 0 0 0 0 0 0 0 0 94 0 0 74 0 0 16 0 0 0 96 0 23 16 84 29 0 0 31 0 0 0 0 0 0 0 0
0 0 0 0 0 0 0 0 0 0 0 0 0 0 0 0 95 0 89 51 30 0 0 0 0 0 0 96 0 19 0 0 47 0 0 39 0 0 0 81 0 60 0 0 0 0 0 0 0 0 0 0 0 0 0 0 20 0 37 0 0 93 0 84 58 18 38 0 0 0 0 0 69 0 0 0 2 0 94 0 95 0 0 0 15 50 0 0 0 81 34 0 0 0 0 0 7 0 0 0
20 0 45 0 0 0 0 3 0 0 0 0 0 0 0 0 0 0 37 0 84 0 0 0 47 0 58 78 0 0 0 0 0 0 0 0 15 0 13 30 0 0 93 0 0 0 49 0 0 0 0 0 0 0 28 0 0 0 0 0 97 0 0 0 0 0 0 0 0 0 9 95 94 59 0 0 0 33 81 0 0 0 0 0 0 0 0 0 0 0 60 61 0 0 0 0 0 10 31 0
0 0 0 73 0 0 0 0 0 0 42 0 0 0 0 0 0 0 78 0 52 0 91 0 0 0 0 0 84 0 0 68 38 0 80 0 0 15 53 0 0 0 84 0 52 0 0 0 0 0 0 0 0 0 0 30 0 49 0 0 0 0 0 66 0 0 0 0 0 0 0 0 0 0 58 0 0 0 0 0 0 0 0 0 36 0 0 0 0 0 0 0 0 0 0 0 0 0 0 41
0 27 0 82 0 50 0 0 0 0 66 0 0 0 70 43 0 0 0 54 92 0 0 0 0 0 34 0 0 0 0 79 70 0 42 0 0 0 0 0 1 0 0 54 0 0 0 0 75 0 0 0 0 0 0 0 0 0 0 47 83 7 0 81 0 0 15 0 96 0 0 28 0 0 0 0 0 0 0 0 24 0 49 0 0 0 75 0 0 70 0 0 0 0 36 26 0 0 0 75
80 95 0 0 0 0 89 0 0 0 0 0 27 0 0 0 0 95 83 16 0 60 0 33 0 0 0 0 0 0 93 76 0 0 51 0 0 0 0 53 56 0 0 0 0 0 0 0 21 0 0 0 87 0 0 0 50 0 89 0 29 0 0 0 0 0 0 0 39 0 0 0 0 0 0 0 0 0 89 0 0 26 0 0 58 0 72 0 0 0 0 0 0 100 0 0 0 0 0 0
0 0 61 0 0 61 0 0 36 0 0 0 0 0 0 0 0 4 0 0 0 0 0 73 0 0 0 0 0 0 66 0 0 0 64 0 93 38 25 0 0 0 0 0 0 0 0 0 15 0 0 0 0 0 0 20 34 76 0 69 21 0 0 0 0 0 0 0 0 95 0 0 0 0 89 0 0 0 59 0 65 0 0 0 0 0 0 0 0 42 0 90 0 80 0 0 19 0 0 0
60 0 2 0 0 0 0 19 0 0 0 0 57 60 0 8 0 0 18 0 77 85 0 0 0 0 0 0 47 20 0 0 0 0 0 50 0 0 0 0 0 0 0 0 3 0 0 0 31 0 62 0 0 0 0 0 0 0 0 18 0 0 97 73 0 0 0 24 0 0 0 0 0 0 0 0 4 0 0 30 0 0 0 0 0 99 0 0 0 91 0 40 0 0 0 100 0 45 0 0
64 0 0 8 50 0 94 21 16 28 0 29 43 0 0 0 0 0 24 0 0 0 0 0 0 0 0 0 0 0 12 63 0 0 0 43 0 48 15 15 0 0 0 0 7 0 0 0 0 0 0 0 0 1 0 0 0 0 0 0 0 0 0 0 0 0 0 0 0 0 0 27 97 0 0 0 28 6 0 54 0 0 0 0 0 61 0 0 0 56 77 19 0 0 0 0 0 31 0 58
0 93 0 0 0 0 41 0 0 50 0 0 0 0 0 0 0 0 0 0 0 0 0 0 0 0 0 0 0 0 0 0 81 0 0 0 35 0 0 0 0 0 82 57 0 0 0 100 0 0 70 0 0 0 0 70 0 0 0 0 0 18 0 10 0 0 0 2 35 0 0 0 24 0 0 0 0 61 63 27 0 4 0 33 0 0 0 41 0 49 0 90 0 0 28 86 0 0 0 92
0 0 0 0 0 0 0 0 0 0 80 14 0 0 69 65 0 0 86 0 0 0 33 66 14 0 0 0 0 80 58 90 0 0 21 0 83 41 0 0 0 0 0 0 0 59 0 0 0 0 30 58 0 0 0 0 0 65 0 0 0 76 0 0 0 0 0 0 0 0 0 35 52 0 0 44 0 0 0 0 0 0 48 0 0 0 0 0 78 0 0 13 0 0 0 0 0 0 0 0
0 0 0 0 0 0 2 78 0 0 0 44 0 0 0 14 0 0 11 80 0 0 0 0 0 8 0 0 0 0 8 35 0 69 0 0 37 0 0 0 37 0 0 0 0 0 0 0 0 0 0 0 25 0 0 0 93 0 0 0 7 81 0 0 0 11 0 0 0 0 0 0 0 47 26 0 71 0 0 0 0 33 0 0 0 0 59 0 0 44 0 0 0 98 0 0 87 30 43 0
2 0 0 0 0 51 0 0 0 0 38 21 0 0 0 0 84 0 0 0 0 0 80 0 33 0 0 0 0 0 0 9 0 0 0 0 76 0 0 0 0 0 65 81 0 0 0 0 98 0 98 0 56 0 65 0 15 0 71 0 0 13 63 0 0 0 0 0 0 95 0 60 0 0 0 47 0 0 0 0 6 0 0 0 0 0 0 0 0 0 0 0 57 47 0 0 3 0 0 0
74 0 0 5 0 98 0 0 0 0 0 0 76 0 0 0 0 57 0 0 0 0 0 0 0 0 0 4 0 0 0 72 0 72 27 0 72 0 0 94 0 0 58 0 0 0 0 0 37 69 6 0 0 0 0 0 0 88 0 0 0 0 60 0 0 0 0 5 0 97 0 0 0 23 0 0 0 0 0 0 59 0 0 0 0 0 0 73 93 0 0 0 0 0 79 0 0 0 0 0
0 0 94 27 0 0 0 20 21 14 0 63 0 0 99 0 0 0 0 0 0 0 0 0 0 0 0 0 0 0 0 0 0 0 0 0 0 0 0 17 58 0 0 0 42 0 57 0 74 48 0 0 0 0 0 0 0 0 0 34 72 12 0 0 87 1 0 0 0 11 0 0 0 91 65 25 0 0 0 0 0 0 0 0 0 0 0 73 0 54 0 0 0 0 0 0 0 79 0 0
0 0 0 0 0 0 0 0 16 0 78 0 86 82 84 0 41 0 0 0 0 96 40 0 0 0 65 0 75 5 0 0 0 0 8 27 0 0 0 0 10 48 0 56 0 0 0 0 0 82 52 0 0 11 0 0 0 0 0 0 0 0 75 0 18 76 0 0 71 63 0 66 0 0 0 0 0 65 0 0 0 0 0 0 89 0 0 0 0 0 79 5 0 0 11 0 68 46 0 0
0 0 0 0 51 0 61 0 0 0 0 0 45 0 0 0 0 0 0 0 0 0 0 0 4 80 0 0 53 0 24 97 0 0 0 0 0 0 0 0 0 0 86 0 0 0 0 0 0 0 0 0 0 0 0 0 0 0 34 0 0 0 0 67 62 0 23 0 0 0 0 23 0 0 0 0 68 0 47 0 0 81 0 79 0 0 0 0 0 48 0 0 0 46 0 0 0 0 0 0
0 0 0 0 0 0 0 0 89 0 0 0 0 48 0 60 0 0 61 0 0 71 0 0 0 80 0 0 0 0 0 0 0 0 0 0 0 0 84 93 0 0 0 0 0 0 0 0 35 0 15 0 0 0 0 60 57 72 0 66 0 0 0 0 0 58 0 3 0 91 54 0 0 0 74 0 73 0 82 0 0 39 0 0 0 0 0 0 0 55 0 28 0 100 0 0 0 0 92 0
0 27 10 0 67 29 0 0 60 0 30 0 0 0 0 69 0 0 0 0 0 13 0 0 61 0 60 0 0 0 0 0 0 48 0 0 0 0 0 0 42 0 0 0 0 0 0 22 79 0 0 0 56 0 0 0 0 61 0 0 0 49 0 0 0 0 0 0 0 0 0 0 0 19 0 0 0 8 14 28 0 17 0 41 0 0 0 0 0 0 0 0 88 0 0 34 77 45 0 0
0 0 0 49 0 17 0 0 0 94 17 0 57 0 0 0 0 24 0 0 0 0 0 97 0 0 0 0 0 0 55 0 0 0 0 57 0 0 50 0 92 17 6 0 0 0 84 0 0 0 0 96 0 0 0 0 0 0 0 0 0 0 0 0 0 0 53 0 0 0 0 0 53 0 27 0 60 98 0 0 14 0 0 0 68 0 0 82 0 0 96 0 0 68 19 0 0 96 13 63
0 0 0 0 0 46 0 63 0 0 61 0 0 0 39 0 92 0 89 0 0 20 0 0 0 0 0 47 82 0 0 0 0 0 0 0 0 22 0 0 0 0 67 0 0 0 0 0 0 0 0 0 0 0 71 31 0 0 0 0 0 0 0 0 0 0 0 15 0 2 0 0 61 0 0 0 0 0 6 0 0 0 0 94 0 0 0 0 0 16 23 0 0 0 0 0 60 100 0 0
0 21 54 0 0 46 0 83 0 85 74 0 0 0 17 0 0 0 0 0 0 0 0 7 0 0 0 0 0 0 0 1 0 0 0 0 0 0 0 0 0 0 0 0 0 63 0 0 0 20 0 0 0 0 0 0 94 0 0 0 0 0 0 3 0 0 83 22 0 0 0 0 0 0 0 0 0 0 10 0 0 0 9 0 15 0 0 0 0 95 0 0 0 0 0 0 3 0 0 0
0 0 0 0 32 0 25 21 73 0 14 0 41 0 51 0 0 0 0 55 67 0 0 50 29 0 0 0 0 0 0 0 0 78 23 0 0 0 0 0 0 66 0 36 0 41 36 0 0 0 0 0 94 0 0 9 0 0 0 0 0 69 0 0 0 0 0 79 17 0 0 0 0 0 0 0 0 91 0 0 0 0 0 51 0 0 0 0 0 0 0 3 0 0 0 28 0 0 0 0
0 0 0 0 98 40 23 0 0 0 0 0 0 96 0 0 51 21 0 0 0 0 0 0 13 0 0 76 0 0 0 0 0 0 0 0 0 60 0 0 65 0 0 0 0 0 0 26 25 0 0 0 0 0 65 0 0 0 0 81 0 0 15 1 0 85 0 0 60 0 0 0 0 0 0 77 33 0 47 0 0 0 69 63 0 77 0 0 88 0 0 28 0 0 0 0 0 0 0 0
0 0 0 0 11 0 5 0 0 0 0 0 0 44 0 0 26 0 89 0 16 0 0 0 0 0 98 96 58 0 0 0 0 0 0 0 0 0 0 93 62 0 0 0 0 0 74 0 0 77 0 20 48 0 0 0 0 0 0 0 0 0 0 0 69 0 0 0 0 20 0 0 68 0 0 0 56 0 0 0 30 0 0 0 0 67 8 0 74 0 0 0 0 0 0 0 0 0 47 0
0 0 0 0 0 7 0 0 21 0 0 0 0 0 85 0 0 0 0 0 0 0 0 0 10 0 0 0 0 0 0 7 0 0 0 0 86 2 14 0 76 79 0 78 0 0 0 28 0 72 0 59 0 0 0 0 0 62 0 0 0 0 0 78 0 0 11 0 0 0 50 0 0 0 0 0 0 0 0 87 67 55 0 0 26 0 0 0 0 0 0 0 0 0 0 0 0 0 0 0
18 0 25 0 0 0 0 0 96 53 0 0 0 86 94 0 76 0 0 0 0 0 0 80 0 0 0 0 0 0 0 0 97 0 61 0 0 0 0 29 0 0 0 0 0 0 94 0 0 90 0 0 41 0 69 0 0 0 0 0 0 0 0 0 0 0 0 0 0 13 0 0 0 0 0 20 68 35 0 0 93 0 0 0 0 0 0 0 96 0 28 79 0 0 0 0 0 0 0 0
0 0 0 27 92 0 88 0 53 0 9 0 0 71 0 0 0 26 0 0 0 0 63 12 0 0 19 0 0 0 0 71 13 0 9 0 0 0 0 0 0 2 75 72 0 21 0 0 0 0 0 0 0 0 0 6 0 0 0 0 0 0 0 0 0 0 65 0 0 0 0 0 0 76 0 0 0 0 0 87 39 0 0 0 0 0 0 0 0 0 0 92 62 0 18 83 0 0 48 0
0 0 0 0 0 0 87 0 45 0 0 0 64 0 0 0 0 0 0 92 0 0 77 0 0 28 37 26 0 8 0 0 0 0 30 0 50 0 72 0 76 59 0 0 25 0 0 0 0 71 0 0 0 0 0 0 0 0 0 6 88 60 0 0 48 0 0 0 26 0 77 0 5 0 0 0 0 13 0 0 0 0 0 70 32 0 0 0 0 0 0 0 0 0 0 0 0 32 0 0
0 0 0 23 0 0 0 0 0 0 0 52 52 78 0 0 0 27 0 0 39 82 51 0 0 0 25 0 0 0 0 0 0 0 42 0 0 0 0 0 55 0 0 0 0 0 0 0 0 94 0 28 56 97 3 0 0 0 1 0 0 0 0 37 3 0 0 0 0 0 0 0 0 0 0 13 0 0 0 0 0 27 35 0 22 0 0 60 0 44 0 0 0 0 0 0 0 0 43 0
0 10 0 0 0 0 36 50 0 78 96 0 97 0 5 83 0 67 0 0 0 0 0 0 0 0 0 0 0 0 59 0 0 0 0 75 0 0 0 0 0 12 0 0 89 0 0 0 0 97 48 55 0 39 68 0 0 52 0 63 18 57 0 25 93 97 38 0 0 0 0 0 1 0 0 0 0 0 0 0 0 0 77 0 0 1 0 0 0 100 0 0 0 0 0 0 0 0 0 0
33 0 94 0 0 0 84 0 59 0 87 0 0 0 0 11 0 0 0 0 0 82 78 0 0 0 0 0 0 100 0 0 0 0 0 0 52 0 0 14 0 0 0 0 80 0 0 0 3 0 0 0 0 19 0 0 0 0 44 0 0 0 0 0 0 0 0 0 0 0 0 0 0 32 0 48 63 84 0 0 0 0 0 0 98 0 0 0 0 0 100 0 0 0 0 0 0 0 0 0
88 0 0 0 6 0 0 0 0 45 80 0 0 37 95 0 0 0 81 0 0 0 10 0 0 0 0 86 0 55 0 49 92 0 0 2 89 0 0 0 95 0 0 0 0 0 99 0 48 0 57 0 0 47 0 0 0 89 16 0 0 89 0 0 0 0 0 0 0 0 42 42 0 61 0 0 0 0 0 51 0 0 22 0 0 71 81 0 0 0 0 0 0 32 0 0 58 0 0 0
0 0 0 0 0 0 71 0 13 41 0 0 0 45 0 63 0 0 0 0 0 0 70 16 12 0 0 0 0 0 0 89 0 0 85 0 0 61 0 0 0 0 0 0 0 0 0 0 0 44 26 0 0 81 0 0 0 0 0 0 0 0 0 0 0 0 0 59 0 0 97 0 0 46 0 85 0 0 0 0 85 0 0 0 74 61 94 0 0 0 36 0 33 0 0 0 0 0 0 0