100
0 0 0 1 0 0 0 0 0 0 0 0 64 0 0 0 0 0 0 0 0 0 74 20 0 0 0 0 0 0 0 0 0 0 0 54 48 0 0 0 0 0 0 76 0 53 0 0 64 0 0 0 0 68 0 94 0 0 0 28 20 0 0 41 45 0 50 88 0 25 66 0 0 0 0 0 0 0 88 0 50 0 0 0 0 72 18 81 9 0 0 0 0 2 19 24 0 75 0 3
29 0 28 0 0 0 80 12 0 0 0 0 0 0 0 0 0 80 68 0 0 98 0 0 0 0 0 0 99 0 0 0 0 0 94 0 11 0 0 0 0 0 8 0 49 0 0 0 0 0 0 0 0 0 7 0 0 24 0 57 0 0 0 0 0 31 0 0 59 0 0 0 0 0 0 0 87 0 68 0 0 0 0 0 0 0 45 0 0 0 0 0 11 0 0 4 0 0 0 4
0 0 0 0 19 0 0 0 0 0 0 16 0 41 0 0 0 0 0 90 0 0 0 0 63 0 0 33 83 81 0 66 0 0 63 0 0 0 0 0 0 0 0 0 29 59 0 0 0 90 0 0 0 0 0 0 0 0 0 0 0 0 0 0 34 0 0 0 0 0 0 91 56 4 0 0 0 64 0 0 0 0 0 9 0 0 0 0 0 0 50 0 0 28 0 0 0 0 0 32
0 0 0 0 0 24 0 0 0 0 0 0 0 0 0 0 0 30 0 0 0 0 0 27 0 50 0 0 0 0 0 54 5 54 0 0 0 31 0 0 0 3 91 30 0 11 0 0 0 93 0 0 0 0 83 0 0 27 0 0 0 0 0 36 0 0 0 0 0 0 0 0 82 0 0 0 0 0 0 26 21 7 0 0 16 82 0 0 97 80 0 0 0 0 0 0 0 0 0 50
0 0 0 84 0 62 0 100 58 51 0 0 84 82 0 0 0 0 10 0 0 0 65 0 0 0 0 0 0 0 0 0 0 0 0 0 0 0 0 0 0 61 0 0 0 0 0 0 60 0 0 0 0 0 0 0 0 0 83 0 0 0 0 90 0 13 0 33 0 0 90 0 0 0 0 87 2 0 0 0 0 46 0 0 0 0 0 0 0 0 0 0 0 0 0 0 51 40 0 35
0 0 0 0 0 0 0 0 0 0 64 76 0 0 0 0 0 37 0 0 0 42 0 0 0 0 0 0 0 0 0 0 31 0 15 0 0 0 0 0 0 0 40 8 29 92 0 67 0 0 0 25 0 0 79 65 0 0 0 0 0 0 0 0 43 0 53 13 0 0 0 0 0 0 2 0 31 0 0 0 22 17 0 0 0 0 0 0 0 0 0 0 31 0 0 0 30 0 98 0
0 78 0 0 0 0 0 84 0 0 59 0 0 66 0 0 33 66 0 22 0 0 0 0 24 59 0 0 0 3 0 0 14 0 37 0 79 92 1 0 91 26 0 0 0 0 0 0 10 47 57 0 12 0 0 73 78 0 0 64 0 0 0 61 0 23 0 0 0 0 0 0 1 0 0 12 0 0 0 0 0 0 0 0 96 0 0 0 15 0 0 99 0 30 0 0 0 73 79 0
0 0 21 43 0 5 0 0 87 12 0 0 0 21 0 0 100 0 97 0 5 0 0 0 0 0 18 0 0 87 11 0 15 22 0 0 0 0 0 83 0 51 21 0 87 0 88 0 0 87 0 99 0 0 0 20 0 0 0 9 0 46 0 0 0 0 0 0 0 65 0 83 0 0 0 0 0 0 0 0 48 0 0 0 0 0 45 0 26 0 10 99 0 0 0 0 37 17 0 0
0 0 42 0 0 0 0 95 0 94 0 72 11 0 0 43 5 0 0 0 0 78 0 0 0 0 0 6 0 78 8 0 87 0 0 14 18 0 0 0 0 0 0 0 0 0 0 0 0 0 0 0 0 92 0 89 0 0 0 0 0 0 0 0 66 0 56 48 0 0 0 68 79 68 0 0 0 88 89 0 7 0 56 0 85 0 0 0 0 0 95 0 0 0 0 0 0 0 0 0
0 0 0 0 0 0 0 50 0 0 0 0 0 0 0 0 0 0 0 0 0 0 0 0 53 0 4 0 0 0 0 97 0 0 96 0 0 0 0 0 0 0 23 0 57 0 100 0 7 0 0 0 0 0 0 0 0 0 50 0 0 30 0 0 0 0 0 0 50 15 0 0 0 0 0 0 0 0 0 83 0 57 0 7 0 0 0 0 0 0 0 0 96 0 0 0 0 0 52 0
0 0 0 71 27 0 32 0 0 0 0 39 0 0 0 82 0 0 0 0 0 0 0 0 0 0 93 22 9 0 0 0 0 0 63 0 40 0 61 0 0 99 0 0 54 37 46 0 0 0 65 45 0 0 0 0 0 0 0 0 0 0 0 27 26 60 0 8 6 0 0 0 0 36 0 91 16 0 0 0 0 0 0 0 0 0 0 0 96 0 0 72 0 0 99 0 21 0 0 0
92 0 0 40 65 0 0 69 0 86 0 0 75 0 0 0 0 77 0 0 0 41 0 0 0 0 0 0 5 82 83 0 0 0 0 0 0 29 66 0 0 0 0 68 0 88 0 65 0 0 8 0 0 55 0 0 0 0 0 0 0 0 0 0 1 63 0 0 0 0 33 0 0 86 0 47 0 24 0 0 0 0 0 44 0 1 0 61 0 0 0 0 0 88 0 0 0 0 0 28
0 0 0 0 0 0 0 0 0 0 0 0 0 0 0 0 0 50 0 83 0 0 96 0 0 98 0 0 8 0 0 0 39 24 0 0 0 80 0 0 46 0 46 0 0 0 87 0 74 88 0 0 0 0 50 0 0 0 0 0 28 0 79 0 0 0 0 0 0 0 0 21 0 0 0 78 0 0 22 0 50 0 0 40 0 0 80 57 0 1 0 0 0 0 0 0 54 0 0 42
0 48 0 0 30 0 0 94 0 0 12 0 0 0 47 0 0 0 100 0 57 62 0 0 80 0 90 45 0 0 0 0 13 0 0 0 0 0 0 0 24 0 0 0 0 0 92 92 0 0 75 0 0 0 0 0 0 0 82 0 0 29 83 0 0 0 0 0 27 0 13 0 0 0 72 0 0 0 0 0 0 0 9 0 0 0 0 82 93 0 70 0 0 0 0 0 0 0 0 0
54 0 0 0 0 0 0 0 0 5 0 0 14 19 0 0 25 2 0 14 0 0 77 0 0 3 71 0 0 0 0 0 0 7 0 0 0 0 55 0 0 0 0 0 0 0 45 0 0 0 62 0 0 0 0 0 22 0 30 0 0 0 0 49 90 0 0 0 0 0 0 0 0 19 0 0 39 0 0 85 0 0 0 0 71 0 0 0 0 0 14 0 0 0 0 30 0 52 0 0
0 0 0 26 0 0 0 0 89 13 79 0 0 0 68 0 0 0 58 0 0 72 0 61 0 0 18 0 0 0 0 0 0 0 0 0 0 35 45 0 0 0 0 0 0 0 41 30 0 34 0 0 0 0 0 60 77 0 0 0 0 0 0 92 73 0 0 0 0 0 0 0 0 0 75 48 0 0 0 69 0 0 0 0 0 0 0 0 0 0 0 0 68 0 18 0 0 64 0 0
0 0 0 0 0 0 0 0 0 0 0 0 0 0 0 0 0 0 16 48 84 0 87 87 0 0 0 0 0 29 0 0 0 0 0 0 0 20 0 38 0 0 0 0 0 0 98 0 0 0 0 0 0 0 86 0 0 0 88 0 0 0 0 0 16 76 0 85 41 0 0 0 24 87 0 9 0 47 0 0 0 0 0 66 0 0 0 0 0 0 0 0 0 71 0 0 0 0 0 37
0 0 35 0 0 0 0 0 0 0 37 0 0 0 0 63 0 0 0 0 0 0 76 0 29 0 0 0 4 0 0 0 0 0 0 0 0 0 0 0 0 0 0 47 0 0 0 0 0 0 0 0 0 0 0 0 0 0 0 0 0 0 0 0 0 83 58 56 0 0 0 0 0 80 100 92 0 0 0 0 0 0 0 0 0 0 0 0 64 0 0 0 0 0 0 0 54 0 0 41
0 28 0 0 0 0 0 0 0 0 0 0 0 0 0 46 94 0 0 0 0 5 0 0 0 0 46 0 0 0 23 0 63 0 0 3 0 0 0 0 88 81 0 0 60 0 45 0 0 79 0 0 0 0 0 0 0 0 11 0 0 0 0 0 0 0 0 0 24 0 0 0 48 0 0 0 0 0 0 23 0 0 0 0 0 0 0 0 0 0 30 0 0 87 66 54 0 0 0 0
64 0 0 0 0 0 80 0 71 0 0 0 0 20 89 0 0 0 0 0 0 0 0 28 0 0 53 79 0 0 0 21 0 0 0 0 0 0 97 0 37 0 0 0 0 0 0 0 0 0 60 0 0 34 0 53 0 82 0 64 0 99 0 47 0 0 0 0 30 12 0 32 0 0 0 16 0 0 0 1 36 0 0 0 73 0 99 64 0 0 77 0 0 0 0 0 0 47 0 0
0 0 0 23 0 0 0 0 98 0 0 0 27 0 0 0 0 0 0 0 0 0 0 17 0 0 0 33 0 98 16 0 0 82 70 0 0 74 0 0 56 0 0 0 0 0 51 0 0 56 48 0 30 0 9 0 0 0 99 80 0 0 0 0 0 0 0 25 0 0 2 51 0 0 0 37 10 0 0 12 0 0 0 0 0 0 0 99 0 0 0 0 16 43 0 0 94 0 0 18
0 0 0 70 0 0 0 0 32 0 0 0 0 91 0 0 64 0 0 0 0 0 0 0 0 0 13 0 77 0 0 0 0 0 0 0 0 0 0 17 10 0 0 23 0 53 0 0 0 0 47 0 0 0 50 0 100 0 0 78 0 0 0 0 0 13 0 100 89 27 0 0 45 0 56 0 0 27 21 0 0 0 0 78 0 0 0 0 0 0 0 0 59 0 8 0 0 0 27 0
4 87 0 0 0 0 58 0 0 0 0 0 0 71 0 79 7 0 0 0 0 0 0 0 0 38 0 0 0 0 0 0 29 67 81 21 0 0 39 0 23 0 84 0 55 0 0 0 0 0 50 0 0 0 0 0 0 0 0 0 11 0 0 0 0 94 0 80 0 15 6 51 0 56 79 0 63 0 0 0 0 0 0 0 63 0 0 0 0 64 0 0 0 0 0 0 0 0 0 0
0 0 0 27 0 83 0 0 0 0 0 65 0 0 0 0 0 0 0 1 43 64 16 0 0 26 0 0 0 0 97 0 35 69 0 0 0 0 0 40 0 0 33 0 96 92 0 0 40 0 37 0 96 99 0 80 0 0 0 0 0 0 62 0 0 16 0 0 94 0 0 0 0 0 47 28 0 1 31 93 0 0 0 0 0 0 56 0 0 90 43 0 0 18 0 63 0 0 0 0
65 0 36 3 0 0 0 0 1 0 92 0 0 0 0 0 0 0 0 0 0 0 0 0 0 0 0 0 0 0 0 0 0 0 0 0 0 0 0 0 0 0 55 0 76 0 10 0 0 30 35 0 0 0 53 70 0 0 0 0 0 36 0 40 0 57 0 0 0 0 0 0 0 0 0 51 0 0 81 0 0 0 0 0 0 0 77 0 0 0 13 0 0 0 54 0 0 0 42 45
0 0 0 97 0 0 0 0 0 67 0 0 0 64 0 0 0 66 50 91 0 53 0 0 0 0 0 0 0 0 0 0 39 0 0 0 84 0 26 0 0 0 0 0 0 0 0 0 0 0 77 0 0 0 0 0 29 0 0 0 0 0 0 0 0 0 0 0 0 0 17 0 53 0 0 0 0 0 0 64 0 0 0 54 0 0 0 60 0 19 0 0 0 0 0 5 98 0 0 10
72 0 0 0 0 66 0 0 0 0 0 37 0 0 0 0 0 0 0 0 0 0 0 0 0 0 0 0 92 0 0 0 71 0 49 0 0 0 0 0 0 21 0 0 1 0 0 0 0 0 45 0 0 0 0 0 0 0 0 0 61 0 0 50 0 0 56 0 81 0 0 0 0 0 0 0 0 0 0 0 87 51 0 0 0 0 89 0 0 0 0 92 0 0 0 0 0 91 29 0
0 0 0 0 6 0 0 0 0 0 0 33 4 0 0 31 31 0 0 0 0 0 3 0 22 0 0 0 0 0 21 0 0 52 9 77 0 0 0 0 0 0 0 0 0 0 76 0 71 0 47 0 0 0 86 0 78 37 0 51 24 0 0 0 0 0 0 0 0 0 0 0 15 0 0 0 0 0 0 0 0 0 0 0 68 0 0 0 0 48 0 0 0 48 0 0 0 0 0 48
0 0 0 0 0 0 51 0 0 0 0 0 93 0 72 0 0 0 0 0 0 0 0 67 35 79 0 0 0 0 43 0 0 0 0 0 0 0 71 0 75 26 0 0 80 0 0 0 0 65 0 0 0 44 0 0 0 84 0 0 72 0 0 0 0 0 0 0 0 0 0 0 0 0 0 0 0 0 0 0 0 14 0 0 0 0 25 0 0 83 0 0 0 0 0 0 0 0 48 0
0 14 0 0 81 0 0 0 61 0 0 38 0 0 0 0 6 77 0 0 3 6 0 0 0 0 8 0 0 0 0 0 31 0 0 0 0 0 0 0 0 0 74 0 0 0 79 0 0 0 0 0 88 0 0 0 0 29 64 34 0 0 84 0 0 0 0 59 0 0 0 0 0 0 0 25 0 68 0 60 0 0 0 0 0 49 0 0 0 0 0 61 0 0 0 0 0 52 0 0
0 30 0 19 39 0 0 97 0 0 0 18 0 0 80 0 0 15 0 43 0 0 0 0 0 0 0 0 0 50 0 3 0 0 0 0 66 12 0 0 82 0 0 0 0 0 0 0 100 0 0 0 0 0 0 0 0 85 0 0 0 0 0 0 0 74 0 57 0 0 0 97 0 0 9 0 0 23 0 0 58 9 0 0 0 0 41 94 79 0 0 0 0 0 14 0 0 0 0 0
0 0 0 0 0 0 0 71 0 42 96 0 0 15 0 0 0 0 0 0 62 0 0 97 93 10 85 0 0 0 20 0 100 0 70 0 0 0 0 0 81 0 0 0 0 0 49 0 0 0 0 99 0 61 0 0 41 0 76 0 0 0 0 0 0 0 32 0 2 0 0 0 28 0 0 83 0 0 0 7 31 0 0 0 31 0 0 0 0 0 0 81 93 99 0 0 61 0 0 0
0 0 0 3 0 85 0 44 0 0 0 0 46 0 0 36 29 0 0 0 86 0 0 0 0 0 0 0 0 0 2 0 0 0 0 0 0 0 98 0 0 0 0 0 0 0 0 0 0 0 0 74 0 0 5 55 32 0 0 0 24 0 18 0 0 85 0 55 0 94 0 75 0 10 90 0 0 0 0 0 0 0 0 0 0 0 0 51 0 0 0 0 0 0 10 0 0 47 46 55
37 0 0 0 0 0 0 0 0 83 80 22 0 0 88 0 0 0 0 0 0 0 0 0 0 0 0 0 0 0 0 0 0 0 0 0 0 0 53 22 0 0 0 0 31 0 68 0 0 0 22 0 0 59 62 0 0 0 50 86 0 0 0 0 0 69 0 0 0 0 0 0 4 0 0 6 0 0 0 0 0 0 0 0 70 0 0 0 77 0 0 0 96 0 0 0 0 63 0 0
92 0 87 0 0 0 0 0 0 0 0 0 12 0 0 0 0 0 57 0 0 0 9 0 0 0 0 0 0 0 41 0 0 0 0 59 0 3 0 0 0 47 0 0 0 0 63 79 0 0 27 0 0 0 0 0 0 0 48 0 0 92 0 55 0 0 0 58 0 0 0 0 0 0 0 0 0 9 0 0 0 0 15 0 0 0 0 0 86 0 0 0 65 0 0 0 0 0 0 0
24 0 0 0 0 0 0 0 0 0 74 42 0 0 0 0 0 0 0 0 0 0 0 79 0 0 0 0 0 0 0 0 97 61 0 0 0 58 0 0 0 77 0 0 0 0 0 0 0 15 97 94 0 0 77 0 0 0 45 13 15 0 53 0 10 0 0 0 0 0 0 0 0 0 0 0 40 0 0 0 0 74 72 0 0 0 0 9 0 59 0 0 1 0 0 0 0 0 0 0
0 0 0 0 34 0 0 0 0 0 0 0 0 0 5 0 94 0 0 21 0 8 0 28 0 0 0 0 0 0 0 0 0 0 0 0 0 0 0 47 0 31 9 76 0 0 0 0 0 44 0 0 0 0 0 0 0 0 0 0 0 0 0 0 0 0 18 0 84 0 0 0 0 34 60 91 0 0 0 0 0 0 0 0 0 0 97 0 80 0 0 0 55 0 0 0 0 0 0 40
33 0 0 0 0 0 0 0 98 76 0 0 0 0 0 0 84 0 0 0 21 0 0 0 0 0 0 0 0 0 0 0 42 0 0 69 0 0 0 0 76 0 0 0 100 0 0 71 0 49 0 0 12 0 0 0 0 0 0 47 0 0 0 0 0 57 0 43 0 0 81 0 0 10 46 0 21 61 70 0 0 94 65 0 75 82 0 0 0 38 0 69 0 74 0 95 0 0 0 60
0 0 95 0 71 23 0 22 0 0 68 0 0 0 49 0 0 0 0 0 0 0 0 65 0 0 0 0 0 0 0 0 0 0 0 0 0 22 0 0 39 37 0 0 0 0 76 0 3 0 0 0 3 0 68 0 0 0 0 0 0 45 19 57 0 0 51 0 0 0 0 0 0 20 0 0 88 0 0 87 0 93 0 53 0 0 0 0 0 0 0 0 0 0 89 0 10 0 0 0
0 73 0 87 0 0 37 25 0 0 0 0 0 92 0 0 0 0 0 0 23 0 13 0 0 0 0 0 0 0 0 0 72 92 0 0 93 0 18 0 79 0 0 0 0 15 0 0 0 27 0 0 0 0 0 0 0 0 0 0 0 0 71 0 8 7 0 0 0 96 46 0 0 0 0 23 0 0 0 0 0 0 0 0 0 0 0 0 67 0 0 0 0 12 25 0 87 0 0 0
0 0 0 91 64 35 0 0 0 0 37 69 0 0 0 0 0 0 0 0 0 0 0 0 0 0 0 0 71 0 0 51 0 0 0 0 0 0 0 0 0 0 0 0 0 82 0 34 0 59 0 0 0 0 0 50 0 45 28 71 0 0 0 29 0 0 0 3 0 51 0 0 0 83 0 21 0 18 39 2 0 0 0 0 64 0 0 73 0 0 0 0 5 100 0 0 0 0 0 0
0 70 0 88 0 0 12 0 0 45 0 69 0 0 0 2 0 0 0 0 0 0 0 0 0 74 0 23 0 60 0 3 56 0 0 0 36 15 0 0 10 0 0 0 100 0 6 0 32 4 0 67 82 0 0 0 94 0 0 56 0 0 79 0 89 53 0 30 9 17 0 0 0 0 0 0 23 0 0 0 0 0 0 42 24 0 40 0 0 0 0 80 0 0 0 51 0 0 0 0
0 0 16 99 0 0 0 0 0 84 0 0 0 0 0 38 10 7 92 0 50 0 95 0 0 44 0 0 74 0 0 0 0 0 0 0 0 0 0 0 61 39 0 0 61 0 71 0 0 0 58 0 78 0 0 42 43 0 0 0 0 0 8 0 0 0 0 0 0 0 39 0 0 1 0 51 0 0 36 0 0 0 21 0 0 0 0 0 0 0 0 0 15 0 16 86 0 0 49 0
0 87 0 0 0 44 0 0 18 0 0 0 27 0 0 0 0 0 0 81 54 14 0 0 82 0 0 0 0 0 0 42 0 70 15 43 0 0 48 0 0 0 87 0 0 0 0 0 36 0 0 92 0 84 0 0 0 37 0 0 15 70 0 0 48 0 27 0 94 0 41 0 0 19 0 0 33 31 0 0 55 26 0 0 98 57 0 0 0 0 0 0 0 68 0 0 0 44 0 82
0 40 0 0 0 0 0 0 0 0 0 0 58 0 0 0 0 0 0 0 0 67 0 41 0 3 0 0 0 0 0 0 0 0 0 0 0 0 0 0 0 89 44 54 0 86 0 0 0 0 100 0 0 0 0 0 28 0 0 0 0 22 0 74 46 0 0 0 0 0 72 0 0 0 0 0 18 87 0 0 0 0 0 25 82 84 0 0 0 0 13 0 0 0 49 25 87 0 0 0
0 0 19 66 0 54 11 13 58 0 20 28 0 29 0 0 0 44 37 0 0 22 0 0 0 0 46 0 0 0 0 0 0 0 0 0 0 0 0 0 0 0 0 35 5 0 0 0 37 0 0 0 0 0 28 0 43 24 0 31 50 0 0 0 0 25 0 0 0 0 0 0 75 88 0 0 0 0 0 0 0 77 0 0 0 0 0 0 32 0 0 0 0 0 0 0 0 0 44 0
0 0 16 18 0 0 0 0 20 0 0 0 0 0 0 0 0 0 0 0 0 16 24 0 0 0 0 0 0 0 0 47 0 0 0 0 0 0 0 0 0 0 94 0 75 0 0 0 0 53 72 0 0 0 0 0 0 61 83 89 0 0 0 0 0 70 0 0 73 0 3 0 0 0 0 0 0 70 0 0 0 0 0 0 8 0 0 0 0 0 0 0 0 22 0 0 0 0 0 0
0 29 0 0 0 0 0 97 0 53 0 0 0 0 0 6 65 85 4 0 0 0 0 0 0 0 89 0 0 100 0 0 24 0 0 0 0 0 0 0 13 0 0 0 0 0 97 0 98 6 69 0 0 0 33 0 0 0 21 54 0 0 99 0 0 0 0 0 69 0 0 0 94 0 0 0 0 0 87 0 0 94 16 97 65 0 0 0 0 0 0 0 67 0 0 61 0 0 75 3
0 65 0 0 51 0 0 0 0 59 0 69 0 0 0 43 0 0 61 0 0 0 0 0 0 0 0 0 0 0 0 0 0 0 70 0 0 42 0 0 0 0 0 27 0 0 0 0 0 0 0 0 0 0 0 22 0 0 0 0 0 39 0 0 0 0 0 0 0 0 0 0 0 0 0 26 0 0 0 0 57 0 0 0 0 0 0 0 0 0 0 0 0 55 0 0 0 0 0 0
0 0 0 0 0 0 0 0 0 31 49 0 0 0 0 0 0 54 0 0 0 0 94 71 0 0 5 0 0 0 57 0 0 29 0 0 0 0 0 0 40 0 0 0 0 41 0 0 0 0 0 0 52 0 0 0 16 0 0 0 0 0 41 0 0 0 0 0 0 0 0 0 0 63 0 0 0 0 0 0 60 98 0 0 0 0 0 0 0 0 0 0 0 0 0 0 0 0 0 33
0 0 0 90 21 0 3 81 49 40 0 0 80 0 0 0 0 89 0 0 0 0 96 0 0 49 0 0 0 0 0 0 0 0 0 0 0 69 0 33 24 0 0 0 56 0 0 0 0 0 0 0 7 0 15 35 0 0 0 0 69 0 0 0 0 0 0 0 20 89 53 0 0 0 0 0 0 0 0 0 0 0 0 0 0 0 77 0 0 62 0 0 0 0 0 56 0 0 19 0
0 0 0 0 0 0 0 0 0 0 0 97 0 0 0 0 0 0 0 0 0 30 0 0 11 0 31 0 0 0 0 73 50 78 0 0 0 72 0 0 0 77 0 0 26 0 0 0 70 0 0 0 67 0 0 36 0 0 0 0 0 0 0 0 0 0 0 0 74 49 96 0 0 0 0 0 0 0 0 0 0 70 0 29 0 0 62 1 0 0 0 0 0 27 52 0 0 0 0 26
0 0 93 0 0 0 0 0 19 0 0 0 0 0 0 15 0 76 0 20 0 0 0 0 84 0 0 0 0 0 0 0 0 0 0 0 0 67 0 0 0 33 0 0 0 0 0 0 0 0 0 0 0 0 0 0 0 0 34 90 95 0 0 4 0 0 21 8 0 0 77 0 0 84 84 0 0 61 0 0 0 0 27 73 3 0 0 25 0 0 0 74 0 23 57 46 0 0 0 0
83 100 0 0 0 0 67 0 96 64 73 0 34 0 0 22 58 0 88 0 0 0 0 43 0 0 25 0 76 0 0 0 0 6 0 0 0 0 0 0 0 0 0 0 0 0 0 0 0 0 0 0 98 0 0 0 0 0 0 0 91 0 0 0 0 0 0 0 4 0 0 0 19 0 21 0 86 0 0 0 0 0 0 0 0 68 0 0 0 0 93 3 64 0 0 0 0 0 0 0
0 81 0 0 73 0 0 0 0 0 0 0 0 0 0 0 21 30 44 0 0 0 53 0 0 0 0 0 0 26 0 0 37 60 0 70 1 0 12 0 80 45 0 0 0 0 0 21 0 78 26 0 98 0 0 11 0 0 0 0 2 0 0 0 0 0 2 0 0 0 76 0 0 0 100 55 42 0 0 0 0 0 0 0 0 25 0 0 0 0 0 0 0 7 0 0 0 0 0 0
0 0 0 76 0 0 0 87 0 0 0 0 0 0 79 0 9 0 72 22 3 0 0 48 15 56 40 0 93 45 0 0 0 56 0 0 26 0 0 0 0 21 0 0 0 0 0 74 0 0 0 0 0 0 0 0 0 49 30 0 58 0 49 0 0 0 30 0 0 0 0 0 72 0 0 0 0 84 0 0 75 0 0 48 0 0 0 0 0 0 0 0 0 0 95 0 0 0 77 0
0 93 0 49 73 0 0 0 0 0 90 0 0 0 97 0 0 0 0 0 0 0 0 0 0 0 0 40 0 91 0 0 5 0 68 0 0 0 73 55 36 0 0 35 0 0 0 0 35 2 0 0 0 81 0 0 0 0 0 0 0 49 12 0 0 0 11 0 0 26 0 0 91 0 0 0 0 53 0 94 0 0 0 0 0 95 0 0 51 78 0 0 0 0 0 0 0 0 0 0
0 0 0 20 0 51 84 0 0 0 0 20 0 0 78 0 0 0 0 0 78 0 0 0 0 27 0 0 0 0 15 0 6 3 55 0 0 0 0 99 0 0 0 0 0 0 2 3 0 0 0 77 12 0 0 0 0 0 0 0 0 1 0 0 0 0 0 37 0 0 0 0 0 29 18 0 50 0 0 0 55 48 0 0 97 0 43 0 92 0 0 0 0 0 0 0 0 0 23 0
0 0 0 73 0 0 0 56 0 78 0 0 0 0 0 0 0 0 33 0 0 18 0 0 0 25 0 0 0 75 0 0 74 68 0 0 0 0 0 0 0 0 41 0 0 0 0 0 0 0 0 0 0 0 0 0 0 0 0 0 0 0 0 0 0 0 0 50 0 23 39 82 0 0 0 0 0 37 22 0 0 0 99 0 0 0 0 0 0 0 0 0 40 0 0 0 0 0 0 0
0 0 0 0 0 0 41 0 0 0 0 0 0 0 62 0 0 37 0 0 19 0 43 0 0 0 0 0 0 0 0 0 7 0 0 69 0 0 0 0 79 0 0 68 0 0 0 37 0 0 0 0 0 0 61 4 0 0 58 0 0 0 22 0 0 0 0 0 0 0 89 0 0 0 82 34 0 0 0 42 0 9 0 78 0 0 82 0 75 30 28 0 4 0 90 12 78 0 0 0
0 0 0 0 24 0 0 0 0 52 0 0 0 0 0 0 0 0 0 0 0 0 0 40 0 0 30 5 0 0 0 0 0 0 0 0 7 0 89 0 28 0 0 0 92 0 0 78 90 0 0 0 0 0 41 94 0 0 17 0 0 0 0 0 0 66 0 42 93 15 0 0 0 0 0 55 0 0 0 0 37 4 91 0 0 0 0 41 0 92 41 0 0 0 0 0 53 0 0 86
0 98 0 57 56 0 39 0 55 0 0 0 0 0 62 0 0 0 0 0 48 0 0 0 0 0 16 80 0 64 0 0 0 0 0 0 0 0 0 0 0 90 0 0 17 0 0 0 0 0 0 0 0 14 0 0 80 0 0 0 0 0 0 0 42 0 0 0 0 0 87 0 0 74 0 25 0 0 59 0 0 4 74 0 0 0 0 0 0 0 0 0 74 75 0 0 0 0 0 0
0 78 0 0 72 0 0 0 0 0 0 88 0 0 0 0 0 0 0 82 0 0 0 75 14 0 0 0 0 0 0 0 0 63 0 0 99 0 0 0 0 0 0 0 0 0 0 92 0 19 75 0 0 0 0 0 41 0 0 0 0 0 0 0 0 0 0 90 0 91 0 77 97 0 40 0 0 0 0 0 9 0 0 36 7 0 78 0 60 0 0 0 0 45 0 0 0 0 0 0
7 0 0 0 0 0 0 82 0 0 0 0 0 0 0 0 52 0 0 0 0 53 0 0 0 0 55 87 0 0 88 20 0 0 0 0 0 26 0 0 0 0 0 0 0 0 44 0 0 0 0 12 0 87 0 0 20 0 37 67 0 0 0 0 0 0 0 47 0 0 0 0 0 0 0 0 84 0 0 0 0 0 0 0 92 9 0 0 0 0 0 0 0 0 0 0 0 0 100 0
66 53 0 71 0 74 0 0 94 0 0 0 0 0 0 0 0 0 0 0 0 0 0 0 0 0 0 82 60 0 0 0 79 0 0 0 3 0 0 0 61 0 0 66 0 0 0 0 0 0 0 31 56 0 0 27 0 0 0 0 0 57 0 0 0 79 0 68 0 0 0 0 8 0 79 0 0 78 79 0 0 0 0 0 0 19 0 0 0 76 0 82 0 0 0 0 31 0 0 0
0 0 0 0 0 0 45 0 0 0 0 35 0 14 73 0 0 66 0 0 0 0 0 90 15 19 0 0 0 0 0 0 0 0 0 0 0 0 33 96 0 0 0 30 42 0 0 0 0 0 0 0 0 99 100 0 0 0 18 18 0 31 0 0 45 0 0 0 0 0 0 0 0 0 58 0 100 0 0 0 36 0 74 52 0 0 80 80 0 0 0 0 21 44 0 0 73 47 0 0
0 37 0 0 100 0 49 0 26 0 4 0 0 100 58 0 0 0 0 0 0 0 0 0 0 0 0 0 0 0 23 0 0 41 0 22 0 0 0 0 0 35 0 0 0 0 0 0 0 0 0 0 80 0 0 0 28 47 0 0 0 0 0 0 0 0 0 26 28 0 0 0 0 65 0 0 0 0 42 0 0 0 38 23 0 0 23 0 0 59 0 0 0 0 24 69 0 0 0 0
0 0 0 0 0 17 35 0 0 47 65 17 0 23 73 0 2 83 0 0 57 0 0 41 0 0 40 22 0 0 0 0 0 0 0 0 0 0 0 42 0 0 9 0 100 0 0 0 0 0 0 0 0 0 0 0 7 0 0 0 0 0 0 0 0 0 3 0 39 0 0 32 55 0 0 0 0 0 0 0 44 28 26 0 0 0 80 0 0 0 0 0 16 0 0 43 0 0 72 33
8 0 50 54 0 0 0 30 0 0 75 0 8 0 0 0 0 0 59 0 0 0 0 0 0 0 0 44 92 0 0 0 0 0 65 0 0 0 0 0 0 0 0 59 0 51 85 0 0 0 0 30 0 38 0 0 0 0 0 30 0 0 0 0 0 0 0 0 0 0 0 0 91 0 56 0 0 0 69 0 0 92 0 86 0 0 0 0 0 44 0 0 0 0 0 0 0 0 0 14
0 2 0 0 80 0 0 0 0 63 82 0 0 0 0 0 0 0 0 0 0 0 0 0 65 0 0 97 10 0 36 0 0 0 0 0 0 8 0 0 33 0 0 43 0 0 0 0 0 0 20 0 21 0 0 0 75 34 0 0 0 0 0 0 0 0 0 10 63 0 20 0 0 0 0 0 0 0 14 0 80 0 0 0 0 60 21 0 0 0 0 0 0 77 0 0 0 0 0 0
0 0 0 0 0 0 0 0 0 55 0 0 0 0 100 0 0 0 0 85 0 51 81 0 10 84 0 0 0 0 0 55 0 0 97 42 0 0 4 0 0 67 0 0 0 23 2 0 69 59 15 0 41 0 0 100 0 0 0 0 0 0 0 0 23 0 0 0 0 0 0 23 0 0 0 0 0 0 97 0 93 24 0 0 0 0 46 0 0 0 65 0 4 0 0 20 3 0 0 77
20 79 0 0 0 0 0 64 0 73 0 0 0 0 3 0 0 0 0 0 0 0 0 0 10 0 0 0 52 0 0 80 0 0 0 0 0 0 0 0 6 0 26 79 0 0 0 0 0 9 45 0 33 0 0 0 0 0 0 0 0 0 0 0 0 0 0 0 53 0 0 0 0 6 37 0 99 16 85 0 0 0 0 57 0 0 25 60 0 1 0 0 0 96 0 0 0 91 67 0
100 0 0 77 0 0 78 0 0 0 0 0 0 0 0 0 0 66 0 0 71 0 65 0 0 0 11 0 54 0 33 0 47 0 0 0 0 0 78 0 74 0 0 25 0 0 0 0 92 0 0 0 0 62 0 18 0 2 0 0 0 10 0 0 0 0 0 15 0 0 0 0 0 0 0 28 0 0 0 0 37 10 0 0 0 0 0 0 29 0 0 0 62 0 0 0 0 3 32 0
0 0 0 79 0 31 0 67 0 0 54 0 0 0 0 21 0 0 0 0 0 50 0 33 0 0 50 0 30 0 0 0 0 0 0 0 0 63 0 0 0 0 0 0 0 0 0 0 0 0 0 0 82 0 21 0 0 2 0 0 52 0 0 0 0 0 0 0 0 0 0 0 0 0 85 0 0 0 0 0 0 92 85 0 0 0 0 0 0 0 62 0 0 0 95 0 0 0 6 0
0 0 0 56 0 0 73 0 0 85 0 0 0 63 0 5 1 76 0 51 92 93 0 40 0 0 0 0 0 0 0 0 0 16 0 0 0 0 95 18 8 0 0 0 0 0 0 62 0 0 0 51 29 0 0 0 0 0 19 0 76 11 73 8 0 46 0 0 40 0 0 0 0 0 0 0 49 0 52 0 0 0 0 0 0 0 0 0 99 0 0 0 0 0 0 0 52 0 2 0
0 0 0 0 41 23 0 43 0 0 0 80 0 0 50 0 24 0 0 0 5 100 0 0 10 19 11 0 0 0 0 0 19 0 30 0 0 0 12 0 0 0 5 0 50 0 0 0 94 0 0 0 39 0 0 0 79 0 0 0 8 0 0 0 23 36 22 53 0 0 0 0 54 0 0 0 0 0 0 0 0 93 0 0 0 0 0 0 0 0 0 0 0 0 0 0 65 0 0 0
4 37 10 0 0 69 0 55 0 0 0 96 0 0 76 0 12 0 0 0 0 0 0 20 0 0 0 0 24 0 0 0 26 100 36 0 0 0 70 0 29 0 0 46 0 0 0 0 64 0 0 0 0 0 0 0 0 0 0 0 0 0 0 0 67 0 68 0 0 5 0 95 0 0 0 0 0 8 0 60 0 0 0 0 0 0 0 0 0 0 0 0 0 0 0 61 0 74 0 32
72 0 0 0 0 26 0 0 0 0 0 3 0 71 0 0 0 0 0 0 0 0 0 0 0 0 0 20 0 48 0 0 0 0 0 0 0 0 59 0 0 0 16 0 24 0 0 0 0 0 0 0 0 0 0 32 0 0 50 0 0 0 0 0 64 0 0 82 0 0 0 0 0 0 0 0 0 0 0 0 26 0 0 18 0 0 0 0 0 0 0 0 0 0 0 0 0 92 0 0
0 12 84 0 0 0 24 0 0 0 85 0 65 0 0 0 0 0 22 63 16 0 43 0 26 0 0 79 32 68 87 0 0 0 0 32 0 0 0 0 0 0 0 73 6 6 0 0 59 0 0 0 0 0 0 0 0 60 0 0 0 0 0 0 0 0 72 74 0 0 25 0 0 0 0 0 0 0 0 0 37 0 0 47 0 0 0 0 0 0 0 76 2 0 7 0 0 0 0 0
0 51 40 0 0 28 0 0 0 0 0 0 0 0 0 0 0 8 0 30 0 0 0 0 95 0 77 0 52 0 66 0 0 6 57 0 0 0 86 0 0 0 0 0 0 0 3 70 0 0 76 0 0 72 0 27 0 0 0 0 0 0 86 0 0 57 0 56 0 0 0 0 0 0 0 0 0 0 0 0 0 0 24 69 0 0 0 0 18 0 0 17 77 0 0 0 31 49 64 86
0 0 0 39 0 0 25 0 0 0 0 0 0 0 0 0 4 0 56 68 6 27 0 0 0 0 0 0 0 56 0 0 0 0 0 26 0 0 0 0 0 0 0 0 0 0 49 0 0 0 0 0 0 0 0 39 25 0 4 12 54 0 0 0 0 0 0 0 0 0 0 78 0 0 0 0 0 0 0 0 0 0 0 58 57 0 0 0 45 0 0 57 0 0 0 0 0 0 0 0
0 0 0 0 76 0 0 0 91 0 0 8 0 61 0 0 0 0 0 0 0 0 0 87 45 0 0 0 0 36 0 0 0 34 0 0 77 91 0 0 0 10 0 0 46 0 0 0 0 0 0 0 0 0 0 0 32 0 0 0 94 0 0 0 79 0 0 0 0 0 0 0 0 0 0 6 19 0 0 0 0 0 0 0 0 0 0 71 0 0 0 13 0 0 0 0 43 51 0 0
0 0 0 0 0 0 0 0 0 0 0 1 0 0 0 0 0 0 25 0 0 0 1 0 0 0 0 35 38 0 0 0 0 0 0 16 0 0 0 0 0 0 0 19 0 0 0 51 62 9 0 0 0 0 0 72 0 24 0 0 0 39 88 0 0 0 75 0 0 0 0 77 0 0 0 1 0 47 0 0 0 27 0 0 0 0 0 23 0 0 0 0 50 0 91 0 0 54 0 18
0 93 0 78 0 67 0 0 0 0 0 0 22 0 0 0 0 63 0 89 93 0 0 0 0 0 0 0 35 4 0 84 0 0 67 11 0 0 0 0 0 54 59 0 0 0 0 0 0 0 39 0 1 0 0 0 0 0 0 0 0 0 75 12 0 0 0 0 0 0 0 0 66 53 60 0 0 67 0 0 76 0 0 0 0 0 39 69 0 0 36 0 0 0 0 0 14 0 0 0
8 0 0 0 0 0 0 0 0 0 0 52 64 0 0 31 0 67 0 0 0 0 0 0 20 0 0 0 0 0 0 0 0 0 0 0 0 0 0 0 0 32 0 0 0 0 0 0 0 0 0 0 0 0 0 0 44 66 23 0 0 0 0 16 0 0 0 0 11 0 57 0 0 0 28 0 0 0 8 62 0 93 0 0 0 0 0 64 0 0 0 0 0 60 0 0 0 3 0 0
0 0 0 1 0 0 0 0 0 0 38 0 0 0 0 47 75 0 88 0 0 0 0 0 85 0 89 0 0 0 87 54 0 0 0 60 50 0 0 0 0 0 95 0 0 19 0 32 0 0 0 0 12 0 48 7 0 0 0 83 0 0 0 0 0 48 0 0 0 0 0 0 0 0 0 0 73 0 13 61 0 37 0 0 0 0 0 39 95 0 0 0 97 0 88 0 0 0 24 93
0 0 0 0 0 0 0 0 0 0 0 61 0 0 0 0 0 8 0 0 0 0 0 0 0 72 23 0 0 0 12 0 0 0 0 0 0 100 0 88 2 11 89 73 0 0 0 13 0 71 0 0 0 0 75 67 0 0 0 0 0 0 0 50 0 0 52 0 0 1 0 68 38 0 0 11 0 0 0 0 0 0 0 85 0 0 0 0 0 0 0 12 11 0 0 0 30 35 0 0
0 0 83 0 0 0 0 0 0 100 0 0 0 0 0 42 23 0 0 0 0 0 0 0 0 20 55 46 0 0 19 0 0 0 0 0 0 0 0 0 0 0 0 57 0 62 0 99 0 0 0 0 0 0 0 87 0 0 0 0 0 0 0 0 11 0 0 85 0 0 0 0 90 0 0 16 0 0 0 30 0 37 0 96 0 58 0 0 0 0 0 0 0 0 0 0 53 0 0 0
0 0 0 0 0 0 0 97 76 0 0 0 0 0 0 0 0 0 0 0 0 0 0 0 89 0 0 0 0 24 19 0 92 55 0 75 16 0 0 66 51 0 79 53 0 0 0 0 0 0 75 48 0 0 7 0 0 0 0 0 0 0 52 91 0 49 0 74 81 46 0 16 98 0 0 0 0 0 0 0 5 0 0 49 0 0 0 0 0 0 0 69 68 0 0 0 0 0 0 78
0 20 0 0 0 0 38 0 21 0 0 34 0 3 0 0 0 37 0 0 0 0 0 0 42 0 0 0 0 79 0 66 0 0 0 78 46 62 0 0 60 0 0 0 35 0 0 0 0 28 0 0 0 0 0 0 35 0 0 57 0 0 42 0 0 0 0 0 0 0 0 0 0 0 0 0 0 0 0 0 0 0 0 0 0 0 0 0 0 0 0 0 0 21 0 87 0 0 98 0
0 98 0 0 32 0 0 0 0 0 56 0 0 0 0 0 34 0 0 0 0 0 81 81 0 0 0 0 0 0 0 0 0 0 73 0 0 0 74 0 0 0 72 0 0 79 0 0 10 0 0 55 0 0 0 74 0 0 15 71 0 0 89 29 0 0 21 0 0 0 0 0 0 0 0 0 94 0 0 0 0 0 0 0 0 0 0 0 0 0 0 0 0 0 0 83 23 0 0 0
75 0 0 53 0 0 0 0 0 0 0 0 0 77 0 0 0 0 0 17 66 0 89 0 0 12 0 0 0 0 0 0 36 54 0 0 0 0 0 0 0 95 86 0 0 0 0 0 0 0 0 0 0 66 71 0 0 0 0 93 0 0 0 0 23 0 0 97 0 0 0 0 0 0 98 0 79 0 0 1 0 0 74 0 0 0 62 60 0 0 0 0 31 0 0 0 97 0 9 0
66 0 0 0 26 0 0 0 0 43 0 0 83 0 0 51 0 0 0 0 37 0 23 71 0 0 0 24 72 0 3 0 20 0 0 0 0 32 0 15 0 0 0 0 43 0 0 0 5 97 0 0 0 0 0 0 0 0 0 0 0 0 0 0 0 19 0 0 0 0 0 63 0 0 0 91 0 0 44 80 0 0 0 0 63 0 93 0 0 0 31 0 0 0 0 0 0 0 23 0
80 0 0 0 0 67 0 45 0 25 14 0 48 0 0 0 12 0 0 85 70 56 0 0 62 0 95 47 79 44 85 71 46 0 20 0 37 96 40 86 0 78 11 0 0 0 0 0 0 0 0 85 0 38 0 0 0 0 0 0 0 23 0 0 13 0 0 60 0 0 78 94 0 0 0 0 0 55 53 0 91 44 0 41 0 0 63 0 0 0 79 0 0 0 0 0 0 0 0 0
0 0 0 82 83 0 0 0 9 0 0 0 0 0 32 32 0 0 0 0 0 5 0 0 0 0 0 0 0 0 0 0 0 0 0 0 0 0 0 0 0 5 0 0 9 0 3 24 0 0 0 0 0 0 0 0 0 0 0 0 0 0 0 0 0 62 0 0 0 0 0 0 0 0 0 0 0 73 37 0 0 0 0 27 0 0 0 0 0 0 0 40 12 0 0 0 79 0 0 0
16 0 42 0 0 0 0 0 0 20 0 0 0 97 49 0 0 0 0 64 0 0 0 0 0 42 0 88 0 0 0 0 0 0 0 21 0 38 0 0 0 32 0 0 0 45 0 0 0 10 0 0 0 0 0 0 0 0 0 42 0 0 15 0 0 0 0 37 0 81 32 0 0 0 0 0 0 57 79 0 0 96 0 0 0 0 0 0 0 52 0 98 88 0 0 0 0 0 11 27
0 72 0 0 0 49 0 25 39 0 0 0 0 84 68 0 0 0 68 0 0 0 0 0 0 0 0 0 34 56 0 0 0 0 0 0 0 0 0 0 0 0 14 0 0 0 0 60 0 3 0 0 0 0 37 0 0 0 0 23 0 0 0 0 0 0 0 0 0 0 0 0 0 0 0 0 9 0 69 0 0 0 77 0 52 55 0 0 0 90 0 0 0 0 91 77 0 0 16 0
0 8 0 0 0 0 0 0 93 0 31 0 0 0 7 0 0 0 19 30 0 0 0 0 0 0 0 0 0 0 0 0 0 0 0 17 0 0 0 0 0 0 0 0 44 0 0 0 0 0 0 0 0 0 0 0 0 0 0 0 0 0 82 0 0 30 0 34 0 0 0 81 0 0 0 45 0 0 0 0 87 0 69 7 26 0 79 0 0 0 56 63 0 15 43 0 0 0 94 0
0 0 0 0 0 0 21 98 0 0 0 0 0 0 0 0 79 0 0 0 22 0 0 0 66 0 0 0 0 0 0 0 0 0 0 0 0 0 0 0 0 0 0 0 81 0 21 0 0 0 0 0 0 0 77 0 80 0 30 0 0 0 0 0 0 0 67 0 0 22 0 0 0 73 0 0 0 0 0 0 87 0 3 0 28 68 0 0 0 61 0 0 27 75 0 47 0 0 0 0
0 0 0 0 0 0 0 0 0 0 0 0 0 0 54 0 90 0 0 0 0 0 0 0 0 0 0 0 0 0 0 0 0 0 0 0 0 0 0 0 0 58 95 0 0 0 0 0 0 0 0 0 0 0 0 0 42 0 0 0 45 20 0 0 0 0 0 41 0 0 45 0 0 0 0 0 0 0 0 0 0 89 0 0 0 40 0 0 0 0 0 0 0 0 0 0 0 0 0 0
0 0 0 62 0 0 0 0 0 0 0 0 77 0 0 0 0 0 0 0 0 0 97 62 0 0 0 0 0 0 0 0 0 0 0 30 17 0 0 0 0 0 0 96 0 46 0 0 22 0 0 0 0 16 0 7 0 0 0 92 47 0 0 18 22 0 36 34 0 18 74 0 0 0 0 0 0 0 58 0 26 0 0 0 0 54 10 20 6 0 0 0 0 56 21 67 0 62 0 24
53 0 70 0 0 0 22 51 0 0 0 0 0 0 0 0 0 67 87 0 0 43 0 0 0 0 0 0 73 0 0 0 0 0 90 0 28 0 0 0 0 0 11 0 52 0 0 0 0 0 0 0 0 0 21 0 0 50 0 68 0 0 0 0 0 2 0 0 27 0 0 0 0 0 0 0 73 0 56 0 0 0 0 0 0 0 6 0 0 0 0 0 2 0 0 66 0 0 0 19
0 0 0 0 36 0 0 0 0 0 0 10 0 73 0 0 0 0 0 19 0 0 0 0 70 0 0 78 34 29 0 52 0 0 93 0 0 0 0 0 0 0 0 0 66 7 0 0 0 70 0 0 0 0 0 0 0 0 0 0 0 0 0 0 28 0 0 0 0 0 0 40 96 100 0 0 0 20 0 0 0 0 0 92 0 0 0 0 0 0 75 0 0 87 0 0 0 0 0 70
0 0 0 0 0 73 0 0 0 0 0 0 0 0 0 0 0 45 0 0 0 0 0 66 0 36 0 0 0 0 0 87 66 88 0 0 0 23 0 0 0 58 88 61 0 83 0 0 0 40 0 0 0 0 96 0 0 69 0 0 0 0 0 20 0 0 0 0 0 0 0 0 32 0 0 0 0 0 0 37 66 30 0 0 42 99 0 0 28 34 0 0 0 0 0 0 0 0 0 25
0 0 0 31 0 67 0 73 46 80 0 0 87 2 0 0 0 0 70 0 0 0 20 0 0 0 0 0 0 0 0 0 0 0 0 0 0 0 0 0 0 78 0 0 0 0 0 0 6 0 0 0 0 0 0 0 0 0 34 0 0 0 0 33 0 80 0 21 0 0 95 0 0 0 0 99 9 0 0 0 0 87 0 0 0 0 0 0 0 0 0 0 0 0 0 0 80 57 0 80
0 0 0 0 0 0 0 0 0 0 43 13 0 0 0 0 0 56 0 0 0 91 0 0 0 0 0 0 0 0 0 0 28 0 2 0 0 0 0 0 0 0 4 75 73 80 0 52 0 0 0 58 0 0 42 20 0 0 0 0 0 0 0 0 42 0 36 1 0 0 0 0 0 0 71 0 22 0 0 0 2 7 0 0 0 0 0 0 0 0 0 0 52 0 0 0 46 0 34 0
0 59 0 0 0 0 0 70 0 0 46 0 0 5 0 0 60 71 0 35 0 0 0 0 75 37 0 0 0 28 0 0 74 0 75 0 25 79 91 0 16 42 0 0 0 0 0 0 68 54 29 0 62 0 0 65 88 0 0 71 0 0 0 75 0 27 0 0 0 0 0 0 95 0 0 73 0 0 0 0 0 0 0 0 31 0 0 0 36 0 0 81 0 72 0 0 0 92 18 0
0 0 53 60 0 71 0 0 35 21 0 0 0 82 0 0 74 0 67 0 18 0 0 0 0 0 27 0 0 65 1 0 24 70 0 0 0 0 0 97 0 24 32 0 92 0 96 0 0 52 0 46 0 0 0 71 0 0 0 52 0 89 0 0 0 0 0 0 0 59 0 55 0 0 0 0 0 0 0 0 24 0 0 0 0 0 69 0 1 0 31 96 0 0 0 0 69 8 0 0
0 0 71 0 0 0 0 55 0 62 0 11 29 0 0 99 94 0 0 0 0 24 0 0 0 0 0 9 0 68 73 0 27 0 0 74 3 0 0 0 0 0 0 0 0 0 0 0 0 0 0 0 0 16 0 63 0 0 0 0 0 0 0 0 67 0 12 97 0 0 0 47 25 54 0 0 0 89 30 0 25 0 96 0 75 0 0 0 0 0 5 0 0 0 0 0 0 0 0 0
0 0 0 0 0 0 0 42 0 0 0 0 0 0 0 0 0 0 0 0 0 0 0 0 90 0 42 0 0 0 0 62 0 0 14 0 0 0 0 0 0 0 71 0 8 0 58 0 38 0 0 0 0 0 0 0 0 0 59 0 0 68 0 0 0 0 0 0 67 89 0 0 0 0 0 0 0 0 0 80 0 67 0 77 0 0 0 0 0 0 0 0 34 0 0 0 0 0 54 0
0 0 0 1 14 0 92 0 0 0 0 98 0 0 0 35 0 0 0 0 0 0 0 0 0 0 19 83 56 0 0 0 0 0 41 0 32 0 65 0 0 33 0 0 46 36 69 0 0 0 23 25 0 0 0 0 0 0 0 0 0 0 0 91 36 11 0 30 60 0 0 0 0 66 0 11 66 0 0 0 0 0 0 0 0 0 0 0 82 0 0 98 0 0 98 0 38 0 0 0
17 0 0 5 37 0 0 49 0 66 0 0 12 0 0 0 0 98 0 0 0 54 0 0 0 0 0 0 65 68 29 0 0 0 0 0 0 8 35 0 0 0 0 47 0 5 0 44 0 0 26 0 0 29 0 0 0 0 0 0 0 0 0 0 73 72 0 0 0 0 16 0 0 86 0 48 0 14 0 0 0 0 0 55 0 64 0 30 0 0 0 0 0 68 0 0 0 0 0 79
0 0 0 0 0 0 0 0 0 0 0 0 0 0 0 0 0 4 0 68 0 0 92 0 0 53 0 0 40 0 0 0 67 84 0 0 0 71 0 0 99 0 51 0 0 0 18 0 52 18 0 0 0 0 62 0 0 0 0 0 30 0 34 0 0 0 0 0 0 0 0 23 0 0 0 23 0 0 38 0 7 0 0 31 0 0 10 21 0 91 0 0 0 0 0 0 52 0 0 53
0 7 0 0 87 0 0 66 0 0 47 0 0 0 65 0 0 0 37 0 19 41 0 0 44 0 14 68 0 0 0 0 25 0 0 0 0 0 0 0 6 0 0 0 0 0 34 73 0 0 75 0 0 0 0 0 0 0 24 0 0 47 25 0 0 0 0 0 86 0 9 0 0 0 12 0 0 0 0 0 0 0 43 0 0 0 0 86 5 0 46 0 0 0 0 0 0 0 0 0
32 0 0 0 0 0 0 0 0 21 0 0 95 17 0 0 58 99 0 71 0 0 35 0 0 8 1 0 0 0 0 0 0 46 0 0 0 0 86 0 0 0 0 0 0 0 81 0 0 0 12 0 0 0 0 0 4 0 50 0 0 0 0 35 2 0 0 0 0 0 0 0 0 34 0 0 19 0 0 24 0 0 0 0 30 0 0 0 0 0 63 0 0 0 0 76 0 23 0 0
0 0 0 80 0 0 0 0 41 77 29 0 0 0 62 0 0 0 4 0 0 30 0 37 0 0 58 0 0 0 0 0 0 0 0 0 0 35 85 0 0 0 0 0 0 0 18 71 0 84 0 0 0 0 0 92 15 0 0 0 0 0 0 4 75 0 0 0 0 0 0 0 0 0 65 88 0 0 0 56 0 0 0 0 0 0 0 0 0 0 0 0 44 0 89 0 0 86 0 0
0 0 0 0 0 0 0 0 0 0 0 0 0 0 0 0 0 0 66 10 93 0 84 24 0 0 0 0 0 57 0 0 0 0 0 0 0 49 0 61 0 0 0 0 0 0 71 0 0 0 0 0 0 0 9 0 0 0 84 0 0 0 0 0 31 93 0 65 5 0 0 0 11 100 0 20 0 26 0 0 0 0 0 98 0 0 0 0 0 0 0 0 0 99 0 0 0 0 0 19
0 0 95 0 0 0 0 0 0 0 76 0 0 0 0 8 0 0 0 0 0 0 11 0 16 0 0 0 56 0 0 0 0 0 0 0 0 0 0 0 0 0 0 84 0 0 0 0 0 0 0 0 0 0 0 0 0 0 0 0 0 0 0 0 0 94 88 28 0 0 0 0 0 34 87 97 0 0 0 0 0 0 0 0 0 0 0 0 77 0 0 0 0 0 0 0 35 0 0 8
0 87 0 0 0 0 0 0 0 0 0 0 0 0 0 77 32 0 0 0 0 99 0 0 0 0 71 0 0 0 3 0 24 0 0 72 0 0 0 0 56 72 0 0 70 0 62 0 0 75 0 0 0 0 0 0 0 0 3 0 0 0 0 0 0 0 0 0 67 0 0 0 33 0 0 0 0 0 0 100 0 0 0 0 0 0 0 0 0 0 87 0 0 55 36 37 0 0 0 0
92 0 0 0 0 0 29 0 35 0 0 0 0 5 28 0 0 0 0 0 0 0 0 88 0 0 99 64 0 0 0 49 0 0 0 0 0 0 6 0 81 0 0 0 0 0 0 0 0 0 58 0 0 32 0 14 0 67 0 28 0 92 0 77 0 0 0 0 83 53 0 39 0 0 0 29 0 0 0 10 55 0 0 0 52 0 80 85 0 0 94 0 0 0 0 0 0 87 0 0
0 0 0 23 0 0 0 0 15 0 0 0 51 0 0 0 0 0 0 0 0 0 0 21 0 0 0 88 0 53 72 0 0 13 6 0 0 93 0 0 7 0 0 0 0 0 6 0 0 63 99 0 6 0 53 0 0 0 39 93 0 0 0 0 0 0 0 73 0 0 73 90 0 0 0 53 30 0 0 21 0 0 0 0 0 0 0 74 0 0 0 0 47 58 0 0 93 0 0 65
0 0 0 87 0 0 0 0 43 0 0 0 0 80 0 0 95 0 0 0 0 0 0 0 0 0 15 0 76 0 0 0 0 0 0 0 0 0 0 7 11 0 0 5 0 98 0 0 0 0 5 0 0 0 10 0 66 0 0 99 0 0 0 0 0 83 0 78 37 87 0 0 7 0 5 0 0 47 14 0 0 0 0 55 0 0 0 0 0 0 0 0 12 0 64 0 0 0 20 0
100 3 0 0 0 0 83 0 0 0 0 0 0 67 0 40 38 0 0 0 0 0 0 0 0 3 0 0 0 0 0 0 31 91 54 76 0 0 34 0 48 0 46 0 54 0 0 0 0 0 53 0 0 0 0 0 0 0 0 0 56 0 0 0 0 33 0 58 0 11 14 100 0 35 79 0 85 0 0 0 0 0 0 0 12 0 0 0 0 54 0 0 0 0 0 0 0 0 0 0
0 0 0 89 0 21 0 0 0 0 0 35 0 0 0 0 0 0 0 59 33 60 54 0 0 13 0 0 0 0 86 0 47 20 0 0 0 0 0 19 0 0 74 0 40 77 0 0 74 0 93 0 94 88 0 60 0 0 0 0 0 0 11 0 0 30 0 0 48 0 0 0 0 0 14 38 0 22 89 48 0 0 0 0 0 0 89 0 0 26 20 0 0 94 0 59 0 0 0 0
93 0 58 25 0 0 0 0 5 0 7 0 0 0 0 0 0 0 0 0 0 0 0 0 0 0 0 0 0 0 0 0 0 0 0 0 0 0 0 0 0 0 74 0 56 0 11 0 0 52 97 0 0 0 69 100 0 0 0 0 0 41 0 34 0 46 0 0 0 0 0 0 0 0 0 66 0 0 13 0 0 0 0 0 0 0 40 0 0 0 86 0 0 0 14 0 0 0 67 90
0 0 0 4 0 0 0 0 0 18 0 0 0 67 0 0 0 75 3 55 0 71 0 0 0 0 0 0 0 0 0 0 48 0 0 0 49 0 69 0 0 0 0 0 0 0 0 0 0 0 76 0 0 0 0 0 46 0 0 0 0 0 0 0 0 0 0 0 0 0 64 0 15 0 0 0 0 0 0 41 0 0 0 69 0 0 0 14 0 93 0 0 0 0 0 21 98 0 0 26
25 0 0 0 0 14 0 0 0 0 0 97 0 0 0 0 0 0 0 0 0 0 0 0 0 0 0 0 93 0 0 0 53 0 76 0 0 0 0 0 0 28 0 0 39 0 0 0 0 0 25 0 0 0 0 0 0 0 0 0 58 0 0 21 0 0 71 0 77 0 0 0 0 0 0 0 0 0 0 0 23 76 0 0 0 0 94 0 0 0 0 76 0 0 0 0 0 71 32 0
0 0 0 0 60 0 0 0 0 0 0 51 98 0 0 55 9 0 0 0 0 0 71 0 86 0 0 0 0 0 76 0 0 11 40 13 0 0 0 0 0 0 0 0 0 0 80 0 51 0 51 0 0 0 32 0 91 64 0 86 3 0 0 0 0 0 0 0 0 0 0 0 40 0 0 0 0 0 0 0 0 0 0 0 91 0 0 0 0 48 0 0 0 72 0 0 0 0 0 28
0 0 0 0 0 0 36 0 0 0 0 0 93 0 7 0 0 0 0 0 0 0 0 72 32 93 0 0 0 0 59 0 0 0 0 0 0 0 23 0 98 54 0 0 10 0 0 0 0 4 0 0 0 40 0 0 0 19 0 0 33 0 0 0 0 0 0 0 0 0 0 0 0 0 0 0 0 0 0 0 0 41 0 0 0 0 47 0 0 13 0 0 0 0 0 0 0 0 68 0
0 43 0 0 99 0 0 0 33 0 0 7 0 0 0 0 23 77 0 0 82 94 0 0 0 0 47 0 0 0 0 0 3 0 0 0 0 0 0 0 0 0 56 0 0 0 56 0 0 0 0 0 39 0 0 0 0 87 18 42 0 0 56 0 0 0 0 63 0 0 0 0 0 0 0 63 0 25 0 3 0 0 0 0 0 70 0 0 0 0 0 1 0 0 0 0 0 33 0 0
0 16 0 93 36 0 0 25 0 0 0 27 0 0 90 0 0 63 0 45 0 0 0 0 0 0 0 0 0 33 0 13 0 0 0 0 56 55 0 0 18 0 0 0 0 0 0 0 63 0 0 0 0 0 0 0 0 29 0 0 0 0 0 0 0 62 0 73 0 0 0 38 0 0 80 0 0 66 0 0 18 52 0 0 0 0 99 54 35 0 0 0 0 0 27 0 0 0 0 0
0 0 0 0 0 0 0 13 0 75 69 0 0 86 0 0 0 0 0 0 46 0 0 35 83 51 57 0 0 0 96 0 3 0 65 0 0 0 0 0 71 0 0 0 0 0 95 0 0 0 0 66 0 59 0 0 65 0 71 0 0 0 0 0 0 0 98 0 39 0 0 0 94 0 0 53 0 0 0 45 90 0 0 0 32 0 0 0 0 0 0 30 44 68 0 0 85 0 0 0
0 0 0 75 0 51 0 45 0 0 0 0 68 0 0 100 74 0 0 0 20 0 0 0 0 0 0 0 0 0 60 0 0 0 0 0 0 0 31 0 0 0 0 0 0 0 0 0 0 0 0 3 0 0 85 70 84 0 0 0 69 0 12 0 0 57 0 73 0 90 0 65 0 43 43 0 0 0 0 0 0 0 0 0 0 0 0 10 0 0 0 0 0 0 80 0 0 45 96 80
66 0 0 0 0 0 0 0 0 69 7 11 0 0 22 0 0 0 0 0 0 0 0 0 0 0 0 0 0 0 0 0 0 0 0 0 0 0 50 49 0 0 0 0 42 0 51 0 0 0 56 0 0 5 70 0 0 0 77 64 0 0 0 0 0 76 0 0 0 0 0 0 1 0 0 100 0 0 0 0 0 0 0 0 30 0 0 0 35 0 0 0 68 0 0 0 0 22 0 0
54 0 23 0 0 0 0 0 0 0 0 0 59 0 0 0 0 0 38 0 0 0 81 0 0 0 0 0 0 0 3 0 0 0 0 18 0 63 0 0 0 49 0 0 0 0 20 2 0 0 2 0 0 0 0 0 0 0 44 0 0 99 0 53 0 0 0 89 0 0 0 0 0 0 0 0 0 57 0 0 0 0 4 0 0 0 0 0 18 0 0 0 23 0 0 0 0 0 0 0
32 0 0 0 0 0 0 0 0 0 87 19 0 0 0 0 0 0 0 0 0 0 0 98 0 0 0 0 0 0 0 0 91 19 0 0 0 26 0 0 0 75 0 0 0 0 0 0 0 45 83 37 0 0 81 0 0 0 78 97 53 0 6 0 33 0 0 0 0 0 0 0 0 0 0 0 5 0 0 0 0 94 78 0 0 0 0 71 0 37 0 0 10 0 0 0 0 0 0 0
0 0 0 0 59 0 0 0 0 0 0 0 0 0 72 0 85 0 0 48 0 90 0 22 0 0 0 0 0 0 0 0 0 0 0 0 0 0 0 64 0 32 30 29 0 0 0 0 0 53 0 0 0 0 0 0 0 0 0 0 0 0 0 0 0 0 68 0 28 0 0 0 0 45 56 30 0 0 0 0 0 0 0 0 0 0 56 0 55 0 0 0 29 0 0 0 0 0 0 3
22 0 0 0 0 0 0 0 40 54 0 0 0 0 0 0 27 0 0 0 28 0 0 0 0 0 0 0 0 0 0 0 57 0 0 8 0 0 0 0 72 0 0 0 81 0 0 66 0 92 0 0 92 0 0 0 0 0 0 62 0 0 0 0 0 16 0 9 0 0 46 0 0 22 55 0 87 60 72 0 0 67 72 0 48 59 0 0 0 98 0 99 0 81 0 36 0 0 0 13
0 0 87 0 97 8 0 33 0 0 49 0 0 0 36 0 0 0 0 0 0 0 0 31 0 0 0 0 0 0 0 0 0 0 0 0 0 16 0 0 96 23 0 0 0 0 45 0 26 0 0 0 38 0 32 0 0 0 0 0 0 34 63 95 0 0 22 0 0 0 0 0 0 14 0 0 31 0 0 23 0 82 0 89 0 0 0 0 0 0 0 0 0 0 37 0 66 0 0 0
0 73 0 51 0 0 65 26 0 0 0 0 0 52 0 0 0 0 0 0 31 0 72 0 0 0 0 0 0 0 0 0 63 85 0 0 31 0 85 0 51 0 0 0 0 92 0 0 0 44 0 0 0 0 0 0 0 0 0 0 0 0 48 0 34 82 0 0 0 80 3 0 0 0 0 14 0 0 0 0 0 0 0 0 0 0 0 0 95 0 0 0 0 71 84 0 40 0 0 0
0 0 0 50 87 93 0 0 0 0 84 94 0 0 0 0 0 0 0 0 0 0 0 0 0 0 0 0 90 0 0 81 0 0 0 0 0 0 0 0 0 0 0 0 0 86 0 67 0 4 0 0 0 0 0 30 0 45 91 61 0 0 0 18 0 0 0 31 0 90 0 0 0 25 0 43 0 27 80 65 0 0 0 0 17 0 0 63 0 0 0 0 20 13 0 0 0 0 0 0
0 47 0 87 0 0 4 0 0 1 0 38 0 0 0 36 0 0 0 0 0 0 0 0 0 30 0 66 0 32 0 29 29 0 0 0 55 57 0 0 73 0 0 0 7 0 97 0 38 6 0 54 38 0 0 0 38 0 0 22 0 0 84 0 53 57 0 83 64 100 0 0 0 0 0 0 31 0 0 0 0 0 0 57 51 0 89 0 0 0 0 99 0 0 0 38 0 0 0 0
0 0 15 53 0 0 0 0 0 76 0 0 0 0 0 97 68 84 57 0 93 0 7 0 0 96 0 0 9 0 0 0 0 0 0 0 0 0 0 0 59 85 0 0 43 0 92 0 0 0 59 0 16 0 0 33 37 0 0 0 0 0 14 0 0 0 0 0 0 0 10 0 0 20 0 53 0 0 57 0 0 0 94 0 0 0 0 0 0 0 0 0 21 0 3 23 0 0 80 0
0 61 0 0 0 76 0 0 57 0 0 0 29 0 0 0 0 0 0 54 20 92 0 0 64 0 0 0 0 0 0 22 0 32 64 15 0 0 81 0 0 0 28 0 0 0 0 0 85 0 0 6 0 97 0 0 0 21 0 0 100 5 0 0 5 0 63 0 45 0 35 0 0 72 0 0 9 15 0 0 6 12 0 0 23 74 0 0 0 0 0 0 0 17 0 0 0 97 0 10
0 2 0 0 0 0 0 0 0 0 0 0 33 0 0 0 0 0 0 0 0 49 0 70 0 75 0 0 0 0 0 0 0 0 0 0 0 0 0 0 0 12 74 63 0 28 0 0 0 0 76 0 0 0 0 0 6 0 0 0 0 39 0 95 1 0 0 0 0 0 99 0 0 0 0 0 74 63 0 0 0 0 0 28 87 27 0 0 0 0 63 0 0 0 68 55 96 0 0 0
0 0 80 91 0 34 47 3 54 0 9 74 0 44 0 0 0 57 27 0 0 4 0 0 0 0 14 0 0 0 0 0 0 0 0 0 0 0 0 0 0 0 0 63 47 0 0 0 34 0 0 0 0 0 15 0 92 39 0 24 27 0 0 0 0 50 0 0 0 0 0 0 32 53 0 0 0 0 0 0 0 65 0 0 0 0 0 0 34 0 0 0 0 0 0 0 0 0 57 0
0 0 59 5 0 0 0 0 90 0 0 0 0 0 0 0 0 0 0 0 0 28 44 0 0 0 0 0 0 0 0 46 0 0 0 0 0 0 0 0 0 0 58 0 24 0 0 0 0 68 75 0 0 0 0 0 0 57 88 99 0 0 0 0 0 54 0 0 20 0 72 0 0 0 0 0 0 98 0 0 0 0 0 0 6 0 0 0 0 0 0 0 0 7 0 0 0 0 0 0
0 8 0 0 0 0 0 62 0 50 0 0 0 0 0 98 21 100 45 0 0 0 0 0 0 0 43 0 0 63 0 0 26 0 0 0 0 0 0 0 52 0 0 0 0 0 53 0 41 32 5 0 0 0 84 0 0 0 9 30 0 0 15 0 0 0 0 0 32 0 0 0 59 0 0 0 0 0 93 0 0 97 85 95 93 0 0 0 0 0 0 0 57 0 0 27 0 0 81 50
0 69 0 0 36 0 0 0 0 22 0 12 0 0 0 42 0 0 69 0 0 0 0 0 0 0 0 0 0 0 0 0 0 0 20 0 0 96 0 0 0 0 0 8 0 0 0 0 0 0 0 0 0 0 0 37 0 0 0 0 0 80 0 0 0 0 0 0 0 0 0 0 0 0 0 25 0 0 0 0 84 0 0 0 0 0 0 0 0 0 0 0 0 31 0 0 0 0 0 0
0 0 0 0 0 0 0 0 0 41 85 0 0 0 0 0 0 31 0 0 0 0 36 59 0 0 94 0 0 0 4 0 0 94 0 0 0 0 0 0 97 0 0 0 0 12 0 0 0 0 0 0 32 0 0 0 28 0 0 0 0 0 87 0 0 0 0 0 0 0 0 0 0 64 0 0 0 0 0 0 81 85 0 0 0 0 0 0 0 0 0 0 0 0 0 0 0 0 0 82
0 0 0 49 48 0 97 67 93 73 0 0 36 0 0 0 0 88 0 0 0 0 5 0 0 99 0 0 0 0 0 0 0 0 0 0 0 76 0 93 42 0 0 0 63 0 0 0 0 0 0 0 9 0 42 65 0 0 0 0 52 0 0 0 0 0 0 0 46 100 73 0 0 0 0 0 0 0 0 0 0 0 0 0 0 0 4 0 0 46 0 0 0 0 0 58 0 0 4 0
0 0 0 0 0 0 0 0 0 0 0 17 0 0 0 0 0 0 0 0 0 74 0 0 3 0 88 0 0 0 0 35 69 93 0 0 0 8 0 0 0 84 0 0 73 0 0 0 69 0 0 0 21 0 0 55 0 0 0 0 0 0 0 0 0 0 0 0 48 67 74 0 0 0 0 0 0 0 0 0 0 75 0 39 0 0 7 70 0 0 0 0 0 97 90 0 0 0 0 21
0 0 4 0 0 0 0 0 5 0 0 0 0 0 0 54 0 91 0 69 0 0 0 0 85 0 0 0 0 0 0 0 0 0 0 0 0 45 0 0 0 89 0 0 0 0 0 0 0 0 0 0 0 0 0 0 0 0 49 99 34 0 0 45 0 0 47 15 0 0 62 0 0 24 5 0 0 55 0 0 0 0 86 82 16 0 0 79 0 0 0 5 0 41 59 81 0 0 0 0
38 95 0 0 0 0 71 0 10 87 8 0 6 0 0 15 65 0 65 0 0 0 0 86 0 0 63 0 60 0 0 0 0 26 0 0 0 0 0 0 0 0 0 0 0 0 0 0 0 0 0 0 66 0 0 0 0 0 0 0 47 0 0 0 0 0 0 0 33 0 0 0 100 0 100 0 2 0 0 0 0 0 0 0 0 68 0 0 0 0 9 11 7 0 0 0 0 0 0 0
0 72 0 0 33 0 0 0 0 0 0 0 0 0 0 0 16 1 54 0 0 0 36 0 0 0 0 0 0 18 0 0 59 62 0 14 26 0 71 0 11 3 0 0 0 0 0 23 0 91 35 0 32 0 0 15 0 0 0 0 84 0 0 0 0 0 38 0 0 0 35 0 0 0 54 20 12 0 0 0 0 0 0 0 0 67 0 0 0 0 0 0 0 71 0 0 0 0 0 0
0 0 0 88 0 0 0 13 0 0 0 0 0 0 12 0 97 0 67 78 1 0 0 51 98 38 92 0 89 90 0 0 0 87 0 0 83 0 0 0 0 15 0 0 0 0 0 93 0 0 0 0 0 0 0 0 0 17 37 0 3 0 76 0 0 0 72 0 0 0 0 0 84 0 0 0 0 10 0 0 25 0 0 62 0 0 0 0 0 0 0 0 0 0 31 0 0 0 13 0
0 66 0 3 50 0 0 0 0 0 3 0 0 0 96 0 0 0 0 0 0 0 0 0 0 0 0 50 0 94 0 0 48 0 9 0 0 0 25 24 2 0 0 78 0 0 0 0 1 92 0 0 0 87 0 0 0 0 0 0 0 71 34 0 0 0 71 0 0 17 0 0 17 0 0 0 0 34 0 80 0 0 0 0 0 5 0 0 7 57 0 0 0 0 0 0 0 0 0 0
0 0 0 36 0 14 47 0 0 0 0 80 0 0 20 0 0 0 0 0 55 0 0 0 0 88 0 0 0 0 43 0 93 56 6 0 0 0 0 51 0 0 0 0 0 0 95 15 0 0 0 51 78 0 0 0 0 0 0 0 0 24 0 0 0 0 0 6 0 0 0 0 0 38 38 0 24 0 0 0 80 1 0 0 54 0 92 0 60 0 0 0 0 0 0 0 0 0 100 0
0 0 0 58 0 0 0 39 0 64 0 0 0 0 0 0 0 0 44 0 0 19 0 0 0 7 0 0 0 79 0 0 72 84 0 0 0 0 0 0 0 0 34 0 0 0 0 0 0 0 0 0 0 0 0 0 0 0 0 0 0 0 0 0 0 0 0 87 0 59 93 79 0 0 0 0 0 26 96 0 0 0 87 0 0 0 0 0 0 0 0 0 71 0 0 0 0 0 0 0
0 0 0 0 0 0 3 0 0 0 0 0 0 0 85 0 0 19 0 0 78 0 3 0 0 0 0 0 0 0 0 0 29 0 0 78 0 0 0 0 30 0 0 67 0 0 0 38 0 0 0 0 0 0 56 26 0 0 13 0 0 0 48 0 0 0 0 0 0 0 82 0 0 0 14 76 0 0 0 51 0 85 0 98 0 0 80 0 18 81 74 0 96 0 16 8 38 0 0 0
0 0 0 0 8 0 0 0 0 21 0 0 0 0 0 0 0 0 0 0 0 0 0 35 0 0 41 6 0 0 0 0 0 0 0 0 72 0 58 0 20 0 0 0 29 0 0 4 57 0 0 0 0 0 53 89 0 0 89 0 0 0 0 0 0 97 0 8 3 78 0 0 0 0 0 32 0 0 0 0 30 33 72 0 0 0 0 22 0 5 89 0 0 0 0 0 87 0 0 45
0 62 0 66 24 0 5 0 13 0 0 0 0 0 49 0 0 0 0 0 77 0 0 0 0 0 52 37 0 64 0 0 0 0 0 0 0 0 0 0 0 75 0 0 36 0 0 0 0 0 0 0 0 56 0 0 93 0 0 0 0 0 0 0 5 0 0 0 0 0 31 0 0 98 0 99 0 0 51 0 0 44 97 0 0 0 0 0 0 0 0 0 17 67 0 0 0 0 0 0
0 67 0 0 81 0 0 0 0 0 0 18 0 0 0 0 0 0 0 45 0 0 0 52 83 0 0 0 0 0 0 0 0 100 0 0 87 0 0 0 0 0 0 0 0 0 0 96 0 16 99 0 0 0 0 0 78 0 0 0 0 0 0 0 0 0 0 45 0 97 0 43 15 0 74 0 0 0 0 0 26 0 0 65 81 0 33 0 68 0 0 0 0 19 0 0 0 0 0 0
49 0 0 0 0 0 0 82 0 0 0 0 0 0 0 0 38 0 0 0 0 34 0 0 0 0 36 69 0 0 31 11 0 0 0 0 0 96 0 0 0 0 0 0 0 0 44 0 0 0 0 6 0 72 0 0 18 0 12 76 0 0 0 0 0 0 0 55 0 0 0 0 0 0 0 0 13 0 0 0 0 0 0 0 70 89 0 0 0 0 0 0 0 0 0 0 0 0 52 0
19 23 0 34 0 71 0 0 29 0 0 0 0 0 0 0 0 0 0 0 0 0 0 0 0 0 0 34 10 0 0 0 95 0 0 0 72 0 0 0 48 0 0 91 0 0 0 0 0 0 0 5 30 0 0 88 0 0 0 0 0 83 0 0 0 23 0 78 0 0 0 0 79 0 53 0 0 42 16 0 0 0 0 0 0 51 0 0 0 34 0 67 0 0 0 0 57 0 0 0
0 0 0 0 0 0 8 0 0 0 0 66 0 63 46 0 0 93 0 0 0 0 0 87 44 19 0 0 0 0 0 0 0 0 0 0 0 0 46 32 0 0 0 39 62 0 0 0 0 0 0 0 0 40 63 0 0 0 68 82 0 67 0 0 61 0 0 0 0 0 0 0 0 0 51 0 69 0 0 0 55 0 37 15 0 0 52 91 0 0 0 0 49 88 0 0 43 78 0 0
0 13 0 0 94 0 97 0 69 0 75 0 0 63 51 0 0 0 0 0 0 0 0 0 0 0 0 0 0 0 70 0 0 59 0 25 0 0 0 0 0 96 0 0 0 0 0 0 0 0 0 0 1 0 0 0 49 4 0 0 0 0 0 0 0 0 0 71 38 0 0 0 0 99 0 0 0 0 78 0 0 0 83 52 0 0 97 0 0 54 0 0 0 0 80 73 0 0 0 0
0 0 0 0 0 87 17 0 0 52 74 48 0 70 69 0 10 84 0 0 31 0 0 25 0 0 68 29 0 0 0 0 0 0 0 0 0 0 0 37 0 0 24 0 24 0 0 0 0 0 0 0 0 0 0 0 4 0 0 0 0 0 0 0 0 0 17 0 94 0 0 21 71 0 0 0 0 0 0 0 2 69 63 0 0 0 79 0 0 0 0 0 87 0 0 71 0 0 90 47
33 0 92 4 0 0 0 75 0 0 80 0 19 0 0 0 0 0 74 0 0 0 0 0 0 0 0 49 30 0 0 0 0 0 11 0 0 0 0 0 0 0 0 86 0 80 44 0 0 0 0 75 0 20 0 0 0 0 0 85 0 0 0 0 0 0 0 0 0 0 0 0 60 0 65 0 0 0 22 0 0 81 0 47 0 0 0 0 0 9 0 0 0 0 0 0 0 0 0 61
0 78 0 0 68 0 0 0 0 82 1 0 0 0 0 0 0 0 0 0 0 0 0 0 2 0 0 70 79 0 68 0 0 0 0 0 0 37 0 0 85 0 0 59 0 0 0 0 0 0 72 0 20 0 0 0 87 30 0 0 0 0 0 0 0 0 0 23 2 0 19 0 0 0 0 0 0 0 59 0 7 0 0 0 0 40 53 0 0 0 0 0 0 90 0 0 0 0 0 0
0 0 0 0 0 0 0 0 0 21 0 0 0 0 57 0 0 0 0 85 0 49 78 0 9 81 0 0 0 0 0 52 0 0 70 79 0 0 66 0 0 71 0 0 0 66 19 0 6 85 21 0 21 0 0 21 0 0 0 0 0 0 0 0 41 0 0 0 0 0 0 35 0 0 0 0 0 0 35 0 9 54 0 0 0 0 90 0 0 0 33 0 80 0 0 25 64 0 0 51
26 13 0 0 0 0 0 29 0 67 0 0 0 0 97 0 0 0 0 0 0 0 0 0 3 0 0 0 84 0 0 5 0 0 0 0 0 0 0 0 71 0 60 11 0 0 0 0 0 75 29 0 17 0 0 0 0 0 0 0 0 0 0 0 0 0 0 0 64 0 0 0 0 11 42 0 80 7 78 0 0 0 0 66 0 0 85 51 0 23 0 0 0 4 0 0 0 69 26 0
22 0 0 48 0 0 39 0 0 0 0 0 0 0 0 0 0 86 0 0 26 0 93 0 0 0 40 0 89 0 56 0 68 0 0 0 0 0 16 0 25 0 0 19 0 0 0 0 9 0 0 0 0 48 0 36 0 57 0 0 0 43 0 0 0 0 0 56 0 0 0 0 0 0 0 59 0 0 0 0 95 37 0 0 0 0 0 0 77 0 0 0 41 0 0 0 0 16 8 0
0 0 0 2 0 72 0 57 0 0 47 0 0 0 0 33 0 0 0 0 0 63 0 48 0 0 46 0 43 0 0 0 0 0 0 0 0 62 0 0 0 0 0 0 0 0 0 0 0 0 0 0 60 0 100 0 0 33 0 0 81 0 0 0 0 0 0 0 0 0 0 0 0 0 83 0 0 0 0 0 0 89 99 0 0 0 0 0 0 0 54 0 0 0 30 0 0 0 62 0
0 0 0 15 0 0 95 0 0 99 0 0 0 24 0 51 85 38 0 1 97 60 0 20 0 0 0 0 0 0 0 0 0 1 0 0 0 0 81 22 23 0 0 0 0 0 0 47 0 0 0 18 88 0 0 0 0 0 45 0 11 10 96 73 0 97 0 0 84 0 0 0 0 0 0 0 51 0 12 0 0 0 0 0 0 0 0 0 55 0 0 0 0 0 0 0 27 0 76 0
0 0 0 0 17 91 0 77 0 0 0 86 0 0 96 0 59 0 0 0 63 31 0 0 97 63 18 0 0 0 0 0 55 0 92 0 0 0 49 0 0 0 38 0 55 0 0 0 88 0 0 0 30 0 0 0 9 0 0 0 70 0 0 0 25 98 78 58 0 0 0 0 43 0 0 0 0 0 0 0 0 61 0 0 0 0 0 0 0 0 0 0 0 0 0 0 95 0 0 0
91 17 43 0 0 53 0 54 0 0 0 40 0 0 97 0 83 0 0 0 0 0 0 7 0 0 0 0 87 0 0 0 4 20 36 0 0 0 26 0 19 0 0 79 0 0 0 0 48 0 0 0 0 0 0 0 0 0 0 0 0 0 0 0 16 0 55 0 0 54 0 3 0 0 0 0 0 1 0 38 0 0 0 0 0 0 0 0 0 0 0 0 0 0 0 90 0 9 0 44
2 0 0 0 0 66 0 0 0 0 0 90 0 58 0 0 0 0 0 0 0 0 0 0 0 0 0 98 0 54 0 0 0 0 0 0 0 0 84 0 0 0 38 0 95 0 0 0 0 0 0 0 0 0 0 25 0 0 89 0 0 0 0 0 72 0 0 99 0 0 0 0 0 0 0 0 0 0 0 0 59 0 0 67 0 0 0 0 0 0 0 0 0 0 0 0 0 62 0 0
0 24 62 0 0 0 79 0 0 0 27 0 19 0 0 0 0 0 97 7 5 0 89 0 59 0 0 83 77 92 39 0 0 0 0 22 0 0 0 0 0 0 0 1 80 65 0 0 72 0 0 0 0 0 0 0 0 31 0 0 0 0 0 0 0 0 27 68 0 0 3 0 0 0 0 0 0 0 0 0 17 0 0 78 0 0 0 0 0 0 0 38 38 0 56 0 0 0 0 0
0 89 78 0 0 13 0 0 0 0 0 0 0 0 0 0 0 69 0 97 0 0 0 0 13 0 13 0 55 0 49 0 0 67 23 0 0 0 73 0 0 0 0 0 0 0 26 25 0 0 36 0 0 88 0 18 0 0 0 0 0 0 52 0 0 37 0 58 0 0 0 0 0 0 0 0 0 0 0 0 0 0 10 85 0 0 0 0 77 0 0 88 46 0 0 0 61 86 32 15
0 0 0 88 0 0 28 0 0 0 0 0 0 0 0 0 11 0 39 55 95 34 0 0 0 0 0 0 0 31 0 0 0 0 0 47 0 0 0 0 0 0 0 0 0 0 92 0 0 0 0 0 0 0 0 74 64 0 45 61 99 0 0 0 0 0 0 0 0 0 0 62 0 0 0 0 0 0 0 0 0 0 0 83 33 0 0 0 10 0 0 4 0 0 0 0 0 0 0 0
0 0 0 0 4 0 0 0 19 0 0 9 0 59 0 0 0 0 0 0 0 0 0 72 43 0 0 0 0 81 0 0 0 85 0 0 37 38 0 0 0 34 0 0 48 0 0 0 0 0 0 0 0 0 0 0 34 0 0 0 82 0 0 0 65 0 0 0 0 0 0 0 0 0 0 24 94 0 0 0 0 0 0 0 0 0 0 82 0 0 0 31 0 0 0 0 16 4 0 0
0 0 0 0 0 0 0 0 0 0 0 18 0 0 0 0 0 0 100 0 0 0 43 0 0 0 0 92 70 0 0 0 0 0 0 39 0 0 0 0 0 0 0 62 0 0 0 31 54 60 0 0 0 0 0 56 0 29 0 0 0 77 7 0 0 0 68 0 0 0 0 4 0 0 0 72 0 83 0 0 0 18 0 0 0 0 0 78 0 0 0 0 49 0 2 0 0 17 0 95
0 4 0 72 0 68 0 0 0 0 0 0 31 0 0 0 0 31 0 7 59 0 0 0 0 0 0 0 73 92 0 29 0 0 3 20 0 0 0 0 0 92 100 0 0 0 0 0 0 0 78 0 8 0 0 0 0 0 0 0 0 0 66 42 0 0 0 0 0 0 0 0 69 4 66 0 0 52 0 0 51 0 0 0 0 0 79 23 0 0 28 0 0 0 0 0 11 0 0 0
22 0 0 0 0 0 0 0 0 0 0 21 56 0 0 47 0 27 0 0 0 0 0 0 8 0 0 0 0 0 0 0 0 0 0 0 0 0 0 0 0 21 0 0 0 0 0 0 0 0 0 0 0 0 0 0 53 35 69 0 0 0 0 32 0 0 0 0 54 0 94 0 0 0 21 0 0 0 29 70 0 7 0 0 0 0 0 75 0 0 0 0 0 16 0 0 0 1 0 0
0 0 0 21 0 0 0 0 0 0 78 0 0 0 0 63 100 0 86 0 0 0 0 0 98 0 1 0 0 0 8 34 0 0 0 41 30 0 0 0 0 0 94 0 0 15 0 5 0 0 0 0 98 0 61 80 0 0 0 36 0 0 0 0 0 98 0 0 0 0 0 0 0 0 0 0 87 0 79 80 0 32 0 0 0 0 0 97 10 0 0 0 34 0 5 0 0 0 44 33
0 0 0 0 0 0 0 0 0 0 0 45 0 0 0 0 0 56 0 0 0 0 0 0 0 11 61 0 0 0 28 0 0 0 0 0 0 31 0 16 70 41 76 38 0 0 0 4 0 82 0 0 0 0 18 61 0 0 0 0 0 0 0 6 0 0 42 0 0 52 0 22 71 0 0 74 0 0 0 0 0 0 0 89 0 0 0 0 0 0 0 79 42 0 0 0 60 18 0 0
0 0 64 0 0 0 0 0 0 9 0 0 0 0 0 21 22 0 0 0 0 0 0 0 0 21 50 4 0 0 52 0 0 0 0 0 0 0 0 0 0 0 0 67 0 53 0 47 0 0 0 0 0 0 0 49 0 0 0 0 0 0 0 0 91 0 0 12 0 0 0 0 28 0 0 68 0 0 0 69 0 62 0 16 0 94 0 0 0 0 0 0 0 0 0 0 98 0 0 0
0 0 0 0 0 0 0 52 54 0 0 0 0 0 0 0 0 0 0 0 0 0 0 0 32 0 0 0 0 92 90 0 26 48 0 59 28 0 0 33 21 0 98 66 0 0 0 0 0 0 32 6 0 0 88 0 0 0 0 0 0 0 57 76 0 61 0 27 11 83 0 93 55 0 0 0 0 0 0 0 29 0 0 63 0 0 0 0 0 0 0 91 92 0 0 0 0 0 0 62
0 4 0 0 0 0 80 0 86 0 0 22 0 31 0 0 0 35 0 0 0 0 0 0 72 0 0 0 0 27 0 91 0 0 0 44 43 36 0 0 9 0 0 0 88 0 0 0 0 95 0 0 0 0 0 0 19 0 0 20 0 0 19 0 0 0 0 0 0 0 0 0 0 0 0 0 0 0 0 0 0 0 0 0 0 0 0 0 0 0 0 0 0 23 0 7 0 0 18 0
0 98 0 0 85 0 0 0 0 0 60 0 0 0 0 0 40 0 0 0 0 0 80 65 0 0 0 0 0 0 0 0 0 0 38 0 0 0 87 0 0 0 47 0 0 76 0 0 85 0 0 69 0 0 0 38 0 0 57 58 0 0 46 47 0 0 59 0 0 0 0 0 0 0 0 0 21 0 0 0 0 0 0 0 0 0 0 0 0 0 0 0 0 0 0 41 75 0 0 0
6 0 0 88 0 0 0 0 0 0 0 0 0 76 0 0 0 0 0 38 33 0 25 0 0 91 0 0 0 0 0 0 90 10 0 0 0 0 0 0 0 3 69 0 0 0 0 0 0 0 0 0 0 69 24 0 0 0 0 41 0 0 0 0 90 0 0 28 0 0 0 0 0 0 53 0 88 0 0 92 0 0 85 0 0 0 52 7 0 0 0 0 69 0 0 0 30 0 15 0
31 0 0 0 34 0 0 0 0 55 0 0 32 0 0 75 0 0 0 0 86 0 62 18 0 0 0 54 71 0 98 0 89 0 0 0 0 83 0 4 0 0 0 0 11 0 0 0 77 23 0 0 0 0 0 0 0 0 0 0 0 0 0 0 0 93 0 0 0 0 0 28 0 0 0 10 0 0 94 47 0 0 0 0 67 0 58 0 0 0 29 0 0 0 0 0 0 0 24 0
3 0 0 0 0 70 0 18 0 74 31 0 56 0 0 0 83 0 0 58 17 43 0 0 68 0 38 65 96 15 62 98 11 0 60 0 35 7 3 24 0 41 87 0 0 0 0 0 0 0 0 19 0 86 0 0 0 0 0 0 0 51 0 0 26 0 0 4 0 0 34 26 0 0 0 0 0 63 33 0 59 62 0 81 0 0 48 0 0 0 68 0 0 0 0 0 0 0 0 0
0 0 0 77 38 0 0 0 12 0 0 0 0 0 93 80 0 0 0 0 0 20 0 0 0 0 0 0 0 0 0 0 0 0 0 0 0 0 0 0 0 97 0 0 2 0 83 89 0 0 0 0 0 0 0 0 0 0 0 0 0 0 0 0 0 45 0 0 0 0 0 0 0 0 0 0 0 89 47 0 0 0 0 77 0 0 0 0 0 0 0 90 30 0 0 0 62 0 0 0
79 0 38 0 0 0 0 0 0 35 0 0 0 14 97 0 0 0 0 68 0 0 0 0 0 69 0 4 0 0 0 0 0 0 0 11 0 72 0 0 0 28 0 0 0 79 0 0 0 70 0 0 0 0 0 0 0 0 0 98 0 0 60 0 0 0 0 94 0 22 13 0 0 0 0 0 0 40 55 0 0 10 0 0 0 0 0 0 0 85 0 35 11 0 0 0 0 0 60 58
0 50 0 0 0 66 0 49 57 0 0 0 0 61 86 0 0 0 8 0 0 0 0 0 0 0 0 0 85 22 0 0 0 0 0 0 0 0 0 0 0 0 87 0 0 0 0 98 0 54 0 0 0 0 30 0 0 0 0 50 0 0 0 0 0 0 0 0 0 0 0 0 0 0 0 0 68 0 99 0 0 0 41 0 14 99 0 0 0 17 0 0 0 0 43 56 0 0 65 0
0 45 0 0 0 0 0 0 8 0 21 0 0 0 42 0 0 0 30 78 0 0 0 0 0 0 0 0 0 0 0 0 0 0 0 65 0 0 0 0 0 0 0 0 22 0 0 0 0 0 0 0 0 0 0 0 0 0 0 0 0 0 74 0 0 60 0 97 0 0 0 57 0 0 0 73 0 0 0 0 18 0 81 76 16 0 51 0 0 0 89 69 0 4 87 0 0 0 6 0
0 0 0 0 0 0 71 15 0 0 0 0 0 0 0 0 63 0 0 0 100 0 0 0 60 0 0 0 0 0 0 0 0 0 0 0 0 0 0 0 0 0 0 0 81 0 36 0 0 0 0 0 0 0 20 0 16 0 7 0 0 0 0 0 0 0 23 0 0 14 0 0 0 31 0 0 0 0 0 0 36 0 70 0 82 29 0 0 0 50 0 0 22 32 0 33 0 0 0 0
0 0 0 0 0 0 0 0 0 0 0 0 0 0 5 0 47 0 0 0 0 0 0 0 0 0 0 0 0 0 0 0 0 0 0 0 0 0 0 0 0 54 38 0 0 0 0 0 0 0 0 0 0 0 0 0 37 0 0 0 10 53 0 0 0 0 0 35 0 0 3 0 0 0 0 0 0 0 0 0 0 52 0 0 0 4 0 0 0 0 0 0 0 0 0 0 0 0 0 0