100
0 0 0 0 46 86 67 0 0 0 0 0 43 0 0 0 0 0 6 0 0 0 88 0 0 99 0 0 0 17 0 0 0 0 0 0 54 0 0 41 0 0 0 14 58 0 0 99 0 59 0 0 0 0 0 0 62 48 65 0 0 0 7 0 0 0 45 42 0 0 0 0 0 43 0 26 0 33 0 0 91 33 0 0 0 95 8 0 29 24 0 37 66 0 0 0 0 0 0 0
0 0 0 53 0 0 0 47 0 0 57 30 64 0 0 89 0 0 0 80 0 37 37 0 0 0 0 0 77 0 0 26 0 0 0 0 81 11 0 0 0 79 0 0 31 0 91 0 8 0 0 0 0 99 84 0 0 0 0 0 0 0 100 0 0 0 0 28 36 0 0 0 82 0 3 0 0 0 17 72 0 0 82 0 0 0 0 0 0 0 0 0 0 23 0 0 0 0 0 0
0 0 0 0 0 0 0 0 0 0 0 0 0 0 0 0 0 0 0 78 91 0 0 0 0 91 0 0 0 0 40 0 0 73 0 0 0 45 0 0 0 0 0 0 0 0 0 0 0 0 0 0 0 0 0 0 0 88 0 0 94 0 0 0 45 0 0 0 99 0 51 0 0 0 87 0 30 0 0 12 0 0 0 99 0 0 0 0 0 0 0 0 0 32 0 0 66 0 0 0
0 0 0 0 0 0 0 0 0 30 75 0 0 0 0 0 0 0 0 0 38 89 0 0 0 0 0 53 59 24 0 0 0 0 0 0 0 41 0 77 83 0 0 37 0 0 0 0 0 0 0 71 0 0 0 0 0 0 0 0 0 0 0 0 26 0 0 0 0 0 0 0 81 0 0 0 0 91 0 0 0 0 0 0 0 70 0 0 0 0 0 50 0 78 0 13 0 97 0 83
0 17 82 0 0 0 0 0 75 91 0 70 56 0 21 0 0 0 0 0 0 0 0 0 20 0 0 77 52 0 70 44 0 0 0 55 0 0 0 0 31 0 0 0 0 0 1 13 0 37 0 0 0 0 0 0 0 0 75 0 0 0 0 0 0 0 81 97 0 0 0 0 0 20 0 0 38 0 0 0 0 0 0 0 0 0 0 0 97 0 78 53 0 0 35 0 0 52 0 0
0 76 0 51 0 0 0 0 0 0 0 0 0 0 40 0 0 0 76 0 0 0 0 0 0 0 0 0 0 0 26 0 0 0 0 44 0 0 0 67 38 64 0 72 47 0 0 88 0 0 0 0 0 0 0 0 0 0 0 0 76 68 0 0 47 0 0 0 0 17 0 0 0 0 0 0 35 0 0 0 0 0 0 0 49 0 90 16 31 0 0 0 49 0 60 23 0 0 0 0
15 0 0 34 0 0 0 0 59 0 0 0 0 65 0 0 0 0 0 44 38 80 84 0 0 0 78 57 0 0 0 11 0 100 38 0 0 0 0 0 0 0 0 13 0 0 0 0 69 0 0 0 82 0 0 0 0 90 0 87 66 0 0 0 0 0 0 0 62 0 49 0 0 0 0 0 89 0 0 77 0 71 0 0 0 0 0 16 38 13 0 0 0 0 0 0 76 95 0 30
0 97 0 74 0 23 0 0 18 0 9 0 0 0 0 0 0 80 51 8 0 0 0 23 82 0 0 0 0 0 28 96 0 0 0 0 2 0 0 0 0 0 0 48 0 0 0 0 0 0 8 0 97 0 0 0 65 0 60 0 0 9 0 0 26 0 0 47 0 0 0 0 0 0 0 0 0 0 0 56 12 15 21 0 37 0 0 0 12 0 0 0 0 0 0 0 0 0 0 0
0 0 0 0 0 0 0 87 0 0 86 0 0 29 0 0 0 0 22 0 0 0 0 0 49 0 0 0 0 0 0 0 0 59 0 0 16 67 29 11 0 0 77 0 29 17 0 0 0 0 0 0 0 0 0 0 0 0 0 0 40 0 0 0 48 28 0 0 0 0 0 0 31 0 65 0 0 0 0 0 73 0 0 0 24 0 0 0 0 48 62 0 0 0 0 0 0 0 0 0
0 0 0 0 0 0 53 0 0 0 0 0 0 0 0 0 0 27 28 0 0 0 0 0 0 0 0 80 0 0 0 0 77 0 0 0 0 0 6 0 70 0 0 0 74 66 0 0 0 0 0 0 63 46 0 17 0 0 0 0 24 0 0 0 0 0 0 0 0 0 0 80 0 62 0 52 0 84 0 0 0 0 0 0 0 0 0 0 0 0 0 0 0 0 0 0 0 50 14 0
0 0 0 0 0 0 0 0 0 95 0 0 59 47 59 0 0 0 0 0 0 0 0 0 79 80 0 0 0 0 0 0 0 0 0 0 0 0 89 0 0 0 0 0 0 0 59 0 0 0 0 0 0 0 57 0 77 0 0 0 94 0 37 0 70 0 0 0 0 0 83 0 0 0 0 0 75 0 0 0 66 0 0 0 0 0 0 40 0 0 0 0 34 0 0 0 0 0 0 0
79 0 0 0 0 0 0 0 0 0 0 0 52 0 31 0 0 0 0 0 0 53 0 0 0 0 63 0 0 0 0 0 98 0 0 0 0 33 0 0 0 0 78 0 0 0 0 0 0 0 0 0 92 0 33 0 12 84 3 74 0 0 0 82 0 0 19 0 70 0 33 0 88 0 0 0 0 0 0 0 0 87 0 0 0 54 96 0 0 0 0 0 50 0 0 7 0 0 0 0
0 87 0 98 0 0 0 0 9 13 0 0 0 0 0 19 0 0 0 0 0 0 30 0 0 0 66 0 0 0 4 0 0 0 0 50 0 0 32 13 0 56 0 77 0 6 0 39 0 0 0 33 53 0 0 0 0 0 0 57 0 23 0 0 0 0 0 0 0 0 0 97 0 30 0 0 0 0 22 0 59 0 2 27 0 0 0 0 0 0 56 0 0 0 0 0 0 0 0 0
0 0 0 0 67 0 0 0 0 0 0 85 0 0 44 0 47 0 0 0 32 0 0 0 0 41 0 0 0 0 0 0 0 0 0 66 0 0 0 93 0 7 0 0 0 0 13 37 0 0 0 75 0 0 0 0 0 0 0 0 0 18 0 53 0 0 0 0 0 72 0 0 0 0 0 0 0 0 0 0 0 0 0 0 0 0 68 0 0 0 69 0 0 0 6 0 0 0 86 0
13 75 25 87 0 0 36 83 72 0 0 0 0 10 0 0 0 0 0 0 0 0 0 51 8 0 0 23 0 0 63 0 66 0 0 0 0 0 0 38 57 0 0 0 0 0 99 58 0 90 0 19 0 0 0 0 0 2 0 0 13 0 44 0 0 0 0 0 3 0 0 0 28 25 0 73 0 0 80 0 0 0 0 0 0 47 0 0 0 0 57 28 70 0 0 43 0 0 0 0
0 0 0 46 0 0 0 0 0 0 0 0 0 0 0 0 0 0 78 0 0 28 0 0 0 0 0 58 0 0 0 0 0 0 7 0 93 0 85 0 11 14 0 0 84 0 0 93 0 0 0 0 27 15 0 0 0 0 57 0 0 0 0 77 0 0 0 40 0 89 0 0 54 0 75 40 0 0 0 0 37 0 0 63 53 0 0 0 0 94 0 0 0 0 0 0 0 53 0 0
4 0 0 0 0 53 33 3 0 0 0 0 61 0 0 0 0 2 34 0 0 0 0 10 0 0 0 0 0 0 79 0 64 0 0 0 0 14 0 0 0 0 0 0 0 0 14 0 0 62 0 0 0 0 0 0 0 73 0 0 0 0 0 0 0 0 0 0 0 0 0 0 0 41 78 0 0 33 0 0 2 20 0 0 34 52 0 0 0 0 0 0 34 0 64 63 0 25 0 0
55 0 0 0 10 0 95 0 0 0 82 44 0 71 0 0 0 0 0 91 0 54 0 0 0 0 0 81 0 78 0 0 0 0 0 0 0 0 0 48 0 0 0 0 31 0 0 0 0 0 0 0 3 0 52 30 92 0 0 0 0 89 29 0 0 0 0 0 0 23 0 0 0 80 0 0 0 66 0 0 0 0 0 0 0 0 0 0 0 93 0 13 71 0 0 0 0 0 0 0
0 0 0 49 0 0 0 0 0 0 0 0 43 45 0 0 0 0 0 0 13 11 0 0 0 0 0 38 0 0 0 0 0 0 0 0 0 0 94 0 0 0 0 0 43 0 0 0 0 0 0 0 59 0 0 0 21 0 0 74 0 86 0 82 0 0 0 0 0 0 0 0 0 63 0 0 0 72 100 0 0 10 0 0 0 0 0 0 44 0 0 94 0 0 0 0 0 0 0 0
0 68 0 15 22 70 0 0 0 0 0 60 0 0 0 0 0 79 0 0 0 0 0 0 0 0 0 0 0 95 0 57 23 0 0 69 0 0 0 0 0 62 0 0 0 0 0 0 13 0 0 0 0 0 55 0 0 0 0 0 0 0 0 0 47 0 52 0 0 10 0 48 0 0 0 0 71 0 0 0 0 16 0 0 0 0 0 0 15 0 0 52 0 0 0 9 66 0 0 0
71 0 64 0 0 0 0 75 0 0 0 0 0 0 16 2 0 68 0 0 0 0 0 37 36 0 43 0 0 0 0 0 7 86 0 0 0 0 0 66 0 47 0 78 0 0 0 0 0 0 0 0 18 0 8 46 58 0 0 71 0 0 28 36 0 0 0 0 0 11 100 0 0 0 23 0 0 0 19 0 0 1 0 5 0 39 0 0 0 0 0 0 0 0 0 0 0 0 0 0
55 0 26 0 0 0 0 0 0 0 0 100 0 0 0 0 0 0 0 0 0 0 0 0 0 0 0 0 0 94 0 0 0 0 0 0 27 2 29 0 0 0 0 0 0 0 0 0 66 0 0 0 0 0 0 0 0 0 0 0 0 33 0 0 0 0 0 40 0 25 0 0 81 0 0 0 0 54 0 13 43 0 65 0 52 0 6 38 0 0 0 0 0 0 15 0 8 66 92 0
0 0 99 0 53 0 0 76 0 58 90 63 0 0 99 0 0 0 0 0 81 0 0 0 0 87 0 0 0 0 0 0 0 0 0 91 0 0 0 0 0 0 0 37 0 0 0 67 0 61 90 0 0 0 26 0 0 0 0 0 0 0 82 0 0 47 61 0 0 0 0 0 0 0 52 0 0 0 0 0 0 0 0 51 0 0 0 3 0 23 0 61 0 0 17 0 0 0 0 0
0 93 0 0 1 0 0 0 0 0 0 0 0 42 0 0 0 0 0 0 0 0 0 0 18 0 0 74 0 26 0 0 0 0 0 0 80 0 0 0 0 0 0 43 76 0 0 71 58 0 42 21 0 92 0 0 15 0 0 0 18 0 0 0 0 0 0 61 53 0 16 0 71 0 30 0 0 0 0 0 0 0 0 0 0 0 0 0 0 0 0 0 89 0 0 21 0 0 0 0
0 0 0 0 36 0 8 0 0 0 96 64 0 0 0 38 57 67 0 0 0 0 0 0 0 2 0 0 0 42 0 1 0 52 0 0 0 0 29 0 0 0 0 81 0 0 0 0 0 0 0 38 9 0 51 0 0 0 0 0 0 0 0 0 100 0 0 0 0 43 0 0 29 4 14 0 0 0 0 0 0 0 0 0 0 0 79 0 0 0 0 19 0 0 0 0 0 0 65 0
7 0 54 77 45 0 62 0 0 0 0 0 0 0 60 0 0 58 0 62 0 30 2 0 0 0 0 54 0 86 0 0 15 0 66 71 0 0 0 98 75 0 0 0 0 0 0 91 66 0 0 0 93 0 66 0 69 0 0 0 0 0 0 0 0 0 0 0 77 0 0 0 0 0 0 0 0 0 0 93 0 0 88 0 0 0 0 0 0 0 0 0 35 62 0 0 0 0 0 0
0 0 0 0 0 45 0 84 11 0 62 0 0 0 0 0 0 0 25 0 33 5 77 3 0 0 0 0 0 0 0 65 10 44 0 0 11 0 0 0 98 0 0 0 0 0 0 0 0 0 0 0 0 0 0 21 0 0 0 0 0 0 62 0 0 9 0 0 0 0 0 43 0 0 0 0 0 0 0 0 0 0 0 0 0 0 18 0 0 0 0 1 6 0 0 0 0 0 0 11
0 0 0 0 0 0 0 0 0 0 18 56 0 71 39 0 22 0 0 0 0 0 62 0 0 90 76 0 0 0 61 19 0 0 53 0 0 0 0 99 0 0 16 37 0 0 0 0 5 0 0 0 0 0 0 0 0 0 0 0 66 0 48 45 0 0 58 0 0 0 0 0 0 12 36 27 0 0 0 0 0 0 46 9 0 0 26 0 0 96 57 0 0 0 0 0 0 0 0 0
0 0 0 72 95 17 0 7 0 62 0 20 0 7 0 0 0 0 0 0 0 0 0 0 0 0 0 0 0 0 0 0 0 0 21 0 57 0 0 0 0 14 0 0 0 70 71 28 65 0 0 0 0 0 22 0 15 7 7 58 0 55 0 0 0 33 0 0 52 0 0 0 0 0 0 0 56 0 0 0 0 74 0 77 0 0 0 0 11 0 0 0 0 0 0 0 0 0 8 0
0 0 0 0 0 0 30 17 0 0 0 0 17 0 39 74 0 94 0 13 0 0 0 0 0 7 0 46 0 0 0 0 0 0 0 99 0 0 0 83 0 0 0 0 0 0 0 0 0 0 0 0 0 0 0 0 54 0 0 0 0 0 0 9 0 0 79 0 26 0 0 0 0 0 0 0 67 76 79 19 0 0 67 0 0 0 0 0 50 0 0 0 0 41 0 0 26 90 0 87
0 0 0 0 50 0 0 0 39 0 0 0 0 0 0 0 0 0 54 0 0 0 0 0 0 0 0 0 0 0 0 0 0 0 47 0 0 0 87 0 38 0 73 0 0 0 0 0 0 51 0 0 0 0 0 0 0 0 0 0 34 99 0 0 6 0 0 92 0 0 0 93 0 0 95 0 0 7 0 0 0 23 0 0 0 0 3 91 0 0 14 0 0 0 0 0 0 0 98 0
0 0 0 0 0 0 0 6 55 0 0 0 0 0 0 0 0 0 0 0 49 0 0 11 0 0 0 5 14 0 0 0 85 0 72 0 51 0 79 48 0 0 0 0 0 0 13 0 0 0 0 0 0 0 0 0 0 0 0 0 0 0 0 0 0 55 0 0 43 0 0 0 0 0 0 0 0 47 0 0 0 0 0 0 0 94 0 0 7 0 68 0 0 0 0 0 0 0 54 0
87 0 0 0 0 0 0 0 0 0 0 0 44 32 0 0 58 0 0 0 72 41 0 0 0 0 15 0 22 27 0 0 0 39 0 91 0 0 0 0 0 0 0 0 99 98 0 0 84 0 0 53 0 1 14 0 14 16 0 88 0 0 47 0 0 0 0 0 0 0 0 0 0 0 0 80 0 0 0 0 0 0 0 39 0 0 0 78 56 0 0 0 0 0 0 0 0 0 0 0
0 0 0 0 0 0 0 56 0 0 0 15 100 0 0 0 87 0 0 0 0 0 0 0 0 0 0 0 0 0 0 45 0 0 93 0 0 0 0 0 0 0 0 0 0 0 3 0 8 24 25 0 0 53 0 0 0 0 0 49 12 0 78 0 83 0 55 0 47 0 69 0 0 0 100 0 71 28 0 0 23 41 0 0 0 52 0 0 73 0 0 0 91 0 0 91 90 11 0 69
0 0 40 0 21 0 0 0 15 0 0 0 20 0 0 0 0 26 0 0 0 17 75 0 0 0 0 0 0 0 0 0 0 73 0 0 71 0 65 0 0 76 69 0 0 9 27 0 0 0 87 0 0 0 89 0 29 0 0 0 0 0 0 0 0 0 0 88 0 94 0 0 0 0 0 1 69 38 0 0 0 0 0 38 34 0 0 0 87 0 0 0 83 0 0 0 58 0 0 0
0 0 0 51 0 0 0 73 59 0 0 0 39 0 0 34 0 0 0 0 0 0 0 22 0 0 13 0 10 0 97 0 0 87 0 0 0 0 0 0 82 0 0 0 0 0 32 47 0 0 0 0 0 0 0 24 46 0 0 0 0 85 0 0 0 0 0 0 36 25 76 56 0 0 0 0 0 0 54 56 0 0 0 0 0 0 35 77 91 0 0 0 0 0 66 0 0 0 0 0
49 0 0 0 0 0 0 47 0 0 0 0 51 0 71 0 0 98 0 0 0 46 0 81 0 0 0 63 0 52 0 0 0 0 0 0 0 0 0 22 0 0 0 69 45 0 0 33 0 0 0 0 0 0 0 0 0 0 0 0 0 0 0 0 0 0 0 0 0 0 7 0 76 0 0 0 0 0 0 3 0 0 0 97 0 0 0 0 85 86 0 4 14 0 0 0 0 31 0 0
0 0 0 0 30 0 0 0 0 0 0 92 0 0 0 0 0 0 0 0 47 0 0 0 0 0 87 0 30 0 5 17 0 0 0 0 0 0 0 0 0 88 0 0 0 0 0 22 4 0 34 0 54 0 0 0 4 0 0 0 82 0 0 2 0 0 55 0 0 0 95 0 0 0 22 0 0 0 15 0 0 0 0 0 0 0 0 0 0 0 0 0 0 0 0 0 0 0 0 0
0 0 0 73 70 24 0 0 0 0 0 0 0 0 37 0 67 0 0 0 0 0 0 0 0 0 0 0 0 67 0 40 93 89 0 0 0 31 0 0 0 0 0 0 11 0 7 0 79 0 0 0 97 95 21 98 0 0 0 0 89 63 87 0 0 0 0 10 0 0 0 36 0 0 0 19 0 0 43 0 0 0 0 32 0 0 0 0 0 0 0 0 0 0 0 18 0 19 0 0
25 0 14 0 67 100 0 99 15 0 91 0 0 0 0 98 0 0 0 98 0 0 0 0 0 0 0 0 0 0 10 0 0 0 0 0 0 0 7 0 0 45 0 95 75 0 0 0 0 0 0 0 0 0 0 37 0 0 87 0 81 0 0 0 0 0 0 0 30 0 44 0 38 0 0 0 0 0 0 0 0 0 88 0 0 3 0 0 0 0 0 8 0 0 77 0 0 0 0 0
0 0 0 0 0 89 0 29 0 1 0 0 0 0 0 0 0 0 0 0 0 0 0 0 98 0 0 79 0 0 0 0 0 39 0 2 0 12 34 9 0 62 0 0 0 0 46 0 0 0 0 0 0 76 0 0 0 0 0 0 0 0 0 0 0 0 0 0 0 7 0 0 0 0 0 46 0 75 0 75 17 0 0 0 0 18 88 0 0 0 0 0 19 66 0 0 0 0 97 0
0 0 93 0 0 0 13 6 0 0 92 0 0 0 0 0 0 0 0 0 0 4 4 69 0 0 0 0 0 0 0 100 10 77 0 0 0 42 0 34 41 0 0 0 0 0 0 0 0 0 0 0 0 0 0 0 0 43 81 0 0 0 0 0 68 0 0 0 16 0 0 88 0 79 85 0 97 0 39 0 87 0 0 0 80 0 0 82 13 0 3 100 0 0 54 0 0 0 0 0
0 0 82 0 0 0 0 0 0 0 33 0 0 0 0 0 0 0 0 0 0 0 0 0 16 11 0 0 0 93 37 0 0 0 4 0 0 0 87 59 0 24 0 48 0 43 0 0 0 0 0 43 36 0 0 42 0 0 0 0 0 72 0 0 40 0 0 0 5 35 0 0 95 0 0 0 41 0 0 0 0 27 0 0 93 0 0 48 0 65 0 0 50 0 49 7 0 0 0 0
0 0 0 0 0 0 0 0 0 0 0 62 0 88 90 0 0 91 0 11 0 0 0 0 0 11 0 0 0 56 0 0 0 0 0 97 40 0 0 0 0 50 0 0 0 75 0 0 8 0 0 0 0 100 0 53 0 0 0 0 0 0 0 0 0 0 0 0 0 0 0 96 0 0 0 0 0 0 0 0 0 0 0 0 46 0 0 0 0 0 0 0 0 0 0 100 0 0 0 0
0 0 0 0 0 0 12 78 0 0 0 0 0 0 0 0 0 0 73 27 0 0 0 0 0 53 0 6 0 59 0 48 0 0 0 0 0 0 72 0 0 0 0 52 0 65 0 0 0 0 0 0 0 95 0 0 21 0 0 0 0 0 96 0 46 19 0 65 0 0 0 0 81 0 0 0 22 0 0 45 0 0 0 0 27 77 0 0 0 0 0 0 36 0 0 99 0 0 0 36
0 0 86 0 0 0 0 90 0 0 0 0 0 0 39 92 0 0 0 0 0 0 0 0 0 19 34 0 83 76 0 0 0 0 0 0 0 0 0 0 80 0 0 84 0 0 0 0 0 0 0 0 0 64 0 0 0 0 0 80 0 0 26 10 5 0 76 0 0 6 0 0 0 0 0 0 0 0 0 0 0 86 0 0 100 0 8 0 11 0 0 72 0 0 93 0 0 27 0 0
0 0 0 0 0 0 0 0 0 0 15 0 30 0 0 0 4 0 0 54 64 0 73 0 0 91 0 0 0 0 0 0 0 25 0 0 0 0 0 0 0 0 0 0 0 0 0 0 0 0 0 40 0 0 0 0 0 0 0 0 0 0 0 0 81 96 0 0 0 51 0 0 0 0 0 0 0 79 0 38 0 0 0 0 0 0 0 48 92 0 0 0 0 0 0 0 50 0 0 0
0 0 0 0 0 0 0 0 0 0 0 0 0 0 22 0 36 0 0 0 89 0 0 0 0 0 0 48 0 0 0 0 83 0 0 55 0 0 0 0 0 88 0 100 0 0 3 0 0 100 1 0 0 0 0 61 0 0 0 0 0 0 0 0 0 0 0 0 35 0 0 0 0 62 0 60 0 0 0 8 0 0 0 0 0 0 0 0 0 0 49 0 0 0 0 0 38 0 10 0
0 0 80 0 0 0 0 0 0 0 18 0 9 90 83 0 91 0 58 0 0 61 0 0 34 2 0 0 0 46 0 0 0 0 40 0 0 0 0 0 0 0 87 0 73 0 0 0 0 6 0 0 0 0 90 100 78 67 0 0 0 0 0 0 42 0 0 0 0 82 0 0 0 0 0 0 0 0 0 0 0 0 0 13 38 52 75 81 0 80 0 48 0 0 0 0 14 0 0 0
0 0 0 0 0 0 0 37 0 0 94 37 0 0 0 75 0 91 0 1 0 0 0 85 8 0 0 0 41 0 13 35 56 0 0 0 0 0 0 0 0 0 0 0 73 0 0 0 0 0 0 0 0 0 0 0 0 0 38 0 0 0 0 0 88 0 0 0 0 1 0 42 0 48 0 0 0 0 0 0 0 2 0 0 0 16 95 0 51 0 3 0 39 0 35 0 0 69 0 0
0 0 0 93 0 0 0 0 0 33 0 0 22 0 0 32 25 0 0 0 0 0 0 0 0 0 18 0 0 0 0 37 29 0 0 0 0 0 0 50 0 74 0 0 0 78 64 9 0 0 0 0 28 0 65 0 0 33 0 0 18 0 0 82 0 0 0 0 0 90 0 0 0 16 0 0 0 0 0 0 0 0 0 0 0 0 0 0 58 0 0 0 29 17 0 0 60 0 0 0
0 0 0 0 0 0 59 0 42 0 55 0 52 0 0 0 77 0 0 23 34 67 0 79 77 23 0 0 0 3 0 29 31 85 82 14 0 0 0 0 96 0 0 0 4 0 0 0 79 0 0 0 0 0 0 0 0 46 0 0 0 0 0 0 43 0 0 0 0 0 41 69 0 76 0 0 0 0 44 0 41 0 0 0 0 0 0 33 0 0 0 0 0 0 0 73 0 0 0 0
28 0 81 0 0 0 63 0 0 32 29 0 0 0 0 0 0 0 0 0 0 0 0 99 0 58 0 0 0 0 0 0 0 0 50 0 0 0 0 59 48 0 0 0 0 0 0 0 0 74 0 0 0 0 0 0 34 0 0 0 0 0 0 0 0 0 0 69 66 0 0 0 0 2 24 0 0 0 4 0 0 0 0 0 0 50 27 0 0 0 0 0 0 53 0 0 0 0 0 0
0 0 0 0 0 0 0 0 44 3 0 0 0 0 0 52 0 71 3 80 0 14 0 0 0 0 0 0 0 0 31 0 0 0 0 0 0 0 29 0 0 5 23 0 0 0 8 0 41 0 21 0 100 0 96 0 0 0 0 0 25 35 0 0 0 34 0 80 0 0 0 0 32 0 0 0 0 0 82 0 0 8 93 0 0 83 0 0 4 0 0 0 9 0 0 0 0 0 0 65
90 0 0 0 80 0 0 85 0 0 0 0 0 0 0 70 0 21 0 0 0 0 69 0 0 81 0 0 53 0 32 51 0 0 85 22 0 0 36 25 28 0 97 0 10 0 0 0 0 0 83 0 16 0 0 24 0 26 61 0 0 0 96 0 0 0 0 62 0 0 80 55 0 0 0 4 0 0 8 6 0 0 0 92 0 0 0 0 0 0 62 0 0 0 72 0 0 0 8 0
0 1 13 0 0 0 0 0 0 0 0 0 0 0 0 0 0 0 19 0 0 0 0 0 0 0 0 0 0 0 0 0 57 7 0 0 0 0 59 0 0 0 0 83 0 0 0 5 0 0 0 0 76 0 44 0 0 0 0 0 0 0 0 3 0 71 0 94 0 0 0 0 58 68 0 39 0 0 0 0 0 0 0 0 0 0 0 0 0 0 0 0 0 0 0 61 0 0 0 0
0 78 5 0 0 47 0 0 29 33 0 0 0 74 56 0 0 0 0 0 0 0 0 85 0 0 0 0 0 0 0 0 0 0 26 41 0 0 75 0 0 0 59 0 0 0 81 0 30 0 0 0 51 11 0 44 0 0 0 0 0 58 0 0 0 0 0 0 0 88 0 0 0 70 0 0 0 25 0 68 0 0 0 0 0 0 0 0 0 94 54 0 0 88 0 0 95 0 0 0
82 0 0 0 0 0 0 0 0 0 0 54 0 0 0 0 0 0 0 57 6 0 21 0 21 0 87 74 0 0 0 91 0 0 0 0 32 0 0 0 0 0 0 0 0 0 0 0 0 0 0 0 0 0 0 0 0 0 53 0 0 0 36 0 0 0 0 60 0 0 0 0 0 0 0 0 87 0 0 46 0 0 0 0 0 0 0 0 0 0 0 0 0 0 48 0 0 0 0 0
0 0 96 0 0 13 0 0 0 0 0 11 0 0 15 25 0 0 0 0 64 0 0 0 0 0 0 0 0 0 0 0 51 0 0 0 0 0 0 0 0 0 0 0 0 0 0 0 0 0 4 43 0 58 0 56 0 43 0 0 0 0 0 0 25 0 0 0 0 0 4 13 0 0 0 52 0 52 0 0 0 0 0 0 0 0 0 53 0 0 5 33 0 64 0 0 0 39 0 0
0 0 0 0 0 0 0 0 100 0 0 82 0 0 0 0 80 0 0 71 0 0 0 0 0 0 0 26 0 0 80 0 0 0 0 0 66 0 0 23 0 0 35 0 0 71 0 0 0 20 0 0 0 60 41 35 0 32 16 0 0 95 0 0 0 0 0 0 73 0 0 98 0 0 0 0 0 0 0 0 0 0 0 0 0 0 0 0 59 50 0 0 37 0 0 66 33 0 0 0
0 0 0 64 0 0 12 0 63 0 0 0 0 56 0 0 0 0 0 51 0 0 0 0 0 99 0 0 0 0 0 0 11 47 74 22 0 0 0 0 0 0 0 8 46 0 0 61 0 38 0 0 0 0 0 0 0 14 0 0 0 0 0 22 0 98 0 0 0 0 0 21 23 0 0 0 0 0 50 0 0 28 0 0 0 0 0 26 0 0 0 0 0 0 0 0 0 0 0 0
0 0 51 20 0 60 0 7 0 0 0 0 0 16 0 67 0 0 0 0 83 0 0 0 0 96 0 0 0 0 0 0 0 0 0 0 0 0 0 70 0 0 30 0 0 0 0 0 0 0 0 0 11 0 0 0 48 27 0 0 0 0 0 0 0 0 0 0 6 0 0 0 0 0 0 0 72 93 49 0 0 0 0 91 0 0 23 0 0 28 25 0 64 79 88 92 0 0 97 0
0 0 0 0 0 0 0 0 0 29 0 12 0 0 0 92 0 0 46 0 0 0 0 0 0 0 0 48 10 0 0 0 0 84 0 0 0 18 0 0 0 0 11 0 85 0 74 15 0 0 54 79 0 0 0 59 0 0 17 4 0 71 0 0 37 84 29 0 0 85 0 0 0 97 0 0 0 0 0 0 0 0 0 0 0 2 0 0 0 0 0 6 63 0 0 30 0 0 0 0
0 0 0 0 0 25 0 0 0 0 0 0 0 0 0 0 0 0 99 0 0 0 72 0 0 0 0 23 89 0 0 0 100 0 71 0 68 0 0 0 0 0 0 0 0 0 0 0 54 43 0 0 62 0 0 0 0 0 0 0 0 42 0 0 83 14 0 0 0 0 24 48 0 0 0 0 0 0 0 0 0 0 0 0 0 49 0 85 0 0 20 0 20 0 0 16 0 0 16 0
0 0 0 0 14 0 0 0 0 0 0 0 94 0 0 33 0 0 0 0 0 17 0 10 0 0 87 61 11 0 0 81 0 0 0 0 91 0 0 0 0 0 0 0 0 0 0 0 86 0 0 0 42 0 0 31 0 0 0 6 0 0 0 0 0 0 69 0 0 0 0 40 8 69 0 0 0 24 57 0 0 0 0 79 79 92 74 91 60 0 0 0 0 0 74 20 21 88 0 0
0 0 63 30 57 0 0 0 0 0 0 0 36 65 0 0 0 0 0 83 0 0 0 0 0 0 0 0 0 0 23 0 76 0 86 70 0 0 0 0 0 0 0 13 80 0 12 0 0 47 0 0 20 0 0 0 0 0 0 94 0 0 0 0 0 0 62 19 0 0 75 0 66 0 0 15 99 0 0 0 0 0 0 0 0 27 0 65 0 22 0 0 0 0 0 0 0 8 0 0
0 0 58 0 0 0 34 0 0 19 0 33 97 0 0 0 0 0 14 92 0 0 97 0 0 89 0 0 0 0 0 0 33 14 32 0 0 0 0 0 0 45 0 0 0 2 0 0 0 0 0 0 0 0 100 84 47 0 36 5 0 0 97 0 0 0 0 0 0 53 0 7 0 0 0 40 0 0 0 4 78 0 0 0 0 0 0 0 0 0 79 0 0 44 0 0 52 0 0 62
0 0 0 0 6 43 0 7 0 0 0 0 76 21 0 0 0 46 0 0 0 0 0 0 0 0 0 57 20 0 0 56 52 30 36 0 0 0 0 0 0 0 0 0 0 0 0 0 66 0 0 0 0 0 72 0 0 0 89 0 0 0 0 0 0 33 0 0 0 0 0 0 0 63 0 99 24 0 66 0 0 0 0 0 0 79 87 30 0 76 86 0 0 0 20 0 0 94 0 48
0 0 59 90 0 66 0 0 87 0 0 46 0 79 84 84 70 98 95 77 0 81 0 0 66 0 8 0 98 0 0 0 0 0 0 0 0 0 0 0 46 43 0 0 0 0 31 0 33 0 0 38 0 0 0 12 47 38 0 0 0 28 44 0 0 0 0 0 0 45 0 0 62 0 0 0 37 24 0 24 0 28 0 72 78 5 0 71 0 0 0 0 0 0 0 0 3 0 90 0
90 0 0 45 0 0 0 49 0 0 0 0 0 0 31 54 0 0 47 0 40 0 79 38 12 0 0 0 0 0 0 0 0 0 0 65 0 0 0 0 0 0 12 0 0 0 0 49 0 0 72 70 0 0 0 0 90 0 0 0 0 33 0 58 14 70 0 0 0 0 0 0 0 0 35 0 0 0 0 0 0 58 90 75 0 23 0 0 0 0 0 0 0 0 0 0 0 0 0 9
0 0 0 78 0 0 0 0 0 0 0 0 0 13 71 57 0 0 0 0 0 0 0 12 0 0 0 0 0 0 43 0 0 0 0 0 0 91 0 0 0 0 0 0 0 35 0 0 0 0 21 23 0 68 0 0 0 0 10 37 0 55 0 0 0 29 78 0 0 0 0 0 72 88 0 0 0 0 0 0 0 0 24 10 61 18 0 0 0 71 43 0 0 0 0 0 0 0 1 19
0 0 84 36 0 0 0 0 0 0 0 0 0 10 0 0 62 84 0 0 0 0 0 33 48 0 25 0 0 0 0 64 75 0 0 0 94 0 0 0 50 1 0 0 0 29 0 26 0 48 0 0 0 0 0 12 87 0 0 16 0 100 0 0 0 0 16 0 0 73 0 0 17 0 0 0 89 0 13 30 0 0 83 0 0 80 0 0 0 72 8 0 43 62 0 0 29 96 0 0
0 0 0 0 0 28 0 0 2 0 0 0 0 0 98 0 0 39 0 0 0 0 0 0 0 0 0 0 0 0 0 0 12 56 0 67 0 49 0 0 0 0 0 0 86 0 43 97 0 92 0 0 0 0 0 0 12 0 0 0 0 0 0 95 0 35 0 0 0 0 0 0 0 34 0 0 88 0 0 0 67 0 0 0 0 0 0 0 0 0 0 0 0 35 51 0 0 0 0 85
0 0 41 17 0 0 0 88 0 30 0 0 0 0 0 0 0 0 0 0 64 0 0 0 0 0 0 0 0 0 0 0 0 0 0 0 74 0 0 88 53 0 14 28 0 0 83 0 0 16 47 26 0 0 0 0 0 0 0 0 0 0 0 85 0 0 0 0 0 0 0 0 0 0 0 38 0 0 35 0 0 41 84 0 0 0 39 0 0 0 0 0 35 0 0 0 0 0 0 0
0 0 0 18 0 0 0 0 0 0 69 0 0 0 76 0 0 0 0 0 0 0 75 0 0 0 0 0 0 15 0 13 0 0 0 21 0 0 0 0 12 0 0 0 20 64 0 0 16 0 0 0 0 0 0 0 0 0 0 0 0 0 0 53 64 0 0 0 0 0 0 0 0 0 0 0 0 79 0 0 0 0 38 0 9 0 0 0 0 0 0 0 0 0 0 47 0 0 0 0
0 0 0 0 0 18 12 0 0 0 0 0 0 0 0 0 0 0 0 0 0 0 0 0 0 0 0 0 0 0 0 0 0 0 0 16 0 0 38 0 0 0 0 0 0 0 0 0 42 0 0 9 0 0 0 72 0 0 0 0 0 0 0 0 67 0 0 0 0 0 0 63 0 71 0 0 0 0 13 0 0 98 0 0 88 0 0 0 28 0 0 0 0 0 0 30 0 0 0 0
0 58 0 0 0 0 0 45 85 0 61 0 3 0 0 14 0 0 0 27 0 0 28 0 0 16 60 0 0 0 0 0 0 0 0 0 0 40 0 0 0 0 0 0 0 0 0 32 0 0 0 0 87 0 0 0 0 0 0 53 0 0 0 0 0 0 29 0 0 29 28 41 0 0 0 0 0 0 0 0 19 0 19 46 0 0 60 0 0 0 0 0 38 0 20 0 0 3 0 27
0 0 0 90 0 0 37 0 0 0 0 0 0 0 0 0 0 0 75 56 0 81 51 0 0 0 0 0 0 0 89 0 0 0 0 0 0 49 0 0 0 51 84 23 0 32 0 0 0 0 0 0 54 0 0 73 0 0 0 0 0 5 0 0 0 0 0 0 0 0 0 42 0 3 5 9 0 0 0 0 0 0 0 0 19 0 0 0 8 0 76 99 72 0 65 0 10 98 0 0
10 0 0 0 43 0 0 34 0 0 20 0 0 0 0 0 40 0 0 0 0 0 45 0 0 0 0 0 71 0 90 67 0 0 0 0 0 0 0 0 0 0 0 0 0 0 0 0 0 0 26 0 0 0 0 0 0 0 0 54 0 75 0 89 0 0 23 0 21 0 0 0 0 0 0 0 41 0 0 0 0 0 8 0 45 61 28 0 34 0 94 0 0 0 77 0 0 0 0 0
0 0 0 0 0 57 0 57 0 0 4 0 0 0 0 0 46 0 0 0 0 0 17 61 0 0 0 21 0 0 0 18 0 0 68 0 0 0 0 0 0 0 37 0 0 7 0 66 15 0 0 0 0 0 0 0 0 0 28 0 82 0 0 0 0 0 0 0 66 38 74 0 0 98 93 0 0 0 0 0 97 0 0 0 0 55 0 50 0 0 0 11 0 0 60 0 86 0 0 0
0 0 84 0 36 0 0 98 23 0 0 0 0 0 0 41 0 0 50 0 0 0 0 27 0 0 0 0 0 0 0 67 0 80 0 0 0 0 64 39 0 66 0 74 0 0 0 0 0 0 0 0 52 0 0 100 0 75 83 0 0 43 1 0 0 55 0 0 92 0 0 0 63 0 11 0 0 10 0 0 0 0 0 0 0 0 0 65 43 0 0 0 0 15 0 82 0 0 0 54
98 0 0 0 0 0 0 0 0 0 0 0 0 0 56 0 0 58 0 0 0 10 0 0 47 0 0 0 0 0 0 0 70 0 0 92 0 0 0 0 0 0 0 0 12 0 0 70 41 7 52 0 0 0 0 0 0 0 97 0 0 0 41 0 0 44 0 29 0 76 0 0 63 0 0 0 0 0 0 0 90 0 0 0 27 0 0 12 88 0 0 0 0 0 0 0 2 0 72 39
0 0 61 0 79 63 0 0 0 0 0 0 0 0 0 15 0 0 0 0 68 0 0 38 0 0 0 1 0 26 0 0 0 0 0 48 0 0 5 0 0 0 0 0 97 0 83 57 0 0 0 0 0 0 0 0 0 0 0 19 31 0 0 82 0 0 0 0 0 0 0 0 0 0 0 0 0 0 0 0 0 0 0 99 0 0 0 0 0 0 0 0 62 0 0 0 0 78 0 0
0 0 0 76 0 0 0 0 5 0 0 0 60 0 0 0 0 0 0 0 0 30 0 0 0 0 0 0 0 0 0 0 0 82 0 0 41 0 16 0 99 15 0 0 0 27 4 0 0 0 99 0 0 0 0 0 0 0 0 0 0 0 67 0 0 0 0 0 0 32 29 0 0 0 62 0 50 0 0 0 0 22 0 0 0 0 41 32 0 0 0 0 0 5 0 0 0 0 0 0
0 0 89 0 0 0 18 80 0 0 0 17 0 0 0 0 0 0 0 0 0 0 0 0 0 0 0 0 4 0 92 0 0 0 0 0 0 0 0 0 0 29 51 0 0 0 57 0 0 0 0 0 0 0 0 0 0 77 0 0 0 0 0 0 0 0 16 58 0 0 0 0 0 0 0 0 41 0 0 80 0 0 0 36 0 6 0 94 0 45 0 0 0 0 0 0 0 0 0 0
0 0 0 64 0 89 61 0 0 0 0 0 0 0 52 0 35 0 0 0 0 0 49 53 0 75 0 35 0 0 0 0 0 56 0 0 0 0 0 0 0 0 0 0 0 0 0 84 0 0 5 0 15 0 0 0 61 0 85 0 0 1 0 0 47 0 0 0 57 63 20 0 0 17 0 90 0 0 0 76 0 0 0 0 0 0 0 0 0 0 0 0 0 0 0 0 0 0 36 0
48 0 0 0 0 64 0 5 57 7 99 0 0 0 36 0 0 0 100 0 0 0 0 29 0 0 0 0 0 0 0 0 0 0 0 0 35 0 0 0 0 0 18 0 68 43 0 0 84 0 0 0 96 0 48 0 0 12 0 0 0 98 0 0 0 69 41 0 0 0 60 0 53 0 57 37 0 0 4 14 45 0 0 0 0 0 0 0 22 0 0 0 0 0 0 32 0 0 0 27
0 0 0 0 99 0 0 31 41 0 0 0 0 1 74 0 0 18 0 0 0 0 58 0 0 0 0 7 0 0 0 0 0 0 69 0 0 0 0 0 0 0 0 0 40 0 0 0 0 0 0 0 0 0 0 0 0 38 0 0 9 0 89 0 0 50 0 60 31 0 39 70 97 0 87 39 0 0 0 41 17 0 0 0 0 0 0 0 82 0 41 0 28 0 0 61 0 0 0 0
37 0 76 55 71 0 0 0 28 0 33 0 0 0 0 3 0 0 0 45 91 98 0 0 0 93 0 0 47 0 28 0 94 0 0 0 0 18 0 0 0 0 0 0 0 6 0 52 0 39 0 90 0 0 0 0 0 0 45 0 0 33 0 0 0 51 0 0 41 0 66 0 0 0 0 64 56 0 0 42 13 0 0 0 0 0 0 21 0 0 0 0 0 0 38 0 0 27 0 0
0 0 0 0 69 33 92 24 0 0 0 0 20 0 0 0 0 0 0 0 52 0 0 7 0 0 3 36 0 0 23 16 0 6 0 87 0 0 74 0 100 0 20 0 57 0 77 45 0 0 0 46 0 0 0 0 40 86 0 97 83 0 0 77 0 0 12 0 0 99 0 0 0 0 0 0 0 0 0 0 91 71 23 0 0 0 81 0 65 0 0 35 69 0 90 52 79 0 0 0
0 0 32 0 58 0 0 0 0 0 0 0 38 0 0 0 0 27 0 0 0 14 36 0 80 0 0 0 60 14 0 0 93 0 72 0 0 50 0 36 65 0 0 0 0 0 0 12 0 0 0 0 88 0 47 54 0 0 0 0 70 99 0 2 0 0 0 0 0 0 81 19 8 0 0 0 0 0 0 0 0 0 0 0 13 0 0 0 0 74 0 0 0 0 62 1 54 0 0 0
0 0 0 0 0 0 1 0 0 0 83 0 21 0 0 0 0 0 66 0 0 0 0 43 2 0 27 24 0 0 0 0 0 46 0 0 100 0 38 0 0 0 0 25 14 93 0 0 0 0 0 0 7 0 0 50 0 0 0 95 0 0 0 0 0 0 51 0 0 0 0 0 0 0 0 76 0 0 0 0 0 0 0 67 0 0 0 0 0 0 0 0 0 63 75 0 0 63 0 0
0 0 0 0 0 0 0 0 0 0 0 0 0 0 0 0 12 82 0 0 0 0 0 0 0 92 5 0 0 0 0 32 0 85 0 0 33 0 73 0 0 0 9 0 0 0 0 60 0 69 0 0 0 0 40 96 0 33 0 4 78 0 13 0 87 0 0 0 0 78 0 23 0 11 0 0 0 0 0 0 0 35 0 0 54 0 0 0 3 99 0 64 0 87 0 81 0 0 0 0
0 0 0 19 82 0 0 99 45 0 0 0 0 0 34 0 0 47 90 81 24 0 0 0 0 0 0 0 0 0 0 0 0 0 0 14 0 21 0 0 26 0 36 0 12 0 0 0 80 32 0 0 0 0 61 89 79 0 0 0 0 0 0 35 0 74 0 0 0 0 0 0 0 24 0 59 0 0 29 66 0 0 0 0 88 0 0 0 0 0 0 16 0 0 0 0 53 0 0 0
0 0 0 0 0 0 0 31 0 0 79 49 0 0 0 35 0 0 0 3 0 90 0 0 0 0 37 0 0 0 0 71 0 0 0 0 0 0 0 0 0 0 0 0 0 0 0 0 82 0 0 75 0 58 0 0 0 0 0 0 0 0 0 0 0 0 35 0 30 39 0 0 19 0 17 0 71 0 0 0 59 0 0 0 0 0 7 66 0 0 0 0 0 0 0 0 13 69 0 0
81 0 0 0 0 65 0 0 59 0 77 33 0 0 24 0 0 12 0 0 0 0 0 0 0 0 58 89 0 0 92 3 83 0 10 0 0 0 0 0 0 23 25 0 48 0 0 0 0 0 0 0 40 38 0 96 0 0 0 75 0 0 0 0 0 0 0 0 83 8 0 83 0 0 0 0 0 0 0 0 0 3 0 0 0 0 10 0 0 0 0 0 0 0 96 0 100 29 0 0
0 0 0 83 0 0 0 0 0 78 0 0 0 51 0 0 0 0 39 0 0 0 0 0 9 67 0 0 0 0 0 0 0 86 0 0 39 0 0 0 0 0 68 0 0 38 0 0 0 0 81 0 0 77 0 0 0 0 0 0 0 40 0 0 10 28 83 0 41 0 0 0 0 0 0 0 0 0 13 0 0 0 68 28 0 0 0 71 0 48 0 0 90 0 0 0 0 0 0 96
0 0 0 0 0 0 0 0 12 71 0 74 0 17 0 0 0 74 0 81 0 0 55 40 0 79 0 0 0 0 74 0 0 0 0 0 0 0 0 0 0 0 61 23 0 0 95 0 7 0 0 0 0 37 0 0 0 100 0 0 62 0 69 0 0 0 11 0 0 0 35 0 0 0 80 0 63 0 56 74 0 42 21 0 0 0 0 0 4 82 84 0 0 88 0 0 0 0 0 0
0 0 27 15 0 81 0 0 7 4 0 0 0 12 0 0 64 0 35 0 0 0 0 0 0 0 0 53 0 0 0 0 0 0 0 96 0 66 0 19 0 100 0 0 0 0 100 0 97 0 0 0 0 0 0 0 0 0 0 66 0 68 2 0 0 0 0 0 0 0 0 0 0 82 83 0 0 0 0 0 0 0 0 29 74 0 0 0 0 0 0 0 0 0 0 0 0 0 0 0
0 0 0 0 0 15 0 95 0 32 0 0 0 70 0 49 58 0 0 67 0 0 0 0 0 0 24 0 0 11 0 0 13 0 62 0 0 0 18 0 88 0 0 0 24 100 0 0 0 79 0 0 0 0 0 0 0 37 0 0 0 0 0 0 0 0 0 0 12 0 0 0 0 0 0 95 0 0 0 0 32 0 93 0 0 0 0 0 0 0 18 12 0 0 0 18 0 0 0 0
0 0 0 0 76 72 46 0 0 0 0 0 59 0 0 0 0 0 24 0 0 0 76 0 0 35 0 0 0 81 0 0 0 0 0 0 78 0 0 85 0 0 0 40 20 0 0 50 0 62 0 0 0 0 0 0 65 30 1 0 0 0 17 0 0 0 90 96 0 0 0 0 0 53 0 44 0 23 0 0 54 95 0 0 0 2 71 0 6 88 0 53 100 0 0 0 0 0 0 0
0 0 0 21 0 0 0 57 0 0 21 38 7 0 0 65 0 0 0 10 0 77 40 0 0 0 0 0 98 0 0 48 0 0 0 0 5 35 0 0 0 29 0 0 56 0 91 0 48 0 0 0 0 97 89 0 0 0 0 0 0 0 38 0 0 0 0 73 8 0 0 0 97 0 39 0 0 0 53 65 0 0 53 0 0 0 0 0 0 0 0 0 0 92 0 0 0 0 0 0
0 0 0 0 0 0 0 0 0 0 0 0 0 0 0 0 0 0 0 78 28 0 0 0 0 30 0 0 0 0 15 0 0 34 0 0 0 56 0 0 0 0 0 0 0 0 0 0 0 0 0 0 0 0 0 0 0 79 0 0 70 0 0 0 100 0 0 0 94 0 52 0 0 0 27 0 1 0 0 7 0 0 0 28 0 0 0 0 0 0 0 0 0 39 0 0 2 0 0 0
0 0 0 0 0 0 0 0 0 59 1 0 0 0 0 0 0 0 0 0 22 27 0 0 0 0 0 34 45 77 0 0 0 0 0 0 0 11 0 44 89 0 0 26 0 0 0 0 0 0 0 43 0 0 0 0 0 0 0 0 0 0 0 0 89 0 0 0 0 0 0 0 26 0 0 0 0 34 0 0 0 0 0 0 0 10 0 0 0 0 0 94 0 9 0 58 0 50 0 36
0 2 58 0 0 0 0 0 89 53 0 50 32 0 22 0 0 0 0 0 0 0 0 0 60 0 0 78 13 0 100 76 0 0 0 28 0 0 0 0 24 0 0 0 0 0 48 92 0 58 0 0 0 0 0 0 0 0 90 0 0 0 0 0 0 0 23 32 0 0 0 0 0 79 0 0 12 0 0 0 0 0 0 0 0 0 0 0 98 0 70 22 0 0 49 0 0 88 0 0
0 41 0 2 0 0 0 0 0 0 0 0 0 0 38 0 0 0 69 0 0 0 0 0 0 0 0 0 0 0 11 0 0 0 0 14 0 0 0 70 37 36 0 78 7 0 0 98 0 0 0 0 0 0 0 0 0 0 0 0 92 94 0 0 1 0 0 0 0 3 0 0 0 0 0 0 59 0 0 0 0 0 0 0 25 0 14 60 1 0 0 0 17 0 82 73 0 0 0 0
36 0 0 25 0 0 0 0 52 0 0 0 0 24 0 0 0 0 0 18 72 86 64 0 0 0 78 96 0 0 0 14 0 28 24 0 0 0 0 0 0 0 0 53 0 0 0 0 52 0 0 0 97 0 0 0 0 53 0 33 73 0 0 0 0 0 0 0 24 0 38 0 0 0 0 0 44 0 0 55 0 1 0 0 0 0 0 58 67 86 0 0 0 0 0 0 17 1 0 17
0 65 0 13 0 79 0 0 7 0 45 0 0 0 0 0 0 48 71 16 0 0 0 100 42 0 0 0 0 0 11 89 0 0 0 0 81 0 0 0 0 0 0 30 0 0 0 0 0 0 86 0 7 0 0 0 8 0 47 0 0 73 0 0 79 0 0 52 0 0 0 0 0 0 0 0 0 0 0 17 75 98 86 0 97 0 0 0 30 0 0 0 0 0 0 0 0 0 0 0
0 0 0 0 0 0 0 1 0 0 15 0 0 14 0 0 0 0 31 0 0 0 0 0 75 0 0 0 0 0 0 0 0 81 0 0 87 94 71 75 0 0 59 0 48 89 0 0 0 0 0 0 0 0 0 0 0 0 0 0 31 0 0 0 88 70 0 0 0 0 0 0 38 0 62 0 0 0 0 0 100 0 0 0 30 0 0 0 0 14 14 0 0 0 0 0 0 0 0 0
0 0 0 0 0 0 92 0 0 0 0 0 0 0 0 0 0 35 100 0 0 0 0 0 0 0 0 73 0 0 0 0 36 0 0 0 0 0 88 0 42 0 0 0 79 1 0 0 0 0 0 0 75 62 0 3 0 0 0 0 4 0 0 0 0 0 0 0 0 0 0 63 0 100 0 24 0 39 0 0 0 0 0 0 0 0 0 0 0 0 0 0 0 0 0 0 0 29 46 0
0 0 0 0 0 0 0 0 0 4 0 0 6 35 60 0 0 0 0 0 0 0 0 0 99 40 0 0 0 0 0 0 0 0 0 0 0 0 52 0 0 0 0 0 0 0 78 0 0 0 0 0 0 0 56 0 38 0 0 0 99 0 81 0 73 0 0 0 0 0 99 0 0 0 0 0 53 0 0 0 66 0 0 0 0 0 0 11 0 0 0 0 97 0 0 0 0 0 0 0
36 0 0 0 0 0 0 0 0 0 0 0 89 0 50 0 0 0 0 0 0 13 0 0 0 0 70 0 0 0 0 0 80 0 0 0 0 1 0 0 0 0 7 0 0 0 0 0 0 0 0 0 84 0 52 0 85 82 22 44 0 0 0 76 0 0 8 0 27 0 98 0 30 0 0 0 0 0 0 0 0 21 0 0 0 6 79 0 0 0 0 0 23 0 0 58 0 0 0 0
0 43 0 99 0 0 0 0 20 3 0 0 0 0 0 25 0 0 0 0 0 0 73 0 0 0 45 0 0 0 6 0 0 0 0 86 0 0 75 69 0 64 0 81 0 29 0 88 0 0 0 36 12 0 0 0 0 0 0 26 0 29 0 0 0 0 0 0 0 0 0 24 0 94 0 0 0 0 16 0 37 0 58 14 0 0 0 0 0 0 99 0 0 0 0 0 0 0 0 0
0 0 0 0 62 0 0 0 0 0 0 50 0 0 67 0 8 0 0 0 70 0 0 0 0 38 0 0 0 0 0 0 0 0 0 48 0 0 0 17 0 84 0 0 0 0 87 57 0 0 0 13 0 0 0 0 0 0 0 0 0 43 0 36 0 0 0 0 0 96 0 0 0 0 0 0 0 0 0 0 0 0 0 0 0 0 98 0 0 0 65 0 0 0 3 0 0 0 96 0
5 30 54 77 0 0 43 16 10 0 0 0 0 53 0 0 0 0 0 0 0 0 0 44 14 0 0 67 0 0 14 0 43 0 0 0 0 0 0 27 18 0 0 0 0 0 7 21 0 51 0 55 0 0 0 0 0 56 0 0 71 0 67 0 0 0 0 0 67 0 0 0 79 1 0 64 0 0 59 0 0 0 0 0 0 66 0 0 0 0 19 72 17 0 0 11 0 0 0 0
0 0 0 50 0 0 0 0 0 0 0 0 0 0 0 0 0 0 37 0 0 91 0 0 0 0 0 53 0 0 0 0 0 0 65 0 96 0 96 0 90 10 0 0 57 0 0 95 0 0 0 0 92 15 0 0 0 0 27 0 0 0 0 32 0 0 0 9 0 82 0 0 41 0 83 41 0 0 0 0 53 0 0 94 91 0 0 0 0 26 0 0 0 0 0 0 0 40 0 0
76 0 0 0 0 28 33 65 0 0 0 0 16 0 0 0 0 14 54 0 0 0 0 20 0 0 0 0 0 0 54 0 58 0 0 0 0 8 0 0 0 0 0 0 0 0 6 0 0 99 0 0 0 0 0 0 0 72 0 0 0 0 0 0 0 0 0 0 0 0 0 0 0 63 99 0 0 5 0 0 65 41 0 0 66 89 0 0 0 0 0 0 24 0 77 3 0 25 0 0
39 0 0 0 55 0 47 0 0 0 32 53 0 28 0 0 0 0 0 98 0 87 0 0 0 0 0 83 0 32 0 0 0 0 0 0 0 0 0 72 0 0 0 0 50 0 0 0 0 0 0 0 21 0 75 60 93 0 0 0 0 59 51 0 0 0 0 0 0 73 0 0 0 82 0 0 0 44 0 0 0 0 0 0 0 0 0 0 0 92 0 79 11 0 0 0 0 0 0 0
0 0 0 57 0 0 0 0 0 0 0 0 53 12 0 0 0 0 0 0 69 29 0 0 0 0 0 29 0 0 0 0 0 0 0 0 0 0 10 0 0 0 0 0 79 0 0 0 0 0 0 0 28 0 0 0 65 0 0 47 0 37 0 54 0 0 0 0 0 0 0 0 0 67 0 0 0 41 88 0 0 6 0 0 0 0 0 0 79 0 0 98 0 0 0 0 0 0 0 0
0 23 0 91 36 24 0 0 0 0 0 34 0 0 0 0 0 28 0 0 0 0 0 0 0 0 0 0 0 36 0 81 20 0 0 21 0 0 0 0 0 73 0 0 0 0 0 0 37 0 0 0 0 0 53 0 0 0 0 0 0 0 0 0 25 0 27 0 0 86 0 79 0 0 0 0 39 0 0 0 0 36 0 0 0 0 0 0 93 0 0 83 0 0 0 56 11 0 0 0
47 0 78 0 0 0 0 57 0 0 0 0 0 0 81 11 0 4 0 0 0 0 0 48 38 0 67 0 0 0 0 0 53 89 0 0 0 0 0 94 0 1 0 71 0 0 0 0 0 0 0 0 70 0 25 45 38 0 0 54 0 0 97 53 0 0 0 0 0 64 90 0 0 0 87 0 0 0 40 0 0 85 0 6 0 94 0 0 0 0 0 0 0 0 0 0 0 0 0 0
24 0 93 0 0 0 0 0 0 0 0 14 0 0 0 0 0 0 0 0 0 0 0 0 0 0 0 0 0 67 0 0 0 0 0 0 27 85 14 0 0 0 0 0 0 0 0 0 41 0 0 0 0 0 0 0 0 0 0 0 0 57 0 0 0 0 0 40 0 95 0 0 67 0 0 0 0 31 0 81 27 0 25 0 19 0 76 100 0 0 0 0 0 0 24 0 22 64 59 0
0 0 61 0 19 0 0 66 0 38 63 23 0 0 96 0 0 0 0 0 62 0 0 0 0 85 0 0 0 0 0 0 0 0 0 73 0 0 0 0 0 0 0 52 0 0 0 4 0 37 87 0 0 0 51 0 0 0 0 0 0 0 15 0 0 35 17 0 0 0 0 0 0 0 32 0 0 0 0 0 0 0 0 15 0 0 0 90 0 74 0 71 0 0 26 0 0 0 0 0
0 2 0 0 77 0 0 0 0 0 0 0 0 90 0 0 0 0 0 0 0 0 0 0 82 0 0 25 0 88 0 0 0 0 0 0 28 0 0 0 0 0 0 97 74 0 0 29 27 0 32 76 0 8 0 0 74 0 0 0 50 0 0 0 0 0 0 24 89 0 73 0 4 0 16 0 0 0 0 0 0 0 0 0 0 0 0 0 0 0 0 0 71 0 0 49 0 0 0 0
0 0 0 0 99 0 77 0 0 0 38 80 0 0 0 20 82 1 0 0 0 0 0 0 0 16 0 0 0 80 0 17 0 52 0 0 0 0 13 0 0 0 0 41 0 0 0 0 0 0 0 100 83 0 46 0 0 0 0 0 0 0 0 0 82 0 0 0 0 86 0 0 8 53 50 0 0 0 0 0 0 0 0 0 0 0 34 0 0 0 0 80 0 0 0 0 0 0 86 0
6 0 73 54 28 0 15 0 0 0 0 0 0 0 83 0 0 18 0 51 0 17 26 0 0 0 0 63 0 52 0 0 75 0 53 87 0 0 0 23 91 0 0 0 0 0 0 54 83 0 0 0 84 0 39 0 17 0 0 0 0 0 0 0 0 0 0 0 53 0 0 0 0 0 0 0 0 0 0 64 0 0 12 0 0 0 0 0 0 0 0 0 25 31 0 0 0 0 0 0
0 0 0 0 0 88 0 23 5 0 51 0 0 0 0 0 0 0 45 0 33 40 60 88 0 0 0 0 0 0 0 68 54 32 0 0 23 0 0 0 63 0 0 0 0 0 0 0 0 0 0 0 0 0 0 63 0 0 0 0 0 0 83 0 0 95 0 0 0 0 0 66 0 0 0 0 0 0 0 0 0 0 0 0 0 0 31 0 0 0 0 62 75 0 0 0 0 0 0 89
0 0 0 0 0 0 0 0 0 0 54 46 0 80 28 0 18 0 0 0 0 0 54 0 0 19 82 0 0 0 53 78 0 0 11 0 0 0 0 24 0 0 100 56 0 0 0 0 9 0 0 0 0 0 0 0 0 0 0 0 24 0 15 31 0 0 93 0 0 0 0 0 0 8 39 39 0 0 0 0 0 0 99 79 0 0 3 0 0 88 27 0 0 0 0 0 0 0 0 0
0 0 0 29 38 41 0 77 0 39 0 77 0 76 0 0 0 0 0 0 0 0 0 0 0 0 0 0 0 0 0 0 0 0 27 0 22 0 0 0 0 84 0 0 0 14 96 17 68 0 0 0 0 0 42 0 89 8 73 13 0 15 0 0 0 79 0 0 5 0 0 0 0 0 0 0 70 0 0 0 0 51 0 30 0 0 0 0 32 0 0 0 0 0 0 0 0 0 63 0
0 0 0 0 0 0 81 83 0 0 0 0 94 0 85 75 0 98 0 7 0 0 0 0 0 87 0 39 0 0 0 0 0 0 0 93 0 0 0 51 0 0 0 0 0 0 0 0 0 0 0 0 0 0 0 0 62 0 0 0 0 0 0 64 0 0 82 0 90 0 0 0 0 0 0 0 30 4 60 59 0 0 67 0 0 0 0 0 60 0 0 0 0 21 0 0 8 8 0 92
0 0 0 0 68 0 0 0 45 0 0 0 0 0 0 0 0 0 24 0 0 0 0 0 0 0 0 0 0 0 0 0 0 0 37 0 0 0 57 0 50 0 76 0 0 0 0 0 0 73 0 0 0 0 0 0 0 0 0 0 64 33 0 0 50 0 0 59 0 0 0 61 0 0 32 0 0 9 0 0 0 42 0 0 0 0 68 89 0 0 18 0 0 0 0 0 0 0 19 0
0 0 0 0 0 0 0 93 44 0 0 0 0 0 0 0 0 0 0 0 18 0 0 33 0 0 0 94 94 0 0 0 72 0 14 0 97 0 3 13 0 0 0 0 0 0 82 0 0 0 0 0 0 0 0 0 0 0 0 0 0 0 0 0 0 47 0 0 39 0 0 0 0 0 0 0 0 56 0 0 0 0 0 0 0 73 0 0 39 0 4 0 0 0 0 0 0 0 89 0
65 0 0 0 0 0 0 0 0 0 0 0 58 96 0 0 6 0 0 0 77 77 0 0 0 0 25 0 64 81 0 0 0 59 0 33 0 0 0 0 0 0 0 0 27 9 0 0 76 0 0 77 0 60 1 0 25 69 0 14 0 0 31 0 0 0 0 0 0 0 0 0 0 0 0 25 0 0 0 0 0 0 0 88 0 0 0 21 64 0 0 0 0 0 0 0 0 0 0 0
0 0 0 0 0 0 0 77 0 0 0 19 67 0 0 0 50 0 0 0 0 0 0 0 0 0 0 0 0 0 0 65 0 0 53 0 0 0 0 0 0 0 0 0 0 0 27 0 64 51 94 0 0 81 0 0 0 0 0 73 33 0 70 0 56 0 22 0 39 0 77 0 0 0 74 0 96 96 0 0 22 25 0 0 0 15 0 0 59 0 0 0 59 0 0 97 100 88 0 2
0 0 27 0 60 0 0 0 91 0 0 0 60 0 0 0 0 56 0 0 0 19 12 0 0 0 0 0 0 0 0 0 0 80 0 0 45 0 16 0 0 95 27 0 0 19 23 0 0 0 61 0 0 0 20 0 53 0 0 0 0 0 0 0 0 0 0 61 0 94 0 0 0 0 0 56 68 1 0 0 0 0 0 78 40 0 0 0 97 0 0 0 10 0 0 0 26 0 0 0
0 0 0 30 0 0 0 74 9 0 0 0 57 0 0 21 0 0 0 0 0 0 0 89 0 0 91 0 82 0 63 0 0 77 0 0 0 0 0 0 36 0 0 0 0 0 13 64 0 0 0 0 0 0 0 47 44 0 0 0 0 29 0 0 0 0 0 0 47 1 48 77 0 0 0 0 0 0 13 29 0 0 0 0 0 0 93 93 54 0 0 0 0 0 69 0 0 0 0 0
2 0 0 0 0 0 0 10 0 0 0 0 43 0 35 0 0 74 0 0 0 57 0 14 0 0 0 21 0 5 0 0 0 0 0 0 0 0 0 1 0 0 0 82 45 0 0 46 0 0 0 0 0 0 0 0 0 0 0 0 0 0 0 0 0 0 0 0 0 0 23 0 48 0 0 0 0 0 0 71 0 0 0 72 0 0 0 0 55 39 0 91 29 0 0 0 0 93 0 0
0 0 0 0 28 0 0 0 0 0 0 88 0 0 0 0 0 0 0 0 4 0 0 0 0 0 10 0 64 0 13 83 0 0 0 0 0 0 0 0 0 39 0 0 0 0 0 5 94 0 90 0 88 0 0 0 98 0 0 0 53 0 0 89 0 0 18 0 0 0 75 0 0 0 93 0 0 0 41 0 0 0 0 0 0 0 0 0 0 0 0 0 0 0 0 0 0 0 0 0
0 0 0 68 77 71 0 0 0 0 0 0 0 0 74 0 79 0 0 0 0 0 0 0 0 0 0 0 0 7 0 41 35 37 0 0 0 54 0 0 0 0 0 0 63 0 6 0 34 0 0 0 64 94 86 92 0 0 0 0 45 7 33 0 0 0 0 65 0 0 0 19 0 0 0 28 0 0 52 0 0 0 0 61 0 0 0 0 0 0 0 0 0 0 0 34 0 62 0 0
43 0 24 0 94 6 0 16 3 0 10 0 0 0 0 46 0 0 0 75 0 0 0 0 0 0 0 0 0 0 73 0 0 0 0 0 0 0 61 0 0 84 0 4 32 0 0 0 0 0 0 0 0 0 0 29 0 0 42 0 15 0 0 0 0 0 0 0 58 0 32 0 4 0 0 0 0 0 0 0 0 0 95 0 0 51 0 0 0 0 0 76 0 0 3 0 0 0 0 0
0 0 0 0 0 60 0 50 0 23 0 0 0 0 0 0 0 0 0 0 0 0 0 0 53 0 0 25 0 0 0 0 0 51 0 74 0 47 41 16 0 94 0 0 0 0 18 0 0 0 0 0 0 81 0 0 0 0 0 0 0 0 0 0 0 0 0 0 0 95 0 0 0 0 0 64 0 53 0 85 95 0 0 0 0 57 72 0 0 0 0 0 98 96 0 0 0 0 68 0
0 0 69 0 0 0 59 74 0 0 98 0 0 0 0 0 0 0 0 0 0 69 63 37 0 0 0 0 0 0 0 39 48 64 0 0 0 27 0 39 91 0 0 0 0 0 0 0 0 0 0 0 0 0 0 0 0 43 71 0 0 0 0 0 1 0 0 0 4 0 0 100 0 49 37 0 72 0 24 0 2 0 0 0 11 0 0 74 12 0 12 48 0 0 47 0 0 0 0 0
0 0 54 0 0 0 0 0 0 0 51 0 0 0 0 0 0 0 0 0 0 0 0 0 32 48 0 0 0 54 63 0 0 0 14 0 0 0 13 5 0 9 0 34 0 78 0 0 0 0 0 98 20 0 0 93 0 0 0 0 0 93 0 0 56 0 0 0 88 81 0 0 73 0 0 0 66 0 0 0 0 18 0 0 37 0 0 93 0 40 0 0 57 0 84 59 0 0 0 0
0 0 0 0 0 0 0 0 0 0 0 68 0 53 42 0 0 94 0 80 0 0 0 0 0 31 0 0 0 90 0 0 0 0 0 35 9 0 0 0 0 43 0 0 0 96 0 0 65 0 0 0 0 39 0 97 0 0 0 0 0 0 0 0 0 0 0 0 0 0 0 84 0 0 0 0 0 0 0 0 0 0 0 0 4 0 0 0 0 0 0 0 0 0 0 25 0 0 0 0
0 0 0 0 0 0 76 43 0 0 0 0 0 0 0 0 0 0 10 10 0 0 0 0 0 76 0 80 0 90 0 43 0 0 0 0 0 0 11 0 0 0 0 18 0 96 0 0 0 0 0 0 0 20 0 0 41 0 0 0 0 0 75 0 72 92 0 84 0 0 0 0 64 0 0 0 74 0 0 4 0 0 0 0 44 47 0 0 0 0 0 0 99 0 0 89 0 0 0 48
0 0 96 0 0 0 0 27 0 0 0 0 0 0 98 30 0 0 0 0 0 0 0 0 0 73 1 0 95 23 0 0 0 0 0 0 0 0 0 0 38 0 0 75 0 0 0 0 0 0 0 0 0 72 0 0 0 0 0 70 0 0 100 71 39 0 26 0 0 77 0 0 0 0 0 0 0 0 0 0 0 2 0 0 59 0 1 0 13 0 0 71 0 0 83 0 0 19 0 0
0 0 0 0 0 0 0 0 0 0 99 0 24 0 0 0 67 0 0 39 54 0 62 0 0 27 0 0 0 0 0 0 0 6 0 0 0 0 0 0 0 0 0 0 0 0 0 0 0 0 0 19 0 0 0 0 0 0 0 0 0 0 0 0 12 58 0 0 0 35 0 0 0 0 0 0 0 87 0 41 0 0 0 0 0 0 0 94 21 0 0 0 0 0 0 0 8 0 0 0
0 0 0 0 0 0 0 0 0 0 0 0 0 0 85 0 24 0 0 0 71 0 0 0 0 0 0 91 0 0 0 0 66 0 0 41 0 0 0 0 0 73 0 86 0 0 32 0 0 32 62 0 0 0 0 100 0 0 0 0 0 0 0 0 0 0 0 0 1 0 0 0 0 42 0 2 0 0 0 33 0 0 0 0 0 0 0 0 0 0 33 0 0 0 0 0 74 0 60 0
0 0 2 0 0 0 0 0 0 0 67 0 24 57 65 0 11 0 43 0 0 73 0 0 73 100 0 0 0 7 0 0 0 0 13 0 0 0 0 0 0 0 53 0 58 0 0 0 0 81 0 0 0 0 52 74 10 91 0 0 0 0 0 0 94 0 0 0 0 7 0 0 0 0 0 0 0 0 0 0 0 0 0 21 98 73 39 92 0 98 0 59 0 0 0 0 97 0 0 0
0 0 0 0 0 0 0 23 0 0 45 7 0 0 0 97 0 5 0 57 0 0 0 66 66 0 0 0 16 0 58 57 78 0 0 0 0 0 0 0 0 0 0 0 65 0 0 0 0 0 0 0 0 0 0 0 0 0 30 0 0 0 0 0 24 0 0 0 0 34 0 72 0 45 0 0 0 0 0 0 0 47 0 0 0 95 4 0 86 0 40 0 42 0 91 0 0 26 0 0
0 0 0 25 0 0 0 0 0 98 0 0 58 0 0 39 33 0 0 0 0 0 0 0 0 0 21 0 0 0 0 43 27 0 0 0 0 0 0 82 0 65 0 0 0 23 59 37 0 0 0 0 95 0 36 0 0 16 0 0 22 0 0 90 0 0 0 0 0 56 0 0 0 29 0 0 0 0 0 0 0 0 0 0 0 0 0 0 31 0 0 0 3 89 0 0 62 0 0 0
0 0 0 0 0 0 16 0 20 0 76 0 75 0 0 0 75 0 0 4 43 64 0 91 48 87 0 0 0 24 0 74 24 6 58 88 0 0 0 0 83 0 0 0 44 0 0 0 63 0 0 0 0 0 0 0 0 7 0 0 0 0 0 0 86 0 0 0 0 0 60 66 0 40 0 0 0 0 37 0 78 0 0 0 0 0 0 12 0 0 0 0 0 0 0 29 0 0 0 0
6 0 77 0 0 0 41 0 0 50 56 0 0 0 0 0 0 0 0 0 0 0 0 61 0 71 0 0 0 0 0 0 0 0 47 0 0 0 0 99 24 0 0 0 0 0 0 0 0 17 0 0 0 0 0 0 8 0 0 0 0 0 0 0 0 0 0 56 3 0 0 0 0 69 69 0 0 0 86 0 0 0 0 0 0 24 36 0 0 0 0 0 0 55 0 0 0 0 0 0
0 0 0 0 0 0 0 0 22 78 0 0 0 0 0 10 0 33 62 88 0 25 0 0 0 0 0 0 0 0 73 0 0 0 0 0 0 0 23 0 0 24 66 0 0 0 88 0 28 0 82 0 43 0 92 0 0 0 0 0 70 36 0 0 0 99 0 88 0 0 0 0 73 0 0 0 0 0 6 0 0 12 23 0 0 58 0 0 22 0 0 0 29 0 0 0 0 0 0 11
63 0 0 0 25 0 0 65 0 0 0 0 0 0 0 15 0 85 0 0 0 0 9 0 0 50 0 0 15 0 32 79 0 0 43 59 0 0 66 85 68 0 28 0 15 0 0 0 0 0 15 0 85 0 0 72 0 69 81 0 0 0 41 0 0 0 0 59 0 0 63 94 0 0 0 27 0 0 27 28 0 0 0 85 0 0 0 0 0 0 9 0 0 0 62 0 0 0 96 0
0 2 11 0 0 0 0 0 0 0 0 0 0 0 0 0 0 0 31 0 0 0 0 0 0 0 0 0 0 0 0 0 96 92 0 0 0 0 43 0 0 0 0 51 0 0 0 83 0 0 0 0 51 0 66 0 0 0 0 0 0 0 0 36 0 7 0 60 0 0 0 0 28 43 0 95 0 0 0 0 0 0 0 0 0 0 0 0 0 0 0 0 0 0 0 58 0 0 0 0
0 53 21 0 0 18 0 0 33 82 0 0 0 52 60 0 0 0 0 0 0 0 0 98 0 0 0 0 0 0 0 0 0 0 64 1 0 0 64 0 0 0 97 0 0 0 25 0 32 0 0 0 84 91 0 18 0 0 0 0 0 73 0 0 0 0 0 0 0 67 0 0 0 37 0 0 0 57 0 67 0 0 0 0 0 0 0 0 0 83 50 0 0 81 0 0 82 0 0 0
7 0 0 0 0 0 0 0 0 0 0 64 0 0 0 0 0 0 0 57 43 0 65 0 42 0 77 98 0 0 0 43 0 0 0 0 10 0 0 0 0 0 0 0 0 0 0 0 0 0 0 0 0 0 0 0 0 0 24 0 0 0 95 0 0 0 0 16 0 0 0 0 0 0 0 0 15 0 0 61 0 0 0 0 0 0 0 0 0 0 0 0 0 0 92 0 0 0 0 0
0 0 47 0 0 35 0 0 0 0 0 33 0 0 91 65 0 0 0 0 91 0 0 0 0 0 0 0 0 0 0 0 14 0 0 0 0 0 0 0 0 0 0 0 0 0 0 0 0 0 4 27 0 33 0 62 0 68 0 0 0 0 0 0 72 0 0 0 0 0 68 39 0 0 0 75 0 43 0 0 0 0 0 0 0 0 0 97 0 0 99 16 0 62 0 0 0 76 0 0
0 0 0 0 0 0 0 0 20 0 0 9 0 0 0 0 51 0 0 3 0 0 0 0 0 0 0 66 0 0 10 0 0 0 0 0 23 0 0 71 0 0 14 0 0 35 0 0 0 81 0 0 0 31 43 89 0 29 39 0 0 65 0 0 0 0 0 0 59 0 0 35 0 0 0 0 0 0 0 0 0 0 0 0 0 0 0 0 39 2 0 0 32 0 0 57 78 0 0 0
0 0 0 82 0 0 4 0 37 0 0 0 0 86 0 0 0 0 0 40 0 0 0 0 0 16 0 0 0 0 0 0 71 97 23 58 0 0 0 0 0 0 0 37 16 0 0 16 0 79 0 0 0 0 0 0 0 67 0 0 0 0 0 39 0 27 0 0 0 0 0 41 54 0 0 0 0 0 100 0 0 27 0 0 0 0 0 56 0 0 0 0 0 0 0 0 0 0 0 0
0 0 62 69 0 43 0 17 0 0 0 0 0 41 0 99 0 0 0 0 10 0 0 0 0 30 0 0 0 0 0 0 0 0 0 0 0 0 0 60 0 0 19 0 0 0 0 0 0 0 0 0 46 0 0 0 7 1 0 0 0 0 0 0 0 0 0 0 70 0 0 0 0 0 0 0 67 76 56 0 0 0 0 4 0 0 59 0 0 61 79 0 11 3 98 60 0 0 64 0
0 0 0 0 0 0 0 0 0 76 0 42 0 0 0 38 0 0 19 0 0 0 0 0 0 0 0 63 58 0 0 0 0 38 0 0 0 78 0 0 0 0 5 0 32 0 61 42 0 0 14 43 0 0 0 48 0 0 23 10 0 16 0 0 61 33 54 0 0 32 0 0 0 70 0 0 0 0 0 0 0 0 0 0 0 62 0 0 0 0 0 66 68 0 0 32 0 0 0 0
0 0 0 0 0 51 0 0 0 0 0 0 0 0 0 0 0 0 16 0 0 0 54 0 0 0 0 84 98 0 0 0 85 0 59 0 85 0 0 0 0 0 0 0 0 0 0 0 55 92 0 0 90 0 0 0 0 0 0 0 0 10 0 0 38 14 0 0 0 0 88 8 0 0 0 0 0 0 0 0 0 0 0 0 0 17 0 98 0 0 19 0 76 0 0 22 0 0 69 0
0 0 0 0 22 0 0 0 0 0 0 0 12 0 0 41 0 0 0 0 0 36 0 82 0 0 9 29 27 0 0 93 0 0 0 0 89 0 0 0 0 0 0 0 0 0 0 0 83 0 0 0 35 0 0 95 0 0 0 11 0 0 0 0 0 0 30 0 0 0 0 74 90 79 0 0 0 26 1 0 0 0 0 77 88 70 39 8 88 0 0 0 0 0 35 21 42 78 0 0
0 0 26 7 72 0 0 0 0 0 0 0 11 8 0 0 0 0 0 30 0 0 0 0 0 0 0 0 0 0 22 0 73 0 71 63 0 0 0 0 0 0 0 46 51 0 84 0 0 21 0 0 10 0 0 0 0 0 0 55 0 0 0 0 0 0 61 55 0 0 72 0 50 0 0 84 59 0 0 0 0 0 0 0 0 32 0 59 0 92 0 0 0 0 0 0 0 41 0 0
0 0 26 0 0 0 4 0 0 54 0 36 51 0 0 0 0 0 74 78 0 0 1 0 0 66 0 0 0 0 0 0 21 31 33 0 0 0 0 0 0 95 0 0 0 89 0 0 0 0 0 0 0 0 18 42 2 0 3 98 0 0 16 0 0 0 0 0 0 80 0 2 0 0 0 57 0 0 0 22 49 0 0 0 0 0 0 0 0 0 68 0 0 6 0 0 91 0 0 59
0 0 0 0 8 62 0 72 0 0 0 0 23 45 0 0 0 12 0 0 0 0 0 0 0 0 0 80 79 0 0 49 54 20 77 0 0 0 0 0 0 0 0 0 0 0 0 0 74 0 0 0 0 0 51 0 0 0 74 0 0 0 0 0 0 79 0 0 0 0 0 0 0 98 0 2 80 0 68 0 0 0 0 0 0 95 34 28 0 26 65 0 0 0 87 0 0 66 0 74
0 0 87 54 0 59 0 0 70 0 0 92 0 37 15 60 63 38 82 32 0 7 0 0 92 0 17 0 88 0 0 0 0 0 0 0 0 0 0 0 98 27 0 0 0 0 7 0 18 0 0 74 0 0 0 16 26 27 0 0 0 95 99 0 0 0 0 0 0 62 0 0 12 0 0 0 96 97 0 90 0 26 0 89 95 26 0 23 0 0 0 0 0 0 0 0 8 0 24 0
98 0 0 80 0 0 0 73 0 0 0 0 0 0 17 31 0 0 68 0 67 0 49 47 49 0 0 0 0 0 0 0 0 0 0 89 0 0 0 0 0 0 55 0 0 0 0 33 0 0 37 33 0 0 0 0 37 0 0 0 0 65 0 23 58 77 0 0 0 0 0 0 0 0 23 0 0 0 0 0 0 1 21 93 0 54 0 0 0 0 0 0 0 0 0 0 0 0 0 19
0 0 0 33 0 0 0 0 0 0 0 0 0 24 62 14 0 0 0 0 0 0 0 91 0 0 0 0 0 0 58 0 0 0 0 0 0 6 0 0 0 0 0 0 0 92 0 0 0 0 57 87 0 1 0 0 0 0 2 35 0 92 0 0 0 20 90 0 0 0 0 0 84 93 0 0 0 0 0 0 0 0 87 39 25 97 0 0 0 27 27 0 0 0 0 0 0 0 70 41
0 0 68 27 0 0 0 0 0 0 0 0 0 6 0 0 7 31 0 0 0 0 0 16 69 0 46 0 0 0 0 17 18 0 0 0 49 0 0 0 48 66 0 0 0 53 0 12 0 60 0 0 0 0 0 84 9 0 0 8 0 48 0 0 0 0 67 0 0 59 0 0 95 0 0 0 13 0 74 2 0 0 42 0 0 28 0 0 0 69 23 0 33 81 0 0 39 36 0 0
0 0 0 0 0 48 0 0 69 0 0 0 0 0 56 0 0 19 0 0 0 0 0 0 0 0 0 0 0 0 0 0 89 99 0 89 0 97 0 0 0 0 0 0 5 0 78 70 0 30 0 0 0 0 0 0 95 0 0 0 0 0 0 20 0 73 0 0 0 0 0 0 0 61 0 0 98 0 0 0 94 0 0 0 0 0 0 0 0 0 0 0 0 66 69 0 0 0 0 22
0 0 26 18 0 0 0 100 0 28 0 0 0 0 0 0 0 0 0 0 11 0 0 0 0 0 0 0 0 0 0 0 0 0 0 0 34 0 0 9 44 0 30 65 0 0 95 0 0 45 93 95 0 0 0 0 0 0 0 0 0 0 0 12 0 0 0 0 0 0 0 0 0 0 0 40 0 0 32 0 0 23 94 0 0 0 70 0 0 0 0 0 81 0 0 0 0 0 0 0
0 0 0 47 0 0 0 0 0 0 76 0 0 0 66 0 0 0 0 0 0 0 25 0 0 0 0 0 0 61 0 41 0 0 0 48 0 0 0 0 2 0 0 0 71 35 0 0 56 0 0 0 0 0 0 0 0 0 0 0 0 0 0 88 97 0 0 0 0 0 0 0 0 0 0 0 0 32 0 0 0 0 11 0 81 0 0 0 0 0 0 0 0 0 0 48 0 0 0 0
0 0 0 0 0 43 43 0 0 0 0 0 0 0 0 0 0 0 0 0 0 0 0 0 0 0 0 0 0 0 0 0 0 0 0 46 0 0 61 0 0 0 0 0 0 0 0 0 35 0 0 83 0 0 0 72 0 0 0 0 0 0 0 0 72 0 0 0 0 0 0 21 0 3 0 0 0 0 14 0 0 28 0 0 64 0 0 0 55 0 0 0 0 0 0 18 0 0 0 0
0 70 0 0 0 0 0 88 73 0 79 0 81 0 0 47 0 0 0 31 0 0 32 0 0 19 83 0 0 0 0 0 0 0 0 0 0 73 0 0 0 0 0 0 0 0 0 26 0 0 0 0 90 0 0 0 0 0 0 33 0 0 0 0 0 0 21 0 0 28 24 87 0 0 0 0 0 0 0 0 9 0 44 23 0 0 23 0 0 0 0 0 98 0 37 0 0 86 0 14
0 0 0 36 0 0 49 0 0 0 0 0 0 0 0 0 0 0 20 33 0 16 46 0 0 0 0 0 0 0 99 0 0 0 0 0 0 86 0 0 0 6 64 56 0 57 0 0 0 0 0 0 29 0 0 8 0 0 0 0 0 90 0 0 0 0 0 0 0 0 0 95 0 93 3 98 0 0 0 0 0 0 0 0 29 0 0 0 90 0 91 27 49 0 78 0 2 33 0 0
16 0 0 0 38 0 0 94 0 0 19 0 0 0 0 0 1 0 0 0 0 0 28 0 0 0 0 0 63 0 85 58 0 0 0 0 0 0 0 0 0 0 0 0 0 0 0 0 0 0 13 0 0 0 0 0 0 0 0 81 0 62 0 1 0 0 62 0 41 0 0 0 0 0 0 0 10 0 0 0 0 0 76 0 30 39 90 0 69 0 47 0 0 0 15 0 0 0 0 0
0 0 0 0 0 40 0 82 0 0 18 0 0 0 0 0 55 0 0 0 0 0 4 40 0 0 0 2 0 0 0 38 0 0 52 0 0 0 0 0 0 0 96 0 0 31 0 3 56 0 0 0 0 0 0 0 0 0 45 0 15 0 0 0 0 0 0 0 13 40 19 0 0 46 25 0 0 0 0 0 93 0 0 0 0 57 0 49 0 0 0 88 0 0 71 0 98 0 0 0
0 0 29 0 65 0 0 80 11 0 0 0 0 0 0 30 0 0 63 0 0 0 0 81 0 0 0 0 0 0 0 31 0 89 0 0 0 0 14 51 0 34 0 45 0 0 0 0 0 0 0 0 30 0 0 86 0 95 54 0 0 4 66 0 0 43 0 0 43 0 0 0 44 0 54 0 0 30 0 0 0 0 0 0 0 0 0 23 37 0 0 0 0 34 0 68 0 0 0 19
34 0 0 0 0 0 0 0 0 0 0 0 0 0 93 0 0 60 0 0 0 82 0 0 22 0 0 0 0 0 0 0 81 0 0 20 0 0 0 0 0 0 0 0 11 0 0 70 43 86 58 0 0 0 0 0 0 0 59 0 0 0 97 0 0 100 0 50 0 75 0 0 26 0 0 0 0 0 0 0 92 0 0 0 67 0 0 94 72 0 0 0 0 0 0 0 81 0 43 72
0 0 8 0 1 98 0 0 0 0 0 0 0 0 0 22 0 0 0 0 6 0 0 38 0 0 0 10 0 39 0 0 0 0 0 50 0 0 74 0 0 0 0 0 81 0 41 70 0 0 0 0 0 0 0 0 0 0 0 83 82 0 0 97 0 0 0 0 0 0 0 0 0 0 0 0 0 0 0 0 0 0 0 52 0 0 0 0 0 0 0 0 30 0 0 0 0 81 0 0
0 0 0 74 0 0 0 0 79 0 0 0 47 0 0 0 0 0 0 0 0 95 0 0 0 0 0 0 0 0 0 0 0 45 0 0 89 0 84 0 10 76 0 0 0 53 9 0 0 0 86 0 0 0 0 0 0 0 0 0 0 0 58 0 0 0 0 0 0 19 2 0 0 0 99 0 88 0 0 0 0 10 0 0 0 0 59 94 0 0 0 0 0 44 0 0 0 0 0 0
0 0 44 0 0 0 72 89 0 0 0 44 0 0 0 0 0 0 0 0 0 0 0 0 0 0 0 0 47 0 12 0 0 0 0 0 0 0 0 0 0 35 76 0 0 0 73 0 0 0 0 0 0 0 0 0 0 63 0 0 0 0 0 0 0 0 4 64 0 0 0 0 0 0 0 0 70 0 0 47 0 0 0 87 0 9 0 24 0 98 0 0 0 0 0 0 0 0 0 0
0 0 0 66 0 91 2 0 0 0 0 0 0 0 60 0 89 0 0 0 0 0 11 4 0 81 0 95 0 0 0 0 0 54 0 0 0 0 0 0 0 0 0 0 0 0 0 4 0 0 85 0 33 0 0 0 55 0 37 0 0 14 0 0 39 0 0 0 50 1 61 0 0 65 0 38 0 0 0 83 0 0 0 0 0 0 0 0 0 0 0 0 0 0 0 0 0 0 46 0
23 0 0 0 0 56 0 26 41 29 99 0 0 0 51 0 0 0 77 0 0 0 0 22 0 0 0 0 0 0 0 0 0 0 0 0 85 0 0 0 0 0 7 0 98 17 0 0 54 0 0 0 51 0 22 0 0 84 0 0 0 4 0 0 0 27 7 0 0 0 35 0 61 0 72 92 0 0 47 86 55 0 0 0 0 0 0 0 58 0 0 0 0 0 0 100 0 0 0 55
0 0 0 0 85 0 0 74 49 0 0 0 0 46 5 0 0 74 0 0 0 0 24 0 0 0 0 56 0 0 0 0 0 0 18 0 0 0 0 0 0 0 0 0 34 0 0 0 0 0 0 0 0 0 0 0 0 27 0 0 65 0 82 0 0 67 0 12 99 0 6 87 77 0 44 12 0 0 0 4 46 0 0 0 0 0 0 0 67 0 91 0 94 0 0 86 0 0 0 0
64 0 20 16 42 0 0 0 24 0 2 0 0 0 0 26 0 0 0 21 97 9 0 0 0 76 0 0 89 0 77 0 44 0 0 0 0 3 0 0 0 0 0 0 0 96 0 24 0 54 0 77 0 0 0 0 0 0 37 0 0 42 0 0 0 53 0 0 60 0 75 0 0 0 0 78 95 0 0 3 17 0 0 0 0 0 0 98 0 0 0 0 0 0 95 0 0 88 0 0
0 0 0 0 52 80 36 6 0 0 0 0 74 0 0 0 0 0 0 0 32 0 0 45 0 0 70 18 0 0 66 75 0 74 0 16 0 0 25 0 81 0 78 0 50 0 5 47 0 0 0 50 0 0 0 0 60 47 0 100 17 0 0 20 0 0 7 0 0 18 0 0 0 0 0 0 0 0 0 0 59 13 46 0 0 0 50 0 23 0 0 14 34 0 88 26 59 0 0 0
0 0 28 0 99 0 0 0 0 0 0 0 28 0 0 0 0 74 0 0 0 12 100 0 46 0 0 0 95 79 0 0 78 0 41 0 0 69 0 30 22 0 0 0 0 0 0 23 0 0 0 0 59 0 82 60 0 0 0 0 14 85 0 53 0 0 0 0 0 0 5 82 44 0 0 0 0 0 0 0 0 0 0 0 83 0 0 0 0 6 0 0 0 0 29 47 59 0 0 0
0 0 0 0 0 0 55 0 0 0 81 0 5 0 0 0 0 0 6 0 0 0 0 53 44 0 65 91 0 0 0 0 0 10 0 0 90 0 34 0 0 0 0 58 30 77 0 0 0 0 0 0 32 0 0 31 0 0 0 69 0 0 0 0 0 0 36 0 0 0 0 0 0 0 0 37 0 0 0 0 0 0 0 90 0 0 0 0 0 0 0 0 0 88 68 0 0 92 0 0
0 0 0 0 0 0 0 0 0 0 0 0 0 0 0 0 22 87 0 0 0 0 0 0 0 44 66 0 0 0 0 33 0 72 0 0 28 0 58 0 0 0 5 0 0 0 0 32 0 37 0 0 0 0 31 81 0 90 0 10 46 0 13 0 83 0 0 0 0 73 0 53 0 22 0 0 0 0 0 0 0 13 0 0 43 0 0 0 66 75 0 63 0 98 0 73 0 0 0 0
0 0 0 27 27 0 0 95 80 0 0 0 0 0 74 0 0 37 5 9 80 0 0 0 0 0 0 0 0 0 0 0 0 0 0 70 0 66 0 0 84 0 74 0 95 0 0 0 13 59 0 0 0 0 91 79 4 0 0 0 0 0 0 48 0 33 0 0 0 0 0 0 0 88 0 100 0 0 51 81 0 0 0 0 66 0 0 0 0 0 0 12 0 0 0 0 18 0 0 0
0 0 0 0 0 0 0 50 0 0 71 61 0 0 0 96 0 0 0 59 0 68 0 0 0 0 78 0 0 0 0 62 0 0 0 0 0 0 0 0 0 0 0 0 0 0 0 0 53 0 0 15 0 73 0 0 0 0 0 0 0 0 0 0 0 0 93 0 66 58 0 0 80 0 10 0 66 0 0 0 25 0 0 0 0 0 74 28 0 0 0 0 0 0 0 0 67 90 0 0
53 0 0 0 0 46 0 0 8 0 97 71 0 0 38 0 0 42 0 0 0 0 0 0 0 0 85 37 0 0 20 48 32 0 80 0 0 0 0 0 0 85 53 0 91 0 0 0 0 0 0 0 42 52 0 1 0 0 0 12 0 0 0 0 0 0 0 0 80 97 0 80 0 0 0 0 0 0 0 0 0 37 0 0 0 0 77 0 0 0 0 0 0 0 20 0 79 8 0 0
0 0 0 16 0 0 0 0 0 100 0 0 0 32 0 0 0 0 1 0 0 0 0 0 10 65 0 0 0 0 0 0 0 25 0 0 38 0 0 0 0 0 12 0 0 74 0 0 0 0 17 0 0 27 0 0 0 0 0 0 0 61 0 0 59 35 48 0 6 0 0 0 0 0 0 0 0 0 58 0 0 0 65 34 0 0 0 97 0 23 0 0 70 0 0 0 0 0 0 28
0 0 0 0 0 0 0 0 22 34 0 46 0 31 0 0 0 6 0 37 0 0 58 99 0 18 0 0 0 0 32 0 0 0 0 0 0 0 0 0 0 0 96 63 0 0 82 0 68 0 0 0 0 20 0 0 0 18 0 0 74 0 24 0 0 0 80 0 0 0 53 0 0 0 95 0 74 0 9 73 0 51 66 0 0 0 0 0 94 13 16 0 0 18 0 0 0 0 0 0
0 0 16 59 0 72 0 0 53 68 0 0 0 14 0 0 32 0 95 0 0 0 0 0 0 0 0 64 0 0 0 0 0 0 0 28 0 96 0 49 0 96 0 0 0 0 51 0 28 0 0 0 0 0 0 0 0 0 0 23 0 87 94 0 0 0 0 0 0 0 0 0 0 33 97 0 0 0 0 0 0 0 0 86 20 0 0 0 0 0 0 0 0 0 0 0 0 0 0 0
0 0 0 0 0 47 0 47 0 86 0 0 0 58 0 20 76 0 0 29 0 0 0 0 0 0 46 0 0 23 0 0 9 0 44 0 0 0 100 0 28 0 0 0 3 33 0 0 0 5 0 0 0 0 0 0 0 29 0 0 0 0 0 0 0 0 0 0 71 0 0 0 0 0 0 69 0 0 0 0 62 0 79 0 0 0 0 0 0 0 30 28 0 0 0 30 0 0 0 0