100
0 0 78 32 0 0 62 0 4 0 0 0 0 11 0 64 88 0 0 0 53 0 94 0 0 0 0 0 0 0 0 0 0 0 6 0 81 51 0 0 13 0 7 0 0 0 0 28 0 40 0 0 0 0 0 0 0 0 0 0 0 0 75 0 0 0 0 0 0 33 0 0 0 0 0 0 43 0 0 66 0 0 53 0 0 0 0 0 0 27 48 0 60 0 0 0 0 0 58 0
89 0 0 89 0 0 0 0 0 0 0 0 0 72 31 55 65 0 7 0 0 0 0 0 0 72 0 0 83 0 28 0 0 0 0 23 0 0 0 0 0 0 0 99 31 0 0 0 0 0 37 0 90 0 0 65 54 0 0 0 0 99 0 43 0 0 0 0 0 0 0 0 50 6 0 0 6 93 0 0 0 0 0 0 0 0 0 23 81 0 0 0 0 41 16 0 0 0 0 49
0 13 0 0 100 12 0 0 0 0 0 0 0 0 76 0 96 70 0 24 71 62 85 1 0 0 53 0 0 0 0 0 0 93 0 98 16 92 0 0 0 0 0 41 0 0 0 0 0 14 0 0 88 0 69 2 0 0 0 0 0 0 0 0 42 0 0 0 0 0 80 0 94 0 0 0 70 66 0 0 0 0 0 0 68 0 0 0 0 0 36 0 0 0 20 0 0 22 0 9
0 0 0 0 0 0 0 56 47 70 0 0 72 69 83 0 0 0 48 0 0 0 82 0 0 57 0 37 0 0 0 0 0 0 0 14 0 0 22 0 64 0 0 93 70 0 46 0 0 0 0 0 0 0 0 0 0 0 0 66 27 0 50 0 0 0 0 70 0 57 53 0 0 0 0 0 0 0 0 0 0 93 0 0 0 0 0 0 0 0 0 0 0 0 0 0 0 99 0 0
0 0 0 63 0 54 0 0 0 0 0 0 0 0 0 32 0 0 0 0 62 0 0 29 0 0 2 0 0 34 0 0 11 0 28 79 32 18 66 0 0 56 62 0 0 61 75 43 0 0 0 78 0 0 0 68 0 0 0 0 0 0 0 0 0 47 43 0 71 0 0 0 0 0 65 0 0 0 0 81 0 0 29 49 0 0 0 7 0 100 0 0 20 0 0 0 0 57 20 0
0 0 0 0 67 0 0 0 0 0 13 0 0 0 0 0 0 34 0 0 0 87 0 26 0 0 0 0 38 0 88 0 88 0 0 0 0 0 0 0 0 0 85 59 0 0 74 0 0 0 0 0 0 0 0 0 0 0 84 0 0 0 0 0 42 63 0 0 0 33 0 0 0 0 0 0 0 0 32 0 0 0 0 0 0 0 0 0 55 0 43 0 0 0 0 47 0 0 0 8
91 0 23 0 0 0 0 0 88 0 0 0 0 0 0 0 0 0 0 0 0 0 0 0 0 34 0 0 0 16 0 0 0 0 0 65 0 0 0 97 0 0 0 0 0 0 0 0 0 0 0 0 0 0 0 95 0 80 0 0 83 12 0 0 0 0 0 0 0 14 0 0 0 0 0 0 0 0 0 0 0 0 0 50 0 73 0 57 0 0 0 0 0 76 0 52 0 0 0 51
0 0 77 0 0 45 0 0 0 0 0 1 0 0 0 0 39 0 0 5 42 88 0 0 0 62 0 0 32 35 48 0 0 0 98 92 0 0 0 59 0 0 0 0 0 6 0 0 3 16 0 0 0 0 0 0 0 0 0 0 0 99 0 0 0 0 0 44 0 96 0 0 0 0 0 49 0 0 56 80 0 22 61 0 80 0 0 0 60 0 0 0 0 0 51 0 0 59 0 0
97 0 0 0 0 0 0 0 0 0 0 0 0 0 41 0 34 0 0 0 0 0 0 0 0 0 0 0 33 0 0 0 0 0 77 38 37 25 0 0 0 80 0 0 6 0 0 0 0 0 0 68 89 0 66 0 0 0 0 0 0 25 0 0 0 0 0 0 0 0 0 0 0 0 0 77 0 0 0 0 0 0 0 0 0 57 0 0 0 0 0 0 0 0 0 0 0 0 68 0
0 0 32 0 0 12 2 13 0 0 0 0 0 0 0 0 23 83 0 0 0 0 77 0 0 0 95 67 0 0 0 0 0 0 0 0 0 34 0 0 0 0 0 0 0 0 39 0 0 0 95 0 0 0 0 0 0 37 0 0 0 0 0 0 0 92 18 39 99 0 0 0 0 10 0 0 30 0 0 0 0 28 40 0 0 0 0 0 0 0 96 31 0 0 0 0 0 0 0 0
0 0 0 45 0 0 0 0 0 0 0 0 0 58 0 0 0 92 9 0 0 0 0 0 0 0 0 0 0 0 23 0 0 0 0 0 0 0 74 73 0 10 0 0 66 0 0 48 0 0 0 21 78 0 0 72 0 0 0 0 0 100 69 0 0 0 0 0 80 0 32 0 0 0 0 0 0 0 19 0 66 55 0 0 0 0 0 0 0 33 88 0 0 0 0 42 0 0 0 0
0 0 81 0 0 0 0 0 0 0 0 0 94 0 0 0 0 16 65 0 0 0 0 0 68 64 18 0 0 0 74 0 21 97 0 0 92 0 0 49 0 5 0 0 0 42 0 0 35 0 0 58 0 0 0 0 0 15 0 0 27 0 0 36 0 0 0 0 48 43 0 0 0 60 0 19 0 0 36 15 8 80 0 0 0 0 0 9 0 0 0 0 0 84 2 0 54 0 0 0
0 74 0 0 0 0 49 0 0 70 0 0 0 0 0 15 76 14 0 6 0 0 0 0 8 0 35 0 0 0 0 0 1 0 0 0 100 64 37 0 53 0 47 0 47 71 0 0 0 0 0 0 0 0 0 0 43 0 0 0 0 0 0 0 0 73 42 0 75 0 0 0 0 0 0 0 0 0 0 0 29 0 0 0 0 0 71 57 0 0 0 0 0 0 0 0 0 0 0 28
0 0 0 5 79 0 0 0 0 0 0 0 0 0 0 0 22 0 80 0 0 0 0 0 0 0 99 0 0 0 0 0 0 96 0 0 0 0 0 0 0 99 0 100 0 0 0 0 0 21 0 0 8 0 0 0 0 45 0 0 10 0 0 0 0 26 0 0 99 0 0 0 47 38 0 0 0 0 71 0 0 0 0 0 0 31 0 0 0 0 5 0 84 0 60 0 17 0 0 30
0 0 0 0 0 0 0 50 0 0 88 0 48 0 0 0 0 0 0 0 0 0 0 5 43 0 0 84 0 4 0 0 0 0 61 75 0 0 0 0 0 0 64 0 0 29 0 9 35 0 0 4 64 0 0 54 0 0 73 0 98 0 26 0 0 0 0 0 0 0 0 0 0 0 0 0 46 0 0 0 0 0 0 0 0 0 0 17 0 32 0 0 0 0 0 0 0 0 0 75
44 68 0 0 43 0 0 0 0 0 0 0 0 0 0 0 0 58 0 0 25 0 0 71 0 16 17 0 0 0 0 50 0 0 0 67 61 0 0 0 0 0 4 0 0 0 40 0 0 35 0 0 0 0 0 0 0 0 96 0 0 0 51 43 0 0 0 27 0 0 44 0 39 0 0 0 0 0 0 0 14 0 66 53 0 0 47 0 18 0 0 0 0 74 0 0 0 8 0 0
12 0 0 26 0 0 0 0 0 0 0 0 0 0 0 0 0 57 0 0 16 0 0 0 0 0 0 62 0 0 0 0 0 0 0 0 0 19 0 0 0 45 0 0 0 0 30 72 94 0 0 40 0 0 0 0 87 0 0 79 0 0 0 0 0 0 0 0 45 93 0 0 0 0 0 77 0 0 73 0 0 0 0 0 0 37 0 0 0 0 0 0 13 78 0 63 77 0 29 80
0 0 0 0 0 26 76 0 0 63 0 0 0 0 0 5 55 0 0 27 0 0 0 0 0 0 0 0 0 0 1 0 0 63 0 0 0 0 0 0 0 0 0 0 0 0 0 14 0 27 0 88 0 93 0 88 34 0 0 0 10 94 0 0 46 53 0 0 0 0 0 0 0 0 0 93 0 0 42 0 0 0 45 56 0 0 0 0 0 0 0 23 0 0 17 32 43 0 0 0
0 0 0 0 0 0 0 0 17 0 0 0 74 39 0 0 33 0 0 0 0 0 0 0 0 0 0 0 0 0 67 0 48 0 0 0 0 0 0 0 91 0 0 0 9 15 0 0 77 59 0 0 0 0 0 0 0 0 76 0 0 0 0 46 3 28 0 0 31 0 0 22 0 0 0 0 0 0 0 0 0 0 0 0 0 0 0 0 0 16 0 0 80 0 88 25 0 87 17 0
0 0 0 0 88 66 59 0 0 0 0 0 80 98 0 0 0 0 0 0 0 0 0 0 0 0 0 0 0 0 0 0 45 0 0 0 0 0 0 0 56 0 0 17 0 0 74 4 0 0 0 10 34 0 0 23 41 0 0 78 0 0 0 0 0 0 0 0 88 0 0 0 0 0 0 81 0 0 0 0 91 0 0 60 0 0 12 0 0 6 0 2 0 0 0 0 0 69 80 0
0 56 0 0 0 47 45 0 0 49 97 0 0 0 0 0 0 0 63 0 0 0 0 0 0 12 0 95 0 0 0 56 0 0 0 0 0 0 0 0 89 0 0 0 59 0 0 0 0 0 82 81 0 0 0 0 0 0 0 57 0 0 0 47 83 98 0 0 66 0 0 0 0 0 0 29 0 0 7 75 0 42 18 65 0 0 0 48 0 0 0 0 0 0 0 27 0 59 75 41
0 0 0 0 0 0 12 0 0 45 91 0 0 6 0 0 0 0 0 0 0 0 0 0 0 0 22 0 81 0 0 76 0 0 0 0 0 0 0 0 1 0 90 1 0 75 0 0 4 53 0 0 12 0 0 0 0 0 0 62 0 0 0 0 0 0 15 68 0 0 0 0 0 0 0 53 26 0 0 0 0 33 0 79 0 47 0 0 0 0 0 19 0 62 0 0 0 0 0 0
0 0 0 0 3 0 0 81 63 0 0 48 11 0 78 0 89 0 0 0 0 0 0 0 0 36 0 0 0 39 0 82 0 0 0 0 0 0 47 19 0 77 0 0 0 0 0 19 0 0 0 0 58 0 0 86 36 84 81 0 0 0 98 0 81 30 0 87 0 0 0 52 1 0 0 16 0 0 0 0 99 0 0 0 0 0 14 15 0 0 0 8 0 0 0 0 0 62 0 0
0 0 65 0 0 0 0 0 0 0 0 0 0 0 70 0 50 0 0 17 0 0 0 0 0 0 0 0 0 0 62 0 0 15 0 77 0 0 0 0 0 30 0 0 82 0 0 0 10 0 0 0 0 0 0 48 0 0 0 53 87 0 0 0 0 0 0 0 7 2 0 0 20 0 0 16 0 0 0 0 28 0 0 0 0 98 0 0 87 0 0 0 0 0 0 90 74 74 28 0
0 85 0 0 0 0 0 0 96 0 0 0 0 0 0 0 0 0 0 0 0 0 0 53 0 0 0 51 0 0 0 0 0 0 17 0 0 34 29 0 0 0 0 0 0 0 0 0 0 47 0 0 73 0 0 0 0 0 0 0 0 0 51 82 0 0 0 0 0 0 0 0 0 28 0 0 36 0 0 10 0 0 79 0 0 0 0 0 0 0 0 0 0 61 0 0 0 0 0 44
0 18 0 0 0 0 36 0 82 0 0 0 94 14 0 0 0 0 0 0 41 52 0 0 0 0 17 0 0 24 0 0 0 0 0 100 0 0 0 0 60 0 0 35 0 0 0 0 96 0 67 0 52 25 17 0 0 53 0 61 28 0 0 7 12 0 58 0 0 0 0 0 0 0 0 0 0 0 0 95 0 0 0 0 0 0 0 80 0 0 0 0 0 8 0 0 0 0 92 1
35 0 0 0 9 0 0 0 6 0 0 39 0 59 0 0 72 0 0 0 95 82 0 0 0 0 0 0 0 0 0 0 0 0 0 0 0 0 0 0 0 0 7 0 0 0 0 31 38 0 0 0 18 0 0 15 0 0 0 0 0 0 55 0 96 0 0 22 0 0 0 0 0 0 0 0 0 0 0 0 0 0 0 0 0 30 32 13 0 0 20 0 0 0 0 0 0 74 0 0
0 0 0 0 65 0 59 0 0 0 0 0 0 0 0 44 0 0 0 78 82 44 0 0 92 0 0 0 61 0 0 0 0 95 0 73 36 58 0 0 0 0 0 4 0 0 0 38 0 0 0 0 0 0 29 7 0 0 0 58 0 0 0 62 0 0 0 0 0 0 0 0 0 0 0 0 0 0 0 2 0 0 0 0 0 83 82 87 0 0 0 36 0 0 19 53 0 0 0 94
0 0 27 88 0 0 11 0 47 0 0 0 0 0 0 0 76 0 0 0 0 0 0 19 0 0 0 93 0 0 0 0 0 0 0 55 0 11 88 0 0 69 61 0 0 0 0 0 0 0 0 0 0 31 0 0 0 0 0 53 0 0 0 57 0 0 93 0 70 0 0 0 0 0 23 0 0 0 0 0 0 0 0 48 0 0 0 0 0 0 0 35 0 0 0 0 0 0 23 0
0 0 7 0 0 0 0 0 0 0 0 0 40 0 0 48 0 0 0 91 0 42 0 0 0 50 0 0 0 0 0 26 0 0 0 0 0 0 0 0 0 0 0 0 58 0 0 0 0 0 0 0 0 0 0 98 0 0 14 52 0 49 95 0 0 0 0 0 0 0 0 12 0 0 95 34 0 27 0 0 85 0 0 0 0 0 0 0 0 0 0 0 0 0 0 0 0 0 0 12
86 0 0 99 49 0 18 0 0 0 31 38 84 0 0 0 0 0 0 0 0 0 0 16 0 0 0 0 0 0 0 0 35 0 0 0 0 0 0 0 38 0 0 0 0 0 34 0 47 0 0 0 0 0 70 97 0 79 50 7 0 0 0 0 49 0 0 0 0 0 0 0 0 0 0 5 47 0 70 0 0 0 0 0 0 0 14 0 61 0 91 0 0 0 0 0 0 15 0 0
0 0 82 0 0 0 0 0 0 0 0 0 0 0 0 0 0 0 0 0 0 25 0 0 14 0 0 0 0 44 57 0 0 0 54 0 88 15 0 0 0 0 0 0 0 0 0 0 0 38 0 0 0 0 0 0 0 0 0 18 62 0 0 0 0 0 0 0 0 99 0 0 0 27 0 0 4 0 0 0 86 0 0 0 0 0 0 0 0 0 0 0 73 43 0 0 0 0 0 97
0 23 0 0 0 0 27 0 0 0 0 0 0 0 0 0 0 0 0 0 35 0 0 86 0 8 0 0 0 99 38 0 0 7 0 0 0 26 0 0 45 0 0 0 0 0 0 0 0 0 44 0 0 0 0 0 0 64 0 0 42 0 17 0 48 0 0 0 0 0 0 100 0 0 0 0 66 0 0 19 0 0 0 0 9 0 0 0 0 0 0 0 0 0 0 0 0 0 0 0
36 0 0 0 37 0 0 9 0 0 0 0 0 0 0 0 0 0 0 0 0 0 0 0 0 0 0 0 0 85 67 0 0 0 0 0 0 0 0 0 0 0 81 0 0 0 0 80 0 0 0 0 0 0 0 0 88 0 0 0 0 0 0 0 0 0 59 11 9 26 0 0 0 0 31 0 9 0 0 22 0 0 0 0 69 0 67 0 0 0 25 0 0 0 0 0 61 0 0 0
0 0 6 66 98 0 99 0 0 0 0 0 0 0 0 0 0 84 0 0 0 0 9 0 0 0 0 0 0 0 0 0 92 33 0 0 0 75 85 0 0 36 0 0 0 0 0 34 0 0 0 0 0 43 45 0 45 0 0 0 22 0 77 0 95 41 0 38 83 65 0 0 0 0 0 78 0 0 63 0 0 0 0 0 0 0 0 10 0 0 0 0 0 0 0 0 0 0 0 0
0 0 0 0 0 61 0 0 0 41 0 0 0 0 0 0 0 53 0 0 0 95 0 73 0 0 0 0 63 0 0 0 0 0 0 0 0 84 2 0 0 0 0 0 0 0 0 0 0 15 0 0 0 31 0 21 0 0 0 98 0 0 0 0 0 0 0 0 0 0 0 94 70 0 69 1 0 0 4 49 0 75 0 0 28 0 0 0 0 0 86 57 27 0 84 0 0 0 67 85
0 0 0 0 56 70 0 0 0 45 0 0 0 80 0 0 0 0 0 0 47 90 0 0 0 0 0 0 0 0 0 0 0 0 0 0 0 0 0 0 4 0 78 79 0 0 0 0 0 0 0 0 98 0 0 0 0 0 96 0 0 0 0 0 0 0 97 0 0 84 0 0 12 0 46 0 0 88 0 0 0 0 0 0 60 0 49 0 0 56 0 0 0 0 0 0 0 0 0 0
0 92 3 92 51 0 0 0 0 86 0 0 0 9 0 0 0 0 0 72 0 81 9 0 0 0 68 0 0 0 85 0 0 0 0 0 0 0 0 23 0 0 0 72 0 0 0 0 0 96 0 0 0 0 0 0 0 0 52 0 97 66 44 0 96 0 82 0 0 30 0 0 0 0 90 23 0 0 5 0 0 0 0 0 0 0 0 0 0 51 0 69 0 0 0 0 64 0 0 15
64 0 0 0 0 66 30 0 0 8 0 0 0 0 35 0 0 0 0 0 0 0 57 0 0 0 98 0 0 0 0 0 0 0 0 0 0 88 0 0 35 68 0 0 0 0 0 28 0 88 0 65 0 0 0 0 0 0 68 70 0 0 0 0 0 0 0 0 0 0 22 0 50 48 51 0 17 0 0 98 0 0 0 0 0 47 0 0 0 0 0 0 0 0 0 0 9 0 0 0
0 0 49 93 0 0 0 0 0 0 0 54 0 0 0 0 0 96 55 0 0 0 0 0 0 0 0 39 0 3 0 72 0 0 35 0 85 48 0 0 99 0 0 0 0 0 0 0 0 21 0 0 0 67 45 0 50 0 0 0 0 0 0 0 0 0 0 0 0 0 0 0 0 0 0 0 61 0 0 42 0 0 0 0 0 44 0 79 0 0 0 0 71 0 0 0 89 0 0 0
13 24 0 0 2 5 0 0 41 0 0 0 73 0 0 0 0 0 0 90 0 0 0 0 0 77 0 0 60 0 0 0 0 0 0 0 16 0 0 0 0 0 0 0 0 63 0 0 0 0 0 0 0 0 0 0 0 0 0 0 0 0 61 73 0 47 0 0 0 0 0 0 0 0 63 0 43 0 0 0 0 0 0 0 0 0 0 0 0 0 0 0 0 21 0 84 58 0 60 0
0 10 0 87 0 0 0 0 0 40 40 0 0 17 0 0 0 0 0 65 0 86 0 0 0 70 37 0 0 0 0 0 87 0 0 0 0 58 0 97 0 0 0 0 90 0 0 0 100 27 0 0 83 85 0 0 0 23 0 0 0 0 0 0 95 65 0 0 0 0 0 0 0 76 0 0 0 1 0 0 0 90 0 22 0 72 0 0 26 0 0 0 0 0 0 0 9 0 0 0
0 0 0 0 0 0 76 0 0 83 0 0 0 55 0 0 0 0 0 0 0 54 24 0 19 0 0 92 0 77 0 71 44 0 0 0 50 0 33 0 0 52 0 0 0 0 14 0 0 0 0 47 0 0 0 0 1 0 0 0 0 0 0 0 0 71 0 0 0 0 95 0 55 57 61 20 0 0 51 70 0 2 0 0 0 0 0 0 0 0 40 0 0 67 0 0 0 0 0 0
0 98 0 28 0 0 0 46 32 0 0 91 61 18 0 0 99 64 0 0 80 0 94 0 0 0 0 0 0 65 0 37 0 0 0 0 0 0 89 0 8 9 8 0 0 0 96 0 0 0 0 0 0 79 0 0 34 26 23 0 0 16 0 0 3 0 0 0 0 0 0 1 0 0 0 81 0 0 0 67 0 89 0 0 0 0 0 0 0 0 40 0 0 67 0 0 93 0 0 0
0 0 0 9 0 0 1 0 0 29 0 64 31 0 0 61 0 0 0 42 0 0 0 0 0 64 0 18 0 80 0 0 15 0 0 0 0 0 0 0 0 0 0 67 0 23 85 0 0 0 91 0 0 0 66 0 0 0 0 0 0 0 0 0 0 50 0 0 0 0 0 0 0 0 0 0 66 96 0 0 14 0 94 0 0 0 13 0 0 0 0 5 0 0 0 66 0 0 0 0
0 34 37 0 0 83 0 0 0 90 0 55 0 19 0 0 0 50 0 51 0 99 0 0 0 0 0 60 0 35 0 98 0 0 0 0 0 0 0 0 0 71 0 0 0 0 96 0 0 0 85 0 0 0 0 0 0 0 0 0 0 88 92 0 0 0 0 0 0 58 0 0 0 0 73 16 0 0 0 0 0 0 0 0 29 0 0 0 68 50 0 31 67 0 0 0 0 0 0 0
0 0 0 13 0 0 0 0 59 42 0 9 80 0 0 0 31 0 0 0 0 16 0 0 0 0 0 0 19 0 98 0 0 8 0 0 0 0 0 0 0 0 0 95 52 0 0 0 0 0 0 0 0 0 0 0 0 0 0 3 97 30 60 100 0 0 0 0 5 0 80 0 0 72 0 10 0 0 0 0 0 0 0 0 51 54 0 0 0 0 0 0 0 0 94 0 0 0 0 92
27 0 16 45 0 0 65 0 0 0 0 69 13 0 0 0 0 0 55 0 86 65 0 99 0 49 12 0 0 0 3 0 0 0 76 84 0 0 0 0 0 96 37 0 0 0 0 0 0 0 0 0 0 0 82 0 0 0 0 77 0 22 0 0 74 0 0 1 0 0 0 0 81 0 47 0 0 10 0 0 0 0 64 32 78 0 0 0 0 46 4 0 0 39 0 73 45 0 0 0
0 0 0 0 0 0 0 0 0 0 0 0 0 0 15 0 0 0 0 0 0 0 0 0 0 0 0 0 71 0 0 0 0 64 0 38 0 0 0 52 0 36 41 8 24 0 0 0 0 0 0 0 0 0 0 75 0 0 32 0 0 88 0 0 0 0 0 65 0 0 0 0 0 0 0 86 0 68 0 0 0 0 0 0 0 54 61 0 0 0 0 0 0 0 55 0 34 69 0 0
0 13 0 0 95 0 99 69 7 35 0 0 0 0 0 50 83 0 0 0 22 0 0 0 0 95 0 0 0 0 0 5 0 0 0 57 0 0 99 0 0 0 20 0 0 0 0 0 0 0 0 88 12 78 0 0 35 0 0 36 0 0 52 0 0 0 0 0 0 0 0 0 0 99 0 0 0 0 0 0 0 0 21 16 0 0 0 0 0 0 0 91 19 0 0 31 19 0 0 0
0 34 33 0 69 0 0 0 0 79 0 10 0 19 69 0 0 2 0 0 62 0 0 0 0 2 0 0 0 0 0 0 67 0 20 65 0 0 0 24 0 0 0 0 0 20 0 0 0 0 0 60 0 0 24 0 0 0 0 0 0 0 0 65 0 38 0 0 0 0 0 0 0 0 0 0 0 0 0 30 0 0 0 0 57 0 95 0 0 0 0 23 19 22 0 0 0 53 0 0
99 0 0 25 13 0 0 0 0 83 0 0 0 0 0 0 0 0 0 0 0 0 0 40 0 61 0 0 0 0 0 28 0 0 0 0 0 0 0 0 0 24 54 0 0 72 0 0 0 99 0 0 16 0 0 0 0 0 0 93 0 0 0 12 0 0 0 38 1 0 0 73 0 0 0 48 0 5 86 0 96 0 24 0 0 0 23 0 0 0 0 44 0 0 73 0 0 0 0 0
0 23 0 49 0 0 0 0 0 87 0 0 0 20 0 0 0 0 0 0 0 82 0 0 0 0 0 0 0 0 0 24 0 0 0 0 0 0 2 0 0 0 0 0 0 0 45 0 51 0 0 0 0 88 0 94 4 35 0 0 0 0 91 0 0 0 0 0 0 0 0 0 0 0 0 0 0 0 0 0 0 0 0 0 0 0 0 10 0 0 0 0 0 0 0 0 0 0 0 0
0 0 38 0 0 0 0 0 0 89 0 0 0 0 0 0 0 0 0 0 0 86 0 0 0 0 0 27 0 0 0 0 0 0 0 0 0 47 0 0 0 0 0 0 0 35 0 0 0 0 0 0 0 0 0 0 0 0 0 0 34 0 0 74 0 34 0 0 88 0 0 0 0 0 0 0 0 0 0 17 0 0 45 0 0 0 0 0 0 83 61 56 0 44 0 88 0 0 0 0
0 0 0 0 0 0 0 65 0 7 0 18 0 0 0 0 0 5 84 0 0 0 28 0 33 0 0 0 0 87 0 0 0 0 23 0 0 0 0 0 58 0 33 0 0 92 0 0 0 0 0 0 0 0 0 0 0 0 19 0 0 9 0 0 1 0 0 0 0 0 64 0 0 0 0 0 0 51 0 0 0 0 0 0 0 61 67 9 0 0 54 0 94 0 0 38 32 0 28 0
0 15 0 0 0 0 0 0 0 37 0 0 0 0 0 0 0 0 0 0 5 0 89 0 43 0 0 0 89 0 0 0 46 0 0 0 7 0 0 0 0 0 62 0 0 0 0 0 85 0 0 0 95 0 0 0 52 55 0 0 0 0 0 19 0 0 0 31 69 0 94 0 0 0 47 0 0 0 0 0 0 0 0 0 0 0 0 0 0 0 0 0 0 0 77 90 0 57 0 0
0 0 0 65 0 36 0 0 0 0 21 0 36 0 0 0 0 46 94 0 0 0 0 0 0 0 13 49 0 19 70 0 0 15 0 23 0 0 0 0 0 0 61 0 0 82 0 0 0 0 56 0 0 0 0 0 0 0 0 84 0 0 74 0 0 85 73 0 0 0 0 0 0 0 0 40 71 0 0 0 0 0 0 0 99 0 0 37 0 0 0 0 0 0 0 86 12 83 0 0
0 0 0 47 54 0 0 0 0 0 0 0 46 0 4 0 0 0 0 0 0 0 32 36 0 0 0 0 0 0 0 0 22 0 0 0 0 0 34 0 0 0 0 97 0 36 0 11 77 7 0 88 0 0 0 0 39 0 13 0 100 0 0 0 0 0 0 7 0 41 13 0 0 61 0 0 0 58 0 0 0 0 68 0 0 0 0 92 50 0 0 0 0 0 0 0 60 18 0 0
0 96 73 0 99 0 0 0 0 11 82 0 0 0 0 98 0 33 0 0 0 0 0 34 0 28 0 0 0 89 0 49 0 0 0 0 0 0 0 80 0 0 0 77 0 42 0 0 0 75 0 0 0 0 0 0 0 0 0 13 0 0 0 0 0 76 0 0 0 0 78 0 0 0 0 0 90 0 0 0 0 0 0 0 0 0 0 3 0 0 0 62 0 0 0 0 40 0 0 0
0 0 87 72 21 31 89 0 0 0 0 0 0 22 15 0 0 0 4 0 55 49 0 0 0 0 0 84 0 0 1 0 0 0 71 0 0 0 60 0 0 77 0 82 0 0 47 0 0 0 0 0 0 0 0 36 0 0 0 0 22 0 0 0 0 0 0 0 0 0 0 0 0 0 0 0 0 57 0 0 49 0 84 0 0 89 0 0 25 0 0 68 0 6 0 0 0 0 0 0
32 0 30 0 0 48 0 0 0 0 90 0 63 0 0 0 0 0 81 0 0 0 0 0 0 0 0 0 0 0 45 0 0 0 94 28 0 0 94 66 77 3 0 0 0 0 0 0 75 0 27 0 0 0 0 0 0 0 0 0 0 0 50 0 0 0 0 0 0 0 0 0 67 0 34 0 0 0 0 0 0 28 0 0 39 23 0 0 0 0 3 0 0 0 0 78 0 0 0 0
0 0 0 64 0 0 0 0 0 0 11 0 0 0 0 0 0 0 84 34 0 0 0 0 0 0 0 34 0 37 74 0 0 0 0 0 32 0 0 0 62 0 75 0 0 45 0 0 0 0 0 0 0 0 0 0 0 72 0 0 0 0 81 0 66 0 61 0 0 0 46 0 54 57 0 0 0 0 0 0 0 0 48 30 98 0 0 0 89 0 0 0 0 0 0 0 0 0 0 0
0 0 0 0 0 0 61 100 0 0 43 0 36 70 0 0 0 64 0 0 0 39 72 0 0 0 82 0 0 0 0 0 0 23 0 93 0 0 98 95 0 54 0 0 0 0 0 93 0 71 49 0 72 0 49 57 0 0 63 0 0 0 0 29 0 0 0 0 0 0 0 0 27 27 0 0 0 15 97 0 0 0 0 0 0 0 0 0 48 80 0 0 0 0 0 94 0 91 0 42
0 0 0 0 0 89 0 0 0 0 0 0 0 0 0 63 0 0 59 41 0 57 34 0 56 0 39 0 0 68 88 0 0 0 0 0 0 0 0 0 15 0 0 0 41 0 0 0 0 0 0 39 25 31 0 92 0 28 0 43 77 0 0 0 0 0 0 88 0 57 0 0 0 48 97 0 0 0 0 0 0 15 0 0 62 48 0 0 0 0 0 26 43 0 0 0 0 65 0 0
0 0 0 31 0 0 0 0 55 0 0 0 54 0 16 0 39 17 0 0 0 94 17 72 92 0 0 0 0 0 47 15 0 0 0 0 65 0 11 10 47 34 58 0 0 37 36 0 65 47 0 0 0 0 0 0 12 0 0 0 87 0 83 75 0 100 20 0 0 0 0 12 0 0 52 0 0 0 0 0 0 0 0 0 0 95 0 0 0 0 79 0 0 0 0 0 0 0 0 0
0 0 6 0 0 0 0 0 0 0 0 56 96 7 0 93 0 86 0 0 0 0 0 0 73 0 0 33 0 0 0 0 0 0 0 0 0 90 71 0 0 0 0 0 0 0 48 60 71 0 0 0 0 0 0 0 0 0 17 0 0 0 0 0 0 0 0 0 86 0 0 0 0 0 0 0 0 0 77 66 0 0 0 0 5 0 0 0 0 0 0 0 0 0 0 0 43 0 0 0
0 0 0 97 0 0 0 0 0 83 54 0 15 0 42 74 0 0 98 0 48 0 0 0 37 0 4 0 0 0 59 40 0 0 0 0 0 0 0 0 13 0 0 0 0 0 0 82 0 87 0 0 28 51 35 0 0 0 99 0 0 0 0 0 0 0 0 0 0 0 0 0 0 10 42 0 0 97 0 0 0 0 0 0 0 0 0 0 35 23 0 20 0 0 0 79 85 0 0 0
0 0 35 0 38 0 0 0 0 50 2 69 0 0 0 0 0 0 0 0 0 0 0 46 0 0 0 29 59 0 0 33 0 0 17 0 0 0 0 16 0 97 0 39 82 0 38 0 0 0 81 0 0 0 8 0 0 0 67 0 0 0 0 0 0 0 0 0 0 0 85 0 19 45 0 0 0 0 0 0 0 0 0 0 71 0 9 0 0 0 21 0 0 0 0 55 47 36 0 0
51 42 14 19 31 0 53 0 0 0 0 0 0 48 47 37 0 12 0 0 0 0 0 0 0 0 0 46 0 37 0 0 0 0 0 0 0 0 0 78 0 0 0 94 80 0 0 0 0 0 0 0 15 86 78 0 10 0 0 0 0 0 86 0 97 44 81 32 0 24 0 0 0 76 0 43 35 0 0 0 0 0 0 23 82 37 0 0 0 65 65 0 0 0 0 55 0 0 0 0
0 0 0 0 83 0 0 0 86 0 13 0 0 0 0 100 0 0 0 0 0 0 0 0 0 0 76 0 0 0 0 0 0 0 0 0 57 0 0 0 0 0 71 95 0 67 30 0 0 0 0 7 0 77 28 0 0 61 0 5 0 17 7 0 22 62 0 0 23 0 0 80 0 0 0 66 0 0 84 0 0 0 97 0 0 65 0 62 61 0 98 0 0 0 0 91 38 0 0 0
0 0 72 0 0 0 0 0 0 0 0 0 74 0 0 18 0 9 0 54 0 0 0 2 0 0 0 0 0 0 0 0 0 0 0 0 0 0 0 0 0 0 0 0 0 30 0 0 0 93 0 0 0 0 0 35 0 0 0 0 0 0 0 63 0 0 12 84 0 0 0 0 0 51 0 0 59 0 0 0 0 0 39 0 90 0 0 0 0 0 0 0 0 0 1 0 0 0 0 0
0 0 0 0 84 0 80 98 0 0 0 0 0 0 0 0 99 0 0 0 0 0 0 0 22 0 29 0 0 0 17 33 0 0 82 0 0 0 0 0 0 0 0 68 60 0 0 35 0 0 59 0 0 0 0 0 0 35 0 21 13 0 41 0 0 0 0 0 0 2 0 0 0 0 0 0 0 87 0 0 61 13 82 0 74 0 67 0 66 0 69 33 0 0 0 84 0 0 0 0
0 82 0 0 0 42 63 27 0 0 0 0 0 21 0 0 0 0 0 0 0 26 0 0 0 0 0 0 0 0 0 0 0 0 0 0 0 0 45 0 0 0 0 0 0 67 0 0 57 0 0 0 0 68 39 0 26 41 0 0 47 57 0 0 0 0 0 0 24 0 0 0 0 0 0 0 0 0 0 0 0 0 0 64 0 0 0 0 64 0 0 0 0 0 23 0 0 0 41 0
0 0 0 0 0 0 0 0 98 0 0 0 0 0 4 0 0 0 0 0 74 0 0 0 0 0 0 2 0 5 0 0 0 0 0 0 0 0 1 0 40 81 0 0 0 0 93 0 0 73 45 0 94 93 0 0 5 0 0 0 0 0 0 0 69 17 0 0 53 0 0 0 0 0 0 28 0 0 0 75 9 0 0 33 0 96 0 0 0 0 89 0 0 0 0 0 70 0 52 0
0 93 32 0 77 0 0 0 23 97 33 0 0 0 0 27 79 0 0 0 0 0 0 0 0 65 16 0 0 0 0 0 0 0 9 0 0 0 74 0 0 0 0 0 0 0 13 0 0 0 21 53 0 64 51 69 0 0 0 55 0 46 0 0 0 0 77 0 24 0 0 0 0 0 0 0 0 0 0 38 0 0 0 0 0 0 0 0 0 0 0 0 11 0 0 0 1 0 0 96
0 0 0 0 0 0 0 0 0 100 0 0 0 0 0 0 0 0 0 0 0 64 0 0 15 14 0 0 0 0 0 0 0 0 84 0 0 0 0 0 0 0 0 0 0 14 100 70 0 0 0 0 60 0 0 0 0 12 0 63 45 0 0 42 0 67 0 0 0 0 0 0 0 6 0 0 8 12 0 0 7 0 0 0 0 0 72 0 0 32 0 29 48 56 79 0 63 0 0 48
0 99 0 65 97 0 68 26 13 0 0 0 0 99 0 0 26 0 0 23 0 0 94 0 0 0 0 0 71 0 0 0 0 0 0 0 44 0 0 26 0 0 0 0 0 0 13 0 18 0 0 0 0 0 0 0 0 81 0 0 0 24 0 64 0 85 0 0 0 0 0 0 0 0 67 0 0 0 54 0 0 0 0 0 0 0 0 0 0 3 0 0 0 0 0 0 0 0 0 31
0 20 0 0 0 0 0 0 71 42 0 0 0 27 25 0 0 58 0 0 0 0 0 0 0 0 0 0 0 57 55 0 0 0 0 0 0 0 65 0 0 0 0 0 0 0 81 0 64 0 0 91 0 0 0 80 0 0 69 0 0 0 53 0 31 0 42 0 0 0 0 0 18 0 0 95 0 0 39 7 0 0 0 0 0 0 0 45 0 0 0 34 0 0 0 0 0 40 0 0
0 10 50 37 0 0 10 0 0 80 0 0 79 48 0 0 63 0 0 60 0 79 0 0 0 0 67 0 0 0 0 0 0 0 0 0 56 0 0 78 56 65 0 20 0 0 0 20 0 0 0 0 0 0 0 0 54 0 0 0 69 22 0 0 0 0 0 34 0 0 0 0 96 99 0 0 0 0 0 10 0 0 0 15 0 44 31 0 0 0 23 63 0 14 0 0 0 10 0 83
0 0 0 0 0 0 0 0 0 0 0 0 96 0 0 0 0 0 0 82 0 98 0 12 0 0 0 0 0 0 0 0 0 0 60 0 69 0 33 0 0 0 0 0 0 0 0 0 72 65 0 0 0 0 72 51 0 0 0 0 38 0 0 0 0 0 0 0 0 0 0 0 0 0 0 43 29 0 0 0 0 0 0 0 0 0 0 0 0 31 0 0 0 0 0 0 57 0 0 9
0 99 46 0 9 0 0 53 12 55 0 49 0 68 0 0 10 0 0 26 68 0 56 0 3 0 0 17 0 76 0 0 0 0 0 0 0 0 91 0 0 0 3 0 0 0 96 7 0 0 0 0 0 23 65 0 0 0 0 0 0 36 97 0 0 0 0 0 0 0 0 14 0 0 0 12 0 0 0 96 0 99 0 0 0 0 0 0 55 0 0 0 0 0 0 0 0 100 0 0
9 40 0 0 0 57 0 0 0 0 88 80 0 0 0 0 0 1 0 0 17 0 0 50 94 68 30 46 0 0 0 0 0 0 0 0 0 20 0 0 0 0 0 3 0 83 0 0 0 40 95 96 0 0 0 0 0 0 0 0 0 63 0 0 0 0 0 0 0 0 0 84 0 0 72 0 0 71 0 0 50 0 0 0 0 0 0 0 0 52 0 0 0 0 31 0 0 0 0 0
7 0 18 0 0 1 0 0 0 0 28 65 4 0 0 23 95 46 0 0 0 0 0 0 0 0 24 0 0 0 0 0 0 0 12 0 0 0 0 64 96 94 0 0 87 67 0 0 0 0 0 71 0 0 0 0 0 0 0 0 0 0 25 0 0 64 0 0 0 33 98 0 0 0 41 0 88 0 0 0 0 91 0 50 0 0 1 52 0 0 0 0 0 7 0 7 0 0 99 0
0 0 17 0 0 0 53 100 0 0 7 0 0 0 0 0 39 63 0 0 0 0 0 0 0 0 0 94 65 0 0 10 0 0 0 0 0 17 0 0 11 0 0 0 0 16 56 28 0 0 0 0 0 6 26 0 0 79 0 0 0 0 56 0 0 0 0 60 0 0 0 0 0 0 0 0 23 0 75 0 34 0 0 0 0 0 0 0 87 29 0 0 0 0 0 45 0 77 0 6
0 4 0 0 0 20 86 0 0 0 0 0 80 0 0 0 0 0 5 0 0 0 0 0 0 19 0 50 84 41 0 0 0 83 0 0 0 0 51 0 0 0 0 0 32 86 0 0 0 88 11 0 0 0 0 48 0 0 49 0 87 0 51 70 0 0 47 0 8 0 0 74 0 60 0 0 0 0 0 62 87 0 0 0 0 0 0 9 0 0 0 50 0 0 0 0 0 0 18 0
0 0 0 0 0 0 6 0 97 0 0 0 0 0 0 81 84 0 0 74 2 6 69 0 0 0 39 38 0 0 0 39 92 0 0 0 0 0 0 0 0 0 0 98 0 0 0 0 14 0 48 0 0 0 91 0 19 0 0 0 0 0 0 0 0 0 0 98 0 0 0 48 0 0 0 85 0 0 0 0 0 0 38 66 0 0 0 0 0 0 0 70 32 0 0 0 0 0 0 0
0 0 6 0 42 52 0 59 0 0 0 0 0 0 72 96 0 22 0 0 0 0 0 0 0 30 0 0 0 15 0 0 88 30 0 0 12 0 0 0 0 0 90 0 0 58 0 84 0 0 0 100 0 0 0 7 0 0 0 0 0 0 0 0 93 0 0 60 0 0 0 0 0 0 0 0 0 0 82 0 0 30 0 0 0 0 0 0 0 0 0 0 35 0 0 68 0 0 0 0
0 0 0 79 1 83 30 0 0 43 0 0 0 0 0 0 0 0 0 0 0 0 0 0 0 50 42 0 0 99 54 0 0 0 0 0 0 0 0 0 0 0 0 0 0 0 81 0 0 0 0 0 0 0 8 0 31 0 14 85 0 0 0 0 0 0 0 43 0 0 0 0 55 0 0 0 0 0 27 0 0 0 0 74 49 0 0 0 0 0 0 0 0 0 0 0 40 0 0 0
28 25 18 0 51 0 0 34 0 0 0 0 65 37 0 0 0 0 0 0 0 0 0 0 11 0 0 0 0 97 0 0 0 48 6 45 0 0 0 0 0 0 0 0 0 0 0 0 0 0 0 0 0 0 77 0 59 0 0 99 29 0 0 0 0 0 75 31 24 0 0 0 0 0 0 0 0 0 0 0 51 0 0 0 79 0 60 0 0 0 0 0 0 0 0 0 0 0 0 0
0 0 0 0 0 94 0 0 0 0 77 0 69 0 0 13 0 15 0 0 0 92 95 0 0 34 0 0 0 0 0 74 25 0 0 0 14 0 0 0 0 0 0 59 0 0 0 0 100 6 76 0 0 0 55 0 0 0 0 0 0 0 0 0 0 0 5 0 0 0 0 83 0 60 0 0 0 100 68 0 63 0 0 98 29 0 0 80 0 0 0 0 0 0 0 76 37 0 86 41
0 0 0 0 30 0 0 0 0 0 0 26 3 69 0 0 13 0 62 93 0 4 0 0 0 0 0 0 0 0 5 40 0 2 28 0 0 0 0 0 0 0 0 58 0 0 80 75 84 31 0 0 0 0 0 0 0 0 0 0 21 0 0 0 0 37 0 0 68 18 84 0 0 0 0 0 0 0 13 0 0 0 10 0 0 0 0 0 75 0 0 0 0 0 47 0 0 0 0 0
100 0 0 95 0 0 0 0 0 0 26 90 80 0 0 0 53 0 30 0 0 0 89 0 0 0 0 0 0 0 0 79 0 0 0 87 0 0 31 0 0 0 0 0 0 0 0 0 48 0 0 0 59 0 0 0 0 0 15 0 0 0 0 0 41 0 0 0 0 0 93 85 90 82 0 64 0 0 0 0 0 0 0 0 0 23 0 0 49 0 0 0 46 63 0 0 0 0 0 0
0 0 0 0 0 0 0 21 22 0 0 0 0 0 0 0 0 0 0 1 0 45 36 0 0 89 0 47 0 0 64 0 0 0 0 0 92 0 0 0 66 92 0 0 0 0 0 0 28 0 0 0 34 0 0 82 0 0 44 0 0 0 0 8 41 0 0 99 0 0 0 0 37 0 0 0 0 0 78 0 0 0 0 31 0 14 60 0 0 0 0 0 0 0 0 55 0 94 0 0
0 3 0 0 0 0 0 0 0 0 0 54 38 61 0 0 74 75 0 0 0 0 0 0 0 0 0 0 0 86 97 0 0 0 0 100 0 33 0 0 0 81 0 0 0 0 0 0 80 0 0 0 0 63 0 0 0 0 0 0 0 0 0 0 0 0 0 0 0 0 0 0 29 0 2 0 0 0 90 0 0 0 34 0 0 70 0 0 0 82 0 0 44 0 0 78 0 0 0 18
0 0 81 0 0 0 79 71 0 0 0 8 0 0 6 0 0 0 0 8 0 0 0 0 16 0 0 0 79 3 0 68 82 0 0 0 3 0 0 0 0 0 10 0 0 0 0 0 84 0 0 8 0 0 0 0 0 0 0 22 0 0 0 0 0 0 0 0 0 0 0 0 0 0 0 0 0 10 6 0 0 0 0 0 0 0 39 0 20 0 0 0 93 0 0 0 13 26 0 0
0 0 0 0 0 0 0 0 0 0 0 0 67 0 100 0 0 0 0 90 0 0 56 0 0 55 0 0 6 0 96 19 43 12 22 0 0 26 73 0 0 0 0 0 0 0 0 0 0 67 0 0 0 0 12 0 0 91 0 0 20 29 0 0 0 0 0 0 0 19 0 0 0 0 0 0 0 0 0 0 0 0 25 0 70 0 0 0 73 0 0 0 0 0 74 0 75 44 0 0
0 94 0 0 0 74 0 0 0 0 7 0 0 0 11 0 0 77 75 0 15 59 0 0 57 0 0 5 0 0 0 0 99 0 45 0 8 11 0 0 0 0 0 0 0 71 0 0 0 0 0 79 0 3 0 0 0 13 64 0 0 54 0 5 0 0 0 55 0 0 67 0 94 0 0 0 0 0 0 0 0 0 0 0 41 0 0 80 0 0 0 79 50 0 0 0 0 0 0 35
0 1 0 0 0 97 0 0 0 0 0 0 0 1 0 0 0 0 0 0 66 0 32 0 0 69 100 0 60 0 0 0 71 0 0 0 96 0 51 75 0 0 0 0 0 0 28 7 93 0 38 0 47 0 0 75 0 0 16 90 0 100 0 0 60 6 0 0 0 42 0 69 0 31 12 0 0 0 0 0 0 0 0 0 0 0 97 0 0 0 60 78 0 0 0 93 99 0 0 0
0 0 0 0 0 0 33 0 0 0 0 0 0 40 6 0 0 0 0 0 0 88 0 20 0 0 0 0 0 0 64 0 0 0 59 0 0 0 5 0 22 0 0 0 0 93 0 0 0 0 0 0 0 0 0 75 0 0 24 0 0 0 1 0 0 0 90 0 0 0 64 6 0 0 0 19 73 97 0 0 0 0 0 96 0 0 0 0 0 84 0 0 0 0 0 0 0 0 0 65
0 0 0 0 0 0 0 0 92 0 0 0 0 65 0 0 0 0 62 0 0 0 0 0 0 0 18 0 0 0 0 0 0 0 0 0 0 31 0 31 38 0 51 0 0 46 0 0 0 0 0 46 45 0 0 59 39 0 64 0 0 75 0 0 0 38 0 0 0 18 93 0 9 0 0 2 0 91 0 73 0 30 88 0 0 0 0 71 90 0 0 83 0 0 0 0 7 0 0 0
0 0 21 80 0 0 41 0 80 0 0 0 0 80 0 15 83 0 0 0 10 0 97 0 0 0 0 0 0 0 0 0 0 0 30 0 37 90 0 0 44 0 14 0 0 0 0 54 0 81 0 0 0 0 0 0 0 0 0 0 0 0 74 0 0 0 0 0 0 73 0 0 0 0 0 0 25 0 0 73 0 0 50 0 0 0 0 0 0 2 47 0 26 0 0 0 0 0 14 0
23 0 0 71 0 0 0 0 0 0 0 0 0 73 84 59 75 0 36 0 0 0 0 0 0 53 0 0 53 0 19 0 0 0 0 34 0 0 0 0 0 0 0 60 43 0 0 0 0 0 34 0 39 0 0 71 28 0 0 0 0 57 0 56 0 0 0 0 0 0 0 0 32 80 0 0 38 18 0 0 0 0 0 0 0 0 0 72 74 0 0 0 0 20 51 0 0 0 0 29
0 67 0 0 12 51 0 0 0 0 0 0 0 0 7 0 53 64 0 68 62 37 100 71 0 0 12 0 0 0 0 0 0 36 0 54 27 99 0 0 0 0 0 54 0 0 0 0 0 53 0 0 92 0 99 99 0 0 0 0 0 0 0 0 16 0 0 0 0 0 54 0 84 0 0 0 93 24 0 0 0 0 0 0 79 0 0 0 0 0 91 0 0 0 74 0 0 18 0 47
0 0 0 0 0 0 0 47 19 36 0 0 82 59 32 0 0 0 40 0 0 0 67 0 0 15 0 61 0 0 0 0 0 0 0 36 0 0 51 0 99 0 0 45 79 0 35 0 0 0 0 0 0 0 0 0 0 0 0 88 97 0 90 0 0 0 0 45 0 15 47 0 0 0 0 0 0 0 0 0 0 77 0 0 0 0 0 0 0 0 0 0 0 0 0 0 0 76 0 0
0 0 0 40 0 66 0 0 0 0 0 0 0 0 0 75 0 0 0 0 35 0 0 52 0 0 21 0 0 14 0 0 31 0 3 17 78 91 34 0 0 79 81 0 0 16 9 13 0 0 0 35 0 0 0 26 0 0 0 0 0 0 0 0 0 36 86 0 95 0 0 0 0 0 77 0 0 0 0 18 0 0 89 53 0 0 0 34 0 94 0 0 84 0 0 0 0 65 42 0
0 0 0 0 4 0 0 0 0 0 15 0 0 0 0 0 0 68 0 0 0 30 0 24 0 0 0 0 37 0 94 0 65 0 0 0 0 0 0 0 0 0 79 77 0 0 2 0 0 0 0 0 0 0 0 0 0 0 26 0 0 0 0 0 77 94 0 0 0 75 0 0 0 0 0 0 0 0 32 0 0 0 0 0 0 0 0 0 73 0 48 0 0 0 0 26 0 0 0 37
86 0 88 0 0 0 0 0 20 0 0 0 0 0 0 0 0 0 0 0 0 0 0 0 0 61 0 0 0 63 0 0 0 0 0 1 0 0 0 76 0 0 0 0 0 0 0 0 0 0 0 0 0 0 0 27 0 93 0 0 39 27 0 0 0 0 0 0 0 1 0 0 0 0 0 0 0 0 0 0 0 0 0 85 0 44 0 44 0 0 0 0 0 15 0 17 0 0 0 19
0 0 56 0 0 3 0 0 0 0 0 99 0 0 0 0 26 0 0 39 21 32 0 0 0 66 0 0 66 48 39 0 0 0 19 18 0 0 0 12 0 0 0 0 0 12 0 0 65 18 0 0 0 0 0 0 0 0 0 0 0 99 0 0 0 0 0 8 0 49 0 0 0 0 0 47 0 0 83 61 0 96 94 0 58 0 0 0 38 0 0 0 0 0 13 0 0 22 0 0
91 0 0 0 0 0 0 0 0 0 0 0 0 0 61 0 87 0 0 0 0 0 0 0 0 0 0 0 19 0 0 0 0 0 97 2 69 42 0 0 0 19 0 0 79 0 0 0 0 0 0 72 48 0 42 0 0 0 0 0 0 13 0 0 0 0 0 0 0 0 0 0 0 0 0 49 0 0 0 0 0 0 0 0 0 37 0 0 0 0 0 0 0 0 0 0 0 0 97 0
0 0 75 0 0 2 24 65 0 0 0 0 0 0 0 0 42 25 0 0 0 0 70 0 0 0 20 19 0 0 0 0 0 0 0 0 0 85 0 0 0 0 0 0 0 0 84 0 0 0 6 0 0 0 0 0 0 28 0 0 0 0 0 0 0 75 83 74 41 0 0 0 0 43 0 0 80 0 0 0 0 16 95 0 0 0 0 0 0 0 46 37 0 0 0 0 0 0 0 0
0 0 0 54 0 0 0 0 0 0 0 0 0 56 0 0 0 49 43 0 0 0 0 0 0 0 0 0 0 0 4 0 0 0 0 0 0 0 39 17 0 51 0 0 22 0 0 45 0 0 0 18 77 0 0 24 0 0 0 0 0 96 26 0 0 0 0 0 95 0 98 0 0 0 0 0 0 0 8 0 66 48 0 0 0 0 0 0 0 9 82 0 0 0 0 67 0 0 0 0
0 0 100 0 0 0 0 0 0 0 0 0 52 0 0 0 0 69 22 0 0 0 0 0 48 15 91 0 0 0 32 0 9 40 0 0 81 0 0 60 0 73 0 0 0 37 0 0 80 0 0 73 0 0 0 0 0 20 0 0 41 0 0 28 0 0 0 0 92 87 0 0 0 23 0 63 0 0 7 62 59 92 0 0 0 0 0 12 0 0 0 0 0 44 17 0 27 0 0 0
0 23 0 0 0 0 93 0 0 29 0 0 0 0 0 100 81 94 0 67 0 0 0 0 93 0 99 0 0 0 0 0 60 0 0 0 18 43 22 0 1 0 67 0 30 60 0 0 0 0 0 0 0 0 0 0 52 0 0 0 0 0 0 0 0 45 47 0 35 0 0 0 0 0 0 0 0 0 0 0 65 0 0 0 0 0 84 100 0 0 0 0 0 0 0 0 0 0 0 69
0 0 0 79 84 0 0 0 0 0 0 0 0 0 0 0 55 0 53 0 0 0 0 0 0 0 88 0 0 0 0 0 0 90 0 0 0 0 0 0 0 66 0 19 0 0 0 0 0 47 0 0 92 0 0 0 0 2 0 0 62 0 0 0 0 36 0 0 17 0 0 0 27 70 0 0 0 0 3 0 0 0 0 0 0 60 0 0 0 0 60 0 3 0 77 0 80 0 0 69
0 0 0 0 0 0 0 54 0 0 100 0 64 0 0 0 0 0 0 0 0 0 0 66 66 0 0 61 0 59 0 0 0 0 56 89 0 0 0 0 0 0 81 0 0 31 0 77 42 0 0 44 85 0 0 25 0 0 65 0 16 0 89 0 0 0 0 0 0 0 0 0 0 0 0 0 49 0 0 0 0 0 0 0 0 0 0 98 0 82 0 0 0 0 0 0 0 0 0 91
26 5 0 0 26 0 0 0 0 0 0 0 0 0 0 0 0 6 0 0 29 0 0 39 0 87 8 0 0 0 0 16 0 0 0 29 18 0 0 0 0 0 32 0 0 0 60 0 0 28 0 0 0 0 0 0 0 0 64 0 0 0 18 40 0 0 0 47 0 0 36 0 20 0 0 0 0 0 0 0 46 0 71 83 0 0 16 0 76 0 0 0 0 35 0 0 0 89 0 0
76 0 0 70 0 0 0 0 0 0 0 0 0 0 0 0 0 36 0 0 17 0 0 0 0 0 0 50 0 0 0 0 0 0 0 0 0 40 0 0 0 60 0 0 0 0 84 3 13 0 0 87 0 0 0 0 55 0 0 41 0 0 0 0 0 0 0 0 17 62 0 0 0 0 0 82 0 0 41 0 0 0 0 0 0 54 0 0 0 0 0 0 87 25 0 96 11 0 66 76
0 0 0 0 0 99 95 0 0 6 0 0 0 0 0 57 47 0 0 18 0 0 0 0 0 0 0 0 0 0 31 0 0 90 0 0 0 0 0 0 0 0 0 0 0 0 0 87 0 31 0 90 0 63 0 80 80 0 0 0 48 20 0 0 75 24 0 0 0 0 0 0 0 0 0 56 0 0 81 0 0 0 72 86 0 0 0 0 0 0 0 49 0 0 82 85 63 0 0 0
0 0 0 0 0 0 0 0 9 0 0 0 67 56 0 0 74 0 0 0 0 0 0 0 0 0 0 0 0 0 64 0 88 0 0 0 0 0 0 0 28 0 0 0 75 47 0 0 24 61 0 0 0 0 0 0 0 0 67 0 0 0 0 55 68 25 0 0 95 0 0 27 0 0 0 0 0 0 0 0 0 0 0 0 0 0 0 0 0 61 0 0 43 0 78 1 0 34 1 0
0 0 0 0 83 47 54 0 0 0 0 0 100 60 0 0 0 0 0 0 0 0 0 0 0 0 0 0 0 0 0 0 17 0 0 0 0 0 0 0 85 0 0 35 0 0 10 57 0 0 0 25 97 0 0 24 64 0 0 75 0 0 0 0 0 0 0 0 94 0 0 0 0 0 0 37 0 0 0 0 26 0 0 85 0 0 92 0 0 6 0 19 0 0 0 0 0 39 91 0
0 84 0 0 0 48 61 0 0 7 7 0 0 0 0 0 0 0 51 0 0 0 0 0 0 65 0 25 0 0 0 40 0 0 0 0 0 0 0 0 24 0 0 0 52 0 0 0 0 0 95 28 0 0 0 0 0 0 0 100 0 0 0 63 23 48 0 0 78 0 0 0 0 0 0 17 0 0 52 20 0 18 91 95 0 0 0 67 0 0 0 0 0 0 0 62 0 71 21 59
0 0 0 0 0 0 83 0 0 85 86 0 0 53 0 0 0 0 0 0 0 0 0 0 0 0 76 0 21 0 0 41 0 0 0 0 0 0 0 0 76 0 14 83 0 32 0 0 48 52 0 0 40 0 0 0 0 0 0 21 0 0 0 0 0 0 62 13 0 0 0 0 0 0 0 6 6 0 0 0 0 2 0 86 0 20 0 0 0 0 0 11 0 58 0 0 0 0 0 0
0 0 0 0 76 0 0 5 48 0 0 57 89 0 66 0 91 0 0 0 0 0 0 0 0 45 0 0 0 63 0 57 0 0 0 0 0 0 83 51 0 51 0 0 0 0 0 55 0 0 0 0 80 0 0 50 7 88 76 0 0 0 34 0 20 77 0 34 0 0 0 1 41 0 0 63 0 0 0 0 36 0 0 0 0 0 9 67 0 0 0 88 0 0 0 0 0 81 0 0
0 0 24 0 0 0 0 0 0 0 0 0 0 0 48 0 99 0 0 81 0 0 0 0 0 0 0 0 0 0 32 0 0 18 0 61 0 0 0 0 0 88 0 0 47 0 0 0 31 0 0 0 0 0 0 49 0 0 0 8 98 0 0 0 0 0 0 0 54 23 0 0 9 0 0 94 0 0 0 0 59 0 0 0 0 83 0 0 49 0 0 0 0 0 0 97 36 96 35 0
0 61 0 0 0 0 0 0 44 0 0 0 0 0 0 0 0 0 0 0 0 0 0 85 0 0 0 95 0 0 0 0 0 0 88 0 0 34 19 0 0 0 0 0 0 0 0 0 0 1 0 0 59 0 0 0 0 0 0 0 0 0 16 36 0 0 0 0 0 0 0 0 0 24 0 0 73 0 0 36 0 0 52 0 0 0 0 0 0 0 0 0 0 98 0 0 0 0 0 97
0 87 0 0 0 0 88 0 68 0 0 0 91 9 0 0 0 0 0 0 13 63 0 0 0 0 22 0 0 34 0 0 0 0 0 92 0 0 0 0 33 0 0 100 0 0 0 0 70 0 92 0 64 19 86 0 0 16 0 29 57 0 0 42 91 0 99 0 0 0 0 0 0 0 0 0 0 0 0 70 0 0 0 0 0 0 0 82 0 0 0 0 0 5 0 0 0 0 81 22
64 0 0 0 77 0 0 0 73 0 0 64 0 79 0 0 66 0 0 0 93 69 0 0 0 0 0 0 0 0 0 0 0 0 0 0 0 0 0 0 0 0 6 0 0 0 0 62 90 0 0 0 88 0 0 2 0 0 0 0 0 0 18 0 72 0 0 23 0 0 0 0 0 0 0 0 0 0 0 0 0 0 0 0 0 27 2 7 0 0 31 0 0 0 0 0 0 73 0 0
0 0 0 0 15 0 30 0 0 0 0 0 0 0 0 78 0 0 0 89 45 85 0 0 25 0 0 0 99 0 0 0 0 24 0 73 70 69 0 0 0 0 0 100 0 0 0 99 0 0 0 0 0 0 37 67 0 0 0 91 0 0 0 69 0 0 0 0 0 0 0 0 0 0 0 0 0 0 0 59 0 0 0 0 0 47 36 32 0 0 0 37 0 0 40 52 0 0 0 50
0 0 63 70 0 0 31 0 81 0 0 0 0 0 0 0 10 0 0 0 0 0 0 57 0 0 0 48 0 0 0 0 0 0 0 28 0 63 34 0 0 22 56 0 0 0 0 0 0 0 0 0 0 83 0 0 0 0 0 28 0 0 0 57 0 0 32 0 59 0 0 0 0 0 40 0 0 0 0 0 0 0 0 36 0 0 0 0 0 0 0 24 0 0 0 0 0 0 35 0
0 0 61 0 0 0 0 0 0 0 0 0 94 0 0 26 0 0 0 81 0 73 0 0 0 79 0 0 0 0 0 70 0 0 0 0 0 0 0 0 0 0 0 0 74 0 0 0 0 0 0 0 0 0 0 77 0 0 82 42 0 84 95 0 0 0 0 0 0 0 0 45 0 0 26 15 0 72 0 0 2 0 0 0 0 0 0 0 0 0 0 0 0 0 0 0 0 0 0 79
13 0 0 32 46 0 42 0 0 0 25 45 92 0 0 0 0 0 0 0 0 0 0 33 0 0 0 0 0 0 0 0 40 0 0 0 0 0 0 0 56 0 0 0 0 0 67 0 87 0 0 0 0 0 32 8 0 64 83 88 0 0 0 0 97 0 0 0 0 0 0 0 0 0 0 14 44 0 39 0 0 0 0 0 0 0 26 0 71 0 22 0 0 0 0 0 0 67 0 0
0 0 66 0 0 0 0 0 0 0 0 0 0 0 0 0 0 0 0 0 0 67 0 0 21 0 0 0 0 85 44 0 0 0 44 0 52 67 0 0 0 0 0 0 0 0 0 0 0 62 0 0 0 0 0 0 0 0 0 57 7 0 0 0 0 0 0 0 0 59 0 0 0 29 0 0 92 0 0 0 100 0 0 0 0 0 0 0 0 0 0 0 79 96 0 0 0 0 0 74
0 56 0 0 0 0 78 0 0 0 0 0 0 0 0 0 0 0 0 0 95 0 0 93 0 77 0 0 0 76 81 0 0 57 0 0 0 49 0 0 51 0 0 0 0 0 0 0 0 0 35 0 0 0 0 0 0 69 0 0 4 0 63 0 15 0 0 0 0 0 0 8 0 0 0 0 91 0 0 44 0 0 0 0 34 0 0 0 0 0 0 0 0 0 0 0 0 0 0 0
75 0 0 0 39 0 0 84 0 0 0 0 0 0 0 0 0 0 0 0 0 0 0 0 0 0 0 0 0 56 45 0 0 0 0 0 0 0 0 0 0 0 4 0 0 0 0 28 0 0 0 0 0 0 0 0 79 0 0 0 0 0 0 0 0 0 46 74 94 8 0 0 0 0 22 0 65 0 0 20 0 0 0 0 39 0 45 0 0 0 87 0 0 0 0 0 90 0 0 0
0 0 79 32 82 0 91 0 0 0 0 0 0 0 0 0 0 89 0 0 0 0 53 0 0 0 0 0 0 0 0 0 55 73 0 0 0 49 96 0 0 61 0 0 0 0 0 60 0 0 0 0 0 26 81 0 77 0 0 0 67 0 50 0 93 55 0 41 92 1 0 0 0 0 0 93 0 0 67 0 0 0 0 0 0 0 0 61 0 0 0 0 0 0 0 0 0 0 0 0
0 0 0 0 0 19 0 0 0 7 0 0 0 0 0 0 0 99 0 0 0 5 0 92 0 0 0 0 83 0 0 0 0 0 0 0 0 42 91 0 0 0 0 0 0 0 0 0 0 33 0 0 0 71 0 19 0 0 0 73 0 0 0 0 0 0 0 0 0 0 0 60 100 0 87 66 0 0 32 8 0 33 0 0 35 0 0 0 0 0 18 17 8 0 53 0 0 0 73 88
0 0 0 0 86 24 0 0 0 14 0 0 0 39 0 0 0 0 0 0 19 83 0 0 0 0 0 0 0 0 0 0 0 0 0 0 0 0 0 0 65 0 59 25 0 0 0 0 0 0 0 0 50 0 0 0 0 0 99 0 0 0 0 0 0 0 7 0 0 86 0 0 9 0 30 0 0 38 0 0 0 0 0 0 37 0 9 0 0 44 0 0 0 0 0 0 0 0 0 0
0 54 93 19 96 0 0 0 0 88 0 0 0 64 0 0 0 0 0 46 0 1 7 0 0 0 44 0 0 0 22 0 0 0 0 0 0 0 0 31 0 0 0 88 0 0 0 0 0 92 0 0 0 0 0 0 0 0 1 0 15 26 37 0 68 0 27 0 0 63 0 0 0 0 90 34 0 0 27 0 0 0 0 0 0 0 0 0 0 3 0 24 0 0 0 0 58 0 0 11
61 0 0 0 0 57 7 0 0 63 0 0 0 0 42 0 0 0 0 0 0 0 53 0 0 0 91 0 0 0 0 0 0 0 0 0 0 65 0 0 86 65 0 0 0 0 0 72 0 52 0 9 0 0 0 0 0 0 68 13 0 0 0 0 0 0 0 0 0 0 21 0 42 46 7 0 85 0 0 36 0 0 0 0 0 66 0 0 0 0 0 0 0 0 0 0 58 0 0 0
0 0 58 8 0 0 0 0 0 0 0 86 0 0 0 0 0 95 72 0 0 0 0 0 0 0 0 60 0 91 0 94 0 0 22 0 49 13 0 0 63 0 0 0 0 0 0 0 0 92 0 0 0 91 89 0 41 0 0 0 0 0 0 0 0 0 0 0 0 0 0 0 0 0 0 0 13 0 0 72 0 0 0 0 0 89 0 77 0 0 0 0 52 0 0 0 65 0 0 0
93 51 0 0 66 4 0 0 15 0 0 0 73 0 0 0 0 0 0 43 0 0 0 0 0 75 0 0 94 0 0 0 0 0 0 0 71 0 0 0 0 0 0 0 0 80 0 0 0 0 0 0 0 0 0 0 0 0 0 0 0 0 54 10 0 40 0 0 0 0 0 0 0 0 27 0 78 0 0 0 0 0 0 0 0 0 0 0 0 0 0 0 0 67 0 99 58 0 59 0
0 4 0 3 0 0 0 0 0 41 31 0 0 11 0 0 0 0 0 3 0 98 0 0 0 84 6 0 0 0 0 0 47 0 0 0 0 92 0 41 0 0 0 0 89 0 0 0 33 18 0 0 76 38 0 0 0 90 0 0 0 0 0 0 10 71 0 0 0 0 0 0 0 84 0 0 0 7 0 0 0 55 0 66 0 63 0 0 60 0 0 0 0 0 0 0 58 0 0 0
0 0 0 0 0 0 96 0 0 1 0 0 0 14 0 0 0 0 0 0 0 10 11 0 9 0 0 23 0 36 0 93 71 0 0 0 65 0 24 0 0 57 0 0 0 0 21 0 0 0 0 13 0 0 0 0 71 0 0 0 0 0 0 0 0 4 0 0 0 0 28 0 81 54 5 78 0 0 36 87 0 33 0 0 0 0 0 0 0 0 100 0 0 28 0 0 0 0 0 0
0 75 0 28 0 0 0 43 69 0 0 88 49 69 0 0 16 24 0 0 72 0 20 0 0 0 0 0 0 3 0 66 0 0 0 0 0 0 67 0 46 76 26 0 0 0 86 0 0 0 0 0 0 81 0 0 43 66 67 0 0 35 0 0 8 0 0 0 0 0 0 89 0 0 0 64 0 0 0 29 0 28 0 0 0 0 0 0 0 0 95 0 0 7 0 0 30 0 0 0
0 0 0 54 0 0 81 0 0 21 0 52 72 0 0 42 0 0 0 73 0 0 0 0 0 81 0 95 0 33 0 0 50 0 0 0 0 0 0 0 0 0 0 7 0 98 79 0 0 0 5 0 0 0 84 0 0 0 0 0 0 0 0 0 0 66 0 0 0 0 0 0 0 0 0 0 47 81 0 0 92 0 87 0 0 0 28 0 0 0 0 75 0 0 0 44 0 0 0 0
0 35 83 0 0 9 0 0 0 33 0 97 0 29 0 0 0 36 0 41 0 48 0 0 0 0 0 33 0 5 0 37 0 0 0 0 0 0 0 0 0 45 0 0 0 0 62 0 0 0 77 0 0 0 0 0 0 0 0 0 0 39 36 0 0 0 0 0 0 95 0 0 0 0 39 29 0 0 0 0 0 0 0 0 96 0 0 0 53 27 0 37 82 0 0 0 0 0 0 0
0 0 0 16 0 0 0 0 58 22 0 15 39 0 0 0 96 0 0 0 0 44 0 0 0 0 0 0 49 0 34 0 0 97 0 0 0 0 0 0 0 0 0 21 52 0 0 0 0 0 0 0 0 0 0 0 0 0 0 62 44 62 51 48 0 0 0 0 40 0 95 0 0 38 0 39 0 0 0 0 0 0 0 0 70 55 0 0 0 0 0 0 0 0 42 0 0 0 0 10
40 0 12 68 0 0 8 0 0 0 0 27 76 0 0 0 0 0 26 0 34 78 0 60 0 75 22 0 0 0 80 0 0 0 51 59 0 0 0 0 0 83 24 0 0 0 0 0 0 0 0 0 0 0 14 0 0 0 0 34 0 88 0 0 83 0 0 23 0 0 0 0 86 0 95 0 0 80 0 0 0 0 60 70 99 0 0 0 0 1 100 0 0 23 0 70 52 0 0 0
0 0 0 0 0 0 0 0 0 0 0 0 0 0 78 0 0 0 0 0 0 0 0 0 0 0 0 0 75 0 0 0 0 20 0 8 0 0 0 17 0 87 59 7 68 0 0 0 0 0 0 0 0 0 0 23 0 0 18 0 0 39 0 0 0 0 0 76 0 0 0 0 0 0 0 60 0 49 0 0 0 0 0 0 0 99 57 0 0 0 0 0 0 0 18 0 98 78 0 0
0 68 0 0 15 0 7 62 13 46 0 0 0 0 0 60 82 0 0 0 25 0 0 0 0 33 0 0 0 0 0 98 0 0 0 19 0 0 84 0 0 0 74 0 0 0 0 0 0 0 0 5 87 76 0 0 47 0 0 1 0 0 47 0 0 0 0 0 0 0 0 0 0 32 0 0 0 0 0 0 0 0 89 97 0 0 0 0 0 0 0 35 69 0 0 79 32 0 0 0
0 66 66 0 69 0 0 0 0 14 0 52 0 57 21 0 0 83 0 0 83 0 0 0 0 65 0 0 0 0 0 0 49 0 30 51 0 0 0 80 0 0 0 0 0 36 0 0 0 0 0 95 0 0 84 0 0 0 0 0 0 0 0 25 0 43 0 0 0 0 0 0 0 0 0 0 0 0 0 62 0 0 0 0 55 0 30 0 0 0 0 40 59 17 0 0 0 48 0 0
68 0 0 68 75 0 0 0 0 58 0 0 0 0 0 0 0 0 0 0 0 0 0 49 0 88 0 0 0 0 0 30 0 0 0 0 0 0 0 0 0 40 23 0 0 82 0 0 0 79 0 0 26 0 0 0 0 0 0 21 0 0 0 36 0 0 0 3 16 0 0 65 0 0 0 61 0 12 37 0 72 0 13 0 0 0 93 0 0 0 0 52 0 0 56 0 0 0 0 0
0 19 0 27 0 0 0 0 0 95 0 0 0 72 0 0 0 0 0 0 0 10 0 0 0 0 0 0 0 0 0 100 0 0 0 0 0 0 42 0 0 0 0 0 0 0 13 0 28 0 0 0 0 38 0 91 85 10 0 0 0 0 58 0 0 0 0 0 0 0 0 0 0 0 0 0 0 0 0 0 0 0 0 0 0 0 0 56 0 0 0 0 0 0 0 0 0 0 0 0
0 0 44 0 0 0 0 0 0 39 0 0 0 0 0 0 0 0 0 0 0 50 0 0 0 0 0 91 0 0 0 0 0 0 0 0 0 13 0 0 0 0 0 0 0 36 0 0 0 0 0 0 0 0 0 0 0 0 0 0 32 0 0 67 0 2 0 0 2 0 0 0 0 0 0 0 0 0 0 36 0 0 37 0 0 0 0 0 0 27 71 73 0 97 0 80 0 0 0 0
0 0 0 0 0 0 0 76 0 29 0 1 0 0 0 0 0 67 100 0 0 0 42 0 44 0 0 0 0 89 0 0 0 0 18 0 0 0 0 0 88 0 67 0 0 89 0 0 0 0 0 0 0 0 0 0 0 0 25 0 0 28 0 0 57 0 0 0 0 0 89 0 0 0 0 0 0 49 0 0 0 0 0 0 0 62 60 40 0 0 22 0 4 0 0 75 67 0 26 0
0 73 0 0 0 0 0 0 0 64 0 0 0 0 0 0 0 0 0 0 12 0 22 0 21 0 0 0 36 0 0 0 6 0 0 0 95 0 0 0 0 0 95 0 0 0 0 0 94 0 0 0 58 0 0 0 64 67 0 0 0 0 0 10 0 0 0 91 56 0 14 0 0 0 52 0 0 0 0 0 0 0 0 0 0 0 0 0 0 0 0 0 0 0 98 65 0 4 0 0
0 0 0 50 0 53 0 0 0 0 97 0 10 0 0 0 0 55 26 0 0 0 0 0 0 0 92 88 0 16 68 0 0 15 0 78 0 0 0 0 0 0 3 0 0 15 0 0 0 0 17 0 0 0 0 0 0 0 0 76 0 0 31 0 0 62 15 0 0 0 0 0 0 0 0 43 58 0 0 0 0 0 0 0 67 0 0 15 0 0 0 0 0 0 0 44 29 12 0 0
0 0 0 90 6 0 0 0 0 0 0 0 90 0 72 0 0 0 0 0 0 0 18 50 0 0 0 0 0 0 0 0 11 0 0 0 0 0 53 0 0 0 0 80 0 17 0 47 91 88 0 64 0 0 0 0 20 0 3 0 72 0 0 0 0 0 0 50 0 17 97 0 0 38 0 0 0 22 0 0 0 0 67 0 0 0 0 29 16 0 0 0 0 0 0 0 34 12 0 0
0 53 54 0 89 0 0 0 0 95 70 0 0 0 0 7 0 27 0 0 0 0 0 10 0 25 0 0 0 90 0 43 0 0 0 0 0 0 0 96 0 0 0 41 0 85 0 0 0 53 0 0 0 0 0 0 0 0 0 12 0 0 0 0 0 61 0 0 0 0 74 0 0 0 0 0 21 0 0 0 0 0 0 0 0 0 0 23 0 0 0 16 0 0 0 0 92 0 0 0
0 0 76 42 95 42 86 0 0 0 0 0 0 3 1 0 0 0 31 0 84 33 0 0 0 0 0 18 0 0 95 0 0 0 40 0 0 0 99 0 0 12 0 68 0 0 22 0 0 0 0 0 0 0 0 12 0 0 0 0 44 0 0 0 0 0 0 0 0 0 0 0 0 0 0 0 0 63 0 0 7 0 74 0 0 33 0 0 14 0 0 66 0 52 0 0 0 0 0 0
3 0 73 0 0 22 0 0 0 0 59 0 37 0 0 0 0 0 15 0 0 0 0 0 0 0 0 0 0 0 31 0 0 0 36 87 0 0 17 4 63 28 0 0 0 0 0 0 27 0 84 0 0 0 0 0 0 0 0 0 0 0 12 0 0 0 0 0 0 0 0 0 37 0 3 0 0 0 0 0 0 14 0 0 31 80 0 0 0 0 93 0 0 0 0 23 0 0 0 0
0 0 0 82 0 0 0 0 0 0 37 0 0 0 0 0 0 0 20 26 0 0 0 0 0 0 0 71 0 31 7 0 0 0 0 0 23 0 0 0 3 0 74 0 0 46 0 0 0 0 0 0 0 0 0 0 0 60 0 0 0 0 34 0 59 0 41 0 0 0 62 0 1 93 0 0 0 0 0 0 0 0 27 57 94 0 0 0 97 0 0 0 0 0 0 0 0 0 0 0
0 0 0 0 0 0 3 94 0 0 75 0 51 95 0 0 0 43 0 0 0 26 65 0 0 0 42 0 0 0 0 0 0 9 0 48 0 0 95 54 0 13 0 0 0 0 0 94 0 5 2 0 91 0 75 4 0 0 92 0 0 0 0 9 0 0 0 0 0 0 0 0 78 59 0 0 0 59 61 0 0 0 0 0 0 0 0 0 10 34 0 0 0 0 0 95 0 1 0 33
0 0 0 0 0 89 0 0 0 0 0 0 0 0 0 81 0 0 6 14 0 41 96 0 32 0 76 0 0 33 83 0 0 0 0 0 0 0 0 0 75 0 0 0 89 0 0 0 0 0 0 56 28 19 0 39 0 58 0 69 9 0 0 0 0 0 0 21 0 71 0 0 0 45 9 0 0 0 0 0 0 100 0 0 6 3 0 0 0 0 0 66 100 0 0 0 0 64 0 0
0 0 0 21 0 0 0 0 50 0 0 0 15 0 36 0 16 28 0 0 0 32 6 76 40 0 0 0 0 0 43 17 0 0 0 0 19 0 13 55 85 3 40 0 0 12 97 0 16 74 0 0 0 0 0 0 56 0 0 0 59 0 25 67 0 37 92 0 0 0 0 87 0 0 27 0 0 0 0 0 0 0 0 0 0 54 0 0 0 0 27 0 0 0 0 0 0 0 0 0
0 0 36 0 0 0 0 0 0 0 0 61 78 56 0 31 0 87 0 0 0 0 0 0 70 0 0 30 0 0 0 0 0 0 0 0 0 82 78 0 0 0 0 0 0 0 80 40 30 0 0 0 0 0 0 0 0 0 92 0 0 0 0 0 0 0 0 0 7 0 0 0 0 0 0 0 0 0 41 1 0 0 0 0 42 0 0 0 0 0 0 0 0 0 0 0 10 0 0 0
0 0 0 24 0 0 0 0 0 66 32 0 41 0 49 97 0 0 50 0 10 0 0 0 53 0 38 0 0 0 67 67 0 0 0 0 0 0 0 0 13 0 0 0 0 0 0 43 0 3 0 0 46 5 50 0 0 0 21 0 0 0 0 0 0 0 0 0 0 0 0 0 0 39 88 0 0 92 0 0 0 0 0 0 0 0 0 0 97 77 0 29 0 0 0 14 43 0 0 0
0 0 20 0 5 0 0 0 0 50 30 93 0 0 0 0 0 0 0 0 0 0 0 11 0 0 0 24 90 0 0 41 0 0 22 0 0 0 0 69 0 89 0 38 24 0 23 0 0 0 98 0 0 0 96 0 0 0 91 0 0 0 0 0 0 0 0 0 0 0 9 0 99 20 0 0 0 0 0 0 0 0 0 0 97 0 96 0 0 0 94 0 0 0 0 31 97 93 0 0
88 96 48 82 98 0 92 0 0 0 0 0 0 71 44 48 0 33 0 0 0 0 0 0 0 0 0 85 0 54 0 0 0 0 0 0 0 0 0 38 0 0 0 87 24 0 0 0 0 0 0 0 87 76 4 0 7 0 0 0 0 0 63 0 47 53 40 74 0 40 0 0 0 65 0 93 55 0 0 0 0 0 0 5 62 21 0 0 0 30 47 0 0 0 0 71 0 0 0 0
0 0 0 0 12 0 0 0 41 0 14 0 0 0 0 45 0 0 0 0 0 0 0 0 0 0 22 0 0 0 0 0 0 0 0 0 86 0 0 0 0 0 52 36 0 33 61 0 0 0 0 10 0 70 33 0 0 9 0 19 0 91 51 0 94 43 0 0 36 0 0 53 0 0 0 4 0 0 36 0 0 0 2 0 0 35 0 100 31 0 37 0 0 0 0 83 42 0 0 0
0 0 30 0 0 0 0 0 0 0 0 0 3 0 0 97 0 94 0 65 0 0 0 14 0 0 0 0 0 0 0 0 0 0 0 0 0 0 0 0 0 0 0 0 0 91 0 0 0 20 0 0 0 0 0 97 0 0 0 0 0 0 0 55 0 0 94 75 0 0 0 0 0 12 0 0 98 0 0 0 0 0 97 0 83 0 0 0 0 0 0 0 0 0 81 0 0 0 0 0
0 0 0 0 84 0 90 64 0 0 0 0 0 0 0 0 81 0 0 0 0 0 0 0 98 0 34 0 0 0 1 21 0 0 57 0 0 0 0 0 0 0 0 72 39 0 0 85 0 0 93 0 0 0 0 0 0 48 0 77 100 0 2 0 0 0 0 0 0 65 0 0 0 0 0 0 0 61 0 0 76 10 18 0 44 0 82 0 47 0 66 92 0 0 0 27 0 0 0 0
0 55 0 0 0 54 98 94 0 0 0 0 0 79 0 0 0 0 0 0 0 40 0 0 0 0 0 0 0 0 0 0 0 0 0 0 0 0 75 0 0 0 0 0 0 38 0 0 53 0 0 0 0 53 78 0 87 23 0 0 60 66 0 0 0 0 0 0 11 0 0 0 0 0 0 0 0 0 0 0 0 0 0 77 0 0 0 0 75 0 0 0 0 0 53 0 0 0 1 0
0 0 0 0 0 0 0 0 4 0 0 0 0 0 7 0 0 0 0 0 82 0 0 0 0 0 0 41 0 83 0 0 0 0 0 0 0 0 17 0 6 56 0 0 0 0 49 0 0 19 22 0 62 25 0 0 50 0 0 0 0 0 0 0 86 65 0 0 92 0 0 0 0 0 0 67 0 0 0 58 73 0 0 68 0 14 0 0 0 0 81 0 0 0 0 0 25 0 40 0
0 5 29 0 89 0 0 0 15 41 32 0 0 0 0 31 55 0 0 0 0 0 0 0 0 12 48 0 0 0 0 0 0 0 47 0 0 0 33 0 0 0 0 0 0 0 84 0 0 0 59 43 0 63 27 69 0 0 0 21 0 66 0 0 0 0 72 0 13 0 0 0 0 0 0 0 0 0 0 47 0 0 0 0 0 0 0 0 0 0 0 0 86 0 0 0 54 0 0 22
0 0 0 0 0 0 0 0 0 54 0 0 0 0 0 0 0 0 0 0 0 81 0 0 52 48 0 0 0 0 0 0 0 0 26 0 0 0 0 0 0 0 0 0 0 93 57 13 0 0 0 0 31 0 0 0 0 100 0 86 26 0 0 36 0 30 0 0 0 0 0 0 0 15 0 0 28 1 0 0 98 0 0 0 0 0 93 0 0 20 0 60 83 10 51 0 15 0 0 11
0 30 0 6 97 0 81 61 95 0 0 0 0 42 0 0 62 0 0 76 0 0 89 0 0 0 0 0 56 0 0 0 0 0 0 0 32 0 0 62 0 0 0 0 0 0 50 0 95 0 0 0 0 0 0 0 0 74 0 0 0 40 0 35 0 79 0 0 0 0 0 0 0 0 17 0 0 0 93 0 0 0 0 0 0 0 0 0 0 63 0 0 0 0 0 0 0 0 0 8
0 78 0 0 0 0 0 0 77 60 0 0 0 41 53 0 0 28 0 0 0 0 0 0 0 0 0 0 0 76 78 0 0 0 0 0 0 0 35 0 0 0 0 0 0 0 12 0 95 0 0 84 0 0 0 65 0 0 58 0 0 0 89 0 96 0 52 0 0 0 0 0 52 0 0 58 0 0 24 85 0 0 0 0 0 0 0 37 0 0 0 77 0 0 0 0 0 91 0 0
0 100 23 5 0 0 50 0 0 40 0 0 70 94 0 0 83 0 0 35 0 60 0 0 0 0 76 0 0 0 0 0 0 0 0 0 41 0 0 50 16 39 0 1 0 0 0 52 0 0 0 0 0 0 0 0 62 0 0 0 96 19 0 0 0 0 0 27 0 0 0 0 4 24 0 0 0 0 0 87 0 0 0 2 0 59 42 0 0 0 55 53 0 29 0 0 0 41 0 94
0 0 0 0 0 0 0 0 0 0 0 0 13 0 0 0 0 0 0 67 0 63 0 67 0 0 0 0 0 0 0 0 0 0 48 0 47 0 48 0 0 0 0 0 0 0 0 0 17 58 0 0 0 0 84 15 0 0 0 0 93 0 0 0 0 0 0 0 0 0 0 0 0 0 0 84 17 0 0 0 0 0 0 0 0 0 0 0 0 45 0 0 0 0 0 0 18 0 0 44
0 75 86 0 4 0 0 34 16 23 0 71 0 75 0 0 20 0 0 69 3 0 41 0 90 0 0 22 0 43 0 0 0 0 0 0 0 0 6 0 0 0 77 0 0 0 69 14 0 0 0 0 0 51 76 0 0 0 0 0 0 89 77 0 0 0 0 0 0 0 0 3 0 0 0 97 0 0 0 7 0 85 0 0 0 0 0 0 78 0 0 0 0 0 0 0 0 84 0 0
20 58 0 0 0 94 0 0 0 0 49 80 0 0 0 0 0 19 0 0 72 0 0 37 90 80 14 25 0 0 0 0 0 0 0 0 0 44 0 0 0 0 0 6 0 100 0 0 0 32 18 80 0 0 0 0 0 0 0 0 0 32 0 0 0 0 0 0 0 0 0 95 0 0 45 0 0 53 0 0 51 0 0 0 0 0 0 0 0 16 0 0 0 0 4 0 0 0 0 0
34 0 53 0 0 90 0 0 0 0 91 57 2 0 0 6 10 23 0 0 0 0 0 0 0 0 76 0 0 0 0 0 0 0 35 0 0 0 0 75 6 36 0 0 74 45 0 0 0 0 0 63 0 0 0 0 0 0 0 0 0 0 32 0 0 10 0 0 0 95 31 0 0 0 60 0 72 0 0 0 0 83 0 95 0 0 23 41 0 0 0 0 0 17 0 26 0 0 31 0
0 0 80 0 0 0 31 56 0 0 90 0 0 0 0 0 78 77 0 0 0 0 0 0 0 0 0 48 56 0 0 62 0 0 0 0 0 71 0 0 41 0 0 0 0 68 76 100 0 0 0 0 0 38 16 0 0 63 0 0 0 0 51 0 0 0 0 43 0 0 0 0 0 0 0 0 28 0 48 0 39 0 0 0 0 0 0 0 71 94 0 0 0 0 0 88 0 39 0 84
0 99 0 0 0 20 42 0 0 0 0 0 77 0 0 0 0 0 85 0 0 0 0 0 0 55 0 95 77 18 0 0 0 18 0 0 0 0 36 0 0 0 0 0 92 29 0 0 0 84 91 0 0 0 0 86 0 0 61 0 5 0 38 66 0 0 29 0 93 0 0 70 0 1 0 0 0 0 0 43 44 0 0 0 0 0 0 79 0 0 0 27 0 0 0 0 0 0 74 0
0 0 0 0 0 0 71 0 96 0 0 0 0 0 0 7 14 0 0 31 31 46 92 0 0 0 93 66 0 0 0 85 36 0 0 0 0 0 0 0 0 0 0 41 0 0 0 0 12 0 20 0 0 0 10 0 12 0 0 0 0 0 0 0 0 0 0 75 0 0 0 5 0 0 0 85 0 0 0 0 0 0 82 42 0 0 0 0 0 0 0 63 43 0 0 0 0 0 0 0
0 0 62 0 44 44 0 47 0 0 0 0 0 0 4 73 0 37 0 0 0 0 0 0 0 21 0 0 0 6 0 0 57 60 0 0 60 0 0 0 0 0 57 0 0 99 0 14 0 0 0 17 0 0 0 44 0 0 0 0 0 0 0 0 90 0 0 9 0 0 0 0 0 0 0 0 0 0 39 0 0 57 0 0 0 0 0 0 0 0 0 0 1 0 0 90 0 0 0 0
0 0 0 86 74 34 33 0 0 60 0 0 0 0 0 0 0 0 0 0 0 0 0 0 0 99 28 0 0 35 87 0 0 0 0 0 0 0 0 0 0 0 0 0 0 0 61 0 0 0 0 0 0 0 79 0 90 0 2 17 0 0 0 0 0 0 0 22 0 0 0 0 30 0 0 0 0 0 40 0 0 0 0 18 44 0 0 0 0 0 0 0 0 0 0 0 5 0 0 0
23 93 5 0 16 0 0 36 0 0 0 0 23 63 0 0 0 0 0 0 0 0 0 0 100 0 0 0 0 70 0 0 0 89 15 98 0 0 0 0 0 0 0 0 0 0 0 0 0 0 0 0 0 0 3 0 96 0 0 57 46 0 0 0 0 0 71 24 29 0 0 0 0 0 0 0 0 0 0 0 1 0 0 0 49 0 33 0 0 0 0 0 0 0 0 0 0 0 0 0
0 0 0 0 0 39 0 0 0 0 41 0 70 0 0 18 0 84 0 0 0 62 73 0 0 31 0 0 0 0 0 95 94 0 0 0 69 0 0 0 0 0 0 75 0 0 0 0 11 75 56 0 0 0 44 0 0 0 0 0 0 0 0 0 0 0 88 0 0 0 0 91 0 13 0 0 0 47 57 0 77 0 0 47 80 0 0 9 0 0 0 0 0 0 0 36 43 0 78 99
0 0 0 0 1 0 0 0 0 0 0 17 95 95 0 0 70 0 29 46 0 52 0 0 0 0 0 0 0 0 37 14 0 97 46 0 0 0 0 0 0 0 0 46 0 0 7 65 44 63 0 0 0 0 0 0 0 0 0 0 54 0 0 0 0 41 0 0 100 35 73 0 0 0 0 0 0 0 42 0 0 0 96 0 0 0 0 0 78 0 0 0 0 0 16 0 0 0 0 0
87 0 0 38 0 0 0 0 0 0 44 37 95 0 0 0 63 0 38 0 0 0 61 0 0 0 0 0 0 0 0 71 0 0 0 93 0 0 62 0 0 0 0 0 0 0 0 0 7 0 0 0 43 0 0 0 0 0 21 0 0 0 0 0 28 0 0 0 0 0 72 72 16 24 0 33 0 0 0 0 0 0 0 0 0 4 0 0 80 0 0 0 53 41 0 0 0 0 0 0
0 0 0 0 0 0 0 12 39 0 0 0 0 0 0 0 0 0 0 8 0 8 20 0 0 27 0 91 0 0 27 0 0 0 0 0 68 0 0 0 90 39 0 0 0 0 0 0 14 0 0 0 40 0 0 50 0 0 50 0 0 0 0 87 18 0 0 6 0 0 0 0 42 0 0 0 0 0 3 0 0 0 0 75 0 99 1 0 0 0 0 0 0 0 0 80 0 73 0 0
0 25 0 0 0 0 0 0 0 0 0 31 82 41 0 0 68 72 0 0 0 0 0 0 0 0 0 0 0 82 98 0 0 0 0 54 0 54 0 0 0 44 0 0 0 0 0 0 100 0 0 0 0 21 0 0 0 0 0 0 0 0 0 0 0 0 0 0 0 0 0 0 72 0 11 0 0 0 23 0 0 0 65 0 0 95 0 0 0 19 0 0 76 0 0 96 0 0 0 51
0 0 51 0 0 0 94 35 0 0 0 41 0 0 54 0 0 0 0 39 0 0 0 0 32 0 0 0 92 13 0 58 53 0 0 0 25 0 0 0 0 0 22 0 0 0 0 0 79 0 0 81 0 0 0 0 0 0 0 58 0 0 0 0 0 0 0 0 0 0 0 0 0 0 0 0 0 37 58 0 0 0 0 0 0 0 58 0 34 0 0 0 59 0 0 0 51 10 0 0
0 0 0 0 0 0 0 0 0 0 0 0 80 0 79 0 0 0 0 84 0 0 84 0 0 85 0 0 91 0 64 65 5 15 12 0 0 23 12 0 0 0 0 0 0 0 0 0 0 61 0 0 0 0 37 0 0 27 0 0 11 80 0 0 0 0 0 0 0 93 0 0 0 0 0 0 0 0 0 0 0 0 87 0 34 0 0 0 46 0 0 0 0 0 49 0 42 89 0 0
0 45 0 0 0 50 0 0 0 0 25 0 0 0 74 0 0 40 18 0 91 38 0 0 9 0 0 52 0 0 0 0 7 0 84 0 97 80 0 0 0 0 0 0 0 69 0 0 0 0 0 69 0 19 0 0 0 57 5 0 0 70 0 18 0 0 0 71 0 0 36 0 74 0 0 0 0 0 0 0 0 0 0 0 2 0 0 61 0 0 0 19 34 0 0 0 0 0 0 94
0 48 0 0 0 73 0 0 0 0 0 0 0 8 0 0 0 0 0 0 91 0 28 0 0 70 6 0 98 0 0 0 67 0 0 0 20 0 81 3 0 0 0 0 0 0 10 72 24 0 6 0 12 0 0 77 0 0 98 48 0 58 0 0 50 31 0 0 0 13 0 35 0 84 46 0 0 0 0 0 0 0 0 0 0 0 73 0 0 0 60 47 0 0 0 94 98 0 0 0
0 0 0 0 0 0 46 0 0 0 0 0 0 31 48 0 0 0 0 0 0 88 0 40 0 0 0 0 0 0 1 0 0 0 76 0 0 0 91 0 85 0 0 0 0 51 0 0 0 0 0 0 0 0 0 4 0 0 86 0 0 0 78 0 0 0 40 0 0 0 5 17 0 0 0 6 93 94 0 0 0 0 0 99 0 0 0 0 0 52 0 0 0 0 0 0 0 0 0 45
0 0 0 0 0 0 0 0 33 0 0 0 0 25 0 0 0 0 52 0 0 0 0 0 0 0 100 0 0 0 0 0 0 0 0 0 0 37 0 87 56 0 89 0 0 78 0 0 0 0 0 29 36 0 0 1 2 0 57 0 0 77 0 0 0 53 0 0 0 80 94 0 6 0 0 6 0 10 0 74 0 34 22 0 0 0 0 36 70 0 0 67 0 0 0 0 33 0 0 0