100
0 0 0 39 0 0 17 0 0 6 0 0 0 0 0 0 0 27 0 0 0 0 0 77 0 87 0 0 0 38 0 0 0 0 80 0 0 0 0 0 0 0 0 0 0 0 0 0 0 80 53 90 0 73 0 51 0 27 0 0 0 0 0 0 7 0 11 0 0 0 44 0 0 0 0 0 0 88 0 0 0 46 0 0 0 0 0 0 13 0 68 0 21 19 0 0 0 0 52 0
0 0 0 0 35 0 0 0 0 0 0 0 0 0 0 0 0 0 0 0 0 0 0 0 0 14 0 0 0 0 0 0 0 0 0 0 0 0 0 39 0 41 0 48 88 0 0 0 0 0 0 69 33 0 76 6 0 0 74 5 0 0 0 30 0 0 90 52 0 0 0 0 0 0 0 0 11 0 0 0 0 0 0 32 0 0 0 0 0 0 70 0 0 0 0 0 0 0 0 0
0 0 0 0 0 0 0 0 17 0 0 0 0 0 25 0 0 0 0 0 0 86 0 0 0 0 0 0 0 29 0 0 0 44 0 0 78 79 0 0 0 0 0 0 0 0 0 0 0 0 0 89 85 99 0 17 37 18 0 0 75 0 0 0 0 0 0 0 0 0 0 0 0 32 0 0 0 0 0 0 91 0 0 0 0 15 0 11 0 18 26 42 0 0 0 61 0 0 37 0
60 0 0 0 0 0 0 0 95 0 0 0 65 0 70 0 0 0 0 12 0 0 0 21 8 20 0 12 0 88 0 0 0 0 0 0 0 0 0 0 0 0 0 27 0 79 32 0 7 0 0 0 0 2 67 0 0 65 0 1 0 0 0 0 0 0 0 0 0 0 33 98 0 46 68 0 0 0 0 0 0 0 53 0 76 0 0 0 0 0 67 76 0 0 0 0 0 0 0 0
0 0 0 0 0 0 0 0 9 0 0 0 0 69 43 0 0 0 0 0 0 14 0 0 0 0 0 0 0 0 0 0 0 0 0 0 0 0 0 0 0 0 0 21 51 0 0 95 0 0 0 7 54 0 15 0 0 19 38 0 30 90 0 62 0 0 0 0 0 0 0 26 0 0 0 0 0 0 75 0 0 0 0 99 0 0 0 43 0 12 0 0 9 0 0 75 0 9 48 0
0 22 0 0 0 0 0 0 0 0 0 41 0 21 0 0 0 0 0 0 0 0 0 0 49 0 0 0 0 4 0 9 0 0 0 24 0 72 0 0 0 0 0 0 0 0 0 0 0 0 0 76 0 12 0 32 97 36 0 0 42 0 0 0 82 0 95 27 0 0 0 0 9 0 53 45 0 0 0 0 0 0 0 54 0 0 0 0 0 0 0 0 0 0 0 12 0 0 54 0
50 0 0 36 0 0 0 86 0 1 0 53 0 74 0 0 92 99 0 0 0 0 0 0 44 0 0 94 0 0 0 71 0 0 68 0 0 0 50 0 0 0 0 0 16 16 38 0 0 0 60 10 0 0 0 0 0 71 0 0 0 0 0 0 38 0 0 96 68 0 0 0 0 0 62 84 0 25 0 0 14 8 0 0 46 27 0 0 0 0 2 0 0 0 0 0 0 0 77 5
0 0 0 0 20 0 69 0 0 0 0 0 0 11 0 0 0 64 0 0 52 0 0 0 92 98 89 0 70 0 0 0 0 0 0 0 0 0 0 0 0 0 0 0 0 0 0 0 0 0 0 77 52 58 52 0 72 0 0 0 39 0 0 0 0 0 0 0 0 34 0 45 95 0 0 0 0 0 0 0 1 0 0 0 0 94 0 0 0 0 0 79 69 0 9 16 0 0 0 0
0 0 0 0 42 0 0 0 0 0 0 0 0 43 0 0 0 15 61 0 0 0 0 0 0 37 0 0 0 0 0 0 74 0 0 0 0 0 0 0 0 0 0 0 0 89 80 0 0 0 0 0 0 80 0 39 0 0 72 0 0 0 0 0 0 0 0 0 56 0 0 0 87 0 0 0 0 0 70 89 0 0 0 0 39 0 90 88 0 0 85 0 0 9 0 67 32 0 0 0
0 0 0 0 0 57 0 0 100 0 0 0 0 79 52 0 0 0 0 0 0 48 0 0 1 63 0 47 23 0 48 27 86 0 0 0 0 0 0 0 0 0 60 0 0 0 98 19 0 0 0 0 0 0 7 13 59 45 0 0 0 0 0 0 0 0 0 100 0 0 35 0 0 0 57 51 0 0 0 0 0 42 0 0 33 48 0 0 0 0 7 0 0 37 0 0 0 0 0 0
74 0 25 0 99 0 0 0 0 74 0 0 0 0 0 0 0 0 91 0 0 0 75 0 0 92 0 0 0 0 0 0 0 0 0 0 0 0 0 0 91 42 33 0 0 8 100 73 51 45 0 0 0 0 33 0 0 0 52 0 24 0 0 92 0 0 0 6 0 0 0 36 68 0 72 25 0 0 0 48 14 0 0 13 0 0 21 0 2 97 0 60 0 0 24 0 0 0 0 0
0 0 0 0 0 0 0 0 0 16 72 0 0 0 0 0 0 0 0 0 0 40 0 72 0 0 97 0 0 0 0 0 0 60 0 0 0 0 0 0 0 0 0 0 0 0 0 0 0 0 48 0 55 0 0 0 0 24 0 0 64 0 0 0 0 0 36 98 0 0 0 0 4 0 0 0 0 65 46 0 50 0 92 0 0 80 0 0 0 22 13 0 0 0 0 0 33 6 0 0
0 0 0 0 67 0 0 0 0 13 0 0 0 0 0 0 62 73 0 0 3 53 0 0 72 3 41 0 75 0 0 93 0 0 24 0 52 65 0 54 0 0 0 0 74 0 53 35 0 0 30 0 0 0 0 82 1 0 0 0 0 31 94 0 0 13 0 0 0 0 84 0 32 0 0 0 0 0 0 94 0 0 34 57 0 0 88 0 0 97 0 0 0 0 0 97 0 0 0 0
0 0 0 0 0 0 0 0 0 0 0 0 41 0 0 0 0 0 0 0 71 0 0 29 35 0 0 0 0 0 32 8 0 0 0 0 0 3 0 85 0 0 9 0 0 0 0 0 0 0 0 0 0 4 85 0 0 38 19 0 0 0 0 0 0 22 0 0 33 10 20 0 0 0 0 87 0 0 0 53 76 0 0 0 0 0 75 0 18 79 0 0 0 0 0 0 0 0 0 91
0 0 0 0 0 0 0 0 0 0 0 53 0 13 0 0 0 0 0 94 0 88 0 0 67 0 0 0 0 0 79 0 0 0 42 0 0 0 14 93 0 89 0 0 0 0 0 0 0 0 0 0 0 0 0 0 0 44 0 0 0 53 0 15 0 0 94 0 0 0 0 0 96 0 0 0 0 0 34 0 0 11 0 0 0 80 0 0 0 0 96 31 0 0 70 0 25 0 0 17
77 0 0 44 0 0 0 21 0 0 0 0 0 61 60 0 0 0 0 0 0 0 0 0 97 0 26 59 0 0 0 0 0 0 0 41 0 38 0 17 0 0 0 86 45 0 0 0 0 0 0 50 5 0 0 0 41 66 0 0 0 0 0 61 0 0 0 0 0 0 0 0 0 0 0 0 0 0 0 0 0 93 20 0 0 32 0 0 56 70 0 0 0 0 51 0 0 0 0 0
0 55 0 0 0 0 3 0 0 0 83 0 0 73 0 94 0 0 0 0 0 0 0 0 0 0 0 29 0 38 0 0 77 0 0 97 0 0 0 0 0 0 0 0 0 0 0 0 0 0 0 0 0 0 82 0 0 27 0 0 68 69 0 0 0 0 23 0 0 0 0 0 0 0 0 0 0 0 0 0 76 0 0 29 0 0 9 11 0 0 94 21 0 0 0 0 0 0 0 0
0 0 79 0 0 33 0 0 0 0 0 0 0 0 0 0 0 0 66 0 0 0 25 0 0 0 0 0 0 0 0 89 0 17 2 36 38 34 0 0 0 21 0 0 1 0 39 0 0 0 43 25 3 0 24 0 76 0 0 36 0 0 38 65 0 0 0 91 0 0 26 0 0 0 32 81 0 0 0 0 55 0 0 0 0 0 0 0 64 0 0 0 0 0 0 0 0 99 0 0
0 0 0 0 0 0 0 0 0 93 0 36 0 0 0 42 0 0 0 0 0 0 0 0 0 0 0 1 85 0 84 0 0 0 0 0 0 0 0 0 0 0 0 0 0 0 0 0 5 0 0 0 61 0 97 0 86 0 0 0 0 0 0 35 0 0 0 0 0 0 0 65 0 46 0 0 0 0 0 0 47 50 30 99 0 54 0 0 0 0 0 0 73 55 0 0 93 98 0 0
88 0 1 0 0 0 0 0 0 0 0 0 0 0 0 0 0 23 0 0 0 0 0 0 0 33 0 0 30 0 74 26 99 0 0 72 76 0 0 74 0 56 0 34 0 100 66 26 0 52 0 0 9 0 73 50 0 69 0 0 0 0 0 0 0 0 0 0 100 0 100 0 0 12 0 0 0 0 0 50 0 0 0 99 77 0 68 0 0 0 68 0 0 0 0 0 0 0 0 0
0 19 21 0 54 0 0 0 0 0 28 0 0 0 0 0 58 0 74 0 0 0 0 0 0 85 0 0 0 0 0 0 54 0 0 34 0 42 0 0 72 0 0 0 0 0 0 1 0 0 0 56 0 10 20 27 0 0 0 0 0 0 0 0 0 4 0 0 0 0 0 0 73 0 0 12 0 0 0 0 0 0 0 0 0 68 33 0 0 0 0 79 0 0 0 0 0 0 0 0
0 74 0 0 0 0 0 0 21 0 0 0 15 0 0 0 0 0 0 0 15 0 0 53 0 0 75 69 0 28 0 0 14 0 46 57 34 0 0 0 0 0 0 0 0 78 47 0 0 0 0 0 0 94 0 0 0 91 0 0 0 0 0 0 0 22 0 0 0 0 0 0 0 0 0 0 0 0 60 0 0 0 0 0 0 0 0 0 0 70 0 0 0 0 0 0 0 0 0 0
0 49 0 0 0 0 0 52 0 73 66 0 0 0 91 49 0 0 0 0 7 0 0 0 2 0 0 0 0 0 87 31 99 0 92 0 0 0 19 0 0 0 88 0 0 0 0 0 0 0 0 0 0 0 0 0 99 0 53 76 38 0 0 54 0 73 0 80 97 0 15 0 0 0 0 0 0 0 0 0 0 10 0 0 0 0 0 34 30 0 0 60 0 52 78 0 0 22 0 0
76 0 0 0 9 0 0 1 63 0 0 0 28 0 0 0 0 0 61 70 0 0 32 0 2 0 0 0 0 0 0 0 0 0 0 0 0 0 0 0 0 0 0 0 40 0 0 0 0 54 0 0 0 50 0 0 0 0 0 0 0 0 79 83 0 0 0 0 0 0 0 0 76 0 0 86 36 88 0 0 37 51 0 0 60 0 14 0 16 0 0 11 54 0 0 87 0 0 69 0
0 58 0 0 0 0 53 0 91 0 0 0 0 0 0 0 0 52 0 0 0 98 57 0 0 7 49 0 24 0 0 0 72 0 0 0 63 0 0 0 0 0 0 86 0 95 0 0 61 0 43 0 0 0 73 0 41 0 0 81 61 0 0 0 0 46 0 0 0 0 0 0 0 28 0 0 0 16 0 0 0 0 0 0 0 0 67 0 0 0 0 100 0 58 0 0 66 0 0 77
0 0 0 0 0 0 0 0 0 0 0 0 0 0 0 0 68 80 0 0 0 0 0 0 60 0 16 0 0 0 0 0 7 0 0 0 0 0 0 0 0 0 0 0 0 0 96 67 0 48 0 0 0 44 0 0 27 37 36 0 22 0 0 2 0 0 38 0 37 29 0 0 0 20 25 0 29 0 0 74 0 0 0 0 0 27 0 0 0 52 0 0 0 0 0 0 0 0 30 28
80 0 52 0 0 0 0 32 0 0 0 0 36 0 0 70 35 0 61 0 0 0 0 0 0 70 0 0 0 93 0 0 0 0 3 42 0 0 0 0 67 8 0 0 0 0 0 0 0 0 8 0 88 0 100 0 78 0 0 0 0 0 0 0 0 0 0 57 30 57 0 0 0 0 62 25 0 0 0 0 0 29 0 0 0 0 0 6 23 0 0 11 0 0 0 0 22 57 0 81
0 0 0 0 0 0 0 70 0 0 0 21 71 0 0 0 0 21 0 38 0 0 23 67 0 0 0 0 0 0 0 0 0 22 58 0 0 0 0 68 0 0 1 0 0 4 88 0 0 0 0 0 0 0 0 0 0 0 48 0 77 11 0 0 0 0 18 0 61 0 0 0 0 92 0 0 0 10 65 51 0 0 0 0 50 0 0 1 0 0 0 0 0 0 55 0 0 100 0 0
73 75 0 0 25 0 0 94 0 0 0 0 0 0 41 0 0 0 0 0 89 89 0 0 8 21 0 0 0 0 0 37 0 0 0 0 0 0 0 0 0 0 0 0 0 0 0 0 4 16 0 0 14 0 0 0 82 4 70 81 69 0 0 84 0 0 43 0 0 0 0 78 27 0 0 0 0 2 0 0 0 0 33 0 0 0 0 64 0 20 0 0 0 84 34 30 0 0 0 0
0 0 0 0 0 0 0 0 60 0 0 0 0 0 64 0 0 0 93 0 0 0 0 50 0 0 0 0 10 0 2 0 0 0 0 0 0 0 0 0 0 0 0 77 0 78 0 0 0 33 0 0 0 0 0 0 0 0 0 0 0 0 81 0 0 0 0 29 0 0 0 0 0 0 0 97 0 0 0 0 51 0 0 0 0 0 0 97 0 0 0 0 0 0 33 0 0 70 87 0
2 0 0 0 71 27 0 0 0 60 0 0 0 0 0 32 0 0 0 0 0 0 0 0 0 0 0 0 0 0 0 0 0 0 94 50 0 33 0 0 0 0 0 78 0 0 67 47 79 0 0 0 0 0 0 0 0 0 0 0 0 0 0 0 0 0 10 0 0 96 0 0 0 0 0 0 62 0 0 0 61 2 17 0 0 20 0 0 0 0 0 18 1 29 0 13 0 0 58 54
49 49 0 0 39 41 0 48 0 0 36 0 0 0 47 16 0 0 9 0 0 0 0 0 0 80 0 0 0 0 44 0 59 0 0 0 0 0 0 0 0 0 62 0 0 0 0 0 0 0 41 0 0 0 0 0 0 2 0 0 0 68 0 95 0 0 0 77 0 0 0 0 0 0 37 0 1 9 0 0 0 87 0 0 0 0 0 0 0 0 0 0 81 0 80 0 0 0 37 0
45 0 0 0 0 0 0 0 0 60 0 0 0 0 0 24 0 85 0 0 0 0 0 55 0 0 0 13 0 60 0 0 0 79 0 0 0 22 0 0 0 0 45 0 0 0 0 0 0 0 0 0 0 15 0 0 0 0 82 0 0 0 0 0 0 0 0 0 21 0 66 0 82 0 0 0 0 0 59 0 0 0 32 0 0 0 0 0 34 0 0 4 87 0 68 0 0 0 80 0
0 85 0 0 0 0 0 11 0 0 0 0 0 25 0 0 40 0 0 0 22 0 18 0 0 0 0 0 0 24 0 0 13 0 0 0 0 90 4 0 0 0 57 0 0 80 0 0 87 76 33 70 0 3 75 0 0 0 0 0 0 0 0 12 24 46 0 0 0 0 0 0 56 0 0 0 0 0 82 0 0 0 0 0 0 0 15 0 0 0 0 86 0 26 0 0 90 0 89 91
0 0 0 59 0 0 0 0 0 0 0 0 34 47 0 0 61 0 0 0 53 0 0 0 0 0 66 0 0 0 0 71 87 0 0 0 0 0 51 0 45 0 0 11 0 0 0 35 0 0 0 0 0 0 0 0 76 0 0 0 0 0 0 0 0 0 97 0 0 0 0 0 0 0 0 0 0 72 46 67 28 0 0 0 0 0 23 19 97 0 79 0 0 0 0 0 41 0 0 0
65 0 0 0 0 0 0 75 0 12 0 0 0 0 22 0 0 0 0 0 45 70 0 32 0 0 0 84 0 0 0 92 0 0 25 0 53 0 0 0 0 95 0 0 0 0 0 0 0 0 69 31 0 0 1 52 0 3 0 0 0 0 0 0 0 0 59 0 0 48 0 0 0 0 0 0 0 0 0 0 0 0 32 0 9 0 63 0 0 0 0 0 0 0 0 0 0 0 0 64
0 0 65 0 0 0 0 0 0 0 0 0 0 0 69 0 0 0 6 0 0 0 0 41 0 0 71 0 0 0 0 0 0 0 22 59 0 0 0 71 0 0 0 0 0 0 0 38 0 0 0 0 0 0 56 0 0 0 84 0 0 0 0 58 0 0 0 0 0 0 0 0 0 0 0 0 13 0 47 0 62 0 0 0 0 0 0 0 81 0 0 0 0 96 78 80 0 0 0 0
0 0 21 49 0 98 0 0 0 0 0 0 0 0 44 0 1 0 0 0 28 1 52 0 0 0 0 80 72 0 0 38 0 0 76 0 0 0 0 0 0 0 0 0 46 0 56 1 0 0 0 0 0 0 0 0 0 0 0 0 0 39 0 94 0 0 0 0 0 0 0 0 14 0 0 0 0 0 0 0 0 52 0 54 94 0 0 27 0 73 2 0 0 94 7 0 0 84 0 0
71 0 96 0 0 0 61 0 84 82 0 0 0 0 0 91 0 0 0 0 0 13 0 0 0 26 0 0 13 98 0 0 61 0 91 0 0 21 0 50 65 0 0 0 22 0 0 0 78 0 0 0 0 15 47 0 0 0 0 0 0 0 0 0 96 0 0 0 69 0 0 91 0 29 0 37 0 37 0 0 0 0 28 0 0 46 0 0 0 0 93 0 0 0 0 0 0 0 0 0
0 19 0 0 0 0 0 53 0 0 37 0 0 0 0 0 0 72 0 0 0 0 0 0 0 0 0 0 0 65 0 0 0 11 35 0 0 89 0 0 0 0 0 0 14 0 0 92 0 0 0 0 0 0 0 0 0 0 0 36 0 98 0 0 0 0 0 0 0 0 0 85 56 26 83 46 0 59 20 0 0 0 0 0 72 8 16 0 0 0 0 0 0 0 0 0 92 73 0 0
0 0 90 0 81 0 0 0 46 38 0 0 0 0 0 0 0 0 0 0 79 100 0 0 0 0 0 80 0 0 0 0 0 0 0 0 0 0 0 0 0 8 0 44 88 0 0 0 53 0 84 0 0 23 25 0 0 0 0 0 0 0 0 0 33 0 0 11 0 13 30 0 14 0 0 0 0 0 0 70 0 41 0 0 0 0 0 79 0 0 0 64 0 42 0 14 0 0 0 80
0 0 0 0 0 19 0 0 0 0 0 0 0 0 0 0 1 31 0 0 0 0 69 0 0 0 0 36 0 16 0 0 0 52 0 58 0 0 0 0 0 0 0 0 0 35 0 0 0 0 0 51 0 18 0 0 8 0 72 0 0 91 0 86 0 0 93 9 59 0 0 0 0 78 0 58 0 0 0 0 0 0 0 45 0 0 0 0 10 96 0 0 0 16 17 0 97 0 0 0
51 0 10 9 0 55 0 0 17 95 0 0 0 0 0 64 0 0 61 0 61 0 0 40 0 0 66 0 0 0 0 0 0 62 0 1 0 0 0 0 60 0 0 0 0 0 0 0 0 0 0 0 28 77 0 0 0 0 0 0 0 13 0 0 0 0 0 0 0 0 0 0 26 0 0 0 0 36 75 0 57 0 0 58 0 30 10 0 50 2 0 0 0 0 0 0 76 75 0 0
0 19 0 0 0 0 0 0 11 45 0 0 0 0 0 53 0 0 93 100 43 0 0 0 36 0 0 0 0 48 0 0 0 0 0 0 0 0 12 0 0 0 0 0 36 0 44 0 0 0 0 0 0 0 0 0 0 0 0 0 0 28 94 0 0 0 0 56 0 0 91 0 0 0 22 0 11 0 0 0 25 0 0 0 0 72 86 0 73 0 91 30 24 0 68 0 0 0 0 0
0 0 0 0 0 0 30 0 0 24 0 74 11 0 0 0 42 0 0 0 0 0 10 0 10 39 0 0 0 58 0 0 0 0 48 0 0 100 0 0 0 0 0 0 0 0 0 0 0 0 0 0 0 0 0 0 0 0 0 0 0 0 0 59 0 0 0 0 0 0 0 95 0 0 0 54 50 42 0 17 0 0 0 21 0 0 72 0 0 87 95 0 36 0 71 0 0 0 0 0
0 97 0 0 0 0 0 0 98 0 0 0 0 63 10 0 0 84 0 0 0 62 0 0 0 0 31 0 0 0 0 0 0 0 0 83 0 0 47 12 0 37 16 0 84 0 0 0 0 0 12 96 0 0 73 0 0 0 0 0 0 42 0 0 0 14 0 0 0 0 51 0 0 19 0 0 0 0 0 0 0 0 0 0 0 0 0 0 0 0 0 0 0 0 16 0 43 24 0 44
0 0 0 0 0 15 99 0 4 0 0 0 0 0 0 0 0 0 0 0 62 21 0 0 0 0 53 0 0 0 0 0 99 0 0 0 0 0 0 0 12 0 0 24 0 0 0 76 0 0 0 0 0 0 73 0 0 0 0 0 0 0 45 88 19 0 0 89 0 56 0 0 0 0 0 0 0 0 0 0 0 0 0 0 0 0 0 0 0 0 0 0 93 0 0 0 0 0 0 0
0 57 49 0 0 0 0 80 23 12 0 0 0 33 39 63 0 0 0 0 0 0 40 15 0 0 86 0 0 0 0 0 4 0 70 0 99 0 0 0 65 0 0 25 0 0 0 0 0 0 59 0 33 0 0 0 0 0 41 0 78 0 17 0 9 0 0 0 19 0 0 0 72 0 0 0 0 71 0 0 37 0 0 0 0 0 0 0 0 33 0 60 0 32 32 0 70 0 0 83
0 37 0 0 21 0 0 0 82 58 0 100 0 89 0 0 11 0 0 0 0 0 0 61 89 0 0 0 0 36 0 0 0 0 0 0 0 0 0 0 0 0 0 68 0 0 0 0 0 27 0 0 22 0 74 93 0 64 30 0 0 0 0 50 65 0 0 0 0 0 0 0 63 89 0 0 0 0 0 0 0 0 93 0 0 0 42 84 0 97 0 0 0 0 32 0 0 9 50 36
0 0 0 0 0 0 0 0 0 0 0 57 0 74 0 89 76 0 12 0 37 0 0 0 0 0 0 0 0 0 0 0 0 2 0 0 0 0 0 0 0 0 82 0 0 0 0 0 72 0 0 0 0 54 12 0 80 0 0 0 29 0 0 0 0 0 0 0 67 82 0 0 33 15 0 87 3 0 51 0 0 63 0 43 0 0 0 0 0 30 0 96 0 0 0 0 21 0 0 0
0 19 0 0 0 0 81 0 0 0 36 0 0 0 0 0 0 91 43 0 0 0 61 7 96 4 26 0 0 0 0 0 0 0 75 0 0 0 0 0 0 0 0 0 0 0 0 0 27 26 0 0 0 0 0 0 0 0 89 0 0 0 0 0 3 0 94 0 0 0 67 0 0 0 12 0 0 100 0 0 22 0 0 19 0 0 57 65 0 0 0 0 0 0 0 53 84 1 0 0
60 96 0 0 0 0 96 0 0 0 0 0 0 0 0 0 0 54 0 0 0 0 0 0 0 56 10 57 10 0 0 0 0 0 0 0 37 0 11 0 0 0 0 34 0 0 0 93 0 0 89 0 0 0 47 0 14 41 0 18 0 0 0 60 0 0 30 0 0 0 0 0 0 35 0 0 93 18 0 21 0 0 0 0 0 0 0 34 0 0 0 59 0 0 0 0 0 0 13 0
0 0 0 0 0 0 24 83 0 38 0 0 0 0 0 34 0 0 0 0 73 33 71 0 72 0 0 2 100 0 0 0 0 0 0 0 0 0 0 15 94 0 32 0 0 0 33 0 0 66 0 2 0 4 0 0 0 51 0 0 0 0 84 0 0 0 0 0 0 97 0 0 0 0 32 16 0 0 0 51 0 0 16 0 41 0 0 37 0 0 22 21 0 0 0 44 0 26 0 0
0 0 0 0 0 10 24 7 0 0 0 0 0 0 0 17 0 0 13 0 0 0 0 0 7 0 54 88 93 0 63 78 0 0 0 0 29 0 41 0 0 7 66 31 0 0 0 0 0 0 0 0 3 0 0 0 0 5 0 0 0 0 0 0 0 0 0 90 0 0 0 22 0 0 30 0 98 52 0 0 54 0 0 0 0 0 0 0 47 0 0 0 0 0 0 0 0 0 0 0
90 0 100 0 0 0 0 0 3 0 28 0 0 73 0 0 0 0 0 66 38 0 0 0 96 29 16 0 0 79 0 0 0 62 0 0 18 49 63 0 0 0 0 0 0 0 0 35 0 0 0 0 0 0 0 0 33 13 62 0 94 0 58 56 0 0 0 0 0 75 0 0 40 0 0 0 0 0 0 0 0 0 0 0 1 0 9 0 0 93 0 0 27 0 73 0 0 0 46 0
31 0 0 0 0 52 0 0 0 0 0 0 0 0 76 0 0 0 0 0 0 0 0 0 0 0 21 0 0 0 0 0 0 0 0 0 0 0 0 0 0 0 39 0 90 74 0 95 0 0 0 15 0 28 0 0 0 0 5 0 0 0 97 0 0 46 0 0 0 0 0 47 0 0 0 0 0 0 0 96 0 0 0 0 74 0 70 40 0 0 0 0 0 0 0 3 0 0 0 52
0 4 0 0 0 0 0 64 0 0 62 51 0 81 0 0 0 0 0 0 0 0 63 0 0 0 0 0 34 0 0 0 70 0 0 82 0 52 0 23 0 0 0 92 1 0 49 0 0 0 0 20 0 79 0 0 0 90 0 0 0 0 0 0 0 0 0 0 9 0 0 0 0 36 85 0 0 0 0 0 0 0 0 75 0 61 75 0 0 0 0 0 0 0 0 37 0 0 90 0
0 0 0 0 0 66 0 0 0 38 0 0 0 0 0 0 60 0 0 43 0 0 0 0 5 0 32 0 0 0 0 0 0 0 0 0 0 0 0 0 0 0 0 0 0 0 0 0 0 0 0 0 0 0 0 21 0 0 0 58 60 0 0 0 0 26 0 0 0 0 0 0 0 41 0 0 5 38 0 0 76 66 0 0 0 0 0 33 67 0 0 0 0 0 0 63 17 0 0 62
0 82 36 0 34 0 0 0 0 0 0 44 10 0 0 0 21 0 66 0 0 0 8 0 0 0 0 0 0 12 0 65 0 0 0 0 8 0 53 0 71 0 0 0 0 0 21 94 64 98 0 0 66 6 0 10 0 0 0 0 0 0 0 0 0 72 0 0 0 87 65 0 0 17 70 62 0 0 0 0 0 0 0 65 0 0 0 57 0 6 0 20 42 0 0 0 0 0 0 0
81 51 0 0 0 19 0 0 0 0 38 10 0 0 0 0 0 0 0 0 80 0 0 0 46 0 0 0 92 0 0 47 0 0 0 0 0 68 0 0 78 91 0 0 0 0 0 0 0 0 0 55 6 0 0 0 10 94 0 0 0 0 59 0 0 0 0 0 0 0 53 0 95 0 33 0 0 22 0 0 0 0 0 0 0 62 0 0 0 0 78 0 0 0 11 0 36 0 0 0
0 0 32 0 0 0 0 53 0 0 77 0 0 0 3 44 0 0 0 0 0 0 0 0 41 0 5 0 48 0 0 0 0 0 0 81 67 0 0 0 0 0 21 0 87 0 0 0 0 0 13 0 0 0 0 0 0 0 26 49 0 0 0 57 0 49 4 81 0 0 0 0 0 0 0 0 0 0 0 46 0 0 0 0 0 0 0 0 0 28 0 0 48 0 0 0 0 0 0 0
0 0 0 0 0 0 95 0 75 0 0 1 0 0 33 0 0 0 0 0 0 0 0 0 0 59 0 0 0 0 32 0 0 0 0 0 0 0 0 0 64 0 11 58 0 0 0 0 0 53 0 0 0 0 17 0 0 0 0 0 0 0 0 0 0 48 0 0 0 0 0 0 55 0 51 12 3 0 11 23 0 0 0 0 0 41 0 4 0 0 0 0 0 88 77 0 0 0 0 0
0 0 0 0 58 0 9 0 100 0 69 0 0 0 0 63 0 0 0 0 0 0 0 0 0 0 0 0 0 0 42 60 0 8 0 0 0 63 0 0 0 72 0 0 46 0 0 0 0 0 0 0 29 0 35 0 34 23 0 1 0 46 0 0 12 0 88 37 0 0 0 0 8 0 0 0 52 0 0 85 0 0 0 0 0 0 0 0 0 38 0 0 1 0 0 0 0 0 0 0
26 0 0 0 0 0 0 89 32 7 0 0 15 0 0 0 0 93 0 0 0 86 0 0 0 0 0 0 0 0 0 0 0 0 0 0 0 0 0 46 0 41 0 0 42 84 12 0 0 76 0 0 0 74 0 0 0 81 0 88 0 0 0 0 48 76 86 0 0 0 45 0 0 0 0 0 0 95 0 14 0 0 76 0 0 0 0 0 19 40 0 0 0 0 0 0 0 0 0 0
0 0 0 72 0 60 0 0 0 0 19 0 56 0 0 0 0 10 0 0 0 0 0 0 0 71 0 0 0 1 72 0 0 53 0 0 6 0 0 69 0 0 0 5 0 0 75 0 25 0 0 0 0 0 35 0 0 0 0 0 84 0 0 0 0 31 0 59 0 49 0 0 0 0 0 0 45 0 0 0 0 0 0 0 0 0 0 0 0 0 0 0 0 0 0 64 0 0 0 0
0 14 0 0 0 65 0 0 0 0 0 81 62 0 0 0 0 0 0 38 0 0 0 20 71 0 0 0 42 0 0 0 10 0 32 0 0 0 0 0 0 0 0 0 51 0 0 0 0 0 0 0 0 0 43 0 0 0 0 70 0 0 0 0 0 0 87 0 0 0 0 0 19 0 0 0 9 0 0 0 71 0 0 0 0 0 0 89 76 0 0 0 0 0 71 0 0 0 0 71
0 0 0 0 0 0 22 0 0 0 0 0 0 0 0 0 0 0 0 0 0 0 0 0 0 0 0 0 0 0 0 92 0 0 0 0 0 0 86 0 15 0 0 0 0 0 0 41 0 80 0 0 0 0 0 0 0 0 8 0 0 87 0 0 0 0 0 47 82 0 0 81 0 88 100 0 0 0 75 0 0 0 0 0 0 0 0 51 30 94 0 6 0 25 0 90 38 0 0 0
0 0 0 86 44 0 0 0 0 0 0 0 0 0 0 8 6 0 0 0 0 89 0 23 0 26 0 0 0 0 12 0 0 0 0 20 68 0 0 0 0 0 0 98 0 0 0 0 0 0 96 0 0 0 0 0 0 0 12 0 0 0 0 48 0 0 43 0 0 40 0 0 0 4 0 0 0 0 0 0 0 14 0 0 0 77 66 0 0 81 7 0 34 0 0 0 45 0 0 0
19 0 0 88 0 35 0 33 60 0 0 0 0 0 0 29 0 0 0 0 0 0 60 29 0 0 0 0 0 21 96 78 22 93 0 0 0 0 66 0 0 13 19 0 0 0 80 22 0 39 0 80 0 4 0 94 0 12 0 0 0 0 0 0 0 59 71 0 0 0 0 0 0 57 33 0 0 0 0 0 0 0 36 0 0 0 0 0 83 0 0 0 37 0 0 0 0 82 0 0
0 53 26 0 0 0 0 0 0 0 0 0 89 0 0 0 45 0 0 0 97 0 93 50 0 0 25 0 0 0 66 5 96 0 38 0 38 14 46 0 2 0 0 84 0 36 0 0 0 0 0 58 0 0 0 20 0 0 84 0 10 0 0 0 0 0 0 18 0 0 0 0 22 0 0 0 0 0 85 0 20 14 0 0 0 0 48 0 0 0 48 0 1 0 0 0 0 29 0 0
0 0 0 0 0 0 0 0 0 0 0 39 0 0 0 0 0 0 0 0 0 0 0 0 0 79 0 0 18 0 0 0 19 0 0 0 0 0 0 0 0 0 47 0 0 0 0 28 74 41 0 0 0 0 0 0 0 0 0 23 0 51 0 0 0 0 0 52 0 0 0 0 0 0 51 0 1 0 0 0 0 0 0 29 0 0 0 0 0 10 0 56 63 0 0 0 0 0 40 60
0 0 0 0 0 0 0 0 0 0 0 43 0 0 0 0 0 56 0 90 0 0 0 0 0 88 65 0 0 0 0 0 0 0 0 47 0 0 0 43 0 0 66 0 0 32 0 0 0 0 0 0 0 0 0 0 0 0 24 0 0 0 0 0 0 0 0 0 0 0 0 0 0 0 4 0 63 0 0 19 0 0 0 0 0 97 60 68 0 0 0 0 0 0 0 49 0 0 0 0
15 0 0 29 64 10 76 52 0 5 35 0 80 0 0 0 0 88 0 10 0 0 0 0 0 0 0 58 0 0 42 0 0 0 0 0 0 0 0 0 0 0 0 0 0 0 0 44 0 0 0 0 0 0 51 0 0 0 55 0 0 0 0 0 26 54 0 70 0 0 0 0 0 83 0 0 0 0 0 0 0 0 0 0 0 0 0 0 33 46 0 0 0 0 0 46 68 0 0 38
0 0 42 0 0 55 0 97 0 0 19 0 0 100 0 58 0 0 0 57 76 18 0 0 0 0 0 0 0 0 0 0 0 0 0 19 0 71 0 67 0 22 54 11 0 0 0 98 0 0 0 35 0 100 35 0 0 0 0 0 0 0 0 0 0 0 0 0 0 0 0 0 72 0 0 0 82 0 0 82 0 60 0 0 0 0 0 14 0 19 0 0 0 0 91 18 0 0 0 0
0 0 87 0 36 72 13 0 0 0 19 0 0 49 0 0 0 0 0 0 0 53 0 0 0 0 0 0 0 0 0 0 0 0 0 89 59 0 0 0 0 0 69 0 14 0 0 0 0 0 0 0 0 0 0 0 0 0 0 6 0 0 0 0 0 0 0 0 40 0 0 0 40 0 0 50 0 23 0 0 47 0 0 0 0 0 0 0 95 0 62 0 0 0 0 0 0 0 0 0
0 0 56 0 0 0 0 0 0 0 0 0 24 12 0 0 0 0 0 74 0 0 0 47 56 0 0 0 0 0 0 70 0 0 7 0 0 0 0 0 0 0 0 65 0 0 70 0 0 0 0 0 0 0 0 0 0 0 0 0 0 0 0 0 61 0 90 0 0 53 0 0 0 0 0 0 0 0 0 0 66 0 0 0 0 47 0 0 52 0 91 0 0 0 90 0 53 27 11 0
0 0 0 0 0 0 0 0 0 0 0 0 0 0 0 9 0 0 0 0 0 0 0 34 33 93 80 0 0 0 0 0 0 0 4 0 0 0 0 0 0 0 74 0 0 0 0 0 0 5 0 0 0 0 51 0 43 0 0 0 0 0 0 0 72 0 0 0 0 0 0 0 45 0 0 0 0 0 0 0 0 69 0 6 29 0 50 0 0 82 0 0 0 12 0 0 0 0 0 0
5 0 0 0 0 57 0 42 0 70 0 59 60 0 6 0 0 94 49 0 0 81 0 0 0 0 0 44 2 0 0 0 20 0 0 0 0 0 0 0 0 0 0 0 0 0 40 0 0 0 0 0 0 0 0 0 0 0 89 0 0 0 0 0 14 0 0 0 0 0 71 6 0 0 0 0 0 0 0 0 95 44 60 0 0 67 53 70 34 0 89 0 42 100 0 0 0 0 0 0
0 0 0 0 0 0 77 0 0 0 46 0 0 0 0 0 39 0 0 0 38 0 0 80 0 0 0 0 0 61 0 0 21 0 0 0 0 0 0 9 0 0 0 0 0 0 0 44 0 0 0 0 0 0 44 0 0 0 0 0 0 55 0 0 0 0 57 68 0 0 0 0 0 0 0 0 0 45 0 0 0 0 0 81 0 0 13 87 0 0 0 0 0 0 0 0 28 0 0 0
0 0 0 0 0 0 77 14 0 0 0 0 17 0 0 0 0 0 0 83 0 0 0 0 28 0 0 35 0 0 0 8 0 39 0 0 0 0 0 0 0 0 12 0 0 0 61 0 0 0 58 90 0 0 65 0 0 0 0 0 0 50 64 0 54 44 0 0 0 0 0 0 0 0 0 0 34 0 0 0 0 0 0 0 0 0 18 0 0 0 0 0 0 0 0 0 0 0 0 0
0 77 73 0 0 0 0 0 72 93 63 0 38 0 0 1 0 0 26 0 16 65 0 3 0 0 36 0 62 0 30 0 0 0 0 0 0 90 0 0 0 0 88 0 3 0 0 84 0 0 0 9 0 0 0 85 0 0 35 0 0 0 0 17 0 0 0 0 0 8 0 0 0 0 0 0 0 0 0 26 0 2 0 0 0 0 0 0 0 0 0 0 0 0 0 0 0 0 15 0
0 0 95 19 0 39 0 0 0 0 0 0 0 0 0 0 0 40 0 0 0 0 0 2 0 0 0 50 0 0 0 12 0 0 50 0 40 0 0 0 0 28 0 0 0 0 0 31 0 0 0 0 0 0 0 0 0 60 0 0 0 0 0 0 0 0 0 0 0 0 34 0 86 0 0 83 0 0 0 68 0 0 0 0 0 0 0 0 0 0 0 0 0 91 0 0 0 0 39 0
0 0 0 0 0 0 0 0 0 24 0 0 20 0 0 0 0 79 0 0 0 17 0 0 46 61 24 0 0 0 0 0 40 0 0 46 75 0 28 0 0 0 0 0 68 0 0 0 0 0 0 0 0 13 0 0 0 0 73 0 82 0 0 0 0 0 0 0 0 89 0 0 0 0 25 0 96 74 0 0 75 46 0 10 94 0 26 0 14 0 0 0 2 0 0 0 0 1 4 50
0 0 0 100 0 65 0 0 59 0 0 0 0 0 0 0 0 0 42 0 0 0 0 10 0 0 18 0 0 61 0 44 28 0 61 0 0 0 29 0 0 0 0 0 0 0 96 0 25 0 0 2 0 9 0 0 0 0 26 0 6 15 77 0 0 0 0 90 0 86 0 0 51 0 0 0 0 0 0 96 0 0 0 0 0 53 0 75 0 0 100 0 0 0 0 0 0 0 0 0
0 0 74 0 0 0 0 0 0 100 45 0 0 0 0 66 0 0 83 0 85 0 0 50 0 0 0 39 98 0 0 0 0 0 0 9 0 87 0 46 0 0 0 0 0 91 0 0 47 0 0 0 0 0 0 0 0 0 90 0 0 0 0 0 59 47 80 34 5 38 0 25 0 0 80 0 0 0 100 0 0 0 0 0 0 6 0 0 0 0 15 0 0 0 0 0 0 20 92 19
83 1 77 0 0 90 0 74 91 68 0 0 0 35 0 0 0 0 30 45 0 0 57 0 0 0 0 0 0 29 56 0 0 0 41 0 0 0 0 0 0 0 93 0 0 0 0 0 0 20 0 65 0 0 0 0 79 0 74 0 0 56 35 61 0 0 0 0 0 0 0 0 37 83 0 0 21 0 0 0 0 0 0 0 0 0 64 0 0 0 18 0 0 0 0 91 0 0 8 87
25 0 0 0 0 0 59 0 0 0 45 0 0 92 0 0 71 0 0 0 0 0 89 0 0 0 0 0 74 0 25 0 0 37 55 73 0 32 0 0 43 0 0 0 1 0 0 77 0 0 90 75 0 0 0 0 0 0 0 0 0 0 0 0 0 80 0 0 73 94 0 0 0 0 83 0 0 0 82 0 0 0 2 0 0 65 0 26 0 0 97 0 0 0 0 0 0 82 0 0
93 0 0 0 0 12 0 0 0 0 0 72 0 0 0 0 0 18 54 0 78 0 0 0 0 0 0 0 8 0 46 0 0 0 84 0 0 0 33 0 0 0 0 0 0 0 41 0 0 0 13 0 0 0 0 0 10 0 0 0 47 37 0 0 0 0 0 0 0 0 0 0 17 56 0 0 0 0 89 0 0 1 0 0 0 11 99 0 59 0 0 0 0 0 0 0 0 0 0 62
0 83 10 81 0 0 23 75 7 0 30 0 0 50 0 0 0 0 0 0 0 0 0 0 93 10 21 0 0 0 0 23 0 0 0 0 0 0 0 1 0 0 0 0 12 71 0 0 0 0 0 0 0 0 65 56 0 71 0 0 0 92 0 0 0 0 0 73 0 14 32 0 0 0 0 0 6 0 0 69 47 33 0 1 0 0 38 0 0 0 63 85 0 39 0 58 0 0 94 0
0 0 71 0 0 0 85 0 63 0 0 2 0 0 78 16 30 0 0 0 0 27 0 0 0 45 0 0 95 0 0 0 0 31 0 0 0 0 0 0 90 90 0 0 56 4 0 0 0 0 0 0 0 82 0 42 48 0 20 0 89 2 0 54 55 0 0 0 0 0 0 0 79 0 62 48 0 29 0 0 5 0 0 0 0 0 50 0 0 0 0 0 0 0 82 0 0 0 0 0
0 0 0 52 0 0 66 0 0 0 0 0 44 0 0 0 0 0 8 61 0 0 0 0 0 50 20 37 0 68 0 18 0 0 0 0 0 0 41 100 0 0 0 0 0 61 0 0 0 0 0 0 0 0 0 0 0 0 6 0 29 4 70 0 15 0 0 0 46 0 0 8 21 0 0 0 0 57 0 0 0 0 0 35 0 0 0 0 51 9 0 0 0 0 0 0 99 80 60 68
19 0 0 0 0 0 0 0 0 0 0 0 0 0 0 0 0 33 0 0 0 0 0 0 0 86 0 0 0 0 0 0 0 0 0 0 0 39 0 0 0 28 0 0 0 0 0 0 0 0 0 0 0 0 84 0 0 26 0 0 0 0 0 22 0 0 0 11 0 0 0 0 0 0 0 0 0 0 0 65 0 0 0 0 0 0 0 0 0 0 0 0 23 15 13 0 0 47 0 0
71 0 0 0 0 0 0 4 0 0 0 0 0 0 66 0 0 50 58 0 11 64 27 0 79 78 0 59 0 0 38 0 47 0 0 0 0 0 0 0 9 26 0 0 0 0 0 0 0 0 0 0 0 0 92 0 0 16 0 0 0 0 0 24 0 0 0 0 0 0 39 76 0 0 0 0 0 0 51 0 59 0 0 0 21 76 0 97 0 37 0 0 0 0 0 0 0 0 0 80
4 0 0 0 0 0 0 0 0 0 0 0 0 0 0 0 0 0 0 98 0 0 0 41 86 0 0 0 13 0 0 0 0 0 0 0 98 5 0 0 0 0 39 0 0 0 0 0 0 0 0 0 0 0 39 0 0 0 0 0 0 0 0 57 75 0 0 0 0 0 0 51 0 0 0 0 0 62 0 36 0 61 0 0 0 0 0 0 0 0 0 0 0 0 0 0 79 0 0 0
96 0 0 0 0 0 0 96 0 55 81 0 0 0 0 0 0 82 97 0 8 82 0 0 0 68 34 0 47 0 0 26 0 0 0 0 0 9 0 0 0 0 0 92 0 13 68 0 0 0 0 0 0 53 0 0 0 90 33 0 0 0 0 93 28 0 21 0 0 0 0 0 0 31 0 0 0 0 0 0 0 0 95 15 0 0 0 0 0 0 0 0 0 0 0 0 0 0 0 0
0 8 0 0 0 0 0 0 0 0 0 0 0 0 0 0 0 0 0 0 73 0 0 0 32 8 0 0 0 0 0 0 0 0 79 0 0 0 97 0 0 0 42 0 54 0 23 0 0 0 58 45 0 0 0 39 29 0 0 1 0 0 81 0 0 0 0 0 0 0 0 0 0 0 0 0 0 47 0 0 36 0 13 50 30 99 68 0 0 0 23 0 0 0 21 0 0 0 0 0
0 0 74 0 0 0 0 0 0 59 82 0 0 0 0 0 0 0 0 0 49 0 27 0 0 20 0 0 28 0 9 0 0 19 0 0 0 0 70 0 0 48 0 0 0 0 0 0 0 0 0 0 0 0 0 8 0 0 0 12 0 0 79 0 55 0 0 0 0 0 0 0 0 0 19 0 0 0 0 0 0 0 0 0 0 0 0 0 0 0 0 73 0 79 0 0 0 0 55 0
0 24 0 0 42 0 0 0 0 84 52 7 0 0 0 0 0 0 0 0 0 7 0 0 0 0 0 70 0 24 0 0 0 28 0 0 76 0 0 0 0 40 0 0 6 36 0 0 35 0 0 0 0 0 48 98 41 15 81 0 0 17 0 0 65 0 0 0 0 0 0 85 47 84 0 0 0 0 0 0 90 0 0 77 0 41 90 51 0 18 0 0 0 72 0 0 0 0 65 0
0 0 0 0 0 0 0 43 0 0 0 0 0 0 88 68 0 0 0 0 0 90 0 0 0 0 0 0 45 0 0 0 0 9 0 90 0 80 0 0 0 0 0 0 82 4 31 10 0 10 0 0 30 98 0 0 0 0 0 68 0 0 0 0 0 25 12 0 12 0 0 10 0 58 0 89 0 0 13 0 0 0 0 19 0 84 64 0 0 95 0 0 0 0 0 0 0 0 0 0
80 52 0 85 5 0 0 54 45 55 0 0 0 19 0 89 0 0 0 0 0 0 0 0 0 58 71 85 0 0 0 7 0 0 0 0 0 0 0 0 0 0 0 0 46 0 0 0 0 0 0 0 0 0 0 90 0 0 83 0 0 47 0 0 64 0 0 0 0 0 0 0 0 92 0 34 0 0 0 0 0 0 0 62 7 0 83 0 0 0 78 74 0 56 0 0 0 15 0 0
0 0 0 54 0 0 36 0 0 67 0 0 0 0 0 0 0 22 0 0 0 0 0 5 0 39 0 0 0 100 0 0 0 0 35 0 0 0 0 0 0 0 0 0 0 0 0 0 0 29 87 34 0 79 0 25 0 88 0 0 0 0 0 0 32 0 7 0 0 0 26 0 0 0 0 0 0 26 0 0 0 27 0 0 0 0 0 0 68 0 4 0 11 39 0 0 0 0 29 0
0 0 0 0 78 0 0 0 0 0 0 0 0 0 0 0 0 0 0 0 0 0 0 0 0 60 0 0 0 0 0 0 0 0 0 0 0 0 0 57 0 78 0 66 45 0 0 0 0 0 0 31 14 0 27 97 0 0 53 38 0 0 0 75 0 0 54 62 0 0 0 0 0 0 0 0 85 0 0 0 0 0 0 97 0 0 0 0 0 0 76 0 0 0 0 0 0 0 0 0
0 0 0 0 0 0 0 0 61 0 0 0 0 0 77 0 0 0 0 0 0 17 0 0 0 0 0 0 0 7 0 0 0 56 0 0 67 89 0 0 0 0 0 0 0 0 0 0 0 0 0 66 18 46 0 36 96 45 0 0 84 0 0 0 0 0 0 0 0 0 0 0 0 91 0 0 0 0 0 0 25 0 0 0 0 18 0 74 0 24 23 89 0 0 0 74 0 0 48 0
13 0 0 0 0 0 0 0 86 0 0 0 21 0 81 0 0 0 0 34 0 0 0 37 25 27 0 12 0 80 0 0 0 0 0 0 0 0 0 0 0 0 0 14 0 81 20 0 31 0 0 0 0 51 19 0 0 29 0 50 0 0 0 0 0 0 0 0 0 0 20 36 0 10 5 0 0 0 0 0 0 0 27 0 83 0 0 0 0 0 53 66 0 0 0 0 0 0 0 0
0 0 0 0 0 0 0 0 60 0 0 0 0 70 99 0 0 0 0 0 0 13 0 0 0 0 0 0 0 0 0 0 0 0 0 0 0 0 0 0 0 0 0 15 92 0 0 43 0 0 0 22 100 0 7 0 0 25 78 0 44 44 0 100 0 0 0 0 0 0 0 69 0 0 0 0 0 0 49 0 0 0 0 10 0 0 0 78 0 61 0 0 95 0 0 80 0 84 61 0
0 52 0 0 0 0 0 0 0 0 0 60 0 14 0 0 0 0 0 0 0 0 0 0 25 0 0 0 0 21 0 98 0 0 0 53 0 3 0 0 0 0 0 0 0 0 0 0 0 0 0 9 0 35 0 56 71 3 0 0 42 0 0 0 59 0 94 24 0 0 0 0 32 0 19 9 0 0 0 0 0 0 0 50 0 0 0 0 0 0 0 0 0 0 0 78 0 0 33 0
27 0 0 36 0 0 0 61 0 20 0 76 0 47 0 0 63 27 0 0 0 0 0 0 28 0 0 17 0 0 0 73 0 0 41 0 0 0 91 0 0 0 0 0 69 52 98 0 0 0 57 93 0 0 0 0 0 14 0 0 0 0 0 0 89 0 0 93 78 0 0 0 0 0 16 24 0 67 0 0 34 88 0 0 31 38 0 0 0 0 33 0 0 0 0 0 0 0 18 82
0 0 0 0 53 0 27 0 0 0 0 0 0 38 0 0 0 15 0 0 11 0 0 0 43 97 95 0 1 0 0 0 0 0 0 0 0 0 0 0 0 0 0 0 0 0 0 0 0 0 0 47 28 80 69 0 89 0 0 0 78 0 0 0 0 0 0 0 0 37 0 55 24 0 0 0 0 0 0 0 44 0 0 0 0 51 0 0 0 0 0 33 18 0 78 23 0 0 0 0
0 0 0 0 47 0 0 0 0 0 0 0 0 68 0 0 0 46 68 0 0 0 0 0 0 42 0 0 0 0 0 0 82 0 0 0 0 0 0 0 0 0 0 0 0 56 75 0 0 0 0 0 0 13 0 51 0 0 69 0 0 0 0 0 0 0 0 0 100 0 0 0 11 0 0 0 0 0 55 36 0 0 0 0 62 0 22 80 0 0 58 0 0 68 0 77 36 0 0 0
0 0 0 0 0 55 0 0 49 0 0 0 0 47 98 0 0 0 0 0 0 33 0 0 89 11 0 26 100 0 33 37 59 0 0 0 0 0 0 0 0 0 50 0 0 0 76 56 0 0 0 0 0 0 66 50 15 72 0 0 0 0 0 0 0 0 0 23 0 0 16 0 0 0 96 16 0 0 0 0 0 71 0 0 52 53 0 0 0 0 34 0 0 1 0 0 0 0 0 0
30 0 5 0 80 0 0 0 0 88 0 0 0 0 0 0 0 0 47 0 0 0 36 0 0 100 0 0 0 0 0 0 0 0 0 0 0 0 0 0 22 64 88 0 0 7 46 85 77 58 0 0 0 0 5 0 0 0 65 0 91 0 0 71 0 0 0 55 0 0 0 54 33 0 67 12 0 0 0 14 85 0 0 91 0 0 24 0 61 83 0 49 0 0 83 0 0 0 0 0
0 0 0 0 0 0 0 0 0 48 16 0 0 0 0 0 0 0 0 0 0 12 0 1 0 0 34 0 0 0 0 0 0 91 0 0 0 0 0 0 0 0 0 0 0 0 0 0 0 0 39 0 90 0 0 0 0 28 0 0 3 0 0 0 0 0 80 35 0 0 0 0 94 0 0 0 0 33 73 0 42 0 29 0 0 48 0 0 0 25 94 0 0 0 0 0 21 9 0 0
0 0 0 0 23 0 0 0 0 88 0 0 0 0 0 0 37 7 0 0 39 33 0 0 51 2 59 0 38 0 0 84 0 0 40 0 81 21 0 32 0 0 0 0 15 0 61 83 0 0 22 0 0 0 0 22 100 0 0 0 0 89 56 0 0 5 0 0 0 0 47 0 90 0 0 0 0 0 0 11 0 0 49 9 0 0 17 0 0 36 0 0 0 0 0 50 0 0 0 0
0 0 0 0 0 0 0 0 0 0 0 0 16 0 0 0 0 0 0 0 54 0 0 41 86 0 0 0 0 0 94 68 0 0 0 0 0 10 0 24 0 0 73 0 0 0 0 0 0 0 0 0 0 87 20 0 0 88 48 0 0 0 0 0 0 13 0 0 5 80 14 0 0 0 0 25 0 0 0 37 91 0 0 0 0 0 45 0 50 12 0 0 0 0 0 0 0 0 0 10
0 0 0 0 0 0 0 0 0 0 0 33 0 35 0 0 0 0 0 51 0 18 0 0 66 0 0 0 0 0 58 0 0 0 74 0 0 0 78 21 0 92 0 0 0 0 0 0 0 0 0 0 0 0 0 0 0 39 0 0 0 5 0 26 0 0 31 0 0 0 0 0 55 0 0 0 0 0 92 0 0 71 0 0 0 75 0 0 0 0 46 82 0 0 51 0 69 0 0 20
12 0 0 10 0 0 0 38 0 0 0 0 0 72 53 0 0 0 0 0 0 0 0 0 36 0 14 69 0 0 0 0 0 0 0 54 0 30 0 45 0 0 0 62 82 0 0 0 0 0 0 15 5 0 0 0 83 29 0 0 0 0 0 50 0 0 0 0 0 0 0 0 0 0 0 0 0 0 0 0 0 46 22 0 0 2 0 0 38 96 0 0 0 0 71 0 0 0 0 0
0 46 0 0 0 0 58 0 0 0 90 0 0 5 0 60 0 0 0 0 0 0 0 0 0 0 0 21 0 48 0 0 58 0 0 56 0 0 0 0 0 0 0 0 0 0 0 0 0 0 0 0 0 0 21 0 0 66 0 0 97 14 0 0 0 0 90 0 0 0 0 0 0 0 0 0 0 0 0 0 21 0 0 41 0 0 29 61 0 0 39 44 0 0 0 0 0 0 0 0
0 0 33 0 0 15 0 0 0 0 0 0 0 0 0 0 0 0 87 0 0 0 5 0 0 0 0 0 0 0 0 1 0 62 76 39 46 87 0 0 0 68 0 0 54 0 74 0 0 0 63 17 41 0 30 0 41 0 0 26 0 0 46 64 0 0 0 61 0 0 55 0 0 0 41 54 0 0 0 0 20 0 0 0 0 0 0 0 89 0 0 0 0 0 0 0 0 93 0 0
0 0 0 0 0 0 0 0 0 69 0 10 0 0 0 87 0 0 0 0 0 0 0 0 0 0 0 31 19 0 48 0 0 0 0 0 0 0 0 0 0 0 0 0 0 0 0 0 98 0 0 0 5 0 49 0 11 0 0 0 0 0 0 5 0 0 0 0 0 0 0 57 0 76 0 0 0 0 0 0 35 27 72 68 0 100 0 0 0 0 0 0 6 3 0 0 14 60 0 0
44 0 25 0 0 0 0 0 0 0 0 0 0 0 0 0 0 53 0 0 0 0 0 0 0 79 0 0 82 0 95 95 19 0 0 33 73 0 0 26 0 13 0 25 0 47 26 14 0 87 0 0 69 0 27 96 0 94 0 0 0 0 0 0 0 0 0 0 45 0 100 0 0 20 0 0 0 0 0 33 0 0 0 61 70 0 29 0 0 0 99 0 0 0 0 0 0 0 0 0
0 2 26 0 24 0 0 0 0 0 71 0 0 0 0 0 49 0 15 0 0 0 0 0 0 26 0 0 0 0 0 0 59 0 0 75 0 58 0 0 15 0 0 0 0 0 0 12 0 0 0 98 0 29 31 21 0 0 0 0 0 0 0 0 0 88 0 0 0 0 0 0 44 0 0 93 0 0 0 0 0 0 0 0 0 31 19 0 0 0 0 63 0 0 0 0 0 0 0 0
0 9 0 0 0 0 0 0 71 0 0 0 75 0 0 0 0 0 0 0 73 0 0 13 0 0 99 45 0 32 0 0 38 0 16 44 21 0 0 0 0 0 0 0 0 90 29 0 0 0 0 0 0 13 0 0 0 42 0 0 0 0 0 0 0 81 0 0 0 0 0 0 0 0 0 0 0 0 2 0 0 0 0 0 0 0 0 0 0 5 0 0 0 0 0 0 0 0 0 0
0 55 0 0 0 0 0 99 0 69 67 0 0 0 85 11 0 0 0 0 28 0 0 0 100 0 0 0 0 0 72 40 100 0 60 0 0 0 12 0 0 0 33 0 0 0 0 0 0 0 0 0 0 0 0 0 57 0 13 83 92 0 0 78 0 66 0 30 28 0 76 0 0 0 0 0 0 0 0 0 0 35 0 0 0 0 0 89 51 0 0 52 0 58 47 0 0 96 0 0
43 0 0 0 62 0 0 67 81 0 0 0 69 0 0 0 0 0 1 67 0 0 83 0 14 0 0 0 0 0 0 0 0 0 0 0 0 0 0 0 0 0 0 0 2 0 0 0 0 82 0 0 0 95 0 0 0 0 0 0 0 0 50 89 0 0 0 0 0 0 0 0 3 0 0 73 30 96 0 0 32 77 0 0 19 0 87 0 75 0 0 16 97 0 0 32 0 0 89 0
0 59 0 0 0 0 57 0 14 0 0 0 0 0 0 0 0 14 0 0 0 2 63 0 0 78 96 0 40 0 0 0 78 0 0 0 59 0 0 0 0 0 0 93 0 58 0 0 55 0 64 0 0 0 86 0 69 0 0 40 65 0 0 0 0 90 0 0 0 0 0 0 0 96 0 0 0 43 0 0 0 0 0 0 0 0 42 0 0 0 0 75 0 61 0 0 11 0 0 52
0 0 0 0 0 0 0 0 0 0 0 0 0 0 0 0 38 98 0 0 0 0 0 0 25 0 72 0 0 0 0 0 57 0 0 0 0 0 0 0 0 0 0 0 0 0 18 32 0 21 0 0 0 48 0 0 97 75 15 0 87 0 0 19 0 0 85 0 22 25 0 0 0 41 99 0 44 0 0 24 0 0 0 0 0 88 0 0 0 30 0 0 0 0 0 0 0 0 65 2
39 0 85 0 0 0 0 30 0 0 0 0 93 0 0 64 14 0 57 0 0 0 0 0 0 90 0 0 0 82 0 0 0 0 84 29 0 0 0 0 15 71 0 0 0 0 0 0 0 0 52 0 78 0 29 0 97 0 0 0 0 0 0 0 0 0 0 51 5 93 0 0 0 0 84 78 0 0 0 0 0 3 0 0 0 0 0 27 94 0 0 77 0 0 0 0 99 43 0 39
0 0 0 0 0 0 0 37 0 0 0 83 25 0 0 0 0 86 0 52 0 0 46 58 0 0 0 0 0 0 0 0 0 3 55 0 0 0 0 34 0 0 25 0 0 5 86 0 0 0 0 0 0 0 0 0 0 0 20 0 94 69 0 0 0 0 21 0 28 0 0 0 0 91 0 0 0 74 13 15 0 0 0 0 49 0 0 12 0 0 0 0 0 0 63 0 0 17 0 0
27 6 0 0 64 0 0 43 0 0 0 0 0 0 28 0 0 0 0 0 52 63 0 0 35 61 0 0 0 0 0 38 0 0 0 0 0 0 0 0 0 0 0 0 0 0 0 0 98 95 0 0 66 0 0 0 6 99 65 10 63 0 0 45 0 0 73 0 0 0 0 82 21 0 0 0 0 3 0 0 0 0 62 0 0 0 0 36 0 63 0 0 0 60 48 26 0 0 0 0
0 0 0 0 0 0 0 0 87 0 0 0 0 0 6 0 0 0 12 0 0 0 0 88 0 0 0 0 1 0 31 0 0 0 0 0 0 0 0 0 0 0 0 18 0 80 0 0 0 2 0 0 0 0 0 0 0 0 0 0 0 0 29 0 0 0 0 94 0 0 0 0 0 0 0 100 0 0 0 0 62 0 0 0 0 0 0 34 0 0 0 0 0 0 1 0 0 62 79 0
73 0 0 0 84 4 0 0 0 6 0 0 0 0 0 26 0 0 0 0 0 0 0 0 0 0 0 0 0 0 0 0 0 0 64 34 0 66 0 0 0 0 0 25 0 0 94 26 95 0 0 0 0 0 0 0 0 0 0 0 0 0 0 0 0 0 39 0 0 42 0 0 0 0 0 0 89 0 0 0 51 81 33 0 0 45 0 0 0 0 0 57 70 64 0 69 0 0 28 75
51 23 0 0 70 3 0 56 0 0 48 0 0 0 72 63 0 0 22 0 0 0 0 0 0 55 0 0 0 0 33 0 40 0 0 0 0 0 0 0 0 0 48 0 0 0 0 0 0 0 83 0 0 0 0 0 0 91 0 0 0 19 0 46 0 0 0 48 0 0 0 0 0 0 94 0 80 88 0 0 0 11 0 0 0 0 0 0 0 0 0 0 4 0 14 0 0 0 41 0
22 0 0 0 0 0 0 0 0 39 0 0 0 0 0 52 0 30 0 0 0 0 0 34 0 0 0 60 0 27 0 0 0 31 0 0 0 3 0 0 0 0 28 0 0 0 0 0 0 0 0 0 0 88 0 0 0 0 66 0 0 0 0 0 0 0 0 0 92 0 55 0 76 0 0 0 0 0 29 0 0 0 5 0 0 0 0 0 56 0 0 6 43 0 41 0 0 0 49 0
0 46 0 0 0 0 0 47 0 0 0 0 0 52 0 0 75 0 0 0 37 0 91 0 0 0 0 0 0 72 0 0 37 0 0 0 0 96 65 0 0 0 55 0 0 13 0 0 29 65 19 51 0 51 55 0 0 0 0 0 0 0 0 6 17 84 0 0 0 0 0 0 74 0 0 0 0 0 31 0 0 0 0 0 0 0 60 0 0 0 0 84 0 21 0 0 90 0 14 41
0 0 0 76 0 0 0 0 0 0 0 0 60 56 0 0 12 0 0 0 5 0 0 0 0 0 73 0 0 0 0 45 69 0 0 0 0 0 24 0 83 0 0 83 0 0 0 58 0 0 0 0 0 0 0 0 93 0 0 0 0 0 0 0 0 0 80 0 0 0 0 0 0 0 0 0 0 9 41 9 6 0 0 0 0 0 28 33 30 0 53 0 0 0 0 0 97 0 0 0
78 0 0 0 0 0 0 25 0 38 0 0 0 0 21 0 0 0 0 0 62 42 0 68 0 0 0 4 0 0 0 87 0 0 53 0 51 0 0 0 0 86 0 0 0 0 0 0 0 0 33 26 0 0 86 84 0 29 0 0 0 0 0 0 0 0 86 0 0 55 0 0 0 0 0 0 0 0 0 0 0 0 79 0 97 0 34 0 0 0 0 0 0 0 0 0 0 0 0 96
0 0 58 0 0 0 0 0 0 0 0 0 0 0 63 0 0 0 99 0 0 0 0 80 0 0 50 0 0 0 0 0 0 0 60 30 0 0 0 82 0 0 0 0 0 0 0 94 0 0 0 0 0 0 16 0 0 0 99 0 0 0 0 26 0 0 0 0 0 0 0 0 0 0 0 0 74 0 49 0 60 0 0 0 0 0 0 0 32 0 0 0 0 92 18 98 0 0 0 0
0 0 43 56 0 46 0 0 0 0 0 0 0 0 92 0 11 0 0 0 60 51 72 0 0 0 0 47 14 0 0 99 0 0 85 0 0 0 0 0 0 0 0 0 71 0 84 31 0 0 0 0 0 0 0 0 0 0 0 0 0 78 0 51 0 0 0 0 0 0 0 0 3 0 0 0 0 0 0 0 0 59 0 85 4 0 0 57 0 85 1 0 0 53 97 0 0 95 0 0
62 0 40 0 0 0 68 0 83 12 0 0 0 0 0 94 0 0 0 0 0 14 0 0 0 16 0 0 82 64 0 0 39 0 8 0 0 17 0 36 56 0 0 0 79 0 0 0 23 0 0 0 0 17 76 0 0 0 0 0 0 0 0 0 12 0 0 0 14 0 0 80 0 70 0 56 0 64 0 0 0 0 17 0 0 47 0 0 0 0 61 0 0 0 0 0 0 0 0 0
0 33 0 0 0 0 0 82 0 0 42 0 0 0 0 0 0 36 0 0 0 0 0 0 0 0 0 0 0 70 0 0 0 6 29 0 0 47 0 0 0 0 0 0 54 0 0 28 0 0 0 0 0 0 0 0 0 0 0 23 0 71 0 0 0 0 0 0 0 0 0 68 35 17 99 28 0 100 93 0 0 0 0 0 76 3 5 0 0 0 0 0 0 0 0 0 27 60 0 0
0 0 11 0 39 0 0 0 5 99 0 0 0 0 0 0 0 0 0 0 14 25 0 0 0 0 0 35 0 0 0 0 0 0 0 0 0 0 0 0 0 38 0 8 91 0 0 0 79 0 58 0 0 98 60 0 0 0 0 0 0 0 0 0 78 0 0 50 0 79 30 0 24 0 0 0 0 0 0 26 0 75 0 0 0 0 0 77 0 0 0 62 0 53 0 64 0 0 0 25
0 0 0 0 0 57 0 0 0 0 0 0 0 0 0 0 67 6 0 0 0 0 38 0 0 0 0 78 0 23 0 0 0 41 0 61 0 0 0 0 0 0 0 0 0 50 0 0 0 0 0 5 0 91 0 0 36 0 68 0 0 83 0 44 0 0 93 25 33 0 0 0 0 80 0 1 0 0 0 0 0 0 0 12 0 0 0 0 100 89 0 0 0 88 45 0 9 0 0 0
79 0 16 32 0 75 0 0 29 96 0 0 0 0 0 40 0 0 24 0 76 0 0 85 0 0 99 0 0 0 0 0 0 73 0 80 0 0 0 0 39 0 0 0 0 0 0 0 0 0 0 0 45 48 0 0 0 0 0 0 0 48 0 0 0 0 0 0 0 0 0 0 71 0 0 0 0 20 40 0 86 0 0 65 0 54 30 0 50 93 0 0 0 0 0 0 93 94 0 0
0 64 0 0 0 0 0 0 96 47 0 0 0 0 0 84 0 0 58 30 49 0 0 0 31 0 0 0 0 74 0 0 0 0 0 0 0 0 1 0 0 0 0 0 70 0 93 0 0 0 0 0 0 0 0 0 0 0 0 0 0 95 62 0 0 0 0 41 0 0 86 0 0 0 25 0 98 0 0 0 66 0 0 0 0 12 36 0 17 0 85 40 30 0 82 0 0 0 0 0
0 0 0 0 0 0 2 0 0 6 0 79 16 0 0 0 44 0 0 0 0 0 75 0 95 79 0 0 0 16 0 0 0 0 97 0 0 17 0 0 0 0 0 0 0 0 0 0 0 0 0 0 0 0 0 0 0 0 0 0 0 0 0 87 0 0 0 0 0 0 0 59 0 0 0 60 43 76 0 76 0 0 0 7 0 0 90 0 0 57 90 0 78 0 48 0 0 0 0 0
0 49 0 0 0 0 0 0 98 0 0 0 0 30 24 0 0 43 0 0 0 25 0 0 0 0 74 0 0 0 0 0 0 0 0 7 0 0 91 84 0 46 24 0 82 0 0 0 0 0 76 63 0 0 40 0 0 0 0 0 0 92 0 0 0 65 0 0 0 0 98 0 0 86 0 0 0 0 0 0 0 0 0 0 0 0 0 0 0 0 0 0 0 0 57 0 29 18 0 7
0 0 0 0 0 22 60 0 12 0 0 0 0 0 0 0 0 0 0 0 78 9 0 0 0 0 20 0 0 0 0 0 55 0 0 0 0 0 0 0 97 0 0 38 0 0 0 16 0 0 0 0 0 0 68 0 0 0 0 0 0 0 55 22 8 0 0 36 0 63 0 0 0 0 0 0 0 0 0 0 0 0 0 0 0 0 0 0 0 0 0 0 55 0 0 0 0 0 0 0
0 51 21 0 0 0 0 60 85 98 0 0 0 33 72 52 0 0 0 0 0 0 73 61 0 0 22 0 0 0 0 0 29 0 69 0 53 0 0 0 43 0 0 10 0 0 0 0 0 0 90 0 18 0 0 0 0 0 72 0 37 0 74 0 42 0 0 0 28 0 0 0 11 0 0 0 0 32 0 0 62 0 0 0 0 0 0 0 0 18 0 82 0 24 10 0 24 0 0 97
0 86 0 0 33 0 0 0 26 38 0 72 0 88 0 0 41 0 0 0 0 0 0 69 45 0 0 0 0 4 0 0 0 0 0 0 0 0 0 0 0 0 0 46 0 0 0 0 0 24 0 0 88 0 70 40 0 89 58 0 0 0 0 96 22 0 0 0 0 0 0 0 65 36 0 0 0 0 0 0 0 0 18 0 0 0 39 1 0 39 0 0 0 0 19 0 0 35 22 75
0 0 0 0 0 0 0 0 0 0 0 47 0 18 0 5 34 0 87 0 45 0 0 0 0 0 0 0 0 0 0 0 0 37 0 0 0 0 0 0 0 0 38 0 0 0 0 0 61 0 0 0 0 61 61 0 14 0 0 0 82 0 0 0 0 0 0 0 17 57 0 0 17 100 0 81 6 0 24 0 0 67 0 8 0 0 0 0 0 57 0 81 0 0 0 0 47 0 0 0
0 17 0 0 0 0 89 0 0 0 8 0 0 0 0 0 0 10 7 0 0 0 66 61 100 72 19 0 0 0 0 0 0 0 1 0 0 0 0 0 0 0 0 0 0 0 0 0 25 96 0 0 0 0 0 0 0 0 66 0 0 0 0 0 56 0 92 0 0 0 36 0 0 0 100 0 0 28 0 0 67 0 0 74 0 0 61 43 0 0 0 0 0 0 0 92 38 60 0 0
9 15 0 0 0 0 40 0 0 0 0 0 0 0 0 0 0 86 0 0 0 0 0 0 0 79 50 58 30 0 0 0 0 0 0 0 29 0 75 0 0 0 0 64 0 0 0 67 0 0 83 0 0 0 89 0 21 70 0 34 0 0 0 63 0 0 75 0 0 0 0 0 0 50 0 0 39 52 0 24 0 0 0 0 0 0 0 40 0 0 0 48 0 0 0 0 0 0 36 0
0 0 0 0 0 0 39 82 0 87 0 0 0 0 0 74 0 0 0 0 99 83 3 0 66 0 0 10 78 0 0 0 0 0 0 0 0 0 0 54 92 0 86 0 0 0 39 0 0 21 0 8 0 92 0 0 0 100 0 0 0 0 81 0 0 0 0 0 0 7 0 0 0 0 84 10 0 0 0 27 0 0 72 0 83 0 0 60 0 0 72 15 0 0 0 90 0 95 0 0
0 0 0 0 0 12 39 56 0 0 0 0 0 0 0 84 0 0 5 0 0 0 0 0 40 0 69 9 29 0 36 46 0 0 0 0 76 0 91 0 0 92 88 60 0 0 0 0 0 0 0 0 24 0 0 0 0 12 0 0 0 0 0 0 0 0 0 75 0 0 0 49 0 0 29 0 69 94 0 0 100 0 0 0 0 0 0 0 51 0 0 0 0 0 0 0 0 0 0 0
90 0 17 0 0 0 0 0 38 0 56 0 0 21 0 0 0 0 0 17 97 0 0 0 5 26 23 0 0 67 0 0 0 25 0 0 97 79 95 0 0 0 0 0 0 0 0 29 0 0 0 0 0 0 0 0 44 76 35 0 1 0 27 58 0 0 0 0 0 79 0 0 49 0 0 0 0 0 0 0 0 0 0 0 6 0 52 0 0 93 0 0 19 0 20 0 0 0 33 0
15 0 0 0 0 82 0 0 0 0 0 0 0 0 49 0 0 0 0 0 0 0 0 0 0 0 81 0 0 0 0 0 0 0 0 0 0 0 0 0 0 0 67 0 92 13 0 26 0 0 0 25 0 43 0 0 0 0 5 0 0 0 24 0 0 56 0 0 0 0 0 64 0 0 0 0 0 0 0 39 0 0 0 0 2 0 27 32 0 0 0 0 0 0 0 45 0 0 0 11
0 39 0 0 0 0 0 54 0 0 55 14 0 36 0 0 0 0 0 0 0 0 93 0 0 0 0 0 71 0 0 0 23 0 0 84 0 42 0 74 0 0 0 98 78 0 1 0 0 0 0 52 0 93 0 0 0 98 0 0 0 0 0 0 0 0 0 0 15 0 0 0 0 63 9 0 0 0 0 0 0 0 0 46 0 71 54 0 0 0 0 0 0 0 0 36 0 0 30 0
0 0 0 0 0 80 0 0 0 56 0 0 0 0 0 0 77 0 0 54 0 0 0 0 90 0 50 0 0 0 0 0 0 0 0 0 0 0 0 0 0 0 0 0 0 0 0 0 0 0 0 0 0 0 0 19 0 0 0 84 87 0 0 0 0 38 0 0 0 0 0 0 0 29 0 0 18 67 0 0 28 43 0 0 0 0 0 7 19 0 0 0 0 0 0 67 25 0 0 100
0 33 88 0 65 0 0 0 0 0 0 60 33 0 0 0 98 0 70 0 0 0 31 0 0 0 0 0 0 57 0 83 0 0 0 0 93 0 75 0 87 0 0 0 0 0 53 86 64 70 0 0 39 1 0 57 0 0 0 0 0 0 0 0 0 89 0 0 0 59 62 0 0 23 8 85 0 0 0 0 0 0 0 63 0 0 0 70 0 8 0 42 77 0 0 0 0 0 0 0
63 89 0 0 0 29 0 0 0 0 39 91 0 0 0 0 0 0 0 0 61 0 0 0 22 0 0 0 47 0 0 74 0 0 0 0 0 19 0 0 87 76 0 0 0 0 0 0 0 0 0 64 25 0 0 0 91 93 0 0 0 0 64 0 0 0 0 0 0 0 18 0 67 0 84 0 0 82 0 0 0 0 0 0 0 48 0 0 0 0 63 0 0 0 93 0 16 0 0 0
0 0 98 0 0 0 0 48 0 0 31 0 0 0 66 98 0 0 0 0 0 0 0 0 30 0 68 0 11 0 0 0 0 0 0 82 14 0 0 0 0 0 97 0 59 0 0 0 0 0 86 0 0 0 0 0 0 0 27 81 0 0 0 47 0 41 82 73 0 0 0 0 0 0 0 0 0 0 0 73 0 0 0 0 0 0 0 0 0 80 0 0 58 0 0 0 0 0 0 0
0 0 0 0 0 0 27 0 42 0 0 32 0 0 19 0 0 0 0 0 0 0 0 0 0 50 0 0 0 0 26 0 0 0 0 0 0 0 0 0 15 0 24 21 0 0 0 0 0 26 0 0 0 0 96 0 0 0 0 0 0 0 0 0 0 59 0 0 0 0 0 0 52 0 37 11 91 0 11 24 0 0 0 0 0 82 0 6 0 0 0 0 0 70 42 0 0 0 0 0
0 0 0 0 50 0 73 0 3 0 47 0 0 0 0 79 0 0 0 0 0 0 0 0 0 0 0 0 0 0 91 50 0 87 0 0 0 72 0 0 0 69 0 0 49 0 0 0 0 0 0 0 28 0 33 0 78 59 0 77 0 59 0 0 14 0 86 14 0 0 0 0 35 0 0 0 89 0 0 24 0 0 0 0 0 0 0 0 0 48 0 0 72 0 0 0 0 0 0 0
38 0 0 0 0 0 0 73 50 7 0 0 85 0 0 0 0 94 0 0 0 65 0 0 0 0 0 0 0 0 0 0 0 0 0 0 0 0 0 89 0 94 0 0 13 32 19 0 0 45 0 0 0 4 0 0 0 39 0 14 0 0 0 0 65 88 56 0 0 0 85 0 0 0 0 0 0 70 0 91 0 0 13 0 0 0 0 0 99 46 0 0 0 0 0 0 0 0 0 0
0 0 0 33 0 14 0 0 0 0 71 0 63 0 0 0 0 50 0 0 0 0 0 0 0 70 0 0 0 55 15 0 0 23 0 0 86 0 0 93 0 0 0 15 0 0 28 0 99 0 0 0 0 0 44 0 0 0 0 0 38 0 0 0 0 41 0 69 0 16 0 0 0 0 0 0 20 0 0 0 0 0 0 0 0 0 0 0 0 0 0 0 0 0 0 74 0 0 0 0
0 96 0 0 0 42 0 0 0 0 0 27 38 0 0 0 0 0 0 57 0 0 0 19 58 0 0 0 61 0 0 0 87 0 73 0 0 0 0 0 0 0 0 0 61 0 0 0 0 0 0 0 0 0 77 0 0 0 0 84 0 0 0 0 0 0 33 0 0 0 0 0 53 0 0 0 33 0 0 0 43 0 0 0 0 0 0 81 51 0 0 0 0 0 35 0 0 0 0 47
0 0 0 0 0 0 14 0 0 0 0 0 0 0 0 0 0 0 0 0 0 0 0 0 0 0 0 0 0 0 0 49 0 0 0 0 0 0 86 0 60 0 0 0 0 0 0 28 0 57 0 0 0 0 0 0 0 0 76 0 0 76 0 0 0 0 0 70 48 0 0 91 0 12 98 0 0 0 60 0 0 0 0 0 0 0 0 5 85 5 0 46 0 61 0 74 92 0 0 0
0 0 0 33 79 0 0 0 0 0 0 0 0 0 0 19 28 0 0 0 0 37 0 32 0 11 0 0 0 0 94 0 0 0 0 57 61 0 0 0 0 0 0 21 0 0 0 0 0 0 50 0 0 0 0 0 0 0 95 0 0 0 0 13 0 0 58 0 0 45 0 0 0 60 0 0 0 0 0 0 0 54 0 0 0 43 28 0 0 9 89 0 31 0 0 0 63 0 0 0
50 0 0 46 0 59 0 55 11 0 0 0 0 0 0 73 0 0 0 0 0 0 73 87 0 0 0 0 0 98 69 70 39 52 0 0 0 0 97 0 0 39 98 0 0 0 59 72 0 67 0 24 0 69 0 58 0 58 0 0 0 0 0 0 0 47 38 0 0 0 0 0 0 12 83 0 0 0 0 0 0 0 98 0 0 0 0 0 39 0 0 0 73 0 0 0 0 42 0 0
0 18 60 0 0 0 0 0 0 0 0 0 71 0 0 0 35 0 0 0 29 0 100 84 0 0 95 0 0 0 17 2 12 0 37 0 48 73 17 0 27 0 0 52 0 96 0 0 0 0 0 17 0 0 0 60 0 0 43 0 97 0 0 0 0 0 0 51 0 0 0 0 70 0 0 0 0 0 92 0 94 72 0 0 0 0 25 0 0 0 96 0 15 0 0 0 0 9 0 0
0 0 0 0 0 0 0 0 0 0 0 89 0 0 0 0 0 0 0 0 0 0 0 0 0 99 0 0 9 0 0 0 47 0 0 0 0 0 0 0 0 0 32 0 0 0 0 90 89 84 0 0 0 0 0 0 0 0 0 89 0 21 0 0 0 0 0 2 0 0 0 0 0 0 79 0 10 0 0 0 0 0 0 89 0 0 0 0 0 2 0 43 74 0 0 0 0 0 20 22
0 0 0 0 0 0 0 0 0 0 0 39 0 0 0 0 0 51 0 6 0 0 0 0 0 15 41 0 0 0 0 0 0 0 0 16 0 0 0 79 0 0 1 0 0 1 0 0 0 0 0 0 0 0 0 0 0 0 100 0 0 0 0 0 0 0 0 0 0 0 0 0 0 0 51 0 59 0 0 43 0 0 0 0 0 14 71 43 0 0 0 0 0 0 0 46 0 0 0 0
46 0 0 54 90 71 1 13 0 68 97 0 68 0 0 0 0 68 0 15 0 0 0 0 0 0 0 69 0 0 64 0 0 0 0 0 0 0 0 0 0 0 0 0 0 0 0 37 0 0 0 0 0 0 41 0 0 0 42 0 0 0 0 0 46 66 0 59 0 0 0 0 0 81 0 0 0 0 0 0 0 0 0 0 0 0 0 0 28 8 0 0 0 0 0 20 60 0 0 64
0 0 15 0 0 81 0 15 0 0 32 0 0 16 0 59 0 0 0 85 2 99 0 0 0 0 0 0 0 0 0 0 0 0 0 71 0 4 0 88 0 55 19 99 0 0 0 10 0 0 0 67 0 65 26 0 0 0 0 0 0 0 0 0 0 0 0 0 0 0 0 0 43 0 0 0 7 0 0 61 0 65 0 0 0 0 0 95 0 54 0 0 0 0 98 30 0 0 0 0
0 0 14 0 30 35 91 0 0 0 12 0 0 28 0 0 0 0 0 0 0 1 0 0 0 0 0 0 0 0 0 0 0 0 0 59 53 0 0 0 0 0 48 0 32 0 0 0 0 0 0 0 0 0 0 0 0 0 0 62 0 0 0 0 0 0 0 0 77 0 0 0 92 0 0 28 0 84 0 0 48 0 0 0 0 0 0 0 35 0 11 0 0 0 0 0 0 0 0 0
0 0 96 0 0 0 0 0 0 0 0 0 82 57 0 0 0 0 0 14 0 0 0 97 83 0 0 0 0 0 0 9 0 0 50 0 0 0 0 0 0 0 0 58 0 0 48 0 0 0 0 0 0 0 0 0 0 0 0 0 0 0 0 0 3 0 10 0 0 37 0 0 0 0 0 0 0 0 0 0 42 0 0 0 0 12 0 0 37 0 15 0 0 0 28 0 23 36 75 0
0 0 0 0 0 0 0 0 0 0 0 0 0 0 0 6 0 0 0 0 0 0 0 45 76 65 39 0 0 0 0 0 0 0 30 0 0 0 0 0 0 0 1 0 0 0 0 0 0 60 0 0 0 0 19 0 47 0 0 0 0 0 0 0 42 0 0 0 0 0 0 0 45 0 0 0 0 0 0 0 0 60 0 28 57 0 10 0 0 24 0 0 0 55 0 0 0 0 0 0
74 0 0 0 0 84 0 19 0 29 0 54 66 0 30 0 0 67 74 0 0 31 0 0 0 0 0 17 23 0 0 0 71 0 0 0 0 0 0 0 0 0 0 0 0 0 41 0 0 0 0 0 0 0 0 0 0 0 97 0 0 0 0 0 4 0 0 0 0 0 65 23 0 0 0 0 0 0 0 0 74 20 50 0 0 31 75 70 66 0 9 0 52 48 0 0 0 0 0 0
0 0 0 0 0 0 50 0 0 0 8 0 0 0 0 0 44 0 0 0 7 0 0 54 0 0 0 0 0 91 0 0 1 0 0 0 0 0 0 54 0 0 0 0 0 0 0 7 0 0 0 0 0 0 41 0 0 0 0 0 0 71 0 0 0 0 72 9 0 0 0 0 0 0 0 0 0 83 0 0 0 0 0 22 0 0 91 21 0 0 0 0 0 0 0 0 52 0 0 0
0 0 0 0 0 0 83 33 0 0 0 0 87 0 0 0 0 0 0 98 0 0 0 0 46 0 0 33 0 0 0 69 0 33 0 0 0 0 0 0 0 0 52 0 0 0 91 0 0 0 72 3 0 0 22 0 0 0 0 0 0 44 20 0 29 26 0 0 0 0 0 0 0 0 0 0 57 0 0 0 0 0 0 0 0 0 78 0 0 0 0 0 0 0 0 0 0 0 0 0
0 53 69 0 0 0 0 0 93 93 3 0 53 0 0 70 0 0 63 0 14 94 0 83 0 0 80 0 22 0 41 0 0 0 0 0 0 33 0 0 0 0 54 0 14 0 0 57 0 0 0 72 0 0 0 60 0 0 27 0 0 0 0 5 0 0 0 0 0 46 0 0 0 0 0 0 0 0 0 82 0 35 0 0 0 0 0 0 0 0 0 0 0 0 0 0 0 0 16 0
0 0 86 28 0 34 0 0 0 0 0 0 0 0 0 0 0 25 0 0 0 0 0 1 0 0 0 21 0 0 0 89 0 0 14 0 25 0 0 0 0 2 0 0 0 0 0 37 0 0 0 0 0 0 0 0 0 60 0 0 0 0 0 0 0 0 0 0 0 0 97 0 80 0 0 50 0 0 0 49 0 0 0 0 0 0 0 0 0 0 0 0 0 1 0 0 0 0 82 0
0 0 0 0 0 0 0 0 0 18 0 0 74 0 0 0 0 96 0 0 0 55 0 0 51 87 78 0 0 0 0 0 45 0 0 57 67 0 43 0 0 0 0 0 68 0 0 0 0 0 0 0 0 10 0 0 0 0 70 0 74 0 0 0 0 0 0 0 0 100 0 0 0 0 87 0 10 31 0 0 4 77 0 41 73 0 3 0 65 0 0 0 18 0 0 0 0 28 1 87
0 0 0 75 0 33 0 0 3 0 0 0 0 0 0 0 0 0 15 0 0 0 0 11 0 0 3 0 0 59 0 23 4 0 38 0 0 0 79 0 0 0 0 0 0 0 51 0 26 0 0 57 0 43 0 0 0 0 30 0 85 11 95 0 0 0 0 30 0 95 0 0 7 0 0 0 0 0 0 46 0 0 0 0 0 55 0 15 0 0 13 0 0 0 0 0 0 0 0 0
0 0 13 0 0 0 0 0 0 15 2 0 0 0 0 45 0 0 64 0 82 0 0 55 0 0 0 7 28 0 0 0 0 0 0 26 0 51 0 6 0 0 0 0 0 6 0 0 3 0 0 0 0 0 0 0 0 0 53 0 0 0 0 0 5 81 84 69 20 16 0 52 0 0 42 0 0 0 95 0 0 0 0 0 0 61 0 0 0 0 26 0 0 0 0 0 0 88 72 47
21 86 93 0 0 100 0 9 23 30 0 0 0 32 0 0 0 0 33 19 0 0 87 0 0 0 0 0 0 44 57 0 0 0 51 0 0 0 0 0 0 0 98 0 0 0 0 0 0 67 0 69 0 0 0 0 79 0 49 0 0 71 48 62 0 0 0 0 0 0 0 0 56 74 0 0 60 0 0 0 0 0 0 0 0 0 34 0 0 0 32 0 0 0 0 86 0 0 88 59
24 0 0 0 0 0 38 0 0 0 47 0 0 4 0 0 5 0 0 0 0 0 61 0 0 0 0 0 13 0 94 0 0 11 14 43 0 76 0 0 68 0 0 0 51 0 0 4 0 0 55 34 0 0 0 0 0 0 0 0 0 0 0 0 0 57 0 0 33 91 0 0 0 0 6 0 0 0 37 0 0 0 71 0 0 89 0 36 0 0 1 0 0 0 0 0 0 47 0 0
57 0 0 0 0 31 0 0 0 0 0 33 0 0 0 0 0 66 75 0 32 0 0 0 0 0 0 0 16 0 26 0 0 0 19 0 0 0 70 0 0 0 0 0 0 0 71 0 0 0 42 0 0 0 0 0 97 0 0 0 98 90 0 0 0 0 0 0 0 0 0 0 38 58 0 0 0 0 77 0 0 55 0 0 0 54 87 0 63 0 0 0 0 0 0 0 0 0 0 57
0 61 31 42 0 0 61 41 56 0 84 0 0 15 0 0 0 0 0 0 0 0 0 0 24 94 2 0 0 0 0 83 0 0 0 0 0 0 0 5 0 0 0 0 81 38 0 0 0 0 0 0 0 0 86 3 0 96 0 0 0 17 0 0 0 0 0 6 0 59 22 0 0 0 0 0 95 0 0 75 84 96 0 67 0 0 92 0 0 0 81 13 0 97 0 41 0 0 65 0
0 0 14 0 0 0 1 0 49 0 0 34 0 0 49 4 65 0 0 0 0 3 0 0 0 12 0 0 7 0 0 0 0 77 0 0 0 0 0 0 49 38 0 0 64 7 0 0 0 0 0 0 0 45 0 87 11 0 57 0 85 19 0 57 33 0 0 0 0 0 0 0 59 0 26 23 0 53 0 0 51 0 0 0 0 0 80 0 0 0 0 0 0 0 9 0 0 0 0 0
0 0 0 43 0 0 46 0 0 0 0 0 81 0 0 0 0 0 52 20 0 0 0 0 0 25 67 28 0 79 0 36 0 0 0 0 0 0 41 29 0 0 0 0 0 75 0 0 0 0 0 0 0 0 0 0 0 0 76 0 97 47 83 0 92 0 0 0 49 0 0 78 93 0 0 0 0 76 0 0 0 0 0 66 0 0 0 0 82 22 0 0 0 0 0 0 25 82 1 100
75 0 0 0 0 0 0 0 0 0 0 0 0 0 0 0 0 33 0 0 0 0 0 0 0 40 0 0 0 0 0 0 0 0 0 0 0 51 0 0 0 4 0 0 0 0 0 0 0 0 0 0 0 0 19 0 0 69 0 0 0 0 0 53 0 0 0 28 0 0 0 0 0 0 0 0 0 0 0 68 0 0 0 0 0 0 0 0 0 0 0 0 63 26 55 0 0 69 0 0
63 0 0 0 0 0 0 8 0 0 0 0 0 0 32 0 0 84 20 0 59 84 64 0 9 89 0 10 0 0 70 0 59 0 0 0 0 0 0 0 76 7 0 0 0 0 0 0 0 0 0 0 0 0 58 0 0 4 0 0 0 0 0 34 0 0 0 0 0 0 67 93 0 0 0 0 0 0 31 0 18 0 0 0 38 40 0 1 0 67 0 0 0 0 0 0 0 0 0 85
81 0 0 0 0 0 0 0 0 0 0 0 0 0 0 0 0 0 0 21 0 0 0 75 11 0 0 0 91 0 0 0 0 0 0 0 75 71 0 0 0 0 92 0 0 0 0 0 0 0 0 0 0 0 5 0 0 0 0 0 0 0 0 74 46 0 0 0 0 0 0 42 0 0 0 0 0 34 0 57 0 26 0 0 0 0 0 0 0 0 0 0 0 0 0 0 36 0 0 0
58 0 0 0 0 0 0 76 0 14 99 0 0 0 0 0 0 70 27 0 1 59 0 0 0 95 10 0 11 0 0 19 0 0 0 0 0 68 0 0 0 0 0 3 0 52 83 0 0 0 0 0 0 37 0 0 0 82 16 0 0 0 0 53 18 0 10 0 0 0 0 0 0 84 0 0 0 0 0 0 0 0 89 15 0 0 0 0 0 0 0 0 0 0 0 0 0 0 0 0
0 56 0 0 0 0 0 0 0 0 0 0 0 0 0 0 0 0 0 0 31 0 0 0 51 42 0 0 0 0 0 0 0 0 51 0 0 0 99 0 0 0 67 0 21 0 76 0 0 0 14 71 0 0 0 71 31 0 0 41 0 0 70 0 0 0 0 0 0 0 0 0 0 0 0 0 0 37 0 0 70 0 40 83 21 13 38 0 0 0 40 0 0 0 6 0 0 0 0 0
0 0 98 0 0 0 0 0 0 61 71 0 0 0 0 0 0 0 0 0 44 0 68 0 0 85 0 0 1 0 2 0 0 6 0 0 0 0 3 0 0 56 0 0 0 0 0 0 0 0 0 0 0 0 0 60 0 0 0 99 0 0 87 0 92 0 0 0 0 0 0 0 0 0 6 0 0 0 0 0 0 0 0 0 0 0 0 0 0 0 0 32 0 22 0 0 0 0 86 0
0 29 0 0 16 0 0 0 0 35 47 41 0 0 0 0 0 0 0 0 0 41 0 0 0 0 0 13 0 72 0 0 0 7 0 0 70 0 0 0 0 83 0 0 81 13 0 0 66 0 0 0 0 0 88 12 46 38 27 0 0 35 0 0 89 0 0 0 0 0 0 98 25 83 0 0 0 0 0 0 13 0 0 86 0 98 39 88 0 12 0 0 0 79 0 0 0 0 100 0
0 0 0 0 0 0 0 51 0 0 0 0 0 0 50 33 0 0 0 0 0 51 0 0 0 0 0 0 34 0 0 0 0 72 0 83 0 51 0 0 0 0 0 0 93 25 13 18 0 14 0 0 18 53 0 0 0 0 0 29 0 0 0 0 0 10 29 0 43 0 0 100 0 71 0 30 0 0 22 0 0 0 0 94 0 34 34 0 0 53 0 0 0 0 0 0 0 0 0 0
60 99 0 17 36 0 0 24 85 55 0 0 0 47 0 13 0 0 0 0 0 0 0 0 0 31 26 50 0 0 0 22 0 0 0 0 0 0 0 0 0 0 0 0 18 0 0 0 0 0 0 0 0 0 0 24 0 0 83 0 0 24 0 0 18 0 0 0 0 0 0 0 0 59 0 46 0 0 0 0 0 0 0 54 98 0 22 0 0 0 94 96 0 99 0 0 0 17 0 0