100
0 0 0 0 0 0 0 0 0 0 12 0 0 0 0 87 0 0 0 0 26 0 0 0 0 0 95 67 0 0 0 0 0 0 0 0 74 0 0 0 89 0 0 0 87 0 0 0 0 0 0 56 0 0 0 0 17 0 12 0 0 0 0 0 0 0 0 0 94 0 0 0 0 0 0 27 18 0 0 0 57 56 0 0 98 0 0 0 0 0 0 0 0 0 0 0 0 0 43 0
0 0 18 25 74 0 0 70 0 0 0 0 0 0 0 0 0 9 0 43 0 79 0 0 0 0 0 0 0 0 0 0 0 57 0 0 0 0 0 0 0 0 0 80 0 4 0 0 0 0 88 0 0 0 0 0 0 0 0 0 0 94 0 0 48 0 0 0 0 0 0 46 84 0 71 95 0 0 0 32 0 0 34 0 0 0 0 0 54 0 0 0 0 0 0 0 0 38 0 68
0 0 0 0 0 55 0 19 0 0 57 0 0 0 45 0 63 16 0 6 0 0 0 0 0 26 0 0 0 0 0 0 32 0 13 35 74 54 0 0 0 0 7 0 0 0 42 0 65 34 0 0 0 12 0 0 0 0 0 0 0 45 84 0 0 0 77 67 52 35 29 0 12 0 0 30 45 0 0 0 0 0 0 0 0 81 0 30 0 0 84 13 0 0 0 88 0 0 0 0
0 0 0 0 35 0 0 0 0 0 1 0 57 0 0 0 0 29 0 0 0 0 0 0 0 0 0 42 0 6 0 0 0 19 0 16 0 0 0 9 8 0 0 51 0 0 0 0 0 0 0 0 73 83 0 0 0 0 0 41 0 0 0 9 0 0 0 0 0 0 0 0 0 0 0 85 60 0 0 0 0 0 0 0 0 0 0 0 98 0 0 6 0 0 0 0 0 0 0 0
0 0 0 0 0 13 100 0 0 0 41 0 48 0 0 0 6 0 0 0 0 0 0 0 81 0 87 0 0 0 0 0 0 0 0 0 0 49 0 40 0 0 0 1 0 0 78 0 30 0 0 87 0 0 0 87 0 0 0 2 0 0 0 44 31 0 0 0 0 0 0 0 0 0 0 0 0 0 0 0 0 0 100 0 0 0 0 0 0 93 0 0 0 0 0 0 0 0 33 0
0 0 78 0 0 0 79 0 70 0 0 0 94 0 0 0 0 76 86 0 0 91 0 6 0 0 0 0 55 0 0 68 0 0 61 0 0 0 0 0 0 0 0 88 0 41 0 0 0 0 0 0 0 0 0 28 0 0 0 58 0 0 0 0 0 0 59 52 0 0 0 0 0 32 0 84 0 71 0 0 0 15 75 0 0 0 0 0 0 95 0 0 64 0 0 0 0 0 0 0
0 0 0 99 0 0 0 0 0 0 0 0 0 0 0 96 0 0 0 0 0 0 79 0 0 0 0 0 0 0 11 0 0 0 0 56 0 0 0 92 97 0 48 7 0 82 4 0 0 0 0 35 0 0 66 0 76 50 0 0 0 0 0 91 10 0 82 60 0 84 0 0 0 0 0 0 92 0 0 0 0 0 0 0 51 0 0 61 0 0 0 0 73 95 17 0 13 0 60 92
22 0 0 9 0 0 0 0 0 0 0 0 0 0 0 0 0 75 0 0 60 0 72 0 0 0 0 0 31 0 0 99 0 0 0 34 31 0 0 0 9 55 14 0 0 0 0 0 39 0 0 0 0 0 0 0 0 0 0 0 35 98 0 79 0 0 32 0 0 79 51 0 0 0 0 0 0 0 55 0 0 0 68 0 0 0 0 0 0 0 15 0 94 65 0 0 0 0 87 0
91 0 7 0 0 0 0 0 0 0 0 0 0 0 0 96 0 45 0 0 62 0 32 88 0 0 0 0 0 0 30 52 0 0 46 0 0 0 0 0 0 0 0 43 0 0 0 0 0 0 0 0 67 0 0 62 58 66 0 49 0 0 2 0 0 29 0 0 0 0 0 0 0 0 0 0 0 74 4 0 0 0 0 0 58 11 0 0 0 94 0 0 0 14 0 0 83 65 0 0
43 0 0 0 0 53 69 80 0 0 46 17 76 0 0 0 0 0 0 0 0 72 0 0 0 54 0 0 92 0 0 0 76 0 0 0 0 0 0 94 0 62 0 0 0 12 0 0 0 4 48 0 0 39 0 0 0 15 0 0 0 0 0 57 0 0 0 0 0 84 0 0 0 0 0 0 65 0 0 0 0 5 0 0 0 0 75 0 0 0 0 0 0 0 0 0 0 0 0 38
29 0 87 0 13 0 0 25 36 0 0 0 74 0 19 0 0 0 0 0 0 0 0 0 0 0 0 0 0 0 0 0 0 0 0 8 11 0 68 0 69 0 0 0 0 0 0 94 0 20 0 0 0 0 0 0 0 21 56 0 55 90 0 0 0 0 0 2 0 0 0 0 0 0 0 93 0 0 0 12 0 0 0 0 0 0 0 0 0 0 0 0 6 0 0 0 52 100 0 20
0 3 0 0 6 0 0 75 0 0 0 0 79 0 0 0 0 0 0 81 27 0 0 0 0 52 0 10 0 0 0 0 0 0 0 0 42 0 64 55 49 0 96 0 0 0 0 0 99 0 0 0 65 0 0 0 43 67 0 0 0 0 0 0 83 0 0 0 0 0 65 28 0 23 0 0 0 0 0 0 0 0 5 82 98 0 0 0 0 0 0 0 0 0 0 0 0 0 0 0
0 0 0 0 0 0 14 81 0 56 0 0 0 53 0 15 0 0 11 0 0 13 9 0 95 0 32 0 0 0 0 0 0 0 0 45 92 0 39 17 0 0 0 0 40 51 0 0 0 0 0 0 0 0 0 0 0 0 30 0 0 0 0 0 14 0 0 0 0 55 0 0 0 0 30 52 0 0 84 19 95 40 52 3 0 0 0 0 84 18 20 60 83 0 0 0 0 32 0 0
0 0 0 0 56 0 0 0 15 0 0 27 97 0 0 0 0 0 58 74 0 50 13 44 11 0 0 0 0 26 11 0 0 0 0 0 0 98 0 79 5 0 27 0 0 0 0 29 26 0 0 34 0 0 0 0 0 0 33 69 0 0 0 0 0 0 0 0 35 0 43 0 0 0 74 0 0 0 0 0 0 0 0 0 92 0 5 0 69 0 15 0 5 0 0 0 0 0 0 0
0 0 84 0 0 0 0 14 0 0 0 4 0 83 0 0 0 0 0 0 0 57 0 0 28 0 34 0 0 0 0 0 65 92 74 0 0 0 0 0 60 29 0 0 0 0 0 0 0 0 0 0 27 62 93 0 79 0 0 0 0 0 37 77 0 0 0 0 0 22 76 0 75 0 6 31 0 28 0 0 0 0 59 20 16 0 0 0 0 0 0 0 89 0 0 0 0 27 0 0
0 0 0 0 0 0 0 0 0 0 0 0 0 0 89 0 0 0 0 0 0 0 0 0 0 11 0 33 0 0 0 0 0 0 0 14 0 75 0 0 0 97 0 0 0 0 0 81 63 0 0 0 0 93 0 70 0 0 28 0 0 0 57 0 0 0 0 0 0 45 0 0 45 0 13 93 22 0 0 0 0 88 0 0 0 0 0 30 0 0 0 2 0 41 5 0 67 0 0 0
0 96 0 0 0 0 0 0 0 0 0 0 41 32 0 0 0 0 0 0 0 0 29 0 0 0 0 0 0 0 0 93 0 0 0 0 0 0 0 0 0 0 0 39 0 0 80 0 0 0 18 12 0 0 74 0 0 0 0 39 54 0 0 16 64 89 0 41 93 31 36 0 0 0 0 60 47 0 25 0 0 0 0 6 24 86 93 0 0 0 0 0 69 0 0 88 0 0 89 0
0 0 0 0 25 0 69 0 0 0 0 0 0 0 0 0 0 0 2 0 0 0 0 0 0 81 39 0 0 46 0 73 0 0 0 4 0 0 41 0 0 0 0 0 0 0 0 0 0 0 0 89 0 49 2 0 63 0 0 0 0 0 0 10 13 0 0 0 68 0 0 0 0 1 0 0 95 0 0 2 82 0 19 0 73 53 0 0 0 0 0 0 0 0 0 0 89 0 0 0
0 0 0 14 0 0 0 0 0 0 0 0 39 0 0 83 27 0 0 0 0 0 0 0 0 0 0 0 0 0 98 0 21 57 0 67 0 42 0 0 0 0 36 66 0 99 0 0 0 0 0 89 0 0 67 0 95 38 0 0 64 0 0 0 9 0 0 0 74 0 0 0 0 4 0 0 0 0 0 0 0 0 0 0 0 0 9 0 43 0 0 0 0 0 0 0 0 0 0 47
0 0 0 0 0 31 0 0 0 0 0 0 99 0 85 0 0 0 0 0 0 0 0 80 0 0 0 0 0 10 76 0 0 0 0 0 36 0 0 86 0 78 0 91 83 0 0 0 61 0 9 0 0 0 0 9 0 0 0 0 14 0 0 0 0 0 25 0 0 28 0 0 0 0 0 0 0 0 0 0 0 0 0 0 58 0 0 0 87 0 63 0 0 0 0 0 0 0 0 0
0 30 97 0 0 0 0 0 0 0 0 0 0 0 26 0 0 0 0 0 0 0 0 0 0 46 36 0 0 28 0 0 38 0 0 0 0 0 0 0 0 0 0 71 0 0 0 0 35 0 0 0 84 0 0 0 0 0 0 0 0 0 0 4 0 0 0 12 0 0 6 0 10 0 0 0 0 0 8 0 0 0 0 80 4 0 0 0 0 0 0 0 35 0 0 0 0 0 0 0
0 73 0 0 0 57 0 0 0 43 0 0 0 0 0 0 0 0 0 0 0 0 0 0 0 0 79 0 0 31 0 0 0 0 0 0 0 67 96 56 0 0 80 0 0 0 0 0 0 0 16 0 0 0 0 0 0 0 0 0 0 0 0 0 0 48 7 0 0 0 0 46 0 0 0 0 0 82 0 0 0 60 0 0 0 17 0 0 92 0 0 11 0 0 0 0 0 0 0 0
0 0 0 0 0 0 0 88 0 76 0 51 0 3 0 0 0 0 0 0 8 0 0 0 33 0 0 0 94 0 44 0 0 0 0 0 0 0 0 70 0 0 0 0 0 0 0 0 0 68 0 0 31 0 0 0 0 2 71 0 74 100 0 0 0 0 0 0 0 0 0 74 0 63 0 0 0 0 0 0 0 0 0 0 0 34 96 0 71 0 0 73 0 41 0 0 31 0 0 0
0 0 12 0 0 0 0 0 0 0 86 0 0 0 0 0 62 40 0 0 0 68 0 0 0 0 0 42 0 0 0 0 29 0 0 0 54 19 0 38 0 0 0 0 0 0 0 19 0 32 3 0 55 0 0 0 0 0 0 0 60 76 0 0 0 0 0 0 0 0 0 0 0 0 0 0 0 0 0 0 0 0 0 0 0 0 0 0 0 58 0 0 0 0 0 0 69 0 0 0
0 0 0 0 0 0 0 0 60 0 65 80 0 0 0 0 0 0 0 20 82 0 0 0 0 0 95 3 0 32 0 0 0 0 0 0 0 36 0 0 0 0 38 66 0 0 0 0 0 0 0 0 0 0 0 0 0 0 0 0 64 57 0 0 0 0 0 0 0 0 0 0 0 13 0 20 0 0 47 0 0 0 0 0 1 0 0 0 0 80 0 0 0 0 0 0 37 0 0 0
0 0 60 6 0 37 0 0 0 63 6 0 0 85 0 99 77 0 0 0 74 0 89 0 0 0 90 20 0 0 0 0 82 58 0 70 80 67 0 7 0 0 90 0 0 40 0 0 0 0 0 0 0 36 0 23 0 0 47 0 0 13 0 0 0 0 0 36 0 73 0 0 0 86 0 0 0 0 0 0 0 0 0 0 63 0 0 0 57 0 0 0 80 0 0 34 0 0 13 67
0 18 1 0 0 94 98 0 0 0 0 21 0 0 0 0 0 0 65 0 77 0 0 0 0 0 0 0 0 94 0 0 0 0 31 56 0 0 0 0 0 0 0 0 34 81 0 0 0 0 0 0 0 0 0 62 0 0 70 0 0 0 0 37 0 0 0 0 0 0 0 54 0 36 93 0 74 0 72 0 8 0 0 75 0 0 0 0 14 36 0 0 13 0 0 0 0 0 0 0
0 0 96 0 89 0 0 0 90 42 71 0 0 0 0 31 0 0 30 59 0 49 0 0 0 0 0 0 90 0 0 47 42 50 61 0 0 0 0 0 0 83 0 0 0 0 0 20 0 0 31 0 0 0 0 11 0 0 0 62 0 0 0 0 3 0 0 47 0 0 0 0 33 0 0 0 90 0 0 96 31 0 86 0 0 0 0 0 0 0 0 37 0 0 0 3 0 0 0 0
46 0 0 0 0 0 0 0 0 3 0 0 0 41 0 0 0 0 51 0 0 0 0 0 2 0 23 36 0 31 0 0 0 35 0 0 0 0 0 7 0 64 84 0 50 0 45 0 0 0 0 0 15 0 0 84 0 0 0 0 99 0 85 0 65 23 0 0 61 0 0 83 0 0 0 0 0 0 0 0 0 0 0 0 0 0 61 22 59 0 0 90 0 0 0 49 0 0 52 0
0 24 0 0 0 0 0 0 0 0 0 0 33 0 84 75 0 0 60 0 0 0 15 0 77 26 0 0 0 0 57 0 0 0 62 0 0 64 86 0 91 0 0 0 73 96 0 40 12 0 32 0 4 0 0 0 0 0 0 0 2 88 97 0 0 0 0 0 0 0 0 0 38 0 0 14 28 6 0 24 0 0 0 0 65 0 0 54 75 67 0 12 0 0 20 0 0 0 0 16
0 0 0 59 0 37 69 48 0 90 0 0 0 0 0 80 0 0 0 0 0 0 0 0 0 0 0 0 0 45 0 12 0 11 0 52 0 0 0 0 0 63 36 0 0 29 0 0 33 0 0 42 0 7 0 0 0 0 20 0 0 0 0 0 0 0 33 32 0 0 0 0 0 43 0 0 0 0 13 0 0 0 55 60 0 0 0 0 0 79 0 0 0 0 0 0 0 0 39 0
68 0 0 0 0 0 0 0 0 0 73 0 0 0 0 0 0 70 1 0 10 0 0 0 100 0 0 0 0 0 0 0 0 0 0 0 13 0 0 0 0 0 0 0 13 0 0 0 0 0 32 0 70 0 0 0 0 0 0 0 0 0 71 40 0 0 0 0 45 0 0 64 0 53 0 0 0 0 0 0 68 0 0 56 0 93 53 52 0 0 0 0 0 24 0 0 0 0 0 0
0 0 0 0 45 78 70 90 0 0 88 0 0 0 0 0 97 0 0 0 0 0 0 57 0 0 0 0 0 0 0 92 0 0 0 15 0 0 0 0 0 83 0 0 0 0 0 0 0 81 39 0 10 0 0 0 14 0 0 13 0 0 77 0 0 0 0 0 68 0 84 0 37 0 0 0 0 0 0 0 0 0 12 0 0 0 0 0 0 30 0 0 52 0 0 0 59 0 0 0
0 0 11 0 1 0 17 0 0 35 86 83 0 0 0 0 0 0 0 0 28 21 0 0 96 0 0 0 0 0 6 15 0 0 44 0 0 19 0 0 0 0 0 46 0 48 0 0 0 0 0 0 85 0 0 0 0 62 0 0 69 0 0 78 0 84 0 24 51 0 0 0 94 0 0 0 0 0 83 0 0 68 0 0 0 0 34 0 0 0 0 0 11 0 0 94 0 0 0 0
78 0 0 0 0 0 48 0 0 0 99 0 0 0 0 0 0 0 0 81 53 0 0 76 0 0 0 57 0 0 0 0 0 0 0 0 0 0 0 0 0 0 0 7 0 0 0 0 0 0 94 0 0 0 0 0 0 0 52 0 35 0 0 0 53 0 95 0 0 0 0 93 0 0 90 0 40 94 0 15 0 0 0 0 0 0 0 0 0 0 0 41 0 0 0 0 0 0 0 0
0 0 0 0 0 0 15 47 0 0 0 0 0 0 0 0 0 0 0 0 0 0 0 80 0 0 85 0 87 40 68 0 0 0 0 0 0 0 18 0 0 0 0 0 0 0 0 28 0 0 0 0 0 30 0 0 0 0 0 0 0 0 0 78 0 0 0 0 0 0 1 0 0 0 0 0 0 0 0 0 0 0 0 0 0 0 0 0 0 0 0 0 0 73 48 0 0 0 0 0
0 0 71 0 0 0 0 0 0 0 0 0 0 0 0 0 0 0 68 42 0 43 0 0 0 76 0 18 47 0 0 0 0 0 0 0 0 0 0 58 0 0 21 0 0 0 41 0 0 0 0 0 0 83 20 0 16 0 0 0 100 0 0 0 0 46 89 5 0 0 62 0 0 0 0 0 44 0 0 0 0 0 0 14 0 0 0 0 0 0 0 0 0 0 0 0 76 75 0 12
0 0 0 75 64 0 0 81 0 0 0 0 0 20 0 0 0 0 0 0 0 0 0 0 77 16 0 0 93 0 0 0 0 27 0 0 0 0 91 0 72 0 0 37 0 0 60 0 17 0 0 0 58 0 0 0 38 0 0 0 0 0 0 82 29 0 0 0 0 0 0 27 0 0 0 0 0 0 0 0 95 0 0 20 0 37 91 0 0 100 14 0 0 0 59 33 0 0 0 0
0 0 0 0 0 0 90 17 0 0 0 0 0 0 67 7 0 0 0 20 0 0 0 0 0 58 0 0 0 0 0 42 0 0 0 0 94 0 0 0 0 0 0 0 0 36 0 0 20 0 0 86 0 88 0 0 0 0 0 32 0 0 77 0 0 0 11 0 0 85 0 29 0 0 0 0 0 0 84 0 0 0 0 0 74 0 7 86 51 34 0 0 0 66 0 42 0 21 0 73
0 0 0 0 0 0 0 26 0 0 0 0 0 0 0 0 0 0 0 7 59 0 73 6 0 0 0 88 49 0 0 0 0 76 36 0 0 0 100 0 0 0 0 34 0 28 0 0 0 37 0 0 0 0 80 24 0 0 22 0 56 0 0 0 0 17 0 0 51 0 0 0 0 0 0 0 0 0 4 0 0 26 0 26 0 52 0 0 0 0 49 0 0 82 0 0 49 0 0 0
0 0 0 0 0 0 0 72 0 0 0 0 0 72 0 0 0 1 0 0 29 0 0 0 0 0 0 0 23 0 0 0 2 82 0 0 0 45 18 0 0 0 0 0 0 72 0 89 61 0 0 0 45 0 0 0 0 94 0 75 75 0 0 0 0 0 0 0 3 0 0 0 0 0 0 43 42 0 0 0 0 51 0 0 0 0 36 0 0 55 0 0 0 0 0 17 62 0 0 0
41 0 0 0 21 0 0 0 0 0 0 64 7 0 0 49 0 96 0 0 53 0 0 72 37 28 0 0 62 0 0 0 0 72 0 0 0 0 0 0 69 0 0 0 43 0 0 0 0 66 0 0 0 0 0 0 0 0 71 0 0 68 35 94 100 0 0 50 0 83 93 89 57 0 62 0 0 63 0 38 0 0 15 0 0 0 0 0 0 0 60 85 60 0 0 32 0 0 0 0
0 0 0 0 86 0 37 6 0 24 0 4 0 0 0 0 0 14 11 0 0 0 0 0 0 0 0 0 0 49 12 0 0 30 0 0 0 0 0 0 0 66 0 0 0 0 0 0 31 0 0 0 0 0 0 78 0 0 0 0 0 0 0 0 0 0 59 0 0 0 79 0 0 0 0 0 0 95 0 0 0 38 0 0 0 0 0 26 0 26 0 0 63 51 0 0 0 0 0 0
0 77 0 23 0 0 0 0 0 0 0 0 4 0 0 0 29 35 0 66 0 48 0 19 0 2 0 0 22 0 0 14 0 0 0 30 0 0 0 0 0 0 0 0 66 0 0 0 0 0 23 32 0 0 0 26 2 0 0 0 0 19 64 0 43 0 0 40 0 0 0 0 0 0 2 0 0 0 0 0 0 0 73 38 0 68 42 0 0 0 5 0 0 0 52 0 0 0 0 0
0 0 24 0 73 0 0 0 92 0 0 8 0 0 15 0 34 0 0 100 0 0 97 0 73 0 0 68 0 0 87 59 0 0 17 0 0 0 0 52 0 0 0 0 0 34 0 0 0 0 0 0 0 0 0 0 93 0 0 64 25 0 0 0 0 0 0 0 0 30 42 6 0 93 0 27 81 0 0 0 12 65 0 0 0 0 0 0 0 0 14 0 0 0 61 0 0 0 0 0
0 0 0 75 0 0 0 0 0 0 0 0 0 0 0 0 0 0 53 0 0 20 0 61 65 69 0 0 0 0 0 0 43 75 0 57 0 75 19 0 0 78 0 0 97 0 0 0 0 0 0 0 0 0 0 6 48 9 0 0 0 0 93 0 0 0 0 0 0 0 0 0 96 0 0 0 40 54 0 0 0 20 0 0 0 0 0 0 0 3 72 0 0 0 0 0 35 0 0 0
0 0 0 1 51 0 49 0 51 0 0 45 0 88 0 0 35 0 0 78 15 0 0 0 0 0 0 0 0 0 0 0 0 0 35 45 0 0 52 0 0 59 0 0 0 0 0 0 0 0 0 0 0 0 0 0 0 67 80 0 0 64 0 5 0 0 0 0 0 0 0 0 0 0 75 0 0 0 70 27 85 92 50 0 0 80 0 0 0 55 0 0 0 0 38 0 56 0 0 0
11 34 0 0 0 0 0 59 0 0 0 0 0 0 0 77 0 0 0 96 0 4 82 0 0 77 0 76 0 0 0 0 0 0 0 34 57 0 0 0 0 0 0 0 0 0 0 0 7 46 0 66 73 0 0 0 0 0 0 0 0 0 90 78 0 38 48 0 0 0 0 0 0 0 0 0 0 0 0 0 91 0 0 0 0 0 0 27 0 0 39 0 0 0 0 0 0 80 0 0
29 0 0 0 0 24 36 0 0 0 0 17 0 0 0 0 0 77 0 58 0 0 0 0 0 0 0 0 3 92 3 0 0 0 0 0 0 0 0 0 83 0 0 69 94 34 0 0 0 0 0 0 0 0 0 0 0 0 18 0 0 0 0 0 0 0 0 0 0 0 0 0 0 0 26 0 7 0 0 0 0 0 13 0 0 40 0 17 0 0 0 0 84 0 0 0 0 0 80 0
85 0 92 0 85 0 0 0 75 8 45 0 21 0 69 0 0 0 0 0 0 0 0 23 42 0 0 0 0 0 0 0 0 17 0 0 19 96 100 0 8 0 7 51 0 0 32 48 0 0 0 0 0 0 0 0 0 0 62 0 0 0 0 77 0 0 0 0 88 0 0 0 0 0 0 0 0 0 0 81 0 66 0 0 0 90 50 0 23 0 0 0 86 64 0 0 0 0 69 0
0 0 0 0 43 0 8 0 78 0 0 33 0 0 69 0 0 0 0 0 0 0 0 0 0 0 49 0 42 0 0 0 0 0 0 0 0 0 0 43 0 0 78 0 0 7 0 0 0 0 0 68 0 0 0 19 71 56 0 0 0 0 0 0 29 0 0 0 0 55 0 0 0 0 96 0 24 43 0 0 0 0 18 0 0 0 87 0 55 0 0 0 0 0 0 0 0 0 0 0
0 0 0 97 0 4 0 0 69 80 0 31 0 0 0 93 0 0 0 99 0 0 0 0 0 0 0 68 0 0 0 0 62 0 0 54 18 0 0 8 70 0 0 0 0 0 0 24 0 0 0 0 0 29 0 0 0 0 0 0 0 0 0 90 84 0 0 0 85 0 0 0 0 0 0 0 76 0 0 0 5 47 0 71 0 95 0 0 35 41 91 5 0 32 0 0 41 0 0 0
53 0 0 0 0 88 95 0 0 0 81 0 0 0 0 66 0 50 0 0 0 0 58 0 0 59 0 70 60 0 0 0 0 70 0 0 0 0 0 0 0 0 0 25 0 0 44 0 0 0 0 20 0 0 74 0 0 0 0 0 0 0 0 50 0 0 51 0 60 0 0 0 0 0 0 0 0 0 85 0 0 0 0 0 0 26 0 0 0 0 0 0 0 0 0 0 0 0 0 0
0 0 0 0 0 0 28 0 0 0 0 0 0 46 0 51 0 0 0 0 61 40 0 17 13 11 0 0 0 0 78 0 36 0 0 0 0 95 9 50 0 0 0 97 0 0 0 0 0 0 0 0 23 0 0 0 0 0 0 72 0 0 20 0 31 0 0 0 0 50 0 0 0 74 11 52 29 17 0 4 0 0 0 99 0 0 0 0 25 0 5 98 30 0 0 0 0 0 0 0
0 0 0 0 0 0 0 100 0 0 0 0 0 0 0 0 0 0 0 0 0 39 0 0 0 87 67 0 23 0 0 0 0 0 0 0 7 89 0 7 0 28 0 0 22 0 22 0 0 0 0 0 0 0 0 0 0 0 0 33 0 0 0 13 0 0 0 0 0 0 0 0 47 0 0 0 28 0 0 0 0 0 0 0 0 0 0 0 0 0 14 0 0 0 0 0 69 0 0 46
0 0 34 0 0 0 0 0 89 0 0 76 0 0 52 0 86 75 0 0 0 32 0 32 0 8 44 0 0 1 0 0 0 64 0 0 0 0 47 22 0 0 0 0 0 0 0 0 0 0 73 90 0 0 0 0 0 0 0 8 0 0 0 0 0 0 0 0 44 0 0 75 0 0 0 0 0 0 0 0 0 0 0 0 0 0 0 0 0 0 0 0 0 0 86 0 0 0 0 0
0 0 13 0 27 0 0 0 0 41 0 0 0 0 0 0 0 0 76 0 0 67 19 36 0 59 14 0 0 0 0 0 0 0 0 0 0 15 0 0 0 0 0 0 0 0 0 0 0 0 0 24 51 0 0 0 0 0 0 0 0 0 0 0 4 0 0 0 0 0 0 0 0 0 0 0 0 0 0 16 0 0 0 0 0 0 0 6 40 0 0 0 39 0 13 98 0 0 0 0
0 0 44 0 66 0 0 0 0 66 0 0 0 0 20 0 0 57 0 39 0 0 0 0 0 0 0 28 55 0 98 0 0 0 36 74 0 0 81 0 0 0 0 0 67 0 59 0 0 0 0 0 73 0 0 0 54 0 0 26 0 0 0 0 0 0 26 0 0 0 0 80 0 0 75 0 0 34 0 0 0 0 0 36 0 0 90 19 0 0 71 23 0 0 0 0 0 0 0 58
0 0 17 0 0 0 67 0 92 0 0 40 0 0 84 0 95 0 0 0 0 0 0 0 0 1 75 8 56 0 0 35 0 64 0 0 0 35 0 0 28 0 0 0 56 0 92 53 0 11 16 55 76 0 0 0 0 0 0 0 0 0 0 0 0 0 0 0 0 53 0 0 0 0 0 0 0 66 0 0 97 44 45 0 35 0 0 0 0 5 0 66 0 0 10 8 0 0 0 0
0 0 68 80 23 0 28 0 0 48 0 0 0 0 0 0 0 0 0 0 12 0 0 0 73 0 7 0 0 0 0 71 0 0 0 0 0 0 0 0 0 0 0 87 0 0 0 19 0 0 59 0 0 0 0 0 0 32 0 0 0 0 0 0 0 46 0 0 0 0 0 0 76 68 0 0 17 69 0 0 0 83 0 0 0 61 18 0 0 0 10 0 58 0 0 0 0 0 0 0
0 0 0 0 0 0 0 48 0 0 0 88 0 0 0 0 0 56 0 0 0 0 0 0 0 28 0 0 0 0 46 0 21 0 0 0 0 0 0 0 0 0 0 0 0 0 0 0 0 18 72 0 0 0 0 61 0 0 0 0 0 18 0 0 0 0 0 0 0 0 0 48 50 0 73 0 0 0 0 0 0 67 0 0 0 53 0 0 2 0 48 0 0 0 0 0 0 0 68 0
0 0 0 0 84 0 0 0 0 0 35 0 0 0 0 0 0 0 0 0 0 56 0 0 0 71 0 0 0 0 0 0 0 19 0 78 0 0 24 0 0 50 3 0 12 58 0 0 0 40 0 0 0 2 86 0 0 0 0 0 56 0 0 0 0 0 0 0 0 51 0 0 0 59 0 27 31 0 23 50 0 0 0 6 0 0 0 0 76 0 0 75 0 0 0 20 0 0 0 0
0 0 0 0 61 0 0 10 0 75 0 0 81 0 0 0 0 0 0 0 0 0 0 0 0 3 0 0 100 0 0 0 2 0 8 9 0 0 0 0 0 0 0 0 0 58 0 0 82 0 0 0 0 0 32 0 0 63 0 0 0 0 0 0 0 0 0 0 0 0 0 0 0 0 93 0 0 0 0 0 0 39 0 0 39 71 0 7 0 0 46 0 0 0 0 0 0 84 4 0
30 0 0 0 0 0 0 0 0 93 0 53 57 99 0 0 0 0 100 0 0 0 0 0 10 0 0 0 21 0 0 0 0 0 0 87 0 0 20 0 0 0 47 0 0 0 0 0 0 27 0 0 0 50 0 73 0 0 0 0 62 0 6 0 0 0 0 0 35 53 34 0 0 81 0 0 0 0 47 30 63 0 10 0 0 0 0 0 0 0 0 0 47 0 0 76 0 0 0 0
25 0 0 37 0 85 50 88 0 0 0 0 0 0 0 0 0 0 0 86 35 0 84 0 0 0 0 50 0 44 0 91 0 94 79 0 0 0 0 0 0 0 0 0 0 0 85 0 0 0 0 0 17 0 31 0 0 54 0 0 0 0 0 0 0 0 0 0 0 0 0 0 19 0 0 87 0 0 34 3 0 0 0 0 28 0 1 0 0 0 23 68 0 95 35 0 0 0 73 0
0 0 25 0 0 0 25 0 48 0 0 0 0 0 0 0 0 93 0 0 0 0 0 0 0 0 0 0 0 38 0 71 29 0 0 37 1 0 0 0 73 0 0 32 30 16 48 41 0 0 0 0 0 0 0 0 52 0 0 0 0 0 0 0 0 0 0 17 24 0 47 0 40 0 0 0 0 0 0 0 0 50 62 65 0 0 0 0 0 30 0 0 0 0 0 0 0 28 0 0
3 0 7 20 0 7 77 0 0 0 0 90 0 0 0 92 0 0 0 0 0 0 89 0 0 60 0 80 0 0 0 0 0 61 0 0 0 0 0 0 44 0 0 23 0 0 97 53 65 0 0 0 0 0 0 0 0 56 11 0 0 0 0 0 32 0 0 0 0 0 0 93 0 0 0 0 0 100 83 0 60 0 0 88 34 0 32 46 0 0 0 0 0 0 0 0 0 0 0 0
0 0 100 78 0 0 32 70 7 0 0 0 55 0 0 0 0 52 0 0 0 0 0 0 0 0 0 51 0 0 75 0 0 0 83 0 86 0 0 0 32 55 0 0 0 0 60 0 0 0 0 0 0 77 0 0 46 99 0 0 22 0 0 0 0 81 12 0 0 0 0 48 14 0 0 0 0 0 0 30 0 52 0 0 0 72 0 0 0 28 0 0 0 0 0 0 0 0 0 12
0 76 0 0 0 88 0 0 0 8 0 0 0 0 0 0 0 0 46 20 0 0 0 0 0 0 25 0 0 0 0 0 53 0 0 0 0 74 32 0 70 0 0 0 0 42 50 0 0 0 0 0 0 0 0 0 0 0 0 28 0 50 100 85 0 0 0 4 0 83 0 0 9 0 0 39 84 0 0 0 60 35 0 0 30 0 0 82 0 0 0 0 0 0 0 59 0 8 0 0
0 63 0 90 0 0 0 0 0 0 84 0 0 53 0 0 0 18 0 0 0 57 0 50 0 0 0 0 0 0 65 0 0 0 0 8 0 7 0 89 0 53 0 0 0 0 48 0 0 0 71 0 0 18 0 99 74 0 0 0 0 0 0 64 0 0 0 0 0 0 15 94 0 0 0 0 0 0 0 0 0 0 26 0 0 0 0 0 0 29 0 64 17 0 0 0 7 0 96 70
0 74 0 0 0 0 0 13 0 0 54 59 92 92 0 0 0 0 0 0 0 0 0 0 67 0 0 0 0 0 0 99 0 0 0 0 0 0 0 0 0 15 0 0 70 0 0 0 0 0 0 0 0 0 26 0 0 0 0 0 0 0 0 0 0 27 0 0 0 15 0 0 0 0 0 26 0 0 0 1 90 0 13 15 0 0 0 0 0 71 0 0 0 0 65 0 0 0 63 0
0 0 0 72 0 0 0 0 0 0 75 0 36 0 0 0 74 0 75 0 0 0 0 14 0 0 0 41 0 0 76 0 0 92 0 36 77 0 0 0 0 0 54 0 0 78 0 0 0 91 0 0 0 0 0 17 0 0 0 0 0 0 0 86 0 0 0 0 0 0 0 0 0 0 0 0 0 0 0 29 0 0 0 0 7 61 66 0 46 20 0 0 62 25 0 0 88 0 74 0
0 0 0 0 0 0 97 0 94 0 84 0 96 0 0 0 33 0 0 0 0 4 0 0 50 0 79 0 0 0 0 0 94 77 15 0 0 0 74 0 0 0 0 0 0 0 53 0 0 0 0 0 0 75 0 0 0 0 0 0 99 83 0 0 0 0 0 100 0 0 0 0 0 0 0 7 40 0 97 0 80 0 0 0 0 0 61 93 0 0 0 0 0 72 0 0 0 0 0 0
0 77 0 0 11 0 1 78 0 0 60 0 62 0 0 0 0 0 0 49 0 0 0 0 0 0 63 0 0 0 0 0 0 45 0 0 0 0 0 93 0 73 0 0 0 78 0 0 0 0 0 0 0 0 0 0 0 0 0 60 0 65 0 0 0 16 0 66 0 11 0 0 99 0 0 0 0 0 96 0 94 90 0 79 0 63 0 49 15 0 92 0 0 0 0 0 0 0 0 0
23 0 0 0 0 0 0 43 32 0 0 0 0 0 0 0 92 30 23 0 0 0 0 62 0 0 0 42 0 0 60 0 70 0 0 0 0 0 0 0 55 0 0 0 84 0 0 0 87 0 0 14 0 68 0 0 30 61 0 0 71 0 41 0 0 0 48 89 0 0 0 0 0 2 0 76 0 0 62 0 0 0 0 0 0 0 0 39 35 0 0 0 0 41 0 30 0 0 0 0
0 0 0 0 0 57 0 28 0 0 39 0 71 0 0 0 0 74 0 0 0 54 53 70 0 0 0 0 53 44 29 64 37 0 0 0 92 86 49 0 0 62 0 93 0 0 36 0 0 0 0 15 0 79 45 53 90 0 81 0 99 0 0 0 0 22 0 0 0 0 0 0 0 0 0 0 25 0 0 0 0 0 77 0 86 0 1 0 62 0 0 0 0 0 0 0 45 34 0 0
0 6 0 0 0 64 0 0 0 60 0 0 84 0 15 0 0 0 0 0 39 0 0 0 44 86 0 0 0 0 78 0 0 24 0 0 0 0 0 10 0 0 0 0 14 0 0 0 79 0 0 0 71 0 59 0 86 0 0 0 0 98 0 0 0 29 0 0 0 0 33 0 0 76 0 0 0 0 0 22 0 49 0 96 0 51 0 25 0 0 0 0 7 22 0 3 97 100 0 0
0 0 0 0 0 0 73 0 55 43 0 0 0 0 0 0 80 0 0 88 0 0 0 92 0 94 0 0 0 0 0 0 0 0 0 0 0 0 0 0 60 0 0 0 0 0 0 0 82 0 0 0 0 0 0 0 0 0 0 75 0 80 0 0 10 0 0 50 0 0 0 0 68 0 0 0 0 0 0 0 0 0 0 0 0 0 23 0 0 0 0 18 0 0 0 17 32 0 0 0
0 3 0 0 0 12 0 0 0 0 31 0 0 64 0 0 0 76 0 0 0 59 74 0 0 69 40 25 18 39 0 84 0 0 0 96 0 0 85 0 0 0 33 0 0 0 0 0 94 0 0 0 0 0 0 0 0 0 0 0 94 0 0 0 0 1 0 0 98 27 0 81 90 91 0 0 12 0 0 0 23 0 57 76 0 0 0 0 0 0 0 0 22 76 0 0 83 65 0 0
0 0 0 0 0 54 0 0 0 0 21 0 97 0 0 87 0 0 0 0 12 97 0 65 0 0 0 0 0 0 93 37 0 0 0 0 0 0 0 3 0 0 49 0 0 19 0 0 0 0 0 0 98 86 0 0 0 0 0 0 0 80 90 29 0 0 60 0 55 0 72 0 0 24 40 0 0 0 0 0 57 0 26 86 0 0 0 0 0 0 55 0 0 0 12 9 32 0 0 0
72 0 0 0 0 0 0 35 61 0 24 0 0 0 0 29 0 0 0 0 0 0 0 0 0 0 0 0 0 0 73 29 0 32 0 0 71 0 4 0 73 0 0 67 0 0 49 0 0 0 0 65 0 0 0 48 2 0 0 0 0 0 0 0 0 0 0 0 89 0 0 0 0 0 0 0 0 0 28 0 0 18 30 93 0 0 98 9 70 0 17 0 0 0 0 0 0 0 0 0
0 0 34 0 14 0 0 41 0 0 0 79 0 0 0 0 0 44 0 0 0 0 0 13 0 0 44 73 0 0 0 0 0 0 0 34 79 0 0 61 0 0 0 0 0 0 0 0 0 0 0 0 0 82 0 0 10 0 11 0 0 0 67 0 0 0 0 0 0 0 0 0 56 0 0 0 0 0 0 43 0 0 0 0 10 53 0 69 78 0 0 52 0 0 0 94 0 57 26 46
0 0 0 0 0 70 0 0 0 0 0 45 0 0 46 0 0 0 0 0 0 0 0 0 0 5 0 15 0 0 0 0 53 0 0 0 0 0 0 0 0 0 84 57 0 0 0 0 18 0 0 23 78 85 0 0 0 0 0 0 0 0 57 21 0 0 0 0 0 0 0 0 0 0 0 26 0 0 0 0 7 0 0 0 0 0 0 0 0 0 0 0 0 0 51 0 43 0 0 0
0 0 70 0 0 83 36 0 86 0 0 0 0 0 0 0 16 71 0 0 0 0 0 0 0 71 0 0 0 0 0 0 0 0 66 0 42 0 85 0 75 0 0 0 0 0 0 26 0 0 0 0 0 0 0 21 13 5 51 0 0 0 0 4 0 0 0 7 0 0 0 0 0 72 60 0 0 0 0 16 0 0 0 0 0 0 0 0 64 0 0 0 28 0 0 0 0 0 0 31
0 11 0 86 10 0 0 0 0 45 0 0 0 51 0 0 99 41 0 0 0 0 0 19 0 0 0 0 0 0 0 0 0 0 0 0 0 0 0 95 0 0 0 0 0 99 0 0 0 0 0 0 0 31 0 0 0 0 54 0 37 0 0 0 0 0 39 0 0 0 0 47 0 0 72 18 21 0 0 90 61 0 0 0 0 0 0 0 0 0 0 0 0 0 0 94 0 99 0 70
0 0 0 0 0 0 0 0 78 0 0 0 0 0 0 57 0 0 0 0 0 66 86 0 0 0 0 0 84 0 49 0 0 0 0 62 0 0 13 16 0 0 0 0 0 70 0 0 0 0 0 0 0 67 0 0 50 54 0 0 0 0 0 73 0 0 71 0 0 14 91 0 0 0 0 0 19 0 42 0 0 0 38 92 32 0 0 0 8 0 0 53 0 0 0 97 0 0 0 0
0 0 25 57 0 8 0 0 0 0 18 4 0 0 61 0 0 0 0 13 0 0 66 4 0 84 81 88 50 0 0 0 0 34 76 0 0 0 0 0 0 0 0 42 0 0 0 33 0 0 0 25 15 0 39 0 0 58 88 0 0 0 0 5 0 0 0 0 0 87 0 0 0 0 94 88 0 5 0 0 35 0 0 0 69 21 0 7 0 0 18 76 39 0 0 0 62 0 0 0
0 76 34 0 0 0 0 0 29 0 3 0 0 0 28 0 0 0 0 0 0 0 0 0 0 0 0 39 55 0 0 0 0 0 100 37 34 0 0 0 0 0 73 0 0 14 20 0 0 0 0 0 17 0 46 0 0 13 0 0 33 0 0 0 0 0 0 0 24 0 0 20 0 0 0 0 0 69 0 0 0 0 0 0 0 0 0 0 42 0 0 0 0 0 0 0 0 0 0 0
0 0 0 0 69 0 0 0 0 0 0 0 48 73 0 0 0 0 12 0 0 0 0 80 0 0 0 36 0 6 0 0 0 0 29 36 0 0 84 0 23 0 0 0 0 0 0 0 44 0 0 0 0 0 0 97 0 0 0 69 0 0 0 0 0 0 0 0 0 16 0 0 0 0 0 0 90 0 77 1 99 0 94 0 0 0 0 0 0 0 11 0 0 0 39 0 0 68 0 0
0 0 0 0 0 0 0 0 0 0 0 0 0 0 13 0 9 48 0 0 0 63 0 81 29 58 0 0 0 0 0 0 0 0 0 0 0 0 0 19 0 0 25 90 93 0 0 0 0 18 0 0 0 0 0 0 0 93 16 0 0 0 60 0 0 0 0 0 0 0 0 0 0 0 0 53 0 73 0 0 0 0 0 59 0 0 0 0 0 0 0 0 0 0 15 0 0 4 0 0
0 0 0 0 0 50 0 0 0 0 0 0 76 0 0 57 0 0 0 87 0 16 0 0 87 1 48 0 0 0 0 0 0 0 0 51 61 0 0 0 0 0 80 0 88 75 0 0 0 16 0 0 0 0 0 0 0 0 0 0 0 0 0 74 65 91 94 95 0 40 25 0 0 36 0 0 0 0 0 0 0 0 0 0 0 39 0 35 0 0 0 56 0 0 0 0 0 36 0 0
0 0 10 0 0 0 69 0 0 0 96 0 28 5 0 0 17 0 93 0 0 0 0 0 0 62 0 0 0 0 0 0 88 0 0 65 70 0 0 0 0 0 42 0 0 0 0 90 0 16 20 0 56 0 0 0 48 0 0 0 0 6 0 0 0 0 54 0 0 36 0 2 60 0 0 0 0 93 0 0 83 0 0 0 0 0 22 0 0 0 0 0 42 72 66 0 0 0 14 0
0 0 0 0 0 0 0 0 0 0 0 0 0 18 0 0 0 0 0 35 3 0 0 0 0 33 0 0 0 0 0 28 0 0 0 0 0 85 0 0 76 0 0 2 29 0 72 0 0 0 0 0 0 0 0 42 0 0 36 0 0 50 0 69 27 22 0 0 0 10 0 0 67 0 0 0 75 100 40 0 0 0 0 0 0 0 0 0 0 66 0 0 0 0 0 0 0 0 0 0
0 0 0 36 36 0 0 0 58 0 0 0 0 0 0 0 0 0 0 74 0 6 15 0 0 0 0 0 0 0 71 0 0 0 0 0 5 0 39 0 0 0 54 0 0 27 0 0 0 0 99 0 0 0 0 0 3 69 0 0 0 0 0 0 0 87 0 0 0 89 0 76 0 0 59 0 0 0 0 0 0 0 0 0 93 0 0 0 55 88 67 59 0 0 52 3 17 0 0 0
0 0 38 0 48 52 0 0 0 0 0 0 0 0 67 80 0 0 0 0 15 97 0 50 0 0 35 0 0 0 0 0 0 71 44 0 0 0 0 20 39 0 0 0 0 85 0 0 0 41 0 0 0 58 0 0 0 0 0 0 0 81 0 8 0 0 18 49 0 20 0 0 33 16 52 40 0 0 65 0 0 0 0 0 0 43 0 58 0 0 0 9 19 0 0 22 0 0 0 0
0 0 0 0 0 0 0 0 10 0 0 0 0 0 0 95 0 0 0 0 0 0 0 0 0 74 0 31 0 0 0 66 0 0 0 0 0 0 0 0 4 0 0 0 36 0 0 72 0 4 0 96 0 0 0 0 8 0 0 0 0 0 0 0 0 0 0 0 0 49 0 0 0 0 0 0 0 0 67 50 90 94 0 0 0 28 0 0 77 0 0 0 0 61 37 0 0 0 0 0
0 24 0 0 78 0 0 0 0 89 0 0 0 0 78 0 95 48 0 0 0 0 0 0 0 35 0 0 0 0 0 0 0 0 0 0 0 0 0 0 0 0 0 40 0 0 0 0 0 0 0 0 0 64 0 90 0 0 0 0 58 0 0 0 0 0 0 0 0 3 86 51 26 0 0 94 0 0 0 0 0 0 0 54 0 0 0 0 86 0 0 0 0 0 0 0 0 28 0 0
0 0 0 0 0 0 0 0 0 0 59 71 76 0 0 0 76 0 0 38 65 0 56 0 77 42 0 0 0 0 61 10 0 0 3 0 0 0 0 0 0 0 0 23 0 0 97 18 33 0 0 0 0 0 0 0 0 0 0 0 0 0 0 0 54 0 0 0 0 71 0 0 0 0 0 42 0 0 0 0 0 0 0 59 0 57 0 0 11 2 47 0 0 5 0 0 5 0 0 0
70 0 0 0 0 0 0 0 76 0 0 0 56 0 14 3 19 0 0 19 0 0 0 46 25 0 0 7 0 57 0 0 0 74 35 0 0 0 0 0 0 0 40 0 0 0 0 55 0 34 0 0 0 0 0 95 0 0 0 0 0 0 0 0 0 21 0 0 0 0 0 72 0 35 0 0 26 30 0 0 0 0 68 51 0 39 0 0 0 0 0 16 0 0 0 0 0 0 0 76
59 0 0 0 0 0 0 0 0 99 0 0 0 82 0 0 0 0 0 74 0 0 0 0 0 0 0 0 25 0 0 0 0 0 0 0 0 0 0 0 0 0 51 0 81 0 0 0 0 0 0 79 0 0 0 0 0 0 0 0 90 0 0 0 0 0 0 0 0 0 0 55 58 0 0 0 0 0 18 0 25 0 16 0 0 0 29 0 0 0 0 30 66 64 0 0 0 0 0 0
0 0 0 0 0 0 0 0 0 0 57 0 0 0 0 25 0 0 0 0 40 0 0 0 0 0 46 12 0 0 0 0 0 0 0 0 31 0 0 0 97 0 0 0 34 0 0 0 0 0 0 75 0 0 0 0 38 0 28 0 0 0 0 0 0 0 0 0 59 0 0 0 0 0 0 87 44 0 0 0 21 27 0 0 92 0 0 0 0 0 0 0 0 0 0 0 0 0 3 0
0 0 32 65 39 0 0 30 0 0 0 0 0 0 0 0 0 81 0 82 0 58 0 0 0 0 0 0 0 0 0 0 0 26 0 0 0 0 0 0 0 0 0 92 0 5 0 0 0 0 100 0 0 0 0 0 0 0 0 0 0 59 0 0 96 0 0 0 0 0 0 47 14 0 37 38 0 0 0 26 0 0 54 0 0 0 0 0 17 0 0 0 0 0 0 0 0 33 0 83
0 0 0 0 0 35 0 84 0 0 88 0 0 0 44 0 21 80 0 77 0 0 0 0 0 99 0 0 0 0 0 0 90 0 71 27 85 27 0 0 0 0 7 0 0 0 46 0 11 59 0 0 0 24 0 0 0 0 0 0 0 22 65 0 0 0 88 42 69 94 88 0 99 0 0 43 44 0 0 0 0 0 0 0 0 12 0 63 0 0 20 90 0 0 0 74 0 0 0 0
0 0 0 0 71 0 0 0 0 0 80 0 73 0 0 0 0 6 0 0 0 0 0 0 0 0 0 81 0 66 0 0 0 15 0 25 0 0 0 30 89 0 0 4 0 0 0 0 0 0 0 0 92 88 0 0 0 0 0 78 0 0 0 49 0 0 0 0 0 0 0 0 0 0 0 1 22 0 0 0 0 0 0 0 0 0 0 0 97 0 0 53 0 0 0 0 0 0 0 0
0 0 0 0 0 29 5 0 0 0 97 0 18 0 0 0 98 0 0 0 0 0 0 0 13 0 36 0 0 0 0 0 0 0 0 0 0 31 0 62 0 0 0 73 0 0 93 0 78 0 0 64 0 0 0 7 0 0 0 78 0 0 0 98 16 0 0 0 0 0 0 0 0 0 0 0 0 0 0 0 0 0 56 0 0 0 0 0 0 8 0 0 0 0 0 0 0 0 67 0
0 0 85 0 0 0 99 0 28 0 0 0 86 0 0 0 0 95 98 0 0 16 0 30 0 0 0 0 19 0 0 41 0 0 40 0 0 0 0 0 0 0 0 45 0 51 0 0 0 0 0 0 0 0 0 87 0 0 0 98 0 0 0 0 0 0 68 93 0 0 0 0 0 71 0 76 0 94 0 0 0 81 94 0 0 0 0 0 0 81 0 0 50 0 0 0 0 0 0 0
0 0 0 61 0 0 0 0 0 0 0 0 0 0 0 9 0 0 0 0 0 0 76 0 0 0 0 0 0 0 60 0 0 0 0 47 0 0 0 1 51 0 96 66 0 46 100 0 0 0 0 4 0 0 14 0 75 16 0 0 0 0 0 13 81 0 60 21 0 58 0 0 0 0 0 0 88 0 0 0 0 0 0 0 81 0 0 36 0 0 0 0 59 72 6 0 82 0 29 78
15 0 0 46 0 0 0 0 0 0 0 0 0 0 0 0 0 96 0 0 69 0 54 0 0 0 0 0 85 0 0 17 0 0 0 1 85 0 0 0 20 30 14 0 0 0 0 0 6 0 0 0 0 0 0 0 0 0 0 0 54 18 0 40 0 0 18 0 0 94 87 0 0 0 0 0 0 0 10 0 0 0 3 0 0 0 0 0 0 0 60 0 70 28 0 0 0 0 93 0
64 0 34 0 0 0 0 0 0 0 0 0 0 0 0 82 0 48 0 0 94 0 81 23 0 0 0 0 0 0 97 88 0 0 85 0 0 0 0 0 0 0 0 52 0 0 0 0 0 0 0 0 40 0 0 76 74 68 0 88 0 0 64 0 0 18 0 0 0 0 0 0 0 0 0 0 0 91 95 0 0 0 0 0 37 93 0 0 0 9 0 0 0 64 0 0 30 73 0 0
89 0 0 0 0 52 61 52 0 0 50 30 40 0 0 0 0 0 0 0 0 28 0 0 0 49 0 0 14 0 0 0 95 0 0 0 0 0 0 52 0 66 0 0 0 76 0 0 0 62 2 0 0 41 0 0 0 20 0 0 0 0 0 35 0 0 0 0 0 75 0 0 0 0 0 0 93 0 0 0 0 34 0 0 0 0 77 0 0 0 0 0 0 0 0 0 0 0 0 8
99 0 42 0 40 0 0 55 69 0 0 0 61 0 52 0 0 0 0 0 0 0 0 0 0 0 0 0 0 0 0 0 0 0 0 98 63 0 2 0 61 0 0 0 0 0 0 73 0 90 0 0 0 0 0 0 0 11 87 0 58 81 0 0 0 0 0 2 0 0 0 0 0 0 0 49 0 0 0 44 0 0 0 0 0 0 0 0 0 0 0 0 99 0 0 0 89 28 0 46
0 99 0 0 93 0 0 77 0 0 0 0 6 0 0 0 0 0 0 23 36 0 0 0 0 74 0 1 0 0 0 0 0 0 0 0 52 0 21 64 52 0 41 0 0 0 0 0 35 0 0 0 74 0 0 0 15 71 0 0 0 0 0 0 60 0 0 0 0 0 46 66 0 74 0 0 0 0 0 0 0 0 62 15 17 0 0 0 0 0 0 0 0 0 0 0 0 0 0 0
0 0 0 0 0 0 9 24 0 60 0 0 0 6 0 20 0 0 26 0 0 47 93 0 83 0 92 0 0 0 0 0 0 0 0 50 81 0 26 49 0 0 0 0 68 39 0 0 0 0 0 0 0 0 0 0 0 0 32 0 0 0 0 0 79 0 0 0 0 99 0 0 0 0 13 91 0 0 10 31 29 50 86 24 0 0 0 0 85 12 21 81 76 0 0 0 0 34 0 0
0 0 0 0 8 0 0 0 19 0 0 38 87 0 0 0 0 0 61 13 0 90 31 91 88 0 0 0 0 94 33 0 0 0 0 0 0 5 0 53 40 0 8 0 0 0 0 82 19 0 0 54 0 0 0 0 0 0 83 49 0 0 0 0 0 0 0 0 83 0 46 0 0 0 97 0 0 0 0 0 0 0 0 0 43 0 65 0 58 0 18 0 61 0 0 0 0 0 0 0
0 0 60 0 0 0 0 6 0 0 0 95 0 90 0 0 0 0 0 0 0 39 0 0 46 0 50 0 0 0 0 0 61 27 74 0 0 0 0 0 90 83 0 0 0 0 0 0 0 0 0 0 75 87 6 0 21 0 0 0 0 0 52 17 0 0 0 0 0 12 2 0 25 0 14 33 0 79 0 0 0 0 100 7 55 0 0 0 0 0 0 0 92 0 0 0 0 4 0 0
0 0 0 0 0 0 0 0 0 0 0 0 0 0 7 0 0 0 0 0 0 0 0 0 0 84 0 56 0 0 0 0 0 0 0 2 0 67 0 0 0 78 0 0 0 0 0 72 75 0 0 0 0 55 0 86 0 0 65 0 0 0 76 0 0 0 0 0 0 55 0 0 95 0 28 94 29 0 0 0 0 55 0 0 0 0 0 30 0 0 0 81 0 6 88 0 84 0 0 0
0 15 0 0 0 0 0 0 0 0 0 0 58 83 0 0 0 0 0 0 0 0 75 0 0 0 0 0 0 0 0 65 0 0 0 0 0 0 0 0 0 0 0 26 0 0 38 0 0 0 72 2 0 0 25 0 0 0 0 83 50 0 0 69 40 8 0 88 2 16 64 0 0 0 0 53 13 0 70 0 0 0 0 36 22 33 61 0 0 0 0 0 23 0 0 49 0 0 87 0
0 0 0 0 95 0 58 0 0 0 0 0 0 0 0 0 0 0 29 0 0 0 0 0 0 19 61 0 0 36 0 74 0 0 0 38 0 0 85 0 0 0 0 0 0 0 0 0 0 0 0 35 0 79 37 0 40 0 0 0 0 0 0 10 99 0 0 0 36 0 0 0 0 53 0 0 31 0 0 30 3 0 24 0 16 4 0 0 0 0 0 0 0 0 0 0 59 0 0 0
0 0 0 86 0 0 0 0 0 0 0 0 97 0 0 67 41 0 0 0 0 0 0 0 0 0 0 0 0 0 37 0 95 40 0 40 0 60 0 0 0 0 39 30 0 6 0 0 0 0 0 37 0 0 54 0 26 74 0 0 65 0 0 0 34 0 0 0 93 0 0 0 0 85 0 0 0 0 0 0 0 0 0 0 0 0 95 0 12 0 0 0 0 0 0 0 0 0 0 37
0 0 0 0 0 96 0 0 0 0 0 0 37 0 5 0 0 0 0 0 0 0 0 55 0 0 0 0 0 93 25 0 0 0 0 0 69 0 0 46 0 78 0 33 35 0 0 0 75 0 16 0 0 0 0 78 0 0 0 0 52 0 0 0 0 0 9 0 0 71 0 0 0 0 0 0 0 0 0 0 0 0 0 0 21 0 0 0 90 0 51 0 0 0 0 0 0 0 0 0
0 54 96 0 0 0 0 0 0 0 0 0 0 0 17 0 0 0 0 0 0 0 0 0 0 54 14 0 0 27 0 0 1 0 0 0 0 0 0 0 0 0 0 47 0 0 0 0 78 0 0 0 64 0 0 0 0 0 0 0 0 0 0 41 0 0 0 1 0 0 22 0 45 0 0 0 0 0 9 0 0 0 0 45 8 0 0 0 0 0 0 0 59 0 0 0 0 0 0 0
0 38 0 0 0 12 0 0 0 67 0 0 0 0 0 0 0 0 0 0 0 0 0 0 0 0 32 0 0 90 0 0 0 0 0 0 0 55 60 89 0 0 95 0 0 0 0 0 0 0 56 0 0 0 0 0 0 0 0 0 0 0 0 0 0 10 46 0 0 0 0 4 0 0 0 0 0 64 0 0 0 35 0 0 0 79 0 0 97 0 0 91 0 0 0 0 0 0 0 0
0 0 0 0 0 0 0 56 0 73 0 62 0 32 0 0 0 0 0 0 35 0 0 0 68 0 0 0 79 0 66 0 0 0 0 0 0 0 0 89 0 0 0 0 0 0 0 0 0 96 0 0 8 0 0 0 0 42 17 0 72 5 0 0 0 0 0 0 0 0 0 18 0 83 0 0 0 0 0 0 0 0 0 0 0 84 68 0 5 0 0 75 0 8 0 0 45 0 0 0
0 0 15 0 0 0 0 0 0 0 9 0 0 0 0 0 53 85 0 0 0 73 0 0 0 0 0 64 0 0 0 0 36 0 0 0 42 52 0 50 0 0 0 0 0 0 0 14 0 6 36 0 7 0 0 0 0 0 0 0 25 35 0 0 0 0 0 0 0 0 0 0 0 0 0 0 0 0 0 0 0 0 0 0 0 0 0 0 0 82 0 0 0 0 0 0 91 0 0 0
0 0 0 0 0 0 0 0 42 0 73 48 0 0 0 0 0 0 0 45 13 0 0 0 0 0 41 50 0 83 0 0 0 0 0 0 0 8 0 0 0 0 40 26 0 0 0 0 0 0 0 0 0 0 0 0 0 0 0 0 91 71 0 0 0 0 0 0 0 0 0 0 0 80 0 49 0 0 86 0 0 0 0 0 98 0 0 0 0 72 0 0 0 0 0 0 32 0 0 0
0 0 29 86 0 27 0 0 0 95 37 0 0 24 0 78 44 0 0 0 5 0 34 0 0 0 51 29 0 0 0 0 41 49 0 73 100 93 0 9 0 0 65 0 0 27 0 0 0 0 0 0 0 15 0 62 0 0 58 0 0 93 0 0 0 0 0 56 0 54 0 0 0 10 0 0 0 0 0 0 0 0 0 0 34 0 0 0 27 0 0 0 64 0 0 83 0 0 6 39
0 90 38 0 0 66 42 0 0 0 0 65 0 0 0 0 0 0 71 0 36 0 0 0 0 0 0 0 0 24 0 0 0 0 71 45 0 0 0 0 0 0 0 0 26 80 0 0 0 0 0 0 0 0 0 49 0 0 57 0 0 0 0 63 0 0 0 0 0 0 0 24 0 45 41 0 91 0 87 0 31 0 0 89 0 0 0 0 78 27 0 0 65 0 0 0 0 0 0 0
0 0 6 0 15 0 0 0 1 71 78 0 0 0 0 95 0 0 20 32 0 9 0 0 0 0 0 0 47 0 0 82 11 54 63 0 0 0 0 0 0 90 0 0 0 0 0 8 0 0 82 0 0 0 0 51 0 0 0 34 0 0 0 0 28 0 0 18 0 0 0 0 25 0 0 0 12 0 0 60 3 0 86 0 0 0 0 0 0 0 0 4 0 0 0 49 0 0 0 0
51 0 0 0 0 0 0 0 0 55 0 0 0 38 0 0 0 0 15 0 0 0 0 0 5 0 4 7 0 89 0 0 0 31 0 0 0 0 0 98 0 37 20 0 38 0 19 0 0 0 0 0 64 0 0 18 0 0 0 0 65 0 80 0 3 50 0 0 50 0 0 84 0 0 0 0 0 0 0 0 0 0 0 0 0 0 66 56 6 0 0 89 0 0 0 49 0 0 15 0
0 40 0 0 0 0 0 0 0 0 0 0 81 0 41 75 0 0 78 0 0 0 17 0 27 10 0 0 0 0 56 0 0 0 79 0 0 10 85 0 6 0 0 0 80 49 0 61 89 0 28 0 27 0 0 0 0 0 0 0 20 14 14 0 0 0 0 0 0 0 0 0 27 0 0 2 59 95 0 97 0 0 0 0 97 0 0 11 95 22 0 59 0 0 1 0 0 0 0 82
0 0 0 36 0 10 8 44 0 92 0 0 0 0 0 44 0 0 0 0 0 0 0 0 0 0 0 0 0 84 0 2 0 35 0 88 0 0 0 0 0 13 19 0 0 56 0 0 52 0 0 74 0 65 0 0 0 0 20 0 0 0 0 0 0 0 26 29 0 0 0 0 0 61 0 0 0 0 32 0 0 0 77 74 0 0 0 0 0 98 0 0 0 0 0 0 0 0 63 0
74 0 0 0 0 0 0 0 0 0 84 0 0 0 0 0 0 25 13 0 86 0 0 0 78 0 0 0 0 0 0 0 0 0 0 0 92 0 0 0 0 0 0 0 63 0 0 0 0 0 96 0 97 0 0 0 0 0 0 0 0 0 43 30 0 0 0 0 81 0 0 1 0 94 0 0 0 0 0 0 65 0 0 59 0 28 17 9 0 0 0 0 0 4 0 0 0 0 0 0
0 0 0 0 83 5 18 38 0 0 22 0 0 0 0 0 50 0 0 0 0 0 0 91 0 0 0 0 0 0 0 24 0 0 0 94 0 0 0 0 0 80 0 0 0 0 0 0 0 45 76 0 80 0 0 0 41 0 0 99 0 0 26 0 0 0 0 0 21 0 13 0 25 0 0 0 0 0 0 0 0 0 10 0 0 0 0 0 0 35 0 0 66 0 0 0 71 0 0 0
0 0 44 0 26 0 23 0 0 60 94 39 0 0 0 0 0 0 0 0 27 39 0 0 97 0 0 0 0 0 6 31 0 0 96 0 0 21 0 0 0 0 0 1 0 43 0 0 0 0 0 0 69 0 0 0 0 12 0 0 54 0 0 7 0 64 0 54 37 0 0 0 31 0 0 0 0 0 72 0 0 77 0 0 0 0 56 0 0 0 0 0 99 0 0 73 0 0 0 0
55 0 0 0 0 0 80 0 0 0 32 0 0 0 0 0 0 0 0 41 73 0 0 50 0 0 0 96 0 0 0 0 0 0 0 0 0 0 0 0 0 0 0 16 0 0 0 0 0 0 30 0 0 0 0 0 0 0 6 0 73 0 0 0 93 0 29 0 0 0 0 44 0 0 15 0 77 78 0 34 0 0 0 0 0 0 0 0 0 0 0 93 0 0 0 0 0 0 0 0
0 0 0 0 0 0 6 85 0 0 0 0 0 0 0 0 0 0 0 0 0 0 0 46 0 0 46 0 100 1 62 0 0 0 0 0 0 0 35 0 0 0 0 0 0 0 0 58 0 0 0 0 0 82 0 0 0 0 0 0 0 0 0 20 0 0 0 0 0 0 27 0 0 0 0 0 0 0 0 0 0 0 0 0 0 0 0 0 0 0 0 0 0 60 73 0 0 0 0 0
0 0 62 0 0 0 0 0 0 0 0 0 0 0 0 0 0 0 54 12 0 35 0 0 0 39 0 99 80 0 0 0 0 0 0 0 0 0 0 55 0 0 87 0 0 0 74 0 0 0 0 0 0 13 100 0 45 0 0 0 8 0 0 0 0 41 71 7 0 0 57 0 0 0 0 0 56 0 0 0 0 0 0 13 0 0 0 0 0 0 0 0 0 0 0 0 43 69 0 74
0 0 0 45 10 0 0 9 0 0 0 0 0 42 0 0 0 0 0 0 0 0 0 0 4 91 0 0 60 0 0 0 0 48 0 0 0 0 80 0 11 0 0 98 0 0 24 0 39 0 0 0 50 0 0 0 29 0 0 0 0 0 0 62 31 0 0 0 0 0 0 18 0 0 0 0 0 0 0 0 88 0 0 25 0 92 29 0 0 97 94 0 0 0 26 47 0 0 0 0
0 0 0 0 0 0 95 76 0 0 0 0 0 0 87 77 0 0 0 77 0 0 0 0 0 39 0 0 0 0 0 77 0 0 0 0 51 0 0 0 0 0 0 0 0 39 0 0 92 0 0 31 0 51 0 0 0 0 0 97 0 0 15 0 0 0 72 0 0 13 0 97 0 0 0 0 0 0 87 0 0 0 0 0 38 0 97 88 94 48 0 0 0 22 0 78 0 80 0 86
0 0 0 0 0 0 0 69 0 0 0 0 0 0 0 0 0 0 0 52 89 0 9 83 0 0 0 39 65 0 0 0 0 60 24 0 0 0 21 0 0 0 0 54 0 24 0 0 0 78 0 0 0 0 52 59 0 0 98 0 15 0 0 0 0 77 0 0 45 0 0 0 0 0 0 0 0 0 70 0 0 56 0 57 0 51 0 0 0 0 87 0 0 100 0 0 27 0 0 0
0 0 0 0 0 0 0 4 0 0 0 0 0 97 0 0 0 72 0 0 38 0 0 0 0 0 0 0 78 0 0 0 44 87 0 0 0 58 38 0 0 0 0 0 0 48 0 1 27 0 0 0 18 0 0 0 0 91 0 10 99 0 0 0 0 0 0 0 38 0 0 0 0 0 0 93 37 0 0 0 0 20 0 0 0 0 66 0 0 41 0 0 0 0 0 77 14 0 0 0
77 0 0 0 64 0 0 0 0 0 0 48 70 0 0 50 0 40 0 0 54 0 0 41 93 47 0 0 64 0 0 0 0 45 0 0 0 0 0 0 31 0 0 0 77 0 0 0 0 33 0 0 0 0 0 0 0 0 65 0 0 50 65 34 17 0 0 46 0 31 42 91 82 0 21 0 0 17 0 85 0 0 26 0 0 0 0 0 0 0 33 27 15 0 0 61 0 0 0 0
0 0 0 0 47 0 21 59 0 30 0 23 0 0 0 0 0 41 31 0 0 0 0 0 0 0 0 0 0 50 84 0 0 17 0 0 0 0 0 0 0 84 0 0 0 0 0 0 89 0 0 0 0 0 0 80 0 0 0 0 0 0 0 0 0 0 10 0 0 0 58 0 0 0 0 0 0 40 0 0 0 69 0 0 0 0 0 18 0 67 0 0 71 86 0 0 0 0 0 0
0 11 0 59 0 0 0 0 0 0 0 0 60 0 0 0 42 5 0 16 0 21 0 100 0 52 0 0 89 0 0 61 0 0 0 49 0 0 0 0 0 0 0 0 43 0 0 0 0 0 53 44 0 0 0 45 26 0 0 0 0 95 48 0 14 0 0 77 0 0 0 0 0 0 87 0 0 0 0 0 0 0 91 31 0 12 16 0 0 0 67 0 0 0 16 0 0 0 0 0
0 0 60 0 59 0 0 0 64 0 0 62 0 0 15 0 51 0 0 59 0 0 27 0 40 0 0 94 0 0 39 86 0 0 89 0 0 0 0 79 0 0 0 0 0 85 0 0 0 0 0 0 0 0 0 0 1 0 0 2 12 0 0 0 0 0 0 0 0 93 69 88 0 57 0 46 5 0 0 0 51 44 0 0 0 0 0 0 0 0 84 0 0 0 4 0 0 0 0 0
0 0 0 97 0 0 0 0 0 0 0 0 0 0 0 0 0 0 71 0 0 100 0 51 85 77 0 0 0 0 0 0 31 12 0 73 0 47 3 0 0 44 0 0 65 0 0 0 0 0 0 0 0 0 0 57 55 60 0 0 0 0 93 0 0 0 0 0 0 0 0 0 83 0 0 0 14 47 0 0 0 66 0 0 0 0 0 0 0 68 16 0 0 0 0 0 91 0 0 0
0 0 0 42 44 0 83 0 88 0 0 79 0 5 0 0 33 0 0 43 60 0 0 0 0 0 0 0 0 0 0 0 0 0 59 78 0 0 97 0 0 77 0 0 0 0 0 0 0 0 0 0 0 0 0 0 0 37 14 0 0 92 0 44 0 0 0 0 0 0 0 0 0 0 46 0 0 0 97 40 36 15 30 0 0 67 0 0 0 81 0 0 0 0 49 0 57 0 0 0
85 76 0 0 0 0 0 3 0 0 0 0 0 0 0 19 0 0 0 17 0 36 11 0 0 98 0 83 0 0 0 0 0 0 0 11 81 0 0 0 0 0 0 0 0 0 0 0 9 71 0 44 56 0 0 0 0 0 0 0 0 0 52 39 0 33 20 0 0 0 0 0 0 0 0 0 0 0 0 0 15 0 0 0 0 0 0 66 0 0 89 0 0 0 0 0 0 48 0 0
51 0 0 0 0 27 74 0 0 0 0 16 0 0 0 0 0 62 0 87 0 0 0 0 0 0 0 0 80 98 55 0 0 0 0 0 0 0 0 0 57 0 0 87 2 8 0 0 0 0 0 0 0 0 0 0 0 0 38 0 0 0 0 0 0 0 0 0 0 0 0 0 0 0 29 0 18 0 0 0 0 0 18 0 0 92 0 83 0 0 0 0 91 0 0 0 0 0 93 0
46 0 17 0 80 0 0 0 80 89 46 0 99 0 17 0 0 0 0 0 0 0 0 50 12 0 0 0 0 0 0 0 0 8 0 0 44 27 85 0 68 0 44 69 0 0 49 3 0 0 0 0 0 0 0 0 0 0 93 0 0 0 0 8 0 0 0 0 13 0 0 0 0 0 0 0 0 0 0 90 0 43 0 0 0 72 99 0 78 0 0 0 100 48 0 0 0 0 91 0
0 0 0 0 94 0 37 0 52 0 0 19 0 0 84 0 0 0 0 0 0 0 0 0 0 0 82 0 15 0 0 0 0 0 0 0 0 0 0 65 0 0 86 0 0 42 0 0 0 0 0 79 0 0 0 10 27 78 0 0 0 0 0 0 88 0 0 0 0 35 0 0 0 0 54 0 85 31 0 0 0 0 83 0 0 0 9 0 52 0 0 0 0 0 0 0 0 0 0 0
0 0 0 51 0 4 0 0 28 45 0 66 0 0 0 49 0 0 0 5 0 0 0 0 0 0 0 99 0 0 0 0 72 0 0 43 52 0 0 13 86 0 0 0 0 0 0 6 0 0 0 0 0 19 0 0 0 0 0 0 0 0 0 92 68 0 0 0 66 0 0 0 0 0 0 0 89 0 0 0 85 89 0 28 0 50 0 0 43 9 78 15 0 9 0 0 93 0 0 0
41 0 0 0 0 71 54 0 0 0 80 0 0 0 0 48 0 30 0 0 0 0 36 0 0 32 0 1 61 0 0 0 0 90 0 0 0 0 0 0 0 0 0 63 0 0 94 0 0 0 0 44 0 0 7 0 0 0 0 0 0 0 0 100 0 0 46 0 14 0 0 0 0 0 0 0 0 0 17 0 0 0 0 0 0 69 0 0 0 0 0 0 0 0 0 0 0 0 0 0
0 0 0 0 0 0 60 0 0 0 0 0 0 98 0 15 0 0 0 0 1 93 0 37 61 76 0 0 0 0 50 0 52 0 0 0 0 88 40 92 0 0 0 93 0 0 0 0 0 0 0 0 100 0 0 0 0 0 0 99 0 0 1 0 94 0 0 0 0 36 0 0 0 16 14 99 40 92 0 15 0 0 0 45 0 0 0 0 5 0 27 7 77 0 0 0 0 0 0 0
0 0 0 0 0 0 0 37 0 0 0 0 0 0 0 0 0 0 0 0 0 49 0 0 0 41 7 0 5 0 0 0 0 0 0 0 33 18 0 41 0 90 0 0 2 0 90 0 0 0 0 0 0 0 0 0 0 0 0 45 0 0 0 99 0 0 0 0 0 0 0 0 11 0 0 0 71 0 0 0 0 0 0 0 0 0 0 0 0 0 42 0 0 0 0 0 89 0 0 93
0 0 10 0 0 0 0 0 16 0 0 7 0 0 9 0 53 94 0 0 0 85 0 75 0 8 41 0 0 12 0 0 0 49 0 0 0 0 59 27 0 0 0 0 0 0 0 0 0 0 100 51 0 0 0 0 0 0 0 56 0 0 0 0 0 0 0 0 7 0 0 1 0 0 0 0 0 0 0 0 0 0 0 0 0 0 0 0 0 0 0 0 0 0 3 0 0 0 0 0
0 0 99 0 32 0 0 0 0 43 0 0 0 0 0 0 0 0 90 0 0 85 25 27 0 47 51 0 0 0 0 0 0 0 0 0 0 61 0 0 0 0 0 0 0 0 0 0 0 0 0 28 41 0 0 0 0 0 0 0 0 0 0 0 30 0 0 0 0 0 0 0 0 0 0 0 0 0 0 78 0 0 0 0 0 0 0 35 84 0 0 0 72 0 43 67 0 0 0 0
0 0 82 0 65 0 0 0 0 43 0 0 0 0 99 0 0 14 0 40 0 0 0 0 0 0 0 9 70 0 99 0 0 0 36 1 0 0 10 0 0 0 0 0 86 0 36 0 0 0 0 0 34 0 0 0 1 0 0 35 0 0 0 0 0 0 40 0 0 0 0 33 0 0 59 0 0 29 0 0 0 0 0 54 0 0 13 21 0 0 84 97 0 0 0 0 0 0 0 59
0 0 55 0 0 0 24 0 6 0 0 12 0 0 81 0 4 0 0 0 0 0 0 0 0 18 82 48 22 0 0 62 0 8 0 0 0 95 0 0 6 0 0 0 54 0 78 92 0 23 53 16 98 0 0 0 0 0 0 0 0 0 0 0 0 0 0 0 0 39 0 0 0 0 0 0 0 60 0 0 84 35 37 0 99 0 0 0 0 48 0 24 0 0 32 42 0 0 0 0
0 0 13 80 11 0 44 0 0 60 0 0 0 0 0 0 0 0 0 0 53 0 0 0 6 0 5 0 0 0 0 58 0 0 0 0 0 0 0 0 0 0 0 93 0 0 0 68 0 0 61 0 0 0 0 0 0 6 0 0 0 0 0 0 0 68 0 0 0 0 0 0 69 98 0 0 7 4 0 0 0 84 0 0 0 47 15 0 0 0 46 0 26 0 0 0 0 0 0 0
0 0 0 0 0 0 0 43 0 0 0 40 0 0 0 0 0 45 0 0 0 0 0 0 0 20 0 0 0 0 70 0 14 0 0 0 0 0 0 0 0 0 0 0 0 0 0 0 0 53 43 0 0 0 0 45 0 0 0 0 0 34 0 0 0 0 0 0 0 0 0 17 61 0 30 0 0 0 0 0 0 65 0 0 0 23 0 0 13 0 92 0 0 0 0 0 0 0 21 0
0 0 0 0 89 0 0 0 0 0 41 0 0 0 0 0 0 0 0 0 0 32 0 0 0 88 0 0 0 0 0 0 0 5 0 54 0 0 40 0 0 49 79 0 77 50 0 0 0 60 0 0 0 48 30 0 0 0 0 0 32 0 0 0 0 0 0 0 0 36 0 0 0 75 0 96 49 0 83 90 0 0 0 24 0 0 0 0 94 0 0 54 0 0 0 95 0 0 0 0
0 0 0 0 90 0 0 38 0 36 0 0 80 0 0 0 0 0 0 0 0 0 0 0 0 80 0 0 70 0 0 0 90 0 97 92 0 0 0 0 0 0 0 0 0 79 0 0 69 0 0 0 0 0 51 0 0 72 0 0 0 0 0 0 0 0 0 0 0 0 0 0 0 0 73 0 0 0 0 0 0 25 0 0 69 60 0 56 0 0 72 0 0 0 0 0 0 26 79 0
94 0 0 0 0 0 0 0 0 9 0 42 71 48 0 0 0 0 67 0 0 0 0 0 25 0 0 0 45 0 0 0 0 0 0 76 0 0 22 0 0 0 26 0 0 0 0 0 0 30 0 0 0 20 0 11 0 0 0 0 71 0 62 0 0 0 0 0 16 71 2 0 0 85 0 0 0 0 74 44 56 0 61 0 0 0 0 0 0 0 0 0 25 0 0 22 0 0 0 0
29 0 0 30 0 81 81 72 0 0 0 0 0 0 0 0 0 0 0 44 85 0 49 0 0 0 0 76 0 68 0 29 0 80 53 0 0 0 0 0 0 0 0 0 0 0 9 0 0 0 0 0 65 0 95 0 0 48 0 0 0 0 0 0 0 0 0 0 0 0 0 0 41 0 0 70 0 0 34 82 0 0 0 0 89 0 69 0 0 0 84 64 0 65 50 0 0 0 40 0
0 0 48 0 0 0 91 0 60 0 0 0 0 0 0 0 0 36 0 0 0 0 0 0 0 0 0 0 0 16 0 33 82 0 0 45 41 0 0 0 37 0 0 73 32 72 63 23 0 0 0 0 0 0 0 0 49 0 0 0 0 0 0 0 0 0 0 30 31 0 20 0 92 0 0 0 0 0 0 0 0 35 34 73 0 0 0 0 0 39 0 0 0 0 0 0 0 45 0 0
11 0 53 75 0 63 44 0 0 0 0 73 0 0 0 16 0 0 0 0 0 0 12 0 0 60 0 76 0 0 0 0 0 63 0 0 0 0 0 0 54 0 0 9 0 0 90 52 50 0 0 0 0 0 0 0 0 80 76 0 0 0 0 0 56 0 0 0 0 0 0 81 0 0 0 0 0 78 87 0 33 0 0 2 95 0 78 68 0 0 0 0 0 0 0 0 0 0 0 0
0 0 54 14 0 0 20 49 1 0 0 0 18 0 0 0 0 100 0 0 0 0 0 0 0 0 0 15 0 0 87 0 0 0 74 0 68 0 0 0 70 82 0 0 0 0 50 0 0 0 0 0 0 82 0 0 93 4 0 0 98 0 0 0 0 47 54 0 0 0 0 12 36 0 0 0 0 0 0 80 0 13 0 0 0 30 0 0 0 92 0 0 0 0 0 0 0 0 0 34
0 4 0 0 0 59 0 0 0 36 0 0 0 0 0 0 0 0 49 47 0 0 0 0 0 0 61 0 0 0 0 0 47 0 0 0 0 48 32 0 50 0 0 0 0 18 60 0 0 0 0 0 0 0 0 0 0 0 0 20 0 78 91 11 0 0 0 2 0 98 0 0 14 0 0 28 99 0 0 0 51 17 0 0 66 0 0 71 0 0 0 0 0 0 0 52 0 8 0 0
0 45 0 29 0 0 0 0 0 0 99 0 0 7 0 0 0 11 0 0 0 32 0 98 0 0 0 0 0 0 86 0 0 0 0 95 0 13 0 8 0 62 0 0 0 0 96 0 0 0 32 0 0 71 0 57 86 0 0 0 0 0 0 86 0 0 0 0 0 0 31 61 0 0 0 0 0 0 0 0 0 0 31 0 0 0 0 0 0 6 0 71 28 0 0 0 35 0 1 28
0 5 0 0 0 0 0 93 0 0 37 56 91 98 0 0 0 0 0 0 0 0 0 0 53 0 0 0 0 0 0 44 0 0 0 0 0 0 0 0 0 30 0 0 93 0 0 0 0 0 0 0 0 0 98 0 0 0 0 0 0 0 0 0 0 74 0 0 0 70 0 0 0 0 0 32 0 0 0 97 78 0 33 74 0 0 0 0 0 39 0 0 0 0 15 0 0 0 26 0
0 0 0 72 0 0 0 0 0 0 25 0 75 0 0 0 45 0 77 0 0 0 0 100 0 0 0 88 0 0 5 0 0 66 0 88 97 0 0 0 0 0 20 0 0 63 0 0 0 25 0 0 0 0 0 58 0 0 0 0 0 0 0 1 0 0 0 0 0 0 0 0 0 0 0 0 0 0 0 30 0 0 0 0 36 14 2 0 64 37 0 0 88 78 0 0 32 0 64 0
0 0 0 0 0 0 62 0 66 0 34 0 68 0 0 0 19 0 0 0 0 23 0 0 62 0 67 0 0 0 0 0 26 10 53 0 0 0 22 0 0 0 0 0 0 0 68 0 0 0 0 0 0 67 0 0 0 0 0 0 24 69 0 0 0 0 0 62 0 0 0 0 0 0 0 28 84 0 50 0 99 0 0 0 0 0 96 93 0 0 0 0 0 25 0 0 0 0 0 0
0 14 0 0 64 0 67 85 0 0 82 0 16 0 0 0 0 0 0 16 0 0 0 0 0 0 77 0 0 0 0 0 0 95 0 0 0 0 0 43 0 92 0 0 0 57 0 0 0 0 0 0 0 0 0 0 0 0 0 74 0 63 0 0 0 93 0 68 0 96 0 0 12 0 0 0 0 0 79 0 82 44 0 55 0 4 0 45 20 0 68 0 0 0 0 0 0 0 0 0
96 0 0 0 0 0 0 77 45 0 0 0 0 0 0 0 68 33 24 0 0 0 0 35 0 0 0 95 0 0 99 0 95 0 0 0 0 0 0 0 63 0 0 0 67 0 0 0 74 0 0 78 0 55 0 0 38 8 0 0 76 0 26 0 0 0 51 47 0 0 0 0 0 18 0 58 0 0 84 0 0 0 0 0 0 0 0 7 74 0 0 0 0 97 0 30 0 0 0 0
0 0 0 0 0 49 0 42 0 0 6 0 43 0 0 0 0 84 0 0 0 20 72 14 0 0 0 0 48 42 86 14 24 0 0 0 55 75 36 0 0 80 0 98 0 0 82 0 0 0 0 62 0 16 56 82 43 0 10 0 45 0 0 0 0 17 0 0 0 0 0 0 0 0 0 0 20 0 0 0 0 0 58 0 49 0 15 0 85 0 0 0 0 0 0 0 94 13 0 0
0 47 0 0 0 51 0 0 0 1 0 0 23 0 85 0 0 0 0 0 94 0 0 0 9 6 0 0 0 0 56 0 0 26 0 0 0 0 0 51 0 0 0 0 97 0 0 0 61 0 0 0 43 0 54 0 25 0 0 0 0 20 0 0 0 20 0 0 0 0 59 0 0 55 0 0 0 0 0 10 0 89 0 76 0 88 0 95 0 0 0 0 5 15 0 74 82 29 0 0
0 0 0 0 0 0 79 0 33 85 0 0 0 0 0 0 15 0 0 5 0 0 0 43 0 2 0 0 0 0 0 0 0 0 0 0 0 0 0 0 59 0 0 0 0 0 0 0 95 0 0 0 0 0 0 0 0 0 0 79 0 64 0 0 19 0 0 81 0 0 0 0 86 0 0 0 0 0 0 0 0 0 0 0 0 0 82 0 0 0 0 66 0 0 0 87 67 0 0 0
0 18 0 0 0 53 0 0 0 0 33 0 0 53 0 0 0 73 0 0 0 91 49 0 0 9 97 45 57 23 0 14 0 0 0 81 0 0 20 0 0 0 69 0 0 0 0 0 59 0 0 0 0 0 0 0 0 0 0 0 90 0 0 0 0 3 0 0 21 49 0 87 59 17 0 0 80 0 0 0 6 0 84 58 0 0 0 0 0 0 0 0 57 80 0 0 17 31 0 0
0 0 0 0 0 60 0 0 0 0 36 0 28 0 0 37 0 0 0 0 15 43 0 71 0 0 0 0 0 0 80 66 0 0 0 0 0 0 0 45 0 0 10 0 0 31 0 0 0 0 0 0 9 93 0 0 0 0 0 0 0 86 72 74 0 0 81 0 25 0 28 0 0 4 63 0 0 0 0 0 82 0 68 66 0 0 0 0 0 0 50 0 0 0 11 29 24 0 0 0
37 0 0 0 0 0 0 91 28 0 13 0 0 0 0 76 0 0 0 0 0 0 0 0 0 0 0 0 0 0 48 20 0 14 0 0 7 0 22 0 47 0 0 98 0 0 66 0 0 0 0 40 0 0 0 95 64 0 0 0 0 0 0 0 0 0 0 0 61 0 0 0 0 0 0 0 0 0 58 0 0 22 60 55 0 0 45 24 88 0 91 0 0 0 0 0 0 0 0 0
0 0 92 0 7 0 0 40 0 0 0 16 0 0 0 0 0 41 0 0 0 0 0 47 0 0 33 83 0 0 0 0 0 0 0 5 83 0 0 36 0 0 0 0 0 0 0 0 0 0 0 0 0 56 0 0 38 0 89 0 0 0 86 0 0 0 0 0 0 0 0 0 84 0 0 0 0 0 0 80 0 0 0 0 71 10 0 89 82 0 0 86 0 0 0 34 0 21 24 62
0 0 0 0 0 30 0 0 0 0 0 40 0 0 44 0 0 0 0 0 0 0 0 0 0 96 0 10 0 0 0 0 29 0 0 0 0 0 0 0 0 0 74 89 0 0 0 0 81 0 0 7 5 60 0 0 0 0 0 0 0 0 26 78 0 0 0 0 0 0 0 0 0 0 0 71 0 0 0 0 63 0 0 0 0 0 0 0 0 0 0 0 0 0 4 0 24 0 0 0
0 0 55 0 0 51 51 0 32 0 0 0 0 0 0 0 39 11 0 0 0 0 0 0 0 26 0 0 0 0 0 0 0 0 91 0 98 0 32 0 86 0 0 0 0 0 0 45 0 0 0 0 0 0 0 54 73 54 17 0 0 0 0 18 0 0 0 9 0 0 0 0 0 90 89 0 0 0 0 15 0 0 0 0 0 0 0 0 64 0 0 0 89 0 0 0 0 0 0 65
0 4 0 88 51 0 0 0 0 4 0 0 0 63 0 0 24 15 0 0 0 0 0 26 0 0 0 0 0 0 0 0 0 0 0 0 0 0 0 46 0 0 0 0 0 20 0 0 0 0 0 0 0 3 0 0 0 0 56 0 36 0 0 0 0 0 40 0 0 0 0 67 0 0 21 16 100 0 0 27 80 0 0 0 0 0 0 0 0 0 0 0 0 0 0 56 0 6 0 13
0 0 0 0 0 0 0 0 13 0 0 0 0 0 0 19 0 0 0 0 0 52 6 0 0 0 0 0 45 0 97 0 0 0 0 16 0 0 92 1 0 0 0 0 0 26 0 0 0 0 0 0 0 16 0 0 63 68 0 0 0 0 0 13 0 0 6 0 0 15 5 0 0 0 0 0 7 0 22 0 0 0 47 87 37 0 0 0 76 0 0 26 0 0 0 70 0 0 0 0
0 0 45 52 0 50 0 0 0 0 33 53 0 0 79 0 0 0 0 83 0 0 90 81 0 13 16 17 87 0 0 0 0 79 39 0 0 0 0 0 0 0 0 81 0 0 0 91 0 0 0 92 16 0 17 0 0 69 76 0 0 0 0 70 0 0 0 0 0 49 0 0 0 0 88 21 0 15 0 0 74 0 0 0 47 50 0 3 0 0 5 7 52 0 0 0 96 0 0 0
0 66 73 0 0 0 0 0 13 0 36 0 0 0 9 0 0 0 0 0 0 0 0 0 0 0 0 24 6 0 0 0 0 0 23 89 63 0 0 0 0 0 16 0 0 38 90 0 0 0 0 0 46 0 44 0 0 54 0 0 68 0 0 0 0 0 0 0 57 0 0 46 0 0 0 0 0 95 0 0 0 0 0 0 0 0 0 0 1 0 0 0 0 0 0 0 0 0 0 0
0 0 0 0 26 0 0 0 0 0 0 0 66 60 0 0 0 0 14 0 0 0 0 67 0 0 0 61 0 72 0 0 0 0 33 48 0 0 29 0 5 0 0 0 0 0 0 0 63 0 0 0 0 0 0 77 0 0 0 29 0 0 0 0 0 0 0 0 0 54 0 0 0 0 0 0 98 0 86 77 99 0 41 0 0 0 0 0 0 0 56 0 0 0 75 0 0 38 0 0
0 0 0 0 0 0 0 0 0 0 0 0 0 0 55 0 90 74 0 0 0 91 0 4 37 5 0 0 0 0 0 0 0 0 0 0 0 0 0 47 0 0 87 91 49 0 0 0 0 34 0 0 0 0 0 0 0 97 24 0 0 0 44 0 0 0 0 0 0 0 0 0 0 0 0 51 0 95 0 0 0 0 0 36 0 0 0 0 0 0 0 0 0 0 65 0 0 81 0 0
0 0 0 0 0 88 0 0 0 0 0 0 55 0 0 13 0 0 0 94 0 95 0 0 13 66 42 0 0 0 0 0 0 0 0 69 54 0 0 0 0 0 31 0 28 88 0 0 0 92 0 0 0 0 0 0 0 0 0 0 0 0 0 79 75 52 40 23 0 1 38 0 0 39 0 0 0 0 0 0 0 0 0 0 0 56 0 23 0 0 0 89 0 0 0 0 0 9 0 0
0 0 76 0 0 0 85 0 0 0 35 0 6 80 0 0 67 0 8 0 0 0 0 0 0 7 0 0 0 0 0 0 55 0 0 95 76 0 0 0 0 0 45 0 0 0 0 68 0 15 57 0 98 0 0 0 54 0 0 0 0 43 0 0 0 0 66 0 0 58 0 100 16 0 0 0 0 3 0 0 13 0 0 0 0 0 79 0 0 0 0 0 44 84 55 0 0 0 68 0
0 0 0 0 0 0 0 0 0 0 0 0 0 27 0 0 0 0 0 87 36 0 0 0 0 72 0 0 0 0 0 8 0 0 0 0 0 51 0 0 29 0 0 40 49 0 26 0 0 0 0 0 0 0 0 41 0 0 44 0 0 49 0 73 26 43 0 0 0 100 0 0 66 0 0 0 84 64 100 0 0 0 0 0 0 0 0 0 0 37 0 0 0 0 0 0 0 0 0 0
0 0 0 19 62 0 0 0 79 0 0 0 0 0 0 0 0 0 0 2 0 100 25 0 0 0 0 0 0 0 79 0 0 0 0 0 6 0 2 0 0 0 86 0 0 5 0 0 0 0 78 0 0 0 0 0 95 43 0 0 0 0 0 0 0 9 0 0 0 83 0 51 0 0 84 0 0 0 0 0 0 0 0 0 57 0 0 0 72 3 14 61 0 0 70 17 11 0 0 0
0 0 16 0 16 63 0 0 0 0 0 0 0 0 57 63 0 0 0 0 82 96 0 12 0 0 22 0 0 0 0 0 0 61 51 0 0 0 0 73 65 0 0 0 0 80 0 0 0 78 0 0 0 1 0 0 0 0 0 0 0 35 0 5 0 0 23 56 0 21 0 0 53 2 71 3 0 0 5 0 0 0 0 0 0 53 0 99 0 0 0 63 100 0 0 35 0 0 0 0
0 0 0 0 0 0 0 0 21 0 0 0 0 0 0 60 0 0 0 0 0 0 0 0 0 63 0 94 0 0 0 5 0 0 0 0 0 0 0 0 36 0 0 0 40 0 0 89 0 89 0 22 0 0 0 0 3 0 0 0 0 0 0 0 0 0 0 0 0 82 0 0 0 0 0 0 0 0 95 41 38 43 0 0 0 46 0 0 83 0 0 0 0 64 82 0 0 0 0 0
0 76 0 0 8 0 0 0 0 72 0 0 0 0 24 0 3 45 0 0 0 0 0 0 0 75 0 0 0 0 0 0 0 0 0 0 0 0 0 0 0 0 0 41 0 0 0 0 0 0 0 0 0 21 0 22 0 0 0 0 71 0 0 0 0 0 0 0 0 82 14 10 47 0 0 25 0 0 0 0 0 0 0 64 0 0 0 0 17 0 0 0 0 0 0 0 0 5 0 0
0 0 0 0 0 0 0 0 0 0 47 95 16 0 0 0 14 0 0 84 3 0 9 0 36 55 0 0 0 0 5 35 0 0 80 0 0 0 0 0 0 0 0 95 0 0 49 71 95 0 0 0 0 0 0 0 0 0 0 0 0 0 0 0 68 0 0 0 0 82 0 0 0 0 0 28 0 0 0 0 0 0 0 81 0 32 0 0 22 76 82 0 0 11 0 0 53 0 0 0
63 0 0 0 0 0 0 0 49 0 0 0 4 0 66 19 84 0 0 77 0 0 0 41 70 0 0 75 0 33 0 0 0 48 39 0 0 0 0 0 0 0 55 0 0 0 0 31 0 95 0 0 0 0 0 89 0 0 0 0 0 0 0 0 0 61 0 0 0 0 0 9 0 26 0 0 51 79 0 0 0 0 43 1 0 83 0 0 0 0 0 35 0 0 0 0 0 0 0 26
54 0 0 0 0 0 0 0 0 84 0 0 0 29 0 0 0 0 0 42 0 0 0 0 0 0 0 0 60 0 0 0 0 0 0 0 0 0 0 0 0 0 17 0 86 0 0 0 0 0 0 75 0 0 0 0 0 0 0 0 26 0 0 0 0 0 0 0 0 0 0 6 33 0 0 0 0 0 39 0 82 0 4 0 0 0 99 0 0 0 0 83 31 8 0 0 0 0 0 0