100
0 0 0 0 34 0 4 0 37 0 88 0 0 0 0 61 0 0 0 0 0 0 0 82 0 0 0 87 0 0 0 0 43 0 0 0 0 35 0 58 0 0 0 0 0 0 38 23 0 0 0 0 76 0 0 31 0 0 0 0 0 0 0 0 0 0 0 0 0 0 0 0 52 0 0 0 66 49 7 0 83 0 16 0 17 0 72 21 0 46 0 0 10 0 0 0 0 30 0 0
69 0 0 0 0 50 0 0 0 0 0 0 0 0 0 9 0 29 0 33 0 0 0 0 29 92 0 0 0 48 0 0 0 73 0 76 34 0 0 0 0 20 0 97 18 0 0 0 0 82 0 0 0 24 0 0 0 0 0 39 0 0 80 22 0 0 8 0 42 71 0 0 0 69 96 0 0 0 0 0 0 90 0 90 85 0 0 15 0 0 0 61 0 7 0 0 0 0 0 72
0 0 0 0 0 0 0 0 0 0 0 0 0 60 0 0 0 0 88 40 31 0 0 33 0 0 0 66 0 0 0 0 0 0 0 0 59 0 76 0 0 0 0 0 0 0 96 0 0 0 32 0 0 0 0 0 0 0 0 0 59 0 0 0 0 0 0 47 0 0 0 0 0 0 43 0 0 42 0 74 0 0 1 0 0 0 0 0 0 0 62 0 35 16 0 0 0 60 0 0
0 60 0 0 4 0 0 24 0 0 0 0 0 0 0 0 0 0 50 0 0 18 92 0 78 5 0 0 0 0 78 0 15 99 0 0 82 0 62 0 0 93 35 0 47 0 0 0 34 0 0 0 0 0 40 0 0 0 83 0 0 68 79 0 0 0 65 0 42 0 0 0 0 0 97 0 0 0 0 0 0 0 46 0 0 0 0 29 0 0 0 57 12 0 0 0 0 0 0 0
0 0 0 0 0 8 3 0 0 0 0 25 0 50 0 0 0 0 0 0 0 0 0 77 0 0 0 0 0 0 56 0 47 0 0 0 0 0 0 0 0 62 48 0 0 0 88 0 0 62 0 0 7 0 63 0 0 0 0 0 0 0 89 45 0 0 0 0 0 17 0 80 0 0 0 0 4 0 11 0 0 0 17 0 0 0 62 0 0 2 0 19 0 53 0 68 0 0 0 0
44 0 20 79 0 0 0 0 96 0 0 0 0 34 0 0 24 0 0 20 0 11 91 0 48 52 0 47 0 0 32 68 0 84 67 0 0 0 0 0 0 98 0 76 0 0 0 0 0 0 0 0 21 0 0 0 0 0 0 8 10 0 0 0 0 0 0 0 0 0 0 0 11 0 0 63 19 0 11 0 71 2 0 0 0 0 0 0 0 0 0 0 87 0 0 0 4 0 21 0
67 0 0 0 0 93 0 0 100 0 0 4 0 0 0 76 6 46 0 79 0 0 98 0 15 0 0 56 0 0 0 0 0 76 0 91 0 0 0 0 0 15 0 0 0 0 0 0 0 0 0 0 0 0 0 0 0 0 0 0 0 0 0 10 0 0 0 0 0 0 0 0 36 40 57 0 0 64 0 87 57 0 0 0 19 0 51 0 0 0 86 0 45 0 7 87 0 0 0 0
0 0 0 0 0 0 0 0 31 0 0 2 0 0 0 0 0 0 0 0 0 0 8 0 0 98 22 0 0 81 0 0 0 0 0 0 17 0 0 0 0 0 0 0 0 0 0 0 0 0 0 0 13 0 2 0 26 0 0 37 0 0 0 0 0 0 0 0 0 0 34 0 0 0 0 0 0 0 0 0 0 84 35 0 81 0 9 5 0 0 0 0 40 0 0 0 0 0 0 0
0 0 0 0 30 0 0 0 0 0 0 0 0 0 96 0 0 97 0 66 0 59 0 0 44 91 0 47 86 20 27 0 0 27 0 0 0 0 0 0 0 0 0 0 0 0 0 0 0 0 0 0 0 77 56 0 0 0 0 0 0 0 98 0 0 0 0 0 0 0 0 0 0 0 0 8 19 92 0 0 0 0 0 22 0 0 12 74 0 0 0 84 0 0 3 0 66 0 0 0
0 0 0 67 44 0 35 0 0 0 0 0 19 0 6 0 0 0 33 70 8 97 31 0 0 0 0 0 0 0 0 28 5 87 18 0 0 0 0 48 0 0 0 0 0 0 0 74 0 71 0 98 0 62 0 0 0 41 0 0 0 0 0 8 0 23 0 0 70 0 0 25 0 0 0 62 0 10 0 53 0 0 59 0 0 42 0 0 0 1 0 71 0 5 0 56 0 0 95 46
0 0 0 0 0 0 15 0 0 0 0 0 24 62 0 0 0 0 0 0 0 0 0 6 69 0 38 0 0 0 0 0 0 99 0 0 0 0 0 0 0 0 0 0 0 65 64 0 0 27 0 0 63 0 23 0 0 0 0 0 70 46 0 0 0 0 43 0 0 0 0 0 0 0 0 0 0 39 0 0 0 0 0 0 30 0 0 0 0 0 30 8 0 12 0 0 8 0 0 51
0 92 0 0 0 49 86 0 23 0 18 0 0 0 0 0 0 0 0 86 0 0 36 0 0 0 0 0 8 0 0 0 14 0 0 0 0 0 0 85 0 0 0 0 0 0 0 0 0 69 0 0 0 0 39 0 0 74 0 0 94 0 0 41 0 0 55 0 0 0 0 0 0 0 0 50 0 0 1 0 0 0 0 28 0 38 0 11 0 0 0 0 93 82 32 0 28 0 32 51
0 0 0 0 84 0 28 6 0 0 0 0 0 0 0 84 0 49 0 0 0 68 0 0 0 0 0 0 37 97 88 0 46 0 0 0 31 0 92 0 34 0 0 0 84 0 0 0 0 0 2 43 0 0 0 97 23 0 0 0 0 26 30 0 0 0 0 0 0 0 0 0 0 0 0 0 92 0 38 42 0 62 0 0 0 58 0 0 0 0 41 0 0 0 0 0 5 0 97 0
0 0 37 70 0 0 0 0 0 0 0 0 0 0 56 74 0 0 91 0 27 18 0 0 0 83 0 48 0 0 0 0 0 53 0 0 46 0 88 0 0 0 0 0 0 67 94 0 0 0 42 0 85 0 65 0 0 63 0 0 0 0 0 0 0 0 10 0 0 27 0 0 0 0 24 0 0 0 76 0 0 0 0 0 0 0 8 53 0 0 27 0 0 0 0 39 0 0 0 91
0 60 0 75 0 82 0 61 0 0 90 0 0 0 0 0 16 94 12 0 0 0 0 0 0 0 0 81 86 0 0 0 0 0 0 0 0 0 0 0 0 0 88 0 0 0 0 0 0 98 95 94 0 0 0 0 0 0 0 0 0 41 90 33 0 53 0 0 0 52 0 0 0 0 0 0 5 92 0 0 0 0 0 0 0 0 33 89 0 0 0 0 0 0 0 35 0 0 0 0
0 0 0 0 0 0 9 0 0 0 12 97 0 63 65 0 0 0 0 0 0 0 0 0 0 0 0 55 1 20 0 93 0 0 0 88 93 0 0 59 0 0 77 0 0 0 0 0 0 0 0 0 0 30 0 84 0 0 82 0 0 0 12 0 0 0 0 0 0 39 0 96 0 0 0 0 0 0 11 0 60 0 30 0 0 0 0 0 0 0 7 4 42 0 0 0 0 0 0 39
0 0 0 0 0 14 0 0 77 47 0 19 0 0 11 93 0 0 27 13 0 44 11 8 0 0 92 0 0 0 0 0 0 0 0 0 0 40 0 0 0 0 0 0 0 0 0 15 0 0 89 0 0 0 0 0 100 40 0 0 0 13 0 24 0 0 0 0 0 0 0 0 77 67 0 0 43 0 0 0 0 0 0 0 0 0 0 0 0 0 0 50 60 0 65 0 0 0 0 0
0 0 51 0 0 0 0 0 0 0 0 67 0 0 0 0 0 0 0 0 0 0 0 0 0 0 49 0 0 45 0 0 0 56 0 52 93 0 0 0 0 0 79 0 33 0 27 0 0 33 0 59 0 0 0 43 0 0 0 0 0 0 0 0 0 0 0 0 0 0 0 0 80 91 14 0 0 0 65 0 0 19 0 0 0 0 30 0 0 50 0 0 3 0 0 0 0 86 0 0
0 0 0 73 0 0 0 0 0 0 0 0 0 10 0 0 0 16 0 0 0 0 0 0 52 0 0 0 0 2 0 0 0 0 0 23 0 0 33 19 0 12 18 0 81 3 0 0 92 0 0 0 5 0 47 0 76 0 0 4 0 60 0 0 94 12 0 21 0 0 0 0 0 0 8 0 0 0 0 0 84 0 0 0 51 72 0 27 63 0 32 0 0 0 0 0 48 74 0 9
95 0 0 0 0 0 0 0 0 0 0 0 99 37 0 0 0 0 0 0 0 0 0 48 0 0 0 15 0 0 0 0 92 0 0 0 0 0 44 55 36 0 6 0 0 0 0 24 87 0 28 0 2 0 0 0 82 74 0 0 0 0 0 0 0 0 0 9 0 0 0 0 0 25 77 0 0 0 0 0 0 53 61 41 0 0 46 0 0 0 0 0 34 0 11 0 0 0 78 98
0 91 0 0 0 0 0 93 0 0 0 24 0 0 0 0 0 0 0 3 0 0 0 0 0 0 0 0 0 48 0 7 69 61 0 0 0 0 0 0 0 0 0 51 0 93 0 11 0 0 26 0 0 0 0 12 0 0 0 0 0 0 0 0 0 67 7 0 0 0 0 0 0 0 0 0 0 0 0 0 0 0 35 0 0 0 21 0 0 0 0 0 0 23 0 0 0 44 0 0
0 0 0 0 0 0 0 78 0 0 0 0 12 0 0 61 0 83 0 0 0 0 3 0 0 0 0 0 0 99 0 0 0 0 0 0 94 0 0 0 0 0 0 6 0 0 76 83 0 0 0 0 0 0 0 66 0 0 0 0 0 0 0 0 0 0 0 28 0 0 0 0 0 0 60 63 59 0 0 0 0 63 0 0 40 0 0 0 0 0 0 0 0 0 0 0 0 0 0 31
91 0 60 10 0 0 74 0 37 0 0 0 31 28 90 0 15 0 0 0 0 0 0 58 0 0 0 94 0 0 0 64 0 77 0 0 0 0 25 0 83 0 65 0 0 49 29 0 0 0 98 80 67 0 0 0 0 0 71 72 0 0 0 0 0 0 75 0 0 0 0 0 0 3 0 82 0 0 43 0 0 0 0 0 0 0 0 0 0 0 0 0 0 28 0 71 26 0 0 0
0 0 0 0 0 29 0 0 0 0 14 69 54 88 0 0 21 0 30 8 94 62 0 0 0 0 0 40 0 0 0 0 100 94 0 0 0 0 0 0 95 0 0 0 0 0 0 66 0 0 0 0 0 0 0 0 15 0 35 0 0 0 50 0 51 0 0 0 0 53 0 0 0 100 31 0 21 54 0 0 0 0 0 0 31 0 97 0 0 0 0 0 41 83 0 0 0 0 0 0
0 0 26 0 0 0 0 12 0 0 0 18 0 0 0 0 0 54 17 0 0 0 80 24 0 22 0 0 78 0 0 0 0 0 0 0 0 36 0 67 0 0 0 82 0 0 0 0 97 0 0 51 0 0 0 0 44 51 9 0 0 55 0 0 0 0 0 0 0 0 0 0 0 0 69 0 0 0 0 0 0 18 30 0 0 0 0 0 0 0 31 0 0 0 0 99 0 0 0 98
0 88 0 80 0 100 0 0 0 0 0 0 0 52 0 28 0 0 57 39 0 95 18 0 0 0 76 0 0 0 0 0 0 0 0 0 0 0 0 0 0 0 0 0 0 0 65 0 0 0 0 0 0 5 0 0 0 0 0 0 0 0 0 0 0 0 0 91 0 96 0 0 0 0 0 0 46 0 0 45 0 0 0 0 0 91 0 0 0 0 0 0 0 0 0 0 0 0 0 60
0 0 0 0 0 0 0 0 0 0 0 45 0 0 99 0 0 98 0 13 77 0 0 0 0 0 0 0 9 65 0 0 0 35 0 0 0 0 50 0 0 0 0 0 0 0 16 39 0 7 0 0 91 0 63 0 78 0 22 9 0 0 0 0 0 14 0 0 0 0 0 0 0 0 0 75 3 0 0 79 37 0 0 0 0 0 0 0 0 80 0 0 74 0 0 23 0 0 0 0
0 0 48 0 48 0 0 0 0 0 0 0 0 0 0 0 0 0 57 0 58 0 0 0 39 0 0 0 0 0 0 0 0 0 0 17 0 93 25 0 0 81 0 0 0 0 0 81 0 0 0 62 0 0 0 0 80 0 0 0 53 0 0 0 45 0 0 0 0 21 0 73 16 0 0 0 0 0 0 0 0 0 0 0 0 0 0 0 0 0 90 54 0 2 0 0 0 11 0 89
0 50 0 0 66 0 0 0 0 0 79 0 0 32 0 0 63 0 0 42 0 0 80 0 0 77 0 0 0 0 0 0 0 2 0 0 0 0 0 0 0 0 13 0 0 0 0 0 0 0 0 0 0 0 0 0 0 0 0 35 19 0 27 0 0 0 27 0 76 0 0 13 0 0 0 0 0 64 0 60 0 0 0 0 0 0 0 73 0 0 0 0 0 0 0 0 0 0 45 0
0 64 18 0 0 0 54 0 0 0 0 97 0 0 11 0 0 75 28 0 0 0 0 0 44 16 0 44 99 0 95 0 96 31 0 0 0 0 0 0 0 0 8 0 0 0 0 0 0 0 68 0 0 0 0 0 0 0 1 0 0 0 73 0 0 0 0 0 2 66 0 27 0 0 0 0 80 0 0 0 90 0 90 0 0 1 46 0 42 0 0 13 0 0 0 0 0 0 0 0
0 63 0 0 0 84 0 0 0 0 0 19 0 0 0 0 0 0 0 0 0 0 0 0 0 0 0 0 62 79 0 0 0 7 0 49 0 0 0 0 0 0 0 0 0 0 0 0 0 70 0 0 0 23 0 0 0 0 0 0 0 0 0 0 0 0 0 0 62 30 0 0 0 13 0 0 0 37 0 21 0 0 0 0 0 0 0 0 71 0 0 0 11 29 0 0 0 0 0 85
0 0 0 0 69 0 0 61 0 0 100 0 0 0 0 29 72 0 0 0 76 0 0 0 0 0 0 42 0 0 0 0 0 87 0 0 0 57 100 0 52 30 84 0 0 0 0 27 0 0 0 0 56 0 0 0 0 0 0 0 0 0 0 0 57 18 0 67 0 0 0 0 0 0 0 0 0 0 0 0 0 41 68 0 0 0 0 0 41 0 0 68 0 0 0 0 0 0 40 0
21 19 0 0 0 0 77 0 0 0 0 0 0 0 15 0 40 6 0 0 77 0 0 0 0 0 0 0 0 0 70 0 0 0 0 0 50 0 0 50 62 0 0 0 0 0 0 2 59 0 39 0 0 0 0 0 0 0 0 0 28 66 0 0 0 0 23 0 0 0 0 0 0 26 0 0 0 0 0 68 0 0 0 0 0 0 0 0 0 0 0 0 0 0 0 0 0 0 76 0
0 0 0 0 0 0 0 0 0 0 57 0 40 0 21 0 0 0 0 87 0 0 0 32 0 0 45 0 41 0 0 0 4 0 0 0 10 0 0 94 88 0 50 31 0 0 0 0 0 0 53 0 73 0 0 0 0 0 0 0 0 10 0 0 0 0 0 0 71 0 0 53 0 0 0 0 0 0 0 47 13 0 0 0 0 38 0 97 0 0 0 0 0 0 0 0 9 0 81 0
0 0 0 0 26 0 0 93 0 0 0 0 21 0 0 6 0 0 0 0 0 0 0 0 47 0 19 0 0 0 0 0 0 0 0 34 0 0 0 0 0 0 67 0 0 39 0 98 0 5 0 0 0 0 0 50 0 0 0 0 0 0 91 0 0 0 0 0 0 52 55 99 0 6 25 0 0 39 0 0 45 0 0 0 0 0 0 0 0 0 0 34 0 0 0 97 0 0 0 0
0 0 0 95 0 0 0 0 0 0 31 0 0 74 0 0 0 0 0 52 0 96 0 0 0 0 0 37 0 0 4 56 83 0 0 0 55 0 47 0 0 24 89 0 0 0 0 0 51 0 0 0 87 0 0 0 0 0 27 37 0 0 0 0 0 18 0 0 0 62 44 0 94 0 0 0 0 0 58 0 0 86 0 0 50 63 0 0 0 0 0 0 0 86 0 84 0 0 92 57
0 0 0 0 0 0 0 0 0 48 0 0 0 0 0 60 0 0 71 0 36 0 0 0 0 0 13 0 0 0 19 0 0 0 6 0 0 57 0 0 0 15 68 0 0 0 0 0 69 0 0 77 0 0 0 17 0 0 56 0 0 49 0 0 0 0 92 80 0 0 0 0 33 47 0 0 0 0 0 0 0 0 0 0 0 0 0 0 0 34 0 30 0 0 0 0 0 95 0 0
0 21 100 0 0 87 0 92 0 0 0 38 0 0 0 0 28 0 57 0 0 0 0 0 56 0 0 0 0 53 75 8 0 0 16 0 0 0 0 85 95 0 21 28 0 13 0 0 0 77 0 7 0 0 0 0 53 83 0 0 85 81 0 69 51 0 0 22 0 0 32 0 25 33 0 93 0 0 0 0 57 0 87 64 70 0 0 0 0 0 0 0 43 100 35 0 100 54 0 0
57 0 77 0 0 0 0 0 0 0 0 0 0 0 0 0 0 0 51 76 0 0 83 47 0 45 0 0 60 0 0 0 40 96 0 0 0 0 0 0 0 0 0 0 66 0 0 0 0 0 0 37 0 0 0 0 28 73 0 0 0 99 2 0 44 44 0 0 0 0 0 0 0 0 0 0 0 0 0 0 0 0 0 79 57 0 0 0 0 0 0 0 86 0 89 37 0 0 26 93
0 0 0 0 0 0 47 11 0 0 0 63 0 0 0 0 0 0 76 0 0 0 0 0 85 58 0 0 0 0 0 0 0 0 1 5 0 66 0 0 63 0 0 0 92 36 0 0 0 4 0 0 0 0 2 0 0 0 0 2 0 0 0 0 0 0 0 0 0 0 0 0 0 0 66 0 0 0 37 31 0 0 0 40 0 0 0 0 0 29 0 60 0 0 0 0 0 0 0 0
0 0 0 96 0 0 0 0 0 0 0 0 0 83 0 0 0 0 0 0 0 66 0 0 0 88 49 0 0 0 0 83 0 0 0 0 0 0 0 0 0 0 0 0 0 0 0 0 0 0 0 95 97 76 0 0 0 0 0 0 0 81 0 0 0 0 0 0 0 45 0 0 33 0 0 0 0 83 96 0 0 0 0 0 0 0 0 0 0 0 0 53 0 0 50 0 0 0 0 0
0 0 0 0 0 68 0 0 0 0 0 0 0 0 20 0 0 0 0 0 0 0 0 0 5 0 0 0 96 0 0 0 0 0 15 86 0 0 58 0 0 0 0 0 0 0 0 0 0 0 0 33 0 0 0 0 40 45 0 0 0 0 0 0 0 0 0 40 0 0 0 81 0 0 0 0 29 0 0 0 0 0 0 39 0 0 7 0 0 0 0 0 0 0 0 0 0 0 0 0
0 51 0 0 0 84 0 20 0 0 0 0 0 0 0 72 0 0 0 0 0 0 0 59 0 50 0 0 0 0 55 0 49 12 0 0 0 0 0 0 5 0 0 0 0 0 30 0 53 0 0 0 0 0 0 0 0 0 0 0 0 0 95 0 0 33 0 0 66 0 0 0 0 0 0 7 0 0 0 0 79 0 0 56 0 0 0 0 0 0 7 0 0 0 0 7 0 0 0 0
0 0 0 0 0 0 0 0 0 0 0 100 0 0 56 0 0 68 86 0 0 0 0 0 0 0 0 0 0 0 0 0 0 21 15 1 34 0 0 0 0 9 0 0 70 0 0 0 0 83 0 49 0 0 0 30 0 0 30 48 66 0 0 0 0 42 94 0 0 0 39 0 0 18 0 0 57 0 14 0 0 0 70 0 0 0 0 0 0 0 0 0 0 92 0 0 0 0 61 0
89 0 0 62 0 0 0 87 0 96 0 0 64 36 33 0 0 0 0 0 0 37 80 0 0 0 0 0 0 88 0 14 0 0 6 0 0 0 0 0 0 0 0 32 0 34 0 0 0 0 0 0 0 0 0 43 0 58 0 0 81 60 1 0 0 0 0 0 0 0 0 0 0 0 85 62 81 0 0 0 0 0 3 0 5 0 0 85 0 92 0 0 0 0 0 0 27 0 0 0
0 33 0 58 69 0 0 0 36 0 0 0 0 0 13 86 29 0 0 0 11 0 0 39 0 27 0 0 44 97 0 0 0 84 31 0 93 0 0 0 0 0 0 46 0 0 0 0 0 0 36 0 47 0 0 0 0 0 68 0 15 0 0 0 0 68 0 0 0 36 0 42 0 0 0 0 0 0 0 27 0 0 64 75 67 0 55 0 0 0 65 0 0 0 0 55 0 0 0 0
0 0 0 48 85 0 76 0 0 0 56 77 0 22 0 74 92 0 87 100 0 0 0 0 63 0 0 40 0 0 0 0 0 0 0 0 0 67 63 0 0 0 67 0 0 0 0 0 0 23 0 0 0 0 0 0 52 66 0 99 0 0 91 0 50 0 0 0 0 0 40 0 71 22 53 0 0 0 89 0 0 0 0 0 0 45 32 0 0 0 0 72 0 31 77 7 0 0 0 0
0 0 63 0 2 81 0 0 0 0 0 0 99 0 0 46 0 0 53 0 0 0 0 29 0 60 0 0 0 0 0 54 0 0 1 0 17 0 0 0 0 0 0 0 90 84 74 0 18 54 0 77 0 0 0 51 0 0 0 95 38 0 0 0 5 0 0 91 0 0 0 0 0 0 0 52 86 0 0 55 30 0 0 0 83 0 0 0 0 0 0 0 43 54 0 0 0 15 0 74
0 0 0 0 74 0 98 25 0 0 0 0 28 0 0 41 0 0 0 0 0 0 0 88 0 0 0 0 0 0 0 0 0 62 27 0 0 0 0 0 0 25 0 11 0 0 0 0 0 0 0 27 47 0 0 0 96 0 0 0 28 0 72 0 9 0 0 82 0 0 0 0 0 0 86 32 0 0 80 0 82 0 38 0 37 50 4 0 0 0 0 0 0 0 0 55 0 79 0 0
0 0 0 49 0 0 0 0 0 0 0 0 89 0 0 0 0 0 0 0 3 0 0 0 0 0 0 0 14 0 0 25 0 0 0 73 0 0 0 90 0 0 82 0 0 0 0 0 0 0 0 0 72 0 70 0 0 0 0 0 0 0 0 0 0 0 0 0 0 42 0 0 24 0 0 0 0 0 0 0 89 1 26 0 0 0 0 50 11 0 0 85 0 0 0 0 0 60 92 18
50 0 0 47 0 0 0 51 0 0 40 0 0 0 0 31 0 0 0 71 0 0 0 83 0 0 0 0 0 0 0 0 62 0 0 0 0 0 50 0 0 0 0 0 0 53 0 0 0 0 0 0 0 0 0 0 0 0 0 1 0 72 14 0 0 82 41 0 42 0 0 0 94 42 0 29 0 0 48 0 0 0 0 0 0 0 0 0 0 0 0 0 0 0 15 0 23 0 0 0
71 0 0 0 0 0 39 0 24 0 0 0 0 64 0 0 75 0 49 0 32 37 0 0 0 0 0 0 0 0 0 0 0 0 0 0 19 64 0 91 0 0 0 0 0 0 43 0 0 0 0 0 0 99 0 0 66 0 0 13 0 0 35 0 11 28 76 0 0 0 0 0 0 0 0 0 0 49 0 86 0 0 0 0 0 0 0 95 0 0 0 0 29 0 0 87 82 0 80 76
0 63 0 0 12 0 0 66 0 0 9 0 47 0 89 0 0 14 37 7 0 64 100 0 0 0 0 32 0 39 0 12 57 0 0 0 92 0 0 44 43 56 0 51 0 0 0 48 66 0 0 0 0 12 0 0 57 0 0 0 0 0 0 0 0 0 0 24 0 0 35 0 0 0 0 19 0 0 0 0 0 0 57 0 0 0 18 0 0 0 0 86 0 0 0 0 0 0 12 0
0 0 29 0 0 0 0 0 0 0 0 0 0 0 0 0 0 0 0 0 0 99 0 0 0 0 0 0 0 0 0 0 0 0 0 0 0 0 13 0 0 0 0 0 0 0 0 90 0 81 0 20 0 0 0 0 86 7 47 0 0 6 0 0 0 0 0 0 0 0 96 0 34 85 0 0 0 0 24 18 0 0 0 53 45 0 0 0 0 0 80 0 0 0 0 0 0 0 0 15
0 0 0 0 0 0 79 0 0 76 0 95 0 36 0 0 0 0 0 0 0 54 0 0 0 0 88 0 0 70 0 45 0 0 0 0 0 0 0 23 0 0 0 0 0 0 56 0 0 0 1 0 0 32 0 0 0 0 0 0 0 0 0 0 72 0 89 0 86 100 0 0 66 0 14 0 34 0 0 0 64 0 0 0 0 0 0 0 0 88 0 94 0 53 12 0 45 0 0 0
34 45 0 0 0 0 0 6 0 0 0 0 0 0 0 0 0 19 24 0 0 0 0 0 0 0 0 0 0 0 0 0 0 0 0 0 0 0 0 0 0 0 0 0 88 0 0 33 0 83 0 0 0 0 0 0 0 0 0 42 0 52 86 0 0 0 0 0 0 0 0 62 0 21 0 0 0 0 0 67 0 0 23 46 0 32 0 0 48 0 0 0 0 20 0 51 0 9 0 0
0 0 0 0 0 0 0 0 0 0 0 0 0 86 0 37 75 0 29 32 0 41 0 78 0 90 0 0 0 0 80 100 0 67 11 0 0 0 0 0 0 0 0 98 26 0 0 26 0 0 0 10 0 0 0 99 0 0 0 0 0 11 0 72 0 0 0 0 0 0 0 11 0 0 0 0 0 93 0 0 0 0 0 0 0 5 0 0 0 0 0 0 0 0 0 0 0 0 0 0
0 0 95 0 20 17 0 19 46 0 0 0 73 0 0 64 0 42 33 0 0 25 29 0 62 0 75 0 0 0 66 0 92 0 0 0 0 2 0 0 0 0 0 0 0 0 0 86 98 0 64 85 0 0 0 0 0 0 0 0 0 0 0 0 0 0 66 15 0 0 0 0 0 0 0 0 0 0 5 0 0 0 11 0 0 77 0 0 0 0 83 81 66 0 0 0 0 0 0 0
0 0 68 2 0 72 0 0 0 0 26 0 52 0 0 15 0 0 53 0 64 0 49 0 0 0 0 0 0 0 0 31 0 0 0 88 0 0 0 32 0 71 0 8 14 0 0 0 0 0 0 0 0 0 0 47 0 0 0 0 0 0 19 0 0 73 0 0 0 0 96 13 0 57 0 35 0 73 0 0 0 15 0 0 0 0 0 0 0 0 71 0 84 59 87 0 0 0 0 0
0 0 0 0 0 0 0 0 53 0 0 0 0 0 25 11 0 0 68 89 93 0 0 45 0 28 55 0 0 0 0 4 0 76 0 0 0 0 71 0 0 0 0 0 0 0 51 0 0 15 0 0 0 0 0 0 0 11 0 0 0 28 0 0 0 0 0 47 74 79 0 0 83 31 0 0 0 0 0 0 0 1 0 0 0 18 0 0 69 76 0 0 0 0 0 0 0 12 0 0
0 6 76 0 31 0 0 0 0 0 0 0 82 27 3 0 0 0 0 0 0 0 0 0 0 0 0 0 0 0 0 85 0 37 0 0 0 78 0 0 0 0 0 0 0 0 0 0 0 41 0 0 0 0 50 6 0 0 0 0 0 0 0 0 0 0 0 0 0 0 0 0 0 82 0 0 0 0 0 0 65 0 0 0 93 0 25 88 0 0 0 0 0 0 0 51 46 0 23 0
0 59 82 0 0 0 0 0 0 0 58 49 0 0 0 0 8 0 0 47 50 25 38 0 0 0 0 0 0 0 0 0 0 0 0 66 0 0 2 66 0 25 0 32 0 0 0 0 0 0 0 57 46 56 0 92 37 0 0 0 0 0 0 0 0 0 0 0 0 0 0 0 77 0 0 23 0 0 50 0 0 30 0 85 55 35 0 0 0 30 0 0 69 41 0 0 0 22 0 73
0 0 81 0 0 0 61 0 0 0 0 0 0 0 0 0 84 0 0 84 0 47 0 0 3 0 0 0 0 0 0 0 0 0 24 0 0 65 0 0 76 27 0 0 0 0 0 0 46 13 0 0 0 0 0 0 0 0 71 32 0 0 0 0 0 16 0 55 0 0 0 0 45 11 0 0 67 0 0 0 0 0 0 0 0 0 0 0 0 0 93 93 76 0 0 77 0 3 4 0
0 0 0 0 0 0 0 0 0 19 0 71 0 0 0 0 11 91 90 0 96 0 0 0 0 0 0 0 45 48 0 0 0 0 0 56 54 0 28 73 0 0 0 85 0 0 0 42 0 0 0 12 0 0 91 0 0 0 0 0 0 0 0 0 33 0 0 0 26 0 0 0 0 0 0 43 84 0 90 12 0 0 72 0 0 0 0 0 79 0 0 0 0 36 81 0 0 0 60 0
0 0 0 0 0 13 0 0 0 35 0 0 0 64 0 0 0 0 0 0 0 0 5 0 0 100 91 0 0 0 0 0 0 0 0 0 0 0 4 0 0 0 0 0 0 85 0 0 0 0 0 0 0 0 0 0 0 0 0 0 0 20 0 0 0 50 66 35 0 0 0 0 0 0 41 0 0 0 0 10 0 0 0 66 0 0 56 0 83 0 34 0 0 0 39 0 0 0 56 0
0 45 20 0 0 0 0 0 0 0 0 0 0 81 0 0 0 0 0 0 0 54 0 0 0 0 0 0 0 0 71 0 0 44 0 0 0 0 0 0 0 0 96 0 0 0 0 0 0 0 0 19 0 0 0 42 0 0 0 58 0 0 0 0 0 0 0 84 0 0 0 0 0 5 2 0 0 0 75 0 0 0 0 90 0 0 0 0 34 0 65 35 0 35 0 33 0 0 0 0
0 0 89 0 0 0 0 0 0 0 0 0 0 0 0 0 0 0 45 65 0 0 0 0 0 25 98 0 0 0 0 0 97 61 0 0 0 0 0 0 0 0 82 0 0 0 0 0 90 0 0 0 0 0 13 44 0 57 0 0 0 0 0 0 0 0 0 0 0 0 0 0 0 0 0 1 4 41 57 0 0 0 0 0 0 39 6 45 0 0 0 0 18 0 0 32 0 0 76 0
0 0 0 0 0 22 0 0 19 0 0 0 0 0 0 0 52 0 0 7 0 0 0 0 40 0 0 0 0 0 96 0 3 0 0 0 0 0 0 0 0 0 0 39 0 0 0 89 5 0 0 0 29 51 0 0 0 0 0 81 51 0 0 0 74 0 0 0 0 0 0 0 0 0 0 20 0 0 97 82 0 0 0 0 52 0 44 61 0 0 87 0 0 0 0 0 0 0 0 0
0 0 0 0 0 36 93 0 0 0 92 0 0 0 48 0 69 0 97 52 0 0 0 0 0 0 0 33 0 0 0 24 0 20 0 0 0 0 0 0 0 0 3 0 0 0 0 0 0 80 50 0 0 0 55 0 84 0 0 0 0 0 0 0 0 0 0 0 0 0 0 0 0 0 0 0 0 0 0 0 0 45 0 0 0 0 0 94 45 81 0 18 0 73 0 0 0 0 0 30
0 0 0 0 0 0 0 0 24 2 0 0 0 0 0 3 14 0 0 0 0 0 46 0 0 0 0 0 34 0 0 0 49 48 0 0 0 0 64 0 0 7 0 0 0 0 0 72 0 0 73 0 10 0 0 19 0 0 0 55 0 0 0 0 0 0 0 0 0 0 0 0 38 51 0 0 0 0 0 0 7 0 0 0 0 3 0 0 15 1 0 0 0 98 0 0 35 0 0 0
38 0 0 0 0 0 0 0 0 0 0 54 0 0 0 0 0 0 0 0 0 0 28 0 0 0 0 15 0 33 0 0 68 0 82 0 0 0 67 0 0 0 0 0 0 0 0 0 0 0 0 0 11 5 0 0 0 0 0 0 0 0 0 0 0 0 0 0 0 0 0 0 0 0 0 0 0 0 0 0 0 0 0 0 6 0 0 0 60 0 0 0 0 0 80 0 56 31 0 0
0 0 0 0 0 0 0 0 0 0 0 0 0 80 0 0 98 0 16 0 66 81 0 26 68 0 0 64 0 0 0 83 0 0 0 0 0 0 0 0 41 0 0 0 0 0 0 0 0 16 0 34 71 82 0 0 0 0 0 0 0 97 0 0 0 0 0 84 58 0 61 0 0 2 0 0 0 0 0 0 0 68 0 0 64 0 0 45 29 0 0 0 0 0 0 65 39 0 0 0
0 62 74 0 0 0 0 0 97 0 65 54 0 0 0 21 85 0 0 0 0 0 0 0 0 0 0 0 0 0 0 0 0 0 0 78 96 27 0 0 0 0 6 16 0 0 78 12 55 0 0 0 73 0 0 0 18 59 0 0 4 40 56 0 14 0 0 0 0 62 31 0 0 0 0 0 0 0 0 81 0 0 34 0 0 0 0 36 96 0 0 0 0 0 1 0 0 70 0 0
0 0 0 0 0 0 0 0 0 80 0 0 0 23 50 0 0 0 0 0 0 0 0 0 0 39 0 0 0 0 41 20 0 0 0 0 84 0 40 0 51 0 0 12 1 27 0 0 0 0 0 69 0 0 71 56 0 0 23 0 0 0 0 0 0 0 0 60 71 0 0 0 0 0 0 0 62 0 0 0 0 44 46 0 0 0 0 0 0 0 3 0 0 0 0 0 0 0 0 0
0 0 0 0 0 0 0 68 0 0 80 81 0 0 0 0 0 0 0 0 0 0 0 0 0 0 98 10 0 0 0 0 37 0 0 0 0 42 0 0 76 17 0 0 0 0 0 0 0 0 99 0 0 0 0 0 0 0 76 41 0 0 10 0 0 18 0 0 0 0 0 0 0 0 0 31 0 20 26 0 0 0 0 0 84 0 0 0 0 84 0 0 74 0 0 74 60 25 0 0
0 0 0 0 0 0 0 99 0 0 92 0 56 0 72 22 14 0 0 87 0 0 0 0 22 0 0 0 0 0 0 0 0 81 0 11 0 0 0 0 0 0 0 0 0 0 0 0 25 0 35 0 0 0 0 42 0 0 0 9 90 0 0 0 0 0 0 0 0 0 0 37 9 0 0 0 0 0 0 24 0 0 0 61 33 0 0 0 53 0 59 0 0 27 0 0 0 0 0 0
0 62 69 0 0 88 0 76 0 0 0 0 17 0 84 35 0 12 28 0 85 0 0 0 0 0 0 82 0 97 0 0 77 56 69 0 0 0 0 0 0 0 0 51 0 0 0 0 0 0 100 0 0 0 54 0 0 44 0 0 0 60 0 87 0 0 0 0 0 89 0 0 0 0 37 0 0 0 58 0 0 0 0 0 72 77 0 0 0 0 0 0 0 0 60 69 0 81 0 0
0 0 0 0 0 0 69 0 0 0 0 0 0 0 0 0 41 0 41 0 0 69 0 0 0 27 11 0 86 0 43 0 30 0 0 0 58 89 0 0 0 0 0 0 55 0 0 0 36 7 0 0 0 0 0 11 0 0 50 0 0 0 0 0 0 0 93 0 0 0 0 10 0 0 0 0 0 0 50 75 0 0 0 0 96 10 0 0 0 4 0 0 7 12 67 0 0 0 16 0
0 0 95 64 0 0 0 0 0 0 0 0 0 0 0 0 0 0 0 0 0 0 0 0 0 0 0 0 0 24 92 0 0 0 0 0 0 0 0 0 0 0 0 15 98 0 73 77 13 0 44 0 90 0 0 0 80 0 0 0 0 20 66 0 0 0 0 0 82 0 98 0 0 0 0 0 35 41 0 0 62 0 3 0 0 0 0 0 0 0 0 0 0 0 44 0 0 0 0 0
0 80 0 0 0 14 3 0 0 0 36 74 0 0 67 0 0 0 16 0 0 0 0 0 0 0 60 0 0 0 0 0 0 0 0 0 0 0 0 0 45 0 0 0 0 0 0 0 70 52 56 0 0 8 0 0 0 92 0 37 0 0 0 0 0 0 0 0 0 0 0 0 29 21 0 30 0 54 0 0 22 0 35 0 0 0 24 10 0 0 0 0 88 0 0 0 0 0 74 0
0 0 78 0 0 0 15 0 0 0 53 0 0 0 0 0 0 0 0 0 0 0 80 0 58 0 0 0 98 0 0 0 0 93 51 28 76 0 0 24 0 20 0 0 0 0 0 0 21 0 0 55 0 0 0 0 60 0 90 0 0 0 0 0 0 0 0 0 0 39 0 0 0 0 0 0 0 0 0 0 0 17 0 0 0 0 11 36 39 0 24 0 6 0 0 0 0 0 0 58
92 0 0 30 0 0 0 57 56 0 81 0 69 59 0 0 0 0 0 0 0 0 0 0 0 0 0 0 65 0 0 0 0 0 0 83 0 0 63 0 0 0 15 20 64 0 0 94 0 0 0 0 16 0 0 0 97 0 0 0 0 17 55 0 0 0 0 0 0 0 0 65 0 0 0 0 0 0 0 0 0 0 0 0 0 0 0 0 19 44 0 0 0 0 0 0 0 43 0 0
0 15 0 0 0 74 0 0 0 0 45 6 42 65 30 27 0 0 0 73 70 50 61 0 0 0 0 93 0 47 79 9 0 14 2 5 0 0 0 26 57 0 20 0 0 0 0 0 0 0 97 99 34 0 0 36 0 0 0 0 0 0 0 0 19 0 0 21 0 0 44 0 0 67 0 0 0 0 83 84 71 33 0 0 39 23 0 0 95 0 0 30 0 94 0 0 65 0 0 0
0 0 30 0 54 0 0 11 0 0 0 0 0 24 36 0 73 68 0 0 72 72 0 0 0 0 0 0 0 0 68 69 0 0 0 0 0 0 0 0 0 16 0 0 0 43 0 0 73 0 0 0 0 0 57 0 33 0 0 0 68 0 52 0 0 45 0 0 0 72 0 0 0 0 47 0 35 0 40 0 0 0 0 0 0 0 0 0 0 0 0 0 0 0 12 0 64 19 0 67
0 0 55 0 0 0 0 0 0 0 58 56 19 0 0 27 0 0 0 0 0 0 0 0 0 0 0 0 0 0 0 0 0 66 0 0 0 0 0 53 0 0 0 0 83 0 0 0 46 0 0 0 0 0 0 0 73 0 0 0 0 0 0 0 0 0 0 0 0 0 0 0 0 0 67 0 0 0 0 93 97 0 0 54 0 0 0 0 84 48 48 0 0 0 0 0 0 0 0 51
14 90 0 41 81 0 47 0 0 0 0 52 0 0 0 59 100 0 0 0 0 0 57 0 0 0 34 0 0 0 0 0 0 0 16 0 0 0 0 0 0 0 93 21 77 0 0 0 0 0 52 0 0 0 0 0 0 79 0 76 0 44 0 0 0 0 0 0 0 0 0 0 0 0 0 0 0 0 81 97 0 0 8 0 0 0 0 0 0 8 0 52 0 28 0 0 77 0 0 44
0 0 0 0 0 0 0 0 0 0 66 96 0 0 0 0 0 0 55 0 0 94 65 0 0 0 0 0 99 0 0 0 0 85 0 0 26 34 0 0 0 0 0 0 99 0 68 8 87 0 61 0 61 0 64 0 0 0 0 0 0 0 0 0 0 75 0 0 0 0 0 0 0 0 71 0 0 0 0 94 0 0 0 0 0 0 0 0 10 0 0 83 0 0 0 0 0 0 0 0
16 0 0 17 9 0 0 0 0 0 0 32 39 0 0 0 0 0 0 0 0 0 73 0 0 0 30 0 18 0 0 0 0 97 67 0 0 0 9 67 24 0 0 12 0 0 0 0 89 0 0 0 0 0 0 0 0 0 38 38 0 0 0 0 0 33 0 78 0 0 0 0 0 99 29 0 0 0 0 0 0 0 36 0 0 0 14 0 0 0 0 0 49 85 0 0 0 63 0 73
0 0 95 0 0 0 0 54 0 19 0 0 0 0 95 0 0 0 27 0 0 0 0 56 0 0 63 26 0 8 0 0 0 46 4 0 75 52 0 0 29 94 85 0 97 0 0 54 0 0 55 0 0 30 0 0 68 0 0 0 0 0 0 0 22 0 0 0 0 54 0 0 0 5 86 59 0 0 83 0 0 65 0 0 0 30 0 57 0 0 0 0 0 0 0 0 42 93 0 0
0 0 0 0 88 0 0 17 0 0 0 0 0 59 0 0 0 0 0 82 0 27 0 0 0 44 10 74 0 0 0 90 0 0 0 0 30 0 0 0 0 0 0 0 15 0 0 92 0 0 21 0 17 11 44 0 21 0 0 0 20 0 80 0 11 83 0 0 0 0 10 0 0 0 64 0 0 6 0 31 58 0 90 0 0 0 0 0 0 0 0 54 0 0 0 0 95 0 0 0
0 0 48 0 0 0 0 0 0 0 0 0 60 30 0 0 0 0 0 88 0 0 4 83 0 24 0 0 0 0 0 92 0 0 45 0 36 64 0 0 0 0 85 0 0 0 0 0 0 0 0 79 0 0 0 65 0 0 0 0 0 0 0 0 49 0 0 0 0 0 14 0 0 0 28 0 73 0 0 0 0 0 0 0 0 0 89 0 0 0 0 0 0 0 0 0 0 0 86 0
36 0 37 0 99 0 0 23 36 0 0 87 0 0 9 0 0 23 0 0 79 0 0 19 0 49 59 0 0 0 0 0 0 43 41 0 8 56 0 0 0 0 2 2 0 22 0 0 0 0 0 32 0 0 0 0 0 0 0 0 0 0 93 0 0 0 0 0 0 0 0 0 4 0 0 0 82 0 0 0 87 83 0 0 34 0 0 0 0 0 0 0 0 39 51 0 0 0 0 0
0 0 0 0 0 0 25 0 0 0 0 85 0 0 74 86 0 0 0 0 32 0 0 0 0 0 0 0 84 0 8 0 85 0 4 0 0 0 0 0 39 0 0 0 0 0 0 0 0 0 0 0 0 16 0 0 0 63 25 0 84 0 0 0 0 0 0 0 2 83 0 0 56 21 0 70 98 0 0 26 0 0 0 55 0 0 72 0 0 0 0 54 0 0 0 0 0 0 0 0
0 0 0 0 0 0 95 0 0 0 0 91 0 0 0 0 0 8 0 16 73 1 0 58 0 0 0 0 0 0 0 0 0 0 0 94 0 0 0 0 0 0 67 0 0 0 0 0 97 0 0 0 0 0 0 8 64 0 21 0 0 81 0 35 0 17 0 2 0 0 0 0 0 0 34 0 0 29 37 0 0 0 0 0 0 0 41 69 0 0 0 0 0 0 0 31 0 5 0 27
0 0 25 0 0 32 0 0 53 99 42 0 0 0 0 57 38 0 0 0 0 0 77 63 0 0 0 0 0 0 0 0 0 0 0 0 0 39 0 68 99 0 0 0 56 0 0 0 0 76 0 0 35 0 0 0 0 0 0 0 0 0 0 0 0 0 0 0 0 0 22 0 0 36 0 0 0 0 0 0 0 0 53 0 0 0 0 28 0 0 4 0 82 0 0 81 0 0 0 45
0 0 0 63 0 59 0 0 0 0 67 0 0 0 50 0 0 0 0 0 0 0 51 0 0 0 35 0 76 0 22 0 87 0 0 0 0 0 0 0 0 71 0 0 0 0 0 0 23 0 0 0 0 0 0 37 0 0 0 57 22 0 0 0 0 81 0 0 0 54 0 0 0 0 0 12 0 0 0 76 0 0 0 0 0 0 0 0 3 0 39 0 0 44 70 0 0 0 52 0
0 0 2 0 0 76 0 22 21 0 0 15 0 0 0 0 39 0 0 0 11 0 0 0 0 53 0 0 91 0 0 0 0 0 12 0 0 0 51 0 0 85 0 0 0 0 0 46 0 0 0 0 0 0 96 91 0 12 52 0 0 64 0 0 66 0 0 0 0 62 0 0 0 0 0 0 73 78 29 71 93 0 0 75 0 15 0 42 16 0 0 0 0 23 0 0 0 0 0 0
0 73 0 0 0 0 0 23 0 0 95 1 0 24 0 0 0 0 92 98 0 48 0 0 60 0 6 0 0 0 26 40 0 0 62 0 19 0 0 0 0 0 0 0 0 0 23 0 0 0 33 0 0 18 97 93 0 95 0 0 0 0 0 0 0 0 0 95 0 0 59 5 10 55 0 0 11 0 0 0 0 0 0 0 0 0 0 0 11 88 24 81 0 0 77 0 0 0 0 0
0 62 0 0 1 16 0 72 0 0 90 73 0 0 0 53 0 0 0 0 64 0 99 0 0 0 0 0 0 97 0 0 25 0 24 0 0 0 0 0 0 0 0 0 0 0 0 0 0 0 78 0 52 0 0 0 0 19 0 0 98 3 0 73 0 0 0 0 0 0 42 0 0 36 0 0 0 0 0 0 0 0 0 10 0 0 0 0 0 13 0 0 0 0 0 0 91 0 0 51
0 0 0 0 51 0 99 0 0 0 0 0 0 0 0 0 0 0 43 0 0 0 0 0 0 0 95 0 68 0 0 0 0 91 0 0 0 0 0 0 0 0 0 0 0 25 0 0 0 88 0 0 0 0 0 0 97 0 0 0 0 0 0 0 0 0 0 0 0 0 0 0 71 44 76 0 0 18 0 0 0 70 0 27 0 31 0 80 0 0 0 11 0 0 0 0 0 0 0 0
0 0 0 0 51 0 16 0 2 0 9 0 0 0 0 55 0 0 0 0 0 0 0 36 0 0 0 22 0 0 0 0 17 0 0 0 0 23 0 35 0 0 0 0 0 0 40 30 0 0 0 0 4 0 0 80 0 0 0 0 0 0 0 0 0 0 0 0 0 0 0 0 62 0 0 0 14 50 77 0 1 0 51 0 12 0 9 85 0 34 0 0 84 0 0 0 0 10 0 0
48 0 0 0 0 46 0 0 0 0 0 0 0 0 0 90 0 72 0 12 0 0 0 0 41 56 0 0 0 84 0 0 0 46 0 68 16 0 0 0 0 24 0 4 45 0 0 0 0 1 0 0 0 58 0 0 0 0 0 56 0 0 32 81 0 0 85 0 82 37 0 0 0 46 13 0 0 0 0 0 0 47 0 50 39 0 0 44 0 0 0 21 0 25 0 0 0 0 0 74
0 0 0 0 0 0 0 0 0 0 0 0 0 59 0 0 0 0 73 26 2 0 0 20 0 0 0 41 0 0 0 0 0 0 0 0 34 0 23 0 0 0 0 0 0 0 90 0 0 0 48 0 0 0 0 0 0 0 0 0 19 0 0 0 0 0 0 7 0 0 0 0 0 0 71 0 0 51 0 35 0 0 10 0 0 0 0 0 0 0 70 0 26 16 0 0 0 66 0 0
0 12 0 0 40 0 0 96 0 0 0 0 0 0 0 0 0 0 25 0 0 4 2 0 84 90 0 0 0 0 39 0 39 96 0 0 91 0 43 0 0 66 45 0 53 0 0 0 65 0 0 0 0 0 61 0 0 0 84 0 0 79 2 0 0 0 93 0 10 0 0 0 0 0 99 0 0 0 0 0 0 0 67 0 0 0 0 83 0 0 0 15 65 0 0 0 0 0 0 0
0 0 0 0 0 60 44 0 0 0 0 45 0 65 0 0 0 0 0 0 0 0 0 46 0 0 0 0 0 0 29 0 59 0 0 0 0 0 0 0 0 25 92 0 0 0 86 0 0 9 0 0 73 0 31 0 0 0 0 0 0 0 98 81 0 0 0 0 0 70 0 59 0 0 0 0 10 0 88 0 0 0 22 0 0 0 76 0 0 13 0 36 0 7 0 77 0 0 0 0
12 0 18 37 0 0 0 0 54 0 0 0 0 35 0 0 15 0 0 67 0 61 33 0 10 66 0 92 0 0 19 36 0 90 62 0 0 0 0 0 0 49 0 60 0 0 0 0 0 0 0 0 73 0 0 0 0 0 0 41 51 0 0 0 0 0 0 0 0 0 0 0 69 0 0 69 6 0 51 0 10 53 0 0 0 0 0 0 0 0 0 0 22 0 0 0 92 0 34 0
91 0 0 0 0 7 0 0 88 0 0 52 0 0 0 54 44 45 0 47 0 0 47 0 71 0 0 43 0 0 0 0 0 21 0 55 0 0 0 0 0 38 0 0 0 0 0 0 0 0 0 0 0 0 0 0 0 0 0 0 0 0 0 60 0 0 0 0 0 0 0 0 42 20 17 0 0 92 0 87 84 0 0 0 45 0 16 0 0 0 94 0 84 0 64 75 0 0 0 0
0 0 0 0 0 0 0 0 16 0 0 21 0 0 0 0 0 0 0 0 0 0 98 0 0 66 34 0 0 8 0 0 0 0 0 0 50 0 0 0 0 0 0 0 0 0 0 0 0 0 0 0 35 0 50 0 24 0 0 63 0 0 0 0 0 0 0 0 0 0 40 0 0 0 0 0 0 0 0 0 0 13 49 0 79 0 76 34 0 0 0 0 15 0 0 0 0 0 0 0
0 0 0 0 96 0 0 0 0 0 0 0 0 0 23 0 0 18 0 75 0 94 0 0 75 82 0 99 52 12 55 0 0 54 0 0 0 0 0 0 0 0 0 0 0 0 0 0 0 0 0 0 0 25 60 0 0 0 0 0 0 0 88 0 0 0 0 0 0 0 0 0 0 0 0 99 13 66 0 0 0 0 0 6 0 0 28 73 0 0 0 49 0 0 9 0 45 0 0 0
0 0 0 73 15 0 35 0 0 0 0 0 4 0 4 0 0 0 72 26 98 39 71 0 0 0 0 0 0 0 0 84 93 67 75 0 0 0 0 35 0 0 0 0 0 0 0 6 0 47 0 96 0 60 0 0 0 72 0 0 0 0 0 44 0 78 0 0 29 0 0 81 0 0 0 19 0 57 0 10 0 0 98 0 0 19 0 0 0 5 0 64 0 100 0 94 0 0 72 73
0 0 0 0 0 0 79 0 0 0 0 0 75 78 0 0 0 0 0 0 0 0 0 93 82 0 21 0 0 0 0 0 0 88 0 0 0 0 0 0 0 0 0 0 0 53 99 0 0 66 0 0 93 0 59 0 0 0 0 0 98 41 0 0 0 0 59 0 0 0 0 0 0 0 0 0 0 51 0 0 0 0 0 0 36 0 0 0 0 0 72 72 0 89 0 0 13 0 0 22
0 81 0 0 0 73 39 0 77 0 100 0 0 0 0 0 0 0 0 57 0 0 22 0 0 0 0 0 67 0 0 0 53 0 0 0 0 0 0 72 0 0 0 0 0 0 0 0 0 49 0 0 0 0 59 0 0 87 0 0 21 0 0 2 0 0 99 0 0 0 0 0 0 0 0 13 0 0 6 0 0 0 0 13 0 33 0 75 0 0 0 0 7 42 57 0 88 0 76 17
0 0 0 0 96 0 94 83 0 0 0 0 0 0 0 45 0 52 0 0 0 15 0 0 0 0 0 0 43 29 6 0 70 0 0 0 22 0 81 0 4 0 0 0 48 0 0 0 0 0 73 20 0 0 0 68 61 0 0 0 0 22 45 0 0 0 0 0 0 0 0 0 0 0 0 0 35 0 45 23 0 76 0 0 0 92 0 0 0 0 77 0 0 0 0 0 49 0 16 0
0 0 3 40 0 0 0 0 0 0 0 0 0 0 54 5 0 0 76 0 73 41 0 0 0 64 0 57 0 0 0 0 0 25 0 0 50 0 92 0 0 0 0 0 0 33 14 0 0 0 21 0 65 0 28 0 0 98 0 0 0 0 0 0 0 0 59 0 0 10 0 0 0 0 89 0 0 0 59 0 0 0 0 0 0 0 59 11 0 0 41 0 0 0 0 72 0 0 0 2
0 90 0 63 0 50 0 98 0 0 53 0 0 0 0 0 30 26 81 0 0 0 0 0 0 0 0 59 20 0 0 0 0 0 0 0 0 0 0 0 0 0 68 0 0 0 0 0 0 46 73 2 0 0 0 0 0 0 0 0 0 19 87 45 0 39 0 0 0 72 0 0 0 0 0 0 9 89 0 0 0 0 0 0 0 0 84 60 0 0 0 0 0 0 0 15 0 0 0 0
0 0 0 0 0 0 56 0 0 0 7 38 0 19 100 0 0 0 0 0 0 0 0 0 0 0 0 38 19 37 0 89 0 0 0 91 32 0 0 26 0 0 16 0 0 0 0 0 0 0 0 0 0 90 0 65 0 0 74 0 0 0 47 0 0 0 0 0 0 96 0 52 0 0 0 0 0 0 82 0 35 0 87 0 0 0 0 0 0 0 72 59 17 0 0 0 0 0 0 41
0 0 0 0 0 63 0 0 74 15 0 34 0 0 50 60 0 0 73 47 0 84 94 100 0 0 73 0 0 0 0 0 0 0 0 0 0 41 0 0 0 0 0 0 0 0 0 13 0 0 8 0 0 0 0 0 65 2 0 0 0 10 0 41 0 0 0 0 0 0 0 0 66 80 0 0 81 0 0 0 0 0 0 0 0 0 0 0 0 0 0 38 98 0 55 0 0 0 0 0
0 0 50 0 0 0 0 0 0 0 0 62 0 0 0 0 0 0 0 0 0 0 0 0 0 0 67 0 0 57 0 0 0 87 0 94 45 0 0 0 0 0 38 0 54 0 32 0 0 64 0 79 0 0 0 86 0 0 0 0 0 0 0 0 0 0 0 0 0 0 0 0 33 42 92 0 0 0 59 0 0 89 0 0 0 0 100 0 0 29 0 0 72 0 0 0 0 39 0 0
0 0 0 64 0 0 0 0 0 0 0 0 0 45 0 0 0 73 0 0 0 0 0 0 53 0 0 0 0 22 0 0 0 0 0 55 0 0 30 77 0 41 44 0 64 5 0 0 95 0 0 0 99 0 83 0 57 0 0 6 0 33 0 0 72 33 0 43 0 0 0 0 0 0 18 0 0 0 0 0 5 0 0 0 56 66 0 11 66 0 68 0 0 0 0 0 76 32 0 68
38 0 0 0 0 0 0 0 0 0 0 0 1 2 0 0 0 0 0 0 0 0 0 69 0 0 0 14 0 0 0 0 88 0 0 0 0 0 48 96 31 0 43 0 0 0 0 44 61 0 82 0 86 0 0 0 84 29 0 0 0 0 0 0 0 0 0 85 0 0 0 0 0 40 15 0 0 0 0 0 0 32 49 26 0 0 59 0 0 0 0 0 1 0 22 0 0 0 70 94
0 69 0 0 0 0 0 9 0 0 0 30 0 0 0 0 0 0 0 86 0 0 0 0 0 0 0 0 0 41 0 60 76 81 0 0 0 0 0 0 0 0 0 57 0 23 0 45 0 0 9 0 0 0 0 3 0 0 0 0 0 0 0 0 0 86 95 0 0 0 0 0 0 0 0 0 0 0 0 0 0 0 53 0 0 0 28 0 0 0 0 0 0 78 0 0 0 36 0 0
0 0 0 0 0 0 0 79 0 0 0 0 37 0 0 93 0 42 0 0 0 0 75 0 0 0 0 0 0 32 0 0 0 0 0 0 69 0 0 0 0 0 0 43 0 0 42 31 0 0 0 0 0 0 0 12 0 0 0 0 0 0 0 0 0 0 0 78 0 0 0 0 0 0 81 51 25 0 0 0 0 23 0 0 3 0 0 0 0 0 0 0 0 0 0 0 0 0 0 86
99 0 70 21 0 0 61 0 76 0 0 0 14 14 64 0 6 0 0 0 0 0 0 93 0 0 0 99 0 0 0 87 0 95 0 0 0 0 41 0 36 0 11 0 0 60 29 0 0 0 11 76 63 0 0 0 0 0 96 8 0 0 0 0 0 0 94 0 0 0 0 0 0 24 0 86 0 0 99 0 0 0 0 0 0 0 0 0 0 0 0 0 0 15 0 7 52 0 0 0
0 0 0 0 0 2 0 0 0 0 83 41 21 86 0 0 1 0 71 61 49 57 0 0 0 0 0 63 0 0 0 0 9 66 0 0 0 0 0 0 32 0 0 0 0 0 0 8 0 0 0 0 0 0 0 0 8 0 92 0 0 0 73 0 50 0 0 0 0 36 0 0 0 11 68 0 37 11 0 0 0 0 0 0 4 0 87 0 0 0 0 0 70 65 0 0 0 0 0 0
0 0 30 0 0 0 0 7 0 0 0 4 0 0 0 0 0 5 23 0 0 0 92 70 0 75 0 0 100 0 0 0 0 0 0 0 0 44 0 74 0 0 0 31 0 0 0 0 20 0 0 78 0 0 0 0 6 46 45 0 0 42 0 0 0 0 0 0 0 0 0 0 0 0 23 0 0 0 0 0 0 89 61 0 0 0 0 0 0 0 28 0 0 0 0 42 0 0 0 98
0 39 0 98 0 9 0 0 0 0 0 0 0 31 0 25 0 0 65 98 0 82 100 0 0 0 27 0 0 0 0 0 0 0 0 0 0 0 0 0 0 0 0 0 0 0 93 0 0 0 0 0 0 23 0 0 0 0 0 0 0 0 0 0 0 0 0 98 0 1 0 0 0 0 0 0 45 0 0 66 0 0 0 0 0 10 0 0 0 0 0 0 0 0 0 0 0 0 0 13
0 0 0 0 0 0 0 0 0 0 0 56 0 0 49 0 0 100 0 11 37 0 0 0 0 0 0 0 60 13 0 0 0 33 0 0 0 0 73 0 0 0 0 0 0 0 23 94 0 34 0 0 1 0 23 0 74 0 32 49 0 0 0 0 0 79 0 0 0 0 0 0 0 0 0 44 60 0 0 10 58 0 0 0 0 0 0 0 0 87 0 0 32 0 0 12 0 0 0 0
0 0 97 0 49 0 0 0 0 0 0 0 0 0 0 0 0 0 8 0 13 0 0 0 59 0 0 0 0 0 0 0 0 0 0 50 0 88 1 0 0 15 0 0 0 0 0 32 0 0 0 69 0 0 0 0 85 0 0 0 60 0 0 0 86 0 0 0 0 36 0 29 64 0 0 0 0 0 0 0 0 0 0 0 0 0 0 0 0 0 84 53 0 48 0 0 0 3 0 27
0 80 0 0 54 0 0 0 0 0 32 0 0 51 0 0 3 0 0 92 0 0 71 0 0 58 0 0 0 0 0 0 0 97 0 0 0 0 0 0 0 0 53 0 0 0 0 0 0 0 0 0 0 0 0 0 0 0 0 29 25 0 82 0 0 0 6 0 95 0 0 95 0 0 0 0 0 29 0 83 0 0 0 0 0 0 0 45 0 0 0 0 0 0 0 0 0 0 25 0
0 57 12 0 0 0 83 0 0 0 0 21 0 0 27 0 0 5 6 0 0 0 0 0 14 17 0 39 44 0 78 0 90 99 0 0 0 0 0 0 0 0 36 0 0 0 0 0 0 0 10 0 0 0 0 0 0 0 65 0 0 0 86 0 0 0 0 0 76 28 0 9 0 0 0 0 36 0 0 0 55 0 98 0 0 7 49 0 24 0 0 96 0 0 0 0 0 0 0 0
0 18 0 0 0 61 0 0 0 0 0 85 0 0 0 0 0 0 0 0 0 0 0 0 0 0 0 0 29 28 0 0 0 54 0 46 0 0 0 0 0 0 0 0 0 0 0 0 0 51 0 0 0 42 0 0 0 0 0 0 0 0 0 0 0 0 0 0 72 21 0 0 0 94 0 0 0 94 0 14 0 0 0 0 0 0 0 0 47 0 0 0 88 64 0 0 0 0 0 80
0 0 0 0 11 0 0 52 0 0 47 0 0 0 0 43 56 0 0 0 95 0 0 0 0 0 0 56 0 0 0 0 0 4 0 0 0 24 24 0 18 71 70 0 0 0 0 74 0 0 0 0 41 0 0 0 0 0 0 0 0 0 0 0 53 53 0 20 0 0 0 0 0 0 0 0 0 0 0 0 0 29 48 0 0 0 0 0 28 0 0 20 0 0 0 0 0 0 35 0
94 48 0 0 0 0 53 0 0 0 0 0 0 0 88 0 16 22 0 0 44 0 0 0 0 0 0 0 0 0 83 0 0 0 0 0 60 0 0 74 73 0 0 0 0 0 0 83 22 0 90 0 0 0 0 0 0 0 0 0 37 72 0 0 0 0 90 0 0 0 0 0 0 55 0 0 0 0 0 9 0 0 0 0 0 0 0 0 0 0 0 0 0 0 0 0 0 0 31 0
0 0 0 0 0 0 0 0 0 0 78 0 97 0 57 0 0 0 0 68 0 0 0 12 0 0 6 0 98 0 0 0 79 0 0 0 73 0 0 82 76 0 85 84 0 0 0 0 0 0 61 0 24 0 0 0 0 0 0 0 0 70 0 0 0 0 0 0 19 0 0 43 0 0 0 0 0 0 0 11 7 0 0 0 0 65 0 92 0 0 0 0 0 0 0 0 91 0 58 0
0 0 0 0 68 0 0 67 0 0 0 0 73 0 0 47 0 0 0 0 0 0 0 0 30 0 16 0 0 0 0 0 0 0 0 75 0 0 0 0 0 0 95 0 0 96 0 80 0 25 0 0 0 0 0 85 0 0 0 0 0 0 7 0 0 0 0 0 0 27 31 14 0 62 97 0 0 38 0 0 97 0 0 0 0 0 0 0 0 0 0 51 0 0 0 24 0 0 0 0
0 0 0 27 0 0 0 0 0 0 95 0 0 100 0 0 0 0 0 56 0 3 0 0 0 0 0 93 0 0 26 75 39 0 0 0 10 0 2 0 0 16 21 0 0 0 0 0 68 0 0 0 25 0 0 0 0 0 30 76 0 0 0 0 0 82 0 0 0 5 27 0 16 0 0 0 0 0 74 0 0 57 0 0 49 94 0 0 0 0 0 0 0 99 0 29 0 0 18 33
0 0 0 0 0 0 0 0 0 60 0 0 0 0 0 50 0 0 90 0 3 0 0 0 0 0 71 0 0 0 16 0 0 0 96 0 0 56 0 0 0 20 82 0 0 0 0 0 6 0 0 83 0 0 0 74 0 0 80 0 0 48 0 0 0 0 78 15 0 0 0 0 100 98 0 0 0 0 0 0 0 0 0 0 0 0 0 0 0 30 0 34 0 0 0 0 0 42 0 0
0 43 3 0 0 77 0 58 0 0 0 74 0 0 0 0 44 0 3 0 0 0 0 0 100 0 0 0 0 90 8 1 0 0 76 0 0 0 0 63 10 0 97 32 0 71 0 0 0 28 0 54 0 0 0 0 8 15 0 0 61 87 0 96 45 0 0 61 0 0 54 0 62 14 0 46 0 0 0 0 21 0 81 38 95 0 0 0 0 0 0 0 82 52 28 0 89 71 0 0
50 0 92 0 0 0 0 0 0 0 0 0 0 0 0 0 0 0 19 60 0 0 45 39 0 56 0 0 94 0 0 0 95 65 0 0 0 0 0 0 0 0 0 0 40 0 0 0 0 0 0 97 0 0 0 0 1 68 0 0 0 59 55 0 63 25 0 0 0 0 0 0 0 0 0 0 0 0 0 0 0 0 0 61 39 0 0 0 0 0 0 0 74 0 21 76 0 0 71 40
0 0 0 0 0 0 91 15 0 0 0 45 0 0 0 0 0 0 56 0 0 0 0 0 58 66 0 0 0 0 0 0 0 0 77 72 0 14 0 0 92 0 0 0 85 85 0 0 0 74 0 0 0 0 39 0 0 0 0 34 0 0 0 0 0 0 0 0 0 0 0 0 0 0 89 0 0 0 17 76 0 0 0 55 0 0 0 0 0 58 0 85 0 0 0 0 0 0 0 0
0 0 0 21 0 0 0 0 0 0 0 0 0 60 0 0 0 0 0 0 0 26 0 0 0 13 62 0 0 0 0 52 0 0 0 0 0 0 0 0 0 0 0 0 0 0 0 0 0 0 0 59 19 78 0 0 0 0 0 0 0 37 0 0 0 0 0 0 0 69 0 0 31 0 0 0 0 11 4 0 0 0 0 0 0 0 0 0 0 0 0 79 0 0 84 0 0 0 0 0
0 0 0 0 0 41 0 0 0 0 0 0 0 0 39 0 0 0 0 0 0 0 0 0 84 0 0 0 1 0 0 0 0 0 52 85 0 0 95 0 0 0 0 0 0 0 0 0 0 0 0 86 0 0 0 0 67 22 0 0 0 0 0 0 0 0 0 75 0 0 0 14 0 0 0 0 3 0 0 0 0 0 0 94 0 0 15 0 0 0 0 0 0 0 0 0 0 0 0 0
0 45 0 0 0 31 0 34 0 0 0 0 0 0 0 20 0 0 0 0 0 0 0 42 0 2 0 0 0 0 94 0 6 82 0 0 0 0 0 0 46 0 0 0 0 0 77 0 67 0 0 0 0 0 0 0 0 0 0 0 0 0 93 0 0 76 0 0 81 0 0 0 0 0 0 96 0 0 0 0 4 0 0 93 0 0 0 0 0 0 19 0 0 0 0 53 0 0 0 0
0 0 0 0 0 0 0 0 0 0 0 47 0 0 93 0 0 74 25 0 0 0 0 0 0 0 0 0 0 0 0 0 0 5 26 84 30 0 0 0 0 43 0 0 54 0 0 0 0 34 0 62 0 0 0 41 0 0 5 96 93 0 0 0 0 91 89 0 0 0 30 0 0 42 0 0 93 0 25 0 0 0 84 0 0 0 0 0 0 0 0 0 0 16 0 0 0 0 76 0
79 0 0 40 0 0 0 18 0 36 0 0 22 5 97 0 0 0 0 0 0 44 43 0 0 0 0 0 0 68 0 23 0 0 13 0 0 0 0 0 0 0 0 19 0 56 0 0 0 0 0 0 0 0 0 37 0 29 0 0 51 100 17 0 0 0 0 0 0 0 0 0 0 0 39 82 12 0 0 0 0 0 75 0 57 0 0 48 0 98 0 0 0 0 0 0 76 0 0 0
0 4 0 75 55 0 0 0 35 0 0 0 0 0 2 7 22 0 0 0 3 0 0 20 0 72 0 0 66 13 0 0 0 70 38 0 13 0 0 0 0 0 0 79 0 0 0 0 0 0 77 0 86 0 0 0 0 0 53 0 19 0 0 0 0 70 0 0 0 60 0 32 0 0 0 0 0 0 0 43 0 0 39 62 26 0 45 0 0 0 65 0 0 0 0 74 0 0 0 0
0 0 0 73 5 0 70 0 0 0 43 79 0 50 0 93 62 0 24 54 0 0 0 0 77 0 0 73 0 0 0 0 0 0 0 0 0 57 42 0 0 0 44 0 0 0 0 0 0 62 0 0 0 0 0 0 32 48 0 42 0 0 47 0 71 0 0 0 0 0 25 0 44 73 84 0 0 0 98 0 0 0 0 0 0 32 9 0 0 0 0 68 0 9 1 91 0 0 0 0
0 0 16 0 62 38 0 0 0 0 0 0 9 0 0 87 0 0 52 0 0 0 0 24 0 97 0 0 0 0 0 33 0 0 12 0 38 0 0 0 0 0 0 0 99 94 43 0 48 89 0 49 0 0 0 7 0 0 0 28 28 0 0 0 63 0 0 67 0 0 0 0 0 0 0 53 4 0 0 47 39 0 0 0 72 0 0 0 0 0 0 0 36 97 0 0 0 49 0 43
0 0 0 0 70 0 75 28 0 0 0 0 12 0 0 44 0 0 0 0 0 0 0 95 0 0 0 0 0 0 0 0 0 9 60 0 0 0 0 0 0 10 0 34 0 0 0 0 0 0 0 52 87 0 0 0 15 0 0 0 92 0 23 0 100 0 0 21 0 0 0 0 0 0 97 20 0 0 91 0 57 0 100 0 24 75 43 0 0 0 0 0 0 0 0 94 0 2 0 0
0 0 0 72 0 0 0 0 0 0 0 0 44 0 0 0 0 0 0 0 77 0 0 0 0 0 0 0 67 0 0 65 0 0 0 1 0 0 0 96 0 0 49 0 0 0 0 0 0 0 0 0 83 0 55 0 0 0 0 0 0 0 0 0 0 0 0 0 0 8 0 0 68 0 0 0 0 0 0 0 31 71 56 0 0 0 0 79 5 0 0 72 0 0 0 0 0 9 49 83
69 0 0 82 0 0 0 62 0 0 54 0 0 0 0 68 0 0 0 33 0 0 0 43 0 0 0 0 0 0 0 0 77 0 0 0 0 0 57 0 0 0 0 0 0 98 0 0 0 0 0 0 0 0 0 0 0 0 0 28 0 64 99 0 0 35 56 0 47 0 0 0 15 75 0 11 0 0 88 0 0 0 0 0 0 0 0 0 0 0 0 0 0 0 77 0 58 0 0 0
82 0 0 0 0 0 88 0 76 0 0 0 0 53 0 0 57 0 46 0 96 94 0 0 0 0 0 0 0 0 0 0 0 0 0 0 59 98 0 16 0 0 0 0 0 0 87 0 0 0 0 0 0 3 0 0 40 0 0 78 0 0 16 0 3 75 23 0 0 0 0 0 0 0 0 0 0 94 0 95 0 0 0 0 0 0 0 7 0 0 0 0 32 0 0 79 96 0 40 50
0 87 0 0 84 0 0 9 0 0 78 0 48 0 27 0 0 74 60 78 0 60 41 0 0 0 0 17 0 90 0 87 53 0 0 0 62 0 0 19 51 75 0 29 0 0 0 7 66 0 0 0 0 32 0 0 74 0 0 0 0 0 0 0 0 0 0 52 0 0 3 0 0 0 0 100 0 0 0 0 0 0 43 0 0 0 86 0 0 0 0 41 0 0 0 0 0 0 31 0
0 0 81 0 0 0 0 0 0 0 0 0 0 0 0 0 0 0 0 0 0 24 0 0 0 0 0 0 0 0 0 0 0 0 0 0 0 0 4 0 0 0 0 0 0 0 0 44 0 9 0 59 0 0 0 0 59 64 10 0 0 34 0 0 0 0 0 0 0 0 64 0 34 13 0 0 0 0 73 96 0 0 0 28 1 0 0 0 0 0 40 0 0 0 0 0 0 0 0 61
0 0 0 0 0 0 23 0 0 34 0 30 0 75 0 0 0 0 0 0 0 46 0 0 0 0 61 0 0 61 0 24 0 0 0 0 0 0 0 52 0 0 0 0 0 0 59 0 0 0 19 0 0 38 0 0 0 0 0 0 0 0 0 0 80 0 41 0 80 74 0 0 27 0 16 0 13 0 0 0 10 0 0 0 0 0 0 0 0 94 0 94 0 1 54 0 80 0 0 0
75 21 0 0 0 0 0 33 0 0 0 0 0 0 0 0 0 33 16 0 0 0 0 0 0 0 0 0 0 0 0 0 0 0 0 0 0 0 0 0 0 0 0 0 88 0 0 41 0 9 0 0 0 0 0 0 0 0 0 49 0 72 29 0 0 0 0 0 0 0 0 30 0 22 0 0 0 0 0 6 0 0 15 21 0 54 0 0 13 0 0 0 0 13 0 18 0 31 0 0
0 0 0 0 0 0 0 0 0 0 0 0 0 38 0 27 22 0 8 87 0 74 0 9 0 7 0 0 0 0 15 6 0 29 4 0 0 0 0 0 0 0 0 80 99 0 0 12 0 0 0 18 0 0 0 44 0 0 0 0 0 21 0 59 0 0 0 0 0 0 0 96 0 0 0 0 0 95 0 0 0 0 0 0 0 52 0 0 0 0 0 0 0 0 0 0 0 0 0 0
0 0 69 0 65 97 0 65 21 0 0 0 43 0 0 56 0 22 71 0 0 61 57 0 78 0 60 0 0 0 12 0 9 0 0 0 0 79 0 0 0 0 0 0 0 0 0 91 33 0 54 93 0 0 0 0 0 0 0 0 0 0 0 0 0 0 62 29 0 0 0 0 0 0 0 0 0 0 66 0 0 0 12 0 0 64 0 0 0 0 3 83 23 0 0 0 0 0 0 0
0 0 77 71 0 17 0 0 0 0 96 0 56 0 0 34 0 0 56 0 49 0 92 0 0 0 0 0 0 0 0 56 0 0 0 78 0 0 0 12 0 3 0 34 75 0 0 0 0 0 0 0 0 0 0 76 0 0 0 0 0 0 89 0 0 66 0 0 0 0 61 10 0 86 0 41 0 26 0 0 0 82 0 0 0 0 0 0 0 0 83 0 22 58 28 0 0 0 0 0
0 0 0 0 0 0 0 0 34 0 0 0 0 0 58 57 0 0 96 97 63 0 0 36 0 34 24 0 0 0 0 32 0 35 0 0 0 0 11 0 0 0 0 0 0 0 90 0 0 69 0 0 0 0 0 0 0 39 0 0 0 10 0 0 0 0 0 11 40 1 0 0 5 13 0 0 0 0 0 0 0 9 0 0 0 37 0 0 20 78 0 0 0 0 0 0 0 59 0 0
0 100 16 0 70 0 0 0 0 0 0 0 13 25 94 0 0 0 0 0 0 0 0 0 0 0 0 0 0 0 0 44 0 5 0 0 0 34 0 0 0 0 0 0 0 0 0 0 0 89 0 0 0 0 10 96 0 0 0 0 0 0 0 0 0 0 0 0 0 0 0 0 0 1 0 0 0 0 0 0 99 0 0 0 89 0 33 94 0 0 0 0 0 0 0 24 13 0 99 0
0 75 44 0 0 0 0 0 0 0 53 81 0 0 0 0 34 0 0 24 67 11 91 0 0 0 0 0 0 0 0 0 0 0 0 14 0 0 13 41 0 40 0 12 0 0 0 0 0 0 0 44 29 17 0 67 5 0 0 0 0 0 0 0 0 0 0 0 0 0 0 0 14 0 0 9 0 0 58 0 0 8 0 50 26 55 0 0 0 23 0 0 65 41 0 0 0 98 0 90
0 0 64 0 0 0 38 0 0 0 0 0 0 0 0 0 92 0 0 33 0 1 0 0 38 0 0 0 0 0 0 0 0 0 75 0 0 14 0 0 97 20 0 0 0 0 0 0 81 71 0 0 0 0 0 0 0 0 22 27 0 0 0 0 0 49 0 1 0 0 0 0 52 93 0 0 80 0 0 0 0 0 0 0 0 0 0 0 0 0 37 78 22 0 0 74 0 25 26 0
0 0 0 0 0 0 0 0 0 38 0 71 0 0 0 0 46 31 27 0 48 0 0 0 0 0 0 0 80 55 0 0 0 0 0 33 9 0 99 85 0 0 0 100 0 0 0 34 0 0 0 64 0 0 53 0 0 0 0 0 0 0 0 0 27 0 0 0 32 0 0 0 0 0 0 39 11 0 62 4 0 0 58 0 0 0 0 0 54 0 0 0 0 73 52 0 0 0 10 0
0 0 0 0 0 33 0 0 0 11 0 0 0 81 0 0 0 0 0 0 0 0 31 0 0 73 85 0 0 0 0 0 0 0 0 0 0 0 6 0 0 0 0 0 0 7 0 0 0 0 0 0 0 0 0 0 0 0 0 0 0 96 0 0 0 38 4 11 0 0 0 0 0 0 22 0 0 0 0 48 0 0 0 73 0 0 42 0 6 0 14 0 0 0 8 0 0 0 37 0
0 14 34 0 0 0 0 0 0 0 0 0 0 55 0 0 0 0 0 0 0 1 0 0 0 0 0 0 0 0 100 0 0 73 0 0 0 0 0 0 0 0 59 0 0 0 0 0 0 0 0 98 0 0 0 62 0 0 0 89 0 0 0 0 0 0 0 18 0 0 0 0 0 53 8 0 0 0 18 0 0 0 0 64 0 0 0 0 7 0 80 57 0 22 0 84 0 0 0 0
0 0 11 0 0 0 0 0 0 0 0 0 0 0 0 0 0 0 26 90 0 0 0 0 0 97 81 0 0 0 0 0 94 26 0 0 0 0 0 0 0 0 82 0 0 0 0 0 46 0 0 0 0 0 61 30 0 70 0 0 0 0 0 0 0 0 0 0 0 0 0 0 0 0 0 89 4 34 49 0 0 0 0 0 0 43 27 51 0 0 0 0 30 0 0 99 0 0 97 0
0 0 0 0 0 99 0 0 23 0 0 0 0 0 0 0 53 0 0 29 0 0 0 0 1 0 0 0 0 0 18 0 81 0 0 0 0 0 0 0 0 0 0 39 0 0 0 29 64 0 0 0 46 91 0 0 0 0 0 57 61 0 0 0 65 0 0 0 0 0 0 0 0 0 0 56 0 0 97 99 0 0 0 0 79 0 88 14 0 0 34 0 0 0 0 0 0 0 0 0
0 0 0 0 0 76 63 0 0 0 43 0 0 0 36 0 8 0 68 13 0 0 0 0 0 0 0 91 0 0 0 75 0 59 0 0 0 0 0 0 0 0 98 0 0 0 0 0 0 45 38 0 0 0 100 0 41 0 0 0 0 0 0 0 0 0 0 0 0 0 0 0 0 0 0 0 0 0 0 0 0 29 0 0 0 0 0 78 65 87 0 44 0 88 0 0 0 0 0 75
0 0 0 0 0 0 0 0 13 42 0 0 0 0 0 97 86 0 0 0 0 0 59 0 0 0 0 0 89 0 0 0 60 40 0 0 0 0 94 0 0 82 0 0 0 0 0 36 0 0 24 0 70 0 0 16 0 0 0 45 0 0 0 0 0 0 0 0 0 0 0 0 35 64 0 0 0 0 0 0 12 0 0 0 0 72 0 0 77 55 0 0 0 100 0 0 26 0 0 0
19 0 0 0 0 0 0 0 0 0 0 12 0 0 0 0 0 0 0 0 0 0 59 0 0 0 0 13 0 51 0 0 75 0 23 0 0 0 43 0 0 0 0 0 0 0 0 0 0 0 0 0 87 40 0 0 0 0 0 0 0 0 0 0 0 0 0 0 0 0 0 0 0 0 0 0 0 0 0 0 0 0 0 0 27 0 0 0 26 0 0 0 0 0 80 0 15 98 0 0
0 0 0 0 0 0 0 0 0 0 0 0 0 66 0 0 53 0 79 0 53 37 0 47 94 0 0 72 0 0 0 34 0 0 0 0 0 0 0 0 62 0 0 0 0 0 0 0 0 66 0 94 91 25 0 0 0 0 0 0 0 54 0 0 0 0 0 31 45 0 65 0 0 4 0 0 0 0 0 0 0 50 0 0 8 0 0 86 59 0 0 0 0 0 0 78 100 0 0 0
0 89 9 0 0 0 0 0 69 0 26 76 0 0 0 48 91 0 0 0 0 0 0 0 0 0 0 0 0 0 0 0 0 0 0 29 82 46 0 0 0 0 42 77 0 0 5 98 48 0 0 0 100 0 0 0 49 98 0 0 92 14 6 0 30 0 0 0 0 12 69 0 0 0 0 0 0 0 0 92 0 0 62 0 0 0 0 8 95 0 0 0 0 0 41 0 0 52 0 0
0 0 0 0 0 0 0 0 0 19 0 0 0 6 77 0 0 0 0 0 0 0 0 0 0 9 0 0 0 0 70 74 0 0 0 0 35 0 10 0 69 0 0 76 81 48 0 0 0 0 0 88 0 0 69 62 0 0 51 0 0 0 0 0 0 0 0 45 28 0 0 0 0 0 0 0 3 0 0 0 0 49 91 0 0 0 0 0 0 0 35 0 0 0 0 0 0 0 0 0
0 0 0 0 0 0 0 43 0 0 87 69 0 0 0 0 0 0 0 0 0 0 0 0 0 0 47 40 0 0 0 0 59 0 0 0 0 18 0 0 21 34 0 0 0 0 0 0 0 0 99 0 0 0 0 0 0 0 81 69 0 0 12 0 0 92 0 0 0 0 0 0 0 0 0 7 0 48 84 0 0 0 0 0 6 0 0 0 0 85 0 0 18 0 0 47 99 6 0 0
0 0 0 0 0 0 0 84 0 0 54 0 45 0 56 41 27 0 0 21 0 0 0 0 84 0 0 0 0 0 0 0 0 53 0 51 0 0 0 0 0 0 0 0 0 0 0 0 38 0 85 0 0 0 0 92 0 0 0 73 81 0 0 0 0 0 0 0 0 0 0 93 36 0 0 0 0 0 0 25 0 0 0 91 4 0 0 0 7 0 47 0 0 17 0 0 0 0 0 0
0 73 81 0 0 11 0 4 0 0 0 0 29 0 61 11 0 81 29 0 81 0 0 0 0 0 0 89 0 77 0 0 75 55 78 0 0 0 0 0 0 0 0 8 0 0 0 0 0 0 56 0 0 0 97 0 0 5 0 0 0 2 0 63 0 0 0 0 0 66 0 0 0 0 84 0 0 0 25 0 0 0 0 0 88 2 0 0 0 0 0 0 0 0 79 68 0 84 0 0
0 0 0 0 0 0 37 0 0 0 0 0 0 0 0 0 53 0 83 0 0 96 0 0 0 98 96 0 99 0 80 0 42 0 0 0 55 4 0 0 0 0 0 0 76 0 0 0 8 25 0 0 0 0 0 71 0 0 47 0 0 0 0 0 0 0 48 0 0 0 0 91 0 0 0 0 0 0 49 39 0 0 0 0 73 95 0 0 0 100 0 0 95 55 67 0 0 0 44 0
0 0 31 52 0 0 0 0 0 0 0 0 0 0 0 0 0 0 0 0 0 0 0 0 0 0 0 0 0 82 100 0 0 0 0 0 0 0 0 0 0 0 0 14 69 0 45 48 90 0 32 0 76 0 0 0 85 0 0 0 0 74 9 0 0 0 0 0 3 0 91 0 0 0 0 0 6 93 0 0 62 0 45 0 0 0 0 0 0 0 0 0 0 0 29 0 0 0 0 0
0 42 0 0 0 88 11 0 0 0 76 47 0 0 91 0 0 0 86 0 0 0 0 0 0 0 80 0 0 0 0 0 0 0 0 0 0 0 0 0 81 0 0 0 0 0 0 0 56 61 53 0 0 13 0 0 0 19 0 50 0 0 0 0 0 0 0 0 0 0 0 0 29 81 0 11 0 95 0 0 95 0 76 0 0 0 18 80 0 0 0 0 33 0 0 0 0 0 50 0
0 0 62 0 0 0 33 0 0 0 85 0 0 0 0 0 0 0 0 0 0 0 7 0 45 0 0 0 29 0 0 0 0 72 98 18 1 0 0 34 0 91 0 0 0 0 0 0 86 0 0 42 0 0 0 0 100 0 97 0 0 0 0 0 0 0 0 0 0 25 0 0 0 0 0 0 0 0 0 0 0 85 0 0 0 0 25 47 47 0 19 0 7 0 0 0 0 0 0 58
1 0 0 88 0 0 0 21 56 0 15 0 34 34 0 0 0 0 0 0 0 0 0 0 0 0 0 0 11 0 0 0 0 0 0 68 0 0 89 0 0 0 99 43 49 0 0 97 0 0 0 0 13 0 0 0 49 0 0 0 0 79 62 0 0 0 0 0 0 0 0 60 0 0 0 0 0 0 0 0 0 0 0 0 0 0 0 0 48 50 0 0 0 0 0 0 0 49 0 0
0 17 0 0 0 16 0 0 0 0 79 20 20 9 70 54 0 0 0 53 71 25 95 0 0 0 0 66 0 55 86 21 0 44 70 77 0 0 0 2 14 0 54 0 0 0 0 0 0 0 30 64 76 0 0 43 0 0 0 0 0 0 0 0 76 0 0 92 0 0 30 0 0 96 0 0 0 0 22 23 36 69 0 0 78 51 0 0 100 0 0 9 0 21 0 0 25 0 0 0
0 0 67 0 1 0 0 62 0 0 0 0 0 12 49 0 57 40 0 0 50 81 0 0 0 0 0 0 0 0 35 39 0 0 0 0 0 0 0 0 0 89 0 0 0 2 0 0 93 0 0 0 0 0 38 0 10 0 0 0 12 0 14 0 0 36 0 0 0 15 0 0 0 0 39 0 42 0 39 0 0 0 0 0 0 0 0 0 0 0 0 0 0 0 48 0 92 67 0 29
0 0 90 0 0 0 0 0 0 0 75 40 66 0 0 74 0 0 0 0 0 0 0 0 0 0 0 0 0 0 0 0 0 45 0 0 0 0 0 17 0 0 0 0 72 0 0 0 49 0 0 0 0 0 0 0 67 0 0 0 0 0 0 0 0 0 0 0 0 0 0 0 0 0 14 0 0 0 0 11 31 0 0 82 0 0 0 0 49 12 43 0 0 0 0 0 0 0 0 62
86 48 0 66 23 0 55 0 0 0 0 3 0 0 0 66 17 0 0 0 0 0 42 0 0 0 60 0 0 0 0 0 0 0 86 0 0 0 0 0 0 0 77 56 19 0 0 0 0 0 29 0 0 0 0 0 0 35 0 34 0 52 0 0 0 0 0 0 0 0 0 0 0 0 0 0 0 0 99 92 0 0 74 0 0 0 0 0 0 29 0 27 0 75 0 0 68 0 0 68
0 0 0 0 0 0 0 0 0 0 87 86 0 0 0 0 0 0 77 0 0 88 17 0 0 0 0 0 61 0 0 0 0 71 0 0 69 52 0 0 0 0 0 0 46 0 10 84 76 0 87 0 24 0 46 0 0 0 0 0 0 0 0 0 0 49 0 0 0 0 0 0 0 0 81 0 0 0 0 75 0 0 0 0 0 0 0 0 42 0 0 73 0 0 0 0 0 0 0 0
56 0 0 80 58 0 0 0 0 0 0 6 12 0 0 0 0 0 0 0 0 0 17 0 0 0 59 0 24 0 0 0 0 97 89 0 0 0 83 28 73 0 0 49 0 0 0 0 58 0 0 0 0 0 0 0 0 0 91 37 0 0 0 0 0 75 0 7 0 0 0 0 0 77 50 0 0 0 0 0 0 0 9 0 0 0 64 0 0 0 0 0 37 43 0 0 0 29 0 53
0 0 84 0 0 0 0 29 0 21 0 0 0 0 8 0 0 0 47 0 0 0 0 97 0 0 5 86 0 26 0 0 0 19 96 0 19 71 0 0 93 84 28 0 56 0 0 42 0 0 15 0 0 82 0 0 59 0 0 0 0 0 0 0 97 0 0 0 0 17 0 0 0 75 16 59 0 0 80 0 0 96 0 0 0 62 0 62 0 0 0 0 0 0 0 0 54 28 0 0
0 0 0 0 75 0 0 94 0 0 0 0 0 46 0 0 0 0 0 38 0 35 0 0 0 40 32 77 0 0 0 55 0 0 0 0 63 0 0 0 0 0 0 0 14 0 0 16 0 0 53 0 37 23 98 0 97 0 0 0 92 0 49 0 80 6 0 0 0 0 24 0 0 0 58 0 0 62 0 69 93 0 25 0 0 0 0 0 0 0 0 21 0 0 0 0 2 0 0 0
0 0 66 0 0 0 0 0 0 0 0 0 10 71 0 0 0 0 0 21 0 0 47 73 0 46 0 0 0 0 0 41 0 0 67 0 25 96 0 0 0 0 41 0 0 0 0 0 0 0 0 76 0 0 0 44 0 0 0 0 0 0 0 0 78 0 0 0 0 0 54 0 0 0 54 0 17 0 0 0 0 0 0 0 0 0 67 0 0 0 0 0 0 0 0 0 0 0 91 0
27 0 63 0 1 0 0 90 1 0 0 33 0 0 44 0 0 16 0 0 49 0 0 93 0 44 97 0 0 0 0 0 0 93 55 0 92 3 0 0 0 0 35 30 0 26 0 0 0 0 0 92 0 0 0 0 0 0 0 0 0 0 51 0 0 0 0 0 0 0 0 0 86 0 0 0 53 0 0 0 7 39 0 0 76 0 0 0 0 0 0 0 0 97 57 0 0 0 0 0
0 0 0 0 0 0 96 0 0 0 0 3 0 0 73 50 0 0 0 0 4 0 0 0 0 0 0 0 4 0 12 0 80 0 42 0 0 0 0 0 97 0 0 0 0 0 0 0 0 0 0 0 0 48 0 0 0 70 88 0 97 0 0 0 0 0 0 0 54 100 0 0 35 65 0 98 26 0 0 37 0 0 0 24 0 0 98 0 0 0 0 60 0 0 0 0 0 0 0 0
0 0 0 0 0 0 18 0 0 0 0 54 0 0 0 0 0 41 0 41 1 11 0 18 0 0 0 0 0 0 0 0 0 0 0 47 0 0 0 0 0 0 94 0 0 0 0 0 22 0 0 0 0 0 0 81 93 0 31 0 0 4 0 92 0 62 0 34 0 0 0 0 0 0 62 0 0 58 88 0 0 0 0 0 0 0 20 27 0 0 0 0 0 0 0 26 0 5 0 95
0 0 11 0 0 34 0 0 49 68 16 0 0 0 0 26 81 0 0 0 0 0 90 86 0 0 0 0 0 0 0 0 0 0 0 0 0 51 0 39 95 0 0 0 31 0 0 0 0 31 0 0 100 0 0 0 0 0 0 0 0 0 0 0 0 0 0 0 0 0 64 0 0 15 0 0 0 0 0 0 0 0 44 0 0 0 0 38 0 0 95 0 17 0 0 44 0 0 0 36
0 0 0 17 0 78 0 0 0 0 69 0 0 0 3 0 0 0 0 0 0 0 65 0 0 0 81 0 44 0 58 0 33 0 0 0 0 0 0 0 0 67 0 0 0 0 0 0 3 0 0 0 0 0 0 80 0 0 0 26 25 0 0 0 0 39 0 0 0 22 0 0 0 0 0 40 0 0 0 65 0 0 0 0 0 0 0 0 67 0 71 0 0 70 35 0 0 0 15 0
0 0 68 0 0 96 0 72 36 0 0 29 0 0 0 0 75 0 0 0 8 0 0 0 0 84 0 0 7 0 0 0 0 0 15 0 0 0 58 0 0 35 0 0 0 0 0 35 0 0 0 0 0 0 9 34 0 94 76 0 0 22 0 0 4 0 0 0 0 33 0 0 0 0 0 0 60 53 23 76 15 0 0 15 0 19 0 55 98 0 0 0 0 92 0 0 0 0 0 0
0 68 0 0 0 0 0 75 0 0 79 45 0 56 0 0 0 0 76 56 0 60 0 0 17 0 42 0 0 0 53 72 0 0 28 0 40 0 0 0 0 0 0 0 0 0 82 0 0 0 19 0 0 85 14 84 0 31 0 0 0 0 0 0 0 0 0 12 0 0 33 89 76 53 0 0 31 0 0 0 0 0 0 0 0 0 0 0 56 11 5 1 0 0 20 0 0 0 0 0
0 77 0 0 11 90 0 15 0 0 20 42 0 0 0 12 0 0 0 0 24 0 82 0 0 0 0 0 0 7 0 0 10 0 9 0 0 0 0 0 0 0 0 0 0 0 0 0 0 0 33 0 40 0 0 0 0 26 0 0 7 97 0 75 0 0 0 0 0 0 7 0 0 9 0 0 0 0 0 0 0 0 0 47 0 0 0 0 0 77 0 0 0 0 0 0 51 0 0 33
0 0 0 0 84 0 65 0 0 0 0 0 0 0 0 0 0 0 50 0 0 0 0 0 0 0 84 0 9 0 0 0 0 58 0 0 0 0 0 0 0 0 0 0 0 41 0 0 0 32 0 0 0 0 0 0 46 0 0 0 0 0 0 0 0 0 0 0 0 0 0 0 13 25 4 0 0 14 0 0 0 42 0 38 0 83 0 37 0 0 0 25 0 0 0 0 0 0 0 0