100
0 0 0 0 34 0 95 0 0 45 88 0 87 0 0 83 0 41 27 0 0 65 0 0 93 0 0 0 0 0 0 67 0 0 0 0 18 0 0 0 0 0 0 0 0 0 75 0 0 0 0 0 72 0 0 0 0 32 0 34 0 32 3 42 25 0 0 0 0 0 0 0 0 7 0 0 98 0 0 0 0 0 0 23 0 45 0 0 55 0 0 88 47 0 55 38 80 0 66 0
0 0 44 0 0 0 0 99 0 0 49 0 0 0 65 0 0 17 2 76 0 0 48 0 0 32 0 0 80 0 0 0 1 0 0 60 95 12 0 0 65 0 0 0 0 0 0 0 0 56 18 0 0 98 0 65 41 0 0 0 0 0 0 0 79 0 0 0 0 0 0 0 0 9 0 0 0 0 0 0 39 0 0 0 0 0 0 0 40 0 0 42 0 0 0 0 0 86 0 0
0 0 0 0 0 0 0 0 0 0 23 0 0 0 75 0 0 38 0 0 1 0 0 0 0 0 0 0 29 0 0 0 0 0 0 41 0 0 0 0 0 0 0 47 58 86 0 100 0 0 0 0 74 0 56 0 0 0 68 0 47 0 0 0 0 0 0 52 0 92 0 10 75 71 0 0 0 0 0 57 76 0 0 0 0 0 58 0 0 0 0 6 0 0 0 0 53 27 50 0
0 0 60 0 0 0 0 0 0 67 0 0 0 0 0 0 0 0 0 0 0 40 87 0 0 0 99 20 0 0 0 0 0 0 0 0 53 100 0 0 0 0 0 0 0 0 0 0 0 49 0 0 13 0 40 0 0 0 0 0 88 7 56 0 43 53 0 0 0 0 0 0 0 0 0 67 0 0 0 3 0 0 63 0 0 0 21 73 0 26 26 0 85 0 0 0 85 0 0 0
0 0 0 0 0 0 0 0 86 0 0 6 0 0 0 0 96 0 0 0 0 0 9 0 0 0 59 0 0 0 49 0 0 0 0 0 0 0 0 0 0 0 73 0 44 93 0 21 0 92 0 97 18 0 0 0 85 0 0 0 0 0 0 0 0 0 0 0 43 0 0 0 0 0 100 0 0 0 0 61 0 0 0 0 0 14 0 0 0 50 0 57 21 0 88 0 0 0 0 0
0 0 52 0 0 0 0 0 0 0 0 0 0 0 0 0 0 0 0 62 0 0 0 0 0 0 0 0 0 0 0 0 0 0 0 0 0 83 8 7 0 0 91 22 0 0 0 0 0 0 0 0 36 0 0 0 0 0 0 0 0 0 58 0 0 0 0 77 0 39 0 0 39 5 0 0 0 89 48 0 0 0 92 0 0 66 40 0 0 15 0 56 0 0 0 0 0 56 0 29
0 0 65 0 0 0 0 0 97 98 0 0 0 75 0 0 42 91 0 0 0 82 0 0 59 14 0 0 0 0 11 27 0 0 0 0 0 74 0 0 0 81 64 0 0 82 60 62 27 0 0 0 0 0 45 0 0 26 95 0 0 0 0 0 55 0 0 0 0 0 0 0 0 0 0 0 0 46 0 0 0 0 0 0 0 0 0 4 0 0 0 21 0 0 0 63 47 2 0 47
72 0 0 0 0 0 0 0 0 11 0 0 0 83 0 0 0 0 0 0 0 0 0 0 0 72 0 92 0 0 0 0 0 60 0 0 0 28 0 0 0 26 0 0 68 0 0 48 0 0 0 0 31 0 27 0 0 0 0 0 0 0 0 0 0 0 73 0 0 0 0 0 0 91 0 0 0 84 0 0 0 0 0 71 0 0 0 0 0 0 96 63 87 0 0 0 62 0 9 0
0 0 79 0 0 0 0 0 0 0 0 0 0 0 0 0 0 0 0 3 0 91 0 0 71 0 0 0 0 0 0 0 0 13 0 96 0 0 0 63 0 0 0 0 0 0 0 8 0 6 0 79 59 0 0 0 13 0 0 0 0 0 43 0 0 15 75 0 0 0 8 13 0 0 10 0 74 0 44 52 0 0 0 0 0 0 19 0 0 0 33 0 0 0 0 0 0 20 0 94
0 0 0 0 0 0 0 0 0 0 0 0 0 0 0 0 0 2 97 0 0 0 11 0 10 0 50 0 0 0 0 33 50 0 76 0 0 58 0 0 0 0 0 17 0 0 0 0 0 32 0 48 0 0 0 0 0 0 0 0 0 0 0 53 0 0 0 2 0 0 96 0 0 0 0 0 0 15 76 0 0 0 0 0 23 0 0 0 0 90 0 0 0 0 0 5 0 0 0 13
0 0 0 65 76 0 0 0 0 0 0 0 97 0 3 0 0 0 0 35 0 0 56 0 0 41 0 0 73 0 0 3 48 0 0 0 0 0 0 0 49 64 0 0 0 1 0 0 0 0 0 0 32 0 0 0 0 0 0 0 0 35 0 0 0 0 0 0 50 14 0 0 0 0 0 26 29 0 0 0 34 0 0 0 0 0 0 66 0 0 0 52 0 0 0 0 0 0 0 0
0 0 49 20 0 0 21 0 43 80 81 0 0 0 0 0 0 60 0 30 90 24 20 0 0 0 0 0 53 16 76 0 85 0 0 0 0 0 0 0 0 0 0 0 0 93 0 29 73 0 0 0 54 0 0 0 1 22 0 0 0 0 0 0 76 0 0 4 0 0 0 0 0 0 85 61 0 0 38 54 0 11 0 0 0 0 0 0 0 0 51 0 17 0 0 0 0 0 0 0
0 0 53 0 0 0 0 93 0 0 34 0 0 0 0 0 0 0 0 87 0 80 0 0 0 0 0 43 21 0 0 37 91 30 13 0 0 96 0 32 0 0 0 0 33 0 0 0 0 99 0 0 0 0 0 88 55 0 0 39 0 6 0 0 0 0 42 0 0 0 0 0 0 0 0 0 0 0 0 5 0 0 2 38 0 0 0 0 0 64 0 0 0 38 0 0 0 0 47 0
0 0 0 0 0 44 0 0 0 14 0 0 0 0 0 0 52 0 0 0 0 0 24 0 84 0 0 0 0 34 0 72 0 0 0 0 0 0 56 2 0 32 36 0 0 0 27 0 0 0 0 0 82 0 0 0 0 0 0 0 85 0 0 26 0 0 0 0 95 31 0 0 0 21 61 0 0 0 0 0 0 0 100 77 0 0 0 0 0 0 0 0 0 0 0 0 0 0 0 0
0 31 0 0 0 0 72 56 0 0 0 0 0 41 0 36 0 0 66 25 0 0 0 0 0 0 0 0 21 0 67 50 29 0 0 0 0 0 44 97 0 31 0 0 0 0 0 0 0 0 0 19 8 0 89 0 0 0 0 0 30 0 0 0 0 0 0 0 0 50 0 72 59 0 22 0 37 0 27 0 0 79 0 0 0 40 0 0 0 0 8 37 0 0 2 0 0 0 0 0
0 9 67 0 0 0 0 0 0 37 50 0 0 14 0 0 0 0 29 0 0 43 13 0 0 0 51 0 0 61 0 52 0 0 0 0 45 0 0 0 35 92 0 0 0 0 0 0 0 0 0 0 0 0 64 46 73 0 0 0 0 0 0 9 8 5 0 0 0 0 1 0 21 71 0 87 0 0 20 0 0 0 0 0 0 0 0 0 0 0 100 68 46 0 38 0 0 0 0 0
0 0 21 69 0 0 0 0 0 0 0 0 0 0 0 0 0 0 0 0 0 0 0 15 75 0 0 0 0 0 0 0 8 0 39 0 0 0 0 0 4 0 0 0 6 0 55 0 0 0 0 0 0 0 0 7 0 27 0 30 0 0 0 0 0 0 0 0 0 0 0 0 0 0 0 0 0 0 0 0 0 0 31 20 94 0 0 0 0 0 0 0 6 0 0 89 0 65 0 0
0 68 75 70 25 0 0 0 80 0 0 0 72 0 0 0 0 0 0 0 0 0 0 0 56 0 0 28 0 6 0 0 92 0 0 0 34 0 99 0 37 0 0 0 0 0 0 0 0 0 0 0 0 0 0 60 0 0 0 0 0 0 0 0 0 0 0 23 38 79 0 0 47 0 0 0 0 0 0 0 16 0 0 44 0 93 0 0 59 0 0 90 0 0 59 0 0 0 74 0
70 93 40 20 0 0 0 14 0 0 0 96 0 0 86 11 0 98 0 81 0 0 0 0 0 0 0 0 0 0 0 0 0 0 0 0 0 0 0 0 0 0 0 0 0 82 0 15 0 0 0 0 0 28 99 0 90 21 0 0 0 46 0 0 29 0 0 0 0 0 22 0 55 0 0 0 0 0 0 72 0 0 0 0 0 88 91 56 20 0 0 0 0 0 36 0 38 0 0 0
58 75 0 0 0 0 75 24 25 69 93 57 35 0 70 0 16 64 0 0 0 47 0 0 20 0 74 12 0 0 32 0 3 0 0 0 0 0 0 0 0 0 96 0 0 36 0 0 0 0 0 0 71 12 0 0 97 0 0 0 0 0 0 0 0 0 0 0 0 57 0 55 0 35 0 57 7 0 0 0 0 0 0 63 0 86 0 0 0 0 0 0 0 0 0 0 0 0 0 0
0 0 18 0 24 0 0 0 0 0 0 2 0 0 0 0 85 0 0 0 0 0 0 0 0 0 0 5 7 0 0 0 0 0 0 0 0 0 0 0 0 0 0 0 94 0 0 0 0 0 0 0 0 45 0 0 0 59 0 0 0 0 0 68 0 1 0 0 52 0 0 36 0 0 0 80 0 0 0 0 0 0 0 0 0 0 0 0 4 0 0 0 0 0 0 0 0 0 0 0
54 0 66 68 90 41 0 82 72 0 84 0 0 0 63 0 43 0 0 0 0 0 0 0 0 0 14 0 0 0 0 47 0 0 100 0 0 0 67 58 0 0 0 0 0 0 0 0 36 0 0 0 5 0 0 0 26 0 9 0 1 0 0 0 0 0 21 0 95 0 42 0 0 0 77 99 92 0 0 43 22 0 0 4 82 73 0 0 12 0 0 0 0 0 0 0 0 0 33 0
6 68 0 0 0 90 0 0 0 44 0 0 9 95 0 0 0 2 43 0 0 0 0 0 88 0 0 0 0 0 0 0 0 11 0 100 0 0 74 0 0 0 94 0 0 93 0 44 0 26 81 43 0 0 0 0 0 0 0 0 5 0 0 0 0 0 0 40 0 0 0 0 0 0 0 0 0 0 72 0 0 0 46 0 80 0 0 0 0 0 0 64 0 61 0 0 0 0 0 16
0 0 95 0 74 0 0 0 0 0 48 0 0 0 0 7 0 0 0 0 0 8 0 0 56 0 0 0 0 0 6 0 0 0 14 0 0 72 0 0 0 0 37 0 0 0 21 0 86 0 0 0 0 0 0 59 99 88 0 0 0 97 0 0 0 0 0 79 0 32 85 0 0 0 0 0 0 0 0 0 0 0 0 0 30 0 0 0 76 0 0 0 23 0 0 0 0 0 0 94
0 99 0 0 0 97 0 42 0 0 0 0 0 0 0 66 0 0 0 40 0 0 0 0 0 0 81 0 0 0 0 0 0 0 0 0 0 0 17 60 0 0 0 0 96 48 0 0 0 0 0 0 0 0 35 0 0 0 0 0 19 0 35 0 23 22 84 0 0 13 96 0 62 21 0 0 0 0 0 48 0 0 0 0 0 0 0 0 0 0 0 0 0 0 61 0 0 0 0 34
0 23 0 95 10 0 0 0 0 0 71 85 0 0 0 0 0 0 0 0 0 0 92 0 0 0 0 0 0 0 11 0 0 0 0 0 0 0 67 0 22 93 30 23 0 0 0 0 0 0 0 0 75 0 7 15 0 0 0 0 0 42 0 0 0 15 0 0 0 0 0 0 19 78 0 0 0 40 34 0 62 0 75 0 0 0 0 0 97 0 32 81 0 37 46 42 0 0 0 0
78 0 0 0 63 17 0 0 0 0 0 0 36 0 0 56 0 0 0 0 0 0 0 0 0 0 0 0 0 93 0 0 22 0 0 0 65 0 0 43 0 0 0 0 0 0 0 0 0 0 0 0 0 0 0 0 68 0 0 0 0 0 0 0 0 0 0 70 0 0 0 0 63 92 0 0 24 35 0 0 0 0 0 0 0 0 0 0 0 0 0 0 0 68 0 0 5 0 0 9
0 0 0 20 0 0 0 0 18 0 22 51 0 0 75 96 0 0 0 0 0 8 0 91 0 0 0 0 0 0 67 0 0 0 0 0 0 29 0 0 35 0 64 0 0 0 0 0 0 0 0 0 0 0 19 33 0 0 0 40 0 0 95 0 0 0 0 0 0 0 45 0 0 0 19 0 0 0 0 0 0 0 0 0 93 58 0 0 0 0 75 0 0 0 6 0 0 0 0 0
0 0 0 0 0 0 8 0 0 0 13 0 0 0 28 0 79 78 0 0 79 0 0 61 29 0 0 28 0 3 0 9 0 96 86 0 0 0 84 0 0 82 5 0 93 0 0 0 0 0 0 0 0 0 0 0 51 0 0 0 74 0 0 0 0 0 0 0 0 0 68 0 0 0 0 0 0 0 0 0 0 84 45 5 0 0 0 0 0 0 0 0 0 21 100 0 43 0 38 0
0 0 4 85 0 0 0 0 61 20 0 0 0 24 0 0 12 0 50 71 44 0 0 0 0 0 0 54 0 0 0 18 0 22 77 0 0 61 81 0 0 0 0 69 48 0 0 0 70 34 0 0 0 0 0 0 0 0 21 0 0 0 0 16 0 0 0 0 0 0 0 0 1 0 0 0 43 0 0 93 85 0 98 48 51 0 0 0 0 0 65 37 0 0 0 72 0 0 0 21
0 0 0 0 0 0 0 0 0 0 47 0 0 0 0 0 0 0 50 0 0 0 0 0 42 0 0 0 95 0 0 0 0 0 0 60 75 0 0 0 14 16 0 34 0 0 0 0 0 0 0 0 0 0 0 63 0 0 0 0 0 69 0 27 0 0 1 72 0 0 0 0 0 0 38 0 0 0 0 81 0 0 0 100 0 0 0 0 0 86 47 0 0 21 0 0 72 89 0 0
0 53 0 98 0 0 0 17 0 41 0 0 0 0 0 0 0 0 0 0 0 80 0 56 0 0 0 0 0 0 1 0 0 0 0 44 0 0 0 84 0 0 19 32 0 15 0 0 0 0 0 0 96 88 58 0 0 55 0 0 0 86 0 0 0 53 0 0 79 34 77 0 20 0 0 0 0 0 44 0 0 69 0 77 15 0 0 0 0 0 0 0 0 0 19 0 0 0 16 0
0 0 0 0 0 0 68 84 57 0 15 98 76 0 0 0 0 0 72 0 38 0 0 0 0 0 0 0 0 0 0 0 0 0 13 47 0 0 0 0 70 0 20 11 21 0 0 0 0 0 0 0 0 0 7 69 0 94 0 77 0 0 0 43 64 0 0 28 0 75 0 0 57 0 0 36 0 0 0 0 73 0 0 0 0 0 34 0 0 91 0 0 27 0 0 0 0 95 0 98
0 0 12 0 79 0 0 0 0 0 0 57 0 0 0 0 0 0 38 0 0 0 16 0 8 54 0 0 0 0 0 37 0 0 0 0 0 0 0 63 30 0 69 0 53 0 0 82 0 0 56 0 38 25 0 0 36 0 0 0 0 0 0 0 60 47 88 0 66 0 0 0 97 64 42 1 0 0 73 0 98 0 52 62 0 20 0 0 0 0 0 0 68 86 59 0 71 0 0 0
0 0 0 0 0 1 0 84 0 4 0 0 0 0 0 0 0 0 0 87 0 0 0 29 0 32 0 0 0 92 0 0 0 0 0 0 0 0 53 72 0 0 0 0 0 0 39 0 0 0 0 0 0 57 0 0 0 0 71 0 0 0 69 0 0 0 0 0 33 0 0 0 70 41 0 0 16 0 0 3 0 0 0 0 0 0 0 0 0 0 0 0 0 0 0 65 0 0 0 0
0 0 0 0 98 0 48 14 0 45 0 0 0 0 0 4 0 0 0 0 0 0 0 0 0 59 89 0 46 51 49 0 0 0 0 0 0 0 67 0 0 0 0 56 0 49 67 0 0 0 0 0 0 0 0 0 0 0 66 0 0 5 3 0 0 0 0 0 61 0 22 0 0 0 0 0 0 0 0 0 0 0 99 0 0 0 0 0 90 0 0 0 0 0 14 0 0 68 0 0
0 0 0 0 0 0 72 0 0 74 0 28 0 53 0 0 0 0 88 0 0 72 20 0 31 0 0 25 58 0 0 12 0 0 36 79 0 46 0 0 0 0 6 50 0 0 0 0 0 52 0 0 0 0 0 0 0 0 0 0 0 0 31 78 19 35 37 0 0 0 0 0 0 0 0 0 0 0 91 0 57 0 0 0 0 0 0 32 0 0 0 0 0 0 26 0 0 0 0 0
0 0 0 27 9 0 0 0 69 0 0 0 0 0 0 0 72 0 33 0 48 0 68 0 0 0 47 0 1 0 0 0 0 0 0 0 0 0 0 0 0 76 90 0 0 59 0 0 0 0 26 0 0 0 0 0 0 0 0 0 0 0 0 0 96 0 0 0 0 38 0 79 0 0 96 11 0 0 0 0 0 68 0 83 0 0 0 0 0 12 0 15 0 0 0 0 0 0 45 0
0 0 0 0 0 0 83 0 0 0 8 27 59 0 0 0 0 0 0 0 47 0 8 31 0 17 0 0 0 0 0 45 0 0 0 0 24 0 0 0 0 93 44 0 0 37 0 0 0 0 0 15 0 0 30 2 0 0 0 32 0 0 0 0 0 0 0 0 0 0 0 41 0 21 0 0 0 0 0 0 0 85 0 9 0 0 86 76 24 0 0 0 100 0 0 0 0 0 0 0
0 0 0 0 0 0 0 0 89 0 0 0 30 0 0 19 0 0 0 0 0 0 0 0 7 52 0 0 0 60 0 0 0 0 0 0 98 0 35 0 0 0 13 0 48 55 0 0 61 0 0 0 0 0 0 25 8 0 0 91 49 0 69 76 17 0 0 0 0 3 0 0 0 42 48 0 43 0 0 8 67 0 0 60 0 0 0 0 0 0 9 94 0 0 0 0 0 0 0 0
0 0 0 0 0 0 0 0 86 59 0 0 0 0 0 48 0 30 0 0 75 83 0 0 18 0 0 14 74 0 0 0 0 0 0 0 0 0 0 0 0 0 0 0 0 52 0 0 0 0 0 0 0 0 0 9 0 57 0 0 0 0 0 0 0 0 72 0 0 53 89 0 0 0 0 0 0 0 0 0 0 97 0 0 0 0 0 71 0 0 89 0 0 0 0 0 0 0 0 0
34 0 53 37 0 0 0 0 0 0 0 51 0 0 0 24 0 0 0 0 0 0 37 36 14 0 0 0 0 90 1 0 0 0 0 0 21 0 0 0 0 0 0 0 0 0 0 0 0 0 0 35 21 0 0 0 0 0 65 0 0 28 0 19 0 79 0 0 0 23 0 98 0 80 0 0 0 9 0 0 0 0 55 0 74 0 0 0 0 42 33 0 0 0 0 0 0 0 0 11
0 0 0 43 0 0 0 0 0 0 4 0 78 0 0 0 0 50 0 31 0 0 41 82 37 0 0 0 0 0 0 81 92 0 0 0 0 0 2 0 42 0 0 96 38 0 0 24 0 0 0 0 0 0 0 0 0 73 0 0 74 0 57 0 92 0 0 0 1 0 43 0 18 2 0 0 0 0 0 0 21 81 0 0 60 0 0 0 0 0 43 0 0 0 0 0 45 0 0 0
0 0 79 0 0 52 0 0 0 44 0 0 0 0 86 0 0 0 48 0 0 0 17 80 32 40 0 0 37 0 0 59 99 0 0 0 0 0 48 0 0 0 0 0 0 0 3 0 0 0 13 6 0 0 0 0 0 50 0 0 0 0 22 0 0 0 99 0 0 0 72 0 0 58 0 70 8 0 83 0 0 0 24 0 0 0 0 0 0 0 0 0 68 0 0 0 0 0 0 10
0 0 85 0 0 0 26 50 0 0 36 0 0 0 0 0 0 0 0 40 0 77 0 0 0 11 18 0 0 10 0 0 0 36 57 0 0 0 20 0 0 0 0 41 0 0 0 0 67 0 0 0 0 0 0 0 12 0 0 0 0 0 0 0 0 0 52 0 0 0 0 0 0 0 0 0 0 0 0 84 0 0 0 0 0 0 0 69 0 0 78 98 0 0 0 53 0 0 21 0
0 0 0 0 0 0 0 0 0 42 95 0 0 0 0 0 0 0 29 0 0 0 70 0 0 0 0 0 0 0 0 0 0 0 85 61 0 0 0 0 5 0 29 0 0 0 0 0 99 0 39 0 0 0 0 0 0 65 97 0 0 50 0 0 0 0 96 99 5 83 0 0 0 24 52 0 0 0 0 0 0 0 0 0 0 48 0 0 0 0 0 94 52 0 0 2 0 0 0 0
0 0 0 0 1 0 94 0 18 0 15 85 0 0 0 1 0 0 0 0 0 0 37 0 70 95 0 0 0 0 19 35 0 0 0 0 0 0 0 51 0 0 0 0 0 0 0 0 0 0 3 45 0 0 0 0 99 0 0 0 0 0 44 0 0 62 0 88 37 0 0 0 0 58 0 0 0 0 0 72 0 25 13 0 0 0 0 0 0 63 0 0 0 3 0 75 0 0 0 0
49 0 0 0 0 0 0 0 0 0 8 0 0 0 0 0 0 22 0 0 0 0 0 0 0 17 0 0 0 0 83 0 0 0 0 0 0 80 0 0 0 0 0 93 87 0 1 0 0 0 0 0 0 31 0 0 0 74 0 97 0 0 0 0 0 0 0 5 0 17 0 0 0 0 0 0 0 0 0 0 0 88 0 0 45 0 0 81 0 0 97 0 0 0 0 45 0 72 0 0
0 0 0 26 83 0 27 0 0 20 86 21 0 0 0 54 0 0 0 65 0 0 0 0 0 0 0 0 57 0 0 0 14 0 0 70 0 0 0 0 39 42 0 0 0 0 0 0 0 88 32 25 0 0 0 53 0 0 0 0 0 0 0 0 0 1 0 90 0 0 0 0 8 0 0 0 0 0 0 0 0 0 76 11 0 0 0 0 97 0 0 74 0 0 0 0 0 0 0 29
0 0 0 0 0 0 35 0 0 0 0 0 0 0 0 58 0 0 0 0 5 0 0 0 0 0 50 0 0 0 0 59 0 0 57 0 0 0 0 0 0 0 0 0 69 91 0 0 42 0 52 94 0 0 0 0 0 51 0 0 63 0 0 0 0 0 0 0 0 0 0 0 0 0 0 0 0 0 0 93 36 0 1 0 0 71 0 0 12 0 78 0 0 0 0 68 0 0 18 0
0 80 29 0 0 0 0 0 0 48 0 5 0 35 0 50 81 18 0 0 86 0 0 0 0 0 0 0 0 0 0 90 0 0 0 0 62 0 28 0 0 0 0 0 0 19 0 0 0 0 0 0 0 0 7 83 2 92 0 0 0 0 0 0 0 0 0 72 0 0 0 0 0 64 0 2 61 39 39 98 0 0 0 75 0 0 0 53 0 0 28 0 0 99 0 0 0 31 0 43
100 0 47 0 0 0 0 6 0 17 63 0 69 0 0 0 0 0 0 45 0 0 48 0 0 0 0 0 0 1 0 0 37 0 19 50 0 0 29 0 36 76 0 57 0 0 0 0 62 0 17 0 43 0 0 0 0 80 75 5 0 46 0 0 0 13 0 0 0 0 0 36 67 0 98 0 0 0 90 0 0 0 0 27 0 62 0 25 0 0 0 94 0 0 0 0 0 0 0 95
0 0 0 0 0 0 0 0 0 0 0 0 0 0 87 0 56 0 0 0 0 0 0 0 10 0 0 0 96 0 0 0 0 0 0 55 0 0 0 87 0 0 0 49 62 0 0 0 0 0 0 0 0 0 0 0 87 0 38 32 0 0 0 0 0 56 17 98 0 99 0 76 80 0 0 0 0 0 0 0 0 0 0 87 0 0 18 0 0 52 0 0 0 0 0 0 0 0 0 14
0 81 0 25 0 2 6 0 18 0 30 0 0 18 0 0 0 0 0 0 0 0 0 0 0 0 0 0 0 0 0 41 0 0 61 0 0 80 40 0 0 0 0 0 0 0 32 0 0 33 0 0 96 0 0 0 0 0 22 0 0 0 0 0 0 0 0 0 0 0 35 0 73 0 32 0 0 0 43 31 0 0 0 0 49 0 0 8 87 0 0 0 26 0 0 63 0 0 21 0
32 0 7 0 37 0 67 0 0 20 39 0 56 0 0 58 0 0 0 0 0 0 22 29 0 56 40 0 0 88 0 0 0 0 64 0 66 0 0 0 0 0 98 0 0 0 21 0 0 0 0 0 8 7 0 0 0 0 0 0 0 0 0 0 0 0 0 0 0 0 0 0 0 0 0 0 0 0 0 0 0 62 0 0 0 0 0 0 0 0 0 0 17 0 0 44 79 0 73 52
0 0 14 0 0 34 0 0 0 79 93 20 0 0 0 38 0 0 0 0 0 0 0 0 0 21 0 0 0 0 5 87 0 0 0 0 0 84 91 0 0 0 0 0 66 0 0 0 37 0 46 0 93 0 0 0 0 89 0 0 0 66 0 3 0 56 0 0 37 0 0 47 38 0 81 0 8 0 0 0 0 0 0 0 0 0 0 0 0 0 74 12 0 0 0 0 0 0 0 0
0 0 0 0 58 0 0 0 77 0 0 0 39 0 0 0 0 0 60 0 0 0 0 93 52 0 0 0 41 0 0 0 0 0 76 0 21 18 0 0 0 0 0 0 0 0 0 0 0 82 66 0 96 0 76 0 0 32 64 0 41 0 56 42 0 0 0 0 0 0 44 0 0 40 0 0 0 0 0 0 0 0 3 0 0 0 0 0 0 0 81 0 0 2 0 23 85 0 0 0
0 85 56 0 0 86 0 0 0 0 0 0 0 0 0 59 0 0 0 0 0 0 32 0 0 0 43 0 0 0 0 0 62 0 0 0 0 0 0 0 0 0 71 0 0 87 0 0 0 0 0 0 34 44 0 0 0 0 0 0 0 0 0 0 0 70 0 0 41 4 0 0 0 0 0 0 0 0 0 22 0 0 0 0 0 0 0 0 22 0 0 48 0 0 0 11 0 0 0 23
0 0 82 0 0 17 0 0 0 0 0 0 19 0 0 14 0 0 0 0 0 0 0 0 0 0 8 64 0 0 0 0 0 0 0 0 0 46 0 0 0 0 0 0 0 0 0 0 0 0 0 0 70 0 88 53 0 0 0 0 17 0 0 0 0 74 0 0 0 0 0 0 0 59 0 32 0 50 0 0 0 51 0 0 0 0 0 55 0 0 0 0 0 0 0 0 0 38 0 0
0 0 0 36 0 0 0 42 0 0 0 0 0 0 0 0 81 0 0 0 58 0 0 18 0 0 63 0 91 0 0 0 0 0 0 0 0 41 0 0 0 0 0 0 25 0 0 0 0 86 0 73 91 0 12 0 51 0 0 0 0 0 8 1 0 37 48 0 45 0 12 0 0 0 0 49 51 30 64 0 0 0 0 49 0 0 85 81 0 0 0 0 0 0 20 0 0 0 0 0
0 0 0 96 0 0 0 1 0 0 0 0 0 34 0 0 0 0 0 10 0 0 0 0 0 0 0 0 0 0 0 0 0 0 0 0 51 0 0 0 79 0 0 71 76 68 68 72 32 0 81 9 29 0 0 0 0 0 0 84 0 0 10 0 61 0 0 0 0 0 0 0 0 0 66 0 0 0 0 0 0 0 0 0 0 76 28 0 0 0 35 0 5 0 0 0 0 0 0 62
0 70 0 0 85 0 7 0 0 0 0 0 13 94 45 0 0 0 0 0 0 0 18 0 0 0 0 20 37 0 0 0 0 0 96 0 0 0 57 0 0 0 0 0 0 0 0 23 59 0 0 91 0 32 0 93 30 0 0 0 23 0 0 0 88 0 79 91 0 0 0 64 0 0 0 0 0 0 0 0 0 0 65 91 0 0 0 0 0 0 0 0 0 91 0 0 0 93 0 25
0 78 0 0 0 0 0 72 0 0 0 0 0 0 0 0 0 8 0 0 0 0 84 0 5 0 0 0 0 0 0 0 0 66 0 0 19 0 0 0 0 0 0 0 0 0 0 0 0 0 0 19 0 65 0 81 0 97 100 0 0 0 0 47 0 0 0 0 0 0 76 0 0 0 36 0 0 45 0 0 0 0 0 0 11 0 46 0 0 0 0 25 0 0 0 38 0 0 0 0
0 0 0 69 44 0 90 0 0 73 81 0 0 0 0 0 0 0 0 0 25 0 0 0 0 0 0 58 0 0 0 47 0 54 0 0 0 60 0 0 0 0 0 0 0 0 0 0 19 0 0 0 0 0 1 0 14 0 0 0 89 0 0 0 2 0 0 14 0 5 0 0 0 4 0 3 0 71 94 0 1 0 0 0 21 0 10 10 0 0 0 95 44 0 0 0 0 0 0 64
0 25 1 0 55 0 0 76 0 0 0 0 7 83 35 0 0 0 0 0 0 0 0 4 0 47 0 0 0 55 0 0 0 0 0 0 0 0 0 0 0 0 0 0 98 0 51 85 0 0 0 0 0 0 0 0 0 0 0 0 49 0 0 0 0 0 89 0 0 0 0 0 0 0 6 0 0 0 0 0 0 31 0 0 0 0 0 24 50 0 31 0 0 0 0 0 27 0 0 0
58 0 0 0 0 0 0 0 0 11 39 0 71 22 0 27 83 36 0 0 95 30 0 0 0 0 48 0 0 0 0 76 13 0 0 0 0 0 0 0 0 0 0 0 0 0 15 0 0 0 32 26 0 0 0 0 35 8 0 0 0 0 0 0 0 0 0 0 28 0 0 0 0 17 0 44 75 0 63 0 0 0 0 70 0 0 0 48 2 0 12 0 0 0 29 0 0 0 41 0
0 0 0 0 9 0 94 93 0 0 0 66 17 0 0 0 85 79 0 0 76 0 94 0 0 0 0 0 0 74 0 0 14 67 0 0 0 0 0 24 0 0 0 95 56 0 0 0 0 0 0 37 40 0 0 53 0 0 89 0 0 0 8 0 25 38 0 0 0 0 0 0 0 0 0 0 0 0 0 0 0 0 0 0 0 0 0 0 0 37 51 0 0 0 0 0 0 0 0 0
0 0 0 0 0 0 0 0 0 71 0 0 86 0 0 73 0 0 49 4 0 0 0 0 0 0 61 0 0 0 46 0 0 0 0 0 0 19 0 35 65 0 0 0 0 0 0 0 0 0 44 0 12 16 0 31 0 0 0 0 0 0 0 0 0 0 44 0 0 0 0 0 0 0 0 0 0 69 0 0 0 0 0 64 63 0 0 0 0 0 0 53 0 32 0 0 43 0 7 0
0 34 0 0 0 49 100 0 0 0 0 0 0 0 0 0 55 0 0 0 0 0 0 0 0 0 0 0 0 0 0 0 71 39 0 0 0 0 0 6 63 0 0 0 0 0 0 14 0 0 0 82 26 0 0 27 53 4 59 0 61 96 0 34 0 0 16 0 0 0 26 96 83 0 0 4 0 0 0 0 39 0 0 0 94 0 0 0 0 0 0 8 0 0 0 83 5 0 0 3
0 34 85 0 0 10 0 0 0 0 67 0 0 0 44 89 0 0 0 0 0 0 50 0 23 92 8 0 84 0 37 0 55 57 0 60 0 70 0 0 0 0 0 0 8 0 0 0 19 0 0 40 0 0 0 0 58 0 0 0 63 0 0 0 79 0 0 0 81 0 0 0 9 0 0 0 0 30 0 69 77 0 0 0 0 0 0 0 65 0 29 0 0 0 0 0 0 71 0 0
0 0 0 22 0 0 99 0 0 0 3 0 0 0 0 49 0 0 0 59 0 5 0 0 0 0 0 0 82 60 0 0 84 26 0 0 0 0 0 73 0 0 0 0 0 0 0 0 0 0 0 74 0 0 42 0 60 0 0 68 0 0 0 0 0 0 0 0 0 79 0 0 52 0 0 0 0 0 29 53 0 0 0 0 0 0 0 46 32 0 0 0 0 0 0 0 51 0 0 0
13 0 0 0 0 0 0 0 0 54 0 95 0 0 0 27 0 0 0 0 15 0 0 0 0 0 78 55 26 0 0 0 0 0 67 0 0 0 0 0 0 0 0 0 10 99 0 15 0 0 25 0 0 12 0 0 0 0 0 57 0 0 0 0 95 0 47 0 0 0 0 0 0 15 0 27 0 0 13 0 11 0 0 0 69 0 0 49 92 0 80 51 0 0 64 0 0 0 0 0
0 0 0 0 0 0 17 63 38 20 0 0 0 61 0 0 0 0 0 0 54 75 0 0 0 58 0 0 0 0 0 0 0 0 0 0 85 76 0 0 0 81 0 0 0 92 0 55 71 0 35 0 0 0 0 0 0 0 0 0 0 0 0 0 0 22 0 0 0 0 0 0 0 52 31 98 0 40 0 0 95 0 44 43 0 100 79 0 22 0 0 4 0 0 40 0 0 93 0 0
0 18 0 0 62 0 0 0 0 0 0 0 0 0 0 0 0 70 0 0 0 36 0 0 0 0 0 0 51 40 12 34 0 87 85 0 0 49 0 37 0 0 0 0 0 0 0 38 0 27 0 0 0 62 0 0 0 0 0 0 0 0 79 95 39 0 0 0 0 14 0 0 0 0 0 0 31 0 29 0 0 0 0 0 37 0 0 0 0 0 83 0 0 0 0 0 0 0 48 64
0 0 0 0 0 0 0 21 0 0 94 0 0 0 0 0 0 0 0 0 9 84 0 0 0 0 0 0 0 24 0 0 44 0 0 0 0 35 0 0 0 0 34 0 0 0 0 0 80 0 84 48 0 93 84 71 0 0 0 0 0 0 0 62 0 0 0 0 0 0 0 0 0 22 0 10 0 0 0 0 0 0 0 0 0 0 0 0 0 62 5 0 0 38 7 0 29 0 0 0
0 0 0 0 0 0 0 71 49 0 0 67 0 0 0 73 18 0 0 0 0 0 0 0 95 20 0 0 0 64 0 0 0 0 99 52 0 0 0 0 91 0 0 38 0 0 0 87 4 0 0 0 0 47 0 0 53 0 0 21 0 0 0 0 0 0 92 68 0 97 0 0 0 0 0 0 0 31 0 0 0 0 91 0 97 0 87 0 0 0 0 0 0 0 64 0 0 0 0 0
0 0 73 70 0 0 92 0 47 74 81 0 0 0 0 0 9 0 0 0 0 0 0 0 0 0 0 0 0 0 0 0 51 0 0 0 0 0 0 0 0 0 0 0 0 90 74 0 0 0 0 47 65 7 14 0 53 15 0 0 4 0 0 66 44 0 0 55 23 0 0 0 0 0 29 49 0 0 23 0 0 0 0 0 0 0 0 0 0 0 24 0 0 0 42 0 0 0 73 0
6 0 0 0 79 52 38 0 12 0 0 10 0 0 78 0 0 0 75 0 0 0 25 15 81 0 0 0 0 0 0 60 0 0 0 0 0 72 82 0 0 79 0 0 32 0 0 0 98 0 0 0 0 76 0 40 0 0 0 0 81 0 0 0 4 63 0 0 0 36 0 0 0 0 0 66 0 0 0 0 0 23 0 0 30 0 0 0 5 38 23 0 0 0 72 0 0 74 16 0
0 0 0 0 0 0 0 0 3 0 0 0 36 0 20 0 75 0 0 29 0 0 0 91 55 97 0 0 34 0 0 0 0 0 0 0 35 8 0 0 0 0 15 0 0 45 0 0 0 33 0 0 0 0 0 0 0 0 0 40 0 7 0 0 0 0 90 0 0 0 0 0 0 0 57 0 0 54 0 0 0 0 0 98 0 0 0 0 0 0 0 0 0 0 0 0 65 76 0 21
0 0 0 0 0 0 0 77 0 0 0 0 0 56 0 1 14 0 0 0 0 0 0 40 0 0 0 79 0 0 0 0 0 0 0 88 0 90 89 21 0 0 90 0 0 0 8 0 58 24 0 73 0 0 83 0 66 0 0 0 0 16 0 0 61 0 0 0 67 0 0 0 7 0 0 0 0 0 0 0 0 0 37 0 0 0 54 0 0 0 0 25 0 85 0 0 85 0 0 0
98 0 0 0 48 0 0 0 0 35 0 0 95 91 62 34 0 0 0 0 0 0 88 0 0 13 100 75 69 18 0 0 0 0 0 0 0 79 0 0 0 0 0 0 0 0 0 0 0 0 0 0 0 0 0 0 0 0 0 98 0 0 0 0 21 0 0 0 0 0 0 0 0 0 7 0 0 0 0 21 0 0 0 0 0 0 0 0 0 0 64 0 0 49 0 60 0 0 0 0
0 0 0 0 0 0 44 70 51 0 0 0 0 0 0 0 0 0 0 0 0 0 96 0 0 0 0 0 0 0 67 0 0 0 20 0 0 80 0 0 0 82 1 0 77 0 0 0 0 50 86 0 0 16 0 0 0 76 81 88 0 0 23 0 0 7 0 0 0 0 0 0 0 47 0 0 93 0 0 33 0 0 0 80 0 0 0 0 0 0 23 0 0 0 24 0 0 30 0 16
0 17 0 0 0 0 81 0 0 78 0 51 0 44 0 0 0 43 0 0 0 36 0 48 0 0 66 0 5 0 0 0 0 0 0 0 0 0 0 36 0 74 0 0 47 0 0 0 93 0 0 0 0 0 0 0 0 0 0 28 91 14 0 38 0 70 0 0 0 0 0 0 0 0 0 0 62 89 0 0 0 72 0 0 0 0 0 0 0 39 0 0 0 0 61 0 0 0 0 9
44 37 0 0 0 0 0 0 0 0 7 0 0 61 0 0 0 0 0 91 0 0 21 0 0 0 0 0 0 27 14 0 0 56 0 0 0 0 0 0 0 0 0 0 0 72 0 0 0 0 0 0 0 0 0 0 0 0 0 0 0 0 0 0 0 0 0 30 0 0 0 0 0 0 0 0 36 0 0 0 0 0 0 0 10 0 0 0 0 0 0 0 0 42 0 46 0 0 0 0
0 90 0 77 42 0 0 10 0 35 0 100 0 0 0 0 0 97 0 0 0 0 0 84 45 0 45 41 0 0 0 0 98 0 0 0 70 0 0 0 0 0 0 0 0 0 0 63 0 0 0 0 0 0 15 0 0 0 0 0 0 0 0 0 0 0 0 80 0 0 0 0 0 0 0 0 90 0 33 0 0 0 0 0 0 0 0 0 62 75 82 0 30 49 0 0 0 41 0 0
0 0 0 0 0 56 0 0 0 10 4 59 0 0 0 0 0 0 0 0 0 28 0 33 0 0 0 0 58 0 0 0 0 75 0 0 12 0 39 0 0 0 0 0 0 0 26 35 36 0 99 0 19 0 0 0 0 0 45 0 0 59 0 0 0 0 0 0 79 0 34 91 14 9 56 0 38 81 0 41 0 0 0 60 0 0 0 0 0 0 0 14 0 88 0 0 68 0 0 0
34 0 0 75 0 80 0 29 0 0 0 0 0 0 56 0 34 0 0 0 0 0 0 0 0 0 43 0 0 56 29 0 24 0 9 0 5 0 0 0 0 0 0 97 37 0 0 0 62 0 92 0 6 85 0 0 0 25 0 49 74 0 0 0 54 0 0 0 0 0 0 0 0 0 4 0 0 0 0 0 0 0 0 0 0 0 0 0 0 63 0 0 0 0 50 0 0 0 0 0
0 0 79 79 0 0 0 0 0 0 0 86 0 0 0 0 0 0 32 0 0 0 0 50 72 97 0 0 86 0 0 0 0 95 0 0 0 0 0 0 0 12 0 0 0 20 0 12 0 0 0 0 0 0 0 78 0 33 0 0 0 0 0 0 11 0 0 0 0 66 0 0 0 0 87 0 0 0 0 0 0 0 0 57 37 0 0 0 0 73 0 0 0 0 10 0 0 0 0 0
0 0 0 27 45 0 62 22 0 0 0 0 0 0 68 46 0 74 0 0 56 0 37 0 0 0 0 0 0 0 0 34 0 0 0 0 35 0 0 0 0 59 0 0 0 67 0 0 0 0 0 0 0 0 0 0 0 0 0 88 40 82 0 0 0 0 0 0 0 0 0 0 0 12 72 0 0 39 54 0 0 32 0 61 0 0 0 74 0 0 3 0 0 72 0 0 0 0 0 64
34 95 0 0 0 0 0 0 0 0 0 0 0 0 0 0 0 59 0 0 0 0 0 0 0 37 0 0 0 33 0 0 0 31 50 0 0 0 62 0 0 0 0 0 0 0 0 50 44 0 0 0 0 0 0 0 0 0 0 0 0 0 89 39 0 40 35 0 0 0 69 0 0 6 63 0 2 0 0 54 0 0 0 0 0 0 0 0 0 0 0 66 0 0 0 0 0 0 33 0
0 13 0 0 0 0 0 66 86 0 0 0 0 40 0 0 0 0 0 0 0 0 0 0 73 0 62 56 0 27 0 0 0 0 0 0 0 56 0 0 0 0 0 46 0 91 0 0 35 0 0 0 0 31 0 0 0 0 41 0 4 0 0 0 22 0 0 0 0 0 48 0 0 0 0 94 0 0 0 0 0 0 0 0 0 0 0 0 0 99 0 45 0 0 0 0 0 0 0 0
54 0 0 0 0 63 0 0 0 0 37 0 0 0 0 0 0 0 10 24 0 0 0 0 0 0 0 0 79 0 0 0 0 0 67 0 0 0 0 0 0 0 0 0 32 0 0 0 65 0 0 81 98 91 0 0 0 0 0 59 0 0 0 9 0 0 13 0 0 0 0 0 0 0 0 83 0 0 59 0 0 0 0 0 0 0 0 0 0 0 0 0 71 99 0 6 81 67 0 0
77 0 0 0 0 55 0 0 0 0 0 0 0 10 0 0 0 0 0 94 0 36 0 0 75 0 57 0 0 0 0 0 0 0 0 0 0 0 47 0 0 0 68 0 0 0 0 0 0 0 58 0 0 0 0 0 0 0 0 0 84 82 12 0 0 0 0 0 0 0 0 27 28 0 0 66 0 10 0 0 94 0 31 0 31 0 0 0 0 0 22 0 0 0 0 0 0 0 0 0
10 59 91 64 0 0 51 0 0 0 0 0 0 0 0 85 35 0 0 0 0 0 0 0 0 0 85 0 0 0 0 0 98 0 0 0 0 0 0 0 0 0 0 0 0 0 0 0 0 33 0 84 26 0 8 74 0 0 0 72 36 0 0 0 0 0 0 0 0 53 0 98 0 6 0 0 0 70 70 21 0 0 0 0 66 0 0 0 0 11 28 0 0 0 0 0 32 0 39 66
0 0 68 0 0 0 1 0 0 0 46 0 0 0 0 0 0 0 0 0 0 4 0 0 0 0 0 0 0 0 91 85 0 0 0 0 0 0 0 0 0 0 17 0 0 0 0 62 0 0 0 43 66 0 0 0 63 0 0 0 0 0 83 0 0 0 0 0 0 0 87 93 37 0 23 0 0 58 0 0 0 94 0 0 14 0 0 0 0 20 74 0 89 0 0 0 0 0 0 0
0 0 0 0 86 0 0 0 0 66 0 0 32 0 0 54 0 0 0 0 83 0 0 48 46 0 50 0 0 0 16 0 46 0 21 0 0 0 0 0 0 0 0 0 0 0 0 92 0 0 0 0 0 0 0 0 0 0 0 0 0 45 32 1 0 0 0 0 0 99 0 0 0 71 0 98 0 0 0 0 0 0 58 0 0 0 0 0 0 0 0 0 0 0 0 0 0 0 0 87
4 0 44 0 0 0 0 0 0 0 96 100 37 0 0 0 0 4 83 0 57 0 0 0 33 0 0 0 0 0 0 0 0 0 59 72 0 45 0 0 27 89 0 73 0 0 0 0 0 0 89 38 30 0 0 0 74 0 0 0 0 0 26 0 0 0 0 0 0 0 0 0 0 0 0 12 0 0 0 0 12 0 0 0 0 0 0 96 0 0 84 0 0 0 86 0 0 0 0 0
0 0 0 0 0 0 0 87 0 0 57 0 47 36 0 0 0 0 0 0 0 0 22 0 0 0 12 0 0 0 0 0 9 63 0 0 0 0 90 0 0 0 92 31 0 0 60 0 0 0 81 15 0 0 0 26 47 0 0 18 0 0 0 84 0 0 0 0 0 0 78 0 0 85 0 0 18 0 63 0 33 0 0 82 0 0 17 0 0 0 0 0 0 94 0 0 0 0 0 0
0 30 0 0 0 13 0 0 0 0 52 0 0 27 0 0 0 76 0 0 0 0 0 0 69 85 0 0 0 0 24 0 0 0 55 0 0 0 65 0 0 0 0 0 0 0 0 0 73 0 73 0 0 0 0 0 0 0 0 42 22 0 0 22 0 24 0 0 0 0 0 0 87 0 29 0 78 0 29 0 0 53 29 0 61 17 0 21 0 0 0 88 0 0 0 0 0 0 0 43
0 0 0 0 0 0 0 17 0 0 0 0 0 0 38 0 0 0 0 0 35 0 0 0 44 0 86 0 0 0 0 0 0 0 0 0 0 0 0 0 35 0 0 0 0 0 99 0 0 0 0 44 0 0 84 0 0 0 0 0 0 0 29 28 0 0 0 25 0 35 0 0 0 70 0 66 0 0 0 18 0 0 0 0 0 0 0 86 0 0 0 0 57 0 64 0 0 0 0 0
0 0 0 0 16 0 78 0 0 26 31 0 30 0 0 86 0 24 37 0 0 84 0 0 75 0 0 0 0 0 0 83 0 0 0 0 30 0 0 0 0 0 0 0 0 0 11 0 0 0 0 0 82 0 0 0 0 18 0 59 0 46 80 67 17 0 0 0 0 0 0 0 0 2 0 0 40 0 0 0 0 0 0 67 0 66 0 0 67 0 0 46 26 0 87 71 83 0 60 0
0 0 64 0 0 0 0 78 0 0 58 0 0 0 60 0 0 50 68 96 0 0 10 0 0 62 0 0 17 0 0 0 91 0 0 20 22 68 0 0 39 0 0 0 0 0 0 0 0 49 28 0 0 3 0 39 66 0 0 0 0 0 0 0 64 0 0 0 0 0 0 0 0 22 0 0 0 0 0 0 26 0 0 0 0 0 0 0 98 0 0 37 0 0 0 0 0 24 0 0
0 0 0 0 0 0 0 0 0 0 60 0 0 0 60 0 0 99 0 0 88 0 0 0 0 0 0 0 91 0 0 0 0 0 0 85 0 0 0 0 0 0 0 42 99 23 0 27 0 0 0 0 53 0 100 0 0 0 77 0 62 0 0 0 0 0 0 77 0 91 0 81 38 31 0 0 0 0 0 44 96 0 0 0 0 0 92 0 0 0 0 52 0 0 0 0 99 59 61 0
0 0 97 0 0 0 0 0 0 9 0 0 0 0 0 0 0 0 0 0 0 61 15 0 0 0 77 83 0 0 0 0 0 0 0 0 30 49 0 0 0 0 0 0 0 0 0 0 0 18 0 0 31 0 26 0 0 0 0 0 32 27 82 0 32 85 0 0 0 0 0 0 0 0 0 82 0 0 0 48 0 0 85 0 0 0 61 81 0 5 51 0 17 0 0 0 96 0 0 0
0 0 0 0 0 0 0 0 77 0 0 2 0 0 0 0 79 0 0 0 0 0 37 0 0 0 67 0 0 0 20 0 0 0 0 0 0 0 0 0 0 0 97 0 87 95 0 97 0 43 0 70 48 0 0 0 35 0 0 0 0 0 0 0 0 0 0 0 26 0 0 0 0 0 68 0 0 0 0 95 0 0 0 0 0 50 0 0 0 81 0 13 29 0 59 0 0 0 0 0
0 0 90 0 0 0 0 0 0 0 0 0 0 0 0 0 0 0 0 84 0 0 0 0 0 0 0 0 0 0 0 0 0 0 0 0 0 6 70 22 0 0 75 23 0 0 0 0 0 0 0 0 81 0 0 0 0 0 0 0 0 0 28 0 0 0 0 57 0 83 0 0 52 52 0 0 0 92 85 0 0 0 91 0 0 54 91 0 0 4 0 25 0 0 0 0 0 12 0 87
0 0 89 0 0 0 0 0 33 39 0 0 0 10 0 0 27 87 0 0 0 38 0 0 58 88 0 0 0 0 28 98 0 0 0 0 0 94 0 0 0 19 98 0 0 51 65 49 23 0 0 0 0 0 29 0 0 54 40 0 0 0 0 0 38 0 0 0 0 0 0 0 0 0 0 0 0 43 0 0 0 0 0 0 0 0 0 23 0 0 0 6 0 0 0 99 13 96 0 70
30 0 0 0 0 0 0 0 0 61 0 0 0 10 0 0 0 0 0 0 0 0 0 0 0 11 0 44 0 0 0 0 0 7 0 0 0 69 0 0 0 6 0 0 95 0 0 10 0 0 0 0 77 0 24 0 0 0 0 0 0 0 0 0 0 0 49 0 0 0 0 0 0 35 0 0 0 58 0 0 0 0 0 74 0 0 0 0 0 0 55 29 60 0 0 0 7 0 20 0
0 0 85 0 0 0 0 0 0 0 0 0 0 0 0 0 0 0 0 49 0 80 0 0 71 0 0 0 0 0 0 0 0 22 0 20 0 0 0 53 0 0 0 0 0 0 0 39 0 37 0 2 85 0 0 0 31 0 0 0 0 0 72 0 0 91 79 0 0 0 82 61 0 0 13 0 26 0 82 13 0 0 0 0 0 0 62 0 0 0 81 0 0 0 0 0 0 30 0 55
0 0 0 0 0 0 0 0 0 0 0 0 0 0 0 0 0 95 88 0 0 0 42 0 45 0 39 0 0 0 0 77 67 0 43 0 0 18 0 0 0 0 0 79 0 0 0 0 0 4 0 70 0 0 0 0 0 0 0 0 0 0 0 60 0 0 0 80 0 0 54 0 0 0 0 0 0 42 74 0 0 0 0 0 87 0 0 0 0 83 0 0 0 0 0 35 0 0 0 28
0 0 0 8 14 0 0 0 0 0 0 0 22 0 8 0 0 0 0 77 0 0 22 0 0 22 0 0 52 0 0 9 43 0 0 0 0 0 0 0 63 83 0 0 0 55 0 0 0 0 0 0 16 0 0 0 0 0 0 0 0 50 0 0 0 0 0 0 46 82 0 0 0 0 0 30 100 0 0 0 60 0 0 0 0 0 0 70 0 0 0 77 0 0 0 0 0 0 0 0
0 0 31 17 0 0 98 0 45 46 67 0 0 0 0 0 0 24 0 98 39 29 98 0 0 0 0 0 22 99 86 0 51 0 0 0 0 0 0 0 0 0 0 0 0 67 0 25 52 0 0 0 82 0 0 0 19 3 0 0 0 0 0 0 69 0 0 67 0 0 0 0 0 0 55 67 0 0 64 76 0 16 0 0 0 0 0 0 0 0 10 0 16 0 0 0 0 0 0 0
0 0 97 0 0 0 0 38 0 0 42 0 0 0 0 0 0 0 0 86 0 83 0 0 0 0 0 46 6 0 0 12 41 21 61 0 0 39 0 8 0 0 0 0 29 0 0 0 0 26 0 0 0 0 0 78 61 0 0 86 0 51 0 0 0 0 64 0 0 0 0 0 0 0 0 0 0 0 0 24 0 0 1 39 0 0 0 0 0 71 0 0 0 94 0 0 0 0 45 0
0 0 0 0 0 4 0 0 0 73 0 0 0 0 0 0 81 0 0 0 0 0 89 0 35 0 0 0 0 56 0 1 0 0 0 0 0 0 36 8 0 52 98 0 0 0 80 0 0 0 0 0 46 0 0 0 0 0 0 0 36 0 0 59 0 0 0 0 55 92 0 0 0 37 99 0 0 0 0 0 0 0 43 73 0 0 0 0 0 0 0 0 0 0 0 0 0 0 0 0
0 29 0 0 0 0 77 90 0 0 0 0 0 70 0 60 0 0 62 97 0 0 0 0 0 0 0 0 50 0 3 45 79 0 0 0 0 0 27 5 0 78 0 0 0 0 0 0 0 0 0 2 60 0 28 0 0 0 0 0 3 0 0 0 0 0 0 0 0 21 0 15 57 0 96 0 10 0 69 0 0 7 0 0 0 12 0 0 0 0 39 17 0 0 57 0 0 0 0 0
0 12 65 0 0 0 0 0 0 81 16 0 0 33 0 0 0 0 58 0 0 98 54 0 0 0 34 0 0 86 0 97 0 0 0 0 46 0 0 0 52 61 0 0 0 0 0 0 0 0 0 0 0 0 38 10 8 0 0 0 0 0 0 63 12 13 0 0 0 0 63 0 38 16 0 19 0 0 58 0 0 0 0 0 0 0 0 0 0 0 40 98 71 0 61 0 0 0 0 0
0 0 43 84 0 0 0 0 0 0 0 0 0 0 0 0 0 0 0 0 0 0 0 100 96 0 0 0 0 0 0 0 63 0 45 0 0 0 0 0 40 0 0 0 28 0 50 0 0 0 0 0 0 0 0 25 0 42 0 77 0 0 0 0 0 0 0 0 0 0 0 0 0 0 0 0 0 0 0 0 0 0 76 73 1 0 0 0 0 0 0 0 23 0 0 60 0 6 0 0
0 41 77 83 61 0 0 0 40 0 0 0 3 0 0 0 0 0 0 0 0 0 0 0 51 0 0 74 0 1 0 0 90 0 0 0 17 0 56 0 89 0 0 0 0 0 0 0 0 0 0 0 0 0 0 76 0 0 0 0 0 0 0 0 0 0 0 85 31 4 0 0 22 0 0 0 0 0 0 0 86 0 0 32 0 25 0 0 97 0 0 83 0 0 89 0 0 0 65 0
5 46 6 93 0 0 0 18 0 0 0 27 0 0 78 33 0 39 0 75 0 0 0 0 0 0 0 0 0 0 0 0 0 0 0 0 0 0 0 0 0 0 0 0 0 100 0 92 0 0 0 0 0 87 20 0 71 8 0 0 0 82 0 0 20 0 0 0 0 0 52 0 21 0 0 0 0 0 0 65 0 0 0 0 0 7 6 37 67 0 0 0 0 0 73 0 50 0 0 0
8 51 0 0 0 0 60 88 13 26 49 48 22 0 84 0 58 16 0 0 0 37 0 0 67 0 68 39 0 0 1 0 99 0 0 0 0 0 0 0 0 0 24 0 0 84 0 0 0 0 0 0 21 5 0 0 97 0 0 0 0 0 0 0 0 0 0 0 0 72 0 81 0 97 0 92 90 0 0 0 0 0 0 51 0 53 0 0 0 0 0 0 0 0 0 0 0 0 0 0
0 0 16 0 69 0 0 0 0 0 0 24 0 0 0 0 71 0 0 0 0 0 0 0 0 0 0 22 14 0 0 0 0 0 0 0 0 0 0 0 0 0 0 0 30 0 0 0 0 0 0 0 0 33 0 0 0 33 0 0 0 0 0 40 0 86 0 0 4 0 0 3 0 0 0 98 0 0 0 0 0 0 0 0 0 0 0 0 26 0 0 0 0 0 0 0 0 0 0 0
13 0 93 24 12 76 0 41 19 0 63 0 0 0 24 0 97 0 0 0 0 0 0 0 0 0 64 0 0 0 0 94 0 0 29 0 0 0 10 87 0 0 0 0 0 0 0 0 1 0 0 0 49 0 0 0 21 0 23 0 2 0 0 0 0 0 5 0 74 0 46 0 0 0 14 14 69 0 0 46 9 0 0 35 10 28 0 0 52 0 0 0 0 0 0 0 0 0 69 0
76 11 0 0 0 93 0 0 0 52 0 0 74 31 0 0 0 96 66 0 0 0 0 0 50 0 0 0 0 0 0 0 0 56 0 98 0 0 53 0 0 0 30 0 0 66 0 39 0 90 45 39 0 0 0 0 0 0 0 0 23 0 0 0 0 0 0 36 0 0 0 0 0 0 0 0 0 0 78 0 0 0 15 0 51 0 0 0 0 0 0 16 0 35 0 0 0 0 0 72
0 0 71 0 97 0 0 0 0 0 80 0 0 0 0 51 0 0 0 0 0 100 0 0 87 0 0 0 0 0 100 0 0 0 39 0 0 49 0 0 0 0 54 0 0 0 72 0 95 0 0 0 0 0 0 44 72 5 0 0 0 55 0 0 0 0 0 38 0 8 29 0 0 0 0 0 0 0 0 0 0 0 0 0 72 0 0 0 42 0 0 0 99 0 0 0 0 0 0 95
0 59 0 0 0 94 0 58 0 0 0 0 0 0 0 99 0 0 0 3 0 0 0 0 0 0 98 0 0 0 0 0 0 0 0 0 0 0 59 86 0 0 0 0 38 94 0 0 0 0 0 0 0 0 68 0 0 0 0 0 8 0 37 0 95 40 57 0 0 44 68 0 69 80 0 0 0 0 0 9 0 0 0 0 0 0 0 0 0 0 0 0 0 0 33 0 0 0 0 71
0 56 0 99 60 0 0 0 0 0 37 57 0 0 0 0 0 0 0 0 0 0 59 0 0 0 0 0 0 0 46 0 0 0 0 0 0 0 65 0 67 52 37 60 0 0 0 0 0 0 0 0 35 0 76 38 0 0 0 0 0 7 0 0 0 58 0 0 0 0 0 0 36 57 0 0 0 95 78 0 92 0 50 0 0 0 0 0 40 0 38 49 0 43 3 72 0 0 0 0
25 0 0 0 31 97 0 0 0 0 0 0 64 0 0 44 0 0 0 0 0 0 0 0 0 0 0 0 0 41 0 0 35 0 0 0 43 0 0 15 0 0 0 0 0 0 0 0 0 0 0 0 0 0 0 0 56 0 0 0 0 0 0 0 0 0 0 17 0 0 0 0 93 52 0 0 42 15 0 0 0 0 0 0 0 0 0 0 0 0 0 0 0 61 0 0 46 0 0 25
0 0 0 1 0 0 0 0 63 0 12 53 0 0 72 93 0 0 0 0 0 99 0 50 0 0 0 0 0 0 83 0 0 0 0 0 0 37 0 0 87 0 53 0 0 0 0 0 0 0 0 0 0 0 26 54 0 0 0 61 0 0 42 0 0 0 0 0 0 0 20 0 0 0 72 0 0 0 0 0 0 0 0 0 51 69 0 0 0 0 64 0 0 0 61 0 0 0 0 0
0 0 0 0 0 0 68 0 0 0 95 0 0 0 89 0 76 93 0 0 33 0 0 34 22 0 0 77 0 74 0 86 0 42 48 0 0 0 26 0 0 95 40 0 30 0 0 0 0 0 0 0 0 0 0 0 31 0 0 0 10 0 0 0 0 0 0 0 0 0 38 0 0 0 0 0 0 0 0 0 0 55 61 54 0 0 0 0 0 0 0 0 0 72 78 0 88 0 45 0
0 0 80 20 0 0 0 0 38 20 0 0 0 35 0 0 55 0 83 48 77 0 0 0 0 0 0 87 0 0 0 69 0 97 40 0 0 93 80 0 0 0 0 99 62 0 0 0 30 94 0 0 0 0 0 0 0 0 42 0 0 0 0 8 0 0 0 0 0 0 0 0 41 0 0 0 26 0 0 11 59 0 82 59 46 0 0 0 0 0 27 11 0 0 0 2 0 0 0 35
0 0 0 0 0 0 0 0 0 0 14 0 0 0 0 0 0 0 67 0 0 0 0 0 32 0 0 0 73 0 0 0 0 0 0 14 100 0 0 0 89 84 0 83 0 0 0 0 0 0 0 0 0 0 0 1 0 0 0 0 0 70 0 51 0 0 59 57 0 0 0 0 0 0 100 0 0 0 0 49 0 0 0 56 0 0 0 0 0 55 19 0 0 48 0 0 75 38 0 0
0 41 0 79 0 0 0 12 0 94 0 0 0 0 0 0 0 0 0 0 0 6 0 56 0 0 0 0 0 0 68 0 0 0 0 46 0 0 0 47 0 0 58 10 0 18 0 0 0 0 0 0 33 42 23 0 0 74 0 0 0 84 0 0 0 50 0 0 25 86 50 0 47 0 0 0 0 0 95 0 0 26 0 17 43 0 0 0 0 0 0 0 0 0 59 0 0 0 77 0
0 0 0 0 0 0 1 6 41 0 7 19 17 0 0 0 0 0 87 0 41 0 0 0 0 0 0 0 0 0 0 0 0 0 9 71 0 0 0 0 37 0 60 65 1 0 0 0 0 0 0 0 0 0 57 89 0 38 0 11 0 0 0 63 72 0 0 99 0 77 0 0 76 0 0 52 0 0 0 0 95 0 0 0 0 0 16 0 0 15 0 0 88 0 0 0 0 20 0 17
0 0 31 0 67 0 0 0 0 0 0 96 0 0 0 0 0 0 32 0 0 0 58 0 22 92 0 0 0 0 0 63 0 0 0 0 0 0 0 23 77 0 85 0 79 0 0 12 0 0 50 0 9 81 0 0 70 0 0 0 0 0 0 0 78 67 28 0 71 0 0 0 38 85 17 51 0 0 47 0 64 0 4 40 0 81 0 0 0 0 0 0 46 28 55 0 90 0 0 0
0 0 0 0 0 60 0 12 0 29 0 0 0 0 0 0 0 0 0 2 0 0 0 23 0 55 0 0 0 11 0 0 0 0 0 0 0 0 62 87 0 0 0 0 0 0 3 0 0 0 0 0 0 2 0 0 0 0 28 0 0 0 39 0 0 0 0 0 50 0 0 0 54 71 0 0 4 0 0 30 0 0 0 0 0 0 0 0 0 0 0 0 0 0 0 43 0 0 0 0
0 0 0 0 97 0 85 55 0 92 0 0 0 0 0 85 0 0 0 0 0 0 0 0 0 64 42 0 14 55 51 0 0 0 0 0 0 0 82 0 0 0 0 73 0 52 55 0 0 0 0 0 0 0 0 0 0 0 7 0 0 17 53 0 0 0 0 0 6 0 13 0 0 0 0 0 0 0 0 0 0 0 93 0 0 0 0 0 8 0 0 0 0 0 34 0 0 48 0 0
0 0 0 0 0 0 9 0 0 10 0 96 0 82 0 0 0 0 76 0 0 27 6 0 83 0 0 61 10 0 0 5 0 0 35 61 0 29 0 0 0 0 67 59 0 0 0 0 0 36 0 0 0 0 0 0 0 0 0 0 0 0 13 66 63 17 76 0 0 0 0 0 0 0 0 0 0 0 50 0 72 0 0 0 0 0 0 85 0 0 0 0 0 0 81 0 0 0 0 0
0 0 0 68 15 0 0 0 15 0 0 0 0 0 0 0 35 0 98 0 98 0 88 0 0 0 78 0 38 0 0 0 0 0 0 0 0 0 0 0 0 37 78 0 0 61 0 0 0 0 16 0 0 0 0 0 0 0 0 0 0 0 0 0 33 0 0 0 0 38 0 69 0 0 87 49 0 0 0 0 0 36 0 14 0 0 0 0 0 50 0 50 0 0 0 0 0 0 36 0
0 0 0 0 0 0 69 0 0 0 76 41 76 0 0 0 0 0 0 0 17 0 54 4 0 71 0 0 0 0 0 73 0 0 0 0 83 0 0 0 0 44 26 0 0 8 0 0 0 0 0 54 0 0 40 45 0 0 0 89 0 0 0 0 0 0 0 0 0 0 0 74 0 75 0 0 0 0 0 0 0 58 0 1 0 0 99 65 62 0 0 0 35 0 0 0 0 0 0 0
0 0 0 0 0 0 0 0 64 0 0 0 20 0 0 42 0 0 0 0 0 0 0 0 4 21 0 0 0 86 0 0 0 0 0 0 99 0 78 0 0 0 16 0 35 4 0 0 29 0 0 0 0 0 0 65 43 0 0 27 54 0 4 44 21 0 0 0 0 31 0 0 0 22 28 0 28 0 0 20 39 0 0 59 0 0 0 0 0 0 61 72 0 0 0 0 0 0 0 0
0 0 0 0 0 0 0 0 32 71 0 0 0 0 0 51 0 50 0 0 4 8 0 0 81 0 0 59 46 0 0 0 0 0 0 0 0 0 0 0 0 0 0 0 0 77 0 0 0 0 0 0 0 0 0 4 0 75 0 0 0 0 0 0 0 0 64 0 0 44 14 0 0 0 0 0 0 0 0 0 0 90 0 0 0 0 0 67 0 0 66 0 0 0 0 0 0 0 0 0
72 0 92 11 0 0 0 0 0 0 0 82 0 0 0 30 0 0 0 0 0 0 79 51 6 0 0 0 0 25 88 0 0 0 0 0 43 0 0 0 0 0 0 0 0 0 0 0 0 0 0 32 65 0 0 0 0 0 74 0 0 92 0 61 0 20 0 0 0 61 0 14 0 62 0 0 0 87 0 0 0 0 64 0 43 0 0 0 0 80 90 0 0 0 0 0 0 0 0 59
0 0 0 98 0 0 0 0 0 0 97 0 26 0 0 0 0 75 0 10 0 0 87 41 24 0 0 0 0 0 0 46 12 0 0 0 0 0 52 0 55 0 0 12 54 0 0 10 0 0 0 0 0 0 0 0 0 32 0 0 72 0 12 0 29 0 0 0 62 0 41 0 29 100 0 0 0 0 0 0 18 6 0 0 21 0 0 0 0 0 89 0 0 0 0 0 10 0 0 0
0 0 30 0 0 52 0 0 0 64 0 0 0 0 14 0 0 0 64 0 0 0 66 66 32 91 0 0 52 0 0 59 22 0 0 0 0 0 5 0 0 0 0 0 0 0 74 0 0 0 18 85 0 0 0 0 0 85 0 0 0 0 55 0 0 0 57 0 0 0 76 0 0 1 0 8 1 0 25 0 0 0 40 0 0 0 0 0 0 0 0 0 68 0 0 0 0 0 0 31
0 0 8 0 0 0 79 52 0 0 100 0 0 0 0 0 0 0 0 67 0 95 0 0 0 8 84 0 0 65 0 0 0 2 91 0 0 0 39 0 0 0 0 91 0 0 0 0 10 0 0 0 0 0 0 0 72 0 0 0 0 0 0 0 0 0 24 0 0 0 0 0 0 0 0 0 0 0 0 52 0 0 0 0 0 0 0 8 0 0 45 62 0 0 0 39 0 0 19 0
0 0 0 0 0 0 0 0 0 73 38 0 0 0 0 0 0 0 18 0 0 0 61 0 0 0 0 0 0 0 0 0 0 0 45 15 0 0 0 0 27 0 33 0 0 0 0 0 49 0 60 0 0 0 0 0 0 1 32 0 0 12 0 0 0 0 65 51 81 12 0 0 0 99 87 0 0 0 0 0 0 0 0 0 0 8 0 0 0 0 0 89 93 0 0 52 0 0 0 0
0 0 0 0 28 0 93 0 66 0 85 77 0 0 0 83 0 0 0 0 0 0 57 0 60 1 0 0 0 0 92 62 0 0 0 0 0 0 0 52 0 0 0 0 0 0 0 0 0 0 31 20 0 0 0 0 44 0 0 0 0 0 26 0 0 16 0 57 35 0 0 0 0 98 0 0 0 0 0 62 0 81 11 0 0 0 0 0 0 71 0 0 0 47 0 24 0 0 0 0
5 0 0 0 0 0 0 0 0 0 70 0 0 0 0 0 0 70 0 0 0 0 0 0 0 36 0 0 0 0 87 0 0 0 0 0 0 92 0 0 0 0 0 7 57 0 63 0 0 0 0 0 0 47 0 0 0 45 0 17 0 0 0 0 0 0 0 92 0 25 0 0 0 0 0 0 0 0 0 0 0 56 0 0 20 0 0 33 0 0 65 0 0 0 0 19 0 40 0 0
0 0 0 19 26 0 7 0 0 24 50 16 0 0 0 44 0 0 0 63 0 0 0 0 0 0 0 0 20 0 0 0 2 0 0 11 0 0 0 0 93 69 0 0 0 0 0 0 0 72 12 85 0 0 0 49 0 0 0 0 0 0 0 0 0 1 0 7 0 0 0 0 1 0 0 0 0 0 0 0 0 0 79 9 0 0 0 0 1 0 0 5 0 0 0 0 0 0 0 69
0 0 0 0 0 0 98 0 0 0 0 0 0 0 0 94 0 0 0 0 55 0 0 0 0 0 11 0 0 0 0 53 0 0 38 0 0 0 0 0 0 0 0 0 80 24 0 0 59 0 3 91 0 0 0 0 0 53 0 0 21 0 0 0 0 0 0 0 0 0 0 0 0 0 0 0 0 0 0 3 17 0 36 0 0 36 0 0 21 0 54 0 0 0 0 100 0 0 96 0
0 24 16 0 0 0 0 0 0 8 0 35 0 19 0 34 37 53 0 0 95 0 0 0 0 0 0 0 0 0 0 16 0 0 0 0 92 0 6 0 0 0 0 0 0 55 0 0 0 0 0 0 0 0 91 67 25 99 0 0 0 0 0 0 0 0 0 79 0 0 0 0 0 63 0 27 61 27 85 52 0 0 0 42 0 0 0 43 0 0 49 0 0 18 0 0 0 89 0 71
29 0 82 0 0 0 0 40 0 40 7 0 46 0 0 0 0 0 0 29 0 0 100 0 0 0 0 0 0 73 0 0 41 0 27 79 0 0 50 0 14 56 0 4 0 0 0 0 27 0 30 0 40 0 0 0 0 8 37 75 0 83 0 0 0 88 0 0 0 0 0 53 78 0 59 0 0 0 41 0 0 0 0 36 0 40 0 52 0 0 0 42 0 0 0 0 0 0 0 45
0 0 0 0 0 0 0 0 0 0 0 0 0 0 61 0 45 0 0 0 0 0 0 0 92 0 0 0 98 0 0 0 0 0 0 75 0 0 0 88 0 0 0 70 32 0 0 0 0 0 0 0 0 0 0 0 66 0 20 25 0 0 0 0 0 59 89 100 0 21 0 87 49 0 0 0 0 0 0 0 0 0 0 24 0 0 19 0 0 3 0 0 0 0 0 0 0 0 0 82
0 87 0 2 0 2 57 0 67 0 48 0 0 85 0 0 0 0 0 0 0 0 0 0 0 0 0 0 0 0 0 61 0 0 80 0 0 94 23 0 0 0 0 0 0 0 84 0 0 64 0 0 67 0 0 0 0 0 69 0 0 0 0 0 0 0 0 0 0 0 77 0 98 0 28 0 0 0 15 98 0 0 0 0 97 0 0 72 68 0 0 0 96 0 0 33 0 0 42 0
8 0 41 0 77 0 41 0 0 9 34 0 38 0 0 57 0 0 0 0 0 0 28 96 0 95 96 0 0 5 0 0 0 0 68 0 34 0 0 0 0 0 63 0 0 0 30 0 0 0 0 0 81 30 0 0 0 0 0 0 0 0 0 0 0 0 0 0 0 0 0 0 0 0 0 0 0 0 0 0 0 12 0 0 0 0 0 0 0 0 0 0 47 0 0 54 77 0 54 73
0 0 71 0 0 27 0 0 0 53 70 63 0 0 0 94 0 0 0 0 0 0 0 0 0 20 0 0 0 0 33 100 0 0 0 0 0 62 48 0 0 0 0 0 5 0 0 0 80 0 12 0 3 0 0 0 0 90 0 0 0 8 0 96 0 30 0 0 73 0 0 28 70 0 73 0 6 0 0 0 0 0 0 0 0 0 0 0 0 0 88 62 0 0 0 0 0 0 0 0
0 0 0 0 98 0 0 0 100 0 0 0 5 0 0 0 0 0 69 0 0 0 0 100 79 0 0 0 34 0 0 0 0 0 21 0 21 46 0 0 0 0 0 0 0 0 0 0 0 90 56 0 16 0 78 0 0 35 31 0 84 0 8 66 0 0 0 0 0 0 63 0 0 57 0 0 0 0 0 0 0 0 51 0 0 0 0 0 0 0 57 0 0 38 0 23 65 0 0 0
0 51 81 0 0 100 0 0 0 0 0 0 0 0 0 59 0 0 0 0 0 0 30 0 0 0 8 0 0 0 0 0 15 0 0 0 0 0 0 0 0 0 42 0 0 25 0 0 0 0 0 0 76 11 0 0 0 0 0 0 0 0 0 0 0 67 0 0 8 67 0 0 0 0 0 0 0 0 0 93 0 0 0 0 0 0 0 0 48 0 0 34 0 0 0 24 0 0 0 60
0 0 34 0 0 30 0 0 0 0 0 0 61 0 0 41 0 0 0 0 0 0 0 0 0 0 76 80 0 0 0 0 0 0 0 0 0 22 0 0 0 0 0 0 0 0 0 0 0 0 0 0 93 0 13 81 0 0 0 0 94 0 0 0 0 46 0 0 0 0 0 0 0 91 0 16 0 69 0 0 0 62 0 0 0 0 0 86 0 0 0 0 0 0 0 0 0 75 0 0
0 0 0 22 0 0 0 4 0 0 0 0 0 0 0 0 45 0 0 0 57 0 0 28 0 0 79 0 23 0 0 0 0 0 0 0 0 54 0 0 0 0 0 0 69 0 0 0 0 21 0 77 69 0 73 0 60 0 0 0 0 0 71 18 0 21 49 0 42 0 50 0 0 0 0 49 32 80 14 0 0 0 0 65 0 0 14 12 0 0 0 0 0 0 88 0 0 0 0 0
0 0 0 2 0 0 0 43 0 0 0 0 0 15 0 0 0 0 0 18 0 0 0 0 0 0 0 0 0 0 0 0 0 0 0 0 73 0 0 0 28 0 0 61 70 78 44 1 100 0 63 91 78 0 0 0 0 0 0 68 0 0 54 0 73 0 0 0 0 0 0 0 0 0 2 0 0 0 0 0 0 0 0 0 0 14 93 0 0 0 58 0 78 0 0 0 0 0 0 30
0 93 0 0 25 0 84 0 0 0 0 0 53 55 72 0 0 0 0 0 0 0 32 0 0 0 0 14 83 0 0 0 0 0 86 0 0 0 43 0 0 0 0 0 0 0 0 48 24 0 0 27 0 23 0 3 72 0 0 0 65 0 0 0 5 0 67 61 0 0 0 75 0 0 0 0 0 0 0 0 0 0 71 97 0 0 0 0 0 0 0 0 0 33 0 0 0 30 0 74
0 39 0 0 0 0 0 50 0 0 0 0 0 0 0 0 0 57 0 0 0 0 79 0 44 0 0 0 0 0 0 0 0 6 0 0 29 0 0 0 0 0 0 0 0 0 0 0 0 0 0 21 0 16 0 95 0 14 58 0 0 0 0 6 0 0 0 0 0 0 46 0 0 0 38 0 0 37 0 0 0 0 0 0 77 0 82 0 0 0 0 61 0 0 0 47 0 0 0 0
0 0 0 86 86 0 37 0 0 73 43 0 0 0 0 0 0 0 0 0 21 0 0 0 0 0 0 36 0 0 0 14 0 60 0 0 0 10 0 0 0 0 0 0 0 0 0 0 25 0 0 0 0 0 81 0 16 0 0 0 50 0 0 0 99 0 0 48 0 76 0 0 0 88 0 94 0 50 57 0 37 0 0 0 38 0 21 72 0 0 0 57 44 0 0 0 0 0 0 10
0 33 10 0 28 0 0 95 0 0 0 0 5 19 35 0 0 0 0 0 0 0 0 80 0 42 0 0 0 60 0 0 0 0 0 0 0 0 0 0 0 0 0 0 31 0 15 80 0 0 0 0 0 0 0 0 0 0 0 0 60 0 0 0 0 0 97 0 0 0 0 0 0 0 28 0 0 0 0 0 0 83 0 0 0 0 0 20 2 0 35 0 0 0 0 0 84 0 0 0
21 0 0 0 0 0 0 0 0 91 22 0 41 33 0 96 83 95 0 0 60 27 0 0 0 0 47 0 0 0 0 70 36 0 0 0 0 0 0 0 0 0 0 0 0 0 68 0 0 0 42 66 0 0 0 0 36 29 0 0 0 0 0 0 0 0 0 0 80 0 0 0 0 44 0 24 16 0 81 0 0 0 0 32 0 0 0 34 42 0 51 0 0 0 51 0 0 0 24 0
0 0 0 0 44 0 73 47 0 0 0 73 4 0 0 0 95 21 0 0 73 0 34 0 0 0 0 0 0 65 0 0 46 88 0 0 0 0 0 46 0 0 0 56 30 0 0 0 0 0 0 14 26 0 0 33 0 0 52 0 0 0 29 0 44 88 0 0 0 0 0 0 0 0 0 0 0 0 0 0 0 0 0 0 0 0 0 0 0 51 67 0 0 0 0 0 0 0 0 0
0 0 0 0 0 0 0 0 0 36 0 0 85 0 0 32 0 0 26 9 0 0 0 0 0 0 99 0 0 0 20 0 0 0 0 0 0 43 0 44 17 0 0 0 0 0 0 0 0 0 17 0 42 80 0 94 0 0 0 0 0 0 0 0 0 0 1 0 0 0 0 0 0 0 0 0 0 30 0 0 0 0 0 53 18 0 0 0 0 0 0 29 0 40 0 0 82 0 35 0
0 96 0 0 0 87 25 0 0 0 0 0 0 0 0 0 5 0 0 0 0 0 0 0 0 0 0 0 0 0 0 0 73 53 0 0 0 0 0 65 65 0 0 0 0 0 0 82 0 0 0 64 58 0 0 5 5 17 14 0 82 2 0 25 0 0 91 0 0 0 75 2 26 0 0 5 0 0 0 0 21 0 0 0 11 0 0 0 0 0 0 44 0 0 0 58 24 0 0 97
0 27 49 0 0 41 0 0 0 0 95 0 0 0 2 21 0 0 0 0 0 0 18 0 34 95 43 0 96 0 62 0 5 2 0 33 0 29 0 0 0 0 0 0 14 0 0 0 9 0 0 4 0 0 0 0 31 0 0 0 74 0 0 0 6 0 0 0 88 0 0 0 26 0 0 0 0 15 0 28 13 0 0 0 0 0 0 0 73 0 12 0 0 0 0 0 0 29 0 0
0 0 0 70 0 0 91 0 0 0 38 0 0 0 0 59 0 0 0 46 0 5 0 0 0 0 0 0 32 82 0 0 6 91 0 0 0 0 0 71 0 0 0 0 0 0 0 0 0 0 0 20 0 0 37 0 32 0 0 15 0 0 0 0 0 0 0 0 0 58 0 0 55 0 0 0 0 0 98 15 0 0 0 0 0 0 0 7 51 0 0 0 0 0 0 0 75 0 0 0
97 0 0 0 0 0 0 0 0 99 0 94 0 0 0 86 0 0 0 0 73 0 0 0 0 0 50 2 25 0 0 0 0 0 5 0 0 0 0 0 0 0 0 0 41 15 0 98 0 0 72 0 0 26 0 0 0 0 0 38 0 0 0 0 18 0 15 0 0 0 0 0 0 76 0 89 0 0 28 0 9 0 0 0 63 0 0 79 48 0 79 100 0 0 46 0 0 0 0 0
0 0 0 0 0 0 66 41 87 21 0 0 0 18 0 0 0 0 0 0 92 14 0 0 0 8 0 0 0 0 0 0 0 0 0 0 10 69 0 0 0 50 0 0 0 33 0 95 73 0 51 0 0 0 0 0 0 0 0 0 0 0 0 0 0 34 0 0 0 0 0 0 0 13 88 86 0 99 0 0 86 0 97 26 0 27 5 0 21 0 0 9 0 0 39 0 0 47 0 0
0 15 0 0 77 0 0 0 0 0 0 0 0 0 0 0 0 30 0 0 0 49 0 0 0 0 0 0 54 60 38 56 0 97 29 0 0 14 0 29 0 0 0 0 0 0 0 43 0 77 0 0 0 50 0 0 0 0 0 0 0 0 12 78 14 0 0 0 0 81 0 0 0 0 0 0 7 0 19 0 0 0 0 0 13 0 0 0 0 0 27 0 0 0 0 0 0 0 20 54
0 0 0 0 0 0 0 76 0 0 63 0 0 0 0 0 0 0 0 0 98 47 0 0 0 0 0 0 0 50 0 0 1 0 0 0 0 75 0 0 0 0 23 0 0 0 0 0 41 0 98 57 0 95 3 43 0 0 0 0 0 0 0 86 0 0 0 0 0 0 0 0 0 57 0 27 0 0 0 0 0 0 0 0 0 0 0 0 0 51 3 0 0 59 42 0 11 0 0 0
0 0 0 0 0 0 0 98 9 0 0 34 0 0 0 86 91 0 0 0 0 0 0 0 100 22 0 0 0 50 0 0 0 0 27 27 0 0 0 0 98 0 0 75 0 0 0 48 91 0 0 0 0 15 0 0 5 0 0 53 0 0 0 0 0 0 38 19 0 92 0 0 0 0 0 0 0 40 0 0 0 0 62 0 1 0 69 0 0 0 0 0 0 0 44 0 0 0 0 0
0 0 66 14 0 0 45 0 92 70 63 0 0 0 0 0 49 0 0 0 0 0 0 0 0 0 0 0 0 0 0 0 64 0 0 0 0 0 0 0 0 0 0 0 0 39 60 0 0 0 0 12 53 1 35 0 52 10 0 0 36 0 0 16 10 0 0 65 55 0 0 0 0 0 31 54 0 0 5 0 0 0 0 0 0 0 0 0 0 0 62 0 0 0 65 0 0 0 5 0
59 0 0 0 62 100 28 0 86 0 0 21 0 0 66 0 0 0 25 0 0 0 36 5 67 0 0 0 0 0 0 66 0 0 0 0 0 30 3 0 0 86 0 0 61 0 0 0 63 0 0 0 0 38 0 43 0 0 0 0 57 0 0 0 59 75 0 0 0 5 0 0 0 0 0 26 0 0 0 0 0 8 0 0 80 0 0 0 59 42 12 0 0 0 45 0 0 4 96 0
0 0 0 0 0 0 0 0 95 0 0 0 46 0 85 0 61 0 0 59 0 0 0 66 58 6 0 0 92 0 0 0 0 0 0 0 13 96 0 0 0 0 32 0 0 45 0 0 0 27 0 0 0 0 0 0 0 0 0 25 0 5 0 0 0 0 3 0 0 0 0 0 0 0 72 0 0 48 0 0 0 0 0 23 0 0 0 0 0 0 0 0 0 0 0 0 42 26 0 9
0 0 0 0 0 0 0 22 0 0 0 0 0 78 0 1 71 0 0 0 0 0 0 92 0 0 0 16 0 0 0 0 0 0 0 54 0 92 46 47 0 0 44 0 0 0 21 0 59 94 0 10 0 0 77 0 19 0 0 0 0 23 0 0 27 0 0 0 81 0 0 0 85 0 0 0 0 0 0 0 0 0 53 0 0 0 24 0 0 0 0 73 0 73 0 0 4 0 0 0
7 0 0 0 30 0 0 0 0 65 0 0 96 35 56 95 0 0 0 0 0 0 6 0 0 72 72 69 18 99 0 0 0 0 0 0 0 6 0 0 0 0 0 0 0 0 0 0 0 0 0 0 0 0 0 0 0 0 0 43 0 0 0 0 92 0 0 0 0 0 0 0 0 0 13 0 0 0 0 54 0 0 0 0 0 0 0 0 0 0 91 0 0 65 0 21 0 0 0 0
0 0 0 0 0 0 81 8 8 0 0 0 0 0 0 0 0 0 0 0 0 0 46 0 0 0 0 0 0 0 17 0 0 0 12 0 0 97 0 0 0 36 57 0 2 0 0 0 0 76 86 0 0 14 0 0 0 1 35 19 0 0 84 0 0 70 0 0 0 0 0 0 0 26 0 0 25 0 0 79 0 0 0 95 0 0 0 0 0 0 73 0 0 0 43 0 0 88 0 46
0 63 0 0 0 0 84 0 0 65 0 73 0 79 0 0 0 18 0 0 0 9 0 93 0 0 30 0 74 0 0 0 0 0 0 0 0 0 0 89 0 76 0 0 56 0 0 0 3 0 0 0 0 0 0 0 0 0 0 76 39 37 0 38 0 36 0 0 0 0 0 0 0 0 0 0 2 87 0 0 0 28 0 0 0 0 0 0 0 38 0 0 0 0 68 0 0 0 0 20
23 99 0 0 0 0 0 0 0 0 48 0 0 73 0 0 0 0 0 70 0 0 34 0 0 0 0 0 0 9 51 0 0 23 0 0 0 0 0 0 0 0 0 0 0 50 0 0 0 0 0 0 0 0 0 0 0 0 0 0 0 0 0 0 0 0 0 83 0 0 0 0 0 0 0 0 100 0 0 0 0 0 0 0 48 0 0 0 0 0 0 0 0 57 0 9 0 0 0 0
0 57 0 86 31 0 0 41 0 72 0 26 0 0 0 0 0 18 0 0 0 0 0 10 39 0 58 75 0 0 0 0 84 0 0 0 17 0 0 0 0 0 0 0 0 0 0 88 0 0 0 0 0 0 42 0 0 0 0 0 0 0 0 0 0 0 0 26 0 0 0 0 0 0 0 0 5 0 93 0 0 0 0 0 0 0 0 0 81 30 92 0 87 12 0 0 0 50 0 0
0 0 0 0 0 28 0 0 0 10 69 38 0 0 0 0 0 0 0 0 0 8 0 72 0 0 0 0 33 0 0 0 0 78 0 0 76 0 94 0 0 0 0 0 0 0 28 27 100 0 54 0 60 0 0 0 0 0 53 0 0 27 0 0 0 0 0 0 84 0 15 89 59 86 60 0 21 1 0 87 0 0 0 90 0 0 0 0 0 0 0 4 0 49 0 0 82 0 0 0
60 0 0 23 0 4 0 77 0 0 0 0 0 0 81 0 58 0 0 0 0 0 0 0 0 0 67 0 0 59 77 0 80 0 19 0 100 0 0 0 0 0 0 2 67 0 0 0 26 0 16 0 24 73 0 0 0 43 0 74 85 0 0 0 62 0 0 0 0 0 0 0 0 0 79 0 0 0 0 0 0 0 0 0 0 0 0 0 0 64 0 0 0 0 60 0 0 0 0 0
0 0 23 5 0 0 0 0 0 0 0 75 0 0 0 0 0 0 3 0 0 0 0 6 36 9 0 0 12 0 0 0 0 62 0 0 0 0 0 0 0 65 0 0 0 70 0 36 0 0 0 0 0 0 0 86 0 17 0 0 0 0 0 0 79 0 0 0 0 26 0 0 0 0 50 0 0 0 0 0 0 0 0 28 17 0 0 0 0 62 0 0 0 0 22 0 0 0 0 0
0 0 0 86 57 0 32 74 0 0 0 0 0 0 39 21 0 50 0 0 10 0 3 0 0 0 0 0 0 0 0 32 0 0 0 0 14 0 0 0 0 42 0 0 0 78 0 0 0 0 0 0 0 0 0 0 0 0 0 9 49 82 0 0 0 0 0 0 0 0 0 0 0 34 44 0 0 39 78 0 0 45 0 50 0 0 0 28 0 0 56 0 0 55 0 0 0 0 0 18
70 21 0 0 0 0 0 0 0 0 0 0 0 0 0 0 0 89 0 0 0 0 0 0 0 6 0 0 0 92 0 0 0 58 31 0 0 0 99 0 0 0 0 0 0 0 0 45 82 0 0 0 0 0 0 0 0 0 0 0 0 0 12 52 0 7 92 0 0 0 48 0 0 84 61 0 72 0 0 28 0 0 0 0 0 0 0 0 0 0 0 54 0 0 0 0 0 0 2 0
0 54 0 0 0 0 0 55 38 0 0 0 0 55 0 0 0 0 0 0 0 0 0 0 4 0 74 85 0 33 0 0 0 0 0 0 0 2 0 0 0 0 0 48 0 82 0 0 40 0 0 0 0 27 0 0 0 0 99 0 62 0 0 0 38 0 0 0 0 0 31 0 0 0 0 4 0 0 0 0 0 0 0 0 0 0 0 0 0 24 0 78 0 0 0 0 0 0 0 0
11 0 0 0 0 84 0 0 0 0 64 0 0 0 0 0 0 0 50 54 0 0 0 0 0 0 0 0 55 0 0 0 0 0 100 0 0 0 0 0 0 0 0 0 12 0 0 0 95 0 0 31 34 35 0 0 0 0 0 11 0 0 0 98 0 0 87 0 0 0 0 0 0 0 0 15 0 0 88 0 0 0 0 0 0 0 0 0 0 0 0 0 36 14 0 3 49 49 0 0
72 0 0 0 0 59 0 0 0 0 0 0 0 36 0 0 0 0 0 77 0 40 0 0 62 0 9 0 0 0 0 0 0 0 0 0 0 0 92 0 0 0 34 0 0 0 0 0 0 0 54 0 0 0 0 0 0 0 0 0 32 16 30 0 0 0 0 0 0 0 0 52 60 0 0 1 0 78 0 0 45 0 75 0 24 0 0 0 0 0 76 0 0 0 0 0 0 0 0 0
20 82 77 7 0 0 55 0 0 0 0 0 0 0 0 38 12 0 0 0 0 0 0 0 0 0 38 0 0 0 0 0 98 0 0 0 0 0 0 0 0 0 0 0 0 0 0 0 0 27 0 90 50 0 27 9 0 0 0 47 50 0 0 0 0 0 0 0 0 80 0 51 0 7 0 0 0 62 99 3 0 0 0 0 17 0 0 0 0 44 71 0 0 0 0 0 20 0 47 33
0 0 57 0 0 0 52 0 0 0 91 0 0 0 0 0 0 0 0 0 0 75 0 0 0 0 0 0 0 0 68 52 0 0 0 0 0 0 0 0 0 0 53 0 0 0 0 90 0 0 0 55 65 0 0 0 95 0 0 0 0 0 81 0 0 0 0 0 0 0 98 31 39 0 37 0 0 12 0 0 0 19 0 0 59 0 0 0 0 95 99 0 61 0 0 0 0 0 0 0
0 0 0 0 7 0 0 0 0 55 0 0 64 0 0 8 0 0 0 0 64 0 0 37 7 0 76 0 0 0 47 0 76 0 81 0 0 0 0 0 0 0 0 0 0 0 0 52 0 0 0 0 0 0 0 0 0 0 0 0 0 32 17 44 0 0 0 0 0 71 0 0 0 66 0 78 0 0 0 0 0 0 45 0 0 0 0 0 0 0 0 0 0 0 0 0 0 0 0 37
37 0 28 0 0 0 0 0 0 0 45 9 24 0 0 0 0 31 25 0 70 0 0 0 8 0 0 0 0 0 0 0 0 0 16 57 0 84 0 0 26 95 0 9 0 0 0 0 0 0 11 93 74 0 0 0 28 0 0 0 0 0 99 0 0 0 0 0 0 0 0 0 0 0 0 15 0 0 0 0 76 0 0 0 0 0 0 63 0 0 7 0 0 0 79 0 0 0 0 0
0 0 0 0 0 0 0 54 0 0 12 0 61 87 0 0 0 0 0 0 0 0 39 0 0 0 87 0 0 0 0 0 62 48 0 0 0 0 71 0 0 0 40 16 0 0 81 0 0 0 21 13 0 0 0 72 36 0 0 41 0 0 0 61 0 0 0 0 0 0 34 0 0 79 0 0 40 0 75 0 45 0 0 28 0 0 95 0 0 0 0 0 0 57 0 0 0 0 0 0
0 55 0 0 0 29 0 0 0 0 43 0 0 96 0 0 0 39 0 0 0 0 0 0 94 46 0 0 0 0 19 0 0 0 78 0 0 0 6 0 0 0 0 0 0 0 0 0 54 0 95 0 0 0 0 0 0 0 0 45 49 0 0 85 0 30 0 0 0 0 0 0 39 0 2 0 17 0 62 0 0 96 56 0 89 77 0 90 0 0 0 58 0 0 0 0 0 0 0 14
0 0 0 0 0 0 0 43 0 0 0 0 0 0 55 0 0 0 0 0 75 0 0 0 84 0 3 0 0 0 0 0 0 0 0 0 0 0 0 0 94 0 0 0 0 0 93 0 0 0 0 18 0 0 64 0 0 0 0 0 0 0 34 99 0 0 0 91 0 32 0 0 0 100 0 34 0 0 0 39 0 0 0 0 0 0 0 17 0 0 0 0 17 0 31 0 0 0 0 0