100
0 24 0 0 0 0 0 96 0 0 0 0 0 0 26 49 0 0 0 8 0 0 81 0 11 19 0 0 19 0 0 0 63 0 0 0 0 0 0 0 0 0 0 0 0 0 0 99 38 0 0 0 0 0 26 0 0 0 0 0 0 0 100 0 70 0 0 74 0 0 0 0 0 44 0 80 79 48 26 0 0 28 0 0 0 0 0 14 0 0 36 49 0 0 0 0 0 41 0 0
0 0 0 77 0 0 0 0 0 0 0 87 92 0 3 0 50 85 4 0 19 0 0 0 0 0 0 0 0 0 85 0 0 0 0 21 0 0 0 0 0 17 0 11 98 0 43 0 0 0 0 0 0 0 15 0 0 0 65 0 37 77 0 0 0 0 0 66 0 96 0 68 7 0 0 62 0 0 0 0 0 0 0 12 61 0 22 0 0 94 0 0 0 0 0 0 0 0 0 0
0 0 0 0 0 0 99 0 0 0 30 0 0 0 39 0 0 0 0 0 0 0 0 0 99 0 0 69 0 0 15 0 0 0 0 76 0 15 68 0 0 57 85 0 0 0 0 89 95 0 0 82 0 0 96 57 31 9 35 72 0 1 0 0 15 0 0 60 68 0 0 91 0 0 0 0 0 0 0 0 20 0 80 0 42 0 0 0 0 87 67 33 0 0 0 0 0 0 48 0
0 0 0 0 34 0 42 0 0 8 0 0 0 0 0 0 0 0 0 0 0 0 48 0 0 34 0 0 0 0 0 19 4 0 0 0 21 0 0 0 0 0 63 0 0 0 0 0 0 0 0 0 0 0 0 0 16 0 0 0 76 0 52 0 0 0 0 0 0 45 0 0 0 0 0 0 62 0 0 82 0 82 0 82 0 0 0 32 0 0 0 59 0 0 0 0 0 0 0 11
0 76 95 0 0 0 0 0 0 0 0 60 33 8 5 0 0 0 0 0 75 0 39 0 0 0 0 95 0 0 0 71 0 48 0 45 0 0 0 100 0 0 25 0 0 100 0 55 33 22 0 94 0 0 64 0 0 30 0 0 0 0 0 59 78 0 0 73 93 0 0 0 0 0 0 90 0 0 0 0 0 0 0 0 0 97 0 0 0 47 0 0 0 84 0 0 0 0 0 0
0 4 0 0 0 0 0 0 0 0 0 0 0 0 0 0 0 98 0 74 83 0 50 0 0 0 83 0 4 95 0 10 0 0 0 0 22 72 0 0 0 0 0 0 83 8 0 0 0 68 0 0 86 0 17 0 0 0 0 0 0 0 0 97 43 0 92 0 67 0 0 0 0 0 33 0 0 0 43 0 0 0 12 92 0 0 0 43 0 0 0 87 0 0 0 0 60 88 0 62
0 0 23 0 0 0 0 0 0 19 45 6 0 0 0 0 0 0 0 0 0 0 0 0 0 0 0 19 66 17 0 0 80 0 0 0 32 0 5 2 0 0 0 0 39 0 0 100 0 58 45 2 0 0 0 0 0 0 0 0 0 0 0 0 0 0 0 92 0 0 0 0 2 97 26 90 84 0 0 0 96 0 0 48 0 0 47 37 0 0 0 0 86 0 86 47 0 0 0 0
0 60 62 0 0 0 0 0 0 0 0 0 0 35 24 22 13 0 0 0 36 56 0 0 0 47 69 0 0 0 0 0 0 0 33 47 0 93 51 0 0 79 3 0 0 0 87 0 0 62 0 0 54 0 0 52 0 0 52 0 0 0 0 0 62 36 0 0 0 0 0 0 62 0 0 0 0 0 0 0 18 0 0 0 0 0 0 0 0 95 38 14 0 0 0 25 0 0 0 0
0 0 0 0 72 0 70 0 0 0 18 0 47 0 0 0 0 0 0 0 0 71 0 0 0 0 0 0 0 0 0 0 48 0 0 0 46 0 0 39 73 4 0 95 0 0 0 0 63 0 0 0 0 0 0 0 0 0 0 43 0 93 90 0 0 0 0 0 37 0 0 87 0 0 83 0 76 0 62 0 0 0 37 0 0 0 35 0 20 0 0 27 0 0 0 0 0 0 0 0
0 0 50 59 87 0 0 0 0 0 0 2 0 0 0 0 42 0 0 84 0 0 0 0 0 0 0 0 0 0 0 64 0 0 0 0 0 0 76 0 0 0 0 0 0 0 0 0 10 0 0 83 0 74 0 0 27 0 0 0 0 0 0 0 11 0 0 0 0 0 0 0 0 0 0 0 0 0 0 0 67 0 63 0 21 0 3 0 0 0 0 82 0 74 0 0 92 0 0 0
96 0 0 0 65 0 21 0 51 0 0 0 0 0 0 0 0 45 0 71 62 0 0 0 0 0 0 65 0 0 0 0 0 0 0 0 100 0 42 0 0 0 57 16 0 0 0 42 0 0 33 99 0 86 32 68 0 0 0 0 0 0 0 0 0 0 0 43 38 0 0 0 0 0 1 0 0 0 0 99 0 0 0 0 0 0 9 75 0 0 70 29 0 0 10 0 0 0 0 0
0 30 0 0 0 0 0 0 0 0 0 0 0 0 0 0 0 75 0 88 0 72 0 0 0 25 0 0 0 0 0 0 0 12 20 0 0 0 0 0 0 0 0 13 78 0 0 0 0 0 95 0 2 7 53 0 0 0 0 34 0 0 0 0 0 45 0 3 0 0 0 0 0 0 46 52 0 97 0 0 0 0 0 59 0 0 0 0 19 0 77 0 0 0 68 0 0 0 0 86
0 0 2 0 64 36 0 0 13 57 99 0 0 0 73 0 0 0 0 0 0 0 0 0 0 16 0 79 0 0 8 65 32 0 45 89 46 0 0 34 0 41 0 0 11 0 13 99 0 0 75 0 0 0 0 0 0 89 53 70 0 0 0 0 0 0 0 27 70 17 0 0 0 0 0 0 0 0 21 42 0 74 0 0 0 0 0 0 0 0 0 0 0 0 0 0 0 0 0 0
0 0 0 53 0 0 93 0 0 18 0 0 0 0 0 73 0 0 0 0 0 0 78 52 0 0 0 94 67 2 0 0 0 0 0 0 0 0 0 0 0 0 0 0 0 0 0 0 0 0 36 0 0 37 0 0 0 0 0 0 0 0 10 0 45 0 75 50 10 0 0 0 76 0 0 0 0 0 0 0 0 0 0 0 93 0 0 0 72 0 0 0 0 0 0 92 0 0 0 37
0 0 0 0 0 21 0 16 0 0 0 0 33 0 0 0 0 0 0 0 0 0 0 0 0 0 0 0 47 38 0 0 92 0 0 0 0 30 65 40 48 0 0 0 0 0 0 48 0 97 0 0 0 68 0 0 0 0 0 0 0 0 0 0 87 0 20 0 6 0 0 0 0 97 0 0 0 0 90 0 0 0 0 0 0 0 41 0 0 25 7 0 0 0 0 35 20 67 0 0
50 0 0 0 0 0 0 0 0 0 0 0 0 0 0 0 88 0 0 0 0 0 0 0 0 40 0 0 0 30 0 43 0 0 0 0 0 0 0 0 0 0 0 0 0 0 70 0 0 0 34 100 72 0 0 0 69 0 0 0 0 0 0 0 0 61 0 96 0 0 0 5 0 0 0 88 0 73 0 0 62 29 0 0 0 0 0 0 0 77 0 0 0 0 0 0 0 0 78 0
0 0 0 58 9 0 0 0 0 0 0 66 0 0 0 0 0 0 96 0 0 0 0 0 0 0 0 28 0 60 0 0 49 0 56 0 92 0 0 34 0 0 0 0 0 0 0 0 0 68 0 0 67 27 0 0 0 6 0 0 0 13 0 0 0 0 0 44 0 0 0 66 0 0 0 0 0 0 0 0 0 0 0 0 100 0 0 0 0 0 0 0 0 0 0 27 0 87 0 0
0 22 33 83 0 0 21 24 0 0 0 0 0 0 61 0 0 0 0 56 0 10 0 0 57 3 0 100 0 0 0 21 77 0 87 0 70 0 0 0 0 0 0 67 0 0 0 0 0 0 0 0 0 0 0 27 45 0 0 53 0 0 0 0 0 0 0 0 0 0 0 31 22 52 0 0 8 0 16 0 0 0 0 0 0 0 74 0 65 27 0 0 0 0 0 0 0 0 0 0
0 0 0 23 0 0 0 67 98 0 0 0 86 92 0 68 0 0 0 0 0 33 75 0 0 0 0 0 0 0 0 0 0 0 0 41 92 0 0 0 0 96 0 0 0 0 0 0 0 0 18 2 50 0 68 0 0 80 0 0 0 0 0 0 12 13 0 0 43 0 0 0 7 60 0 0 0 0 0 0 0 0 0 10 0 0 0 0 0 0 40 41 0 48 0 0 0 87 0 0
0 64 0 0 0 0 95 0 0 0 0 0 10 50 0 25 0 49 0 0 0 0 0 53 53 0 0 0 0 0 50 0 0 0 20 33 80 0 0 0 0 0 61 0 0 0 0 0 78 0 38 0 0 40 65 0 0 67 0 31 0 0 0 0 0 0 0 63 0 0 0 0 0 0 0 0 0 0 0 0 0 0 0 0 0 0 65 0 0 40 65 0 96 0 0 0 0 0 74 0
0 0 0 0 0 0 0 96 0 0 0 47 0 0 0 0 0 0 0 0 0 0 0 0 0 0 0 0 0 4 29 1 0 0 0 0 91 0 0 0 68 11 0 0 0 0 0 24 0 13 0 0 0 0 0 0 0 59 0 0 0 0 36 0 0 0 96 39 85 0 97 0 0 0 84 0 0 0 0 59 5 0 0 0 0 0 0 0 0 0 26 0 0 33 6 0 0 14 0 0
0 0 0 80 94 0 0 94 89 0 73 0 11 0 0 0 0 0 0 0 0 0 0 43 0 0 0 15 0 73 0 0 40 0 0 0 0 0 0 0 0 43 0 0 0 21 0 0 0 0 0 0 0 88 0 40 0 0 44 55 0 70 0 0 0 0 16 0 0 5 0 0 0 25 0 0 0 0 14 0 0 0 0 32 36 0 0 0 0 0 0 0 0 0 55 0 0 19 0 0
0 85 86 0 0 0 0 0 47 0 0 0 0 0 15 0 0 14 84 0 0 0 0 0 45 0 0 0 0 0 29 0 39 0 0 0 0 0 0 17 13 0 0 97 0 0 43 0 0 0 0 0 0 0 0 0 38 86 0 0 0 0 0 0 0 0 0 0 0 0 0 0 0 0 60 0 0 83 0 31 0 0 11 0 27 5 90 0 0 14 0 0 0 0 54 0 0 0 0 0
65 0 0 0 0 0 0 0 31 0 0 0 0 0 21 0 0 0 0 0 0 68 0 0 0 59 0 0 0 37 0 0 75 0 0 0 0 0 0 0 0 0 0 0 0 0 0 0 0 0 10 0 0 0 0 0 0 57 0 0 40 0 0 0 0 0 0 100 0 0 10 0 71 0 0 59 0 0 8 0 0 0 0 0 0 0 18 0 0 0 0 0 0 0 5 14 84 0 24 0
0 0 97 0 29 0 0 71 0 0 48 0 0 0 0 0 0 0 0 0 0 0 0 62 0 0 71 36 57 0 84 0 18 0 0 0 0 0 0 0 16 0 0 0 8 0 0 60 0 0 0 0 0 90 79 0 23 0 0 0 0 0 0 75 0 0 0 79 0 5 48 14 66 0 64 29 80 0 2 84 0 0 0 0 0 0 0 30 0 0 0 0 0 0 0 0 0 0 0 46
0 73 0 38 0 0 13 0 0 0 0 0 0 0 0 0 0 74 0 37 0 0 0 0 0 0 0 0 0 70 0 0 0 0 38 0 0 0 0 0 0 57 39 0 0 18 0 0 0 0 0 0 0 0 0 0 0 28 0 63 63 0 0 0 83 0 22 0 0 0 4 0 0 0 88 0 0 0 0 0 0 0 0 0 0 0 0 0 0 0 0 0 54 86 0 18 0 18 94 0
0 0 65 0 0 0 0 69 0 0 29 0 0 31 0 76 0 0 0 69 0 0 0 0 0 0 0 0 68 11 0 5 0 0 52 0 0 38 0 0 32 0 87 0 0 0 0 0 0 53 0 0 0 0 0 1 0 0 0 35 25 57 43 0 75 52 0 0 64 65 0 0 4 0 68 0 0 0 97 0 0 0 0 35 0 0 0 96 0 0 22 0 0 0 0 0 0 26 0 0
0 0 0 0 0 0 0 98 0 0 0 18 0 0 0 0 0 0 0 0 0 0 0 27 0 0 0 0 59 90 0 0 23 23 0 51 0 60 0 82 0 0 0 93 43 27 0 0 72 0 0 59 86 0 0 0 0 0 77 0 25 0 0 0 0 0 0 0 0 0 23 0 0 0 0 0 0 76 0 18 19 0 0 0 0 50 0 0 54 0 70 0 0 0 0 0 0 0 0 27
0 0 0 0 0 0 0 0 0 0 0 0 51 0 0 0 96 11 18 0 0 77 0 0 56 26 0 0 0 0 0 52 0 91 0 0 0 0 0 0 38 0 0 0 53 0 0 0 0 41 100 0 26 0 0 3 94 0 0 0 0 100 80 0 0 60 0 96 2 8 0 0 33 19 0 0 0 0 18 0 18 0 0 0 39 0 0 0 0 42 17 8 1 0 0 0 0 0 0 0
0 0 0 13 0 28 0 0 0 0 0 0 0 0 65 0 0 0 0 0 0 80 0 0 33 93 0 0 0 0 0 0 0 41 0 0 0 0 0 0 0 0 0 0 0 0 0 0 0 0 0 0 0 0 0 42 0 0 0 0 76 0 93 0 0 57 41 0 23 71 0 0 0 92 26 0 0 0 0 0 0 0 96 0 0 0 0 0 0 0 54 0 0 0 59 0 0 61 0 0
0 0 0 0 45 0 0 0 0 0 0 0 0 0 0 83 0 0 0 0 0 0 0 0 42 26 0 0 0 0 0 0 0 78 13 0 0 43 0 0 0 0 0 0 45 0 0 60 0 0 0 0 0 0 0 79 0 0 0 14 16 58 0 0 0 0 62 0 0 65 0 93 0 0 0 11 0 37 0 0 40 0 0 0 0 0 33 0 0 0 0 0 0 0 38 49 0 0 0 6
0 0 2 36 0 25 0 11 0 0 0 0 25 0 0 1 0 34 92 48 45 68 0 99 0 0 0 0 0 54 96 0 0 0 44 0 37 19 38 28 81 0 38 0 0 0 0 22 0 0 97 0 0 0 0 0 0 0 10 0 0 0 0 0 0 0 0 0 0 0 0 55 0 0 0 0 0 41 0 0 0 0 0 0 0 0 0 67 0 0 52 0 0 0 0 0 0 0 59 0
13 0 0 0 0 21 37 74 0 0 0 0 27 0 0 0 24 44 0 73 0 0 0 0 0 0 0 0 0 0 63 0 0 21 0 0 0 5 49 0 0 0 25 0 0 0 0 49 0 0 0 0 0 0 0 0 0 0 0 0 0 0 96 52 0 0 11 0 0 0 0 0 0 0 0 7 0 0 0 82 38 0 0 0 0 32 0 0 0 28 0 0 0 11 0 17 0 0 0 0
44 0 0 0 0 0 0 0 81 31 0 61 0 0 0 100 0 0 0 18 93 0 0 0 0 25 85 19 0 0 0 0 0 0 0 0 3 58 0 65 81 0 0 0 100 65 0 0 0 0 0 0 0 0 0 0 0 92 0 0 0 0 92 0 0 31 0 0 0 0 29 0 93 0 0 0 0 0 63 0 29 0 0 0 0 90 44 0 0 0 0 0 0 0 35 0 0 0 0 24
0 0 0 66 76 0 0 61 0 0 4 0 43 0 0 0 0 0 0 0 0 0 0 0 0 0 0 16 0 0 0 0 0 0 0 0 0 0 0 0 0 0 8 0 0 0 0 0 0 44 0 0 22 0 0 0 0 0 0 73 0 77 0 0 0 0 0 0 0 0 9 0 0 0 0 37 0 23 48 70 0 0 41 0 0 0 0 0 0 0 72 0 0 0 0 97 0 0 12 0
0 0 0 0 0 0 0 70 6 0 0 0 82 0 0 0 0 78 0 0 67 0 78 0 0 0 0 0 0 0 0 0 0 40 0 0 0 58 0 0 0 42 0 0 0 0 0 81 0 0 0 0 71 91 0 0 0 21 0 0 66 0 0 0 42 0 0 0 0 0 0 11 67 0 0 0 0 0 0 0 69 0 78 0 89 0 28 2 95 66 0 0 0 0 0 0 0 32 0 0
0 28 0 0 0 0 22 95 0 46 0 0 86 43 0 0 0 0 0 12 8 0 90 3 0 0 0 0 14 0 72 87 0 0 62 0 0 0 0 0 56 0 13 0 15 0 0 0 22 94 43 0 0 0 43 0 0 93 0 0 0 0 0 0 0 0 0 0 88 0 0 0 0 0 53 0 0 0 0 0 0 0 0 52 95 0 0 0 19 82 95 0 56 0 0 0 0 0 0 0
98 0 0 0 0 0 0 5 0 0 0 72 0 4 84 0 47 25 0 0 25 0 72 0 0 0 0 0 99 0 0 0 0 0 0 43 0 0 0 22 91 0 0 0 0 0 19 0 0 0 0 0 0 97 0 0 0 0 0 0 0 0 0 0 0 46 0 0 0 0 0 0 0 50 0 0 0 72 0 0 0 0 84 56 0 4 0 0 0 0 64 0 0 0 86 0 0 0 0 0
0 0 0 0 0 0 0 27 0 0 0 2 0 0 0 0 75 0 0 0 0 0 0 0 70 0 0 0 0 0 0 0 0 0 0 0 0 0 0 52 0 48 0 0 0 0 0 0 0 0 0 0 0 0 0 0 0 23 0 0 0 15 0 32 0 0 0 0 0 0 0 0 0 0 0 0 0 0 0 0 0 29 0 0 0 0 0 0 0 0 0 36 0 0 0 0 0 0 0 0
0 0 8 0 0 0 0 47 0 0 0 0 0 0 0 0 0 88 0 6 16 71 0 0 0 0 0 96 0 0 0 0 0 0 0 0 61 0 2 0 50 0 60 0 0 0 0 0 0 0 0 0 49 28 12 0 0 0 0 0 0 0 0 0 89 0 0 0 65 21 0 0 0 0 0 0 60 94 0 0 0 1 0 14 0 78 0 0 0 2 0 0 4 50 0 0 2 0 0 0
92 70 0 0 0 0 0 68 0 0 0 49 0 0 0 0 0 72 0 0 0 0 0 0 98 85 0 16 0 0 0 0 100 0 0 0 97 0 69 0 0 0 80 0 0 0 8 39 0 0 0 0 0 65 77 0 0 0 0 0 41 0 0 0 0 0 0 79 0 26 75 21 0 0 46 0 0 0 0 14 49 0 0 94 0 0 0 0 0 0 0 68 0 12 0 0 0 0 0 0
0 0 0 90 4 0 0 57 0 0 47 0 0 0 82 0 0 0 0 0 0 0 0 0 0 0 0 0 0 0 28 0 0 0 0 84 0 0 0 0 0 0 35 0 0 0 61 0 0 0 0 0 41 0 0 0 55 0 0 0 0 0 0 0 59 0 0 0 91 0 0 0 0 64 1 0 0 0 0 0 0 62 12 0 0 26 0 0 0 0 0 0 0 24 0 0 67 56 0 53
0 0 38 0 0 32 0 0 0 0 0 0 0 0 0 0 0 0 0 0 0 0 71 24 0 0 72 80 0 0 0 0 0 0 0 0 0 0 0 0 0 73 0 53 0 0 30 0 36 0 0 0 97 0 30 0 0 0 83 76 11 0 0 10 0 0 0 0 0 0 0 0 0 0 0 0 0 61 0 0 45 0 0 0 0 94 0 0 0 0 0 0 0 0 0 0 75 0 65 0
0 0 0 0 0 72 0 0 0 0 0 0 0 0 0 0 0 0 0 0 0 0 0 0 0 0 92 0 0 0 0 0 0 24 0 0 0 0 29 0 0 0 31 0 0 2 0 0 0 48 0 75 0 36 0 30 0 0 0 0 0 0 0 0 46 0 0 0 0 23 18 0 0 0 0 0 0 0 0 48 0 0 81 62 0 0 0 0 0 0 0 38 0 0 0 0 0 26 100 0
51 0 0 0 0 0 0 0 0 0 79 0 0 79 0 58 0 57 0 0 0 0 25 0 0 78 0 0 0 0 0 0 0 0 27 0 0 62 0 0 0 0 0 0 0 0 0 0 12 18 64 66 0 0 0 0 0 0 0 0 0 7 85 29 0 1 12 0 0 91 56 0 0 0 0 0 0 0 0 0 0 0 0 0 34 0 0 0 0 0 75 0 0 0 29 0 64 24 0 37
0 0 0 0 0 0 0 0 0 43 0 0 0 82 0 79 0 0 0 0 0 0 0 0 0 63 0 0 45 0 76 0 0 100 45 0 0 0 0 0 0 0 0 13 0 0 0 0 0 0 95 0 0 30 0 0 0 0 0 14 11 0 32 71 48 0 0 42 0 10 0 0 0 37 0 0 0 0 0 26 0 0 0 100 98 0 0 0 0 98 0 0 0 0 0 0 0 72 0 0
49 0 5 0 56 0 0 0 0 0 0 0 17 0 0 71 73 16 0 65 0 41 0 0 0 0 0 0 52 0 0 0 0 0 0 0 0 0 0 0 0 0 95 0 0 0 0 43 0 0 0 0 0 0 85 0 29 0 0 0 0 85 0 0 0 4 0 0 37 0 0 9 0 0 85 0 0 0 0 0 47 0 55 0 22 0 81 0 0 0 0 0 8 0 0 0 85 58 0 0
0 0 0 0 0 0 0 0 96 3 0 50 0 0 0 0 0 0 97 0 0 0 0 31 0 65 0 0 0 0 0 0 0 0 0 0 24 0 0 0 0 0 57 0 0 0 0 0 0 0 11 0 82 0 0 34 0 23 0 31 0 0 0 0 0 94 0 94 0 0 0 0 0 0 0 0 0 84 0 0 0 0 0 0 0 68 0 34 0 0 0 0 0 0 0 28 0 0 0 0
0 0 0 29 95 0 0 93 91 0 0 7 31 0 32 0 0 0 0 16 67 0 42 0 0 0 0 0 34 0 0 0 0 0 0 0 0 0 82 0 63 10 0 0 0 0 0 87 0 0 0 0 0 0 68 0 0 0 0 0 0 0 87 0 0 82 0 65 73 0 0 72 75 0 0 0 18 0 0 0 0 0 24 0 46 0 0 0 0 55 0 73 39 0 0 0 0 0 0 0
0 0 0 20 0 16 0 0 0 5 0 0 0 70 0 15 0 0 0 58 0 0 0 0 84 92 0 99 0 0 43 0 0 0 0 31 96 0 0 0 0 0 58 0 15 0 35 0 85 0 0 0 0 35 0 75 35 48 48 0 0 2 0 54 0 0 0 0 8 83 0 89 11 0 0 0 0 0 85 0 0 46 0 3 0 0 0 0 0 0 0 0 21 0 0 0 0 0 0 19
0 61 0 18 0 0 66 0 29 0 68 0 0 0 0 0 0 43 0 0 15 0 0 64 16 0 59 32 0 0 100 0 0 0 86 0 0 0 0 0 0 0 13 0 0 0 0 67 92 0 0 0 0 0 52 0 0 0 0 0 0 0 0 73 0 0 9 0 0 0 46 0 0 45 0 42 19 0 19 0 0 0 70 0 0 0 0 0 68 0 0 0 0 0 43 0 0 0 0 70
0 0 0 0 90 15 0 0 64 0 0 0 19 0 31 32 0 0 0 66 83 0 0 0 0 0 0 5 45 0 37 35 0 0 0 34 0 0 0 0 94 0 0 0 14 0 0 0 13 0 0 0 84 0 0 36 0 21 0 33 0 0 0 49 7 0 0 95 0 0 0 44 0 0 0 0 60 0 0 0 45 0 23 89 0 0 0 60 0 0 0 0 70 88 0 0 0 0 0 0
0 12 0 0 0 0 0 0 0 0 0 0 0 0 0 0 0 0 0 0 0 0 0 0 0 0 19 0 0 49 0 0 15 0 0 0 43 0 0 99 0 0 0 0 0 0 0 56 0 0 0 0 0 0 0 0 0 0 0 95 0 0 0 17 0 29 0 0 0 83 0 0 0 68 0 0 68 0 61 70 23 60 0 0 42 0 0 100 0 72 0 0 0 3 0 91 0 63 0 0
86 0 96 42 59 0 0 0 0 0 9 0 0 0 0 20 0 38 0 0 0 0 0 0 0 0 0 0 0 0 0 87 0 0 0 0 0 0 3 0 68 0 0 0 0 0 0 0 0 79 35 0 0 0 0 0 0 0 75 62 0 0 18 0 0 54 50 0 55 0 0 74 0 0 45 0 0 0 0 16 0 79 0 0 0 0 0 0 12 0 0 0 0 0 0 41 22 0 0 0
0 0 0 0 0 0 0 0 0 0 23 0 0 4 0 83 0 0 0 0 0 0 0 0 0 2 0 0 0 0 97 0 0 0 0 0 68 0 0 13 0 89 10 0 0 0 0 69 0 1 0 60 0 0 0 3 0 0 0 0 0 0 0 0 0 0 0 0 0 0 0 0 0 33 0 67 0 0 0 0 17 0 0 0 0 0 0 0 0 59 0 90 0 75 0 0 0 37 0 48
0 0 0 0 0 0 0 0 43 0 0 65 0 0 0 0 79 0 77 0 43 43 0 0 0 0 0 0 0 0 0 0 0 26 0 0 0 0 0 0 0 0 7 0 46 0 0 0 0 80 0 47 0 0 0 0 0 77 26 0 80 0 0 89 0 0 0 37 46 0 9 5 0 0 0 0 0 0 0 0 0 0 0 0 0 0 0 14 0 0 28 0 0 0 64 0 0 44 87 0
0 61 0 0 12 0 0 0 0 0 9 0 74 0 0 5 0 0 0 0 12 41 73 0 0 0 83 0 0 54 3 0 0 0 0 0 0 42 0 0 0 0 0 0 0 0 59 81 0 0 0 0 0 0 0 0 0 0 0 68 0 14 0 0 0 0 0 38 0 0 0 8 0 75 0 0 55 0 0 38 84 0 0 0 0 65 0 0 24 0 0 0 0 0 7 0 69 25 0 0
0 0 0 0 0 27 24 84 0 0 0 0 0 51 45 0 0 0 0 21 54 0 0 0 0 0 0 2 0 0 0 0 0 0 0 50 0 0 38 75 0 40 0 0 0 0 0 67 0 0 0 0 0 0 0 0 0 0 46 0 0 0 0 0 0 0 0 0 0 0 0 0 0 0 0 0 0 0 3 97 11 0 0 0 66 0 92 0 70 0 0 12 0 60 0 0 0 0 0 76
0 0 0 0 0 0 0 74 0 80 0 0 46 0 0 0 0 0 13 0 0 4 0 0 0 0 0 0 0 0 0 0 31 0 0 51 0 85 0 0 0 0 0 31 0 0 0 0 0 0 0 0 10 0 0 0 0 0 0 39 0 0 0 0 0 0 0 0 71 0 0 0 76 0 0 0 16 0 0 0 0 0 0 0 0 89 0 0 0 0 0 0 47 0 0 80 0 73 0 0
0 0 74 8 0 73 15 0 0 0 1 0 0 0 0 91 99 0 0 32 0 0 55 0 93 0 53 8 0 10 0 47 0 0 0 0 49 46 0 0 0 0 20 0 0 0 0 0 0 0 23 53 0 0 0 0 0 0 5 0 13 0 0 0 0 0 54 0 0 0 0 0 0 0 0 0 80 0 0 0 0 0 0 0 48 0 0 0 65 6 0 0 0 47 32 88 0 44 0 0
0 53 0 0 0 0 27 0 0 0 3 0 0 0 0 0 58 0 2 0 0 0 0 0 34 0 62 84 0 0 45 0 0 0 0 0 29 0 0 50 0 0 32 22 0 0 0 0 0 20 0 0 29 0 0 0 0 0 0 0 0 0 34 89 0 0 84 0 0 0 96 0 0 0 0 0 0 0 0 0 0 0 0 0 0 0 0 0 0 0 0 0 12 0 0 0 0 0 0 99
0 0 0 0 0 0 0 0 13 19 0 0 0 78 0 0 0 0 0 0 18 0 34 0 0 0 72 0 20 0 0 0 0 33 0 0 0 0 0 0 0 0 0 90 0 0 0 0 0 0 0 30 74 0 54 0 0 82 23 0 0 0 0 0 0 0 0 0 0 0 0 87 0 51 0 0 77 0 41 71 0 0 36 0 0 20 0 75 0 52 0 0 0 48 86 54 0 0 0 73
63 0 0 0 72 27 0 89 1 51 0 0 0 97 0 2 0 0 0 0 0 0 0 0 0 0 0 73 0 0 0 0 0 0 0 0 0 85 56 0 0 32 0 31 62 6 0 0 0 0 0 0 0 79 0 7 0 40 89 0 0 0 0 0 10 6 0 0 0 42 20 0 0 0 0 62 0 0 0 0 0 0 0 0 0 0 0 0 0 0 0 0 0 0 0 0 70 0 0 0
0 0 0 41 0 0 0 0 28 0 0 0 0 0 84 82 0 0 0 0 0 0 0 22 0 77 0 0 0 0 0 0 0 87 85 0 0 0 0 18 0 89 0 0 0 0 0 0 0 0 0 0 69 2 0 9 0 0 0 0 0 0 0 0 0 0 100 0 0 0 0 0 0 0 36 0 0 93 12 0 0 0 0 0 0 0 0 0 0 67 22 0 0 94 0 43 31 0 5 0
0 0 0 0 0 0 0 0 0 0 12 0 0 64 0 0 0 0 0 12 0 59 0 0 0 0 0 0 0 59 0 38 0 0 15 40 0 28 0 0 0 33 0 0 0 28 0 0 0 0 76 52 0 0 98 0 5 52 0 0 6 0 0 0 0 0 0 0 0 0 28 0 0 0 0 70 72 30 0 85 0 0 0 0 16 27 88 0 12 86 0 16 0 0 0 0 25 0 63 0
0 0 0 82 0 0 0 0 0 0 0 0 30 0 0 0 81 0 0 0 0 0 95 21 83 84 0 0 24 14 0 0 0 6 0 0 0 94 0 0 0 69 0 0 0 0 54 0 60 43 3 0 0 0 0 0 0 0 0 16 0 0 0 0 37 0 0 0 0 0 66 0 0 0 0 0 0 0 0 78 0 0 0 0 0 0 0 0 0 0 0 0 3 0 99 0 0 0 67 0
0 64 0 0 0 0 20 0 44 0 0 10 0 0 0 0 0 74 21 0 0 0 56 34 0 0 0 0 74 0 0 17 0 22 14 0 0 0 0 0 0 29 19 0 0 0 0 0 38 0 0 0 0 0 0 0 26 0 0 0 0 0 0 24 25 0 0 0 0 0 0 12 0 0 0 0 0 0 0 17 0 0 87 0 45 0 0 22 76 0 0 0 0 0 0 0 73 0 0 0
0 0 0 88 0 0 0 0 0 0 0 65 0 24 62 0 0 0 0 0 31 0 0 0 90 0 92 0 0 0 69 0 85 0 93 0 0 0 0 0 0 0 0 0 0 0 0 0 0 0 0 0 0 0 0 0 0 0 76 0 12 0 0 69 2 0 0 0 27 0 0 0 0 0 0 0 0 0 0 0 0 10 0 59 0 0 9 0 0 0 0 69 61 0 0 0 9 0 0 0
0 0 36 0 0 0 0 0 0 0 0 0 86 0 55 0 0 99 0 0 0 84 0 0 50 0 0 0 0 70 91 0 0 0 0 61 0 8 0 8 0 87 51 0 0 89 0 0 23 0 0 0 0 55 0 0 0 0 95 0 0 15 0 0 0 0 0 0 0 0 8 0 45 0 0 1 0 0 0 79 23 12 61 0 38 0 0 35 49 0 0 0 0 0 30 0 0 0 0 0
0 0 0 0 0 37 0 0 0 0 0 0 0 0 28 0 48 24 0 69 0 27 0 0 89 0 0 75 92 10 0 0 0 85 0 0 0 0 0 0 0 39 0 0 0 0 46 0 9 0 0 25 0 0 0 0 0 0 55 0 0 0 0 0 13 0 0 0 26 0 0 0 0 0 0 0 65 0 54 0 0 46 0 0 0 0 0 71 79 0 62 0 16 21 0 44 0 0 0 74
0 0 0 0 0 0 0 47 0 0 0 83 40 0 0 0 0 0 0 64 0 0 0 0 0 0 0 0 0 0 0 22 0 63 0 0 0 0 0 0 0 0 0 0 0 0 0 0 0 0 69 0 0 0 0 0 0 0 0 90 0 0 0 0 0 0 0 0 0 0 0 0 0 0 0 0 0 0 0 0 78 0 0 0 0 0 57 0 0 0 0 41 0 0 43 0 0 0 0 0
31 0 0 0 0 66 0 0 0 0 0 0 0 0 0 0 0 0 0 0 4 46 0 0 0 0 0 0 0 0 34 0 68 18 0 0 23 0 0 0 86 0 0 0 0 0 0 0 67 0 0 0 52 0 0 0 0 0 31 0 0 0 0 0 0 0 72 33 0 39 99 0 0 0 0 0 0 0 32 0 0 100 0 0 0 0 14 0 39 0 0 0 0 0 0 0 0 0 0 44
63 0 0 0 66 0 0 17 0 0 0 41 22 0 0 0 0 21 0 0 38 100 38 74 0 0 0 0 0 0 0 0 0 0 0 0 0 0 71 0 71 0 0 0 0 0 0 0 95 0 0 0 0 0 55 0 0 0 0 0 0 0 0 0 0 0 73 65 0 0 0 0 0 0 0 0 0 0 0 0 0 0 0 0 0 0 0 0 28 0 0 0 0 95 0 0 27 0 12 0
0 2 0 0 0 0 8 0 0 0 3 0 0 0 100 0 0 0 13 0 0 0 0 0 0 0 0 0 41 0 0 0 0 1 0 0 0 45 93 0 61 0 0 0 53 70 0 0 0 0 0 53 0 0 0 66 66 0 31 53 0 0 0 0 0 0 0 91 0 0 95 0 53 0 0 0 0 0 0 33 61 0 0 10 69 0 3 14 0 0 0 0 77 0 80 0 97 0 0 0
44 45 0 64 0 27 0 0 73 0 0 0 0 0 0 0 0 0 83 0 0 48 0 0 57 0 0 0 0 0 0 78 12 0 0 0 45 0 25 0 81 0 0 0 0 0 0 59 0 0 17 0 35 0 0 0 0 0 0 0 0 0 0 0 0 0 0 0 0 0 0 0 26 0 0 0 0 0 0 0 0 0 47 0 40 46 0 0 0 100 0 0 0 0 70 40 0 0 39 0
0 89 0 0 58 0 60 0 84 0 0 0 0 0 0 0 66 0 0 0 0 0 72 0 0 0 0 0 0 0 49 0 0 0 0 0 2 0 17 0 0 0 0 25 0 0 0 0 0 0 0 0 0 0 0 6 94 0 0 0 0 0 0 0 0 0 40 59 0 6 0 12 75 0 0 0 0 0 0 0 67 0 0 0 0 0 47 0 74 84 0 0 56 0 78 91 0 0 0 0
0 0 0 0 0 0 0 12 0 0 0 0 27 0 0 0 0 0 0 0 0 0 0 61 0 0 0 34 48 0 0 23 0 0 0 31 0 0 0 0 0 0 0 0 3 93 0 0 0 0 0 0 0 0 0 0 0 23 0 0 84 0 0 83 0 75 0 0 0 0 0 0 0 0 0 0 0 0 0 0 0 0 0 0 82 0 0 0 1 66 92 0 0 0 0 71 0 61 15 0
78 55 0 0 0 0 37 0 67 0 0 0 0 0 0 0 0 0 0 98 35 73 0 84 1 0 0 0 0 0 0 0 0 0 19 0 0 0 0 5 0 0 0 12 44 35 0 0 0 0 6 0 55 70 0 16 0 0 87 0 0 0 15 0 0 49 0 0 0 0 0 0 62 0 8 0 0 0 0 0 0 0 85 0 0 0 41 23 92 0 0 0 0 0 0 0 0 0 0 60
56 30 0 0 13 71 0 5 0 0 0 0 56 36 0 0 65 0 0 0 0 0 58 1 0 0 0 71 19 0 0 0 0 85 67 0 0 28 0 0 0 0 0 10 0 60 0 0 8 0 0 0 91 98 30 0 0 0 91 0 0 0 59 0 0 0 0 0 0 100 0 0 0 74 0 0 0 0 0 0 22 9 5 82 0 0 0 0 0 0 0 0 0 0 0 0 0 0 0 35
0 57 0 0 68 0 0 0 0 0 0 0 0 53 0 0 25 29 0 0 0 0 0 0 0 0 0 0 0 0 0 28 0 0 0 0 20 62 4 0 0 0 0 5 43 0 0 34 0 53 0 0 0 90 0 67 0 0 0 0 0 0 0 0 0 20 0 0 0 0 0 88 0 16 59 0 0 0 0 0 0 14 0 0 59 66 0 0 0 0 0 0 0 0 24 0 0 0 0 0
0 0 24 0 61 0 0 0 0 0 66 0 77 0 0 0 9 0 0 0 43 52 0 0 38 94 85 57 0 0 90 3 0 29 0 0 0 84 0 0 26 67 0 0 67 0 22 0 0 54 68 60 0 0 0 0 0 0 0 0 0 0 18 95 0 78 7 0 0 0 0 0 0 0 0 0 0 0 15 0 0 33 0 0 0 0 69 0 89 0 0 0 0 98 38 0 0 0 0 0
44 0 0 0 53 44 0 0 0 62 0 22 0 0 1 57 57 0 0 64 0 0 20 0 19 0 0 0 14 0 0 0 0 0 0 39 0 0 0 0 0 0 0 0 47 0 10 0 0 78 0 27 0 1 0 0 0 16 0 15 1 0 0 0 0 0 0 98 0 0 0 0 0 0 0 0 30 86 0 0 0 0 0 5 0 0 0 0 0 0 59 0 81 0 0 0 0 77 8 0
13 0 0 0 0 0 0 0 87 0 0 0 45 0 0 0 0 0 39 0 0 88 0 0 0 0 0 0 60 0 0 0 0 0 0 0 0 0 0 45 46 0 20 0 0 0 0 0 0 0 37 35 0 0 0 57 0 0 83 89 0 0 0 62 27 10 0 0 0 0 0 0 86 0 0 11 0 0 0 58 0 0 0 0 0 62 0 0 0 0 0 0 0 0 0 56 0 0 0 0
0 0 0 7 18 0 0 0 0 0 0 0 90 13 44 0 0 0 0 0 0 0 0 80 0 0 0 0 0 0 0 0 0 0 71 0 0 0 0 0 0 91 0 0 0 0 89 0 0 0 0 66 0 0 0 0 0 0 0 0 97 0 0 0 4 0 0 0 0 0 0 0 0 0 0 0 0 0 77 0 0 0 2 0 0 0 0 71 97 0 0 0 0 20 0 68 0 0 0 0
0 0 0 0 0 61 0 0 0 35 0 33 0 0 81 0 0 0 0 0 0 0 0 0 0 0 0 50 0 64 0 0 0 16 0 0 0 0 94 24 0 0 64 0 0 0 0 0 0 14 0 0 83 23 0 0 0 0 0 0 0 0 53 16 0 0 0 0 0 13 0 0 0 30 32 23 0 23 0 0 36 52 48 65 0 0 63 0 0 0 23 58 0 0 0 0 0 0 0 70
74 84 0 0 0 0 0 0 0 0 0 0 0 52 23 0 0 0 0 11 0 0 0 0 0 0 0 0 0 91 0 0 0 0 81 26 0 0 0 0 0 87 35 11 51 46 0 0 0 0 0 0 0 0 0 84 0 0 0 0 0 0 38 0 0 0 0 0 8 0 59 0 0 0 58 0 0 54 0 0 0 0 0 0 0 0 0 84 0 0 0 9 0 0 94 63 0 0 0 45
0 0 0 0 0 0 0 0 0 0 0 6 67 30 0 0 0 0 0 74 0 0 0 0 0 0 0 89 0 0 0 59 0 32 30 53 0 0 0 0 0 51 0 0 0 0 60 50 0 0 62 0 14 0 0 0 21 28 0 90 62 0 17 0 0 0 0 0 0 11 0 0 0 0 0 0 0 63 0 0 0 0 0 0 0 0 0 53 0 0 35 2 0 0 0 0 73 16 0 0
0 0 0 47 0 0 0 0 0 0 0 75 0 0 58 0 9 0 0 0 0 0 63 0 0 0 0 0 0 48 0 0 82 0 25 0 99 0 0 48 42 0 0 0 0 0 57 0 0 0 0 0 0 0 0 0 3 99 0 47 51 0 0 0 15 30 0 0 0 0 0 0 0 0 0 0 0 0 0 0 0 0 45 0 0 0 0 0 0 93 0 60 0 83 0 13 0 0 0 0
0 0 0 28 0 36 5 0 0 31 0 0 58 5 0 0 83 0 0 0 0 0 0 0 0 26 0 0 0 0 0 32 66 0 0 0 0 0 0 0 0 0 0 16 0 0 18 0 0 0 23 0 0 0 0 89 79 0 55 0 0 0 0 43 24 0 25 45 0 0 0 0 0 0 47 41 0 0 0 0 0 0 86 0 0 0 0 0 0 0 20 0 0 0 0 0 4 31 0 0
0 0 0 0 0 75 0 0 0 0 56 0 0 0 0 42 0 0 0 0 0 0 0 0 0 68 0 0 76 0 0 0 0 0 0 86 0 0 0 67 13 0 54 87 57 0 17 86 0 0 28 82 17 0 0 0 69 4 0 0 0 56 92 0 0 0 0 0 0 39 0 84 0 0 0 0 34 75 0 0 0 0 0 0 0 0 0 0 85 0 0 0 0 0 46 0 34 1 0 0
0 0 0 76 0 0 0 0 0 75 0 0 0 0 0 0 0 0 0 0 0 77 0 55 0 0 0 0 43 0 0 0 5 0 98 11 0 4 0 0 0 66 69 100 92 0 0 70 0 0 13 0 0 0 0 0 0 0 0 0 0 0 0 0 0 47 0 39 0 0 39 73 0 0 26 0 0 0 0 0 0 89 0 0 44 0 9 36 0 0 0 0 0 0 93 89 0 0 0 36
0 0 0 0 0 0 0 0 0 0 0 0 0 1 57 88 0 91 31 0 0 0 0 0 0 0 0 0 0 0 0 0 0 0 0 0 0 0 0 0 0 0 0 40 0 47 97 28 22 0 0 0 0 0 3 55 45 0 0 0 73 0 0 0 0 0 0 0 4 0 0 0 33 64 49 18 0 0 20 0 0 0 0 94 0 6 0 78 0 94 0 0 0 0 0 87 0 8 0 0
0 41 0 56 0 20 0 0 0 0 47 0 16 0 0 0 0 0 0 0 43 0 0 0 0 0 96 0 0 0 0 97 0 0 0 0 0 0 0 0 0 0 0 0 0 42 0 0 0 0 0 0 72 98 32 0 66 0 0 0 0 0 0 0 0 64 0 0 0 0 99 0 0 0 0 0 0 0 25 52 0 52 0 0 0 70 0 0 10 92 0 0 0 85 2 0 0 0 0 0
0 0 66 0 0 0 0 0 72 0 0 0 62 0 0 43 0 0 0 49 96 33 0 0 0 0 0 0 0 0 0 0 0 71 0 0 0 0 0 0 0 0 87 0 0 0 0 63 0 0 0 55 0 0 49 0 0 0 41 89 58 0 0 0 0 0 0 0 0 0 0 0 42 0 0 0 0 0 7 0 70 0 0 0 64 31 0 0 0 25 0 63 0 0 0 0 42 0 0 0
0 41 23 0 0 60 0 0 51 0 0 0 0 0 0 0 0 0 0 0 0 52 0 0 98 0 0 0 0 0 0 0 0 0 0 77 65 0 0 0 0 0 0 0 0 0 0 0 0 0 0 66 0 0 16 31 0 0 0 0 0 20 0 53 39 0 0 0 0 0 0 0 0 0 35 11 75 73 42 31 0 18 0 30 0 0 0 0 0 85 11 66 0 0 0 80 0 96 0 52
0 0 0 19 0 100 18 0 28 47 0 0 0 0 0 0 0 28 0 0 0 0 0 0 0 25 74 0 0 25 0 0 0 62 81 0 0 70 6 0 0 9 9 0 0 61 0 0 0 0 0 49 0 0 0 8 0 0 79 0 0 0 0 0 50 0 0 0 0 0 0 0 0 0 0 0 0 0 0 21 5 0 0 0 0 0 0 0 0 0 0 0 0 0 0 0 60 88 0 0
0 0 0 0 30 0 0 0 0 50 0 12 13 72 0 0 0 0 0 0 0 0 0 0 0 0 0 0 0 0 0 91 0 0 0 0 0 0 45 0 0 0 0 0 0 0 0 0 0 83 0 0 47 0 0 81 18 0 0 18 0 0 0 0 0 0 0 77 0 26 0 0 0 0 0 3 0 0 0 0 0 0 0 0 0 0 12 3 0 74 0 0 0 13 0 78 0 0 0 76
14 14 0 45 0 0 36 0 4 0 0 0 0 0 0 42 46 0 0 54 0 0 0 0 0 0 21 93 0 0 0 0 36 0 72 89 0 34 0 92 0 31 35 0 0 0 0 74 0 79 0 0 0 7 0 0 91 0 0 0 62 19 0 0 63 94 0 5 0 0 15 0 0 0 86 50 0 0 0 0 0 0 0 0 0 0 0 75 0 0 33 0 0 0 43 28 0 0 0 0
0 0 0 0 76 0 0 63 0 0 73 83 59 0 0 0 0 0 0 0 0 0 0 90 0 0 0 0 0 0 0 0 0 0 0 0 93 0 0 0 89 6 0 0 88 0 0 0 0 0 0 0 0 0 0 0 0 0 97 0 0 0 0 0 0 0 78 0 45 0 0 24 0 0 43 0 0 77 0 0 0 0 0 0 76 0 0 0 0 0 0 0 0 0 0 0 60 65 0 0
0 73 0 0 0 0 0 0 0 0 80 0 0 0 0 59 38 0 0 0 0 0 0 0 0 0 0 0 0 7 0 0 0 0 43 0 0 0 15 0 40 0 0 0 0 0 81 0 0 68 0 66 0 0 0 27 0 0 0 43 0 0 0 0 0 20 0 15 67 0 0 0 0 0 0 18 16 0 0 0 0 0 0 0 0 0 32 13 0 0 0 87 0 99 0 0 0 0 0 0
0 7 0 0 0 0 0 76 0 0 0 0 0 0 9 78 0 0 0 55 0 0 37 0 21 46 0 0 72 0 0 0 12 0 0 0 0 0 0 0 0 0 0 0 0 0 0 87 34 0 0 0 0 0 61 0 0 0 0 0 0 0 62 0 56 0 0 53 0 0 0 0 0 94 0 10 39 70 20 0 0 9 0 0 0 0 0 1 0 0 60 13 0 0 0 0 0 32 0 0
0 0 0 73 0 0 0 0 0 0 0 39 79 0 56 0 94 94 6 0 10 0 0 0 0 0 0 0 0 0 28 0 0 0 0 93 0 0 0 0 0 62 0 85 67 0 29 0 0 0 0 0 0 0 64 0 0 0 54 0 5 24 0 0 0 0 0 22 0 90 0 83 25 0 0 90 0 0 0 0 0 0 0 13 96 0 33 0 0 58 0 0 0 0 0 0 0 0 0 0
0 0 0 0 0 0 39 0 0 0 21 0 0 0 43 0 0 0 0 0 0 0 0 0 65 0 0 15 0 0 70 0 0 0 0 98 0 58 49 0 0 92 34 0 0 0 0 41 8 0 0 48 0 0 63 85 46 32 78 72 0 21 0 0 13 0 0 17 24 0 0 53 0 0 0 0 0 0 0 0 1 0 16 0 17 0 0 0 0 24 69 40 0 0 0 0 0 0 96 0
0 0 0 0 72 0 31 0 0 53 0 0 0 0 0 0 0 0 0 0 0 0 85 0 0 34 0 0 0 0 0 66 52 0 0 0 77 0 0 0 0 0 12 0 0 0 0 0 0 0 0 0 0 0 0 0 63 0 0 0 3 0 97 0 0 0 0 0 0 17 0 0 0 0 0 0 29 0 0 92 0 72 0 93 0 0 0 35 0 0 0 93 0 0 0 0 0 0 0 3
0 45 44 0 0 0 0 0 0 0 0 14 42 68 53 0 0 0 0 0 35 0 79 0 0 0 0 49 0 0 0 66 0 100 0 27 0 0 0 46 0 0 31 0 0 42 0 45 66 33 0 51 0 0 35 0 0 90 0 0 0 0 0 69 66 0 0 89 99 0 0 0 0 0 0 90 0 0 0 0 0 0 0 0 0 3 0 0 0 25 0 0 0 31 0 0 0 0 0 0
0 43 0 0 0 0 0 0 0 0 0 0 0 0 0 0 0 4 0 42 81 0 26 0 0 0 100 0 59 62 0 47 0 0 0 0 33 88 0 0 0 0 0 0 62 51 0 0 0 86 0 0 5 0 61 0 0 0 0 0 0 0 0 98 40 0 10 0 58 0 0 0 0 0 79 0 0 0 87 0 0 0 79 13 0 0 0 67 0 0 0 98 0 0 0 0 2 87 0 91
0 0 5 0 0 0 0 0 0 30 71 89 0 0 0 0 0 0 0 0 0 0 0 0 0 0 0 70 99 48 0 0 29 0 0 0 26 0 39 57 0 0 0 0 56 0 0 88 0 10 3 6 0 0 0 0 0 0 0 0 0 0 0 0 0 0 0 40 0 0 0 0 84 86 55 94 8 0 0 0 37 0 0 23 0 0 33 69 0 0 0 0 11 0 97 47 0 0 0 0
0 11 50 0 0 0 0 0 0 0 0 0 0 92 6 55 52 0 0 0 6 69 0 0 0 15 47 0 0 0 0 0 0 0 9 45 0 33 81 0 0 96 41 0 0 0 21 0 0 47 0 0 78 0 0 28 0 0 8 0 0 0 0 0 10 18 0 0 0 0 0 0 90 0 0 0 0 0 0 0 91 0 0 0 0 0 0 0 0 23 55 67 0 0 0 41 0 0 0 0
0 0 0 0 94 0 83 0 0 0 39 0 42 0 0 0 0 0 0 0 0 90 0 0 0 0 0 0 0 0 0 0 40 0 0 0 35 0 0 50 46 67 0 59 0 0 0 0 70 0 0 0 0 0 0 0 0 0 0 4 0 29 74 0 0 0 0 0 46 0 0 87 0 0 61 0 19 0 88 0 0 0 87 0 0 0 9 0 59 0 0 74 0 0 0 0 0 0 0 0
0 0 67 68 6 0 0 0 0 0 0 36 0 0 0 0 36 0 0 44 0 0 0 0 0 0 0 0 0 0 0 55 0 0 0 0 0 0 96 0 0 0 0 0 0 0 0 0 72 0 0 61 0 83 0 0 58 0 0 0 0 0 0 0 78 0 0 0 0 0 0 0 0 0 0 0 0 0 0 0 36 0 99 0 62 0 15 0 0 0 0 24 0 29 0 0 61 0 0 0
8 0 0 0 93 0 52 0 13 0 0 0 0 0 0 0 0 33 0 48 11 0 0 0 0 0 0 62 0 0 0 0 0 0 0 0 44 0 6 0 0 0 6 87 0 0 0 96 0 0 52 54 0 59 49 26 0 0 0 0 0 0 0 0 0 0 0 72 53 0 0 0 0 0 71 0 0 0 0 75 0 0 0 0 0 0 74 17 0 0 64 23 0 0 48 0 0 0 0 0
0 98 0 0 0 0 0 0 0 0 0 0 0 0 0 0 0 89 0 29 0 6 0 0 0 57 0 0 0 0 0 0 0 43 19 0 0 0 0 0 0 0 0 16 10 0 0 0 0 0 78 0 93 88 67 0 0 0 0 91 0 0 0 0 0 35 0 50 0 0 0 0 0 0 52 69 0 90 0 0 0 0 0 33 0 0 0 0 11 0 49 0 0 0 63 0 0 0 0 17
0 0 43 0 80 51 0 0 100 28 30 0 0 0 71 0 0 0 0 0 0 0 0 0 0 33 0 70 0 0 86 48 11 0 46 63 25 0 0 29 0 71 0 0 67 0 29 70 0 0 87 0 0 0 0 0 0 49 25 27 0 0 0 0 0 0 0 85 99 55 0 0 0 0 0 0 0 0 29 53 0 10 0 0 0 0 0 0 0 0 0 0 0 0 0 0 0 0 0 0
0 0 0 84 0 0 1 0 0 16 0 0 0 0 0 99 0 0 0 0 0 0 5 66 0 0 0 26 46 4 0 0 0 0 0 0 0 0 0 0 0 0 0 0 0 0 0 0 0 0 59 0 0 29 0 0 0 0 0 0 0 0 20 0 69 0 95 68 53 0 0 0 62 0 0 0 0 0 0 0 0 0 0 0 5 0 0 0 47 0 0 0 0 0 0 56 0 0 0 20
0 0 0 0 0 28 0 54 0 0 0 0 27 0 0 0 0 0 0 0 0 0 0 0 0 0 0 0 85 42 0 0 76 0 0 0 0 22 68 66 34 0 0 0 0 0 0 32 0 37 0 0 0 54 0 0 0 0 0 0 0 0 0 0 16 0 57 0 85 0 0 0 0 74 0 0 0 0 8 0 0 0 0 0 0 0 50 0 0 66 28 0 0 0 0 67 93 4 0 0
63 0 0 0 0 0 0 0 0 0 0 0 0 0 0 0 45 0 0 0 0 0 0 0 0 73 0 0 0 37 0 75 0 0 0 0 0 0 0 0 0 0 0 0 0 0 83 0 0 0 12 58 27 0 0 0 9 0 0 0 0 0 0 0 0 1 0 56 0 0 0 92 0 0 0 40 0 11 0 0 42 43 0 0 0 0 0 0 0 87 0 0 0 0 0 0 0 0 98 0
0 0 0 20 1 0 0 0 0 0 0 63 0 0 0 0 0 0 7 0 0 0 0 0 0 0 0 16 0 93 0 0 20 0 5 0 54 0 0 75 0 0 0 0 0 0 0 0 0 45 0 0 61 39 0 0 0 43 0 0 0 97 0 0 0 0 0 47 0 0 0 21 0 0 0 0 0 0 0 0 0 0 0 0 92 0 0 0 0 0 0 0 0 0 0 25 0 2 0 0
0 70 39 99 0 0 56 94 0 0 0 0 0 0 53 0 0 0 0 51 0 33 0 0 14 23 0 56 0 0 0 19 87 0 80 0 28 0 0 0 0 0 0 33 0 0 0 0 0 0 0 0 0 0 0 29 68 0 0 84 0 0 0 0 0 0 0 0 0 0 0 67 28 47 0 0 28 0 1 0 0 0 0 0 0 0 41 0 66 69 0 0 0 0 0 0 0 0 0 0
0 0 0 81 0 0 0 33 70 0 0 0 15 20 0 39 0 0 0 0 0 81 98 0 0 0 0 0 0 0 0 0 0 0 0 91 50 0 0 0 0 68 0 0 0 0 0 0 0 0 37 28 53 0 72 0 0 78 0 0 0 0 0 0 66 62 0 0 39 0 0 0 79 58 0 0 0 0 0 0 0 0 0 30 0 0 0 0 0 0 65 44 0 27 0 0 0 81 0 0
0 66 0 0 0 0 92 0 0 0 0 0 32 86 0 13 0 96 0 0 0 0 0 61 11 0 0 0 0 0 93 0 0 0 48 27 97 0 0 0 0 0 55 0 0 0 0 0 96 0 61 0 0 91 56 0 0 24 0 11 0 0 0 0 0 0 0 89 0 0 0 0 0 0 0 0 0 0 0 0 0 0 0 0 0 0 62 0 0 8 36 0 62 0 0 0 0 0 38 0
0 0 0 0 0 0 0 63 0 0 0 76 0 0 0 0 0 0 0 0 0 0 0 0 0 0 0 0 0 8 82 43 0 0 0 0 89 0 0 0 97 6 0 0 0 0 0 47 0 25 0 0 0 0 0 0 0 96 0 0 0 0 65 0 0 0 22 46 72 0 92 0 0 0 24 0 0 0 0 40 92 0 0 0 0 0 0 0 0 0 40 0 0 20 52 0 0 94 0 0
0 0 0 62 55 0 0 10 69 0 33 0 66 0 0 0 0 0 0 0 0 0 0 98 0 0 0 34 0 29 0 0 22 0 0 0 0 0 0 0 0 58 0 0 0 92 0 0 0 0 0 0 0 72 0 52 0 0 98 14 0 75 0 0 0 0 91 0 0 40 0 0 0 55 0 0 0 0 34 0 0 0 0 92 88 0 0 0 0 0 0 0 0 0 38 0 0 89 0 0
0 44 39 0 0 0 0 0 85 0 0 0 0 0 31 0 0 47 2 0 0 0 0 0 91 0 0 0 0 0 30 0 59 0 0 0 0 0 0 53 70 0 0 45 0 0 92 0 0 0 0 0 0 0 0 0 79 75 0 0 0 0 0 0 0 0 0 0 0 0 0 0 0 0 31 0 0 94 0 43 0 0 97 0 14 3 75 0 0 51 0 0 0 0 41 0 0 0 0 0
24 0 0 0 0 0 0 0 96 0 0 0 0 0 13 0 0 0 0 0 0 86 0 0 0 55 0 0 0 25 0 0 5 0 0 0 0 0 0 0 0 0 0 0 0 0 0 0 0 0 91 0 0 0 0 0 0 100 0 0 85 0 0 0 0 0 0 92 0 0 5 0 52 0 0 90 0 0 48 0 0 0 0 0 0 0 35 0 0 0 0 0 0 0 23 97 73 0 34 0
0 0 74 0 77 0 0 74 0 0 29 0 0 0 0 0 0 0 0 0 0 0 0 84 0 0 2 94 1 0 98 0 97 0 0 0 0 0 0 0 49 0 0 0 23 0 0 23 0 0 0 0 0 6 20 0 77 0 0 0 0 0 0 31 0 0 0 99 0 69 72 38 8 0 37 3 6 0 9 37 0 0 0 0 0 0 0 87 0 0 0 0 0 0 0 0 0 0 0 95
0 19 0 54 0 0 65 0 0 0 0 0 0 0 0 0 0 42 0 57 0 0 0 0 0 0 0 0 0 25 0 0 0 0 32 0 0 0 0 0 0 79 87 0 0 81 0 0 0 0 0 0 0 0 0 0 0 94 0 55 90 0 0 0 85 0 50 0 0 0 8 0 0 0 34 0 0 0 0 0 0 0 0 0 0 0 0 0 0 0 0 0 64 24 0 44 0 5 8 0
0 0 3 0 0 0 0 82 0 0 50 0 0 61 0 34 0 0 0 85 0 0 0 0 0 0 0 0 80 1 0 90 0 0 30 0 0 96 0 0 22 0 94 0 0 0 0 0 0 9 0 0 0 0 0 70 0 0 0 13 33 83 32 0 96 77 0 0 65 67 0 0 40 0 89 0 0 0 40 0 0 0 0 24 0 0 0 97 0 0 93 0 0 0 0 0 0 45 0 0
0 0 0 0 0 0 0 64 0 0 0 36 0 0 0 0 0 0 0 0 0 0 0 87 0 0 0 0 15 74 0 0 84 47 0 32 0 56 0 99 0 0 0 57 56 38 0 0 88 0 0 32 35 0 0 0 0 0 1 0 87 0 0 0 0 0 0 0 0 0 80 0 0 0 0 0 0 13 0 38 79 0 0 0 0 1 0 0 42 0 53 0 0 0 0 0 0 0 0 11
0 0 0 0 0 0 0 0 0 0 0 0 48 0 0 0 22 96 46 0 0 81 0 0 48 4 0 0 0 0 0 85 0 80 0 0 0 0 0 0 48 0 0 0 86 0 0 0 0 58 44 0 81 0 0 79 29 0 0 0 0 32 49 0 0 7 0 19 60 14 0 0 62 52 0 0 0 0 69 0 85 0 0 0 88 0 0 0 0 32 88 48 27 0 0 0 0 0 0 0
0 0 0 25 0 66 0 0 0 0 0 0 0 0 42 0 0 0 0 0 0 32 0 0 38 35 0 0 0 0 0 0 0 98 0 0 0 0 0 0 0 0 0 0 0 0 0 0 0 0 0 0 0 0 0 49 0 0 0 0 29 0 13 0 0 46 100 0 19 2 0 0 0 96 2 0 0 0 0 0 0 0 14 0 0 0 0 0 0 0 75 0 0 0 72 0 0 80 0 0
0 0 0 0 56 0 0 0 0 0 0 0 0 0 0 38 0 0 0 0 0 0 0 0 86 99 0 0 0 0 0 0 0 48 21 0 0 32 0 0 0 0 0 0 97 0 0 70 0 0 0 0 0 0 0 26 0 0 0 100 62 38 0 0 0 0 88 0 0 43 0 71 0 0 0 90 0 22 0 0 74 0 0 0 0 0 3 0 0 0 0 0 0 0 67 13 0 0 0 44
0 0 92 58 0 84 0 31 0 0 0 0 77 0 0 40 0 70 15 22 88 10 0 73 0 0 0 0 0 1 13 0 0 0 15 0 99 27 25 39 58 0 4 0 0 0 0 53 0 0 79 0 0 0 0 0 0 0 86 0 0 0 0 0 0 0 0 0 0 0 0 34 0 0 0 0 0 25 0 0 0 0 0 0 0 0 0 57 0 0 81 0 0 0 0 0 0 0 6 0
75 0 0 0 0 79 81 53 0 0 0 0 60 0 0 0 79 18 0 73 0 0 0 0 0 0 0 0 0 0 21 0 0 28 0 0 0 96 81 0 0 0 76 0 0 0 0 52 0 0 0 0 0 0 0 0 0 0 0 0 0 0 13 99 0 0 63 0 0 0 0 0 0 0 0 68 0 0 0 100 84 0 0 0 0 94 0 0 0 30 0 0 0 47 0 60 0 0 0 0
82 0 0 0 0 0 0 0 52 98 0 21 0 0 0 57 0 0 0 39 88 0 0 0 0 83 92 29 0 0 0 0 0 0 0 0 6 79 0 27 53 0 0 0 29 16 0 0 0 0 0 0 0 0 0 0 0 42 0 0 0 0 79 0 0 69 0 0 0 0 24 0 75 0 0 0 0 0 36 0 5 0 0 0 0 6 100 0 0 0 0 0 0 0 1 0 0 0 0 71
0 0 0 63 76 0 0 14 0 0 32 0 98 0 0 0 0 0 0 0 0 0 0 0 0 0 0 10 0 0 0 0 0 0 0 0 0 0 0 0 0 0 67 0 0 0 0 0 0 59 0 0 44 0 0 0 0 0 0 2 0 60 0 0 0 0 0 0 0 0 61 0 0 0 0 35 0 53 92 50 0 0 42 0 0 0 0 0 0 0 17 0 0 0 0 93 0 0 4 0
0 0 0 0 0 0 0 80 14 0 0 0 55 0 0 0 0 28 0 0 84 0 82 0 0 0 0 0 0 0 0 0 0 28 0 0 0 65 0 0 0 64 0 0 0 0 0 76 0 0 0 0 45 37 0 0 0 5 0 0 81 0 0 0 84 0 0 0 0 0 0 92 99 0 0 0 0 0 0 0 53 0 60 0 26 0 91 73 31 28 0 0 0 0 0 0 0 58 0 0
0 3 0 0 0 0 42 94 0 57 0 0 71 73 0 0 0 0 0 45 64 0 10 60 0 0 0 0 100 0 12 14 0 0 26 0 0 0 0 0 78 0 92 0 65 0 0 0 4 100 72 0 0 0 39 0 0 88 0 0 0 0 0 0 0 0 0 0 21 0 0 0 0 0 95 0 0 0 0 0 0 0 0 22 34 0 0 0 77 25 52 0 9 0 0 0 0 0 0 0
74 0 0 0 0 0 0 86 0 0 0 73 0 64 24 0 22 20 0 0 19 0 94 0 0 0 0 0 31 0 0 0 0 0 0 57 0 0 0 51 64 0 0 0 0 0 49 0 0 0 0 0 0 18 0 0 0 0 0 0 0 0 0 0 0 23 0 0 0 0 0 0 0 43 0 0 0 60 0 0 0 0 69 55 0 69 0 0 0 0 12 0 0 0 83 0 0 0 0 0
0 0 0 0 0 0 0 22 0 0 0 45 0 0 0 0 41 0 0 0 0 0 0 0 36 0 0 0 0 0 0 0 0 0 0 0 0 0 0 100 0 91 0 0 0 0 0 0 0 0 0 0 0 0 0 0 0 32 0 0 0 34 0 63 0 0 0 0 0 0 0 0 0 0 0 0 0 0 0 0 0 46 0 0 0 0 0 0 0 0 0 54 0 0 0 0 0 0 0 0
0 0 69 0 0 0 0 47 0 0 0 0 0 0 0 0 0 51 0 72 87 96 0 0 0 0 0 45 0 0 0 0 0 0 0 0 59 0 57 0 76 0 63 0 0 0 0 0 0 0 0 0 6 65 20 0 0 0 0 0 0 0 0 0 10 0 0 0 93 83 0 0 0 0 0 0 18 78 0 0 0 24 0 95 0 55 0 0 0 46 0 0 59 16 0 0 5 0 0 0
70 22 0 0 0 0 0 67 0 0 0 34 0 0 0 0 0 60 0 0 0 0 0 0 16 97 0 96 0 0 0 0 48 0 0 0 79 0 27 0 0 0 34 0 0 0 70 96 0 0 0 0 0 96 81 0 0 0 0 0 42 0 0 0 0 0 0 41 0 68 83 30 0 0 63 0 0 0 0 82 75 0 0 27 0 0 0 0 0 0 0 58 0 61 0 0 0 0 0 0
0 0 0 41 48 0 0 63 0 0 72 0 0 0 7 0 0 0 0 0 0 0 0 0 0 0 0 0 0 0 10 0 0 0 0 36 0 0 0 0 0 0 54 0 0 0 66 0 0 0 0 0 17 0 0 0 2 0 0 0 0 0 0 0 12 0 0 0 53 0 0 0 0 1 48 0 0 0 0 0 0 95 70 0 0 10 0 0 0 0 0 0 0 65 0 0 60 47 0 12
0 0 3 0 0 67 0 0 0 0 0 0 0 0 0 0 0 0 0 0 0 0 14 90 0 0 55 53 0 0 0 0 0 0 0 0 0 0 0 0 0 64 0 41 0 0 27 0 33 0 0 0 91 0 63 0 0 0 65 79 33 0 0 2 0 0 0 0 0 0 0 0 0 0 0 0 0 69 0 0 47 0 0 0 0 20 0 0 0 0 0 0 0 0 0 0 5 0 95 0
0 0 0 0 0 18 0 0 0 0 0 0 0 0 0 0 0 0 0 0 0 0 0 0 0 0 91 0 0 0 0 0 0 73 0 0 0 0 40 0 0 0 35 0 0 86 0 0 0 71 0 42 0 35 0 19 0 0 0 0 0 0 0 0 24 0 0 0 0 27 10 0 0 0 0 0 0 0 0 12 0 0 11 82 0 0 0 0 0 0 0 79 0 0 0 0 0 41 8 0
36 0 0 0 0 0 0 0 0 0 74 0 0 50 0 63 0 89 0 0 0 0 95 0 0 30 0 0 0 0 0 0 0 0 76 0 0 76 0 0 0 0 0 0 0 0 0 0 82 92 59 3 0 0 0 0 0 0 0 0 0 79 92 7 0 68 81 0 0 32 30 0 0 0 0 0 0 0 0 0 0 0 0 0 61 0 0 0 0 0 94 0 0 0 77 0 4 74 0 48
0 0 0 0 0 0 0 0 0 3 0 0 0 70 0 46 0 0 0 0 0 0 0 0 0 48 0 0 97 0 84 0 0 85 54 0 0 0 0 0 0 0 0 34 0 0 0 0 0 0 66 0 0 17 0 0 0 0 0 54 20 0 38 99 99 0 0 20 0 64 0 0 0 49 0 0 0 0 0 77 0 0 0 94 100 0 0 0 0 19 0 0 0 0 0 0 0 4 0 0
46 0 21 0 83 0 0 0 0 0 0 0 98 0 0 15 70 16 0 42 0 26 0 0 0 0 0 0 73 0 0 0 0 0 0 0 0 0 0 0 0 0 58 0 0 0 0 74 0 0 0 0 0 0 97 0 24 0 0 0 0 63 0 0 0 28 0 0 32 0 0 9 0 0 45 0 0 0 0 0 16 0 26 0 69 0 91 0 0 0 0 0 73 0 0 0 55 17 0 0
0 0 0 0 0 0 0 0 23 60 0 43 0 0 0 0 0 0 27 0 0 0 0 10 0 24 0 0 0 0 0 0 0 0 0 0 91 0 0 0 0 0 34 0 0 0 0 0 0 0 45 0 60 0 0 19 0 6 0 62 0 0 0 0 0 27 0 46 0 0 0 0 0 0 0 0 0 9 0 0 0 0 0 0 0 84 0 91 0 0 0 0 0 0 0 49 0 0 0 0
0 0 0 28 19 0 0 23 9 0 0 26 19 0 42 0 0 0 0 89 3 0 21 0 0 0 0 0 6 0 0 0 0 0 0 0 0 0 87 0 44 74 0 0 0 0 0 21 0 0 0 0 0 0 85 0 0 0 0 0 0 0 55 0 0 88 0 100 78 0 0 81 21 0 0 0 60 0 0 0 0 0 26 0 18 0 0 0 0 81 0 74 74 0 0 0 0 0 0 0
0 0 0 93 0 5 0 0 0 60 0 0 0 82 0 72 0 0 0 49 0 0 0 0 15 59 0 7 0 0 88 0 0 0 0 21 40 0 0 0 0 0 3 0 86 0 10 0 41 0 0 0 0 76 0 73 32 11 6 0 0 28 0 50 0 0 0 0 41 35 0 34 17 0 0 0 0 0 39 0 0 63 0 38 0 0 0 0 0 0 0 0 71 0 0 0 0 0 0 63
0 19 0 31 0 0 16 0 3 0 83 0 0 0 0 0 0 7 0 0 1 0 0 56 38 0 40 10 0 0 53 0 0 0 44 0 0 0 0 0 0 0 9 0 0 0 0 41 69 0 0 0 0 0 31 0 0 0 0 0 0 0 0 27 0 0 74 0 0 0 1 0 0 49 0 62 63 0 86 0 0 0 28 0 0 0 0 0 4 0 0 0 0 0 46 0 0 0 0 23
0 0 0 0 16 87 0 0 82 0 0 0 52 0 55 94 0 0 0 100 85 0 0 0 0 0 0 4 88 0 85 90 0 0 0 5 0 0 0 0 90 0 0 0 64 0 0 0 4 0 0 0 24 0 0 34 0 25 0 89 0 0 0 82 99 0 0 54 0 0 0 76 0 0 0 0 3 0 0 0 35 0 69 33 0 0 0 47 0 0 0 0 61 73 0 0 0 0 0 0
0 40 0 0 0 0 0 0 0 0 0 0 0 0 0 0 0 0 0 0 0 0 0 0 0 0 11 0 0 26 0 0 15 0 0 0 77 0 0 49 0 0 0 0 0 0 0 81 0 0 0 0 0 0 0 0 0 0 0 43 0 0 0 71 0 29 0 0 0 15 0 0 0 30 0 0 65 0 20 70 27 39 0 0 60 0 0 80 0 55 0 0 0 23 0 18 0 55 0 0
44 0 58 40 59 0 0 0 0 0 91 0 0 0 0 43 0 30 0 0 0 0 0 0 0 0 0 0 0 0 0 61 0 0 0 0 0 0 7 0 84 0 0 0 0 0 0 0 0 41 46 0 0 0 0 0 0 0 73 98 0 0 7 0 0 69 74 0 38 0 0 32 0 0 87 0 0 0 0 13 0 94 0 0 0 0 0 0 55 0 0 0 0 0 0 52 83 0 0 0
0 0 0 0 0 0 0 0 0 0 47 0 0 6 0 80 0 0 0 0 0 0 0 0 0 40 0 0 0 0 81 0 0 0 0 0 39 0 0 52 0 75 68 0 0 0 0 88 0 97 0 62 0 0 0 93 0 0 0 0 0 0 0 0 0 0 0 0 0 0 0 0 0 5 0 21 0 0 0 0 92 0 0 0 0 0 0 0 0 62 0 3 0 22 0 0 0 4 0 44
0 0 0 0 0 0 0 0 40 0 0 26 0 0 0 0 55 0 87 0 82 89 0 0 0 0 0 0 0 0 0 0 0 2 0 0 0 0 0 0 0 0 89 0 95 0 0 0 0 91 0 100 0 0 0 0 0 41 54 0 25 0 0 79 0 0 0 78 11 0 65 75 0 0 0 0 0 0 0 0 0 0 0 0 0 0 0 90 0 0 40 0 0 0 48 0 0 50 93 0
0 28 0 0 47 0 0 0 0 0 7 0 56 0 0 87 0 0 0 0 37 87 49 0 0 0 99 0 0 54 11 0 0 0 0 0 0 59 0 0 0 0 0 0 0 0 92 90 0 0 0 0 0 0 0 0 0 0 0 65 0 41 0 0 0 0 0 36 0 0 0 79 0 54 0 0 81 0 0 57 73 0 0 0 0 70 0 0 55 0 0 0 0 0 82 0 83 87 0 0
0 0 0 0 0 52 60 55 0 0 0 0 0 96 49 0 0 0 0 59 9 0 0 0 0 0 0 50 0 0 0 0 0 0 0 58 0 0 48 30 0 16 0 0 0 0 0 77 0 0 0 0 0 0 0 0 0 0 47 0 0 0 0 0 0 0 0 0 0 0 0 0 0 0 0 0 0 0 70 89 71 0 0 0 59 0 39 0 75 0 0 57 0 21 0 0 0 0 0 94
0 0 0 0 0 0 0 5 0 22 0 0 89 0 0 0 0 0 64 0 0 23 0 0 0 0 0 0 0 0 0 0 21 0 0 7 0 75 0 0 0 0 0 12 0 0 0 0 0 0 0 0 13 0 0 0 0 0 0 3 0 0 0 0 0 0 0 0 79 0 0 0 63 0 0 0 1 0 0 0 0 0 0 0 0 52 0 0 0 0 0 0 98 0 0 31 0 61 0 0
0 0 100 2 0 74 5 0 0 0 40 0 0 0 0 77 2 0 0 89 0 0 45 0 97 0 34 97 0 89 0 85 0 0 0 0 42 79 0 0 0 0 36 0 0 0 0 0 0 0 99 42 0 0 0 0 0 0 39 0 85 0 0 0 0 0 17 0 0 0 0 0 0 0 0 0 37 0 0 0 0 0 0 0 21 0 0 0 37 92 0 0 0 96 71 3 0 28 0 0
0 43 0 0 0 0 90 0 0 0 30 0 0 0 0 0 33 0 9 0 0 0 0 0 67 0 13 90 0 0 18 0 0 0 0 0 79 0 0 53 0 0 98 12 0 0 0 0 0 35 0 0 57 0 0 0 0 0 0 0 0 0 97 55 0 0 65 0 0 0 80 0 0 0 0 0 0 0 0 0 0 0 0 0 0 0 0 0 0 0 0 0 98 0 0 0 0 0 0 66
0 0 0 0 0 0 0 0 30 77 0 0 0 2 0 0 0 0 0 0 34 0 76 0 0 0 64 0 48 0 0 0 0 82 0 0 0 0 0 0 0 0 0 1 0 0 0 0 0 0 0 18 51 0 25 0 0 15 74 0 0 0 0 0 0 0 0 0 0 0 0 83 0 88 0 0 34 0 72 21 0 0 62 0 0 38 0 61 0 70 0 0 0 42 34 49 0 0 0 62
46 0 0 0 16 16 0 16 85 82 0 0 0 33 0 56 0 0 0 0 0 0 0 0 0 0 0 61 0 0 0 0 0 0 0 0 0 44 49 0 0 74 0 27 12 71 0 0 0 0 0 0 0 23 0 100 0 34 65 0 0 0 0 0 46 79 0 0 0 57 1 0 0 0 0 17 0 0 0 0 0 0 0 0 0 0 0 0 0 0 0 0 0 0 0 0 96 0 0 0
0 0 0 91 0 0 0 0 82 0 0 0 0 0 31 50 0 0 0 0 0 0 0 87 0 53 0 0 0 0 0 0 0 41 99 0 0 0 0 2 0 30 0 0 0 0 0 0 0 0 0 0 99 61 0 13 0 0 0 0 0 0 0 0 0 0 93 0 0 0 0 0 0 0 7 0 0 6 66 0 0 0 0 0 0 0 0 0 0 49 77 0 0 17 0 81 44 0 90 0
0 0 0 0 0 0 0 0 0 0 93 0 0 58 0 0 0 0 0 73 0 72 0 0 0 0 0 0 0 33 0 37 0 0 16 52 0 61 0 0 0 57 0 0 0 71 0 0 0 0 67 97 0 0 3 0 41 70 0 0 91 0 0 0 0 0 0 0 0 0 97 0 0 0 0 94 5 64 0 84 0 0 0 0 6 39 57 0 22 95 0 53 0 0 0 0 98 0 10 0
0 0 0 40 0 0 0 0 0 0 0 0 9 0 0 0 5 0 0 0 0 0 7 60 41 54 0 0 78 87 0 0 0 27 0 0 0 96 0 0 0 53 0 0 0 0 76 0 86 93 7 0 0 0 0 0 0 0 0 54 0 0 0 0 12 0 0 0 0 0 26 0 0 0 0 0 0 0 0 81 0 0 0 0 0 0 0 0 0 0 0 0 49 0 87 0 0 0 89 0
0 39 0 0 0 0 98 0 60 0 0 97 0 0 0 0 0 7 61 0 0 0 47 47 0 0 0 0 23 0 0 86 0 67 4 0 0 0 0 0 0 16 74 0 0 0 0 0 25 0 0 0 0 0 0 0 14 0 0 0 0 0 0 64 90 0 0 0 0 0 0 34 0 0 0 0 0 0 0 46 0 0 59 0 64 0 0 28 64 0 0 0 0 0 0 0 100 0 0 0
0 0 0 61 0 0 0 0 0 0 0 10 0 51 45 0 0 0 0 0 38 0 0 0 30 0 48 0 0 0 49 0 90 0 25 0 0 0 0 0 0 0 0 0 0 0 0 0 0 0 0 0 0 0 0 0 0 0 48 0 53 0 0 81 78 0 0 0 99 0 0 0 0 0 0 0 0 0 0 0 0 5 0 30 0 0 9 0 0 0 0 14 13 0 0 0 12 0 0 0
0 0 66 0 0 0 0 0 0 0 0 0 54 0 4 0 0 44 0 0 0 17 0 0 31 0 0 0 0 21 34 0 0 0 0 49 0 18 0 36 0 97 60 0 0 11 0 0 43 0 0 0 0 71 0 0 0 0 4 0 0 24 0 0 0 0 0 0 0 0 98 0 19 0 0 22 0 0 0 90 97 87 24 0 22 0 0 88 63 0 0 0 0 0 77 0 0 0 0 0
0 0 0 0 0 70 0 0 0 0 0 0 0 0 82 0 79 87 0 50 0 87 0 0 68 0 0 52 18 35 0 0 0 64 0 0 0 0 0 0 0 69 0 0 0 0 90 0 54 0 0 68 0 0 0 0 0 0 76 0 0 0 0 0 54 0 0 0 41 0 0 0 0 0 0 0 7 0 41 0 0 35 0 0 0 0 0 43 70 0 60 0 24 76 0 72 0 0 0 56
0 0 0 0 0 0 0 4 0 0 0 25 61 0 0 0 0 0 0 44 0 0 0 0 0 0 0 0 0 0 0 91 0 1 0 0 0 0 0 0 0 0 0 0 0 0 0 0 0 0 38 0 0 0 0 0 0 0 0 62 0 0 0 0 0 0 0 0 0 0 0 0 0 0 0 0 0 0 0 0 83 0 0 0 0 0 80 0 0 0 0 8 0 0 38 0 0 0 0 0
62 0 0 0 0 64 0 0 0 0 0 0 0 0 0 0 0 0 0 0 73 68 0 0 0 0 0 0 0 0 54 0 71 98 0 0 95 0 0 0 27 0 0 0 0 0 0 0 65 0 0 0 46 0 0 0 0 0 51 0 0 0 0 0 0 0 21 10 0 79 85 0 0 0 0 0 0 0 70 0 0 28 0 0 0 0 14 0 69 0 0 0 0 0 0 0 0 0 0 9
57 0 0 0 99 0 0 32 0 0 0 22 9 0 0 0 0 32 0 0 25 15 32 70 0 0 0 0 0 0 0 0 0 0 0 0 0 0 22 0 75 0 0 0 0 0 0 0 37 0 0 0 0 0 83 0 0 0 0 0 0 0 0 0 0 0 90 57 0 0 0 0 0 0 0 0 0 0 0 0 0 0 0 0 0 0 0 0 12 0 0 0 0 22 0 0 12 0 21 0
0 2 0 0 0 0 60 0 0 0 56 0 0 0 77 0 0 0 2 0 0 0 0 0 0 0 0 0 10 0 0 0 0 30 0 0 0 58 45 0 72 0 0 0 69 99 0 0 0 0 0 71 0 0 0 67 87 0 59 96 0 0 0 0 0 0 0 1 0 0 54 0 18 0 0 0 0 0 0 19 17 0 0 5 66 0 3 76 0 0 0 0 62 0 53 0 4 0 0 0
3 23 0 59 0 86 0 0 25 0 0 0 0 0 0 0 0 0 13 0 0 1 0 0 16 0 0 0 0 0 0 46 29 0 0 0 77 0 37 0 74 0 0 0 0 0 0 15 0 0 28 0 95 0 0 0 0 0 0 0 0 0 0 0 0 0 0 0 0 0 0 0 8 0 0 0 0 0 0 0 0 0 30 0 75 99 0 0 0 79 0 0 0 0 11 12 0 0 38 0
0 74 0 0 15 0 95 0 22 0 0 0 0 0 0 0 59 0 0 0 0 0 50 0 0 0 0 0 0 0 39 0 0 0 0 0 75 0 27 0 0 0 0 52 0 0 0 0 0 0 0 0 0 0 0 64 80 0 0 0 0 0 0 0 0 0 27 56 0 70 0 74 40 0 0 0 0 0 0 0 34 0 0 0 0 0 53 0 73 59 0 0 24 0 70 26 0 0 0 0
0 0 0 0 0 0 0 17 0 0 0 0 73 0 0 0 0 0 0 0 0 0 0 26 0 0 0 21 99 0 0 84 0 0 0 4 0 0 0 0 0 0 0 0 13 58 0 0 0 0 0 0 0 0 0 0 0 10 0 0 57 0 0 71 0 47 0 0 0 0 0 0 0 0 0 0 0 0 0 0 0 0 0 0 24 0 0 0 83 97 34 0 0 0 0 89 0 68 10 0
69 17 0 0 0 0 6 0 30 0 0 0 0 0 0 0 0 0 0 3 30 18 0 10 8 0 0 0 0 0 0 0 0 0 33 0 0 0 0 86 0 0 0 75 23 4 0 0 0 0 78 0 54 41 0 94 0 0 94 0 0 0 89 0 0 76 0 0 0 0 0 0 47 0 83 0 0 0 0 0 0 0 9 0 0 0 71 29 44 0 0 0 0 0 0 0 0 0 0 95
24 54 0 0 65 66 0 5 0 0 0 0 58 91 0 0 96 0 0 0 0 0 16 91 0 0 0 33 38 0 0 0 0 64 100 0 0 28 0 0 0 0 0 63 0 1 0 0 56 0 0 0 2 42 97 0 0 0 72 0 0 0 42 0 0 0 0 0 0 91 0 0 0 42 0 0 0 0 0 0 32 96 41 9 0 0 0 0 0 0 0 0 0 0 0 0 0 0 0 4
0 11 0 0 35 0 0 0 0 0 0 0 0 7 0 0 74 20 0 0 0 0 0 0 0 0 0 0 0 0 0 82 0 0 0 0 80 96 99 0 0 0 0 45 94 0 0 6 0 38 0 0 0 87 0 42 0 0 0 0 0 0 0 0 0 25 0 0 0 0 0 50 0 65 25 0 0 0 0 0 0 49 0 0 45 10 0 0 0 0 0 0 0 0 44 0 0 0 0 0
0 0 48 0 80 0 0 0 0 0 19 0 4 0 0 0 41 0 0 0 8 50 0 0 84 100 18 43 0 0 69 16 0 80 0 0 0 64 0 0 31 81 0 0 80 0 70 0 0 7 51 68 0 0 0 0 0 0 0 0 0 0 42 12 0 34 60 0 0 0 0 0 0 0 0 0 0 0 73 0 0 52 0 0 0 0 74 0 71 0 0 0 0 69 69 0 0 0 0 0
33 0 0 0 67 73 0 0 0 14 0 88 0 0 61 75 98 0 0 51 0 0 68 0 1 0 0 0 26 0 0 0 0 0 0 50 0 0 0 0 0 0 0 0 65 0 68 0 0 85 0 48 0 13 0 0 0 11 0 17 27 0 0 0 0 0 0 65 0 0 0 0 0 0 0 0 13 98 0 0 0 0 0 38 0 0 0 0 0 0 85 0 20 0 0 0 0 52 43 0
13 0 0 0 0 0 0 0 24 0 0 0 63 0 0 0 0 0 18 0 0 23 0 0 0 0 0 0 7 0 0 0 0 0 0 0 0 0 0 34 97 0 17 0 0 0 0 0 0 0 64 99 0 0 0 24 0 0 56 32 0 0 0 47 17 46 0 0 0 0 0 0 91 0 0 35 0 0 0 70 0 0 0 0 0 26 0 0 0 0 0 0 0 0 0 51 0 0 0 0
0 0 0 68 82 0 0 0 0 0 0 0 13 16 82 0 0 0 0 0 0 0 0 88 0 0 0 0 0 0 0 0 0 0 100 0 0 0 0 0 0 22 0 0 0 0 61 0 0 0 0 11 0 0 0 0 0 0 0 0 67 0 0 0 75 0 0 0 0 0 0 0 0 0 0 0 0 0 48 0 0 0 9 0 0 0 0 80 98 0 0 0 0 48 0 60 0 0 0 0
0 0 0 0 0 78 0 0 0 11 0 83 0 0 57 0 0 0 0 0 0 0 0 0 0 0 0 40 0 72 0 0 0 25 0 0 0 0 74 85 0 0 68 0 0 0 0 0 0 95 0 0 87 59 0 0 0 0 0 0 0 0 28 99 0 0 0 0 0 49 0 0 0 10 36 15 0 97 0 0 98 100 21 76 0 0 11 0 0 0 72 8 0 0 0 0 0 0 0 82
45 66 0 0 0 0 0 0 0 0 0 0 0 5 60 0 0 0 0 80 0 0 0 0 0 0 0 0 0 5 0 0 0 0 55 39 0 0 0 0 0 9 45 56 27 4 0 0 0 0 0 0 0 0 0 81 0 0 0 0 0 0 68 0 0 0 0 0 94 0 50 0 0 0 75 0 0 22 0 0 0 0 0 0 0 0 0 76 0 0 0 65 0 0 90 46 0 0 0 8
0 0 0 0 0 0 0 0 0 0 0 74 37 50 0 0 0 0 0 42 0 0 0 0 0 0 0 10 0 0 0 77 0 88 68 37 0 0 0 0 0 76 0 0 0 0 67 6 0 0 35 0 1 0 0 0 77 3 0 3 100 0 35 0 0 0 0 0 0 69 0 0 0 0 0 0 0 8 0 0 0 0 0 0 0 0 0 90 0 0 10 32 0 0 0 0 27 81 0 0
0 0 0 96 0 0 0 0 0 0 0 74 0 0 21 0 11 0 0 0 0 0 75 0 0 0 0 0 0 95 0 0 82 0 51 0 95 0 0 71 64 0 0 0 0 0 23 0 0 0 0 0 0 0 0 0 76 50 0 64 64 0 0 0 38 37 0 0 0 0 0 0 0 0 0 0 0 0 0 0 0 0 59 0 0 0 0 0 0 96 0 46 0 54 0 48 0 0 0 0
0 0 0 61 0 46 15 0 0 24 0 0 99 91 0 0 35 0 0 0 0 0 0 0 0 72 0 0 0 0 0 49 43 0 0 0 0 0 0 0 0 0 0 17 0 0 69 0 0 0 98 0 0 0 0 56 83 0 21 0 0 0 0 76 17 0 55 12 0 0 0 0 0 0 30 74 0 0 0 0 0 0 35 0 0 0 0 0 0 0 7 0 0 0 0 0 72 89 0 0
0 0 0 0 0 24 0 0 0 0 85 0 0 0 0 70 0 0 0 0 0 0 0 0 0 22 0 0 48 0 0 0 0 0 0 9 0 0 0 90 86 0 89 11 31 0 69 32 0 0 95 69 5 0 0 0 29 45 0 0 0 41 98 0 0 0 0 0 0 99 0 45 0 0 0 0 47 95 0 0 0 0 0 0 0 0 0 0 84 0 0 0 0 0 66 0 62 13 0 0
0 0 0 61 0 0 0 0 0 29 0 0 0 0 0 0 0 0 0 0 0 85 0 97 0 0 0 0 4 0 0 0 69 0 54 94 0 97 0 0 0 49 12 10 86 0 0 91 0 0 74 0 0 0 0 0 0 0 0 0 0 0 0 0 0 40 0 57 0 0 84 75 0 0 86 0 0 0 0 0 0 58 0 0 74 0 100 16 0 0 0 0 0 0 64 46 0 0 0 50
0 0 0 0 0 0 0 0 0 0 0 0 0 38 55 45 0 96 75 0 0 0 0 0 0 0 0 0 0 0 0 0 0 0 0 0 0 0 0 0 0 0 0 57 0 58 80 83 37 0 0 0 0 0 7 98 41 0 0 0 33 0 0 0 0 0 0 0 73 0 0 0 41 16 23 14 0 0 50 0 0 0 0 17 0 47 0 69 0 98 0 0 0 0 0 17 0 21 0 0
0 7 0 43 0 25 0 0 0 0 67 0 30 0 0 0 0 0 0 0 24 0 0 0 0 0 20 0 0 0 0 77 0 0 0 0 0 0 0 0 0 0 0 0 0 61 0 0 0 0 0 0 9 81 36 0 36 0 0 0 0 0 0 0 0 5 0 0 0 0 33 0 0 0 0 0 0 0 21 91 0 97 0 0 0 92 0 0 44 63 0 0 0 77 22 0 0 0 0 0
0 0 24 0 0 0 0 0 11 0 0 0 95 0 0 34 0 0 0 1 73 44 0 0 0 0 0 0 0 0 0 0 0 38 0 0 0 0 0 0 0 0 86 0 0 0 0 59 0 0 0 28 0 0 67 0 0 0 27 89 35 0 0 0 0 0 0 0 0 0 0 0 53 0 0 0 0 0 98 0 71 0 0 0 16 76 0 0 0 53 0 42 0 0 0 0 64 0 0 0
0 91 15 0 0 72 0 0 14 0 0 0 0 0 0 0 0 0 0 0 0 11 0 0 62 0 0 0 0 0 0 0 0 0 0 89 47 0 0 0 0 0 0 0 0 0 0 0 0 0 0 95 0 0 90 10 0 0 0 0 0 44 0 98 45 0 0 0 0 0 0 0 0 0 98 100 44 21 50 86 0 30 0 34 0 0 0 0 0 80 67 28 0 0 0 29 0 22 0 93
0 0 0 40 0 98 32 0 11 43 0 0 0 0 0 0 0 45 0 0 0 0 0 0 0 33 43 0 0 33 0 0 0 5 96 0 0 55 18 0 0 8 62 0 0 4 0 0 0 0 0 56 0 0 0 12 0 0 71 0 0 0 0 0 10 0 0 0 0 0 0 0 0 0 0 0 0 0 0 43 82 0 0 0 0 0 0 0 0 0 0 0 0 0 0 0 52 20 0 0
0 0 0 0 34 0 0 0 0 25 0 3 98 44 0 0 0 0 0 0 0 0 0 0 0 0 0 0 0 0 0 75 0 0 0 0 0 0 75 0 0 0 0 0 0 0 0 0 0 25 0 0 54 0 0 83 66 0 0 48 0 0 0 0 0 0 0 85 0 52 0 0 0 0 0 60 0 0 0 0 0 0 0 0 0 0 7 33 0 31 0 0 0 56 0 26 0 0 0 76
26 75 0 57 0 0 77 0 29 0 0 0 0 0 0 36 40 0 0 34 0 0 0 0 0 0 83 97 0 0 0 0 55 0 13 54 0 33 0 52 0 12 2 0 0 0 0 74 0 78 0 0 0 71 0 0 42 0 0 0 28 15 0 0 71 47 0 79 0 0 26 0 0 0 37 50 0 0 0 0 0 0 0 0 0 0 0 78 0 0 14 0 0 0 29 29 0 0 0 0
0 0 0 0 95 0 0 53 0 0 17 23 17 0 0 0 0 0 0 0 0 0 0 55 0 0 0 0 0 0 0 0 0 0 0 0 86 0 0 0 88 40 0 0 45 0 0 0 0 0 0 0 0 0 0 0 0 0 41 0 0 0 0 0 0 0 6 0 44 0 0 42 0 0 75 0 0 41 0 0 0 0 0 0 56 0 0 0 0 0 0 0 0 0 0 0 5 93 0 0
0 49 0 0 0 0 0 0 0 0 85 0 0 0 0 42 87 0 0 0 0 0 0 0 0 0 0 0 0 8 0 0 0 0 65 0 0 0 31 0 28 0 0 0 0 0 9 0 0 47 0 25 0 0 0 33 0 0 0 97 0 0 0 0 0 7 0 45 94 0 0 0 0 0 0 14 53 0 0 0 0 0 0 0 0 0 44 1 0 0 0 26 0 72 0 0 0 0 0 0