100
0 0 0 0 0 0 0 0 0 0 0 0 0 0 72 28 98 0 0 0 0 0 73 0 0 0 0 0 0 60 79 0 0 0 56 0 0 0 82 0 0 0 0 0 0 63 0 0 0 46 0 0 0 0 0 0 0 0 0 0 0 53 0 0 0 0 0 0 35 0 65 0 0 0 0 0 33 90 0 0 0 0 0 0 0 0 6 0 9 0 0 0 0 0 0 25 0 43 0 43
0 0 0 0 0 0 0 0 0 0 0 0 0 85 14 0 0 0 0 0 0 0 0 0 0 0 0 15 0 20 0 0 0 0 0 89 0 0 0 0 77 86 0 0 0 31 0 0 0 32 0 0 0 0 0 0 0 0 0 0 0 0 0 0 18 0 61 90 0 0 0 0 0 51 0 1 0 0 41 0 61 2 0 0 23 0 0 0 98 0 0 0 0 0 72 0 0 0 0 0
63 86 0 100 99 82 0 0 0 0 0 0 0 0 0 67 0 29 0 0 0 0 0 0 58 0 0 0 23 32 27 0 0 52 0 0 0 0 89 95 0 0 0 0 0 0 0 8 0 0 0 38 27 0 0 62 0 0 0 0 0 0 0 27 0 0 0 0 0 0 0 42 23 0 58 0 0 46 0 0 0 50 0 0 0 0 31 58 90 68 0 0 0 68 0 0 0 0 0 0
0 78 0 0 0 0 7 0 0 0 0 0 0 0 0 0 0 0 0 0 0 96 0 95 0 0 0 0 0 0 0 0 0 0 0 43 0 0 0 0 0 0 0 0 0 0 0 0 0 0 0 0 0 0 0 0 0 0 99 0 28 0 0 0 0 6 0 0 97 0 27 0 0 11 0 38 0 0 0 0 78 0 0 0 0 0 0 0 33 40 0 0 31 0 0 0 0 0 0 85
0 0 38 0 0 0 3 0 71 55 0 0 0 0 0 0 0 6 0 0 0 0 7 75 96 0 0 98 88 94 0 0 28 31 0 48 0 0 0 0 0 23 33 0 0 0 0 0 13 0 5 0 0 32 0 0 0 0 93 0 0 0 18 0 0 0 48 84 0 0 4 0 0 38 0 0 46 0 0 0 0 0 0 0 0 25 0 59 0 0 0 0 40 0 0 0 0 0 0 0
0 0 100 0 0 0 0 0 68 0 0 50 0 0 0 0 78 0 36 0 0 0 39 0 0 0 0 0 71 0 99 0 0 0 0 0 69 0 0 0 0 0 65 0 90 0 0 15 0 0 85 0 0 0 0 0 56 0 0 0 0 0 5 0 67 35 0 0 0 0 60 0 0 72 0 27 2 0 53 0 0 0 0 0 0 0 0 0 0 72 14 0 39 0 0 0 0 0 0 0
0 0 84 0 15 0 0 0 0 0 0 0 0 0 64 0 0 68 0 60 0 0 0 0 0 0 36 25 55 0 23 0 0 0 0 0 0 75 0 0 0 0 0 34 0 0 64 0 98 0 0 0 0 0 31 0 28 0 0 0 0 0 0 0 0 0 0 2 0 0 0 0 26 22 0 0 0 98 0 0 4 0 0 0 0 28 0 0 76 0 0 0 0 0 0 0 0 0 0 0
0 78 0 77 81 0 64 0 0 0 0 0 53 35 64 0 0 0 0 0 0 0 0 0 76 0 0 0 0 74 0 0 0 0 0 31 0 0 30 5 0 0 0 0 0 0 69 0 0 0 0 0 0 0 0 0 0 0 4 2 0 0 0 0 0 0 0 52 0 0 0 0 0 0 0 0 0 0 0 0 0 0 91 42 55 0 0 0 0 7 0 86 0 0 0 42 0 0 0 95
36 0 0 0 0 0 27 0 0 42 0 0 0 68 0 67 0 0 55 82 0 0 17 0 0 0 0 0 0 38 69 67 43 0 92 0 45 0 0 0 0 16 93 38 0 0 0 17 0 4 0 0 0 0 0 88 0 0 0 0 0 7 0 0 0 0 0 0 0 0 0 0 0 0 0 98 0 0 0 0 0 0 0 0 0 0 0 0 94 89 97 0 0 26 0 0 0 2 74 0
34 94 59 0 88 0 0 0 0 0 0 0 72 56 0 0 0 0 0 0 0 49 0 0 0 0 0 0 0 0 18 58 92 14 0 0 0 0 8 0 0 0 0 0 0 0 0 0 0 0 0 0 65 0 0 0 0 0 0 0 0 44 0 50 0 0 0 0 71 0 0 0 0 89 2 0 0 0 4 96 0 93 0 0 0 0 0 0 16 0 0 0 0 0 0 0 0 0 0 0
0 0 0 0 0 0 0 0 0 87 0 0 0 39 0 0 0 0 0 0 98 0 0 0 26 0 99 0 0 92 0 0 0 0 0 33 0 75 0 0 0 70 0 0 54 0 0 0 0 0 0 0 0 0 0 7 0 0 0 0 0 31 0 0 0 0 37 19 0 0 0 0 43 52 37 0 0 0 0 0 0 0 0 6 0 11 0 0 86 64 95 0 0 18 0 0 0 0 69 15
0 0 0 0 55 0 0 0 0 0 0 0 0 0 0 0 0 0 0 0 0 0 0 0 0 0 0 0 0 0 57 0 0 0 0 0 48 0 0 55 0 0 0 0 0 0 0 80 0 0 0 0 0 29 0 0 54 19 0 0 0 47 0 0 0 0 0 0 44 0 0 0 0 56 0 0 0 0 0 0 0 79 0 0 0 0 0 0 0 0 49 0 96 0 25 2 0 0 0 0
0 0 0 49 0 0 73 0 0 0 0 0 0 1 0 0 0 12 0 0 0 0 0 39 92 0 93 0 0 63 0 0 0 0 0 0 0 64 0 39 0 43 0 0 0 0 0 38 0 0 68 20 0 52 81 0 0 0 0 0 0 0 0 65 0 0 0 48 0 0 70 38 0 0 57 0 0 69 0 18 0 0 0 0 100 46 0 45 0 0 32 0 0 0 0 15 0 0 0 59
0 0 85 0 0 0 0 0 45 0 0 0 0 0 0 0 71 27 0 0 0 0 0 0 0 0 0 0 0 0 0 68 0 0 71 97 26 0 0 20 0 39 0 0 72 0 0 0 0 0 77 0 0 0 66 0 0 0 0 82 0 28 0 0 24 0 0 0 0 79 0 69 0 0 0 0 0 30 90 74 0 0 0 0 96 0 0 53 0 76 92 0 0 63 0 0 0 0 36 0
0 0 0 0 34 0 0 68 38 0 23 0 0 0 0 0 0 81 85 97 16 0 0 0 52 0 0 36 0 5 0 0 0 0 0 0 0 0 0 27 0 0 70 0 0 4 65 97 37 0 0 48 0 0 0 51 0 0 0 0 0 0 0 0 0 0 0 90 4 0 0 0 0 0 0 0 0 0 0 0 0 0 0 0 0 0 37 0 0 0 0 0 0 0 0 0 0 0 0 0
0 0 47 0 44 55 0 35 0 31 0 0 0 0 0 0 0 0 0 0 1 0 0 0 0 0 0 0 0 84 0 26 0 0 1 96 17 0 98 0 0 0 0 0 0 0 0 0 42 22 0 41 0 0 93 0 0 0 0 0 0 15 0 0 0 0 0 0 17 0 0 0 0 96 0 0 0 0 0 30 0 27 0 0 0 0 0 0 0 0 0 74 0 0 0 85 0 0 0 0
67 0 0 0 0 0 0 0 52 16 0 49 0 68 0 0 0 0 65 0 0 0 0 0 0 93 0 0 0 11 59 0 0 0 0 0 0 0 0 0 1 62 0 0 0 0 68 0 64 22 0 0 4 0 0 0 0 0 0 0 0 0 61 40 0 0 0 49 0 0 21 62 0 0 0 0 0 0 68 0 0 54 0 4 0 0 0 0 0 86 0 0 0 37 0 0 0 0 4 0
0 0 49 0 0 0 0 0 0 7 19 0 0 0 86 0 0 0 0 0 0 0 0 0 0 81 0 21 10 0 0 1 83 0 93 0 0 0 0 0 0 47 21 0 0 0 0 0 0 0 81 0 0 0 88 76 18 0 0 0 0 0 0 0 0 0 0 0 0 0 0 0 0 0 0 0 0 0 0 0 0 88 0 0 0 0 0 90 0 0 0 0 0 0 0 0 0 0 0 0
0 0 0 0 76 46 0 64 0 4 0 0 0 0 0 0 0 0 0 16 0 0 95 17 0 40 86 0 0 0 0 0 0 0 0 0 0 0 0 0 0 0 0 0 0 0 0 0 0 0 0 18 0 0 0 0 98 29 0 47 0 0 0 0 0 13 20 49 0 22 94 0 0 0 0 0 0 0 43 0 57 0 57 0 0 0 0 0 0 0 0 0 29 0 0 60 39 0 88 0
0 0 0 0 0 0 0 21 0 0 0 35 0 0 0 0 0 0 0 0 88 43 0 0 0 0 0 76 0 0 0 0 42 0 0 0 48 8 0 78 0 54 0 0 0 0 0 0 0 76 79 0 0 0 0 0 90 26 0 0 0 0 0 57 0 34 0 0 0 0 0 0 0 0 0 0 0 0 0 0 0 72 0 12 0 0 1 0 0 0 0 86 21 0 0 71 0 0 75 77
0 0 0 0 0 0 0 0 0 0 0 63 72 34 0 0 0 0 0 0 0 28 0 0 0 0 0 85 94 0 71 0 0 0 92 0 0 0 97 0 0 0 0 0 0 0 0 0 3 0 73 0 0 0 0 0 0 0 83 0 0 0 0 0 0 0 0 27 82 0 0 0 0 0 94 54 0 0 0 0 92 26 0 25 0 25 62 0 0 0 0 0 0 0 0 0 0 0 0 0
0 0 81 96 53 0 0 0 0 0 11 11 0 90 72 93 0 69 0 0 0 0 27 0 0 0 0 0 0 0 0 0 0 60 0 0 86 18 0 89 0 0 81 0 0 97 0 34 0 0 0 0 0 0 0 69 56 0 15 77 0 0 0 0 61 33 0 0 78 0 0 0 35 0 0 0 70 0 0 0 93 0 0 0 26 0 0 72 0 0 39 0 93 0 0 0 0 0 0 67
0 45 0 0 0 41 90 0 0 0 28 0 0 88 0 0 0 81 0 0 0 53 0 0 0 15 0 0 0 5 0 0 100 0 0 0 0 0 0 0 0 98 0 0 0 0 18 31 0 57 0 73 56 0 0 0 0 0 35 0 100 0 0 43 11 45 0 40 0 0 0 0 0 0 0 0 0 6 31 0 0 0 0 0 0 0 0 62 0 0 0 56 48 0 0 0 61 0 0 0
0 0 0 66 77 39 64 22 0 0 0 0 0 0 0 0 59 0 0 0 60 0 0 0 45 0 0 0 0 0 0 0 39 0 0 0 0 0 0 0 93 0 53 7 34 0 0 0 0 0 0 0 0 0 43 0 0 47 0 0 0 0 0 0 0 67 0 39 0 58 0 0 9 0 0 0 0 0 0 0 0 0 0 40 0 0 0 0 0 0 0 0 0 97 12 63 0 0 0 0
0 0 0 0 68 0 0 0 0 0 89 0 0 0 0 0 31 6 0 1 43 0 0 0 0 0 0 0 0 0 12 0 0 0 0 0 0 58 16 55 0 0 0 0 98 0 0 17 0 0 93 37 3 17 0 22 0 0 10 0 0 38 0 0 66 0 0 0 0 0 75 0 0 0 91 0 22 97 13 0 0 0 0 73 0 0 0 0 0 0 10 0 0 0 0 83 0 0 17 0
0 0 0 0 0 0 0 0 0 0 0 65 21 0 0 0 27 0 0 0 0 15 87 0 0 0 0 0 30 0 34 0 2 0 0 0 0 0 0 0 0 0 0 0 0 0 0 0 0 0 0 17 0 0 0 0 0 0 0 0 0 0 0 0 24 80 0 37 65 0 0 0 0 0 0 0 0 48 93 0 6 57 0 0 0 42 39 0 4 40 0 0 58 25 27 0 0 0 0 0
97 0 12 0 33 0 0 0 0 0 0 86 0 0 0 74 0 69 0 0 93 0 0 0 0 0 0 0 0 0 0 0 22 9 0 0 0 0 94 0 0 34 0 0 0 0 0 0 0 62 36 0 0 0 74 0 42 0 0 0 0 0 0 69 0 27 0 0 0 0 0 1 55 0 0 0 0 0 84 0 12 0 0 0 0 0 0 12 66 0 0 0 98 97 0 68 62 60 0 0
0 0 48 93 43 0 0 0 0 0 0 0 2 0 0 0 1 74 0 0 13 62 6 0 3 0 0 0 0 0 18 78 0 0 95 11 0 78 0 0 0 37 24 0 0 0 0 0 67 2 0 0 19 0 0 0 0 0 80 0 0 0 49 0 8 0 0 0 0 55 0 0 0 0 0 0 0 0 11 0 0 0 94 0 0 0 0 0 56 0 0 0 0 27 0 0 0 0 0 0
0 0 13 0 0 0 0 0 0 0 0 0 0 0 0 16 85 0 0 63 0 0 0 0 64 0 52 0 0 0 0 63 0 0 0 0 0 43 0 0 0 0 74 0 0 0 0 95 42 0 0 0 0 15 0 39 66 47 0 0 0 81 0 0 0 0 5 0 0 0 0 0 0 6 0 0 0 0 41 0 0 0 88 0 0 0 0 2 0 0 0 0 1 0 0 0 0 0 0 0
0 0 0 0 0 0 99 73 100 0 0 0 0 0 41 0 1 0 0 41 0 0 95 0 0 0 81 13 0 0 20 0 0 0 0 0 8 0 0 47 0 0 0 0 36 12 0 0 39 0 97 0 68 0 0 62 13 0 0 0 0 17 0 70 0 0 0 3 0 13 0 42 0 0 0 0 6 25 0 0 0 0 0 89 0 12 0 76 0 0 0 0 90 23 0 0 0 0 46 0
0 0 14 0 15 0 71 0 64 82 11 0 0 0 41 29 0 0 70 0 0 0 5 34 0 85 0 73 62 0 0 0 0 0 0 0 0 0 61 0 0 0 0 31 0 65 0 0 0 20 61 0 0 0 0 0 0 0 0 15 50 0 0 0 26 63 0 50 0 0 0 56 0 0 0 0 0 31 0 0 0 0 0 0 0 42 0 99 0 0 0 0 0 0 0 0 20 0 0 0
0 0 71 0 0 0 2 0 0 0 0 0 84 0 36 0 0 95 48 0 0 0 82 0 0 66 23 0 76 0 0 0 0 0 0 38 0 0 0 0 0 72 0 41 0 70 0 41 0 0 0 0 0 0 0 0 0 0 0 0 0 0 0 0 28 0 0 0 0 0 0 76 45 0 71 0 0 0 0 0 0 78 0 0 38 0 0 0 56 12 99 0 0 0 0 51 73 0 0 0
0 0 0 0 82 0 0 0 0 0 0 0 0 0 0 3 17 20 0 0 0 0 0 0 0 0 0 56 0 0 0 0 0 0 0 0 0 77 94 0 0 0 0 0 83 0 0 74 25 0 0 0 10 82 38 0 0 7 0 0 0 78 0 0 0 0 0 75 0 0 66 0 0 0 0 0 0 0 12 95 0 0 0 0 85 0 0 86 0 0 0 0 21 0 0 0 44 0 55 0
0 0 0 55 0 0 0 0 0 0 0 0 0 0 0 0 0 33 0 0 22 0 9 0 0 0 0 0 0 0 0 0 0 0 0 0 0 0 0 0 0 0 0 23 0 0 0 0 0 0 0 75 0 0 0 0 68 0 0 0 80 0 0 76 71 27 0 0 0 0 0 0 0 38 29 0 0 0 0 0 0 0 0 13 0 0 0 0 0 54 0 28 0 0 0 70 0 0 0 99
0 0 0 0 63 0 54 0 0 0 0 0 0 0 0 80 84 0 26 83 0 0 0 0 0 0 0 31 0 0 0 97 0 49 0 0 0 0 0 0 0 0 0 0 0 58 11 0 0 0 0 0 0 82 0 0 0 57 0 21 90 0 100 0 0 0 0 0 76 0 77 0 0 0 0 0 0 0 0 52 0 87 0 0 65 0 41 0 0 0 0 0 25 0 0 0 22 0 0 0
0 0 0 30 68 0 77 0 0 32 0 0 0 0 0 0 56 69 35 0 0 0 0 0 0 0 0 0 0 83 0 0 0 0 0 0 0 0 0 0 7 0 0 83 69 6 0 0 74 42 0 0 42 0 66 0 0 0 0 0 0 0 0 0 26 0 0 0 47 0 0 94 0 0 0 0 0 0 0 0 0 0 71 0 0 0 15 0 0 0 0 0 0 0 0 55 0 1 0 0
2 60 27 0 0 0 6 0 0 0 42 0 0 0 0 7 0 0 0 0 0 0 0 0 0 0 0 0 0 0 0 0 0 0 0 0 0 0 0 29 0 0 0 0 0 0 0 0 0 83 0 0 0 0 0 0 0 68 32 0 0 75 0 16 0 0 0 0 0 0 0 0 0 0 0 68 0 0 0 0 0 0 0 99 0 0 45 0 95 0 0 48 0 77 0 38 0 25 0 52
0 0 0 0 0 0 0 0 0 0 0 25 68 0 11 0 85 0 0 0 0 64 0 0 18 0 0 0 18 0 20 0 0 0 0 0 0 0 100 0 24 51 46 0 0 43 0 0 0 0 0 0 0 24 0 0 69 0 0 0 4 0 7 0 0 0 73 0 0 0 0 0 0 27 17 0 0 0 0 0 0 0 0 0 0 0 34 0 0 0 0 0 0 49 0 0 18 83 0 0
0 0 0 0 0 0 38 55 0 0 13 77 0 54 68 0 0 0 0 17 0 0 0 0 0 0 0 48 0 79 0 0 48 0 95 0 96 0 0 0 0 32 0 0 0 0 35 0 0 0 0 0 0 0 0 0 55 0 0 0 0 0 0 0 0 0 0 0 0 0 0 0 23 0 0 0 0 0 43 0 0 0 0 0 0 58 43 0 0 0 0 0 0 0 41 0 0 0 0 0
0 55 0 0 0 0 68 0 41 0 0 0 0 58 0 0 59 0 0 0 0 84 8 0 0 51 0 0 0 0 0 0 0 0 0 0 86 0 96 0 0 0 0 0 0 0 0 91 0 0 71 0 0 0 0 0 32 95 94 53 0 0 0 0 0 95 0 0 46 0 0 0 0 90 0 0 41 46 0 0 0 11 0 0 74 0 68 0 40 87 51 52 7 0 0 22 0 0 19 0
0 62 38 0 87 0 0 0 0 87 0 0 0 0 0 0 0 24 0 98 0 0 80 46 0 0 0 0 0 0 0 0 0 66 0 0 0 0 0 0 0 0 0 0 0 0 0 4 0 0 0 0 0 7 0 0 0 0 0 0 0 52 0 38 0 0 0 88 21 0 0 65 0 0 0 0 0 0 0 20 0 0 55 0 42 0 0 0 0 0 21 0 0 88 0 9 0 0 10 0
1 0 20 0 0 0 0 81 0 25 59 0 0 90 0 56 16 0 0 0 0 0 0 6 0 0 55 91 0 0 0 0 0 5 0 0 0 0 0 70 0 0 7 0 0 0 0 0 78 62 83 0 96 0 55 0 0 59 0 0 0 0 0 95 0 0 0 0 0 0 0 71 0 45 0 0 85 0 0 0 0 0 0 0 20 0 0 0 0 0 0 0 65 0 0 77 0 0 0 0
89 99 0 0 29 0 0 0 0 0 93 15 0 0 0 0 0 0 0 41 0 87 93 0 96 0 0 0 0 0 0 0 0 0 0 0 0 0 0 24 0 0 0 0 70 0 27 0 0 0 0 0 11 0 0 0 0 0 0 0 0 0 0 0 0 0 97 12 0 53 0 0 0 20 0 0 0 0 0 0 0 0 0 0 0 0 0 0 0 0 99 0 0 0 50 0 43 0 0 0
69 0 0 0 0 0 17 0 82 0 92 51 0 49 0 0 0 7 0 0 5 43 0 10 0 0 2 0 0 0 0 0 0 0 0 0 0 0 57 0 0 0 0 0 33 0 0 0 0 89 0 0 0 0 0 48 0 0 0 0 0 0 0 54 0 0 0 67 0 0 0 0 0 0 0 0 0 0 0 0 7 35 0 53 63 0 0 92 92 0 0 0 0 0 0 13 0 0 0 0
0 0 0 0 0 0 15 0 0 0 3 0 42 75 0 2 0 0 95 0 0 72 0 29 0 2 0 0 0 0 0 0 0 54 57 0 0 38 0 0 4 0 0 0 0 0 86 0 0 34 0 50 0 0 0 0 0 5 0 0 0 0 0 19 0 0 0 0 0 0 0 0 0 0 0 8 0 0 6 0 62 73 4 0 0 0 0 0 0 0 82 0 0 0 0 0 0 33 17 0
52 0 63 34 0 34 0 0 0 0 0 0 0 0 0 0 0 0 0 14 0 0 0 47 0 44 49 0 0 0 71 0 0 0 14 0 0 0 0 0 31 0 0 5 0 0 0 0 54 0 0 95 17 0 0 0 34 0 0 0 0 0 0 2 0 0 0 0 61 0 0 0 88 98 47 0 0 0 12 60 0 0 0 0 0 0 0 73 0 75 78 0 0 0 0 0 0 44 60 0
0 0 0 0 64 0 0 26 0 42 0 0 0 0 0 92 85 0 0 0 0 0 0 0 0 0 1 0 0 0 73 0 75 0 0 22 0 0 86 0 0 0 0 0 0 13 0 0 15 22 0 71 0 0 0 0 38 0 0 0 0 0 0 0 0 0 0 0 0 0 0 0 52 64 100 0 0 0 0 0 53 0 0 0 65 71 0 0 0 0 0 0 0 6 0 23 0 0 0 0
0 0 30 0 0 0 79 0 0 0 0 0 0 31 0 0 0 0 0 24 0 0 0 0 0 0 0 0 0 0 91 0 0 0 0 0 0 0 0 0 0 0 0 0 58 64 94 0 87 34 0 14 0 0 0 0 0 0 0 0 0 0 0 9 0 47 0 0 0 0 12 0 0 0 0 0 1 0 0 0 0 0 65 0 0 0 0 0 0 0 14 55 0 30 0 10 0 0 85 0
0 0 0 5 0 93 0 0 0 0 47 0 0 20 0 0 4 0 13 56 0 0 0 0 0 0 0 29 88 0 71 0 0 4 0 0 0 51 34 99 0 53 0 0 19 0 0 36 0 0 0 0 0 0 50 0 47 0 0 0 66 64 0 55 0 0 0 0 83 0 0 0 0 0 0 0 0 0 20 87 0 0 0 52 0 0 0 82 0 0 0 0 0 0 0 42 45 62 0 0
27 0 0 40 0 0 0 0 0 48 0 0 0 0 0 55 0 98 0 0 0 0 63 0 0 0 0 0 66 0 26 0 0 0 0 79 0 0 47 16 2 0 0 0 0 0 27 0 0 0 35 0 0 0 0 0 0 0 0 0 0 0 0 0 0 0 0 0 0 0 0 0 0 0 0 100 0 48 0 0 0 0 0 0 0 67 0 17 56 51 0 0 53 0 73 0 0 66 0 51
65 15 61 0 0 0 0 0 92 39 36 0 0 39 99 0 73 0 0 0 0 0 0 0 17 0 27 25 0 0 0 79 0 0 0 0 0 0 82 0 79 74 0 0 0 0 0 37 0 52 0 0 0 0 0 10 0 0 0 0 0 0 0 0 0 0 0 0 0 0 0 0 44 0 0 0 0 77 0 0 0 0 0 0 0 85 0 75 0 0 0 79 0 0 0 0 0 54 0 0
0 0 0 0 0 90 0 30 0 0 0 15 0 0 39 98 0 0 0 0 0 0 0 0 0 0 0 0 0 0 0 0 0 28 0 91 0 29 0 0 0 0 0 0 0 0 0 0 0 58 0 0 0 0 0 0 61 99 0 58 0 23 0 43 0 0 0 0 0 0 0 76 0 0 0 0 100 40 0 44 18 0 0 0 80 0 0 30 0 0 11 68 0 0 0 0 97 0 0 75
35 0 0 100 70 39 0 0 0 6 87 0 0 0 0 0 0 0 0 77 0 0 0 75 0 0 0 97 7 0 0 0 0 0 0 0 0 0 0 0 0 0 14 37 0 0 0 31 0 0 0 16 0 0 9 0 0 91 0 0 76 0 0 0 77 0 97 0 0 14 0 0 0 0 0 0 91 0 0 0 0 0 0 0 5 0 0 0 0 0 0 59 86 15 0 56 0 0 0 54
0 0 0 0 0 0 0 51 0 10 72 0 0 0 0 0 0 0 0 0 0 52 77 0 0 76 0 0 0 0 0 0 85 95 0 0 7 35 0 0 53 0 0 25 18 59 0 0 0 92 99 0 66 0 0 0 0 0 0 0 0 0 0 58 0 0 0 0 0 0 45 0 50 0 0 0 100 0 0 0 0 0 0 79 12 80 0 0 0 0 39 0 0 0 0 0 0 68 0 0
0 0 59 0 61 0 0 0 0 0 0 0 0 68 0 0 0 97 0 0 0 68 0 0 0 0 0 10 0 0 0 0 0 0 90 0 0 0 0 0 0 0 0 0 0 96 68 0 0 0 0 0 34 88 0 0 90 0 52 0 0 0 0 0 0 0 86 0 0 0 93 0 0 0 0 0 0 0 0 53 0 0 0 0 0 13 0 0 34 0 0 0 93 0 0 0 0 28 0 0
0 66 0 0 0 0 0 0 0 41 0 50 21 0 0 0 66 55 0 87 0 0 0 0 0 0 0 0 98 85 0 0 0 93 0 0 0 54 0 0 0 72 0 73 0 0 0 0 46 0 0 0 0 50 91 0 0 0 0 82 0 0 0 76 0 0 0 0 0 0 0 0 0 0 0 11 0 0 5 0 0 0 0 0 0 0 0 0 0 0 0 0 0 0 0 65 65 0 0 0
97 57 82 33 0 0 67 17 0 54 0 96 0 6 0 81 0 0 0 0 0 67 0 0 90 0 0 0 0 37 0 8 0 33 13 0 0 0 38 0 0 0 0 46 0 0 0 0 0 0 0 0 0 0 0 0 0 0 0 3 0 0 24 0 0 0 51 81 0 0 0 61 58 0 0 0 0 0 0 0 0 0 0 0 0 0 87 0 0 0 79 0 0 0 0 0 22 0 0 0
16 39 0 13 0 0 0 0 0 0 0 11 0 0 0 0 54 0 0 0 0 91 0 0 0 0 0 0 0 0 0 0 0 0 0 1 0 0 0 96 88 92 7 0 0 0 0 0 72 85 0 0 68 0 89 0 0 0 38 0 0 36 0 0 0 0 0 0 0 1 0 0 0 51 0 0 13 0 94 45 0 49 0 0 0 0 96 0 0 0 0 0 0 0 0 36 0 77 79 51
0 0 0 0 0 74 0 0 0 0 0 0 58 0 0 75 69 0 0 90 0 0 0 70 69 0 0 88 2 0 31 0 42 87 0 0 95 0 42 51 0 26 0 0 0 0 4 30 0 0 0 0 0 0 0 0 0 0 0 0 0 0 85 0 0 0 0 39 0 69 0 0 13 22 0 64 0 0 61 0 0 0 71 0 0 0 0 0 22 0 0 0 0 0 61 0 46 0 0 51
0 0 0 15 0 0 96 90 0 72 0 0 0 0 0 0 24 0 0 0 54 0 0 50 0 0 0 0 0 57 0 0 32 0 0 0 73 38 45 0 62 0 0 0 0 0 26 81 0 66 69 26 0 0 24 0 0 0 75 0 36 0 0 0 0 0 0 0 0 0 0 30 0 0 56 0 0 81 97 0 0 0 61 83 0 0 0 24 34 1 0 0 0 0 0 0 89 27 0 0
0 0 0 83 0 93 5 0 0 0 0 0 0 25 0 48 0 0 0 0 0 0 0 38 0 0 0 0 0 0 17 63 0 34 0 0 0 67 54 0 0 0 0 25 0 0 0 0 10 29 0 0 0 0 0 0 0 0 85 0 0 37 0 0 0 0 0 0 0 0 0 0 0 0 18 73 50 0 0 0 53 0 0 0 71 0 0 23 49 0 0 0 0 0 0 0 85 0 0 0
0 0 82 0 0 0 0 30 0 0 99 0 0 0 64 0 60 68 0 12 42 0 0 97 0 15 0 0 0 41 28 0 0 0 64 0 0 6 0 0 41 24 50 90 0 0 0 27 0 0 0 0 18 54 0 0 0 0 0 0 0 0 0 0 0 0 0 0 90 17 0 0 0 76 35 0 0 0 0 36 0 0 0 77 0 61 0 0 29 0 0 0 100 46 0 19 0 0 0 0
44 0 0 0 0 0 0 0 0 0 0 0 0 0 0 0 0 0 0 0 0 31 0 0 0 33 0 0 0 0 0 0 0 0 0 0 74 0 2 0 0 0 0 0 0 0 0 0 28 0 47 0 18 0 0 0 0 0 0 55 0 91 0 0 95 0 0 0 0 0 0 35 100 9 0 49 0 0 16 0 0 0 3 0 82 0 53 0 0 36 0 0 0 81 0 0 34 14 10 0
55 25 0 90 0 96 0 0 0 22 61 0 0 49 0 55 0 91 8 0 0 0 0 0 0 0 0 0 0 0 0 0 0 52 89 52 0 0 75 0 0 0 0 0 28 0 0 0 0 0 18 19 0 68 96 0 0 0 0 80 0 35 0 0 0 0 0 0 0 0 0 0 92 0 0 30 5 66 0 0 0 0 39 0 0 0 97 0 0 0 28 0 0 0 72 0 0 0 0 95
0 0 44 0 35 77 0 87 0 0 0 0 0 0 0 0 0 86 82 41 0 0 0 34 0 0 0 0 47 0 0 0 0 16 36 94 0 23 0 92 0 0 0 0 0 56 0 0 20 0 0 0 0 0 0 46 0 0 0 60 0 0 0 0 0 0 0 0 0 0 20 0 0 0 0 18 0 0 0 41 0 88 0 0 0 3 0 0 0 0 0 55 98 28 0 0 0 57 0 0
0 6 0 0 8 0 0 25 0 0 0 0 0 0 0 0 97 0 20 0 0 9 0 0 0 58 0 0 82 0 0 0 46 0 0 0 0 0 0 0 0 0 53 0 0 0 0 43 0 0 0 0 19 0 0 0 0 0 0 0 29 0 0 0 0 0 0 51 0 0 0 23 0 31 38 34 0 79 0 0 0 0 0 52 0 0 0 69 0 7 0 0 65 11 82 91 13 36 0 0
0 42 0 83 0 0 0 0 64 0 73 0 88 0 99 49 0 0 91 0 51 0 0 0 29 0 28 15 0 0 0 0 0 0 0 0 0 9 4 0 0 0 0 0 0 0 0 0 0 0 0 0 0 0 0 61 13 61 55 0 0 0 0 63 0 0 0 0 0 0 0 0 0 81 0 0 0 0 0 0 0 0 0 0 32 0 0 0 77 0 15 95 0 56 24 73 0 0 0 0
0 0 54 0 0 0 6 82 0 0 0 0 0 0 74 0 0 0 0 0 0 29 0 3 0 0 0 96 0 0 0 0 0 0 76 0 0 0 0 0 14 0 0 0 0 0 0 68 0 0 0 0 0 0 0 0 13 0 11 0 0 0 0 67 0 0 13 0 0 36 0 0 29 0 0 0 0 85 43 0 0 0 0 0 0 0 0 0 0 45 0 21 0 8 0 0 0 0 0 0
0 0 34 0 0 0 76 0 0 0 0 0 0 0 0 0 0 34 0 50 0 0 0 15 0 33 0 0 0 0 80 73 0 0 0 0 0 0 25 0 0 0 0 0 11 0 0 0 0 51 0 0 0 0 0 0 0 0 31 67 0 0 77 0 52 12 0 0 0 0 0 59 0 0 0 0 84 0 0 0 0 0 36 93 0 0 0 0 65 28 0 0 0 0 0 42 21 0 0 0
0 0 0 52 0 38 0 0 0 0 0 0 0 0 0 0 0 0 0 70 0 0 0 41 0 0 3 0 0 0 0 0 0 0 2 37 0 0 0 9 22 0 0 0 1 0 0 0 0 0 0 0 0 0 0 0 0 15 0 0 43 0 0 21 96 0 0 0 0 0 0 0 15 0 0 0 0 0 0 0 0 32 0 0 0 28 0 0 0 84 60 0 0 0 0 94 86 0 0 0
0 0 0 0 0 0 82 0 0 0 0 0 7 0 0 0 0 0 0 47 0 0 0 51 0 0 0 51 0 0 0 0 0 0 66 0 0 0 35 0 0 0 0 0 0 88 0 0 0 57 0 0 42 4 6 0 32 0 0 50 36 0 0 0 0 0 0 0 0 0 0 0 78 57 0 0 35 0 0 19 0 0 0 0 0 0 0 32 0 0 0 0 0 0 0 0 31 67 87 0
0 0 0 0 0 0 0 0 30 0 0 0 11 0 0 58 0 77 0 0 0 74 73 0 0 0 72 0 0 0 93 0 0 0 0 0 0 22 0 0 0 0 0 0 0 0 0 0 0 0 26 96 98 93 0 0 0 0 22 0 0 0 0 0 0 0 0 46 67 0 58 0 0 16 0 0 57 0 0 49 0 0 0 0 0 4 45 0 0 0 99 0 9 0 0 0 0 0 0 0
0 0 66 92 0 0 0 0 0 71 0 0 0 5 0 0 48 0 0 98 38 61 0 0 0 13 0 66 79 0 0 69 73 0 0 0 66 19 0 0 0 33 0 0 83 0 0 0 65 36 0 34 0 0 0 0 0 25 25 0 0 88 0 54 0 0 0 0 0 0 0 0 0 0 60 0 0 0 0 0 0 0 0 0 93 0 0 4 5 0 15 12 0 62 91 0 0 0 0 0
0 0 83 0 0 0 0 0 0 0 0 0 0 0 89 0 0 0 31 0 0 0 0 0 0 0 0 44 20 0 0 0 17 0 0 0 44 0 0 0 0 3 0 0 0 19 0 0 95 0 0 25 0 0 28 0 0 0 97 0 0 78 73 0 0 0 96 0 0 0 0 0 47 0 94 0 78 62 0 0 0 0 0 88 11 99 0 0 0 0 0 0 0 0 0 51 0 67 0 0
0 0 0 27 35 0 0 0 0 44 0 0 0 0 0 7 0 0 54 0 70 0 0 57 61 30 0 0 0 97 31 0 0 65 0 0 99 93 0 0 0 0 0 0 0 0 57 0 0 0 0 30 0 0 0 45 0 63 0 0 0 0 90 0 0 0 0 56 0 0 0 0 0 0 0 0 36 0 62 0 0 66 0 0 0 0 0 22 0 0 0 42 0 0 85 0 0 0 61 68
0 0 0 0 51 0 0 0 0 0 0 0 81 0 0 0 0 0 0 0 76 0 0 7 33 0 0 0 0 53 0 0 0 0 71 50 89 0 0 0 0 0 77 0 0 0 0 14 0 0 0 0 0 6 0 0 0 39 0 0 0 0 0 11 0 23 0 25 28 0 0 0 0 37 48 0 0 0 0 0 0 0 56 0 37 0 47 0 0 0 0 0 0 0 0 0 59 0 0 33
47 0 0 0 0 95 17 0 0 0 0 70 0 8 30 0 0 0 52 0 0 0 0 0 9 0 0 0 0 0 0 38 7 0 0 0 0 0 0 0 0 0 0 0 0 0 3 57 0 0 0 0 98 0 0 0 0 0 0 51 27 0 60 0 0 0 0 0 44 0 0 0 0 89 0 0 0 0 0 48 0 0 0 7 0 0 0 0 0 0 0 0 62 14 0 0 0 0 52 0
0 75 0 30 45 0 0 0 59 0 0 0 0 9 0 0 0 0 0 0 0 5 0 0 58 32 0 21 0 0 0 0 0 0 0 0 40 0 82 0 0 66 0 61 0 32 0 0 0 0 0 0 0 7 0 0 0 0 0 0 0 0 71 0 0 0 0 0 0 0 0 0 0 56 71 0 0 0 0 0 0 0 0 0 46 97 21 10 0 70 0 0 0 0 16 0 0 0 0 45
0 95 0 91 0 0 0 90 0 0 0 62 43 0 0 0 85 0 0 0 0 0 0 0 0 0 0 0 0 0 17 0 0 0 0 88 0 60 0 24 89 85 0 0 0 42 0 0 0 0 0 16 0 0 0 0 24 0 0 0 0 0 0 0 0 0 0 80 0 0 0 0 80 37 29 0 0 0 0 99 0 0 0 0 0 0 0 0 0 100 0 0 44 0 0 0 0 0 0 0
0 0 0 24 88 30 63 0 0 0 0 0 0 0 0 0 0 0 48 0 0 0 0 0 49 0 0 4 0 0 0 0 0 0 53 0 0 0 40 0 49 0 0 0 0 79 0 0 46 82 0 0 10 0 31 0 0 0 0 0 0 83 0 0 70 2 0 95 0 0 0 0 42 0 0 0 16 0 0 0 0 0 0 0 0 0 0 0 31 0 0 32 0 0 0 86 0 0 100 0
0 0 0 0 71 0 0 0 0 0 0 25 0 0 89 0 0 46 0 0 0 0 89 0 35 67 0 0 0 0 0 1 0 0 23 0 0 77 0 0 0 0 0 0 0 0 0 80 0 0 0 0 0 0 0 0 0 0 72 84 30 0 8 0 7 0 72 0 0 0 0 0 0 0 0 0 0 0 0 0 0 0 0 95 0 0 0 0 0 65 0 57 0 0 0 0 0 42 0 40
0 46 0 0 42 0 0 0 0 89 62 0 0 0 0 0 0 82 0 0 82 100 82 0 0 0 0 46 0 0 0 0 0 58 0 0 0 0 0 0 77 46 33 0 0 9 0 0 0 8 0 0 0 0 0 0 0 0 0 0 0 0 0 20 0 0 0 0 98 0 0 0 0 17 0 0 0 2 0 39 84 0 0 0 0 78 0 0 13 0 0 52 0 0 91 0 0 0 29 0
90 72 0 0 0 0 0 0 0 16 0 4 0 0 0 0 0 0 0 44 55 0 0 84 0 0 0 0 0 2 0 88 23 0 0 39 74 0 32 84 0 28 0 80 0 0 0 0 0 0 87 0 0 96 48 88 0 0 0 0 38 0 0 0 0 0 0 0 0 95 68 0 0 78 0 0 0 0 0 0 0 0 0 0 81 0 14 0 41 44 75 0 65 0 52 0 0 16 82 0
0 35 88 0 0 89 0 0 97 94 0 27 0 0 0 0 0 0 86 0 0 0 0 0 54 44 0 0 0 0 0 0 0 0 0 0 0 0 0 0 39 0 0 0 0 74 0 0 22 0 0 67 0 0 56 0 0 0 0 0 0 0 0 0 0 2 0 0 0 0 52 12 41 38 0 0 0 0 0 27 30 99 0 0 0 2 0 0 0 0 0 0 0 0 71 0 0 0 0 0
0 0 0 0 4 0 0 0 0 0 0 92 0 0 0 0 87 0 0 0 0 86 0 0 13 0 0 0 0 9 0 0 0 0 0 0 0 0 24 0 0 56 0 0 0 0 0 0 0 0 0 0 40 4 0 0 0 0 0 45 0 0 0 0 0 0 0 17 11 59 93 0 0 0 0 0 26 0 0 0 16 0 0 0 0 0 0 41 0 0 0 0 0 0 0 0 0 4 0 0
0 0 0 0 0 0 0 0 0 0 0 0 0 0 0 0 56 0 0 0 0 0 0 31 40 0 0 0 0 0 0 0 0 0 0 0 0 96 11 0 0 36 0 1 0 0 0 0 0 0 0 0 0 12 0 0 0 0 0 0 0 0 2 19 0 0 34 72 0 0 0 0 0 89 0 0 0 0 3 0 0 0 26 0 0 0 54 13 0 0 0 0 0 90 0 0 0 0 0 99
0 0 0 0 0 0 0 24 79 19 13 0 18 0 79 0 0 0 0 0 0 0 59 0 80 0 0 0 0 0 0 0 0 0 0 0 13 30 0 0 0 80 0 0 75 0 11 69 0 78 0 0 0 0 0 51 0 0 0 47 0 0 0 0 75 0 0 0 0 0 0 98 0 54 0 0 25 0 0 0 0 0 0 49 0 0 0 0 0 0 0 0 0 0 0 79 70 0 0 0
0 88 0 0 0 0 0 0 0 0 0 0 0 0 0 45 64 35 0 0 0 0 0 46 0 0 0 0 0 0 0 0 0 0 0 0 0 0 81 0 0 3 0 0 68 0 0 0 0 0 0 31 49 0 0 0 95 0 0 0 19 0 96 72 0 0 0 0 5 0 0 0 0 0 25 0 0 0 0 0 0 0 0 0 0 5 17 0 59 0 0 0 0 0 0 0 0 0 0 0
0 31 1 0 5 0 0 0 0 0 89 0 0 0 0 0 0 0 0 0 0 0 0 0 0 76 0 0 0 0 77 0 0 0 0 38 0 0 0 0 0 19 0 47 51 0 0 0 0 0 0 61 0 0 54 0 55 44 0 59 61 0 0 0 0 42 0 0 0 0 32 0 0 0 0 0 0 83 0 0 0 73 57 56 0 51 0 0 0 0 40 29 0 0 0 0 0 0 0 0
96 0 70 0 15 0 45 52 24 0 0 0 0 0 0 0 0 0 0 0 0 0 97 35 0 25 1 51 0 0 87 0 0 0 0 69 0 0 0 0 0 36 0 0 17 0 0 90 0 0 35 86 0 0 0 25 26 0 0 0 0 0 0 0 0 0 0 71 94 0 0 0 0 0 0 0 57 0 0 0 0 0 0 0 0 91 70 0 94 0 0 0 0 0 0 0 0 0 0 0
0 0 0 89 42 0 0 0 0 0 11 29 0 0 0 55 0 0 0 90 0 0 0 0 0 0 0 0 56 13 31 0 2 3 23 0 0 0 0 0 0 0 57 27 8 2 60 65 0 0 0 0 0 0 0 7 0 0 0 85 0 0 0 95 0 0 0 0 36 0 0 0 0 0 0 0 88 0 0 0 24 0 0 51 51 0 89 0 12 0 0 0 0 0 0 14 67 17 0 0
0 90 0 0 0 0 0 74 1 0 50 0 56 0 0 0 0 84 0 0 62 0 0 0 0 0 0 0 92 12 0 0 0 89 0 0 0 49 77 0 0 0 0 0 17 47 0 0 0 0 0 0 0 3 0 0 0 0 99 0 71 0 2 0 0 0 0 41 2 0 0 0 0 0 0 43 0 0 0 0 0 0 0 51 26 0 0 0 42 84 0 0 0 0 93 66 23 0 0 0
0 0 0 0 0 79 0 0 0 0 0 99 68 0 0 76 79 0 0 0 0 38 0 0 0 0 0 0 53 0 0 0 57 0 0 0 0 0 40 0 0 0 0 0 4 0 0 0 0 33 0 0 0 85 0 0 0 21 0 0 0 0 20 0 0 100 0 0 0 0 0 0 93 0 74 0 0 0 0 0 0 0 0 0 0 0 0 83 0 0 64 0 0 0 0 0 0 69 0 0
0 13 81 0 0 66 0 19 0 0 0 99 60 0 0 0 76 0 0 0 0 0 0 95 0 0 0 0 0 0 10 0 0 0 0 0 0 0 0 0 0 0 0 0 0 59 0 0 0 0 0 0 0 0 0 0 0 0 0 0 0 0 0 0 0 0 78 12 41 0 0 0 0 48 0 0 70 12 0 93 0 0 0 82 0 0 0 0 0 0 0 0 0 0 0 0 0 8 0 88
0 0 41 0 0 90 0 0 66 0 0 0 31 6 0 0 53 0 0 0 54 0 0 0 10 0 0 0 0 0 0 0 79 0 0 0 0 0 0 0 0 99 44 0 0 0 0 0 0 0 0 0 0 0 0 18 0 0 25 0 0 0 70 99 16 100 74 0 0 91 0 0 30 0 14 0 0 0 0 40 68 0 7 0 0 0 0 0 0 78 0 0 0 0 0 16 54 0 0 0
70 100 0 0 0 0 0 0 0 0 7 0 0 0 13 0 0 25 45 0 0 0 0 59 42 0 0 0 73 0 87 0 0 0 0 0 0 93 0 0 0 0 59 0 24 0 0 19 0 0 0 13 0 0 0 0 53 81 0 64 0 0 11 0 85 0 0 0 0 0 0 0 0 44 0 0 0 0 0 0 74 79 27 0 0 0 0 0 0 0 0 0 0 0 35 0 0 100 0 0
0 0 0 0 51 31 0 0 0 0 0 0 0 0 0 0 0 0 0 0 0 0 0 0 0 41 0 0 0 0 77 58 16 0 16 0 0 0 0 0 0 0 86 0 0 0 0 0 61 0 0 0 0 0 0 0 0 0 0 0 0 0 0 0 0 0 0 0 0 0 0 25 0 0 0 69 0 0 0 0 0 0 0 0 0 56 0 0 10 0 0 0 0 0 0 75 0 0 0 89
0 0 74 7 0 0 0 0 0 0 0 0 0 0 98 0 0 0 52 0 0 0 0 0 0 0 0 0 0 0 0 95 0 0 0 55 63 43 0 0 0 0 0 0 0 0 47 0 0 0 0 0 0 0 0 0 0 99 0 0 44 66 96 0 0 61 0 0 0 0 0 0 20 41 0 0 0 93 0 0 0 80 80 0 0 0 4 0 0 6 0 70 0 36 0 0 47 0 0 48
0 0 0 0 0 0 59 0 0 0 0 0 13 60 22 92 0 64 0 0 0 0 0 30 0 0 0 0 72 0 0 0 0 0 40 95 0 0 21 21 49 0 0 0 26 0 0 0 0 84 0 77 0 0 0 0 0 0 0 0 54 0 0 0 0 85 26 0 0 68 0 0 0 0 4 0 0 0 0 0 0 0 0 0 47 0 0 20 72 67 0 0 0 0 40 14 0 17 0 40
73 0 27 10 0 0 0 0 0 0 74 0 0 0 0 0 0 0 0 0 0 0 0 0 26 0 0 59 0 0 4 0 0 0 0 44 0 0 58 0 0 0 0 0 0 57 0 0 0 0 57 12 0 0 0 0 48 0 22 93 0 0 70 0 0 0 0 0 0 57 3 0 71 0 0 0 0 59 0 0 0 0 0 0 0 0 0 0 0 0 48 4 63 0 0 0 0 0 0 0
0 0 0 0 0 0 0 0 0 0 0 0 0 0 30 68 83 0 0 0 0 0 31 0 0 0 0 0 0 11 20 0 0 0 89 0 0 0 91 0 0 0 0 0 0 19 0 0 0 92 0 0 0 0 0 0 0 0 0 0 0 21 0 0 0 0 0 0 77 0 48 0 0 0 0 0 58 75 0 0 0 0 0 0 0 0 42 0 19 0 0 0 0 0 0 6 0 20 0 87
0 0 0 0 0 0 0 0 0 0 0 0 0 55 15 0 0 0 0 0 0 0 0 0 0 0 0 43 0 55 0 0 0 0 0 90 0 0 0 0 67 81 0 0 0 50 0 0 0 24 0 0 0 0 0 0 0 0 0 0 0 0 0 0 15 0 62 82 0 0 0 0 0 27 0 60 0 0 52 0 21 84 0 0 18 0 0 0 84 0 0 0 0 0 80 0 0 0 0 0
46 10 0 50 30 20 0 0 0 0 0 0 0 0 0 3 0 97 0 0 0 0 0 0 2 0 0 0 66 43 55 0 0 84 0 0 0 0 82 30 0 0 0 0 0 0 0 79 0 0 0 73 89 0 0 40 0 0 0 0 0 0 0 89 0 0 0 0 0 0 0 95 62 0 62 0 0 79 0 0 0 77 0 0 0 0 27 46 41 60 0 0 0 19 0 0 0 0 0 0
0 4 0 0 0 0 43 0 0 0 0 0 0 0 0 0 0 0 0 0 0 9 0 23 0 0 0 0 0 0 0 0 0 0 0 89 0 0 0 0 0 0 0 0 0 0 0 0 0 0 0 0 0 0 0 0 0 0 33 0 17 0 0 0 0 85 0 0 73 0 21 0 0 88 0 95 0 0 0 0 77 0 0 0 0 0 0 0 54 55 0 0 42 0 0 0 0 0 0 63
0 0 95 0 0 0 79 0 58 91 0 0 0 0 0 0 0 92 0 0 0 0 20 64 23 0 0 76 70 91 0 0 17 75 0 79 0 0 0 0 0 52 4 0 0 0 0 0 68 0 91 0 0 50 0 0 0 0 27 0 0 0 75 0 0 0 93 68 0 0 51 0 0 66 0 0 34 0 0 0 0 0 0 0 0 53 0 65 0 0 0 0 46 0 0 0 0 0 0 0
0 0 41 0 0 0 0 0 43 0 0 42 0 0 0 0 14 0 31 0 0 0 14 0 0 0 0 0 91 0 13 0 0 0 0 0 31 0 0 0 0 0 20 0 25 0 0 43 0 0 9 0 0 0 0 0 55 0 0 0 0 0 93 0 63 70 0 0 0 0 80 0 0 26 0 95 23 0 56 0 0 0 0 0 0 0 0 0 0 25 64 0 31 0 0 0 0 0 0 0
0 0 22 0 2 0 0 0 0 0 0 0 0 0 79 0 0 40 0 53 0 0 0 0 0 0 35 37 92 0 23 0 0 0 0 0 0 41 0 0 0 0 0 72 0 0 27 0 72 0 0 0 0 0 55 0 65 0 0 0 0 0 0 0 0 0 0 91 0 0 0 0 57 8 0 0 0 10 0 0 47 0 0 0 0 10 0 0 54 0 0 0 0 0 0 0 0 0 0 0
0 92 0 91 72 0 83 0 0 0 0 0 9 41 13 0 0 0 0 0 0 0 0 0 24 0 0 0 0 44 0 0 0 0 0 32 0 0 59 42 0 0 0 0 0 0 14 0 0 0 0 0 0 0 0 0 0 0 44 7 0 0 0 0 0 0 0 8 0 0 0 0 0 0 0 0 0 0 0 0 0 0 11 59 62 0 0 0 0 61 0 12 0 0 0 68 0 0 0 74
59 0 0 0 0 0 83 0 0 94 0 0 0 38 0 70 0 0 60 19 0 0 72 0 0 0 0 0 0 90 48 16 3 0 68 0 51 0 0 0 0 33 53 100 0 0 0 96 0 91 0 0 0 0 0 83 0 0 0 0 0 2 0 0 0 0 0 0 0 0 0 0 0 0 0 65 0 0 0 0 0 0 0 0 0 0 0 0 44 26 31 0 0 64 0 0 0 28 32 0
78 49 34 0 33 0 0 0 0 0 0 0 57 48 0 0 0 0 0 0 0 92 0 0 0 0 0 0 0 0 78 57 34 50 0 0 0 0 38 0 0 0 0 0 0 0 0 0 0 0 0 0 41 0 0 0 0 0 0 0 0 9 0 29 0 0 0 0 40 0 0 0 0 37 4 0 0 0 37 23 0 46 0 0 0 0 0 0 82 0 0 0 0 0 0 0 0 0 0 0
0 0 0 0 0 0 0 0 0 96 0 0 0 55 0 0 0 0 0 0 19 0 0 0 8 0 14 0 0 22 0 0 0 0 0 71 0 67 0 0 0 33 0 0 63 0 0 0 0 0 0 0 0 0 0 22 0 0 0 0 0 57 0 0 0 0 9 63 0 0 0 0 15 66 60 0 0 0 0 0 0 0 0 18 0 76 0 0 61 45 49 0 0 47 0 0 0 0 19 85
0 0 0 0 81 0 0 0 0 0 0 0 0 0 0 0 0 0 0 0 0 0 0 0 0 0 0 0 0 0 88 0 0 0 0 0 44 0 0 42 0 0 0 0 0 0 0 56 0 0 0 0 0 79 0 0 93 26 0 0 0 62 0 0 0 0 0 0 86 0 0 0 0 89 0 0 0 0 0 0 0 82 0 0 0 0 0 0 0 0 17 0 3 0 13 36 0 0 0 0
0 0 0 15 0 0 85 0 0 0 0 0 0 43 0 0 0 85 0 0 0 0 0 50 4 0 76 0 0 96 0 0 0 0 0 0 0 80 0 18 0 96 0 0 0 0 0 47 0 0 87 67 0 37 75 0 0 0 0 0 0 0 0 49 0 0 0 94 0 0 95 21 0 0 13 0 0 20 0 75 0 0 0 0 37 34 0 38 0 0 5 0 0 0 0 85 0 0 0 4
0 0 15 0 0 0 0 0 11 0 0 0 0 0 0 0 96 100 0 0 0 0 0 0 0 0 0 0 0 0 0 28 0 0 83 3 37 0 0 23 0 31 0 0 90 0 0 0 0 0 88 0 0 0 17 0 0 0 0 62 0 43 0 0 29 0 0 0 0 52 0 88 0 0 0 0 0 54 2 62 0 0 0 0 96 0 0 18 0 84 4 0 0 94 0 0 0 0 59 0
0 0 0 0 81 0 0 32 22 0 27 0 0 0 0 0 0 53 87 51 48 0 0 0 9 0 0 69 0 55 0 0 0 0 0 0 0 0 0 39 0 0 4 0 0 6 98 93 40 0 0 27 0 0 0 41 0 0 0 0 0 0 0 0 0 0 0 94 71 0 0 0 0 0 0 0 0 0 0 0 0 0 0 0 0 0 83 0 0 0 0 0 0 0 0 0 0 0 0 0
0 0 56 0 4 77 0 81 0 60 0 0 0 0 0 0 0 0 0 0 73 0 0 0 0 0 0 0 0 51 0 42 0 0 80 98 75 0 24 0 0 0 0 0 0 0 0 0 75 30 0 34 0 0 47 0 0 0 0 0 0 3 0 0 0 0 0 0 99 0 0 0 0 33 0 0 0 0 0 49 0 54 0 0 0 0 0 0 0 0 0 81 0 0 0 41 0 0 0 0
51 0 0 0 0 0 0 0 13 39 0 3 0 21 0 0 0 0 17 0 0 0 0 0 0 82 0 0 0 36 25 0 0 0 0 0 0 0 0 0 81 1 0 0 0 0 83 0 17 48 0 0 25 0 0 0 0 0 0 0 0 0 23 7 0 0 0 17 0 0 8 91 0 0 0 0 0 0 37 0 0 91 0 20 0 0 0 0 0 22 0 0 0 95 0 0 0 0 58 0
0 0 62 0 0 0 0 0 0 92 40 0 0 0 22 0 0 0 0 0 0 0 0 0 0 81 0 15 70 0 0 17 48 0 97 0 0 0 0 0 0 42 19 0 0 0 0 0 0 0 60 0 0 0 85 84 62 0 0 0 0 0 0 0 0 0 0 0 0 0 0 0 0 0 0 0 0 0 0 0 0 9 0 0 0 0 0 2 0 0 0 0 0 0 0 0 0 0 0 0
0 0 0 0 24 88 0 20 0 36 0 0 0 0 0 0 0 0 0 30 0 0 9 26 0 31 33 0 0 0 0 0 0 0 0 0 0 0 0 0 0 0 0 0 0 0 0 0 0 0 0 42 0 0 0 0 23 1 0 83 0 0 0 0 0 49 91 9 0 10 48 0 0 0 0 0 0 0 86 0 79 0 15 0 0 0 0 0 0 0 0 0 54 0 0 25 11 0 99 0
0 0 0 0 0 0 0 28 0 0 0 9 0 0 0 0 0 0 0 0 18 53 0 0 0 0 0 57 0 0 0 0 20 0 0 0 32 81 0 38 0 39 0 0 0 0 0 0 0 79 8 0 0 0 0 0 47 8 0 0 0 0 0 89 0 93 0 0 0 0 0 0 0 0 0 0 0 0 0 0 0 8 0 1 0 0 69 0 0 0 0 24 61 0 0 14 0 0 89 65
0 0 0 0 0 0 0 0 0 0 0 23 88 82 0 0 0 0 0 0 0 67 0 0 0 0 0 64 82 0 85 0 0 0 66 0 0 0 10 0 0 0 0 0 0 0 0 0 24 0 16 0 0 0 0 0 0 0 90 0 0 0 0 0 0 0 0 71 50 0 0 0 0 0 64 18 0 0 0 0 65 45 0 12 0 7 4 0 0 0 0 0 0 0 0 0 0 0 0 0
0 0 80 41 22 0 0 0 0 0 49 56 0 62 27 34 0 96 0 0 0 0 54 0 0 0 0 0 0 0 0 0 0 4 0 0 6 1 0 83 0 0 52 0 0 92 0 41 0 0 0 0 0 0 0 9 13 0 8 3 0 0 0 0 73 21 0 0 64 0 0 0 88 0 0 0 82 0 0 0 75 0 0 0 53 0 0 51 0 0 93 0 5 0 0 0 0 0 0 99
0 3 0 0 0 21 100 0 0 0 38 0 0 99 0 0 0 12 0 0 0 20 0 0 0 23 0 0 0 99 0 0 29 0 0 0 0 0 0 0 0 89 0 0 0 0 45 54 0 77 0 39 81 0 0 0 0 0 87 0 23 0 0 8 26 3 0 96 0 0 0 0 0 0 0 0 0 74 8 0 0 0 0 0 0 0 0 23 0 0 0 31 22 0 0 0 76 0 0 0
0 0 0 36 64 41 20 59 0 0 0 0 0 0 0 0 53 0 0 0 77 0 0 0 72 0 0 0 0 0 0 0 25 0 0 0 0 0 0 0 94 0 26 76 18 0 0 0 0 0 0 0 0 0 24 0 0 48 0 0 0 0 0 0 0 67 0 95 0 4 0 0 82 0 0 0 0 0 0 0 0 0 0 22 0 0 0 0 0 0 0 0 0 68 35 59 0 0 0 0
0 0 0 0 96 0 0 0 0 0 78 0 0 0 0 0 83 64 0 47 26 0 0 0 0 0 0 0 0 0 93 0 0 0 0 0 0 18 70 17 0 0 0 0 43 0 0 68 0 0 89 52 38 45 0 63 0 0 93 0 0 5 0 0 74 0 0 0 0 0 13 0 0 0 14 0 80 95 38 0 0 0 0 39 0 0 0 0 0 0 81 0 0 0 0 80 0 0 99 0
0 0 0 0 0 0 0 0 0 0 0 8 31 0 0 0 38 0 0 0 0 6 27 0 0 0 0 0 46 0 89 0 83 0 0 0 0 0 0 0 0 0 0 0 0 0 0 0 0 0 0 26 0 0 0 0 0 0 0 0 0 0 0 0 56 8 0 57 4 0 0 0 0 0 0 0 0 87 13 0 89 40 0 0 0 44 3 0 60 64 0 0 27 57 5 0 0 0 0 0
73 0 36 0 66 0 0 0 0 0 0 53 0 0 0 3 0 23 0 0 82 0 0 0 0 0 0 0 0 0 0 0 54 59 0 0 0 0 88 0 0 25 0 0 0 0 0 0 0 20 24 0 0 0 79 0 1 0 0 0 0 0 0 39 0 66 0 0 0 0 0 1 48 0 0 0 0 0 36 0 19 0 0 0 0 0 0 48 98 0 0 0 64 93 0 6 92 30 0 0
0 0 77 66 37 0 0 0 0 0 0 0 86 0 0 0 66 84 0 0 35 88 35 0 41 0 0 0 0 0 1 91 0 0 48 53 0 16 0 0 0 86 66 0 0 0 0 0 62 23 0 0 91 0 0 0 0 0 86 0 0 0 40 0 79 0 0 0 0 5 0 0 0 0 0 0 0 0 92 0 0 0 5 0 0 0 0 0 27 0 0 0 0 45 0 0 0 0 0 0
0 0 99 0 0 0 0 0 0 0 0 0 0 0 0 22 40 0 0 44 0 0 0 0 91 0 91 0 0 0 0 79 0 0 0 0 0 87 0 0 0 0 94 0 0 0 0 3 75 0 0 0 0 65 0 8 44 45 0 0 0 21 0 0 0 0 22 0 0 0 0 0 0 12 0 0 0 0 53 0 0 0 2 0 0 0 0 46 0 0 0 0 9 0 0 0 0 0 0 0
0 0 0 0 0 0 44 42 64 0 0 0 0 0 53 0 22 0 0 12 0 0 91 0 0 0 19 65 0 0 89 0 0 0 0 0 48 0 0 31 0 0 0 0 32 53 0 0 34 0 38 0 59 0 0 90 76 0 0 0 0 85 0 45 0 0 0 9 0 70 0 34 0 0 0 0 55 96 0 0 0 0 0 74 0 44 0 95 0 0 0 0 84 51 0 0 0 0 4 0
0 0 5 0 1 0 25 0 69 93 38 0 0 0 19 35 0 0 2 0 0 0 97 3 0 85 0 26 56 0 0 0 0 0 0 0 0 0 95 0 0 0 0 7 0 57 0 0 0 100 90 0 0 0 0 0 0 0 0 90 68 0 0 0 86 20 0 70 0 0 0 32 0 0 0 0 0 76 0 0 0 0 0 0 0 41 0 39 0 0 0 0 0 0 0 0 73 0 0 0
0 0 42 0 0 0 75 0 0 0 0 0 9 0 34 0 0 43 7 0 0 0 51 0 0 92 20 0 67 0 0 0 0 0 0 2 0 0 0 0 0 39 0 6 0 4 0 56 0 0 0 0 0 0 0 0 0 0 0 0 0 0 0 0 52 0 0 0 0 0 0 1 70 0 81 0 0 0 0 0 0 60 0 0 4 0 0 0 23 77 2 0 0 0 0 81 72 0 0 0
0 0 0 0 49 0 0 0 0 0 0 0 0 0 0 87 9 74 0 0 0 0 0 0 0 0 0 13 0 0 0 0 0 0 0 0 0 89 35 0 0 0 0 0 69 0 0 100 66 0 0 0 23 44 90 0 0 88 0 0 0 55 0 0 0 0 0 58 0 0 23 0 0 0 0 0 0 0 72 88 0 0 0 0 84 0 0 47 0 0 0 0 79 0 0 0 65 0 42 0
0 0 0 55 0 0 0 0 0 0 0 0 0 0 0 0 0 53 0 0 52 0 92 0 0 0 0 0 0 0 0 0 0 0 0 0 0 0 0 0 0 0 0 68 0 0 0 0 0 0 0 37 0 0 0 0 16 0 0 0 82 0 0 83 56 46 0 0 0 0 0 0 0 35 92 0 0 0 0 0 0 0 0 39 0 0 0 0 0 42 0 70 0 0 0 56 0 0 0 51
0 0 0 0 10 0 61 0 0 0 0 0 0 0 0 75 17 0 26 40 0 0 0 0 0 0 0 55 0 0 0 17 0 40 0 0 0 0 0 0 0 0 0 0 0 8 13 0 0 0 0 0 0 98 0 0 0 50 0 70 71 0 45 0 0 0 0 0 64 0 94 0 0 0 0 0 0 0 0 37 0 72 0 0 90 0 90 0 0 0 0 0 25 0 0 0 25 0 0 0
0 0 0 6 25 0 92 0 0 37 0 0 0 0 0 0 82 70 91 0 0 0 0 0 0 0 0 0 0 82 0 0 0 0 0 0 0 0 0 0 15 0 0 55 39 18 0 0 8 95 0 0 42 0 37 0 0 0 0 0 0 0 0 0 38 0 0 0 44 0 0 79 0 0 0 0 0 0 0 0 0 0 85 0 0 0 91 0 0 0 0 0 0 0 0 79 0 58 0 0
3 2 72 0 0 0 70 0 0 0 4 0 0 0 0 7 0 0 0 0 0 0 0 0 0 0 0 0 0 0 0 0 0 0 0 0 0 0 0 43 0 0 0 0 0 0 0 0 0 90 0 0 0 0 0 0 0 45 36 0 0 28 0 9 0 0 0 0 0 0 0 0 0 0 0 7 0 0 0 0 0 0 0 93 0 0 42 0 16 0 0 2 0 7 0 4 0 52 0 83
0 0 0 0 0 0 0 0 0 0 0 67 69 0 72 0 96 0 0 0 0 98 0 0 88 0 0 0 66 0 52 0 0 0 0 0 0 0 55 0 72 90 69 0 0 96 0 0 0 0 0 0 0 35 0 0 73 0 0 0 46 0 94 0 0 0 30 0 0 0 0 0 0 12 71 0 0 0 0 0 0 0 0 0 0 0 67 0 0 0 0 0 0 24 0 0 83 13 0 0
0 0 0 0 0 0 97 99 0 0 25 90 0 50 45 0 0 0 0 24 0 0 0 0 0 0 0 8 0 89 0 0 91 0 58 0 10 0 0 0 0 60 0 0 0 0 98 0 0 0 0 0 0 0 0 0 100 0 0 0 0 0 0 0 0 0 0 0 0 0 0 0 46 0 0 0 0 0 62 0 0 0 0 0 0 100 93 0 0 0 0 0 0 0 76 0 0 0 0 0
0 13 0 0 0 0 85 0 63 0 0 0 0 28 0 0 63 0 0 0 0 83 98 0 0 78 0 0 0 0 0 0 0 0 0 0 8 0 3 0 0 0 0 0 0 0 0 65 0 0 78 0 0 0 0 0 33 7 80 44 0 0 0 0 0 39 0 0 21 0 0 0 0 19 0 0 34 41 0 0 0 93 0 0 5 0 26 0 27 89 44 14 16 0 0 41 0 0 65 0
0 22 96 0 28 0 0 0 0 30 0 0 0 0 0 0 0 37 0 51 0 0 49 66 0 0 0 0 0 0 0 0 0 30 0 0 0 0 0 0 0 0 0 0 0 0 0 41 0 0 0 0 0 98 0 0 0 0 0 0 0 82 0 87 0 0 0 1 14 0 0 36 0 0 0 0 0 0 0 69 0 0 14 0 96 0 0 0 0 0 71 0 0 53 0 58 0 0 31 0
99 0 90 0 0 0 0 53 0 87 96 0 0 49 0 24 20 0 0 0 0 0 0 84 0 0 33 24 0 0 0 0 0 72 0 0 0 0 0 58 0 0 71 0 0 0 0 0 42 78 83 0 100 0 12 0 0 77 0 0 0 0 0 100 0 0 0 0 0 0 0 23 0 33 0 0 56 0 0 0 0 0 0 0 70 0 0 0 0 0 0 0 33 0 0 89 0 0 0 0
55 10 0 0 62 0 0 0 0 0 90 60 0 0 0 0 0 0 0 61 0 36 9 0 63 0 0 0 0 0 0 0 0 0 0 0 0 0 0 26 0 0 0 0 59 0 27 0 0 0 0 0 80 0 0 0 0 0 0 0 0 0 0 0 0 0 84 77 0 11 0 0 0 64 0 0 0 0 0 0 0 0 0 0 0 0 0 0 0 0 39 0 0 0 49 0 32 0 0 0
41 0 0 0 0 0 68 0 33 0 69 60 0 100 0 0 0 8 0 0 67 31 0 73 0 0 25 0 0 0 0 0 0 0 0 0 0 0 83 0 0 0 0 0 24 0 0 0 0 68 0 0 0 0 0 14 0 0 0 0 0 0 0 31 0 0 0 75 0 0 0 0 0 0 0 0 0 0 0 0 10 93 0 80 66 0 0 16 6 0 0 0 0 0 0 59 0 0 0 0
0 0 0 0 0 0 29 0 0 0 75 0 95 98 0 14 0 0 43 0 0 82 0 18 0 45 0 0 0 0 0 0 0 43 9 0 0 68 0 0 71 0 0 0 0 0 31 0 0 29 0 77 0 0 0 0 0 69 0 0 0 0 0 15 0 0 0 0 0 0 0 0 0 0 0 92 0 0 30 0 24 27 71 0 0 0 0 0 0 0 18 0 0 0 0 0 0 42 6 0
19 0 73 83 0 62 0 0 0 0 0 0 0 0 0 0 0 0 0 78 0 0 0 13 0 90 8 0 0 0 14 0 0 0 48 0 0 0 0 0 80 0 0 66 0 0 0 0 21 0 0 5 39 0 0 0 24 0 0 0 0 0 0 21 0 0 0 0 27 0 0 0 43 67 21 0 0 0 26 19 0 0 0 0 0 0 0 51 0 21 68 0 0 0 0 0 0 44 61 0
0 0 0 0 62 0 0 37 0 52 0 0 0 0 0 34 31 0 0 0 0 0 0 0 0 0 42 0 0 0 28 0 21 0 0 63 0 0 58 0 0 0 0 0 0 71 0 0 33 88 0 43 0 0 0 0 14 0 0 0 0 0 0 0 0 0 0 0 0 0 0 0 3 64 65 0 0 0 0 0 29 0 0 0 45 95 0 0 0 0 0 0 0 16 0 34 0 0 0 0
0 0 14 0 0 0 13 0 0 0 0 0 0 29 0 0 0 0 0 57 0 0 0 0 0 0 0 0 0 0 71 0 0 0 0 0 0 0 0 0 0 0 0 0 67 95 13 0 96 3 0 16 0 0 0 0 0 0 0 0 0 0 0 3 0 63 0 0 0 0 43 0 0 0 0 0 30 0 0 0 0 0 62 0 0 0 0 0 0 0 90 55 0 13 0 15 0 0 12 0
0 0 0 80 0 71 0 0 0 0 69 0 0 39 0 0 85 0 10 59 0 0 0 0 0 0 0 80 99 0 91 0 0 33 0 0 0 29 59 73 0 51 0 0 14 0 0 97 0 0 0 0 0 0 36 0 54 0 0 0 40 59 0 70 0 0 0 0 74 0 0 0 0 0 0 0 0 0 18 59 0 0 0 15 0 0 0 86 0 0 0 0 0 0 0 8 89 1 0 0
73 0 0 85 0 0 0 0 0 90 0 0 0 0 0 14 0 100 0 0 0 0 62 0 0 0 0 0 83 0 77 0 0 0 0 53 0 0 23 11 70 0 0 0 0 0 69 0 0 0 64 0 0 0 0 0 0 0 0 0 0 0 0 0 0 0 0 0 0 0 0 0 0 0 0 42 0 71 0 0 0 0 0 0 0 63 0 66 81 15 0 0 85 0 30 0 0 41 0 87
99 73 67 0 0 0 0 0 63 58 95 0 0 78 51 0 74 0 0 0 0 0 0 0 45 0 58 60 0 0 0 1 0 0 0 0 0 0 50 0 96 79 0 0 0 0 0 72 0 61 0 0 0 0 0 61 0 0 0 0 0 0 0 0 0 0 0 0 0 0 0 0 9 0 0 0 0 58 0 0 0 0 0 0 0 73 0 61 0 0 0 93 0 0 0 0 0 40 0 0
0 0 0 0 0 74 0 38 0 0 0 43 0 0 49 85 0 0 0 0 0 0 0 0 0 0 0 0 0 0 0 0 0 19 0 49 0 95 0 0 0 0 0 0 0 0 0 0 0 55 0 0 0 0 0 0 51 44 0 12 0 41 0 51 0 0 0 0 0 0 0 56 0 0 0 0 8 74 0 38 53 0 0 0 83 0 0 77 0 0 1 7 0 0 0 0 9 0 0 23
68 0 0 86 78 4 0 0 0 30 49 0 0 0 0 0 0 0 0 12 0 0 0 4 0 0 0 42 56 0 0 0 0 0 0 0 0 0 0 0 0 0 90 66 0 0 0 39 0 0 0 97 0 0 54 0 0 96 0 0 34 0 0 0 57 0 48 0 0 55 0 0 0 0 0 0 45 0 0 0 0 0 0 0 8 0 0 0 0 0 0 63 49 34 0 58 0 0 0 56
0 0 0 0 0 0 0 52 0 1 83 0 0 0 0 0 0 0 0 0 0 84 32 0 0 94 0 0 0 0 0 0 83 76 0 0 31 20 0 0 98 0 0 82 72 85 0 0 0 100 23 0 55 0 0 0 0 0 0 0 0 0 0 76 0 0 0 0 0 0 2 0 9 0 0 0 75 0 0 0 0 0 0 16 66 89 0 0 0 0 40 0 0 0 0 0 0 17 0 0
0 0 95 0 44 0 0 0 0 0 0 0 0 45 0 0 0 44 0 0 0 32 0 0 0 0 0 92 0 0 0 0 0 0 70 0 0 0 0 0 0 0 0 0 0 98 94 0 0 0 0 0 60 46 0 0 90 0 19 0 0 0 0 0 0 0 23 0 0 0 96 0 0 0 0 0 0 0 0 48 0 0 0 0 0 4 0 0 10 0 0 0 23 0 0 0 0 66 0 0
0 95 0 0 0 0 0 0 0 69 0 61 13 0 0 0 7 96 0 79 0 0 0 0 0 0 0 0 82 86 0 0 0 52 0 0 0 32 0 0 0 57 0 99 0 0 0 0 96 0 0 0 0 31 3 0 0 0 0 33 0 0 0 67 0 0 0 0 0 0 0 0 0 0 0 48 0 0 76 0 0 0 0 0 0 0 0 0 0 0 0 0 0 0 0 4 83 0 0 0
34 25 43 65 0 0 90 52 0 8 0 3 0 88 0 94 0 0 0 0 0 33 0 0 35 0 0 0 0 76 0 10 0 87 47 0 0 0 18 0 0 0 0 73 0 0 0 0 0 0 0 0 0 0 0 0 0 0 0 1 0 0 27 0 0 0 72 51 0 0 0 99 73 0 0 0 0 0 0 0 0 0 0 0 0 0 13 0 0 0 4 0 0 0 0 0 57 0 0 0
88 73 0 85 0 0 0 0 0 0 0 45 0 0 0 0 74 0 0 0 0 56 0 0 0 0 0 0 0 0 0 0 0 0 0 95 0 0 0 81 59 3 13 0 0 0 0 0 47 47 0 0 42 0 25 0 0 0 48 0 0 61 0 0 0 0 0 0 0 90 0 0 0 12 0 0 6 0 68 39 0 94 0 0 0 0 58 0 0 0 0 0 0 0 0 20 0 7 53 2
0 0 0 0 0 93 0 0 0 0 0 0 79 0 0 17 50 0 0 56 0 0 0 14 89 0 0 99 54 0 86 0 71 58 0 0 11 0 31 14 0 22 0 0 0 0 99 44 0 0 0 0 0 0 0 0 0 0 0 0 0 0 89 0 0 0 0 74 0 63 0 0 48 11 0 53 0 0 33 0 0 0 41 0 0 0 0 0 73 0 0 0 0 0 47 0 90 0 0 56
0 0 0 43 0 0 93 85 0 33 0 0 0 0 0 0 29 0 0 0 100 0 0 43 0 0 0 0 0 9 0 0 97 0 0 0 23 53 32 0 82 0 0 0 0 0 16 64 0 16 61 55 0 0 97 0 0 0 7 0 48 0 0 0 0 0 0 0 0 0 0 75 0 0 10 0 0 31 78 0 0 0 81 86 0 0 0 32 35 15 0 0 0 0 0 0 15 21 0 0
0 0 0 24 0 81 62 0 0 0 0 0 0 41 0 85 0 0 0 0 0 0 0 85 0 0 0 0 0 0 86 45 0 24 0 0 0 8 42 0 0 0 0 39 0 0 0 0 67 26 0 0 0 0 0 0 0 0 89 0 0 13 0 0 0 0 0 0 0 0 0 0 0 0 6 82 73 0 0 0 54 0 0 0 98 0 0 59 80 0 0 0 0 0 0 0 76 0 0 0
0 0 30 0 0 0 0 44 0 0 44 0 0 0 89 0 94 48 0 89 48 0 0 53 0 61 0 0 0 80 100 0 0 0 38 0 0 83 0 0 65 87 51 98 0 0 0 18 0 0 0 0 28 9 0 0 0 0 0 0 0 0 0 0 0 0 0 0 72 29 0 0 0 28 83 0 0 0 0 11 0 0 0 74 0 84 0 0 83 0 0 0 76 98 0 12 0 0 0 0
97 0 0 0 0 0 0 0 0 0 0 0 0 0 0 0 0 0 0 0 0 20 0 0 0 53 0 0 0 0 0 0 0 0 0 0 25 0 44 0 0 0 0 0 0 0 0 0 48 0 17 0 86 0 0 0 0 0 0 47 0 24 0 0 89 0 0 0 0 0 0 93 60 51 0 18 0 0 14 0 0 0 57 0 7 0 43 0 0 20 0 0 0 20 0 0 32 72 61 0
40 12 0 74 0 79 0 0 0 5 100 0 0 26 0 88 0 25 34 0 0 0 0 0 0 0 0 0 0 0 0 0 0 13 32 79 0 0 40 0 0 0 0 0 83 0 0 0 0 0 27 90 0 59 48 0 0 0 0 47 0 51 0 0 0 0 0 0 0 0 0 0 62 0 0 47 99 64 0 0 0 0 12 0 0 0 55 0 0 0 14 0 0 0 27 0 0 0 0 62
0 0 23 0 15 33 0 98 0 0 0 0 0 0 0 0 0 86 40 11 0 0 0 27 0 0 0 0 45 0 0 0 0 63 78 54 0 16 0 100 0 0 0 0 0 38 0 0 81 0 0 0 0 0 0 70 0 0 0 54 0 0 0 0 0 0 0 0 0 0 25 0 0 0 0 13 0 0 0 20 0 6 0 0 0 75 0 0 0 0 0 12 1 58 0 0 0 12 0 0
0 53 0 0 62 0 0 71 0 0 0 0 0 0 0 0 82 0 69 0 0 62 0 0 0 2 0 0 44 0 0 0 62 0 0 0 0 0 0 0 0 0 88 0 0 0 0 21 0 0 0 0 97 0 0 0 0 0 0 0 38 0 0 0 0 0 0 58 0 0 0 73 0 43 17 87 0 59 0 0 0 0 0 56 0 0 0 79 0 100 0 0 47 41 67 64 35 37 0 0
0 97 0 89 0 0 0 0 98 0 5 0 89 0 29 71 0 0 22 0 62 0 0 0 98 0 59 71 0 0 0 0 0 0 0 0 0 46 35 0 0 0 0 0 0 0 0 0 0 0 0 0 0 0 0 26 60 12 33 0 0 0 0 76 0 0 0 0 0 0 0 0 0 21 0 0 0 0 0 0 0 0 0 0 17 0 0 0 55 0 24 84 0 14 66 22 0 0 0 0
0 0 42 0 0 0 75 26 0 0 0 0 0 0 71 0 0 0 0 0 0 100 0 61 0 0 0 34 0 0 0 0 0 0 25 0 0 0 0 0 48 0 0 0 0 0 0 21 0 0 0 0 0 0 0 0 44 0 6 0 0 0 0 12 0 0 32 0 0 84 0 0 67 0 0 0 0 84 1 0 0 0 0 0 0 0 0 0 0 91 0 24 0 9 0 0 0 0 0 0
0 0 55 0 0 0 48 0 0 0 0 0 0 0 0 0 0 48 0 96 0 0 0 68 0 75 0 0 0 0 89 2 0 0 0 0 0 0 35 0 0 0 0 0 56 0 0 0 0 69 0 0 0 0 0 0 0 0 45 11 0 0 12 0 9 41 0 0 0 0 0 62 0 0 0 0 47 0 0 0 0 0 18 71 0 0 0 0 9 99 0 0 0 0 0 80 30 0 0 0
0 0 0 22 0 50 0 0 0 0 0 0 0 0 0 0 0 0 0 11 0 0 0 86 0 0 46 0 0 0 0 0 0 0 80 67 0 0 0 24 17 0 0 0 78 0 0 0 0 0 0 0 0 0 0 0 0 99 0 0 23 0 0 93 61 0 0 0 0 0 0 0 43 0 0 0 0 0 0 0 0 44 0 0 0 100 0 0 0 30 22 0 0 0 0 15 88 0 0 0
0 0 0 0 0 0 76 0 0 0 0 0 24 0 0 0 0 0 0 12 0 0 0 46 0 0 0 78 0 0 0 0 0 0 17 0 0 0 35 0 0 0 0 0 0 7 0 0 0 53 0 0 10 77 83 0 53 0 0 72 19 0 0 0 0 0 0 0 0 0 0 0 77 10 0 0 82 0 0 11 0 0 0 0 0 0 0 45 0 0 0 0 0 0 0 0 98 17 48 0
0 0 0 0 0 0 0 0 36 0 0 0 57 0 0 5 0 25 0 0 0 97 57 0 0 0 61 0 0 0 76 0 0 0 0 0 0 48 0 0 0 0 0 0 0 0 0 0 0 0 92 93 93 69 0 0 0 0 30 0 0 0 0 0 0 0 0 57 62 0 99 0 0 78 0 0 73 0 0 28 0 0 0 0 0 23 34 0 0 0 74 0 32 0 0 0 0 0 0 0
0 0 16 50 0 0 0 0 0 63 0 0 0 89 0 0 92 0 0 85 49 9 0 0 0 6 0 21 30 0 0 80 92 0 0 0 54 11 0 0 0 7 0 0 61 0 0 0 19 13 0 35 0 0 0 0 0 34 30 0 0 86 0 11 0 0 0 0 0 0 0 0 0 0 82 0 0 0 0 0 0 0 0 0 32 0 0 98 89 0 11 49 0 5 41 0 0 0 0 0
0 0 73 0 0 0 0 0 0 0 0 0 0 0 88 0 0 0 87 0 0 0 0 0 0 0 0 42 19 0 0 0 25 0 0 0 45 0 0 0 0 10 0 0 0 28 0 0 97 0 0 81 0 0 28 0 0 0 39 0 0 49 19 0 0 0 24 0 0 0 0 0 61 0 5 0 14 6 0 0 0 0 0 14 7 14 0 0 0 0 0 0 0 0 0 23 0 26 0 0
0 0 0 79 77 0 0 0 0 40 0 0 0 0 0 8 0 0 7 0 47 0 0 41 53 6 0 0 0 15 63 0 0 32 0 0 97 31 0 0 0 0 0 0 0 0 65 0 0 0 0 22 0 0 0 99 0 95 0 0 0 0 98 0 0 0 0 33 0 0 0 0 0 0 0 0 2 0 79 0 0 53 0 0 0 0 0 43 0 0 0 40 0 0 10 0 0 0 98 61
0 0 0 0 15 0 0 0 0 0 0 0 54 0 0 0 0 0 0 0 45 0 0 19 91 0 0 0 0 32 0 0 0 0 41 33 54 0 0 0 0 0 41 0 0 0 0 37 0 0 0 0 0 24 0 0 0 87 0 0 0 0 0 56 0 81 0 72 17 0 0 0 0 31 96 0 0 0 0 0 0 0 83 0 47 0 42 0 0 0 0 0 0 0 0 0 12 0 0 33
11 0 0 0 0 47 94 0 0 0 0 92 0 78 98 0 0 0 1 0 0 0 0 0 64 0 0 0 0 0 0 1 33 0 0 0 0 0 0 0 0 0 0 0 0 0 89 9 0 0 0 0 55 0 0 0 0 0 0 48 17 0 36 0 0 0 0 0 1 0 0 0 0 17 0 0 0 0 0 58 0 0 0 35 0 0 0 0 0 0 0 0 24 42 0 0 0 0 16 0
0 83 0 41 6 0 0 0 39 0 0 0 0 63 0 0 0 0 0 0 0 1 0 0 63 96 0 17 0 0 0 0 0 0 0 0 99 0 27 0 0 46 0 63 0 59 0 0 0 0 0 0 0 63 0 0 0 0 0 0 0 0 62 0 0 0 0 0 0 0 0 0 0 55 89 0 0 0 0 0 0 0 0 0 32 60 29 94 0 26 0 0 0 0 53 0 0 0 0 52
0 67 0 62 0 0 0 1 0 0 0 24 34 0 0 0 89 0 0 0 0 0 0 0 0 0 0 0 0 0 58 0 0 0 0 21 0 47 0 48 43 27 0 0 0 99 0 0 0 0 0 28 0 0 0 0 96 0 0 0 0 0 0 0 0 0 0 28 0 0 0 0 68 59 47 0 0 0 0 1 0 0 0 0 0 0 0 0 0 61 0 0 68 0 0 0 0 0 0 0
0 0 0 61 52 51 59 0 0 0 0 0 0 0 0 0 0 0 91 0 0 0 0 0 98 0 0 71 0 0 0 0 0 0 19 0 0 0 77 0 65 0 0 0 0 5 0 0 95 57 0 0 42 0 50 0 0 0 0 0 0 92 0 0 94 84 0 35 0 0 0 0 28 0 0 0 19 0 0 0 0 0 0 0 0 0 0 0 87 0 0 39 0 0 0 30 0 0 70 0
0 0 0 0 44 0 0 0 0 0 0 61 0 0 93 0 0 92 0 0 0 0 4 0 24 34 0 0 0 0 0 32 0 0 58 0 0 11 0 0 0 0 0 0 0 0 0 40 0 0 0 0 0 0 0 0 0 0 32 78 62 0 77 0 66 0 37 0 0 0 0 0 0 0 0 0 0 0 0 0 0 0 0 64 0 0 0 0 0 25 0 51 0 0 0 0 0 3 0 47
0 36 0 0 69 0 0 0 0 16 89 0 0 0 0 0 0 46 0 0 36 46 69 0 0 0 0 64 0 0 0 0 0 85 0 0 0 0 0 0 53 33 81 0 0 16 0 0 0 63 0 0 0 0 0 0 0 0 0 0 0 0 0 55 0 0 0 0 66 0 0 0 0 34 0 0 0 53 0 98 64 0 0 0 0 11 0 0 46 0 0 85 0 0 4 0 0 0 2 0
23 41 0 0 0 0 0 0 0 48 0 80 0 0 0 0 0 0 0 37 34 0 0 2 0 0 0 0 0 23 0 6 88 0 0 52 89 0 86 89 0 52 0 72 0 0 0 0 0 0 73 0 0 85 66 57 0 0 0 0 57 0 0 0 0 0 0 0 0 95 92 0 0 12 0 0 0 0 0 0 0 0 0 0 60 0 12 0 93 16 80 0 42 0 19 0 0 92 23 0
0 97 17 0 0 79 0 0 66 70 0 55 0 0 0 0 0 0 71 0 0 0 0 0 44 77 0 0 0 0 0 0 0 0 0 0 0 0 0 0 1 0 0 0 0 67 0 0 47 0 0 34 0 0 83 0 0 0 0 0 0 0 0 0 0 13 0 0 0 0 52 13 88 13 0 0 0 0 0 66 82 3 0 0 0 39 0 0 0 0 0 0 0 0 20 0 0 0 0 0
0 0 0 0 21 0 0 0 0 0 0 81 0 0 0 0 97 0 0 0 0 16 0 0 26 0 0 0 0 17 0 0 0 0 0 0 0 0 63 0 0 4 0 0 0 0 0 0 0 0 0 0 75 37 0 0 0 0 0 78 0 0 0 0 0 0 0 3 5 12 75 0 0 0 0 0 52 0 0 0 49 0 0 0 0 0 0 53 0 0 0 0 0 0 0 0 0 89 0 0
0 0 0 0 0 0 0 0 0 0 0 0 0 0 0 0 4 0 0 0 0 0 0 52 33 0 0 0 0 0 0 0 0 0 0 0 0 86 27 0 0 99 0 55 0 0 0 0 0 0 0 0 0 37 0 0 0 0 0 0 0 0 83 30 0 0 19 19 0 0 0 0 0 100 0 0 0 0 25 0 0 0 19 0 0 0 59 46 0 0 0 0 0 85 0 0 0 0 0 81
0 0 0 0 0 0 0 68 1 93 49 0 18 0 29 0 0 0 0 0 0 0 48 0 39 0 0 0 0 0 0 0 0 0 0 0 82 74 0 0 0 13 0 0 50 0 96 88 0 73 0 0 0 0 0 100 0 0 0 68 0 0 0 0 71 0 0 0 0 0 0 46 0 23 0 0 18 0 0 0 0 0 0 9 0 0 0 0 0 0 0 0 0 0 0 97 4 0 0 0
0 31 0 0 0 0 0 0 0 0 0 0 0 0 0 3 3 76 0 0 0 0 0 4 0 0 0 0 0 0 0 0 0 0 0 0 0 0 15 0 0 29 0 0 70 0 0 0 0 0 0 22 44 0 0 0 40 0 0 0 17 0 94 88 0 0 0 0 82 0 0 0 0 0 78 0 0 0 0 0 0 0 0 0 0 58 82 0 95 0 0 0 0 0 0 0 0 0 0 0
0 38 88 0 35 0 0 0 0 0 65 0 0 0 0 0 0 0 0 0 0 0 0 0 0 97 0 0 0 0 83 0 0 0 0 54 0 0 0 0 0 60 0 42 34 0 0 0 0 0 0 56 0 0 40 0 84 54 0 79 47 0 0 0 0 60 0 0 0 0 90 0 0 0 0 0 0 44 0 0 0 4 84 88 0 53 0 0 0 0 39 29 0 0 0 0 0 0 0 0
95 0 74 0 17 0 13 73 61 0 0 0 0 0 0 0 0 0 0 0 0 0 82 43 0 28 88 77 0 0 38 0 0 0 0 18 0 0 0 0 0 30 0 0 48 0 0 61 0 0 18 8 0 0 0 19 90 0 0 0 0 0 0 0 0 0 0 10 23 0 0 0 0 0 0 0 50 0 0 0 0 0 0 0 0 4 55 0 29 0 0 0 0 0 0 0 0 0 0 0
0 0 0 28 58 0 0 0 0 0 79 2 0 0 0 64 0 0 0 82 0 0 0 0 0 0 0 0 40 48 51 0 29 37 87 0 0 0 0 0 0 0 54 35 82 5 21 97 0 0 0 0 0 0 0 83 0 0 0 83 0 0 0 11 0 0 0 0 60 0 0 0 0 0 0 0 92 0 0 0 32 0 0 88 42 0 94 0 23 0 0 0 0 0 0 19 49 18 0 0
0 47 0 0 0 0 0 11 58 0 14 0 41 0 0 0 0 38 0 0 5 0 0 0 0 0 0 0 88 27 0 0 0 78 0 0 0 28 92 0 0 0 0 0 73 73 0 0 0 0 0 0 0 75 0 0 0 0 7 0 38 0 77 0 0 0 0 23 27 0 0 0 0 0 0 26 0 0 0 0 0 0 0 31 83 0 0 0 45 38 0 0 0 0 11 4 78 0 0 0
0 0 0 0 0 24 0 0 0 0 0 88 65 0 0 33 27 0 0 0 0 47 0 0 0 0 0 0 7 0 0 0 73 0 0 0 0 0 2 0 0 0 0 0 43 0 0 0 0 17 0 0 0 45 0 0 0 86 0 0 0 0 19 0 0 26 0 0 0 0 0 0 67 0 78 0 0 0 0 0 0 0 0 0 0 0 0 3 0 0 67 0 0 0 0 0 0 12 0 0
0 30 82 0 0 80 0 82 0 0 0 65 98 0 0 0 98 0 0 0 0 0 0 52 0 0 0 0 0 0 63 0 0 0 0 0 0 0 0 0 0 0 0 0 0 83 0 0 0 0 0 0 0 0 0 0 0 0 0 0 0 0 0 0 0 0 2 99 45 0 0 0 0 74 0 0 89 71 0 14 0 0 0 39 0 0 0 0 0 0 0 0 0 0 0 0 0 100 0 2
0 0 85 0 0 72 0 0 61 0 0 0 23 83 0 0 35 0 0 0 57 0 0 0 10 0 0 0 0 0 0 0 40 0 0 0 0 0 0 0 0 47 96 0 0 0 0 0 0 0 0 0 0 0 0 57 0 0 41 0 0 0 93 13 84 89 55 0 0 40 0 0 97 0 27 0 0 0 0 54 29 0 98 0 0 0 0 0 0 7 0 0 0 0 0 45 59 0 0 0
28 5 0 0 0 0 0 0 0 0 59 0 0 0 99 0 0 98 51 0 0 0 0 91 84 0 0 0 87 0 88 0 0 0 0 0 0 9 0 0 0 0 68 0 20 0 0 30 0 0 0 39 0 0 0 0 38 80 0 15 0 0 85 0 31 0 0 0 0 0 0 0 0 33 0 0 0 0 0 0 7 94 94 0 0 0 0 0 0 0 0 0 0 0 18 0 0 27 0 0
0 0 0 0 44 73 0 0 0 0 0 0 0 0 0 0 0 0 0 0 0 0 0 0 0 77 0 0 0 0 22 67 22 0 43 0 0 0 0 0 0 0 32 0 0 0 0 0 100 0 0 0 0 0 0 0 0 0 0 0 0 0 0 0 0 0 0 0 0 0 0 45 0 0 0 31 0 0 0 0 0 0 0 0 0 28 0 0 59 0 0 0 0 0 0 28 0 0 0 78
0 0 36 38 0 0 0 0 0 0 0 0 0 0 12 0 0 0 33 0 0 0 0 0 0 0 0 0 0 0 0 33 0 0 0 30 83 82 0 0 0 0 0 0 0 0 77 0 0 0 0 0 0 0 0 0 0 89 0 0 6 3 27 0 0 60 0 0 0 0 0 0 25 95 0 0 0 87 0 0 0 51 47 0 0 0 51 0 0 39 0 83 0 78 0 0 28 0 0 79
0 0 0 0 0 0 38 0 0 0 0 0 19 5 34 99 0 25 0 0 0 0 0 27 0 0 0 0 33 0 0 0 0 0 25 71 0 0 99 8 49 0 0 0 68 0 0 0 0 57 0 50 0 0 0 0 0 0 0 0 79 0 0 0 0 55 18 0 0 3 0 0 0 0 93 0 0 0 0 0 0 0 0 0 56 0 0 39 44 46 0 0 0 0 54 43 0 58 0 89
47 0 91 25 0 0 0 0 0 0 10 0 0 0 0 0 0 0 0 0 0 0 0 0 18 0 0 70 0 0 29 0 0 0 0 34 0 0 2 0 0 0 0 0 0 14 0 0 0 0 68 69 0 0 0 0 20 0 14 20 0 0 33 0 0 0 0 0 0 12 57 0 75 0 0 0 0 36 0 0 0 0 0 0 0 0 0 0 0 0 37 43 72 0 0 0 0 0 0 0