100
0 0 0 0 0 0 71 0 0 96 0 0 0 53 0 0 0 0 0 95 0 57 0 0 0 16 0 0 0 0 0 0 0 0 0 0 0 0 88 0 0 0 40 68 0 0 0 55 0 0 84 0 0 0 86 0 13 0 0 0 68 0 0 21 0 0 0 0 22 0 0 0 0 0 0 0 0 0 0 2 0 0 72 37 57 0 23 0 50 0 0 0 3 0 0 0 0 0 0 0
48 0 0 0 0 77 0 93 33 0 0 99 0 0 0 0 0 0 0 0 0 82 0 0 48 0 63 71 0 0 60 0 0 0 0 0 3 0 0 30 0 34 0 0 0 0 0 0 0 44 0 0 0 0 16 0 0 0 0 0 0 0 0 0 0 0 0 0 0 71 0 0 0 0 0 0 82 0 0 5 0 0 0 20 0 0 52 69 39 0 0 0 0 18 73 0 0 0 0 0
34 0 0 81 79 0 0 0 0 0 47 0 0 0 0 0 0 93 0 96 100 61 0 0 86 0 0 0 0 0 0 90 0 0 32 0 0 0 0 0 83 0 0 0 0 0 34 0 0 0 0 0 0 18 0 50 0 0 0 0 0 0 0 0 0 33 0 0 66 0 81 0 0 0 98 0 0 0 15 0 44 84 0 68 0 0 0 0 0 0 0 90 23 0 0 73 0 0 0 0
72 89 11 0 31 89 0 88 0 19 0 0 20 0 0 0 0 0 0 0 48 0 0 0 1 0 42 0 0 0 0 12 0 0 73 0 50 0 81 0 10 0 0 12 0 0 0 0 26 0 0 0 16 62 26 88 12 6 1 0 0 75 80 0 0 87 88 0 0 0 90 97 0 0 50 0 0 56 0 0 0 0 0 48 0 0 0 0 0 0 0 0 0 0 0 0 0 0 0 0
0 0 0 82 0 68 10 0 83 0 0 61 0 0 0 0 0 0 0 0 0 52 94 0 0 0 65 0 6 0 0 0 0 0 24 0 0 0 29 0 0 0 0 0 0 0 0 0 4 0 0 0 12 0 17 0 0 0 0 0 27 0 0 85 0 48 0 0 0 0 0 0 0 0 0 0 0 0 0 90 0 0 0 0 0 46 0 0 0 0 0 0 0 0 0 0 0 0 0 0
50 23 0 41 55 0 0 0 98 0 0 33 88 47 64 0 96 0 52 0 0 44 9 0 0 6 0 0 0 0 56 0 56 88 0 95 0 0 0 0 0 0 0 0 86 0 1 0 14 0 0 0 0 0 22 0 30 58 23 0 0 0 0 0 0 84 0 0 0 94 100 0 94 37 0 88 76 0 0 0 46 0 0 0 0 0 0 48 0 0 0 0 0 0 0 0 0 0 80 0
0 0 0 0 0 57 0 0 0 71 16 0 0 0 0 0 20 81 46 0 9 0 39 0 0 8 0 22 0 22 0 0 0 0 95 0 65 0 0 0 90 0 71 0 0 0 0 0 0 0 13 0 0 0 76 0 12 0 70 0 0 0 41 0 0 0 0 0 0 21 0 83 0 0 0 0 0 0 0 0 64 0 75 0 42 0 0 0 0 15 0 65 18 0 0 0 0 89 0 0
0 0 0 0 0 0 69 0 0 0 24 0 0 0 0 0 0 0 0 0 0 0 53 0 0 31 0 0 0 0 0 0 0 5 0 0 79 93 1 0 51 0 0 0 90 0 0 0 0 0 0 77 0 9 0 0 0 0 0 0 16 82 0 0 78 0 0 83 0 6 0 0 79 55 0 0 0 0 0 40 0 0 0 94 0 83 0 0 0 0 0 41 37 0 0 0 12 0 89 0
0 0 0 0 0 0 0 0 0 0 0 63 0 45 0 0 88 87 0 83 0 0 0 29 0 31 0 0 0 0 58 0 0 0 0 59 0 0 0 0 0 0 0 0 0 0 0 0 3 0 0 16 0 0 0 0 0 51 0 38 0 0 0 0 0 7 0 0 0 27 55 8 0 0 0 0 0 0 0 0 0 0 0 0 0 0 0 0 0 66 0 0 54 6 0 0 0 75 82 29
49 0 0 0 0 0 62 0 0 0 14 0 3 0 0 23 63 0 0 0 0 37 0 72 0 0 0 0 0 0 0 0 0 0 68 0 62 13 0 0 0 14 0 0 0 0 0 0 0 0 0 88 21 0 9 0 79 0 0 0 56 26 0 62 0 44 90 0 0 0 0 0 0 0 0 0 0 0 0 0 0 0 0 0 0 0 59 0 0 66 0 71 33 0 7 39 0 35 0 0
0 26 0 13 0 0 34 0 28 0 0 0 0 0 2 0 12 0 0 0 0 0 0 0 12 96 0 12 49 46 0 0 0 0 0 0 0 0 99 0 0 0 18 0 0 0 89 0 0 0 99 0 15 0 0 0 5 0 0 0 63 0 98 0 0 0 0 29 43 0 0 0 42 0 0 0 0 45 0 0 0 0 0 7 0 71 0 0 0 0 0 0 0 0 0 0 0 0 0 36
0 0 0 0 62 0 0 37 0 0 0 0 15 0 0 0 0 0 0 0 0 57 0 0 0 0 68 40 25 0 0 0 0 0 0 0 0 0 0 0 0 0 0 0 0 0 0 0 28 0 0 0 0 0 0 0 0 0 0 0 0 0 0 0 36 17 0 0 0 46 20 42 5 88 0 0 0 0 0 0 91 16 0 0 0 95 0 0 77 0 0 0 0 77 0 0 62 0 8 60
0 0 0 0 0 0 0 0 0 28 0 9 0 0 0 0 0 0 0 0 0 0 0 0 0 0 0 0 0 0 0 0 100 0 0 0 0 0 11 0 0 0 0 0 0 0 0 0 0 0 0 0 0 7 80 0 0 0 0 0 39 0 0 0 0 0 0 0 0 0 0 0 0 38 0 44 0 30 66 0 0 0 41 0 63 85 0 0 92 0 0 0 37 0 0 0 0 24 0 0
16 0 86 0 0 0 0 0 0 0 0 79 39 0 0 68 0 0 0 0 54 0 0 0 0 41 77 0 52 0 0 0 0 0 0 1 9 88 68 0 0 0 0 0 0 0 28 0 0 0 0 0 0 0 0 0 0 0 0 0 0 0 0 0 0 0 77 0 0 0 0 0 51 0 17 36 0 0 53 0 48 0 0 0 0 0 0 74 0 0 0 3 0 99 0 0 0 2 0 0
0 0 0 0 0 71 0 0 64 22 0 0 0 0 0 0 0 50 0 0 0 0 53 0 0 0 34 88 55 0 36 0 0 20 0 0 43 0 36 97 51 0 0 0 0 0 0 0 0 0 16 97 0 0 0 0 0 0 0 37 49 0 5 0 0 30 0 0 0 0 0 0 0 0 0 0 0 0 0 0 15 0 0 52 67 0 0 0 0 15 0 0 0 0 0 0 0 0 0 0
0 0 18 85 0 0 0 0 0 0 0 0 27 0 0 0 0 0 83 23 0 0 0 0 0 0 0 44 25 0 0 81 0 76 0 0 63 0 0 0 0 0 14 0 0 0 41 84 0 0 53 0 0 27 0 0 44 0 0 0 0 0 0 0 0 0 0 96 0 0 0 0 0 0 0 0 0 0 0 0 0 0 0 0 65 36 0 21 0 0 89 53 0 0 0 0 0 0 0 55
0 0 0 0 0 2 0 0 0 60 0 0 0 95 0 0 0 0 0 0 0 0 46 0 99 0 0 0 0 0 0 0 0 0 0 0 0 0 0 47 0 0 38 0 0 30 0 0 46 0 0 60 0 0 0 0 0 0 97 0 57 67 0 0 0 0 0 0 25 55 0 0 0 0 0 0 0 51 0 98 82 0 0 33 0 24 0 60 0 0 0 0 13 14 0 100 0 0 0 0
0 0 0 0 0 0 0 0 0 0 0 0 0 91 0 0 36 0 0 0 0 0 0 0 0 0 0 0 0 50 0 0 0 0 0 2 45 0 0 0 0 0 0 0 0 0 0 0 4 0 0 15 0 65 0 0 0 69 21 0 0 15 0 0 0 0 0 0 58 44 95 0 0 0 0 0 43 0 0 0 0 0 0 0 0 0 72 0 0 0 0 0 90 0 0 0 0 0 0 0
0 95 0 64 0 0 0 97 0 0 0 0 0 0 0 0 0 0 0 0 63 19 0 82 0 0 0 25 65 39 0 0 90 29 0 0 0 90 0 0 0 0 0 0 0 0 43 27 0 0 0 0 48 0 27 0 84 62 0 0 0 0 0 0 0 22 0 0 0 0 0 30 0 46 0 0 0 0 0 0 0 0 0 0 0 11 0 0 93 0 94 0 0 0 0 0 0 11 0 0
0 0 0 0 0 0 96 0 51 0 0 0 0 0 69 0 0 0 58 0 0 0 0 0 0 58 0 0 0 0 0 89 0 0 0 0 43 0 10 0 0 0 56 27 0 0 0 0 0 0 20 0 0 35 0 12 0 50 0 0 0 73 0 0 0 1 0 92 0 0 0 0 0 49 17 25 39 0 74 2 89 0 0 0 0 0 0 0 0 82 0 15 0 59 0 0 0 55 0 0
0 38 52 0 0 0 0 0 0 29 0 29 0 53 0 0 0 0 0 0 0 0 0 0 43 0 0 0 58 0 0 96 15 41 63 11 0 0 77 0 39 0 0 0 0 38 0 0 78 24 0 0 26 0 0 0 29 0 0 0 0 0 0 0 27 0 83 70 0 72 41 0 0 0 0 77 48 70 0 0 0 0 0 0 0 0 0 0 0 0 0 0 0 0 24 0 25 0 0 0
0 0 0 2 0 0 97 0 0 0 70 69 0 100 66 0 0 0 0 0 0 0 4 0 0 0 0 0 0 0 0 0 0 0 73 0 0 0 0 0 0 0 0 0 0 0 31 0 0 0 11 94 0 0 0 0 0 0 0 0 0 29 0 30 0 0 39 0 0 0 66 0 0 0 0 0 0 91 0 36 0 71 0 0 0 0 34 0 11 0 44 0 0 19 0 51 0 0 32 0
0 8 0 0 0 25 0 0 6 63 0 0 0 83 0 0 0 94 0 0 0 4 0 48 0 0 0 0 0 0 39 0 0 67 0 0 0 0 75 76 0 0 0 0 0 68 0 0 0 0 0 0 0 0 0 0 0 0 0 0 0 0 0 0 0 0 76 0 0 63 31 0 43 0 0 0 0 0 0 0 0 60 0 0 0 0 44 47 0 93 0 0 75 0 35 53 0 0 0 15
0 0 0 0 60 0 0 84 0 100 28 22 0 0 0 24 0 0 27 90 0 0 66 0 0 0 0 77 41 0 0 0 0 0 0 0 72 0 0 0 23 0 0 0 0 0 0 0 0 0 0 0 0 0 0 0 0 0 15 0 0 0 0 0 14 38 53 0 0 0 0 0 0 63 0 0 0 0 94 0 0 0 0 79 0 0 0 0 93 0 0 98 0 0 0 0 0 0 0 0
0 0 0 0 0 0 27 0 0 0 0 0 0 0 0 0 0 0 0 0 0 0 49 25 0 0 0 0 0 0 15 0 0 0 0 74 0 0 0 0 0 0 2 0 2 0 0 0 2 92 0 52 0 21 0 39 0 82 0 0 44 0 92 33 0 0 0 0 80 36 0 95 0 0 0 0 65 0 0 0 0 0 0 0 0 0 5 22 98 0 0 0 0 0 0 0 0 0 0 0
0 0 0 66 0 0 0 0 37 0 58 0 0 13 0 34 0 0 0 0 0 0 0 0 0 0 0 0 0 0 0 0 39 0 0 0 34 24 0 0 21 0 0 0 10 23 54 0 59 0 0 0 0 34 0 77 64 0 0 0 17 0 0 0 0 0 0 0 0 0 74 0 0 14 41 0 40 0 48 13 0 0 0 0 0 0 0 0 0 32 0 0 0 0 0 0 72 0 0 0
0 0 0 70 0 30 0 0 0 0 0 0 0 72 0 0 0 0 17 0 0 2 28 0 0 0 0 0 25 48 0 0 0 0 0 0 0 0 0 0 42 0 0 0 0 0 0 21 0 0 0 83 0 0 10 0 0 0 0 0 0 9 0 0 0 0 83 35 31 9 0 80 0 0 0 0 0 80 0 0 0 0 0 0 0 0 26 0 0 0 53 0 92 51 0 0 34 17 0 0
79 83 58 42 0 87 0 0 0 0 0 0 0 0 0 0 0 0 3 0 0 0 57 0 0 0 0 0 0 0 0 0 0 0 0 0 0 0 0 59 0 99 0 0 0 34 0 0 0 0 86 55 0 64 0 74 0 21 36 0 0 0 0 0 0 76 65 0 0 0 0 0 66 0 0 87 0 0 32 0 0 0 0 0 0 0 0 11 0 0 0 0 0 0 8 0 0 0 0 0
0 0 0 40 0 0 0 0 0 5 59 55 0 0 0 0 0 0 0 0 15 0 0 0 0 0 0 0 0 0 0 0 42 0 69 0 50 0 75 0 59 0 0 0 0 35 0 0 22 82 3 87 0 56 0 73 0 0 0 0 0 0 0 0 0 0 0 0 0 0 0 4 0 27 88 0 0 0 6 0 2 34 0 89 0 27 0 0 62 0 52 0 0 0 0 0 0 0 0 0
0 0 0 0 0 43 0 0 27 0 0 65 0 51 0 0 0 0 0 0 0 0 0 0 0 0 0 100 0 0 0 0 0 43 0 0 0 0 0 53 0 0 0 0 0 0 0 0 0 13 0 0 0 0 0 0 0 0 0 0 48 0 0 0 0 0 59 0 53 0 0 0 0 0 0 49 0 0 0 0 62 0 0 0 26 0 0 0 0 0 0 0 0 0 0 83 0 0 44 0
0 0 0 0 0 0 0 42 0 0 0 13 0 20 0 0 0 0 48 57 0 0 41 2 0 45 0 0 0 34 0 0 0 0 0 0 0 0 0 0 81 0 0 100 79 83 0 0 52 0 0 81 0 0 83 0 0 0 78 0 0 0 0 0 0 0 0 30 4 0 0 0 0 63 0 98 0 77 0 15 0 56 0 0 0 0 0 0 0 41 58 55 53 50 0 0 0 0 0 0
0 0 0 0 0 0 0 0 0 66 0 0 3 0 76 20 0 0 0 72 0 0 0 0 0 0 0 0 0 42 0 0 37 0 85 0 61 1 0 0 0 0 0 0 68 0 0 0 11 0 0 0 0 0 55 0 0 0 0 0 0 0 0 0 0 0 0 0 0 0 0 0 4 0 0 0 75 0 0 0 0 0 0 0 87 19 0 0 0 10 63 0 0 25 0 0 82 0 0 0
65 0 0 0 0 0 0 0 89 0 43 90 0 90 30 0 90 0 0 0 0 67 0 18 0 0 0 0 0 83 0 0 0 0 0 0 0 0 0 0 0 0 0 0 86 0 0 0 0 0 0 0 0 0 0 0 0 0 54 16 0 0 84 0 0 0 0 0 88 74 0 0 0 0 26 0 0 0 0 0 73 0 0 0 29 0 0 0 0 0 0 0 0 0 44 0 0 0 0 0
0 98 0 0 0 0 60 0 0 0 0 0 0 70 0 0 0 0 0 13 0 0 97 0 61 0 34 0 28 72 66 0 0 0 31 100 11 0 0 16 0 0 0 39 69 87 0 0 0 0 0 81 0 0 0 0 0 0 0 32 0 0 0 0 29 0 0 0 37 0 31 0 0 0 0 0 0 0 0 1 0 0 0 0 88 11 0 64 0 0 0 0 0 0 0 0 0 0 0 0
0 0 26 0 0 0 0 0 47 0 0 0 0 37 0 0 0 0 0 0 0 0 0 0 55 50 0 79 0 0 0 0 0 0 0 0 0 37 0 0 0 0 50 0 0 0 0 0 0 0 0 0 0 0 15 0 0 2 0 0 0 0 0 0 0 0 73 0 0 0 0 0 0 0 0 35 0 0 0 0 0 0 0 0 0 0 0 0 0 0 0 3 0 0 0 0 0 0 0 10
0 0 0 0 60 0 0 0 0 0 0 0 0 0 0 28 24 24 0 66 0 0 0 0 98 0 0 0 77 47 0 0 0 0 0 0 17 0 93 0 0 0 11 0 69 69 69 0 0 95 0 0 3 61 0 0 0 0 0 0 0 0 0 0 0 22 78 0 76 0 0 0 0 46 0 0 0 0 0 0 93 0 0 80 0 0 0 32 0 0 0 0 0 0 0 9 0 0 0 0
0 0 11 0 31 0 0 29 0 0 0 0 0 88 70 0 0 0 68 0 0 0 28 0 65 0 0 23 0 81 0 0 9 0 5 0 0 0 0 97 0 0 12 0 37 96 54 42 89 12 0 0 29 0 0 27 0 0 0 0 59 0 0 0 0 0 0 27 0 0 0 0 0 0 0 89 0 0 0 0 0 47 14 0 0 0 0 42 0 0 0 0 0 0 0 91 0 3 0 0
0 0 0 0 0 0 14 0 0 10 0 0 0 0 0 0 0 14 14 0 0 0 49 0 0 0 0 22 0 0 73 0 0 0 0 0 0 0 0 0 0 0 0 0 0 0 0 0 32 0 0 0 0 0 0 0 0 84 0 0 70 0 0 0 0 94 0 0 0 0 0 0 6 0 0 76 71 0 0 0 0 0 0 0 0 0 100 0 0 0 58 0 0 54 0 24 76 0 0 0
0 0 0 0 48 0 0 0 0 76 2 0 0 50 0 0 0 0 0 0 15 7 0 65 0 0 70 0 0 47 87 0 0 0 0 0 52 0 0 19 0 74 39 0 70 0 0 10 0 0 0 0 0 0 0 0 0 0 0 0 43 0 0 0 0 0 0 0 51 0 89 0 0 97 0 0 0 0 0 0 74 70 0 0 0 0 0 0 0 0 72 0 0 0 0 0 0 0 0 0
97 0 0 0 0 0 0 0 0 0 0 0 80 15 28 66 0 0 0 0 0 26 64 74 0 0 81 0 0 0 70 0 74 23 0 0 76 0 0 0 0 0 0 0 0 0 35 0 77 0 70 0 71 0 0 0 71 0 0 42 0 0 0 0 0 72 0 58 0 0 66 0 38 0 0 24 87 88 0 0 0 0 0 0 0 0 0 0 0 0 77 0 0 0 91 0 64 0 0 0
0 0 0 92 0 87 0 0 0 0 0 0 59 0 0 0 69 0 9 0 0 0 0 95 0 64 0 0 0 42 0 0 0 0 0 51 0 0 0 0 0 0 0 0 0 0 0 0 0 66 0 27 0 0 0 81 0 0 0 89 0 0 0 0 0 0 0 0 55 0 0 0 0 0 0 7 0 89 56 0 54 81 0 59 0 0 0 0 0 0 0 35 0 67 0 0 0 0 0 32
0 0 0 0 0 51 0 47 0 0 0 0 0 6 80 0 91 0 3 0 0 0 0 0 49 0 100 8 57 0 11 0 34 0 0 0 57 0 0 0 0 0 34 13 81 0 0 0 0 31 68 0 18 8 41 90 0 32 0 53 0 0 0 61 90 74 0 33 0 7 0 20 0 0 0 0 0 0 26 65 73 83 92 0 35 0 0 73 0 0 0 0 92 0 0 72 39 0 0 0
24 0 0 0 39 0 0 0 0 0 0 43 50 0 0 0 0 0 0 0 0 0 75 0 0 0 10 0 0 50 0 0 46 0 0 41 0 0 14 17 0 0 0 31 0 0 0 92 4 88 43 0 0 0 4 0 0 0 86 0 0 0 0 29 61 0 73 0 0 0 0 0 0 0 0 52 0 37 0 42 38 0 25 0 0 0 0 0 0 0 0 23 14 0 68 47 0 0 0 0
0 0 0 0 74 0 0 0 0 0 0 0 8 0 0 0 47 0 0 0 0 0 0 0 31 0 0 0 0 0 0 0 0 0 0 64 0 0 0 0 0 0 0 0 0 0 0 0 0 0 0 0 0 0 55 0 0 88 0 0 16 0 0 0 0 0 0 0 0 0 28 0 5 0 0 0 0 0 0 0 0 30 0 12 0 10 0 0 0 0 0 0 0 0 0 0 0 0 0 38
0 7 0 0 0 0 0 0 0 0 0 0 57 0 0 16 8 0 0 0 0 0 0 89 0 0 0 0 0 0 0 0 78 0 0 0 0 0 0 0 1 29 79 0 0 0 0 0 0 20 0 0 0 0 0 67 0 0 0 0 97 0 0 0 0 0 0 0 19 0 0 27 43 0 0 0 0 0 0 82 0 0 0 49 0 0 0 0 0 0 0 0 35 0 60 0 0 43 0 0
0 0 0 0 0 17 0 0 0 0 0 0 0 26 25 0 0 0 0 0 0 21 0 2 0 89 0 0 0 5 0 0 6 0 0 0 0 0 0 0 27 0 0 0 0 0 0 44 0 0 0 0 0 0 0 34 19 0 89 70 0 0 0 9 0 0 0 0 0 91 0 63 0 0 0 86 87 0 0 0 0 0 0 0 65 75 0 0 0 0 11 0 0 2 0 0 0 0 0 91
0 0 0 0 19 0 0 71 0 0 0 0 0 0 96 0 0 56 0 0 0 47 0 46 0 0 0 0 0 0 0 0 0 0 0 0 0 0 0 0 0 77 53 0 0 0 0 0 0 0 0 0 0 0 17 0 45 0 0 0 0 0 0 0 0 0 0 0 0 0 0 0 0 0 0 0 0 0 0 29 0 0 61 0 0 0 0 0 47 0 0 0 0 0 0 0 66 0 0 0
0 0 0 0 7 0 0 0 0 0 0 7 0 28 0 20 0 0 30 87 0 0 0 70 0 0 70 0 0 0 0 26 0 0 1 0 0 0 0 0 0 72 0 0 0 0 9 0 0 0 0 0 0 24 0 0 75 0 70 0 0 52 29 0 64 0 51 12 0 0 6 40 0 0 0 79 0 0 0 0 0 47 0 34 0 50 0 0 69 0 0 65 0 0 0 0 0 0 0 0
0 0 0 0 89 0 0 0 0 74 0 0 0 0 0 0 72 0 78 0 13 22 0 0 62 0 0 0 0 0 0 0 0 0 87 0 0 0 0 53 0 0 28 0 0 0 0 0 0 0 82 61 37 0 0 79 0 0 0 98 0 18 0 0 0 57 0 0 0 60 72 0 0 0 0 0 79 0 23 0 44 0 0 0 0 99 0 0 0 73 0 0 0 0 0 0 0 74 0 0
0 0 0 0 0 27 0 0 90 0 0 0 0 0 0 0 0 0 0 32 53 0 0 17 0 54 0 60 0 0 0 0 0 0 35 0 6 0 19 0 56 0 96 0 0 0 0 0 0 0 27 0 39 0 0 79 3 1 0 0 0 0 0 0 0 0 0 0 53 3 0 0 0 0 0 46 0 0 14 0 0 0 0 71 64 0 0 0 6 62 0 0 47 52 91 54 0 0 0 0
0 0 19 0 94 19 0 59 0 0 0 0 0 0 48 0 39 0 0 37 0 0 0 0 95 59 0 42 0 0 0 28 80 0 0 0 0 86 0 61 0 0 0 0 0 0 25 55 0 0 0 63 0 49 0 58 0 0 73 0 0 0 9 0 0 37 0 0 0 17 0 0 37 0 0 0 0 0 21 0 0 0 0 0 0 0 0 5 0 84 0 21 0 53 21 0 68 0 0 0
0 0 0 0 17 0 0 19 0 63 0 9 0 0 0 26 0 0 0 0 0 0 0 0 0 0 0 60 0 27 0 45 0 57 0 0 0 0 75 0 0 28 0 0 0 0 16 0 0 0 95 0 69 0 14 0 0 78 0 0 0 0 0 58 0 0 0 0 0 0 0 0 0 0 0 78 0 20 67 0 0 14 0 0 0 0 0 0 0 0 0 0 0 39 50 0 0 0 39 0
0 0 0 92 79 0 73 0 20 35 0 0 0 0 0 0 0 30 0 0 0 0 66 0 0 0 92 0 0 0 50 0 95 7 50 0 0 0 2 0 72 0 0 0 89 54 0 5 0 50 0 0 0 0 0 0 0 0 0 0 88 0 92 83 0 95 0 0 0 0 0 0 25 0 0 0 0 0 0 0 0 0 0 0 0 0 0 0 0 0 0 0 0 28 94 0 0 0 0 0
59 31 66 0 22 0 0 0 0 0 51 37 0 0 5 70 0 39 0 0 6 0 15 23 0 0 24 0 77 0 43 0 0 0 0 3 0 0 0 0 0 0 0 0 0 6 0 57 0 0 0 0 0 0 0 0 0 26 0 0 0 0 0 44 52 0 0 0 0 0 20 0 27 54 73 0 0 0 0 0 39 0 22 0 0 0 0 0 0 56 0 0 42 17 0 0 0 0 0 0
0 0 0 0 0 0 0 68 0 0 0 0 2 16 0 0 0 0 0 0 0 36 0 0 0 0 0 12 23 0 0 36 0 0 0 54 0 0 26 65 63 54 0 0 12 23 0 0 0 0 70 0 0 50 0 69 0 24 0 0 28 0 0 0 0 38 32 0 0 89 0 0 75 0 0 0 0 0 0 0 0 0 66 74 1 0 0 75 0 89 0 0 0 0 62 0 0 0 0 0
0 0 0 0 0 0 19 30 0 44 0 17 0 74 0 0 0 0 0 0 0 0 0 57 0 0 0 0 0 0 31 0 66 0 0 0 0 34 18 0 0 0 0 0 0 68 0 0 0 0 18 0 0 0 8 0 52 0 0 0 0 0 0 67 41 0 0 56 0 0 0 61 0 0 0 0 74 0 0 32 0 24 0 0 0 0 0 0 16 0 0 0 0 0 0 0 0 0 0 0
0 0 0 0 9 0 45 0 0 0 0 0 0 0 69 0 0 0 0 0 0 0 0 0 0 0 0 30 32 0 0 0 0 39 0 0 0 0 0 0 67 0 0 0 0 0 25 0 0 0 94 34 21 0 0 0 0 0 0 0 0 0 0 0 90 0 0 0 57 0 0 0 1 69 0 0 0 0 0 0 0 0 0 51 0 0 0 0 0 0 0 67 38 0 72 32 0 0 0 0
34 0 0 16 100 0 0 0 0 0 0 0 0 0 0 0 67 0 0 0 7 15 0 0 0 49 0 0 0 0 0 0 0 9 0 0 3 0 70 0 0 94 77 0 0 0 69 0 0 0 0 0 76 0 0 0 16 0 6 0 0 0 0 0 0 0 82 0 0 2 0 0 0 0 0 0 87 0 35 0 12 0 0 0 0 0 97 7 0 0 19 0 0 0 0 37 0 0 0 0
57 0 1 0 5 0 0 20 0 0 0 0 50 0 3 0 52 35 0 6 0 0 0 0 14 59 0 0 0 48 97 0 0 0 56 0 40 0 0 68 0 0 0 0 0 0 26 0 0 56 49 0 0 0 0 0 0 0 0 86 0 0 31 0 0 17 0 0 33 64 82 0 0 0 95 16 0 0 85 0 0 0 90 0 0 49 0 0 54 0 0 0 0 0 0 0 17 0 0 0
0 43 0 0 0 0 0 0 0 0 0 0 80 0 0 0 0 36 0 0 0 0 0 0 0 0 60 0 77 40 0 0 0 0 0 0 0 0 0 0 0 0 16 14 0 56 17 0 100 58 0 23 13 97 54 0 0 0 20 0 0 0 0 0 20 0 0 0 100 0 0 0 56 0 60 0 0 0 0 6 0 0 0 0 0 0 27 0 0 0 0 0 46 0 49 0 0 0 0 95
0 0 0 0 0 0 0 0 0 0 16 0 56 0 0 0 0 38 0 0 0 0 3 0 0 0 50 0 0 0 0 0 0 80 39 0 0 0 0 0 0 0 45 0 0 0 0 0 0 0 0 0 0 22 0 0 0 0 0 0 0 0 13 0 89 98 0 0 0 0 0 91 46 0 0 20 0 0 54 0 0 0 82 39 0 0 77 0 0 0 0 0 0 53 38 0 0 45 7 0
0 22 79 0 0 0 0 63 0 0 0 0 0 0 0 0 0 39 0 0 0 43 0 0 0 78 0 23 98 0 0 39 0 0 0 0 0 0 0 0 0 0 0 53 89 0 0 5 0 0 29 0 0 0 0 0 0 59 23 0 0 0 27 0 0 0 0 0 0 0 0 94 0 0 0 0 0 0 0 21 0 0 0 0 10 0 0 0 91 0 0 0 0 0 1 70 0 0 70 23
0 40 5 0 0 0 0 66 49 0 0 0 26 33 0 58 0 0 0 0 0 0 0 0 0 100 0 40 0 0 0 97 77 91 0 0 99 0 0 0 0 0 0 0 0 77 93 0 0 0 0 0 0 29 0 0 0 0 20 0 0 0 0 76 69 7 0 0 0 0 0 0 0 0 3 0 0 0 0 0 0 0 0 0 0 0 0 0 0 0 53 0 41 0 0 0 0 45 0 0
0 0 0 36 0 74 0 0 0 0 0 45 0 0 0 0 0 0 96 43 0 0 0 0 0 98 0 53 0 0 0 45 0 0 0 25 28 17 4 77 0 0 92 0 35 0 0 0 0 0 0 0 0 0 0 0 0 0 0 46 0 68 0 0 36 84 0 0 0 0 0 52 0 0 0 0 0 0 0 0 0 92 0 76 27 0 0 0 0 1 44 0 0 0 0 0 85 0 69 0
75 0 0 0 53 0 0 0 0 0 83 0 46 0 0 27 0 0 0 0 0 0 83 0 0 0 41 0 0 0 22 0 0 0 0 22 0 28 0 10 0 0 0 0 24 8 83 31 0 0 0 0 0 0 0 0 65 0 0 56 0 12 0 0 0 0 0 0 0 0 0 0 0 0 0 0 83 0 0 18 0 0 0 0 47 0 12 0 18 59 59 0 0 78 75 0 0 0 0 0
64 0 0 0 0 0 0 0 0 0 0 0 51 33 0 0 0 7 24 0 0 0 0 0 50 0 0 92 0 0 0 92 0 0 0 0 0 0 0 0 0 0 0 0 37 0 0 0 0 0 0 0 0 0 1 0 0 0 0 0 0 24 98 6 0 0 76 0 0 0 0 0 0 0 0 48 0 44 32 0 25 0 0 0 0 82 0 0 29 0 0 52 0 47 57 0 0 0 6 25
25 0 0 0 0 0 0 0 25 0 0 13 0 100 0 0 4 64 97 14 0 0 0 0 0 0 63 84 0 0 0 56 64 0 0 0 0 0 0 0 0 76 0 0 0 0 90 0 0 0 8 0 67 35 0 0 92 0 0 0 0 0 11 0 0 0 0 35 0 3 0 19 57 0 0 76 0 0 0 0 0 99 51 0 0 51 0 0 0 60 24 94 0 0 0 19 90 99 0 0
33 0 0 0 0 0 0 0 0 0 0 0 0 44 12 0 44 0 0 7 0 0 0 0 0 0 0 0 0 0 0 0 0 0 74 0 18 0 0 0 0 0 0 0 8 0 0 0 0 0 0 0 0 0 0 0 0 0 60 50 0 34 0 12 0 0 0 0 0 0 25 0 0 0 0 0 40 0 65 0 0 0 0 33 0 0 0 0 0 0 66 0 0 0 0 0 0 0 0 0
97 51 0 0 0 71 0 0 0 0 0 0 0 0 27 0 0 0 0 0 0 0 0 0 0 0 0 0 63 94 0 0 0 0 0 0 0 0 0 19 0 0 0 0 0 0 0 0 0 0 13 61 0 0 0 34 0 0 0 0 0 80 59 61 0 0 0 0 0 0 64 84 0 93 0 0 8 0 0 0 0 0 58 0 0 0 2 0 42 0 0 34 0 0 0 0 0 0 58 0
0 0 29 0 0 66 0 0 0 11 53 0 0 0 0 0 53 0 0 0 0 15 0 0 0 0 0 21 0 0 0 0 30 0 28 0 0 0 0 0 0 0 0 0 0 0 0 0 0 0 97 0 0 0 0 63 53 0 0 96 0 0 0 0 0 21 13 0 96 0 0 21 0 96 56 0 0 40 0 0 0 0 47 81 92 0 0 0 0 0 0 0 0 0 0 0 0 0 0 30
0 0 99 0 3 0 0 0 0 84 0 0 0 95 25 0 0 0 0 0 0 0 0 0 0 51 0 0 64 0 0 0 36 0 0 30 0 0 0 0 0 0 0 0 0 0 0 0 0 0 60 0 0 79 0 0 0 80 0 0 0 0 0 0 0 0 0 0 0 0 0 0 91 0 90 0 0 53 0 0 58 0 0 0 0 0 20 0 0 14 0 0 0 0 0 0 0 0 0 4
0 0 6 0 0 36 0 0 0 0 0 0 0 0 0 0 72 0 32 0 0 0 0 0 0 0 0 0 0 0 0 0 0 0 0 9 0 0 0 0 0 12 0 0 98 0 58 0 0 20 0 0 0 0 0 0 0 0 38 0 0 51 0 0 0 0 0 0 0 0 0 0 0 0 0 0 0 56 0 0 0 19 0 39 33 0 19 0 0 0 31 0 0 0 0 65 0 0 0 0
0 37 0 0 0 0 0 54 0 72 0 99 0 0 0 0 40 0 56 71 75 0 0 59 0 0 0 0 100 24 73 0 0 0 48 28 0 0 0 0 5 31 0 0 0 49 0 59 0 61 0 0 0 0 0 95 0 0 0 0 21 0 0 0 0 0 81 17 42 17 0 0 0 0 62 1 36 0 0 0 0 0 32 0 0 0 12 0 0 0 53 0 0 0 0 0 0 95 78 0
0 54 0 0 57 0 23 0 53 0 0 0 7 61 0 39 0 75 0 0 50 0 0 0 0 0 0 0 0 0 0 0 0 0 0 93 95 0 0 28 49 0 88 20 0 0 0 72 0 0 15 0 0 0 0 0 0 92 6 0 0 3 0 9 70 0 0 0 18 0 0 59 0 0 0 0 0 0 0 93 0 0 0 39 0 53 0 5 0 0 0 0 0 0 0 96 39 0 48 100
0 0 0 0 0 12 0 0 0 0 65 0 0 0 0 0 0 29 0 0 0 0 79 0 0 0 0 0 0 0 0 83 0 0 15 0 0 0 0 0 86 5 0 0 0 0 65 0 14 54 0 0 0 0 0 67 0 0 0 0 0 0 0 0 0 41 76 0 0 0 0 0 0 0 0 0 54 43 93 0 0 0 37 0 0 0 0 0 36 0 0 0 0 18 0 0 0 0 0 0
0 46 0 0 26 22 0 39 0 0 0 0 0 0 0 0 0 0 65 74 0 0 0 0 0 7 0 0 0 0 0 0 0 47 0 7 0 0 0 0 0 0 0 0 0 0 59 0 0 0 0 31 36 0 64 0 62 0 0 12 0 0 0 0 0 0 0 0 0 49 50 0 0 0 0 0 0 0 35 0 0 50 0 0 89 0 0 0 0 53 0 0 0 0 0 0 0 50 67 0
3 4 0 0 0 0 48 0 0 0 0 0 0 0 0 0 5 0 0 0 0 0 0 0 98 63 0 0 0 0 0 0 0 0 0 0 0 0 0 0 0 0 0 0 0 0 0 0 0 74 82 0 0 0 0 0 31 0 0 0 29 0 37 0 45 0 0 0 0 0 67 0 0 0 0 50 0 0 0 0 0 0 51 0 0 0 0 0 0 41 63 5 33 63 0 0 54 0 0 0
31 0 0 0 0 0 0 0 0 0 0 0 0 0 24 8 0 0 0 30 72 0 87 0 0 0 0 88 20 54 0 87 100 0 0 0 0 0 0 0 0 0 0 1 39 0 0 0 0 0 0 0 0 0 0 0 0 0 22 0 0 0 0 0 0 0 14 0 0 0 49 98 0 0 35 0 92 0 0 0 0 0 0 0 50 0 0 0 0 0 55 0 40 0 83 0 0 0 57 0
0 0 0 0 19 0 93 20 0 0 0 0 0 0 0 29 16 0 0 0 66 0 0 0 0 0 0 0 0 99 18 0 0 49 0 0 90 0 0 19 0 100 0 0 62 0 0 61 63 0 0 0 0 0 47 0 73 0 0 37 43 0 97 89 66 0 0 0 0 0 57 96 52 0 0 0 0 0 0 0 0 0 1 0 0 0 0 0 0 0 72 0 0 0 37 0 0 0 0 0
46 30 54 0 90 0 0 80 0 0 92 0 0 0 0 0 0 98 0 0 0 0 63 0 61 0 0 8 0 70 0 0 5 0 0 49 0 0 56 80 0 0 1 0 0 27 32 100 62 0 0 0 0 0 4 0 0 0 24 46 0 0 0 0 0 0 0 0 0 93 0 0 0 52 37 0 0 0 0 0 0 66 0 54 0 96 0 0 0 0 0 44 15 0 0 0 0 0 0 0
0 52 0 0 0 0 0 0 67 0 0 61 0 0 0 0 0 46 68 68 0 0 0 87 0 0 0 92 54 0 0 0 99 28 0 0 0 0 0 0 19 0 0 0 0 54 0 0 0 0 0 36 0 43 0 0 85 89 0 66 0 0 0 0 81 85 0 0 59 0 0 0 0 22 0 0 4 0 0 0 0 0 0 0 0 0 0 77 97 0 9 0 0 0 69 0 0 0 86 40
56 0 0 0 0 80 83 0 0 63 0 0 0 32 0 0 0 0 62 9 0 0 42 0 67 0 0 71 0 0 51 14 0 0 0 0 50 0 0 0 46 0 0 41 0 0 0 65 0 0 0 0 64 0 0 0 97 0 0 34 85 0 0 36 73 7 0 0 0 13 0 0 0 0 56 0 0 0 0 0 0 0 0 36 0 0 50 0 39 0 73 0 0 0 0 0 27 0 0 0
0 0 0 86 0 0 56 0 0 51 69 44 49 74 0 0 0 0 0 0 0 0 48 0 0 0 0 0 0 0 0 0 0 0 0 62 0 0 0 0 0 0 0 0 0 0 69 96 0 0 0 0 0 0 16 0 94 0 0 0 0 62 0 0 0 29 0 0 19 4 0 51 0 99 0 0 0 0 57 14 0 0 0 0 0 0 0 0 0 0 84 0 95 0 52 0 0 0 12 0
0 0 0 86 0 87 0 89 0 72 0 0 47 0 26 0 0 0 0 76 0 0 0 53 0 0 0 0 2 0 0 0 0 56 83 0 0 0 0 0 81 1 63 35 0 0 0 0 0 16 0 0 0 0 0 0 0 0 0 99 62 0 56 0 94 0 0 0 89 0 0 89 0 0 0 0 56 0 0 52 0 57 0 0 0 0 0 0 56 0 0 22 0 0 0 0 0 0 0 0
0 60 0 93 0 46 0 0 16 26 20 0 10 0 68 0 93 13 0 0 0 37 0 0 0 0 13 0 0 27 0 98 0 0 27 0 65 0 20 0 72 59 0 0 0 0 0 78 0 0 99 0 90 0 0 22 0 0 0 0 0 33 0 0 0 0 0 0 0 0 68 0 0 0 0 0 2 0 0 0 0 0 78 0 0 0 0 0 31 0 0 0 0 23 19 0 0 72 29 80
0 0 0 0 0 0 0 0 0 0 0 0 0 12 0 0 0 0 0 68 0 0 88 26 0 0 42 0 0 0 28 0 0 47 64 0 0 0 53 0 5 0 42 0 0 0 0 0 0 18 0 0 0 0 0 68 0 0 63 49 0 0 83 2 0 0 0 0 7 0 4 0 85 0 0 0 0 0 0 17 0 0 0 0 0 0 55 90 0 0 0 0 0 0 0 1 95 0 20 0
0 15 0 0 0 0 0 0 0 0 0 44 0 44 0 82 0 0 0 0 0 0 0 0 0 7 0 0 0 35 0 74 0 0 0 0 0 0 0 0 0 63 0 0 0 69 0 88 0 0 0 45 12 0 49 0 0 0 0 0 0 0 0 0 42 0 0 0 0 0 0 0 0 0 0 0 0 0 0 0 0 0 0 0 0 0 0 0 0 0 63 50 0 58 0 0 0 0 0 0
0 0 0 0 0 0 0 0 3 0 0 0 0 0 0 0 0 0 0 0 0 28 13 45 0 11 47 0 0 0 0 0 81 0 0 0 0 0 0 0 42 0 0 0 0 23 0 0 0 0 13 0 0 23 0 0 0 0 0 0 0 0 0 42 41 0 0 0 0 0 0 96 51 0 0 83 0 0 0 0 0 0 0 0 0 0 33 0 0 0 96 76 0 0 78 0 0 0 0 0
56 0 0 0 0 43 0 0 36 42 27 0 0 0 79 27 0 0 0 100 0 0 0 0 0 0 44 75 62 100 0 0 0 0 58 0 32 11 0 0 12 77 0 26 0 0 0 0 0 0 0 0 14 5 0 72 0 0 71 0 0 72 0 49 33 1 0 0 0 7 0 0 0 0 0 43 36 0 0 75 0 13 0 52 0 0 0 0 0 0 0 0 0 0 0 0 0 6 0 0
0 0 0 0 0 0 0 0 0 0 0 46 0 81 0 0 0 5 0 0 0 0 0 0 0 0 24 0 0 0 0 0 86 0 0 0 84 0 0 0 87 0 38 0 0 0 84 0 0 73 0 0 0 0 0 0 0 0 75 0 0 88 0 0 0 34 0 1 0 0 30 0 0 0 0 71 0 0 0 0 0 0 0 0 0 0 0 0 0 0 78 0 0 0 0 0 81 16 0 0
0 0 0 70 0 0 0 92 0 0 0 0 49 0 0 67 0 0 0 0 0 0 0 0 0 0 0 0 0 21 24 0 0 81 0 0 60 0 46 0 10 0 0 56 0 0 0 40 0 0 0 0 31 7 0 0 0 0 0 0 0 61 0 0 0 0 33 0 77 7 0 0 0 12 89 0 10 0 0 0 0 0 0 0 0 0 0 0 0 0 0 0 0 0 0 0 0 0 0 0
52 0 0 0 0 22 0 0 0 0 0 0 35 0 0 0 12 0 9 0 0 32 0 0 0 0 0 0 0 0 0 0 0 0 0 56 0 0 0 0 0 0 0 46 0 89 0 0 1 0 0 0 80 0 0 0 0 0 0 0 0 35 0 0 0 76 0 0 13 84 0 0 3 0 0 0 50 31 0 0 0 0 0 0 0 96 0 0 0 45 18 0 0 19 0 0 0 0 0 0
93 0 0 0 0 0 0 0 0 0 0 0 0 89 0 50 0 0 0 0 82 0 0 0 0 0 0 0 0 72 0 0 14 0 0 0 0 0 0 71 68 1 0 0 0 0 0 0 0 0 90 0 0 0 0 92 0 50 12 74 0 0 0 0 0 0 0 0 0 35 0 58 0 34 89 0 82 0 0 0 0 0 0 0 0 0 0 2 0 0 0 0 0 0 0 79 0 46 0 0
0 28 92 0 0 0 0 0 0 0 0 0 7 0 73 0 0 0 0 0 0 0 12 0 0 0 0 89 0 0 0 0 0 0 0 0 0 0 0 0 0 0 62 36 0 0 18 0 0 50 0 0 62 0 0 0 0 0 1 0 14 0 26 92 0 0 0 0 0 0 0 0 0 0 0 0 0 0 0 34 0 0 0 70 0 31 24 0 0 0 25 0 0 0 0 89 0 0 0 0
0 0 0 0 0 0 0 0 0 43 0 33 0 0 0 0 0 0 0 0 22 0 0 0 0 0 5 0 0 26 0 0 0 0 0 0 0 0 31 13 0 15 0 0 0 89 0 0 0 0 0 73 0 0 0 0 0 0 0 0 0 71 29 77 0 0 0 0 6 0 0 56 12 0 0 0 0 0 31 0 0 0 0 0 0 78 0 0 2 0 0 0 0 0 0 73 0 0 0 72
26 0 0 0 0 0 0 0 80 38 0 0 66 0 0 70 86 0 0 0 39 0 0 0 0 0 0 0 0 0 0 0 0 62 65 0 0 0 0 0 0 0 0 83 0 0 4 0 0 0 33 74 45 0 0 0 0 0 0 0 0 88 0 0 93 0 0 0 0 0 0 0 0 11 0 0 0 0 0 78 42 0 0 0 0 0 0 0 0 0 0 74 0 73 0 0 0 0 0 0
63 0 24 0 0 0 100 0 0 23 0 0 0 0 0 0 0 73 0 0 0 0 94 50 0 0 0 30 0 17 0 0 0 0 0 0 0 0 0 0 21 0 0 10 41 48 0 0 0 42 14 0 0 0 0 0 0 48 4 0 0 72 0 0 0 0 27 0 32 0 0 0 0 0 37 0 0 2 80 0 0 0 0 0 0 85 0 0 1 0 0 0 0 46 60 0 0 40 0 78
0 27 38 0 0 0 23 0 0 0 46 0 13 0 0 0 0 0 0 0 0 6 0 0 0 0 0 0 0 0 0 0 99 38 90 0 0 0 0 5 0 0 39 65 0 0 0 0 0 0 19 16 0 0 75 0 0 0 0 79 0 0 0 70 62 0 33 0 0 76 0 0 0 0 0 0 0 0 98 0 64 0 0 0 44 71 0 0 95 50 40 72 0 0 37 87 0 0 30 0
96 0 83 0 0 0 0 0 0 37 0 0 0 0 20 0 0 0 0 0 0 43 0 0 0 28 70 0 0 0 0 0 76 0 0 0 0 0 0 0 0 0 0 0 0 0 76 0 0 0 60 0 0 0 91 0 0 88 0 0 0 12 0 0 0 70 0 0 0 0 0 0 17 5 6 0 0 27 0 0 0 85 0 0 0 0 0 0 0 0 0 6 0 0 0 0 72 11 0 11
0 94 0 76 29 0 0 0 0 9 0 0 0 0 0 0 63 0 72 0 0 0 0 0 0 0 0 0 0 0 0 30 0 50 91 0 0 36 43 0 0 31 0 0 0 0 0 0 0 0 0 0 20 53 0 0 0 68 0 0 0 5 0 0 0 0 77 73 46 0 89 0 0 0 97 17 0 0 0 13 10 0 0 0 0 0 0 0 0 22 0 0 0 0 74 0 0 0 0 0
0 0 0 0 0 0 97 0 0 22 0 0 0 74 0 0 0 0 0 41 0 30 0 0 0 8 0 0 0 0 0 0 0 0 0 0 0 0 86 0 0 0 45 97 0 0 0 66 0 0 76 0 0 0 67 0 34 0 0 0 50 0 0 91 0 0 0 0 28 0 0 0 0 0 0 0 0 0 0 32 0 0 93 93 3 0 71 0 58 0 0 0 63 0 0 0 0 0 0 0
69 0 0 0 0 1 0 38 52 0 0 6 0 0 0 0 0 0 0 0 0 57 0 0 85 0 29 31 0 0 3 0 0 0 0 0 6 0 0 93 0 17 0 0 0 0 0 0 0 19 0 0 0 0 35 0 0 0 0 0 0 0 0 0 0 0 0 0 0 9 0 0 0 0 0 0 84 0 0 11 0 0 0 67 0 0 75 22 85 0 0 0 0 45 54 0 0 0 0 0
52 0 0 42 27 0 0 0 0 0 80 0 0 0 0 0 0 60 0 45 61 79 0 0 87 0 0 0 0 0 0 9 0 0 81 0 0 0 0 0 80 0 0 0 0 0 13 0 0 0 0 0 0 60 0 41 0 0 0 0 0 0 0 0 0 43 0 0 53 0 76 0 0 0 40 0 0 0 45 0 33 41 0 13 0 0 0 0 0 0 0 69 3 0 0 17 0 0 0 0
89 98 81 0 66 96 0 46 0 26 0 0 100 0 0 0 0 0 0 0 47 0 0 0 47 0 53 0 0 0 0 66 0 0 86 0 19 0 48 0 16 0 0 61 0 0 0 0 74 0 0 0 42 100 35 92 33 14 7 0 0 82 10 0 0 80 60 0 0 0 55 20 0 0 45 0 0 38 0 0 0 0 0 74 0 0 0 0 0 0 0 0 0 0 0 0 0 0 0 0
0 0 0 34 0 30 50 0 86 0 0 19 0 0 0 0 0 0 0 0 0 24 92 0 0 0 95 0 9 0 0 0 0 0 74 0 0 0 14 0 0 0 0 0 0 0 0 0 67 0 0 0 83 0 33 0 0 0 0 0 48 0 0 39 0 79 0 0 0 0 0 0 0 0 0 0 0 0 0 31 0 0 0 0 0 84 0 0 0 0 0 0 0 0 0 0 0 0 0 0
45 99 0 25 34 0 0 0 66 0 0 35 57 99 93 0 58 0 1 0 0 9 53 0 0 92 0 0 0 0 27 0 54 37 0 12 0 0 0 0 0 0 0 0 96 0 72 0 76 0 0 0 0 0 2 0 87 35 56 0 0 0 0 0 0 63 0 0 0 58 42 0 12 69 0 54 19 0 0 0 12 0 0 0 0 0 0 26 0 0 0 0 0 0 0 0 0 0 12 0
0 0 0 0 0 41 0 0 0 15 78 0 0 0 0 0 64 18 65 0 62 0 58 0 0 61 0 18 0 33 0 0 0 0 46 0 9 0 0 0 19 0 42 0 0 0 0 0 0 0 11 0 0 0 80 0 17 0 4 0 0 0 42 0 0 0 0 0 0 96 0 61 0 0 0 0 0 0 0 0 2 0 77 0 66 0 0 0 0 41 0 70 33 0 0 0 0 71 0 0
0 0 0 0 0 0 97 0 0 0 10 0 0 0 0 0 0 0 0 0 0 0 59 0 0 73 0 0 0 0 0 0 0 3 0 0 48 42 50 0 38 0 0 0 54 0 0 0 0 0 0 1 0 84 0 0 0 0 0 0 53 15 0 0 73 0 0 62 0 8 0 0 6 48 0 0 0 0 0 26 0 0 0 93 0 9 0 0 0 0 0 1 16 0 0 0 64 0 30 0
0 0 0 0 0 0 0 0 0 0 0 33 0 5 0 0 81 12 0 5 0 0 0 76 0 20 0 0 0 0 11 0 0 0 0 82 0 0 0 0 0 0 0 0 0 0 0 0 56 0 0 72 0 0 0 0 0 41 0 43 0 0 0 0 0 63 0 0 0 34 27 53 0 0 0 0 0 0 0 0 0 0 0 0 0 0 0 0 0 23 0 0 64 8 0 0 0 72 5 30
57 0 0 0 0 0 16 0 0 0 65 0 19 0 0 93 1 0 0 0 0 56 0 76 0 0 0 0 0 0 0 0 0 0 5 0 53 45 0 0 0 48 0 0 0 0 0 0 0 0 0 26 100 0 59 0 51 0 0 0 19 12 0 21 0 18 21 0 0 0 0 0 0 0 0 0 0 0 0 0 0 0 0 0 0 0 27 0 0 30 0 89 41 0 21 36 0 74 0 0
0 19 0 41 0 0 84 0 21 0 0 0 0 0 39 0 29 0 0 0 0 0 0 0 59 19 0 100 51 10 0 0 0 0 0 0 0 0 54 0 0 0 78 0 0 0 60 0 0 0 61 0 6 0 0 0 9 0 0 0 95 0 94 0 0 0 0 9 11 0 0 0 84 0 0 0 0 39 0 0 0 0 0 59 0 69 0 0 0 0 0 0 0 0 0 0 0 0 0 73
0 0 0 0 43 0 0 25 0 0 0 0 67 0 0 0 0 0 0 0 0 43 0 0 0 0 35 13 9 0 0 0 0 0 0 0 0 0 0 0 0 0 0 0 0 0 0 0 42 0 0 0 0 0 0 0 0 0 0 0 0 0 0 0 36 5 0 0 0 29 17 84 57 29 0 0 0 0 0 0 81 74 0 0 0 15 0 0 38 0 0 0 0 62 0 0 97 0 88 42
0 0 0 0 0 0 0 0 0 59 0 80 0 0 0 0 0 0 0 0 0 0 0 0 0 0 0 0 0 0 0 0 53 0 0 0 0 0 16 0 0 0 0 0 0 0 0 0 0 0 0 0 0 93 97 0 0 0 0 0 11 0 0 0 0 0 0 0 0 0 0 0 0 34 0 74 0 25 62 0 0 0 27 0 60 65 0 0 10 0 0 0 70 0 0 0 0 42 0 0
56 0 99 0 0 0 0 0 0 0 0 78 77 0 0 8 0 0 0 0 38 0 0 0 0 43 6 0 66 0 0 0 0 0 0 47 69 56 25 0 0 0 0 0 0 0 28 0 0 0 0 0 0 0 0 0 0 0 0 0 0 0 0 0 0 0 37 0 0 0 0 0 36 0 95 77 0 0 14 0 30 0 0 0 0 0 0 29 0 0 0 80 0 26 0 0 0 29 0 0
0 0 0 0 0 27 0 0 92 93 0 0 0 0 0 0 0 38 0 0 0 0 81 0 0 0 77 82 56 0 66 0 0 48 0 0 86 0 19 15 69 0 0 0 0 0 0 0 0 0 56 24 0 0 0 0 0 0 0 53 80 0 6 0 0 75 0 0 0 0 0 0 0 0 0 0 0 0 0 0 11 0 0 52 97 0 0 0 0 6 0 0 0 0 0 0 0 0 0 0
0 0 86 84 0 0 0 0 0 0 0 0 56 0 0 0 0 0 40 85 0 0 0 0 0 0 0 17 72 0 0 81 0 63 0 0 63 0 0 0 0 0 79 0 0 0 37 99 0 0 62 0 0 71 0 0 68 0 0 0 0 0 0 0 0 0 0 21 0 0 0 0 0 0 0 0 0 0 0 0 0 0 0 0 83 74 0 48 0 0 97 97 0 0 0 0 0 0 0 72
0 0 0 0 0 60 0 0 0 79 0 0 0 37 0 0 0 0 0 0 0 0 39 0 21 0 0 0 0 0 0 0 0 0 0 0 0 0 0 34 0 0 78 0 0 9 0 0 1 0 0 24 0 0 0 0 0 0 37 0 80 91 0 0 0 0 0 0 18 73 0 0 0 0 0 0 0 32 0 48 95 0 0 42 0 47 0 6 0 0 0 0 25 56 0 89 0 0 0 0
0 0 0 0 0 0 0 0 0 0 0 0 0 25 0 0 40 0 0 0 0 0 0 0 0 0 0 0 0 63 0 0 0 0 0 49 74 0 0 0 0 0 0 0 0 0 0 0 65 0 0 19 0 24 0 0 0 90 12 0 0 50 0 0 0 0 0 0 83 68 68 0 0 0 0 0 68 0 0 0 0 0 0 0 0 0 86 0 0 0 0 0 90 0 0 0 0 0 0 0
0 95 0 12 0 0 0 13 0 0 0 0 0 0 0 0 0 0 0 0 58 1 0 68 0 0 0 51 83 84 0 0 35 90 0 0 0 58 0 0 0 0 0 0 0 0 1 54 0 0 0 0 75 0 96 0 2 35 0 0 0 0 0 0 0 77 0 0 0 0 0 83 0 97 0 0 0 0 0 0 0 0 0 0 0 81 0 0 49 0 3 0 0 0 0 0 0 24 0 0
0 0 0 0 0 0 79 0 81 0 0 0 0 0 52 0 0 0 85 0 0 0 0 0 0 5 0 0 0 0 0 63 0 0 0 0 100 0 56 0 0 0 13 6 0 0 0 0 0 0 66 0 0 96 0 91 0 56 0 0 0 28 0 0 0 32 0 19 0 0 0 0 0 69 47 7 60 0 61 75 86 0 0 0 0 0 0 0 0 61 0 19 0 71 0 0 0 69 0 0
0 33 58 0 0 0 0 0 0 48 0 65 0 6 0 0 0 0 0 0 0 0 0 0 29 0 0 0 83 0 0 71 63 89 12 98 0 0 11 0 40 0 0 0 0 4 0 0 44 92 0 0 95 0 0 0 92 0 0 0 0 0 0 0 60 0 20 77 0 74 93 0 0 0 0 40 87 81 0 0 0 0 0 0 0 0 0 0 0 0 0 0 0 0 14 0 17 0 0 0
0 0 0 44 0 0 21 0 0 0 98 2 0 40 56 0 0 0 0 0 0 0 90 0 0 0 0 0 0 0 0 0 0 0 23 0 0 0 0 0 0 0 0 0 0 0 72 0 0 0 72 5 0 0 0 0 0 0 0 0 0 64 0 18 0 0 3 0 0 0 14 0 0 0 0 0 0 10 0 26 0 78 0 0 0 0 42 0 64 0 99 0 0 64 0 33 0 0 74 0
0 30 0 0 0 34 0 0 33 45 0 0 0 43 0 0 0 99 0 0 0 33 0 97 0 0 0 0 0 0 32 0 0 26 0 0 0 0 38 7 0 0 0 0 0 72 0 0 0 0 0 0 0 0 0 0 0 0 0 0 0 0 0 0 0 0 45 0 0 17 55 0 99 0 0 0 0 0 0 0 0 20 0 0 0 0 81 93 0 7 0 0 77 0 70 2 0 0 0 4
0 0 0 0 2 0 0 70 0 83 87 62 0 0 0 15 0 0 94 56 0 0 71 0 0 0 0 55 80 0 0 0 0 0 0 0 7 0 0 0 93 0 0 0 0 0 0 0 0 0 0 0 0 0 0 0 0 0 92 0 0 0 0 0 32 53 43 0 0 0 0 0 0 31 0 0 0 0 93 0 0 0 0 23 0 0 0 0 6 0 0 78 0 0 0 0 0 0 0 0
0 0 0 0 0 0 47 0 0 0 0 0 0 0 0 0 0 0 0 0 0 0 26 45 0 0 0 0 0 0 20 0 0 0 0 2 0 0 0 0 0 0 91 0 19 0 0 0 72 36 0 54 0 48 0 37 0 65 0 0 47 0 67 78 0 0 0 0 69 20 0 7 0 0 0 0 19 0 0 0 0 0 0 0 0 0 69 20 6 0 0 0 0 0 0 0 0 0 0 0
0 0 0 35 0 0 0 0 27 0 59 0 0 7 0 86 0 0 0 0 0 0 0 0 0 0 0 0 0 0 0 0 19 0 0 0 80 98 0 0 24 0 0 0 18 92 45 0 84 0 0 0 0 3 0 74 14 0 0 0 17 0 0 0 0 0 0 0 0 0 42 0 0 50 21 0 82 0 62 12 0 0 0 0 0 0 0 0 0 93 0 0 0 0 0 0 68 0 0 0
0 0 0 91 0 82 0 0 0 0 0 0 0 58 0 0 0 0 21 0 0 37 37 0 0 0 0 0 60 41 0 0 0 0 0 0 0 0 0 0 75 0 0 0 0 0 0 35 0 0 0 56 0 0 61 0 0 0 0 0 0 54 0 0 0 0 73 34 79 97 0 37 0 0 0 0 0 82 0 0 0 0 0 0 0 0 22 0 0 0 18 0 33 2 0 0 21 34 0 0
43 45 77 69 0 50 0 0 0 0 0 0 0 0 0 0 0 0 53 0 0 0 93 0 0 0 0 0 0 0 0 0 0 0 0 0 0 0 0 32 0 44 0 0 0 9 0 0 0 0 26 51 0 80 0 24 0 77 49 0 0 0 0 0 0 89 95 0 0 0 0 0 18 0 0 17 0 0 6 0 0 0 0 0 0 0 0 82 0 0 0 0 0 0 4 0 0 0 0 0
0 0 0 79 0 0 0 0 0 40 17 39 0 0 0 0 0 0 0 0 96 0 0 0 0 0 0 0 0 0 0 0 17 0 16 0 100 0 44 0 69 0 0 0 0 23 0 0 70 24 30 78 0 49 0 81 0 0 0 0 0 0 0 0 0 0 0 0 0 0 0 40 0 25 5 0 0 0 91 0 58 53 0 25 0 68 0 0 61 0 12 0 0 0 0 0 0 0 0 0
0 0 0 0 0 39 0 0 36 0 0 65 0 18 0 0 0 0 0 0 0 0 0 0 0 0 0 92 0 0 0 0 0 21 0 0 0 0 0 45 0 0 0 0 0 0 0 0 0 44 0 0 0 0 0 0 0 0 0 0 79 0 0 0 0 0 64 0 92 0 0 0 0 0 0 61 0 0 0 0 14 0 0 0 69 0 0 0 0 0 0 0 0 0 0 16 0 0 89 0
0 0 0 0 0 0 0 53 0 0 0 87 0 98 0 0 0 0 46 60 0 0 90 20 0 90 0 0 0 58 0 0 0 0 0 0 0 0 0 0 49 0 0 78 74 31 0 0 60 0 0 93 0 0 98 0 0 0 13 0 0 0 0 0 0 0 0 70 73 0 0 0 0 67 0 25 0 33 0 86 0 39 0 0 0 0 0 0 0 41 83 44 86 66 0 0 0 0 0 0
0 0 0 0 0 0 0 0 0 32 0 0 51 0 20 16 0 0 0 75 0 0 0 0 0 0 0 0 0 61 0 0 83 0 81 0 94 61 0 0 0 0 0 0 69 0 0 0 71 0 0 0 0 0 11 0 0 0 0 0 0 0 0 0 0 0 0 0 0 0 0 0 49 0 0 0 56 0 0 0 0 0 0 0 41 96 0 0 0 90 40 0 0 98 0 0 42 0 0 0
8 0 0 0 0 0 0 0 47 0 46 72 0 27 15 0 27 0 0 0 0 44 0 94 0 0 0 0 0 10 0 0 0 0 0 0 0 0 0 0 0 0 0 0 63 0 0 0 0 0 0 0 0 0 0 0 0 0 47 97 0 0 21 0 0 0 0 0 25 62 0 0 0 0 1 0 0 0 0 0 74 0 0 0 80 0 0 0 0 0 0 0 0 0 60 0 0 0 0 0
0 64 0 0 0 0 81 0 0 0 0 0 0 94 0 0 0 0 0 6 0 0 12 0 7 0 25 0 5 45 82 0 0 0 49 70 37 0 0 58 0 0 0 76 67 45 0 0 0 0 0 5 0 0 0 0 0 0 0 49 0 0 0 0 40 0 0 0 42 0 33 0 0 0 0 0 0 0 0 31 0 0 0 0 86 86 0 82 0 0 0 0 0 0 0 0 0 0 0 0
0 0 87 0 0 0 0 0 82 0 0 0 0 52 0 0 0 0 0 0 0 0 0 0 91 45 0 27 0 0 0 0 0 0 0 0 0 10 0 0 0 0 14 0 0 0 0 0 0 0 0 0 0 0 94 0 0 50 0 0 0 0 0 0 0 0 4 0 0 0 0 0 0 0 0 94 0 0 0 0 0 0 0 0 0 0 0 0 0 0 0 54 0 0 0 0 0 0 0 78
0 0 0 0 65 0 0 0 0 0 0 0 0 0 0 14 13 17 0 29 0 0 0 0 15 0 0 0 8 63 0 0 0 0 0 0 56 0 50 0 0 0 76 0 41 32 34 0 0 31 0 0 21 1 0 0 0 0 0 0 0 0 0 0 0 61 45 0 48 0 0 0 0 15 0 0 0 0 0 0 8 0 0 94 0 0 0 79 0 0 0 0 0 0 0 74 0 0 0 0
0 0 55 0 77 0 0 31 0 0 0 0 0 65 39 0 0 0 46 0 0 0 10 0 27 0 0 62 0 55 0 0 86 0 13 0 0 0 0 64 0 0 14 0 1 15 12 56 36 77 0 0 58 0 0 29 0 0 0 0 40 0 0 0 0 0 0 57 0 0 0 0 0 0 0 48 0 0 0 0 0 84 27 0 0 0 0 56 0 0 0 0 0 0 0 70 0 76 0 0
0 0 0 0 0 0 89 0 0 27 0 0 0 0 0 0 0 7 54 0 0 0 87 0 0 0 0 44 0 0 95 0 0 0 0 0 0 0 0 0 0 0 0 0 0 0 0 0 63 0 0 0 0 0 0 0 0 62 0 0 80 0 0 0 0 56 0 0 0 0 0 0 89 0 0 55 12 0 0 0 0 0 0 0 0 0 68 0 0 0 72 0 0 8 0 59 7 0 0 0
0 0 0 0 13 0 0 0 0 51 22 0 0 95 0 0 0 0 0 0 42 57 0 63 0 0 59 0 0 33 28 0 0 0 0 0 34 0 0 16 0 5 52 0 41 0 0 16 0 0 0 0 0 0 0 0 0 0 0 0 20 0 0 0 0 0 0 0 2 0 84 0 0 74 0 0 0 0 0 0 50 94 0 0 0 0 0 0 0 0 85 0 0 0 0 0 0 0 0 0
8 0 0 0 0 0 0 0 0 0 0 0 11 48 5 4 0 0 0 0 0 69 22 48 0 0 86 0 0 0 14 0 95 53 0 0 55 0 0 0 0 0 0 0 0 0 98 0 23 0 56 0 93 0 0 0 80 0 0 55 0 0 0 0 0 65 0 27 0 0 93 0 38 0 0 12 17 79 0 0 0 0 0 0 0 0 0 0 0 0 86 0 0 0 32 0 23 0 0 0
0 0 0 45 0 57 0 0 0 0 0 0 77 0 0 0 94 0 4 0 0 0 0 57 0 93 0 0 0 52 0 0 0 0 0 3 0 0 0 0 0 0 0 0 0 0 0 0 0 16 0 51 0 0 0 29 0 0 0 81 0 0 0 0 0 0 0 0 21 0 0 0 0 0 0 50 0 90 89 0 81 3 0 34 0 0 0 0 0 0 0 34 0 56 0 0 0 0 0 31
0 0 0 0 0 38 0 59 0 0 0 0 0 80 28 0 44 0 45 0 0 0 0 0 75 0 73 24 4 0 60 0 84 0 0 0 94 0 0 0 0 0 74 80 83 0 0 0 0 70 95 0 85 68 69 10 0 84 0 33 0 0 0 65 3 83 0 16 0 26 0 4 0 0 0 0 0 0 43 63 62 25 92 0 48 0 0 61 0 0 0 0 6 0 0 77 86 0 0 0
20 0 0 0 13 0 0 0 0 0 0 80 67 0 0 0 0 0 0 0 0 0 3 0 0 0 14 0 0 18 0 0 29 0 0 15 0 0 54 67 0 0 0 15 0 0 0 16 35 12 35 0 0 0 99 0 0 0 29 0 0 0 0 83 52 0 26 0 0 0 0 0 0 0 0 58 0 38 0 27 38 0 49 0 0 0 0 0 0 0 0 38 64 0 39 39 0 0 0 0
0 0 0 0 11 0 0 0 0 0 0 0 73 0 0 0 63 0 0 0 0 0 0 0 24 0 0 0 0 0 0 0 0 0 0 59 0 0 0 0 0 0 0 0 0 0 0 0 0 0 0 0 0 0 31 0 0 73 0 0 60 0 0 0 0 0 0 0 0 0 87 0 37 0 0 0 0 0 0 0 0 69 0 30 0 26 0 0 0 0 0 0 0 0 0 0 0 0 0 38
0 92 0 0 0 0 0 0 0 0 0 0 35 0 0 6 63 0 0 0 0 0 0 10 0 0 0 0 0 0 0 0 80 0 0 0 0 0 0 0 81 89 25 0 0 0 0 0 0 67 0 0 0 0 0 67 0 0 0 0 23 0 0 0 0 0 0 0 74 0 0 51 98 0 0 0 0 0 0 28 0 0 0 15 0 0 0 0 0 0 0 0 66 0 83 0 0 45 0 0
0 0 0 0 0 63 0 0 0 0 0 0 0 65 56 0 0 0 0 0 0 40 0 15 0 18 0 0 0 12 0 0 100 0 0 0 0 0 0 0 59 0 0 0 0 0 0 65 0 0 0 0 0 0 0 36 96 0 43 27 0 0 0 82 0 0 0 0 0 66 0 74 0 0 0 99 32 0 0 0 0 0 0 0 95 73 0 0 0 0 82 0 0 76 0 0 0 0 0 60
0 0 0 0 7 0 0 29 0 0 0 0 0 0 30 0 0 4 0 0 0 74 0 57 0 0 0 0 0 0 0 0 0 0 0 0 0 0 0 0 0 1 90 0 0 0 0 0 0 0 0 0 0 0 60 0 51 0 0 0 0 0 0 0 0 0 0 0 0 0 0 0 0 0 0 0 0 0 0 87 0 0 35 0 0 0 0 0 84 0 0 0 0 0 0 0 19 0 0 0
0 0 0 0 87 0 0 0 0 0 0 43 0 81 0 37 0 0 73 1 0 0 0 27 0 0 100 0 0 0 0 82 0 0 69 0 0 0 0 0 0 34 0 0 0 0 60 0 0 0 0 0 0 72 0 0 43 0 95 0 0 2 76 0 47 0 32 66 0 0 19 55 0 0 0 93 0 0 0 0 0 42 0 46 0 50 0 0 80 0 0 5 0 0 0 0 0 0 0 0
0 0 0 0 1 0 0 0 0 29 0 0 0 0 0 0 86 0 46 0 66 92 0 0 40 0 0 0 0 0 0 0 0 0 61 0 0 0 0 27 0 0 46 0 0 0 0 0 0 0 22 82 52 0 0 100 0 0 0 41 0 57 0 0 0 35 0 0 0 26 76 0 0 0 0 0 10 0 60 0 85 0 0 0 0 7 0 0 0 35 0 0 0 0 0 0 0 51 0 0
0 0 0 0 0 44 0 0 85 0 0 0 0 0 0 0 0 0 0 68 60 0 0 99 0 82 0 61 0 0 0 0 0 0 40 0 75 0 38 0 74 0 90 0 0 0 0 0 0 0 20 0 80 0 0 94 31 37 0 0 0 0 0 0 0 0 0 0 21 81 0 0 0 0 0 29 0 0 82 0 0 0 0 52 28 0 0 0 40 28 0 0 52 64 97 15 0 0 0 0
0 0 4 0 39 65 0 57 0 0 0 0 0 0 49 0 47 0 0 70 0 0 0 0 13 5 0 63 0 0 0 10 47 0 0 0 0 41 0 14 0 0 0 0 0 0 12 13 0 0 0 17 0 28 0 97 0 0 48 0 0 0 17 0 0 65 0 0 0 66 0 0 2 0 0 0 0 0 61 0 0 0 0 0 0 0 0 62 0 78 0 82 0 89 91 0 83 0 0 0
0 0 0 0 96 0 0 68 0 49 0 61 0 0 0 23 0 0 0 0 0 0 0 0 0 0 0 24 0 49 0 35 0 86 0 0 0 0 90 0 0 39 0 0 0 0 15 0 0 0 98 0 37 0 69 0 0 78 0 0 0 0 0 62 0 0 0 0 0 0 0 0 0 0 0 26 0 91 76 0 0 11 0 0 0 0 0 0 0 0 0 0 0 67 62 0 0 0 3 0
0 0 0 38 38 0 85 0 52 54 0 0 0 0 0 0 0 23 0 0 0 0 27 0 0 0 18 0 0 0 84 0 64 44 61 0 0 0 46 0 41 0 0 0 85 34 0 90 0 22 0 0 0 0 0 0 0 0 0 0 49 0 58 69 0 67 0 0 0 0 0 0 95 0 0 0 0 0 0 0 0 0 0 0 0 0 0 0 0 0 0 0 0 17 15 0 0 0 0 0
74 21 69 0 35 0 0 0 0 0 35 90 0 0 5 1 0 77 0 0 8 0 24 6 0 0 60 0 36 0 57 0 0 0 0 16 0 0 0 0 0 0 0 0 0 75 0 57 0 0 0 0 0 0 0 0 0 5 0 0 0 0 0 26 25 0 0 0 0 0 43 0 35 29 30 0 0 0 0 0 81 0 8 0 0 0 0 0 0 26 0 0 44 99 0 0 0 0 0 0
0 0 0 0 0 0 0 67 0 0 0 0 26 66 0 0 0 0 0 0 0 72 0 0 0 0 0 23 25 0 0 91 0 0 0 38 0 0 82 68 64 56 0 0 27 43 0 0 0 0 20 0 0 99 0 3 0 81 0 0 67 0 0 0 0 43 46 0 0 49 0 0 29 0 0 0 0 0 0 0 0 0 29 16 49 0 0 39 0 60 0 0 0 0 14 0 0 0 0 0
0 0 0 0 0 0 75 18 0 59 0 86 0 32 0 0 0 0 0 0 0 0 0 4 0 0 0 0 0 0 7 0 98 0 0 0 0 80 100 0 0 0 0 0 0 70 0 0 0 0 85 0 0 0 99 0 10 0 0 0 0 0 0 76 91 0 0 100 0 0 0 43 0 0 0 0 48 0 0 81 0 96 0 0 0 0 0 0 67 0 0 0 0 0 0 0 0 0 0 0
0 0 0 0 12 0 90 0 0 0 0 0 0 0 91 0 0 0 0 0 0 0 0 0 0 0 0 73 45 0 0 0 0 97 0 0 0 0 0 0 10 0 0 0 0 0 11 0 0 0 27 64 37 0 0 0 0 0 0 0 0 0 0 0 56 0 0 0 20 0 0 0 1 15 0 0 0 0 0 0 0 0 0 96 0 0 0 0 0 0 0 58 90 0 10 2 0 0 0 0
50 0 0 6 57 0 0 0 0 0 0 0 0 0 0 0 26 0 0 0 87 95 0 0 0 95 0 0 0 0 0 0 0 74 0 0 10 0 1 0 0 38 34 0 0 0 28 0 0 0 0 0 65 0 0 0 32 0 52 0 0 0 0 0 0 0 98 0 0 51 0 0 0 0 0 0 62 0 49 0 56 0 0 0 0 0 25 33 0 0 13 0 0 0 0 69 0 0 0 0
45 0 89 0 26 0 0 53 0 0 0 0 64 0 82 0 51 8 0 44 0 0 0 0 83 45 0 0 0 36 68 0 0 0 9 0 34 0 0 32 0 0 0 0 0 0 73 0 0 5 12 0 0 0 0 0 0 0 0 53 0 0 74 0 0 56 0 0 54 45 4 0 0 0 25 34 0 0 95 0 0 0 97 0 0 60 0 0 85 0 0 0 0 0 0 0 81 0 0 0
0 24 0 0 0 0 0 0 0 0 0 0 97 0 0 0 0 23 0 0 0 0 0 0 0 0 80 0 25 40 0 0 0 0 0 0 0 0 0 0 0 0 66 34 0 46 55 0 75 66 0 17 96 96 89 0 0 0 11 0 0 0 0 0 91 0 0 0 44 0 0 0 2 0 64 0 0 0 0 65 0 0 0 0 0 0 13 0 0 0 0 0 4 0 43 0 0 0 0 12
0 0 0 0 0 0 0 0 0 0 10 0 72 0 0 0 0 50 0 0 0 0 70 0 0 0 13 0 0 0 0 0 0 37 71 0 0 0 0 0 0 0 80 0 0 0 0 0 0 0 0 0 0 45 0 0 0 0 0 0 0 0 94 0 21 17 0 0 0 0 0 97 93 0 0 92 0 0 76 0 0 0 34 17 0 0 93 0 0 0 0 0 0 33 75 0 0 89 35 0
0 19 61 0 0 0 0 56 0 0 0 0 0 0 0 0 0 55 0 0 0 71 0 0 0 35 0 95 84 0 0 33 0 0 0 0 0 0 0 0 0 0 0 94 46 0 0 53 0 0 5 0 0 0 0 0 0 68 47 0 0 0 47 0 0 0 0 0 0 0 0 53 0 0 0 0 0 0 0 21 0 0 0 0 86 0 0 0 91 0 0 0 0 0 7 15 0 0 96 17
0 53 46 0 0 0 0 45 16 0 0 0 48 71 0 83 0 0 0 0 0 0 0 0 0 50 0 88 0 0 0 69 53 57 0 0 30 0 0 0 0 0 0 0 0 81 69 0 0 0 0 0 0 62 0 0 0 0 62 0 0 0 0 46 42 13 0 0 0 0 0 0 0 0 69 0 0 0 0 0 0 0 0 0 0 0 0 0 0 0 63 0 100 0 0 0 0 99 0 0
0 0 0 24 0 31 0 0 0 0 0 57 0 0 0 0 0 0 88 14 0 0 0 0 0 33 0 77 0 0 0 84 0 0 0 60 64 15 74 94 0 0 16 0 31 0 0 0 0 0 0 0 0 0 0 0 0 0 0 31 0 86 0 0 59 71 0 0 0 0 0 70 0 0 0 0 0 0 0 0 0 27 0 94 80 0 0 0 0 32 38 0 0 0 0 0 33 0 28 0
32 0 0 0 35 0 0 0 0 0 88 0 79 0 0 40 0 0 0 0 0 0 15 0 0 0 63 0 0 0 68 0 0 0 0 72 0 90 0 50 0 0 0 0 50 6 92 29 0 0 0 0 0 0 0 0 66 0 0 39 0 76 0 0 0 0 0 0 0 0 0 0 0 0 0 0 99 0 0 11 0 0 0 0 100 0 35 0 41 52 13 0 0 11 81 0 0 0 0 0
38 0 0 0 0 0 0 0 0 0 0 0 90 2 0 0 0 3 5 0 0 0 0 0 71 0 0 80 0 0 0 95 0 0 0 0 0 0 0 0 0 0 0 0 59 0 0 0 0 0 0 0 0 0 30 0 0 0 0 0 0 83 42 55 0 0 85 0 0 0 0 0 0 0 0 54 0 98 56 0 79 0 0 0 0 50 0 0 28 0 0 36 0 37 91 0 0 0 93 27
22 0 0 0 0 0 0 0 69 0 0 49 0 62 0 0 14 47 72 52 0 0 0 0 0 0 13 56 0 0 0 67 30 0 0 0 0 0 0 0 0 44 0 0 0 0 74 0 0 0 17 0 88 86 0 0 70 0 0 0 0 0 31 0 0 0 0 86 0 38 0 19 28 0 0 96 0 0 0 0 0 18 21 0 0 85 0 0 0 38 84 34 0 0 0 14 17 75 0 0
2 0 0 0 0 0 0 0 0 0 0 0 0 95 94 0 82 0 0 41 0 0 0 0 0 0 0 0 0 0 0 0 0 0 58 0 52 0 0 0 0 0 0 0 17 0 0 0 0 0 0 0 0 0 0 0 0 0 12 39 0 23 0 46 0 0 0 0 0 0 69 0 0 0 0 0 2 0 3 0 0 0 0 5 0 0 0 0 0 0 58 0 0 0 0 0 0 0 0 0
39 43 0 0 0 31 0 0 0 0 0 0 0 0 28 0 0 0 0 0 0 0 0 0 0 0 0 0 45 30 0 0 0 0 0 0 0 0 0 20 0 0 0 0 0 0 0 0 0 0 27 56 0 0 0 47 0 0 0 0 0 59 37 66 0 0 0 0 0 0 7 97 0 49 0 0 79 0 0 0 0 0 6 0 0 0 68 0 93 0 0 9 0 0 0 0 0 0 15 0
0 0 36 0 0 87 0 0 0 19 84 0 0 0 0 0 14 0 0 0 0 50 0 0 0 0 0 44 0 0 0 0 58 0 77 0 0 0 0 0 0 0 0 0 0 0 0 0 0 0 69 0 0 0 0 71 71 0 0 19 0 0 0 0 0 92 61 0 35 0 0 69 0 69 53 0 0 16 0 0 0 0 87 86 41 0 0 0 0 0 0 0 0 0 0 0 0 0 0 64
0 0 35 0 3 0 0 0 0 6 0 0 0 33 50 0 0 0 0 0 0 0 0 0 0 59 0 0 91 0 0 0 65 0 0 15 0 0 0 0 0 0 0 0 0 0 0 0 0 0 96 0 0 70 0 0 0 62 0 0 0 0 0 0 0 0 0 0 0 0 0 0 95 0 65 0 0 4 0 0 94 0 0 0 0 0 32 0 0 58 0 0 0 0 0 0 0 0 0 44
0 0 5 0 0 61 0 0 0 0 0 0 0 0 0 0 75 0 92 0 0 0 0 0 0 0 0 0 0 0 0 0 0 0 0 55 0 0 0 0 0 73 0 0 25 0 13 0 0 30 0 0 0 0 0 0 0 0 79 0 0 86 0 0 0 0 0 0 0 0 0 0 0 0 0 0 0 93 0 0 0 21 0 48 49 0 36 0 0 0 57 0 0 0 0 17 0 0 0 0
0 93 0 0 0 0 0 11 0 91 0 77 0 0 0 0 25 0 74 89 29 0 0 98 0 0 0 0 70 91 72 0 0 0 2 58 0 0 0 0 89 9 0 0 0 3 0 39 0 30 0 0 0 0 0 92 0 0 0 0 69 0 0 0 0 0 6 71 18 47 0 0 0 0 11 65 79 0 0 0 0 0 69 0 0 0 90 0 0 0 9 0 0 0 0 0 0 44 1 0
0 61 0 0 84 0 49 0 2 0 0 0 41 63 0 50 0 35 0 0 22 0 0 0 0 0 0 0 0 0 0 0 0 0 0 25 20 0 0 82 11 0 76 35 0 0 0 21 0 0 43 0 0 0 0 0 0 23 97 0 0 9 0 72 77 0 0 0 28 0 0 84 0 0 0 0 0 0 0 99 0 0 0 7 0 57 0 56 0 0 0 0 0 0 0 8 80 0 85 35
0 0 0 0 0 61 0 0 0 0 94 0 0 0 0 0 0 99 0 0 0 0 68 0 0 0 0 0 0 0 0 15 0 0 84 0 0 0 0 0 29 17 0 0 0 0 62 0 65 13 0 0 0 0 0 3 0 0 0 0 0 0 0 0 0 40 24 0 0 0 0 0 0 0 0 0 95 55 80 0 0 0 54 0 0 0 0 0 89 0 0 0 0 20 0 0 0 0 0 0
0 85 0 0 70 55 0 77 0 0 0 0 0 0 0 0 0 0 48 98 0 0 0 0 0 59 0 0 0 0 0 0 0 76 0 41 0 0 0 0 0 0 0 0 0 0 94 0 0 0 0 1 14 0 21 0 38 0 0 99 0 0 0 0 0 0 0 0 0 42 63 0 0 0 0 0 0 0 58 0 0 66 0 0 3 0 0 0 0 57 0 0 0 0 0 0 0 9 47 0
62 87 0 0 0 0 68 0 0 0 0 0 0 0 0 0 50 0 0 0 0 0 0 0 43 58 0 0 0 0 0 0 0 0 0 0 0 0 0 0 0 0 0 0 0 0 0 0 0 46 7 0 0 0 0 0 74 0 0 0 69 0 27 0 83 0 0 0 0 0 86 0 0 0 0 20 0 0 0 0 0 0 36 0 0 0 0 0 0 51 55 87 60 5 0 0 3 0 0 0
78 0 0 0 0 0 0 0 0 0 0 0 0 0 35 77 0 0 0 47 30 0 83 0 0 0 0 64 46 83 0 20 56 0 0 0 0 0 0 0 0 0 0 14 77 0 0 0 0 0 0 0 0 0 0 0 0 0 87 0 0 0 0 0 0 0 15 0 0 0 89 67 0 0 88 0 54 0 0 0 0 0 0 0 95 0 0 0 0 0 11 0 85 0 18 0 0 0 28 0
0 0 0 0 100 0 17 24 0 0 0 0 0 0 0 4 42 0 0 0 62 0 0 0 0 0 0 0 0 89 69 0 0 12 0 0 38 0 0 46 0 29 0 0 37 0 0 43 57 0 0 0 0 0 94 0 9 0 0 53 59 0 27 43 88 0 0 0 0 0 33 64 55 0 0 0 0 0 0 0 0 0 89 0 0 0 0 0 0 0 98 0 0 0 24 0 0 0 0 0
17 39 46 0 20 0 0 78 0 0 33 0 0 0 0 0 0 56 0 0 0 0 53 0 41 0 0 63 0 85 0 0 47 0 0 52 0 0 59 30 0 0 71 0 0 78 27 68 82 0 0 0 0 0 69 0 0 0 99 87 0 0 0 0 0 0 0 0 0 53 0 0 0 72 57 0 0 0 0 0 0 30 0 92 0 94 0 0 0 0 0 15 36 0 0 0 0 0 0 0
0 4 0 0 0 0 0 0 70 0 0 44 0 0 0 0 0 72 22 63 0 0 0 89 0 0 0 23 89 0 0 0 62 1 0 0 0 0 0 0 60 0 0 0 0 4 0 0 0 0 0 39 0 69 0 0 88 58 0 72 0 0 0 0 97 43 0 0 88 0 0 0 0 74 0 0 71 0 0 0 0 0 0 0 0 0 0 44 7 0 26 0 0 0 91 0 0 0 69 1
76 0 0 0 0 35 94 0 0 80 0 0 0 39 0 0 0 0 4 41 0 0 73 0 53 0 0 74 0 0 50 49 0 0 0 0 82 0 0 0 73 0 0 29 0 0 0 1 0 0 0 0 52 0 0 0 32 0 0 14 50 0 0 4 17 46 0 0 0 11 0 0 0 0 7 0 0 0 0 0 0 0 0 11 0 0 10 0 6 0 28 0 0 0 0 0 70 0 0 0
0 0 0 72 0 0 76 0 0 51 42 40 35 94 0 0 0 0 0 0 0 0 52 0 0 0 0 0 0 0 0 0 0 0 0 24 0 0 0 0 0 0 0 0 0 0 48 20 0 0 0 0 0 0 72 0 97 0 0 0 0 19 0 0 0 85 0 0 68 9 0 68 0 59 0 0 0 0 91 52 0 0 0 0 0 0 0 0 0 0 93 0 13 0 40 0 0 0 17 0
0 0 0 61 0 14 0 19 0 76 0 0 43 0 25 0 0 0 0 65 0 0 0 94 0 0 0 0 8 0 0 0 0 100 88 0 0 0 0 0 18 88 4 39 0 0 0 0 0 96 0 0 0 0 0 0 0 0 0 15 44 0 7 0 69 0 0 0 8 0 0 51 0 0 0 0 52 0 0 71 0 19 0 0 0 0 0 0 81 0 0 84 0 0 0 0 0 0 0 0
0 12 0 88 0 75 0 0 83 45 19 0 18 0 9 0 40 27 0 0 0 71 0 0 0 0 68 0 0 67 0 81 0 0 45 0 72 0 31 0 46 77 0 0 0 0 0 12 0 0 97 0 50 0 0 44 0 0 0 0 0 80 0 0 0 0 0 0 0 0 53 0 0 0 0 0 9 0 0 0 0 0 47 0 0 0 0 0 71 0 0 0 0 22 97 0 0 50 25 66
0 0 0 0 0 0 0 0 0 0 0 0 0 16 0 0 0 0 0 69 0 0 70 84 0 0 52 0 0 0 31 0 0 39 73 0 0 0 38 0 46 0 95 0 0 0 0 0 0 11 0 0 0 0 0 90 0 0 55 89 0 0 2 18 0 0 0 0 100 0 64 0 58 0 0 0 0 0 0 91 0 0 0 0 0 0 16 77 0 0 0 0 0 0 0 65 98 0 49 0
0 71 0 0 0 0 0 0 0 0 0 13 0 38 0 78 0 0 0 0 0 0 0 0 0 56 0 0 0 64 0 50 0 0 0 0 0 0 0 0 0 56 0 0 0 84 0 44 0 0 0 10 94 0 29 0 0 0 0 0 0 0 0 0 28 0 0 0 0 0 0 0 0 0 0 0 0 0 0 0 0 0 0 0 0 0 0 0 0 0 43 77 0 1 0 0 0 0 0 0
0 0 0 0 0 0 0 0 27 0 0 0 0 0 0 0 0 0 0 0 0 88 16 20 0 82 26 0 0 0 0 0 12 0 0 0 0 0 0 0 94 0 0 0 0 93 0 0 0 0 5 0 0 39 0 0 0 0 0 0 0 0 0 55 17 0 0 0 0 0 0 43 65 0 0 9 0 0 0 0 0 0 0 0 0 0 49 0 0 0 63 97 0 0 77 0 0 0 0 0
41 0 0 0 0 30 0 0 98 69 31 0 0 0 28 40 0 0 0 89 0 0 0 0 0 0 98 42 3 55 0 0 0 0 7 0 81 10 0 0 88 56 0 13 0 0 0 0 0 0 0 0 88 66 0 74 0 0 36 0 0 93 0 21 97 7 0 0 0 28 0 0 0 0 0 18 1 0 0 28 0 22 0 96 0 0 0 0 0 0 0 0 0 0 0 0 0 84 0 0
0 0 0 0 0 0 0 0 0 0 0 37 0 45 0 0 0 17 0 0 0 0 0 0 0 0 62 0 0 0 0 0 22 0 0 0 65 0 0 0 1 0 23 0 0 0 61 0 0 68 0 0 0 0 0 0 0 0 44 0 0 30 0 0 0 31 0 78 0 0 62 0 0 0 0 73 0 0 0 0 0 0 0 0 0 0 0 0 0 0 10 0 0 0 0 0 66 23 0 0
0 0 0 19 0 0 0 63 0 0 0 0 34 0 0 21 0 0 0 0 0 0 0 0 0 0 0 0 0 56 20 0 0 92 0 0 40 0 63 0 61 0 0 72 0 0 0 49 0 0 0 0 80 1 0 0 0 0 0 0 0 59 0 0 0 0 40 0 43 37 0 0 0 14 65 0 41 0 0 0 0 0 0 0 0 0 0 0 0 0 0 0 0 0 0 0 0 0 0 0
3 0 0 0 0 13 0 0 0 0 0 0 11 0 0 0 10 0 66 0 0 8 0 0 0 0 0 0 0 0 0 0 0 0 0 67 0 0 0 0 0 0 0 46 0 43 0 0 76 0 0 0 90 0 0 0 0 0 0 0 0 95 0 0 0 68 0 0 54 88 0 0 58 0 0 0 38 50 0 0 0 0 0 0 0 32 0 0 0 71 39 0 0 81 0 0 0 0 0 0
17 0 0 0 0 0 0 0 0 0 0 0 0 98 0 82 0 0 0 0 13 0 0 0 0 0 0 0 0 44 0 0 58 0 0 0 0 0 0 34 29 53 0 0 0 0 0 0 0 0 56 0 0 0 0 74 0 20 96 43 0 0 0 0 0 0 0 0 0 71 0 44 0 53 87 0 90 0 0 0 0 0 0 0 0 0 0 81 0 0 0 0 0 0 0 66 0 19 0 0
0 32 79 0 0 0 0 0 0 0 0 0 38 0 4 0 0 0 0 0 0 0 16 0 0 0 0 10 0 0 0 0 0 0 0 0 0 0 0 0 0 0 34 50 0 0 43 0 0 26 0 0 96 0 0 0 0 0 75 0 41 0 58 2 0 0 0 0 0 0 0 0 0 0 0 0 0 0 0 55 0 0 0 57 0 53 64 0 0 0 34 0 0 0 0 62 0 0 0 0
0 0 0 0 0 0 0 0 0 37 0 71 0 0 0 0 0 0 0 0 38 0 0 0 0 0 1 0 0 76 0 0 0 0 0 0 0 0 35 26 0 36 0 0 0 2 0 0 0 0 0 39 0 0 0 0 0 0 0 0 0 3 14 3 0 0 0 0 92 0 0 65 41 0 0 0 0 0 16 0 0 0 0 0 0 8 0 0 94 0 0 0 0 0 0 24 0 0 0 48
8 0 0 0 0 0 0 0 74 96 0 0 86 0 0 78 10 0 0 0 1 0 0 0 0 0 0 0 0 0 0 0 0 61 81 0 0 0 0 0 0 0 0 27 0 0 99 0 0 0 46 62 56 0 0 0 0 0 0 0 0 17 0 0 81 0 0 0 0 0 0 0 0 14 0 0 0 0 0 48 21 0 0 0 0 0 0 0 0 0 0 64 0 33 0 0 0 0 0 0
31 0 29 0 0 0 54 0 0 78 0 0 0 0 0 0 0 18 0 0 0 0 85 63 0 0 0 11 0 42 0 0 0 0 0 0 0 0 0 0 28 0 0 78 1 80 0 0 0 17 45 0 0 0 0 0 0 74 2 0 0 66 0 0 0 0 82 0 54 0 0 0 0 0 10 0 0 58 18 0 0 0 0 0 0 91 0 0 45 0 0 0 0 19 32 0 0 43 0 64
0 46 65 0 0 0 38 0 0 0 77 0 26 0 0 0 0 0 0 0 0 91 0 0 0 0 0 0 0 0 0 0 53 3 16 0 0 0 0 47 0 0 23 82 0 0 0 0 0 0 97 93 0 0 53 0 0 0 0 28 0 0 0 83 55 0 49 0 0 1 0 0 0 0 0 0 0 0 1 0 63 0 0 0 61 47 0 0 75 83 68 38 0 0 75 84 0 0 72 0
47 0 51 0 0 0 0 0 0 94 0 0 0 0 48 0 0 0 0 0 0 38 0 0 0 65 69 0 0 0 0 0 60 0 0 0 0 0 0 0 0 0 0 0 0 0 27 0 0 0 32 0 0 0 4 0 0 62 0 0 0 7 0 0 0 59 0 0 0 0 0 0 76 41 65 0 0 14 0 0 0 78 0 0 0 0 0 0 0 0 0 17 0 0 0 0 66 56 0 11
0 45 0 37 25 0 0 0 0 88 0 0 0 0 0 0 50 0 52 0 0 0 0 0 0 0 0 0 0 0 0 69 0 12 92 0 0 28 98 0 0 37 0 0 0 0 0 0 0 0 0 0 8 98 0 0 0 68 0 0 0 20 0 0 0 0 77 61 4 0 44 0 0 0 14 33 0 0 0 66 1 0 0 0 0 0 0 0 0 44 0 0 0 0 25 0 0 0 0 0