100
0 0 98 0 0 0 0 0 0 0 0 0 0 0 0 0 0 0 0 0 0 0 0 72 0 0 0 3 0 0 94 96 0 0 0 0 70 0 17 0 0 0 76 68 0 0 98 0 0 0 0 0 0 0 0 0 0 0 0 38 24 0 35 0 0 86 0 0 0 0 0 0 0 0 23 46 0 0 0 0 9 0 30 25 0 0 0 0 0 0 0 0 0 0 0 0 0 64 71 0
98 0 0 0 0 0 0 0 62 0 0 0 14 0 0 0 98 0 0 0 10 0 0 0 0 0 0 8 0 0 0 0 42 24 21 0 0 0 0 49 0 0 0 0 76 15 0 0 64 68 0 44 0 24 0 0 0 0 30 0 0 0 15 0 0 0 72 0 0 0 0 0 0 0 0 43 46 87 0 75 0 0 0 0 0 0 0 0 0 0 0 0 28 0 0 0 0 69 0 0
0 0 0 44 68 0 23 0 0 76 0 2 0 0 4 0 0 93 0 84 0 0 0 0 0 0 71 0 81 0 0 58 0 0 0 0 0 33 17 0 0 0 0 0 0 0 0 0 0 0 80 0 0 0 0 0 0 0 0 0 0 0 0 0 0 0 0 0 0 0 0 0 66 0 0 0 0 0 0 0 0 0 0 19 0 0 0 0 0 0 0 0 44 0 0 0 24 0 0 0
90 0 98 0 0 0 0 72 69 0 0 85 0 0 0 0 0 0 0 0 0 0 0 0 0 0 0 0 0 0 0 0 0 69 0 0 0 0 42 0 68 0 0 40 0 0 0 10 0 0 0 60 0 0 0 0 99 0 0 0 0 0 37 11 55 0 0 0 0 0 0 0 93 0 0 0 0 0 20 0 0 0 86 44 0 0 0 74 0 0 32 0 0 0 0 0 0 0 0 0
0 0 48 3 0 0 0 0 0 45 0 0 28 0 0 0 0 85 15 0 70 65 0 0 0 0 0 0 41 0 0 5 0 83 0 35 0 0 0 0 0 32 84 0 0 0 0 5 0 0 0 0 0 51 0 0 0 0 0 0 0 24 23 0 0 0 0 0 0 2 0 0 20 0 0 0 0 0 0 0 95 63 0 0 0 0 0 73 0 0 0 0 0 0 39 0 0 0 0 0
0 17 0 0 0 0 0 0 0 0 0 0 0 0 0 0 0 51 0 77 36 0 0 92 0 78 0 0 0 0 0 0 8 15 0 0 5 0 0 0 0 0 0 34 35 62 0 0 0 0 0 0 0 0 0 0 0 0 0 0 0 0 0 0 0 76 0 0 13 0 0 0 0 0 0 28 0 0 17 0 0 0 0 0 59 0 81 12 0 0 33 0 0 0 0 0 0 0 0 0
0 0 0 0 0 0 0 0 0 0 0 0 41 0 0 51 93 48 0 0 64 0 0 0 0 0 0 0 0 0 0 30 1 36 0 0 0 32 25 0 0 8 41 0 0 0 84 87 34 0 0 5 58 98 0 0 0 39 0 0 0 0 0 0 0 79 0 84 0 4 0 0 0 0 35 0 0 0 0 0 0 0 16 0 0 0 0 0 0 0 0 0 0 96 0 0 0 0 0 0
24 60 86 0 0 0 0 0 75 21 83 0 0 0 69 23 0 0 0 0 0 10 0 0 75 18 0 0 0 0 22 0 0 21 0 0 0 0 19 0 94 0 0 0 51 0 93 0 0 53 0 0 0 44 80 0 0 0 0 0 83 0 0 0 0 0 0 0 86 0 0 0 65 0 0 0 0 0 0 0 0 0 0 0 0 0 62 0 0 0 0 0 79 0 0 0 0 0 98 0
0 0 0 0 0 2 66 0 0 0 0 0 20 0 67 0 0 0 0 0 0 93 0 0 0 48 0 0 0 36 0 0 0 0 0 0 0 0 0 47 37 0 0 0 88 0 0 0 0 0 63 0 79 0 0 0 15 0 0 44 0 0 0 0 0 0 0 12 72 36 0 0 0 0 0 0 0 30 0 0 0 58 0 15 0 18 0 99 0 0 0 73 0 0 0 0 0 0 0 32
0 0 0 19 99 0 0 0 0 0 0 91 6 0 0 0 0 0 8 0 0 97 0 0 0 0 0 46 95 0 0 0 0 0 0 0 0 0 0 0 0 0 0 62 0 0 0 0 22 0 0 0 50 0 0 3 0 0 0 0 0 65 0 0 64 79 0 0 0 0 0 0 19 0 0 0 17 36 0 100 99 42 0 0 0 0 0 0 0 0 0 25 61 0 0 0 0 38 0 0
0 0 33 42 0 0 0 0 77 39 0 72 79 0 92 0 0 0 41 0 0 0 0 0 0 0 0 0 0 0 83 0 66 0 0 0 0 90 58 0 18 0 0 0 0 83 0 15 0 93 0 1 0 76 0 0 32 90 9 9 0 0 0 0 0 0 77 0 0 0 29 0 0 0 0 0 12 0 0 0 0 0 0 0 5 0 0 0 0 0 0 61 0 58 2 7 0 0 0 12
0 0 0 0 0 52 0 0 0 7 0 0 0 0 0 0 0 0 0 0 0 0 0 36 0 2 0 0 0 4 0 41 0 0 0 0 0 0 0 0 0 0 62 0 0 0 0 0 90 0 0 0 0 0 0 0 0 0 14 0 0 0 0 0 0 0 0 0 0 0 0 0 0 0 0 0 48 0 0 3 0 2 44 62 0 0 0 0 0 0 0 0 0 0 0 46 0 0 0 0
11 7 75 43 38 0 0 0 0 0 0 0 0 0 0 0 0 0 72 37 0 0 0 0 0 0 0 0 0 0 0 0 0 0 0 0 0 0 0 0 34 0 0 0 0 0 0 26 0 0 0 5 0 86 67 0 0 0 0 0 28 0 0 55 0 94 0 0 0 79 0 56 0 0 0 0 0 75 0 0 0 0 0 0 20 0 0 0 0 0 0 0 0 0 0 31 0 0 0 49
0 0 0 0 27 0 67 0 0 0 0 0 75 0 0 0 0 18 70 0 0 0 0 26 0 0 0 0 0 0 0 24 0 0 1 0 31 82 0 0 0 40 0 0 0 0 87 0 0 0 0 0 44 0 0 0 0 54 0 0 0 0 0 0 0 0 0 0 0 86 0 0 0 0 0 0 0 0 0 99 0 0 0 0 95 0 0 0 0 94 0 0 0 0 21 99 0 0 0 48
83 0 0 0 0 0 0 0 92 0 0 0 0 0 0 0 0 0 0 0 0 0 0 0 0 0 29 0 35 0 0 0 0 0 0 0 86 71 46 0 86 0 0 0 23 0 0 80 39 0 0 33 0 0 0 0 0 64 0 55 0 0 0 0 0 0 0 0 0 0 24 0 9 0 0 53 83 13 0 0 90 98 0 0 0 1 0 64 58 0 0 0 0 0 46 0 78 0 0 0
50 81 0 0 0 0 2 0 0 49 0 0 0 78 0 0 0 0 57 43 0 0 0 0 0 0 0 0 0 40 0 0 84 0 0 0 0 35 97 0 0 0 0 0 0 0 32 80 0 0 0 0 0 0 1 0 51 0 59 89 0 31 0 0 0 47 0 5 0 95 0 0 0 0 0 0 0 0 0 0 0 33 11 0 0 47 2 0 0 0 64 43 0 0 0 0 0 0 0 0
0 39 8 0 0 71 0 0 0 0 0 56 0 0 15 0 0 0 0 0 0 0 95 0 0 87 0 27 0 0 0 0 0 0 0 0 0 0 0 0 0 0 0 97 0 0 0 3 0 0 2 13 77 0 0 0 0 0 0 0 0 29 0 0 0 1 0 0 0 0 0 60 0 57 25 0 0 0 0 0 0 58 37 0 0 0 81 0 0 0 0 0 0 0 0 0 0 0 0 0
0 0 0 0 0 16 0 39 0 0 0 6 0 0 0 0 67 0 70 25 0 90 0 0 71 0 0 99 0 0 0 0 75 0 25 83 0 35 0 52 0 0 0 0 0 0 65 0 0 0 0 5 0 0 0 0 0 0 44 0 0 0 16 0 0 0 0 0 0 0 0 0 0 0 0 0 0 0 0 0 0 0 0 83 0 75 0 0 0 0 0 0 0 0 0 0 0 0 44 0
0 99 85 0 0 0 0 0 0 0 0 93 0 10 0 0 0 0 0 0 0 0 0 0 0 8 0 0 0 50 10 0 23 0 0 0 75 0 0 0 0 18 72 0 74 0 0 0 0 0 51 10 0 46 0 10 0 0 56 0 0 0 0 0 0 0 0 0 32 0 17 0 88 0 7 0 16 0 0 0 0 27 0 0 99 0 86 0 0 0 1 0 0 0 0 0 0 0 62 0
0 0 67 0 0 100 0 0 0 71 0 31 0 0 0 0 0 0 0 0 0 0 0 0 0 97 74 0 0 0 0 64 0 0 47 0 0 0 0 44 0 0 0 54 0 0 0 0 0 0 0 0 0 0 11 0 76 84 33 0 0 0 0 0 0 0 0 0 0 0 79 0 0 0 0 0 21 0 0 1 0 0 0 34 0 0 60 0 0 0 0 0 0 0 88 0 0 92 0 0
0 8 0 0 0 0 0 0 39 0 0 0 0 0 0 0 95 0 0 0 0 0 0 0 0 92 20 0 0 0 13 0 0 0 0 0 0 80 0 67 48 0 0 0 0 35 0 0 74 0 5 0 0 0 0 0 76 0 8 0 0 0 0 0 0 0 55 0 0 0 0 0 0 0 96 0 0 43 0 0 34 65 0 4 0 0 0 59 0 0 44 14 0 79 59 0 0 0 0 23
0 81 0 0 0 0 67 0 10 0 0 34 0 90 0 0 0 0 74 0 0 0 0 0 0 0 0 0 0 33 0 0 0 0 51 0 45 0 0 0 0 0 0 0 0 0 0 86 0 10 0 0 0 0 0 79 0 0 0 0 63 10 0 0 44 43 47 64 0 0 0 0 0 32 0 0 0 0 0 0 0 0 45 83 0 0 0 34 0 0 12 0 31 0 0 0 11 81 0 48
0 0 0 0 0 0 0 0 51 0 65 0 3 0 0 0 30 70 0 0 0 0 0 0 0 0 0 0 12 0 0 0 0 0 17 0 0 0 0 0 0 0 0 0 0 0 0 0 0 0 0 0 15 0 0 0 0 0 0 61 82 0 0 0 0 0 0 69 0 0 0 0 0 85 0 11 0 0 27 0 0 0 11 0 33 0 0 0 35 35 0 47 0 0 0 0 42 0 0 34
0 0 0 11 0 0 0 0 0 0 0 0 0 4 0 94 0 0 0 0 0 51 0 0 0 0 0 0 92 0 0 0 64 0 0 49 0 0 0 0 0 15 5 0 0 64 0 0 0 0 0 0 0 0 0 0 72 0 0 0 0 34 99 0 0 58 21 0 0 0 98 0 0 59 0 0 0 0 0 0 0 0 0 0 53 0 0 0 0 83 0 0 0 0 0 0 30 0 0 0
0 0 81 11 0 0 29 0 78 0 0 0 0 0 0 60 0 0 6 0 0 0 0 0 0 0 0 31 0 23 0 0 0 48 0 0 0 0 0 0 0 0 0 0 0 0 0 0 0 0 0 16 0 0 0 0 0 1 0 0 0 0 63 28 0 0 55 0 0 53 0 0 0 25 0 26 0 0 0 0 0 0 0 0 0 0 41 0 0 85 0 0 0 0 0 0 0 11 0 0
0 0 0 0 1 0 0 0 75 0 0 0 0 0 2 0 0 0 0 0 0 34 0 0 0 0 19 0 0 38 0 0 0 0 5 0 0 13 0 0 0 0 0 40 15 0 0 0 58 0 0 0 0 0 13 0 0 0 0 0 0 0 7 56 0 0 0 0 0 0 34 0 0 91 0 0 0 0 0 0 0 0 0 0 0 19 0 0 0 0 0 0 69 56 43 94 0 0 0 0
86 0 64 45 0 14 0 0 0 0 0 0 0 72 30 0 0 0 0 0 0 43 0 0 0 46 0 86 0 0 0 0 0 0 0 0 0 34 0 8 0 0 0 0 0 0 55 0 0 0 0 0 0 21 0 0 0 25 0 0 28 0 0 63 0 0 0 0 0 0 0 0 0 0 38 0 14 0 44 42 20 25 0 0 0 0 0 0 0 0 78 0 0 46 0 0 0 0 0 0
0 0 0 68 84 26 0 0 0 15 0 0 0 82 0 53 0 0 0 11 0 0 0 0 0 0 0 0 0 47 0 0 0 87 0 0 0 0 0 84 0 38 9 0 34 0 0 18 68 0 0 0 96 0 99 0 0 0 6 0 0 0 0 0 33 0 10 0 0 0 0 0 0 0 0 0 0 87 44 0 0 82 0 0 19 0 71 0 0 0 0 0 0 0 46 0 0 7 0 10
0 0 0 0 0 0 18 0 0 0 87 0 0 0 0 0 0 65 0 0 0 25 0 6 0 20 16 25 0 0 0 0 0 0 0 3 0 0 0 0 46 0 0 0 85 0 33 0 0 82 0 0 0 0 85 0 84 0 0 0 0 67 0 0 0 40 5 60 58 30 0 11 0 0 18 0 0 0 0 0 0 0 4 91 96 0 0 27 0 0 0 0 0 0 0 0 64 0 0 0
0 59 64 5 0 98 0 0 0 0 0 0 0 0 0 20 43 0 0 0 90 58 14 0 0 0 0 0 0 0 0 0 0 0 24 0 59 0 0 0 45 64 0 0 41 0 0 31 0 0 0 0 0 0 0 0 0 0 0 0 0 0 26 71 0 98 70 0 0 0 0 0 0 0 0 35 0 0 0 0 99 0 0 0 0 0 87 0 0 0 0 0 0 44 95 0 32 0 0 86
0 0 0 0 0 0 0 0 43 0 0 0 0 0 47 0 0 0 0 67 0 0 75 28 0 0 0 79 0 0 0 0 0 0 0 0 0 0 0 0 11 0 0 0 0 0 0 0 0 0 0 2 0 50 0 0 0 0 35 0 0 50 86 0 0 0 45 0 0 0 0 0 0 0 0 65 23 0 0 0 100 0 0 0 52 0 0 0 0 0 0 0 85 0 0 0 0 0 19 26
71 0 27 0 0 0 0 85 0 0 37 0 0 0 0 98 46 0 0 0 0 0 2 0 0 0 0 0 0 0 76 0 0 0 0 0 94 64 5 0 45 31 0 99 0 0 0 67 0 0 0 0 0 90 92 83 0 0 0 0 42 0 0 0 0 0 44 0 0 0 0 0 0 0 0 67 0 0 0 0 0 39 0 0 86 0 33 38 0 0 0 0 89 0 0 0 0 39 18 0
0 0 55 0 42 0 0 0 0 0 0 0 29 52 0 0 19 30 0 0 26 0 0 0 0 0 0 19 0 45 0 24 0 0 0 0 0 0 0 0 0 0 0 0 76 50 0 0 0 0 22 76 36 0 96 31 87 0 0 0 0 0 43 0 0 0 0 0 0 0 0 0 0 0 0 0 0 0 0 1 0 39 35 0 7 0 0 0 0 0 74 0 0 43 0 0 0 0 0 0
0 0 0 0 16 0 5 0 0 21 0 0 72 0 0 74 90 0 7 0 0 0 0 0 0 0 32 31 0 0 0 0 76 0 34 0 0 0 0 0 0 0 46 0 0 89 24 0 0 0 0 0 0 0 0 5 0 0 0 0 21 87 0 0 0 0 0 0 0 57 42 0 0 0 0 42 0 0 0 88 49 36 57 55 0 0 0 56 0 0 0 0 36 51 0 0 0 0 0 0
97 0 83 0 82 0 0 73 0 0 28 0 0 0 0 0 0 91 41 0 93 74 0 81 17 0 16 54 81 50 0 0 0 0 0 0 0 47 69 0 0 0 73 0 0 11 0 0 0 0 0 0 0 0 0 0 0 0 0 0 0 0 0 0 0 0 0 0 0 0 0 0 0 0 0 10 0 0 0 74 0 0 0 0 0 5 0 0 0 8 0 0 0 0 0 0 0 0 57 0
0 0 0 0 0 0 45 0 0 0 0 0 7 65 0 0 0 0 0 81 0 0 0 74 0 0 0 0 0 0 26 0 0 0 99 0 44 0 16 0 0 62 0 66 0 83 0 0 0 0 0 0 0 0 0 0 0 0 0 0 0 0 32 0 0 0 52 42 0 0 0 0 0 0 0 0 0 0 0 0 39 0 0 0 0 0 8 0 49 0 0 0 0 21 0 0 0 0 0 0
29 53 7 0 22 35 0 0 21 55 0 0 73 0 0 0 0 0 0 0 0 0 95 34 73 0 0 82 0 0 21 0 0 0 0 46 0 0 0 0 0 100 66 0 0 0 0 0 25 16 0 0 75 42 0 51 0 90 0 3 100 45 51 0 0 0 0 83 0 0 0 0 46 64 0 0 0 0 92 0 82 0 0 0 0 0 0 0 0 0 0 0 0 0 0 0 0 0 0 51
0 0 0 0 47 37 59 0 76 0 0 0 0 0 0 0 0 0 78 88 0 0 94 0 0 0 67 0 98 0 0 0 63 0 0 0 0 0 0 0 56 0 95 0 12 43 0 0 0 0 0 0 0 0 95 93 0 0 99 0 88 0 62 0 0 0 0 0 0 0 0 33 51 0 0 0 0 0 0 0 5 67 0 0 0 0 25 0 15 0 21 0 0 21 75 0 0 0 0 30
0 0 0 0 0 0 0 0 85 34 34 0 0 0 0 0 0 0 0 13 0 0 0 0 0 0 0 0 87 52 61 0 1 0 0 0 13 0 0 0 59 0 4 0 0 0 0 0 0 15 0 10 0 0 0 0 0 49 0 0 20 82 0 60 0 67 7 0 0 0 0 0 0 0 0 0 79 53 0 0 0 0 0 0 0 70 0 0 0 0 68 0 60 0 0 33 0 1 0 0
0 0 0 0 0 0 45 0 0 0 21 0 37 0 70 0 0 0 0 0 0 0 0 0 90 0 5 0 0 0 63 5 0 0 0 0 87 70 35 0 0 0 59 0 0 0 89 0 0 0 0 0 35 87 96 0 0 0 87 0 0 88 0 25 0 0 0 0 0 0 0 0 0 0 0 0 0 24 0 0 0 1 0 0 70 0 0 83 0 0 0 0 0 0 0 28 0 59 0 95
0 66 0 0 10 0 0 0 0 0 0 23 0 0 83 0 0 0 0 63 0 80 0 0 34 0 0 0 0 0 0 0 0 33 0 0 0 0 0 0 0 0 0 18 0 0 0 23 96 0 0 0 0 0 0 0 1 0 0 0 0 0 0 72 0 83 0 0 0 0 0 17 12 0 83 0 0 0 0 0 0 98 0 0 0 0 1 0 0 0 0 69 0 19 0 88 90 59 55 0
0 39 0 0 70 47 0 69 99 0 0 28 0 0 0 0 0 15 0 0 0 0 43 0 47 0 0 0 0 0 0 0 0 0 0 0 12 25 0 0 0 0 0 0 86 58 0 3 0 5 0 0 94 0 0 0 0 0 15 0 0 0 88 0 0 0 0 75 0 89 0 23 0 0 0 0 55 13 0 0 0 64 0 0 0 0 0 0 90 0 51 0 0 0 0 0 0 0 57 91
38 0 0 0 0 0 0 0 0 0 27 0 0 0 0 0 0 0 63 44 0 79 98 0 0 0 0 0 0 0 0 0 0 8 85 0 55 17 0 0 8 17 0 52 0 0 0 0 0 0 0 0 59 0 0 0 0 0 35 0 39 40 0 0 0 0 0 0 0 0 17 0 0 21 0 0 15 0 0 12 17 0 0 0 0 0 0 0 0 0 0 84 0 0 88 0 6 0 0 0
0 0 0 0 0 0 0 0 0 9 0 99 0 0 0 0 0 0 0 0 0 0 0 0 94 0 0 0 0 37 0 0 0 0 36 0 0 0 57 0 0 42 0 0 36 0 0 0 84 40 0 0 0 0 15 0 0 0 46 26 0 0 79 0 0 0 0 0 0 0 83 0 0 0 0 0 0 0 0 0 37 67 0 0 0 0 0 71 38 0 0 0 0 0 0 0 0 0 0 0
0 60 83 61 13 0 0 0 0 67 0 0 0 0 0 0 0 19 0 0 0 97 0 0 0 0 0 0 19 100 0 0 71 0 0 86 0 54 0 0 0 0 0 15 0 66 0 0 0 77 0 90 0 0 0 94 0 0 0 0 0 0 0 87 0 37 45 0 93 0 0 0 0 16 0 0 44 0 0 0 0 0 0 0 0 30 0 47 53 68 0 0 52 0 28 0 0 0 0 59
0 0 0 0 0 0 0 0 0 74 0 99 0 0 0 0 0 16 82 45 62 0 0 0 0 0 0 0 1 0 0 0 0 0 0 0 0 0 100 0 0 0 51 32 89 0 0 0 0 0 0 0 0 37 0 0 0 0 0 0 0 0 38 0 0 0 0 100 0 0 84 57 46 0 0 65 0 0 9 0 0 55 59 0 0 0 71 0 0 80 0 0 0 28 0 0 0 0 0 0
79 0 0 0 0 0 0 0 42 0 0 0 0 0 0 0 0 0 3 0 0 0 0 72 0 0 0 0 92 0 0 13 0 82 0 0 0 0 0 19 0 0 0 0 0 0 0 0 0 0 0 18 64 0 0 0 22 0 0 0 74 0 0 0 0 95 33 5 0 0 0 0 0 0 88 0 28 0 11 0 67 0 70 0 0 0 0 0 0 0 0 0 0 0 93 0 0 0 0 79
77 0 0 0 52 0 68 4 0 0 0 0 0 0 0 0 0 0 0 0 70 0 0 0 0 0 0 0 68 0 34 79 0 0 47 0 0 0 0 0 2 50 0 0 0 93 0 0 0 0 0 0 65 0 0 96 0 0 0 0 43 8 0 0 49 0 0 17 0 4 96 0 0 24 99 65 0 0 0 0 0 0 0 0 66 89 0 0 0 0 34 0 68 0 0 99 82 7 81 99
0 0 0 0 0 0 47 0 0 0 0 0 53 0 0 41 0 0 0 0 0 0 70 0 0 0 0 0 0 0 0 9 0 0 0 0 0 0 0 0 0 80 0 0 0 0 0 7 0 0 0 0 43 7 78 0 40 0 0 0 0 0 0 10 0 0 0 0 89 45 0 0 0 0 18 0 0 0 37 0 0 19 80 0 90 0 0 0 0 86 0 0 0 0 0 0 58 0 0 0
33 0 0 0 0 0 0 0 0 0 0 0 97 0 0 89 0 0 100 0 0 0 0 0 0 0 24 26 0 0 0 0 53 0 0 0 0 51 0 0 0 30 0 0 98 0 0 0 66 0 0 0 0 0 0 0 5 38 42 0 0 0 0 0 61 0 35 0 0 0 0 0 0 68 0 77 7 0 0 0 0 0 0 0 57 0 0 97 0 0 0 74 82 0 0 0 0 0 0 0
0 21 0 0 0 0 0 86 0 0 0 58 0 0 77 0 55 0 0 0 0 0 0 0 41 46 0 0 0 0 0 0 0 25 62 0 98 0 0 0 0 0 0 0 0 0 0 0 77 47 0 0 0 0 0 0 1 81 33 0 0 89 55 0 0 0 94 0 0 0 0 0 0 0 0 0 0 0 0 0 0 0 0 49 0 0 0 0 0 0 0 0 0 13 0 0 24 0 4 0
0 0 0 0 0 0 24 58 0 0 0 0 0 0 0 2 0 0 40 0 0 96 13 84 0 0 0 58 0 22 0 0 0 0 0 0 0 0 0 0 0 0 0 0 0 15 0 0 31 34 46 0 67 1 0 0 0 4 0 0 0 0 0 0 0 0 30 0 0 0 0 0 0 0 0 100 0 0 0 0 0 0 0 0 0 0 0 0 0 0 0 0 0 0 0 0 81 42 5 55
21 0 0 60 0 0 0 80 0 0 0 0 83 52 0 0 0 1 0 0 0 0 0 0 56 0 100 0 0 0 0 11 0 0 0 0 0 0 0 0 93 0 0 92 0 0 0 0 0 0 0 0 0 0 0 0 0 0 59 0 0 0 52 0 1 0 0 54 0 36 0 0 0 0 67 0 0 0 0 22 98 0 0 0 0 0 0 0 0 0 16 0 0 0 75 0 0 0 78 27
0 26 0 0 49 0 0 2 3 0 71 0 98 0 0 0 0 0 0 12 66 0 65 0 0 0 0 0 0 0 87 0 0 0 0 72 68 0 0 0 0 0 0 0 31 0 0 0 0 75 0 0 11 0 13 0 0 0 94 0 0 27 0 0 0 0 0 0 97 0 23 0 0 26 44 0 0 0 22 0 0 42 0 0 47 0 0 0 0 0 0 44 90 0 0 0 81 7 0 0
0 0 0 0 0 51 99 4 0 9 0 0 0 0 11 0 0 0 13 0 0 0 84 27 0 0 89 0 20 0 0 0 0 93 0 0 0 100 0 0 0 0 0 0 44 0 0 0 0 0 52 0 12 0 0 0 0 29 0 0 0 8 0 0 0 0 0 0 0 8 0 0 0 0 0 0 51 70 0 0 0 0 0 48 0 80 0 0 0 58 0 0 0 82 0 0 0 0 0 0
0 29 0 0 0 0 0 0 79 53 0 0 72 0 0 0 0 0 0 0 0 0 0 84 0 0 25 0 0 0 0 0 57 0 3 0 0 96 0 65 0 0 0 0 14 0 56 0 0 89 0 0 43 0 0 0 58 66 2 0 0 0 55 94 0 0 0 0 0 0 72 0 0 75 48 0 0 0 0 0 0 0 96 0 0 0 0 0 0 0 41 21 64 0 0 0 38 50 0 0
0 0 0 0 0 0 62 0 0 0 81 0 34 0 0 0 0 0 0 0 0 0 63 47 71 0 0 89 0 63 43 0 0 0 0 0 93 0 0 0 0 0 0 7 23 0 0 0 0 0 72 0 74 0 15 0 0 0 81 0 0 0 0 0 7 0 0 80 42 0 60 0 4 0 0 3 5 0 0 0 0 27 0 0 0 0 99 0 0 0 0 0 0 0 0 0 0 89 0 0
59 0 0 0 99 0 0 66 36 0 0 0 0 0 72 0 0 0 0 0 0 0 0 0 20 0 0 58 0 0 0 0 59 0 0 0 0 0 0 0 0 0 0 0 0 0 19 6 0 0 41 0 0 0 0 45 0 0 0 0 0 0 0 4 0 0 0 0 0 0 58 0 47 0 0 0 0 52 0 0 46 0 0 0 0 0 0 12 62 46 5 0 0 0 0 0 0 0 0 0
48 0 0 0 0 41 0 0 0 0 0 0 0 61 0 0 0 0 45 0 0 0 13 65 0 0 0 0 64 0 0 0 0 0 0 0 0 0 0 0 0 0 0 26 0 62 0 0 0 40 0 0 0 38 0 0 0 0 0 0 0 26 0 0 0 0 29 0 30 0 87 41 0 0 0 91 0 0 0 0 2 77 0 0 0 0 0 0 0 0 0 0 0 0 0 0 0 0 0 17
0 0 0 0 32 58 0 0 0 0 0 0 0 63 0 0 0 0 0 0 0 20 0 0 19 0 0 0 11 0 0 0 0 0 0 0 0 0 0 11 0 0 0 91 0 0 0 0 0 28 0 0 0 37 72 47 54 0 0 0 0 56 0 0 22 0 0 0 37 0 60 0 20 0 35 0 0 0 5 0 0 65 0 4 0 0 0 0 0 0 0 95 0 25 0 0 5 0 56 0
0 0 0 0 0 0 0 12 0 26 0 0 55 0 0 0 0 95 0 0 0 0 0 0 0 0 0 0 74 34 0 0 0 46 57 93 21 0 3 0 0 0 0 75 0 0 30 0 0 0 0 0 0 32 66 0 0 40 0 0 0 0 82 70 0 0 0 0 0 0 14 0 7 0 41 72 0 0 76 0 0 39 0 0 53 0 0 0 0 68 63 0 0 0 0 42 93 0 0 0
0 69 0 0 0 2 0 0 91 0 23 63 0 11 0 65 0 87 0 0 0 0 0 0 0 0 0 23 0 87 75 0 0 0 0 0 0 22 6 0 0 0 44 89 34 0 0 48 0 0 0 0 0 0 3 0 0 3 0 4 90 0 62 0 0 0 0 0 0 0 0 0 0 0 0 0 0 0 42 92 0 0 0 0 0 0 0 0 0 0 0 0 0 44 0 36 0 0 13 0
72 0 0 0 89 77 0 0 0 53 0 0 0 0 94 77 40 0 0 0 0 0 0 91 0 0 0 0 0 0 0 0 38 6 0 0 57 98 38 0 77 0 0 0 0 0 0 0 0 0 0 0 0 14 41 61 55 0 0 27 8 0 0 0 0 56 0 29 52 0 68 0 0 0 56 0 0 0 42 2 0 0 0 0 0 52 0 9 0 0 0 0 0 0 0 0 66 93 0 0
0 0 0 0 49 0 0 0 0 0 96 0 0 0 0 0 0 72 0 0 45 0 0 0 0 0 0 0 0 0 0 15 0 56 0 0 87 0 0 0 84 26 0 0 32 0 0 0 0 40 0 29 0 0 0 62 0 0 95 0 0 0 83 0 0 0 0 0 0 0 0 17 0 0 0 0 0 72 0 0 0 0 0 0 70 14 0 0 0 60 0 100 0 0 0 0 0 0 92 0
0 0 30 0 0 0 0 0 87 0 0 0 0 0 0 0 0 0 0 0 0 0 4 89 0 0 55 0 7 0 0 0 17 95 0 0 0 0 0 0 0 0 0 0 6 8 9 0 25 0 72 0 0 0 87 0 0 0 0 0 0 0 0 0 0 0 0 0 0 0 0 0 0 6 0 15 0 0 0 0 54 0 0 0 0 0 0 0 79 0 0 43 0 0 0 0 0 0 0 69
0 57 0 0 0 31 23 0 0 0 0 0 0 100 0 0 0 0 0 0 0 0 0 35 0 39 0 0 61 0 0 0 0 0 15 0 0 0 0 0 0 0 0 15 0 43 0 0 63 0 89 0 0 0 0 11 0 0 0 0 0 0 0 0 0 0 0 2 0 0 0 0 0 82 0 0 0 0 0 0 12 0 0 96 0 0 89 0 0 68 0 7 0 0 0 0 0 0 0 0
96 0 0 0 0 0 0 0 0 56 0 0 0 0 84 0 0 0 74 0 0 0 74 0 0 0 14 0 0 0 0 0 0 0 0 0 83 0 0 0 65 55 0 0 0 0 95 0 98 0 0 0 16 4 0 0 100 0 0 0 54 0 0 0 0 76 0 0 0 0 53 0 0 0 0 0 58 0 67 0 3 0 0 0 0 38 0 0 0 0 0 0 92 1 63 0 0 0 0 0
0 0 0 0 0 0 70 0 0 56 0 0 8 81 0 0 97 0 0 0 0 80 0 0 0 0 0 10 97 0 0 7 0 0 0 93 0 0 64 0 91 28 0 0 0 87 0 26 0 43 0 85 0 0 0 0 83 0 22 48 0 0 30 43 0 0 0 0 0 0 0 78 99 0 0 0 0 0 28 0 0 0 0 90 0 0 0 0 73 0 0 0 76 0 0 0 83 0 0 12
0 98 0 0 76 0 0 0 66 0 0 0 55 66 98 9 0 0 0 0 0 0 0 0 0 3 0 0 0 0 0 0 0 0 0 0 0 0 64 0 0 64 14 0 15 83 0 0 0 0 0 0 0 0 44 0 0 40 0 0 0 0 42 0 80 0 0 0 0 0 0 0 0 0 0 0 0 0 0 0 0 0 0 90 0 29 0 69 52 0 0 0 46 60 0 34 0 21 0 0
0 0 0 0 0 29 0 0 36 0 18 40 0 0 0 0 18 0 0 75 69 0 0 0 74 0 0 37 88 0 0 0 0 0 0 6 78 0 72 0 0 28 0 0 68 90 0 0 48 18 0 0 0 0 0 68 0 0 0 42 0 0 91 0 0 2 0 0 0 0 0 30 0 0 59 0 0 0 28 0 0 71 0 0 99 0 0 0 0 35 0 42 45 0 0 0 0 0 0 0
0 0 0 44 0 76 69 0 0 0 0 84 0 0 56 73 0 0 0 0 0 38 0 0 88 0 0 0 0 0 0 0 33 41 0 72 27 0 0 0 0 0 75 0 0 0 0 0 0 19 0 0 0 0 0 0 7 0 0 52 0 0 0 0 0 0 0 0 0 21 0 27 0 13 95 96 16 0 36 99 97 0 0 0 54 0 77 92 0 0 65 0 0 0 0 0 34 98 0 0
0 54 0 0 51 0 0 73 0 0 9 0 0 0 0 0 0 16 48 27 0 0 0 64 0 0 0 0 0 71 73 39 0 59 0 0 88 0 0 97 0 0 0 0 0 0 0 31 0 0 7 0 0 0 72 0 12 48 0 86 0 0 0 0 21 0 0 0 0 0 70 0 75 0 0 0 87 0 0 0 0 0 0 24 0 0 0 0 0 77 0 0 0 0 0 0 0 0 25 0
0 0 0 23 15 88 0 62 0 32 0 0 0 53 36 29 0 38 0 0 18 0 0 0 55 0 0 0 0 84 0 0 72 0 0 0 16 0 0 0 0 0 0 0 0 0 0 0 0 0 0 0 0 0 0 78 0 0 0 0 0 0 0 41 0 0 0 81 0 83 25 0 0 0 0 0 0 0 0 13 0 0 0 0 0 0 26 22 0 0 0 0 0 19 0 0 0 0 0 0
60 12 0 0 0 0 0 0 94 8 0 0 0 52 0 91 98 94 0 0 0 0 0 50 0 54 0 0 0 0 0 0 0 0 33 17 35 0 0 0 70 0 9 2 0 0 0 45 0 0 0 0 0 0 0 90 0 73 0 0 0 0 90 0 0 91 0 42 0 0 0 60 0 0 0 0 0 0 70 0 12 0 0 0 26 0 0 0 0 0 80 0 0 0 0 0 0 18 0 0
0 0 5 0 0 0 98 0 0 0 0 0 0 0 0 0 85 0 0 0 0 0 0 0 0 0 0 0 0 0 0 71 0 99 0 0 0 0 0 0 24 0 0 64 0 0 13 0 0 0 0 0 92 0 8 0 0 40 0 98 22 0 0 0 0 0 0 0 0 0 92 0 0 86 0 0 40 69 0 0 0 0 0 0 86 0 0 0 0 10 0 0 0 0 0 0 12 39 0 0
44 67 0 0 0 45 19 0 99 0 0 0 0 49 0 0 0 0 0 0 36 0 0 83 0 96 3 93 67 0 0 57 0 0 0 0 0 0 0 0 70 55 0 0 0 0 0 0 0 0 0 0 0 14 8 0 86 0 0 38 0 0 28 0 0 0 0 0 0 0 0 0 70 90 0 0 0 0 0 0 0 0 81 0 0 0 0 0 0 0 0 0 0 0 93 0 0 0 0 19
0 0 0 0 0 0 0 37 0 0 0 0 0 0 0 3 86 0 0 0 0 0 0 0 3 19 0 0 0 0 0 0 0 0 28 0 0 0 0 0 4 43 5 49 89 0 0 0 42 0 0 0 0 46 0 0 0 0 0 90 0 0 0 0 55 0 0 0 0 0 0 0 0 88 0 0 0 56 69 34 69 100 0 97 32 0 0 0 0 100 98 0 0 68 0 0 72 0 0 40
0 0 0 68 0 62 0 0 0 0 54 0 0 0 26 0 0 0 0 0 0 38 0 23 25 87 0 0 0 0 0 81 0 0 0 0 69 0 0 7 69 0 62 0 0 86 50 75 0 0 0 0 0 52 75 0 0 0 0 0 0 0 0 93 61 0 0 71 0 0 0 0 17 0 0 30 0 0 0 0 1 0 0 13 0 0 0 49 0 0 0 99 26 0 0 25 0 0 0 0
0 0 9 0 0 70 0 0 0 0 91 0 96 58 41 38 81 0 97 0 0 0 0 38 0 48 57 62 0 17 0 0 0 0 0 0 0 56 0 0 0 0 68 0 0 0 0 0 0 0 0 88 0 17 33 0 0 22 0 26 99 39 0 0 0 0 86 68 0 0 0 0 0 0 0 0 0 6 0 0 0 0 0 0 0 0 0 0 0 0 0 0 54 0 0 0 0 55 0 0
0 0 30 30 0 0 0 0 23 0 0 0 0 0 69 0 0 0 54 0 0 0 0 14 0 0 30 0 0 0 0 80 83 0 0 20 9 0 0 0 91 0 86 0 0 6 56 0 0 0 0 0 4 0 66 0 0 0 0 0 14 0 0 0 0 81 10 0 0 0 0 0 36 0 0 0 0 0 0 0 0 0 0 0 3 0 0 0 0 8 0 0 47 0 0 61 0 0 91 0
0 27 28 54 0 0 0 0 0 0 0 0 0 0 0 0 0 76 0 0 0 0 67 0 2 0 0 92 16 0 0 0 0 46 0 0 0 0 0 0 0 0 0 0 25 0 90 0 80 35 0 0 0 0 0 0 82 0 0 0 0 0 32 49 0 76 97 0 76 0 11 20 0 0 0 0 0 0 0 0 0 0 0 0 0 0 0 0 0 0 0 49 0 0 0 0 0 0 0 0
0 0 62 0 0 0 0 28 0 0 0 56 18 0 0 0 0 22 0 18 0 0 0 0 0 0 34 0 0 0 54 95 15 0 0 0 0 0 0 48 23 0 0 0 0 13 0 0 0 0 0 83 0 0 0 0 0 0 0 0 0 0 0 0 0 0 0 0 0 0 77 0 0 0 0 0 33 0 22 67 0 0 0 0 0 0 0 68 0 0 20 0 0 0 0 0 0 0 0 30
4 24 13 0 0 0 11 0 0 0 0 92 0 0 0 0 0 80 0 41 0 0 0 98 0 0 0 0 0 0 0 0 42 0 0 0 0 0 60 0 0 0 0 0 0 91 0 0 0 0 85 0 0 0 0 0 0 0 9 0 0 97 0 0 0 0 0 0 0 8 15 70 0 0 63 0 0 0 57 0 0 21 0 28 0 0 0 76 0 0 5 65 68 0 0 0 0 0 0 0
0 0 0 0 0 0 0 0 88 63 94 0 0 0 0 0 0 3 94 0 0 0 0 0 0 24 0 43 0 21 52 82 0 0 0 14 0 0 0 0 3 49 0 0 0 0 0 0 0 57 0 0 0 57 97 45 0 0 0 0 0 93 86 0 0 0 0 0 0 0 51 0 0 0 0 0 37 0 83 0 0 0 20 0 0 0 0 0 39 0 0 0 0 0 0 0 0 0 0 0
94 0 0 0 0 0 3 0 0 11 0 0 0 1 50 0 11 89 0 0 0 0 0 74 0 0 0 16 0 0 0 32 0 0 0 67 0 0 0 0 0 0 0 0 59 0 0 0 0 0 3 0 0 0 0 0 75 13 0 51 0 0 0 0 0 0 50 0 0 0 0 0 0 0 97 0 28 49 7 0 0 0 99 0 0 0 0 0 0 0 0 79 10 0 0 0 0 78 51 65
0 0 0 0 64 0 0 20 0 68 0 0 42 0 65 0 0 11 33 0 0 64 94 0 0 0 0 54 0 0 0 0 0 0 0 0 0 65 0 0 0 0 0 0 23 0 0 0 65 0 0 22 88 0 0 36 0 0 0 0 46 0 31 0 0 68 0 0 0 0 54 0 0 0 0 0 0 23 0 97 0 0 0 0 0 0 0 0 21 0 0 0 50 0 42 0 0 0 0 0
99 0 43 0 0 0 0 0 0 0 0 0 15 0 0 99 42 0 71 100 19 53 0 0 76 90 0 0 0 0 17 0 0 59 0 0 0 0 0 0 0 57 0 0 87 0 53 1 0 0 0 0 0 0 42 58 0 0 0 0 27 0 0 0 0 0 0 0 68 0 0 66 0 26 0 16 0 0 0 0 58 61 50 99 0 0 0 0 0 0 19 0 0 0 13 28 0 93 0 0
0 0 37 0 0 0 0 0 0 0 0 0 0 0 0 95 22 20 0 36 0 0 0 84 0 0 0 0 0 0 0 52 93 0 21 0 0 28 27 0 78 0 67 0 0 0 0 0 0 0 0 0 84 0 0 0 90 0 0 0 0 0 43 0 0 0 0 0 0 0 0 0 0 0 0 0 0 0 69 0 0 0 0 92 41 0 0 0 0 0 0 0 0 0 0 0 0 33 0 0
0 14 0 0 0 87 0 0 0 0 0 98 1 0 0 60 0 0 95 0 98 0 0 0 0 0 0 0 0 0 41 0 0 0 0 0 0 0 56 0 87 0 0 51 0 6 0 0 0 0 0 0 0 0 0 25 0 0 8 0 0 0 0 35 0 0 0 12 0 0 0 31 0 86 36 0 0 0 0 0 0 87 0 0 0 0 0 0 0 0 0 0 0 0 0 0 0 0 0 0
0 0 0 0 0 0 42 0 0 0 0 62 25 0 0 0 55 0 0 83 99 0 0 0 0 0 52 0 16 0 0 0 95 0 0 58 0 33 0 88 0 74 0 0 0 93 0 0 0 0 0 92 27 0 0 0 0 0 0 4 0 0 0 0 0 0 0 40 23 0 0 0 0 20 0 93 0 97 81 0 38 0 0 0 0 0 0 94 31 0 0 0 0 0 0 0 0 0 0 29
0 0 94 0 0 80 0 0 0 0 54 0 62 50 0 88 4 0 0 0 0 0 0 0 0 0 0 0 0 0 0 0 0 0 0 0 73 0 0 0 0 0 0 0 0 0 82 33 21 0 0 100 0 0 0 0 0 0 0 58 6 31 0 0 0 0 0 0 0 80 42 0 0 100 44 75 0 85 0 0 0 0 0 82 0 0 0 0 38 0 0 0 0 0 0 78 0 72 0 0
0 44 37 0 0 0 0 0 0 0 0 0 46 42 0 29 0 0 0 0 0 36 79 0 0 0 0 0 0 0 0 11 0 31 0 56 0 67 0 0 0 0 0 0 0 0 0 0 0 0 0 0 6 0 0 0 0 0 0 0 0 0 17 0 0 46 0 0 0 34 0 0 0 0 0 0 0 0 0 0 0 0 0 0 0 0 93 0 0 0 72 0 42 0 0 0 18 0 0 0
77 0 26 0 0 0 48 54 98 13 0 0 100 0 0 0 0 0 0 0 39 0 0 78 68 0 0 8 0 0 0 0 0 0 0 0 0 0 0 0 0 0 0 0 39 0 34 0 0 0 0 0 0 0 0 0 0 25 0 30 0 0 0 0 24 0 0 0 0 81 64 0 0 100 17 0 0 0 0 23 0 0 54 78 0 0 0 0 0 0 0 0 0 0 71 0 68 0 0 56
0 56 0 0 4 0 0 0 58 0 63 0 0 0 37 0 0 0 0 0 0 0 0 0 23 0 51 0 0 20 0 0 0 43 24 13 0 72 33 0 0 0 0 55 80 17 0 19 0 4 0 21 0 0 0 0 0 0 10 0 0 0 0 0 0 0 95 0 0 0 92 9 0 0 0 0 0 0 41 0 69 0 0 0 62 0 0 0 0 0 0 0 0 0 0 0 45 46 0 3
75 0 0 0 42 62 66 0 17 0 0 0 0 61 0 0 0 11 55 90 76 0 0 95 0 34 0 0 16 0 0 0 0 0 0 0 17 0 94 56 99 0 0 25 0 0 0 29 12 0 0 0 0 0 0 61 24 0 0 0 39 0 17 8 0 0 58 0 0 48 0 0 0 0 0 0 0 0 0 0 89 0 0 0 0 65 88 0 0 0 0 36 0 31 0 21 0 0 0 0
79 0 0 0 0 0 0 0 0 0 0 0 0 0 0 84 0 0 0 69 0 0 0 76 46 0 0 53 0 0 0 0 0 16 0 0 0 0 71 17 0 0 19 0 0 61 0 0 0 0 0 0 0 0 41 94 61 0 0 67 99 0 0 61 0 0 0 0 0 55 0 0 1 0 0 10 0 0 0 58 0 0 0 0 76 0 0 94 0 0 0 0 0 47 0 0 0 0 0 0
58 0 0 0 0 0 0 9 67 0 0 0 0 7 0 10 71 0 48 0 0 0 0 0 0 0 0 0 0 0 0 93 0 0 0 2 79 0 2 0 0 0 0 0 0 5 0 0 0 0 0 0 19 0 81 0 0 0 0 0 0 0 0 56 0 0 0 0 0 0 22 79 27 0 72 0 0 0 0 0 0 55 0 0 42 0 74 0 90 56 0 0 0 0 0 0 0 76 0 0
0 0 0 0 0 0 0 0 75 0 92 0 0 0 0 0 0 0 0 0 65 0 0 0 0 0 0 0 54 8 0 0 0 45 0 0 0 0 51 0 0 0 0 98 0 41 0 78 29 81 0 83 54 0 0 20 0 0 0 71 0 0 15 0 2 0 60 28 42 29 61 16 0 0 0 54 0 22 0 0 0 0 0 0 0 54 35 46 87 0 0 0 0 0 0 0 0 0 93 0
0 18 0 0 0 0 0 0 15 0 0 0 0 0 20 15 0 0 71 81 22 0 72 0 0 74 0 36 0 0 38 0 0 0 0 19 0 0 0 0 0 0 0 0 0 0 0 74 0 0 0 0 0 0 6 24 88 0 0 0 0 0 0 25 0 0 0 0 0 0 0 45 0 0 0 0 0 0 0 0 0 0 0 0 0 0 0 0 4 0 0 89 85 0 0 0 0 0 0 0
0 87 0 0 94 0 0 0 0 0 0 0 0 70 20 0 6 0 0 0 0 30 52 0 0 0 13 0 32 0 79 44 27 0 0 0 0 2 0 0 0 0 0 0 64 99 0 0 0 0 0 0 18 0 0 4 27 0 0 0 0 0 0 0 0 0 0 0 0 0 0 0 14 0 49 0 0 0 0 23 0 66 0 0 56 81 0 0 0 0 0 0 0 53 0 75 0 67 37 0
0 0 67 0 0 0 0 0 0 0 0 0 0 0 0 0 0 0 0 0 0 0 0 27 0 0 0 65 0 0 58 5 0 0 0 0 61 0 17 0 0 0 74 53 0 0 88 0 0 0 0 0 0 0 0 0 0 0 0 95 83 0 81 0 0 48 0 0 0 0 0 0 0 0 76 57 0 0 0 0 79 0 53 79 0 0 0 0 0 0 0 0 0 0 0 0 0 74 96 0
10 0 0 0 0 0 0 0 50 0 0 0 86 0 0 0 70 0 0 0 7 0 0 0 0 0 0 13 0 0 0 0 90 11 57 0 0 0 0 19 0 0 0 0 98 35 0 0 21 36 0 99 0 44 0 0 0 0 34 0 0 0 59 0 0 0 82 0 0 0 0 0 0 0 0 27 19 60 0 20 0 0 0 0 0 0 0 0 0 0 0 0 77 0 0 0 0 4 0 0
0 0 0 37 32 0 60 0 0 7 0 82 0 0 43 0 0 8 0 12 0 0 0 0 0 0 17 0 28 0 0 3 0 0 0 0 0 56 30 0 0 0 0 0 0 0 0 0 0 0 35 0 0 0 0 0 0 0 0 0 0 0 0 0 0 0 0 0 0 0 0 0 75 0 0 0 0 0 0 0 0 0 0 86 0 0 0 0 0 0 0 0 97 0 0 0 56 0 0 0
18 0 64 0 0 0 0 73 88 0 0 19 0 0 0 0 0 0 0 0 0 0 0 0 0 0 0 0 0 0 0 0 0 62 0 0 0 0 97 0 59 0 0 84 0 0 0 99 0 0 0 98 0 0 0 0 14 0 0 0 0 0 28 37 84 0 0 0 0 0 0 0 20 0 0 0 0 0 82 0 0 0 81 12 0 0 0 29 0 0 40 0 0 0 0 0 0 0 0 0
0 0 93 81 0 0 0 0 0 25 0 0 48 0 0 0 0 19 77 0 86 87 0 0 0 0 0 0 74 0 0 28 0 34 0 48 0 0 0 0 0 79 19 0 0 0 0 61 0 0 0 0 0 85 0 0 0 0 0 0 0 4 23 0 0 0 0 0 0 44 0 0 53 0 0 0 0 0 0 0 1 23 0 0 0 0 0 81 0 0 0 0 0 0 47 0 0 0 0 0
0 46 0 0 0 0 0 0 0 0 0 0 0 0 0 0 0 94 0 64 80 0 0 48 0 80 0 0 0 0 0 0 43 31 0 0 15 0 0 0 0 0 0 70 56 13 0 0 0 0 0 0 0 0 0 0 0 0 0 0 0 0 0 0 0 25 0 0 37 0 0 0 0 0 0 99 0 0 17 0 0 0 0 0 44 0 81 3 0 0 59 0 0 0 0 0 0 0 0 0
0 0 0 0 0 0 0 0 0 0 0 0 26 0 0 28 66 37 0 0 75 0 0 0 0 0 0 0 0 0 0 15 5 82 0 0 0 26 73 0 0 61 97 0 0 0 4 11 29 0 0 75 57 84 0 0 0 27 0 0 0 0 0 0 0 12 0 39 0 77 0 0 0 0 37 0 0 0 0 0 0 0 44 0 0 0 0 0 0 0 0 0 0 1 0 0 0 0 0 0
99 11 2 0 0 0 0 0 76 69 37 0 0 0 72 67 0 0 0 0 0 34 0 0 58 2 0 0 0 0 12 0 0 30 0 0 0 0 35 0 64 0 0 0 42 0 54 0 0 33 0 0 0 94 78 0 0 0 0 0 34 0 0 0 0 0 0 0 4 0 0 0 26 0 0 0 0 0 0 0 0 0 0 0 0 0 63 0 0 0 0 0 49 0 0 0 0 0 37 0
0 0 0 0 0 77 9 0 0 0 0 0 42 0 21 0 0 0 0 0 0 54 0 0 0 71 0 0 0 55 0 0 0 0 0 0 0 0 0 97 86 0 0 0 88 0 0 0 0 0 47 0 37 0 0 0 26 0 0 44 0 0 0 0 0 0 0 18 94 17 0 0 0 0 0 0 0 67 0 0 0 61 0 30 0 41 0 30 0 0 0 77 0 0 0 0 0 0 0 78
0 0 0 16 7 0 0 0 0 0 0 62 41 0 0 0 0 0 30 0 0 39 0 0 0 0 0 14 49 0 0 0 0 0 0 0 0 0 0 0 0 0 0 81 0 0 0 0 78 0 0 0 56 0 0 86 0 0 0 0 0 92 0 0 96 88 0 0 0 0 0 0 14 0 0 0 34 26 0 55 79 11 0 0 0 0 0 0 0 0 0 58 50 0 0 0 0 44 0 0
0 0 61 26 0 0 0 0 76 86 0 60 13 0 17 0 0 0 42 0 0 0 0 0 0 0 0 0 0 0 49 0 16 0 0 0 0 91 57 0 1 0 0 0 0 76 0 50 0 98 0 55 0 97 0 0 85 68 32 1 0 0 0 0 0 0 36 0 0 0 28 0 0 0 0 0 15 0 0 0 0 0 0 0 52 0 0 0 0 0 0 26 0 1 72 73 0 0 0 4
0 0 0 0 0 56 0 0 0 25 0 0 0 0 0 0 0 0 0 0 0 0 0 12 0 26 0 0 0 89 0 94 0 0 0 0 0 0 0 0 0 0 84 0 0 0 0 0 20 0 0 0 0 0 0 0 0 0 79 0 0 0 0 0 0 0 0 0 0 0 0 0 0 0 0 0 51 0 0 48 0 79 10 19 0 0 0 0 0 0 0 0 0 0 0 67 0 0 0 0
54 66 49 21 7 0 0 0 0 0 0 0 0 0 0 0 0 0 66 89 0 0 0 0 0 0 0 0 0 0 0 0 0 0 0 0 0 0 0 0 96 0 0 0 0 0 0 66 0 0 0 100 0 3 62 0 0 0 0 0 97 0 0 70 0 18 0 0 0 58 0 51 0 0 0 0 0 10 0 0 0 0 0 0 100 0 0 0 0 0 0 0 0 0 0 32 0 0 0 74
0 0 0 0 11 0 86 0 0 0 0 0 46 0 0 0 0 66 62 0 0 0 0 48 0 0 0 0 0 0 0 81 0 0 7 0 44 43 0 0 0 14 0 0 0 0 53 0 0 0 0 0 1 0 0 0 0 74 0 0 0 0 0 0 0 0 0 0 0 94 0 0 0 0 0 0 0 0 0 76 0 0 0 0 51 0 0 0 0 37 0 0 0 0 41 22 0 0 0 70
81 0 0 0 0 0 0 0 51 0 0 0 0 0 0 0 0 0 0 0 0 0 0 0 0 0 39 0 25 0 0 0 0 0 0 0 86 14 42 0 16 0 0 0 6 0 0 92 51 0 0 75 0 0 0 0 0 90 0 81 0 0 0 0 0 0 0 0 0 0 75 0 81 0 0 90 14 85 0 0 38 68 0 0 0 60 0 25 40 0 0 0 0 0 61 0 17 0 0 0
97 26 0 0 0 0 16 0 0 1 0 0 0 37 0 0 0 0 28 51 0 0 0 0 0 0 0 0 0 10 0 0 62 0 0 0 0 87 89 0 0 0 0 0 0 0 7 44 0 0 0 0 0 0 60 0 100 0 35 73 0 23 0 0 0 48 0 4 0 7 0 0 0 0 0 0 0 0 0 0 0 66 34 0 0 37 5 0 0 0 47 29 0 0 0 0 0 0 0 0
0 38 27 0 0 72 0 0 0 0 0 44 0 0 29 0 0 0 0 0 0 0 64 0 0 7 0 80 0 0 0 0 0 0 0 0 0 0 0 0 0 0 0 51 0 0 0 41 0 0 22 56 19 0 0 0 0 0 0 0 0 33 0 0 0 18 0 0 0 0 0 81 0 39 6 0 0 0 0 0 0 12 56 0 0 0 40 0 0 0 0 0 0 0 0 0 0 0 0 0
0 0 0 0 0 8 0 90 0 0 0 50 0 0 0 0 75 0 6 54 0 2 0 0 13 0 0 10 0 0 0 0 58 0 23 15 0 28 0 99 0 0 0 0 0 0 27 0 0 0 0 43 0 0 0 0 0 0 26 0 0 0 24 0 0 0 0 0 0 0 0 0 0 0 0 0 0 0 0 0 0 0 0 20 0 86 0 0 0 0 0 0 0 0 0 0 0 0 19 0
0 72 77 0 0 0 0 0 0 0 0 45 0 36 0 0 0 0 0 0 0 0 0 0 0 63 0 0 0 67 82 0 46 0 0 0 23 0 0 0 0 72 55 0 43 0 0 0 0 0 18 24 0 80 0 59 0 0 36 0 0 0 0 0 0 0 0 0 10 0 64 0 73 0 96 0 60 0 0 0 0 71 0 0 25 0 22 0 0 0 19 0 0 0 0 0 0 0 33 0
0 0 16 0 0 45 0 0 0 45 0 18 0 0 0 0 0 0 0 0 0 0 0 0 0 23 1 0 0 0 0 44 0 0 33 0 0 0 0 60 0 0 0 30 0 0 0 0 0 0 0 0 0 0 65 0 99 48 88 0 0 0 0 0 0 0 0 0 0 0 98 0 0 0 0 0 15 0 0 76 0 0 0 12 0 0 68 0 0 0 0 0 0 0 10 0 0 31 0 0
0 52 0 0 0 0 0 0 16 0 0 0 0 0 0 0 76 0 0 0 0 0 0 0 0 36 16 0 0 0 20 0 0 0 0 0 0 84 0 33 98 0 0 0 0 3 0 0 54 0 50 0 0 0 0 0 33 0 7 0 0 0 0 0 0 0 13 0 0 0 0 0 0 0 97 0 0 15 0 0 22 77 0 5 0 0 0 52 0 0 22 37 0 73 18 0 0 0 0 7
0 100 0 0 0 0 98 0 99 0 0 20 0 36 0 0 0 0 15 0 0 0 0 0 0 0 0 0 0 24 0 0 0 0 81 0 14 0 0 0 0 0 0 0 0 0 0 70 0 79 0 0 0 0 0 79 0 0 0 0 37 97 0 0 72 8 11 92 0 0 0 0 0 18 0 0 0 0 0 0 0 0 46 47 0 0 0 5 0 0 47 0 15 0 0 0 83 5 0 19
0 0 0 0 0 0 0 0 90 0 9 0 83 0 0 0 7 100 0 0 0 0 0 0 0 0 0 0 62 0 0 0 0 0 84 0 0 0 0 0 0 0 0 0 0 0 0 0 0 0 0 0 24 0 0 0 0 0 0 98 51 0 0 0 0 0 0 37 0 0 0 0 0 41 0 28 0 0 39 0 0 0 61 0 71 0 0 0 42 66 0 56 0 0 0 0 9 0 0 40
0 0 0 13 0 0 0 0 0 0 0 0 0 99 0 83 0 0 0 0 0 61 0 0 0 0 0 0 81 0 0 0 81 0 0 7 0 0 0 0 0 44 81 0 0 45 0 0 0 0 0 0 0 0 0 0 70 0 0 0 0 32 96 0 0 59 59 0 0 0 50 0 0 40 0 0 0 0 0 0 0 0 0 0 30 0 0 0 0 72 0 0 0 0 0 0 27 0 0 0
0 0 59 41 0 0 30 0 59 0 0 0 0 0 0 20 0 0 6 0 0 0 0 0 0 0 0 36 0 85 0 0 0 12 0 0 0 0 0 0 0 0 0 0 0 0 0 0 0 0 0 63 0 0 0 0 0 94 0 0 0 0 44 53 0 0 100 0 0 13 0 0 0 56 0 59 0 0 0 0 0 0 0 0 0 0 26 0 0 76 0 0 0 0 0 0 0 38 0 0
0 0 0 0 30 0 0 0 7 0 0 0 0 0 87 0 0 0 0 0 0 83 0 0 0 0 69 0 0 46 0 0 0 0 87 0 0 52 0 0 0 0 0 43 18 0 0 0 24 0 0 0 0 0 15 0 0 0 0 0 0 0 23 32 0 0 0 0 0 0 100 0 0 37 0 0 0 0 0 0 0 0 0 0 0 27 0 0 0 0 0 0 93 90 7 12 0 0 0 0
52 0 30 36 0 5 0 0 0 0 0 0 0 89 67 0 0 0 0 0 0 30 0 0 0 4 0 17 0 0 0 0 0 0 0 0 0 93 0 76 0 0 0 0 0 0 20 0 0 0 0 0 0 79 0 0 0 32 0 0 41 0 0 13 0 0 0 0 0 0 0 0 0 0 50 0 60 0 26 76 63 29 0 0 0 0 0 0 0 0 64 0 0 59 0 0 0 0 0 0
0 0 0 2 84 76 0 0 0 38 0 0 0 60 0 49 0 0 0 37 0 0 0 0 0 0 0 0 0 84 0 0 0 66 0 0 0 0 0 35 0 70 69 0 76 0 0 38 88 0 0 0 45 0 23 0 0 0 60 0 0 0 0 0 30 0 77 0 0 0 0 0 0 0 0 0 0 81 90 0 0 10 0 0 11 0 49 0 0 0 0 0 0 0 32 0 0 95 0 56
0 0 0 0 0 0 68 0 0 0 96 0 0 0 0 0 0 86 0 0 0 35 0 60 0 88 96 87 0 0 0 0 0 0 0 2 0 0 0 0 93 0 0 0 71 0 48 0 0 9 0 0 0 0 13 0 100 0 0 0 0 37 0 0 0 99 84 29 79 73 0 30 0 0 12 0 0 0 0 0 0 0 18 85 93 0 0 63 0 0 0 0 0 0 0 0 82 0 0 0
0 3 30 19 0 82 0 0 0 0 0 0 0 0 0 75 48 0 0 0 31 27 86 0 0 0 0 0 0 0 0 0 0 0 43 0 92 0 0 0 72 27 0 0 14 0 0 81 0 0 0 0 0 0 0 0 0 0 0 0 0 0 5 96 0 47 41 0 0 0 0 0 0 0 0 52 0 0 0 0 43 0 0 0 0 0 18 0 0 0 0 0 0 4 60 0 36 0 0 90
0 0 0 0 0 0 0 0 79 0 0 0 0 0 78 0 0 0 0 22 0 0 53 23 0 0 0 16 0 0 0 0 0 0 0 0 0 0 0 0 45 0 0 0 0 0 0 0 0 0 0 28 0 28 0 0 0 0 20 0 0 1 13 0 0 0 22 0 0 0 0 0 0 0 0 41 78 0 0 0 89 0 0 0 5 0 0 0 0 0 0 0 13 0 0 0 0 0 96 82
19 0 88 0 0 0 0 8 0 0 30 0 0 0 0 34 51 0 0 0 0 0 27 0 0 0 0 0 0 0 65 0 0 0 0 0 21 94 64 0 40 99 0 72 0 0 0 57 0 0 0 0 0 53 89 71 0 0 0 0 72 0 0 0 0 0 46 0 0 0 0 0 0 0 0 8 0 0 0 0 0 66 0 0 50 0 61 55 0 0 0 0 15 0 0 0 0 25 91 0
0 0 6 0 64 0 0 0 0 0 0 0 55 44 0 0 88 82 0 0 51 0 0 0 0 0 0 91 0 71 0 63 0 0 0 0 0 0 0 0 0 0 0 0 45 99 0 0 0 0 1 92 8 0 70 63 56 0 0 0 0 0 90 0 0 0 0 0 0 0 0 0 0 0 0 0 0 0 0 95 0 3 74 0 92 0 0 0 0 0 10 0 0 10 0 0 0 0 0 0
0 0 0 0 13 0 25 0 0 53 0 0 99 0 0 94 12 0 77 0 0 0 0 0 0 0 62 45 0 0 0 0 77 0 58 0 0 0 0 0 0 0 45 0 0 48 26 0 0 0 0 0 0 0 0 18 0 0 0 0 89 39 0 0 0 0 0 0 0 29 54 0 0 0 0 41 0 0 0 75 2 84 85 37 0 0 0 91 0 0 0 0 42 34 0 0 0 0 0 0
69 0 8 0 41 0 0 77 0 0 26 0 0 0 0 0 0 84 1 0 22 11 0 5 75 0 35 25 86 15 0 0 0 0 0 0 0 93 78 0 0 0 68 0 0 97 0 0 0 0 0 0 0 0 0 0 0 0 0 0 0 0 0 0 0 0 0 0 0 0 0 0 0 0 0 29 0 0 0 62 0 0 0 0 0 84 0 0 0 86 0 0 0 0 0 0 0 0 55 0
0 0 0 0 0 0 26 0 0 0 0 0 65 86 0 0 0 0 0 71 0 0 0 90 0 0 0 0 0 0 9 0 0 0 7 0 8 0 35 0 0 4 0 61 0 43 0 0 0 0 0 0 0 0 0 0 0 0 0 0 0 0 47 0 0 0 78 58 0 0 0 0 0 0 0 0 0 0 0 0 30 0 0 0 0 0 90 0 14 0 0 0 0 68 0 0 0 0 0 0
89 82 43 0 58 35 0 0 23 18 0 0 41 0 0 0 0 0 0 0 0 0 95 39 20 0 0 61 0 0 32 0 0 0 0 38 0 0 0 0 0 39 35 0 0 0 0 0 27 35 0 0 54 73 0 35 0 11 0 71 13 16 55 0 0 0 0 50 0 0 0 0 1 67 0 0 0 0 89 0 69 0 0 0 0 0 0 0 0 0 0 0 0 0 0 0 0 0 0 48
0 0 0 0 29 17 52 0 73 0 0 0 0 0 0 0 0 0 66 68 0 0 83 0 0 0 100 0 53 0 0 0 71 0 0 0 0 0 0 0 88 0 18 0 42 26 0 0 0 0 0 0 0 0 37 79 0 0 73 0 67 0 23 0 0 0 0 0 0 0 0 4 97 0 0 0 0 0 0 0 93 23 0 0 0 0 57 0 11 0 20 0 0 56 37 0 0 0 0 79
0 0 0 0 0 0 0 0 74 34 32 0 0 0 0 0 0 0 0 86 0 0 0 0 0 0 0 0 5 89 45 0 90 0 0 0 80 0 0 0 98 0 75 0 0 0 0 0 0 50 0 80 0 0 0 0 0 41 0 0 72 87 0 38 0 69 34 0 0 0 0 0 0 0 0 0 55 48 0 0 0 0 0 0 0 7 0 0 0 0 78 0 36 0 0 61 0 25 0 0
0 0 0 0 0 0 43 0 0 0 16 0 39 0 66 0 0 0 0 0 0 0 0 0 85 0 97 0 0 0 72 29 0 0 0 0 61 23 21 0 0 0 72 0 0 0 23 0 0 0 0 0 44 71 92 0 0 0 32 0 0 78 0 2 0 0 0 0 0 0 0 0 0 0 0 0 0 87 0 0 0 13 0 0 92 0 0 96 0 0 0 0 0 0 0 34 0 68 0 74
0 5 0 0 33 0 0 0 0 0 0 62 0 0 38 0 0 0 0 55 0 100 0 0 87 0 0 0 0 0 0 0 0 33 0 0 0 0 0 0 0 0 0 90 0 0 0 23 16 0 0 0 0 0 0 0 52 0 0 0 0 0 0 2 0 38 0 0 0 0 0 89 96 0 40 0 0 0 0 0 0 37 0 0 0 0 42 0 0 0 0 79 0 98 0 25 42 16 53 0
0 1 0 0 84 56 0 18 78 0 0 58 0 0 0 0 0 80 0 0 0 0 29 0 54 0 0 0 0 0 0 0 0 0 0 0 93 23 0 0 0 0 0 0 48 21 0 84 0 86 0 0 36 0 0 0 0 0 48 0 0 0 87 0 0 0 0 23 0 35 0 8 0 0 0 0 44 57 0 0 0 33 0 0 0 0 0 0 5 0 44 0 0 0 0 0 0 0 72 61
57 0 0 0 0 0 0 0 0 0 96 0 0 0 0 0 0 0 9 9 0 4 20 0 0 0 0 0 0 0 0 0 0 34 7 0 47 92 0 0 59 100 0 89 0 0 0 0 0 0 0 0 89 0 0 0 0 0 33 0 29 41 0 0 0 0 0 0 0 0 30 0 0 21 0 0 99 0 0 81 99 0 0 0 0 0 0 0 0 0 0 57 0 0 68 0 29 0 0 0
0 0 0 0 0 0 0 0 0 3 0 84 0 0 0 0 0 0 0 0 0 0 0 0 70 0 0 0 0 78 0 0 0 0 8 0 0 0 56 0 0 33 0 0 12 0 0 0 100 51 0 0 0 0 20 0 0 0 63 34 0 0 78 0 0 0 0 0 0 0 54 0 0 0 0 0 0 0 0 0 18 89 0 0 0 0 0 67 9 0 0 0 0 0 0 0 0 0 0 0
0 27 64 11 94 0 0 0 0 37 0 0 0 0 0 0 0 72 0 0 0 78 0 0 0 0 0 0 19 49 0 0 73 0 0 71 0 65 0 0 0 0 0 95 0 18 0 0 0 48 0 60 0 0 0 85 0 0 0 0 0 0 0 36 0 87 43 0 96 0 0 0 0 24 0 0 21 0 0 0 0 0 0 0 0 23 0 74 51 28 0 0 82 0 15 0 0 0 0 96
0 0 0 0 0 0 0 0 0 26 0 62 0 0 0 0 0 81 32 21 12 0 0 0 0 0 0 0 61 0 0 0 0 0 0 0 0 0 81 0 0 0 95 17 67 0 0 0 0 0 0 0 0 90 0 0 0 0 0 0 0 0 18 0 0 0 0 47 0 0 60 60 39 0 0 35 0 0 55 0 0 43 54 0 0 0 47 0 0 86 0 0 0 26 0 0 0 0 0 0
100 0 0 0 0 0 0 0 41 0 0 0 0 0 0 0 0 0 44 0 0 0 0 72 0 0 0 0 57 0 0 85 0 52 0 0 0 0 0 51 0 0 0 0 0 0 0 0 0 0 0 59 17 0 0 0 5 0 0 0 94 0 0 0 0 46 15 15 0 0 0 0 0 0 28 0 1 0 85 0 65 0 4 0 0 0 0 0 0 0 0 0 0 0 82 0 0 0 0 54
92 0 0 0 18 0 42 85 0 0 0 0 0 0 0 0 0 0 0 0 33 0 0 0 0 0 0 0 30 0 81 39 0 0 29 0 0 0 0 0 69 70 0 0 0 92 0 0 0 0 0 0 77 0 0 40 0 0 0 0 27 92 0 0 93 0 0 49 0 41 93 0 0 64 48 100 0 0 0 0 0 0 0 0 62 85 0 0 0 0 99 0 8 0 0 80 77 83 63 98
0 0 0 0 0 0 44 0 0 0 0 0 71 0 0 39 0 0 0 0 0 0 95 0 0 0 0 0 0 0 0 15 0 0 0 0 0 0 0 0 0 54 0 0 0 0 0 75 0 0 0 0 48 66 75 0 75 0 0 0 0 0 0 30 0 0 0 0 33 76 0 0 0 0 31 0 0 0 20 0 0 37 9 0 20 0 0 0 0 71 0 0 0 0 0 0 91 0 0 0
1 0 0 0 0 0 0 0 0 0 0 0 80 0 0 32 0 0 14 0 0 0 0 0 0 0 99 15 0 0 0 0 38 0 0 0 0 8 0 0 0 91 0 0 47 0 0 0 61 0 0 0 0 0 0 0 22 33 36 0 0 0 0 0 62 0 56 0 0 0 0 0 0 24 0 72 44 0 0 0 0 0 0 0 9 0 0 48 0 0 0 44 57 0 0 0 0 0 0 0
0 30 0 0 0 0 0 76 0 0 0 52 0 0 11 0 16 0 0 0 0 0 0 0 17 85 0 0 0 0 0 0 0 24 4 0 17 0 0 0 0 0 0 0 0 0 0 0 75 72 0 0 0 0 0 0 90 40 63 0 0 88 77 0 0 0 72 0 0 0 0 0 0 0 0 0 0 0 0 0 0 0 0 8 0 0 0 0 0 0 0 0 0 72 0 0 42 0 90 0
0 0 0 0 0 0 84 34 0 0 0 0 0 0 0 26 0 0 92 0 0 3 93 100 0 0 0 43 0 53 0 0 0 0 0 0 0 0 0 0 0 0 0 0 0 59 0 0 48 59 58 0 75 12 0 0 0 84 0 0 0 0 0 0 0 0 6 0 0 0 0 0 0 0 0 61 0 0 0 0 0 0 0 0 0 0 0 0 0 0 0 0 0 0 0 0 2 97 76 62
12 0 0 93 0 0 0 91 0 0 0 0 19 6 0 0 0 11 0 0 0 0 0 0 16 0 62 0 0 0 0 55 0 0 0 0 0 0 0 0 1 0 0 77 0 0 0 0 0 0 0 0 0 0 0 0 0 0 71 0 0 0 85 0 59 0 0 38 0 6 0 0 0 0 95 0 0 0 0 58 99 0 0 0 0 0 0 0 0 0 32 0 0 0 14 0 0 0 24 38
0 89 0 0 65 0 0 3 46 0 44 0 24 0 0 0 0 0 0 42 14 0 55 0 0 0 0 0 0 0 75 0 0 0 0 78 53 0 0 0 0 0 0 0 1 0 0 0 0 71 0 0 7 0 16 0 0 0 91 0 0 9 0 0 0 0 0 0 20 0 76 0 0 33 47 0 0 0 89 0 0 75 0 0 45 0 0 0 0 0 0 18 40 0 0 0 22 91 0 0
0 0 0 0 0 23 19 83 0 71 0 0 0 0 8 0 0 0 69 0 0 0 76 75 0 0 53 0 20 0 0 0 0 82 0 0 0 50 0 0 0 0 0 0 18 0 0 0 0 0 92 0 2 0 0 0 0 14 0 0 0 20 0 0 0 0 0 0 0 63 0 0 0 0 0 0 97 47 0 0 0 0 0 71 0 86 0 0 0 72 0 0 0 67 0 0 0 0 0 0
0 44 0 0 0 0 0 0 99 90 0 0 35 0 0 0 0 0 0 0 0 0 0 94 0 0 29 0 0 0 0 0 11 0 42 0 0 78 0 91 0 0 0 0 52 0 59 0 0 37 0 0 38 0 0 0 75 20 55 0 0 0 49 20 0 0 0 0 0 0 9 0 0 78 7 0 0 0 0 0 0 0 28 0 0 0 0 0 0 0 12 13 72 0 0 0 32 33 0 0
0 0 0 0 0 0 96 0 0 0 91 0 66 0 0 0 0 0 0 0 0 0 24 86 67 0 0 59 0 60 24 0 0 0 0 0 28 0 0 0 0 0 0 29 10 0 0 0 0 0 85 0 53 0 26 0 0 0 20 0 0 0 0 0 69 0 0 22 49 0 17 0 59 0 0 66 40 0 0 0 0 88 0 0 0 0 13 0 0 0 0 0 0 0 0 0 0 56 0 0
85 0 0 0 25 0 0 29 70 0 0 0 0 0 63 0 0 0 0 0 0 0 0 0 47 0 0 50 0 0 0 0 95 0 0 0 0 0 0 0 0 0 0 0 0 0 27 57 0 0 41 0 0 0 0 8 0 0 0 0 0 0 0 36 0 0 0 0 0 0 23 0 11 0 0 0 0 28 0 0 41 0 0 0 0 0 0 17 28 52 39 0 0 0 0 0 0 0 0 0
29 0 0 0 0 52 0 0 0 0 0 0 0 50 0 0 0 0 76 0 0 0 43 24 0 0 0 0 41 0 0 0 0 0 0 0 0 0 0 0 0 0 0 61 0 92 0 0 0 44 0 0 0 8 0 0 0 0 0 0 0 52 0 0 0 0 56 0 56 0 27 73 0 0 0 58 0 0 0 0 88 89 0 0 0 0 0 0 0 0 0 0 0 0 0 0 0 0 0 94
0 0 0 0 62 70 0 0 0 0 0 0 0 24 0 0 0 0 0 0 0 4 0 0 18 0 0 0 52 0 0 0 0 0 0 0 0 0 0 10 0 0 0 26 0 0 0 0 0 6 0 0 0 50 14 67 95 0 0 0 0 49 0 0 2 0 0 0 12 0 67 0 67 0 92 0 0 0 89 0 0 97 0 21 0 0 0 0 0 0 0 24 0 69 0 0 44 0 54 0
0 0 0 0 0 0 0 54 0 62 0 0 73 0 0 0 0 42 0 0 0 0 0 0 0 0 0 0 58 15 0 0 0 42 15 74 65 0 37 0 0 0 0 20 0 0 75 0 0 0 0 0 0 51 17 0 0 36 0 0 0 0 43 79 0 0 0 0 0 0 22 0 50 0 7 10 0 0 35 0 0 14 0 0 30 0 0 0 0 72 70 0 0 0 0 78 17 0 0 0
0 17 0 0 0 26 0 0 23 0 20 15 0 57 0 64 0 28 0 0 0 0 0 0 0 0 0 71 0 8 23 0 0 0 0 0 0 11 51 0 0 0 10 22 37 0 0 89 0 0 0 0 0 0 1 0 0 5 0 81 47 0 27 0 0 0 0 0 0 0 0 0 0 0 0 0 0 0 86 96 0 0 0 0 0 0 0 0 0 0 0 0 0 50 0 84 0 0 56 0
15 0 0 0 84 46 0 0 0 79 0 0 0 0 32 94 77 0 0 0 0 0 0 81 0 0 0 0 0 0 0 0 65 15 0 0 24 42 81 0 99 0 0 0 0 0 0 0 0 0 0 0 0 2 53 72 54 0 0 67 47 0 0 0 0 79 0 42 93 0 36 0 0 0 87 0 0 0 76 17 0 0 0 0 0 99 0 71 0 0 0 0 0 0 0 0 88 57 0 0
0 0 0 0 79 0 0 0 0 0 67 0 0 0 0 0 0 99 0 0 88 0 0 0 0 0 0 0 0 0 0 69 0 71 0 0 54 0 0 0 36 83 0 0 81 0 0 0 0 8 0 55 0 0 0 16 0 0 18 0 0 0 59 0 0 0 0 0 0 0 0 20 0 0 0 0 0 1 0 0 0 0 0 0 48 1 0 0 0 93 0 83 0 0 0 0 0 0 76 0
0 0 87 0 0 0 0 0 30 0 0 0 0 0 0 0 0 0 0 0 0 0 72 29 0 0 1 0 86 0 0 0 15 3 0 0 0 0 0 0 0 0 0 0 36 69 88 0 7 0 44 0 0 0 83 0 0 0 0 0 0 0 0 0 0 0 0 0 0 0 0 0 0 78 0 12 0 0 0 0 52 0 0 0 0 0 0 0 43 0 0 77 0 0 0 0 0 0 0 98
0 90 0 0 0 6 60 0 0 0 0 0 0 82 0 0 0 0 0 0 0 0 0 55 0 62 0 0 44 0 0 0 0 0 98 0 0 0 0 0 0 0 0 58 0 66 0 0 37 0 38 0 0 0 0 12 0 0 0 0 0 0 0 0 0 0 0 12 0 0 0 0 0 12 0 0 0 0 0 0 64 0 0 6 0 0 41 0 0 18 0 100 0 0 0 0 0 0 0 0
27 0 0 0 0 0 0 0 0 34 0 0 0 0 56 0 0 0 23 0 0 0 89 0 0 0 71 0 0 0 0 0 0 0 0 0 93 0 0 0 27 87 0 0 0 0 65 0 10 0 0 0 25 70 0 0 34 0 0 0 23 0 0 0 0 45 0 0 0 0 83 0 0 0 0 0 51 0 46 0 71 0 0 0 0 33 0 0 0 0 0 0 69 19 70 0 0 0 0 0
0 0 0 0 0 0 39 0 0 91 0 0 12 81 0 0 19 0 0 0 0 24 0 0 0 0 0 33 54 0 0 4 0 0 0 33 0 0 18 0 32 4 0 0 0 3 0 14 0 7 0 30 0 0 0 0 31 0 81 74 0 0 15 52 0 0 0 0 0 0 0 63 82 0 0 0 0 0 31 0 0 0 0 21 0 0 0 0 33 0 0 0 69 0 0 0 92 0 0 4
0 58 0 0 16 0 0 0 41 0 0 0 17 89 93 75 0 0 0 0 0 0 0 0 0 43 0 0 0 0 0 0 0 0 0 0 0 0 88 0 0 87 88 0 99 76 0 0 0 0 0 0 0 0 85 0 0 32 0 0 0 0 70 0 24 0 0 0 0 0 0 0 0 0 0 0 0 0 0 0 0 0 0 93 0 82 0 62 1 0 0 0 2 22 0 94 0 1 0 0
0 0 0 0 0 8 0 0 41 0 24 98 0 0 0 0 29 0 0 68 63 0 0 0 67 0 0 85 57 0 0 0 0 0 0 23 73 0 98 0 0 74 0 0 8 59 0 0 1 95 0 0 0 0 0 94 0 0 0 4 0 0 7 0 0 41 0 0 0 0 0 85 0 0 70 0 0 0 25 0 0 35 0 0 73 0 0 0 0 98 0 13 28 0 0 0 0 0 0 0
0 0 0 28 0 94 33 0 0 0 0 71 0 0 59 70 0 0 0 0 0 31 0 0 63 0 0 0 0 0 0 0 56 49 0 44 76 0 0 0 0 0 45 0 0 0 0 0 0 57 0 0 0 0 0 0 87 0 0 39 0 0 0 0 0 0 0 0 0 11 0 73 0 79 9 62 23 0 60 79 11 0 0 0 73 0 51 52 0 0 53 0 0 0 0 0 89 43 0 0
0 35 0 0 76 0 0 59 0 0 23 0 0 0 0 0 0 57 19 23 0 0 0 99 0 0 0 0 0 23 14 53 0 50 0 0 7 0 0 9 0 0 0 0 0 0 0 31 0 0 97 0 0 0 45 0 30 28 0 52 0 0 0 0 72 0 0 0 0 0 39 0 2 0 0 0 66 0 0 0 0 0 0 73 0 0 0 0 0 18 0 0 0 0 0 0 0 0 10 0
0 0 0 89 77 48 0 90 0 67 0 0 0 6 36 13 0 44 0 0 92 0 0 0 73 0 0 0 0 82 0 0 88 0 0 0 13 0 0 0 0 0 0 0 0 0 0 0 0 0 0 0 0 0 0 61 0 0 0 0 0 0 0 51 0 0 0 26 0 49 8 0 0 0 0 0 0 0 0 78 0 0 0 0 0 0 35 20 0 0 0 0 0 73 0 0 0 0 0 0
87 12 0 0 0 0 0 0 70 97 0 0 0 78 0 20 65 47 0 0 0 0 0 84 0 46 0 0 0 0 0 0 0 0 17 91 5 0 0 0 43 0 20 10 0 0 0 87 0 0 0 0 0 0 0 90 0 51 0 0 0 0 39 0 0 66 0 58 0 0 0 44 0 0 0 0 0 0 89 0 64 0 0 0 38 0 0 0 0 0 20 0 0 0 0 0 0 74 0 0
0 0 70 0 0 0 30 0 0 0 0 0 0 0 0 0 38 0 0 0 0 0 0 0 0 0 0 0 0 0 0 18 0 92 0 0 0 0 0 0 29 0 0 33 0 0 26 0 0 0 0 0 26 0 52 0 0 93 0 39 12 0 0 0 0 0 0 0 0 0 25 0 0 29 0 0 73 17 0 0 0 0 0 0 67 0 0 0 0 50 0 0 0 0 0 0 95 33 0 0
96 38 0 0 0 91 8 0 42 0 0 0 0 35 0 0 0 0 0 0 47 0 0 75 0 30 38 38 2 0 0 71 0 0 0 0 0 0 0 0 58 17 0 0 0 0 0 0 0 0 0 0 0 12 75 0 66 0 0 28 0 0 31 0 0 0 0 0 0 0 0 0 23 37 0 0 0 0 0 0 0 0 97 0 0 0 0 0 0 0 0 0 0 0 15 0 0 0 0 83
0 0 0 0 0 0 0 92 0 0 0 0 0 0 0 64 60 0 0 0 0 0 0 0 32 23 0 0 0 0 0 0 0 0 17 0 0 0 0 0 55 100 66 20 72 0 0 0 1 0 0 0 0 2 0 0 0 0 0 57 0 0 0 0 42 0 0 0 0 0 0 0 0 18 0 0 0 58 8 55 99 61 0 12 45 0 0 0 0 87 58 0 0 43 0 0 39 0 0 47
0 0 0 38 0 5 0 0 0 0 90 0 0 0 27 0 0 0 0 0 0 91 0 87 68 6 0 0 0 0 0 55 0 0 0 0 47 0 0 40 28 0 98 0 0 15 14 96 0 0 0 0 0 89 56 0 0 0 0 0 0 0 0 64 28 0 0 18 0 0 0 0 8 0 0 21 0 0 0 0 85 0 0 60 0 0 0 27 0 0 0 76 37 0 0 61 0 0 0 0
0 0 84 0 0 86 0 0 0 0 54 0 85 98 15 89 16 0 60 0 0 0 0 27 0 4 87 43 0 77 0 0 0 0 0 0 0 79 0 0 0 0 44 0 0 0 0 0 0 0 0 90 0 74 50 0 0 63 0 77 51 80 0 0 0 0 11 84 0 0 0 0 0 0 0 0 0 99 0 0 0 0 0 0 0 0 0 0 0 0 0 0 38 0 0 0 0 4 0 0
0 0 74 24 0 0 0 0 76 0 0 0 0 0 45 0 0 0 100 0 0 0 0 14 0 0 30 0 0 0 0 37 83 0 0 56 74 0 0 0 63 0 54 0 0 49 5 0 0 0 0 0 17 0 50 0 0 0 0 0 30 0 0 0 0 66 80 0 0 0 0 0 3 0 0 0 0 0 0 0 0 0 0 0 29 0 0 0 0 30 0 0 69 0 0 95 0 0 13 0
0 65 24 99 0 0 0 0 0 0 0 0 0 0 0 0 0 5 0 0 0 0 42 0 53 0 0 62 16 0 0 0 0 71 0 0 0 0 0 0 0 0 0 0 82 0 77 0 26 82 0 0 0 0 0 0 7 0 0 0 0 0 54 89 0 88 89 0 29 0 11 23 0 0 0 0 0 0 0 0 0 0 0 0 0 0 0 0 0 0 0 90 0 0 0 0 0 0 0 0
0 0 2 0 0 0 0 59 0 0 0 12 46 0 0 0 0 95 0 9 0 0 0 0 0 0 1 0 0 0 52 52 2 0 0 0 0 0 0 72 11 0 0 0 0 20 0 0 0 0 0 47 0 0 0 0 0 0 0 0 0 0 0 0 0 0 0 0 0 0 92 0 0 0 0 0 37 0 34 62 0 0 0 0 0 0 0 23 0 0 66 0 0 0 0 0 0 0 0 20
75 87 52 0 0 0 10 0 0 0 0 73 0 0 0 0 0 21 0 35 0 0 0 32 0 0 0 0 0 0 0 0 71 0 0 0 0 0 25 0 0 0 0 0 0 81 0 0 0 0 27 0 0 0 0 0 0 0 17 0 0 77 0 0 0 0 0 0 0 84 79 74 0 0 1 0 0 0 14 0 0 80 0 64 0 0 0 78 0 0 97 88 86 0 0 0 0 0 0 0
0 0 0 0 0 0 0 0 71 11 77 0 0 0 0 0 0 16 23 0 0 0 0 0 0 59 0 23 0 45 49 49 0 0 0 63 0 0 0 0 88 58 0 0 0 0 0 0 0 42 0 0 0 47 11 6 0 0 0 0 0 82 38 0 0 0 0 0 0 0 85 0 0 0 0 0 84 0 18 0 0 0 65 0 0 0 0 0 16 0 0 0 0 0 0 0 0 0 0 0
20 0 0 0 0 0 62 0 0 13 0 0 0 39 63 0 33 86 0 0 0 0 0 94 0 0 0 72 0 0 0 100 0 0 0 42 0 0 0 0 0 0 0 0 55 0 0 0 0 0 60 0 0 0 0 0 70 34 0 47 0 0 0 0 0 0 93 0 0 0 0 0 0 0 58 0 35 22 98 0 0 0 70 0 0 0 0 0 0 0 0 22 34 0 0 0 0 11 46 31
0 0 0 0 76 0 0 75 0 1 0 0 98 0 26 0 0 68 23 0 0 46 44 0 0 0 0 36 0 0 0 0 0 0 0 0 0 14 0 0 0 0 0 0 7 0 0 0 53 0 0 23 99 0 0 84 0 0 0 0 4 0 66 0 0 14 0 0 0 0 64 0 0 0 0 0 0 85 0 50 0 0 0 0 0 0 0 0 83 0 0 0 20 0 69 0 0 0 0 0
54 0 82 0 0 0 0 0 0 0 0 0 43 0 0 96 52 0 32 55 42 80 0 0 2 100 0 0 0 0 22 0 0 39 0 0 0 0 0 0 0 98 0 0 41 0 25 77 0 0 0 0 0 0 26 98 0 0 0 0 6 0 0 0 0 0 0 0 86 0 0 31 0 87 0 54 0 0 0 0 66 98 46 30 0 0 0 0 0 0 50 0 0 0 13 96 0 37 0 0
0 0 95 0 0 0 0 0 0 0 0 0 0 0 0 68 13 72 0 43 0 0 0 3 0 0 0 0 0 0 0 2 60 0 95 0 0 49 22 0 67 0 76 0 0 0 0 0 0 0 0 0 7 0 0 0 34 0 0 0 0 0 54 0 0 0 0 0 0 0 0 0 0 0 0 0 0 0 62 0 0 0 0 24 28 0 0 0 0 0 0 0 0 0 0 0 0 32 0 0
0 80 0 0 0 16 0 0 0 0 0 1 18 0 0 62 0 0 83 0 29 0 0 0 0 0 0 0 0 0 91 0 0 0 0 0 0 0 43 0 29 0 0 67 0 6 0 0 0 0 0 0 0 0 0 13 0 0 58 0 0 0 0 60 0 0 0 82 0 0 0 8 0 64 14 0 0 0 0 0 0 100 0 0 0 0 0 0 0 0 0 0 0 0 0 0 0 0 0 0
0 0 0 0 0 0 74 0 0 0 0 13 31 0 0 0 50 0 0 15 84 0 0 0 0 0 37 0 87 0 0 0 24 0 0 23 0 66 0 96 0 77 0 0 0 56 0 0 0 0 0 37 29 0 0 0 0 0 0 4 0 0 0 0 0 0 0 93 73 0 0 0 0 99 0 64 0 61 75 0 20 0 0 0 0 0 0 40 53 0 0 0 0 0 0 0 0 0 0 11
0 0 60 0 0 43 0 0 0 0 14 0 5 77 0 90 44 0 0 0 0 0 0 0 0 0 0 0 0 0 0 0 0 0 0 0 6 0 0 0 0 0 0 0 0 0 51 72 51 0 0 36 0 0 0 0 0 0 0 11 43 45 0 0 0 0 0 0 0 98 28 0 0 17 61 64 0 59 0 0 0 0 0 37 0 0 0 0 62 0 0 0 0 0 0 88 0 34 0 0
0 44 90 0 0 0 0 0 0 0 0 0 77 63 0 47 0 0 0 0 0 23 32 0 0 0 0 0 0 0 0 41 0 77 0 78 0 42 0 0 0 0 0 0 0 0 0 0 0 0 0 0 18 0 0 0 0 0 0 0 0 0 83 0 0 1 0 0 0 99 0 0 0 0 0 0 0 0 0 0 0 0 0 0 0 0 68 0 0 0 12 0 59 0 0 0 18 0 0 0
28 0 70 0 0 0 51 11 64 56 0 0 56 0 0 0 0 0 0 0 9 0 0 83 48 0 0 15 0 0 0 0 0 0 0 0 0 0 0 0 0 0 0 0 46 0 9 0 0 0 0 0 0 0 0 0 0 92 0 63 0 0 0 0 74 0 0 0 0 100 79 0 0 35 30 0 0 0 0 28 0 0 72 8 0 0 0 0 0 0 0 0 0 0 4 0 37 0 0 79
0 94 0 0 6 0 0 0 18 0 31 0 0 0 10 0 0 0 0 0 0 0 0 0 26 0 93 0 0 48 0 0 0 12 47 5 0 95 87 0 0 0 0 24 70 99 0 100 0 30 0 44 0 0 0 0 0 0 18 0 0 0 0 0 0 0 86 0 0 0 80 89 0 0 0 0 0 0 4 0 66 0 0 0 80 0 0 0 0 0 0 0 0 0 0 0 49 76 0 94
5 0 0 0 62 12 67 0 99 0 0 0 0 1 0 0 0 95 18 100 68 0 0 25 0 48 0 0 24 0 0 0 0 0 0 0 100 0 79 5 15 0 0 62 0 0 0 28 35 0 0 0 0 0 0 47 40 0 0 0 74 0 65 61 0 0 44 0 0 4 0 0 0 0 0 0 0 0 0 0 73 0 0 0 0 50 19 0 0 0 0 5 0 32 0 28 0 0 0 0
39 0 0 0 0 0 0 0 0 0 0 0 0 0 0 79 0 0 0 72 0 0 0 71 76 0 0 88 0 0 0 0 0 11 0 0 0 0 100 57 0 0 29 0 0 80 0 0 0 0 0 0 0 0 62 75 52 0 0 61 16 0 0 48 0 0 0 0 0 46 0 0 95 0 0 72 0 0 0 7 0 0 0 0 2 0 0 65 0 0 0 0 0 22 0 0 0 0 0 0
21 0 0 0 0 0 0 73 94 0 0 0 0 35 0 33 63 0 43 0 0 0 0 0 0 0 0 0 0 0 0 84 0 0 0 54 97 0 97 0 0 0 0 0 0 22 0 0 0 0 0 0 9 0 87 0 0 0 0 0 0 0 0 95 0 0 0 0 0 0 7 36 21 0 53 0 0 0 0 0 0 18 0 0 7 0 9 0 95 55 0 0 0 0 0 0 0 18 0 0
0 0 0 0 0 0 0 0 65 0 11 0 0 0 0 0 0 0 0 0 56 0 0 0 0 0 0 0 10 54 0 0 0 44 0 0 0 0 30 0 0 0 0 51 0 71 0 44 63 23 0 83 21 0 0 60 0 0 0 30 0 0 100 0 21 0 44 20 74 90 33 47 0 0 0 4 0 90 0 0 0 0 0 0 0 48 59 51 17 0 0 0 0 0 0 0 0 0 91 0
0 62 0 0 0 0 0 0 35 0 0 0 0 0 69 45 0 0 89 26 37 0 37 0 0 94 0 26 0 0 95 0 0 0 0 86 0 0 0 0 0 0 0 0 0 0 0 6 0 0 0 0 0 0 60 41 35 0 0 0 0 0 0 10 0 0 0 0 0 0 0 93 0 0 0 0 0 0 0 0 0 0 0 0 0 0 0 0 48 0 0 12 32 0 0 0 0 0 0 0
0 87 0 0 62 0 0 0 0 0 0 0 0 50 65 0 30 0 0 0 0 40 32 0 0 0 40 0 76 0 36 9 31 0 0 0 0 15 0 0 0 0 0 0 30 69 0 0 0 0 0 0 61 0 0 32 71 0 0 0 0 0 0 0 0 0 0 0 0 0 0 0 43 0 48 0 0 0 0 52 0 37 0 0 20 9 0 0 0 0 0 0 0 14 0 84 0 53 18 0