100
0 0 0 0 57 0 85 0 0 0 24 84 14 60 0 0 63 0 0 0 72 0 100 0 53 0 0 0 28 9 0 0 0 0 0 38 0 0 13 54 0 0 0 55 71 0 96 0 0 0 69 0 0 0 0 0 0 0 19 0 0 71 0 0 0 0 0 21 0 0 0 4 30 0 0 0 0 85 0 50 0 0 0 0 0 0 55 0 0 0 34 0 45 0 0 0 0 0 74 0
0 0 11 0 0 0 92 0 0 0 0 0 0 0 0 0 0 88 0 0 0 62 0 0 0 76 86 87 0 0 0 0 0 0 56 0 0 0 0 0 0 0 0 0 0 0 6 0 0 0 0 0 0 80 0 54 22 0 0 0 52 87 0 0 0 0 0 0 0 11 0 77 0 0 0 0 91 46 0 0 0 24 0 0 28 52 0 0 0 12 0 0 0 0 90 0 0 60 0 0
0 43 0 0 0 4 0 0 99 0 0 34 0 0 0 0 0 0 0 61 0 0 0 0 0 0 0 0 0 0 0 66 0 0 0 62 0 0 0 0 0 5 14 0 0 0 28 61 72 0 73 0 0 0 25 0 67 0 0 42 0 0 0 0 0 0 28 0 0 62 0 0 0 0 0 0 0 0 59 0 0 0 25 0 0 0 0 0 0 0 84 0 0 0 0 0 19 0 0 100
0 60 0 0 0 84 91 0 0 0 0 0 93 0 0 8 0 0 0 0 0 92 0 86 0 0 0 0 0 0 50 0 99 0 37 0 0 0 66 0 90 0 0 0 0 0 0 0 19 81 0 0 0 0 32 0 0 0 0 0 38 0 73 0 0 64 22 0 0 0 0 41 52 0 0 0 0 0 83 58 23 0 0 0 58 0 0 0 0 0 0 0 0 0 57 0 0 0 0 0
0 0 0 0 0 0 0 64 0 0 6 90 0 0 0 0 84 0 0 0 0 0 0 0 0 9 0 24 0 1 0 0 0 0 19 34 0 0 0 56 0 0 0 0 0 0 64 0 0 0 0 60 0 50 63 0 0 0 67 0 0 0 0 0 0 0 67 76 0 0 0 0 85 0 62 0 0 0 0 0 0 64 48 51 0 0 28 0 53 0 36 0 0 0 78 0 0 0 0 0
0 0 0 0 0 0 46 93 6 84 0 37 0 0 0 64 0 0 78 0 0 0 0 0 0 0 0 0 0 0 0 0 0 0 91 0 0 41 12 0 35 0 0 0 72 0 0 63 0 0 0 0 0 97 58 0 61 8 0 0 78 0 0 0 93 0 0 20 100 79 39 0 0 0 26 67 38 0 0 66 0 0 45 0 0 0 0 0 0 0 0 0 0 0 0 0 0 19 27 22
0 0 0 84 0 0 0 0 29 0 0 0 22 0 0 0 0 75 40 38 58 0 0 100 0 0 0 50 0 5 0 0 0 0 0 0 0 0 77 0 0 61 100 0 0 97 0 92 0 0 76 0 0 0 11 0 0 0 0 0 0 0 0 0 0 0 12 98 90 0 56 0 0 0 36 51 0 24 0 90 0 0 0 0 0 0 0 0 77 59 0 0 0 0 52 0 0 0 0 0
0 0 0 56 0 23 0 0 88 0 0 0 0 19 91 0 0 0 0 0 84 0 44 0 0 0 0 0 0 61 32 20 0 0 0 0 86 0 22 0 0 82 83 0 0 0 46 0 0 0 0 0 50 0 0 0 0 38 0 0 0 0 0 98 0 0 91 0 0 0 0 0 70 0 0 64 0 91 0 0 0 0 0 0 0 0 0 52 0 0 0 0 0 0 0 0 0 0 31 0
0 0 0 0 0 0 0 0 0 74 7 0 0 0 0 86 0 0 0 39 0 0 70 30 0 0 0 0 0 0 0 40 62 0 0 0 0 0 0 0 0 74 0 0 62 0 0 0 0 0 0 0 0 0 0 0 0 48 0 0 0 0 19 0 0 58 0 0 0 0 0 0 41 0 0 0 88 0 0 0 0 0 0 0 93 0 79 0 0 0 0 0 0 27 0 82 0 0 0 99
0 48 0 55 67 0 0 0 93 0 0 0 13 0 0 0 0 89 0 0 66 0 84 0 0 0 0 0 0 28 0 0 0 0 0 0 0 0 0 0 4 0 0 67 0 0 7 9 0 0 0 32 0 0 0 0 0 0 0 0 5 68 0 0 0 0 0 0 0 0 0 0 0 0 0 0 0 44 84 0 0 0 0 0 0 0 0 0 0 32 0 0 0 0 0 0 0 0 0 0
0 48 0 0 0 0 65 0 0 57 0 0 0 0 0 0 0 0 0 0 0 0 0 0 0 8 0 0 0 93 0 9 0 0 0 0 0 0 0 0 91 0 0 95 0 41 0 0 0 0 0 10 0 0 32 0 91 0 0 0 11 0 0 0 0 0 0 0 0 28 0 43 0 0 0 46 0 0 0 54 0 96 0 35 0 0 0 0 0 0 0 0 0 0 0 14 0 0 0 0
6 0 0 58 0 0 0 23 0 0 0 0 0 0 0 36 76 0 89 0 67 0 0 69 0 0 0 0 0 0 0 84 0 0 0 0 32 0 0 0 0 0 0 19 0 0 0 0 0 0 0 0 39 0 0 0 0 0 0 0 0 0 0 0 0 0 0 0 0 0 26 0 0 47 0 0 0 0 0 0 0 0 0 0 0 0 0 0 89 0 86 0 0 0 0 0 60 0 0 0
0 0 0 0 0 56 0 22 0 0 8 0 0 0 0 0 0 0 0 0 0 0 0 12 0 74 6 0 0 0 0 59 6 0 63 0 0 0 79 55 0 0 0 0 63 0 0 0 0 0 0 0 0 0 0 0 0 0 0 0 19 0 0 63 0 13 0 0 0 89 0 74 0 0 0 0 0 0 0 38 0 0 6 0 0 0 18 0 0 87 0 0 0 0 0 0 0 0 0 0
0 0 0 33 0 0 0 0 0 49 84 0 0 0 99 70 0 0 74 0 13 5 57 0 0 0 0 0 0 0 28 0 0 0 0 0 73 33 0 0 63 0 67 0 0 0 0 0 0 0 0 34 0 0 0 0 0 66 11 0 0 82 0 0 0 0 0 0 0 0 0 4 0 91 0 0 15 10 0 0 0 0 0 85 0 99 0 76 91 0 0 0 0 0 0 0 0 0 0 0
0 0 0 14 0 0 0 0 79 0 0 0 0 0 0 0 0 60 0 0 0 89 0 6 26 40 0 0 0 46 0 0 0 0 0 23 0 0 0 0 0 0 0 0 0 0 0 0 0 30 0 0 0 40 0 93 0 0 0 0 99 0 95 0 0 6 70 0 0 0 0 0 0 0 0 0 0 0 2 36 23 0 0 0 20 0 56 0 0 0 0 0 0 0 0 0 0 76 0 0
0 0 0 0 58 0 0 0 0 0 0 0 78 0 98 0 34 0 0 0 70 0 0 0 59 0 0 0 0 3 0 0 0 0 0 6 0 69 36 94 0 0 0 0 0 0 0 0 0 0 24 0 0 0 91 0 0 0 0 0 0 0 89 0 0 55 0 0 45 0 0 0 0 0 0 0 0 0 0 0 90 0 66 0 0 34 0 0 0 0 0 0 0 0 0 0 0 0 0 0
0 0 0 0 25 0 0 0 0 13 0 0 0 0 85 0 0 0 0 92 39 0 0 0 37 0 45 0 69 0 0 37 0 0 0 26 0 1 28 0 0 0 0 0 0 54 0 3 0 2 0 0 0 0 79 0 33 0 46 0 22 0 0 0 62 0 0 0 0 19 0 0 87 0 100 0 0 0 0 17 0 20 0 0 85 58 0 0 0 0 0 0 0 0 81 0 0 68 7 76
0 29 0 0 0 48 6 0 1 0 46 0 0 72 73 7 0 0 0 0 0 42 31 0 23 20 0 0 0 0 27 0 0 0 0 49 0 0 0 0 0 0 0 0 0 87 0 0 0 0 0 86 0 0 0 0 37 0 0 0 0 0 0 0 0 0 0 0 0 0 0 0 76 54 0 0 6 95 0 0 0 0 0 97 0 0 0 0 0 0 0 0 59 0 0 0 0 0 0 0
59 0 0 1 69 0 46 41 0 0 63 100 59 0 59 0 39 0 0 0 22 0 48 0 0 0 14 0 0 0 0 85 0 0 0 0 0 0 0 0 0 17 0 97 0 0 0 0 0 0 0 0 0 0 0 83 0 28 42 0 0 63 0 0 87 0 0 93 0 12 10 98 79 0 0 0 0 0 0 0 32 0 0 0 66 0 96 63 0 46 61 0 0 0 0 0 0 21 0 0
0 0 0 0 87 65 0 14 0 0 0 0 0 0 0 0 0 0 0 0 0 13 0 0 0 0 0 0 0 0 45 18 0 42 0 0 0 42 0 0 0 0 0 0 0 0 0 0 0 0 88 0 0 0 0 16 3 0 51 0 39 0 53 0 0 0 0 0 0 0 61 0 0 0 0 0 0 0 0 41 18 0 6 0 0 0 79 0 24 0 32 0 0 0 0 0 0 5 0 0
0 0 32 35 0 0 0 12 0 0 85 0 0 0 0 0 0 0 0 25 0 47 0 0 0 0 82 0 0 0 0 0 41 0 0 0 66 0 0 25 0 0 0 0 0 98 0 0 0 0 0 0 84 0 0 8 66 0 0 0 0 0 0 0 0 0 0 0 0 0 0 13 45 0 0 0 0 0 0 0 0 0 0 0 0 34 0 0 60 0 0 0 0 0 0 78 0 0 0 0
0 0 0 21 0 0 0 0 0 0 14 0 0 0 0 0 0 93 0 0 0 0 0 0 0 23 0 0 71 64 0 0 70 80 0 2 0 0 0 0 51 50 25 0 37 96 0 44 15 0 0 0 0 0 0 3 0 12 61 0 0 0 0 0 79 0 0 0 0 0 10 0 46 40 0 0 0 0 0 3 0 99 0 0 0 0 31 0 0 76 0 0 0 0 0 0 0 2 0 0
0 39 30 0 0 0 11 0 0 0 0 30 0 0 0 0 0 0 0 0 0 0 0 0 0 0 0 57 96 42 0 0 0 0 0 0 0 0 0 0 0 0 32 0 0 31 0 24 0 50 0 50 0 0 0 0 0 0 0 0 0 13 10 0 0 0 86 0 0 62 0 37 0 0 0 19 0 0 0 39 0 0 0 0 41 0 0 0 0 0 0 38 0 92 0 0 0 48 7 0
40 0 71 0 40 42 0 0 81 70 0 0 0 0 0 0 0 0 0 0 0 0 0 0 0 0 76 6 0 0 0 0 0 0 0 27 83 50 0 0 0 0 0 0 0 0 0 0 16 32 0 0 0 0 0 0 0 0 0 35 0 47 0 0 96 0 0 0 62 0 0 0 21 0 0 23 0 0 0 80 8 0 8 0 0 0 0 0 0 92 71 0 0 0 0 0 0 0 0 0
0 0 0 0 0 0 0 0 0 0 0 0 58 0 0 0 38 69 0 0 66 0 0 0 0 83 76 0 0 23 0 69 0 94 0 0 0 0 0 0 3 92 94 0 95 0 0 11 0 39 77 0 0 5 0 0 0 0 0 0 0 0 0 0 0 60 0 0 0 0 42 0 0 0 0 0 0 0 0 0 79 12 100 24 0 0 0 0 0 83 0 0 0 0 85 0 0 0 0 0
0 78 0 0 0 0 0 55 72 0 11 0 0 0 71 0 0 93 0 32 0 0 0 0 88 0 0 81 0 0 49 0 72 0 0 73 0 0 0 0 0 0 48 0 0 0 0 0 0 90 0 0 0 27 0 75 0 0 0 14 74 24 0 0 93 0 42 7 53 41 6 0 0 0 0 0 0 0 28 0 0 0 0 0 0 0 33 45 0 1 0 0 0 0 0 6 0 5 0 0
0 0 0 69 0 0 0 8 41 0 96 0 0 0 0 0 71 0 80 23 0 0 0 0 0 9 0 0 0 0 0 0 0 0 90 0 0 0 54 40 95 6 0 0 0 76 0 47 88 0 0 0 0 75 0 0 0 0 0 3 74 0 0 0 29 0 0 0 51 0 0 0 0 0 0 0 42 69 1 40 80 0 83 0 0 15 90 3 23 16 17 0 0 0 0 26 0 64 0 0
0 64 0 0 0 0 64 0 0 0 50 0 91 0 36 0 0 81 0 0 90 0 0 0 0 0 0 0 0 44 0 8 0 0 0 51 0 0 0 0 0 0 0 32 0 0 0 0 0 0 0 48 0 0 0 0 0 40 0 0 0 0 0 0 0 0 93 0 83 83 0 94 59 0 0 0 0 0 0 17 0 77 77 0 0 0 0 70 0 0 0 0 0 0 0 0 91 0 0 0
0 0 66 0 0 0 0 0 0 0 48 0 0 0 0 0 0 0 0 0 77 0 0 0 0 0 0 0 0 0 95 0 0 0 0 0 72 87 0 25 0 0 0 0 0 0 0 0 0 0 0 0 56 0 18 0 28 0 0 0 88 0 0 0 0 66 0 61 0 0 3 53 95 0 0 12 0 0 100 0 0 0 0 0 0 26 0 0 0 14 0 18 0 0 0 0 0 0 0 0
77 0 26 0 68 0 0 0 0 0 0 0 0 0 0 0 0 0 0 0 0 51 0 0 63 0 30 0 0 0 0 0 0 82 0 34 0 64 0 0 0 0 0 0 37 0 33 0 0 0 0 0 0 0 0 0 0 56 0 0 8 0 0 0 0 0 0 0 63 36 0 0 26 1 73 0 61 0 0 37 55 0 92 0 0 0 0 0 0 0 70 0 21 0 0 0 0 0 97 0
0 0 2 50 0 0 0 0 0 57 0 0 0 0 0 67 89 0 81 66 34 0 0 0 0 14 0 38 0 0 0 0 31 0 0 42 53 0 19 0 0 0 0 0 0 0 0 82 0 0 0 0 0 0 0 0 15 0 0 0 0 0 0 0 0 0 0 91 0 0 0 0 0 0 40 0 13 0 0 0 0 17 0 46 86 40 0 0 0 0 0 0 81 0 0 44 0 15 0 0
0 0 0 52 0 0 75 0 0 0 0 0 0 0 18 0 0 98 0 62 90 0 0 0 1 0 0 0 43 0 99 0 0 0 0 0 2 0 0 0 0 0 0 0 0 0 0 0 91 0 27 0 2 0 0 88 0 0 0 0 96 44 0 0 8 75 0 0 0 0 0 0 98 0 61 0 13 0 0 76 78 0 0 86 0 0 0 3 28 0 0 0 25 0 0 0 0 0 0 73
0 58 17 0 0 83 19 18 0 0 0 81 0 0 0 0 0 17 0 56 0 41 0 0 0 0 0 83 90 0 0 0 0 0 0 0 17 100 0 61 0 0 0 0 0 0 0 66 0 0 0 0 0 44 0 0 65 0 0 0 0 0 0 0 0 0 0 0 0 0 0 0 0 0 0 85 0 0 0 45 75 0 94 0 0 0 0 74 27 0 0 0 0 0 0 0 0 63 0 0
0 0 0 0 48 0 0 0 51 0 53 0 0 0 30 15 0 0 1 0 0 0 0 0 0 0 0 0 0 0 0 0 0 0 0 0 0 0 0 0 0 0 0 46 0 0 0 11 0 0 0 0 0 0 60 0 0 0 15 0 0 0 0 0 0 0 0 0 0 0 0 60 0 0 0 79 68 0 64 0 30 0 29 91 13 0 0 13 0 0 0 7 53 0 0 43 0 0 0 5
0 0 12 0 0 0 0 28 0 86 0 0 0 0 27 0 0 61 0 0 97 89 0 84 0 0 72 8 0 0 13 57 0 0 0 95 0 0 0 0 0 0 0 0 0 24 0 0 0 0 49 0 22 80 0 0 0 0 0 47 13 0 0 0 0 0 0 0 80 0 0 0 0 0 43 86 0 0 0 0 17 0 0 0 0 0 70 23 0 20 0 0 53 82 0 0 0 62 7 0
0 0 0 40 0 0 0 0 23 0 0 0 0 0 56 29 0 0 0 0 0 0 0 0 0 0 76 0 0 0 0 0 23 0 0 0 71 0 0 0 0 0 0 0 0 0 0 0 0 0 47 0 0 0 27 0 0 99 9 0 55 81 0 86 0 0 39 0 7 0 0 0 0 89 53 0 0 46 0 0 0 94 0 0 0 0 0 79 0 0 35 0 35 0 0 0 0 46 0 54
0 0 0 0 0 4 0 0 0 93 0 0 58 0 0 0 57 0 14 0 0 0 0 0 0 0 0 0 50 87 54 0 0 0 0 0 0 34 0 0 0 84 0 21 0 0 0 0 0 56 0 0 0 72 0 0 0 0 34 35 51 0 16 0 24 0 40 29 0 0 0 0 0 0 0 0 12 0 0 0 0 0 0 0 0 0 0 0 0 0 66 0 0 0 0 79 19 0 38 0
84 35 0 95 0 80 0 0 0 0 11 0 27 0 94 51 0 0 0 0 0 0 93 0 0 0 0 0 0 7 0 0 0 12 0 0 76 0 0 90 0 0 0 61 0 57 0 0 0 0 0 0 0 0 11 0 0 0 0 18 54 77 0 50 0 0 0 50 0 0 0 0 0 0 0 36 0 0 39 76 0 0 0 62 14 0 56 0 0 0 0 0 0 0 0 0 0 0 0 46
58 0 0 0 0 0 42 0 0 0 90 0 0 0 0 0 0 0 0 0 0 0 10 0 0 0 0 70 0 0 0 92 0 16 0 5 0 43 0 6 0 0 0 0 0 60 0 0 60 0 46 0 0 0 0 91 0 0 0 38 0 44 57 100 8 0 0 0 52 34 0 0 0 0 16 0 0 42 76 0 8 0 0 0 0 0 0 0 0 55 36 36 10 0 100 0 50 16 0 0
0 0 0 0 0 0 0 14 0 73 0 0 0 0 0 0 0 0 0 0 42 0 18 13 19 0 0 0 0 0 0 0 0 4 0 0 0 0 0 0 0 93 42 7 0 0 0 0 66 77 0 0 0 0 0 0 0 0 14 0 0 0 17 0 0 16 0 0 0 0 0 0 48 0 0 0 0 54 0 0 0 0 2 0 4 0 0 36 0 0 0 71 0 0 0 0 50 0 0 61
0 0 0 70 0 30 0 0 0 0 0 0 22 0 0 0 0 0 23 0 0 0 0 58 0 0 43 87 1 0 0 0 0 0 0 0 49 0 0 0 0 0 0 0 0 0 96 0 40 23 40 51 0 0 0 4 0 0 0 0 0 13 0 0 27 0 0 0 0 0 0 77 0 0 0 0 0 0 0 0 0 45 0 71 0 0 0 0 0 49 0 0 0 100 86 0 0 6 18 0
0 94 0 0 0 0 92 0 0 32 0 0 0 0 82 0 60 0 49 77 9 0 0 0 60 0 0 0 0 8 0 0 0 0 0 0 9 0 0 0 77 0 0 0 0 0 0 0 0 0 0 0 0 0 0 0 76 0 0 0 0 0 0 0 0 58 0 41 0 0 0 25 69 49 0 0 0 0 0 0 0 5 0 0 0 0 0 0 0 84 0 19 0 0 0 0 0 0 0 0
0 77 0 0 85 0 0 0 0 24 0 72 78 0 0 0 0 64 0 0 97 0 0 0 0 0 0 59 0 0 0 0 0 0 0 0 81 0 0 0 0 0 0 0 0 0 19 38 0 0 0 68 0 0 0 0 0 0 0 0 0 0 0 20 45 0 0 0 0 0 0 79 35 0 0 3 58 0 0 0 0 37 0 0 0 0 0 0 0 0 0 0 0 71 0 0 0 100 62 56
2 0 0 0 0 0 0 0 0 70 0 0 10 26 0 0 100 65 0 0 0 6 0 34 0 0 0 58 15 0 0 0 0 0 0 17 0 0 0 70 34 0 0 0 0 0 0 0 0 0 0 0 95 0 0 54 0 0 59 1 0 58 0 0 0 0 6 0 0 63 98 54 0 0 0 76 0 10 12 0 0 0 0 0 0 0 0 0 0 25 0 0 0 0 0 0 0 51 0 6
0 33 34 0 0 0 0 0 0 0 0 0 0 72 0 0 0 0 0 49 0 0 0 54 0 0 39 0 24 0 0 0 0 11 0 0 0 0 0 77 90 0 0 0 0 0 0 0 0 65 14 0 0 0 0 35 42 0 0 0 0 0 0 0 70 0 58 0 0 0 92 0 78 0 0 0 0 0 0 0 0 0 0 96 0 26 0 0 0 0 0 23 0 0 26 0 0 0 7 49
0 0 0 0 0 0 86 0 94 21 6 9 0 0 46 0 81 0 74 0 0 27 9 69 0 0 0 52 0 0 0 0 1 0 0 0 47 0 10 0 21 0 88 0 0 0 0 0 0 0 0 75 0 0 0 0 0 5 0 0 66 0 0 0 0 34 0 57 0 70 0 24 0 93 0 0 0 0 0 0 0 74 88 0 0 0 0 92 71 54 0 0 0 94 69 0 0 92 0 80
0 27 0 0 97 0 0 0 0 0 0 54 0 0 0 0 4 41 0 0 0 0 0 16 0 0 52 0 0 71 0 0 0 0 0 0 51 0 0 68 0 11 47 0 0 17 0 0 0 0 0 44 0 0 0 0 26 0 75 0 60 0 0 0 0 0 0 0 23 0 0 0 0 54 47 90 0 0 0 0 0 0 0 0 33 0 60 45 0 0 0 0 0 0 0 0 12 0 0 0
0 0 0 0 0 48 0 0 0 30 64 0 84 0 0 0 75 0 32 0 0 0 0 0 0 0 0 0 0 0 38 0 0 0 0 15 0 0 0 29 0 2 0 0 0 0 0 0 0 94 0 0 36 0 0 0 0 0 92 0 10 0 0 4 0 0 0 0 0 0 76 0 0 0 0 0 61 0 77 0 0 65 97 0 80 0 0 0 0 0 0 0 95 0 70 0 78 43 33 0
0 0 0 0 0 0 0 0 0 0 56 0 0 67 0 67 0 0 81 0 41 0 0 18 49 0 0 0 0 0 0 0 12 0 43 0 0 0 0 0 0 52 0 0 0 0 0 93 0 0 0 0 0 72 0 0 0 0 0 0 30 0 0 0 22 0 0 0 0 0 0 66 0 22 39 7 0 88 45 0 29 67 0 0 0 85 31 0 0 0 0 0 0 0 0 17 11 0 0 26
37 0 65 0 0 0 84 0 0 0 0 0 73 0 0 0 29 0 0 0 53 0 0 0 0 84 0 0 84 0 35 0 0 93 0 0 0 0 0 0 0 0 0 0 0 0 0 0 0 0 78 0 0 49 19 0 0 0 0 0 0 0 0 0 0 0 0 30 0 0 63 0 0 3 0 0 95 0 0 0 0 37 98 0 0 0 0 0 89 0 0 0 0 0 0 5 0 90 0 0
0 93 0 68 70 93 0 0 85 25 0 0 0 0 95 0 0 0 0 0 0 0 0 57 95 0 0 0 48 0 0 27 0 0 0 0 0 0 0 0 0 47 0 0 60 43 68 45 89 42 0 0 0 93 0 0 0 0 83 0 0 0 0 0 0 0 16 8 21 0 87 0 3 0 0 0 0 0 0 80 0 0 0 0 0 0 0 0 39 0 0 0 0 0 0 0 0 0 0 0
0 0 0 0 0 0 87 0 0 0 0 49 0 0 74 0 0 0 79 0 99 20 94 79 0 0 0 0 0 0 0 0 0 0 30 0 41 0 81 0 0 0 0 0 56 0 0 0 0 0 0 0 43 0 37 0 0 0 33 0 0 0 91 81 0 0 0 0 0 0 60 0 0 0 36 0 0 0 57 0 72 0 0 0 98 0 79 61 0 0 57 60 0 0 0 0 0 74 98 7
0 81 0 100 0 0 0 0 0 0 0 0 0 0 0 0 0 0 0 14 18 0 0 0 0 0 9 0 0 0 50 0 0 0 41 0 0 0 85 0 0 0 0 83 46 0 14 0 61 0 0 0 0 0 0 0 11 0 0 0 0 0 0 63 0 0 0 0 17 0 25 0 0 0 0 56 24 0 0 0 80 0 0 0 0 0 0 0 0 69 0 0 0 0 0 63 0 0 0 13
0 0 24 54 0 0 55 0 0 0 0 0 0 0 0 0 0 0 14 0 0 0 67 0 0 87 0 0 0 0 56 5 0 61 0 0 0 0 0 0 0 0 0 0 0 0 0 51 0 95 11 0 0 0 0 0 0 0 0 0 0 0 0 0 0 0 0 0 72 41 0 0 0 0 0 83 3 8 0 0 0 0 0 73 0 83 0 0 0 0 0 0 0 0 0 0 16 0 0 0
0 17 0 0 7 0 59 0 85 0 0 0 0 0 0 0 0 0 0 0 0 0 0 0 0 0 0 0 0 0 0 0 28 35 0 0 0 96 0 92 0 98 0 0 0 0 0 24 0 0 0 0 0 0 0 0 0 77 0 0 0 28 0 0 0 88 0 0 0 0 0 0 0 9 0 38 0 0 0 0 61 0 0 0 0 0 0 94 0 0 0 45 0 0 48 0 0 0 7 0
0 0 0 0 48 0 0 0 0 0 0 96 96 0 70 20 0 74 67 0 0 0 0 0 0 0 0 86 0 44 60 0 1 46 0 0 0 0 0 0 69 0 0 34 0 30 0 0 63 0 82 0 0 0 85 0 0 0 0 0 0 18 0 87 91 0 0 0 0 0 0 0 56 0 0 0 0 0 0 31 0 94 0 0 0 24 0 0 0 0 0 44 0 75 17 0 0 0 55 78
0 0 0 72 0 2 0 0 86 0 38 0 0 0 0 37 0 0 0 0 80 0 0 0 44 0 27 69 0 0 97 0 0 0 66 0 0 0 99 0 0 0 88 0 97 0 0 0 0 0 0 0 64 0 0 0 0 0 0 95 0 0 0 0 63 42 0 0 36 0 0 0 0 12 0 0 0 0 0 0 0 0 0 38 45 0 0 0 0 0 0 0 0 0 0 0 0 0 0 0
71 10 0 93 0 0 0 0 0 19 0 0 100 90 0 0 0 74 29 0 89 0 1 0 0 0 21 0 0 56 0 0 69 0 0 0 0 94 0 42 0 0 0 0 0 41 0 95 0 0 0 0 0 0 0 25 0 0 0 0 0 0 0 0 0 0 91 0 62 0 0 0 0 0 0 0 0 0 12 0 0 0 86 0 0 0 0 0 0 0 0 0 75 0 0 0 0 0 0 61
0 0 12 67 0 33 6 0 0 23 0 0 39 0 0 0 0 0 0 0 0 0 0 0 70 64 0 0 89 0 0 0 0 0 0 0 0 0 0 0 0 0 0 0 0 0 0 43 0 0 0 0 0 17 0 0 0 0 0 0 0 0 0 78 32 0 0 0 0 0 35 0 0 0 0 0 0 83 44 77 0 65 0 0 0 0 88 0 0 0 39 0 56 0 47 0 0 0 0 0
0 53 0 0 97 0 0 74 0 0 76 0 0 43 0 0 0 0 0 78 10 0 0 0 0 0 48 0 0 40 0 0 0 89 0 0 0 0 0 8 0 0 8 0 0 0 15 0 0 26 0 0 46 0 0 0 0 8 0 0 0 0 0 48 0 0 0 0 38 0 97 5 0 0 0 0 85 0 0 0 6 0 0 0 85 0 0 0 0 0 0 16 0 0 0 0 0 11 76 0
0 0 88 93 8 72 0 0 0 0 0 0 71 0 0 0 8 0 0 0 0 0 9 0 0 0 0 0 0 0 0 86 0 0 72 0 0 0 0 51 0 0 0 0 6 96 84 0 0 36 0 79 0 0 0 47 0 30 0 15 0 0 0 76 0 0 81 0 0 94 20 0 79 0 0 0 0 57 53 0 0 0 0 0 0 37 92 0 0 0 0 80 0 0 0 0 0 0 75 0
0 71 0 42 0 87 0 0 0 40 53 0 78 30 74 0 0 85 0 0 44 0 0 0 0 0 0 0 0 0 54 24 0 0 0 0 74 0 0 0 15 0 0 0 0 0 0 74 0 0 46 0 0 0 86 0 0 0 7 0 7 0 0 0 77 72 0 0 0 0 0 0 0 0 0 55 0 0 0 0 0 0 0 0 60 14 0 0 0 0 57 0 64 26 0 0 0 0 30 0
0 0 42 13 0 0 0 0 0 0 0 58 0 0 0 0 41 50 0 0 0 73 0 0 83 0 0 89 0 43 0 0 0 0 0 0 0 0 0 0 0 0 0 0 0 0 0 0 0 0 0 0 0 0 0 0 0 0 0 0 0 0 0 0 0 0 0 38 0 0 0 0 0 0 0 0 22 0 0 64 0 43 0 0 24 0 49 0 97 88 29 52 0 0 0 0 82 24 20 0
0 0 0 0 0 0 0 86 0 26 0 76 0 0 0 14 0 0 11 0 0 0 0 0 0 0 0 0 23 0 0 69 40 0 0 0 0 0 0 22 0 0 24 0 0 0 0 0 0 0 0 0 0 94 0 0 0 0 0 38 0 0 0 0 0 0 55 0 0 0 0 0 0 11 0 0 62 0 0 0 90 0 94 0 44 0 0 0 0 0 0 0 0 98 0 0 0 0 89 0
79 100 60 0 0 0 0 0 0 0 0 0 37 0 0 0 0 0 0 0 0 51 0 0 0 0 0 0 0 0 0 17 0 0 0 51 0 32 49 51 32 0 0 0 25 0 0 0 0 0 56 0 27 14 0 7 0 0 0 0 0 23 0 0 0 0 0 16 0 0 34 0 0 72 0 9 0 0 0 0 65 0 0 27 0 0 0 0 0 0 0 66 0 0 0 0 0 0 18 49
0 68 0 0 0 52 0 0 0 91 0 0 0 0 0 91 0 0 0 0 0 63 0 62 0 0 0 0 3 0 0 0 0 72 0 19 0 0 0 49 34 0 0 0 0 51 93 0 0 47 75 0 0 0 0 98 0 73 0 0 0 58 0 27 96 0 0 0 12 0 0 0 0 0 15 0 76 0 0 0 0 0 0 0 0 15 0 3 0 35 0 0 0 0 5 0 0 0 0 69
0 0 76 90 0 0 0 25 58 0 0 74 0 2 6 0 0 0 0 0 11 0 22 0 0 0 0 0 21 0 0 0 0 0 0 0 0 0 0 0 0 0 35 0 0 0 0 0 0 0 0 0 0 0 31 0 0 0 0 0 0 0 0 0 0 0 0 0 0 0 58 0 0 0 0 19 0 37 35 8 0 0 0 32 0 0 0 0 0 0 0 0 0 0 62 0 77 0 0 0
0 0 0 0 0 0 0 0 0 34 85 0 0 0 0 0 1 0 0 0 0 0 0 0 82 0 0 0 65 46 0 0 0 0 0 0 0 0 0 0 0 5 45 67 0 0 0 62 0 0 0 0 14 0 0 0 0 90 53 0 0 13 0 0 0 78 0 0 0 0 0 0 66 0 0 0 0 0 0 41 0 0 0 0 0 0 0 0 0 0 26 0 0 0 0 0 0 0 0 0
0 0 0 0 0 0 0 0 0 0 0 0 0 12 0 0 0 0 0 23 0 0 0 0 0 0 52 0 0 78 0 0 0 33 0 0 0 0 86 77 0 0 0 0 0 0 0 0 0 70 0 0 16 14 0 0 0 0 0 0 0 42 0 0 0 0 0 0 0 0 0 24 0 3 0 0 15 0 0 0 0 39 98 0 0 98 47 0 0 89 0 58 81 0 0 0 0 0 0 0
0 0 0 96 6 0 0 78 0 0 0 32 0 0 0 0 0 0 0 79 0 0 0 32 0 28 45 0 0 0 0 0 0 0 0 0 0 0 62 0 0 0 1 0 0 97 23 0 0 31 0 0 16 0 33 0 91 0 0 0 8 0 0 48 0 0 5 0 0 0 0 0 0 0 0 25 0 0 90 0 0 0 0 0 30 0 16 0 0 15 0 78 0 0 30 0 0 0 16 0
32 0 48 62 0 0 0 0 88 34 0 64 0 0 96 0 0 0 0 0 0 47 0 61 0 0 0 0 0 0 0 0 0 25 0 90 0 0 33 0 0 0 0 10 64 0 0 10 41 0 0 0 72 0 0 94 36 0 0 0 32 0 0 0 0 88 0 54 0 0 0 0 0 0 0 0 0 0 0 0 0 0 0 2 0 0 0 0 0 0 0 0 0 0 0 0 0 6 0 0
0 0 0 0 0 0 0 0 48 15 0 8 0 0 0 0 35 0 0 89 0 0 0 0 0 0 0 99 0 0 0 14 0 0 57 0 40 52 0 0 0 0 0 0 0 0 58 93 0 0 26 0 0 26 19 0 54 0 0 0 34 0 0 0 0 0 0 0 63 0 0 0 10 0 0 0 0 0 4 0 0 0 14 0 0 93 0 69 0 0 0 0 0 0 10 0 97 0 0 0
0 0 0 0 0 0 0 20 74 0 0 66 0 0 82 0 41 33 54 0 0 0 0 18 0 0 0 0 0 0 0 0 0 48 0 0 72 0 0 0 0 0 88 0 25 40 0 90 0 0 0 0 0 0 0 0 0 58 0 0 0 0 0 0 0 0 0 83 0 0 0 0 0 0 0 55 0 29 0 0 0 31 0 93 0 0 0 0 21 0 0 89 92 0 0 0 34 5 84 91
0 21 0 16 0 0 52 0 0 0 0 0 0 0 0 0 0 93 0 0 0 0 90 0 0 62 0 0 0 0 100 0 0 0 0 0 0 46 0 90 0 0 0 66 0 0 0 90 0 0 0 0 0 0 0 0 89 0 0 0 0 0 0 58 0 0 0 0 22 25 63 0 71 0 0 82 0 0 4 0 57 7 0 0 0 0 0 0 0 0 11 0 0 0 0 86 0 0 0 0
33 0 0 0 0 10 0 80 38 0 0 0 0 0 0 28 0 0 0 0 0 0 0 0 39 0 0 0 0 0 0 0 0 0 0 0 0 0 0 27 0 0 0 0 0 0 0 0 0 0 95 0 0 0 0 5 0 0 0 0 0 0 0 0 0 0 0 0 0 83 0 0 95 0 0 0 0 0 0 0 0 0 0 0 0 39 0 0 0 8 0 0 0 55 89 0 0 0 0 0
0 22 0 62 0 36 0 29 0 0 69 0 0 0 0 0 0 72 24 51 36 0 0 0 40 0 0 0 0 0 0 86 0 0 91 0 0 0 48 52 0 0 0 0 0 0 5 0 0 0 0 0 0 0 0 11 19 58 0 0 0 0 67 0 38 0 0 0 0 0 0 0 75 0 97 0 0 85 0 0 0 0 0 0 0 0 0 37 0 0 0 0 11 0 0 0 22 0 0 98
39 0 0 0 0 0 0 0 0 0 0 0 0 0 0 0 0 0 0 0 0 0 83 0 0 4 0 66 0 0 0 0 78 90 0 0 0 0 52 0 0 87 0 72 51 0 0 0 0 0 0 0 2 0 0 67 0 0 0 0 0 0 0 0 16 0 0 0 0 0 0 0 0 15 97 0 0 0 0 84 70 0 0 0 0 0 0 17 0 0 0 0 0 0 65 0 0 40 0 0
0 0 0 0 37 0 0 0 0 0 0 0 0 0 5 0 0 0 0 25 0 0 0 0 51 38 75 0 1 0 0 74 70 0 0 68 0 0 1 54 0 0 0 0 64 0 0 0 0 0 0 21 0 37 47 0 0 0 24 100 0 0 0 96 0 26 0 88 5 0 0 0 0 0 0 0 0 0 0 0 0 0 0 95 0 0 37 0 0 0 32 0 10 0 0 0 58 0 0 90
0 0 0 0 48 0 48 0 0 0 0 0 0 0 0 0 6 66 0 0 0 89 0 0 0 0 18 0 0 0 0 2 0 0 0 0 0 10 0 0 85 48 0 0 0 0 0 0 23 0 0 91 0 0 0 0 0 94 0 0 0 0 35 95 58 0 0 0 0 0 0 0 0 0 0 0 43 21 0 11 0 0 0 0 0 0 0 0 0 0 0 64 0 0 0 0 87 0 91 0
0 0 0 0 6 0 0 0 0 5 89 0 0 0 77 0 22 0 65 57 0 0 0 0 0 30 37 0 74 0 0 0 0 0 0 0 0 0 0 73 0 87 23 0 0 0 0 0 100 0 92 0 0 0 0 0 0 0 0 98 0 0 0 0 0 0 24 0 0 72 0 0 0 0 0 0 0 0 0 0 0 0 4 25 0 0 0 91 0 0 0 0 0 0 0 0 3 0 0 35
0 0 0 0 0 0 3 0 0 0 0 0 0 5 0 0 0 0 7 0 0 0 0 0 0 0 0 0 62 0 12 0 0 0 0 90 0 0 25 0 0 11 0 0 0 61 0 0 0 0 0 76 0 0 0 0 0 0 0 0 83 0 91 61 0 0 0 0 54 0 29 0 0 6 0 0 0 0 0 0 0 0 0 0 0 0 87 0 0 30 0 0 0 68 0 0 16 0 0 0
0 16 0 0 0 0 0 0 0 0 0 86 0 0 0 0 0 0 71 0 82 0 0 0 60 14 46 26 87 0 65 0 0 0 27 0 0 0 0 0 0 0 0 0 47 80 32 0 0 69 0 0 0 0 26 0 70 0 95 0 88 25 0 0 60 0 0 0 0 0 0 0 75 0 75 98 0 3 0 0 0 0 0 85 32 0 0 0 77 0 22 0 0 41 0 0 0 0 95 27
69 12 36 0 0 0 0 77 0 59 50 0 0 0 99 0 0 0 44 0 0 0 0 0 0 15 0 0 0 91 0 0 73 0 0 0 0 0 0 33 11 0 50 0 0 48 0 0 52 0 0 0 0 0 18 0 0 74 0 0 0 0 0 0 69 0 0 0 0 19 86 94 0 0 0 0 13 92 0 0 0 0 0 0 0 34 0 0 0 0 0 0 0 94 23 0 0 0 0 0
0 0 0 15 0 0 0 0 0 67 0 0 0 0 0 0 0 0 33 0 0 86 0 0 0 0 0 0 67 0 0 0 14 0 0 85 16 0 0 0 0 0 0 0 0 15 92 0 11 0 0 0 76 0 66 0 0 53 0 0 0 90 0 0 19 21 0 0 0 0 0 0 0 0 0 91 0 0 0 0 10 0 0 0 12 59 0 49 0 87 0 0 0 0 0 0 0 68 0 0
0 0 0 81 0 0 0 0 17 0 0 2 0 0 0 0 0 0 0 0 0 19 0 0 0 28 0 0 0 0 100 0 0 0 0 0 0 0 0 0 72 0 0 0 0 0 26 62 26 59 81 0 0 0 0 0 0 0 0 0 29 0 0 0 89 0 0 0 0 0 0 0 0 0 0 0 0 0 0 0 0 33 0 0 0 0 52 0 86 0 0 0 43 0 0 0 0 0 0 0
0 0 96 0 0 0 0 0 0 97 37 0 0 7 0 0 0 0 32 0 17 0 37 0 0 84 78 22 0 0 0 100 0 30 0 0 85 0 57 46 40 0 0 0 0 0 12 0 0 29 0 0 0 0 0 45 0 4 45 41 37 16 0 0 0 69 0 97 0 0 0 91 32 0 48 8 0 0 0 0 0 83 0 0 0 0 0 0 44 0 0 0 59 50 0 0 0 39 0 0
0 28 0 0 0 0 0 0 0 0 87 0 0 0 0 0 0 0 0 0 0 0 0 29 97 0 2 50 0 0 29 0 0 0 0 0 0 0 93 0 1 0 0 52 79 0 0 93 3 0 0 98 0 0 0 0 0 0 0 0 94 53 0 5 0 0 36 46 47 0 0 0 0 42 0 0 0 47 0 0 0 69 0 16 0 0 0 63 0 0 0 48 0 0 0 47 0 83 0 97
0 0 0 0 35 0 0 0 52 0 51 0 29 0 0 0 15 87 0 0 83 0 3 0 0 0 0 0 0 0 0 0 0 15 0 0 0 0 0 32 0 0 0 0 61 64 0 86 0 0 0 32 62 0 0 0 0 0 0 0 0 97 0 0 91 13 0 16 0 0 0 0 0 0 0 0 0 0 0 0 79 38 0 64 0 0 26 0 0 0 28 0 0 0 0 0 0 0 0 99
0 0 0 38 0 29 99 41 0 0 0 0 0 0 0 0 0 0 0 0 0 93 0 0 0 51 6 15 0 0 0 0 53 31 0 0 0 0 20 66 92 0 78 22 0 71 58 26 57 0 0 0 0 32 65 0 0 0 14 0 0 0 45 0 0 20 0 0 0 0 0 0 0 0 0 0 0 1 0 83 0 0 0 0 0 0 0 0 0 0 0 0 0 0 0 0 67 0 0 0
0 0 0 42 0 0 0 0 0 0 0 0 0 0 0 0 4 13 0 0 0 3 0 85 0 0 0 0 0 0 60 94 0 0 93 99 0 0 0 0 0 0 0 0 31 0 0 0 0 0 0 0 0 96 0 0 0 0 90 0 0 70 99 0 0 0 0 0 0 0 0 0 0 79 71 7 26 0 11 0 0 0 0 0 0 21 0 0 0 0 0 0 0 0 2 0 0 0 0 0
0 0 0 0 0 0 0 53 0 0 0 0 0 0 0 0 71 0 0 0 0 0 0 81 0 0 0 0 0 79 22 0 0 0 0 79 0 0 92 0 0 0 68 0 0 0 0 0 0 0 2 0 0 0 27 0 0 42 24 0 9 0 86 0 0 0 86 0 96 0 38 50 0 35 0 0 0 0 10 0 29 0 0 59 0 0 0 0 0 0 0 0 0 21 39 0 2 1 97 0
25 33 0 50 0 86 0 0 98 0 0 0 74 0 0 67 0 0 0 0 0 0 77 0 0 56 0 0 0 78 0 0 0 0 0 78 26 81 0 88 0 59 0 0 0 0 0 0 52 0 0 0 0 0 0 95 16 0 0 60 0 0 83 0 0 0 0 0 0 0 0 0 35 0 0 0 0 0 0 0 0 0 90 3 0 0 0 0 0 86 0 0 0 0 0 0 0 20 0 0
0 0 0 0 0 0 0 0 0 0 0 0 54 0 0 0 100 0 0 0 0 37 0 0 0 0 0 27 40 0 0 0 0 0 0 0 66 0 0 0 0 9 0 58 0 0 0 11 0 0 0 5 0 0 0 0 0 5 54 93 0 56 0 93 70 0 0 0 0 0 0 0 0 0 36 0 0 88 0 0 0 0 0 0 0 0 0 0 0 0 0 0 0 0 0 0 94 0 0 13
0 0 0 0 0 0 0 0 17 76 0 0 0 0 0 0 0 0 0 0 46 0 0 0 0 4 0 0 0 0 0 0 45 51 6 0 94 0 0 0 0 0 0 5 0 0 79 0 9 0 0 10 47 0 0 0 0 0 0 0 0 0 0 0 30 0 0 96 0 0 0 41 4 0 0 25 21 0 0 0 0 0 0 0 0 0 0 0 0 39 83 0 0 0 0 0 86 0 0 0
34 0 0 28 59 0 0 20 0 0 0 0 0 13 0 0 0 91 97 0 51 0 0 91 0 0 0 67 0 0 54 0 0 0 100 0 0 0 38 0 0 0 0 0 91 0 62 0 19 83 0 0 0 0 11 0 0 0 0 0 59 0 0 0 0 52 0 0 0 28 0 0 0 0 0 0 15 0 45 0 0 0 0 69 0 83 0 14 0 0 0 36 0 0 0 0 43 0 0 0
0 12 75 0 70 0 0 0 0 12 0 47 96 0 59 53 0 44 0 0 50 0 0 0 88 0 0 0 0 72 0 0 0 0 0 0 0 0 10 96 0 66 70 50 88 0 0 0 0 35 0 0 0 0 0 0 0 0 40 0 55 0 0 0 0 0 0 0 0 0 0 0 0 82 0 0 0 0 30 6 0 0 0 0 0 0 0 0 0 0 0 0 0 83 96 0 0 98 0 0
0 96 0 0 0 0 0 90 0 94 0 28 37 0 0 0 0 0 16 10 0 0 41 0 0 36 0 9 0 0 83 0 0 0 0 0 51 0 0 0 0 0 0 0 0 0 0 0 0 0 98 0 0 0 1 54 0 39 0 0 0 0 0 50 90 0 0 0 75 28 0 40 53 0 0 0 0 0 0 10 11 57 0 0 0 0 0 0 0 0 45 0 0 0 0 62 0 0 0 0
0 32 0 0 0 0 44 0 0 0 0 0 0 17 81 0 0 0 0 0 0 49 49 0 0 0 0 0 0 0 0 0 0 0 90 18 0 0 0 0 0 0 0 0 0 0 0 86 0 0 0 0 0 0 0 0 0 96 20 98 0 67 0 22 0 0 0 0 0 0 87 0 0 0 0 42 0 0 0 86 0 0 0 0 3 0 57 0 0 0 0 21 0 0 0 0 0 0 0 0
19 0 0 87 0 0 0 0 0 0 0 69 0 0 28 0 0 92 0 0 20 0 0 0 0 0 82 0 62 0 0 5 0 0 83 0 0 44 0 0 0 0 68 0 0 0 0 0 0 0 0 0 0 3 15 0 0 0 0 0 0 71 0 22 0 0 0 34 0 90 0 0 0 25 0 0 52 74 0 0 0 11 0 79 0 0 0 0 0 0 0 0 0 25 7 0 67 45 0 0
0 0 0 28 0 0 0 6 0 0 0 0 0 0 0 98 0 0 61 0 20 0 0 0 0 0 34 9 0 0 0 0 0 0 0 0 86 0 0 0 18 0 57 0 55 0 0 22 0 0 0 36 94 0 0 0 0 0 0 0 0 0 0 0 0 0 0 0 0 0 0 0 0 0 0 33 0 0 89 0 0 54 0 0 0 0 0 0 0 0 45 0 0 0 51 56 0 0 0 0
0 0 0 0 69 0 18 0 0 0 8 50 19 77 0 0 57 0 0 0 15 0 30 0 38 0 0 0 100 53 0 0 0 0 0 7 0 0 75 65 0 0 0 13 54 0 79 0 0 0 18 0 0 0 0 0 0 0 74 0 0 69 0 0 0 0 0 68 0 0 0 70 49 0 0 0 0 94 0 38 0 0 0 0 0 0 13 0 0 0 51 0 27 0 0 0 0 0 35 0
0 0 61 0 0 0 52 0 0 0 0 0 0 0 0 0 0 19 0 0 0 38 0 0 0 42 14 99 0 0 0 0 0 0 15 0 0 0 0 0 0 0 0 0 0 0 44 0 0 0 0 0 0 24 0 17 70 0 0 0 21 23 0 0 0 0 0 0 0 83 0 21 0 0 0 0 91 4 0 0 0 81 0 0 62 25 0 0 0 71 0 0 0 0 99 0 0 93 0 0
0 66 0 0 0 90 0 0 29 0 0 39 0 0 0 0 0 0 0 4 0 0 0 0 0 0 0 0 0 0 0 48 0 0 0 45 0 0 0 0 0 33 31 0 0 0 6 23 89 0 89 0 0 0 79 0 9 0 0 98 0 0 0 0 0 0 57 0 0 96 0 0 0 0 0 0 0 0 43 0 0 0 35 0 0 0 0 0 0 0 79 0 0 0 0 0 2 0 0 52
0 48 0 0 0 90 44 0 0 0 0 0 16 0 0 41 0 0 0 0 0 24 0 47 0 0 0 0 0 0 10 0 42 0 13 0 0 0 93 0 9 0 0 0 0 0 0 0 66 36 0 0 0 0 9 0 0 0 0 0 35 0 66 0 0 6 43 0 0 0 0 57 47 0 0 0 0 0 15 32 68 0 0 0 39 0 0 0 0 0 0 0 0 0 90 0 0 0 0 0
0 0 0 0 0 0 0 17 0 0 81 67 0 0 0 0 10 0 0 0 0 0 0 0 0 86 0 19 0 90 0 0 0 0 65 48 0 0 0 6 0 0 0 0 0 0 60 0 0 0 0 100 0 96 94 0 0 0 63 0 0 0 0 0 0 0 95 7 0 0 0 0 22 0 74 0 0 0 0 0 0 88 39 10 0 0 92 0 22 0 4 0 0 0 22 0 0 0 0 0
0 0 0 0 0 0 89 44 51 29 0 38 0 0 0 18 0 0 74 0 0 0 0 0 0 0 0 0 0 0 0 0 0 0 49 0 0 41 98 0 46 0 0 0 64 0 0 76 0 0 0 0 0 69 53 0 15 74 0 0 31 0 0 0 12 0 0 53 50 79 81 0 0 0 92 69 99 0 0 23 0 0 57 0 0 0 0 0 0 0 0 0 0 0 0 0 0 30 83 59
0 0 0 81 0 0 0 0 53 0 0 0 69 0 0 0 0 22 5 44 5 0 0 26 0 0 0 89 0 86 0 0 0 0 0 0 0 0 72 0 0 8 39 0 0 88 0 17 0 0 71 0 0 0 12 0 0 0 0 0 0 0 0 0 0 0 71 2 60 0 59 0 0 0 25 76 0 96 0 100 0 0 0 0 0 0 0 0 4 5 0 0 0 0 51 0 0 0 0 0
0 0 0 38 0 95 0 0 66 0 0 0 0 1 32 0 0 0 0 0 92 0 21 0 0 0 0 0 0 100 72 46 0 0 0 0 41 0 41 0 0 88 55 0 0 0 14 0 0 0 0 0 5 0 0 0 0 23 0 0 0 0 0 30 0 0 46 0 0 0 0 0 57 0 0 16 0 80 0 0 0 0 0 0 0 0 0 37 0 0 0 0 0 0 0 0 0 0 25 0
0 0 0 0 0 0 0 0 0 33 57 0 0 0 0 38 0 0 0 68 0 0 70 91 0 0 0 0 0 0 0 53 8 0 0 0 0 0 0 0 0 6 0 0 62 0 0 0 0 0 0 0 0 0 0 0 0 27 0 0 0 0 8 0 0 95 0 0 0 0 0 0 68 0 0 0 14 0 0 0 0 0 0 0 60 0 20 0 0 0 0 0 0 81 0 65 0 0 0 44
0 40 0 93 59 0 0 0 57 0 0 0 16 0 0 0 0 73 0 0 56 0 51 0 0 0 0 0 0 24 0 0 0 0 0 0 0 0 0 0 41 0 0 79 0 0 75 12 0 0 0 92 0 0 0 0 0 0 0 0 65 97 0 0 0 0 0 0 0 0 0 0 0 0 0 0 0 32 91 0 0 0 0 0 0 0 0 0 0 19 0 0 0 0 0 0 0 0 0 0
0 28 0 0 0 0 75 0 0 45 0 0 0 0 0 0 0 0 0 0 0 0 0 0 0 76 0 0 0 66 0 3 0 0 0 0 0 0 0 0 22 0 0 51 0 53 0 0 0 0 0 70 0 0 21 0 83 0 0 0 33 0 0 0 0 0 0 0 0 7 0 49 0 0 0 42 0 0 0 25 0 35 0 56 0 0 0 0 0 0 0 0 0 0 0 55 0 0 0 0
52 0 0 9 0 0 0 38 0 0 0 0 0 0 0 35 99 0 66 0 31 0 0 53 0 0 0 0 0 0 0 5 0 0 0 0 79 0 0 0 0 0 0 1 0 0 0 0 0 0 0 0 51 0 0 0 0 0 0 0 0 0 0 0 0 0 0 0 0 0 5 0 0 66 0 0 0 0 0 0 0 0 0 0 0 0 0 0 100 0 43 0 0 0 0 0 70 0 0 0
0 0 0 0 0 23 0 65 0 0 57 0 0 0 0 0 0 0 0 0 0 0 0 23 0 12 87 0 0 0 0 90 9 0 33 0 0 0 8 86 0 0 0 0 18 0 0 0 0 0 0 0 0 0 0 0 0 0 0 0 57 0 0 16 0 74 0 0 0 10 0 66 0 0 0 0 0 0 0 58 0 0 93 0 0 0 18 0 0 94 0 0 0 0 0 0 0 0 0 0
0 0 0 59 0 0 0 0 0 80 39 0 0 0 81 91 0 0 94 0 33 85 7 0 0 0 0 0 0 0 60 0 0 0 0 0 19 84 0 0 24 0 9 0 0 0 0 0 0 0 0 91 0 0 0 0 0 51 86 0 0 63 0 0 0 0 0 0 0 0 0 83 0 85 0 0 61 40 0 0 0 0 0 10 0 5 0 15 31 0 0 0 0 0 0 0 0 0 0 0
0 0 0 50 0 0 0 0 30 0 0 0 0 0 0 0 0 66 0 0 0 82 0 89 53 15 0 0 0 16 0 0 0 0 0 51 0 0 0 0 0 0 0 0 0 0 0 0 0 40 0 0 0 33 0 51 0 0 0 0 19 0 89 0 0 25 66 0 0 0 0 0 0 0 0 0 0 0 30 44 85 0 0 0 19 0 51 0 0 0 0 0 0 0 0 0 0 12 0 0
0 0 0 0 71 0 0 0 0 0 0 0 31 0 67 0 42 0 0 0 84 0 0 0 57 0 0 0 0 8 0 0 0 0 0 78 0 76 55 40 0 0 0 0 0 0 0 0 0 0 15 0 0 0 13 0 0 0 0 0 0 0 51 0 0 24 0 0 44 0 0 0 0 0 0 0 0 0 0 0 53 0 40 0 0 16 0 0 0 0 0 0 0 0 0 0 0 0 0 0
0 0 0 0 36 0 0 0 0 91 0 0 0 0 3 0 0 0 0 20 95 0 0 0 24 0 29 0 89 0 0 20 0 0 0 24 0 56 63 0 0 0 0 0 0 39 0 46 0 51 0 0 0 0 86 0 80 0 16 0 6 0 0 0 58 0 0 0 0 90 0 0 40 0 57 0 0 0 0 59 0 73 0 0 93 78 0 0 0 0 0 0 0 0 17 0 0 55 63 34
0 81 0 0 0 78 93 0 27 0 56 0 0 66 31 12 0 0 0 0 0 20 9 0 65 44 0 0 0 0 48 0 0 0 0 54 0 0 0 0 0 0 0 0 0 55 0 0 0 0 0 45 0 0 0 0 36 0 0 0 0 0 0 0 0 0 0 0 0 0 0 0 57 72 0 0 28 70 0 0 0 0 0 5 0 0 0 0 0 0 0 0 27 0 0 0 0 0 0 0
91 0 0 57 98 0 86 30 0 0 46 91 20 0 98 0 79 0 0 0 88 0 17 0 0 0 35 0 0 0 0 75 0 0 0 0 0 0 0 0 0 47 0 79 0 0 0 0 0 0 0 0 0 0 0 38 0 58 12 0 0 92 0 0 97 0 0 88 0 61 43 31 8 0 0 0 0 0 0 0 17 0 0 0 26 0 54 47 0 40 48 0 0 0 0 0 0 84 0 0
0 0 0 0 60 30 0 36 0 0 0 0 0 0 0 0 0 0 0 0 0 42 0 0 0 0 0 0 0 0 39 72 0 13 0 0 0 21 0 0 0 0 0 0 0 0 0 0 0 0 34 0 0 0 0 38 66 0 37 0 39 0 18 0 0 0 0 0 0 0 1 0 0 0 0 0 0 0 0 28 34 0 86 0 0 0 67 0 28 0 28 0 0 0 0 0 0 57 0 0
0 0 22 63 0 0 0 79 0 0 93 0 0 0 0 0 0 0 0 88 0 86 0 0 0 0 68 0 0 0 0 0 81 0 0 0 100 0 0 12 0 0 0 0 0 89 0 0 0 0 0 0 55 0 0 1 92 0 0 0 0 0 0 0 0 0 0 0 0 0 0 44 61 0 0 0 0 0 0 0 0 0 0 0 0 87 0 0 23 0 0 0 0 0 0 33 0 0 0 0
0 0 0 15 0 0 0 0 0 0 36 0 0 0 0 0 0 95 0 0 0 0 0 0 0 50 0 0 28 26 0 0 93 11 0 14 0 0 0 0 96 96 12 0 53 19 0 34 94 0 0 0 0 0 0 51 0 86 82 0 0 0 0 0 13 0 0 0 0 0 85 0 49 69 0 0 0 0 0 3 0 58 0 0 0 0 74 0 0 21 0 0 0 0 0 0 0 60 0 0
0 59 11 0 0 0 63 0 0 0 0 82 0 0 0 0 0 0 0 0 0 0 0 0 0 0 0 15 95 50 0 0 0 0 0 0 0 0 0 0 0 0 97 0 0 75 0 30 0 66 0 53 0 0 0 0 0 0 0 0 0 19 32 0 0 0 48 0 0 26 0 46 0 0 0 24 0 0 0 73 0 0 0 0 44 0 0 0 0 0 0 41 0 8 0 0 0 26 5 0
68 0 76 0 27 9 0 0 73 74 0 0 0 0 0 0 0 0 0 0 0 0 0 0 0 0 72 89 0 0 0 0 0 0 0 62 61 21 0 0 0 0 0 0 0 0 0 0 63 62 0 0 0 0 0 0 0 0 0 8 0 58 0 0 10 0 0 0 50 0 0 0 59 0 0 60 0 0 0 14 13 0 3 0 0 0 0 0 0 70 45 0 0 0 0 0 0 0 0 0
0 0 0 0 0 0 0 0 0 0 0 0 95 0 0 0 80 46 0 0 55 0 0 0 0 85 36 0 0 50 0 58 0 80 0 0 0 0 0 0 75 44 93 0 82 0 0 47 0 51 74 0 0 25 0 0 0 0 0 0 0 0 0 0 0 89 0 0 0 0 9 0 0 0 0 0 0 0 0 0 2 72 32 19 0 0 0 0 0 9 0 0 0 0 90 0 0 0 0 0
0 66 0 0 0 0 0 7 6 0 9 0 0 0 65 0 0 49 0 55 0 0 0 0 45 0 0 64 0 0 29 0 51 0 0 83 0 0 0 0 0 0 46 0 0 0 0 0 0 97 0 0 0 15 0 73 0 0 0 50 13 17 0 0 43 0 8 50 54 73 45 0 0 0 0 0 0 0 18 0 0 0 0 0 0 0 54 33 0 54 0 0 0 0 0 4 0 70 0 0
0 0 0 44 0 0 0 48 81 0 6 0 0 0 0 0 17 0 30 33 0 0 0 0 0 28 0 0 0 0 0 0 0 0 98 0 0 0 50 52 16 69 0 0 0 80 0 100 33 0 0 0 0 22 0 0 0 0 0 52 98 0 0 0 87 0 0 0 97 0 0 0 0 0 0 0 11 88 50 75 97 0 91 0 0 55 100 72 62 96 80 0 0 0 0 66 0 24 0 0
0 21 0 0 0 0 87 0 0 0 7 0 46 0 6 0 0 69 0 0 16 0 0 0 0 0 0 0 0 10 0 41 0 0 0 99 0 0 0 0 0 0 0 21 0 0 0 0 0 0 0 33 0 0 0 0 0 16 0 0 0 0 0 0 0 0 17 0 16 48 0 61 81 0 0 0 0 0 0 59 0 89 14 0 0 0 0 64 0 0 0 0 0 0 0 0 48 0 0 0
0 0 49 0 0 0 0 0 0 0 65 0 0 0 0 0 0 0 0 0 33 0 0 0 0 0 0 0 0 0 65 0 0 0 0 0 13 31 0 31 0 0 0 0 0 0 0 0 0 0 0 0 16 0 50 0 39 0 0 0 16 0 0 0 0 61 0 17 0 0 13 51 4 0 0 13 0 0 38 0 0 0 0 0 0 84 0 0 0 58 0 99 0 0 0 0 0 0 0 0
28 0 78 0 54 0 0 0 0 0 0 0 0 0 0 0 0 0 0 0 0 21 0 0 20 0 10 0 0 0 0 0 0 18 0 20 0 29 0 0 0 0 0 0 23 0 16 0 0 0 0 0 0 0 0 0 0 85 0 0 96 0 0 0 0 0 0 0 55 53 0 0 33 49 21 0 73 0 0 36 26 0 45 0 0 0 0 0 0 0 95 0 26 0 0 0 0 0 47 0
0 0 77 63 0 0 0 0 0 6 0 0 0 0 0 86 98 0 26 25 41 0 0 0 0 61 0 59 0 0 0 0 55 0 0 32 17 0 12 0 0 0 0 0 0 0 0 55 0 0 0 0 0 0 0 0 46 0 0 0 0 0 0 0 0 0 0 66 0 0 0 0 0 0 22 0 74 0 0 0 0 30 0 40 63 44 0 0 0 0 0 0 59 0 0 33 0 41 0 0
0 0 0 43 0 0 45 0 0 0 0 0 0 0 59 0 0 75 0 2 22 0 0 0 54 0 0 0 93 0 9 0 0 0 0 0 73 0 0 0 0 0 0 0 0 0 0 0 82 0 80 0 7 0 0 35 0 0 0 0 49 28 0 0 53 37 0 0 0 0 0 0 64 0 44 0 92 0 0 66 32 0 0 9 0 0 0 82 8 0 0 0 1 0 0 0 0 0 0 3
0 25 87 0 0 20 48 3 0 0 0 82 0 0 0 0 0 63 0 37 0 29 0 0 0 0 0 11 77 0 0 0 0 0 0 0 40 99 0 18 0 0 0 0 0 0 0 59 0 0 0 0 0 1 0 0 27 0 0 0 0 0 0 0 0 0 0 0 0 0 0 0 0 0 0 79 0 0 0 74 7 0 27 0 0 0 0 19 64 0 0 0 0 0 0 0 0 37 0 0
0 0 0 0 85 0 0 0 71 0 28 0 0 0 69 62 0 0 21 0 0 0 0 0 0 0 0 0 0 0 0 0 0 0 0 0 0 0 0 0 0 0 0 33 0 0 0 6 0 0 0 0 0 0 40 0 0 0 37 0 0 0 0 0 0 0 0 0 0 0 0 27 0 0 0 33 58 0 71 0 3 0 12 61 63 0 0 87 0 0 0 5 6 0 0 3 0 0 0 78
0 0 69 0 0 0 0 59 0 31 0 0 0 0 53 0 0 13 0 0 53 3 0 52 0 0 50 95 0 0 86 90 0 0 0 3 0 0 0 0 0 0 0 0 0 34 0 0 0 0 47 0 69 86 0 0 0 0 0 11 76 0 0 0 0 0 0 0 20 0 0 0 0 0 9 33 0 0 0 0 69 0 0 0 0 0 12 59 0 13 0 0 72 16 0 0 0 9 54 0
0 0 0 36 0 0 0 0 80 0 0 0 0 0 61 86 0 0 0 0 0 0 0 0 0 0 93 0 0 0 0 0 19 0 0 0 15 0 0 0 0 0 0 0 0 0 0 0 0 0 45 0 0 0 99 0 0 68 70 0 69 9 0 92 0 0 48 0 4 0 0 0 0 100 20 0 0 99 0 0 0 72 0 0 0 0 0 30 0 0 19 0 94 0 0 0 0 94 0 2
0 0 0 0 0 47 0 0 0 76 0 0 51 0 0 0 30 0 23 0 0 0 0 0 0 0 0 0 38 47 93 0 0 0 0 0 0 96 0 0 0 83 0 88 0 0 0 0 0 3 0 0 0 36 0 0 0 0 34 100 29 0 82 0 61 0 73 45 0 0 0 0 0 0 0 0 92 0 0 0 0 0 0 0 0 0 0 0 0 0 40 0 0 0 0 22 71 0 54 0
1 23 0 57 0 89 0 0 0 0 55 0 46 0 100 73 0 0 0 0 0 0 88 0 0 0 0 0 0 77 0 0 0 4 0 0 36 0 0 39 0 0 0 41 0 39 0 0 0 0 0 0 0 0 12 0 0 0 0 39 60 88 0 81 0 0 0 22 0 0 0 0 0 0 0 97 0 0 63 39 0 0 0 42 60 0 74 0 0 0 0 0 0 0 0 0 0 0 0 70
22 0 0 0 0 0 43 0 0 0 87 0 0 0 0 0 0 0 0 0 0 0 55 0 0 0 0 27 0 0 0 9 0 41 0 17 0 33 0 96 0 0 0 0 0 13 0 0 37 0 48 0 0 0 0 98 0 0 0 88 0 46 73 78 17 0 0 0 75 86 0 0 0 0 1 0 0 92 90 0 55 0 0 0 0 0 0 0 0 51 94 48 16 0 47 0 16 50 0 0
0 0 0 0 0 0 0 2 0 71 0 0 0 0 0 0 0 0 0 0 12 0 92 31 40 0 0 0 0 0 0 0 0 2 0 0 0 0 0 0 0 95 51 91 0 0 0 0 46 81 0 0 0 0 0 0 0 0 86 0 0 0 79 0 0 86 0 0 0 0 0 0 7 0 0 0 0 87 0 0 0 0 100 0 14 0 0 35 0 0 0 5 0 0 0 0 69 0 0 12
0 0 0 40 0 77 0 0 0 0 0 0 42 0 0 0 0 0 87 0 0 0 0 71 0 0 31 9 73 0 0 0 0 0 0 0 91 0 0 0 0 0 0 0 0 0 42 0 97 47 58 10 0 0 0 58 0 0 0 0 0 66 0 0 64 0 0 0 0 0 0 8 0 0 0 0 0 0 0 0 0 33 0 47 0 0 0 0 0 92 0 0 0 87 60 0 0 84 29 0
0 75 0 0 0 0 36 0 0 59 0 0 0 0 90 0 7 0 18 39 36 0 0 0 30 0 0 0 0 66 0 0 0 0 0 0 52 0 0 0 84 0 0 0 0 0 0 0 0 0 0 0 0 0 0 0 58 0 0 0 0 0 0 0 0 97 0 85 0 0 0 32 58 47 0 0 0 0 0 0 0 37 0 0 0 0 0 0 0 5 0 95 0 0 0 0 0 0 0 0
0 52 0 0 5 0 0 0 0 55 0 40 46 0 0 0 0 83 0 0 11 0 0 0 0 0 0 24 0 0 0 0 0 0 0 0 54 0 0 0 0 0 0 0 0 0 3 86 0 0 0 15 0 0 0 0 0 0 0 0 0 0 0 56 94 0 0 0 0 0 0 49 7 0 0 7 56 0 0 0 0 79 0 0 0 0 0 0 0 0 0 0 0 90 0 0 0 42 18 96
83 0 0 0 0 0 0 0 0 82 0 0 81 47 0 0 42 18 0 0 0 1 0 97 0 0 0 20 38 0 0 0 0 0 0 8 0 0 0 27 88 0 0 0 0 0 0 0 0 0 0 0 99 0 0 25 0 0 29 49 0 20 0 0 0 0 61 0 0 73 99 87 0 0 0 49 0 32 40 0 0 0 0 0 0 0 0 0 0 43 0 0 0 0 0 0 0 69 0 38
0 7 87 0 0 0 0 0 0 0 0 0 0 88 0 0 0 0 0 78 0 0 0 62 0 0 87 0 62 0 0 0 0 19 0 0 0 0 0 90 99 0 0 0 0 0 0 0 0 60 46 0 0 0 0 1 15 0 0 0 0 0 0 0 66 0 27 0 0 0 42 0 70 0 0 0 0 0 0 0 0 0 0 56 0 54 0 0 0 0 0 21 0 0 36 0 0 0 55 20
0 0 0 0 0 0 52 0 92 15 1 76 0 0 83 0 93 0 36 0 0 47 41 95 0 0 0 58 0 0 0 0 79 0 0 0 60 0 43 0 3 0 58 0 0 0 0 0 0 0 0 91 0 0 0 0 0 15 0 0 47 0 0 0 0 69 0 53 0 11 0 56 0 89 0 0 0 0 0 0 0 9 61 0 0 0 0 72 6 18 0 0 0 70 69 0 0 33 0 90
0 99 0 0 69 0 0 0 0 0 0 81 0 0 0 0 96 54 0 0 0 0 0 37 0 0 70 0 0 47 0 0 0 0 0 0 43 0 0 11 0 82 74 0 0 83 0 0 0 0 0 5 0 0 0 0 83 0 100 0 55 0 0 0 0 0 0 0 48 0 0 0 0 94 3 30 0 0 0 0 0 0 0 0 2 0 64 76 0 0 0 0 0 0 0 0 47 0 0 0
0 0 0 0 0 49 0 0 0 6 92 0 77 0 0 0 67 0 52 0 0 0 0 0 0 0 0 0 0 0 48 0 0 0 0 13 0 0 0 50 0 10 0 0 0 0 0 0 0 70 0 0 68 0 0 0 0 0 16 0 43 0 0 99 0 0 0 0 0 0 58 0 0 0 0 0 50 0 52 0 0 38 89 0 78 0 0 0 0 0 0 0 80 0 97 0 47 33 46 0
0 0 0 0 0 0 0 0 0 0 97 0 0 4 0 11 0 0 20 0 26 0 0 7 34 0 0 0 0 0 0 0 35 0 27 0 0 0 0 0 0 90 0 0 0 0 0 81 0 0 0 0 0 20 0 0 0 0 0 0 67 0 0 0 42 0 0 0 0 0 0 3 0 2 32 40 0 29 63 0 83 73 0 0 0 17 37 0 0 0 0 0 0 0 0 64 37 0 0 65
7 0 46 0 0 0 12 0 0 0 0 0 83 0 0 0 98 0 0 0 22 0 0 0 0 21 0 0 5 0 95 0 0 78 0 0 0 0 0 0 0 0 0 0 0 0 0 0 0 0 33 0 0 91 68 0 0 0 0 0 0 0 0 0 0 0 0 13 0 0 9 0 0 28 0 0 63 0 0 0 0 65 99 0 0 0 0 0 72 0 0 0 0 0 0 1 0 85 0 0
0 90 0 19 36 82 0 0 27 29 0 0 0 0 1 0 0 0 0 0 0 0 0 65 75 0 0 0 94 0 0 41 0 0 0 0 0 0 0 0 0 77 0 0 13 97 69 7 93 67 0 0 0 100 0 0 0 0 34 0 0 0 0 0 0 0 5 12 84 0 31 0 69 0 0 0 0 0 0 2 0 0 0 0 0 0 0 0 17 0 0 0 0 0 0 0 0 0 0 0
0 0 0 0 0 0 62 0 0 0 0 22 0 0 94 0 0 0 13 0 64 51 4 35 0 0 0 0 0 0 0 0 0 0 78 0 14 0 19 0 0 0 0 0 94 0 0 0 0 0 0 0 72 0 92 0 0 0 70 0 0 0 42 91 0 0 0 0 0 0 68 0 0 0 1 0 0 0 100 0 34 0 0 0 6 0 77 63 0 0 61 7 0 0 0 0 0 15 1 6
0 6 0 88 0 0 0 0 0 0 0 0 0 0 0 0 0 0 0 70 68 0 0 0 0 0 45 0 0 0 83 0 0 0 21 0 0 0 14 0 0 0 0 19 38 0 61 0 64 0 0 0 0 0 0 0 84 0 0 0 0 0 0 36 0 0 0 0 3 0 19 0 0 0 0 56 45 0 0 0 99 0 0 0 0 0 0 0 0 49 0 0 0 0 0 3 0 0 0 87
0 0 43 26 0 0 61 0 0 0 0 0 0 0 0 0 0 0 17 0 0 0 45 0 0 90 0 0 0 0 12 23 0 56 0 0 0 0 0 0 0 0 0 0 0 0 0 76 0 100 2 0 0 0 0 0 0 0 0 0 0 0 0 0 0 0 0 0 44 50 0 0 0 0 0 71 20 73 0 0 0 0 0 29 0 27 0 0 0 0 0 0 0 0 0 0 97 0 0 0
0 1 0 0 81 0 30 0 57 0 0 0 0 0 0 0 0 0 0 0 0 0 0 0 0 0 0 0 0 0 0 0 21 3 0 0 0 32 0 54 0 38 0 0 0 0 0 99 0 0 0 0 0 0 0 0 0 25 0 0 0 29 0 0 0 44 0 0 0 0 0 0 0 94 0 18 0 0 0 0 80 0 0 0 0 0 0 79 0 0 0 31 0 0 6 0 0 0 52 0
0 0 0 0 95 0 0 0 0 0 0 56 78 0 46 56 0 22 18 0 0 0 0 0 0 0 0 68 0 52 83 0 14 44 0 0 0 0 0 0 2 0 0 42 0 64 0 0 39 0 66 0 0 0 42 0 0 0 0 0 0 1 0 12 7 0 0 0 0 0 0 0 99 0 0 0 0 0 0 85 0 46 0 0 0 17 0 0 0 0 0 7 0 50 25 0 0 0 72 58
0 0 0 6 0 99 0 0 1 0 88 0 0 0 0 20 0 0 0 0 91 0 0 0 24 0 22 90 0 0 78 0 0 0 40 0 0 0 20 0 0 0 55 0 95 0 0 0 0 0 0 0 66 0 0 0 0 0 0 84 0 0 0 0 75 7 0 0 100 0 0 0 0 78 0 0 0 0 0 0 0 0 0 45 75 0 0 0 0 0 0 0 0 0 0 0 0 0 0 0
4 91 0 97 0 0 0 0 0 37 0 0 96 43 0 0 0 85 33 0 52 0 82 0 0 0 75 0 0 87 0 0 3 0 0 0 0 82 0 74 0 0 0 0 0 59 0 64 0 0 0 0 0 0 0 84 0 0 0 0 0 0 0 0 0 0 38 0 33 0 0 0 0 0 0 0 0 0 70 0 0 0 66 0 0 0 0 0 0 0 0 0 31 0 0 0 0 0 0 99
0 0 12 31 0 47 43 0 0 94 0 0 56 0 0 0 0 0 0 0 0 0 0 0 99 54 0 0 85 0 0 0 0 0 0 0 0 0 0 0 0 0 0 0 0 0 0 21 0 0 0 0 0 49 0 0 0 0 0 0 0 0 0 97 67 0 0 0 0 0 95 0 0 0 0 0 0 24 16 52 0 96 0 0 0 0 28 0 0 0 58 0 2 0 24 0 0 0 0 0
0 52 0 0 36 0 0 34 0 0 14 0 0 33 0 0 0 0 0 17 32 0 0 0 0 0 61 0 0 89 0 0 0 2 0 0 0 0 0 40 0 0 65 0 0 0 8 0 0 17 0 0 96 0 0 0 0 95 0 0 0 0 0 29 0 0 0 0 86 0 54 89 0 0 0 0 48 0 0 0 62 0 0 0 66 0 0 0 0 0 0 12 0 0 0 0 0 100 11 0
0 0 38 27 51 7 0 0 0 0 0 0 14 0 0 0 83 0 0 0 0 0 31 0 0 0 0 0 0 0 0 99 0 0 13 0 0 0 0 23 0 0 0 0 41 99 94 0 0 46 0 28 0 0 0 3 0 45 0 79 0 0 0 60 0 0 10 0 0 99 95 0 57 0 0 0 0 12 94 0 0 0 0 0 0 83 54 0 0 0 0 58 0 0 0 0 0 0 81 0
0 47 0 49 0 57 0 0 0 54 74 0 34 30 52 0 0 92 0 0 40 0 0 0 0 0 0 0 0 0 78 3 0 0 0 0 90 0 0 0 61 0 0 0 0 0 0 47 0 0 56 0 0 0 53 0 0 0 46 0 37 0 0 0 90 46 0 0 0 0 0 0 0 0 0 20 0 0 0 0 0 0 0 0 46 38 0 0 0 0 75 0 94 74 0 0 0 0 42 0
0 0 87 80 0 0 0 0 0 0 0 58 0 0 0 0 3 62 0 0 0 2 0 0 71 0 0 32 0 72 0 0 0 0 0 0 0 0 0 0 0 0 0 0 0 0 0 0 0 0 0 0 0 0 0 0 0 0 0 0 0 0 0 0 0 0 0 1 0 0 0 0 0 0 0 0 93 0 0 31 0 68 0 0 21 0 91 0 78 27 65 48 0 0 0 0 38 77 73 0
0 0 0 0 0 0 0 37 0 63 0 30 0 0 0 67 0 0 82 0 0 0 0 0 0 0 0 0 38 0 0 7 22 0 0 0 0 0 0 61 0 0 24 0 0 0 0 0 0 0 0 0 0 93 0 0 0 0 0 1 0 0 0 0 0 0 47 0 0 0 0 0 0 71 0 0 39 0 0 0 4 0 15 0 1 0 0 0 0 0 0 0 0 1 0 0 0 0 12 0
57 45 57 0 0 0 0 0 0 0 0 0 25 0 0 0 0 0 0 0 0 99 0 0 0 0 0 0 0 0 0 42 0 0 0 42 0 4 52 73 44 0 0 0 9 0 0 0 0 0 92 0 23 99 0 2 0 0 0 0 0 60 0 0 0 0 0 27 0 0 55 0 0 45 0 58 0 0 0 0 76 0 0 81 0 0 0 0 0 0 0 36 0 0 0 0 0 0 31 62
0 85 0 0 0 51 0 0 0 18 0 0 0 0 0 20 0 0 0 0 0 23 0 90 0 0 0 0 13 0 0 0 0 1 0 72 0 0 0 67 10 0 0 0 0 98 40 0 0 86 5 0 0 0 0 99 0 66 0 0 0 13 0 1 4 0 0 0 50 0 0 0 0 0 51 0 66 0 0 0 0 0 0 0 0 99 0 12 0 17 0 0 0 0 97 0 0 0 0 21
0 0 85 9 0 0 0 40 83 0 0 100 0 68 2 0 0 0 0 0 45 0 30 0 0 0 0 0 43 0 0 0 0 0 0 0 0 0 0 0 0 0 38 0 0 0 0 0 0 0 0 0 0 0 94 0 0 0 0 0 0 0 0 0 0 0 0 0 0 0 90 0 0 0 0 44 0 6 8 91 0 0 0 12 0 0 0 0 0 0 0 0 0 0 49 0 34 0 0 0
0 0 0 0 0 0 0 0 0 30 81 0 0 0 0 0 14 0 0 0 0 0 0 0 64 0 0 0 26 60 0 0 0 0 0 0 0 0 0 0 0 30 98 12 0 0 0 31 0 0 0 0 87 0 0 0 0 10 66 0 0 92 0 0 0 36 0 0 0 0 0 0 86 0 0 0 0 0 0 7 0 0 0 0 0 0 0 0 0 0 14 0 0 0 0 0 0 0 0 0
0 0 0 0 0 0 0 0 0 0 0 0 0 34 0 0 0 0 0 73 0 0 0 0 0 0 100 0 0 78 0 0 0 29 0 0 0 0 55 2 0 0 0 0 0 0 0 0 0 48 0 0 76 39 0 0 0 0 0 0 0 47 0 0 0 0 0 0 0 0 0 85 0 88 0 0 88 0 0 0 0 49 27 0 0 97 99 0 0 98 0 61 37 0 0 0 0 0 0 0
0 0 0 4 19 0 0 54 0 0 0 70 0 0 0 0 0 0 0 17 0 0 0 57 0 82 44 0 0 0 0 0 0 0 0 0 0 0 80 0 0 0 15 0 0 3 34 0 0 69 0 0 20 0 33 0 12 0 0 0 3 0 0 19 0 0 42 0 0 0 0 0 0 0 0 67 0 0 75 0 0 0 0 0 63 0 67 0 0 98 0 55 0 0 45 0 0 0 87 0
59 0 34 45 0 0 0 0 43 29 0 48 0 0 99 0 0 0 0 0 0 38 0 29 0 0 0 0 0 0 0 0 0 95 0 24 0 0 64 0 0 0 0 31 24 0 0 37 48 0 0 0 44 0 0 11 23 0 0 0 37 0 0 0 0 89 0 84 0 0 0 0 0 0 0 0 0 0 0 0 0 0 0 54 0 0 0 0 0 0 0 0 0 0 0 0 0 97 0 0
0 0 0 0 0 0 0 0 24 43 0 48 0 0 0 0 43 0 0 34 0 0 0 0 0 0 0 46 0 0 0 76 0 0 53 0 24 87 0 0 0 0 0 0 0 0 61 41 0 0 28 0 0 76 61 0 74 0 0 0 7 0 0 0 0 0 0 0 73 0 0 0 17 0 0 0 0 0 93 0 0 0 46 0 0 64 0 43 0 0 0 0 0 0 40 0 56 0 0 0
0 0 0 0 0 0 0 61 50 0 0 42 0 0 53 0 87 40 69 0 0 0 0 49 0 0 0 0 0 0 0 0 0 8 0 0 76 0 0 0 0 0 67 0 50 23 0 29 0 0 0 0 0 0 0 0 0 77 0 0 0 0 0 0 0 0 0 42 0 0 0 0 0 0 0 48 0 36 0 0 0 12 0 2 0 0 0 0 16 0 0 75 38 0 0 0 70 51 32 98
0 50 0 71 0 0 84 0 0 0 0 0 0 0 0 0 0 97 0 0 0 0 18 0 0 91 0 0 0 0 66 0 0 0 0 0 0 47 0 12 0 0 0 32 0 0 0 56 0 0 0 0 0 0 0 0 44 0 0 0 0 0 0 10 0 0 0 0 81 55 80 0 82 0 0 7 0 0 78 0 12 23 0 0 0 0 0 0 0 0 18 0 0 0 0 73 0 0 0 0
41 0 0 0 0 54 0 93 62 0 0 0 0 0 0 74 0 0 0 0 0 0 0 0 61 0 0 0 0 0 0 0 0 0 0 0 0 0 0 32 0 0 0 0 0 0 0 0 0 0 5 0 0 0 0 49 0 0 0 0 0 0 0 0 0 0 0 0 0 100 0 0 35 0 0 0 0 0 0 0 0 0 0 0 0 56 0 0 0 49 0 0 0 37 74 0 0 0 0 0
0 62 0 70 0 26 0 64 0 0 3 0 0 0 0 0 0 7 71 44 30 0 0 0 37 0 0 0 0 0 0 17 0 0 89 0 0 0 49 6 0 0 0 0 0 0 83 0 0 0 0 0 0 0 0 99 93 100 0 0 0 0 29 0 71 0 0 0 0 0 0 0 34 0 54 0 0 54 0 0 0 0 0 0 0 0 0 31 0 0 0 0 7 0 0 0 55 0 0 39
100 0 0 0 0 0 0 0 0 0 0 0 0 0 0 0 0 0 0 0 0 0 61 0 0 75 0 60 0 0 0 0 44 26 0 0 0 0 26 0 0 1 0 69 51 0 0 0 0 0 0 0 92 0 0 10 0 0 0 0 0 0 0 0 79 0 0 0 0 0 0 0 0 66 51 0 0 0 0 7 26 0 0 0 0 0 0 2 0 0 0 0 0 0 4 0 0 50 0 0
0 0 0 0 78 0 0 0 0 0 0 0 0 0 14 0 0 0 0 75 0 0 0 0 60 57 26 0 14 0 0 14 44 0 0 81 0 0 81 65 0 0 0 0 13 0 0 0 0 0 0 46 0 79 92 0 0 0 79 50 0 0 0 45 0 73 0 31 91 0 0 0 0 0 0 0 0 0 0 0 0 0 0 4 0 0 40 0 0 0 17 0 54 0 0 0 69 0 0 81
0 0 0 0 97 0 30 0 0 0 0 0 0 0 0 0 63 78 0 0 0 1 0 0 0 0 18 0 0 0 0 57 0 0 0 0 0 39 0 0 46 87 0 0 0 0 0 0 12 0 0 50 0 0 0 0 0 59 0 0 0 0 90 13 48 0 0 0 0 0 0 0 0 0 0 0 79 18 0 15 0 0 0 0 0 0 0 0 0 0 0 31 0 0 0 0 74 0 19 0
0 0 0 0 81 0 0 0 0 23 9 0 0 0 15 0 15 0 83 92 0 0 0 0 0 57 85 0 18 0 0 0 0 0 0 0 0 0 0 76 0 15 24 0 0 0 0 0 24 0 77 0 0 0 0 0 0 0 0 75 0 0 0 0 0 0 89 0 0 67 0 0 0 0 0 0 0 0 0 0 0 0 41 66 0 0 0 73 0 0 0 0 0 0 0 0 78 0 0 26
0 0 0 0 0 0 44 0 0 0 0 0 0 29 0 0 0 0 82 0 0 0 0 0 0 0 0 0 47 0 25 0 0 0 0 87 0 0 20 0 0 32 0 0 0 13 0 0 0 0 0 27 0 0 0 0 0 0 0 0 32 0 98 16 0 0 0 0 58 0 19 0 0 44 0 0 0 0 0 0 0 0 0 0 0 0 45 0 0 76 0 0 0 83 0 0 69 0 0 0
0 47 0 0 0 0 0 0 0 0 0 87 0 0 0 0 0 0 90 0 74 0 0 0 76 22 80 54 38 0 71 0 0 0 95 0 0 0 0 0 0 0 0 0 74 58 34 0 0 70 0 0 0 0 92 0 35 0 94 0 32 44 0 0 36 0 0 0 0 0 0 0 54 0 99 79 0 74 0 0 0 0 0 28 64 0 0 0 1 0 28 0 0 11 0 0 0 0 89 93
57 53 49 0 0 0 0 35 0 91 52 0 0 0 53 0 0 0 9 0 0 0 0 0 0 28 0 0 0 54 0 0 98 0 0 0 0 0 0 67 9 0 19 0 0 46 0 0 84 0 0 0 0 0 1 0 0 91 0 0 0 0 0 0 55 0 0 0 0 81 95 31 0 0 0 0 15 25 0 0 0 0 0 0 0 20 0 0 0 0 0 0 0 70 33 0 0 0 0 0
0 0 0 43 0 0 0 0 0 2 0 0 0 0 0 0 0 0 12 0 0 56 0 0 0 0 0 0 28 0 0 0 23 0 0 75 67 0 0 0 0 0 0 0 0 67 58 0 82 0 0 0 29 0 80 0 0 76 0 0 0 25 0 0 11 21 0 0 0 0 0 0 0 0 0 49 0 0 0 0 5 0 0 0 71 55 0 10 0 96 0 0 0 0 0 0 0 45 0 0
0 0 0 33 0 0 0 0 59 0 0 54 0 0 0 0 0 0 0 0 0 87 0 0 0 26 0 0 0 0 6 0 0 0 0 0 0 0 0 0 6 0 0 0 0 0 65 58 90 80 31 0 0 0 0 0 0 0 0 0 24 0 0 0 20 0 0 0 0 0 0 0 0 0 0 0 0 0 0 0 0 89 0 0 0 0 100 0 21 0 0 0 54 0 0 0 0 0 0 0
0 0 55 0 0 0 0 0 0 14 55 0 0 58 0 0 0 0 99 0 72 0 71 0 0 69 65 20 0 0 0 56 0 99 0 0 95 0 64 87 42 0 0 0 0 0 47 0 0 80 0 0 0 0 0 10 0 36 65 63 52 29 0 0 0 14 0 77 0 0 0 40 30 0 90 71 0 0 0 0 0 66 0 0 0 0 0 0 97 0 0 0 67 6 0 0 0 84 0 0
0 58 0 0 0 0 0 0 0 0 64 0 0 0 0 0 0 0 0 0 0 0 0 63 36 0 44 94 0 0 82 0 0 0 0 0 0 0 21 0 65 0 0 36 79 0 0 50 51 0 0 93 0 0 0 0 0 0 0 0 95 78 0 6 0 0 25 76 37 0 0 0 0 61 0 0 0 43 0 0 0 98 0 78 0 0 0 49 0 0 0 48 0 0 0 44 0 28 0 90
0 0 0 0 40 0 0 0 78 0 32 0 7 0 0 0 89 73 0 0 10 0 56 0 0 0 0 0 0 0 0 0 0 15 0 0 0 0 0 22 0 0 0 0 63 51 0 25 0 0 0 16 60 0 0 0 0 0 0 0 0 62 0 0 16 23 0 66 0 0 0 0 0 0 0 0 0 0 0 0 95 68 0 12 0 0 21 0 0 0 96 0 0 0 0 0 0 0 0 24
0 0 0 42 0 60 3 76 0 0 0 0 0 0 0 0 0 0 0 0 0 91 0 0 0 20 18 1 0 0 0 0 23 78 0 0 0 0 95 95 69 0 66 2 0 76 67 69 95 0 0 0 0 89 58 0 0 0 61 0 0 0 48 0 0 9 0 0 0 0 0 0 0 0 0 0 0 99 0 49 0 0 0 0 0 0 0 0 0 0 0 0 0 0 0 0 31 0 0 0
0 0 0 55 0 0 0 0 0 0 0 0 0 0 0 0 12 3 0 0 0 21 0 77 0 0 0 0 0 0 25 73 0 0 45 78 0 0 0 0 0 0 0 0 40 0 0 0 0 0 0 0 0 58 0 0 0 0 34 0 0 94 97 0 0 0 0 0 0 0 0 0 0 5 41 75 10 0 49 0 0 0 0 0 0 4 0 0 0 0 0 0 0 0 42 0 0 0 0 0
0 0 0 0 0 0 0 59 0 0 0 0 0 0 0 0 89 0 0 0 0 0 0 6 0 0 0 0 0 51 38 0 0 0 0 54 0 0 33 0 0 0 59 0 0 0 0 0 0 0 98 0 0 0 68 0 0 85 39 0 82 0 25 0 0 0 73 0 73 0 50 72 0 70 0 0 0 0 66 0 46 0 0 33 0 0 0 0 0 0 0 0 0 74 32 0 25 60 80 0
36 1 0 3 0 82 0 0 8 0 0 0 3 0 0 1 0 0 0 0 0 0 27 0 0 93 0 0 0 41 0 0 0 0 0 15 70 51 0 55 0 56 0 0 0 0 0 0 39 0 0 0 0 0 0 60 16 0 0 32 0 0 29 0 0 0 0 0 0 0 0 0 60 0 0 0 0 0 0 0 0 0 30 24 0 0 0 0 0 85 0 0 0 0 0 0 0 84 0 0
0 0 0 0 0 0 0 0 0 0 0 0 72 0 0 0 1 0 0 0 0 69 0 0 0 0 0 2 59 0 0 0 0 0 0 0 100 0 0 0 0 51 0 47 0 0 0 71 0 0 0 40 0 0 0 0 0 19 35 34 0 99 0 50 11 0 0 0 0 0 0 0 0 0 95 0 0 96 0 0 0 0 0 0 0 0 0 0 0 0 0 0 0 0 0 0 67 0 0 10
0 0 0 0 0 0 0 0 63 1 0 0 0 0 0 0 0 0 0 0 38 0 0 0 0 92 0 0 0 0 0 0 14 61 28 0 85 0 0 0 0 0 0 24 0 0 13 0 80 0 0 19 79 0 0 0 0 0 0 0 0 0 0 0 57 0 0 77 0 0 0 25 12 0 0 54 20 0 0 0 0 0 0 0 0 0 0 0 0 47 93 0 0 0 0 0 66 0 0 0
5 0 0 38 84 0 0 78 0 0 0 0 0 4 0 0 0 76 66 0 14 0 0 53 0 0 0 42 0 0 46 0 0 0 55 0 0 0 76 0 0 0 0 0 61 0 47 0 58 21 0 0 0 0 10 0 0 0 0 0 65 0 0 0 0 13 0 0 0 6 0 0 0 0 0 0 52 0 71 0 0 0 0 34 0 3 0 65 0 0 0 36 0 0 0 0 28 0 0 0
0 96 58 0 55 0 0 0 0 16 0 98 35 0 39 80 0 10 0 0 90 0 0 0 70 0 0 0 0 8 0 0 0 0 0 0 0 0 70 74 0 9 38 42 100 0 0 0 0 11 0 0 0 0 0 0 0 0 41 0 8 0 0 0 0 0 0 0 0 0 0 0 0 75 0 0 0 0 11 21 0 0 0 0 0 0 0 0 0 0 0 0 0 53 94 0 0 37 0 0
0 16 0 0 0 0 0 54 0 66 0 4 29 0 0 0 0 0 93 15 0 0 98 0 0 60 0 16 0 0 14 0 0 0 0 0 97 0 0 0 0 0 0 0 0 0 0 0 0 0 4 0 0 0 63 8 0 97 0 0 0 0 0 62 34 0 0 0 87 1 0 73 53 0 0 0 0 0 0 89 2 57 0 0 0 0 0 0 0 0 34 0 0 0 0 94 0 0 0 0
0 71 0 0 0 0 94 0 0 0 0 0 0 63 61 0 0 0 0 0 0 63 48 0 0 0 0 0 0 0 0 0 0 0 4 50 0 0 0 0 0 0 0 0 0 0 0 31 0 0 0 0 0 0 0 0 0 52 4 65 0 4 0 91 0 0 0 0 0 0 37 0 0 0 0 34 0 0 0 24 0 0 0 0 24 0 12 0 0 0 0 71 0 0 0 0 0 0 0 0
75 0 0 3 0 0 0 0 0 0 0 16 0 0 86 0 0 83 0 0 6 0 0 0 0 0 97 0 43 0 0 44 0 0 10 0 0 74 0 0 0 0 19 0 0 0 0 0 0 0 0 0 0 97 17 0 0 0 0 0 0 86 0 100 0 0 0 41 0 88 0 0 0 68 0 0 50 28 0 0 0 41 0 16 0 0 0 0 0 0 0 0 0 60 62 0 10 25 0 0
0 0 0 69 0 0 0 47 0 0 0 0 0 0 0 45 0 0 35 0 83 0 0 0 0 0 45 49 0 0 0 0 0 0 0 0 38 0 0 0 51 0 9 0 99 0 0 32 0 0 0 67 68 0 0 0 0 0 0 0 0 0 0 0 0 0 0 0 0 0 0 0 0 0 0 31 0 0 40 0 0 89 0 0 0 0 0 0 0 0 71 0 0 0 26 20 0 0 0 0