100
0 0 0 0 0 0 0 0 0 0 0 0 79 0 0 0 0 73 0 20 0 0 0 0 0 0 0 0 0 0 0 0 35 0 0 78 0 54 0 38 0 0 0 0 14 2 0 0 0 0 0 21 0 0 0 0 0 0 90 75 0 0 0 0 0 0 0 18 72 0 0 0 0 0 0 0 92 0 0 57 0 16 0 0 60 58 0 0 0 0 45 100 0 0 0 0 0 0 0 0
0 0 0 27 16 0 0 0 0 0 0 0 0 0 0 0 0 26 0 0 0 0 37 0 0 0 76 0 0 75 0 16 0 77 22 0 0 0 39 0 93 0 0 80 0 0 0 0 0 0 0 0 0 0 0 0 0 0 87 0 0 0 0 0 0 0 66 0 10 0 7 0 0 71 0 0 0 0 67 53 0 0 0 0 0 0 0 0 0 0 0 9 75 0 69 0 0 38 15 26
0 0 0 75 0 0 75 0 0 0 0 100 10 0 45 67 0 87 0 0 0 0 0 37 0 0 0 0 0 0 0 0 0 0 66 55 33 0 55 0 0 73 36 68 30 0 0 65 8 0 0 30 4 0 0 0 0 0 57 0 0 100 0 0 3 63 0 0 0 39 23 0 10 0 42 80 0 0 79 50 0 0 0 0 0 0 23 0 0 0 0 84 28 0 59 81 0 87 0 45
45 0 0 0 0 0 65 0 0 0 0 0 67 0 40 0 0 0 63 0 95 76 95 0 44 0 0 9 0 0 0 1 0 0 0 0 0 0 0 0 0 0 0 0 92 0 0 0 95 67 0 0 0 0 48 0 0 0 0 74 0 0 0 0 0 29 48 0 15 0 0 0 0 0 0 0 0 71 0 0 43 96 0 0 0 0 0 70 0 0 0 0 0 0 0 0 76 0 0 0
80 80 0 0 0 0 0 0 0 0 62 0 0 0 0 0 0 26 0 0 71 0 0 0 0 0 0 0 0 0 0 0 0 87 86 92 0 0 0 3 0 0 0 30 0 0 0 0 0 0 0 0 0 99 0 0 0 59 0 0 0 0 14 0 0 0 0 0 0 0 90 0 0 0 0 8 0 51 0 46 0 0 0 0 0 0 76 0 71 0 28 0 0 0 0 0 0 0 0 81
0 0 32 0 0 0 0 0 0 0 0 0 0 0 89 67 22 0 0 46 0 0 0 0 0 0 0 0 16 16 0 49 0 0 0 0 0 0 0 0 0 0 0 0 0 0 0 0 51 0 0 0 0 0 0 0 0 0 0 0 15 57 0 0 0 0 0 0 0 0 0 0 0 0 92 25 0 4 46 0 0 0 32 0 0 0 95 0 66 0 26 0 0 0 28 0 65 17 0 0
0 0 0 63 67 0 0 7 0 0 0 0 0 0 0 0 100 0 0 0 0 0 90 62 22 0 0 0 44 0 3 0 0 0 0 0 0 0 0 57 0 0 57 0 20 0 0 0 0 67 20 0 40 0 0 0 50 71 18 92 0 0 9 82 0 0 37 0 63 0 0 0 0 0 0 0 0 0 0 0 0 0 0 0 0 0 0 0 0 0 40 0 95 0 78 0 37 0 0 0
0 0 0 0 0 0 0 0 0 0 0 0 0 0 79 0 0 77 0 0 0 0 0 0 0 0 0 0 0 0 0 0 0 0 0 0 0 0 0 0 0 47 0 0 0 0 0 0 0 0 0 0 78 62 0 48 0 0 0 0 0 0 0 0 0 0 0 56 0 0 0 81 0 0 0 26 0 0 0 0 0 77 0 68 0 5 0 0 0 0 49 0 0 0 0 0 0 0 0 0
0 0 0 0 0 20 0 0 0 0 0 0 0 0 0 0 0 0 0 0 77 0 0 0 0 0 0 0 0 0 0 0 0 0 97 0 0 99 40 45 0 0 0 51 0 0 0 0 0 0 0 0 0 0 0 0 0 0 0 0 55 0 80 0 0 0 51 0 54 0 0 0 94 0 83 55 0 45 87 0 31 0 47 0 0 72 0 0 12 99 0 45 25 0 0 0 0 0 0 33
0 0 68 0 91 96 0 0 0 0 85 52 0 76 0 0 0 0 0 0 0 81 0 43 0 0 0 57 0 0 0 0 68 0 0 0 0 0 0 0 0 0 0 0 0 0 75 0 0 0 26 51 0 0 45 0 0 0 0 0 0 0 0 45 0 0 32 0 0 97 0 0 0 45 11 0 0 7 0 0 0 0 0 0 0 79 0 86 87 0 25 32 40 0 0 0 70 90 0 0
87 0 0 54 0 0 27 0 0 54 0 0 23 0 46 0 0 0 0 0 0 0 0 0 0 0 0 3 0 0 0 0 0 0 0 0 18 76 0 0 0 57 35 0 60 0 0 0 1 41 0 0 0 0 78 0 0 0 0 0 18 60 90 0 0 0 0 53 0 0 0 0 0 0 14 0 0 41 0 13 0 0 0 0 0 0 36 0 37 0 0 0 0 0 0 0 0 0 0 0
0 40 11 0 89 0 0 64 0 0 0 0 0 0 0 0 0 0 18 0 0 0 14 0 0 0 26 0 0 0 0 0 0 27 0 0 0 0 99 0 0 0 49 0 0 0 0 0 0 0 0 0 93 0 0 25 17 0 0 36 0 0 0 38 0 0 0 99 0 0 0 0 0 0 0 24 0 4 0 0 0 0 0 8 0 0 0 26 0 0 0 0 0 0 0 75 0 0 0 0
0 0 0 0 0 0 0 0 0 0 0 0 0 54 0 0 0 0 76 0 0 0 60 49 0 0 0 0 0 90 17 0 0 0 0 0 0 0 0 0 37 0 0 0 18 0 0 0 0 42 0 25 0 91 0 0 0 0 0 0 0 0 95 0 16 0 0 0 0 0 0 0 0 96 43 57 0 0 0 0 0 0 0 0 37 72 0 0 0 0 0 0 0 0 82 0 0 0 33 65
0 0 0 19 19 0 0 0 0 0 49 0 0 0 0 0 0 0 34 25 0 0 82 0 0 0 0 0 0 0 0 45 0 0 0 0 0 0 0 0 0 0 90 0 0 0 0 0 35 0 25 0 0 11 0 72 0 42 0 0 0 0 0 0 0 0 0 0 0 0 0 0 20 57 85 0 0 81 41 0 95 0 0 0 0 0 0 0 0 0 0 0 0 0 67 47 0 72 0 0
0 0 0 0 0 0 0 84 0 0 0 0 0 0 0 0 85 0 0 0 0 0 0 0 0 0 0 0 0 0 74 0 0 0 0 0 0 0 0 19 0 0 0 0 0 21 0 0 0 0 0 0 0 0 0 88 0 32 95 0 0 0 0 0 12 0 0 0 74 0 26 0 37 0 8 0 37 78 0 0 0 0 0 98 0 72 0 0 0 0 0 0 0 0 48 82 0 0 17 46
0 100 39 0 52 0 0 2 63 0 0 19 0 0 0 0 0 0 18 52 0 0 14 34 49 45 61 0 0 0 0 0 0 0 62 55 0 0 0 0 0 0 0 0 0 0 0 0 0 0 0 0 0 4 79 0 86 0 0 65 0 0 0 53 0 83 0 0 0 0 0 0 0 0 7 46 16 0 0 0 0 0 0 0 0 0 0 45 0 0 0 22 0 44 0 66 95 27 0 0
0 61 0 0 0 0 0 0 0 0 0 0 0 0 27 62 0 4 0 0 0 0 0 0 57 0 0 0 0 0 0 29 92 0 0 0 0 0 0 0 0 43 0 0 0 0 0 34 0 84 0 0 0 0 0 0 0 84 0 0 0 0 49 0 0 0 0 0 0 76 0 40 0 0 0 23 0 0 90 0 0 0 0 0 0 0 0 0 56 0 0 0 0 0 31 58 0 0 0 0
0 0 0 0 0 44 0 95 0 61 0 0 0 0 0 54 0 0 92 0 0 8 0 0 0 0 11 0 0 0 28 0 0 0 0 9 0 0 0 0 57 0 0 0 0 0 73 0 0 0 0 0 0 0 0 0 0 0 0 0 2 19 0 0 0 0 66 0 0 0 0 0 0 0 0 0 0 0 0 0 0 67 0 0 69 0 0 52 0 0 0 0 92 0 0 0 0 0 0 0
0 0 28 0 0 0 0 0 0 0 71 0 0 78 0 8 39 0 0 68 0 93 0 85 77 0 0 0 0 0 0 97 49 0 0 0 0 0 0 0 0 0 0 0 0 0 0 0 0 0 0 0 0 0 0 0 0 0 0 0 0 0 63 0 20 0 0 0 0 0 56 0 0 0 89 0 0 0 0 77 18 0 0 58 0 1 40 0 0 0 0 0 0 0 0 0 0 0 0 0
0 0 91 0 0 0 0 0 81 38 1 0 0 34 0 0 35 96 0 0 0 0 85 0 1 60 54 0 76 0 71 0 0 0 0 0 0 86 67 0 0 78 36 0 0 5 0 0 58 63 0 71 0 0 0 0 0 0 0 0 32 0 15 40 0 0 71 0 0 0 24 61 82 0 0 0 0 0 0 0 70 0 0 75 0 0 57 19 0 0 0 0 36 94 80 0 0 0 86 0
0 0 0 0 98 0 0 0 0 0 76 0 0 0 0 0 33 0 0 0 0 0 72 0 70 0 0 58 0 0 87 0 55 59 76 51 87 23 0 0 0 0 0 0 0 0 0 40 0 35 0 0 0 0 12 0 0 0 0 19 0 32 0 0 0 0 0 0 33 0 64 0 0 55 1 0 21 0 0 0 0 27 80 0 47 0 0 0 0 0 0 67 0 3 0 0 0 18 0 0
0 0 0 0 0 0 0 18 0 0 95 0 0 0 0 0 0 0 0 0 0 0 0 0 0 0 0 0 0 0 0 0 0 0 0 1 76 0 0 0 0 0 0 41 0 0 0 0 0 93 0 0 0 80 0 0 0 44 80 23 0 0 0 0 0 0 0 6 0 0 0 0 0 0 0 93 0 76 0 0 0 70 0 0 0 0 0 0 0 42 0 0 0 0 0 6 0 0 75 69
0 0 96 0 0 0 0 0 31 13 52 52 0 0 15 0 9 0 0 0 0 0 0 6 0 0 0 0 68 0 0 0 0 0 0 13 8 0 0 0 0 0 6 0 66 0 19 0 0 0 0 55 0 0 26 0 0 0 0 0 0 0 0 40 84 93 96 0 0 0 90 0 0 0 0 0 50 0 0 0 0 0 82 0 23 0 37 0 0 0 10 0 0 23 0 0 0 0 0 0
0 0 0 0 0 0 0 0 0 0 0 0 0 0 0 0 63 0 0 0 0 0 0 0 0 87 0 0 90 0 72 0 0 0 0 0 0 58 0 36 0 0 0 10 0 0 0 0 0 0 0 0 0 30 0 0 0 0 0 0 0 0 18 12 0 0 0 6 0 0 0 27 0 0 59 31 0 3 0 0 0 0 76 0 0 0 0 89 0 92 0 0 0 0 56 0 0 0 0 87
0 0 79 0 0 0 0 0 0 0 0 15 0 0 0 0 0 93 0 0 0 46 0 0 0 0 8 15 0 0 0 0 0 0 0 19 57 45 0 0 0 0 85 0 0 63 0 0 39 0 0 0 0 0 0 34 16 0 0 0 0 0 59 0 0 47 0 0 0 0 0 0 0 0 0 0 0 0 0 0 0 0 0 51 0 2 0 0 0 0 1 0 0 0 66 0 0 0 0 43
0 25 0 0 0 0 0 0 0 84 48 0 0 0 0 0 0 49 0 0 0 0 0 78 0 0 28 0 53 87 0 0 0 0 1 79 0 0 90 0 74 0 0 0 0 73 0 0 0 61 0 0 0 96 0 0 0 41 0 2 0 0 0 0 0 0 0 96 0 0 0 0 0 0 0 65 0 0 0 0 0 0 0 0 10 26 74 0 0 38 0 0 0 0 0 16 88 0 23 0
77 0 0 0 0 0 0 12 0 0 0 96 0 0 0 0 0 0 0 0 0 86 12 0 0 0 0 0 0 0 0 0 0 0 0 0 0 0 0 0 0 0 0 0 0 0 72 0 0 0 85 0 0 0 0 0 100 0 0 19 0 0 0 0 0 0 0 0 10 0 0 0 0 0 72 0 96 99 0 0 0 0 0 0 0 0 0 0 0 0 0 0 0 0 0 95 0 0 0 0
0 86 0 0 0 56 88 20 0 0 0 16 94 64 0 0 0 0 0 0 0 0 0 0 99 29 39 0 0 0 0 30 0 0 85 0 90 0 0 0 0 0 0 0 0 0 0 0 0 0 34 70 0 9 0 0 0 0 10 0 0 0 0 33 46 0 0 0 0 0 0 0 0 0 0 0 23 0 29 0 0 0 0 0 0 0 0 81 0 0 0 28 0 0 0 0 0 7 0 19
0 0 0 3 0 0 14 95 0 0 0 8 0 48 1 0 0 73 0 71 10 89 0 0 0 34 0 0 0 0 0 83 0 0 0 0 0 0 0 2 22 0 0 0 75 43 0 0 0 100 0 0 0 0 0 0 0 0 0 0 0 0 0 0 12 0 0 0 67 0 0 98 0 0 0 0 0 0 0 0 0 0 0 0 0 0 0 0 0 0 2 0 8 73 38 31 0 0 0 78
0 0 23 57 0 57 0 0 0 0 0 61 0 0 0 0 0 0 79 0 0 0 0 0 79 0 0 0 0 0 0 0 0 42 0 0 98 12 0 0 0 0 94 0 0 0 0 0 0 0 63 0 72 0 0 15 5 24 60 0 67 0 79 0 0 0 0 0 0 0 0 0 55 0 0 0 91 0 1 0 0 0 0 63 0 0 0 9 0 8 12 0 16 0 0 98 81 87 21 0
0 0 0 0 0 0 0 67 72 0 0 0 0 83 0 0 0 0 0 0 0 0 0 0 0 91 17 0 0 96 0 0 0 0 0 94 0 0 12 0 44 0 0 0 83 0 0 0 73 0 84 0 60 0 0 0 0 72 13 0 0 0 3 0 91 96 0 0 31 0 0 0 19 0 0 0 0 0 0 100 0 0 0 0 0 0 0 0 82 0 0 0 0 11 0 0 99 0 0 0
0 0 0 0 74 0 0 0 0 0 0 0 0 0 0 0 9 49 49 0 25 0 0 0 0 0 99 0 0 0 0 0 0 0 0 0 0 90 0 0 0 0 5 98 0 0 0 0 0 79 0 29 0 0 0 0 0 0 0 0 99 0 0 96 0 0 0 0 0 21 0 0 100 0 0 0 23 0 0 50 0 60 0 0 0 95 0 0 0 0 0 0 0 0 0 7 0 0 96 0
40 31 0 0 0 0 27 0 0 27 0 49 10 0 0 0 0 0 0 0 25 0 0 0 0 0 0 77 0 48 71 49 0 0 27 34 59 0 0 77 0 0 0 0 0 36 0 0 0 0 0 0 0 0 0 0 0 50 0 0 0 96 0 65 0 0 0 98 0 0 47 24 0 0 0 0 44 0 59 0 0 0 65 0 0 85 0 0 0 0 37 87 0 0 0 0 0 0 0 0
0 0 31 0 64 0 0 0 0 0 0 40 20 0 0 0 15 0 9 0 0 77 0 0 0 0 0 0 0 0 0 0 0 0 0 0 0 0 0 0 0 0 0 0 0 15 0 0 51 0 47 0 0 69 0 0 0 0 0 0 52 13 0 0 15 0 0 0 0 0 0 83 14 0 0 1 1 0 0 0 0 0 0 0 0 0 0 0 0 0 0 0 0 0 83 0 0 25 0 3
0 39 0 15 0 39 0 55 20 0 0 72 0 0 13 0 0 100 30 0 34 0 0 0 0 41 0 0 0 5 33 0 0 13 0 57 93 45 0 0 0 0 0 0 0 36 0 2 0 0 0 0 41 23 0 0 0 73 0 0 0 0 76 0 0 0 14 0 0 0 63 0 0 63 0 0 0 41 0 56 0 0 97 0 0 0 0 0 34 95 31 0 72 0 0 0 0 0 0 0
0 0 0 43 57 0 0 0 77 0 0 0 0 40 74 0 0 0 0 0 0 0 0 39 0 0 0 0 0 86 0 0 64 0 0 0 0 100 81 2 0 0 44 99 0 0 0 0 0 0 0 73 0 0 0 0 29 0 0 0 18 16 0 83 0 0 0 0 0 0 13 83 0 0 0 93 0 0 0 0 0 0 17 0 34 0 0 0 0 0 0 0 0 0 0 0 0 0 0 0
0 0 0 0 0 0 6 82 66 95 0 0 63 0 0 0 0 0 2 0 0 32 0 0 0 0 0 0 0 0 0 13 90 63 36 15 0 87 0 0 0 0 0 0 19 37 0 0 0 14 0 0 0 0 10 79 84 0 38 0 15 0 0 0 0 0 0 0 97 0 0 53 0 0 0 0 77 0 0 0 85 74 93 0 0 0 60 0 0 0 0 0 46 0 81 0 0 0 0 0
12 0 0 38 0 0 0 89 0 0 0 17 0 19 47 0 0 0 0 0 5 0 0 0 0 0 0 67 0 0 4 0 4 0 86 0 0 0 5 0 0 0 0 0 0 0 0 0 0 92 14 0 100 85 0 0 0 0 0 0 0 0 0 0 0 0 0 0 69 0 17 99 0 0 0 0 0 0 0 8 0 14 53 0 0 0 0 0 0 0 42 0 0 0 0 0 35 0 0 40
35 0 59 0 36 50 85 0 49 0 0 0 0 0 0 58 0 0 92 0 34 0 58 0 0 0 0 0 0 0 39 0 0 6 6 0 9 0 0 0 0 16 0 0 0 0 2 0 48 15 21 0 0 0 0 0 0 0 0 45 0 0 93 0 0 41 71 4 0 0 0 19 0 0 0 0 0 38 93 0 17 0 1 0 0 0 0 0 0 0 0 0 0 0 43 0 0 0 0 0
63 76 0 0 0 18 0 0 0 0 0 0 0 0 0 0 88 0 0 75 0 0 0 2 41 0 0 0 6 0 50 0 0 0 0 20 0 33 58 0 0 0 76 0 40 0 0 0 99 36 0 19 82 0 79 0 0 0 0 0 0 0 0 0 0 0 74 0 99 0 0 0 76 0 0 21 29 0 0 41 0 42 0 0 0 0 0 0 33 0 0 0 0 36 0 0 25 58 69 0
0 0 0 0 0 0 0 0 59 0 0 0 0 0 0 0 0 0 0 0 0 0 0 0 0 0 75 89 0 85 0 75 0 0 0 0 0 0 0 0 0 67 36 0 0 59 0 0 0 0 64 0 0 42 0 0 29 0 0 0 75 0 84 0 0 19 0 0 60 0 0 84 0 0 0 0 0 0 0 0 0 94 41 0 0 0 0 77 0 77 78 0 0 0 0 0 0 0 64 0
0 0 0 39 0 0 91 0 0 0 54 0 45 27 96 66 0 0 0 0 0 0 43 0 33 67 38 0 0 93 52 0 0 0 0 0 0 0 0 0 0 0 9 0 59 0 47 0 0 0 0 33 82 0 0 0 0 0 0 0 0 0 0 67 96 24 0 33 0 0 0 0 0 32 0 27 0 95 99 0 0 0 37 90 0 0 0 0 0 0 0 0 0 87 0 0 0 0 0 0
0 0 0 0 0 0 0 0 0 0 53 0 0 0 57 0 0 0 20 77 0 0 0 0 0 0 0 1 9 0 90 93 0 0 48 0 59 0 0 14 53 0 0 0 0 99 0 69 0 90 0 0 34 0 0 0 80 0 60 0 0 0 0 0 0 0 0 0 73 0 0 0 0 0 0 47 27 0 0 0 0 0 64 0 0 0 0 0 34 0 0 0 0 0 0 0 3 0 0 61
0 0 0 0 0 0 75 56 35 0 0 0 0 67 58 0 0 77 0 48 0 83 0 0 0 0 0 0 99 97 0 0 35 0 0 0 44 86 0 0 0 0 0 0 0 0 0 0 0 0 77 75 0 0 0 20 31 0 55 88 0 0 0 0 1 48 0 0 0 0 0 0 31 0 0 0 0 0 0 0 0 0 4 0 0 43 0 0 0 0 0 34 7 0 0 0 49 0 0 0
0 0 83 0 0 0 43 0 96 24 0 0 22 0 0 86 90 0 0 80 67 0 0 0 0 0 0 0 0 0 21 0 0 0 44 0 0 96 82 0 0 17 68 0 0 0 0 0 72 0 0 0 0 0 0 53 0 0 0 0 90 65 0 22 0 0 0 0 0 0 0 0 76 0 0 64 0 0 0 36 0 0 0 0 0 0 0 3 0 75 48 0 0 0 0 0 0 0 0 0
0 0 52 0 0 0 0 100 65 0 0 0 0 0 92 0 0 15 78 0 0 0 0 41 0 0 0 0 23 0 33 43 0 0 0 0 0 0 68 0 0 0 1 0 0 0 58 0 0 1 0 76 0 0 0 0 19 9 0 0 0 0 0 0 38 62 0 0 0 0 0 0 0 0 0 0 0 0 85 0 0 0 0 15 53 0 0 0 93 15 0 0 0 0 0 0 0 87 1 0
0 0 0 0 68 0 0 0 0 0 0 0 0 0 0 2 0 0 0 0 0 0 0 0 0 0 0 0 0 0 0 0 0 58 0 21 0 0 0 74 0 0 0 0 0 91 0 32 0 0 0 41 0 0 0 0 0 0 0 32 0 87 0 0 68 0 0 0 0 3 0 99 0 0 0 0 0 0 0 0 0 76 26 0 0 0 0 0 0 0 0 27 0 0 0 0 8 0 0 0
0 13 0 0 0 0 0 0 0 0 0 0 0 0 1 0 0 0 0 97 39 0 0 7 0 0 59 30 0 0 0 0 38 0 0 0 0 0 13 0 0 0 0 0 25 0 0 0 0 49 0 0 0 0 0 0 0 58 76 23 0 89 0 5 0 28 0 34 40 0 69 0 0 0 0 15 37 0 76 0 0 0 0 59 30 0 0 88 0 86 0 6 0 0 0 61 0 6 0 0
78 0 0 6 0 79 0 0 0 82 0 0 0 0 0 0 0 74 0 13 0 0 0 90 0 42 0 0 0 0 0 0 64 67 0 0 0 0 9 84 22 0 0 0 0 0 0 0 0 0 0 0 0 81 0 0 0 98 0 0 0 0 29 0 45 12 0 0 0 52 0 0 38 0 0 96 0 6 0 0 12 0 58 56 0 0 0 42 0 82 0 80 0 0 96 77 0 51 0 0
100 89 0 0 31 0 0 0 63 0 0 36 94 0 91 66 0 42 0 0 0 0 0 0 0 6 95 0 65 0 0 0 15 0 11 0 0 0 0 92 37 0 1 0 23 0 0 0 0 0 0 0 0 0 0 0 0 0 0 47 0 0 0 0 0 0 0 0 65 0 0 0 0 0 12 0 0 0 0 0 0 0 31 0 0 0 0 80 0 77 0 79 0 0 0 0 0 35 0 0
0 0 0 0 0 0 22 0 0 0 0 0 0 0 2 89 0 0 33 0 0 0 0 82 0 72 0 0 51 36 0 0 0 0 0 0 23 0 51 0 28 0 0 0 0 0 43 0 0 0 0 0 0 27 0 1 0 0 54 0 0 0 0 0 80 89 0 0 0 0 0 0 0 70 0 0 0 0 0 27 0 0 0 68 0 0 0 0 0 0 0 38 0 0 0 0 47 0 0 0
0 0 0 22 0 0 40 0 0 0 0 0 9 0 0 0 0 0 0 61 30 0 0 95 0 20 0 0 0 0 48 0 74 0 2 0 0 21 0 18 0 0 12 0 0 0 0 81 0 0 0 0 0 0 0 0 0 0 67 0 0 0 0 0 38 0 0 0 0 0 19 10 0 0 85 0 82 15 4 0 0 0 0 100 30 0 0 0 0 0 0 0 0 0 0 0 26 0 0 9
0 0 0 17 0 34 0 0 75 0 2 52 0 0 0 18 0 0 0 0 0 0 0 0 0 0 0 0 57 7 9 0 0 0 0 0 74 0 0 0 0 0 81 0 0 0 94 0 2 62 0 24 0 0 0 0 0 4 0 0 16 0 0 0 0 0 0 0 0 0 0 84 0 0 0 0 0 0 0 0 0 0 0 31 0 0 0 0 10 0 0 0 0 0 0 71 54 0 96 92
0 21 0 0 0 15 0 0 0 0 40 0 88 0 62 0 0 73 67 0 75 0 95 0 0 0 40 0 0 0 0 0 0 50 26 0 0 0 0 0 99 0 95 44 0 0 0 85 0 0 0 0 0 0 45 0 0 0 0 0 44 0 0 0 0 0 0 57 17 52 13 0 0 0 0 0 24 0 0 0 0 21 84 0 0 0 0 81 80 0 0 0 0 0 0 0 0 36 0 0
0 0 0 0 0 80 0 0 49 44 0 0 10 86 0 0 24 0 0 0 0 0 0 73 0 0 0 0 83 0 0 0 0 99 0 0 0 48 0 87 4 64 0 0 0 0 0 0 46 0 0 0 46 0 0 0 98 0 0 0 0 0 0 0 0 0 0 48 0 0 0 0 0 25 74 91 0 0 0 0 19 0 0 0 0 0 0 0 0 0 0 0 0 0 0 0 0 35 0 14
0 0 0 65 0 95 9 0 0 0 0 0 0 0 0 0 23 0 83 0 24 0 0 0 32 5 0 0 67 18 0 0 0 32 0 0 87 0 0 0 0 67 0 75 0 0 67 0 0 0 36 0 0 77 0 0 0 0 0 0 0 0 0 0 81 0 0 0 0 17 25 0 8 81 0 88 0 16 0 50 0 0 0 0 0 53 0 0 0 0 35 0 95 73 0 0 20 0 0 0
63 0 0 0 4 0 0 0 0 0 0 0 0 46 0 3 0 0 0 37 96 0 12 29 44 0 0 0 25 0 0 0 0 0 0 0 0 0 0 0 0 0 98 0 0 0 0 0 0 0 66 84 0 0 0 0 0 0 0 0 0 58 0 0 18 0 0 0 0 0 1 0 0 0 0 7 0 0 0 0 0 0 63 0 0 0 19 0 0 0 0 0 0 0 29 12 0 0 0 0
27 0 37 0 21 0 0 0 0 0 25 0 0 0 94 0 53 0 0 0 0 5 66 0 0 91 0 0 0 0 0 0 0 0 0 0 0 0 100 0 0 0 0 0 0 0 0 0 0 0 0 0 0 0 0 0 0 0 0 0 30 96 0 7 0 0 0 0 0 0 0 99 16 0 33 0 0 12 0 0 0 0 0 79 0 0 0 0 0 0 0 0 100 0 0 0 5 72 42 18
0 0 0 0 0 0 0 0 0 47 0 0 0 0 41 0 0 0 0 0 0 0 0 0 0 8 0 34 49 0 0 0 3 0 79 58 0 0 0 0 0 0 0 40 0 0 0 0 82 0 0 35 0 20 0 0 46 0 0 5 0 10 69 0 0 0 82 0 0 0 47 0 0 0 0 0 0 0 0 0 0 0 39 0 0 0 31 0 0 0 56 0 0 95 0 62 0 0 0 0
0 0 0 0 0 25 52 10 51 0 98 0 0 0 0 0 0 0 0 57 22 0 0 0 0 91 0 0 0 0 0 0 42 96 0 0 0 0 0 70 0 0 3 62 0 0 0 31 0 0 0 54 0 0 0 0 0 0 0 0 0 0 71 0 0 0 0 0 0 67 77 0 0 0 0 0 0 0 61 0 0 0 0 0 18 0 0 0 0 0 1 0 0 0 0 0 0 0 0 0
0 57 56 0 0 0 0 0 12 17 0 97 94 4 0 0 0 0 0 26 0 0 71 100 0 0 0 0 85 0 0 0 0 0 0 0 98 0 0 0 0 0 87 0 0 69 0 0 0 0 12 0 0 77 0 0 0 0 0 0 0 0 0 48 2 0 53 0 0 0 0 0 16 0 94 40 0 0 0 44 0 0 0 0 0 0 0 0 0 0 4 0 0 0 0 0 74 82 0 0
0 0 0 0 0 0 0 0 0 0 0 0 0 0 0 0 0 0 0 0 78 0 0 44 21 26 0 0 0 0 0 0 1 40 0 59 0 25 0 0 0 0 53 83 0 0 0 97 60 0 3 0 0 0 0 0 0 0 0 0 0 0 82 0 0 52 0 52 0 0 0 63 0 10 0 0 40 0 0 0 0 8 0 0 0 0 45 84 63 0 0 0 0 64 0 0 78 0 21 0
19 0 0 0 0 20 88 38 0 0 0 39 0 0 0 0 0 47 81 0 0 77 0 6 89 0 0 0 0 0 0 0 0 0 0 0 0 7 0 0 30 0 0 0 63 0 0 0 0 0 0 0 0 0 0 0 0 0 95 0 0 66 0 43 0 0 11 0 0 0 50 0 89 44 17 0 0 0 0 0 0 93 0 0 0 3 49 66 0 71 0 0 45 94 0 0 59 0 0 0
0 9 51 0 55 0 0 14 0 0 78 0 15 0 0 0 0 0 0 57 0 99 0 30 26 0 0 0 0 0 0 0 0 0 0 0 64 0 0 0 0 0 0 0 0 0 0 0 0 0 0 40 0 0 0 0 99 0 0 0 77 0 0 0 0 0 0 0 0 0 34 0 0 0 0 0 0 7 0 0 0 0 0 0 1 0 0 0 0 77 0 52 40 0 0 0 0 46 0 39
0 61 0 0 0 0 0 0 0 0 0 0 0 0 0 0 0 0 43 13 0 35 0 0 0 0 0 0 0 0 0 0 0 0 100 0 43 0 71 0 0 0 0 42 0 0 0 85 31 15 0 0 0 0 0 0 9 93 0 34 0 0 0 0 0 0 0 0 0 0 0 0 0 0 0 0 0 0 11 0 0 88 0 0 0 0 0 0 0 0 22 0 35 0 0 0 0 0 53 0
14 0 14 0 0 0 0 70 0 63 0 79 0 96 0 0 0 90 54 0 0 0 34 0 0 0 0 66 0 0 0 0 0 0 0 0 0 0 0 0 3 0 0 0 0 0 0 0 0 0 0 0 0 0 0 83 0 0 0 0 0 0 93 0 0 0 0 0 74 0 26 0 44 57 80 7 0 0 0 0 56 0 71 89 19 54 80 43 12 0 0 0 0 0 0 0 0 0 0 4
0 0 32 0 0 43 0 0 0 89 0 10 0 0 0 0 53 68 0 0 0 0 0 0 24 2 0 0 0 0 0 0 0 0 92 0 0 60 0 0 0 0 98 0 93 0 83 0 0 0 9 0 19 0 0 0 0 0 0 0 0 0 0 8 100 0 0 0 56 0 0 0 0 0 0 79 0 0 0 0 0 53 0 0 80 73 99 0 0 0 0 0 2 0 0 0 0 0 0 0
0 0 0 0 0 0 48 74 65 51 44 0 91 0 0 0 0 0 55 0 100 34 0 8 0 0 0 0 0 0 0 0 0 0 92 0 0 0 0 0 0 0 0 0 17 0 0 0 54 92 36 85 0 0 0 0 11 0 0 0 0 0 0 0 0 0 16 0 78 0 0 0 0 0 0 0 21 0 0 0 0 0 0 0 0 0 0 0 0 0 54 0 18 20 77 48 0 0 0 85
0 0 0 0 0 60 0 25 0 0 0 63 0 0 0 0 57 0 0 0 0 0 0 12 0 0 0 0 0 44 0 79 0 0 0 0 0 0 0 0 0 74 0 0 0 0 0 0 0 0 16 0 0 1 0 0 9 0 0 0 0 0 0 0 0 61 0 0 0 0 0 0 0 23 62 0 0 0 0 61 0 0 0 0 46 0 0 0 0 0 0 0 0 0 0 6 0 0 0 0
0 0 0 0 0 0 0 19 0 32 0 0 0 89 0 81 0 0 0 0 0 0 0 0 0 0 0 0 11 0 0 0 7 0 0 0 0 0 0 0 0 0 80 14 87 87 0 0 65 0 0 0 0 0 0 0 0 95 78 0 0 6 0 0 0 0 0 41 0 0 20 0 0 0 0 51 0 0 0 0 0 53 0 0 0 0 43 0 2 95 38 27 45 0 96 0 0 30 0 0
0 39 0 0 0 0 0 0 0 57 0 0 0 0 0 0 0 0 0 88 63 90 36 14 0 0 0 0 0 0 0 0 0 0 49 69 0 0 0 0 0 23 57 0 0 0 0 0 45 0 0 0 0 0 0 66 0 0 0 0 0 0 78 24 0 0 0 50 0 58 0 0 0 0 0 0 0 74 0 0 0 93 0 0 41 52 65 0 0 0 0 0 0 0 12 58 0 0 29 0
0 0 0 0 0 77 82 0 0 0 0 0 52 0 0 0 0 0 0 0 0 0 0 0 15 89 0 0 0 0 0 63 0 0 0 0 0 0 0 0 93 0 41 0 0 0 0 12 0 72 0 0 0 0 15 0 89 0 0 0 0 0 3 8 57 7 82 0 93 0 0 0 46 75 0 0 0 0 0 0 0 0 88 0 0 0 0 0 0 0 0 0 0 0 92 0 65 0 0 0
49 0 0 0 0 20 0 44 0 0 0 29 0 0 81 0 18 0 42 40 10 95 55 0 95 0 0 37 0 0 0 0 0 0 0 0 0 0 47 0 0 0 0 0 0 0 9 0 0 0 0 1 0 88 57 0 0 0 0 0 0 5 0 0 0 0 0 0 0 0 0 0 0 2 0 0 55 0 0 0 0 0 65 0 0 48 0 0 0 0 0 0 0 75 67 0 30 0 0 0
0 29 0 0 0 0 69 0 0 0 0 0 0 49 0 0 0 2 0 0 0 0 0 0 0 0 19 0 0 49 0 36 0 0 0 0 0 0 80 0 0 0 0 99 0 4 0 1 0 0 23 0 15 15 92 0 0 0 0 57 0 28 0 0 0 45 0 0 0 51 0 0 84 0 0 0 20 0 0 22 21 0 0 52 0 0 11 0 43 81 0 0 0 0 0 0 0 83 0 0
0 0 0 58 0 45 42 0 26 0 22 63 0 0 69 0 95 0 0 0 0 96 0 0 32 71 0 0 0 0 0 26 0 18 0 0 0 0 0 0 0 0 61 13 0 0 40 0 0 0 0 60 0 0 0 0 0 0 32 0 52 0 0 14 0 0 0 0 0 34 0 25 21 0 0 0 28 26 0 0 0 27 0 0 46 98 0 0 0 0 0 70 0 0 0 0 0 0 0 0
0 0 65 0 0 0 0 0 94 57 0 0 0 0 0 61 0 0 0 0 0 0 0 0 0 5 0 44 87 0 0 0 0 0 0 0 0 0 55 0 0 0 0 0 32 0 0 0 27 0 0 0 0 0 0 0 0 0 0 0 0 0 46 100 0 64 34 31 0 49 0 0 38 0 0 0 0 0 0 0 0 0 0 0 0 0 95 0 0 0 92 31 0 0 0 0 0 0 88 0
0 0 0 27 0 40 0 0 42 0 26 91 0 0 0 22 0 0 0 0 0 0 67 84 0 0 0 0 11 0 0 8 0 0 0 0 0 0 0 0 0 0 0 0 0 47 9 0 0 98 94 41 0 0 0 0 9 0 0 0 0 25 55 0 53 0 0 0 0 0 0 81 0 0 0 0 0 0 0 0 0 0 35 87 0 0 0 0 0 11 22 92 0 0 0 0 0 20 77 7
0 0 0 0 0 0 0 0 80 0 0 0 0 0 0 0 81 0 0 0 0 0 0 42 0 0 0 0 0 0 0 0 0 0 0 0 0 0 0 0 0 50 58 0 0 81 64 13 93 0 0 0 0 0 0 0 0 0 0 0 0 0 0 0 0 44 0 8 0 0 0 39 0 0 0 0 65 0 11 0 0 0 17 0 0 0 0 0 0 0 0 0 0 0 0 0 0 0 20 0
20 0 13 0 0 59 35 6 0 0 54 58 10 0 0 0 0 0 0 13 0 0 0 92 0 0 38 0 79 0 0 0 0 0 0 13 7 0 40 0 93 0 0 4 44 0 4 0 59 0 0 25 0 39 0 0 1 0 0 0 0 0 0 95 0 0 60 0 0 0 62 0 0 0 0 0 0 0 0 17 82 0 0 0 99 0 0 0 0 0 0 0 0 0 0 78 0 0 0 93
0 0 0 0 0 70 0 0 0 0 0 0 7 0 0 0 0 75 0 69 0 0 0 0 0 28 65 0 0 0 0 55 16 0 0 0 86 0 43 0 0 0 0 37 0 0 0 0 0 0 64 0 91 0 59 0 0 0 98 0 0 0 0 0 0 0 0 0 39 78 0 34 67 0 0 0 0 0 0 0 0 0 100 0 0 0 0 0 0 0 0 0 68 0 0 0 0 0 0 0
0 100 0 6 0 0 0 8 15 0 0 0 69 0 0 30 0 0 69 0 0 0 0 0 62 17 0 0 0 0 0 82 0 0 0 0 0 0 0 0 63 0 0 0 0 0 0 0 0 0 0 37 0 0 0 0 0 25 0 10 0 0 0 0 0 59 0 0 0 0 0 0 56 51 49 0 0 0 0 68 0 12 0 0 82 82 0 0 91 0 0 0 0 0 0 48 0 0 47 0
0 0 63 0 0 0 0 37 0 0 81 55 0 0 0 0 0 0 0 0 0 52 0 77 41 0 0 0 0 0 0 0 89 79 19 84 81 0 58 46 11 0 0 0 68 0 0 0 0 0 54 0 0 0 0 0 0 0 0 0 14 94 0 0 0 0 0 0 0 0 1 0 65 0 0 0 0 0 0 0 24 0 0 39 0 0 2 84 10 0 0 84 0 0 0 3 62 11 0 0
0 0 81 0 0 0 0 0 0 0 20 0 88 35 31 75 0 0 0 0 0 30 33 91 16 0 0 59 0 0 60 0 0 56 0 0 0 0 0 0 0 66 0 0 77 8 0 0 3 0 10 0 0 0 0 0 49 89 0 34 17 0 0 0 0 0 82 0 0 73 0 0 13 66 0 27 0 0 0 0 15 64 0 0 0 0 0 0 0 0 99 45 22 80 0 0 0 0 0 80
0 0 0 0 0 0 0 80 0 10 0 0 0 0 0 0 51 0 75 0 0 0 0 0 0 16 88 67 0 0 0 0 0 0 27 0 0 0 0 0 1 30 0 29 0 0 0 67 0 0 0 0 0 34 77 0 0 0 0 0 66 0 0 0 0 7 0 0 0 0 0 27 0 0 0 0 0 83 0 0 0 0 0 0 0 0 0 0 92 17 9 8 0 0 0 0 0 0 0 33
46 56 9 0 39 0 80 86 0 93 0 0 0 0 0 0 0 0 0 62 0 0 0 0 0 0 0 0 0 0 0 0 0 53 69 84 81 0 4 95 0 76 4 0 0 0 0 95 0 0 0 10 0 0 75 0 0 0 50 86 0 0 16 0 0 0 0 0 0 0 62 0 0 22 0 0 0 0 0 79 64 0 99 0 0 0 0 0 0 0 70 0 0 37 0 66 0 92 0 0
0 0 0 0 0 0 0 16 4 93 0 0 85 0 0 0 0 0 0 0 57 50 0 47 20 49 47 0 0 0 0 96 20 0 0 0 0 0 0 45 0 0 0 0 0 14 0 23 0 0 0 0 0 0 0 0 54 71 0 0 0 0 0 57 0 0 0 0 0 0 0 0 0 0 0 0 0 0 63 16 0 0 0 61 0 0 0 0 31 87 0 0 0 0 0 0 0 23 0 86
0 0 0 68 0 0 0 0 0 0 0 31 3 0 0 11 0 0 0 0 0 0 0 21 0 58 28 0 34 0 36 0 0 0 0 0 0 23 0 0 0 71 0 0 0 0 0 0 91 98 0 0 0 0 0 88 0 0 35 0 0 0 90 0 0 0 0 0 0 51 1 17 0 0 0 55 0 0 0 0 0 0 0 0 0 0 0 0 56 0 0 0 0 0 0 0 0 99 0 0
100 90 16 0 0 0 0 65 0 0 0 41 46 0 0 0 0 0 0 42 0 0 0 0 0 0 0 0 0 0 82 0 0 0 0 99 0 83 66 0 0 0 0 0 62 0 0 0 0 0 0 0 0 77 0 0 0 0 0 0 0 20 50 0 0 0 21 99 24 63 0 0 0 0 0 56 85 0 0 60 19 1 0 0 41 15 0 0 0 0 17 96 0 0 0 0 17 0 26 0
0 0 91 61 0 0 0 0 0 25 42 0 0 29 0 10 0 0 0 0 0 84 0 0 0 46 0 0 0 0 85 82 0 0 0 0 16 0 0 0 21 0 0 3 0 0 2 0 24 0 83 20 0 95 92 0 0 0 0 0 0 93 53 0 0 0 0 9 23 0 0 0 0 0 0 0 0 0 0 0 63 34 0 0 73 0 30 50 0 0 0 49 0 0 61 0 0 0 0 0
0 0 0 0 0 0 0 0 79 0 0 0 0 74 0 0 0 0 0 0 36 0 72 0 0 0 0 0 73 18 0 0 0 0 71 0 0 0 0 0 0 0 0 0 69 0 6 0 0 33 49 0 0 0 0 0 0 0 0 0 0 0 0 0 0 0 49 0 0 0 96 0 0 99 1 0 0 0 0 0 0 38 0 0 0 41 0 0 0 0 0 0 97 0 0 16 0 0 0 0
0 0 62 42 37 0 0 0 0 0 10 0 0 0 66 0 0 0 15 0 100 77 0 0 77 90 0 48 0 47 0 0 0 0 0 0 12 64 0 0 0 0 0 0 0 30 0 0 0 0 0 0 54 79 0 90 0 0 0 0 0 0 0 0 0 0 0 0 0 0 30 0 0 24 40 0 0 0 0 17 19 0 0 0 0 0 0 8 0 79 0 0 97 84 0 40 0 0 9 0
0 0 0 44 0 60 0 0 0 16 0 4 0 0 0 14 0 0 0 34 0 0 0 0 0 0 0 0 0 0 0 0 0 0 0 0 0 0 0 0 0 0 1 0 0 0 0 88 0 0 0 85 0 0 99 0 0 0 0 0 31 0 0 0 91 0 0 0 0 0 0 0 0 0 0 0 0 0 0 0 0 0 47 0 0 0 0 2 71 0 0 0 0 36 0 0 0 69 0 14
58 0 0 0 0 0 0 0 0 0 37 0 0 0 0 0 0 0 0 0 8 0 0 0 0 0 0 70 0 0 0 0 0 0 0 0 0 82 0 0 0 0 0 0 0 43 17 0 86 0 17 46 2 0 0 0 48 0 0 0 0 0 28 0 0 0 0 0 0 0 0 0 0 0 28 0 6 0 0 0 72 0 0 0 0 56 14 93 0 0 0 94 0 0 0 8 71 0 63 95
27 60 1 0 80 0 22 0 0 0 0 9 0 0 0 0 0 0 0 100 0 47 0 0 0 0 0 0 0 0 0 69 0 25 0 0 0 0 0 0 0 0 79 0 13 0 0 0 0 0 0 0 68 0 0 0 0 0 0 0 0 0 0 14 0 0 0 0 33 0 63 0 0 16 0 48 0 0 0 98 0 0 0 0 0 0 0 0 58 66 48 51 42 0 0 0 0 1 73 0
0 0 81 0 74 0 0 0 0 0 0 0 99 0 47 0 0 23 0 0 0 0 38 35 0 0 37 0 0 0 0 0 0 55 92 0 0 0 0 0 0 0 6 0 0 0 16 8 0 93 0 0 84 0 0 0 0 0 0 0 0 0 0 0 0 0 0 0 0 0 0 0 43 0 0 39 79 0 10 0 0 92 44 0 0 0 0 0 0 0 80 0 29 0 0 0 99 50 0 0
0 0 0 0 0 0 0 0 0 0 0 0 0 0 0 0 98 0 0 74 0 0 0 16 0 0 0 0 0 0 0 0 0 0 55 0 0 0 0 0 38 0 66 0 0 0 0 0 0 0 21 0 0 93 73 9 0 0 0 0 0 0 0 0 0 8 0 0 14 0 0 0 0 18 0 3 0 0 0 0 0 0 42 0 0 39 0 0 0 0 0 0 0 0 0 0 0 0 0 6
64 0 64 0 0 63 0 0 0 0 0 0 0 84 0 0 0 26 22 0 86 0 0 0 0 0 7 0 8 0 0 0 0 0 0 39 0 17 0 0 22 0 0 0 0 0 0 0 0 47 0 4 63 0 0 0 0 0 0 0 0 0 48 0 0 0 61 0 17 0 0 70 0 0 0 0 0 7 33 0 0 0 0 0 0 0 0 0 0 0 0 0 0 0 36 0 0 0 22 0
0 0 0 99 0 0 0 20 0 0 95 0 0 0 0 0 91 0 0 48 0 0 0 0 0 56 0 0 0 8 28 0 0 24 0 0 0 0 0 0 0 0 0 0 0 0 0 0 0 0 1 96 82 0 0 0 0 53 26 0 0 52 0 0 0 0 0 0 0 70 0 0 41 0 0 0 0 0 0 0 0 81 5 48 0 0 0 0 0 52 0 0 0 0 7 0 0 0 0 0
0 0 0 0 12 0 27 21 0 0 0 0 0 1 26 0 0 0 54 8 0 0 0 0 0 53 0 92 77 0 0 0 0 0 0 0 87 0 0 0 0 0 0 0 0 0 0 22 30 0 0 0 0 0 82 0 0 0 0 0 0 0 0 95 0 0 49 0 0 0 46 2 0 66 6 0 0 9 0 25 0 0 0 0 79 0 0 18 0 24 0 0 98 83 0 78 0 42 0 43
0 0 0 34 0 0 0 0 0 0 0 0 0 0 0 53 0 0 42 0 6 0 0 96 0 0 0 17 0 0 0 0 0 0 4 0 0 0 0 0 18 0 93 0 0 0 91 0 36 0 0 94 0 0 0 46 0 57 0 61 0 0 0 0 0 20 74 0 0 0 0 0 0 0 0 0 0 20 66 0 0 0 0 0 0 97 0 0 0 0 57 0 70 0 28 8 0 0 0 0
0 0 0 0 0 0 0 0 0 0 0 0 81 0 0 0 0 59 0 23 0 0 0 0 0 0 0 0 0 0 0 0 2 0 0 12 0 67 0 9 0 0 0 0 79 84 0 0 0 0 0 50 0 0 0 0 0 0 81 58 0 0 0 0 0 0 0 33 43 0 0 0 0 0 0 0 58 0 0 3 0 26 0 0 13 35 0 0 0 0 65 66 0 0 0 0 0 0 0 0
0 0 0 36 75 0 0 0 0 0 0 0 0 0 0 0 0 65 0 0 0 0 50 0 0 0 36 0 0 69 0 15 0 64 2 0 0 0 28 0 80 0 0 2 0 0 0 0 0 0 0 0 0 0 0 0 0 0 47 0 0 0 0 0 0 0 75 0 36 0 58 0 0 24 0 0 0 0 11 8 0 0 0 0 0 0 0 0 0 0 0 38 64 0 81 0 0 89 53 91
0 0 0 80 0 0 1 0 0 0 0 6 67 0 86 9 0 7 0 0 0 0 0 88 0 0 0 0 0 0 0 0 0 0 38 82 95 0 15 0 0 19 37 18 66 0 0 78 93 0 0 60 100 0 0 0 0 0 72 0 0 30 0 0 21 60 0 0 0 97 89 0 74 0 18 35 0 0 78 6 0 0 0 0 0 0 78 0 0 0 0 59 90 0 21 80 0 44 0 24
53 0 0 0 0 0 75 0 0 0 0 0 69 0 1 0 0 0 81 0 13 86 5 0 93 0 0 15 0 0 0 93 0 0 0 0 0 0 0 0 0 0 0 0 87 0 0 0 10 48 0 0 0 0 7 0 0 0 0 39 0 0 0 0 0 53 50 0 41 0 0 0 0 0 0 0 0 19 0 0 52 50 0 0 0 0 0 19 0 0 0 0 0 0 0 0 21 0 0 0
6 18 0 0 0 0 0 0 0 0 29 0 0 0 0 0 0 1 0 0 56 0 0 0 0 0 0 0 0 0 0 0 0 80 21 82 0 0 0 48 0 0 0 68 0 0 0 0 0 0 0 0 0 57 0 0 0 90 0 0 0 0 61 0 0 0 0 0 0 0 20 0 0 0 0 1 0 29 0 54 0 0 0 0 0 0 65 0 24 0 70 0 0 0 0 0 0 0 0 15
0 0 99 0 0 0 0 0 0 0 0 0 0 0 11 68 46 0 0 96 0 0 0 0 0 0 0 0 70 27 0 38 0 0 0 0 0 0 0 0 0 0 0 0 0 0 0 0 14 0 0 0 0 0 0 0 0 0 0 0 33 99 0 0 0 0 0 0 0 0 0 0 0 0 41 9 0 6 19 0 0 0 71 0 0 0 34 0 99 0 35 0 0 0 40 0 59 18 0 0
0 0 0 32 47 0 0 25 0 0 0 0 0 0 0 0 63 0 0 0 0 0 93 11 51 0 0 0 94 0 18 0 0 0 0 0 0 0 0 65 0 0 15 0 26 0 0 0 0 30 23 0 20 0 0 0 10 50 69 74 0 0 6 48 0 0 43 0 80 0 0 0 0 0 0 0 0 0 0 0 0 0 0 0 0 0 0 0 0 0 7 0 2 0 41 0 42 0 0 0
0 0 0 0 0 0 0 0 0 0 0 0 0 0 71 0 0 41 0 0 0 0 0 0 0 0 0 0 0 0 0 0 0 0 0 0 0 0 0 0 0 51 0 0 0 0 0 0 0 0 0 0 72 47 0 83 0 0 0 0 0 0 0 0 0 0 0 91 0 0 0 8 0 0 0 23 0 0 0 0 0 31 0 35 0 30 0 0 0 0 81 0 0 0 0 0 0 0 0 0
0 0 0 0 0 40 0 0 0 0 0 0 0 0 0 0 0 0 0 0 77 0 0 0 0 0 0 0 0 0 0 0 0 0 18 0 0 38 36 43 0 0 0 96 0 0 0 0 0 0 0 0 0 0 0 0 0 0 0 0 58 0 26 0 0 0 11 0 96 0 0 0 31 0 9 28 0 58 51 0 11 0 48 0 0 45 0 0 60 42 0 61 85 0 0 0 0 0 0 13
0 0 90 0 38 19 0 0 0 0 55 14 0 22 0 0 0 0 0 0 0 17 0 87 0 0 0 78 0 0 0 0 21 0 0 0 0 0 0 0 0 0 0 0 0 0 28 0 0 0 71 74 0 0 67 0 0 0 0 0 0 0 0 73 0 0 18 0 0 84 0 0 0 100 47 0 0 13 0 0 0 0 0 0 0 16 0 100 27 0 42 8 86 0 0 0 89 48 0 0
92 0 0 38 0 0 8 0 0 7 0 0 34 0 99 0 0 0 0 0 0 0 0 0 0 0 0 81 0 0 0 0 0 0 0 0 27 65 0 0 0 11 39 0 18 0 0 0 60 15 0 0 0 0 96 0 0 0 0 0 43 24 61 0 0 0 0 73 0 0 0 0 0 0 11 0 0 5 0 66 0 0 0 0 0 0 24 0 10 0 0 0 0 0 0 0 0 0 0 0
0 28 47 0 96 0 0 83 0 0 0 0 0 0 0 0 0 0 26 0 0 0 81 0 0 0 23 0 0 0 0 0 0 27 0 0 0 0 52 0 0 0 98 0 0 0 0 0 0 0 0 0 55 0 0 49 43 0 0 84 0 0 0 62 0 0 0 11 0 0 0 0 0 0 0 19 0 77 0 0 0 0 0 45 0 0 0 30 0 0 0 0 0 0 0 65 0 0 0 0
0 0 0 0 0 0 0 0 0 0 0 0 0 83 0 0 0 0 27 0 0 0 25 59 0 0 0 0 0 84 11 0 0 0 0 0 0 0 0 0 59 0 0 0 28 0 0 0 0 9 0 5 0 77 0 0 0 0 0 0 0 0 28 0 39 0 0 0 0 0 0 0 0 44 65 100 0 0 0 0 0 0 0 0 16 44 0 0 0 0 0 0 0 0 26 0 0 0 72 41
0 0 0 68 66 0 0 0 0 0 88 0 0 0 0 0 0 0 67 3 0 0 75 0 0 0 0 0 0 0 0 73 0 0 0 0 0 0 0 0 0 0 15 0 0 0 0 0 26 0 88 0 0 69 0 31 0 62 0 0 0 0 0 0 0 0 0 0 0 0 0 0 9 16 74 0 0 61 19 0 61 0 0 0 0 0 0 0 0 0 0 0 0 0 64 1 0 20 0 0
0 0 0 0 0 0 0 54 0 0 0 0 0 0 0 0 64 0 0 0 0 0 0 0 0 0 0 0 0 0 38 0 0 0 0 0 0 0 0 31 0 0 0 0 0 30 0 0 0 0 0 0 0 0 0 81 0 42 38 0 0 0 0 0 59 0 0 0 9 0 53 0 68 0 14 0 99 1 0 0 0 0 0 91 0 90 0 0 0 0 0 0 0 0 50 36 0 0 20 15
0 79 97 0 26 0 0 56 37 0 0 8 0 0 0 0 0 0 32 81 0 0 15 60 65 61 43 0 0 0 0 0 0 0 51 78 0 0 0 0 0 0 0 0 0 0 0 0 0 0 0 0 0 50 68 0 22 0 0 67 0 0 0 87 0 46 0 0 0 0 0 0 0 0 32 43 100 0 0 0 0 0 0 0 0 0 0 49 0 0 0 87 0 100 0 61 47 42 0 0
0 35 0 0 0 0 0 0 0 0 0 0 0 0 24 64 0 2 0 0 0 0 0 0 75 0 0 0 0 0 0 61 24 0 0 0 0 0 0 0 0 10 0 0 0 0 0 41 0 58 0 0 0 0 0 0 0 56 0 0 0 0 61 0 0 0 0 0 0 70 0 41 0 0 0 52 0 0 87 0 0 0 0 0 0 0 0 0 62 0 0 0 0 0 80 88 0 0 0 0
0 0 0 0 0 55 0 22 0 39 0 0 0 0 0 89 0 0 63 0 0 65 0 0 0 0 54 0 0 0 92 0 0 0 0 97 0 0 0 0 95 0 0 0 0 0 96 0 0 0 0 0 0 0 0 0 0 0 0 0 49 9 0 0 0 0 82 0 0 0 0 0 0 0 0 0 0 0 0 0 0 50 0 0 7 0 0 100 0 0 0 0 33 0 0 0 0 0 0 0
0 0 99 0 0 0 0 0 0 0 83 0 0 21 0 2 89 0 0 39 0 17 0 47 24 0 0 0 0 0 0 74 69 0 0 0 0 0 0 0 0 0 0 0 0 0 0 0 0 0 0 0 0 0 0 0 0 0 0 0 0 0 50 0 3 0 0 0 0 0 43 0 0 0 80 0 0 0 0 44 30 0 0 63 0 76 12 0 0 0 0 0 0 0 0 0 0 0 0 0
0 0 92 0 0 0 0 0 3 100 3 0 0 5 0 0 10 97 0 0 0 0 88 0 81 5 13 0 70 0 90 0 0 0 0 0 0 63 4 0 0 80 52 0 0 28 0 0 39 86 0 68 0 0 0 0 0 0 0 0 42 0 59 55 0 0 1 0 0 0 28 84 95 0 0 0 0 0 0 0 26 0 0 68 0 0 80 64 0 0 0 0 7 30 40 0 0 0 97 0
0 0 0 0 30 0 0 0 0 0 34 0 0 0 0 0 18 0 0 0 0 0 64 0 17 0 0 91 0 0 58 0 34 15 45 64 53 43 0 0 0 0 0 0 0 0 0 51 0 21 0 0 0 0 51 0 0 0 0 87 0 82 0 0 0 0 0 0 49 0 91 0 0 77 52 0 47 0 0 0 0 34 86 0 99 0 0 0 0 0 0 78 0 31 0 0 0 89 0 0
0 0 0 0 0 0 0 87 0 0 81 0 0 0 0 0 0 0 0 0 0 0 0 0 0 0 0 0 0 0 0 0 0 0 0 69 48 0 0 0 0 0 0 87 0 0 0 0 0 42 0 0 0 36 0 0 0 82 61 14 0 0 0 0 0 0 0 14 0 0 0 0 0 0 0 2 0 36 0 0 0 39 0 0 0 0 0 0 0 43 0 0 0 0 0 58 0 0 2 4
0 0 26 0 0 0 0 0 4 81 49 94 0 0 42 0 41 0 0 0 0 0 0 9 0 0 0 0 25 0 0 0 0 0 0 27 66 0 0 0 0 0 31 0 26 0 97 0 0 0 0 83 0 0 1 0 0 0 0 0 0 0 0 8 41 78 47 0 0 0 15 0 0 0 0 0 100 0 0 0 0 0 94 0 38 0 30 0 0 0 63 0 0 41 0 0 0 0 0 0
0 0 0 0 0 0 0 0 0 0 0 0 0 0 0 0 51 0 0 0 0 0 0 0 0 46 0 0 31 0 4 0 0 0 0 0 0 99 0 8 0 0 0 28 0 0 0 0 0 0 0 0 0 66 0 0 0 0 0 0 0 0 44 79 0 0 0 86 0 0 0 73 0 0 91 57 0 11 0 0 0 0 16 0 0 0 0 44 0 85 0 0 0 0 25 0 0 0 0 92
0 0 46 0 0 0 0 0 0 0 0 32 0 0 0 0 0 6 0 0 0 6 0 0 0 0 83 20 0 0 0 0 0 0 0 97 3 78 0 0 0 0 42 0 0 82 0 0 82 0 0 0 0 0 0 80 34 0 0 0 0 0 20 0 0 56 0 0 0 0 0 0 0 0 0 0 0 0 0 0 0 0 0 33 0 76 0 0 0 0 98 0 0 0 44 0 0 0 0 29
0 42 0 0 0 0 0 0 0 4 25 0 0 0 0 0 0 51 0 0 0 0 0 71 0 0 73 0 55 88 0 0 0 0 84 83 0 0 47 0 15 0 0 0 0 91 0 0 0 56 0 0 0 98 0 0 0 20 0 77 0 0 0 0 0 0 0 1 0 0 0 0 0 0 0 34 0 0 0 0 0 0 0 0 96 91 88 0 0 40 0 0 0 0 0 51 78 0 83 0
33 0 0 0 0 0 0 97 0 0 0 73 0 0 0 0 0 0 0 0 0 53 83 0 0 0 0 0 0 0 0 0 0 0 0 0 0 0 0 0 0 0 0 0 0 0 83 0 0 0 96 0 0 0 0 0 94 0 0 21 0 0 0 0 0 0 0 0 86 0 0 0 0 0 15 0 69 48 0 0 0 0 0 0 0 0 0 0 0 0 0 0 0 0 0 92 0 0 0 0
0 99 0 0 0 23 47 42 0 0 0 83 85 75 0 0 0 0 0 0 0 0 0 0 4 60 44 0 0 0 0 27 0 0 47 0 3 0 0 0 0 0 0 0 0 0 0 0 0 0 71 94 0 10 0 0 0 0 63 0 0 0 0 88 13 0 0 0 0 0 0 0 0 0 0 0 100 0 91 0 0 0 0 0 0 0 0 28 0 0 0 12 0 0 0 0 0 8 0 98
0 0 0 69 0 0 14 48 0 0 0 70 0 38 87 0 0 76 0 13 33 48 0 0 0 43 0 0 0 0 0 3 0 0 0 0 0 0 0 65 44 0 0 0 88 29 0 0 0 8 0 0 0 0 0 0 0 0 0 0 0 0 0 0 83 0 0 0 86 0 0 58 0 0 0 0 0 0 0 0 0 0 0 0 0 0 0 0 0 0 10 0 88 98 8 8 0 0 0 17
0 0 55 56 0 7 0 0 0 0 0 39 0 0 0 0 0 0 43 0 0 0 0 0 83 0 0 0 0 0 0 0 0 18 0 0 86 14 0 0 0 0 58 0 0 0 0 0 0 0 55 0 94 0 0 2 71 61 47 0 26 0 46 0 0 0 0 0 0 0 0 0 81 0 0 0 68 0 99 0 0 0 0 96 0 0 0 90 0 65 94 0 75 0 0 90 11 45 97 0
0 0 0 0 0 0 0 84 16 0 0 0 0 81 0 0 0 0 0 0 0 0 0 0 0 28 96 0 0 89 0 0 0 0 0 17 0 0 100 0 3 0 0 0 60 0 0 0 13 0 20 0 38 0 0 0 0 77 55 0 0 0 9 0 8 50 0 0 37 0 0 0 91 0 0 0 0 0 0 10 0 0 0 0 0 0 0 0 94 0 0 0 0 75 0 0 52 0 0 0
0 0 0 0 10 0 0 0 0 0 0 0 0 0 0 0 62 45 53 0 77 0 0 0 0 0 22 0 0 0 0 0 0 0 0 0 0 98 0 0 0 0 17 37 0 0 0 0 0 94 0 13 0 0 0 0 0 0 0 0 16 0 0 96 0 0 0 0 0 28 0 0 25 0 0 0 95 0 0 88 0 16 0 0 0 45 0 0 0 0 0 0 0 0 0 7 0 0 95 0
40 100 0 0 0 0 31 0 0 84 0 73 45 0 0 0 0 0 0 0 14 0 0 0 0 0 0 51 0 43 24 65 0 0 37 50 77 0 0 53 0 0 0 0 0 28 0 0 0 0 0 0 0 0 0 0 0 50 0 0 0 53 0 92 0 0 0 19 0 0 80 84 0 0 0 0 64 0 11 0 0 0 86 0 0 32 0 0 0 0 72 2 0 0 0 0 0 0 0 0
0 0 89 0 69 0 0 0 0 0 0 47 61 0 0 0 82 0 49 0 0 59 0 0 0 0 0 0 0 0 0 0 0 0 0 0 0 0 0 0 0 0 0 0 0 100 0 0 6 0 70 0 0 71 0 0 0 0 0 0 8 71 0 0 41 0 0 0 0 0 0 27 2 0 0 58 56 0 0 0 0 0 0 0 0 0 0 0 0 0 0 0 0 0 58 0 0 85 0 99
0 19 0 6 0 83 0 78 12 0 0 62 0 0 100 0 0 35 17 0 93 0 0 0 0 29 0 0 0 63 88 0 0 94 0 59 73 64 0 0 0 0 0 0 0 18 0 9 0 0 0 0 39 88 0 0 0 63 0 0 0 0 66 0 0 0 15 0 0 0 80 0 0 76 0 0 0 76 0 59 0 0 15 0 0 0 0 0 45 17 40 0 21 0 0 0 0 0 0 0
0 0 0 6 25 0 0 0 10 0 0 0 0 20 65 0 0 0 0 0 0 0 0 63 0 0 0 0 0 59 0 0 81 0 0 0 0 33 25 2 0 0 71 100 0 0 0 0 0 0 0 79 0 0 0 0 35 0 0 0 72 83 0 90 0 0 0 0 0 0 35 1 0 0 0 3 0 0 0 0 0 0 92 0 58 0 0 0 0 0 0 0 0 0 0 0 0 0 0 0
0 0 0 0 0 0 12 36 8 98 0 0 94 0 0 0 0 0 24 0 0 13 0 0 0 0 0 0 0 0 0 15 36 21 68 11 0 89 0 0 0 0 0 0 70 75 0 0 0 16 0 0 0 0 58 68 86 0 26 0 4 0 0 0 0 0 0 0 99 0 0 68 0 0 0 0 84 0 0 0 4 58 46 0 0 0 35 0 0 0 0 0 100 0 89 0 0 0 0 0
61 0 0 97 0 0 0 69 0 0 0 80 0 8 72 0 0 0 0 0 67 0 0 0 0 0 0 94 0 0 63 0 31 0 21 0 0 0 20 0 0 0 0 0 0 0 0 0 0 92 4 0 40 79 0 0 0 0 0 0 0 0 0 0 0 0 0 0 36 0 7 83 0 0 0 0 0 0 0 52 0 91 27 0 0 0 0 0 0 0 40 0 0 0 0 0 46 0 0 82
66 0 2 0 87 53 16 0 6 0 0 0 0 0 0 98 0 0 56 0 9 0 35 0 0 0 0 0 0 0 72 0 0 20 71 0 44 0 0 0 0 38 0 0 0 0 39 0 27 88 12 0 0 0 0 0 0 0 0 55 0 0 40 0 0 52 88 74 0 0 0 75 0 0 0 0 0 86 9 0 87 0 81 0 0 0 0 0 0 0 0 0 0 0 16 0 0 0 0 0
56 82 0 0 0 86 0 0 0 0 0 0 0 0 0 0 95 0 0 48 0 0 0 40 88 0 0 0 29 0 32 0 0 0 0 55 0 13 31 0 0 0 99 0 47 0 0 0 86 38 0 49 27 0 18 0 0 0 0 0 0 0 0 0 0 0 92 0 14 0 0 0 97 0 0 59 86 0 0 59 0 87 0 0 0 0 0 0 83 0 0 0 0 49 0 0 54 5 52 0
0 0 0 0 0 0 0 0 18 0 0 0 0 0 0 0 0 0 0 0 0 0 0 0 0 0 40 65 0 28 0 50 0 0 0 0 0 0 0 0 0 81 38 0 0 73 0 0 0 0 28 0 0 35 0 0 25 0 0 0 84 0 58 0 0 51 0 0 82 0 0 16 0 0 0 0 0 0 0 0 0 23 46 0 0 0 0 23 0 65 99 0 0 0 0 0 0 0 91 0
0 0 0 12 0 0 83 0 0 0 45 0 32 14 73 89 0 0 0 0 0 0 55 0 56 98 34 0 0 23 1 0 0 0 0 0 0 0 0 0 0 0 72 0 54 0 85 0 0 0 0 4 41 0 0 0 0 0 0 0 0 0 0 48 14 4 0 18 0 0 0 0 0 74 0 54 0 15 77 0 0 0 80 52 0 0 0 0 0 0 0 0 0 92 0 0 0 0 0 0
0 0 0 0 0 0 0 0 0 0 50 0 0 0 10 0 0 0 81 90 0 0 0 0 0 0 0 66 63 0 73 24 0 0 13 0 15 0 0 18 46 0 0 0 0 92 0 38 0 49 0 0 75 0 0 0 34 0 19 0 0 0 0 0 0 0 0 0 91 0 0 0 0 0 0 65 33 0 0 0 0 0 9 0 0 0 0 0 41 0 0 0 0 0 0 0 72 0 0 83
0 0 0 0 0 0 67 40 36 0 0 0 0 4 77 0 0 12 0 88 0 92 0 0 0 0 0 0 85 69 0 0 68 0 0 0 3 80 0 0 0 0 0 0 0 0 0 0 0 0 15 44 0 0 0 22 22 0 77 4 0 0 0 0 44 47 0 0 0 0 0 0 54 0 0 0 0 0 0 0 0 0 68 0 0 88 0 0 0 0 0 67 94 0 0 0 28 0 0 0
0 0 61 0 0 0 55 0 77 57 0 0 18 0 0 11 76 0 0 45 61 0 0 0 0 0 0 0 0 0 18 0 0 0 25 0 0 74 79 0 0 82 86 0 0 0 0 0 40 0 0 0 0 0 0 90 0 0 0 0 36 13 0 72 0 0 0 0 0 0 0 0 58 0 0 26 0 0 0 77 0 0 0 0 0 0 0 50 0 15 69 0 0 0 0 0 0 0 0 0
0 0 33 0 0 0 0 78 19 0 0 0 0 0 20 0 0 98 44 0 0 0 0 42 0 0 0 0 5 0 66 38 0 0 0 0 0 0 66 0 0 0 74 0 0 0 38 0 0 94 0 96 0 0 0 0 39 96 0 0 0 0 0 0 20 14 0 0 0 0 0 0 0 0 0 0 0 0 22 0 0 0 0 5 57 0 0 0 13 99 0 0 0 0 0 0 0 48 63 0
0 0 0 0 22 0 0 0 0 0 0 0 0 0 0 60 0 0 0 0 0 0 0 0 0 0 0 0 0 0 0 0 0 19 0 48 0 0 0 12 0 0 0 0 0 4 0 13 0 0 0 32 0 0 0 0 0 0 0 86 0 64 0 0 50 0 0 0 0 25 0 35 0 0 0 0 0 0 0 0 0 19 24 0 0 0 0 0 0 0 0 79 0 0 0 0 53 0 0 0
0 41 0 0 0 0 0 0 0 0 0 0 0 0 46 0 0 0 0 16 14 0 0 65 0 0 42 88 0 0 0 0 53 0 0 0 0 0 35 0 0 0 0 0 81 0 0 0 0 35 0 0 0 0 0 0 0 37 100 56 0 72 0 72 0 37 0 67 24 0 41 0 0 0 0 64 7 0 37 0 0 0 0 57 49 0 0 16 0 64 0 86 0 0 0 23 0 6 0 0
20 0 0 68 0 64 0 0 0 100 0 0 0 0 0 0 0 66 0 80 0 0 0 43 0 83 0 0 0 0 0 0 25 24 0 0 0 0 99 99 87 0 0 0 0 0 0 0 0 0 0 0 0 42 0 0 0 35 0 0 0 0 30 0 17 57 0 0 0 24 0 0 32 0 0 90 0 7 0 0 51 0 65 14 0 0 0 68 0 4 0 84 0 0 12 17 0 37 0 0
4 55 0 0 100 0 0 0 43 0 0 57 57 0 30 37 0 90 0 0 0 0 0 0 0 38 21 0 53 0 0 0 46 0 94 0 0 0 0 8 64 0 55 0 76 0 0 0 0 0 0 0 0 0 0 0 0 0 0 22 0 0 0 0 0 0 0 0 61 0 0 0 0 0 6 0 0 0 0 0 0 0 79 0 0 0 0 41 0 3 0 13 0 0 0 0 0 52 0 0
0 0 0 0 0 0 97 0 0 0 0 0 0 0 38 99 0 0 86 0 0 0 0 91 0 27 0 0 2 37 0 0 0 0 0 0 18 0 15 0 97 0 0 0 0 0 7 0 0 0 0 0 0 21 0 20 0 0 4 0 0 0 0 0 100 13 0 0 0 0 0 0 0 61 0 0 0 0 0 93 0 0 0 46 0 0 0 0 0 0 0 3 0 0 0 0 84 0 0 0
0 0 0 67 0 0 77 0 0 0 0 0 31 0 0 0 0 0 0 81 88 0 0 37 0 75 0 0 0 0 18 0 34 0 28 0 0 93 0 37 0 0 1 0 0 0 0 13 0 0 0 0 0 0 0 0 0 0 58 0 0 0 0 0 87 0 0 0 0 0 58 43 0 0 42 0 22 52 39 0 0 0 0 9 13 0 0 0 0 0 0 0 0 0 0 0 96 0 0 41
0 0 0 61 0 59 0 0 44 0 60 58 0 0 0 6 0 0 0 0 0 0 0 0 0 0 0 0 53 12 6 0 0 0 0 0 2 0 0 0 0 0 81 0 0 0 31 0 17 56 0 97 0 0 0 0 0 66 0 0 60 0 0 0 0 0 0 0 0 0 0 67 0 0 0 0 0 0 0 0 0 0 0 43 0 0 0 0 34 0 0 0 0 0 0 3 52 0 55 34
0 50 0 0 0 6 0 0 0 0 84 0 80 0 71 0 0 3 4 0 77 0 3 0 0 0 27 0 0 0 0 0 0 81 16 0 0 0 0 0 92 0 87 56 0 0 0 21 0 0 0 0 0 0 93 0 0 0 0 0 2 0 0 0 0 0 0 54 74 29 55 0 0 0 0 0 91 0 0 0 0 14 5 0 0 0 0 51 8 0 0 0 0 0 0 0 0 35 0 0
0 0 0 0 0 27 0 0 53 13 0 0 30 32 0 0 17 0 0 0 0 0 0 71 0 0 0 0 30 0 0 0 0 64 0 0 0 76 0 60 47 71 0 0 0 0 0 0 98 0 0 0 13 0 0 0 58 0 0 0 0 0 0 0 0 0 0 81 0 0 0 0 0 23 52 73 0 0 0 0 35 0 0 0 0 0 0 0 0 0 0 0 0 0 0 0 0 14 0 58
0 0 0 19 0 80 32 0 0 0 0 0 0 0 0 0 68 0 69 0 26 0 0 0 45 67 0 0 37 18 0 0 0 29 0 0 85 0 0 0 0 76 0 75 0 0 21 0 0 0 88 0 0 5 0 0 0 0 0 0 0 0 0 0 88 0 0 0 0 60 48 0 38 22 0 33 0 2 0 53 0 0 0 0 0 11 0 0 0 0 53 0 52 58 0 0 5 0 0 0
62 0 0 0 5 0 0 0 0 0 0 0 0 87 0 24 0 0 0 28 7 0 50 27 94 0 0 0 81 0 0 0 0 0 0 0 0 0 0 0 0 0 74 0 0 0 0 0 0 0 92 19 0 0 0 0 0 0 0 0 0 3 0 0 74 0 0 0 0 0 84 0 0 0 0 95 0 0 0 0 0 0 82 0 0 0 1 0 0 0 0 0 0 0 64 3 0 0 0 0
74 0 57 0 10 0 0 0 0 0 29 0 0 0 38 0 45 0 0 0 0 29 33 0 0 88 0 0 0 0 0 0 0 0 0 0 0 0 19 0 0 0 0 0 0 0 0 0 0 0 0 0 0 0 0 0 0 0 0 0 48 15 0 40 0 0 0 0 0 0 0 92 72 0 24 0 0 47 0 0 0 0 0 27 0 0 0 0 0 0 0 0 33 0 0 0 80 55 48 46
0 0 0 0 0 0 0 0 0 8 0 0 0 0 18 0 0 0 0 0 0 0 0 0 0 69 0 19 67 0 0 0 67 0 26 69 0 0 0 0 0 0 0 13 0 0 0 0 36 0 0 59 0 75 0 0 92 0 0 19 0 47 56 0 0 0 24 0 0 0 77 0 0 0 0 0 0 0 0 0 0 0 85 0 0 0 89 0 0 0 54 0 0 30 0 37 0 0 0 0
0 0 0 0 0 97 45 81 60 0 39 0 0 0 0 0 0 0 0 45 65 0 0 0 0 55 0 0 0 0 0 0 72 17 0 0 0 0 0 28 0 0 29 12 0 0 0 54 0 0 0 52 0 0 0 0 0 0 0 0 0 0 51 0 0 0 0 0 0 17 62 0 0 0 0 0 0 0 45 0 0 0 0 0 93 0 0 0 0 0 49 0 0 0 0 0 0 0 0 0
0 92 21 0 0 0 0 0 1 47 0 54 55 26 0 0 0 0 0 86 0 0 11 42 0 0 0 0 92 0 0 0 0 0 0 0 17 0 0 0 0 0 37 0 0 83 0 0 0 0 20 0 0 42 0 0 0 0 0 0 0 0 0 92 58 0 1 0 0 0 0 0 61 0 87 5 0 0 0 19 0 0 0 0 0 0 0 0 0 0 44 0 0 0 0 0 25 24 0 0
0 0 0 0 0 0 0 0 0 0 0 0 0 0 0 0 0 0 0 0 12 0 0 95 8 41 0 0 0 0 0 0 19 96 0 4 0 36 0 0 0 0 25 49 0 0 0 42 76 0 6 0 0 0 0 0 0 0 0 0 0 0 73 0 0 17 0 79 0 0 0 69 0 66 0 0 50 0 0 0 0 37 0 0 0 0 79 82 97 0 0 0 0 45 0 0 58 0 72 0
30 0 0 0 0 47 13 95 0 0 0 55 0 0 0 0 0 13 58 0 0 70 0 83 20 0 0 0 0 0 0 0 0 0 0 0 0 27 0 0 55 0 0 0 26 0 0 0 0 0 0 0 0 0 0 0 0 0 91 0 0 68 0 13 0 0 69 0 0 0 31 0 58 70 57 0 0 0 0 0 0 93 0 0 0 85 23 34 0 85 0 0 3 9 0 0 26 0 0 0
0 21 89 0 83 0 0 59 0 0 7 0 88 0 0 0 0 0 0 5 0 84 0 69 51 0 0 0 0 0 0 0 0 0 0 0 29 0 0 0 0 0 0 0 0 0 0 0 0 0 0 60 0 0 0 0 71 0 0 0 71 0 0 0 0 0 0 0 0 0 85 0 0 0 0 0 0 73 0 0 0 0 0 0 34 0 0 0 0 31 0 14 2 0 0 0 0 74 0 29
0 27 0 0 0 0 0 0 0 0 0 0 0 0 0 0 0 0 36 77 0 26 0 0 0 0 0 0 0 0 0 0 0 0 77 0 73 0 100 0 0 0 0 45 0 0 0 9 94 30 0 0 0 0 0 0 67 82 0 4 0 0 0 0 0 0 0 0 0 0 0 0 0 0 0 0 0 0 57 0 0 88 0 0 0 0 0 0 0 0 6 0 11 0 0 0 0 0 47 0
13 0 23 0 0 0 0 57 0 51 0 25 0 79 0 0 0 44 15 0 0 0 23 0 0 0 0 80 0 0 0 0 0 0 0 0 0 0 0 0 22 0 0 0 0 0 0 0 0 0 0 0 0 0 0 32 0 0 0 0 0 0 67 0 0 0 0 0 69 0 67 0 5 48 45 99 0 0 0 0 74 0 51 92 68 19 37 96 70 0 0 0 0 0 0 0 0 0 0 61
0 0 65 0 0 33 0 0 0 95 0 32 0 0 0 0 1 63 0 0 0 0 0 0 74 48 0 0 0 0 0 0 0 0 79 0 0 88 0 0 0 0 70 0 48 0 37 0 0 0 48 0 94 0 0 0 0 0 0 0 0 0 0 22 3 0 0 0 30 0 0 0 0 0 0 22 0 0 0 0 0 8 0 0 83 17 70 0 0 0 0 0 64 0 0 0 0 0 0 0
0 0 0 0 0 0 16 13 99 87 60 0 56 0 0 0 0 0 36 0 53 57 0 13 0 0 0 0 0 0 0 0 0 0 18 0 0 0 0 0 0 0 0 0 68 0 0 0 40 33 86 25 0 0 0 0 91 0 0 0 0 0 0 0 0 0 62 0 57 0 0 0 0 0 0 0 74 0 0 0 0 0 0 0 0 0 0 0 0 0 63 0 43 91 80 15 0 0 0 55
0 0 0 0 0 8 0 63 0 0 0 88 0 0 0 0 67 0 0 0 0 0 0 1 0 0 0 0 0 48 0 49 0 0 0 0 0 0 0 0 0 67 0 0 0 0 0 0 0 0 22 0 0 32 0 0 16 0 0 0 0 0 0 0 0 12 0 0 0 0 0 0 0 41 44 0 0 0 0 9 0 0 0 0 41 0 0 0 0 0 0 0 0 0 0 42 0 0 0 0
0 0 0 0 0 0 0 6 0 65 0 0 0 78 0 13 0 0 0 0 0 0 0 0 0 0 0 0 78 0 0 0 14 0 0 0 0 0 0 0 0 0 73 90 3 68 0 0 4 0 0 0 0 0 0 0 0 36 93 0 0 87 0 0 0 0 0 52 0 0 94 0 0 0 0 71 0 0 0 0 0 73 0 0 0 0 13 0 89 13 13 92 53 0 78 0 0 82 0 0
0 42 0 0 0 0 0 0 0 74 0 0 0 0 0 0 0 0 0 60 7 81 85 97 0 0 0 0 0 0 0 0 0 0 65 28 0 0 0 0 0 99 100 0 0 0 0 0 78 0 0 0 0 0 0 66 0 0 0 0 0 0 16 100 0 0 0 94 0 82 0 0 0 0 0 0 0 29 0 0 0 34 0 0 54 56 58 0 0 0 0 0 0 0 78 83 0 0 28 0
0 0 0 0 0 53 87 0 0 0 0 0 75 0 0 0 0 0 0 0 0 0 0 0 5 99 0 0 0 0 0 5 0 0 0 0 0 0 0 0 79 0 48 0 0 0 0 39 0 95 0 0 0 0 39 0 22 0 0 0 0 0 43 94 6 21 44 0 26 0 0 0 25 4 0 0 0 0 0 0 0 0 9 0 0 0 0 0 0 0 0 0 0 0 65 0 83 0 0 0
35 0 0 0 0 100 0 2 0 0 0 83 0 0 11 0 14 0 99 62 11 26 30 0 53 0 0 38 0 0 0 0 0 0 0 0 0 0 44 0 0 0 0 0 0 0 95 0 0 0 0 11 0 42 28 0 0 0 0 0 0 78 0 0 0 0 0 0 0 0 0 0 0 67 0 0 65 0 0 0 0 0 88 0 0 82 0 0 0 0 0 0 0 33 76 0 65 0 0 0
0 64 0 0 0 0 88 0 0 0 0 0 0 73 0 0 0 38 0 0 0 0 0 0 0 0 15 0 0 73 0 11 0 0 0 0 0 0 98 0 0 0 0 6 0 16 0 86 0 0 16 0 32 9 27 0 0 0 0 18 0 56 0 0 0 95 0 0 0 59 0 0 80 0 0 0 12 0 0 49 91 0 0 86 0 0 70 0 44 78 0 0 0 0 0 0 0 62 0 0
0 0 0 72 0 89 81 0 4 0 36 27 0 0 34 0 82 0 0 0 0 77 0 0 95 83 0 0 0 0 0 10 0 21 0 0 0 0 0 0 0 0 19 28 0 0 9 0 0 0 0 94 0 0 0 0 0 0 8 0 30 0 0 48 0 0 0 0 0 24 0 37 17 0 0 0 46 5 0 0 0 48 0 0 73 5 0 0 0 0 0 72 0 0 0 0 0 0 0 0
0 0 5 0 0 0 0 0 7 47 0 0 0 0 0 86 0 0 0 0 0 0 0 0 0 66 0 87 51 0 0 0 0 0 0 0 0 0 57 0 0 0 0 0 87 0 0 0 71 0 0 0 0 0 0 0 0 0 0 0 0 0 30 35 0 47 72 20 0 20 0 0 26 0 0 0 0 0 0 0 0 0 0 0 0 0 7 0 0 0 2 37 0 0 0 0 0 0 85 0
0 0 0 19 0 90 0 0 52 0 83 76 0 0 0 88 0 0 0 0 0 0 77 3 0 0 0 0 57 0 0 20 0 0 0 0 0 0 0 0 0 0 0 0 0 66 18 0 0 13 15 75 0 0 0 0 89 0 0 0 0 67 38 0 33 0 0 0 0 0 0 76 0 0 0 0 0 0 0 0 0 0 23 10 0 0 0 0 0 18 28 82 0 0 0 0 0 69 79 53
0 0 0 0 0 0 0 0 9 0 0 0 0 0 0 0 29 0 0 0 0 0 0 93 0 0 0 0 0 0 0 0 0 0 0 0 0 0 0 0 0 78 100 0 0 96 7 1 45 0 0 0 0 0 0 0 0 0 0 0 0 0 0 0 0 30 0 16 0 0 0 25 0 0 0 0 67 0 84 0 0 0 10 0 0 0 0 0 0 0 0 0 0 0 0 0 0 0 52 0
66 0 38 0 0 65 84 100 0 0 48 27 12 0 0 0 0 0 0 47 0 0 0 40 0 0 20 0 24 0 0 0 0 0 0 9 13 0 4 0 94 0 0 41 43 0 100 0 44 0 0 73 0 86 0 0 22 0 0 0 0 0 0 88 0 0 39 0 0 0 74 0 0 0 0 0 0 0 0 58 28 0 0 0 75 0 0 0 0 0 0 0 0 0 0 61 0 0 0 99
0 0 0 0 0 35 0 0 0 0 0 0 50 0 0 0 0 98 0 56 0 0 0 0 0 100 97 0 0 0 0 7 48 0 0 0 36 0 60 0 0 0 0 37 0 0 0 0 0 0 88 0 84 0 78 0 0 0 19 0 0 0 0 0 0 0 0 0 40 25 0 69 65 0 0 0 0 0 0 0 0 0 88 0 0 0 0 0 0 0 0 0 36 0 0 0 0 0 0 0
0 7 0 100 0 0 0 58 40 0 0 0 82 0 0 73 0 0 61 0 0 0 0 0 44 76 0 0 0 0 0 52 0 0 0 0 0 0 0 0 20 0 0 0 0 0 0 0 0 0 0 86 0 0 0 0 0 20 0 30 0 0 0 0 0 89 0 0 0 0 0 0 70 8 47 0 0 0 0 25 0 84 0 0 19 35 0 0 22 0 0 0 0 0 0 70 0 0 43 0
0 0 42 0 0 0 0 52 0 0 45 70 0 0 0 0 0 0 0 0 0 18 0 61 34 0 0 0 0 0 0 0 71 79 34 37 62 0 12 25 84 0 0 0 24 0 0 0 0 0 57 0 0 0 0 0 0 0 0 0 89 10 0 0 0 0 0 0 0 0 9 0 21 0 0 0 0 0 0 0 28 0 0 34 0 0 9 69 32 0 0 23 0 0 0 100 65 82 0 0
0 0 42 0 0 0 0 0 0 0 41 0 33 53 65 95 0 0 0 0 0 6 8 69 43 0 0 15 0 0 39 0 0 72 0 0 0 0 0 0 0 14 0 0 75 100 0 0 65 0 13 0 0 0 0 0 30 86 0 50 9 0 0 0 0 0 1 0 0 74 0 0 68 64 0 40 0 0 0 0 11 67 0 0 0 0 0 0 0 0 76 92 96 90 0 0 0 0 0 90
0 0 0 0 0 0 0 39 0 48 0 0 0 0 0 0 91 0 67 0 0 0 0 0 0 92 37 11 0 0 0 0 0 0 84 0 0 0 0 0 98 98 0 71 0 0 0 69 0 0 0 0 0 22 36 0 0 0 0 0 34 0 0 0 0 6 0 0 0 0 0 44 0 0 0 0 0 69 0 0 0 0 0 0 0 0 0 0 18 48 78 69 0 0 0 0 0 0 0 80
63 33 59 0 80 0 74 43 0 89 0 0 0 0 0 0 0 0 0 62 0 0 0 0 0 0 0 0 0 0 0 0 0 94 46 96 1 0 83 41 0 16 45 0 0 0 0 37 0 0 0 82 0 0 96 0 0 0 21 27 0 0 65 0 0 0 0 0 0 0 38 0 0 17 0 0 0 0 0 49 16 0 4 0 0 0 0 0 0 0 8 0 0 42 0 65 0 98 0 0
0 0 0 0 0 0 0 40 87 69 0 0 7 0 0 0 0 0 0 0 64 98 0 49 38 55 88 0 0 0 0 69 15 0 0 0 0 0 0 94 0 0 0 0 0 67 0 91 0 0 0 0 0 0 0 0 38 46 0 0 0 0 0 42 0 0 0 0 0 0 0 0 0 0 0 0 0 0 63 51 0 0 0 96 0 0 0 0 8 16 0 0 0 0 0 0 0 52 0 19
0 0 0 14 0 0 0 0 0 0 0 71 40 0 0 27 0 0 0 0 0 0 0 35 0 62 42 0 37 0 80 0 0 0 0 0 0 66 0 0 0 84 0 0 0 0 0 0 10 59 0 0 0 0 0 83 0 0 21 0 0 0 12 0 0 0 0 0 0 24 36 45 0 0 0 88 0 0 0 0 0 0 0 0 0 0 0 0 72 0 0 0 0 0 0 0 0 85 0 0
84 32 44 0 0 0 0 92 0 0 0 44 9 0 0 0 0 0 0 8 0 0 0 0 0 0 0 0 0 0 94 0 0 0 0 95 0 58 9 0 0 0 0 0 36 0 0 0 0 0 0 0 0 70 0 0 0 0 0 0 0 54 42 0 0 0 50 74 75 100 0 0 0 0 0 60 31 0 0 50 29 27 0 0 2 10 0 0 0 0 54 28 0 0 0 0 49 0 28 0
0 0 14 35 0 0 0 0 0 80 41 0 0 72 0 15 0 0 0 0 0 7 0 0 0 99 0 0 0 0 36 92 0 0 0 0 89 0 0 0 15 0 0 95 0 0 98 0 23 0 27 80 0 28 15 0 0 0 0 0 0 7 51 0 0 0 0 31 55 0 0 0 0 0 0 0 0 0 0 0 83 61 0 0 69 0 53 57 0 0 0 51 0 0 17 0 0 0 0 0
0 0 0 0 0 0 0 0 72 0 0 0 0 17 0 0 0 0 0 0 100 0 97 0 0 0 0 0 91 2 0 0 0 0 17 0 0 0 0 0 0 0 0 0 16 0 27 0 0 75 70 0 0 0 0 0 0 0 0 0 0 0 0 0 0 0 62 0 0 0 84 0 0 26 98 0 0 0 0 0 0 1 0 0 0 3 0 0 0 0 0 0 35 0 0 5 0 0 0 0
0 0 14 84 40 0 0 0 0 0 63 0 0 0 59 0 0 0 57 0 91 76 0 0 47 19 0 48 0 19 0 0 0 0 0 0 38 37 0 0 0 0 0 0 0 27 0 0 0 0 0 0 48 47 0 81 0 0 0 0 0 0 0 0 0 0 0 0 0 0 4 0 0 96 19 0 0 0 0 13 72 0 0 0 0 0 0 93 0 44 0 0 18 31 0 26 0 0 14 0
0 0 0 72 0 49 0 0 0 2 0 77 0 0 0 95 0 0 0 81 0 0 0 0 0 0 0 0 0 0 0 0 0 0 0 0 0 0 0 0 0 0 98 0 0 0 0 31 0 0 0 7 0 0 9 0 0 0 0 0 96 0 0 0 43 0 0 0 0 0 0 0 0 0 0 0 0 0 0 0 0 0 71 0 0 0 0 38 55 0 0 0 0 10 0 0 0 25 0 60
3 0 0 0 0 0 0 0 0 0 86 0 0 0 0 0 0 0 0 0 22 0 0 0 0 0 0 8 0 0 0 0 0 0 0 0 0 17 0 0 0 0 0 0 0 66 75 0 97 0 26 5 13 0 0 0 52 0 0 0 0 0 88 0 0 0 0 0 0 0 0 0 0 0 94 0 19 0 0 0 19 0 0 0 0 17 20 87 0 0 0 25 0 0 0 78 74 0 59 5
89 44 91 0 78 0 28 0 0 0 0 2 0 0 0 0 0 0 0 18 0 42 0 0 0 0 0 0 0 0 0 73 0 78 0 0 0 0 0 0 0 0 69 0 27 0 0 0 0 0 0 0 8 0 0 0 0 0 0 0 0 0 0 5 0 0 0 0 7 0 14 0 0 47 0 23 0 0 0 46 0 0 0 0 0 0 0 0 11 16 3 30 65 0 0 0 0 94 84 0
0 0 99 0 57 0 0 0 0 0 0 0 4 0 35 0 0 67 0 0 0 0 68 31 0 0 36 0 0 0 0 0 0 57 95 0 0 0 0 0 0 0 33 0 0 0 25 96 0 76 0 0 79 0 0 0 0 0 0 0 0 0 0 0 0 0 0 0 0 0 0 0 17 0 0 8 13 0 92 0 0 30 32 0 0 0 0 0 0 0 53 0 67 0 0 0 80 61 0 0
0 0 0 0 0 0 0 0 0 0 0 0 0 0 0 0 34 0 0 15 0 0 0 92 0 0 0 0 0 0 0 0 0 0 81 0 0 0 0 0 20 0 13 0 0 0 0 0 0 0 30 0 0 53 59 44 0 0 0 0 0 0 0 0 0 56 0 0 53 0 0 0 0 92 0 54 0 0 0 0 0 0 44 0 0 91 0 0 0 0 0 0 0 0 0 0 0 0 0 12
9 0 46 0 0 99 0 0 0 0 0 0 0 48 0 0 0 89 39 0 28 0 0 0 0 0 32 0 71 0 0 0 0 0 0 39 0 81 0 0 80 0 0 0 0 0 0 0 0 48 0 74 45 0 0 0 0 0 0 0 0 0 20 0 0 0 49 0 27 0 0 50 0 0 0 0 0 91 59 0 0 0 0 0 0 0 0 0 0 0 0 0 0 0 95 0 0 0 24 0
0 0 0 28 0 0 0 34 0 0 21 0 0 0 0 0 34 0 0 22 0 0 0 0 0 28 0 0 0 7 40 0 0 84 0 0 0 0 0 0 0 0 0 0 0 0 0 0 0 0 8 1 64 0 0 0 0 55 33 0 0 46 0 0 0 0 0 0 0 61 0 0 49 0 0 0 0 0 0 0 0 73 9 87 0 0 0 0 0 32 0 0 0 0 100 0 0 0 0 0
0 0 0 0 14 0 39 63 0 0 0 0 0 54 22 0 0 0 97 43 0 0 0 0 0 37 0 91 91 0 0 0 0 0 0 0 22 0 0 0 0 0 0 0 0 0 0 2 29 0 0 0 0 0 33 0 0 0 0 0 0 0 0 76 0 0 25 0 0 0 30 27 0 44 31 0 0 21 0 64 0 0 0 0 17 0 0 77 0 63 0 0 99 3 0 35 0 71 0 53
0 0 0 92 0 0 0 0 0 0 0 0 0 0 0 85 0 0 88 0 95 0 0 11 0 0 0 10 0 0 0 0 0 0 16 0 0 0 0 0 61 0 24 0 0 0 42 0 8 0 0 53 0 0 0 55 0 29 0 80 0 0 0 0 0 92 47 0 0 0 0 0 0 0 0 0 0 52 6 0 0 0 0 0 0 91 0 0 0 0 10 0 51 0 2 47 0 0 0 0