100
0 0 0 70 0 0 73 0 22 0 0 36 0 0 53 0 0 0 0 0 40 0 0 0 52 71 0 0 0 0 0 0 79 0 0 0 0 0 81 0 0 0 0 84 0 78 47 0 0 0 0 0 0 0 93 0 0 0 46 0 0 0 91 0 0 55 65 0 0 0 0 0 0 0 0 0 0 0 0 9 83 8 55 0 0 0 0 0 0 0 0 0 0 0 0 0 0 0 84 0
0 0 0 33 0 0 1 94 0 4 10 0 0 99 0 0 0 55 16 0 0 0 0 0 91 84 0 1 0 81 0 0 0 0 0 0 55 0 0 0 0 0 0 82 0 0 0 0 0 0 0 0 0 0 0 28 0 0 89 53 0 64 0 0 0 13 0 58 0 0 78 0 0 0 0 0 99 21 0 58 0 61 0 15 5 0 0 0 0 0 0 0 0 0 0 0 0 0 0 0
0 0 0 0 0 0 0 86 0 0 0 0 0 75 0 34 0 0 0 0 0 0 0 0 24 0 0 0 0 38 0 0 0 0 0 76 38 0 0 0 0 83 22 0 37 0 0 0 24 53 22 3 0 0 26 0 0 53 0 0 0 0 0 49 0 0 0 0 0 0 0 0 0 0 0 0 0 0 0 0 0 0 48 33 0 0 0 1 0 0 0 0 47 0 0 0 88 0 0 0
42 0 0 0 0 0 0 0 0 67 0 21 0 0 0 0 0 44 96 41 1 0 86 15 0 0 0 0 0 0 0 0 28 0 0 0 60 0 76 84 43 0 0 0 85 0 0 25 0 98 0 97 0 0 0 48 95 63 0 0 0 0 0 0 96 0 0 0 0 0 0 3 0 0 0 0 41 0 74 0 0 0 0 0 0 0 0 19 42 0 0 79 0 0 0 0 0 0 0 48
0 86 0 0 0 0 41 0 0 68 0 0 3 70 29 0 0 0 0 0 0 0 0 0 0 0 0 54 0 0 57 0 0 0 10 62 0 0 0 0 0 0 0 12 21 0 0 0 0 0 24 56 39 0 0 92 0 0 0 0 0 0 0 86 0 0 0 0 0 94 56 0 0 82 15 0 0 0 65 0 0 0 0 0 92 0 0 0 0 0 0 0 31 52 4 22 0 0 0 0
0 0 0 0 0 0 0 41 0 82 0 0 0 0 0 0 0 0 0 0 0 0 0 66 0 10 0 0 0 78 0 0 0 0 71 0 0 0 0 0 72 60 0 0 0 0 0 0 0 0 29 22 0 0 0 0 35 0 0 0 0 0 0 0 0 0 0 0 0 0 0 5 0 0 71 56 0 0 66 0 0 0 0 0 82 0 0 0 0 0 14 0 0 0 0 0 0 0 5 0
15 0 0 70 0 0 0 0 0 0 0 0 2 10 0 0 49 0 0 0 0 0 0 0 0 51 0 0 0 0 87 75 0 33 0 16 0 0 85 57 0 0 14 0 0 0 0 0 0 0 0 0 0 0 54 0 0 0 0 0 70 58 62 0 0 4 0 0 0 0 0 88 0 0 0 0 0 0 0 0 0 47 0 0 0 0 91 0 25 0 13 0 12 0 0 20 0 0 98 0
0 0 0 0 0 0 43 0 49 0 0 0 0 0 90 0 0 71 0 56 0 0 0 0 30 0 0 3 8 0 0 12 0 0 97 52 34 30 0 0 0 15 0 0 0 0 47 0 0 61 0 37 22 0 91 0 0 32 0 0 80 19 0 0 12 82 60 65 0 0 0 0 43 0 0 0 0 0 0 67 0 73 49 46 0 52 79 0 0 0 0 0 0 0 0 49 0 0 32 0
86 0 25 73 57 0 0 0 0 0 0 0 0 0 0 0 49 0 0 0 0 0 0 0 17 0 0 0 63 0 0 0 0 2 0 61 3 0 0 0 0 0 0 0 0 0 27 0 0 0 0 0 0 0 0 100 0 0 0 0 0 2 63 0 0 0 0 0 0 87 94 72 0 0 0 0 0 0 0 0 0 0 0 0 0 0 0 0 0 63 0 24 0 0 33 0 0 0 0 40
0 13 0 0 0 0 0 46 0 0 0 0 0 0 0 57 0 0 0 5 0 0 69 0 0 0 96 0 0 0 53 0 0 0 0 0 0 0 0 0 0 0 0 0 0 0 0 0 17 0 0 93 0 0 0 0 0 32 1 0 64 0 0 84 0 56 78 0 42 0 0 0 53 0 0 81 0 0 0 0 0 0 0 17 0 69 0 0 0 0 0 0 0 0 0 0 0 20 0 0
0 79 0 27 5 27 0 0 0 0 0 25 0 0 62 0 0 25 0 0 12 0 0 0 25 0 0 0 0 0 63 0 0 0 65 0 0 0 0 0 2 5 0 0 0 0 2 0 0 0 0 66 0 0 0 33 0 0 0 0 0 0 15 38 44 0 0 0 13 0 0 60 0 0 0 0 0 0 0 0 9 31 0 0 0 19 0 0 0 3 0 0 0 0 17 53 15 0 74 0
0 0 0 0 0 30 0 58 35 0 0 0 0 0 0 19 0 0 52 0 0 0 0 0 99 0 0 0 0 0 0 0 0 0 0 0 0 0 0 61 0 71 92 43 0 0 76 82 0 95 0 0 58 0 25 66 0 0 17 0 0 0 73 0 0 0 0 0 0 0 0 66 0 0 0 67 0 29 0 0 0 0 0 0 0 0 0 0 0 0 0 0 53 0 0 0 82 0 9 0
0 91 2 0 0 0 0 0 0 0 0 0 0 0 0 0 43 0 53 0 0 0 0 0 22 0 0 0 94 0 0 0 0 0 0 0 78 7 0 0 0 0 0 24 30 0 0 70 28 0 0 0 0 0 0 39 36 0 0 0 60 16 70 0 0 0 0 0 33 0 0 0 0 0 0 0 0 0 0 0 0 0 0 0 84 0 0 64 41 0 53 0 0 0 0 0 0 0 0 0
0 0 0 0 0 0 37 75 53 0 0 0 0 0 0 0 0 0 0 0 87 0 31 0 0 91 0 0 41 6 0 0 0 0 0 0 0 92 43 0 67 46 66 36 0 41 0 81 0 0 0 0 0 0 0 0 0 0 80 0 53 0 0 0 0 0 45 0 72 0 0 0 0 0 69 0 51 0 0 70 0 0 0 0 0 0 0 0 0 0 0 66 0 0 0 0 24 0 0 0
0 0 82 12 0 0 94 0 0 0 0 0 0 0 0 25 0 0 0 89 33 0 0 0 0 0 0 0 0 62 0 0 7 0 0 68 0 48 49 0 0 0 0 0 0 0 0 0 0 79 0 76 0 0 0 0 0 0 0 0 0 74 0 0 0 63 0 0 45 0 0 0 0 75 0 0 38 0 0 0 0 0 90 94 0 0 0 29 0 48 0 0 0 0 37 0 92 0 87 60
0 0 77 0 0 0 0 0 78 84 0 0 0 0 0 0 0 0 65 0 13 0 0 69 0 21 34 62 32 0 0 0 67 13 0 0 2 0 0 0 0 33 0 0 0 0 85 0 0 70 4 0 0 0 0 0 0 0 0 0 100 0 0 0 0 0 0 81 0 0 0 0 19 18 0 0 0 9 0 0 30 0 0 0 0 29 0 8 0 0 0 0 72 0 0 0 21 71 0 0
78 0 0 0 93 0 0 0 0 19 0 0 4 0 0 12 0 7 0 58 0 43 0 96 0 0 0 0 0 0 0 0 0 0 0 51 0 0 0 0 0 0 0 0 0 0 0 28 0 0 43 67 21 97 0 0 0 0 52 0 0 51 85 80 0 0 28 0 30 0 0 98 0 18 0 61 0 81 17 0 0 0 0 0 0 91 0 0 0 0 0 0 0 82 14 0 0 0 0 33
0 0 0 0 2 0 0 66 0 43 0 25 0 0 3 0 0 0 65 0 0 0 0 0 0 0 0 0 0 0 0 55 0 0 0 0 0 59 0 0 0 36 0 0 0 0 0 0 0 0 0 0 14 0 0 0 0 0 22 0 0 0 0 0 0 0 16 0 0 0 89 0 51 0 0 60 0 0 0 0 0 0 95 0 0 0 0 0 0 0 0 0 0 98 0 0 0 3 0 0
98 0 0 0 0 0 0 0 0 16 0 0 0 38 0 0 0 0 0 0 91 81 68 0 0 0 60 0 52 0 84 0 50 83 0 0 0 0 50 32 0 0 0 58 0 29 0 0 0 46 0 74 57 72 0 0 0 0 0 0 0 0 0 68 87 0 0 0 0 36 0 0 0 5 0 0 0 0 70 0 0 0 0 0 0 0 0 0 20 62 0 40 0 0 42 0 0 99 37 0
0 0 0 0 0 0 36 0 94 70 0 0 0 73 0 0 0 0 8 0 0 0 0 50 0 0 0 0 73 0 0 0 0 0 0 0 0 99 0 0 0 28 0 0 76 0 0 0 0 0 0 4 0 0 0 0 0 0 0 48 0 0 0 66 93 89 0 0 94 0 81 0 31 35 0 0 0 0 0 0 2 0 0 0 0 0 0 0 0 0 0 0 0 67 0 41 0 0 0 0
0 0 0 0 74 0 0 0 0 0 0 7 0 0 0 0 20 54 0 0 0 0 0 0 0 0 0 0 0 75 9 0 30 0 87 0 0 0 0 0 0 0 0 0 33 0 44 16 54 87 0 0 0 0 0 0 0 0 0 0 0 0 0 0 0 0 0 0 0 0 0 0 0 0 0 0 0 41 0 0 0 15 0 0 82 0 0 0 0 0 38 0 0 0 0 0 0 0 18 0
0 40 0 0 0 0 0 0 0 0 0 0 0 0 35 0 0 0 0 0 0 0 0 0 0 0 0 0 0 0 0 0 0 60 93 0 0 0 27 0 0 0 0 0 0 0 0 0 0 0 0 0 0 0 0 0 0 0 0 0 0 0 0 0 0 63 0 0 0 0 0 0 0 72 0 0 85 0 0 80 0 0 13 0 0 0 56 69 0 0 0 0 0 0 0 0 0 0 34 10
0 49 0 0 0 22 0 43 0 0 0 87 0 0 0 0 63 95 0 0 0 0 0 0 0 0 0 0 0 0 0 72 0 0 0 0 0 56 76 0 0 0 0 40 0 82 0 0 0 41 0 0 30 0 0 0 0 0 0 0 0 0 97 87 0 0 0 0 0 98 0 0 0 0 0 0 0 0 0 34 0 0 0 0 0 32 96 0 0 28 0 48 0 82 0 0 0 63 87 0
0 84 0 0 0 42 0 0 0 0 0 0 0 0 0 0 0 0 0 0 0 0 12 0 0 10 0 0 0 0 0 88 71 0 0 48 0 0 0 0 0 0 0 0 0 0 0 0 0 33 0 0 0 0 0 0 0 50 0 0 0 15 99 34 0 0 0 3 0 0 0 54 0 0 0 0 12 42 0 64 0 0 0 65 0 0 0 0 0 0 0 55 0 0 0 0 0 9 0 0
0 56 62 14 55 45 0 0 100 0 0 0 0 0 0 0 0 0 0 18 0 0 0 0 0 93 0 0 0 0 0 81 73 15 0 0 0 70 0 42 0 0 0 0 0 0 6 0 79 55 7 0 0 45 0 12 40 59 0 0 0 0 67 84 38 0 71 0 15 0 0 0 0 89 0 0 0 0 21 0 0 0 71 0 0 0 52 0 14 32 99 0 0 0 0 0 0 30 67 0
0 84 95 100 0 0 0 0 50 0 46 0 39 0 0 0 0 0 0 0 32 60 0 0 53 0 0 0 0 0 93 0 0 0 0 0 0 94 0 0 0 68 0 0 0 0 0 0 0 0 0 0 45 0 41 0 1 0 40 61 0 0 0 0 78 0 16 94 0 0 0 0 0 0 0 0 76 0 0 0 0 0 0 29 0 0 0 0 43 0 0 0 0 0 0 94 100 0 61 0
0 0 0 0 34 0 21 94 0 0 0 0 0 0 0 0 0 0 0 0 0 0 0 0 0 96 0 0 0 0 0 0 67 0 21 15 0 83 62 0 34 0 57 0 0 96 43 0 89 0 0 29 0 6 0 0 0 0 0 14 55 70 0 28 0 0 34 62 71 0 0 0 88 0 0 0 0 74 0 67 0 18 31 0 0 48 0 92 0 0 0 0 0 0 0 0 0 0 9 0
0 0 0 0 0 17 0 0 0 56 0 0 0 0 92 72 73 0 90 39 2 0 0 0 0 0 36 0 0 0 0 0 91 0 0 0 0 0 45 0 0 11 0 0 19 78 0 0 0 100 0 91 0 0 0 0 79 51 0 0 0 0 0 0 0 11 0 0 4 83 0 0 0 0 71 0 0 12 0 0 0 0 22 0 91 0 0 0 1 0 0 0 0 0 0 56 0 0 0 0
0 0 0 0 0 0 54 16 0 0 0 0 0 0 63 34 82 0 45 0 0 0 0 37 0 0 4 51 0 0 96 51 0 0 0 0 0 0 0 0 0 0 0 0 0 7 0 0 0 97 0 98 0 0 0 0 0 0 0 0 0 60 0 57 30 0 0 0 0 63 0 0 0 0 0 0 0 0 0 27 0 0 0 36 24 49 0 0 0 0 0 0 0 0 0 0 0 0 0 96
0 0 0 0 63 0 80 0 66 16 0 0 0 0 0 0 0 0 84 0 0 0 0 0 0 0 76 23 43 0 68 0 0 0 0 1 0 0 0 0 0 33 0 0 25 0 77 0 0 0 0 0 0 0 0 0 0 0 0 0 0 0 0 0 63 0 77 0 0 0 0 0 0 0 80 49 0 0 0 0 19 96 80 70 0 3 0 0 0 68 4 0 0 0 0 0 0 0 0 0
0 0 0 14 84 96 0 0 0 0 0 0 0 52 0 0 64 0 77 0 0 5 0 0 0 0 0 0 0 0 0 94 0 0 5 0 0 0 0 0 0 0 0 60 0 98 9 40 0 0 0 0 0 0 0 0 63 53 0 0 0 0 0 0 91 0 19 0 0 0 0 0 0 0 0 100 0 0 0 0 0 0 46 0 0 0 0 0 0 0 0 0 0 0 0 70 0 0 0 0
0 0 0 0 0 0 0 0 0 0 0 0 51 35 0 0 0 0 0 0 67 0 0 0 0 31 30 0 0 0 0 0 0 13 0 0 0 0 0 0 0 0 0 65 18 0 0 32 0 22 0 0 57 0 0 0 0 0 0 0 0 77 0 39 0 0 0 0 18 0 0 0 44 0 0 0 0 0 0 58 0 0 0 0 0 0 0 0 0 0 0 0 94 69 0 0 0 0 35 81
0 0 74 24 0 41 0 0 78 0 0 0 14 0 0 14 0 7 0 48 28 0 0 0 0 0 30 0 0 9 0 0 0 0 71 28 64 0 0 0 0 0 0 33 0 0 0 0 0 0 0 32 25 0 65 84 47 0 0 0 0 0 0 0 0 0 30 0 20 0 0 0 0 0 0 0 14 94 0 0 41 0 0 0 0 0 0 0 0 0 21 21 0 0 0 0 0 0 0 0
0 0 0 68 0 0 0 0 0 0 0 0 32 16 0 88 0 0 0 0 0 0 0 0 91 0 98 20 99 0 83 0 11 0 0 55 0 0 95 0 85 74 0 2 24 54 0 95 0 0 0 0 8 0 38 51 0 0 25 0 0 0 0 0 0 0 26 80 0 0 0 0 0 0 0 0 0 0 0 85 73 0 0 0 81 0 0 0 0 0 0 0 0 0 0 80 0 0 0 0
0 0 26 0 0 0 0 56 0 0 89 0 0 26 28 0 0 0 0 0 0 0 0 9 0 24 0 0 0 69 0 0 77 0 0 2 0 0 0 85 92 0 0 0 0 0 99 0 91 0 0 0 0 77 0 0 0 0 66 15 0 0 0 0 0 0 0 65 83 37 0 0 50 0 0 0 0 0 67 0 0 53 0 0 0 0 0 0 0 0 0 0 0 0 0 0 74 23 42 0
0 0 0 0 39 0 0 0 0 32 0 0 0 0 0 75 30 0 0 0 0 0 0 0 0 0 0 0 0 0 0 0 0 0 0 0 0 0 90 0 0 0 64 0 0 0 0 46 0 0 0 0 0 0 0 0 0 74 0 51 0 0 0 81 0 0 0 0 0 45 0 0 56 0 0 2 0 0 0 92 0 0 14 59 0 0 0 0 75 15 0 80 0 0 0 0 0 0 13 0
0 0 0 0 0 0 0 0 24 0 0 0 0 0 0 0 0 0 93 0 30 0 85 0 0 0 0 63 0 94 0 0 0 0 0 0 0 0 0 0 99 0 85 0 0 0 49 82 0 0 0 0 0 0 77 0 0 0 0 0 40 64 0 54 0 0 97 79 83 0 0 0 0 0 0 0 0 0 0 69 0 0 0 0 0 0 76 0 0 0 35 0 0 0 0 0 0 89 0 0
0 0 0 0 58 0 54 0 0 48 51 0 0 82 0 0 0 0 0 0 0 0 83 0 46 35 0 0 0 0 15 0 0 0 0 0 0 0 95 16 93 0 0 0 0 0 0 0 0 0 0 0 0 0 3 26 31 77 0 34 79 0 0 0 0 0 27 0 0 0 0 0 0 0 0 0 66 0 93 97 0 0 0 0 54 61 0 85 0 0 0 91 23 92 0 0 0 0 0 0
0 0 0 0 0 88 18 70 0 0 0 0 93 0 11 0 0 0 0 0 79 0 0 71 0 0 0 0 0 0 0 0 0 0 40 0 0 0 0 0 0 0 0 0 0 0 0 0 0 0 57 0 48 0 0 0 0 0 0 0 95 0 76 0 0 0 0 0 0 0 0 0 0 50 0 0 0 0 0 0 0 0 0 0 11 0 0 0 0 81 0 15 0 30 0 100 0 0 1 80
0 0 0 0 0 0 0 34 0 0 0 0 0 0 0 75 39 7 0 0 0 0 58 0 0 31 55 97 0 79 0 0 0 0 0 0 0 36 0 0 0 0 69 81 0 0 0 0 0 50 31 34 5 0 0 0 57 0 0 18 0 0 6 0 71 0 0 0 53 0 3 0 0 0 0 0 0 0 0 0 0 0 0 0 0 0 86 0 59 0 0 0 0 0 0 0 88 0 0 0
64 0 99 0 47 0 0 0 0 0 0 0 0 0 91 0 0 0 0 0 69 0 0 20 0 0 53 0 0 0 0 0 60 0 0 0 61 60 43 0 0 64 0 0 0 0 0 0 52 0 0 0 0 0 0 0 10 0 0 99 0 0 0 61 0 0 0 0 0 0 0 73 50 18 0 0 0 0 97 43 30 0 3 0 0 0 0 0 0 0 0 6 0 56 33 0 0 0 0 0
0 25 0 0 0 0 0 0 0 0 97 74 0 0 0 0 0 0 0 0 0 0 17 0 68 0 0 56 0 0 0 0 0 0 44 0 0 0 0 0 0 0 46 0 60 0 0 13 55 0 0 97 0 0 38 0 42 0 28 0 0 0 0 21 0 0 42 0 0 64 0 66 54 81 0 0 0 0 0 82 83 0 0 0 0 0 0 31 0 0 67 0 25 0 0 16 72 0 0 0
0 0 0 0 0 13 0 0 0 0 0 0 0 0 0 0 0 0 8 0 0 0 0 0 78 0 0 0 0 0 0 0 0 0 35 0 44 55 57 30 0 0 0 42 0 39 0 0 0 0 0 0 0 39 27 0 0 0 0 0 0 35 96 0 0 0 0 0 0 0 11 0 0 0 0 0 0 39 0 0 5 0 87 0 14 0 0 0 0 0 6 18 0 0 0 0 0 16 0 45
0 53 20 18 0 0 48 0 0 0 0 71 40 0 39 81 0 0 77 0 0 0 99 0 0 21 0 0 0 61 0 0 0 0 0 0 0 0 0 0 0 0 69 0 0 21 31 12 0 0 68 0 0 0 0 25 0 0 0 0 0 0 0 0 0 0 0 0 0 0 0 17 0 0 19 25 0 0 0 91 0 46 0 0 0 0 0 0 0 8 33 0 0 0 88 83 0 0 0 0
0 57 0 93 0 64 0 0 0 0 0 21 0 0 0 0 0 0 40 0 0 0 0 0 0 0 0 0 14 79 92 0 0 0 0 0 0 0 0 0 92 0 0 0 0 0 0 0 0 0 27 0 0 4 0 83 0 0 71 0 59 0 0 0 0 18 0 0 0 0 71 0 40 0 0 0 0 0 0 5 0 0 98 0 0 71 25 0 0 99 0 0 0 39 0 0 0 0 95 0
6 0 0 0 0 72 0 0 0 0 0 0 69 8 0 0 0 0 0 24 81 0 0 0 0 0 56 97 0 0 22 55 0 0 0 0 0 0 0 0 0 0 0 0 0 0 0 18 0 0 0 0 0 0 0 0 0 0 0 0 0 0 0 0 0 51 0 0 0 0 0 0 0 0 0 76 84 0 0 0 0 0 71 0 7 0 0 0 0 32 61 0 0 33 0 99 0 65 85 0
84 0 0 0 0 14 0 0 7 76 17 40 0 0 91 0 0 0 0 0 5 0 6 25 23 0 0 0 0 67 0 0 0 0 0 62 0 0 0 0 0 0 0 71 0 0 0 36 0 0 0 11 0 0 0 0 47 46 47 11 0 0 25 0 8 0 0 0 0 38 0 0 0 0 76 68 0 44 0 0 99 0 0 0 0 0 0 0 0 55 0 31 0 0 53 0 46 0 0 30
44 0 0 0 0 22 0 46 0 0 0 0 0 0 0 43 0 0 66 30 0 49 0 0 0 0 0 0 0 4 0 0 78 0 0 74 0 0 0 0 0 0 0 0 57 0 65 0 0 0 0 0 0 0 0 26 0 0 0 0 90 78 0 0 0 59 0 0 28 0 0 0 0 0 0 0 0 37 0 0 0 0 0 52 0 0 0 0 63 0 0 0 0 0 47 5 54 0 0 0
23 0 0 53 0 26 0 0 0 0 0 0 0 0 0 0 0 80 0 0 0 0 0 0 0 0 0 0 0 0 0 0 0 0 0 0 0 0 0 0 0 0 0 0 0 0 0 0 0 0 0 79 0 0 0 0 24 0 84 0 70 0 0 0 0 0 0 0 0 0 63 87 0 0 0 0 19 0 40 0 0 92 0 34 0 46 0 25 0 39 58 62 67 77 0 7 92 0 0 17
20 25 0 69 0 57 0 2 24 0 0 0 0 0 89 0 0 0 0 0 0 0 0 0 0 34 0 0 15 0 73 0 0 25 0 0 0 0 0 0 92 0 0 0 0 0 0 0 0 0 0 0 0 0 0 87 0 0 0 0 67 39 0 46 48 0 0 0 99 0 0 0 35 0 0 0 0 0 0 0 0 0 46 0 0 0 20 0 0 0 0 0 0 0 0 0 0 0 0 0
0 0 0 0 0 0 0 0 0 32 0 4 0 0 0 72 0 0 0 0 0 0 0 0 37 0 58 70 24 0 0 0 77 0 91 0 0 0 0 0 62 0 0 0 0 0 0 0 0 0 0 0 72 0 0 0 53 0 0 65 0 0 0 64 85 84 0 0 0 0 0 0 0 0 18 0 0 0 0 0 0 0 0 0 81 60 0 17 0 0 0 0 0 0 0 78 0 0 0 0
0 79 100 0 58 0 10 0 0 0 92 0 20 0 0 0 0 0 78 0 0 0 0 0 0 37 99 0 0 0 63 37 0 0 0 0 0 54 0 0 13 0 0 69 0 0 0 84 75 0 17 0 46 79 0 42 21 0 0 0 0 62 68 20 0 0 0 0 0 0 0 0 89 0 79 0 0 0 0 0 0 0 0 0 0 0 63 0 0 0 91 0 62 0 0 0 0 54 0 0
0 60 19 0 0 0 51 82 90 0 50 29 0 0 0 0 0 17 92 0 0 0 0 93 0 0 0 0 0 0 55 0 61 0 0 0 0 0 0 0 0 0 0 0 37 0 0 0 0 95 11 69 0 0 0 94 0 0 0 0 0 0 0 0 0 0 21 85 0 35 0 0 0 0 0 0 0 0 0 36 0 0 56 0 0 0 0 0 1 0 0 92 0 0 45 0 0 0 0 0
0 0 51 0 0 0 97 0 0 0 0 0 0 39 77 30 0 0 0 63 0 0 0 92 0 0 59 0 99 93 87 31 59 97 0 0 70 0 0 0 0 0 0 0 0 0 0 70 0 0 64 42 0 0 79 0 0 0 12 0 31 15 0 56 81 0 0 7 0 0 1 0 0 94 90 0 52 69 0 0 0 0 91 81 0 0 0 0 0 44 0 0 0 7 0 0 0 0 0 0
0 0 61 0 0 0 0 0 0 11 0 40 30 0 0 0 0 0 87 0 89 72 15 0 0 0 0 0 0 0 34 0 0 0 22 0 0 0 0 0 0 83 0 73 0 0 0 0 0 75 0 0 0 53 0 90 61 79 0 0 0 0 0 0 0 0 0 0 0 0 0 0 0 0 38 2 0 0 0 24 0 0 0 0 58 0 0 39 0 17 0 9 1 0 0 69 7 0 0 50
0 0 0 60 0 0 32 17 0 0 83 0 0 0 0 65 0 37 0 59 0 74 0 0 15 0 0 0 0 0 0 0 0 0 0 0 0 0 16 0 0 0 0 87 28 0 48 0 0 1 0 10 0 0 52 0 75 0 0 0 0 33 0 0 0 0 0 0 0 0 0 0 0 6 0 41 0 0 8 0 49 7 1 37 84 0 0 0 0 0 0 0 13 0 80 0 0 0 0 39
0 0 0 0 33 0 0 0 0 0 0 0 0 87 20 0 0 0 0 0 49 53 0 0 0 0 40 0 29 74 0 0 0 0 0 61 0 10 0 0 0 14 0 0 0 0 0 0 0 0 0 0 0 0 0 25 0 14 0 8 0 88 0 32 45 0 0 0 0 0 73 41 0 0 0 0 19 0 0 0 15 0 0 34 0 83 51 0 0 6 0 0 0 0 0 0 5 0 0 60
0 0 0 0 0 0 0 0 66 0 0 0 24 0 0 0 0 11 71 0 0 0 0 0 0 0 0 0 0 0 0 0 67 0 90 0 73 0 0 70 0 0 0 0 0 0 0 0 0 36 0 0 0 0 0 11 90 0 0 0 0 0 0 0 0 0 63 0 0 0 0 39 0 37 0 14 0 71 0 70 95 17 0 0 11 0 0 0 0 0 0 71 19 0 0 46 0 0 0 0
0 24 0 72 0 0 89 70 28 0 0 0 92 0 39 0 40 74 87 0 0 0 0 38 0 35 0 0 0 0 0 0 0 72 15 16 28 86 39 0 0 0 0 0 0 28 58 0 0 84 87 9 19 0 92 0 0 36 0 21 84 86 0 0 0 91 0 0 0 0 0 1 0 99 90 62 0 81 0 66 0 0 0 1 0 0 0 5 0 0 0 0 0 0 0 0 28 19 72 0
0 0 0 80 0 0 0 0 47 0 0 0 38 0 0 0 0 0 0 0 0 0 48 0 0 82 0 0 8 86 0 0 0 0 0 0 0 0 9 0 60 0 0 0 0 0 0 0 0 0 0 0 0 0 0 0 0 0 0 0 0 0 0 69 0 0 97 0 0 0 0 0 0 0 64 0 0 0 0 0 0 0 0 0 0 51 0 0 60 12 0 57 0 58 97 0 0 0 0 0
0 12 0 0 0 0 0 0 91 0 0 0 62 0 0 0 0 0 0 0 0 0 0 0 0 0 63 0 0 0 0 0 0 0 0 0 54 52 0 0 0 0 0 0 0 79 0 5 0 0 0 0 0 10 0 0 0 0 24 0 0 0 0 34 0 0 0 0 3 0 0 0 90 0 20 0 0 0 0 30 0 0 0 0 0 0 0 0 0 0 91 0 82 0 0 88 55 0 0 73
0 0 7 16 0 0 0 0 0 82 0 0 0 0 89 0 0 0 0 0 0 69 0 0 0 0 0 0 0 0 0 45 0 0 0 0 0 0 0 0 96 35 0 0 85 0 0 0 99 0 16 0 0 0 0 0 43 42 0 0 0 0 0 0 0 0 0 0 0 0 67 0 0 0 0 0 0 0 0 0 36 14 0 0 0 62 63 32 32 0 0 0 0 0 0 0 75 44 0 0
79 0 50 0 0 0 0 0 0 0 0 0 16 0 0 0 0 0 80 0 0 0 0 0 1 8 0 28 23 0 97 0 0 52 0 0 0 0 0 0 0 0 0 0 0 0 0 0 50 0 0 0 0 0 4 36 0 0 0 72 0 0 0 0 0 0 0 65 0 41 93 0 0 0 45 0 2 24 0 0 0 0 0 0 0 0 0 0 0 0 0 85 0 0 0 0 0 0 0 0
0 0 0 14 13 0 0 0 0 0 95 0 0 84 0 17 0 0 0 21 0 0 0 0 0 43 0 52 0 0 0 1 0 0 0 0 0 0 0 0 0 50 0 0 12 0 0 71 88 92 0 50 75 0 0 0 0 0 28 0 0 0 0 0 0 0 0 39 63 4 0 0 29 0 0 0 0 0 41 0 0 0 38 0 0 50 0 0 38 0 64 0 0 0 0 0 0 0 30 0
13 0 0 47 0 64 0 0 0 0 21 0 0 0 0 10 0 71 0 0 0 49 0 0 79 0 0 83 0 0 0 37 45 0 0 0 0 0 0 37 0 67 2 0 0 0 30 0 0 36 0 0 63 0 0 0 0 0 0 0 0 0 66 0 0 0 0 94 0 0 0 0 0 63 0 12 6 0 0 0 0 0 0 0 0 0 0 0 0 0 0 0 77 0 37 0 18 0 0 0
0 30 0 0 0 99 74 0 0 0 0 74 0 0 0 0 99 0 0 92 0 56 92 0 0 0 0 56 38 0 0 0 0 0 0 0 0 100 0 0 0 0 0 0 0 97 83 0 0 0 77 0 0 0 0 0 0 0 0 91 0 0 91 0 0 0 0 0 0 0 72 0 14 5 0 0 0 0 0 98 63 0 90 0 0 87 0 0 0 0 0 0 0 0 38 0 100 35 0 0
11 79 0 0 0 0 10 0 0 6 0 28 0 100 0 22 0 0 52 11 0 0 0 95 88 0 0 60 0 0 0 0 0 0 0 0 0 0 0 0 0 0 0 36 83 0 0 38 25 0 5 0 0 0 0 73 0 0 15 0 0 27 0 0 95 0 0 6 0 0 0 0 0 0 78 0 0 0 0 0 0 5 0 18 0 0 0 0 71 71 58 0 0 0 0 98 42 0 29 0
0 29 0 12 0 0 0 0 0 0 0 0 0 0 0 34 0 0 55 0 88 0 90 0 0 95 18 55 0 0 0 0 44 0 0 0 50 0 4 0 0 0 0 0 35 15 0 0 0 51 0 81 0 0 0 0 0 0 79 0 0 0 72 0 18 0 92 0 45 0 45 0 0 0 0 0 87 0 0 0 0 0 9 0 0 0 0 69 0 0 26 0 0 0 0 0 17 5 32 0
0 0 0 0 0 0 0 0 0 0 0 78 0 0 0 0 0 0 0 0 0 86 0 0 84 0 0 0 0 0 44 0 0 0 0 0 95 0 0 0 81 0 0 0 0 0 0 0 0 38 0 0 0 0 96 0 0 0 0 0 0 0 31 0 9 0 0 0 0 60 57 0 0 0 0 0 17 0 0 0 0 0 0 0 12 62 48 0 0 0 0 0 0 0 0 0 52 0 0 0
0 0 0 0 0 0 0 0 0 0 0 0 77 0 67 0 0 0 0 0 0 0 3 0 0 0 0 60 0 0 11 0 0 0 0 0 0 0 0 0 0 0 9 71 52 0 0 0 50 12 0 41 23 0 82 0 0 0 0 4 0 0 54 8 0 52 16 76 0 0 56 0 0 64 0 0 0 100 0 0 0 0 0 0 0 0 82 0 34 0 0 0 0 0 55 15 0 0 0 0
53 0 17 0 61 0 0 0 0 0 0 0 0 0 0 0 0 0 90 0 0 51 31 0 97 79 0 0 40 0 0 21 1 78 0 0 0 0 0 0 0 0 0 0 0 0 69 0 32 0 0 0 11 0 0 0 74 0 33 0 0 0 0 0 0 16 0 0 0 0 0 0 0 0 40 0 0 0 0 0 85 0 0 17 0 0 0 0 0 0 0 0 87 17 0 0 0 0 76 0
0 0 0 0 0 0 0 83 0 0 70 0 0 28 0 0 4 0 0 0 57 0 87 0 60 0 0 0 48 0 0 29 0 0 0 0 0 0 0 0 17 0 0 58 0 0 39 83 0 0 82 0 0 58 0 0 0 0 0 0 0 0 0 0 56 0 72 0 14 0 0 0 0 0 0 0 0 0 27 0 0 0 0 79 0 0 0 0 0 63 76 16 60 0 0 0 0 99 0 0
0 0 79 0 25 0 0 0 18 2 0 0 0 0 40 0 0 84 0 0 55 0 0 3 0 0 0 86 0 53 6 0 0 0 0 0 58 0 0 0 88 0 0 0 0 0 0 97 0 0 0 0 0 0 0 0 0 0 91 0 0 0 0 0 0 0 0 0 0 51 0 66 0 0 0 16 87 0 40 0 0 0 0 0 0 0 0 1 0 0 0 0 0 22 0 72 56 0 98 0
0 0 0 97 0 0 0 98 0 0 0 79 0 0 0 0 0 0 0 0 66 0 0 8 0 0 0 0 0 0 0 15 0 0 0 0 0 0 0 7 0 0 0 0 0 0 0 0 0 0 0 0 0 48 75 0 0 46 0 36 0 44 0 0 72 82 0 0 0 0 0 0 34 0 0 0 0 0 0 0 0 0 97 0 0 0 0 0 33 0 0 0 0 0 0 0 0 0 0 74
0 0 0 0 0 8 83 47 0 0 0 0 0 0 0 0 0 0 0 0 0 36 0 0 34 0 0 0 34 0 0 48 46 0 0 0 29 0 56 0 32 0 0 0 0 0 0 0 0 89 0 0 0 0 0 0 69 68 0 0 0 0 0 96 0 0 56 0 32 0 0 0 0 31 0 0 0 0 0 0 66 0 0 0 0 22 0 0 72 24 0 0 0 0 0 0 96 0 0 0
0 88 0 0 0 0 0 0 0 0 0 0 0 0 0 60 0 0 0 0 0 0 0 0 0 0 0 0 0 36 0 0 0 0 0 44 0 0 48 0 0 77 60 0 0 0 0 0 50 0 0 0 0 92 73 0 0 0 76 91 0 0 0 5 0 0 89 0 0 0 0 0 0 0 0 0 78 0 0 0 0 0 0 0 0 0 0 89 46 86 3 0 0 0 0 0 0 0 0 73
0 0 0 0 0 0 0 0 38 14 0 0 0 0 38 0 0 0 0 0 0 0 0 0 0 0 0 0 3 0 61 0 91 0 0 0 0 0 50 0 0 0 87 0 0 0 23 0 0 0 0 0 0 17 0 0 95 0 0 0 0 0 0 0 0 73 0 0 0 19 0 0 0 92 37 0 0 0 0 54 0 95 41 0 72 6 0 0 0 0 0 0 0 0 0 0 0 0 94 0
0 0 0 0 0 0 0 0 7 18 0 0 0 0 0 0 0 75 0 62 0 68 10 0 0 0 0 69 8 91 75 34 0 0 0 0 0 86 0 0 56 0 38 67 0 0 0 78 68 0 0 80 0 0 0 0 0 37 0 0 0 0 4 60 55 0 0 0 0 0 0 69 0 0 0 0 0 0 4 0 0 70 0 0 0 0 0 45 0 0 0 0 0 0 0 0 0 0 0 0
0 3 0 0 0 0 0 0 0 60 0 0 0 0 0 0 0 0 0 0 22 0 0 0 0 91 50 0 68 0 0 0 0 0 14 0 0 46 0 48 0 69 0 8 0 0 0 0 0 0 0 0 0 0 0 0 97 0 0 0 0 0 0 79 0 0 0 41 0 0 0 0 8 0 0 0 95 0 0 0 0 85 51 0 0 20 0 54 0 0 0 0 0 0 0 0 0 92 88 0
0 0 0 0 0 0 0 96 0 34 90 0 0 55 0 0 10 0 0 0 0 0 0 6 0 0 86 0 61 0 0 73 0 70 0 0 0 0 99 0 0 0 0 0 0 0 0 0 31 0 0 0 0 0 0 0 0 0 0 0 0 0 18 0 0 0 73 0 0 0 36 95 0 0 0 81 0 58 17 0 0 0 0 0 39 0 0 0 0 0 0 71 0 0 0 0 0 0 80 0
42 0 1 0 0 0 0 0 96 31 0 0 0 0 0 8 8 0 0 26 0 0 0 55 0 0 0 0 48 0 0 78 0 0 0 55 0 0 0 88 0 51 0 0 0 22 0 57 0 0 78 0 0 64 0 44 16 0 54 93 75 0 0 91 49 0 0 0 23 0 0 0 96 0 15 7 0 0 65 0 0 0 0 89 54 57 0 0 0 0 0 74 0 0 0 76 0 0 0 0
0 0 0 0 0 23 0 0 0 73 42 0 0 0 0 0 0 0 0 0 0 0 0 0 0 66 45 65 0 0 0 0 0 0 0 0 0 0 0 24 0 0 41 0 0 0 0 0 47 0 0 62 0 0 67 62 0 0 15 0 0 86 0 0 49 0 0 0 0 0 0 0 65 0 78 0 1 37 0 0 0 0 20 0 0 0 0 0 18 0 0 6 0 0 0 41 0 0 0 22
14 98 82 0 41 0 0 0 0 0 0 76 0 66 0 85 48 0 0 0 0 0 0 0 0 0 0 0 0 0 0 0 41 0 26 14 87 0 0 0 0 20 2 10 34 0 0 0 0 0 50 0 0 0 0 0 76 0 0 0 0 0 0 0 0 0 0 30 0 0 0 0 0 0 0 12 40 0 0 80 0 0 0 0 0 0 0 0 78 2 0 0 0 0 0 0 0 0 0 0
0 0 92 0 0 0 0 36 0 0 0 0 0 0 88 0 17 0 88 0 0 0 0 36 0 0 0 0 0 0 0 0 0 0 0 0 0 0 0 5 10 56 85 64 0 0 0 91 0 0 18 0 0 0 0 46 0 0 0 0 0 0 0 49 0 0 0 0 0 29 0 0 74 0 0 0 0 0 0 0 0 0 53 0 0 0 15 0 0 77 0 0 0 45 0 21 0 0 0 0
0 47 0 0 91 0 18 0 0 0 0 0 0 0 49 0 88 77 0 0 0 0 0 0 0 0 0 0 22 19 0 0 63 1 35 0 0 16 0 0 0 0 87 0 0 23 0 45 0 84 0 0 0 0 0 0 71 0 0 0 62 0 73 84 0 66 2 0 0 0 45 0 0 0 0 0 60 0 0 86 98 0 70 0 0 0 0 0 12 0 0 66 0 0 0 0 63 0 0 0
0 0 0 23 96 0 0 0 0 0 28 0 0 0 48 0 0 0 0 68 0 28 0 0 0 0 0 0 0 5 31 0 0 0 22 0 0 0 0 84 0 0 26 0 0 0 0 83 0 13 0 89 0 0 0 77 0 80 0 8 0 70 42 0 61 17 0 61 0 0 0 0 0 0 0 91 0 8 0 0 0 12 0 0 40 0 4 0 22 63 0 3 0 0 0 0 66 0 64 41
68 0 0 0 53 0 62 51 54 0 0 0 0 0 0 0 0 5 0 7 0 47 77 0 0 11 0 0 0 0 98 0 0 0 0 0 0 63 0 0 0 0 0 0 0 0 0 99 0 0 0 0 30 51 97 0 0 76 0 0 9 0 0 0 0 0 0 90 0 0 0 0 0 41 40 0 38 0 0 0 0 29 0 0 0 81 0 0 0 49 75 0 19 9 0 62 0 0 0 0
0 0 0 0 24 24 0 0 0 0 0 0 0 0 0 0 77 70 0 0 94 0 0 83 60 62 0 0 41 0 0 0 74 0 51 0 0 0 65 0 0 0 0 0 0 37 0 21 56 12 0 0 59 0 0 11 0 2 0 0 0 0 0 0 0 0 0 0 0 34 0 0 0 0 0 0 0 0 0 0 0 0 0 0 18 0 0 0 0 0 24 0 0 0 19 0 35 0 0 0
0 0 18 0 0 0 0 0 44 0 92 37 0 0 0 0 0 0 0 85 0 0 0 0 78 0 0 0 0 0 0 0 0 19 0 95 0 30 13 0 0 0 0 0 0 0 0 0 0 0 0 2 13 0 0 0 0 10 0 36 0 42 0 0 0 0 0 0 0 0 0 0 0 0 0 92 0 95 0 0 0 0 0 0 0 35 0 0 0 70 0 39 0 0 0 0 0 0 0 93
57 0 0 87 47 0 0 0 0 0 7 76 8 0 0 0 0 0 0 0 0 39 16 75 20 0 0 0 0 63 88 81 0 0 0 0 0 0 0 0 0 35 0 95 0 0 0 29 0 0 0 0 0 0 0 0 0 48 0 0 7 60 0 0 0 0 0 0 82 0 0 0 91 13 0 0 0 0 0 0 0 95 0 0 0 0 0 45 0 0 36 0 0 1 0 0 0 0 0 0
0 0 0 20 0 0 0 0 0 12 0 0 0 0 0 0 3 25 0 0 84 94 0 0 0 0 38 0 0 0 0 0 44 20 0 0 0 0 0 0 92 0 0 0 0 0 0 27 0 0 0 0 0 99 34 0 0 0 0 0 0 0 0 0 0 0 0 0 0 0 0 74 0 0 0 37 0 0 4 55 0 0 0 0 0 0 0 4 0 0 0 39 72 0 92 0 82 0 0 27
0 0 14 0 0 0 0 0 88 42 90 0 0 44 0 79 92 0 0 0 78 92 0 99 61 0 0 0 0 0 0 0 0 0 0 0 42 92 70 0 91 0 0 0 0 0 0 0 0 97 0 0 0 0 0 16 0 68 0 95 0 0 0 0 0 0 0 0 0 0 0 0 0 0 35 0 24 0 6 50 0 0 0 0 0 84 0 0 0 0 0 0 0 0 0 0 0 0 0 0
0 0 0 34 90 0 0 24 0 0 0 29 0 0 0 94 0 95 0 0 0 0 13 0 37 0 0 94 6 12 2 0 0 0 0 0 0 0 0 0 0 0 0 0 0 0 0 0 0 23 0 0 0 16 36 0 0 0 0 0 0 0 0 0 35 0 0 0 0 0 0 0 0 0 0 29 0 0 0 0 0 0 0 0 0 0 0 46 0 17 0 0 0 0 0 0 0 0 0 0
41 96 0 58 6 0 91 0 12 0 0 0 0 0 0 0 0 0 0 0 16 60 0 13 0 0 0 77 0 0 72 0 0 0 0 0 0 0 0 93 59 0 25 0 0 0 0 0 0 0 0 6 0 73 0 58 0 0 0 0 0 0 94 87 0 0 80 0 0 0 0 0 0 0 26 0 23 0 0 0 0 45 0 0 0 0 0 67 0 0 0 0 0 0 0 2 0 0 0 0
0 0 0 0 0 0 0 0 0 0 0 76 51 0 27 0 13 0 0 77 54 14 16 0 0 49 0 0 0 15 0 83 0 0 0 0 0 0 0 0 0 0 33 0 0 0 0 0 0 0 0 0 0 0 0 0 0 38 0 10 0 37 0 30 0 0 54 0 0 0 0 0 0 0 0 0 0 14 0 0 0 4 0 0 40 0 0 0 0 0 0 0 0 0 0 0 0 0 0 0
0 0 0 0 0 54 0 0 72 0 0 0 0 0 0 0 0 0 0 27 0 0 0 55 0 0 0 0 0 0 0 0 0 0 0 0 10 0 0 0 89 0 0 0 0 37 30 0 0 1 0 0 0 0 0 56 0 0 0 0 0 0 0 0 62 0 0 94 0 0 0 0 0 0 40 0 89 0 0 50 0 0 0 0 0 0 18 6 0 51 0 0 37 0 0 0 0 76 21 0
0 20 0 19 0 0 0 0 0 0 0 0 2 0 73 0 0 11 44 96 0 89 37 0 0 0 0 0 64 0 94 0 0 0 0 0 0 0 0 0 0 0 61 0 3 0 42 0 0 0 45 0 0 0 0 0 47 70 0 99 0 0 0 0 0 0 0 33 0 0 0 0 0 1 0 0 0 3 0 0 0 100 0 0 0 11 0 0 0 0 29 83 3 0 0 0 0 30 0 0
16 0 0 0 29 0 0 0 0 0 0 0 46 78 0 0 0 0 0 0 0 0 28 0 0 49 0 0 0 0 0 0 0 0 0 0 0 0 0 0 0 0 95 0 0 0 0 61 0 91 0 0 0 0 0 0 0 11 0 0 0 0 60 5 0 0 0 0 0 93 25 0 0 0 64 0 31 0 49 0 0 0 0 0 0 0 0 3 0 0 82 0 0 0 0 0 66 0 0 0
0 0 0 67 93 0 0 0 20 0 73 0 79 0 0 0 0 0 75 0 47 0 0 39 0 0 44 0 84 0 0 0 0 0 0 53 0 48 0 0 0 43 0 0 82 0 72 0 39 0 46 31 80 76 0 0 0 0 34 0 33 0 61 0 0 0 0 0 0 0 52 0 31 47 80 0 0 0 0 89 0 0 0 87 69 0 0 0 0 0 0 0 0 61 0 0 0 0 0 0
0 0 0 0 57 0 0 0 0 0 85 7 0 0 0 0 89 70 0 0 0 0 45 0 0 0 0 0 0 0 0 0 27 65 0 0 0 0 26 0 0 0 0 0 0 0 0 45 84 0 0 0 0 0 0 15 0 0 62 0 0 0 56 0 8 0 0 0 0 0 23 0 0 4 14 0 0 0 0 0 0 0 0 0 55 0 88 0 0 0 0 0 77 0 0 97 0 0 0 0
0 0 0 12 0 0 2 0 47 0 0 65 0 0 32 0 0 0 0 0 52 0 0 0 2 79 0 0 0 0 0 0 58 0 0 0 0 0 58 0 0 0 0 49 0 67 13 0 0 0 0 0 0 0 79 0 0 0 90 0 0 0 31 0 0 51 93 0 0 0 0 0 0 0 0 0 0 0 0 10 100 49 36 0 0 0 0 0 0 0 0 0 0 0 0 0 0 0 46 0
0 0 0 2 0 0 3 57 0 56 63 0 0 73 0 0 0 98 88 0 0 0 0 0 42 85 0 44 0 84 0 0 0 0 0 0 88 0 0 0 0 0 0 8 0 0 0 0 0 0 0 0 0 0 0 96 0 0 77 93 0 53 0 0 0 66 0 77 0 0 30 0 0 0 0 0 49 48 0 15 0 7 0 91 91 0 0 0 0 0 0 0 0 0 0 0 0 0 0 0
0 0 0 0 0 0 0 27 0 0 0 0 0 67 0 28 0 0 0 0 0 0 0 0 40 0 0 0 0 12 0 0 0 0 0 19 3 0 0 0 0 71 83 0 10 0 0 0 42 29 33 29 0 0 48 0 0 36 0 0 0 0 0 18 0 0 0 0 0 0 0 0 0 0 0 0 0 0 0 0 0 0 59 42 0 0 0 72 0 0 0 0 39 0 0 0 90 0 0 0
64 0 0 0 0 0 0 0 0 42 0 70 0 0 0 0 0 57 95 3 88 0 70 36 0 0 0 0 0 0 0 0 98 0 0 0 31 0 41 14 38 0 0 0 77 0 0 59 0 7 0 8 0 0 0 10 56 3 0 0 0 0 0 0 37 0 0 0 0 0 0 77 0 0 0 0 51 0 16 0 0 0 0 0 0 0 0 71 2 0 0 81 0 0 0 0 0 0 0 26
0 85 0 0 0 0 73 0 0 79 0 0 95 32 46 0 0 0 0 0 0 0 0 0 0 0 0 28 0 0 28 0 0 0 36 20 0 0 0 0 0 0 0 60 50 0 0 0 0 0 24 43 46 0 0 59 0 0 0 0 0 0 0 72 0 0 0 0 0 39 26 0 0 94 32 0 0 0 31 0 0 0 0 0 66 0 0 0 0 0 0 0 93 2 5 85 0 0 0 0
0 0 0 0 0 0 0 67 0 52 0 0 0 0 0 0 0 0 0 0 0 0 0 60 0 67 0 0 0 51 0 0 0 0 100 0 0 0 0 0 15 76 0 0 0 0 0 0 0 0 34 21 0 0 0 0 67 0 0 0 0 0 0 0 0 0 0 0 0 0 0 9 0 0 77 9 0 0 29 0 0 0 0 0 18 0 0 0 0 0 32 0 0 0 0 0 0 0 92 0
69 0 0 55 0 0 0 0 0 0 0 0 58 94 0 0 42 0 0 0 0 0 0 0 0 48 0 0 0 0 29 9 0 99 0 65 0 0 64 3 0 0 68 0 0 0 0 0 0 0 0 0 0 0 52 0 0 0 0 0 82 51 66 0 0 37 0 0 0 0 0 100 0 0 0 0 0 0 0 0 0 6 0 0 0 0 5 0 57 0 5 0 1 0 0 26 0 0 5 0
0 0 0 0 0 0 18 0 49 0 0 0 0 0 15 0 0 45 0 49 0 0 0 0 92 0 0 79 60 0 0 77 0 0 49 56 37 42 0 0 0 32 0 0 0 0 82 0 0 76 0 87 78 0 62 0 0 97 0 0 75 77 0 0 100 48 25 8 0 0 0 0 13 0 0 0 0 0 0 56 0 94 5 17 0 19 50 0 0 0 0 0 0 0 0 77 0 0 87 0
82 0 90 21 89 0 0 0 0 0 0 0 0 0 0 0 90 0 0 0 0 0 0 0 90 0 0 0 62 0 0 0 0 99 0 96 71 0 0 0 0 0 0 0 0 0 85 0 0 0 0 0 0 0 0 100 0 0 0 0 0 80 35 0 0 0 0 0 0 96 10 17 0 0 0 0 0 0 0 0 0 0 0 0 0 0 0 0 0 88 0 13 0 0 94 0 0 0 0 90
0 60 0 0 0 0 0 63 0 0 0 0 0 0 0 38 0 0 0 95 0 0 3 0 0 0 86 0 0 0 36 0 0 0 0 0 0 0 0 0 0 0 0 0 0 0 0 0 94 0 0 97 0 0 0 0 0 75 90 0 74 0 0 37 0 37 97 0 74 0 0 0 90 0 0 97 0 0 0 0 0 0 0 100 0 41 0 0 0 0 0 0 0 0 0 0 0 29 0 0
0 85 0 61 59 43 0 0 0 0 0 51 0 0 25 0 0 66 0 0 98 0 0 0 81 0 0 0 0 0 26 0 0 0 20 0 0 0 0 0 1 30 0 0 0 0 2 0 0 0 0 85 0 0 0 97 0 0 0 0 0 0 64 25 57 0 0 0 25 0 0 24 0 0 0 0 0 0 0 0 13 12 0 0 0 52 0 0 0 81 0 0 0 0 40 58 56 0 20 0
0 0 0 0 0 76 0 60 40 0 0 0 0 0 0 8 0 0 28 0 0 0 0 0 63 0 0 0 0 0 0 0 0 0 0 0 0 0 0 87 0 40 20 52 0 0 79 73 0 81 0 0 31 0 9 55 0 0 98 0 0 0 71 0 0 0 0 0 0 0 0 62 0 0 0 79 0 96 0 0 0 0 0 0 0 0 0 0 0 0 0 0 21 0 0 0 23 0 88 0
0 27 90 0 0 0 0 0 0 0 0 0 0 0 0 0 74 0 81 0 0 0 0 0 68 0 0 0 45 0 0 0 0 0 0 0 92 54 0 0 0 0 0 6 65 0 0 67 100 0 0 0 0 0 0 48 3 0 0 0 13 5 82 0 0 0 0 0 80 0 0 0 0 0 0 0 0 0 0 0 0 0 0 0 24 0 0 24 100 0 2 0 0 0 0 0 0 0 0 0
0 0 0 0 0 0 46 69 83 0 0 0 0 0 0 0 0 0 0 0 33 0 25 0 0 32 0 0 57 86 0 0 0 0 0 0 0 80 31 0 38 10 87 48 0 4 0 82 0 0 0 0 0 0 0 0 0 0 91 0 56 0 0 0 0 0 66 0 94 0 0 0 0 0 70 0 69 0 0 42 0 0 0 0 0 0 0 0 0 0 0 76 0 0 0 0 22 0 0 0
0 0 7 64 0 0 29 0 0 0 0 0 0 0 0 100 0 0 0 41 70 0 0 0 0 0 0 0 0 49 0 0 31 0 0 36 0 40 77 0 0 0 0 0 0 0 0 0 0 68 0 31 0 0 0 0 0 0 0 0 0 76 0 0 0 78 0 0 62 0 0 0 0 13 0 0 16 0 0 0 0 0 54 78 0 0 0 32 0 43 0 0 0 0 13 0 8 0 59 68
0 0 54 0 0 0 0 0 58 46 0 0 0 0 0 0 0 0 40 0 26 0 0 31 0 6 71 63 12 0 0 0 69 73 0 0 59 0 0 0 0 51 0 0 0 0 23 0 0 79 86 0 0 0 0 0 0 0 0 0 9 0 0 0 0 0 0 76 0 0 0 0 92 64 0 0 0 24 0 0 89 0 0 0 0 89 0 78 0 0 0 0 71 0 0 0 45 83 0 0
35 0 0 0 70 0 0 0 0 60 0 0 57 0 0 99 0 40 0 12 0 35 0 51 0 0 0 0 0 0 0 0 0 0 0 62 0 0 0 0 0 0 0 0 0 0 0 98 0 0 69 4 11 9 0 0 0 0 94 0 0 62 77 8 0 0 27 0 14 0 0 71 0 100 0 6 0 93 42 0 0 0 0 0 0 73 0 0 0 0 0 0 0 45 36 0 0 0 0 9
0 0 0 0 24 0 0 60 0 65 0 91 0 0 67 0 0 0 97 0 0 0 0 0 0 0 0 0 0 0 0 52 0 0 0 0 0 89 0 0 0 78 0 0 0 0 0 0 0 0 0 0 38 0 0 0 0 0 81 0 0 0 0 0 0 0 90 0 0 0 16 0 67 0 0 84 0 0 0 0 0 0 75 0 0 0 0 0 0 0 0 0 0 65 0 0 0 79 0 0
84 0 0 0 0 0 0 0 0 13 0 0 0 44 0 0 0 0 0 0 17 95 28 0 0 0 24 0 96 0 71 0 41 8 0 0 0 0 47 41 0 0 0 52 0 33 0 0 0 24 0 15 86 68 0 0 0 0 0 0 0 0 0 24 59 0 0 0 0 39 0 0 0 46 0 0 0 0 93 0 0 0 0 0 0 0 0 0 6 64 0 56 0 0 52 0 0 17 84 0
0 0 0 0 0 0 20 0 92 28 0 0 0 74 0 0 0 0 63 0 0 0 0 98 0 0 0 0 17 0 0 0 0 0 0 0 0 64 0 0 0 62 0 0 66 0 0 0 0 0 0 28 0 0 0 0 0 0 0 94 0 0 0 45 72 75 0 0 57 0 22 0 76 1 0 0 0 0 0 0 22 0 0 0 0 0 0 0 0 0 0 0 0 64 0 15 0 0 0 0
0 0 0 0 68 0 0 0 0 0 0 43 0 0 0 0 26 97 0 0 0 0 0 0 0 0 0 0 0 41 16 0 47 0 71 0 0 0 0 0 0 0 0 0 76 0 5 75 19 52 0 0 0 0 0 0 0 0 0 0 0 0 0 0 0 0 0 0 0 0 0 0 0 0 0 0 0 87 0 0 0 71 0 0 25 0 0 0 0 0 57 0 0 0 0 0 0 0 2 0
0 99 0 0 0 0 0 0 0 0 0 0 0 0 17 0 0 0 0 0 0 0 0 0 0 0 0 0 0 0 0 0 0 28 49 0 0 0 55 0 0 0 0 0 0 0 0 0 0 0 0 0 0 0 0 0 0 0 0 0 0 0 0 0 0 92 0 0 0 0 0 0 0 64 0 0 32 0 0 41 0 0 71 0 0 0 48 4 0 0 0 0 0 0 0 0 0 0 11 86
0 19 0 0 0 83 0 85 0 0 0 38 0 0 0 0 62 65 0 0 0 0 0 0 0 0 0 0 0 0 0 60 0 0 0 0 0 82 7 0 0 0 0 87 0 71 0 0 0 95 0 0 71 0 0 0 0 0 0 0 0 0 76 7 0 0 0 0 0 29 0 0 0 0 0 0 0 0 0 20 0 0 0 0 0 2 33 0 0 14 0 50 0 89 0 0 0 40 27 0
0 9 0 0 0 70 0 0 0 0 0 0 0 0 0 0 0 0 0 0 0 0 15 0 0 34 0 0 0 0 0 19 3 0 0 87 0 0 0 0 0 0 0 0 0 0 0 0 0 4 0 0 0 0 0 0 0 32 0 0 0 12 37 19 0 0 0 41 0 0 0 88 0 0 0 0 59 13 0 8 0 0 0 16 0 0 0 0 0 0 0 74 0 0 0 0 0 83 0 0
0 29 31 47 67 75 0 0 46 0 0 0 0 0 0 0 0 0 0 79 0 0 0 0 0 19 0 0 0 0 0 3 97 25 0 0 0 95 0 54 0 0 0 0 0 0 89 0 77 27 9 0 0 78 0 20 77 100 0 0 0 0 97 68 19 0 52 0 77 0 0 0 0 92 0 0 0 0 73 0 0 0 48 0 0 0 69 0 76 57 68 0 0 0 0 0 0 63 7 0
0 81 42 72 0 0 0 0 98 0 70 0 37 0 0 0 0 0 0 0 89 43 0 0 11 0 0 0 0 0 77 0 0 0 0 0 0 30 0 0 0 93 0 0 0 0 0 0 0 0 0 0 57 0 39 0 93 0 93 29 0 0 0 0 83 0 74 56 0 0 0 0 0 0 0 0 50 0 0 0 0 0 0 16 0 0 0 0 44 0 0 0 0 0 0 16 75 0 100 0
0 0 0 0 87 0 20 23 0 0 0 0 0 0 0 0 0 0 0 0 0 0 0 0 0 38 0 0 0 0 0 0 15 0 28 77 0 55 91 0 89 0 90 0 0 45 55 0 4 0 0 34 0 82 0 0 0 0 0 20 52 24 0 93 0 0 3 26 92 0 0 0 50 0 0 0 0 19 0 72 0 48 97 0 0 97 0 48 0 0 0 0 0 0 0 0 0 0 38 0
0 0 0 0 0 82 0 0 0 69 0 0 0 0 85 78 16 0 73 9 46 0 0 0 0 0 62 0 0 0 0 0 38 0 0 0 0 0 69 0 0 60 0 0 43 27 0 0 0 74 0 82 0 0 0 0 71 12 0 0 0 0 0 0 0 51 0 0 80 36 0 0 0 0 44 0 0 43 0 0 0 0 25 0 71 0 0 0 45 0 0 0 0 0 0 41 0 0 0 0
0 0 0 0 0 0 76 8 0 0 0 0 0 0 24 18 68 0 59 0 0 0 0 51 0 0 95 38 0 0 69 83 0 0 0 0 0 0 0 0 0 0 0 0 0 33 0 0 0 95 0 67 0 0 0 0 0 0 0 0 0 28 0 40 71 0 0 0 0 94 0 0 0 0 0 0 0 0 0 27 0 0 0 46 50 21 0 0 0 0 0 0 0 0 0 0 0 0 0 56
0 0 0 0 50 0 48 0 44 46 0 0 0 0 0 0 0 0 9 0 0 0 0 0 0 0 66 27 25 0 89 0 0 0 0 77 0 0 0 0 0 13 0 0 3 0 34 0 0 0 0 0 0 0 0 0 0 0 0 0 0 0 0 0 72 0 80 0 0 0 0 0 0 0 38 10 0 0 0 0 16 47 21 66 0 93 0 0 0 78 84 0 0 0 0 0 0 0 0 0
0 0 0 91 73 27 0 0 0 0 0 0 0 57 0 0 66 0 59 0 0 12 0 0 0 0 0 0 0 0 0 71 0 0 79 0 0 0 0 0 0 0 0 89 0 10 100 34 0 0 0 0 0 0 0 0 12 53 0 0 0 0 0 0 60 0 24 0 0 0 0 0 0 0 0 97 0 0 0 0 0 0 98 0 0 0 0 0 0 0 0 0 0 0 0 61 0 0 0 0
0 0 0 0 0 0 0 0 0 0 0 0 58 82 0 0 0 0 0 0 74 0 0 0 0 12 13 0 0 0 0 0 0 70 0 0 0 0 0 0 0 0 0 27 79 0 0 60 0 41 0 0 33 0 0 0 0 0 0 0 0 11 0 56 0 0 0 0 87 0 0 0 60 0 0 0 0 0 0 80 0 0 0 0 0 0 0 0 0 0 0 0 32 50 0 0 0 0 87 26
0 0 24 44 0 79 0 0 29 0 0 0 48 0 0 35 0 5 0 45 5 0 0 0 0 0 97 0 0 80 0 0 0 0 25 73 84 0 0 0 0 0 0 62 0 0 0 0 0 0 0 79 2 0 53 76 75 0 0 0 0 0 0 0 0 0 6 0 42 0 0 0 0 0 0 0 71 64 0 0 13 0 0 0 0 0 0 0 0 0 94 92 0 0 0 0 0 0 0 0
0 0 0 47 0 0 0 0 0 0 0 0 73 60 0 16 0 0 0 0 0 0 0 0 56 0 31 99 27 0 18 0 36 0 0 45 0 0 100 0 42 7 0 80 59 90 0 33 0 0 0 0 23 0 54 12 0 0 62 0 0 0 0 0 0 0 97 82 0 0 0 0 0 0 0 0 0 0 0 42 12 0 0 0 96 0 0 0 0 0 0 0 0 0 0 45 0 0 0 0
0 0 94 0 0 0 0 92 0 0 50 0 0 53 51 0 0 0 0 0 0 0 0 29 0 75 0 0 0 33 0 0 44 0 0 13 0 0 0 37 7 0 0 0 0 0 8 0 33 0 0 0 0 63 0 0 0 0 82 73 0 0 0 0 0 0 0 90 26 39 0 0 97 0 0 0 0 0 87 0 0 68 0 0 0 0 0 0 0 0 0 0 0 0 0 0 80 71 93 0
0 0 0 0 80 0 0 0 0 52 0 0 0 0 0 74 14 0 0 0 0 0 0 0 0 0 0 0 0 0 0 0 0 0 0 0 0 0 19 0 0 0 97 0 0 0 0 24 0 0 0 0 0 0 0 0 0 83 0 71 0 0 0 32 0 0 0 0 0 33 0 0 51 0 0 33 0 0 0 17 0 0 44 8 0 0 0 0 64 63 0 50 0 0 0 0 0 0 68 0
0 0 0 0 0 0 0 0 66 0 0 0 0 0 0 0 0 0 97 0 8 0 90 0 0 0 0 65 0 6 0 0 0 0 0 0 0 0 0 0 29 0 64 0 0 0 38 52 0 0 0 0 0 0 62 0 0 0 0 0 67 48 0 96 0 0 68 71 18 0 0 0 0 0 0 0 0 0 0 28 0 0 0 0 0 0 40 0 0 0 98 0 0 0 0 0 0 14 0 0
0 0 0 0 21 0 39 0 0 30 77 0 0 97 0 0 0 0 0 0 0 0 52 0 12 59 0 0 0 0 28 0 0 0 0 0 0 0 68 59 69 0 0 0 0 0 0 0 0 0 0 0 0 0 87 33 61 61 0 4 29 0 0 0 0 0 13 0 0 0 0 0 0 0 0 0 46 0 39 13 0 0 0 0 4 53 0 19 0 0 0 45 93 42 0 0 0 0 0 0
0 0 0 0 0 44 59 7 0 0 0 0 79 0 73 0 0 0 0 0 34 0 0 38 0 0 0 0 0 0 0 0 0 0 95 0 0 0 0 0 0 0 0 0 0 0 0 0 0 0 30 0 62 0 0 0 0 0 0 0 16 0 33 0 0 0 0 0 0 0 0 0 0 68 0 0 0 0 0 0 0 0 0 0 50 0 0 0 0 50 0 43 0 5 0 72 0 0 69 69
0 0 0 0 0 0 0 11 0 0 0 0 0 0 0 5 56 94 0 0 0 0 59 0 0 23 80 53 0 9 0 0 0 0 0 0 0 67 0 0 0 0 89 75 0 0 0 0 0 27 87 41 57 0 0 0 100 0 0 49 0 0 59 0 46 0 0 0 61 0 46 0 0 0 0 0 0 0 0 0 0 0 0 0 0 0 26 0 92 0 0 0 0 0 0 0 18 0 0 0
7 0 34 0 31 0 0 0 0 0 0 0 0 0 2 0 0 0 0 0 66 0 0 78 0 0 14 0 0 0 0 0 51 0 0 0 61 15 64 0 0 38 0 0 0 0 0 0 80 0 0 0 0 0 0 0 23 0 0 40 0 0 0 80 0 0 0 0 0 0 0 57 1 38 0 0 0 0 59 75 9 0 91 0 0 0 0 0 0 0 0 30 0 33 8 0 0 0 0 0
0 54 0 0 0 0 0 0 0 0 96 71 0 0 0 0 0 0 0 0 0 0 93 0 17 0 0 63 0 0 0 0 0 0 60 0 0 0 0 0 0 0 47 0 87 0 0 57 47 0 0 98 0 0 7 0 85 0 34 0 0 0 0 46 0 0 38 0 0 92 0 47 9 99 0 0 0 0 0 89 83 0 0 0 0 0 0 1 0 0 81 0 13 0 0 76 17 0 0 0
0 0 0 0 0 90 0 0 0 0 0 0 0 0 0 0 0 0 25 0 0 0 0 0 50 0 0 0 0 0 0 0 0 0 24 0 90 60 64 68 0 0 0 73 0 26 0 0 0 0 0 0 0 16 96 0 0 0 0 0 0 26 13 0 0 0 0 0 0 0 27 0 0 0 0 0 0 45 0 0 95 0 51 0 39 0 0 0 0 0 58 83 0 0 0 0 0 13 0 54
0 77 100 26 0 0 63 0 0 0 0 3 28 0 67 31 0 0 62 0 0 0 4 0 0 43 0 0 0 77 0 0 0 0 0 0 0 0 0 0 0 0 92 0 0 48 4 48 0 0 80 0 0 0 0 90 0 0 0 0 0 0 0 0 0 0 0 0 0 0 0 33 0 0 72 77 0 0 0 56 0 34 0 0 0 0 0 0 0 57 25 0 0 0 12 29 0 0 0 0
0 52 0 30 0 66 0 0 0 0 0 10 0 0 0 0 0 0 23 0 0 0 0 0 0 0 0 0 53 77 78 0 0 0 0 0 0 0 0 0 63 0 0 0 0 0 0 0 0 0 89 0 0 24 0 98 0 0 57 0 85 0 0 0 0 22 0 0 0 0 6 0 2 0 0 0 0 0 0 67 0 0 39 0 0 1 66 0 0 6 0 0 0 48 0 0 0 0 43 0
63 0 0 0 0 84 0 0 0 0 0 0 49 96 0 0 0 0 0 75 79 0 0 0 0 0 18 1 0 0 73 4 0 0 0 0 0 0 0 0 0 0 0 0 0 0 0 88 0 0 0 0 0 0 0 0 0 0 0 0 0 0 0 0 0 98 0 0 0 0 0 0 0 0 0 49 85 0 0 0 0 0 80 0 6 0 0 0 0 15 90 0 0 29 0 41 0 21 52 0
73 0 0 0 0 75 0 0 77 88 9 11 0 0 80 0 0 0 0 0 98 0 100 51 88 0 0 0 0 7 0 0 0 0 0 6 0 0 0 0 0 0 0 10 0 0 0 36 0 0 0 90 0 0 0 0 48 40 98 88 0 0 93 0 34 0 0 0 0 72 0 0 0 0 39 68 0 33 0 0 37 0 0 0 0 0 0 0 0 44 0 68 0 0 4 0 56 0 0 57
68 0 0 0 0 36 0 69 0 0 0 0 0 0 0 15 0 0 98 100 0 88 0 0 0 0 0 0 0 46 0 0 20 0 0 40 0 0 0 0 0 0 0 0 39 0 34 0 0 0 0 0 0 0 0 88 0 0 0 0 77 3 0 0 0 21 0 0 69 0 0 0 0 0 0 0 0 26 0 0 0 0 0 44 0 0 0 0 86 0 0 0 0 0 60 35 67 0 0 0
46 0 0 40 0 17 0 0 0 0 0 0 0 0 0 0 0 72 0 0 0 0 0 0 0 0 0 0 0 0 0 0 0 0 0 0 0 0 0 0 0 0 0 0 0 0 0 0 0 0 0 97 0 0 0 0 89 0 14 0 85 0 0 0 0 0 0 0 0 0 98 91 0 0 0 0 28 0 39 0 0 40 0 49 0 53 0 69 0 13 5 75 26 95 0 66 78 0 0 99
26 8 0 81 0 24 0 52 86 0 0 0 0 0 14 0 0 0 0 0 0 0 0 0 0 94 0 0 14 0 26 0 0 63 0 0 0 0 0 0 30 0 0 0 0 0 0 0 0 0 0 0 0 0 0 11 0 0 0 0 51 67 0 9 43 0 0 0 58 0 0 0 44 0 0 0 0 0 0 0 0 0 30 0 0 0 65 0 0 0 0 0 0 0 0 0 0 0 0 0
0 0 0 0 0 0 0 0 0 43 0 17 0 0 0 35 0 0 0 0 0 0 0 0 92 0 78 28 80 0 0 0 19 0 72 0 0 0 0 0 14 0 0 0 0 0 0 0 0 0 0 0 30 0 0 0 18 0 0 96 0 0 0 82 2 27 0 0 0 0 0 0 0 0 68 0 0 0 0 0 0 0 0 0 58 98 0 40 0 0 0 0 0 0 0 69 0 0 0 0
0 69 57 0 43 0 87 0 0 0 53 0 13 0 0 0 0 0 56 0 0 0 0 0 0 47 100 0 0 0 17 80 0 0 0 0 0 46 0 0 76 0 0 95 0 0 0 29 97 0 68 0 54 56 0 72 19 0 0 0 0 2 27 11 0 0 0 0 0 0 0 0 65 0 2 0 0 0 0 0 0 0 0 0 0 0 61 0 0 0 58 0 58 0 0 0 0 93 0 0
0 56 27 0 0 0 74 12 47 0 46 32 0 0 0 0 0 77 26 0 0 0 0 66 0 0 0 0 0 0 92 0 44 0 0 0 0 0 0 0 0 0 0 0 82 0 0 0 0 7 84 9 0 0 0 81 0 0 0 0 0 0 0 0 0 0 20 96 0 11 0 0 0 0 0 0 0 0 0 92 0 0 50 0 0 0 0 0 100 0 0 86 0 0 51 0 0 0 0 0
0 0 51 0 0 0 30 0 0 0 0 0 0 29 79 88 0 0 0 67 0 0 0 24 0 0 19 0 22 57 28 15 11 44 0 0 34 0 0 0 0 0 0 0 0 0 0 53 0 0 35 65 0 0 81 0 0 0 83 0 34 21 0 49 69 0 0 15 0 0 64 0 0 39 5 0 33 92 0 0 0 0 42 68 0 0 0 0 0 32 0 0 0 32 0 0 0 0 0 0
0 0 6 0 0 0 0 0 0 100 0 44 76 0 0 0 0 0 64 0 74 63 60 0 0 0 0 0 0 0 65 0 0 0 42 0 0 0 0 0 0 25 0 27 0 0 0 0 0 32 0 0 0 72 0 27 46 37 0 0 0 0 0 0 0 0 0 0 0 0 0 0 0 0 98 4 0 0 0 84 0 0 0 0 99 0 0 39 0 71 0 66 82 0 0 55 54 0 0 50
0 0 0 21 0 0 13 43 0 0 40 0 0 0 0 75 0 39 0 31 0 94 0 0 39 0 0 0 0 0 0 0 0 0 0 0 0 0 65 0 0 0 0 83 17 0 77 0 0 68 0 50 0 0 26 0 80 0 0 0 0 59 0 0 0 0 0 0 0 0 0 0 0 90 0 76 0 0 57 0 14 29 53 93 62 0 0 0 0 0 0 0 92 0 26 0 0 0 0 16
0 0 0 0 78 0 0 0 0 0 0 0 0 83 17 0 0 0 0 0 49 99 0 0 0 0 1 0 8 22 0 0 0 0 0 100 0 20 0 0 0 44 0 0 0 0 0 0 0 0 0 0 0 0 0 48 0 98 0 39 0 40 0 19 88 0 0 0 0 0 15 85 0 0 0 0 91 0 0 0 14 0 0 48 0 89 53 0 0 97 0 0 0 0 0 0 6 0 0 60
0 0 0 0 0 0 0 0 52 0 0 0 46 0 0 0 0 45 20 0 0 0 0 0 0 0 0 0 0 0 0 0 53 0 94 0 12 0 0 49 0 0 0 0 0 0 0 0 0 87 0 0 0 0 0 62 34 0 0 0 0 0 0 0 0 0 35 0 0 0 0 24 0 66 0 71 0 70 0 23 23 5 0 0 91 0 0 0 0 0 0 5 97 0 0 77 0 0 0 0
0 47 0 32 0 0 24 34 72 0 0 0 71 0 33 0 30 43 40 0 0 0 0 84 0 42 0 0 0 0 0 0 0 38 40 18 67 59 83 0 0 0 0 0 0 81 93 0 0 89 70 4 85 0 68 0 0 35 0 12 62 41 0 0 0 9 0 0 0 0 0 41 0 91 47 76 0 93 0 95 0 0 0 83 0 0 0 91 0 0 0 0 0 0 0 0 52 34 65 0
0 0 0 56 0 0 0 0 45 0 0 0 90 0 0 0 0 0 0 0 0 0 74 0 0 10 0 0 65 40 0 0 0 0 0 0 0 0 48 0 18 0 0 0 0 0 0 0 0 0 0 0 0 0 0 0 0 0 0 0 0 0 0 24 0 0 13 0 0 0 0 0 0 0 97 0 0 0 0 0 0 0 0 0 0 77 0 0 5 15 0 84 0 26 65 0 0 0 0 0
0 26 0 0 0 0 0 0 13 0 0 0 76 0 0 0 0 0 0 0 0 0 0 0 0 0 51 0 0 0 0 0 0 0 0 0 88 14 0 0 0 0 0 0 0 53 0 7 0 0 0 0 0 46 0 0 0 0 50 0 0 0 0 50 0 0 0 0 64 0 0 0 66 0 33 0 0 0 0 75 0 0 0 0 0 0 0 0 0 0 6 0 90 0 0 60 58 0 0 79
0 0 20 39 0 0 0 0 0 69 0 0 0 0 28 0 0 0 0 0 0 30 0 0 0 0 0 0 0 0 0 71 0 0 0 0 0 0 0 0 77 5 0 0 76 0 0 0 41 0 81 0 0 0 0 0 46 80 0 0 0 0 0 0 0 0 0 0 0 0 4 0 0 0 0 0 0 0 0 0 10 8 0 0 0 93 28 73 100 0 0 0 0 0 0 0 31 41 0 0
94 0 61 0 0 0 0 0 0 0 0 0 90 0 0 0 0 0 51 0 0 0 0 0 64 51 0 44 28 0 58 0 0 57 0 0 0 0 0 0 0 0 0 0 0 0 0 0 84 0 0 0 0 0 94 4 0 0 0 66 0 0 0 0 0 0 0 33 0 15 50 0 0 0 78 0 8 50 0 0 0 0 0 0 0 0 0 0 0 0 0 16 0 0 0 0 0 0 0 0
0 0 0 88 1 0 0 0 0 0 95 0 0 13 0 63 0 0 0 50 0 0 0 0 0 48 0 71 0 0 0 85 0 0 0 0 0 0 0 0 0 67 0 0 25 0 0 34 35 61 0 69 97 0 0 0 0 0 28 0 0 0 0 0 0 0 0 6 28 38 0 0 3 0 0 0 0 0 33 0 0 0 97 0 0 71 0 0 92 0 32 0 0 0 0 0 0 0 17 0
54 0 0 65 0 42 0 0 0 0 36 0 0 0 0 74 0 89 0 0 0 30 0 0 90 0 0 43 0 0 0 70 24 0 0 0 0 0 0 60 0 6 88 0 0 0 44 0 0 62 0 0 9 0 0 0 0 0 0 0 0 0 90 0 0 0 0 92 0 0 0 0 0 90 0 27 92 0 0 0 0 0 0 0 0 0 0 0 0 0 0 0 44 0 32 0 65 0 0 0
0 72 0 0 0 45 5 0 0 0 0 11 0 0 0 0 7 0 0 90 0 70 22 0 0 0 0 56 70 0 0 0 0 0 0 0 0 72 0 0 0 0 0 0 0 43 31 0 0 0 92 0 0 0 0 0 0 0 0 7 0 0 91 0 0 0 0 0 0 0 95 0 18 73 0 0 0 0 0 96 73 0 23 0 0 72 0 0 0 0 0 0 0 0 69 0 82 38 0 0
98 53 0 0 0 0 29 0 0 79 0 60 0 25 0 7 0 0 43 40 0 0 0 19 54 0 0 90 0 0 0 0 0 0 0 0 0 0 0 0 0 0 0 38 30 0 0 10 88 0 21 0 0 0 0 82 0 0 67 0 0 56 0 0 75 0 0 100 0 0 0 0 0 0 92 0 0 0 0 0 0 67 0 27 0 0 0 0 74 54 61 0 0 0 0 13 36 0 13 0
0 15 0 28 0 0 0 0 0 0 0 0 0 0 0 50 0 0 33 0 16 0 18 0 0 36 55 88 0 0 0 0 36 0 0 0 69 0 85 0 0 0 0 0 54 39 0 0 0 27 0 76 0 0 0 0 0 0 67 0 0 0 10 0 23 0 7 0 22 0 75 0 0 0 0 0 99 0 0 0 0 0 45 0 0 0 0 73 0 0 3 0 0 0 0 0 26 82 85 0
0 0 0 0 0 0 0 0 0 0 0 54 0 0 0 0 0 0 0 0 0 7 0 0 81 0 0 0 0 0 96 0 0 0 0 0 39 0 0 0 64 0 0 0 0 0 0 0 0 78 0 0 0 0 63 0 0 0 0 0 0 0 14 0 29 0 0 0 0 53 20 0 0 0 0 0 68 0 0 0 0 0 0 0 43 43 87 0 0 0 0 0 0 0 0 0 53 0 0 0
0 0 0 0 0 0 0 0 0 0 0 0 46 0 80 0 0 0 0 0 0 0 26 0 0 0 0 9 0 0 89 0 0 0 0 0 0 0 0 0 0 0 79 81 21 0 0 0 24 17 0 11 13 0 57 0 0 0 0 85 0 0 91 3 0 85 40 29 0 0 73 0 0 12 0 0 0 51 0 0 0 0 0 0 0 0 18 0 17 0 0 0 0 0 43 91 0 0 0 0
82 0 66 0 16 0 0 0 0 0 0 0 0 0 0 0 0 0 59 0 0 87 19 0 50 43 0 0 3 0 0 53 40 30 0 0 0 0 0 0 0 0 0 0 0 0 94 0 38 0 0 0 62 0 0 0 36 0 33 0 0 0 0 0 0 82 0 0 0 0 0 0 0 0 86 0 0 0 0 0 87 0 0 68 0 0 0 0 0 0 0 0 24 18 0 0 0 0 18 0
0 0 0 0 0 0 0 88 0 0 33 0 0 69 0 0 65 0 0 0 66 0 87 0 10 0 0 0 57 0 0 20 0 0 0 0 0 0 0 0 65 0 0 53 0 0 36 65 0 0 40 0 0 58 0 0 0 0 0 0 0 0 0 0 64 0 45 0 95 0 0 0 0 0 0 0 0 0 36 0 0 0 0 85 0 0 0 0 0 98 55 53 34 0 0 0 0 47 0 0
0 0 30 0 25 0 0 0 6 84 0 0 0 0 11 0 0 2 0 0 66 0 0 4 0 0 0 55 0 67 9 0 0 0 0 0 63 0 0 0 94 0 0 0 0 0 0 33 0 0 0 0 0 0 0 0 0 0 25 0 0 0 0 0 0 0 0 0 0 77 0 12 0 0 0 93 44 0 74 0 0 0 0 0 0 0 0 77 0 0 0 0 0 65 0 57 90 0 25 0
0 0 0 83 0 0 0 19 0 0 0 74 0 0 0 0 0 0 0 0 12 0 0 79 0 0 0 0 0 0 0 58 0 0 0 0 0 0 0 36 0 0 0 0 0 0 0 0 0 0 0 0 0 33 67 0 0 23 0 24 0 9 0 0 18 13 0 0 0 0 0 0 3 0 0 0 0 0 0 0 0 0 36 0 0 0 0 0 53 0 0 0 0 0 0 0 0 0 0 52
0 0 0 0 0 47 51 50 0 0 0 0 0 0 0 0 0 0 0 0 0 85 0 0 72 0 0 0 68 0 0 17 42 0 0 0 22 0 8 0 24 0 0 0 0 0 0 0 0 3 0 0 0 0 0 0 72 15 0 0 0 0 0 60 0 0 28 0 5 0 0 0 0 42 0 0 0 0 0 0 37 0 0 0 0 45 0 0 80 100 0 0 0 0 0 0 71 0 0 0
0 100 0 0 0 0 0 0 0 0 0 0 0 0 0 69 0 0 0 0 0 0 0 0 0 0 0 0 0 2 0 0 0 0 0 6 0 0 33 0 0 53 95 0 0 0 0 0 31 0 0 0 0 14 8 0 0 0 44 51 0 0 0 57 0 0 23 0 0 0 0 0 0 0 0 0 36 0 0 0 0 0 0 0 0 0 0 99 30 88 70 0 0 0 0 0 0 0 0 50
0 0 0 0 0 0 0 0 88 57 0 0 0 0 84 0 0 0 0 0 0 0 0 0 0 0 0 0 9 0 62 0 94 0 0 0 0 0 78 0 0 0 11 0 0 0 66 0 0 0 0 0 0 55 0 0 60 0 0 0 0 0 0 0 0 7 0 0 0 33 0 0 0 13 10 0 0 0 0 53 0 86 59 0 81 75 0 0 0 0 0 0 0 0 0 0 0 0 71 0
0 0 0 0 0 0 0 0 44 69 0 0 0 0 0 0 0 41 0 2 0 79 14 0 0 0 0 77 82 40 82 50 0 0 0 0 0 14 0 0 70 0 67 94 0 0 0 86 58 0 0 36 0 0 0 0 0 6 0 0 0 0 33 30 88 0 0 0 0 0 0 27 0 0 0 0 0 0 13 0 0 1 0 0 0 0 0 73 0 0 0 0 0 0 0 0 0 0 0 0
0 22 0 0 0 0 0 0 0 54 0 0 0 0 0 0 0 0 0 0 37 0 0 0 0 10 80 0 69 0 0 0 0 0 30 0 0 71 0 47 0 10 0 15 0 0 0 0 0 0 0 0 0 0 0 0 89 0 0 0 0 0 0 9 0 0 0 37 0 0 0 0 46 0 0 0 11 0 0 0 0 38 2 0 0 52 0 92 0 0 0 0 0 0 0 0 0 39 34 0
0 0 0 0 0 0 0 35 0 12 93 0 0 49 0 0 8 0 0 0 0 0 0 21 0 0 44 0 98 0 0 72 0 45 0 0 0 0 26 0 0 0 0 0 0 0 0 0 49 0 0 0 0 0 0 0 0 0 0 0 0 0 80 0 0 0 91 0 0 0 98 47 0 0 0 53 0 21 71 0 0 0 0 0 67 0 0 0 0 0 0 47 0 0 0 0 0 0 13 0
91 0 38 0 0 0 0 0 46 93 0 0 0 0 0 64 92 0 0 68 0 0 0 15 0 0 0 0 77 0 0 92 0 0 0 32 0 0 0 38 0 86 0 0 0 80 0 34 0 0 20 0 0 4 0 21 57 0 8 2 79 0 0 90 23 0 0 0 2 0 0 0 40 0 33 52 0 0 65 0 0 0 0 55 99 82 0 0 0 0 0 3 0 0 0 51 0 0 0 0
0 0 0 0 0 8 0 0 0 3 78 0 0 0 0 0 0 0 0 0 0 0 0 0 0 4 68 3 0 0 0 0 0 0 0 0 0 0 0 72 0 0 49 0 0 0 0 0 84 0 0 34 0 0 74 89 0 0 17 0 0 47 0 0 59 0 0 0 0 0 0 0 61 0 75 0 34 83 0 0 0 0 54 0 0 0 0 0 93 0 0 89 0 0 0 77 0 0 0 41
90 59 28 0 92 0 0 0 0 0 0 91 0 35 0 6 93 0 0 0 0 0 0 0 0 0 0 0 0 0 0 0 88 0 26 20 54 0 0 0 0 84 45 35 18 0 0 0 0 0 16 0 0 0 0 0 45 0 0 0 0 0 0 0 0 0 0 63 0 0 0 0 0 0 0 32 23 0 0 46 0 0 0 0 0 0 0 0 6 66 0 0 0 0 0 0 0 0 0 0
0 0 20 0 0 0 0 18 0 0 0 0 0 0 79 0 56 0 70 0 0 0 0 20 0 0 0 0 0 0 0 0 0 0 0 0 0 0 0 34 29 68 4 14 0 0 0 90 0 0 3 0 0 0 0 65 0 0 0 0 0 0 0 60 0 0 0 0 0 84 0 0 77 0 0 0 0 0 0 0 0 0 45 0 0 0 64 0 0 4 0 0 0 31 0 94 0 0 0 0
0 19 0 0 92 0 33 0 0 0 0 0 0 0 1 0 42 94 0 0 0 0 0 0 0 0 0 0 31 27 0 0 54 5 85 0 0 56 0 0 0 0 71 0 0 92 0 21 0 61 0 0 0 0 0 0 44 0 0 0 25 0 46 52 0 2 59 0 0 0 7 0 0 0 0 0 72 0 0 56 10 0 31 0 0 0 0 0 35 0 0 75 0 0 0 0 71 0 0 0
0 0 0 99 3 0 0 0 0 0 70 0 0 0 72 0 0 0 0 76 0 9 0 0 0 0 0 0 0 3 47 0 0 0 33 0 0 0 0 77 0 0 48 0 0 0 0 98 0 89 0 20 0 0 0 16 0 49 0 64 0 4 61 0 93 92 0 2 0 0 0 0 0 0 0 90 0 67 0 0 0 89 0 0 72 0 79 0 44 18 0 54 0 0 0 0 38 0 26 98
91 0 0 0 55 0 75 35 65 0 0 0 0 0 0 0 0 64 0 73 0 65 49 0 0 17 0 0 0 0 53 0 0 0 0 0 0 74 0 0 0 0 0 0 0 0 0 36 0 0 0 0 5 96 16 0 0 69 0 0 44 0 0 0 0 0 0 28 0 0 0 0 0 75 66 0 50 0 0 0 0 21 0 0 0 8 0 0 0 29 82 0 9 9 0 4 0 0 0 0
0 0 0 0 79 89 0 0 0 0 0 0 0 0 0 0 55 70 0 0 100 0 0 14 69 95 0 0 81 0 0 0 13 0 26 0 0 0 75 0 0 0 0 0 0 79 0 19 19 88 0 0 60 0 0 9 0 85 0 0 0 0 0 0 0 0 0 0 0 11 0 0 0 0 0 0 0 0 0 0 0 0 0 0 40 0 0 0 0 0 23 0 0 0 18 0 90 0 0 0
0 0 36 0 0 0 0 0 47 0 98 65 0 0 0 0 0 0 0 74 0 0 0 0 73 0 0 0 0 0 0 0 0 62 0 33 0 51 8 0 0 0 0 0 0 0 0 0 0 0 0 1 13 0 0 0 0 8 0 70 0 69 0 0 0 0 0 0 0 0 0 0 0 0 0 89 0 56 0 0 0 0 0 0 0 84 0 0 0 66 0 15 0 0 0 0 0 0 0 10
23 0 0 50 51 0 0 0 0 0 7 62 100 0 0 0 0 0 0 0 0 55 91 66 24 0 0 0 0 84 30 47 0 0 0 0 0 0 0 0 0 40 0 63 0 0 0 61 0 0 0 0 0 0 0 0 0 25 0 0 88 63 0 0 0 0 0 0 39 0 0 0 84 73 0 0 0 0 0 0 0 97 0 0 0 0 0 97 0 0 33 0 0 3 0 0 0 0 0 0
0 0 0 99 0 0 0 0 0 21 0 0 0 0 0 0 52 70 0 0 61 1 0 0 0 0 64 0 0 0 0 0 78 30 0 0 0 0 0 0 62 0 0 0 0 0 0 38 0 0 0 0 0 47 58 0 0 0 0 0 0 0 0 0 0 0 0 0 0 0 0 82 0 0 0 53 0 0 61 47 0 0 0 0 0 0 0 78 0 0 0 23 48 0 52 0 1 0 0 9
0 0 57 0 0 0 0 0 76 34 78 0 0 74 0 100 99 0 0 0 80 85 0 15 38 0 0 0 0 0 0 0 0 0 0 0 33 86 44 0 72 0 0 0 0 0 0 0 0 40 0 0 0 0 0 66 0 71 0 96 0 0 0 0 0 0 0 0 0 0 0 0 0 0 62 0 82 0 92 26 0 0 0 0 0 27 0 0 0 0 0 0 0 0 0 0 0 0 0 0
0 0 0 8 95 0 0 84 0 0 0 16 0 0 0 100 0 82 0 0 0 0 36 0 93 0 0 89 66 2 17 0 0 0 0 0 0 0 0 0 0 0 0 0 0 0 0 0 0 83 0 0 0 84 46 0 0 0 0 0 0 0 0 0 49 0 0 0 0 0 0 0 0 0 0 56 0 0 0 0 0 0 0 0 0 0 0 44 0 77 0 0 0 0 0 0 0 0 0 0
20 69 0 100 68 0 43 0 70 0 0 0 0 0 0 0 0 0 0 0 71 35 0 65 0 0 0 34 0 0 37 0 0 0 0 0 0 0 0 1 92 0 59 0 0 0 0 0 0 0 0 94 0 87 0 82 0 0 0 0 0 0 95 74 0 0 93 0 0 0 0 0 0 0 8 0 10 0 0 0 0 10 0 0 0 0 0 100 0 0 0 0 0 0 0 72 0 0 0 0
0 0 0 0 0 0 0 0 0 0 0 36 100 0 30 0 13 0 0 3 97 65 89 0 0 19 0 0 0 67 0 86 0 0 0 0 0 0 0 0 0 0 58 0 0 0 0 0 0 0 0 0 0 0 0 0 0 31 0 67 0 19 0 93 0 0 95 0 0 0 0 0 0 0 0 0 0 20 0 0 0 11 0 0 13 0 0 0 0 0 0 0 0 0 0 0 0 0 0 0
0 0 0 0 0 55 0 0 72 0 0 0 0 0 0 0 0 0 0 62 0 0 0 16 0 0 0 0 0 0 0 0 0 0 0 0 32 0 0 0 92 0 0 0 0 51 33 0 0 16 0 0 0 0 0 25 0 0 0 0 0 0 0 0 7 0 0 55 0 0 0 0 0 0 77 0 99 0 0 75 0 0 0 0 0 0 57 50 0 71 0 0 15 0 0 0 0 68 94 0
0 49 0 20 0 0 0 0 0 0 0 0 10 0 66 0 0 80 60 31 0 21 28 0 0 0 0 0 16 0 90 0 0 0 0 0 0 0 0 0 0 0 19 0 72 0 83 0 0 0 16 0 0 0 0 0 65 50 0 96 0 0 0 0 0 0 0 66 0 0 0 0 0 95 0 0 0 20 0 0 0 57 0 0 0 96 0 0 0 0 45 89 45 0 0 0 0 30 0 0
40 0 0 0 46 0 0 0 0 0 0 0 49 29 0 0 0 0 0 0 0 0 94 0 0 84 0 0 0 0 0 0 0 0 0 0 0 0 0 0 0 0 50 0 0 0 0 42 0 25 0 0 0 0 0 0 0 32 0 0 0 0 33 99 0 0 0 0 0 92 12 0 0 0 83 0 44 0 47 0 0 0 0 0 0 0 0 71 0 0 63 0 0 0 0 0 24 0 0 0
0 0 0 52 64 0 0 0 46 0 50 0 50 0 0 0 0 0 54 0 95 0 0 23 0 0 6 0 78 0 0 0 0 0 0 61 0 80 0 0 0 20 0 0 13 0 34 0 26 0 8 1 42 15 0 0 0 0 36 0 48 0 26 0 0 0 0 0 0 0 4 0 89 60 70 0 0 0 0 76 0 0 0 59 36 0 0 0 0 0 0 0 0 26 0 0 0 0 0 0
0 0 0 0 76 0 0 0 0 0 21 93 0 0 0 0 16 44 0 0 0 0 21 0 0 0 0 0 0 0 0 0 24 36 0 0 0 0 58 0 0 0 0 0 0 0 0 63 40 0 0 0 0 0 0 22 0 0 38 0 0 0 65 0 6 0 0 0 0 0 66 0 0 73 56 0 0 0 0 0 0 0 0 0 69 0 48 0 0 0 0 0 89 0 0 52 0 0 0 0