100
0 0 0 0 84 0 0 93 0 75 23 0 0 0 0 0 0 0 0 0 0 0 0 34 86 0 94 75 0 0 0 0 0 0 0 40 0 1 23 0 54 0 0 0 89 85 0 0 0 67 0 0 83 0 76 0 0 0 0 0 61 8 0 0 47 10 0 0 0 49 0 78 0 0 0 0 0 51 18 71 0 0 0 0 40 0 0 48 72 38 78 0 0 0 49 0 0 71 49 0
49 0 0 0 0 0 0 0 26 0 0 0 0 0 0 50 0 55 0 0 26 0 27 46 0 0 0 0 0 0 83 0 87 0 74 0 94 0 0 0 0 0 0 0 0 0 0 0 0 0 0 0 0 0 0 18 0 0 0 66 79 0 0 97 0 0 0 0 0 0 0 0 0 0 0 0 0 0 8 0 0 0 0 0 52 0 58 100 0 0 0 0 55 0 0 0 0 0 0 0
0 0 0 59 0 0 60 0 0 62 0 65 0 0 50 87 0 0 0 7 61 0 0 65 0 0 3 0 0 76 0 7 35 0 0 82 0 0 85 0 4 0 0 0 35 0 89 0 0 0 0 0 0 0 25 0 0 0 54 0 0 0 53 0 0 100 30 0 0 0 0 0 0 0 0 0 0 0 0 37 58 9 0 0 49 0 15 0 0 6 88 0 0 0 0 0 0 0 0 0
0 3 0 0 16 0 0 0 89 0 44 11 0 0 0 56 0 0 0 0 8 0 48 0 0 0 61 65 0 0 0 0 0 0 82 47 24 0 0 0 44 0 93 100 0 0 0 0 0 0 0 0 0 0 0 57 0 0 0 62 31 0 0 0 0 8 98 0 0 0 18 0 31 0 59 4 0 0 0 0 67 0 0 0 0 0 0 8 15 0 0 11 0 72 34 0 0 49 0 0
0 0 0 78 0 0 38 0 0 78 0 0 0 0 0 0 0 0 0 0 0 0 0 0 0 0 0 0 0 51 0 0 0 0 0 0 0 0 0 0 77 0 0 0 0 84 0 0 50 0 0 95 0 91 0 22 0 65 75 0 0 0 0 0 0 87 72 0 0 0 0 0 0 0 0 19 0 98 19 19 74 0 0 45 0 61 0 0 63 0 0 0 93 0 0 0 0 86 0 0
26 0 0 0 51 0 65 0 0 100 0 43 84 83 0 0 0 19 0 17 0 92 0 0 0 3 15 0 0 42 0 0 0 96 22 53 0 0 0 0 0 0 0 0 54 0 69 0 0 0 0 0 0 0 0 0 0 0 0 28 49 46 0 0 0 0 0 0 0 0 0 0 0 0 0 0 0 2 0 56 0 0 0 58 0 0 0 0 0 0 0 0 0 0 0 0 0 34 0 54
4 27 0 3 0 25 0 0 0 0 0 0 83 0 0 57 0 0 0 0 84 30 0 0 0 0 0 83 0 0 0 0 97 64 72 0 0 39 54 0 0 0 0 0 0 0 0 0 0 77 0 0 0 0 0 0 0 0 0 0 0 0 0 0 77 0 0 0 5 0 0 0 0 0 0 0 0 0 36 0 0 0 0 0 0 0 27 0 0 0 17 0 0 24 0 0 0 0 0 0
0 0 0 0 0 0 0 0 0 0 0 3 0 0 0 0 0 70 0 0 0 50 9 0 0 49 0 90 0 0 0 0 3 0 0 0 0 0 87 0 0 0 0 0 0 15 0 0 0 0 25 0 0 0 0 0 0 0 80 53 0 0 0 0 38 0 0 0 0 0 74 0 0 0 67 55 0 0 0 0 14 83 0 0 58 0 0 0 32 0 0 8 0 0 0 0 0 0 0 0
0 7 0 0 22 0 0 0 0 41 0 0 0 0 26 25 34 0 0 23 0 0 0 0 0 0 0 0 21 47 0 0 0 22 0 0 0 0 0 0 1 0 0 7 0 0 9 0 0 0 75 0 0 0 0 0 0 18 0 0 87 0 0 0 0 63 0 0 0 0 0 95 56 0 0 0 55 85 84 0 0 0 0 81 0 0 0 0 0 0 0 0 0 93 0 0 0 0 7 0
88 0 0 0 0 0 34 68 0 0 30 0 0 0 0 0 0 0 0 57 0 0 0 0 0 4 0 0 4 32 0 0 0 31 0 0 0 76 0 46 0 27 1 0 70 0 0 0 0 15 0 0 0 0 53 0 4 0 0 0 0 0 0 0 50 17 0 0 0 0 14 0 89 0 0 0 0 51 0 0 0 0 0 0 0 95 0 62 100 0 95 0 0 97 0 0 0 0 46 61
57 0 26 10 0 0 0 0 70 12 0 0 27 0 0 25 0 0 0 97 0 0 0 0 0 0 0 0 0 0 78 99 0 7 0 0 0 0 14 50 0 0 0 18 0 2 76 48 0 0 0 76 16 0 0 34 0 0 0 60 0 0 0 0 87 0 0 90 0 0 0 0 0 40 48 63 0 71 0 0 0 0 0 0 0 0 0 0 0 0 0 50 0 0 0 90 0 0 0 0
0 0 96 0 0 50 0 0 0 18 0 0 58 0 0 36 0 0 34 0 0 0 0 0 0 0 80 0 0 95 0 0 0 5 0 0 0 67 0 54 0 0 0 0 0 0 61 0 0 0 0 46 0 0 0 0 73 95 0 0 22 0 8 0 6 82 0 0 0 0 0 0 0 0 5 0 80 40 0 0 0 14 0 0 0 0 0 0 3 0 0 38 0 0 0 0 0 41 0 0
43 0 11 0 0 0 0 0 0 0 48 17 0 0 0 0 0 0 0 80 0 4 0 0 34 0 0 0 0 0 0 80 0 0 7 0 0 96 0 0 100 0 0 0 0 0 0 0 39 0 16 0 81 0 0 0 0 0 0 0 0 0 88 0 0 0 11 0 0 0 0 0 97 26 0 0 0 25 0 0 69 0 0 0 0 0 0 0 0 0 0 0 0 0 0 0 0 0 0 0
0 0 14 0 0 84 0 0 0 0 0 0 0 0 0 0 0 0 0 0 0 0 0 0 0 19 58 86 0 0 36 56 0 0 39 62 0 0 0 0 82 0 0 0 0 54 83 0 77 0 0 0 0 89 0 0 0 83 17 0 0 0 0 0 88 0 0 11 0 0 69 0 0 0 0 0 15 0 0 0 0 0 16 47 0 0 0 0 0 66 0 55 0 25 0 0 0 0 0 62
0 0 11 0 57 0 0 81 0 0 0 0 79 0 0 0 0 0 16 0 71 0 0 0 0 7 87 0 0 0 0 0 0 0 0 0 0 0 0 0 0 37 0 0 0 56 0 0 46 0 85 0 0 0 0 20 0 0 0 0 6 0 79 60 0 0 0 0 0 0 88 0 0 40 0 43 0 26 0 0 0 23 0 0 0 0 0 0 0 3 57 41 58 0 63 2 28 0 0 0
0 0 0 0 2 0 0 72 0 68 24 44 0 23 0 0 0 0 0 91 0 85 0 0 85 0 0 0 0 0 80 28 0 0 0 0 0 0 0 20 0 0 0 55 0 0 0 0 46 0 50 54 96 0 0 0 0 0 7 63 24 0 0 7 0 50 0 0 0 0 0 38 0 0 51 0 0 14 18 0 47 55 71 0 0 0 0 0 0 49 0 0 0 0 0 0 0 0 0 0
0 43 0 0 0 17 0 0 55 41 0 95 0 0 29 0 0 0 0 0 0 0 0 0 0 0 0 0 0 0 0 11 0 0 0 0 72 0 0 0 0 0 0 0 0 0 0 0 0 0 0 0 0 34 0 0 0 0 0 0 81 0 0 80 30 66 0 0 0 0 0 1 0 0 0 0 0 0 0 0 67 64 0 23 0 0 97 72 0 0 79 0 6 75 1 0 0 0 79 0
0 0 0 45 0 0 0 0 84 0 86 32 0 0 0 0 0 0 0 0 0 0 0 36 0 0 7 0 0 0 88 0 90 0 55 0 0 0 0 19 0 0 0 91 0 0 0 32 0 0 39 0 0 0 0 0 0 27 0 0 0 41 0 0 0 0 0 0 0 3 0 0 0 0 0 0 0 0 0 0 0 0 99 61 0 0 0 0 0 0 0 0 0 0 1 0 0 64 0 0
2 74 0 0 0 0 0 0 0 0 0 0 0 87 0 0 0 0 0 0 0 0 0 9 0 0 95 0 0 0 0 0 0 0 0 0 0 36 0 0 46 0 0 0 0 70 0 0 40 0 0 8 0 0 0 0 0 0 0 94 0 0 0 0 0 0 0 25 0 0 15 0 0 67 0 0 4 0 0 0 0 73 0 96 0 36 82 0 0 74 85 57 0 0 0 0 0 0 0 0
0 17 0 0 0 0 0 0 94 0 0 0 0 0 0 0 0 6 0 0 0 0 0 0 0 37 0 0 0 0 0 0 0 0 60 26 0 77 0 56 0 61 0 0 0 0 0 58 0 31 0 84 0 0 46 0 0 0 0 56 0 22 29 0 0 56 0 0 0 0 0 0 3 0 0 0 0 95 0 0 0 39 0 79 0 0 0 0 0 0 0 0 0 0 0 51 0 0 28 0
0 100 32 0 0 0 0 0 0 0 0 0 0 0 0 0 0 0 0 0 0 0 0 0 0 3 86 0 6 0 0 0 0 0 0 73 95 0 0 0 0 0 0 0 0 38 0 17 0 0 0 0 0 0 0 0 0 0 0 0 0 0 45 0 0 0 89 0 0 48 78 0 0 0 0 81 0 19 0 0 0 0 0 0 0 0 0 0 34 63 0 0 0 0 0 51 20 0 0 0
0 0 0 0 74 0 0 0 38 0 0 0 0 0 0 43 0 0 0 0 0 0 0 62 0 0 0 0 0 41 0 0 0 0 0 35 43 0 77 0 0 55 0 0 0 0 0 0 50 0 3 18 0 21 72 0 0 0 0 68 0 0 0 28 0 0 0 0 0 16 0 74 0 37 0 0 47 0 44 0 91 0 0 0 0 0 38 0 0 0 0 0 0 0 0 0 0 0 0 68
59 0 0 0 64 0 100 0 66 0 0 0 0 0 0 0 0 0 0 37 0 0 0 0 0 86 0 0 83 0 0 0 0 0 0 47 0 0 0 0 0 0 0 0 11 0 46 0 0 0 0 65 0 0 64 0 0 0 0 0 0 0 0 0 0 0 0 87 0 0 0 70 0 92 21 67 0 0 0 0 0 84 0 0 93 0 0 0 24 0 84 0 0 81 0 15 0 0 0 0
0 0 7 76 0 0 0 24 0 0 14 0 0 0 0 0 0 0 0 0 0 0 0 0 16 0 0 0 0 0 0 62 0 0 0 0 0 66 0 21 87 0 0 10 0 0 0 67 0 0 0 0 0 66 0 0 0 0 0 0 0 0 60 80 0 0 0 0 0 0 0 0 0 0 0 0 21 0 0 50 0 0 0 0 0 0 93 0 0 0 0 0 0 22 0 0 0 61 28 0
0 0 0 83 0 10 0 0 0 100 91 0 51 39 0 41 0 0 0 0 0 0 0 35 0 47 0 0 0 78 0 0 0 5 0 0 0 90 0 0 0 0 83 0 0 94 47 24 0 0 62 0 50 12 3 19 82 0 0 0 0 72 0 0 0 0 0 0 0 0 60 0 0 0 0 0 0 0 0 71 0 0 68 69 0 0 0 0 0 78 0 4 0 40 0 0 0 59 0 0
0 0 0 0 0 0 5 0 0 40 0 37 0 10 0 0 88 0 0 13 71 0 0 0 37 0 0 0 35 0 0 0 0 0 0 0 0 63 0 0 0 0 0 0 0 0 0 0 0 0 55 0 0 0 0 0 0 9 0 0 98 0 87 0 0 0 0 0 0 44 68 0 34 25 32 0 91 0 92 0 21 44 0 0 0 96 0 0 0 29 0 60 0 24 10 0 0 52 0 0
0 7 0 0 32 0 0 0 0 99 0 0 0 0 0 5 38 0 0 0 0 0 0 0 0 18 0 26 0 0 5 0 0 0 14 0 29 0 44 0 0 0 98 0 100 0 0 78 0 0 0 94 0 72 0 0 0 0 78 0 0 0 0 0 14 93 0 0 0 83 0 0 0 0 69 42 0 0 0 0 0 0 0 0 0 20 0 0 0 0 56 0 0 86 0 98 93 0 68 0
0 0 0 0 0 0 34 0 0 0 0 0 0 0 0 0 0 31 0 0 0 0 0 6 0 0 0 0 0 0 0 0 0 46 0 0 0 0 0 0 0 0 0 0 0 95 0 0 0 0 0 0 0 49 0 0 0 25 92 0 65 0 87 0 43 0 0 0 0 0 0 0 0 0 0 0 0 0 17 61 0 0 0 74 0 0 0 0 0 73 0 0 0 0 0 0 29 0 0 0
0 44 0 0 32 0 12 9 0 29 0 0 0 0 0 33 0 0 0 53 84 0 0 0 0 0 31 70 0 0 0 0 0 0 0 0 0 26 72 0 0 61 0 0 0 42 28 46 0 33 0 13 0 0 0 45 0 0 0 0 0 0 0 28 0 0 0 0 0 0 68 0 0 0 0 0 0 0 0 0 0 0 0 0 19 0 12 0 0 0 0 0 11 87 49 0 0 0 0 88
0 97 54 0 32 0 0 61 0 0 67 0 62 0 0 12 0 0 20 53 0 21 0 0 0 0 96 0 0 0 53 0 0 50 0 57 0 0 95 0 0 37 59 0 33 0 0 0 0 0 0 0 53 0 58 0 0 6 0 0 26 0 39 0 0 0 92 0 0 0 11 0 0 0 0 0 0 49 0 0 9 0 0 0 0 0 0 96 0 4 0 91 28 0 0 0 0 0 0 0
53 0 0 0 0 0 0 0 0 0 0 86 0 0 74 0 46 28 10 0 0 0 23 81 0 0 0 0 0 0 0 0 0 57 0 0 0 0 0 0 50 0 0 14 0 0 0 0 0 7 0 46 0 0 0 0 0 0 0 26 0 0 0 44 85 87 0 0 38 0 0 0 47 55 0 0 0 0 97 0 0 24 0 0 7 0 0 0 0 0 0 0 10 0 0 0 71 73 0 0
0 0 0 0 56 58 0 83 0 0 0 0 0 0 94 39 64 0 0 0 0 0 0 81 0 0 79 0 0 0 0 0 0 61 0 0 0 0 0 0 0 0 0 0 98 43 0 0 100 0 0 0 46 0 0 0 0 0 0 71 0 0 0 0 0 27 5 0 0 0 23 0 0 0 0 0 86 0 0 0 0 0 0 0 89 81 0 0 0 44 0 0 0 0 0 0 0 0 0 0
0 0 29 0 0 0 0 0 0 0 55 0 0 0 0 0 0 0 0 0 0 69 0 0 0 52 0 0 0 0 0 0 0 74 0 0 0 0 0 0 0 26 0 0 0 0 0 0 58 0 43 74 0 0 0 0 0 0 0 0 0 0 0 0 0 0 0 0 0 0 0 69 29 0 0 0 0 0 0 31 0 0 0 0 0 0 0 0 0 77 64 11 0 44 66 0 0 0 0 98
49 0 0 83 0 0 12 0 0 0 60 0 0 0 0 18 0 0 0 0 0 0 0 0 0 0 68 0 58 0 32 0 73 0 0 0 0 0 0 0 0 85 70 48 1 0 0 16 0 0 0 0 0 0 0 0 0 51 0 0 30 0 61 0 0 0 0 0 43 0 0 0 99 0 26 0 0 0 0 0 0 29 0 0 0 0 0 0 3 0 54 96 0 0 0 0 0 0 0 42
0 0 0 0 0 97 29 48 0 12 0 0 65 0 0 0 0 0 0 0 0 30 0 18 49 0 0 0 20 0 0 0 0 0 0 0 0 0 55 0 0 0 79 0 0 0 0 0 0 0 64 0 0 91 0 0 0 0 0 0 51 0 0 0 0 0 0 0 0 1 51 0 41 0 71 0 11 95 0 0 0 0 0 0 0 0 0 0 30 0 0 0 0 52 0 21 0 0 22 0
0 0 0 0 0 0 0 0 0 0 0 0 0 0 0 0 0 0 28 0 0 0 83 0 0 85 0 75 0 0 0 0 0 0 62 0 90 0 0 0 8 0 0 91 0 70 0 0 0 0 22 0 0 72 0 0 0 0 84 0 0 0 0 50 0 24 0 32 0 0 53 0 0 0 0 0 0 0 0 0 71 0 31 0 0 0 0 0 0 58 91 0 0 0 0 0 0 0 0 0
0 0 0 0 0 0 55 0 0 0 0 0 56 54 52 0 0 0 0 0 0 0 86 75 0 0 0 36 0 0 0 23 95 0 0 0 0 39 0 0 0 63 0 0 0 95 11 0 72 0 0 0 0 15 29 18 0 0 0 0 0 0 0 0 86 0 96 92 0 0 0 0 0 0 0 0 0 0 0 0 0 0 0 0 0 0 0 0 0 0 0 0 0 86 0 0 63 0 0 20
0 0 0 0 0 83 0 0 0 50 0 52 36 0 0 0 0 81 33 0 83 0 38 0 59 0 0 0 0 0 35 0 0 0 0 16 0 0 0 0 0 75 71 93 66 0 0 0 33 0 23 0 0 0 0 72 0 29 0 24 0 0 0 0 13 0 6 0 0 0 73 0 0 0 0 0 0 0 0 0 0 0 0 0 12 0 0 9 17 0 0 0 0 5 25 0 0 0 0 81
0 0 0 0 41 0 0 0 89 65 0 0 76 0 0 0 11 31 0 0 78 0 64 0 0 32 53 0 0 0 0 75 0 0 0 0 10 15 0 0 40 0 0 33 0 0 0 0 48 6 0 0 47 0 0 36 0 0 46 0 90 0 3 0 0 0 0 19 41 0 0 44 0 0 0 0 0 0 0 0 0 62 0 0 0 0 0 0 0 0 0 0 0 66 0 21 0 74 0 0
0 39 77 0 100 73 0 0 0 0 0 0 0 0 0 0 0 0 3 0 0 0 0 0 0 0 100 0 0 0 0 0 0 45 0 0 0 0 0 0 0 7 0 0 6 0 0 0 0 0 0 0 0 13 0 39 20 0 0 0 0 0 0 92 0 0 69 0 0 0 0 0 0 0 50 0 0 0 0 81 85 0 0 83 0 0 0 0 0 0 33 0 0 0 0 0 0 0 0 0
0 24 0 0 0 0 0 0 74 36 0 0 54 0 43 0 0 0 0 0 42 42 0 82 0 0 0 0 0 0 0 0 12 0 0 0 0 0 0 0 0 0 4 0 59 21 0 46 0 49 0 21 0 46 0 0 0 0 0 0 0 0 0 0 0 0 4 0 0 42 0 0 0 0 5 31 0 0 0 66 8 0 1 0 0 13 0 0 0 33 0 77 70 83 0 96 87 0 22 0
0 30 0 0 99 0 0 0 0 0 0 0 0 0 0 0 16 0 74 30 31 0 0 0 96 22 94 0 48 80 0 0 0 0 44 89 28 0 0 39 0 0 0 0 0 77 0 0 0 0 58 0 0 0 0 0 0 0 0 0 0 0 0 0 0 0 65 0 0 0 38 47 0 25 61 38 0 0 0 91 34 0 0 0 0 28 13 0 0 73 22 83 0 0 0 0 0 0 7 0
95 1 0 0 0 0 92 0 0 0 0 9 80 87 0 0 0 0 0 0 0 0 57 0 0 0 0 0 0 0 0 0 0 0 0 0 0 0 58 86 0 0 0 0 0 0 0 74 74 4 0 0 0 0 0 24 0 0 26 0 0 0 0 27 0 0 74 0 0 0 0 0 0 0 0 0 0 0 27 0 0 0 0 0 0 0 38 76 0 0 0 0 0 0 0 90 65 0 0 0
94 0 0 0 0 0 0 0 0 33 0 90 27 0 0 0 0 0 46 0 0 0 0 0 0 71 0 58 0 0 0 0 0 0 65 0 0 0 0 0 0 0 51 0 44 77 32 0 51 0 30 13 0 0 54 0 0 16 0 0 0 97 0 0 41 0 65 0 0 6 0 75 0 0 0 32 95 0 0 27 0 42 0 0 20 0 0 0 23 55 0 0 58 78 59 0 16 59 0 0
0 78 0 0 0 0 18 0 0 0 0 0 0 0 0 0 97 41 84 7 0 0 68 0 52 0 0 87 0 0 0 0 0 0 0 0 80 0 0 58 0 0 0 8 0 0 0 0 55 0 0 0 0 0 0 0 89 0 0 68 0 0 0 0 0 0 0 72 0 0 0 0 0 0 0 0 0 0 0 0 0 0 0 0 0 0 0 0 0 0 0 0 0 0 0 49 0 31 0 27
0 0 24 0 0 0 58 27 0 3 0 0 47 0 47 0 0 0 0 0 0 0 26 0 0 0 0 59 0 0 0 3 0 44 0 21 0 0 6 0 0 0 0 0 0 0 33 0 56 0 0 0 51 13 0 0 98 0 0 0 0 87 0 0 0 88 0 10 46 15 0 0 0 0 0 0 62 71 88 0 14 0 0 0 0 0 0 8 91 0 0 35 0 0 0 14 0 13 0 0
0 0 0 0 0 0 0 69 43 0 2 35 0 82 97 19 0 0 0 0 0 0 0 0 0 40 0 0 0 0 56 88 0 0 0 0 18 0 0 0 0 9 98 0 0 0 0 0 0 0 70 24 0 8 0 41 0 0 0 0 0 0 29 0 0 63 0 86 40 0 0 0 0 0 0 85 0 0 0 0 0 0 0 74 0 0 0 52 0 0 0 0 0 0 0 35 0 0 47 0
0 0 0 0 0 0 78 0 0 0 0 0 0 61 0 0 0 0 0 0 94 0 0 0 32 0 0 75 0 0 73 0 0 0 0 0 0 80 0 52 32 67 0 0 0 56 0 0 0 0 0 0 0 0 0 0 0 0 0 0 0 0 0 82 0 0 0 0 68 0 0 0 0 0 48 0 0 0 0 0 0 39 0 0 0 0 0 0 0 0 0 0 34 18 0 0 88 0 0 0
88 0 0 61 0 0 73 0 0 0 88 0 0 0 0 0 0 0 0 84 0 0 0 62 0 0 0 0 0 0 0 28 0 0 0 33 0 0 0 78 0 90 0 0 0 0 0 0 0 0 0 49 0 64 0 0 0 0 0 0 10 0 0 0 0 0 0 0 0 0 0 0 0 0 0 0 0 4 0 79 0 0 24 0 0 76 0 45 0 0 0 0 86 0 0 49 0 0 85 60
0 0 0 0 0 0 0 0 52 37 0 0 0 65 0 0 0 0 0 30 79 0 0 59 0 0 0 83 0 0 0 0 30 0 0 0 61 0 0 0 0 90 0 87 65 0 0 100 4 0 0 0 0 0 40 0 0 36 0 55 0 0 0 0 0 93 0 0 0 0 16 0 62 0 16 0 0 0 0 0 0 0 0 6 0 0 0 0 17 98 0 56 0 0 77 0 0 60 0 0
0 0 0 0 0 0 0 0 0 0 0 0 0 0 0 0 0 0 0 72 0 0 0 0 0 0 0 0 0 0 0 0 0 0 49 0 0 0 12 0 0 0 16 0 0 0 0 0 0 0 0 0 0 0 0 0 0 0 100 0 0 0 4 0 0 0 0 0 0 62 0 0 0 80 0 0 0 70 0 0 0 0 0 0 0 0 0 0 0 0 0 0 84 6 0 24 0 0 0 0
0 0 0 0 0 0 0 0 6 0 0 0 0 25 0 0 0 0 78 45 28 0 0 47 97 0 0 0 0 0 0 0 46 0 0 0 0 0 0 32 1 0 0 0 14 0 0 0 0 0 0 0 0 40 0 77 38 0 87 0 47 0 6 0 0 0 0 0 18 72 56 0 0 0 0 0 0 0 89 0 0 0 0 20 0 0 0 0 0 0 71 0 0 0 0 0 0 42 0 0
0 48 0 0 0 0 0 50 0 42 0 0 0 0 0 0 0 0 0 0 63 0 0 0 0 0 0 48 0 73 0 0 10 0 2 0 0 0 0 0 0 0 0 0 43 79 0 13 0 20 0 0 0 75 0 0 0 0 99 0 0 92 0 0 7 0 0 0 0 0 0 0 0 0 0 0 26 0 0 0 0 0 59 0 0 0 42 54 33 74 0 15 0 34 0 0 0 0 0 0
0 47 0 47 98 0 0 49 0 13 0 0 0 0 0 5 0 0 0 0 0 0 22 0 27 0 10 0 0 69 0 38 68 0 0 0 45 61 0 70 76 0 80 70 0 0 0 0 36 0 32 0 0 0 0 0 68 29 0 0 0 0 0 0 0 43 0 0 0 0 0 0 0 21 0 0 0 96 0 0 0 100 0 0 0 88 0 0 0 0 0 22 0 7 0 0 16 0 0 0
0 31 0 0 0 0 0 0 89 0 0 0 0 0 60 0 0 0 17 0 0 65 15 0 0 0 0 0 0 94 0 0 0 0 0 0 20 0 0 0 48 30 0 0 91 0 0 51 0 0 0 0 47 0 0 0 0 0 0 68 0 3 0 88 0 0 0 0 29 0 0 0 44 0 0 0 0 7 0 0 35 0 0 0 94 0 0 0 0 0 0 25 0 0 0 0 0 0 0 0
0 50 0 23 0 0 0 0 0 0 27 0 0 0 65 0 55 0 0 0 32 66 0 0 91 0 0 0 59 0 0 35 7 0 0 0 0 38 0 0 0 30 0 0 0 0 0 0 0 0 0 0 0 77 0 0 0 0 19 0 0 0 0 0 51 0 0 0 0 0 0 99 0 23 30 0 0 47 0 0 0 92 0 11 13 0 0 18 0 0 0 0 0 80 0 0 37 0 0 0
0 0 37 0 0 0 0 0 82 94 0 47 0 0 0 0 0 0 0 0 0 0 0 34 0 0 0 0 0 0 16 0 0 0 0 0 0 0 35 50 20 78 0 52 6 83 0 0 0 0 0 0 23 0 0 79 0 0 0 0 0 0 90 0 0 0 0 47 0 22 68 0 0 0 0 0 0 0 0 97 0 0 0 97 45 0 0 0 54 61 0 13 0 0 0 0 0 0 0 0
0 0 0 0 0 0 0 0 0 75 80 24 30 0 0 0 0 0 68 0 0 49 0 0 7 0 0 82 0 0 0 0 0 0 0 0 0 13 0 0 0 0 0 0 0 58 0 0 0 0 0 0 0 0 0 0 0 0 27 0 0 0 0 0 0 0 0 0 0 0 0 0 0 0 0 2 0 0 31 0 52 0 0 17 0 0 0 0 0 48 0 0 0 0 49 0 40 0 0 0
88 0 0 0 0 0 0 0 0 84 72 0 0 0 0 0 49 0 0 72 45 21 0 79 60 70 0 0 0 0 68 0 0 0 0 17 76 0 99 0 0 14 0 0 0 97 0 96 0 98 0 0 0 0 97 0 33 0 0 0 0 0 0 0 0 0 0 0 0 0 0 0 0 0 0 0 20 0 0 81 0 0 0 0 0 10 0 0 0 0 0 0 0 0 0 52 0 0 0 71
12 0 52 0 0 0 0 0 0 0 15 96 0 0 0 0 6 53 0 73 0 2 66 0 76 96 0 20 0 0 0 0 0 0 0 0 0 36 0 64 0 0 0 46 0 0 0 0 43 0 0 0 0 0 47 99 0 0 13 0 0 0 0 0 0 0 0 0 0 0 0 0 0 0 0 0 76 2 0 0 0 34 0 0 0 0 0 61 47 0 65 38 0 0 0 0 0 0 0 0
0 0 78 0 0 0 0 44 49 0 92 0 0 0 0 0 56 0 51 0 0 0 0 0 74 0 0 0 0 0 0 0 0 0 0 99 0 0 95 0 0 0 0 0 0 0 100 0 0 0 0 0 0 54 0 0 0 0 43 0 0 0 0 0 0 21 55 0 14 0 0 26 0 0 0 0 0 0 0 0 0 0 0 1 0 0 93 0 0 0 57 0 0 0 0 0 0 32 0 24
0 77 0 0 10 0 0 34 0 0 0 0 0 0 65 0 0 25 46 61 0 0 0 0 0 68 18 0 51 0 0 0 0 0 60 0 0 0 0 0 0 18 0 0 8 0 0 0 6 0 0 0 86 0 17 0 0 0 0 0 0 0 0 0 0 0 14 0 54 0 0 0 55 0 0 0 0 0 0 0 0 0 0 0 0 50 0 0 0 0 53 0 0 0 0 9 63 35 0 0
0 0 0 0 0 0 39 82 0 87 66 0 29 0 0 0 23 0 0 0 53 0 0 0 0 0 0 0 0 0 0 21 0 0 0 0 0 0 25 0 0 0 67 1 19 45 0 0 0 53 2 0 0 0 0 0 0 0 0 55 0 0 0 0 0 52 0 72 0 4 77 81 0 72 0 0 0 6 0 0 25 0 0 0 0 0 0 0 0 75 0 0 0 0 0 0 48 0 0 36
1 0 0 0 0 0 0 0 0 0 36 0 0 88 0 0 0 66 0 56 0 0 41 0 0 0 0 0 0 0 98 100 0 0 0 0 0 45 0 0 0 96 0 84 81 0 0 0 0 0 0 0 36 95 79 92 0 14 0 0 17 89 56 0 0 0 0 0 0 0 0 0 0 0 0 43 0 0 0 0 6 0 0 0 0 0 0 0 30 0 0 0 0 0 0 0 0 0 0 89
0 0 0 0 0 41 0 0 95 65 0 0 0 42 0 0 0 0 0 0 17 81 0 20 10 0 52 0 0 0 0 0 0 0 62 22 0 2 96 0 0 25 0 66 0 0 0 0 46 0 0 0 73 0 77 0 0 0 82 1 88 0 12 0 0 0 11 0 0 72 6 0 46 5 0 4 6 39 0 0 21 0 83 0 0 0 0 0 35 76 0 0 0 0 0 0 0 0 0 0
0 0 6 0 0 0 46 18 0 50 0 60 82 0 0 0 0 0 0 0 48 0 0 0 0 0 0 0 0 46 0 0 0 23 83 90 0 0 0 0 78 0 0 84 0 0 0 0 0 0 0 0 0 0 0 0 0 100 0 0 0 0 0 0 0 0 0 0 0 0 0 87 0 0 0 0 24 24 60 37 8 0 0 0 0 0 26 0 0 37 0 0 0 0 71 0 0 64 0 98
56 1 0 0 0 0 0 0 0 0 0 0 0 92 0 0 0 0 0 0 41 0 0 0 0 0 0 0 0 53 0 0 70 54 0 0 0 0 83 30 46 9 0 0 0 0 0 0 50 5 0 0 0 83 52 54 0 0 0 21 0 0 45 0 19 0 0 0 98 36 0 94 0 0 0 0 13 0 0 0 0 29 0 69 0 0 51 0 0 0 0 0 0 0 0 0 0 83 0 0
0 0 0 0 0 0 0 14 0 0 0 0 0 0 59 0 0 0 83 0 0 47 0 0 0 0 0 0 0 0 54 0 0 57 0 0 32 0 29 0 0 47 0 0 0 0 68 0 0 0 0 49 0 0 0 8 0 0 0 0 0 40 0 0 5 22 0 0 0 83 0 0 0 25 62 0 68 57 0 0 91 96 0 0 31 0 0 0 0 0 0 0 0 0 0 0 0 0 0 0
0 0 1 0 0 0 26 0 0 0 0 0 0 45 0 0 97 0 0 0 31 0 0 0 60 0 0 0 0 0 0 0 0 7 0 0 2 0 22 0 0 0 0 0 0 0 0 67 0 0 0 0 0 0 0 0 0 0 0 0 0 0 0 0 64 9 0 0 0 0 76 0 0 0 0 0 0 0 36 62 26 0 0 0 0 58 0 0 0 26 65 0 80 0 0 0 0 0 0 0
0 0 0 0 0 0 0 88 0 27 0 0 0 0 0 40 0 91 0 0 0 0 0 0 24 55 0 0 0 0 0 69 94 0 0 0 29 0 0 0 0 0 16 0 0 0 0 0 32 32 0 0 0 0 0 0 0 0 0 0 0 0 0 0 0 14 0 0 0 0 0 49 0 0 0 0 0 16 0 0 0 0 0 0 0 0 0 0 0 0 0 0 0 0 97 0 0 0 0 0
74 23 0 0 0 0 62 0 0 0 0 0 0 0 0 0 0 0 0 0 0 54 77 0 0 44 0 0 0 0 56 0 19 0 0 0 89 0 0 54 0 0 65 0 0 3 3 0 37 0 0 76 75 0 0 54 90 12 52 0 0 0 0 43 0 73 32 89 0 74 0 34 41 0 55 35 0 0 0 0 95 98 0 60 6 14 0 3 0 56 0 0 0 0 0 0 95 52 0 0
0 26 0 23 0 89 0 17 0 0 0 20 0 0 0 0 52 0 0 29 0 0 0 0 95 75 0 47 95 0 0 0 0 0 0 0 0 0 0 0 0 0 0 63 0 0 0 41 93 0 0 55 0 87 0 0 0 0 0 93 0 88 0 0 0 0 0 0 0 0 0 0 0 51 0 15 0 0 0 30 0 0 0 0 0 0 90 0 0 0 0 0 0 72 0 31 0 0 96 0
0 0 0 28 0 49 0 43 0 46 51 45 0 0 0 0 0 0 0 0 0 0 10 0 0 0 43 35 4 0 0 0 62 0 0 0 35 0 0 0 9 0 56 46 0 0 82 0 38 0 96 0 0 0 99 35 94 0 0 0 0 0 0 0 93 0 34 0 0 0 0 0 0 0 88 0 30 0 0 0 0 0 0 0 33 0 0 85 0 0 0 0 5 71 8 0 0 60 0 0
67 0 0 0 0 0 81 0 59 3 89 0 0 2 0 0 0 52 0 0 44 0 0 0 0 0 100 23 0 0 0 0 6 0 34 83 0 0 0 0 0 13 0 0 0 0 0 0 0 26 0 0 0 0 0 0 0 0 0 0 0 0 0 80 52 0 0 0 0 0 0 0 0 0 0 0 54 0 0 13 0 0 23 0 0 79 0 0 0 91 0 94 67 0 0 0 0 0 33 0
0 0 18 45 0 0 1 0 0 4 0 0 1 0 0 51 0 0 0 91 0 23 0 0 0 78 0 42 0 0 0 0 93 0 91 0 0 0 0 19 87 0 0 81 0 0 0 0 0 68 0 0 0 0 0 0 0 0 0 0 0 0 52 0 17 0 0 0 0 70 0 0 0 0 0 0 0 0 0 0 0 0 0 57 0 0 0 0 21 0 0 0 0 0 0 0 0 62 0 57
0 22 0 28 0 0 63 56 0 71 0 0 0 0 19 15 0 0 0 0 83 0 0 40 81 0 44 0 0 0 0 0 0 0 72 0 100 32 0 0 0 0 0 0 0 0 0 38 0 7 0 0 11 0 0 0 0 0 0 0 0 0 0 14 0 0 0 0 0 0 0 0 0 0 0 0 0 0 0 0 0 92 98 0 0 0 4 0 0 9 0 15 0 48 0 0 0 0 31 0
0 0 71 37 0 0 11 0 0 0 0 15 8 61 0 0 0 0 0 0 53 11 0 0 19 0 0 17 0 0 0 0 0 61 0 58 0 90 0 0 71 65 0 63 0 0 0 100 0 0 0 0 0 73 46 0 0 99 39 1 0 0 0 0 0 0 0 0 12 0 17 0 0 24 0 0 0 74 93 0 0 8 0 0 0 0 0 0 0 0 0 0 0 0 0 37 0 0 0 0
0 0 0 0 0 0 0 0 0 0 0 0 0 0 0 0 0 0 0 0 0 0 0 0 0 0 94 0 0 52 91 0 0 0 0 0 0 88 0 0 37 0 20 0 0 0 0 23 0 0 12 0 0 0 0 0 13 0 0 0 50 0 0 5 0 0 0 0 0 0 0 0 20 0 70 0 0 0 0 0 98 0 58 0 0 7 99 0 0 0 80 0 0 0 0 0 25 0 0 94
0 0 0 0 0 0 0 0 0 31 0 0 0 0 0 0 55 0 0 0 0 0 54 0 0 0 0 0 0 0 89 0 0 0 79 0 0 21 16 0 0 88 0 0 0 0 0 0 0 37 0 0 0 0 0 0 0 0 0 0 0 0 0 0 0 0 0 0 0 0 0 0 0 0 0 0 0 0 0 0 65 0 0 0 84 0 0 0 84 0 0 0 82 0 0 7 0 0 0 0
0 0 0 0 0 0 51 1 0 0 0 88 0 39 26 0 0 0 0 69 0 0 45 0 0 0 18 0 58 0 49 56 0 0 0 0 0 0 68 0 0 0 13 0 0 0 0 0 0 0 36 31 79 22 0 55 0 0 97 0 0 0 33 64 0 0 0 0 71 53 0 0 0 0 0 20 0 90 0 0 0 0 0 37 0 0 0 76 0 0 0 0 0 0 0 91 0 0 0 80
0 0 0 0 0 0 0 0 0 14 0 68 0 42 0 82 0 0 30 0 0 0 5 0 0 0 0 0 0 0 0 84 0 8 11 17 0 0 74 0 0 20 55 0 57 0 0 0 0 0 84 0 0 0 0 0 0 0 0 0 20 0 77 0 0 0 0 0 0 0 0 0 0 0 0 0 0 0 99 61 0 0 20 17 0 0 0 0 0 12 10 0 0 86 0 0 0 66 0 0
0 0 0 0 0 95 24 0 0 38 100 0 0 57 0 0 0 58 0 0 0 71 0 0 33 0 0 0 63 0 0 0 0 68 0 0 0 0 0 0 0 0 0 29 0 0 0 0 0 91 0 87 0 0 0 6 0 33 0 0 0 0 0 0 55 0 0 0 0 37 0 0 25 0 10 0 0 0 52 72 0 0 0 0 0 22 69 0 0 0 0 0 0 0 0 73 0 0 0 39
0 51 0 0 0 77 0 21 0 0 0 95 60 0 22 0 0 0 13 0 62 0 100 0 18 0 0 0 0 0 0 73 0 0 0 0 0 71 76 0 0 0 0 0 0 0 0 0 0 0 0 85 0 0 92 0 0 0 0 0 19 49 0 0 0 0 0 0 0 0 0 0 41 0 0 0 0 0 0 0 0 0 0 0 0 50 0 0 0 55 0 0 0 0 0 70 0 0 0 0
0 0 0 95 0 0 37 0 0 0 0 0 76 0 0 0 0 0 0 0 0 52 0 0 0 0 0 0 0 0 0 0 0 0 0 0 0 0 2 0 0 0 0 0 0 0 0 0 35 0 0 0 0 0 0 15 0 30 27 0 0 0 0 84 0 0 0 0 0 0 0 0 0 0 0 0 0 75 0 60 0 0 20 0 0 0 24 0 83 0 0 0 0 0 0 48 58 3 0 0
0 65 0 48 47 0 0 71 0 0 18 0 79 0 78 27 37 100 3 0 0 0 0 0 0 5 42 0 0 0 71 0 22 0 56 0 28 0 72 0 0 0 0 0 0 30 0 0 0 0 0 0 0 0 0 0 0 0 0 0 0 0 0 0 0 0 0 0 0 78 0 0 0 0 0 0 0 0 0 0 0 0 39 0 0 0 82 0 0 0 0 0 31 0 97 0 0 0 83 0
66 0 0 0 0 0 0 0 0 0 0 9 0 61 0 0 44 63 56 0 92 0 0 0 0 0 0 0 0 0 0 0 0 48 0 0 0 0 0 56 0 0 0 0 0 0 88 0 0 0 0 0 0 85 0 0 0 26 0 0 0 0 0 0 0 61 0 0 0 0 89 0 0 0 0 0 0 0 0 69 0 99 0 0 31 0 0 86 0 0 0 0 0 84 0 0 0 0 0 45
0 0 0 0 0 93 0 0 82 0 0 0 0 0 0 0 1 0 56 25 0 0 0 41 57 0 0 0 0 0 0 0 0 0 0 0 0 0 13 0 0 0 0 0 0 0 95 0 0 63 0 0 0 0 0 0 27 0 0 0 0 71 23 3 0 80 91 90 0 0 0 0 0 77 79 15 0 0 0 0 0 0 0 0 65 100 0 0 20 0 0 0 0 93 0 0 0 0 68 0
0 0 63 0 0 0 0 0 0 0 0 19 44 0 0 0 32 0 0 0 0 0 0 62 48 0 0 0 0 0 81 40 0 0 0 0 0 0 0 0 0 0 0 54 0 0 37 0 0 0 52 0 0 22 0 13 0 0 0 0 0 0 0 0 0 0 0 0 23 0 0 0 0 0 0 0 0 0 13 0 96 0 0 0 0 0 0 0 70 46 0 87 7 0 43 0 8 0 0 0
0 0 0 0 78 35 0 0 94 91 0 0 0 0 71 0 0 46 0 0 0 0 61 17 0 0 3 0 0 64 0 0 39 0 0 48 0 0 0 0 0 85 0 0 100 0 0 84 0 25 0 93 0 0 25 0 0 44 3 0 0 0 0 37 0 0 0 0 92 0 27 0 5 0 0 0 0 4 0 85 0 0 45 0 0 0 0 0 0 0 0 0 0 0 1 47 0 71 0 96
0 0 0 78 0 0 0 0 0 0 0 0 0 0 0 21 0 0 0 0 0 0 0 85 89 0 0 0 0 0 0 0 0 0 54 0 0 0 0 0 0 0 0 59 46 54 0 0 0 3 0 0 0 0 0 0 0 0 0 0 0 0 28 0 0 0 0 0 67 0 0 84 0 0 0 0 24 0 0 70 65 0 0 0 0 0 62 0 88 0 0 67 0 0 0 0 0 0 0 57
0 0 0 0 49 0 0 0 0 0 25 22 0 0 0 61 67 0 14 0 0 0 0 56 0 10 0 0 4 0 0 0 0 0 0 22 0 0 66 0 0 0 0 21 11 50 0 0 0 0 0 18 37 0 0 0 0 0 0 67 0 50 0 0 36 28 0 0 0 68 16 0 42 0 0 0 0 0 0 3 0 0 0 50 44 0 0 0 0 0 0 0 86 86 0 0 0 0 0 0
0 0 90 0 0 50 0 0 0 0 0 0 3 85 0 0 0 12 0 0 100 61 17 0 0 0 8 0 73 0 0 0 0 0 0 9 0 67 0 63 0 82 0 0 81 94 70 0 0 0 42 78 0 51 0 97 36 0 0 0 62 37 0 0 0 10 0 0 26 0 0 0 70 70 49 94 0 0 0 0 40 85 0 21 10 24 0 0 0 0 0 0 9 0 0 0 0 0 0 0
0 0 0 0 0 0 0 92 70 0 0 0 0 0 0 30 0 0 0 0 0 0 0 0 0 0 0 17 0 86 0 77 0 0 0 0 7 0 0 0 0 0 0 0 31 91 29 13 0 0 0 0 46 0 0 0 77 0 99 0 0 0 31 0 41 0 0 0 0 0 0 0 0 0 0 0 0 0 0 0 0 0 0 0 0 0 65 0 0 0 61 0 0 0 0 28 0 54 0 0
0 66 99 31 82 0 0 0 0 0 0 0 0 45 0 0 0 27 2 0 0 0 0 70 0 90 3 0 17 0 56 95 0 0 0 0 79 63 42 0 0 0 0 0 0 0 0 99 0 0 0 0 0 35 0 0 99 0 0 0 7 64 58 0 0 0 0 60 0 0 0 0 69 100 0 0 0 79 0 12 0 57 83 75 0 0 0 0 0 49 0 0 0 0 0 77 0 0 0 0
0 51 0 0 83 38 0 88 7 0 71 30 0 0 0 54 30 0 0 0 0 9 0 0 66 0 0 0 0 34 0 0 0 0 95 51 20 42 0 44 0 0 0 0 0 0 0 51 0 0 0 94 0 0 0 0 0 8 0 88 84 55 0 79 0 0 0 0 74 0 0 21 43 0 0 0 14 95 0 0 0 83 0 2 0 0 0 0 0 0 0 0 0 0 0 0 45 0 0 14
0 0 0 0 0 0 0 21 0 56 0 0 0 0 0 2 58 0 0 0 0 0 0 0 0 0 86 0 0 58 85 0 82 0 0 16 0 0 0 0 0 0 80 0 0 0 0 85 27 0 0 0 0 0 35 0 0 0 0 3 0 0 0 0 0 85 0 0 0 69 11 0 0 0 0 19 0 65 96 11 0 0 0 0 0 0 0 0 0 0 0 0 59 37 0 0 47 0 0 0
20 0 44 24 0 0 0 0 0 84 0 49 0 0 0 0 0 0 0 0 4 0 0 0 0 34 81 0 0 1 0 0 0 5 0 97 0 0 0 0 0 0 7 0 0 0 0 0 80 0 0 0 0 0 0 0 0 0 0 0 0 0 0 85 0 0 0 0 91 47 0 0 0 0 0 0 0 0 0 0 0 0 68 0 0 0 88 0 37 0 0 0 0 15 0 0 0 35 0 0
0 0 21 0 0 0 0 0 0 0 0 0 0 0 0 0 98 0 0 84 0 40 23 0 0 0 2 61 0 0 0 0 1 0 0 0 85 0 0 0 52 0 0 0 0 0 0 45 0 0 0 0 0 0 0 85 0 0 0 0 0 0 0 0 72 0 0 0 0 0 44 8 0 84 0 70 0 0 47 0 0 0 21 0 0 0 74 0 0 0 0 0 0 0 0 42 0 0 0 53
74 0 0 11 0 0 0 0 0 39 0 0 72 0 0 0 0 0 0 0 32 53 0 0 0 0 59 0 0 0 0 0 0 0 0 0 0 79 0 0 0 0 0 0 0 0 0 0 0 27 0 0 0 21 0 0 0 0 0 25 0 0 0 90 32 0 0 99 60 0 0 0 0 68 0 30 0 8 0 0 0 32 0 0 0 0 0 0 0 0 0 67 0 0 0 0 0 0 0 0
0 0 0 0 0 0 0 0 0 89 0 0 0 0 99 0 0 0 42 0 46 0 82 0 0 0 0 0 10 0 0 0 45 0 0 0 0 0 0 0 0 24 18 0 0 0 0 0 0 0 0 31 0 0 0 65 13 0 0 89 0 22 0 74 93 0 0 28 0 0 0 0 0 71 0 0 61 0 0 0 15 0 61 9 0 0 0 0 40 0 0 0 50 0 0 0 0 0 0 0
0 0 0 0 48 0 0 15 0 56 62 0 0 0 0 0 0 0 0 0 0 0 0 53 52 0 10 55 0 0 0 0 0 0 0 72 0 76 1 0 11 0 0 0 64 76 0 0 0 11 0 0 61 0 84 0 0 0 0 0 86 98 0 0 52 70 0 0 0 79 0 62 0 0 0 0 0 62 71 27 0 0 0 0 25 0 0 58 54 49 65 0 0 0 3 0 0 45 74 0
26 0 0 0 0 0 0 0 64 0 0 0 0 0 0 18 0 32 0 0 1 0 34 32 0 0 0 0 0 0 47 0 5 0 41 0 8 0 0 0 0 0 0 0 0 0 0 0 0 0 0 0 0 0 0 3 0 0 0 81 81 0 0 94 0 0 0 0 0 0 0 0 0 0 0 0 0 0 44 0 0 0 0 0 89 0 85 19 0 0 0 0 48 0 0 0 0 0 0 0
0 0 0 2 0 0 41 0 0 30 0 59 0 0 52 82 0 0 0 8 58 0 0 28 0 0 100 0 0 98 0 37 23 0 0 9 0 0 62 0 40 0 0 0 48 0 89 0 0 0 0 0 0 0 3 0 0 0 90 0 0 0 55 0 0 55 88 0 0 0 0 0 0 0 0 0 0 0 0 48 24 61 0 0 37 0 74 0 0 86 78 0 0 0 0 0 0 0 0 0
0 77 0 0 22 0 0 0 52 0 23 75 0 0 0 13 0 0 0 0 14 0 57 0 0 0 12 94 0 0 0 0 0 0 39 14 38 0 0 0 88 0 56 13 0 0 0 0 0 0 0 0 0 0 0 15 0 0 0 95 88 0 0 0 0 26 8 0 0 0 42 0 81 0 59 11 0 0 0 0 81 0 0 0 0 0 0 76 49 0 0 5 0 87 14 0 0 73 0 0
0 0 0 79 0 0 55 0 0 8 0 0 0 0 0 0 0 0 0 0 0 0 0 0 0 0 0 0 0 100 0 0 0 0 0 0 0 0 0 0 96 0 0 0 0 53 0 0 62 0 0 90 0 95 0 97 0 79 46 0 0 0 0 0 0 40 39 0 0 0 0 0 0 0 0 59 0 73 73 64 24 0 0 51 0 48 0 0 4 0 0 0 25 0 0 0 0 85 0 0
87 0 0 0 80 0 18 0 0 92 0 36 58 71 0 0 0 40 0 41 0 37 0 0 0 2 67 0 0 13 0 0 0 68 94 95 0 0 0 0 0 0 0 0 9 0 11 0 0 0 0 0 0 0 0 0 0 0 0 14 6 49 0 0 0 0 0 0 0 0 0 0 0 0 0 0 0 92 0 93 0 0 0 69 0 0 0 0 0 0 0 0 0 0 0 0 0 44 0 39
3 59 0 88 0 70 0 0 0 0 0 0 75 0 0 96 0 0 0 0 37 50 0 0 0 0 0 81 0 0 0 0 84 18 8 0 0 70 71 0 0 0 0 0 0 0 0 0 0 27 0 0 0 0 0 0 0 0 0 0 0 0 0 0 89 0 0 0 56 0 0 0 0 0 0 0 0 0 44 0 0 0 0 0 0 0 26 0 0 0 57 0 0 93 0 0 0 0 0 0
0 0 0 0 0 0 0 0 0 0 0 19 0 0 0 0 0 79 0 0 0 36 18 0 0 53 0 58 0 0 0 0 66 0 0 0 0 0 84 0 0 0 0 0 0 1 0 0 0 0 55 0 0 0 0 0 0 0 63 55 0 0 0 0 67 0 0 0 0 0 9 0 0 0 16 57 0 0 0 0 83 42 0 0 97 0 0 0 15 0 0 68 0 0 0 0 0 0 0 0
0 85 0 0 72 0 0 0 0 70 0 0 0 0 3 83 48 0 0 82 0 0 0 0 0 0 0 0 55 86 0 0 0 23 0 0 0 0 0 0 54 0 0 69 0 0 50 0 0 0 14 0 0 0 0 0 0 91 0 0 66 0 0 0 0 50 0 0 0 0 0 66 52 0 0 0 30 86 72 0 0 0 0 3 0 0 0 0 0 0 0 0 0 79 0 0 0 0 32 0
67 0 0 0 0 0 80 15 0 0 58 0 0 0 0 0 0 0 0 29 0 0 0 0 0 24 0 0 62 38 0 0 0 43 0 0 0 7 0 7 0 80 100 0 4 0 0 0 0 78 0 0 0 0 57 0 96 0 0 0 0 0 0 0 59 82 0 0 0 0 93 0 45 0 0 0 0 97 0 0 0 0 0 0 0 23 0 18 88 0 9 0 0 49 0 0 0 0 73 71
89 0 1 88 0 0 0 0 23 3 0 0 22 0 0 27 0 0 0 92 0 0 0 0 0 0 0 0 0 0 51 41 0 57 0 0 0 0 21 19 0 0 0 15 0 1 100 1 0 0 0 17 36 0 0 84 0 0 0 32 0 0 0 0 52 0 0 88 0 0 0 0 0 73 85 93 0 44 0 0 0 0 0 0 0 0 0 0 0 0 0 51 0 0 0 95 0 0 0 0
0 0 77 0 0 22 0 0 0 54 0 0 25 0 0 77 0 0 10 0 0 0 0 0 0 0 93 0 0 100 0 0 0 38 0 0 0 90 0 76 0 0 0 0 0 0 33 0 0 0 0 73 0 0 0 0 49 19 0 0 91 0 77 0 14 74 0 0 0 0 0 0 0 0 28 0 25 24 0 0 0 80 0 0 0 0 0 0 67 0 0 33 0 0 0 0 0 58 0 0
23 0 56 0 0 0 0 0 0 0 73 16 0 0 0 0 0 0 0 36 0 41 0 0 49 0 0 0 0 0 0 17 0 0 92 0 0 96 0 0 84 0 0 0 0 0 0 0 18 0 18 0 61 0 0 0 0 0 0 0 0 0 45 0 0 0 33 0 0 0 0 0 71 82 0 0 0 79 0 0 74 0 0 0 0 0 0 0 0 0 0 0 0 0 0 0 0 0 0 0
0 0 60 0 0 92 0 0 0 0 0 0 0 0 0 0 0 0 0 0 0 0 0 0 0 40 60 51 0 0 65 33 0 0 70 40 0 0 0 0 43 0 0 0 0 66 23 0 84 0 0 0 0 15 0 0 0 15 99 0 0 0 0 0 26 0 0 21 0 0 57 0 0 0 0 0 96 0 0 0 0 0 91 2 0 0 0 0 0 63 0 80 0 36 0 0 0 0 0 43
0 0 79 0 43 0 0 11 0 0 0 0 54 0 0 0 0 0 10 0 9 0 0 0 0 38 14 0 0 0 0 0 0 0 0 0 0 0 0 0 0 86 0 0 0 76 0 0 48 0 27 0 0 0 0 55 0 0 0 0 83 0 34 83 0 0 0 0 0 0 52 0 0 4 0 35 0 95 0 0 0 30 0 0 0 0 0 0 0 67 56 38 69 0 90 43 60 0 0 0
0 0 0 0 95 0 0 16 0 80 28 73 0 59 0 0 0 0 0 1 0 95 0 0 23 0 0 0 0 0 50 33 0 0 0 0 0 0 0 92 0 0 0 58 0 0 0 0 15 0 91 44 60 0 0 0 0 0 55 26 81 0 0 19 0 87 0 0 0 0 0 54 0 0 59 0 0 63 50 0 45 62 28 0 0 0 0 0 0 14 0 0 0 0 0 0 0 0 0 0
0 28 0 0 0 67 0 0 62 4 0 78 0 0 31 0 0 0 0 0 0 0 0 0 0 0 0 0 0 0 0 48 0 0 0 0 9 0 0 0 0 0 0 0 0 0 0 0 0 0 0 0 0 84 0 0 0 0 0 0 36 0 0 58 32 72 0 0 0 0 0 90 0 0 0 0 0 0 0 0 70 21 0 80 0 0 48 33 0 0 78 0 10 57 88 0 0 0 3 0
0 0 0 39 0 0 0 0 94 0 44 53 0 0 0 0 0 0 0 0 0 0 0 90 0 0 68 0 0 0 31 0 6 0 36 0 0 0 0 57 0 0 0 51 0 0 0 53 0 0 87 0 0 0 0 0 0 26 0 0 0 76 0 0 0 0 0 0 0 25 0 0 0 0 0 0 0 0 0 0 0 0 27 11 0 0 0 0 0 0 0 0 0 0 42 0 0 75 0 0
16 91 0 0 0 0 0 0 0 0 0 0 0 37 0 0 0 0 0 0 0 0 0 88 0 0 86 0 0 0 0 0 0 0 0 0 0 50 0 0 33 0 0 0 0 24 0 0 95 0 0 63 0 0 0 0 0 0 0 80 0 0 0 0 0 0 0 13 0 0 8 0 0 43 0 0 39 0 0 0 0 23 0 28 0 36 13 0 0 13 42 56 0 0 0 0 0 0 0 0
0 16 0 0 0 0 0 0 63 0 0 0 0 0 0 0 0 10 0 0 0 0 0 0 0 57 0 0 0 0 0 0 0 0 1 53 0 8 0 45 0 73 0 0 0 0 0 16 0 93 0 71 0 0 13 0 0 0 0 53 0 69 42 0 0 63 0 0 0 0 0 0 6 0 0 0 0 76 0 0 0 97 0 94 0 0 0 0 0 0 0 0 0 0 0 78 0 0 74 0
0 6 95 0 0 0 0 0 0 0 0 0 0 0 0 0 0 0 0 0 0 0 0 0 0 50 37 0 47 0 0 0 0 0 0 74 75 0 0 0 0 0 0 0 0 37 0 62 0 0 0 0 0 0 0 0 0 0 0 0 0 0 46 0 0 0 34 0 0 97 39 0 0 0 0 20 0 40 0 0 0 0 0 0 0 0 0 0 92 26 0 0 0 0 0 30 24 0 0 0
0 0 0 0 24 0 0 0 30 0 0 0 0 0 0 73 0 0 0 0 0 0 0 69 0 0 0 0 0 68 0 0 0 0 0 24 16 0 89 0 0 54 0 0 0 0 0 0 7 0 89 13 0 39 83 0 0 0 0 78 0 0 0 20 0 0 0 0 0 34 0 65 0 33 0 0 74 0 4 0 70 0 0 0 0 0 90 0 0 0 0 0 0 0 0 0 0 0 0 12
30 0 0 0 38 0 31 0 75 0 0 0 0 0 0 0 0 0 0 16 0 0 0 0 0 3 0 0 87 0 0 0 0 0 0 76 0 0 0 0 0 0 0 0 18 0 39 0 0 0 0 56 0 0 87 0 0 0 0 0 0 0 0 0 0 0 0 87 0 0 0 31 0 19 47 59 0 0 0 0 0 4 0 0 37 0 0 0 60 0 18 0 0 65 0 5 0 0 0 0
0 0 88 18 0 0 0 48 0 0 84 0 0 0 0 0 0 0 0 0 0 0 0 0 78 0 0 0 0 0 0 24 0 0 0 0 0 34 0 65 13 0 0 1 0 0 0 66 0 0 0 0 0 23 0 0 0 0 0 0 0 0 34 93 0 0 0 0 0 0 0 0 0 0 0 0 38 0 0 59 0 0 0 0 0 0 37 0 0 0 0 0 0 37 0 0 0 71 2 0
0 0 0 74 0 27 0 0 0 7 87 0 84 82 0 7 0 0 0 0 0 0 0 83 0 89 0 0 0 98 0 0 0 34 0 0 0 91 0 0 0 0 34 0 0 77 7 87 0 0 82 0 51 52 22 70 40 0 0 0 0 89 0 0 0 0 0 0 0 0 73 0 0 0 0 0 0 0 0 42 0 0 23 58 0 0 0 0 0 51 0 67 0 47 0 0 0 21 0 0
0 0 0 0 0 0 55 0 0 71 0 27 0 50 0 0 97 0 0 41 72 0 0 0 25 0 0 0 35 0 0 0 0 0 0 0 0 19 0 0 0 0 0 0 0 0 0 0 0 0 51 0 0 0 0 0 0 15 0 0 37 0 19 0 0 0 0 0 0 13 85 0 6 50 86 0 36 0 52 0 5 91 0 0 0 6 0 0 0 41 0 21 0 84 2 0 0 72 0 0
0 28 0 0 34 0 0 0 0 45 0 0 0 0 0 38 92 0 0 0 0 0 0 0 0 65 0 45 0 0 43 0 0 0 14 0 9 0 69 0 0 0 52 0 92 0 0 60 0 0 0 63 0 84 0 0 0 0 82 0 0 0 0 0 5 47 0 0 0 70 0 0 0 0 7 91 0 0 0 0 0 0 0 0 0 22 0 0 0 0 68 0 0 13 0 56 19 0 21 0
0 0 0 0 0 0 28 0 0 0 0 0 0 0 0 0 0 18 0 0 0 0 0 41 0 0 0 0 0 0 0 0 0 42 0 0 0 0 0 0 0 0 0 0 0 54 0 0 0 0 0 0 0 64 0 0 0 15 24 0 81 0 51 0 50 0 0 0 0 0 0 0 0 0 0 0 0 0 26 91 0 0 0 51 0 0 0 0 0 70 0 0 0 0 0 0 38 0 0 0
0 41 0 0 66 0 61 1 0 89 0 0 0 0 0 96 0 0 0 7 82 0 0 0 0 0 75 58 0 0 0 0 0 0 0 0 0 92 68 0 0 39 0 0 0 34 96 54 0 54 0 36 0 0 0 72 0 0 0 0 0 0 0 43 0 0 0 0 0 0 86 0 0 0 0 0 0 0 0 0 0 0 0 0 72 0 83 0 0 0 0 0 36 39 45 0 0 0 0 86
0 40 3 0 15 0 0 53 0 0 30 0 88 0 0 40 0 0 64 80 0 29 0 0 0 0 9 0 0 0 82 0 0 94 0 35 0 0 16 0 0 2 65 0 12 0 0 0 0 0 0 0 83 0 38 0 0 51 0 0 81 0 52 0 0 0 53 0 0 0 11 0 0 0 0 0 0 72 0 0 25 0 0 0 0 0 0 48 0 68 0 53 37 0 0 0 0 0 0 0
17 0 0 0 0 0 0 0 0 0 0 72 0 0 49 0 72 18 95 0 0 0 52 72 0 0 0 0 0 0 0 0 0 51 0 0 0 0 0 0 34 0 0 81 0 0 0 0 0 14 0 55 0 0 0 0 0 0 0 63 0 0 0 44 68 31 0 0 46 0 0 0 2 74 0 0 0 0 33 0 0 80 0 0 95 0 0 0 0 0 0 0 88 0 0 0 21 29 0 0
0 0 0 0 13 78 0 30 0 0 0 0 0 0 20 16 56 0 0 0 0 0 0 45 0 0 51 0 0 0 0 0 0 33 0 0 0 0 0 0 0 0 0 0 18 81 0 0 66 0 0 0 82 0 0 0 0 0 0 36 0 0 0 0 0 80 22 0 0 0 77 0 0 0 0 0 76 0 0 0 0 0 0 0 87 66 0 0 0 83 0 0 0 0 0 0 0 0 0 0
0 0 25 0 0 0 0 0 0 0 87 0 0 0 0 0 0 0 0 0 0 84 0 0 0 39 0 0 0 0 0 0 0 38 0 0 0 0 0 0 0 9 0 0 0 0 0 0 42 0 53 81 0 0 0 0 0 0 0 0 0 0 0 0 0 0 0 0 0 0 0 64 66 0 0 0 0 0 0 14 0 0 0 0 0 0 0 0 0 97 29 75 0 45 10 0 0 0 0 65
35 0 0 45 0 0 45 0 0 0 43 0 0 0 0 98 0 0 0 0 0 0 0 0 0 0 84 0 27 0 53 0 36 0 0 0 0 0 0 0 0 26 67 72 72 0 0 18 0 0 0 0 0 0 0 0 0 7 0 0 24 0 47 0 0 0 0 0 34 0 0 0 19 0 72 0 0 0 0 0 0 79 0 0 0 0 0 0 37 0 86 84 0 0 0 0 0 0 0 65
0 0 0 0 0 61 55 9 0 35 0 0 88 0 0 0 0 0 0 0 0 90 0 100 74 0 0 0 14 0 0 0 0 0 0 0 0 0 66 0 0 0 16 0 0 0 0 0 0 0 60 0 0 6 0 0 0 0 0 0 21 0 0 0 0 0 0 0 0 8 85 0 31 0 85 0 56 60 0 0 0 0 0 0 0 0 0 0 1 0 0 0 0 65 0 61 0 0 40 0
0 0 0 0 0 0 0 0 0 0 0 0 0 0 0 0 0 0 76 0 0 0 70 0 0 39 0 59 0 0 0 0 0 0 56 0 98 0 0 0 2 0 0 49 0 15 0 0 0 0 90 0 0 88 0 0 0 0 18 0 0 0 0 90 0 9 0 81 0 0 86 0 0 0 0 0 0 0 0 0 52 0 48 0 0 0 0 0 0 12 47 0 0 0 0 0 0 0 0 0
0 0 0 0 0 0 59 0 0 0 0 0 59 48 83 0 0 0 0 0 0 0 87 93 0 0 0 89 0 0 0 66 8 0 0 0 0 20 0 0 0 88 0 0 0 29 97 0 15 0 0 0 0 49 67 71 0 0 0 0 0 0 0 0 91 0 82 97 0 0 0 0 0 0 0 0 0 0 0 0 0 0 0 0 0 0 0 0 0 0 0 0 0 10 0 0 92 0 0 65
0 0 0 0 0 76 0 0 0 56 0 87 31 0 0 0 0 52 21 0 24 0 29 0 64 0 0 0 0 0 67 0 0 0 0 39 0 0 0 0 0 19 66 12 33 0 0 0 52 0 98 0 0 0 0 76 0 29 0 79 0 0 0 0 60 0 89 0 0 0 86 0 0 0 0 0 0 0 0 0 0 0 0 0 6 0 0 72 16 0 0 0 0 24 85 0 0 0 0 12
0 0 0 0 63 0 0 0 98 1 0 0 14 0 0 0 98 77 0 0 46 0 17 0 0 96 18 0 0 0 0 21 0 0 0 0 81 26 0 0 81 0 0 4 0 0 0 0 37 50 0 0 1 0 0 32 0 0 28 0 3 0 18 0 0 0 0 87 27 0 0 5 0 0 0 0 0 0 0 0 0 28 0 0 0 0 0 0 0 0 0 0 0 58 0 47 0 95 0 0
0 98 97 0 62 60 0 0 0 0 0 0 0 0 0 0 0 0 79 0 0 0 0 0 0 0 51 0 0 0 0 0 0 42 0 0 0 0 0 0 0 11 0 0 32 0 0 0 0 0 0 0 0 23 0 91 24 0 0 0 0 0 0 96 0 0 77 0 0 0 0 0 0 0 22 0 0 0 0 24 28 0 0 25 0 0 0 0 0 0 55 0 0 0 0 0 0 0 0 0
0 39 0 0 0 0 0 0 92 23 0 0 63 0 66 0 0 0 0 0 82 90 0 13 0 0 0 0 0 0 0 0 86 0 0 0 0 0 0 0 0 0 46 0 22 50 0 28 0 84 0 2 0 4 0 0 0 0 0 0 0 0 0 0 0 0 65 0 0 25 0 0 0 0 75 32 0 0 0 64 100 0 9 0 0 7 0 0 0 19 0 87 31 92 0 52 83 0 83 0
0 8 0 0 32 0 0 0 0 0 0 0 0 0 0 0 1 0 39 73 52 0 0 0 23 87 62 0 20 59 0 0 0 0 74 50 35 0 0 54 0 0 0 0 0 69 0 0 0 0 70 0 0 0 0 0 0 0 0 0 0 0 0 0 0 0 83 0 0 0 15 77 0 37 63 5 0 0 0 6 18 0 0 0 0 45 72 0 0 85 99 71 0 0 0 0 0 0 77 0
75 23 0 0 0 0 77 0 0 0 0 61 31 54 0 0 0 0 0 0 0 0 76 0 0 0 0 0 0 0 0 0 0 0 0 0 0 0 72 41 0 0 0 0 0 0 0 4 19 90 0 0 0 0 0 4 0 0 44 0 0 0 0 50 0 0 55 0 0 0 0 0 0 0 0 0 0 0 53 0 0 0 0 0 0 0 32 78 0 0 0 0 0 0 0 6 92 0 0 0
19 0 0 0 0 0 0 0 0 19 0 58 69 0 0 0 0 0 24 0 0 0 0 0 0 23 0 24 0 0 0 0 0 0 96 0 0 0 0 0 0 0 31 0 33 36 25 0 15 0 88 48 0 0 60 0 0 99 0 0 0 84 0 0 48 0 66 0 0 40 0 19 0 0 0 59 98 0 0 7 0 47 0 0 8 0 0 0 20 31 0 0 22 38 80 0 37 1 0 0
0 69 0 0 0 0 95 0 0 0 0 0 0 0 0 0 93 55 77 25 0 0 45 0 75 0 0 46 0 0 0 0 0 0 0 0 57 0 0 41 0 0 0 20 0 0 0 0 75 0 0 0 0 0 0 0 84 0 0 47 0 0 0 0 0 0 0 52 0 0 0 0 0 0 0 0 0 0 0 0 0 0 0 0 0 0 0 0 0 0 0 0 0 0 0 5 0 23 0 84
0 0 42 0 0 0 50 75 0 12 0 0 40 0 6 0 0 0 0 0 0 0 45 0 0 0 0 59 0 0 0 62 0 36 0 58 0 0 26 0 0 0 0 0 0 0 63 0 28 0 0 0 66 90 0 0 57 0 0 0 0 8 0 0 0 4 0 35 37 66 0 0 0 0 0 0 74 12 61 0 71 0 0 0 0 0 0 30 75 0 0 75 0 0 0 48 0 38 0 0
0 0 0 0 0 0 0 18 33 0 22 73 0 58 51 26 0 0 0 0 0 0 0 0 0 29 0 0 0 0 90 34 0 0 0 0 48 0 0 0 0 45 53 0 0 0 0 0 0 0 40 52 0 19 0 36 0 0 0 0 0 0 81 0 0 56 0 63 91 0 0 0 0 0 0 97 0 0 0 0 0 0 0 7 0 0 0 79 0 0 0 0 0 0 0 18 0 0 28 0
0 0 0 0 0 0 78 0 0 0 0 0 0 62 0 0 0 0 0 0 72 0 0 0 48 0 0 85 0 0 87 0 0 0 0 0 0 23 0 78 79 3 0 0 0 91 0 0 0 0 0 0 0 0 0 0 0 0 0 0 0 0 0 98 0 0 0 0 22 0 0 0 0 0 64 0 0 0 0 0 0 54 0 0 0 0 0 0 0 0 0 0 55 55 0 0 94 0 0 0
32 0 0 57 0 0 15 0 0 0 4 0 0 0 0 0 0 0 0 74 0 0 0 94 0 0 0 0 0 0 0 60 0 0 0 42 0 0 0 46 0 53 0 0 0 0 0 0 0 0 0 33 0 26 0 0 0 0 0 0 18 0 0 0 0 0 0 0 0 0 0 0 0 0 0 0 0 77 0 9 0 0 3 0 0 12 0 37 0 0 0 0 35 0 0 47 0 0 50 87
0 0 0 0 0 0 0 0 45 30 0 0 0 77 0 0 0 0 0 45 94 0 0 34 0 0 0 33 0 0 0 0 8 0 0 0 68 0 0 0 0 89 0 15 7 0 0 65 74 0 0 0 0 0 39 0 0 2 0 41 0 0 0 0 0 92 0 0 0 0 4 0 86 0 66 0 0 0 0 0 0 0 0 85 0 0 0 0 66 37 0 18 0 0 49 0 0 94 0 0
0 0 0 0 0 0 0 0 0 0 0 0 0 0 0 0 0 0 0 54 0 0 0 0 0 0 0 0 0 0 0 0 0 0 53 0 0 0 54 0 0 0 25 0 0 0 0 0 0 0 0 0 0 0 0 0 0 0 59 0 0 0 27 0 0 0 0 0 0 30 0 0 0 63 0 0 0 32 0 0 0 0 0 0 0 0 0 0 0 0 0 0 13 94 0 77 0 0 0 0
0 0 0 0 0 0 0 0 13 0 0 0 0 92 0 0 0 0 32 82 47 0 0 74 23 0 0 0 0 0 0 0 44 0 0 0 0 0 0 11 22 0 0 0 100 0 0 0 0 0 0 0 0 67 0 79 91 0 32 0 71 0 57 0 0 0 0 0 13 13 34 0 0 0 0 0 0 0 51 0 0 0 0 20 0 0 0 0 0 0 54 0 0 0 0 0 0 25 0 0
0 80 0 0 0 0 0 38 0 28 0 0 0 0 0 0 0 0 0 0 2 0 0 0 0 0 0 68 0 66 0 0 54 0 78 0 0 0 0 0 0 0 0 0 3 14 0 76 0 4 0 0 0 53 0 0 0 0 18 0 0 81 0 0 80 0 0 0 0 0 0 0 0 0 0 0 48 0 0 0 0 0 31 0 0 0 12 36 68 82 0 32 0 46 0 0 0 0 0 0
0 30 0 70 88 0 0 66 0 12 0 0 0 0 0 24 0 0 0 0 0 0 45 0 59 0 52 0 0 35 0 50 91 0 0 0 79 18 0 90 10 0 75 38 0 0 0 0 87 0 71 0 0 0 0 0 58 99 0 0 0 0 0 0 0 15 0 0 0 0 0 0 0 85 0 0 0 36 0 0 0 3 0 0 0 20 0 0 0 0 0 99 0 94 0 0 17 0 0 0
0 87 0 0 0 0 0 0 97 0 0 0 0 0 6 0 0 0 81 0 0 98 68 0 0 0 0 0 0 81 0 0 0 0 0 0 3 0 0 0 43 36 0 0 47 0 0 86 0 0 0 0 38 0 0 0 0 0 0 41 0 28 0 88 0 0 0 0 10 0 0 0 50 0 0 0 0 47 0 0 78 0 0 0 29 0 0 0 0 0 0 13 0 0 0 0 0 0 0 0
0 55 0 17 0 0 0 0 0 0 61 0 0 0 92 0 62 0 0 0 72 91 0 0 100 0 0 0 27 0 0 31 2 0 0 0 0 78 0 0 0 65 0 0 0 0 0 0 0 0 0 0 0 29 0 0 0 0 50 0 0 0 0 0 94 0 0 0 0 0 0 92 0 16 35 0 0 41 0 0 0 70 0 79 52 0 0 69 0 0 0 0 0 98 0 0 67 0 0 0
0 0 9 0 0 0 0 0 32 31 0 19 0 0 0 0 0 0 0 0 0 0 0 16 0 0 0 0 0 0 36 0 0 0 0 0 0 0 8 39 25 31 0 16 51 5 0 0 0 0 0 0 90 0 0 86 0 0 0 0 0 0 16 0 0 0 0 13 0 59 43 0 0 0 0 0 0 0 0 14 0 0 0 52 72 0 0 0 29 96 0 30 0 0 0 0 0 0 0 0
0 0 0 0 0 0 0 0 0 10 84 86 34 0 0 0 0 0 96 0 0 21 0 0 74 0 0 3 0 0 0 0 0 0 0 0 0 52 0 0 0 0 0 0 0 86 0 0 0 0 0 0 0 0 0 0 0 0 36 0 0 0 0 0 0 0 0 0 0 0 0 0 0 0 0 40 0 0 17 0 82 0 0 60 0 0 0 0 0 64 0 0 0 0 25 0 97 0 0 0
8 0 0 0 0 0 0 0 0 38 46 0 0 0 0 0 76 0 0 64 77 95 0 62 60 8 0 0 0 0 83 0 0 0 0 51 55 0 48 0 0 79 0 0 0 92 0 45 0 23 0 0 0 0 77 0 97 0 0 0 0 0 0 0 0 0 0 0 0 0 0 0 0 0 0 0 52 0 0 79 0 0 0 0 0 58 0 0 0 0 0 0 0 0 0 39 0 0 0 87
20 0 87 0 0 0 0 0 0 0 97 61 0 0 0 0 3 93 0 6 0 58 14 0 96 40 0 87 0 0 0 0 0 0 0 0 0 73 0 4 0 0 0 3 0 0 0 0 90 0 0 0 0 0 22 79 0 0 19 0 0 0 0 0 0 0 0 0 0 0 0 0 0 0 0 0 89 17 0 0 0 43 0 0 0 0 0 44 84 0 100 85 0 0 0 0 0 0 0 0
0 0 73 0 0 0 0 43 9 0 37 0 0 0 0 0 87 0 62 0 0 0 0 0 77 0 0 0 0 0 0 0 0 0 0 13 0 0 46 0 0 0 0 0 0 0 30 0 0 0 0 0 0 67 0 0 0 0 26 0 0 0 0 0 0 82 72 0 15 0 0 49 0 0 0 0 0 0 0 0 0 0 0 1 0 0 95 0 0 0 22 0 0 0 0 0 0 99 0 31
0 82 0 0 87 0 0 37 0 0 0 0 0 0 92 0 0 33 93 84 0 0 0 0 0 37 31 0 40 0 0 0 0 0 86 0 0 0 0 0 0 77 0 0 42 0 0 0 14 0 0 0 7 0 7 0 0 0 0 0 0 0 0 0 0 0 6 0 56 0 0 0 15 0 0 0 0 0 0 0 0 0 0 0 0 81 0 0 0 0 20 0 0 0 0 88 49 23 0 0
0 0 0 0 0 0 58 77 0 47 100 0 27 0 0 0 55 0 0 0 62 0 0 0 0 0 0 0 0 0 0 54 0 0 0 0 0 0 87 0 0 0 70 80 80 22 0 0 0 21 94 0 0 0 0 0 0 0 0 7 0 0 0 0 0 97 0 76 0 43 68 33 0 59 0 0 0 19 0 0 33 0 0 0 0 0 0 0 0 64 0 0 0 0 0 0 27 0 0 70
86 0 0 0 0 0 0 0 0 0 86 0 0 65 0 0 0 18 0 27 0 0 29 0 0 0 0 0 0 0 62 100 0 0 0 0 0 70 0 0 0 72 0 75 50 0 0 0 0 0 0 0 7 14 66 30 0 63 0 0 73 58 52 0 0 0 0 0 0 0 0 0 0 0 0 11 0 0 0 0 85 0 0 0 0 0 0 0 82 0 0 0 0 0 0 0 0 0 0 4
0 0 0 0 0 64 0 0 98 85 0 0 0 20 0 0 0 0 0 0 19 31 0 5 69 0 41 0 0 0 0 0 0 0 91 26 0 44 84 0 0 48 0 87 0 0 0 0 81 0 0 0 74 0 36 0 0 0 93 96 100 0 56 0 0 0 48 0 0 48 3 0 42 55 0 48 4 91 0 0 14 0 24 0 0 0 0 0 95 91 0 0 0 0 0 0 0 0 0 0
0 0 100 0 0 0 26 62 0 76 0 80 21 0 0 0 0 0 0 0 30 0 0 0 0 0 0 0 0 62 0 0 0 86 47 35 0 0 0 0 2 0 0 56 0 0 0 0 0 0 0 0 0 0 0 0 0 26 0 0 0 0 0 0 0 0 0 0 0 0 0 6 0 0 0 0 80 88 44 61 63 0 0 0 0 0 41 0 0 17 0 0 0 0 84 0 0 53 0 82
39 86 0 0 0 0 0 0 0 0 0 0 0 32 0 0 0 0 0 0 7 0 0 0 0 0 0 0 0 60 0 0 5 19 0 0 0 0 39 8 1 64 0 0 0 0 0 0 3 83 0 0 0 81 43 16 0 0 0 71 0 0 54 0 52 0 0 0 57 31 0 55 0 0 0 0 68 0 0 0 0 41 0 67 0 0 83 0 0 0 0 0 0 0 0 0 0 13 0 0
0 0 0 0 0 0 0 30 0 0 0 0 0 0 57 0 0 0 65 0 0 97 0 0 0 0 0 0 0 0 33 0 0 56 0 0 54 0 58 0 0 8 0 0 0 0 28 0 0 0 0 70 0 0 0 52 0 0 0 0 0 58 0 0 81 21 0 0 0 79 0 0 0 20 27 0 9 82 0 0 50 60 0 0 54 0 0 0 0 0 0 0 0 0 0 0 0 0 0 0
0 0 100 0 0 0 7 0 0 0 0 0 0 22 0 0 31 0 0 0 9 0 0 0 3 0 0 0 0 0 0 0 0 57 0 0 61 0 60 0 0 0 0 0 0 0 0 4 0 0 0 0 0 0 0 0 0 0 0 0 0 0 0 0 13 41 0 0 0 0 70 0 0 0 0 0 0 0 37 14 1 0 0 0 0 52 0 0 0 23 2 0 91 0 0 0 0 0 0 0
0 0 0 0 0 0 0 78 0 27 0 0 0 0 0 62 0 94 0 0 0 0 0 0 82 20 0 0 0 0 0 60 9 0 0 0 57 0 0 0 0 0 29 0 0 0 0 0 87 69 0 0 0 0 0 0 0 0 0 0 0 0 0 0 0 57 0 0 0 0 0 100 0 0 0 0 0 25 0 0 0 0 0 0 0 0 0 0 0 0 0 0 0 0 88 0 0 0 0 0
33 42 0 0 0 0 16 0 0 0 0 0 0 0 0 0 0 0 0 0 0 14 52 0 0 52 0 0 0 0 99 0 89 0 0 0 51 0 0 77 0 0 69 0 0 36 85 0 76 0 0 53 59 0 0 1 55 15 5 0 0 0 0 9 0 1 99 5 0 94 0 58 42 0 62 86 0 0 0 0 16 2 0 47 75 91 0 51 0 7 0 0 0 0 0 0 10 54 0 0
0 18 0 33 0 88 0 51 0 0 0 96 0 0 0 0 19 0 0 6 0 0 0 0 68 11 0 75 74 0 0 0 0 0 0 0 0 0 0 0 0 0 0 19 0 0 0 9 9 0 0 86 0 55 0 0 0 0 0 45 0 93 0 0 0 0 0 0 0 0 0 0 0 49 0 12 0 0 0 75 0 0 0 0 0 0 21 0 0 0 0 0 0 85 0 1 0 0 51 0
0 0 0 32 0 48 0 36 0 18 69 99 0 0 0 0 0 0 0 0 0 0 36 0 0 0 55 5 43 0 0 0 21 0 0 0 10 0 0 0 93 0 18 19 0 0 85 0 26 0 33 0 0 0 10 69 54 0 0 0 0 0 0 0 42 0 44 0 0 0 0 0 0 0 83 0 10 0 0 0 0 0 0 0 37 0 0 74 0 0 0 0 14 53 97 0 0 43 0 0
21 0 0 0 0 0 76 0 65 80 38 0 0 81 0 0 0 86 0 0 61 0 0 0 0 0 41 41 0 0 0 0 8 0 90 82 0 0 0 0 0 2 0 0 0 0 0 0 0 90 0 0 0 0 0 0 0 0 0 0 0 0 0 4 18 0 0 0 0 0 0 0 0 0 0 0 18 0 0 10 0 0 45 0 0 80 0 0 0 28 0 51 57 0 0 0 0 0 69 0
0 0 15 72 0 0 24 0 0 58 0 0 48 0 0 76 0 0 0 45 0 37 0 0 0 81 0 78 0 0 0 0 25 0 84 0 0 0 0 99 40 0 0 3 0 0 0 0 0 80 0 0 0 0 0 0 0 0 0 0 0 0 3 0 39 0 0 0 0 96 0 0 0 0 0 0 0 0 0 0 0 0 0 69 0 0 0 0 35 0 0 0 0 0 0 0 0 79 0 42
0 15 0 53 0 0 96 71 0 80 0 0 0 0 31 51 0 0 0 0 73 0 0 92 36 0 52 0 0 0 0 0 0 0 7 0 73 94 0 0 0 0 0 0 0 0 0 89 0 62 0 0 81 0 0 0 0 0 0 0 0 0 0 90 0 0 0 0 0 0 0 0 0 0 0 0 0 0 0 0 0 79 53 0 0 0 55 0 0 5 0 71 0 58 0 0 0 0 40 0
0 0 98 56 0 0 91 0 0 0 0 18 65 18 0 0 0 0 0 0 59 35 0 0 4 0 0 77 0 0 0 0 0 23 0 10 0 78 0 0 73 14 0 62 0 0 0 99 0 0 0 0 0 82 87 0 0 48 29 61 0 0 0 0 0 0 0 0 21 0 77 0 0 11 0 0 0 89 64 0 0 61 0 0 0 0 0 0 0 0 0 0 0 0 0 68 0 0 0 0
0 0 0 0 0 0 0 0 0 0 0 0 0 0 0 0 0 0 0 0 0 0 0 0 0 0 27 0 0 62 100 0 0 0 0 0 0 89 0 0 30 0 21 0 0 0 0 12 0 0 9 0 0 0 0 0 12 0 0 0 47 0 0 91 0 0 0 0 0 0 0 0 96 0 53 0 0 0 0 0 84 0 88 0 0 92 41 0 0 0 65 0 0 0 0 0 59 0 0 77
0 0 0 0 0 0 0 0 0 73 0 0 0 0 0 0 58 0 0 0 0 0 75 0 0 0 0 0 0 0 31 0 0 0 40 0 0 9 84 0 0 2 0 0 0 0 0 0 0 82 0 0 0 0 0 0 0 0 0 0 0 0 0 0 0 0 0 0 0 0 0 0 0 0 0 0 0 0 0 0 85 0 0 0 19 0 0 0 80 0 0 0 39 0 0 79 0 0 0 0
0 0 0 0 0 0 68 11 0 0 0 71 0 29 15 0 0 0 0 60 0 0 24 0 0 0 17 0 99 0 27 17 0 0 0 0 0 0 100 0 0 0 34 0 0 0 0 0 0 0 76 51 99 71 0 2 0 0 1 0 0 0 2 3 0 0 0 0 42 75 0 0 0 0 0 90 0 98 0 0 0 0 0 15 0 0 0 41 0 0 0 0 0 0 0 18 0 0 0 68
0 0 0 0 0 0 0 0 0 19 0 25 0 41 0 15 0 0 19 0 0 0 54 0 0 0 0 0 0 0 0 19 0 56 42 63 0 0 61 0 0 42 38 0 79 0 0 0 0 0 72 0 0 0 0 0 0 0 0 0 68 0 21 0 0 0 0 0 0 0 0 0 0 0 0 0 0 0 1 50 0 0 93 45 0 0 0 0 0 93 87 0 0 13 0 0 0 76 0 0
0 0 0 0 0 33 29 0 0 27 52 0 0 90 0 0 0 95 0 0 0 19 0 0 29 0 0 0 7 0 0 0 0 87 0 0 0 0 0 0 0 0 0 32 0 0 0 0 0 10 0 19 0 0 0 82 0 55 0 0 0 0 0 0 48 0 0 0 0 44 0 0 26 0 68 0 0 0 9 59 0 0 0 0 0 10 69 0 0 0 0 0 0 0 0 81 0 0 0 56
0 72 0 0 0 88 0 53 0 0 0 11 9 0 40 0 0 0 87 0 64 0 62 0 34 0 0 0 0 0 0 8 0 0 0 0 0 13 51 0 0 0 0 0 0 0 0 0 0 0 0 97 0 0 35 0 0 0 0 0 87 31 0 0 0 0 0 0 0 0 0 0 37 0 0 0 0 0 0 0 0 0 0 0 0 83 0 0 0 71 0 0 0 0 0 77 0 0 0 0
0 0 0 8 0 0 86 0 0 0 0 0 100 0 0 0 0 0 0 0 0 72 0 0 0 0 0 0 0 0 0 0 0 0 0 0 0 0 36 0 0 0 0 0 0 0 0 0 16 0 0 0 0 0 0 98 0 48 39 0 0 0 0 71 0 0 0 0 0 0 0 0 0 0 0 0 0 83 0 23 0 0 22 0 0 0 39 0 74 0 0 0 0 0 0 11 47 8 0 0
0 37 0 80 4 0 0 13 0 0 83 0 97 0 31 94 87 74 66 0 0 0 0 0 0 87 27 0 0 0 31 0 38 0 10 0 80 0 39 0 0 0 0 0 0 13 0 0 0 0 0 0 0 0 0 0 0 0 0 0 0 0 0 0 0 0 0 0 0 85 0 0 0 0 0 0 0 0 0 0 0 0 35 0 0 0 54 0 0 0 0 0 63 0 24 0 0 0 51 0
89 0 0 0 0 0 0 0 0 0 0 89 0 10 0 0 60 81 73 0 73 0 0 0 0 0 0 0 0 0 0 0 0 8 0 0 0 0 0 33 0 0 0 0 0 0 96 0 0 0 0 0 0 92 0 0 0 49 0 0 0 0 0 0 0 65 0 0 0 0 65 0 0 0 0 0 0 0 0 77 0 3 0 0 64 0 0 10 0 0 0 0 0 73 0 0 0 0 0 78
0 0 0 0 0 53 0 0 77 0 0 0 0 0 0 0 57 0 100 90 0 0 0 46 43 0 0 0 0 0 0 0 0 0 0 0 0 0 13 0 0 0 0 0 0 0 57 0 0 74 0 0 0 0 0 0 18 0 0 0 0 70 22 67 0 74 73 12 0 0 0 0 0 67 44 97 0 0 0 0 0 0 0 0 98 62 0 0 77 0 0 0 0 21 0 0 0 0 95 0
0 0 70 0 0 0 0 0 0 0 0 78 20 0 0 0 4 0 0 0 0 0 0 24 86 0 0 0 0 0 68 51 0 0 0 0 0 0 0 0 0 0 0 28 0 0 76 0 0 0 63 0 0 24 0 10 0 0 0 0 0 0 0 0 0 0 0 0 74 0 0 0 0 0 0 0 0 0 78 0 92 0 0 0 0 0 0 0 98 1 0 4 51 0 79 0 62 0 0 0
0 0 0 0 19 17 0 0 70 71 0 0 0 0 56 0 0 86 0 0 0 0 63 13 0 0 46 0 0 55 0 0 85 0 0 59 0 0 0 0 0 4 0 0 11 0 0 87 0 37 0 97 0 0 52 0 0 88 3 0 0 0 0 4 0 0 0 0 63 0 6 0 59 0 0 0 0 55 0 45 0 0 87 0 0 0 0 0 0 0 0 0 0 0 61 38 0 63 0 23
0 0 0 3 0 0 0 0 0 0 0 0 0 0 0 79 0 0 0 0 0 0 0 86 100 0 0 0 0 0 0 0 0 0 61 0 0 0 0 0 0 0 0 21 85 65 0 0 0 77 0 0 0 0 0 0 0 0 0 0 0 0 37 0 0 0 0 0 84 0 0 41 0 0 0 0 86 0 0 27 11 0 0 0 0 0 93 0 50 0 0 40 0 0 0 0 0 0 0 23
0 0 0 0 76 0 0 0 0 0 56 76 0 0 0 97 58 0 48 0 0 0 0 94 0 28 0 0 89 0 0 0 0 0 0 88 0 0 82 0 0 0 0 22 74 8 0 0 0 0 0 69 7 0 0 0 0 0 0 60 0 76 0 0 98 45 0 0 0 66 72 0 18 0 0 0 0 0 0 32 0 0 0 50 46 0 0 0 0 0 0 0 89 59 0 0 0 0 0 0
0 0 7 0 0 96 0 0 0 0 0 0 68 60 0 0 0 37 0 0 72 5 80 0 0 0 16 0 25 0 0 0 0 0 0 41 0 50 0 99 0 77 0 0 98 1 42 0 0 0 79 2 0 29 0 10 76 0 0 0 41 68 0 0 0 95 0 0 39 0 0 0 54 47 34 52 0 0 0 0 69 22 0 24 22 21 0 0 0 0 0 0 60 0 0 0 0 0 0 0
0 0 0 0 0 0 0 39 58 0 0 0 0 0 0 31 0 0 0 0 0 0 0 0 0 0 0 26 0 37 0 39 0 0 0 0 87 0 0 0 0 0 0 0 75 44 65 83 0 0 0 0 14 0 0 0 13 0 61 0 0 0 79 0 6 0 0 0 0 0 0 0 0 0 0 0 0 0 0 0 0 0 0 0 0 0 8 0 0 0 82 0 0 0 0 31 0 29 0 0
0 66 52 65 17 0 0 0 0 0 0 0 0 19 0 0 0 56 11 0 0 0 0 89 0 45 95 0 58 0 70 96 0 0 0 0 48 54 87 0 0 0 0 0 0 0 0 94 0 0 0 0 0 31 0 0 88 0 0 0 27 27 11 0 0 0 0 100 0 0 0 0 15 32 0 0 0 2 0 10 0 6 100 42 0 0 0 0 0 56 0 0 0 0 0 54 0 0 0 0
0 14 0 0 88 52 0 6 67 0 22 17 0 0 0 60 13 0 0 0 0 88 0 0 46 0 0 0 0 67 0 0 0 0 74 68 66 98 0 11 0 0 0 0 0 0 0 1 0 0 0 71 0 0 0 0 0 47 0 75 71 39 0 82 0 0 0 0 19 0 0 36 26 0 0 0 46 16 0 0 0 52 0 56 0 0 0 0 0 0 0 0 0 0 0 0 58 0 0 24
0 0 0 0 0 0 0 65 0 79 0 0 0 0 0 56 79 0 0 0 0 0 0 0 0 0 61 0 0 91 20 0 23 0 0 16 0 0 0 0 0 0 90 0 0 0 0 72 67 0 0 0 0 0 36 0 0 0 0 41 0 0 0 0 0 66 0 0 0 36 87 0 0 0 0 3 0 25 46 97 0 0 0 0 0 0 0 0 0 0 0 0 9 82 0 0 37 0 0 0
72 0 89 3 0 0 0 0 0 44 0 86 0 0 0 0 0 0 0 0 52 0 0 0 0 10 47 0 0 64 0 0 0 25 0 30 0 0 0 0 0 0 6 0 0 0 0 0 92 0 0 0 0 0 0 0 0 0 0 0 0 0 0 76 0 0 0 0 15 52 0 0 0 0 0 0 0 0 0 0 0 0 56 0 0 0 39 0 72 0 0 0 0 65 0 0 0 42 0 0
0 0 53 0 0 0 0 0 0 0 0 0 0 0 0 0 8 0 0 78 0 83 98 0 0 0 72 22 0 0 0 0 98 0 0 0 90 0 0 0 59 0 0 0 0 0 0 51 0 0 0 0 0 0 0 43 0 0 0 0 0 0 0 0 37 0 0 0 0 0 71 42 0 27 0 54 0 0 38 0 0 0 61 0 0 0 17 0 0 0 0 0 0 0 0 23 0 0 0 97
35 0 0 31 0 0 0 0 0 68 0 0 71 0 0 0 0 0 0 0 88 44 0 0 0 0 65 0 0 0 0 0 0 0 0 0 0 80 0 0 0 0 0 0 0 0 0 0 0 28 0 0 0 61 0 0 0 0 0 26 0 0 0 48 55 0 0 84 90 0 0 0 0 82 0 90 0 73 0 0 0 89 0 0 0 0 0 0 0 0 0 71 0 0 0 0 0 0 0 0
0 0 0 0 0 0 0 0 0 36 0 0 0 0 13 0 0 0 93 0 84 0 62 0 0 0 0 0 84 0 0 0 6 0 0 0 0 0 0 0 0 86 44 0 0 0 0 0 0 0 0 8 0 0 0 39 32 0 0 50 0 64 0 52 81 0 0 87 0 0 0 0 0 11 0 0 33 0 0 0 20 0 57 12 0 0 0 0 11 0 0 0 77 0 0 0 0 0 0 0