100
0 0 0 0 13 0 0 0 0 0 0 0 0 20 0 39 0 0 0 43 0 0 84 47 67 3 0 0 76 4 0 60 81 0 0 0 78 0 0 0 0 0 60 0 0 0 0 28 0 0 0 0 0 0 0 0 78 0 49 0 0 0 0 0 0 0 0 0 0 0 0 0 0 15 0 0 0 0 0 87 43 0 0 0 91 0 0 0 0 0 0 0 0 0 0 0 0 0 62 41
91 0 0 0 0 84 0 0 96 0 19 30 82 0 0 0 32 67 6 0 0 0 0 0 91 0 0 26 0 0 80 26 98 0 27 5 0 0 0 0 0 0 0 0 0 0 0 47 92 16 0 0 0 0 0 0 0 50 83 7 70 0 0 0 0 27 9 22 0 0 0 57 0 0 0 0 0 2 0 83 0 0 0 55 0 0 85 1 0 4 0 0 0 19 0 0 0 55 0 0
0 21 0 0 0 0 0 43 0 0 0 34 43 0 0 0 64 67 56 0 60 100 0 0 13 0 0 0 56 0 0 0 0 48 0 0 0 0 0 0 9 0 0 18 36 0 0 43 76 0 46 0 0 0 0 0 92 0 0 0 79 0 0 0 0 99 4 0 0 66 46 0 0 0 0 0 0 0 0 0 0 0 0 0 0 0 58 0 0 0 20 0 0 0 27 0 0 0 0 0
0 0 10 0 0 9 0 0 0 0 0 4 0 58 0 0 77 0 0 0 0 73 0 0 0 0 0 0 79 19 0 0 0 0 23 0 0 0 0 43 0 0 0 0 0 0 0 66 0 24 0 0 0 0 0 77 0 0 0 0 85 0 0 0 0 0 0 0 84 0 0 0 96 0 20 41 24 49 0 0 0 0 0 0 0 0 0 3 0 0 0 0 0 7 0 0 0 0 0 37
0 79 0 0 0 0 0 0 78 0 0 0 49 0 0 77 0 0 0 0 0 86 57 0 0 0 0 0 0 2 0 0 0 0 63 0 0 29 40 0 0 0 2 0 0 0 0 0 0 0 0 0 0 0 0 76 7 50 38 0 0 0 0 0 0 0 0 0 9 2 0 0 0 55 0 82 47 0 0 0 0 0 0 69 0 0 8 0 0 0 0 0 86 0 0 35 0 0 0 7
9 0 79 68 0 0 0 67 70 15 0 79 0 0 0 72 81 0 70 0 0 47 0 0 0 0 17 0 0 0 0 45 0 64 0 0 0 31 38 66 0 63 0 0 0 0 24 72 0 0 0 28 0 32 0 0 0 85 83 46 0 2 0 0 23 0 0 0 0 0 0 98 0 0 0 0 0 0 0 0 0 0 0 0 13 0 67 0 0 0 93 80 0 0 0 0 0 9 0 59
0 4 38 0 86 0 0 25 0 0 0 49 15 0 0 0 0 0 0 92 0 0 0 8 0 0 0 78 0 3 0 0 46 0 0 0 0 52 0 0 48 0 0 0 0 0 0 0 71 97 0 0 0 56 0 0 30 0 0 0 0 0 98 0 26 44 0 0 33 58 20 0 0 31 40 59 0 0 0 19 0 0 0 43 0 0 17 0 0 52 0 23 53 0 4 0 1 0 0 0
0 0 0 0 0 0 0 0 0 35 0 0 0 0 0 0 93 71 1 0 0 0 0 0 0 0 0 37 24 0 10 0 0 0 0 0 36 59 19 0 8 0 0 0 25 0 0 0 0 0 0 0 66 0 0 0 13 49 0 0 0 0 0 0 60 0 0 0 0 0 0 0 19 0 0 0 0 0 0 0 0 0 0 14 0 0 0 0 0 0 43 93 0 20 0 0 0 99 69 0
0 0 0 0 0 0 82 0 0 0 0 0 0 0 0 94 0 0 12 89 1 0 83 0 0 0 0 0 0 99 46 0 6 0 0 0 0 0 0 32 0 0 0 0 0 0 0 0 35 0 0 0 0 0 0 0 0 0 0 0 0 0 0 0 0 0 0 73 0 32 0 0 0 0 0 0 0 0 0 0 0 0 0 0 0 0 0 15 0 0 0 0 0 0 0 33 87 0 7 0
0 93 58 20 0 0 0 0 0 0 63 0 0 0 0 6 0 0 0 0 0 0 0 10 0 94 53 0 0 0 0 15 69 0 0 0 0 0 55 34 0 0 0 0 0 0 0 0 0 0 68 71 0 0 0 0 54 67 0 0 78 0 87 0 0 7 0 0 0 0 11 84 0 0 0 0 0 0 0 0 0 14 0 0 0 0 0 0 0 0 0 0 0 0 0 0 0 0 0 0
0 18 42 0 66 0 0 0 57 0 0 7 0 0 0 0 0 100 0 0 0 96 0 32 0 0 0 0 0 0 2 37 0 0 92 0 0 0 0 78 0 0 0 0 0 0 1 0 0 0 0 0 0 51 24 0 0 0 30 0 0 46 0 79 0 69 97 0 0 0 0 0 0 100 0 0 66 0 0 3 86 0 0 0 0 0 0 66 0 0 10 0 0 0 0 0 95 0 0 0
0 0 0 0 0 96 0 69 0 0 0 0 6 0 0 0 0 26 0 0 0 0 0 0 0 0 0 0 0 0 0 45 0 0 0 0 0 33 0 89 0 0 43 0 41 48 0 0 0 0 0 0 31 0 0 0 44 35 61 0 0 59 45 49 0 0 0 0 0 49 0 0 0 0 0 0 0 0 0 0 0 0 0 0 0 0 0 0 0 0 0 0 0 0 0 0 85 72 18 0
0 40 0 0 0 0 0 0 99 0 0 0 0 0 90 100 37 0 0 0 10 0 0 0 0 0 0 0 89 0 0 97 0 51 80 0 23 0 0 99 77 0 0 0 0 3 37 0 0 0 29 0 72 0 0 0 0 0 0 0 0 0 0 0 62 20 0 14 98 0 0 0 0 92 0 0 0 4 0 0 0 0 25 23 0 0 0 89 0 68 0 0 0 0 29 0 0 0 35 96
0 26 0 0 0 0 0 0 0 0 0 0 0 0 0 0 0 0 0 0 0 0 60 0 9 0 0 0 18 32 0 0 0 0 68 84 0 0 0 0 0 57 0 0 0 0 18 0 72 0 0 35 0 84 44 0 0 0 40 0 0 88 0 0 0 0 4 0 0 0 0 0 0 0 88 0 0 54 18 0 56 3 0 0 91 0 28 59 0 0 0 0 0 0 0 0 0 0 0 6
0 0 0 0 0 0 52 0 0 85 0 28 0 20 0 0 0 46 0 0 0 0 0 0 0 23 82 70 72 0 0 81 0 0 25 0 89 0 0 0 0 0 0 79 0 78 0 0 54 0 0 0 0 0 0 0 39 0 0 29 0 0 0 0 0 0 0 0 0 0 73 0 0 0 50 0 0 0 78 0 96 0 0 0 0 15 0 11 0 49 0 8 42 23 0 45 0 0 0 0
69 0 0 0 0 0 0 0 0 0 0 0 0 0 36 0 0 18 0 0 0 0 59 63 18 0 62 85 0 0 0 0 62 0 0 0 65 0 0 0 0 0 10 28 0 0 97 0 18 43 0 0 0 0 83 0 0 0 0 4 0 62 0 0 0 0 25 0 0 0 0 0 0 59 0 0 0 0 0 0 0 0 0 94 17 0 0 0 0 47 0 0 0 0 62 0 0 12 0 0
0 59 0 37 0 0 0 87 0 0 0 60 0 99 13 16 0 0 0 0 0 66 0 0 0 0 0 0 0 0 0 12 0 0 0 32 0 0 16 0 0 83 0 0 0 0 0 0 0 0 0 0 0 86 33 0 0 13 0 0 0 0 55 0 65 0 36 0 0 0 0 48 0 0 0 97 0 0 0 0 0 0 0 0 0 5 0 0 0 0 1 0 0 0 0 0 0 13 0 0
13 0 0 63 0 0 0 0 0 74 0 83 0 64 0 0 23 0 0 0 12 0 0 0 0 0 0 0 80 0 0 0 0 0 0 65 0 0 0 0 0 0 37 84 0 0 84 75 0 63 48 19 0 0 0 0 99 32 69 0 0 36 0 24 0 0 0 0 0 0 0 85 0 0 48 82 0 0 23 0 55 0 0 0 0 0 0 81 0 0 0 0 0 0 0 0 0 0 0 27
0 0 85 0 0 0 0 0 14 0 0 0 0 0 0 0 100 0 0 0 0 0 8 74 51 0 0 0 70 55 0 0 10 0 63 0 0 0 0 62 86 0 0 36 97 0 76 0 0 0 0 0 0 0 90 0 0 0 0 0 0 0 0 0 28 88 0 71 0 0 0 0 0 0 0 0 0 0 0 0 0 0 0 0 0 95 0 0 0 51 0 79 0 0 0 0 0 0 0 0
51 0 0 0 0 0 32 0 0 0 0 43 0 0 0 0 0 0 0 0 0 0 0 0 0 0 40 51 0 0 0 99 64 2 0 0 60 0 13 0 0 0 66 0 15 0 96 0 12 44 0 0 99 0 84 0 0 27 0 0 0 0 0 0 0 0 0 0 0 42 0 68 0 0 0 17 0 0 0 0 0 0 0 0 0 0 0 0 0 0 69 0 0 0 0 91 0 0 54 0
0 0 0 0 0 99 0 0 88 0 0 80 0 0 0 0 67 0 0 41 0 0 49 0 29 0 0 0 0 0 0 84 0 0 0 0 0 0 0 0 0 0 40 0 0 0 0 0 31 0 0 0 0 0 0 0 0 0 0 95 0 0 0 0 0 42 0 9 0 0 0 76 61 15 0 0 0 84 0 0 0 0 0 0 0 0 0 0 0 0 0 15 0 0 0 0 0 0 0 56
0 0 0 0 0 0 0 62 0 0 53 0 0 0 0 0 0 0 81 0 0 0 96 12 0 0 0 68 39 0 0 0 0 0 0 0 96 0 0 0 0 0 0 0 2 0 45 0 0 0 0 0 5 0 0 0 0 0 0 60 0 0 0 38 0 0 0 83 0 0 0 0 0 0 0 0 0 0 0 0 0 0 0 0 0 88 0 0 24 0 0 57 0 0 0 0 0 0 39 0
0 98 0 0 0 23 0 0 0 0 86 0 0 30 0 83 0 28 0 0 0 0 0 0 0 73 0 0 55 0 0 37 89 92 0 0 7 0 0 0 0 0 0 0 33 0 0 0 0 0 35 0 97 8 27 52 5 0 0 29 0 0 0 0 0 58 0 0 0 65 0 0 4 0 59 0 0 0 0 40 0 0 6 0 36 0 0 0 0 0 0 97 0 45 0 0 0 0 0 0
0 0 0 38 0 0 0 0 0 0 0 0 0 0 59 0 50 0 0 0 0 7 75 0 0 0 50 0 0 0 0 0 50 0 0 0 0 0 71 0 0 0 91 0 0 0 0 0 0 0 0 0 0 68 0 52 96 0 0 0 0 0 0 0 0 0 0 0 0 0 0 93 0 0 0 0 0 0 0 0 63 0 0 14 0 0 0 0 0 0 0 0 0 67 0 0 31 0 0 0
0 0 27 0 0 0 46 67 0 0 0 0 0 0 21 0 0 0 0 0 48 0 2 47 0 0 0 0 63 52 0 56 0 87 0 0 86 0 0 0 0 54 0 0 95 0 0 0 0 0 0 0 51 35 20 8 0 0 40 0 0 0 0 33 0 0 45 0 0 0 0 22 0 48 0 62 0 10 0 0 0 0 90 0 0 0 0 0 7 0 0 26 0 0 0 0 0 0 0 0
0 0 0 0 0 49 92 0 0 0 0 0 0 0 0 0 68 10 0 0 0 0 19 0 42 0 0 0 91 96 0 0 0 84 0 96 0 0 0 0 0 0 44 0 0 0 0 0 0 80 0 0 49 0 36 0 32 0 0 0 0 0 0 0 87 0 84 0 0 59 0 4 0 0 0 0 0 64 0 33 0 38 45 0 89 14 0 0 0 0 0 0 0 6 9 0 0 0 0 0
0 55 0 0 40 0 0 30 0 0 0 0 24 0 0 0 0 0 0 0 4 9 0 0 0 0 0 0 0 0 92 4 2 0 0 0 0 88 0 0 0 0 0 72 0 0 0 0 33 0 39 73 0 0 0 0 0 0 0 24 0 0 0 0 0 97 0 0 0 0 0 0 0 0 0 16 0 0 0 0 0 0 0 0 0 0 12 0 0 0 0 0 20 0 9 0 0 0 0 57
0 30 48 0 0 0 41 0 88 23 0 56 57 0 0 0 0 75 0 0 0 99 0 0 0 0 0 0 0 0 0 0 0 0 0 76 0 0 0 60 0 0 0 0 0 75 0 19 96 0 0 0 0 84 0 0 0 0 0 0 0 0 71 83 43 0 0 0 0 0 0 0 89 96 0 0 0 0 40 0 0 0 0 0 0 0 5 0 0 0 0 0 15 52 0 0 0 0 0 0
0 0 0 87 42 39 0 0 0 0 23 90 82 0 0 0 0 0 64 83 0 0 0 0 23 0 0 0 0 33 0 0 0 0 0 0 0 0 0 0 0 0 0 0 0 0 0 11 0 0 19 0 52 0 19 0 59 15 0 0 0 0 20 74 0 0 0 32 0 0 19 0 0 0 0 0 0 0 0 0 37 0 57 0 0 60 0 0 0 19 4 17 0 0 56 0 0 0 94 0
11 0 0 0 0 0 0 0 0 0 0 0 0 0 0 100 0 62 77 0 0 0 0 0 0 0 0 0 0 0 32 0 43 86 0 3 0 0 0 0 33 26 0 46 0 0 0 0 78 0 0 0 0 0 0 0 0 0 0 0 30 0 0 0 0 0 0 45 0 0 0 0 0 55 0 92 0 15 0 0 7 0 0 0 47 0 64 0 0 92 40 0 0 0 0 0 67 6 1 0
0 76 0 0 0 0 0 0 0 99 0 0 0 0 0 0 0 0 0 8 0 22 0 47 0 0 0 19 0 41 0 0 0 0 0 0 0 0 0 0 0 93 0 0 19 39 0 0 68 0 42 18 0 0 0 73 0 0 0 0 0 0 0 0 0 0 88 0 6 0 0 0 0 0 92 92 0 0 63 0 0 0 0 0 0 0 80 0 0 0 0 0 0 0 0 0 9 0 0 0
0 0 42 0 0 0 0 0 0 0 0 0 65 0 0 0 100 0 0 0 88 0 0 0 0 0 0 0 0 0 0 0 0 97 0 10 33 100 0 0 0 0 88 0 79 0 0 0 0 0 0 55 0 0 79 0 65 0 0 0 0 21 0 60 17 0 79 0 0 0 0 0 0 0 0 0 0 0 0 72 0 81 0 0 0 0 0 0 67 0 36 14 0 0 0 22 0 0 0 0
0 0 40 0 56 0 0 41 0 0 0 0 0 4 52 0 73 0 0 0 9 41 0 0 0 31 0 59 0 0 0 0 0 0 0 0 12 12 0 0 0 0 86 0 47 62 86 0 0 0 0 0 0 99 0 0 49 0 0 0 0 0 20 0 0 68 0 0 0 0 0 68 0 9 56 0 0 59 0 0 0 0 0 0 0 0 20 32 0 0 94 0 45 0 0 0 0 0 0 0
0 0 0 0 0 0 0 0 0 0 0 0 0 31 0 0 0 91 12 0 0 0 0 0 0 0 0 0 0 0 0 0 0 0 0 61 0 29 0 0 0 0 0 0 0 22 0 0 0 0 100 69 56 0 0 0 0 33 0 0 0 0 0 0 48 50 0 0 0 0 35 0 4 0 0 34 86 0 0 39 0 0 84 7 0 0 0 0 0 0 0 0 0 0 0 0 2 15 50 0
0 0 0 51 0 0 0 0 0 0 0 45 0 0 0 68 16 10 0 55 69 11 0 0 0 0 0 0 63 0 76 0 0 0 0 0 0 0 0 2 67 0 0 0 0 70 3 0 0 57 74 0 0 0 0 63 0 21 0 0 1 0 0 0 0 0 50 0 0 0 0 0 0 0 0 55 0 0 52 0 84 0 0 0 0 0 0 38 0 0 0 0 0 0 0 77 17 0 0 78
0 73 0 0 0 0 27 0 0 0 0 0 0 0 0 0 79 0 83 0 0 16 0 52 0 0 0 85 45 39 0 0 0 36 0 0 54 0 98 4 0 44 0 0 56 0 78 0 0 0 9 0 0 0 0 0 0 13 0 0 0 0 0 0 0 0 35 0 0 0 0 0 97 0 0 0 0 0 0 0 0 0 0 0 0 0 0 94 83 49 0 3 97 57 42 7 0 0 0 66
0 0 0 10 0 1 0 0 0 35 35 0 69 0 0 0 0 0 0 0 0 72 0 49 0 0 0 0 0 0 0 0 0 0 0 0 0 98 54 0 79 0 0 0 0 67 0 0 35 0 0 0 0 83 0 0 0 0 0 0 87 0 22 0 0 0 0 88 0 0 0 8 47 0 32 0 0 0 0 0 0 0 0 0 0 0 0 0 0 0 0 0 0 0 0 0 53 0 0 0
0 0 0 0 3 0 0 75 0 0 0 0 0 0 0 0 0 0 0 0 0 0 80 0 49 0 0 74 0 70 0 0 0 0 7 0 9 0 0 0 0 0 0 0 0 0 55 0 0 0 73 0 0 0 0 0 0 0 32 0 64 10 0 22 0 0 0 0 0 52 4 0 0 0 0 0 5 3 0 0 0 0 42 0 0 0 0 0 0 0 87 98 64 0 2 0 0 0 62 0
55 0 0 0 0 0 0 0 0 0 0 0 0 0 0 0 0 0 52 56 0 0 0 21 0 0 0 0 0 93 0 0 8 0 0 40 0 0 0 0 0 0 0 0 0 0 0 0 0 0 21 98 0 0 0 0 0 0 0 51 92 0 0 0 0 86 0 0 0 49 0 0 0 4 0 25 0 0 0 0 0 0 0 0 0 0 95 0 0 55 0 0 0 0 0 0 0 0 12 0
0 31 75 0 0 0 49 0 0 0 0 0 0 56 0 87 0 0 0 88 90 0 0 0 0 0 0 100 0 0 0 59 0 0 0 0 30 0 0 0 0 0 0 95 0 0 0 0 0 0 0 0 0 0 0 1 0 0 0 0 80 0 0 0 0 0 0 0 0 0 0 56 0 0 0 0 0 49 0 96 18 38 65 0 0 79 0 73 0 9 50 0 0 0 74 23 0 57 0 70
19 0 0 0 35 0 0 0 0 0 0 0 0 35 0 32 0 0 0 0 0 0 0 0 0 0 0 76 64 0 23 22 0 0 30 0 0 0 0 0 0 73 0 26 0 0 0 58 0 0 0 0 0 53 0 0 54 0 0 0 0 21 0 0 0 64 0 0 92 94 0 0 0 0 0 0 0 0 0 8 0 96 0 0 0 0 0 42 0 0 0 0 0 0 22 0 65 89 0 62
0 55 0 17 0 0 0 0 0 30 0 0 86 0 27 0 0 14 0 0 0 0 0 0 0 52 0 0 30 0 0 0 0 0 28 0 0 0 0 0 0 0 0 11 69 0 44 0 0 0 0 0 28 0 0 25 0 0 0 0 0 0 0 25 0 97 0 0 0 42 12 0 84 0 0 16 0 0 0 27 0 0 0 0 0 0 0 0 0 0 89 0 0 0 62 0 0 0 96 0
76 0 1 71 0 65 0 0 0 0 0 51 98 0 0 0 0 0 0 0 0 0 0 0 0 0 80 14 0 0 0 0 0 0 33 0 0 0 0 0 39 0 0 18 0 0 0 0 0 0 9 85 0 26 2 0 0 0 65 0 0 0 0 0 0 20 0 0 0 0 0 0 0 0 0 76 40 0 0 0 0 0 0 94 17 78 88 0 0 0 0 0 0 83 0 0 85 48 8 90
40 0 0 0 0 20 0 0 25 0 0 23 0 0 18 0 0 0 0 0 0 0 0 0 0 0 0 0 0 0 0 78 84 0 29 0 0 0 88 0 62 0 0 0 0 0 42 0 0 0 0 0 0 0 27 0 0 41 0 0 48 0 0 0 0 91 0 0 0 0 0 0 0 0 0 0 0 0 96 0 0 0 0 0 0 0 9 0 0 93 0 0 0 70 0 0 0 0 0 0
0 22 0 0 0 39 0 0 0 0 98 0 0 0 0 0 0 0 0 0 74 0 0 0 0 0 0 0 58 0 54 0 0 19 0 0 0 98 0 96 0 0 0 0 0 70 0 0 1 0 39 0 62 21 0 0 0 0 0 13 0 15 0 99 0 28 0 0 0 0 0 0 34 0 0 0 0 78 0 0 0 0 0 0 0 0 0 0 0 0 0 53 0 21 0 0 0 30 85 0
0 25 0 0 0 0 19 0 0 0 0 81 0 0 0 0 0 24 0 55 0 93 0 0 0 0 0 0 0 12 0 0 41 0 0 0 37 28 0 0 81 91 44 0 71 0 78 0 74 0 34 0 0 0 0 0 0 59 0 0 0 0 87 0 0 0 0 0 0 0 0 0 0 0 0 48 0 62 47 0 0 0 0 0 0 0 0 0 16 0 0 0 0 0 61 0 0 0 0 46
0 0 0 0 0 0 80 0 0 0 0 0 31 0 0 0 0 0 0 0 0 0 0 0 48 0 0 0 0 0 43 13 0 77 19 0 14 0 0 0 0 0 0 0 10 0 0 0 10 0 0 0 0 0 0 0 63 0 0 0 0 0 0 0 0 0 0 0 22 0 0 0 0 0 0 0 0 57 0 0 31 0 51 0 0 0 0 0 0 0 46 0 0 0 0 0 0 0 0 0
0 0 0 14 0 0 0 66 0 0 0 0 0 0 0 97 0 0 0 0 0 84 0 0 0 0 0 0 78 0 0 0 0 0 0 54 0 0 16 0 0 0 0 0 0 0 0 0 0 0 0 0 0 0 0 0 0 0 1 0 0 0 0 0 0 0 0 0 0 0 0 0 78 7 0 0 52 30 0 67 0 35 0 65 0 0 53 37 0 0 0 0 21 0 0 0 98 49 0 70
0 0 43 0 77 0 0 0 0 56 0 0 0 43 0 18 71 0 86 58 0 0 0 0 0 0 14 0 18 0 0 0 0 45 21 0 0 58 0 0 0 77 17 0 0 0 0 17 0 5 0 0 0 0 0 0 0 0 14 0 75 0 0 71 0 0 0 0 0 0 0 0 0 0 0 21 0 70 0 0 0 0 0 1 40 97 0 0 0 0 0 0 0 0 0 0 94 0 0 16
0 0 0 0 80 0 0 0 0 0 0 0 77 0 0 0 0 46 0 0 63 10 63 0 0 0 0 64 0 25 77 0 0 0 0 0 0 0 43 0 0 0 0 87 0 0 61 0 0 0 0 0 0 0 0 0 0 0 0 0 0 0 74 0 0 0 0 0 32 76 0 0 0 0 0 0 0 0 56 0 13 0 90 0 0 0 41 0 0 0 72 0 0 0 0 67 0 65 28 0
0 0 0 90 0 0 5 0 88 0 0 0 0 0 0 0 0 0 0 0 0 46 24 0 0 86 0 0 11 54 0 0 0 0 0 0 0 0 0 71 0 81 0 0 0 0 9 0 0 0 0 79 0 0 0 0 0 90 0 0 0 0 98 79 0 0 0 0 0 0 24 0 0 0 0 95 0 69 0 0 19 0 50 87 0 44 0 0 0 0 0 0 0 0 0 0 31 52 37 0
0 0 0 0 0 0 0 0 0 0 87 0 58 92 0 61 0 12 0 0 0 82 0 56 0 0 0 0 0 0 0 0 0 0 0 0 0 0 0 88 0 0 0 85 0 51 0 0 0 0 0 0 0 0 25 16 0 0 0 0 0 0 0 0 0 35 13 4 4 0 0 0 0 0 46 0 0 99 0 0 0 0 57 23 0 0 0 0 0 0 0 0 0 0 0 0 0 59 0 0
0 0 0 0 0 0 0 0 0 0 0 7 76 0 0 0 97 0 0 0 39 0 0 0 0 0 0 0 0 0 49 0 98 34 72 0 0 0 0 0 0 0 18 0 73 0 0 44 0 0 0 0 0 0 0 0 74 0 0 16 43 0 0 52 0 0 0 0 0 0 0 0 39 87 0 0 0 0 0 94 0 0 66 0 0 0 59 95 0 32 0 0 0 0 0 32 0 0 0 0
0 0 0 0 27 0 56 0 0 23 0 0 0 0 0 34 0 67 83 10 83 62 29 14 3 0 0 0 0 0 0 0 0 0 38 0 0 30 78 0 26 0 38 71 0 0 0 0 0 31 57 0 66 0 0 0 0 0 0 0 0 0 0 0 64 0 0 0 0 0 77 0 0 20 97 0 53 0 0 0 0 0 0 0 47 37 23 0 0 0 67 0 41 39 57 0 0 0 0 0
0 0 0 32 0 37 49 0 21 0 0 23 0 0 0 1 0 29 0 0 0 0 20 0 73 0 40 0 0 0 0 0 0 0 0 0 74 0 0 0 22 0 0 0 0 0 0 69 79 0 0 0 0 0 0 0 0 0 0 0 0 0 0 0 0 0 44 0 8 0 64 0 0 0 16 43 0 0 0 47 0 0 27 0 0 53 27 0 0 92 0 0 0 0 91 37 0 0 0 79
0 0 0 0 0 0 0 0 0 0 0 0 0 47 0 0 95 13 0 0 0 0 0 0 0 0 0 0 65 0 13 0 0 0 0 0 0 0 0 0 56 0 0 63 0 24 0 0 0 0 0 29 0 0 95 0 33 0 0 94 0 0 0 0 0 0 50 0 10 0 0 46 12 0 50 0 0 18 33 0 75 0 0 0 0 0 0 0 0 0 67 27 0 87 72 0 0 0 0 81
0 0 83 0 0 0 0 0 0 0 0 22 0 0 23 0 0 41 94 86 0 94 0 0 0 0 0 0 31 0 0 0 0 36 0 0 0 0 79 0 46 0 0 0 0 0 0 0 0 0 0 0 0 0 0 0 0 53 0 85 0 0 0 36 0 0 28 0 0 38 0 0 0 40 0 0 0 0 12 12 0 0 0 0 0 0 0 0 0 0 0 0 0 0 0 81 0 0 0 12
0 23 0 23 0 12 0 0 0 58 0 84 0 72 0 0 0 0 0 0 0 0 0 0 0 86 0 0 40 0 0 0 0 0 85 0 0 0 0 30 0 0 80 51 0 27 0 0 95 0 0 21 0 0 0 0 0 0 42 0 0 76 0 0 67 0 0 60 96 0 0 0 0 0 33 13 0 0 0 0 41 90 0 0 0 0 0 0 51 0 72 0 0 0 73 0 4 0 0 14
0 38 0 0 41 50 0 39 84 0 89 0 0 99 88 0 0 0 0 0 0 0 0 0 0 0 0 0 0 0 0 0 0 0 0 0 0 0 34 0 0 0 21 5 0 39 0 0 45 0 0 0 0 0 47 0 0 0 0 0 0 0 0 89 0 0 0 14 0 12 0 0 20 0 95 0 13 0 0 31 68 0 57 0 0 0 0 0 90 0 0 0 0 0 0 0 0 0 0 0
0 0 0 93 0 0 82 0 0 64 13 0 0 0 0 0 0 88 18 0 0 0 0 0 0 0 3 0 0 57 0 32 0 53 0 0 0 0 0 0 0 0 34 0 0 60 22 0 0 77 64 0 0 73 0 80 35 56 0 0 0 23 40 75 88 57 0 72 0 3 0 0 0 0 0 0 8 0 0 0 0 0 0 0 0 0 57 0 57 8 0 86 0 0 36 0 0 0 0 15
0 0 70 0 0 100 0 0 58 0 0 72 0 0 0 0 99 0 0 68 0 63 0 0 42 0 0 0 0 0 0 0 0 0 1 0 0 66 0 0 0 27 57 0 0 0 63 0 0 0 0 0 0 0 29 0 0 66 19 0 0 80 0 0 0 0 0 0 0 0 14 0 0 0 0 0 0 0 0 0 0 0 0 0 27 0 0 97 0 0 0 0 0 0 14 0 0 0 0 0
0 0 0 0 0 0 0 0 42 0 0 34 0 0 0 0 0 0 0 35 0 43 0 0 9 56 72 0 0 0 0 0 0 0 0 0 0 0 2 0 0 0 7 0 51 0 0 0 0 0 0 0 0 0 0 0 0 79 67 0 82 0 0 98 0 36 0 0 0 0 0 0 0 0 47 0 0 0 0 0 0 21 56 0 0 0 0 0 0 0 0 92 0 0 0 0 76 0 0 22
0 2 0 0 0 0 0 0 80 0 0 0 0 0 0 0 68 0 93 0 0 0 0 0 8 47 47 0 0 0 0 0 0 0 29 0 0 0 0 0 0 0 20 0 0 0 0 0 0 0 0 0 0 34 0 0 0 0 0 0 0 55 0 67 0 0 0 0 0 4 0 0 0 0 11 0 0 0 0 0 0 0 0 0 53 47 38 0 0 0 0 0 96 0 0 0 0 0 0 0
0 0 86 0 46 0 0 0 0 0 0 0 0 60 0 86 29 0 0 0 0 0 0 23 0 87 66 0 88 19 3 0 0 0 72 0 0 0 1 0 73 0 0 15 0 0 0 0 0 0 0 92 0 0 43 0 0 0 0 0 58 69 0 0 0 0 0 0 0 0 69 0 0 0 0 0 0 0 24 0 0 0 0 0 0 0 83 0 0 0 55 0 0 0 36 0 0 34 0 51
0 5 0 40 0 0 0 0 0 0 0 39 0 0 0 27 0 30 0 0 6 0 0 0 0 64 57 31 0 36 0 0 0 0 42 0 0 45 0 0 0 66 0 30 0 0 0 0 0 0 71 0 23 0 0 0 0 0 0 85 0 0 0 0 0 0 0 0 0 0 0 0 0 34 0 0 0 0 0 0 0 0 0 0 0 100 0 35 0 0 0 0 0 0 0 0 0 0 0 0
0 51 0 0 2 0 0 0 0 0 0 0 0 0 0 15 44 0 0 0 56 0 0 0 0 0 22 40 0 0 0 0 0 0 0 50 0 0 22 0 0 0 0 0 0 0 39 0 99 49 0 0 0 0 56 0 0 0 0 0 0 0 0 0 0 0 0 0 0 0 0 0 0 0 0 0 0 0 0 0 32 88 0 28 89 0 0 9 0 0 50 61 24 3 81 10 0 0 0 0
0 0 0 0 48 0 0 0 0 0 67 0 0 0 0 0 0 0 0 0 0 34 0 0 95 0 0 0 0 83 0 0 0 0 0 0 0 0 0 0 0 0 15 0 0 80 38 0 64 0 0 72 25 0 0 0 0 0 0 0 0 21 0 0 0 0 0 0 0 40 8 0 31 0 57 20 33 0 0 0 0 3 0 9 0 0 71 0 0 0 16 66 0 0 0 0 0 0 0 0
0 0 0 0 0 0 0 0 0 0 0 0 0 67 0 0 0 77 0 99 0 76 75 0 0 0 50 41 0 78 0 0 0 0 0 0 85 14 68 0 0 0 0 0 0 0 0 0 0 0 0 0 0 0 0 0 0 29 0 22 0 0 85 1 0 0 0 0 0 0 0 0 0 93 0 42 0 0 0 91 85 72 0 35 77 0 0 79 0 63 0 91 94 0 9 0 0 0 0 0
0 0 0 54 0 32 0 0 0 77 0 0 0 0 0 74 0 0 0 0 0 0 0 73 0 0 0 76 0 0 0 0 0 0 0 0 0 43 0 0 46 0 0 99 0 0 0 0 0 0 0 0 0 0 0 82 0 0 0 0 0 0 24 0 94 0 40 0 0 0 33 0 70 0 0 49 0 0 0 17 0 86 0 0 0 0 85 0 0 33 0 0 0 0 0 0 4 0 0 0
0 0 0 0 49 0 0 0 0 0 0 28 77 43 0 0 0 0 0 0 83 0 32 7 0 0 0 42 0 0 0 0 0 0 0 24 51 44 0 20 0 0 0 85 88 80 1 0 0 4 0 85 0 0 90 0 0 0 0 0 0 0 0 0 0 0 0 43 0 0 0 0 0 0 21 0 0 0 0 31 3 0 0 25 0 2 0 0 0 0 0 0 0 72 0 0 0 0 87 0
0 0 0 0 0 8 0 0 0 21 0 0 0 0 0 0 0 0 0 0 59 0 0 0 0 0 97 0 0 0 0 0 0 90 86 9 0 86 0 67 0 46 0 0 0 9 0 0 48 0 0 0 66 0 0 86 0 0 96 0 0 0 0 0 0 0 0 0 0 0 0 0 0 0 63 48 0 0 0 0 0 0 0 0 0 32 0 0 0 0 0 0 0 0 0 55 0 32 62 0
25 0 0 0 0 52 0 0 0 38 26 0 0 70 0 97 30 0 0 0 0 0 0 0 29 0 0 0 0 0 0 0 0 47 0 0 0 0 24 0 0 57 0 0 0 0 36 61 8 0 0 0 77 0 0 0 0 0 0 0 60 0 0 0 0 0 0 0 0 24 0 0 0 5 0 0 0 0 11 0 0 0 0 0 99 0 7 55 86 0 0 0 81 41 0 0 0 0 0 0
50 83 0 0 0 54 0 18 0 0 0 0 38 29 0 0 0 90 81 66 0 0 0 0 0 0 0 5 0 0 0 0 0 0 0 0 0 0 0 0 0 0 0 0 0 0 92 0 0 0 0 0 5 65 86 0 0 0 0 0 21 0 100 0 0 0 0 0 0 0 84 0 0 0 0 0 0 1 0 0 0 0 0 0 89 0 0 0 0 25 93 15 78 0 0 41 0 0 51 33
55 9 0 0 0 0 0 0 0 4 0 0 0 41 0 0 0 76 47 0 0 0 0 0 0 67 92 0 0 0 0 56 0 0 0 67 69 0 0 0 0 0 0 0 98 93 0 29 0 0 0 0 0 63 2 11 0 11 0 0 0 88 0 43 0 67 0 21 0 29 0 0 0 0 0 0 26 0 48 38 0 0 0 61 0 0 44 0 0 5 0 0 0 0 95 0 0 0 30 0
6 0 88 0 62 69 0 0 0 14 0 35 0 87 0 0 0 0 0 0 9 0 0 0 0 0 0 0 0 0 0 0 0 0 0 0 0 71 0 0 85 0 0 0 0 33 0 63 0 0 0 0 26 0 29 0 0 68 0 0 0 0 0 0 0 0 13 0 41 0 0 0 0 0 0 5 0 99 0 0 0 0 0 0 0 0 80 0 64 0 98 68 0 0 40 0 14 0 0 0
0 0 0 0 0 0 0 0 0 0 0 0 0 0 0 0 0 0 0 0 0 0 16 0 0 0 0 0 75 0 0 0 0 0 0 0 0 0 0 0 0 0 0 99 0 0 47 25 0 59 0 0 0 0 61 44 0 0 89 0 0 4 0 0 0 0 52 0 0 0 23 0 0 0 0 0 0 0 0 0 0 0 0 0 0 0 25 23 0 0 72 0 0 0 0 0 100 0 0 8
0 0 0 0 64 21 0 0 0 0 0 0 0 0 0 0 50 0 0 0 0 0 0 72 0 0 0 0 0 0 1 65 0 0 0 57 0 29 0 0 64 0 47 0 0 0 88 0 0 0 0 0 0 0 0 0 0 34 74 0 0 31 0 0 81 0 0 49 0 54 0 0 91 0 0 0 0 0 0 41 0 47 0 0 53 21 0 60 0 0 0 0 0 43 0 80 0 0 0 0
0 0 0 0 16 0 0 0 0 0 0 0 0 0 0 0 0 0 0 0 0 47 0 0 0 0 0 0 0 0 11 0 0 0 0 0 14 17 0 69 65 0 0 0 0 0 0 0 0 0 0 34 0 22 0 0 20 12 53 0 81 0 0 57 0 0 0 0 0 0 0 0 0 0 0 0 0 0 0 71 0 0 0 31 0 0 0 0 0 0 0 0 0 0 0 0 0 0 0 0
11 0 0 93 0 0 0 0 0 0 0 0 0 78 0 100 0 0 46 93 0 0 88 0 14 0 0 0 80 63 0 0 0 0 0 0 0 0 0 0 0 0 0 0 0 0 59 72 0 0 0 69 0 0 0 0 0 0 42 0 0 16 0 0 0 32 0 0 0 0 0 0 0 0 0 0 26 44 0 47 0 68 0 2 0 0 28 0 0 0 0 73 0 0 77 0 0 0 0 93
0 0 0 34 39 0 0 76 50 51 0 0 0 0 0 0 49 7 0 76 0 92 0 0 0 0 39 0 0 21 44 0 46 78 0 83 0 0 0 0 4 0 50 0 0 0 0 0 0 0 0 69 0 92 83 0 31 0 0 0 0 0 0 0 0 36 0 23 0 18 0 0 0 0 0 0 3 0 0 0 0 0 25 0 0 0 82 0 0 0 0 0 47 0 0 26 0 15 0 91
8 0 0 71 71 0 0 0 0 0 0 0 0 0 0 0 0 0 0 52 0 67 51 0 0 0 0 0 0 0 0 0 0 58 44 0 25 0 0 0 23 0 0 0 0 0 0 32 0 0 25 0 49 81 0 0 0 0 0 0 60 0 0 0 85 0 86 65 0 0 9 36 0 0 0 0 0 0 34 0 0 95 60 12 0 0 0 77 0 0 0 0 0 0 0 0 81 40 0 88
0 0 0 0 0 0 0 0 50 0 0 0 0 97 0 81 0 0 0 0 0 0 76 0 30 79 0 0 0 0 0 47 0 0 63 0 0 0 83 16 1 0 7 0 0 47 0 12 0 53 88 12 0 92 37 0 38 0 3 43 0 0 0 34 0 15 94 23 0 16 0 0 0 0 4 0 0 0 0 4 39 0 0 0 0 0 0 13 30 28 0 0 0 0 3 0 0 94 49 0
0 0 0 30 0 40 0 0 0 0 0 0 0 0 45 0 0 0 0 0 90 93 25 0 49 0 0 0 0 0 0 0 0 0 0 0 0 0 47 15 0 0 37 0 0 56 0 0 0 87 0 0 0 19 0 0 0 85 49 0 0 100 0 0 0 37 0 43 64 96 6 0 0 0 66 34 0 49 0 85 0 0 0 0 0 0 0 0 0 39 0 0 0 0 0 0 0 0 0 0
41 0 0 57 0 0 0 0 0 0 57 82 0 0 0 0 0 0 0 0 46 0 0 0 0 0 0 57 0 0 0 81 0 0 0 20 0 57 0 0 0 0 0 0 0 68 57 0 0 29 0 0 0 0 46 87 0 0 55 0 0 0 0 0 0 33 0 61 0 0 0 42 0 22 0 85 0 0 0 0 0 0 0 0 83 0 0 36 0 60 31 0 0 4 0 43 0 0 0 0
0 0 50 0 0 0 0 0 0 0 92 0 0 18 65 0 99 0 0 0 5 0 84 0 0 0 0 0 15 94 0 0 59 0 0 0 0 0 79 0 0 0 0 0 74 49 0 0 0 94 0 0 82 0 0 0 12 46 31 2 0 0 0 42 0 0 0 82 0 0 0 76 21 0 0 0 0 0 0 0 0 0 31 80 0 75 0 0 61 0 0 0 0 16 0 0 0 0 58 0
35 0 0 0 0 0 0 0 0 0 0 0 0 28 0 50 0 0 0 0 0 0 0 3 0 0 45 0 0 0 0 0 0 0 0 49 0 0 0 0 0 0 0 0 0 93 0 75 31 0 0 0 61 0 0 0 0 30 17 0 0 0 0 0 0 0 0 0 0 0 0 32 0 0 0 0 0 0 0 0 76 0 81 0 0 0 0 96 95 0 34 0 50 0 0 0 38 0 0 0
0 14 0 49 0 6 8 69 89 0 36 0 0 0 0 0 0 0 0 0 0 0 0 24 0 0 0 0 0 0 58 0 0 0 0 83 0 44 0 0 0 0 79 0 0 0 0 0 0 0 0 0 0 0 0 69 32 0 92 0 16 14 0 0 0 0 0 0 41 0 0 0 35 0 0 0 0 0 0 0 0 63 0 0 0 0 0 0 70 0 0 0 99 38 19 69 0 0 0 0
37 0 58 0 0 0 0 0 0 0 87 0 25 0 0 0 0 0 0 0 43 0 0 0 14 34 0 0 0 0 23 0 0 0 0 70 88 0 0 0 0 0 88 0 21 97 0 0 0 0 0 0 0 53 0 0 0 0 0 0 94 0 0 0 0 48 63 0 60 0 0 0 21 64 0 0 0 0 0 10 77 0 1 0 0 51 0 0 0 0 0 0 0 0 0 0 26 74 0 0
7 0 0 0 0 0 0 41 0 0 79 0 0 0 48 0 0 0 0 62 0 0 0 0 5 0 0 0 0 0 0 0 32 0 98 88 0 74 0 0 0 0 0 0 0 0 0 44 32 0 2 0 0 0 97 0 0 0 0 0 30 70 0 0 62 0 0 0 0 0 0 0 0 10 0 0 0 0 0 56 2 0 0 0 0 5 62 0 0 0 6 0 0 0 73 0 0 0 98 0
0 0 0 46 58 0 29 0 0 77 0 38 0 0 5 0 51 0 0 74 0 0 52 0 40 31 0 0 0 0 16 82 0 0 0 0 0 0 39 0 0 0 0 0 0 0 0 0 0 50 0 0 0 0 0 38 0 0 0 0 0 0 0 31 0 0 0 0 43 0 0 0 0 12 0 0 81 0 51 0 68 100 0 0 0 0 0 0 0 0 0 0 0 1 0 14 39 0 0 0
0 0 0 0 61 0 0 0 0 26 34 0 80 0 0 0 33 0 0 0 0 0 0 0 36 33 0 35 0 45 0 0 93 60 0 50 0 11 0 0 90 0 0 0 0 12 0 0 0 0 0 0 0 79 19 0 0 98 0 0 0 0 0 0 0 0 0 0 0 25 0 74 0 65 0 0 0 0 0 90 0 0 69 0 0 70 0 11 11 0 0 0 86 0 0 0 0 21 0 0
0 0 0 0 0 6 0 0 60 0 0 0 31 58 0 0 79 46 64 0 54 0 78 45 0 0 0 0 0 0 96 0 0 0 0 0 0 0 0 0 0 84 0 0 0 78 49 0 0 0 0 51 0 31 0 0 0 0 0 0 0 0 0 71 0 0 0 0 0 0 0 0 0 0 0 21 0 87 0 0 0 0 85 0 0 41 79 0 81 14 0 0 0 7 84 0 0 0 0 0
0 0 0 0 0 0 0 32 0 0 0 0 50 0 0 0 31 0 0 0 0 0 0 0 58 0 0 0 0 0 0 65 88 83 0 0 0 0 0 0 0 0 0 0 0 0 0 81 0 90 0 36 0 0 0 11 0 0 0 0 0 20 93 0 0 40 0 0 0 90 0 28 0 8 0 72 0 0 0 0 69 0 0 0 0 0 30 46 35 43 0 0 0 0 75 0 0 0 0 91
0 0 0 0 0 7 45 0 0 0 0 0 0 0 0 0 0 0 28 0 0 0 0 0 50 0 4 0 0 0 0 0 0 0 0 0 47 0 0 41 0 0 0 0 81 78 0 0 0 68 46 0 40 0 0 0 0 0 0 0 54 31 0 0 0 0 88 0 0 0 9 0 0 0 0 0 29 90 0 0 0 0 0 68 84 0 13 0 0 91 0 0 0 0 65 0 0 0 49 0
65 0 77 0 0 58 0 0 0 0 0 0 68 0 0 0 0 0 0 0 0 0 75 0 64 0 0 94 0 0 38 0 49 16 0 0 57 0 0 19 32 0 0 0 0 0 24 0 0 30 0 0 0 7 0 0 0 8 0 0 0 0 0 60 0 38 0 0 0 0 0 0 0 21 0 0 0 67 0 0 0 0 0 61 0 0 0 0 0 0 91 86 0 0 0 0 52 0 0 0
59 0 0 0 26 0 64 0 0 0 0 1 0 0 52 0 44 0 0 0 0 0 0 0 0 0 0 54 0 0 0 0 63 0 69 0 0 0 0 73 0 0 0 0 0 0 0 0 0 0 0 0 0 0 41 0 0 9 0 0 93 0 0 39 45 0 0 1 0 48 0 24 0 0 37 0 0 0 50 0 81 0 70 0 0 86 0 33 17 15 0 0 100 0 0 0 0 31 0 0
0 52 0 0 0 0 0 0 0 80 0 43 0 0 0 0 35 0 0 0 0 0 0 0 0 0 12 0 0 88 0 0 68 57 78 0 0 0 0 0 20 0 78 0 0 0 17 0 0 41 0 0 53 0 69 0 0 0 77 58 0 49 17 0 0 0 0 0 13 96 0 0 0 0 67 0 0 0 0 0 0 0 29 42 37 42 0 0 2 54 0 0 0 0 51 24 0 0 0 3
0 0 0 0 0 0 0 0 0 74 0 0 65 96 26 0 0 0 0 0 0 0 0 0 37 0 0 0 0 0 8 0 0 0 26 0 0 0 0 98 0 0 0 0 0 0 0 0 0 0 64 0 0 0 20 0 0 0 99 0 0 0 97 93 0 0 5 0 0 0 0 0 19 0 0 24 25 0 0 0 0 0 0 19 57 0 0 0 0 87 0 0 0 64 24 68 0 0 0 0
37 0 0 0 0 0 0 0 24 69 92 0 0 0 0 0 11 0 11 0 0 0 0 90 0 0 0 0 0 13 0 0 96 0 0 41 0 0 0 0 0 0 0 0 84 0 0 0 0 0 0 0 0 56 0 0 0 0 0 0 22 27 0 0 0 0 0 0 0 39 0 0 0 0 0 77 0 0 24 0 95 0 18 0 0 12 33 0 0 0 0 0 0 3 0 0 24 0 0 12
0 42 0 0 0 0 0 0 50 0 7 0 83 0 0 0 0 0 0 0 0 0 0 0 21 90 35 0 0 0 0 0 0 0 47 0 0 83 0 0 0 84 0 0 0 43 0 11 24 0 0 0 0 0 60 0 0 0 0 0 0 59 0 0 0 0 0 0 0 0 0 0 40 0 0 0 0 0 0 0 21 0 0 0 0 0 0 0 0 0 0 7 32 0 0 62 0 0 0 0
0 0 0 0 16 0 0 0 0 0 0 0 0 83 0 97 0 0 0 79 0 0 18 84 58 14 0 0 75 52 0 23 53 0 0 0 21 0 0 0 0 0 26 0 0 0 0 3 0 0 0 0 0 0 0 0 2 0 18 0 0 0 0 0 0 0 0 0 0 0 0 0 0 67 0 0 0 0 0 42 54 0 0 0 52 0 0 0 0 0 0 0 0 0 0 0 0 0 43 12
29 0 0 0 0 8 0 0 95 0 94 99 21 0 0 0 87 94 56 0 0 0 0 0 84 0 0 8 0 0 93 44 24 0 9 3 0 0 0 0 0 0 0 0 0 0 0 97 33 89 0 0 0 0 0 0 0 54 98 58 10 0 0 0 0 14 76 64 0 0 0 20 0 0 0 0 0 69 0 90 0 0 0 12 0 0 55 58 0 28 0 0 0 3 0 0 0 42 0 0
0 95 0 0 0 0 0 82 0 0 0 26 79 0 0 0 77 65 40 0 15 63 0 0 27 0 0 0 2 0 0 0 0 58 0 0 0 0 0 0 75 0 0 30 34 0 0 41 92 0 49 0 0 0 0 0 76 0 0 0 59 0 0 0 0 78 67 0 0 3 31 0 0 0 0 0 0 0 0 0 0 0 0 0 0 0 28 0 0 0 89 0 0 0 88 0 0 0 0 0
0 0 24 0 0 94 0 0 0 0 0 79 0 34 0 0 5 0 0 0 0 17 0 0 0 0 0 0 71 61 0 0 0 0 28 0 0 0 0 8 0 0 0 0 0 0 0 54 0 63 0 0 0 0 0 35 0 0 0 0 80 0 0 0 0 0 0 0 15 0 0 0 61 0 94 9 42 26 0 0 0 0 0 0 0 0 0 13 0 0 0 0 0 92 0 0 0 0 0 23
0 55 0 0 0 0 0 0 13 0 0 0 11 0 0 79 0 0 0 0 0 82 91 0 0 0 0 0 0 83 0 0 0 0 40 0 0 52 46 0 0 0 86 0 0 0 0 0 0 0 0 0 0 0 0 14 90 17 77 0 0 0 0 0 0 0 0 0 40 94 0 0 0 28 0 37 80 0 0 0 0 0 0 81 0 0 99 0 0 0 0 0 67 0 0 70 0 0 0 51
97 0 89 51 0 0 0 65 1 38 0 39 0 0 0 92 52 0 51 0 0 1 0 0 0 0 89 0 0 0 0 6 0 89 0 0 0 9 82 89 0 97 0 0 0 0 1 54 0 0 0 49 0 9 0 0 0 62 79 8 0 99 0 0 24 0 0 0 0 0 0 14 0 0 0 0 0 0 0 0 0 0 0 0 39 0 26 0 0 0 79 41 0 0 0 0 0 1 0 66
0 97 46 0 56 0 0 72 0 0 0 40 68 0 0 0 0 0 0 82 0 0 0 66 0 0 0 55 0 13 0 0 89 0 0 0 0 11 0 0 89 0 0 0 0 0 0 0 81 9 0 0 0 19 0 0 17 0 0 0 0 0 48 0 42 24 0 0 53 88 81 0 0 32 45 25 0 0 0 85 0 0 0 77 0 0 50 0 0 16 0 88 14 0 80 0 47 0 0 0
0 0 0 0 0 0 0 0 0 87 0 0 0 0 0 0 24 88 14 0 0 0 0 0 0 0 0 22 100 0 64 0 0 0 0 0 21 62 27 0 67 0 0 0 96 0 0 0 0 0 0 0 14 0 0 0 41 41 0 0 0 0 0 0 42 0 0 0 0 0 0 0 3 0 0 0 0 0 0 0 0 0 0 32 0 0 0 0 0 0 80 92 0 14 0 0 0 100 64 0
0 0 0 0 0 0 45 0 0 0 0 0 0 0 0 27 0 0 83 98 10 0 19 0 0 0 0 0 0 82 63 0 85 0 0 0 0 0 0 7 0 0 0 0 0 0 0 0 47 0 0 0 0 0 0 0 0 0 0 0 0 0 0 0 0 0 0 92 0 50 0 0 0 0 0 0 0 0 0 0 0 0 0 0 0 0 0 12 0 0 0 0 0 0 0 100 16 0 87 0
0 77 39 50 0 0 0 0 0 0 48 0 0 0 0 53 0 0 0 0 0 0 0 82 0 31 51 0 0 0 0 86 99 0 0 0 0 0 26 78 0 0 0 0 0 0 0 0 0 0 63 29 0 0 0 0 32 44 0 0 51 0 38 0 0 98 0 0 0 0 66 52 0 0 0 0 0 0 0 0 0 27 0 0 0 0 0 0 0 0 0 0 0 0 0 0 0 0 0 0
0 84 90 0 26 0 0 0 15 0 0 88 0 0 0 0 0 99 0 0 0 28 0 55 0 0 0 0 0 0 4 90 0 0 61 0 0 0 0 5 0 0 0 0 0 0 67 0 0 0 0 0 0 17 59 0 0 0 97 0 0 78 0 27 0 86 18 0 0 0 0 0 0 80 0 0 31 0 0 34 91 0 0 0 0 0 0 70 0 0 76 0 0 0 0 0 36 0 0 0
0 0 0 0 0 37 0 72 0 0 0 0 1 0 0 0 0 76 0 0 0 0 0 0 0 0 0 0 0 0 0 33 0 0 0 0 0 51 0 71 0 0 6 0 90 13 0 0 0 0 0 0 54 0 0 0 48 82 14 0 0 14 98 98 0 0 0 0 0 14 0 0 0 0 0 0 0 0 0 0 0 0 0 0 0 0 0 0 0 0 0 0 0 0 0 0 4 100 85 0
0 88 0 0 0 0 0 0 13 0 0 0 0 0 66 18 13 0 0 0 95 0 0 0 0 0 0 0 25 0 0 34 0 50 28 0 48 0 0 27 74 0 0 0 0 21 78 0 0 0 53 0 93 0 0 0 0 0 0 0 0 0 0 0 14 44 0 68 34 0 0 0 0 89 0 0 0 84 0 0 0 0 70 7 0 0 0 96 0 99 0 0 0 0 7 0 0 0 20 52
0 93 0 0 0 0 0 0 0 0 0 0 0 0 0 0 0 0 0 0 0 0 92 0 98 0 0 0 35 11 0 0 0 0 99 17 0 0 0 0 0 69 0 0 0 0 24 0 67 0 0 68 0 5 19 0 0 0 88 0 0 75 0 0 0 0 29 0 0 0 0 0 0 0 53 0 0 67 23 0 76 86 0 0 56 0 52 31 0 0 0 0 0 0 0 0 0 0 0 63
0 0 0 0 0 0 11 0 0 9 0 25 0 14 0 0 0 98 0 0 0 0 0 0 0 25 97 64 39 0 0 42 0 0 52 0 3 0 0 0 0 0 0 9 0 71 0 0 36 0 0 0 0 0 0 0 8 0 0 42 0 0 0 0 0 0 0 0 0 0 33 0 0 0 49 0 0 0 45 0 16 0 0 0 0 71 0 30 0 4 0 95 73 3 0 41 0 0 0 0
4 0 0 0 0 0 0 0 0 0 0 0 0 0 87 0 0 100 0 0 0 0 25 29 58 0 46 28 0 0 0 0 85 0 0 0 14 0 0 0 0 0 41 92 0 0 35 0 7 57 0 0 0 0 23 0 0 0 0 35 0 67 0 0 0 0 24 0 0 0 0 0 0 46 0 0 0 0 0 0 0 0 0 85 73 0 0 0 0 48 0 0 0 0 67 0 0 47 0 0
0 62 0 55 0 0 0 58 0 0 0 8 0 85 100 94 0 0 0 0 0 94 0 0 0 0 0 0 0 0 0 5 0 0 0 17 0 0 37 0 0 13 0 0 0 0 0 0 0 0 0 0 0 24 30 0 0 13 0 0 0 0 78 0 1 0 5 0 0 0 0 61 0 0 0 27 0 0 0 0 0 0 0 0 0 14 0 0 0 0 79 0 0 0 0 0 0 29 0 0
5 0 0 93 0 0 0 0 0 54 0 42 0 19 0 0 35 0 0 0 4 0 0 0 0 0 0 0 43 0 0 0 0 0 0 83 0 0 0 0 0 0 100 28 0 0 2 88 0 15 6 93 0 0 0 0 69 50 18 0 0 90 0 73 0 0 0 0 0 0 0 69 0 0 50 74 0 0 35 0 84 0 0 0 0 0 0 49 0 0 0 0 0 0 0 0 0 0 0 82
0 0 82 0 0 0 0 0 98 0 0 0 0 0 0 0 53 0 0 0 0 0 2 32 10 0 0 0 72 54 0 0 63 0 22 0 0 0 0 80 36 0 0 66 94 0 49 0 0 0 0 0 0 0 66 0 0 0 0 0 0 0 0 0 25 26 0 24 0 0 0 0 0 0 0 0 0 0 0 0 0 0 0 0 0 27 0 0 0 14 0 35 0 0 0 0 0 0 0 0
6 0 0 0 0 0 6 0 0 0 0 73 0 0 0 0 0 0 0 0 0 0 0 0 0 0 55 44 0 0 0 54 17 59 0 0 12 0 66 0 0 0 71 0 27 0 16 0 18 92 0 0 97 0 78 0 0 53 0 0 0 0 0 0 0 0 0 0 0 74 0 30 0 0 0 91 0 0 0 0 0 0 0 0 0 0 0 0 0 0 4 0 0 0 0 3 0 0 77 0
0 0 0 0 0 54 0 0 36 0 0 22 0 0 0 0 46 0 0 8 0 0 93 0 25 0 0 0 0 0 0 40 0 0 0 0 0 0 0 0 0 0 17 0 0 0 0 0 17 0 0 0 0 0 0 0 0 0 0 64 0 0 0 0 0 23 0 46 0 0 0 21 36 6 0 0 0 49 0 0 0 0 0 0 0 0 0 0 0 0 0 31 0 0 0 0 0 0 0 73
0 0 0 0 0 0 0 34 0 0 89 0 0 0 0 0 0 0 30 0 0 0 5 74 0 0 0 45 73 0 0 0 0 0 0 0 28 0 0 0 0 0 0 0 41 0 21 0 0 0 0 0 1 0 0 0 0 0 0 51 0 0 0 56 0 0 0 7 0 0 0 0 0 0 0 0 0 0 0 0 0 0 0 0 0 74 0 0 87 0 0 96 0 0 0 0 0 0 36 0
0 24 0 0 0 31 0 0 0 0 33 0 0 16 0 96 0 100 0 0 0 0 0 0 0 3 0 0 56 0 0 35 40 41 0 0 21 0 0 0 0 0 0 0 83 0 0 0 0 0 97 0 86 55 92 77 23 0 0 91 0 0 0 0 0 19 0 0 0 98 0 0 44 0 99 0 0 0 0 97 0 0 29 0 59 0 0 0 0 0 0 92 0 21 0 0 0 0 0 0
0 0 0 65 0 0 0 0 0 0 0 0 0 0 84 0 16 0 0 0 0 99 89 0 0 0 62 0 0 0 0 0 99 0 0 0 0 0 92 0 0 0 99 0 0 0 0 0 0 0 0 0 0 19 0 1 83 0 0 0 0 0 0 0 0 0 0 0 0 0 0 40 0 0 0 0 0 0 0 0 89 0 0 67 0 0 0 0 0 0 0 0 0 68 0 0 49 0 0 0
0 0 60 0 0 0 63 69 0 0 0 0 0 0 59 0 0 0 0 0 41 0 12 59 0 0 0 0 31 83 0 86 0 5 0 0 26 0 0 0 0 66 0 0 32 0 0 0 0 0 0 0 32 19 5 58 0 0 99 0 0 0 0 53 0 0 42 0 0 0 0 3 0 75 0 53 0 22 0 0 0 0 46 0 0 0 0 0 59 0 0 47 0 0 0 0 0 0 0 0
0 0 0 0 0 11 81 0 0 0 0 0 0 0 0 0 47 21 0 0 0 0 17 0 15 0 0 0 15 33 0 0 0 94 0 11 0 0 0 0 0 0 67 0 0 0 0 0 0 27 0 0 85 0 7 0 32 0 0 0 0 0 0 0 66 0 22 0 0 67 0 81 0 0 0 0 0 73 0 46 0 37 16 0 8 41 0 0 0 0 0 0 0 52 4 0 0 0 0 0
0 96 0 0 87 0 0 83 0 0 0 0 3 0 0 0 0 0 0 0 11 85 0 0 0 0 0 0 0 0 90 27 9 0 0 0 0 95 0 0 0 0 0 49 0 0 0 0 8 0 74 45 0 0 0 0 0 0 0 5 0 0 0 0 0 20 0 0 0 0 0 0 0 0 0 18 0 0 0 0 0 0 0 0 0 0 12 0 0 0 0 0 54 0 45 0 0 0 0 54
0 94 12 0 0 0 89 0 92 19 0 34 90 0 0 0 0 60 0 0 0 87 0 0 0 0 0 0 0 0 0 0 0 0 0 82 0 0 0 54 0 0 0 0 0 56 0 24 8 0 0 0 0 17 0 0 0 0 0 0 0 0 26 46 99 0 0 0 0 0 0 0 27 26 0 0 0 0 57 0 0 0 0 0 0 0 30 0 0 0 0 0 45 42 0 0 0 0 0 0
0 0 0 25 92 1 0 0 0 0 19 24 95 0 0 0 0 0 97 54 0 0 0 0 68 0 0 0 0 45 0 0 0 0 0 0 0 0 0 0 0 0 0 0 0 0 0 95 0 0 100 0 19 0 49 0 52 54 0 0 0 0 77 86 0 0 0 36 0 0 83 0 0 0 0 0 0 0 0 0 32 0 13 0 0 23 0 0 0 69 13 66 0 0 91 0 0 0 44 0
23 0 0 0 0 0 0 0 0 0 0 0 0 0 0 63 0 21 20 0 0 0 0 0 0 0 0 0 0 0 81 0 1 51 0 30 0 0 0 0 7 82 0 30 0 0 0 0 77 0 0 0 0 0 0 0 0 0 0 0 95 0 0 0 0 0 0 98 0 0 0 0 0 13 0 85 0 100 0 0 27 0 0 0 58 0 64 0 0 93 99 0 0 0 0 0 62 22 23 0
0 34 0 0 0 0 0 0 0 62 0 0 0 0 0 0 0 0 0 97 0 93 0 53 0 0 0 84 0 65 0 0 0 0 0 0 0 0 0 0 0 34 0 0 7 29 0 0 78 0 21 87 0 0 0 20 0 0 0 0 0 0 0 0 0 0 19 0 15 0 0 0 0 0 97 23 0 0 83 0 0 0 0 0 0 0 3 0 0 0 0 0 0 0 0 0 69 0 0 0
0 0 39 0 0 0 0 0 0 0 0 0 92 0 0 0 46 0 0 0 39 0 0 0 0 0 0 0 0 0 0 0 0 32 0 97 75 3 0 0 0 0 26 0 95 0 0 0 0 0 0 33 0 0 55 0 76 0 0 0 0 75 0 81 3 0 69 0 0 0 0 0 0 0 0 0 0 0 0 87 0 20 0 0 0 0 0 0 89 0 46 89 0 0 0 98 0 0 0 0
0 0 69 0 2 0 0 26 0 0 0 0 0 77 78 0 89 0 0 0 14 57 0 0 0 89 0 7 0 0 0 0 0 0 0 0 72 48 0 0 0 0 49 0 90 94 16 0 0 0 0 0 0 29 0 0 8 0 0 0 0 0 6 0 0 79 0 0 0 0 0 35 0 24 17 0 0 61 0 0 0 0 0 0 0 0 9 22 0 0 43 0 41 0 0 0 0 0 0 0
0 0 0 0 0 0 0 0 0 0 0 0 0 12 0 0 0 86 24 0 0 0 0 0 0 0 0 0 0 0 0 0 0 0 0 50 0 49 0 0 0 0 0 0 0 96 0 0 0 0 26 14 17 0 0 0 0 8 0 0 0 0 0 0 65 82 0 0 0 0 64 0 40 0 0 52 54 0 0 57 0 0 91 58 0 0 0 0 0 0 0 0 0 0 0 0 97 64 61 0
0 0 0 82 0 0 0 0 0 0 0 16 0 0 0 89 93 53 0 70 70 75 0 0 0 0 0 0 59 0 73 0 0 0 0 0 0 0 0 69 64 0 0 0 0 98 23 0 0 77 50 0 0 0 0 99 0 96 0 0 80 0 0 0 0 0 59 0 0 0 0 0 0 0 0 79 0 0 43 0 29 0 0 0 0 0 0 44 0 0 0 0 0 0 0 59 37 0 0 21
0 95 0 0 0 0 71 0 0 0 0 0 0 0 0 0 35 0 59 0 0 54 0 12 0 0 0 3 57 86 0 0 0 45 0 0 36 0 89 81 0 39 0 0 54 0 98 0 0 0 14 0 0 0 0 0 0 32 0 0 0 0 0 0 0 0 48 0 0 0 0 0 100 0 0 0 0 0 0 0 0 0 0 0 0 0 0 95 65 98 0 79 100 97 11 63 0 0 0 11
0 0 0 34 0 43 0 0 0 28 57 0 75 0 0 0 0 0 0 0 0 32 0 6 0 0 0 0 0 0 0 0 0 0 0 0 0 72 7 0 13 0 0 0 0 92 0 0 28 0 0 0 0 68 0 0 0 0 0 0 54 0 55 0 0 0 0 89 0 0 0 88 4 0 11 0 0 0 0 0 0 0 0 0 0 0 0 0 0 0 0 0 0 0 0 0 47 0 0 0
0 0 0 0 45 0 0 40 0 0 0 0 0 0 0 0 0 0 0 0 0 0 4 0 48 0 0 12 0 2 0 0 0 0 79 0 17 0 0 0 0 0 0 0 0 0 91 0 0 0 97 0 0 0 0 0 0 0 94 0 54 70 0 52 0 0 0 0 0 5 21 0 0 0 0 0 76 84 0 0 0 0 18 0 0 0 0 0 0 0 41 35 39 0 81 0 0 0 65 0
7 0 0 0 0 0 0 0 0 0 0 0 0 0 0 0 0 0 57 47 0 0 0 82 0 0 0 0 0 28 0 0 99 0 0 65 0 0 0 0 0 0 0 0 0 0 0 0 0 0 99 84 0 0 0 0 0 0 0 87 32 0 0 0 0 53 0 0 0 73 0 0 0 28 0 48 0 0 0 0 0 0 0 0 0 0 50 0 0 35 0 0 0 0 0 0 0 0 31 0
0 35 51 0 0 0 90 0 0 0 0 0 0 32 0 42 0 0 0 96 64 0 0 0 0 0 0 18 0 0 0 14 0 0 0 0 48 0 0 0 0 0 0 18 0 0 0 0 0 0 0 0 0 0 0 46 0 0 0 0 85 0 0 0 0 0 0 0 0 0 0 46 0 0 0 0 0 8 0 38 79 49 17 0 0 8 0 84 0 22 67 0 0 0 10 38 0 15 0 59
46 0 0 0 93 0 0 0 0 0 0 0 0 1 0 57 0 0 0 0 0 0 0 0 0 0 0 89 44 0 25 21 0 0 25 0 0 0 0 0 0 6 0 72 0 0 0 6 0 0 0 0 0 28 0 0 35 0 0 0 0 61 0 0 0 28 0 0 25 22 0 0 0 0 0 0 0 0 0 98 0 78 0 0 0 0 0 52 0 0 0 0 0 0 48 0 60 69 0 99
0 33 0 49 0 0 0 0 0 80 0 0 89 0 45 0 0 34 0 0 0 0 0 0 0 37 0 0 46 0 0 0 0 0 16 0 0 0 0 0 0 0 0 2 58 0 70 0 0 0 0 0 84 0 0 86 0 0 0 0 0 0 0 91 0 89 0 0 0 99 58 0 41 0 0 60 0 0 0 92 0 0 0 0 0 0 0 0 0 0 1 0 0 0 24 0 0 0 53 0
24 0 93 49 0 40 0 0 0 0 0 51 47 0 0 0 0 0 0 0 0 0 0 0 0 0 14 11 0 0 0 0 0 0 79 0 0 0 0 0 33 0 0 27 0 0 0 0 0 0 24 48 0 56 55 0 0 0 88 0 0 0 0 0 0 94 0 0 0 0 0 0 0 0 0 76 93 0 0 0 0 0 0 1 43 42 12 0 0 0 0 0 0 10 0 0 90 67 68 79
6 0 0 0 0 77 0 0 99 0 0 17 0 0 74 0 0 0 0 0 0 0 0 0 0 0 0 0 0 0 0 42 21 0 6 0 0 0 82 0 87 0 0 0 0 0 46 0 0 0 0 0 0 0 37 0 0 86 0 0 3 0 0 0 0 72 0 0 0 0 0 0 0 0 0 0 0 0 66 0 0 0 0 0 0 0 17 0 0 98 0 0 0 67 0 0 0 0 0 0
0 68 0 0 0 55 0 0 0 0 2 0 0 0 0 0 0 0 0 0 73 0 0 0 0 0 0 0 3 0 65 0 0 53 0 0 0 32 0 82 0 0 0 0 0 80 0 0 20 0 6 0 45 35 0 0 0 0 0 13 0 85 0 33 0 21 0 0 0 0 0 0 88 0 0 0 0 6 0 0 0 0 0 0 0 0 0 0 0 0 0 18 0 9 0 0 0 80 54 0
0 53 0 0 0 0 18 0 0 0 0 63 0 0 0 0 0 84 0 70 0 19 0 0 0 0 0 0 0 19 0 0 79 0 0 0 63 74 0 0 85 2 28 0 71 0 79 0 79 0 7 0 0 0 0 0 0 46 0 0 0 0 51 0 0 0 0 0 0 0 0 0 0 0 0 81 0 91 13 0 0 0 0 0 0 0 0 0 52 0 0 0 0 0 60 0 0 0 0 49
0 0 0 0 0 0 44 0 0 0 0 0 38 0 0 0 0 0 0 0 0 0 0 0 96 0 0 0 0 0 66 94 0 3 79 0 29 0 0 0 0 0 0 0 75 0 0 0 37 0 0 0 0 0 0 0 90 0 0 0 0 0 0 0 0 0 0 0 13 0 0 0 0 0 0 0 0 59 0 0 42 0 66 0 0 0 0 0 0 0 53 0 0 0 0 0 0 0 0 0
0 0 0 18 0 0 0 14 0 0 0 0 0 0 0 27 0 0 0 0 0 4 0 0 0 0 0 0 3 0 0 0 0 0 0 32 0 0 1 0 0 0 0 0 0 0 0 0 0 0 0 0 0 0 0 0 0 0 63 0 0 0 0 0 0 0 0 0 0 0 0 0 25 99 0 0 70 100 0 61 0 31 0 78 0 0 39 20 0 0 0 0 83 0 0 0 66 58 0 66
0 0 24 0 4 0 0 0 0 80 0 0 0 64 0 100 74 0 68 88 0 0 0 0 0 0 13 0 94 0 0 0 0 48 4 0 0 46 0 0 0 10 14 0 0 0 0 60 0 96 0 0 0 0 0 0 0 0 24 0 58 0 0 43 0 0 0 0 0 0 0 0 0 0 0 47 0 44 0 0 0 0 0 47 65 100 0 0 0 0 0 0 0 0 0 0 75 0 0 69
0 0 0 0 22 0 0 0 0 0 0 0 74 0 0 0 0 17 0 0 66 76 88 0 0 0 0 81 0 50 32 0 0 0 0 0 0 0 29 0 0 0 0 97 0 0 55 0 0 0 0 0 0 0 0 0 0 0 0 0 0 0 90 0 0 0 0 0 49 76 0 0 0 0 0 0 0 0 71 0 2 0 80 0 0 0 43 0 0 0 79 0 0 0 0 55 0 18 73 0
0 0 0 12 0 0 31 0 64 0 0 0 0 0 0 0 0 0 0 0 0 67 61 0 0 50 0 0 49 16 0 0 0 0 0 0 0 0 0 73 0 61 0 0 0 0 5 0 0 0 0 54 0 0 0 0 0 8 0 0 0 0 1 8 0 0 0 0 0 0 90 0 0 0 0 38 0 66 0 0 34 0 74 70 0 6 0 0 0 0 0 0 0 0 0 0 72 61 82 0
0 0 0 0 0 0 0 0 0 0 53 0 19 70 0 47 0 11 0 0 0 40 0 4 0 0 0 0 0 0 0 0 0 0 0 0 0 0 0 13 0 0 0 32 0 61 0 0 0 0 0 0 0 0 8 32 0 0 0 0 0 0 0 0 0 71 16 72 94 0 0 0 0 0 56 0 0 50 0 0 0 0 67 35 0 0 0 0 0 0 0 0 0 0 0 0 0 4 0 0
0 0 0 0 0 0 0 0 0 0 0 73 13 0 0 0 25 0 0 0 18 0 0 0 0 0 0 0 0 0 34 0 19 93 11 0 0 0 0 0 0 0 41 0 73 0 0 47 0 0 0 0 0 0 0 0 19 0 0 28 25 0 0 72 0 0 0 0 0 0 0 0 85 5 0 0 0 0 0 32 0 0 14 0 0 0 49 6 0 80 0 0 0 0 0 17 0 0 0 0
0 0 0 0 47 0 58 0 0 23 0 0 0 0 0 81 0 53 71 65 65 35 61 98 4 0 0 0 0 0 0 0 0 0 60 0 0 36 83 0 57 0 17 20 0 0 0 0 0 21 69 0 82 0 0 0 0 0 0 0 0 0 0 0 81 0 0 0 0 0 80 0 0 80 35 0 36 0 0 0 0 0 0 0 11 70 17 0 0 0 34 0 37 35 36 0 0 0 0 0
0 0 0 86 0 92 48 0 34 0 0 57 0 0 0 97 0 36 0 0 0 0 59 0 60 0 81 0 0 0 0 0 0 0 0 0 93 0 0 0 81 0 0 0 0 0 0 31 33 0 0 0 0 0 0 0 0 0 0 0 0 0 0 0 0 0 100 0 31 0 74 0 0 0 95 64 0 0 0 72 0 0 15 0 0 78 94 0 0 40 0 0 0 0 98 51 0 0 0 83
0 0 0 0 0 0 0 0 0 0 0 0 0 61 0 0 29 9 0 0 0 0 0 0 0 0 0 0 24 0 10 0 0 0 0 0 0 0 0 0 33 0 0 18 0 71 0 0 0 0 0 4 0 0 13 0 57 0 0 27 0 0 0 0 0 0 45 0 2 0 0 97 61 0 18 0 0 47 65 0 10 0 0 0 0 0 0 0 0 0 38 39 0 82 58 0 0 0 0 43
0 0 37 0 0 0 0 0 0 0 0 26 0 0 56 0 0 1 17 59 0 40 0 0 0 0 0 0 62 0 0 0 0 90 0 0 0 0 33 0 21 0 0 0 0 0 0 0 0 0 0 0 0 0 0 0 0 64 0 97 0 0 0 18 0 0 33 0 0 24 0 0 0 49 0 0 0 0 23 37 0 0 0 0 0 0 0 0 0 0 0 0 0 0 0 37 0 0 0 19
0 3 0 13 0 22 0 0 0 92 0 87 0 34 0 0 0 0 0 0 0 0 0 0 0 66 0 0 45 0 0 0 0 0 72 0 0 0 0 49 0 0 49 34 0 80 0 0 23 0 0 2 0 0 0 0 0 0 31 0 0 56 0 0 24 0 0 44 98 0 0 0 0 0 9 24 0 0 0 0 97 31 0 0 0 0 0 0 56 0 96 0 0 0 71 0 6 0 0 30
0 91 0 0 50 94 0 12 95 0 58 0 0 21 85 0 0 0 0 0 0 0 0 0 0 0 0 0 0 0 0 0 0 0 0 0 0 0 95 0 0 0 48 72 0 87 0 0 66 0 0 0 0 0 35 0 0 0 0 0 0 0 0 52 0 0 0 68 0 14 0 0 8 0 11 0 54 0 0 67 66 0 53 0 0 0 0 0 46 0 0 0 0 0 0 0 0 0 0 0
0 0 0 71 0 0 72 0 0 61 98 0 0 0 0 0 0 65 12 0 0 0 0 0 0 0 38 0 0 29 0 80 0 7 0 0 0 0 0 0 0 0 17 0 0 79 63 0 0 18 44 0 0 47 0 89 88 83 0 0 0 19 26 43 29 28 0 71 0 45 0 0 0 0 0 0 62 0 0 0 0 0 0 0 0 0 63 0 68 26 0 41 0 0 92 0 0 0 0 61
0 0 35 0 0 40 0 0 67 0 0 88 0 0 0 0 74 0 0 91 0 61 0 0 96 0 0 0 0 0 0 0 0 0 7 0 0 93 0 0 0 11 32 0 0 0 51 0 0 0 0 0 0 0 42 0 0 61 37 0 0 56 0 0 0 0 0 0 0 0 59 0 0 0 0 0 0 0 0 0 0 0 0 0 94 0 0 39 0 0 0 0 0 0 94 0 0 0 0 0
0 0 0 0 0 0 0 0 49 0 0 83 0 0 0 0 0 0 0 13 0 16 0 0 23 33 73 0 0 0 0 0 0 0 0 0 0 0 95 0 0 0 72 0 86 0 0 0 0 0 0 0 0 0 0 0 0 20 13 0 41 0 0 60 0 83 0 0 0 0 0 0 0 0 80 0 0 0 0 0 0 85 98 0 0 0 0 0 0 0 0 49 0 0 0 0 73 0 0 61
0 54 0 0 0 0 0 0 85 0 0 0 0 0 0 0 23 0 67 0 0 0 0 0 86 71 35 0 0 0 0 0 0 0 36 0 0 0 0 0 0 0 63 0 0 0 0 0 0 0 0 0 0 74 0 0 0 0 0 0 0 54 0 85 0 0 0 0 0 58 0 0 0 0 21 0 0 0 0 0 0 0 0 0 32 68 19 0 0 0 0 0 35 0 0 0 0 0 0 0
0 0 87 0 19 0 0 0 0 0 0 0 0 59 0 29 59 0 0 0 0 0 0 56 0 50 52 0 77 59 91 0 0 0 28 0 0 0 58 0 86 0 0 63 0 0 0 0 0 0 0 11 0 0 54 0 0 0 0 0 52 11 0 0 0 0 0 0 0 0 24 0 0 0 0 0 0 0 23 0 0 0 0 0 0 0 34 0 0 0 32 0 0 0 99 0 0 17 0 77
0 36 0 3 0 0 0 0 0 0 0 86 0 0 0 26 0 100 0 0 47 0 0 0 0 78 70 70 0 59 0 0 0 0 43 0 0 8 0 0 0 44 0 88 0 0 0 0 0 0 96 0 43 0 0 0 0 0 0 47 0 0 0 0 0 0 0 0 0 0 0 0 0 87 0 0 0 0 0 0 0 0 0 0 0 15 0 10 0 0 0 0 0 0 0 0 0 0 0 0
0 63 0 0 32 0 0 0 0 0 0 0 0 0 0 52 58 0 0 0 76 0 0 0 0 0 37 3 0 0 0 0 0 0 0 57 0 0 84 0 0 0 0 0 0 0 74 0 82 60 0 0 0 0 10 0 0 0 0 0 0 0 0 0 0 0 0 0 0 0 0 0 0 0 0 0 0 0 0 0 44 18 0 3 56 0 0 90 0 0 52 37 96 14 44 18 0 0 0 0
0 0 0 0 84 0 0 0 0 0 3 0 0 0 0 0 0 0 0 0 0 78 0 0 66 0 0 0 0 33 0 0 0 0 0 0 0 0 0 0 0 0 69 0 0 33 9 0 95 0 0 99 63 0 0 0 0 0 0 0 0 36 0 0 0 0 0 0 0 31 5 0 89 0 64 72 16 0 0 0 0 1 0 32 0 0 7 0 0 0 76 68 0 0 0 0 0 0 0 0
0 0 0 0 0 0 0 0 0 0 0 0 0 52 0 0 0 96 0 89 0 10 19 0 0 0 51 78 0 98 0 0 0 0 0 0 5 91 95 0 0 0 0 0 0 0 0 0 0 0 0 0 0 0 0 0 0 15 0 19 0 0 72 5 0 0 0 0 0 0 0 0 0 36 0 67 0 0 0 94 42 39 0 11 84 0 0 12 0 15 0 6 31 0 8 0 0 0 0 0
0 0 0 4 0 9 0 0 0 30 0 0 0 0 0 24 0 0 0 0 0 0 0 96 0 0 0 39 0 0 0 0 0 0 0 0 0 11 0 0 12 0 0 11 0 0 0 0 0 0 0 0 0 0 0 40 0 0 0 0 0 0 89 0 49 0 8 0 0 0 44 0 37 0 0 43 0 0 0 84 0 79 0 0 0 0 70 0 0 42 0 0 0 0 0 0 35 0 0 0
0 0 0 0 61 0 0 0 0 0 0 50 100 77 0 0 0 0 0 0 75 0 35 58 0 0 0 77 0 0 0 0 0 0 0 19 5 77 0 8 0 0 0 3 65 9 76 0 0 79 0 10 0 0 53 0 0 0 0 0 0 0 0 0 0 0 0 9 0 0 0 0 0 0 11 0 0 0 0 68 23 0 0 82 0 97 0 0 0 0 0 0 0 77 0 0 0 0 29 0
0 0 0 0 0 65 0 0 0 44 0 0 0 0 0 0 0 0 0 0 48 0 0 0 0 0 71 0 0 0 0 0 0 39 27 93 0 4 0 39 0 88 0 0 0 49 0 0 20 0 0 0 39 0 0 85 0 0 52 0 0 0 0 0 0 0 0 0 0 0 0 0 0 0 77 24 0 0 0 0 0 0 0 0 0 42 0 0 0 0 0 0 0 0 0 19 0 13 38 0
76 0 0 0 0 44 0 0 0 40 57 0 0 28 0 22 11 0 0 0 0 0 0 0 86 0 0 0 0 0 0 0 0 59 0 0 0 0 71 0 0 26 0 0 0 0 27 16 33 0 0 0 54 0 0 0 0 0 0 0 41 0 0 0 0 0 0 0 0 94 0 0 0 75 0 0 0 0 50 0 0 0 0 0 52 0 39 10 1 0 0 0 33 60 0 0 0 0 0 0
3 68 0 0 0 25 0 59 0 0 0 0 86 14 0 0 0 48 55 98 0 0 0 0 0 0 0 96 0 0 0 0 0 0 0 0 0 0 0 0 0 0 0 0 0 0 70 0 0 0 0 0 78 60 22 0 0 0 0 0 24 0 54 0 0 0 0 0 0 0 74 0 0 0 0 0 0 71 0 0 0 0 0 0 39 0 0 0 0 49 37 52 30 0 0 61 0 0 49 84
54 76 0 0 0 0 0 0 0 72 0 0 0 91 0 0 0 19 7 0 0 0 0 0 0 8 78 0 0 0 0 68 0 0 0 64 59 0 0 0 0 0 0 0 35 45 0 77 0 0 0 0 0 20 84 59 0 90 0 0 0 61 0 57 0 85 0 53 0 72 0 0 0 0 0 0 83 0 58 61 0 0 0 40 0 0 38 0 0 93 0 0 0 0 90 0 0 0 64 0
11 0 91 0 27 9 0 0 0 54 0 32 0 40 0 0 0 0 0 0 18 0 0 0 0 0 0 0 0 0 0 0 0 0 0 0 0 91 0 0 32 0 0 0 0 1 0 65 0 0 0 0 64 0 56 0 0 52 0 0 0 0 0 0 0 0 27 0 71 0 0 0 0 0 0 32 0 49 0 0 0 0 0 0 0 0 30 0 30 0 18 45 0 0 77 0 9 0 0 0
0 0 0 0 0 0 0 0 0 0 0 0 0 0 0 0 0 0 0 0 0 0 55 0 0 0 0 0 32 0 0 0 0 0 0 0 0 0 0 0 0 0 0 31 0 0 64 11 0 69 0 0 0 0 51 43 0 0 21 0 0 11 0 0 0 0 82 0 0 0 26 0 0 0 0 0 0 0 0 0 0 0 0 0 0 0 65 6 0 0 81 0 0 0 0 0 66 0 0 29
0 0 0 0 30 61 0 0 0 0 0 0 0 0 0 0 35 0 0 0 0 0 0 61 0 0 0 0 0 0 59 76 0 0 0 91 0 85 0 0 41 0 31 0 0 0 46 0 0 0 0 0 0 0 0 0 0 65 98 0 0 75 0 0 70 0 0 61 0 71 0 0 20 0 0 0 0 0 0 90 0 86 0 0 96 53 0 48 0 0 0 0 0 90 0 68 0 0 0 0
0 0 0 0 73 0 0 0 0 0 0 0 0 0 0 0 0 0 0 0 0 16 0 0 0 0 0 0 0 0 51 0 0 0 0 0 41 73 0 32 32 0 0 0 0 0 0 0 0 0 0 3 0 36 0 0 66 22 50 0 42 0 0 28 0 0 0 0 0 0 0 0 0 0 0 0 0 0 0 63 0 0 0 28 0 0 0 0 0 0 0 0 0 0 0 0 0 0 0 0
69 0 0 29 0 0 0 0 0 0 0 0 0 30 0 67 0 0 70 66 0 0 98 0 96 0 0 0 54 66 0 0 0 0 0 0 0 0 0 0 0 0 0 0 0 0 85 97 0 0 0 87 0 0 0 0 0 0 8 0 0 98 0 0 0 15 0 0 0 0 0 0 0 0 0 0 36 45 0 98 0 87 0 37 0 0 67 0 0 0 0 10 0 0 39 0 0 0 0 22
0 0 0 62 2 0 0 91 20 99 0 0 0 0 0 0 27 33 0 85 0 3 0 0 0 0 34 0 0 29 23 0 33 84 0 82 0 0 0 0 68 0 45 0 0 0 0 0 0 0 0 55 0 92 74 0 29 0 0 0 0 0 0 0 0 92 0 78 0 86 0 0 0 0 0 0 82 0 0 0 0 0 89 0 0 0 86 0 0 0 0 0 84 0 0 56 0 17 0 36
47 0 0 22 25 0 0 0 0 0 0 0 0 0 0 0 0 0 0 66 0 12 41 0 0 0 0 0 0 0 0 0 0 61 3 0 47 0 0 0 60 0 0 0 0 0 0 71 0 0 75 0 25 57 0 0 0 0 0 0 88 0 0 0 92 0 36 84 0 0 100 55 0 0 0 0 0 0 59 0 0 47 48 88 0 0 0 3 0 0 0 0 0 0 0 0 44 30 0 6
0 0 0 0 0 0 0 0 42 0 0 0 0 89 0 44 0 0 0 0 0 0 39 0 42 12 0 0 0 0 0 92 0 0 69 0 0 0 64 70 34 0 75 0 0 99 0 16 0 11 13 18 0 61 77 0 81 0 57 49 0 0 0 73 0 12 58 72 0 88 0 0 0 0 16 0 0 0 0 74 5 0 0 0 0 0 0 47 45 35 0 0 0 0 34 0 0 17 83 0
0 0 0 90 0 53 0 0 0 0 0 0 0 0 65 0 0 0 0 0 7 22 45 0 58 0 0 0 0 0 0 0 0 0 0 0 0 0 50 65 0 0 68 0 0 27 0 0 0 86 0 0 0 75 0 0 0 31 48 0 0 51 0 0 0 56 0 74 80 15 22 0 0 0 8 52 0 10 0 65 0 0 0 0 0 0 0 0 0 10 0 0 0 0 0 0 0 0 0 0
45 0 0 73 0 0 0 0 0 0 65 78 0 0 0 0 0 0 0 0 19 0 0 0 0 0 0 52 0 0 0 16 0 0 0 30 0 66 0 0 0 0 0 0 0 58 72 0 0 70 0 0 0 0 50 29 0 0 31 0 0 0 0 0 0 23 0 88 0 0 0 32 0 27 0 16 0 0 0 0 0 0 0 0 99 0 0 12 0 56 23 0 0 35 0 62 0 0 0 0
0 0 84 0 0 0 0 0 0 0 88 0 0 88 22 0 80 0 0 0 17 0 19 0 0 0 0 0 85 84 0 0 16 0 0 0 0 0 62 0 0 0 0 0 94 69 0 0 0 73 0 0 70 0 0 0 59 12 18 23 0 0 0 47 0 0 0 43 0 0 0 55 65 0 0 0 0 0 0 0 0 0 85 6 0 31 0 0 40 0 0 0 0 33 0 0 0 0 84 0
74 0 0 0 0 0 0 0 0 0 0 0 0 4 0 89 0 0 0 0 0 0 0 59 0 0 80 0 0 0 0 0 0 0 0 24 0 0 0 0 0 0 0 0 0 66 0 58 96 0 0 0 89 0 0 0 0 48 28 0 0 0 0 0 0 0 0 0 0 0 0 89 0 0 0 0 0 0 0 0 49 0 75 0 0 0 0 34 14 0 19 0 16 0 0 0 87 0 0 0
0 10 0 39 0 6 19 22 54 0 44 0 0 0 0 0 0 0 0 0 0 0 0 57 0 0 0 0 0 0 38 0 0 0 0 80 0 19 0 0 0 0 92 0 0 0 0 0 0 0 0 0 0 0 0 62 6 0 41 0 15 38 0 0 0 0 0 0 8 0 0 0 86 0 0 0 0 0 0 0 0 83 0 0 0 0 0 0 15 0 0 0 32 87 68 13 0 0 0 0
100 0 60 0 0 0 0 0 0 0 30 0 96 0 0 0 0 0 0 0 100 0 0 0 79 71 0 0 0 0 42 0 0 0 0 78 64 0 0 0 0 0 20 0 60 90 0 0 0 0 0 0 0 48 0 0 0 0 0 0 15 0 0 0 0 76 93 0 59 0 0 0 13 29 0 0 0 0 0 53 2 0 88 0 0 3 0 0 0 0 0 0 0 0 0 0 68 100 0 0
30 0 0 0 0 0 0 75 0 0 54 0 0 0 8 0 0 0 0 35 0 0 0 0 99 0 0 0 0 0 0 0 37 0 47 72 0 24 0 0 0 0 0 0 0 0 0 45 78 0 50 0 0 0 10 0 0 0 0 0 64 39 0 0 78 0 0 0 0 0 0 0 0 29 0 0 0 0 0 20 27 0 0 0 0 81 70 0 0 0 70 0 0 0 71 0 0 0 86 0
0 0 0 5 100 0 68 0 0 38 0 3 0 0 48 0 69 0 0 57 0 0 73 0 82 56 0 0 0 0 34 32 0 0 0 0 0 0 90 0 0 0 0 0 0 0 0 0 0 92 0 0 0 0 0 18 0 0 0 0 0 0 0 75 0 0 0 0 70 0 0 0 0 23 0 0 25 0 36 0 78 23 0 0 0 0 0 0 0 0 0 0 0 71 0 65 8 0 0 0
0 0 0 0 15 0 0 0 0 42 23 0 2 0 0 0 61 0 0 0 0 0 0 0 60 23 0 76 0 71 0 0 25 46 0 74 0 56 0 0 71 0 0 0 0 40 0 0 0 0 0 0 0 4 57 0 0 24 0 0 0 0 0 0 0 0 0 0 0 79 0 38 0 27 0 0 0 0 0 93 0 0 19 0 0 46 0 58 9 0 0 0 98 0 0 0 0 86 0 0
0 0 0 0 0 96 0 0 75 0 0 0 72 20 0 0 63 43 48 0 11 0 51 67 0 0 0 0 0 0 72 0 0 0 0 0 0 0 0 0 0 63 0 0 0 50 50 0 0 0 0 25 0 31 0 0 0 0 0 0 0 0 0 2 0 0 0 0 0 0 0 0 0 0 0 87 0 83 0 0 0 0 39 0 0 84 25 0 57 41 0 0 0 19 15 0 0 0 0 0
0 0 0 0 0 0 0 84 0 0 0 0 57 0 0 0 24 0 0 0 0 0 0 0 54 0 0 0 0 0 0 12 55 60 0 0 0 0 0 0 0 0 0 0 0 0 0 90 0 48 0 62 0 0 0 90 0 0 0 0 0 45 17 0 0 2 0 0 0 49 0 5 0 38 0 98 0 0 0 0 56 0 0 0 0 0 53 1 83 46 0 0 0 0 80 0 0 0 0 90
0 0 0 0 0 49 74 0 0 0 0 0 0 0 0 0 0 0 86 0 0 0 0 0 86 0 35 0 0 0 0 0 0 0 0 0 20 0 0 5 0 0 0 0 98 80 0 0 0 99 99 0 33 0 0 0 0 0 0 0 33 94 0 0 0 0 79 0 0 0 62 0 0 0 0 0 17 24 0 0 0 0 0 74 22 0 66 0 0 24 0 0 0 0 31 0 0 0 40 0
95 0 12 0 0 63 0 0 0 0 0 0 63 0 0 0 0 0 0 0 0 0 86 0 100 0 0 2 0 0 6 0 72 29 0 0 17 0 0 27 82 0 0 0 0 0 79 0 0 68 0 0 0 12 0 0 0 19 0 0 0 0 0 100 0 98 0 0 0 0 0 0 0 4 0 0 0 2 0 0 0 0 0 83 0 0 0 0 0 0 71 15 0 0 0 0 18 0 0 0
9 0 0 0 39 0 65 0 0 0 0 13 0 0 41 0 83 0 0 0 0 0 0 0 0 0 0 49 0 0 0 0 2 0 35 0 0 0 0 80 0 0 0 0 0 0 0 0 0 0 0 0 0 0 90 0 0 56 0 0 34 0 0 18 95 0 0 75 0 10 0 18 0 0 69 0 0 0 73 0 56 0 2 0 0 99 0 2 37 54 0 0 77 0 0 0 0 37 0 0
0 20 0 0 0 0 0 0 0 50 0 89 0 0 0 0 50 0 0 0 0 0 0 0 0 0 77 0 0 67 0 0 11 21 10 0 0 0 0 0 34 0 42 0 0 0 9 0 0 62 0 0 70 0 24 0 0 0 61 35 0 71 40 0 0 0 0 0 89 47 0 0 0 0 28 0 0 0 0 0 0 0 60 11 98 22 0 0 80 88 0 0 0 0 3 92 0 0 0 84
0 0 0 0 0 0 0 0 0 98 0 0 28 72 70 0 0 0 0 0 0 0 0 0 54 0 0 0 0 0 17 0 0 0 48 0 0 0 0 34 0 0 0 0 0 0 0 0 0 0 44 0 0 0 47 0 0 0 33 0 0 0 1 28 0 0 98 0 0 0 0 0 39 0 0 83 62 0 0 0 0 0 0 78 69 0 0 0 0 1 0 0 0 29 23 28 0 0 0 0
88 0 0 0 0 0 0 0 81 76 99 0 0 0 0 0 64 0 1 0 0 0 0 72 0 0 0 0 0 50 0 0 22 0 0 89 0 0 0 0 0 0 0 0 65 0 0 0 0 0 0 0 0 83 0 0 0 0 0 0 64 11 0 0 0 0 0 0 0 66 0 0 0 0 0 10 0 0 58 0 24 0 28 0 0 35 43 0 0 0 0 0 0 5 0 0 50 0 0 22
0 44 0 0 0 0 0 0 15 0 78 0 16 0 0 0 0 0 0 0 0 0 0 0 98 8 97 0 0 0 0 0 0 0 42 0 0 87 0 0 0 25 0 0 0 47 0 8 95 0 0 0 0 0 61 0 0 0 0 0 0 5 0 0 0 0 0 0 0 0 0 0 44 0 0 0 0 0 0 0 3 0 0 0 0 0 0 0 0 0 0 49 96 0 0 60 0 0 0 0