100
0 0 0 0 62 0 0 0 72 0 0 0 29 0 0 0 0 81 94 0 63 0 0 0 0 2 0 58 0 0 0 91 85 0 14 0 0 0 0 0 0 0 21 0 0 27 0 0 0 0 46 0 0 22 0 0 66 0 0 1 0 0 0 0 0 0 33 0 0 0 0 0 0 2 0 0 0 52 69 0 4 0 0 0 67 0 80 0 0 49 0 49 69 8 0 0 0 0 0 0
71 0 0 49 2 0 0 0 44 0 0 0 0 29 0 0 0 0 74 66 97 77 0 0 81 0 0 0 0 0 0 0 0 88 0 1 0 0 0 0 0 0 0 0 0 0 0 0 73 0 17 0 0 45 79 83 0 0 0 0 23 0 0 0 0 0 81 0 0 88 56 0 0 0 0 0 43 0 0 0 0 0 14 19 0 0 0 5 42 0 0 0 0 0 0 37 0 0 0 0
68 0 0 0 0 0 0 0 0 0 0 40 0 0 0 0 0 0 0 4 0 18 0 95 0 0 0 0 31 4 0 0 0 0 0 0 48 0 0 0 0 58 0 51 0 0 0 0 0 0 0 88 0 0 0 0 26 0 0 0 0 2 0 85 14 19 0 0 0 0 0 0 0 0 0 0 0 0 0 0 0 0 0 0 0 33 0 0 94 0 0 0 0 0 96 0 0 0 0 65
0 48 0 0 0 0 0 0 16 0 0 9 76 0 0 0 0 0 85 0 61 0 0 85 0 0 0 0 16 0 4 0 39 0 0 0 0 60 0 0 0 0 0 80 0 0 0 56 0 36 0 0 48 0 0 0 0 50 0 0 0 0 0 0 53 0 0 0 0 0 0 0 58 0 0 0 0 0 0 0 0 36 0 0 91 3 15 0 0 99 0 0 97 0 0 0 0 0 2 0
100 0 0 0 0 0 0 0 0 0 77 0 0 0 0 0 3 0 0 58 64 0 0 19 0 0 0 0 9 0 0 0 18 0 0 0 0 0 0 0 0 57 58 36 0 0 0 0 1 0 0 0 0 49 62 0 0 0 65 17 0 0 0 0 0 58 0 0 0 0 0 0 0 0 0 0 83 0 66 0 0 50 85 0 0 0 0 0 0 48 0 0 0 99 92 0 14 0 0 0
0 94 0 0 52 0 0 0 0 0 0 90 0 0 0 45 0 0 0 0 0 0 31 0 0 0 0 0 0 86 0 0 0 0 26 51 0 98 0 0 0 0 0 73 0 27 0 0 0 0 99 68 0 0 0 56 60 0 57 0 0 14 42 0 0 0 0 0 0 0 0 0 0 0 0 0 0 37 0 0 0 0 70 0 0 71 0 0 57 0 0 0 91 0 0 0 14 27 0 0
0 0 0 0 0 0 0 16 0 0 0 0 0 67 0 0 34 0 0 0 43 0 0 0 0 0 0 76 8 33 38 0 4 0 0 0 0 0 0 0 66 72 40 0 0 0 0 96 65 0 65 0 0 100 0 0 0 0 0 0 0 0 0 0 96 0 51 0 0 0 0 42 0 96 0 0 0 0 0 62 16 2 0 6 55 0 0 0 0 0 0 0 0 0 0 0 0 0 0 0
0 0 0 0 0 67 0 0 0 0 0 50 0 0 0 0 0 0 0 0 0 0 0 0 0 93 0 0 0 0 0 0 4 0 0 0 0 86 0 0 0 0 0 0 55 0 0 0 0 65 71 0 42 0 0 93 0 0 0 0 3 0 0 94 72 0 0 21 0 0 0 0 0 49 0 0 0 0 0 13 0 0 0 0 62 0 0 0 0 0 22 0 0 0 0 0 0 0 56 0
57 0 0 0 19 31 0 79 0 0 0 86 0 71 0 0 0 0 0 98 0 32 0 0 0 0 0 0 0 0 0 0 15 0 0 0 0 43 0 10 0 0 0 0 0 0 0 0 92 0 0 85 0 0 0 0 0 0 0 0 0 7 0 0 0 0 0 0 0 15 0 0 0 0 0 0 0 0 23 0 21 40 0 0 0 0 90 63 0 0 0 0 0 0 0 0 0 59 0 0
43 0 29 0 85 4 0 2 0 0 0 0 0 0 0 0 0 0 93 0 95 0 5 0 73 0 0 0 54 96 0 91 0 0 0 0 0 94 0 0 0 0 0 0 0 0 0 0 0 0 0 0 87 0 0 0 62 0 0 0 0 73 51 0 36 68 0 97 0 0 0 64 0 48 0 0 0 18 0 9 0 0 18 0 0 64 8 0 20 0 0 0 0 0 0 0 0 0 1 85
37 99 0 0 0 87 0 64 0 0 0 0 0 0 0 0 0 48 71 0 99 0 86 0 0 72 76 0 0 0 0 0 52 10 0 0 0 0 0 62 85 0 0 0 18 0 0 0 63 0 54 92 0 0 0 43 0 0 90 0 0 0 0 0 0 0 44 0 0 0 0 0 0 71 0 49 0 0 50 0 0 0 0 72 0 0 0 0 0 0 0 98 0 0 0 0 20 0 0 0
0 0 0 34 0 0 0 0 0 0 0 0 86 0 0 0 0 0 0 43 0 0 0 88 0 0 0 0 0 0 0 0 0 0 0 98 0 0 17 0 0 61 0 0 65 31 0 0 0 66 97 0 53 78 64 0 0 0 58 0 73 0 0 0 0 0 0 0 0 0 0 0 0 0 0 0 0 66 0 0 0 0 0 0 20 0 0 0 56 0 0 0 0 0 0 0 77 0 0 0
0 0 0 0 0 0 0 0 0 66 0 0 0 0 17 0 0 0 0 0 99 0 11 0 17 0 0 0 0 12 0 66 0 0 0 0 0 0 0 76 46 0 0 22 0 17 8 0 0 0 0 0 41 0 75 0 59 0 0 0 0 0 0 0 96 0 56 0 65 0 0 0 0 0 0 0 0 0 0 83 60 0 0 0 0 0 65 0 0 0 0 0 0 0 0 2 0 0 0 0
0 29 0 0 0 0 34 0 0 20 0 0 0 0 0 0 0 0 76 0 37 83 0 0 0 0 33 0 83 0 0 38 86 0 0 0 0 85 0 0 43 97 45 0 0 0 0 67 50 0 49 0 0 0 0 0 0 0 0 0 0 0 0 0 0 0 0 0 0 0 0 0 0 0 0 0 0 29 0 0 33 0 0 0 0 0 0 33 0 84 0 72 0 0 0 0 0 1 0 0
0 0 0 0 91 0 48 0 0 81 0 0 32 0 0 11 0 0 0 73 0 0 45 35 0 0 97 50 0 0 78 0 0 16 19 0 94 0 0 30 0 0 47 0 3 0 0 47 0 0 0 0 0 0 0 0 47 0 0 0 0 0 0 74 0 0 52 0 20 0 23 79 0 0 0 0 0 0 0 0 0 34 0 45 0 0 0 0 0 0 0 0 0 0 0 0 0 0 21 0
0 74 0 0 0 0 58 15 10 35 0 0 0 0 0 0 0 0 67 0 0 39 0 0 0 0 0 0 0 0 0 0 0 0 0 76 0 0 0 0 30 0 0 0 0 47 81 81 0 67 0 0 0 0 0 0 32 0 15 0 0 96 1 0 70 0 26 5 0 0 0 18 100 0 0 0 0 0 0 0 0 14 47 0 89 0 0 32 0 0 0 0 0 80 0 0 0 0 65 37
0 0 0 43 0 34 5 0 0 0 0 30 0 70 0 0 0 0 0 72 0 0 0 0 0 0 0 2 95 12 0 0 0 0 0 0 0 47 0 0 96 0 0 39 0 0 0 0 0 0 18 0 15 100 0 0 62 0 62 0 0 0 0 54 0 31 49 0 0 0 0 0 0 0 49 0 0 13 0 0 67 47 80 0 59 97 57 70 0 0 0 90 0 0 0 59 0 0 0 0
0 92 0 99 0 0 1 0 0 0 12 0 76 25 72 0 0 0 0 16 0 50 65 0 45 0 24 0 0 0 84 99 57 0 0 0 0 0 0 23 0 19 0 0 0 42 0 52 0 0 0 0 0 23 0 0 0 0 0 95 0 0 0 0 0 70 0 0 95 80 0 0 0 0 0 0 0 0 0 0 0 0 0 0 0 0 0 0 0 0 0 0 0 0 0 0 0 0 0 0
0 29 0 0 0 40 0 0 0 0 0 0 42 53 85 0 0 1 0 79 41 0 0 45 76 0 0 14 0 0 0 0 0 0 51 24 42 0 0 0 0 0 0 0 0 29 0 0 11 0 0 0 0 0 0 0 0 0 0 0 0 0 0 0 0 0 0 7 0 94 0 0 0 0 27 0 0 0 0 0 0 20 0 56 0 0 0 13 0 0 70 0 0 0 5 0 0 0 73 13
92 0 0 0 0 0 0 0 0 0 56 0 0 0 23 0 36 0 0 0 0 0 73 0 0 26 0 0 0 0 0 0 99 0 0 0 0 56 32 0 0 0 12 0 0 0 0 0 0 0 0 0 0 0 0 0 0 0 26 0 5 0 0 0 0 0 0 0 2 0 0 8 0 90 0 0 58 76 0 39 42 0 0 78 0 0 0 0 0 0 0 0 0 0 0 0 13 0 0 0
26 100 0 0 0 0 3 0 0 0 0 0 0 0 0 33 0 0 0 0 0 0 14 0 89 0 0 74 0 55 20 0 0 0 0 29 59 50 0 0 0 0 40 0 81 0 14 0 0 0 0 0 17 0 81 0 0 0 0 0 0 0 43 0 74 0 0 0 0 0 78 0 0 0 58 0 0 0 0 0 0 0 18 38 84 0 0 0 0 0 0 0 0 0 2 72 58 0 92 0
0 1 0 0 0 0 0 0 61 0 0 0 0 0 96 0 0 0 0 28 62 0 0 86 54 0 0 0 0 0 0 69 0 0 0 46 0 43 0 0 0 0 0 0 0 0 0 0 0 0 0 0 0 0 0 0 0 31 25 0 80 0 0 0 0 30 0 0 0 0 0 0 0 83 92 0 0 10 60 0 0 0 39 0 0 5 0 80 88 0 0 0 0 0 0 0 0 0 0 0
0 69 0 0 9 0 0 0 40 4 0 0 0 0 0 0 0 0 0 31 26 0 0 0 0 0 0 0 0 0 0 0 0 0 47 0 10 3 0 0 0 2 0 0 0 0 0 63 0 0 0 0 57 0 0 61 0 0 0 7 0 13 0 0 0 0 0 0 0 0 68 0 20 25 0 0 0 0 0 0 0 0 98 12 0 50 0 30 0 0 0 0 0 0 0 0 0 63 0 0
0 0 0 0 0 83 10 0 0 77 0 0 0 82 0 0 0 0 27 0 0 0 3 0 96 0 0 0 97 37 0 0 0 0 0 37 0 0 0 12 3 0 26 97 0 0 0 0 0 0 44 0 0 0 0 0 0 0 0 0 0 0 0 11 0 85 0 0 99 0 0 64 0 75 0 0 0 19 0 0 0 12 31 24 70 0 0 35 0 0 0 30 67 0 0 0 0 49 41 0
0 0 90 0 0 0 0 1 51 21 0 0 65 15 0 0 0 0 42 0 65 0 0 0 0 0 0 0 0 0 89 0 0 5 19 0 0 0 73 68 7 0 42 0 0 53 67 0 0 0 0 0 0 0 16 0 0 61 0 0 0 0 17 88 0 0 0 18 0 97 0 0 51 0 0 85 0 0 0 0 0 80 0 59 0 0 0 0 0 0 0 0 31 0 88 51 0 0 0 0
0 0 0 0 0 0 0 97 0 0 43 0 0 0 90 0 59 0 0 0 13 0 0 0 0 0 18 0 0 0 0 0 0 0 0 0 84 0 0 0 80 0 0 80 0 0 37 0 0 95 0 0 100 0 0 0 0 0 0 0 2 0 6 0 0 0 0 0 69 0 65 0 0 0 42 0 0 0 0 0 6 0 0 0 78 0 0 0 0 0 35 0 0 0 0 0 98 0 0 0
0 82 0 4 0 0 0 13 0 0 0 39 0 0 3 56 0 38 0 0 0 0 0 0 92 0 0 0 0 0 0 0 72 0 0 0 0 0 24 29 0 0 0 0 0 81 0 0 0 0 0 40 51 0 0 0 0 0 0 9 0 0 0 0 0 71 65 0 58 0 0 0 0 0 0 0 0 0 32 65 0 0 0 0 0 0 0 22 92 0 0 0 0 0 0 0 0 0 86 8
0 0 0 72 0 0 0 20 0 0 0 65 0 0 0 0 47 0 0 0 0 0 0 0 0 1 0 0 0 85 0 0 0 0 42 0 0 14 0 0 41 0 0 0 13 0 0 0 0 0 71 77 89 0 0 0 0 0 0 0 0 0 0 65 0 18 71 42 18 0 0 8 0 0 0 0 77 60 40 0 0 95 0 0 0 0 0 0 14 13 0 0 0 0 0 0 0 52 0 0
0 74 0 0 0 0 0 0 0 17 0 0 95 0 0 0 0 0 0 9 0 0 0 79 0 0 0 0 0 0 0 0 0 0 21 0 0 0 0 0 0 0 0 0 0 0 0 0 29 0 0 0 0 0 0 0 0 0 0 8 0 32 92 0 0 0 73 0 0 5 0 0 0 100 0 19 0 55 0 38 36 0 0 52 0 0 0 0 0 0 0 0 7 0 0 0 0 0 0 0
0 0 0 0 0 0 88 0 0 0 0 0 0 0 0 78 0 0 55 0 0 31 0 35 0 0 8 85 0 0 0 27 0 0 0 0 0 0 5 0 0 0 0 62 47 0 0 0 0 0 0 0 82 0 0 61 0 0 4 0 0 0 0 0 0 0 0 0 0 0 79 0 82 0 0 0 94 0 0 90 0 0 60 0 0 0 0 92 0 0 0 81 0 0 0 25 0 97 0 0
0 78 88 0 0 0 0 0 0 0 71 0 0 0 0 0 1 99 0 0 0 35 0 0 75 0 96 0 73 0 0 0 0 0 0 0 0 0 46 39 0 0 0 0 0 70 0 0 0 0 33 75 0 0 70 0 0 0 0 0 25 0 0 45 0 60 0 0 0 0 0 0 0 0 0 0 0 0 0 0 0 0 0 0 49 0 0 0 0 0 0 0 0 0 77 0 0 33 0 40
0 0 0 99 0 100 0 0 0 0 0 0 0 0 0 0 72 0 0 0 0 0 0 0 0 0 0 0 0 59 0 0 0 71 0 0 0 0 0 0 0 0 0 7 0 50 0 0 0 0 0 0 55 26 0 40 0 0 0 0 0 0 0 0 0 0 0 0 46 0 0 0 0 0 0 0 0 0 84 0 0 0 17 0 0 0 0 0 0 0 0 0 0 63 0 78 7 0 8 0
0 0 0 41 55 0 0 0 0 0 0 0 0 0 0 73 0 0 74 61 47 0 0 0 0 0 0 96 34 72 0 0 0 34 0 91 0 0 49 0 0 0 0 0 0 0 0 0 0 0 66 0 0 0 0 6 0 23 0 0 2 0 91 0 0 0 0 4 0 0 0 0 0 0 72 76 78 12 0 54 0 0 0 0 0 0 0 0 0 0 22 0 0 0 68 0 0 0 0 0
0 0 0 0 0 0 0 0 0 0 0 0 10 0 0 0 0 0 8 2 0 0 0 0 0 0 0 0 34 0 95 0 0 0 4 0 61 0 0 0 0 75 0 0 0 0 69 0 0 0 0 0 59 93 0 0 16 0 0 99 0 0 0 0 0 0 0 0 0 0 50 0 0 0 0 0 80 0 0 0 0 2 0 14 0 69 0 0 0 0 0 80 0 0 39 0 0 0 0 0
0 0 0 0 0 0 0 0 45 27 1 0 27 0 14 0 0 0 44 0 0 0 0 84 0 0 0 16 0 45 0 0 0 0 0 0 0 93 27 0 0 98 0 36 4 0 0 55 0 0 0 0 26 0 69 0 0 89 0 0 0 0 0 0 11 0 0 0 0 0 0 72 0 80 0 0 0 0 85 0 0 76 0 0 96 0 0 0 0 30 0 68 0 0 86 0 0 5 0 0
0 0 0 0 0 0 0 0 0 0 0 0 0 0 0 0 0 21 5 95 4 0 0 0 0 0 0 0 0 0 0 0 62 0 4 0 0 0 30 0 0 0 0 21 0 0 0 0 0 0 0 40 0 4 0 0 0 0 0 94 46 0 0 0 0 0 0 65 0 0 0 0 0 0 0 0 0 76 0 0 0 0 56 0 0 0 0 0 17 0 0 0 0 0 65 0 0 79 0 2
0 0 87 97 11 0 0 0 0 32 0 0 0 0 0 0 0 0 0 0 0 0 0 0 0 0 0 0 0 12 0 0 0 0 14 0 0 0 0 66 0 0 0 0 0 0 0 0 93 35 66 0 0 0 0 0 0 0 0 0 0 0 0 0 0 0 90 0 0 0 0 0 0 95 0 94 0 0 29 0 32 0 5 0 0 0 43 0 0 0 43 0 0 0 0 0 0 63 74 0
0 0 0 0 21 99 0 0 34 0 0 0 0 0 0 0 0 0 0 0 0 0 0 0 0 16 0 0 0 0 0 49 0 0 0 0 0 0 0 0 0 0 0 0 0 0 0 0 0 0 50 0 0 0 52 0 0 73 15 0 0 33 0 49 0 0 99 0 0 0 0 0 0 0 0 0 0 0 0 0 0 45 42 64 0 0 0 0 0 0 0 28 42 56 56 0 0 0 65 0
0 0 0 0 22 0 0 0 81 0 20 0 0 0 0 37 0 0 0 0 0 0 100 0 0 0 0 0 81 0 0 0 0 71 0 0 0 12 0 0 0 0 63 0 40 0 83 0 100 0 0 57 64 0 95 0 0 0 0 3 0 60 0 0 0 0 0 0 0 79 0 0 97 87 47 0 0 0 80 93 95 0 0 40 24 0 0 0 0 0 8 4 6 90 40 0 0 59 0 0
0 92 0 0 0 0 0 0 0 0 0 0 55 86 0 0 0 0 0 0 0 25 0 0 0 0 0 25 0 0 27 0 0 0 0 0 4 0 20 0 0 0 9 0 0 0 68 81 0 0 98 0 6 0 47 0 0 0 0 0 0 0 0 35 0 0 82 0 0 80 0 0 0 0 0 0 0 0 94 36 0 0 61 0 0 0 79 0 0 0 0 0 0 0 0 0 0 0 0 0
0 97 0 0 0 0 0 0 0 0 0 0 0 0 0 0 88 0 0 0 0 0 0 0 55 0 0 2 89 0 50 0 0 0 0 0 0 0 71 0 0 70 67 0 0 0 0 20 56 0 26 23 58 0 0 0 0 0 0 0 0 0 24 4 0 0 0 0 0 0 0 0 0 0 0 0 0 0 0 0 0 0 30 0 0 0 0 0 0 0 67 0 7 82 0 75 0 0 0 90
0 14 0 96 0 85 0 52 0 0 0 2 0 0 9 53 0 22 0 0 28 0 0 42 0 0 0 0 0 0 71 0 2 58 0 9 0 0 20 7 0 0 0 0 0 46 85 0 0 84 0 0 0 0 62 0 0 0 0 0 0 0 0 0 74 0 0 0 0 0 0 0 0 0 0 0 61 0 0 0 82 0 0 0 0 0 1 0 0 0 0 0 0 0 0 0 0 0 35 0
0 37 0 0 83 0 45 0 0 0 0 0 0 0 78 24 0 0 0 0 0 0 0 0 0 0 0 0 0 0 0 7 17 0 0 0 0 26 0 0 0 21 0 0 71 0 6 0 0 0 0 0 0 0 0 77 0 34 0 37 66 0 0 0 0 0 0 0 0 0 0 0 0 0 0 0 76 0 0 72 0 0 0 0 0 0 35 0 0 0 0 0 0 17 63 83 10 58 16 0
0 45 0 0 0 0 0 0 0 0 0 54 0 0 0 0 0 0 0 0 0 0 0 30 0 8 74 0 0 0 0 0 0 0 0 72 0 0 0 0 10 0 72 0 0 0 0 0 0 0 0 0 0 0 0 0 0 99 0 0 71 39 0 0 51 97 0 70 0 0 0 76 0 0 0 0 0 0 0 0 0 44 0 0 0 0 37 0 0 0 15 0 0 0 63 13 0 0 78 0
30 0 0 0 0 0 0 0 0 0 0 0 73 0 0 38 0 0 68 0 54 71 0 0 0 0 0 0 0 0 0 0 12 0 23 0 0 0 0 0 0 0 0 0 0 0 0 0 0 51 0 0 0 0 44 0 0 6 0 0 69 8 46 0 0 0 50 83 0 0 0 0 0 0 0 0 0 29 0 0 27 0 0 0 0 0 0 0 24 0 0 0 0 0 69 0 0 85 7 0
0 0 0 0 0 0 0 2 89 0 0 0 0 0 0 0 2 0 91 8 0 0 69 0 16 0 0 0 67 0 0 0 0 45 0 0 0 97 0 0 47 0 0 0 0 0 0 0 0 56 0 0 95 0 0 0 0 0 42 0 0 0 0 0 0 0 58 0 0 0 0 75 0 0 0 91 0 16 0 0 0 0 0 0 0 0 56 58 0 0 0 0 0 0 51 0 0 0 0 0
0 0 0 0 0 0 0 0 0 0 0 0 0 27 0 0 0 0 0 0 0 0 0 0 0 0 0 0 0 0 0 37 0 0 0 0 29 0 0 0 58 45 17 0 0 0 0 0 0 0 0 0 0 0 42 0 0 0 0 0 0 65 0 0 0 25 0 0 0 0 0 0 56 0 0 0 0 0 0 0 0 0 0 88 46 0 0 0 63 0 0 64 33 0 0 0 87 0 0 0
0 0 0 0 41 0 0 0 0 0 0 0 0 0 98 0 0 0 26 0 0 44 0 0 0 0 0 0 92 0 0 0 0 0 97 59 0 41 0 78 0 0 7 0 0 42 0 0 0 27 0 0 0 0 0 0 72 2 0 0 96 0 0 45 0 0 42 0 0 0 29 89 0 0 0 0 0 2 55 0 0 0 0 88 0 85 0 0 0 82 0 0 0 0 0 29 10 0 0 0
0 67 0 0 55 0 0 0 0 0 0 0 98 0 0 0 0 57 0 0 0 0 0 0 0 0 0 0 0 0 77 0 0 0 86 0 35 43 0 0 50 0 0 0 0 0 0 0 0 0 0 0 0 0 0 0 0 0 0 28 0 0 0 0 0 0 24 0 23 0 46 0 0 0 0 0 0 0 58 0 0 0 51 0 28 0 0 0 0 0 0 28 0 0 0 2 0 0 53 0
0 0 68 0 0 0 8 0 0 0 0 0 0 38 0 24 0 93 0 0 0 18 0 48 9 45 0 0 91 0 81 0 0 7 42 0 0 0 22 60 51 0 57 0 0 0 45 0 31 0 0 0 0 0 0 73 0 11 0 11 0 0 55 0 0 0 0 0 55 0 0 3 0 32 0 61 43 0 0 0 0 0 76 0 0 0 0 0 0 89 0 99 0 72 0 0 0 0 0 0
0 100 0 49 0 0 0 0 0 0 0 24 0 71 66 0 0 0 72 22 0 0 0 48 10 0 0 72 0 0 0 0 0 0 0 0 91 33 57 11 13 7 91 0 0 0 0 0 0 0 0 0 58 0 0 0 0 0 0 0 93 69 0 59 0 85 0 51 0 0 0 0 0 0 53 77 0 0 0 0 0 0 68 0 0 12 58 0 0 68 0 0 0 91 0 0 0 0 0 0
77 69 55 0 0 0 0 69 0 13 0 0 27 96 0 29 0 47 0 59 36 0 0 60 0 0 65 0 0 0 0 26 0 0 3 59 0 0 54 96 0 98 0 75 0 98 0 0 0 0 69 0 23 0 0 0 86 0 0 0 0 0 0 87 0 0 0 0 0 0 0 0 0 58 0 0 0 0 0 0 0 93 0 77 0 0 15 0 0 65 0 24 0 0 0 0 0 0 0 0
0 0 0 0 0 31 0 0 0 0 0 0 0 53 0 0 0 0 0 0 0 0 0 0 0 0 0 0 0 11 28 0 0 51 52 22 0 0 0 0 0 42 0 66 48 70 20 0 41 0 0 0 0 0 24 56 0 55 0 0 0 64 0 0 0 0 0 0 0 0 0 28 0 49 0 0 0 0 0 0 52 0 0 0 18 0 0 0 0 0 0 0 0 0 0 0 0 0 0 0
58 0 0 0 0 0 31 0 0 78 31 0 0 0 0 0 0 0 0 0 0 0 0 0 0 0 6 0 0 33 0 94 0 0 0 22 0 0 0 0 10 0 0 0 0 0 0 0 0 0 0 0 0 0 60 0 0 0 0 0 0 0 0 0 0 0 80 0 0 0 0 0 0 0 0 0 78 0 0 86 0 0 0 0 96 0 0 0 0 0 0 0 0 0 0 25 0 0 0 0
99 61 62 0 0 0 45 0 0 20 0 13 0 0 0 0 0 33 84 0 0 0 0 0 0 0 0 0 0 26 0 0 0 0 0 0 0 0 0 0 38 23 37 0 0 0 0 88 0 0 0 0 0 0 0 0 0 0 50 0 0 0 0 77 0 49 0 0 0 0 0 0 0 25 99 0 0 4 0 79 0 0 0 92 0 0 0 0 0 0 0 0 36 0 88 32 0 0 0 38
37 0 0 0 0 0 47 0 0 0 0 0 0 31 0 0 0 62 0 0 0 0 82 0 0 0 0 0 0 0 0 75 86 0 56 58 22 0 0 62 0 81 0 0 40 0 0 0 47 0 0 0 0 0 0 0 0 0 0 94 0 0 71 0 64 0 0 61 26 0 0 0 0 76 21 45 0 0 55 0 0 0 0 0 0 0 0 0 84 18 0 46 0 33 0 0 0 0 0 0
40 0 0 53 0 0 0 0 0 43 0 0 0 44 27 0 0 0 0 8 0 0 93 0 64 18 71 25 30 12 0 0 0 47 0 0 72 40 0 0 0 0 93 0 35 0 0 0 0 0 0 0 22 81 0 0 0 0 0 0 51 0 0 0 0 0 0 0 53 0 0 0 0 74 0 0 0 0 0 84 0 0 0 36 0 0 0 0 32 0 0 0 0 0 0 0 0 0 0 40
65 33 65 0 0 30 0 0 0 0 87 0 97 0 0 0 0 0 0 0 0 0 0 0 0 96 0 5 0 0 0 0 0 0 0 98 0 0 0 29 67 5 0 0 0 0 0 0 76 11 96 87 81 78 0 0 0 0 0 0 0 0 0 0 0 0 0 0 0 0 0 0 0 0 0 0 20 19 0 0 0 0 0 0 0 0 57 0 0 0 0 0 0 0 0 0 77 0 3 0
0 0 0 25 0 0 25 0 53 0 0 0 0 0 40 0 0 0 0 88 0 87 0 0 44 0 0 86 0 0 0 0 0 0 7 64 0 76 78 0 74 0 0 0 65 0 0 0 0 0 0 9 0 92 0 61 2 0 0 0 0 0 0 64 0 53 2 0 44 0 0 47 94 58 0 0 0 0 86 0 0 96 0 84 0 0 0 0 0 0 45 92 0 0 0 0 87 0 0 39
88 81 0 0 68 0 0 0 0 0 14 0 0 59 0 0 0 73 0 0 0 0 0 41 0 0 0 0 22 0 88 0 0 0 0 0 0 0 0 0 0 0 0 0 0 29 0 48 0 0 53 0 0 0 54 0 31 0 60 0 46 0 6 0 8 0 98 36 57 0 0 0 5 0 0 0 0 0 0 0 0 0 0 0 0 4 0 0 16 0 0 0 0 0 70 0 26 0 0 0
0 0 0 0 0 0 0 0 0 0 51 45 70 0 0 0 0 0 0 0 62 34 0 15 0 60 0 0 8 92 0 0 0 55 0 0 82 0 45 0 57 14 0 92 0 0 0 0 90 0 0 0 0 36 14 0 0 86 62 0 0 38 0 24 0 0 0 83 0 0 0 0 0 0 89 0 83 22 91 0 0 37 0 0 0 15 0 0 82 14 79 0 0 0 0 0 99 0 73 0
0 58 0 0 0 0 0 0 62 0 0 0 10 0 88 0 0 0 0 63 72 0 0 0 0 0 0 53 98 66 0 0 50 0 57 0 0 0 0 0 0 0 4 0 0 0 0 0 0 0 0 0 0 0 0 35 40 92 0 71 0 0 0 39 55 0 0 0 0 0 46 0 0 0 83 0 0 0 27 30 0 0 100 0 0 0 6 36 0 0 0 0 0 0 0 0 0 0 0 0
58 0 0 0 0 25 0 0 0 80 0 5 0 0 0 0 0 14 0 0 3 63 0 0 0 0 0 0 0 0 0 0 0 0 81 0 34 0 0 0 0 77 0 26 0 0 47 0 0 0 0 0 0 0 0 0 0 6 0 0 0 0 0 0 0 0 0 0 0 15 0 0 57 44 0 96 0 3 0 0 0 0 33 49 0 0 0 14 0 63 65 75 17 0 79 0 0 0 0 0
0 99 0 32 0 0 47 0 0 0 0 0 0 48 99 0 0 0 0 0 0 0 0 10 56 0 0 0 0 0 0 0 0 78 0 0 14 0 24 0 0 50 0 0 0 0 0 0 0 90 0 0 0 7 0 48 0 0 85 0 0 0 74 0 0 35 0 0 87 0 0 0 0 0 98 0 77 39 35 0 0 0 0 9 0 34 0 0 39 0 0 0 0 0 35 0 0 0 0 0
93 97 0 0 0 0 0 30 0 0 0 0 0 0 0 0 0 13 0 0 0 50 73 0 0 9 74 0 0 90 0 0 0 0 0 93 0 0 18 0 0 4 0 0 0 0 66 0 0 2 15 0 34 0 0 85 0 0 0 0 0 29 0 0 0 0 0 0 59 29 0 84 94 0 0 0 26 0 100 0 0 92 0 0 0 53 64 0 93 0 0 0 0 0 34 90 63 0 0 0
0 0 0 73 0 0 0 0 0 0 0 0 0 0 0 0 0 0 0 0 0 36 0 27 71 0 10 0 78 86 0 0 0 0 0 0 0 6 0 0 0 40 74 0 75 69 0 0 78 0 0 65 0 73 0 0 0 0 12 0 0 3 76 0 0 0 0 54 0 0 0 100 57 0 0 0 0 0 0 20 0 0 0 0 39 0 0 0 0 98 0 0 0 0 0 4 0 0 24 81
0 0 0 96 0 0 0 0 0 7 0 0 0 29 33 0 0 0 0 0 0 0 79 0 0 0 0 58 0 0 0 0 0 31 46 0 0 0 0 89 0 0 0 0 27 0 0 55 0 16 0 0 0 0 0 0 0 0 0 52 0 0 0 0 0 9 0 29 19 0 0 0 0 0 0 0 0 0 0 81 0 0 51 0 30 90 0 0 0 90 0 0 98 0 7 33 0 0 0 12
31 45 84 0 0 0 0 0 0 0 0 0 0 4 0 0 52 0 0 0 38 0 0 0 0 0 0 0 0 0 0 0 34 8 0 0 0 0 0 0 0 0 0 0 0 0 0 0 0 43 0 35 0 0 0 0 41 0 92 0 83 71 16 0 34 0 0 0 74 0 2 0 83 0 0 0 67 0 0 0 16 31 0 0 68 0 0 0 0 0 0 0 0 18 80 30 0 0 0 0
0 0 0 0 0 88 0 0 0 0 0 0 10 0 0 28 0 82 0 0 0 0 21 0 0 0 0 0 0 0 19 23 0 0 0 0 0 0 15 0 0 6 0 0 0 0 41 3 0 100 84 0 0 39 0 0 0 72 100 0 0 71 0 0 0 0 0 0 0 0 1 0 33 0 0 0 65 0 92 0 0 49 46 0 0 0 0 0 0 91 0 39 0 0 0 0 0 33 0 93
0 0 0 0 0 0 23 11 0 0 0 0 0 0 0 0 76 0 0 0 0 0 0 0 58 74 54 0 0 45 61 0 7 0 46 85 82 0 0 0 0 0 86 68 0 4 0 0 67 0 0 62 89 80 4 0 0 0 0 0 95 82 24 0 10 0 11 0 0 0 0 16 0 37 0 0 0 0 73 0 4 0 0 27 0 0 13 0 38 0 0 0 0 0 0 0 0 0 0 0
0 0 0 0 0 0 0 88 0 0 0 0 0 0 0 0 54 0 65 0 0 0 0 19 0 0 0 0 0 3 17 0 0 0 0 0 24 36 0 0 0 81 0 0 0 36 12 0 0 0 0 68 77 0 0 0 0 0 0 0 0 0 0 0 5 13 0 0 0 0 0 0 52 0 0 46 0 0 84 0 0 42 100 52 0 0 68 0 0 0 0 62 0 0 0 0 0 0 0 0
0 72 27 28 98 0 27 0 25 50 0 0 0 0 68 0 0 0 0 95 0 0 0 0 43 0 50 0 0 0 0 0 0 0 0 0 76 0 0 0 0 0 0 0 0 0 26 0 0 28 0 0 0 0 10 0 0 0 0 0 0 0 0 1 0 0 0 87 0 0 5 0 0 61 0 0 0 0 0 0 0 0 0 0 0 0 0 0 0 0 0 0 0 0 0 0 0 0 0 0
0 98 10 6 0 0 46 0 0 0 0 0 0 0 64 77 68 0 0 0 0 63 0 0 48 0 12 0 0 0 0 32 63 9 0 0 99 0 62 100 57 0 0 0 0 0 0 0 66 0 15 0 0 0 0 0 52 0 0 0 0 0 0 0 64 0 0 92 0 0 88 0 0 0 0 0 0 99 0 82 0 0 34 0 0 7 0 0 0 0 9 0 0 80 95 98 0 8 36 0
0 0 0 0 0 0 0 0 95 30 0 0 0 0 3 0 0 98 52 0 0 0 1 0 0 0 0 0 14 0 0 0 0 0 0 0 0 91 0 73 0 0 50 29 0 0 0 0 0 0 0 0 0 0 0 0 0 0 0 0 61 0 0 0 0 64 0 0 0 0 0 59 0 0 52 0 0 0 0 0 0 46 70 0 0 62 0 66 0 0 0 0 0 0 0 0 37 0 0 11
0 0 0 21 0 0 99 50 0 4 0 0 56 0 0 0 0 0 0 43 0 93 50 59 0 28 0 0 0 71 0 0 0 41 0 74 32 53 0 0 0 0 0 0 0 0 0 0 0 90 52 34 74 0 0 0 0 0 0 0 0 0 0 0 0 55 0 0 94 49 0 0 0 0 0 0 0 0 0 0 44 1 0 0 93 0 0 0 0 0 0 0 0 0 0 0 0 0 0 0
13 39 0 0 41 0 0 64 33 3 0 0 0 0 0 0 0 0 89 0 0 0 0 0 0 100 0 0 0 0 0 0 0 47 0 0 0 0 0 0 0 0 0 0 55 0 22 0 0 0 0 0 38 96 0 61 0 0 34 0 71 0 0 0 86 0 83 0 0 0 78 0 0 0 0 0 0 0 0 0 0 13 42 0 0 0 96 0 0 0 0 90 0 0 0 47 29 0 0 0
0 0 58 0 0 0 0 0 0 0 0 0 0 0 0 9 80 3 0 0 0 0 74 0 0 0 0 0 0 43 0 26 64 0 0 0 0 0 0 100 60 0 71 0 0 0 0 30 49 0 0 57 0 0 0 0 0 0 33 0 0 0 39 0 19 0 0 0 0 20 0 0 0 0 0 0 0 99 0 0 0 0 65 30 0 0 29 87 0 0 0 0 42 0 0 58 0 0 0 0
76 0 99 0 0 0 0 0 85 0 0 62 83 0 0 80 0 24 0 0 0 98 0 0 22 0 0 96 0 0 0 0 90 0 0 0 0 0 0 0 57 2 0 0 0 0 3 8 0 0 0 18 0 0 35 46 31 0 0 0 0 80 61 0 65 0 0 0 0 0 0 0 38 0 0 0 0 0 0 0 0 0 0 53 0 0 0 0 37 0 0 0 0 0 88 0 56 0 0 87
0 0 0 0 64 0 0 0 0 32 0 85 0 37 0 0 0 0 0 0 0 96 57 0 61 0 65 0 0 0 0 0 0 0 16 0 0 0 0 0 0 63 0 45 0 7 0 0 84 0 0 0 0 66 0 58 0 0 0 0 0 0 0 0 0 0 69 0 16 0 31 0 0 0 0 0 0 0 0 69 89 30 0 0 0 0 0 0 0 10 0 59 0 67 0 0 77 0 0 0
0 0 0 62 0 0 0 0 0 0 0 45 32 0 92 0 0 0 65 0 0 34 0 0 0 0 0 0 62 0 0 52 0 95 0 0 0 0 0 42 0 0 0 0 0 1 78 67 0 0 13 28 0 0 0 0 0 0 0 0 0 0 0 87 0 0 0 0 0 0 0 0 0 0 0 45 4 0 0 0 0 36 0 0 12 0 36 0 0 0 37 0 0 0 14 0 0 0 0 0
0 0 0 0 0 33 0 0 0 0 0 27 0 0 0 0 0 0 36 0 0 0 41 32 0 7 0 0 0 0 0 0 0 0 0 55 0 0 0 0 71 1 0 20 67 0 0 0 0 0 0 83 68 0 0 0 0 3 0 0 0 0 0 52 0 0 0 0 0 36 0 0 0 94 0 0 54 0 0 31 0 15 41 0 0 0 0 52 0 0 0 0 79 0 0 0 0 0 0 81
0 0 0 81 0 0 0 0 0 0 83 0 0 58 0 0 0 0 0 0 0 55 0 0 0 0 0 84 0 2 93 0 0 0 0 61 65 0 0 0 87 0 0 0 0 0 0 0 0 0 0 0 25 0 20 0 0 0 0 0 0 0 0 97 0 56 0 76 0 0 46 0 0 0 53 0 0 0 0 90 90 0 56 44 0 0 0 0 0 0 73 49 0 21 0 0 0 0 0 0
0 30 72 22 37 0 0 0 0 0 0 0 0 0 67 79 25 0 0 0 0 76 95 65 0 0 8 71 76 0 0 56 0 0 0 35 25 0 0 0 0 0 0 0 0 0 54 94 63 0 0 0 68 0 0 0 0 0 0 0 43 0 51 0 0 0 0 0 79 0 27 0 0 0 0 0 52 0 0 5 0 0 0 2 0 0 0 0 47 50 73 0 37 0 0 19 0 0 0 83
0 0 0 0 0 0 0 59 0 0 0 0 0 0 81 91 0 0 0 0 0 0 95 16 11 0 0 0 0 0 0 0 0 0 0 66 65 0 0 62 12 42 0 0 0 0 0 97 0 0 86 0 70 0 0 0 0 0 0 0 0 0 0 6 0 1 0 65 8 5 96 30 37 0 0 0 41 0 42 0 0 0 5 0 0 0 0 0 0 0 0 0 0 0 0 0 0 37 53 0
0 0 0 0 0 4 0 0 0 94 0 62 0 0 24 34 0 0 0 0 0 0 0 31 0 0 27 0 0 0 0 28 0 0 0 0 91 0 0 0 0 0 0 0 0 45 0 0 0 4 0 62 0 0 0 0 77 0 0 43 0 0 0 0 0 0 0 25 0 0 0 0 0 0 77 0 0 0 0 0 0 0 0 0 0 0 0 0 0 0 0 0 0 0 0 4 0 0 0 0
0 0 0 46 18 0 0 91 0 0 0 91 17 0 0 48 35 0 0 0 0 0 0 0 0 0 0 0 0 0 8 89 0 96 65 0 0 0 0 0 0 0 0 0 0 0 0 0 0 0 83 85 0 0 0 0 0 0 0 13 0 0 0 0 45 46 47 0 0 0 0 0 0 0 73 97 0 0 16 0 0 1 0 48 0 0 82 0 47 0 0 53 0 0 82 67 11 0 56 0
0 21 97 0 0 0 0 0 0 59 0 0 37 0 0 100 0 0 0 68 0 0 0 0 9 0 0 0 0 0 0 35 0 0 0 0 0 0 0 0 0 0 0 0 0 35 0 0 0 0 43 0 0 0 0 80 0 0 0 50 0 0 93 0 40 0 0 0 72 44 0 0 73 0 0 4 0 0 12 0 0 34 0 0 0 0 0 0 95 0 85 0 68 0 0 0 0 62 40 100
0 0 0 0 0 8 0 0 0 0 0 0 0 81 0 0 0 0 95 0 62 91 0 16 0 0 69 0 0 0 0 0 1 0 0 0 49 0 0 0 0 0 0 0 0 0 66 0 0 0 0 0 0 0 0 0 0 0 61 0 0 0 0 0 0 0 0 0 0 0 0 27 44 0 0 0 0 0 0 0 48 0 0 0 0 41 0 0 0 0 0 0 0 0 0 24 72 0 0 17
0 0 19 0 23 0 0 0 26 0 0 0 0 0 0 0 0 0 0 0 0 0 32 96 0 0 0 0 0 0 0 0 0 0 0 0 0 0 10 0 0 43 6 0 0 0 14 0 71 0 0 0 0 0 0 65 0 0 13 0 59 77 71 0 0 0 0 0 0 0 0 0 0 0 85 0 0 3 0 0 0 51 0 99 0 0 0 26 0 0 0 51 60 0 0 69 0 0 0 74
0 87 19 0 15 0 0 0 17 0 0 0 0 0 0 47 0 82 0 0 7 0 0 0 0 0 0 0 0 0 74 0 0 0 47 12 0 15 0 0 0 31 0 0 0 0 0 0 0 0 90 0 55 0 57 0 38 0 0 11 24 52 46 0 0 0 0 0 0 0 0 0 0 56 0 46 0 0 0 0 93 0 1 0 18 0 77 46 0 0 77 0 0 0 0 0 0 0 0 0
0 0 0 0 0 0 0 0 0 0 0 0 0 0 0 2 65 57 0 18 0 0 0 0 0 94 0 0 0 0 0 0 0 0 0 0 0 35 0 0 0 0 21 0 0 0 0 0 0 0 0 81 0 0 0 0 0 0 0 0 0 0 0 0 39 0 0 0 0 0 0 0 0 0 0 0 0 56 0 0 95 0 0 0 0 0 50 60 0 14 0 0 0 0 0 0 0 0 59 0
0 63 0 0 0 0 96 15 0 0 0 0 92 0 0 0 41 0 0 47 0 25 93 0 0 54 0 0 90 0 54 43 0 0 0 0 0 0 0 0 0 0 0 0 0 61 15 0 0 96 0 42 26 0 0 0 0 0 0 0 0 0 0 0 28 0 0 0 56 0 0 0 0 0 51 0 57 0 0 0 0 0 0 54 100 0 0 0 12 0 0 0 0 0 0 69 0 0 0 0
0 0 0 82 0 0 0 0 0 0 0 42 0 0 0 98 0 46 0 47 0 0 0 0 0 42 0 0 0 0 0 18 97 0 0 34 0 0 0 0 92 0 63 0 15 0 0 0 0 0 0 0 0 0 0 12 0 43 0 0 0 0 62 16 0 0 81 0 0 76 0 0 0 0 0 0 30 16 0 0 44 0 0 0 0 0 0 0 0 0 0 0 0 0 0 59 0 0 0 0
0 0 0 0 0 0 17 47 0 0 0 0 0 4 0 0 0 0 0 0 6 0 0 0 0 0 0 11 0 0 57 0 0 0 0 0 0 0 0 0 23 0 98 0 0 0 0 5 0 41 0 0 7 4 0 39 31 25 0 0 0 0 0 54 0 80 0 63 56 0 0 0 0 42 0 0 98 0 55 32 0 0 0 0 0 0 0 0 0 0 0 0 0 0 57 0 95 0 0 0
70 0 0 0 91 0 0 0 0 79 0 0 2 0 0 82 0 0 0 0 0 0 23 0 0 0 67 0 0 0 65 0 0 0 0 0 30 0 0 0 39 0 0 0 75 0 0 0 0 0 0 0 0 0 0 29 0 42 0 0 91 0 0 0 0 0 0 7 61 0 0 0 2 0 0 0 18 44 0 0 95 42 0 0 27 0 74 0 0 0 0 0 0 0 0 0 0 0 53 0
0 72 0 0 0 0 1 0 0 0 56 0 0 0 0 0 0 0 23 52 0 0 0 0 0 0 0 0 0 0 24 0 22 0 0 51 0 0 0 0 0 0 0 0 91 0 0 0 0 0 0 24 0 17 0 65 0 0 0 0 81 0 0 0 0 37 0 0 0 0 0 0 33 82 98 0 0 0 0 86 0 0 0 0 0 0 0 0 0 0 0 53 95 0 0 0 20 0 0 90
0 0 0 0 0 50 0 0 0 0 0 0 0 0 0 0 95 0 81 0 1 45 0 62 0 0 0 0 0 0 0 44 0 0 70 69 0 0 0 65 0 12 0 0 39 0 2 38 0 0 0 54 0 0 0 0 0 0 0 0 0 60 0 0 0 0 0 0 0 0 0 40 0 0 95 0 9 0 0 0 0 0 97 0 0 0 20 27 28 1 0 0 0 0 0 0 0 31 26 0
73 38 22 0 0 0 0 0 75 0 28 0 0 0 0 0 84 0 91 0 0 0 63 100 0 0 0 0 0 0 0 0 0 28 0 0 0 0 0 0 0 0 0 62 0 76 33 55 0 0 79 0 0 0 0 0 0 0 20 47 0 0 2 0 18 0 0 0 69 0 0 91 0 0 81 0 0 0 0 41 0 78 0 0 0 1 0 0 66 0 0 0 0 6 0 74 0 0 0 0
0 82 0 0 0 0 0 0 0 0 59 0 45 26 0 0 0 0 0 35 0 0 0 0 0 54 0 0 0 72 0 0 0 0 0 21 0 0 0 93 79 13 21 0 0 0 0 0 81 74 64 58 0 0 67 0 0 0 21 0 0 41 0 0 0 0 1 0 0 0 0 0 0 0 95 0 0 33 80 0 0 12 0 55 0 78 12 0 0 0 0 7 0 0 0 0 8 89 0 0
0 100 0 70 0 53 32 0 20 34 25 0 0 0 69 27 40 0 0 0 0 0 29 73 0 78 0 1 0 0 26 25 0 0 0 0 28 60 0 0 16 0 48 0 0 41 0 0 4 0 0 64 0 78 0 0 0 0 0 0 0 0 0 0 0 0 0 0 0 5 51 0 0 0 89 13 93 0 0 94 0 0 0 0 0 0 0 0 33 0 0 0 0 0 0 79 0 0 0 0
0 0 0 0 62 0 0 0 62 0 0 0 63 0 0 0 0 15 28 0 29 0 0 0 0 39 0 87 0 0 0 18 50 0 58 0 0 0 0 0 0 0 20 0 0 65 0 0 0 0 55 0 0 52 0 0 34 0 0 11 0 0 0 0 0 0 69 0 0 0 0 0 0 81 0 0 0 21 71 0 2 0 0 0 75 0 21 0 0 18 0 98 81 26 0 0 0 0 0 0
21 0 0 91 48 0 0 0 24 0 0 0 0 79 0 0 0 0 65 82 76 4 0 0 9 0 0 0 0 0 0 0 0 53 0 49 0 0 0 0 0 0 0 0 0 0 0 0 46 0 71 0 0 93 83 86 0 0 0 0 30 0 0 0 0 0 74 0 0 7 21 0 0 0 0 0 92 0 0 0 0 0 84 35 0 0 0 98 86 0 0 0 0 0 0 59 0 0 0 0
26 0 0 0 0 0 0 0 0 0 0 1 0 0 0 0 0 0 0 65 0 42 0 23 0 0 0 0 83 26 0 0 0 0 0 0 76 0 0 0 0 34 0 68 0 0 0 0 0 0 0 42 0 0 0 0 6 0 0 0 0 94 0 90 38 93 0 0 0 0 0 0 0 0 0 0 0 0 0 0 0 0 0 0 0 77 0 0 73 0 0 0 0 0 31 0 0 0 0 49
0 99 0 0 0 0 0 0 82 0 0 67 35 0 0 0 0 0 27 0 1 0 0 37 0 0 0 0 93 0 19 0 80 0 0 0 0 64 0 0 0 0 0 30 0 0 0 58 0 88 0 0 91 0 0 0 0 94 0 0 0 0 0 0 67 0 0 0 0 0 0 0 48 0 0 0 0 0 0 0 0 51 0 0 30 10 85 0 0 1 0 0 81 0 0 0 0 0 59 0
39 0 0 0 0 0 0 0 0 0 70 0 0 0 0 0 68 0 0 72 57 0 0 52 0 0 0 0 90 0 0 0 43 0 0 0 0 0 0 0 0 95 79 35 0 0 0 0 72 0 0 0 0 5 99 0 0 0 89 95 0 0 0 0 0 33 0 0 0 0 0 0 0 0 0 0 49 0 97 0 0 30 32 0 0 0 0 0 0 75 0 0 0 99 93 0 100 0 0 0
0 96 0 0 99 0 0 0 0 0 0 10 0 0 0 49 0 0 0 0 0 0 64 0 0 0 0 0 0 99 0 0 0 0 85 11 0 72 0 0 0 0 0 93 0 57 0 0 0 0 56 41 0 0 0 76 4 0 60 0 0 14 55 0 0 0 0 0 0 0 0 0 0 0 0 0 0 57 0 0 0 0 15 0 0 21 0 0 94 0 0 0 37 0 0 0 23 41 0 0
0 0 0 0 0 0 0 6 0 0 0 0 0 17 0 0 66 0 0 0 48 0 0 0 0 0 0 55 8 79 48 0 69 0 0 0 0 0 0 0 73 81 20 0 0 0 0 74 82 0 20 0 0 80 0 0 0 0 0 0 0 0 0 0 18 0 12 0 0 0 0 1 0 63 0 0 0 0 0 58 75 11 0 20 43 0 0 0 0 0 0 0 0 0 0 0 0 0 0 0
0 0 0 0 0 58 0 0 0 0 0 16 0 0 0 0 0 0 0 0 0 0 0 0 0 57 0 0 0 0 0 0 40 0 0 0 0 26 0 0 0 0 0 0 57 0 0 0 0 62 41 0 36 0 0 66 0 0 0 0 30 0 0 34 85 0 0 59 0 0 0 0 0 24 0 0 0 0 0 84 0 0 0 0 31 0 0 0 0 0 11 0 0 0 0 0 0 0 67 0
75 0 0 0 19 59 0 68 0 0 0 19 0 5 0 0 0 0 0 28 0 13 0 0 0 0 0 0 0 0 0 0 4 0 0 0 0 95 0 24 0 0 0 0 0 0 0 0 53 0 0 48 0 0 0 0 0 0 0 0 0 64 0 0 0 0 0 0 0 70 0 0 0 0 0 0 0 0 46 0 79 9 0 0 0 0 56 65 0 0 0 0 0 0 0 0 0 13 0 0
24 0 41 0 99 36 0 91 0 0 0 0 0 0 0 0 0 0 6 0 53 0 33 0 92 0 0 0 90 50 0 48 0 0 0 0 0 3 0 0 0 0 0 0 0 0 0 0 0 0 0 0 18 0 0 0 22 0 0 0 0 42 32 0 57 34 0 19 0 0 0 48 0 40 0 0 0 44 0 44 0 0 80 0 0 91 71 0 42 0 0 0 0 0 0 0 0 0 95 33
40 17 0 0 0 70 0 24 0 0 0 0 0 0 0 0 0 8 12 0 91 0 24 0 0 60 94 0 0 0 0 0 77 89 0 0 0 0 0 89 38 0 0 0 79 0 0 0 43 0 99 72 0 0 0 64 0 0 80 0 0 0 0 0 0 0 75 0 0 0 0 0 0 6 0 23 0 0 85 0 0 0 0 5 0 0 0 0 0 0 0 7 0 0 0 0 67 0 0 0
0 0 0 42 0 0 0 0 0 0 0 0 88 0 0 0 0 0 0 79 0 0 0 79 0 0 0 0 0 0 0 0 0 0 0 5 0 0 8 0 0 35 0 0 7 97 0 0 0 92 84 0 34 50 29 0 0 0 58 0 17 0 0 0 0 0 0 0 0 0 0 0 0 0 0 0 0 5 0 0 0 0 0 0 83 0 0 0 29 0 0 0 0 0 0 0 43 0 0 0
0 0 0 0 0 0 0 0 0 1 0 0 0 0 37 0 0 0 0 0 33 0 81 0 74 0 0 0 0 31 0 57 0 0 0 0 0 0 0 87 87 0 0 26 0 46 6 0 0 0 0 0 63 0 64 0 97 0 0 0 0 0 0 0 32 0 90 0 41 0 0 0 0 0 0 0 0 0 0 95 5 0 0 0 0 0 51 0 0 0 0 0 0 0 0 75 0 0 0 0
0 86 0 0 0 0 8 0 0 26 0 0 0 0 0 0 0 0 67 0 83 96 0 0 0 0 69 0 12 0 0 20 42 0 0 0 0 65 0 0 68 49 28 0 0 0 0 2 97 0 22 0 0 0 0 0 0 0 0 0 0 0 0 0 0 0 0 0 0 0 0 0 0 0 0 0 0 75 0 0 29 0 0 0 0 0 0 43 0 2 0 45 0 0 0 0 0 61 0 0
0 0 0 0 90 0 32 0 0 51 0 0 70 0 0 28 0 0 0 61 0 0 40 80 0 0 72 46 0 0 61 0 0 40 56 0 11 0 0 38 0 0 35 0 17 0 0 68 0 0 0 0 0 0 0 0 61 0 0 0 0 0 0 54 0 0 29 0 91 0 75 78 0 0 0 0 0 0 0 0 0 19 0 65 0 0 0 0 0 0 0 0 0 0 0 0 0 0 99 0
0 50 0 0 0 0 73 25 65 92 0 0 0 0 0 0 0 0 88 0 0 45 0 0 0 0 0 0 0 0 0 0 0 0 0 81 0 0 0 0 75 0 0 0 0 1 36 63 0 71 0 0 0 0 0 0 66 0 80 0 0 20 56 0 97 0 21 90 0 0 0 53 74 0 0 0 0 0 0 0 0 1 91 0 62 0 0 1 0 0 0 0 0 85 0 0 0 0 62 6
0 0 0 75 0 44 82 0 0 0 0 58 0 1 0 0 0 0 0 77 0 0 0 0 0 0 0 88 80 54 0 0 0 0 0 0 0 16 0 0 1 0 0 5 0 0 0 0 0 0 92 0 81 33 0 0 81 0 81 0 0 0 0 27 0 18 18 0 0 0 0 0 0 0 64 0 0 65 0 0 5 57 16 0 75 30 29 71 0 0 0 91 0 0 0 19 0 0 0 0
0 53 0 19 0 0 12 0 0 0 25 0 6 42 36 0 0 0 0 1 0 27 28 0 75 0 53 0 0 0 48 97 37 0 0 0 0 0 0 18 0 62 0 0 0 50 0 5 0 0 0 0 0 66 0 0 0 0 0 91 0 0 0 0 0 40 0 0 50 87 0 0 0 0 0 0 0 0 0 0 0 0 0 0 0 0 0 0 0 0 0 0 0 0 0 0 0 0 0 0
0 10 0 0 0 41 0 0 0 0 0 0 39 69 68 0 0 57 0 26 89 0 0 61 73 0 0 76 0 0 0 0 0 0 40 52 23 0 0 0 0 0 0 0 0 90 0 0 51 0 0 0 0 0 0 0 0 0 0 0 0 0 0 0 0 0 0 92 0 31 0 0 0 0 97 0 0 0 0 0 0 29 0 61 0 0 0 30 0 0 59 0 0 0 93 0 0 0 52 86
87 0 0 0 0 0 0 0 0 0 49 0 0 0 2 0 56 0 0 0 0 0 47 0 0 76 0 0 0 0 0 0 56 0 0 0 0 59 95 0 0 0 82 0 0 0 0 0 0 0 0 0 0 0 0 0 0 0 54 0 25 0 0 0 0 0 0 0 88 0 0 71 0 19 0 0 28 78 0 39 38 0 0 15 0 0 0 0 0 0 0 0 0 0 0 0 43 0 0 0
60 69 0 0 0 0 76 0 0 0 0 0 0 0 0 46 0 0 0 0 0 0 89 0 42 0 0 3 0 28 14 0 0 0 0 15 17 29 0 0 0 0 22 0 52 0 21 0 0 0 0 0 35 0 58 0 0 0 0 0 0 0 86 0 69 0 0 0 0 0 63 0 0 0 8 0 0 0 0 0 0 0 54 88 26 0 0 0 0 0 0 0 0 0 74 67 38 0 84 0
0 16 0 0 0 0 0 0 97 0 0 0 0 0 100 0 0 0 0 83 3 0 0 59 5 0 0 0 0 0 0 65 0 0 0 53 0 45 0 0 0 0 0 0 0 0 0 0 0 0 0 0 0 0 0 0 0 84 81 0 43 0 0 0 0 35 0 0 0 0 0 0 0 88 9 0 0 12 69 0 0 0 72 0 0 6 0 33 7 0 0 0 0 0 0 0 0 0 0 0
0 68 0 0 70 0 0 0 1 8 0 0 0 0 0 0 0 0 0 67 83 0 0 0 0 0 0 0 0 0 0 0 0 0 53 0 25 26 0 0 0 48 0 0 0 0 0 48 0 0 0 0 68 0 0 24 0 0 0 65 0 82 0 0 0 0 0 0 0 0 80 0 95 91 0 0 0 0 0 0 0 0 28 14 0 7 0 54 0 0 0 0 0 0 0 0 0 62 0 0
0 0 0 0 0 33 75 0 0 61 0 0 0 83 0 0 0 0 85 0 0 0 38 0 28 0 0 0 40 56 0 0 0 0 0 12 0 0 0 78 100 0 71 43 0 0 0 0 0 0 35 0 0 0 0 0 0 0 0 0 0 0 0 60 0 63 0 0 64 0 0 73 0 55 0 0 0 61 0 0 0 79 27 1 72 0 0 45 0 0 0 79 39 0 0 0 0 9 39 0
0 0 4 0 0 0 0 78 14 70 0 0 89 20 0 0 0 0 86 0 85 0 0 0 0 0 0 0 0 0 30 0 0 14 74 0 0 0 50 54 48 0 56 0 0 88 7 0 0 0 0 0 0 0 98 0 0 84 0 0 0 0 71 9 0 0 0 65 0 11 0 0 68 0 0 16 0 0 0 0 0 69 0 5 0 0 0 0 0 0 0 0 65 0 39 37 0 0 0 0
0 0 0 0 0 0 0 33 0 0 62 0 0 0 100 0 76 0 0 0 41 0 0 0 0 0 43 0 0 0 0 0 0 0 0 0 86 0 0 0 54 0 0 99 0 0 38 0 0 17 0 0 44 0 0 0 0 0 0 0 23 0 87 0 0 0 0 0 84 0 6 0 0 0 10 0 0 0 0 0 91 0 0 0 26 0 0 0 0 0 13 0 0 0 0 0 57 0 0 0
0 43 0 34 0 0 0 81 0 0 0 14 0 0 80 37 0 10 0 0 0 0 0 0 28 0 0 0 0 0 0 0 98 0 0 0 0 0 62 98 0 0 0 0 0 99 0 0 0 0 0 84 74 0 0 0 0 0 0 45 0 0 0 0 0 44 61 0 34 0 0 0 0 0 0 0 0 0 32 68 0 0 0 0 0 0 0 25 20 0 0 0 0 0 0 0 0 0 92 78
0 0 0 47 0 0 0 65 0 0 0 13 0 0 0 0 82 0 0 0 0 0 0 0 0 62 0 0 0 83 0 0 0 0 2 0 0 76 0 0 30 0 0 0 23 0 0 0 0 0 92 86 69 0 0 0 0 0 0 0 0 0 0 24 0 77 85 65 7 0 0 9 0 0 0 0 88 5 27 0 0 51 0 0 0 0 0 0 15 74 0 0 0 0 0 0 0 51 0 0
0 61 0 0 0 0 0 0 0 33 0 0 48 0 0 0 0 0 0 68 0 0 0 15 0 0 0 0 0 0 0 0 0 0 13 0 0 0 0 0 0 0 0 0 0 0 0 0 8 0 0 0 0 0 0 0 0 0 0 6 0 52 93 0 0 0 84 0 0 59 0 0 0 56 0 16 0 20 0 69 32 0 0 95 0 0 0 0 0 0 0 0 49 0 0 0 0 0 0 0
0 0 0 0 0 0 45 0 0 0 0 0 0 0 0 14 0 0 62 0 0 86 0 75 0 0 57 9 0 0 0 89 0 0 0 0 0 0 25 0 0 0 0 57 89 0 0 0 0 0 0 0 31 0 0 91 0 0 20 0 0 0 0 0 0 0 0 0 0 0 45 0 22 0 0 0 47 0 0 30 0 0 99 0 0 0 0 11 0 0 0 42 0 0 0 26 0 37 0 0
0 38 83 0 0 0 0 0 0 0 86 0 0 0 0 0 91 95 0 0 0 43 0 0 19 0 65 0 2 0 0 0 0 0 0 0 0 0 87 78 0 0 0 0 0 50 0 0 0 0 45 58 0 0 83 0 0 0 0 0 20 0 0 7 0 89 0 0 0 0 0 0 0 0 0 0 0 0 0 0 0 0 0 0 84 0 0 0 0 0 0 0 0 0 67 0 0 67 0 33
0 0 0 56 0 99 0 0 0 0 0 0 0 0 0 0 70 0 0 0 0 0 0 0 0 0 0 0 0 20 0 0 0 100 0 0 0 0 0 0 0 0 0 94 0 56 0 0 0 0 0 0 12 65 0 49 0 0 0 0 0 0 0 0 0 0 0 0 47 0 0 0 0 0 0 0 0 0 50 0 0 0 66 0 0 0 0 0 0 0 0 0 0 79 0 19 48 0 90 0
0 0 0 4 98 0 0 0 0 0 0 0 0 0 0 86 0 0 32 90 77 0 0 0 0 0 0 36 56 57 0 0 0 72 0 90 0 0 1 0 0 0 0 0 0 0 0 0 0 0 27 0 0 0 0 89 0 91 0 0 95 0 97 0 0 0 0 60 0 0 0 0 0 0 60 5 47 17 0 65 0 0 0 0 0 0 0 0 0 0 33 0 0 0 47 0 0 0 0 0
0 0 0 0 0 0 0 0 0 0 0 0 14 0 0 0 0 0 50 41 0 0 0 0 0 0 0 0 57 0 33 0 0 0 12 0 54 0 0 0 0 42 0 0 0 0 35 0 0 0 0 0 5 35 0 0 7 0 0 2 0 0 0 0 0 0 0 0 0 0 2 0 0 0 0 0 58 0 0 0 0 1 0 43 0 96 0 0 0 0 0 74 0 0 24 0 0 0 0 0
0 0 0 0 0 0 0 0 84 82 19 0 61 0 78 0 0 0 74 0 0 0 0 63 0 0 0 20 0 52 0 0 0 0 0 0 0 38 29 0 0 12 0 21 69 0 0 37 0 0 0 0 56 0 69 0 0 96 0 0 0 0 0 0 39 0 0 0 0 0 0 13 0 69 0 0 0 0 97 0 0 88 0 0 33 0 0 0 0 7 0 93 0 0 5 0 0 8 0 0
0 0 0 0 0 0 0 0 0 0 0 0 0 0 0 0 0 7 6 5 24 0 0 0 0 0 0 0 0 0 0 0 27 0 91 0 0 0 56 0 0 0 0 35 0 0 0 0 0 0 0 62 0 30 0 0 0 0 0 87 87 0 0 0 0 0 0 48 0 0 0 0 0 0 0 0 0 57 0 0 0 0 96 0 0 0 0 0 83 0 0 0 0 0 8 0 0 39 0 12
0 0 65 66 80 0 0 0 0 37 0 0 0 0 0 0 0 0 0 0 0 0 0 0 0 0 0 0 0 31 0 0 0 0 49 0 0 0 0 41 0 0 0 0 0 0 0 0 16 50 77 0 0 0 0 0 0 0 0 0 0 0 0 0 0 0 2 0 0 0 0 0 0 19 0 54 0 0 75 0 57 0 3 0 0 0 61 0 0 0 87 0 0 0 0 0 0 78 15 0
0 0 0 0 66 91 0 0 11 0 0 0 0 0 0 0 0 0 0 0 0 0 0 0 0 83 0 0 0 0 0 96 0 0 0 0 0 0 0 0 0 0 0 0 0 0 0 0 0 0 76 0 0 0 45 0 0 13 13 0 0 97 0 80 0 0 92 0 0 0 0 0 0 0 0 0 0 0 0 0 0 47 11 31 0 0 0 0 0 0 0 88 90 74 39 0 0 0 25 0
0 0 0 0 5 0 0 0 6 0 71 0 0 0 0 54 0 0 0 0 0 0 6 0 0 0 0 0 63 0 0 0 0 84 0 0 0 42 0 0 0 0 45 0 45 0 48 0 51 0 0 81 77 0 2 0 0 0 0 85 0 76 0 0 0 0 0 0 0 64 0 0 20 2 57 0 0 0 61 78 71 0 0 62 62 0 0 0 0 0 51 11 74 87 82 0 0 64 0 0
0 95 0 0 0 0 0 0 0 0 0 0 57 51 0 0 0 0 0 0 0 62 0 0 0 0 0 53 0 0 36 0 0 0 0 0 15 0 76 0 0 0 13 0 0 0 36 4 0 0 49 0 9 0 80 0 0 0 0 0 0 0 0 59 0 0 64 0 0 87 0 0 0 0 0 0 0 0 7 37 0 0 52 0 0 0 51 0 0 0 0 0 0 0 0 0 0 0 0 0
0 55 0 0 0 0 0 0 0 0 0 0 0 0 0 0 36 0 0 0 0 0 0 0 36 0 0 27 85 0 78 0 0 0 0 0 0 0 68 0 0 79 71 0 0 0 0 61 59 0 83 31 58 0 0 0 0 0 0 0 0 0 11 92 0 0 0 0 0 0 0 0 0 0 0 0 0 0 0 0 0 0 18 0 0 0 0 0 0 0 55 0 35 88 0 6 0 0 0 43
0 60 0 5 0 56 0 58 0 0 0 96 0 0 65 38 0 58 0 0 54 0 0 21 0 0 0 0 0 0 39 0 19 3 0 89 0 0 14 68 0 0 0 0 0 22 21 0 0 45 0 0 0 0 9 0 0 0 0 0 0 0 0 0 95 0 0 0 0 0 0 0 0 0 0 0 97 0 0 0 17 0 0 0 0 0 56 0 0 0 0 0 0 0 0 0 0 0 3 0
0 21 0 0 3 0 84 0 0 0 0 0 0 0 75 68 0 0 0 0 0 0 0 0 0 0 0 0 0 0 0 23 91 0 0 0 0 82 0 0 0 86 0 0 48 0 75 0 0 0 0 0 0 0 0 42 0 51 0 73 76 0 0 0 0 0 0 0 0 0 0 0 0 0 0 0 51 0 0 68 0 0 0 0 0 0 2 0 0 0 0 0 0 16 58 75 16 9 45 0
0 83 0 0 0 0 0 0 0 0 0 78 0 0 0 0 0 0 0 0 0 0 0 79 0 81 6 0 0 0 0 0 0 0 0 72 0 0 0 0 68 0 83 0 0 0 0 0 0 0 0 0 0 0 0 0 0 70 0 0 41 43 0 0 98 18 0 44 0 0 0 5 0 0 0 0 0 0 0 0 0 40 0 0 0 0 31 0 0 0 67 0 0 0 2 80 0 0 2 0
12 0 0 0 0 0 0 0 0 0 0 0 65 0 0 18 0 0 40 0 38 27 0 0 0 0 0 0 0 0 0 0 4 0 38 0 0 0 0 0 0 0 0 0 0 0 0 0 0 39 0 0 0 0 78 0 0 24 0 0 90 64 21 0 0 0 13 28 0 0 0 0 0 0 0 0 0 65 0 0 6 0 0 0 0 0 0 0 52 0 0 0 0 0 72 0 0 49 13 0
0 0 0 0 0 0 0 14 42 0 0 0 0 0 0 0 34 0 42 73 0 0 20 0 43 0 0 0 30 0 0 0 0 87 0 0 0 75 0 0 45 0 0 0 0 0 0 0 0 89 0 0 1 0 0 0 0 0 4 0 0 0 0 0 0 0 49 0 0 0 0 38 0 0 0 100 0 40 0 0 0 0 0 0 0 0 49 61 0 0 0 0 0 0 79 0 0 0 0 0
0 0 0 0 0 0 0 0 0 0 0 0 0 53 0 0 0 0 0 0 0 0 0 0 0 0 0 0 0 0 0 39 0 0 0 0 39 0 0 0 50 49 84 0 0 0 0 0 0 0 0 0 0 0 91 0 0 0 0 0 0 90 0 0 0 32 0 0 0 0 0 0 50 0 0 0 0 0 0 0 0 0 0 59 30 0 0 0 55 0 0 62 91 0 0 0 31 0 0 0
0 0 0 0 59 0 0 0 0 0 0 0 0 0 55 0 0 0 77 0 0 86 0 0 0 0 0 0 84 0 0 0 0 0 59 72 0 43 0 18 0 0 61 0 0 15 0 0 0 74 0 0 0 0 0 0 7 63 0 0 47 0 0 59 0 0 70 0 0 0 69 60 0 0 0 0 0 34 82 0 0 0 0 84 0 64 0 0 0 38 0 0 0 0 0 97 68 0 0 0
0 34 0 0 66 0 0 0 0 0 0 0 55 0 0 0 0 89 0 0 0 0 0 0 0 0 0 0 0 0 70 0 0 0 5 0 76 78 0 0 74 0 0 0 0 0 0 0 0 0 0 0 0 0 0 0 0 0 0 17 0 0 0 0 0 0 66 0 35 0 82 0 0 0 0 0 0 0 32 0 0 0 72 0 37 0 0 0 0 0 0 40 0 0 0 91 0 0 54 0
0 0 80 0 0 0 33 0 0 0 0 0 0 25 0 17 0 51 0 0 0 15 0 37 48 98 0 0 80 0 94 0 0 82 26 0 0 0 77 97 17 0 61 0 0 0 22 0 63 0 0 0 0 0 0 3 0 65 0 45 0 0 47 0 0 0 0 0 91 0 0 81 0 13 0 75 2 0 0 0 0 0 18 0 0 0 0 0 0 5 0 87 0 12 0 0 0 0 0 0
0 52 0 6 0 0 0 0 0 0 0 13 0 58 48 0 0 0 53 99 0 0 0 4 89 0 0 19 0 0 0 0 0 0 0 0 36 3 1 88 46 24 72 0 0 0 0 0 0 0 0 0 98 0 0 0 0 0 0 0 79 82 0 26 0 100 0 50 0 0 0 0 0 0 89 21 0 0 0 0 0 0 5 0 0 49 2 0 0 12 0 0 0 16 0 0 0 0 0 0
3 99 16 0 0 0 0 76 0 41 0 0 70 98 0 29 0 61 0 78 86 0 0 38 0 0 85 0 0 0 0 13 0 0 63 66 0 0 62 86 0 13 0 22 0 85 0 0 0 0 83 0 60 0 0 0 46 0 0 0 0 0 0 47 0 0 0 0 0 0 0 0 0 25 0 0 0 0 0 0 0 57 0 42 0 0 41 0 0 23 0 60 0 0 0 0 0 0 0 0
0 0 0 0 0 17 0 0 0 0 0 0 0 73 0 0 0 0 0 0 0 0 0 0 0 0 0 0 0 83 10 0 0 17 38 87 0 0 0 0 0 75 0 13 36 6 71 0 8 0 0 0 0 0 15 29 0 96 0 0 0 75 0 0 0 0 0 0 0 0 0 98 0 30 0 0 0 0 0 0 24 0 0 0 11 0 0 0 0 0 0 0 0 0 0 0 0 0 0 0
92 0 0 0 0 0 91 0 0 23 3 0 0 0 0 0 0 0 0 0 0 0 0 0 0 0 42 0 0 26 0 70 0 0 0 59 0 0 0 0 22 0 0 0 0 0 0 0 0 0 0 0 0 0 6 0 0 0 0 0 0 0 0 0 0 0 22 0 0 0 0 0 0 0 0 0 49 0 0 88 0 0 0 0 50 0 0 0 0 0 0 0 0 0 0 28 0 0 0 0
28 66 89 0 0 0 64 0 0 13 0 35 0 0 0 0 0 39 75 0 0 0 0 0 0 0 0 0 0 27 0 0 0 0 0 0 0 0 0 0 75 24 59 0 0 0 0 57 0 0 0 0 0 0 0 0 0 0 16 0 0 0 0 93 0 69 0 0 0 0 0 0 0 77 71 0 0 89 0 67 0 0 0 41 0 0 0 0 0 0 0 0 74 0 88 22 0 0 0 39
26 0 0 0 0 0 8 0 0 0 0 0 0 76 0 0 0 47 0 0 0 0 17 0 0 0 0 0 0 0 0 36 12 0 36 38 28 0 0 45 0 12 0 0 70 0 0 0 68 0 0 0 0 0 0 0 0 0 0 96 0 0 100 0 21 0 0 37 29 0 0 0 0 61 19 97 0 0 40 0 0 0 0 0 0 0 0 0 50 64 0 82 0 34 0 0 0 0 0 0
25 0 0 25 0 0 0 0 0 45 0 0 0 25 63 0 0 0 0 95 0 0 12 0 69 55 14 37 39 30 0 0 0 97 0 0 95 17 0 0 0 0 7 0 37 0 0 0 0 0 0 0 46 92 0 0 0 0 0 0 6 0 0 0 0 0 0 0 13 0 0 0 0 53 0 0 0 0 0 68 0 0 0 34 0 0 0 0 25 0 0 0 0 0 0 0 0 0 0 92
94 43 50 0 0 6 0 0 0 0 25 0 85 0 0 0 0 0 0 0 0 0 0 0 0 18 0 54 0 0 0 0 0 0 0 5 0 0 0 62 74 4 0 0 0 0 0 0 38 77 83 81 15 66 0 0 0 0 0 0 0 0 0 0 0 0 0 0 0 0 0 0 0 0 0 0 7 80 0 0 0 0 0 0 0 0 38 0 0 0 0 0 0 0 0 0 30 0 29 0
0 0 0 25 0 0 78 0 51 0 0 0 0 0 89 0 0 0 0 73 0 65 0 0 61 0 0 13 0 0 0 0 0 0 60 53 0 76 71 0 2 0 0 0 2 0 0 0 0 0 0 81 0 78 0 46 39 0 0 0 0 0 0 30 0 100 89 0 45 0 0 33 86 21 0 0 0 0 38 0 0 1 0 74 0 0 0 0 0 0 85 9 0 0 0 0 69 0 0 96
33 25 0 0 16 0 0 0 0 0 8 0 0 62 0 0 0 32 0 0 0 0 0 63 0 0 0 0 48 0 80 0 0 0 0 0 0 0 0 0 0 0 0 0 0 46 0 57 0 0 15 0 0 0 48 0 79 0 72 0 8 0 69 0 33 0 92 23 21 0 0 0 98 0 0 0 0 0 0 0 0 0 0 0 0 94 0 0 5 0 0 0 0 0 11 0 89 0 0 0
0 0 0 0 0 0 0 0 0 0 52 85 12 0 0 0 0 0 0 0 40 98 0 87 0 34 0 0 98 56 0 0 0 69 0 0 32 0 54 0 76 55 0 94 0 0 0 0 98 0 0 0 0 46 61 0 0 10 5 0 0 63 0 9 0 0 0 35 0 0 0 0 0 0 48 0 20 99 42 0 0 77 0 0 0 16 0 0 80 58 11 0 0 0 0 0 78 0 88 0
0 66 0 0 0 0 0 0 14 0 0 0 76 0 92 0 0 0 0 100 59 0 0 0 0 0 0 96 23 90 0 0 61 0 80 0 0 0 0 0 0 0 73 0 0 0 0 0 0 0 0 0 0 0 0 34 23 25 0 56 0 0 0 37 6 0 0 0 0 0 3 0 0 0 83 0 0 0 59 96 0 0 40 0 0 0 25 9 0 0 0 0 0 0 0 0 0 0 0 0
40 0 0 0 0 49 0 0 0 39 0 92 0 0 0 0 0 97 0 0 89 1 0 0 0 0 0 0 0 0 0 0 0 0 38 0 6 0 0 0 0 85 0 13 0 0 54 0 0 0 0 0 0 0 0 0 0 7 0 0 0 0 0 0 0 0 0 0 0 78 0 0 2 72 0 73 0 42 0 0 0 0 54 37 0 0 0 39 0 4 68 22 46 0 100 0 0 0 0 0
0 5 0 52 0 0 46 0 0 0 0 0 0 67 54 0 0 0 0 0 0 0 0 12 65 0 0 0 0 0 0 0 0 73 0 0 25 0 6 0 0 20 0 0 0 0 0 0 0 55 0 0 0 46 0 27 0 0 60 0 0 0 73 0 0 89 0 0 23 0 0 0 0 0 34 0 74 24 23 0 0 0 0 24 0 12 0 0 62 0 0 0 0 0 93 0 0 0 0 0
83 49 0 0 0 0 0 78 0 0 0 0 0 0 0 0 0 88 0 0 0 95 100 0 0 49 7 0 0 98 0 0 0 0 0 56 0 0 5 0 0 45 0 0 0 0 55 0 0 57 11 0 14 0 0 5 0 0 0 0 0 66 0 0 0 0 0 0 29 34 0 57 6 0 0 0 85 0 47 0 0 35 0 0 0 1 5 0 4 0 0 0 0 0 36 22 64 0 0 0
0 0 0 68 0 0 0 0 0 0 0 0 0 0 0 0 0 0 0 0 0 2 0 60 85 0 64 0 53 7 0 0 0 0 0 0 0 83 0 0 0 84 95 0 40 41 0 0 67 0 0 25 0 84 0 0 0 0 18 0 0 59 22 0 0 0 0 84 0 0 0 97 96 0 0 0 0 0 0 99 0 0 0 0 70 0 0 0 0 78 0 0 0 0 0 28 0 0 44 92
0 0 0 54 0 0 0 0 0 69 0 0 0 78 51 0 0 0 0 0 0 0 11 0 0 0 0 98 0 0 0 0 0 40 4 0 0 0 0 51 0 0 0 0 69 0 0 15 0 67 0 0 0 0 0 0 0 0 0 33 0 0 0 0 0 68 0 31 50 0 0 0 0 0 0 0 0 0 0 43 0 0 75 0 89 99 0 0 0 61 0 0 81 0 77 66 0 0 0 14
13 10 70 0 0 0 0 0 0 0 0 0 0 92 0 0 37 0 0 0 2 0 0 0 0 0 0 0 0 0 0 0 86 64 0 0 0 0 0 0 0 0 0 0 0 0 0 0 0 69 0 67 0 0 0 0 43 0 45 0 34 48 52 0 39 0 0 0 97 0 3 0 99 0 0 0 51 0 0 0 57 80 0 0 66 0 0 0 0 0 0 0 0 45 85 24 0 0 0 0
0 0 0 0 0 33 0 0 0 0 0 0 75 0 0 85 0 1 0 0 0 0 45 0 0 0 0 0 0 0 70 4 0 0 0 0 0 0 100 0 0 87 0 0 0 0 52 53 0 79 46 0 0 81 0 0 0 8 95 0 0 55 0 0 0 0 0 0 0 0 58 0 20 0 0 0 63 0 79 0 0 43 4 0 0 0 0 0 0 28 0 55 0 0 0 0 0 83 0 47
0 0 0 0 0 0 86 62 0 0 0 0 0 0 0 0 92 0 0 0 0 0 0 0 9 35 78 0 0 88 71 0 57 0 60 95 73 0 0 0 0 0 34 23 0 27 0 0 85 0 0 3 13 90 97 0 0 0 0 0 99 14 86 0 1 0 35 0 0 0 0 86 0 39 0 0 0 0 13 0 78 0 0 100 0 0 38 0 5 0 0 0 0 0 0 0 0 0 0 0
0 0 0 0 0 0 0 17 0 0 0 0 0 0 0 0 26 0 54 0 0 0 0 32 0 0 0 0 0 9 99 0 0 0 0 0 30 66 0 0 0 46 0 0 0 54 48 0 0 0 0 78 28 0 0 0 0 0 0 0 0 0 0 0 42 77 0 0 0 0 0 0 68 0 0 60 0 0 46 0 0 77 46 26 0 0 9 0 0 0 0 37 0 0 0 0 0 0 0 0
0 80 3 59 74 0 41 0 72 99 0 0 0 0 66 0 0 0 0 100 0 0 0 0 58 0 14 0 0 0 0 0 0 0 0 0 98 0 0 0 0 0 0 0 0 0 42 0 0 29 0 0 0 0 41 0 0 0 0 0 0 0 0 42 0 0 0 81 0 0 56 0 0 6 0 0 0 0 0 0 0 0 0 0 0 0 0 0 0 0 0 0 0 0 0 0 0 0 0 0
0 52 39 75 0 0 15 0 0 0 0 0 0 0 16 54 85 0 0 0 0 59 0 0 43 0 58 0 0 0 0 82 87 9 0 0 55 0 57 94 89 0 0 0 0 0 0 0 35 0 51 0 0 0 0 0 63 0 0 0 0 0 0 0 89 0 0 75 0 0 81 0 0 0 0 0 0 7 0 38 0 0 94 0 0 15 0 0 0 0 13 0 0 68 21 64 0 37 7 0
0 0 0 0 0 0 0 0 4 99 0 0 0 0 70 0 0 45 83 0 0 0 99 0 0 0 0 0 39 0 0 0 0 0 0 0 0 64 0 42 0 0 57 92 0 0 0 0 0 0 0 0 0 0 0 0 0 0 0 0 8 0 0 0 0 55 0 0 0 0 0 21 0 0 70 0 0 0 0 0 0 63 36 0 0 7 0 61 0 0 0 0 0 0 0 0 3 0 0 23
0 0 0 84 0 0 33 68 0 87 0 0 44 0 0 0 0 0 0 67 0 75 62 28 0 52 0 0 0 80 0 0 0 99 0 21 40 62 0 0 0 0 0 0 0 0 0 0 0 91 58 41 95 0 0 0 0 0 0 0 0 0 0 0 0 59 0 0 23 77 0 0 0 0 0 0 0 0 0 0 68 37 0 0 60 0 0 0 0 0 0 0 0 0 0 0 0 0 0 0
81 42 0 0 13 0 0 56 75 19 0 0 0 0 0 0 0 0 26 0 0 0 0 0 0 41 0 0 0 0 0 0 0 44 0 0 0 0 0 0 0 0 0 0 14 0 43 0 0 0 0 0 88 97 0 30 0 0 63 0 31 0 0 0 29 0 21 0 0 0 36 0 0 0 0 0 0 0 0 0 0 9 69 0 0 0 60 0 0 0 0 41 0 0 0 61 33 0 0 0
0 0 13 0 0 0 0 0 0 0 0 0 0 0 0 66 17 25 0 0 0 0 48 0 0 0 0 0 0 57 0 13 79 0 0 0 0 0 0 63 34 0 97 0 0 0 0 42 12 0 0 4 0 0 0 0 0 0 80 0 0 0 58 0 42 0 0 0 0 90 0 0 0 0 0 0 0 59 0 0 0 0 10 2 0 0 8 33 0 0 0 0 63 0 0 76 0 0 0 0
78 0 52 0 0 0 0 0 44 0 0 60 46 0 0 54 0 72 0 0 0 68 0 0 97 0 0 41 0 0 0 0 26 0 0 0 0 0 0 0 31 45 0 0 0 0 38 53 0 0 0 21 0 0 90 51 3 0 0 0 0 11 85 0 22 0 0 0 0 0 0 0 55 0 0 0 0 0 0 0 0 0 0 28 0 0 0 0 24 0 0 0 0 0 60 0 51 0 0 12
0 0 0 0 15 0 0 0 0 66 0 80 0 9 0 0 0 0 0 0 0 42 34 0 42 0 4 0 0 0 0 0 0 0 82 0 0 0 0 0 0 68 0 75 0 7 0 0 34 0 0 0 0 49 0 29 0 0 0 0 0 0 0 0 0 0 43 0 91 0 4 0 0 0 0 0 0 0 0 1 24 69 0 0 0 0 0 0 0 2 0 37 0 90 0 0 89 0 0 0
0 0 0 83 0 0 0 0 0 0 0 60 74 0 90 0 0 0 31 0 0 34 0 0 0 0 0 0 54 0 0 81 0 53 0 0 0 0 0 7 0 0 0 0 0 46 14 9 0 0 7 91 0 0 0 0 0 0 0 0 0 0 0 14 0 0 0 0 0 0 0 0 0 0 0 75 46 0 0 0 0 26 0 0 45 0 29 0 0 0 89 0 0 0 97 0 0 0 0 0
0 0 0 0 0 47 0 0 0 0 0 32 0 0 0 0 0 0 23 0 0 0 17 39 0 86 0 0 0 0 0 0 0 0 0 65 0 0 0 0 5 31 0 9 14 0 0 0 0 0 0 63 88 0 0 0 0 89 0 0 0 0 0 57 0 0 0 0 0 57 0 0 0 18 0 0 100 0 0 78 0 20 14 0 0 0 0 90 0 0 0 0 15 0 0 0 0 0 0 8
0 0 0 33 0 0 0 0 0 0 51 0 0 10 0 0 0 0 0 0 0 56 0 0 0 0 0 28 0 77 95 0 0 0 0 54 46 0 0 0 4 0 0 0 0 0 0 0 0 0 0 0 63 0 52 0 0 0 0 0 0 0 0 79 0 73 0 31 0 0 88 0 0 0 34 0 0 0 0 91 74 0 98 88 0 0 0 0 0 0 34 62 0 86 0 0 0 0 0 0
0 33 98 9 82 0 0 0 0 0 0 0 0 0 49 85 17 0 0 0 0 66 81 67 0 0 9 14 34 0 0 74 0 0 0 70 8 0 0 0 0 0 0 0 0 0 39 51 57 0 0 0 48 0 0 0 0 0 0 0 100 0 40 0 0 0 0 0 3 0 9 0 0 0 0 0 75 0 0 64 0 0 0 29 0 0 0 0 29 94 67 0 64 0 0 94 0 0 0 4
0 0 0 0 0 0 0 61 0 0 0 0 0 0 15 90 0 0 0 0 0 0 25 64 100 0 0 0 0 0 0 0 0 0 0 38 21 0 0 55 28 61 0 0 0 0 0 33 0 0 2 0 47 0 0 0 0 0 0 0 0 0 0 53 0 88 0 65 53 76 11 54 22 0 0 0 21 0 25 0 0 0 11 0 0 0 0 0 0 0 0 0 0 0 0 0 0 38 96 0
0 0 0 0 0 75 0 0 0 24 0 15 0 0 51 37 0 0 0 0 0 0 0 46 0 0 24 0 0 0 0 91 0 0 0 0 83 0 0 0 0 0 0 0 0 69 0 0 0 67 0 97 0 0 0 0 46 0 0 27 0 0 0 0 0 0 0 39 0 0 0 0 0 0 88 0 0 0 0 0 0 0 0 0 0 0 0 0 0 0 0 0 0 0 0 76 0 0 0 0
0 0 0 32 61 0 0 93 0 0 0 33 27 0 0 14 56 0 0 0 0 0 0 0 0 0 0 0 0 0 63 10 0 80 33 0 0 0 0 0 0 0 0 0 0 0 0 0 0 0 6 36 0 0 0 0 0 0 0 28 0 0 0 0 69 89 13 0 0 0 0 0 0 0 7 44 0 0 84 0 0 58 0 41 0 0 25 0 45 0 0 38 0 0 2 49 80 0 63 0
0 49 42 0 0 0 0 0 0 80 0 0 22 0 0 18 0 0 0 66 0 0 0 0 96 0 0 0 0 0 0 62 0 0 0 0 0 0 0 0 0 0 0 0 0 36 0 0 0 0 69 0 0 0 0 71 0 0 0 68 0 0 56 0 38 0 0 0 8 54 0 0 23 0 0 3 0 0 94 0 0 30 0 0 0 0 0 0 21 0 65 0 64 0 0 0 0 15 98 21
0 0 0 0 0 78 0 0 0 0 0 0 0 97 0 0 0 0 44 0 75 43 0 29 0 0 1 0 0 0 0 0 62 0 0 0 33 0 0 0 0 0 0 0 0 0 29 0 0 0 0 0 0 0 0 0 0 0 31 0 0 0 0 0 0 0 0 0 0 0 0 77 47 0 0 0 0 0 0 0 45 0 0 0 0 47 0 0 0 0 0 0 0 0 0 10 78 0 0 61
0 0 95 0 70 0 0 0 38 0 0 0 0 0 0 0 0 0 0 0 0 0 99 94 0 0 0 0 0 0 0 0 0 0 0 0 0 0 82 0 0 72 19 0 0 0 83 0 37 0 0 0 0 0 0 26 0 0 44 0 46 72 49 0 0 0 0 0 0 0 0 0 0 0 16 0 0 16 0 0 0 77 0 33 0 0 0 60 0 0 0 79 66 0 0 20 0 0 0 86
0 23 10 0 28 0 0 0 21 0 0 0 0 0 0 10 0 89 0 0 76 0 0 0 0 0 0 0 0 0 62 0 0 0 63 54 0 75 0 0 0 88 0 0 0 0 0 0 0 0 21 0 98 0 11 0 65 0 0 91 46 36 15 0 0 0 0 0 0 0 0 0 0 4 0 72 0 0 0 0 67 0 26 0 43 0 97 40 0 0 36 0 0 0 0 0 0 0 0 0
0 0 0 0 0 0 0 0 0 0 0 0 0 0 0 12 73 64 0 85 0 0 0 0 0 46 0 0 0 0 0 0 0 0 0 0 0 38 0 0 0 0 36 0 0 0 0 0 0 0 0 74 0 0 0 0 0 0 0 0 0 0 0 0 63 0 0 0 0 0 0 0 0 0 0 0 0 2 0 0 35 0 0 0 0 0 56 77 0 93 0 0 0 0 0 0 0 0 61 0
0 82 0 0 0 0 76 24 0 0 0 0 61 0 0 0 94 0 0 42 0 3 51 0 0 80 0 0 44 0 35 72 0 0 0 0 0 0 0 0 0 0 0 0 0 67 18 0 0 91 0 16 92 0 0 0 0 0 0 0 0 0 0 0 66 0 0 0 72 0 0 0 0 0 61 0 70 0 0 0 0 0 0 6 95 0 0 0 2 0 0 0 0 0 0 11 0 0 0 0
0 0 0 40 0 0 0 0 0 0 0 90 0 0 0 84 0 78 0 24 0 0 0 0 0 81 0 0 0 0 0 98 40 0 0 48 0 0 0 0 5 0 20 0 27 0 0 0 0 0 0 0 0 0 0 4 0 43 0 0 0 0 75 73 0 0 35 0 0 36 0 0 0 0 0 0 51 87 0 0 64 0 0 0 0 0 0 0 0 0 0 0 0 0 0 74 0 0 0 0
0 0 0 0 0 0 44 51 0 0 0 0 0 53 0 0 0 0 0 0 8 0 0 0 0 0 0 95 0 0 63 0 0 0 0 0 0 0 0 0 59 0 70 0 0 0 0 24 0 33 0 0 34 14 0 39 45 13 0 0 0 0 0 25 0 79 0 88 100 0 0 0 0 18 0 0 58 0 62 44 0 0 0 0 0 0 0 0 0 0 0 0 0 0 27 0 32 0 0 0
43 0 0 0 20 0 0 0 0 71 0 0 87 0 0 36 0 0 0 0 0 0 39 0 0 0 5 0 0 0 93 0 0 0 0 0 52 0 0 0 82 0 0 0 59 0 0 0 0 0 0 0 0 0 0 37 0 59 0 0 79 0 0 0 0 0 0 34 64 0 0 0 26 0 0 0 73 87 0 0 13 34 0 0 97 0 12 0 0 0 0 0 0 0 0 0 0 0 1 0
0 28 0 0 0 0 61 0 0 0 7 0 0 0 0 0 0 0 59 52 0 0 0 0 0 0 0 0 0 0 37 0 60 0 0 75 0 0 0 0 0 0 0 0 25 0 0 0 0 0 0 13 0 46 0 16 0 0 0 0 42 0 0 0 0 38 0 0 0 0 0 0 62 38 70 0 0 0 0 29 0 0 0 0 0 0 0 0 0 0 0 4 79 0 0 0 62 0 0 78
0 0 0 0 0 84 0 0 0 0 0 0 0 0 0 0 78 0 43 0 11 49 0 31 0 0 0 0 0 0 0 73 0 0 30 96 0 0 0 44 0 61 0 0 24 0 88 29 0 0 0 40 0 0 0 0 0 0 0 0 0 51 0 0 0 0 0 0 0 0 0 73 0 0 58 0 45 0 0 0 0 0 16 0 0 0 11 85 74 43 0 0 0 0 0 0 0 8 62 0
80 87 51 0 0 0 0 0 93 0 99 0 0 0 0 0 23 0 16 0 0 0 36 3 0 0 0 0 0 0 0 0 0 36 0 0 0 0 0 0 0 0 0 55 0 61 52 31 0 0 14 0 0 0 0 0 0 0 53 75 0 0 16 0 2 0 0 0 94 0 0 13 0 0 3 0 0 0 0 90 0 7 0 0 0 57 0 0 53 0 0 0 0 21 0 68 0 0 0 0
0 48 0 0 0 0 0 0 0 0 34 0 66 98 0 0 0 0 0 27 0 0 0 0 0 2 0 0 0 40 0 0 0 0 0 43 0 0 0 76 31 36 53 0 0 0 0 0 9 5 43 37 0 0 12 0 0 0 78 0 0 60 0 0 0 0 5 0 0 0 0 0 0 0 14 0 0 4 50 0 0 1 0 67 0 9 82 0 0 0 0 16 0 0 0 0 79 67 0 0
0 31 0 30 0 88 21 0 22 69 59 0 0 0 56 31 49 0 0 0 0 0 66 22 0 12 0 46 0 0 6 4 0 0 0 0 73 18 0 0 39 0 62 0 0 46 0 0 68 0 0 85 0 52 0 0 0 0 0 0 0 0 0 0 0 0 0 0 0 56 43 0 0 0 65 8 57 0 0 55 0 0 0 0 0 0 0 0 49 0 0 0 0 0 0 91 0 0 0 0