100
0 93 0 81 95 16 23 0 0 0 0 0 0 0 8 34 0 0 15 0 0 17 0 26 0 0 51 0 0 34 0 93 0 0 0 0 0 0 0 57 0 17 0 0 0 0 57 0 0 0 0 0 0 0 68 98 0 0 0 0 0 0 0 0 0 0 0 27 0 0 0 0 0 0 76 0 0 0 0 0 0 0 0 0 0 78 86 0 0 0 0 85 29 0 5 0 0 0 0 0
39 0 0 0 0 24 0 0 0 0 0 0 0 68 0 95 5 13 0 0 0 0 0 0 44 0 0 71 0 0 0 0 91 0 0 9 0 0 0 0 0 0 0 0 3 0 21 0 13 0 62 0 0 0 63 0 0 0 0 12 60 0 0 0 0 0 0 0 0 0 0 0 0 87 0 0 0 0 0 0 0 0 24 0 86 26 0 0 72 0 0 0 39 0 12 0 51 0 0 0
0 0 0 0 0 0 0 0 0 0 0 0 0 0 0 0 0 0 0 63 0 0 0 64 0 0 0 0 0 51 0 0 0 0 82 72 39 0 0 0 0 0 93 0 0 0 0 36 0 0 0 81 0 0 100 0 0 5 0 0 0 0 68 0 0 0 0 0 0 0 0 0 0 0 93 8 0 0 0 34 0 0 30 3 11 0 0 0 0 0 0 0 27 0 0 0 0 0 0 0
0 0 0 0 0 0 0 0 32 55 0 0 0 0 0 13 0 0 0 0 0 0 0 0 0 44 0 0 57 0 0 0 0 48 57 0 28 0 88 61 0 0 0 0 26 0 0 0 0 44 0 0 0 0 0 0 0 0 0 28 92 0 65 0 0 55 0 0 39 0 40 0 0 0 64 0 31 0 0 52 0 0 0 0 53 45 0 0 0 0 0 0 0 0 0 87 15 0 0 0
0 0 0 79 0 0 53 15 0 0 0 0 0 0 0 26 0 0 0 0 0 0 0 82 0 0 0 5 0 0 15 8 0 0 0 0 52 0 0 0 0 0 0 0 0 0 0 73 0 62 0 0 61 0 0 64 0 0 0 0 0 69 0 11 0 14 0 0 0 25 0 0 0 0 0 0 21 0 0 0 0 0 0 0 0 0 0 0 0 37 74 0 0 0 0 0 0 17 89 0
0 31 0 0 0 0 0 52 0 31 0 0 0 0 0 0 0 10 0 0 30 0 0 0 0 0 0 0 75 0 0 0 0 78 92 25 0 0 45 0 0 0 0 0 0 0 59 0 0 0 0 0 29 0 0 0 0 0 0 0 0 68 0 0 0 0 0 6 0 0 0 59 23 0 0 0 0 0 0 44 0 0 0 46 0 32 0 0 0 0 0 0 92 0 0 0 89 57 0 0
0 0 53 0 0 54 0 0 20 0 0 0 32 85 4 0 0 0 0 0 0 29 0 12 0 0 47 0 12 4 0 0 0 0 55 0 0 54 0 0 95 0 0 0 0 58 0 0 0 0 0 0 0 0 44 0 0 0 0 0 5 99 0 0 0 0 0 61 0 50 0 62 0 0 26 0 0 0 0 0 0 78 58 2 0 0 0 11 0 84 0 0 0 0 0 0 37 0 0 0
0 0 0 0 0 0 15 0 0 0 43 67 91 0 0 0 0 0 0 0 1 2 6 25 0 21 0 0 0 0 89 0 0 74 0 59 0 0 0 68 40 0 0 0 0 2 0 0 0 0 0 0 0 0 0 0 0 88 85 0 12 0 0 41 0 0 0 0 89 0 0 0 0 49 6 36 0 0 0 0 0 0 0 75 0 0 0 96 70 0 0 0 0 10 0 58 0 0 0 16
0 43 0 28 0 0 80 0 0 42 0 64 0 0 0 9 0 0 0 0 45 0 79 0 42 81 36 0 48 0 71 0 80 15 69 0 0 28 0 95 0 0 0 91 71 0 0 0 0 0 0 6 0 0 0 0 0 91 0 10 0 0 43 0 0 0 0 82 0 56 0 0 98 0 0 0 0 55 0 0 0 0 57 0 0 0 0 0 0 0 0 0 14 0 1 89 0 0 0 18
74 0 20 0 65 0 0 0 0 0 0 0 0 77 0 0 0 0 0 0 0 0 39 0 0 45 0 0 0 0 0 0 47 67 0 0 0 0 0 0 0 0 12 0 0 0 0 0 0 0 0 0 0 0 0 70 0 0 0 0 0 0 0 0 0 0 0 0 74 0 0 0 0 0 0 0 24 0 83 63 0 0 0 0 0 90 79 0 18 0 0 0 0 0 0 0 0 25 0 0
0 0 0 0 0 89 0 0 0 0 0 0 0 79 0 0 0 0 0 0 0 0 11 0 0 0 0 0 0 77 0 0 0 0 0 0 20 7 0 0 0 0 50 0 51 0 0 88 0 87 30 0 0 15 77 0 0 0 0 0 0 0 83 0 0 0 79 0 76 0 98 0 64 0 27 0 0 0 0 0 28 0 91 0 0 0 0 0 0 96 81 0 0 0 94 0 0 7 0 57
0 90 0 0 87 0 0 0 0 0 0 0 0 0 5 0 0 0 54 90 0 0 20 0 0 0 98 63 0 0 0 0 0 0 0 0 0 0 73 0 0 0 0 0 0 0 0 0 0 0 0 0 0 0 74 0 0 34 6 8 0 0 0 0 0 0 0 0 0 0 0 0 0 0 0 0 0 0 0 0 80 0 0 0 0 30 55 0 0 0 0 0 0 0 0 0 0 0 97 0
0 79 0 0 0 0 0 0 0 0 0 10 0 0 0 83 47 0 33 0 0 94 0 92 0 48 0 0 0 0 0 0 0 0 0 0 0 0 64 0 0 0 42 0 0 0 0 56 0 79 0 0 79 0 0 0 0 0 0 22 0 0 19 90 0 16 0 0 0 0 0 0 0 0 0 83 0 61 0 0 0 61 0 96 0 0 0 0 0 0 0 0 0 0 0 95 0 0 0 0
15 0 63 0 0 0 0 0 0 0 0 11 0 0 0 0 94 0 0 0 0 2 0 0 0 0 0 0 87 22 9 0 0 0 0 83 0 0 0 3 0 0 0 0 0 76 0 69 0 0 0 0 0 0 0 100 0 0 0 94 33 71 68 0 0 6 82 0 0 0 0 41 46 0 0 70 45 0 0 0 0 0 0 0 4 0 0 0 44 0 0 0 0 0 0 0 69 0 38 57
0 0 0 0 0 0 26 0 0 11 0 28 0 0 0 42 0 93 0 0 1 0 0 0 0 0 0 0 0 0 77 0 12 40 62 0 2 0 0 0 0 0 0 0 0 0 60 0 0 0 0 0 0 0 0 0 0 0 0 49 95 0 0 36 4 0 0 30 0 0 52 0 0 0 0 0 91 0 0 0 0 0 87 0 54 0 0 0 0 23 72 19 0 23 7 0 0 0 0 0
0 0 0 0 0 0 88 0 0 53 0 0 0 0 0 0 0 0 0 0 0 0 0 0 0 0 0 0 4 0 0 0 0 0 0 0 98 0 0 0 0 0 0 0 0 0 0 82 0 0 83 76 0 0 0 0 39 83 0 95 0 0 0 91 0 0 0 94 0 0 0 0 0 0 0 0 40 0 0 0 68 0 0 0 0 0 0 0 0 0 0 34 0 8 94 0 0 0 62 0
79 0 0 0 0 0 0 0 0 0 16 0 0 0 0 0 0 18 0 0 0 0 0 0 0 28 0 0 0 0 0 0 0 16 0 0 0 0 0 0 0 0 0 0 59 0 16 0 0 23 0 0 54 95 0 0 0 0 0 52 0 0 0 87 0 0 8 0 56 83 0 0 94 0 29 0 0 0 51 15 75 0 0 0 0 0 0 0 0 20 0 0 39 0 68 0 33 95 47 0
0 0 38 39 17 24 86 61 0 0 61 28 0 0 0 0 0 0 0 0 32 0 0 62 0 0 0 0 0 0 0 0 0 0 0 0 0 0 0 1 0 0 0 0 0 0 0 0 46 0 0 0 0 28 0 29 80 32 0 0 0 0 0 51 59 0 0 0 0 0 29 0 93 0 0 0 0 0 0 0 0 21 0 0 0 0 0 65 16 0 84 0 37 0 0 0 61 12 0 0
0 93 0 0 0 0 33 62 0 31 0 63 0 0 0 0 0 0 0 0 0 0 0 0 0 0 0 0 0 0 0 70 0 15 0 0 36 67 0 0 0 0 0 0 0 24 0 0 42 0 0 0 47 0 0 0 74 0 11 63 64 0 0 0 0 0 15 0 0 0 5 0 68 0 0 0 0 86 0 52 0 0 0 0 0 0 38 48 0 49 0 0 0 53 0 0 0 0 0 0
66 0 0 0 0 0 0 0 69 0 0 0 0 0 0 94 66 0 0 0 0 0 74 38 82 37 0 0 0 0 92 0 0 0 0 0 47 28 0 0 0 0 0 0 0 0 69 0 85 0 19 85 87 0 0 0 0 0 0 0 13 0 0 0 0 0 17 0 0 0 0 0 17 0 0 0 0 31 0 0 0 0 0 0 0 0 0 0 0 0 0 0 0 40 0 0 0 0 89 69
0 0 0 0 82 0 0 0 0 0 0 0 77 0 0 0 0 0 81 0 0 35 0 0 0 0 0 27 0 9 0 0 47 81 0 0 0 0 53 26 99 0 0 0 0 0 0 0 0 0 36 0 10 0 0 0 66 21 0 0 0 0 91 0 0 0 95 0 0 0 97 0 69 0 0 0 0 0 0 67 0 0 0 0 0 84 12 0 84 71 0 0 38 0 41 0 100 0 5 13
42 0 0 0 0 0 0 0 27 0 68 0 0 0 0 0 0 0 0 2 83 0 0 0 0 0 0 0 0 0 0 0 0 0 0 0 14 0 0 20 0 0 11 0 0 0 0 0 0 0 0 76 0 0 0 50 0 0 0 0 0 0 0 0 0 0 0 97 0 78 0 0 0 33 0 0 0 73 0 0 0 0 97 26 0 0 0 0 0 33 0 0 0 0 0 0 0 61 64 0
0 50 0 34 40 80 5 91 0 0 0 0 0 81 84 0 43 3 0 0 0 0 0 12 74 0 0 0 0 0 0 86 0 0 0 0 0 26 0 0 12 0 0 0 0 0 47 0 15 0 0 23 0 0 0 0 0 0 0 0 0 33 12 0 0 0 0 0 0 0 0 58 0 0 0 13 0 0 0 0 0 0 0 0 0 0 0 0 0 0 0 0 0 0 0 0 0 0 0 15
0 0 0 4 0 0 0 24 0 100 0 0 0 0 43 0 0 0 17 0 8 81 93 0 0 64 0 0 0 0 0 0 13 0 0 0 19 0 4 44 0 0 0 32 0 0 0 10 0 64 0 100 0 24 64 0 0 0 0 88 26 9 0 0 12 31 0 0 0 0 0 37 0 0 0 0 0 0 0 0 73 67 34 0 0 97 0 86 0 0 0 0 0 0 0 0 0 61 0 0
0 7 0 0 0 0 0 99 0 0 21 0 0 0 79 0 40 44 62 0 0 75 0 0 0 0 0 0 0 32 0 0 0 98 0 11 0 0 0 0 0 0 0 0 0 0 20 0 49 0 0 0 0 0 0 0 21 0 0 0 0 77 22 0 0 16 0 0 0 0 0 0 0 0 31 100 77 0 0 0 0 0 21 0 0 0 84 0 0 0 0 0 0 48 0 0 9 40 49 0
0 0 0 0 94 11 0 0 0 36 66 0 0 0 0 0 0 0 89 0 0 0 0 0 0 0 0 0 1 0 18 0 0 0 0 30 0 0 0 0 0 71 0 0 0 0 0 27 73 0 96 0 27 0 0 0 0 0 0 5 0 0 29 0 0 0 0 0 0 0 0 0 0 0 0 0 0 38 0 0 62 0 0 0 0 0 0 0 0 0 0 0 0 0 13 0 0 27 0 0
0 30 0 20 0 0 0 0 0 0 0 7 0 0 0 53 0 0 69 0 0 0 0 12 0 0 0 66 0 77 0 41 17 0 0 50 33 0 0 0 0 0 53 0 0 0 30 0 91 0 0 0 0 0 0 0 61 40 0 2 59 16 0 0 0 0 0 0 0 0 84 45 0 0 68 0 0 0 0 0 0 1 0 54 47 0 0 0 0 0 0 0 88 26 0 0 0 0 0 0
0 0 0 0 5 0 24 0 0 0 0 0 0 0 7 0 30 0 40 0 0 0 0 0 0 0 0 0 59 0 0 49 0 0 3 0 0 0 0 0 0 42 0 0 45 0 0 0 0 0 0 15 0 0 78 0 80 11 0 0 44 0 0 82 0 0 0 0 0 0 0 0 0 42 0 0 0 0 0 0 0 0 0 0 0 0 0 15 0 0 0 0 0 0 76 5 59 0 0 73
46 0 0 0 0 0 0 0 0 0 20 0 0 34 0 0 0 0 0 0 0 0 0 0 0 0 0 0 0 67 0 13 0 0 0 0 0 0 0 0 0 0 0 0 25 0 0 0 0 0 0 0 0 0 95 0 0 0 0 28 0 0 56 0 0 0 0 49 0 0 0 0 0 97 80 0 0 0 38 0 0 77 0 56 0 0 26 0 0 0 0 69 66 0 0 0 0 0 43 0
0 87 0 0 0 0 0 0 0 0 0 12 0 0 0 0 55 17 88 0 0 0 0 0 0 0 39 0 0 0 0 0 0 0 0 0 0 0 0 40 97 0 0 0 0 0 0 89 0 29 30 0 0 0 33 0 0 0 0 0 0 0 0 0 0 35 0 0 0 0 99 0 0 81 78 38 0 0 70 0 53 0 0 84 0 0 0 0 0 0 0 25 0 0 0 0 67 42 0 0
0 0 0 0 0 0 0 0 0 0 0 0 0 0 0 0 49 0 0 0 0 0 59 0 0 81 0 0 0 0 0 0 36 0 0 0 0 0 0 0 0 0 0 0 0 0 0 0 0 79 61 0 0 0 39 0 0 0 0 0 0 0 73 0 0 0 90 0 0 0 0 64 0 0 0 0 0 0 0 0 0 0 29 0 0 30 0 44 0 0 0 74 0 49 0 0 0 60 0 0
0 0 0 54 0 0 0 45 0 0 82 0 59 0 0 82 0 0 0 0 0 39 0 0 0 0 31 0 0 0 0 0 0 0 0 0 94 0 0 0 0 0 0 63 0 0 0 90 81 0 0 0 0 0 4 91 0 0 0 56 0 8 0 95 0 0 0 0 50 0 0 33 0 0 0 0 0 0 42 0 11 0 0 0 0 53 0 52 70 0 0 50 0 0 64 0 0 0 0 0
23 97 0 0 0 31 0 0 0 38 36 0 0 0 0 0 0 41 85 0 3 0 91 0 51 0 0 0 21 0 24 0 0 0 0 0 0 0 7 0 0 61 54 13 38 6 3 0 0 57 0 0 0 83 0 67 0 0 0 0 35 15 0 0 21 87 0 0 0 0 0 0 7 0 0 0 0 0 0 94 38 0 0 0 0 0 0 11 29 0 0 0 67 0 0 25 0 2 0 0
0 0 96 0 0 98 0 0 0 54 0 0 0 0 0 0 18 63 0 0 0 0 0 70 0 0 0 0 81 0 0 0 0 0 0 72 0 0 0 0 0 0 0 0 0 27 0 0 0 0 52 0 31 0 0 0 0 0 0 80 0 0 0 0 0 92 37 13 0 10 0 28 0 6 62 0 0 0 51 0 6 0 0 84 0 0 0 0 5 0 0 0 0 0 0 0 89 0 0 0
0 68 0 0 0 8 24 0 0 0 0 68 0 5 0 0 43 0 0 17 0 0 0 16 0 0 88 0 0 19 0 0 0 0 0 0 0 0 75 0 90 0 0 0 0 83 0 0 0 0 0 0 0 15 0 0 0 0 0 0 0 0 0 0 26 0 0 0 0 0 83 0 0 0 0 0 56 0 0 0 0 0 0 0 0 37 4 0 0 0 0 81 0 0 6 0 0 0 0 0
8 0 22 0 77 0 0 0 0 0 0 0 0 0 47 0 0 0 0 33 0 0 0 0 70 7 0 29 0 76 0 0 0 0 0 0 0 0 0 22 11 0 0 0 0 51 0 0 94 0 0 44 88 75 12 0 74 0 0 0 0 0 0 0 36 0 0 0 0 0 72 0 0 0 0 0 0 10 0 0 0 0 13 0 0 0 0 0 0 0 0 55 0 0 0 0 0 0 0 0
0 0 0 9 0 0 46 0 0 0 0 0 51 4 74 0 0 0 0 0 46 0 0 0 0 0 0 0 0 48 0 0 0 0 0 6 0 0 0 0 0 0 52 0 0 0 39 0 0 47 0 0 0 26 90 0 0 0 0 0 0 94 0 0 79 0 0 10 0 0 0 14 54 0 0 0 0 0 0 2 0 0 0 33 65 0 0 41 0 0 0 0 0 0 0 0 99 0 0 0
0 1 0 0 0 0 0 0 0 0 0 0 0 0 0 23 0 0 0 0 0 0 0 0 0 0 0 0 0 0 0 0 0 0 0 98 0 0 84 0 1 0 80 0 0 0 0 41 47 63 0 94 52 0 0 79 0 0 0 0 0 0 0 71 0 32 0 0 0 0 0 76 0 6 0 0 0 0 0 0 0 16 0 35 0 20 88 0 0 0 0 59 0 37 0 5 12 0 0 74
83 0 0 0 0 0 0 0 0 20 0 0 40 76 0 14 0 0 76 0 0 0 0 0 0 0 0 93 0 0 52 47 0 32 0 0 12 0 0 0 0 0 0 0 0 0 0 81 0 0 49 0 0 0 0 31 0 57 0 0 0 0 0 0 52 0 0 0 0 0 40 23 0 14 0 0 0 71 0 0 0 0 0 0 10 0 0 0 0 0 22 0 0 42 0 0 0 0 0 0
0 0 28 0 0 51 0 0 0 70 84 0 0 0 0 0 39 1 0 37 0 0 0 0 0 0 0 0 53 0 51 56 0 0 0 0 0 31 8 0 0 0 0 0 0 0 47 0 0 77 0 0 0 0 0 0 0 0 0 0 0 0 68 0 0 0 0 0 0 0 47 0 0 36 55 0 0 0 0 0 82 42 0 0 0 0 0 0 0 53 0 4 0 54 0 40 57 0 68 57
0 0 54 5 0 0 0 0 0 18 0 0 0 0 47 0 0 86 0 0 0 0 0 0 27 0 0 0 0 35 0 0 0 0 32 0 0 30 69 0 0 0 0 0 0 0 0 59 0 4 1 0 0 0 0 0 0 0 93 0 26 0 0 0 0 73 0 0 0 80 0 0 0 28 0 0 0 0 0 0 0 0 0 0 0 0 63 0 0 0 0 0 83 0 0 0 0 70 60 0
0 0 0 21 0 43 0 0 0 0 0 0 0 0 0 0 0 0 0 2 34 0 56 69 49 68 0 0 0 0 0 0 0 0 94 0 0 0 0 0 0 0 0 0 0 0 0 0 8 0 0 0 53 30 44 0 0 0 0 72 0 53 0 0 0 0 0 0 67 48 92 0 0 0 85 0 0 10 0 25 0 0 0 0 69 0 0 33 0 0 0 0 0 0 0 0 0 0 0 19
57 0 98 0 0 32 0 12 0 0 17 0 0 0 0 0 5 0 23 0 0 0 4 0 12 0 0 0 0 0 0 0 0 0 0 93 0 23 0 33 0 0 0 45 39 0 0 0 0 0 0 0 0 25 0 0 93 0 17 0 0 0 0 0 0 0 33 0 0 0 0 0 0 0 0 81 0 0 0 0 0 70 0 0 0 0 66 0 0 0 0 0 80 0 0 0 0 0 0 0
0 0 0 0 0 0 0 0 0 0 0 0 0 0 0 0 0 0 0 0 58 68 0 98 4 0 8 0 24 0 58 0 0 42 0 24 0 0 0 0 77 0 0 0 0 0 37 0 0 52 62 0 0 0 0 0 0 0 50 0 0 0 0 0 0 45 0 0 76 0 0 0 85 0 66 59 77 7 0 57 0 0 37 0 0 0 0 0 0 0 0 98 0 12 0 0 0 0 0 0
0 0 0 0 47 0 0 0 0 0 0 0 0 0 0 0 45 0 0 0 62 35 0 0 0 7 0 0 0 0 0 0 0 87 0 0 0 99 0 0 0 0 0 0 0 0 0 0 0 96 0 67 0 0 0 36 0 13 0 0 0 0 0 0 19 0 0 0 6 0 0 44 51 0 4 0 0 4 0 0 54 0 0 0 0 13 0 0 0 0 0 0 0 0 0 0 0 0 0 0
0 0 0 0 0 0 0 0 0 0 2 0 61 0 96 88 0 0 93 0 0 0 0 0 0 28 0 0 0 0 0 0 63 0 0 22 0 0 0 0 0 0 0 0 0 0 0 0 0 57 18 0 0 0 25 0 0 0 0 0 0 69 0 0 0 0 0 0 0 0 0 0 0 0 64 0 66 0 21 76 0 0 0 0 92 0 0 0 1 0 0 24 0 0 28 0 0 0 0 0
0 0 0 0 0 0 5 0 0 0 0 0 0 0 0 0 0 61 0 0 65 0 0 0 0 0 0 0 0 0 0 0 0 0 0 0 0 73 0 46 0 0 0 87 0 0 0 41 0 72 44 16 0 0 0 0 0 0 44 0 0 26 0 83 0 0 0 0 0 0 0 0 0 0 61 60 0 0 0 75 94 0 0 0 0 0 19 0 0 0 0 0 33 0 0 0 93 0 0 0
0 0 95 0 0 0 0 10 0 63 0 0 10 65 0 0 0 0 0 7 0 0 61 0 0 0 0 22 64 74 0 66 96 0 0 0 0 0 16 0 0 0 81 35 25 0 0 0 0 0 0 0 0 4 0 0 0 0 94 0 0 0 0 0 0 0 87 0 33 0 58 94 0 0 0 0 29 0 4 0 0 14 0 74 0 64 0 0 0 0 0 35 25 0 0 0 0 0 32 0
0 0 0 0 21 98 5 0 0 0 0 0 0 0 42 0 0 0 35 0 0 41 78 0 0 0 66 0 3 0 44 69 0 0 0 0 0 0 0 75 62 24 0 0 0 0 28 0 0 0 0 0 0 0 52 0 0 0 0 0 0 6 0 0 0 19 0 0 89 13 0 0 0 69 0 0 0 0 0 0 0 0 0 80 0 23 62 0 97 0 0 52 0 87 19 0 59 0 0 0
0 0 0 0 0 0 25 0 0 0 0 0 0 51 41 0 81 0 78 0 0 0 0 0 0 0 81 0 0 0 0 64 57 0 17 0 0 0 0 0 0 87 0 0 0 0 29 90 0 0 0 0 0 56 0 43 0 48 0 7 0 0 0 78 60 58 65 0 0 76 0 0 0 0 0 90 0 0 23 0 0 0 0 0 0 0 0 0 0 0 0 0 0 0 83 0 3 0 0 0
0 0 92 19 0 0 0 0 82 0 49 22 0 0 0 61 86 0 0 0 82 0 39 0 58 80 0 55 0 0 0 0 0 16 0 0 0 0 0 41 0 31 17 0 0 0 45 0 94 0 0 0 0 0 0 0 0 0 0 0 0 0 0 0 0 53 67 0 32 42 0 0 0 0 0 0 65 83 0 0 0 0 0 0 0 45 0 0 0 0 42 33 9 89 0 0 0 0 0 0
45 70 0 0 60 18 0 0 0 0 70 0 0 21 0 39 0 0 30 7 0 0 0 0 0 0 75 40 0 0 0 0 59 91 0 0 0 0 0 0 0 11 59 0 85 72 0 0 26 0 0 0 95 0 9 63 0 0 2 0 0 0 74 0 0 0 0 82 63 0 0 0 0 0 0 0 0 0 78 86 18 0 0 34 0 0 77 0 0 0 0 0 72 0 82 0 0 0 0 0
33 0 10 0 0 0 0 0 0 62 0 0 0 0 0 0 54 0 0 0 0 98 0 24 0 0 0 0 0 0 23 0 43 0 0 0 0 0 0 0 0 0 0 0 0 31 40 0 0 0 85 91 0 0 0 58 0 0 28 0 5 80 0 0 0 0 0 76 92 0 0 66 0 89 23 0 0 0 0 0 0 0 0 0 0 91 0 0 0 0 0 55 0 16 0 0 5 0 0 0
0 0 0 0 0 87 0 0 82 0 0 0 0 0 0 0 0 0 0 0 0 0 87 0 9 0 0 21 0 0 0 0 0 0 39 22 0 0 0 0 0 0 0 0 0 0 0 0 24 95 55 0 0 0 81 0 0 48 0 46 65 0 34 6 0 0 0 0 0 0 0 0 51 0 11 0 0 0 54 14 0 79 0 0 44 0 40 0 48 19 0 0 0 0 0 43 17 0 0 0
0 0 0 84 0 0 0 0 0 0 0 0 0 0 0 0 0 0 0 0 0 0 0 0 0 66 0 7 0 0 89 66 0 88 40 0 0 0 0 0 21 0 0 0 0 0 0 0 12 0 0 0 0 30 0 0 73 79 84 0 0 0 76 0 58 0 0 0 100 73 96 0 0 69 0 0 0 13 0 2 0 0 0 0 0 0 0 0 0 42 0 50 0 0 0 0 77 0 0 0
0 0 68 91 59 0 95 0 0 43 0 0 0 0 0 37 21 0 0 0 0 0 10 0 0 0 0 65 32 0 91 35 0 0 38 0 0 0 50 0 2 0 0 0 0 26 60 51 0 0 0 0 0 0 0 0 34 0 0 0 61 58 0 0 0 0 0 0 27 0 0 0 0 0 0 0 0 0 0 96 0 0 0 0 0 34 0 0 28 0 0 0 51 0 0 0 0 73 0 22
0 0 78 0 81 0 0 46 0 0 0 64 0 0 37 0 36 64 0 0 0 18 0 0 0 0 93 83 0 0 0 0 0 0 0 0 0 0 66 0 0 0 0 0 0 0 0 0 0 14 0 63 0 0 19 0 0 0 0 0 0 0 59 0 16 0 0 61 0 0 0 65 0 0 0 66 22 0 71 4 0 16 0 0 0 0 0 0 0 82 0 56 0 0 0 91 0 0 0 0
79 58 0 0 0 0 0 0 14 0 0 0 38 0 82 0 0 90 0 9 0 0 0 85 0 0 0 0 74 0 0 0 0 0 1 0 0 0 86 7 0 59 0 0 50 61 0 0 0 0 29 40 2 79 0 44 0 0 73 0 0 0 19 0 0 0 0 0 0 44 0 0 63 0 0 0 82 0 0 0 0 0 0 0 0 88 89 0 0 0 0 70 28 0 0 0 0 0 0 0
33 0 21 0 0 0 0 0 0 0 38 0 43 74 0 0 0 0 34 0 0 46 86 0 42 0 6 0 0 0 1 47 25 0 0 0 0 0 0 0 26 4 34 0 0 74 0 0 0 0 0 0 0 42 0 0 0 0 0 43 64 61 0 0 64 0 0 45 0 1 0 0 0 0 0 0 18 92 0 0 51 0 0 80 0 0 0 0 0 0 93 0 0 0 4 0 18 0 75 0
0 0 0 84 61 0 0 31 0 0 0 0 16 0 4 0 62 0 0 0 33 0 0 15 0 0 71 0 0 67 76 98 15 49 49 0 0 0 0 0 0 0 0 0 42 0 0 0 0 0 0 29 0 0 22 50 71 0 0 0 0 79 0 0 2 8 87 0 0 0 0 0 68 0 0 94 0 0 0 0 79 0 0 0 0 0 0 0 47 57 0 0 0 64 0 0 0 0 29 39
0 0 0 0 93 0 0 81 18 0 0 0 0 0 12 0 16 0 0 4 0 47 0 0 26 0 0 0 0 0 0 0 8 97 0 0 0 0 0 0 0 0 0 29 0 0 0 0 0 0 0 0 11 96 0 0 0 0 0 59 0 1 51 16 0 0 0 0 0 0 0 0 0 0 0 0 0 0 0 0 0 0 0 0 56 0 23 26 0 12 0 0 28 0 0 0 0 0 0 0
0 0 24 0 0 0 0 0 0 0 61 0 0 0 0 0 0 0 76 78 0 0 0 0 77 0 0 0 15 0 0 0 0 20 0 17 0 49 0 0 0 0 0 0 0 0 52 0 0 0 0 0 0 0 0 0 0 0 0 0 0 0 33 0 28 0 57 0 17 0 0 0 0 86 0 0 0 2 0 71 51 0 0 0 0 0 0 0 0 0 0 0 74 23 39 0 0 0 77 47
0 68 0 0 0 0 59 0 0 0 0 0 81 70 0 0 0 0 0 0 0 72 0 0 50 0 0 0 0 2 0 0 0 0 13 0 0 0 0 0 1 0 0 0 56 0 4 0 0 12 0 54 41 0 0 0 0 0 0 0 0 0 0 0 0 13 0 23 0 86 0 87 0 19 0 0 0 58 10 0 92 0 0 0 25 6 0 0 55 0 0 0 0 7 0 0 0 0 53 0
0 0 0 0 0 0 17 0 7 25 0 47 0 21 79 0 0 65 0 99 4 11 0 0 57 0 0 0 0 69 78 0 0 0 0 0 98 0 17 0 0 0 0 0 0 0 0 0 0 0 0 95 63 0 0 0 0 0 74 76 49 0 0 0 66 25 0 23 75 0 94 0 15 0 0 0 68 0 78 0 0 12 0 0 10 0 0 0 0 85 47 0 0 0 0 0 0 0 0 0
0 0 0 0 84 0 0 0 0 0 0 0 0 0 0 0 5 36 0 93 0 0 11 0 0 0 0 0 15 0 0 88 53 0 0 0 0 0 18 77 0 0 48 0 0 0 0 0 61 0 0 0 0 0 0 0 78 0 0 0 0 0 25 0 0 0 60 80 0 0 0 0 39 0 0 73 0 0 0 0 0 0 0 0 0 74 75 0 90 0 0 0 0 0 0 0 0 0 4 99
0 0 72 22 74 0 0 0 30 0 0 88 67 8 0 4 0 0 67 0 0 56 33 0 0 0 0 38 0 0 0 0 0 0 0 0 0 79 0 0 8 3 0 60 0 80 0 0 0 0 48 0 0 88 84 0 0 0 0 0 0 28 0 0 66 0 0 0 0 0 0 0 0 0 0 63 0 67 22 0 0 0 0 6 0 0 82 0 35 18 0 0 0 0 0 0 0 0 0 39
13 71 0 0 0 65 80 0 0 0 0 59 0 0 0 39 0 91 0 0 0 0 32 0 38 87 0 36 0 0 0 0 0 0 7 0 0 0 100 0 47 0 0 0 0 0 0 0 0 0 0 0 0 0 82 0 0 59 34 0 92 0 0 0 0 0 0 70 0 0 28 11 0 0 0 0 0 0 0 0 0 0 0 0 91 23 0 0 2 0 0 0 0 0 0 0 0 92 0 0
0 0 0 65 0 0 65 0 0 0 4 0 0 0 0 40 36 0 0 0 0 0 99 0 0 0 0 0 78 0 0 0 0 0 0 0 0 0 0 0 0 0 0 0 0 0 0 74 0 30 0 24 0 87 0 0 86 0 0 0 0 10 0 0 0 0 0 0 12 0 0 0 0 0 0 0 0 0 0 98 0 78 59 0 88 82 0 0 84 0 0 58 0 0 30 66 0 0 8 19
19 0 0 47 15 0 0 0 0 0 96 0 0 45 0 0 0 0 45 0 0 0 2 81 7 25 0 0 77 0 0 0 0 0 0 0 21 0 0 3 0 16 0 54 0 0 0 0 0 0 0 0 0 0 98 90 0 0 0 0 97 0 0 68 0 0 0 0 0 0 46 0 0 0 0 68 0 0 0 0 0 0 0 74 0 0 0 88 0 0 0 0 0 0 0 0 55 49 74 0
0 78 0 0 60 0 0 0 0 0 0 0 0 33 0 0 54 0 0 0 0 0 0 0 0 0 0 16 0 59 51 90 75 0 0 0 0 0 13 0 0 0 0 0 0 0 0 0 0 0 0 0 0 0 0 0 0 29 0 0 0 0 40 36 0 0 0 15 0 0 96 0 0 0 0 95 0 0 0 0 0 0 45 0 0 0 0 61 0 0 0 41 0 61 0 64 0 24 16 0
0 0 0 0 0 0 0 0 0 86 22 65 0 0 0 0 0 38 0 0 0 0 59 0 0 0 0 0 0 45 0 0 0 0 0 0 6 0 0 0 0 0 0 0 0 0 96 0 0 94 0 0 22 0 0 0 0 0 0 0 0 2 0 0 32 14 0 0 20 0 0 0 0 19 0 0 0 0 0 84 0 0 0 0 0 0 0 0 0 0 0 63 0 0 0 0 0 98 0 0
38 78 0 0 0 0 8 0 0 0 69 79 0 0 0 0 0 0 69 0 0 0 86 0 0 66 0 0 0 0 0 46 0 0 30 0 0 68 83 0 0 0 0 0 0 0 0 0 0 73 0 0 40 0 0 0 84 0 0 53 0 0 48 0 0 0 0 20 23 0 69 0 18 0 20 0 57 0 70 49 0 0 0 96 0 84 0 0 0 0 0 0 0 0 0 58 0 0 0 0
0 0 0 0 0 0 0 0 0 0 0 0 0 0 0 0 0 0 0 81 0 0 47 34 0 0 0 0 0 0 0 0 0 0 0 0 0 0 0 0 0 0 0 0 68 0 0 82 0 0 0 97 0 0 0 0 0 10 0 0 30 0 0 0 0 0 0 15 0 27 0 78 0 0 0 0 0 0 0 45 0 0 80 99 0 0 32 0 19 0 0 96 0 0 0 0 0 0 0 0
0 0 0 0 0 0 0 0 0 45 0 0 0 0 0 0 0 0 48 0 0 0 58 0 0 100 0 0 0 0 0 0 0 49 0 46 58 0 0 0 0 85 0 0 74 0 96 17 0 0 0 40 0 0 9 0 0 42 14 0 0 27 0 69 0 42 0 0 0 0 0 0 100 0 0 0 0 0 0 0 0 0 0 0 0 0 0 0 0 0 0 79 0 0 65 93 0 0 0 0
0 0 0 0 0 0 0 0 0 0 0 0 100 0 0 0 39 0 8 0 0 80 0 0 23 0 0 0 73 0 0 0 0 47 0 0 72 0 0 0 0 77 0 0 0 0 0 35 0 0 14 0 95 37 0 0 0 0 0 0 0 0 0 0 0 0 0 0 21 0 0 15 0 34 0 0 0 0 64 0 0 27 0 0 69 26 0 0 0 0 0 0 68 75 99 0 0 0 0 0
71 0 0 0 0 0 0 0 93 0 0 0 0 0 0 0 0 0 0 0 0 0 89 0 0 42 23 0 0 25 0 0 92 0 0 0 0 0 0 61 0 0 0 0 0 0 0 0 0 0 4 0 33 0 39 15 0 0 97 16 0 0 0 0 23 0 55 0 0 0 0 0 0 0 0 0 0 0 0 21 0 0 0 0 0 0 18 0 33 0 0 0 0 0 0 0 0 35 0 0
0 8 0 76 0 0 47 0 92 0 0 0 0 88 52 16 0 0 0 0 0 0 0 0 0 0 0 0 0 68 0 61 3 16 60 13 0 0 0 51 84 0 0 0 0 0 31 0 0 0 0 0 0 0 38 0 0 0 0 0 0 0 0 0 0 39 0 71 0 95 0 0 0 25 0 0 0 79 0 56 0 34 0 0 52 38 0 49 59 97 0 0 0 0 0 0 0 0 12 0
69 0 0 82 0 0 0 23 31 0 0 69 39 0 46 0 0 0 0 0 0 0 0 0 3 0 0 0 0 22 0 62 0 0 0 0 62 0 0 0 0 0 0 0 0 0 0 0 85 55 0 92 0 43 0 72 0 0 82 0 0 79 0 0 0 88 0 15 0 33 0 0 0 0 0 0 0 0 0 0 0 0 0 0 0 0 80 0 0 0 0 0 0 0 0 0 0 15 0 34
0 15 0 0 43 0 0 0 0 0 0 0 0 56 0 0 100 0 10 39 0 0 0 0 0 0 0 1 48 0 0 0 0 0 0 24 38 0 0 0 0 0 96 0 0 63 0 0 0 9 69 0 0 68 72 0 0 0 0 0 0 22 0 0 0 13 20 0 0 0 0 0 0 0 0 0 0 12 0 66 74 47 0 80 0 0 0 0 77 0 0 64 39 0 0 0 0 10 0 0
0 55 0 0 0 0 15 0 0 0 0 0 0 42 0 0 64 0 68 0 0 43 0 0 0 0 0 1 0 0 2 0 0 6 0 0 0 0 79 28 0 0 0 0 0 0 41 0 0 0 0 14 80 0 0 45 0 0 0 99 13 96 0 0 54 0 0 0 0 0 0 0 39 0 0 1 63 0 66 0 0 0 0 18 37 26 0 11 38 0 4 0 0 0 0 27 0 30 0 36
2 0 60 0 65 0 0 38 0 0 24 0 0 0 0 0 0 0 0 0 68 0 9 0 52 0 0 0 0 0 92 0 0 0 0 1 0 60 0 2 0 51 0 31 0 0 0 0 0 0 21 45 0 0 0 15 0 0 0 96 0 0 0 0 0 0 0 0 87 38 80 0 92 0 74 0 0 0 10 31 0 47 0 0 0 0 0 0 71 0 0 39 0 0 0 0 0 7 0 0
0 29 0 0 0 0 0 0 74 0 0 19 0 73 0 0 0 96 0 0 0 0 0 8 0 0 0 0 0 0 0 0 97 0 0 0 0 0 0 0 0 0 0 0 0 0 27 0 0 0 0 0 0 0 29 0 44 0 0 37 0 0 58 0 0 67 60 22 0 16 0 0 0 57 0 0 0 0 0 0 0 0 0 0 0 0 0 0 0 28 0 19 0 0 0 0 7 0 0 23
0 89 0 0 0 0 0 0 13 0 0 0 38 65 8 0 0 0 45 0 0 0 0 2 0 0 0 0 0 16 0 70 0 0 51 26 0 0 14 0 83 0 25 0 0 0 0 88 0 0 0 16 0 0 0 0 0 0 0 0 9 0 89 0 35 0 0 0 0 0 0 0 0 16 0 20 26 7 54 0 50 0 0 51 0 5 0 0 0 0 0 0 0 0 0 0 60 0 0 0
0 0 0 60 29 16 0 0 0 0 0 0 0 96 0 0 37 0 16 0 63 0 0 0 0 0 91 0 0 75 0 0 0 72 88 0 0 0 0 97 0 14 36 0 68 0 28 0 0 94 9 21 72 0 0 0 32 0 0 0 0 0 0 0 0 45 0 0 0 0 0 0 0 70 0 0 0 0 0 0 32 0 0 0 0 0 0 0 0 0 21 0 0 0 0 0 0 0 47 0
0 0 0 52 74 0 0 0 50 0 0 21 44 55 44 0 19 0 42 46 70 0 0 35 0 0 0 0 0 0 88 68 0 40 0 0 0 0 58 0 0 0 0 0 84 0 0 0 0 0 0 46 80 76 0 0 1 0 0 0 52 0 0 0 0 0 13 0 37 0 0 20 0 31 0 0 83 0 0 0 0 0 75 20 0 0 0 0 0 0 0 0 0 0 0 76 0 0 33 0
90 0 73 0 0 0 0 0 0 0 0 0 0 37 0 0 0 0 0 0 0 0 11 0 0 0 0 0 34 16 64 0 0 0 0 0 0 0 77 0 0 0 0 67 0 0 0 0 0 0 0 0 0 0 47 0 0 0 0 32 0 0 0 0 71 0 0 0 0 0 14 0 0 62 0 0 0 0 15 0 0 0 0 0 0 0 12 0 0 79 0 13 0 0 0 0 80 0 0 0
0 73 19 0 0 0 0 38 72 0 0 0 39 19 46 0 92 4 84 0 0 94 26 0 0 0 0 0 0 71 0 1 33 0 0 0 0 0 0 0 0 0 26 0 0 0 0 0 0 0 0 0 0 56 68 0 57 0 68 0 0 0 0 0 5 35 71 16 0 0 0 0 0 0 0 0 72 0 91 0 86 0 0 0 0 0 0 76 0 60 0 0 0 0 0 0 0 27 71 60
80 0 0 0 0 0 12 24 0 87 0 0 0 39 0 0 0 0 0 0 48 69 0 0 0 55 0 97 0 0 0 0 0 0 0 81 0 0 0 60 0 0 0 0 0 75 0 0 0 41 0 0 0 9 0 0 18 0 0 0 0 0 0 0 0 0 0 0 0 0 0 12 0 0 0 0 90 85 0 0 0 0 0 0 0 0 29 0 31 0 0 0 0 0 0 0 0 0 0 0
0 0 0 0 0 0 0 0 0 0 0 0 0 0 0 20 0 0 0 0 0 0 0 0 0 0 81 0 0 0 0 0 0 0 28 62 60 0 0 11 78 0 0 59 0 58 0 94 0 0 85 0 0 0 0 52 0 0 0 34 0 67 67 0 0 0 0 0 0 83 0 0 0 56 0 0 0 0 0 83 6 54 71 65 0 38 0 0 0 0 38 0 0 0 0 0 0 48 0 0
0 0 0 87 0 0 0 88 0 0 0 0 0 0 0 0 0 0 91 0 0 0 95 47 0 62 70 59 58 0 0 0 0 54 59 0 93 0 27 67 22 0 0 0 11 13 0 0 0 0 0 42 0 0 83 0 16 0 0 0 0 0 0 52 0 0 0 75 0 49 0 0 0 0 0 0 0 0 0 0 28 0 3 0 0 98 36 0 54 0 0 0 0 0 86 4 0 0 43 0
0 66 42 0 18 0 0 0 0 0 0 0 0 0 70 0 0 96 0 0 0 0 0 0 0 0 0 94 0 100 0 0 0 0 0 0 39 79 0 0 0 0 39 0 29 0 0 0 41 0 0 0 0 0 6 0 0 0 0 0 91 0 0 0 45 44 61 0 49 0 0 85 93 23 31 47 0 0 0 0 0 26 0 0 0 0 0 0 0 0 0 0 0 0 0 5 23 0 0 0
53 0 0 0 0 0 0 0 0 28 0 0 0 0 0 0 25 0 31 0 0 0 94 0 0 0 21 49 0 0 18 0 0 85 46 0 0 0 0 0 0 0 17 0 0 0 0 2 14 0 0 0 8 0 0 0 0 0 77 0 94 0 31 0 0 0 0 86 0 40 0 0 0 0 0 0 0 0 84 0 0 0 0 0 0 0 67 0 45 88 0 0 0 40 0 0 0 0 32 0
51 27 0 0 0 0 0 0 0 0 40 0 80 0 0 83 0 0 0 35 66 0 0 0 0 15 0 0 0 0 0 43 3 0 0 0 0 0 40 0 0 0 0 0 0 0 0 0 0 0 36 0 0 62 0 62 0 55 0 0 0 0 0 0 33 0 0 0 0 0 0 0 0 27 0 0 0 64 0 0 0 47 0 0 0 0 87 0 0 0 86 0 0 0 0 0 0 0 0 0
0 0 0 55 0 0 0 0 31 0 0 0 0 0 0 0 0 0 0 0 0 72 0 44 0 0 86 0 0 0 0 0 48 0 0 96 0 0 0 0 22 0 0 37 54 0 45 0 0 0 0 0 0 0 0 0 0 0 0 44 0 61 0 0 0 0 7 61 0 58 0 0 31 69 0 99 0 54 99 0 0 0 0 0 0 0 0 44 0 0 0 45 6 0 0 45 0 0 0 0
0 0 9 100 21 0 0 0 0 0 11 0 0 0 0 0 0 0 56 0 77 0 0 0 0 72 0 44 62 0 0 0 0 76 0 58 0 0 31 0 0 0 42 0 0 0 64 0 0 0 0 0 0 0 0 0 69 0 0 0 0 0 47 0 0 88 0 46 0 0 64 0 0 43 0 0 59 58 0 0 55 0 0 42 0 0 0 0 0 63 0 86 0 0 0 0 0 0 0 0
0 0 0 0 0 46 0 0 0 0 0 0 0 0 0 0 0 0 0 0 88 0 0 0 83 52 0 0 77 15 0 44 0 46 0 0 0 0 0 0 20 0 0 0 0 0 0 72 0 0 12 24 60 98 74 0 0 0 0 0 0 97 0 0 0 0 0 0 0 0 6 0 29 0 0 0 0 27 30 0 0 0 0 69 0 0 0 0 0 0 0 0 78 0 0 0 0 0 0 0
15 0 0 0 0 79 0 0 0 0 0 4 0 73 0 0 0 0 0 0 0 0 0 0 0 0 0 0 0 20 0 0 28 0 5 0 0 0 0 0 0 28 0 0 0 14 0 27 0 0 0 50 0 0 93 0 0 29 0 0 94 0 0 0 0 0 0 0 0 0 0 0 54 0 65 0 74 93 0 97 0 51 64 0 0 70 11 0 72 88 0 0 53 0 0 0 0 0 0 0
0 0 0 0 0 0 0 0 0 40 93 0 0 75 13 0 0 8 0 0 0 0 0 0 0 0 0 0 0 0 0 0 94 0 68 0 0 92 0 0 0 0 0 0 0 0 0 0 0 0 0 86 0 0 0 0 0 0 0 0 0 0 0 16 0 0 0 0 31 0 0 0 0 0 0 0 0 0 0 0 0 0 0 0 0 0 0 0 0 0 88 76 0 0 80 82 0 0 33 33
97 0 0 0 0 49 0 17 18 0 0 0 5 0 0 0 0 0 0 89 0 0 0 31 0 51 0 0 0 0 0 0 0 0 0 0 0 0 0 0 57 0 0 100 0 0 0 0 0 0 0 62 0 0 0 0 0 0 0 0 0 0 0 66 0 38 87 0 0 0 0 0 0 0 0 23 0 85 0 0 0 85 0 0 95 0 37 33 91 85 0 0 0 0 0 49 0 0 0 0
54 0 0 0 0 72 0 78 0 0 0 0 60 0 0 9 0 0 0 0 0 0 0 0 0 0 0 0 0 0 0 0 0 0 0 2 0 0 0 0 0 0 0 30 0 85 0 0 0 0 0 0 0 37 0 0 0 0 0 0 0 9 35 0 40 0 0 0 61 64 0 0 26 0 17 0 0 4 0 0 0 33 0 0 0 0 0 90 0 0 0 0 0 89 0 0 0 0 0 0
0 86 0 10 19 93 55 0 0 0 0 0 0 0 99 64 0 0 100 0 0 86 0 63 0 0 28 0 0 41 0 64 0 0 0 0 0 0 0 27 0 92 0 0 0 0 32 0 0 0 0 0 0 0 29 80 0 0 0 0 0 0 0 0 0 0 0 39 0 0 0 0 0 0 77 0 0 0 0 0 0 0 0 0 0 79 52 0 0 0 0 30 85 0 51 0 0 0 0 0
87 0 0 0 0 81 0 0 0 0 0 0 0 54 0 60 32 36 0 0 0 0 0 0 62 0 0 19 0 0 0 0 48 0 0 30 0 0 0 0 0 0 0 0 12 0 13 0 17 0 56 0 0 0 62 0 0 0 0 52 61 0 0 0 0 0 0 0 0 0 0 0 0 1 0 0 0 0 0 0 0 0 12 0 20 92 0 0 29 0 0 0 85 0 81 0 58 0 0 0
0 0 0 0 0 0 0 0 0 0 0 0 0 0 0 0 0 0 0 50 0 0 0 98 0 0 0 0 0 72 0 0 0 0 47 62 37 0 0 0 0 0 10 0 0 0 0 24 0 0 0 49 0 0 34 0 0 41 0 0 0 0 46 0 0 0 0 0 0 0 0 0 0 0 51 80 0 0 0 73 0 0 26 26 74 0 0 0 0 0 0 0 33 0 0 0 0 0 0 0
0 0 0 0 0 0 0 0 27 66 0 0 0 0 0 82 0 0 0 0 0 0 0 0 0 75 0 0 43 0 0 0 0 18 1 0 99 0 49 55 0 0 0 0 8 0 0 0 0 97 0 0 0 0 0 0 0 0 0 25 7 0 20 0 0 22 0 0 32 0 9 0 0 0 53 0 89 0 0 90 0 0 0 0 32 11 0 0 0 0 0 0 0 0 0 5 86 0 0 0
0 0 0 63 0 0 1 20 0 0 0 0 0 0 0 14 0 0 0 0 0 0 0 61 0 0 0 81 0 0 45 8 0 0 0 0 99 0 0 0 0 0 0 0 0 0 0 18 0 55 0 0 24 0 0 92 0 0 0 0 0 13 0 3 0 11 0 0 0 39 0 0 0 0 0 0 26 0 0 0 0 0 0 0 0 0 0 0 0 11 41 0 0 0 0 0 0 26 96 0
0 78 0 0 0 0 0 51 0 83 0 0 0 0 0 0 0 33 0 0 31 0 0 0 0 0 0 0 59 0 0 0 0 38 72 82 0 0 90 0 0 0 0 0 0 0 13 0 0 0 0 0 28 0 0 0 0 0 0 0 0 25 0 0 0 0 0 36 0 0 0 41 44 0 0 0 0 0 0 74 0 0 0 17 0 21 0 0 0 0 0 0 77 0 0 0 35 63 0 0
0 0 16 0 0 1 0 0 76 0 0 0 86 7 14 0 0 0 0 0 0 1 0 2 0 0 34 0 71 5 0 0 0 0 17 0 0 25 0 0 24 0 0 0 0 53 0 0 0 0 0 0 0 0 13 0 0 0 0 0 49 81 0 0 0 0 0 32 0 89 0 33 0 0 47 0 0 0 0 0 0 36 19 77 0 0 0 81 0 33 0 0 0 0 0 0 100 0 0 0
0 0 0 0 0 0 76 0 0 0 93 69 55 0 0 0 0 0 0 0 10 66 26 41 0 37 0 0 0 0 70 0 0 45 0 76 0 0 0 76 81 0 0 0 0 20 0 0 0 0 0 0 0 0 0 0 0 25 36 0 48 0 0 91 0 0 0 0 56 0 0 0 0 93 76 82 0 0 0 0 0 0 0 85 0 0 0 44 72 0 0 0 0 18 0 78 0 0 0 94
0 32 0 26 0 0 66 0 0 91 0 68 0 0 0 31 0 0 0 0 24 0 64 0 95 58 44 0 71 0 14 0 26 35 7 0 0 14 0 32 0 0 0 30 35 0 0 0 0 0 0 5 0 0 0 0 0 76 0 74 0 0 40 0 0 0 0 75 0 31 0 0 25 0 0 0 0 3 0 0 0 0 81 0 0 0 0 0 0 0 0 0 30 0 32 44 0 0 0 22
12 0 64 0 81 0 0 0 0 0 0 0 0 55 0 0 0 0 0 0 0 0 25 0 0 100 0 0 0 0 0 0 65 48 0 0 0 0 0 0 0 0 16 0 0 0 0 0 0 0 0 0 0 0 0 15 0 0 0 0 0 0 0 0 0 0 0 0 84 0 0 0 0 0 0 0 39 0 82 26 0 0 0 0 0 94 90 0 32 0 0 0 0 0 0 0 0 85 0 0
0 0 0 0 0 25 0 0 0 0 0 0 0 14 0 0 0 0 0 0 0 0 22 0 0 0 0 0 0 74 0 0 0 0 0 0 42 31 0 0 0 0 23 0 33 0 0 96 0 54 83 0 0 72 46 0 0 0 0 0 0 0 64 0 0 0 75 0 100 0 12 0 70 0 91 0 0 0 0 0 88 0 66 0 0 0 0 0 0 25 80 0 0 0 80 0 0 49 0 86
0 27 0 0 13 0 0 0 0 0 0 0 0 0 31 0 0 0 89 88 0 0 6 0 0 0 95 14 0 0 0 0 0 0 0 0 0 0 11 0 0 0 0 0 0 0 0 0 0 0 0 0 0 0 65 0 0 12 98 27 0 0 0 0 0 0 0 0 0 0 0 0 0 0 0 0 0 0 0 0 68 0 0 0 0 77 81 0 0 0 0 0 0 0 0 0 0 0 82 0
0 38 0 0 0 0 0 0 0 0 0 25 0 0 0 69 92 0 27 0 0 47 0 97 0 25 0 0 0 0 0 0 0 0 0 0 0 0 85 0 0 0 88 0 0 0 0 9 0 62 0 0 80 0 0 0 0 0 0 65 0 0 59 39 0 16 0 0 0 0 0 0 0 0 0 34 0 26 0 0 0 41 0 58 0 0 0 0 0 0 0 0 0 0 0 83 0 0 0 0
4 0 54 0 0 0 0 0 0 0 0 42 0 0 0 0 73 0 0 0 0 95 0 0 0 0 0 0 53 85 24 0 0 0 0 79 0 0 0 65 0 0 0 0 0 99 0 98 0 0 0 0 0 0 0 91 0 0 0 90 37 20 28 0 0 27 3 0 0 0 0 35 27 0 0 63 47 0 0 0 0 0 0 0 70 0 0 0 3 0 0 0 0 0 0 0 82 0 54 6
0 0 0 0 0 0 40 0 0 99 0 56 0 0 0 100 0 3 0 0 48 0 0 0 0 0 0 0 0 0 18 0 50 61 66 0 10 0 0 0 0 0 0 0 0 0 61 0 0 0 0 0 0 0 0 0 0 0 0 48 70 0 0 90 24 0 0 94 0 0 47 0 0 0 0 0 100 0 0 0 0 0 46 0 20 0 0 0 0 83 14 7 0 61 15 0 0 0 0 0
0 0 0 0 0 0 27 0 0 42 0 0 0 0 0 0 0 0 0 0 0 0 0 0 0 0 0 0 89 0 0 0 0 0 0 0 50 0 0 0 0 0 0 0 0 0 0 49 0 0 26 93 0 0 0 0 67 98 0 59 0 0 0 8 0 0 0 62 0 0 0 0 0 0 0 0 17 0 0 0 84 0 0 0 0 0 0 0 0 0 0 48 0 49 29 0 0 0 15 0
65 0 0 0 0 0 0 0 0 0 20 0 0 0 0 0 0 53 0 0 0 0 0 0 0 43 0 0 0 0 0 0 0 15 0 0 0 0 0 0 0 0 0 0 45 0 99 0 0 44 0 0 90 55 0 0 0 0 0 27 0 0 0 25 0 0 52 0 4 31 0 0 24 0 1 0 0 0 46 32 61 0 0 0 0 0 0 0 0 16 0 0 10 0 13 0 85 36 25 0
0 0 70 92 70 13 28 94 0 0 10 26 0 0 0 0 0 0 0 0 20 0 0 94 0 0 0 0 0 0 0 0 0 0 0 0 0 0 0 22 0 0 0 0 0 0 0 0 5 0 0 0 0 43 0 3 75 1 0 0 0 0 0 33 21 0 0 0 0 0 32 0 32 0 0 0 0 0 0 0 0 34 0 0 0 0 0 55 25 0 4 0 26 0 0 0 60 74 0 0
0 22 0 0 0 0 40 11 0 35 0 41 0 0 0 0 0 0 0 0 0 0 0 0 0 0 0 0 0 0 0 47 0 96 0 0 82 31 0 0 0 0 0 0 0 18 0 0 78 0 0 0 84 0 0 0 28 0 75 23 11 0 0 0 0 0 67 0 0 0 37 0 90 0 0 0 0 4 0 27 0 0 0 0 0 0 70 43 0 45 0 0 0 41 0 0 0 0 0 0
4 0 0 0 0 0 0 0 84 0 0 0 0 0 0 96 96 0 0 0 0 0 78 57 93 70 0 0 0 0 95 0 0 0 0 0 89 77 0 0 0 0 0 0 0 0 81 0 52 0 87 74 53 0 0 0 0 0 0 0 62 0 0 0 0 0 76 0 0 0 0 0 18 0 0 0 0 80 0 0 0 0 0 0 0 0 0 0 0 0 0 0 0 63 0 0 0 0 15 66
0 0 0 0 58 0 0 0 0 0 0 0 66 0 0 0 0 0 61 0 0 73 0 0 0 0 0 39 0 18 0 0 79 46 0 0 0 0 27 68 49 0 0 0 0 0 0 0 0 0 36 0 98 0 0 0 97 16 0 0 0 0 69 0 0 0 29 0 0 0 15 0 12 0 0 0 0 0 0 46 0 0 0 0 0 49 52 0 24 62 0 0 86 0 32 0 60 0 67 77
99 0 0 0 0 0 0 0 80 0 9 0 0 0 0 0 0 0 0 27 71 0 0 0 0 0 0 0 0 0 0 0 0 0 0 0 96 0 0 51 0 0 79 0 0 0 0 0 0 0 0 40 0 0 0 66 0 0 0 0 0 0 0 0 0 0 0 36 0 12 0 0 0 66 0 0 0 6 0 0 0 0 11 88 0 0 0 0 0 29 0 0 0 0 0 0 0 22 43 0
0 83 0 90 19 64 92 63 0 0 0 0 0 1 92 0 5 94 0 0 0 0 0 24 84 0 0 0 0 0 0 68 0 0 0 0 0 32 0 0 58 0 0 0 0 0 51 0 17 0 0 30 0 0 0 0 0 0 0 0 0 100 94 0 0 0 0 0 0 0 0 20 0 0 0 19 0 0 0 0 0 0 0 0 0 0 0 0 0 0 0 0 0 0 0 0 0 0 0 4
0 0 0 73 0 0 0 73 0 19 0 0 0 0 43 0 0 0 9 0 70 11 88 0 0 90 0 0 0 0 0 0 54 0 0 0 47 0 90 60 0 0 0 46 0 0 0 45 0 35 0 46 0 1 68 0 0 0 0 58 38 50 0 0 22 28 0 0 0 0 0 11 0 0 0 0 0 0 0 0 74 5 95 0 0 93 0 57 0 0 0 0 0 0 0 0 0 85 0 0
0 90 0 0 0 0 0 63 0 0 2 0 0 0 25 0 25 86 93 0 0 48 0 0 0 0 0 0 0 19 0 0 0 80 0 66 0 0 0 0 0 0 0 0 0 0 44 0 94 0 0 0 0 0 0 0 6 0 0 0 0 46 55 0 0 23 0 0 0 0 0 0 0 0 49 71 11 0 0 0 0 0 69 0 0 0 38 0 0 0 0 0 0 20 0 0 90 50 82 0
0 0 0 0 17 59 0 0 0 57 71 0 0 0 0 0 0 0 16 0 0 0 0 0 0 0 0 0 21 0 17 0 0 0 0 23 0 0 0 0 0 19 0 0 0 0 0 65 30 0 6 0 78 0 0 0 0 0 0 57 0 0 57 0 0 0 0 0 0 0 0 0 0 0 0 0 0 36 0 0 91 0 0 0 0 0 0 0 0 0 0 0 0 0 90 0 0 99 0 0
0 62 0 50 0 0 0 0 0 0 0 7 0 0 0 85 0 0 40 0 0 0 0 23 0 0 0 13 0 29 0 84 51 0 0 35 26 0 0 0 0 0 5 0 0 0 80 0 79 0 0 0 0 0 0 0 84 23 0 37 25 3 0 0 0 0 0 0 0 0 62 69 0 0 7 0 0 0 0 0 0 57 0 47 46 0 0 0 0 0 0 0 79 30 0 0 0 0 0 0
0 0 0 0 50 0 45 0 0 0 0 0 0 0 98 0 16 0 3 0 0 0 0 0 0 0 0 0 31 0 0 34 0 0 8 0 0 0 0 0 0 25 0 0 62 0 0 0 0 0 0 42 0 0 32 0 100 11 0 0 65 0 0 31 0 0 0 0 0 0 0 0 0 32 0 0 0 0 0 0 0 0 0 0 0 0 0 58 0 0 0 0 0 0 18 89 88 0 0 45
18 0 0 0 0 0 0 0 0 0 90 0 0 63 0 0 0 0 0 0 0 0 0 0 0 0 0 0 0 70 0 27 0 0 0 0 0 0 0 0 0 0 0 0 87 0 0 0 0 0 0 0 0 0 26 0 0 0 0 60 0 0 45 0 0 0 0 36 0 0 0 0 0 8 98 0 0 0 92 0 0 98 0 6 0 0 30 0 0 0 0 18 43 0 0 0 0 0 74 0
0 82 0 0 0 0 0 0 0 0 0 64 0 0 0 0 9 2 62 0 0 0 0 0 0 0 77 0 0 0 0 0 0 0 0 0 0 0 0 29 54 0 0 0 0 0 0 15 0 97 46 0 0 0 49 0 0 0 0 0 0 0 0 0 0 17 0 0 0 0 92 0 0 66 36 7 0 0 26 0 25 0 0 80 0 0 0 0 0 0 0 90 0 0 0 0 68 57 0 0
0 0 0 0 0 0 0 0 0 0 0 0 0 0 0 0 62 0 0 0 0 0 35 0 0 61 0 0 0 0 0 0 45 0 0 0 0 0 0 0 0 0 0 0 0 0 0 0 0 8 93 0 0 0 67 0 0 0 0 0 0 0 79 0 0 0 86 0 0 0 0 7 0 0 0 0 0 0 0 0 0 0 71 0 0 95 0 11 0 0 0 56 0 63 0 0 0 91 0 0
0 0 0 38 0 0 0 62 0 0 74 0 41 0 0 11 0 0 0 0 0 88 0 0 0 0 62 0 0 0 0 0 0 0 0 0 100 0 0 0 0 0 0 67 0 0 0 71 76 0 0 0 0 0 55 23 0 0 0 28 0 79 0 98 0 0 0 0 82 0 0 92 0 0 0 0 0 0 46 0 30 0 0 0 0 43 0 1 53 0 0 30 0 0 90 0 0 0 0 0
61 71 0 0 0 50 0 0 0 98 34 0 0 0 0 0 0 1 66 0 31 0 25 0 83 0 0 0 89 0 98 0 0 0 0 0 0 0 73 0 0 18 37 50 17 56 97 0 0 79 0 0 0 64 0 44 0 0 0 0 29 1 0 0 20 57 0 0 0 0 0 0 46 0 0 0 0 0 0 82 27 0 0 0 0 0 0 44 70 0 0 0 56 0 0 48 0 100 0 0
0 0 87 0 0 54 0 0 0 7 0 0 0 0 0 0 78 50 0 0 0 0 0 86 0 0 0 0 27 0 0 0 0 0 0 82 0 0 0 0 0 0 0 0 0 68 0 0 0 0 97 0 39 0 0 0 0 0 0 30 0 0 0 0 0 15 30 15 0 31 0 30 0 45 67 0 0 0 96 0 46 0 0 26 0 0 0 0 87 0 0 0 0 0 0 0 51 0 0 0
0 75 0 0 0 48 6 0 0 0 0 97 0 54 0 0 67 0 0 33 0 0 0 2 0 0 35 0 0 15 0 0 0 0 0 0 0 0 71 0 31 0 0 0 0 98 0 0 0 0 0 0 0 22 0 0 0 0 0 0 0 0 0 0 59 0 0 0 0 0 68 0 0 0 0 0 7 0 0 0 0 0 0 0 0 39 4 0 0 0 0 97 0 0 85 0 0 0 0 0
19 0 68 0 35 0 0 0 0 0 0 0 0 0 66 0 0 0 0 12 0 0 0 0 5 13 0 40 0 85 0 0 0 0 0 0 0 0 0 41 87 0 0 0 0 70 0 0 90 0 0 48 5 21 89 0 42 0 0 0 0 0 0 0 76 0 0 0 0 0 5 0 0 0 0 0 0 73 0 0 0 0 36 0 0 0 0 0 0 0 0 14 0 0 0 0 0 0 0 0
0 0 0 1 0 0 38 0 0 0 0 0 42 25 25 0 0 0 0 0 84 0 0 0 0 0 0 0 0 18 0 0 0 0 0 67 0 0 0 0 0 0 72 0 0 0 17 0 0 4 0 0 0 63 34 0 0 0 0 0 0 39 0 0 35 0 0 55 0 0 0 32 9 0 0 0 0 0 0 6 0 0 0 42 51 0 0 97 0 0 0 0 0 0 0 0 30 0 0 0
0 67 0 0 0 0 0 0 0 0 0 0 0 0 0 43 0 0 0 0 0 0 0 0 0 0 0 0 0 0 0 0 0 0 0 2 0 0 79 0 37 0 26 0 0 0 0 98 1 46 0 88 97 0 0 16 0 0 0 0 0 0 0 40 0 1 0 0 0 0 0 87 0 67 0 0 0 0 0 0 0 56 0 54 0 83 48 0 0 0 0 49 0 91 0 100 83 0 0 23
60 0 0 0 0 0 0 0 0 73 0 0 70 17 0 99 0 0 19 0 0 0 0 0 0 0 0 99 0 0 70 6 0 67 0 0 15 0 0 0 0 0 0 0 0 0 0 28 0 0 76 0 0 0 0 97 0 46 0 0 0 0 0 0 5 0 0 0 0 0 49 36 0 37 0 0 0 96 0 0 0 0 0 0 32 0 0 0 0 0 88 0 0 36 0 0 0 0 0 0
0 0 34 0 0 13 0 0 0 2 4 0 0 0 0 0 57 51 0 94 0 0 0 0 0 0 0 0 39 0 97 88 0 0 0 0 0 87 62 0 0 0 0 0 0 0 14 0 0 65 0 0 0 0 0 0 0 0 0 0 0 0 86 0 0 0 0 0 0 0 64 0 0 42 78 0 0 0 0 0 23 45 0 0 0 0 0 0 0 54 0 94 0 98 0 48 39 0 89 64
0 0 2 78 0 0 0 0 0 97 0 0 0 0 86 0 0 45 0 0 0 0 0 0 17 0 0 0 0 31 0 0 0 0 88 0 0 28 25 0 0 0 0 0 0 0 0 18 0 69 83 0 0 0 0 0 0 0 25 0 43 0 0 0 0 13 0 0 0 70 0 0 0 79 0 0 0 0 0 0 0 0 0 0 0 0 68 0 0 0 0 0 51 0 0 0 0 100 26 0
0 0 0 60 0 43 0 0 0 0 0 0 0 0 0 0 0 0 0 14 42 0 33 78 50 55 0 0 0 0 0 0 0 0 96 0 0 0 0 0 0 0 0 0 0 0 0 0 69 0 0 0 33 55 86 0 0 0 0 61 0 61 0 0 0 0 0 0 36 26 80 0 0 0 10 0 0 35 0 60 0 0 0 0 35 0 0 16 0 0 0 0 0 0 0 0 0 0 0 64
16 0 20 0 0 2 0 89 0 0 16 0 0 0 0 0 57 0 30 0 0 0 2 0 18 0 0 0 0 0 0 0 0 0 0 89 0 100 0 62 0 0 0 65 86 0 0 0 0 0 0 0 0 38 0 0 82 0 10 0 0 0 0 0 0 0 85 0 0 0 0 0 0 0 0 46 0 0 0 0 0 25 0 0 0 0 25 0 0 0 0 0 98 0 0 0 0 0 0 0
0 0 0 0 0 0 0 0 0 0 0 0 0 0 0 0 0 0 0 0 54 35 0 21 16 0 82 0 95 0 2 0 0 2 0 57 0 0 0 0 49 0 0 0 0 0 53 0 0 58 34 0 0 0 0 0 0 0 9 0 0 0 0 0 0 60 0 0 95 0 0 0 60 0 99 10 63 85 0 83 0 0 78 0 0 0 0 0 0 0 0 89 0 90 0 0 0 0 0 0
0 0 0 0 42 0 0 0 0 0 0 0 0 0 0 0 43 0 0 0 26 45 0 0 0 64 0 0 0 0 0 0 0 60 0 0 0 40 0 0 0 0 0 0 0 0 0 0 0 28 0 20 0 0 0 74 0 4 0 0 0 0 0 0 34 0 0 0 20 0 0 43 16 0 91 0 0 61 0 0 22 0 0 0 0 22 0 0 0 0 0 0 0 0 0 0 0 0 0 0
0 0 0 0 0 0 0 0 0 0 67 0 36 0 40 69 0 0 38 0 0 0 0 0 0 26 0 0 0 0 0 0 35 0 0 88 0 0 0 0 0 0 0 0 0 0 0 0 0 12 19 0 0 0 22 0 0 0 0 0 0 42 0 0 0 0 0 0 0 0 0 0 0 0 72 0 2 0 12 2 0 0 0 0 91 0 0 0 54 0 0 70 0 0 52 0 0 0 0 0
0 0 0 0 0 0 6 0 0 0 0 0 0 0 0 0 0 84 0 0 64 0 0 0 0 0 0 0 0 0 0 0 0 0 0 0 0 34 0 19 0 0 0 89 0 0 0 29 0 4 14 98 0 0 0 0 0 0 98 0 0 80 0 98 0 0 0 0 0 0 0 0 0 0 25 56 0 0 0 100 75 0 0 0 0 0 53 0 0 0 0 0 55 0 0 0 60 0 0 0
0 0 12 0 0 0 0 53 0 99 0 0 61 5 0 0 0 0 0 48 0 0 5 0 0 0 0 4 25 45 0 93 62 0 0 0 0 0 92 0 0 0 10 74 63 0 0 0 0 0 0 0 0 22 0 0 0 0 80 0 0 0 0 0 0 0 13 0 65 0 54 56 0 0 0 0 33 0 54 0 0 23 0 54 0 98 0 0 0 0 0 17 94 0 0 0 0 0 96 0
0 0 0 0 10 11 32 0 0 0 0 0 0 0 55 0 0 0 43 0 0 8 81 0 0 0 43 0 81 0 58 34 0 0 0 0 0 0 0 55 37 10 0 0 0 0 38 0 0 0 0 0 0 0 15 0 0 0 0 0 0 48 0 0 0 69 0 0 35 98 0 0 0 9 0 0 0 0 0 0 0 0 0 92 0 12 17 0 30 0 0 78 0 87 75 0 31 0 0 0
0 0 0 0 0 0 98 0 0 0 0 0 0 60 40 0 74 0 14 0 0 0 0 0 0 0 36 0 0 0 0 44 67 0 79 0 0 0 0 0 0 45 0 0 0 0 63 77 0 0 0 0 0 36 0 42 0 31 0 92 0 0 0 90 80 22 85 0 0 5 0 0 0 0 0 21 0 0 94 0 0 0 0 0 0 0 0 0 0 0 0 0 0 0 91 0 58 0 0 0
0 0 21 15 0 0 0 0 6 0 52 82 0 0 0 7 45 0 0 0 63 0 45 0 98 7 0 34 0 0 0 0 0 16 0 0 0 0 0 58 0 51 98 0 0 0 97 0 17 0 0 0 0 0 0 0 0 0 0 0 0 0 0 0 0 13 16 0 17 20 0 0 0 0 0 0 17 19 0 0 0 0 0 0 0 94 0 0 0 0 69 38 94 2 0 0 0 0 0 0
68 99 0 0 56 33 0 0 0 0 18 0 0 79 0 68 0 0 1 52 0 0 0 0 0 0 13 50 0 0 0 0 59 41 0 0 0 0 0 0 0 86 4 0 83 40 0 0 8 0 0 0 2 0 76 10 0 0 15 0 0 0 17 0 0 0 0 66 38 0 0 0 0 0 0 0 0 0 34 65 7 0 0 46 0 0 77 0 0 0 0 0 93 0 37 0 0 0 0 0
22 0 32 0 0 0 0 0 0 64 0 0 0 0 0 0 11 0 0 0 0 75 0 48 0 0 0 0 0 0 96 0 39 0 0 0 0 0 0 0 0 0 0 0 0 83 97 0 0 0 60 100 0 0 0 88 0 0 17 0 15 9 0 0 0 0 0 28 42 0 0 34 0 41 37 0 0 0 0 0 0 0 0 0 0 100 0 0 0 0 0 59 0 73 0 0 83 0 0 0
0 0 0 0 0 55 0 0 76 0 0 0 0 0 0 0 0 0 0 0 0 0 10 0 34 0 0 91 0 0 0 0 0 0 55 88 0 0 0 0 0 0 0 0 0 0 0 0 62 33 10 0 0 0 34 0 0 17 0 36 79 0 41 68 0 0 0 0 0 0 0 0 20 0 4 0 0 0 5 77 0 35 0 0 47 0 71 0 31 15 0 0 0 0 0 19 85 0 0 0
0 0 0 42 0 0 0 0 0 0 0 0 0 0 0 0 0 0 0 0 0 0 0 0 0 32 0 38 0 0 24 49 0 97 12 0 0 0 0 0 48 0 0 0 0 0 0 0 28 0 0 0 0 78 0 0 13 9 15 0 0 0 61 0 29 0 0 0 55 61 65 0 0 9 0 0 0 72 0 82 0 0 0 0 0 0 0 0 0 26 0 41 0 0 0 0 56 0 0 0
0 0 64 41 47 0 24 0 0 16 0 0 0 0 0 53 24 0 0 0 0 0 39 0 0 0 0 74 28 0 22 3 0 0 79 0 0 0 86 0 21 0 0 0 0 62 87 76 0 0 0 0 0 0 0 0 46 0 0 0 87 50 0 0 0 0 0 0 86 0 0 0 0 0 0 0 0 0 0 10 0 0 0 0 0 3 0 0 7 0 0 0 56 0 0 0 0 31 0 95
0 0 60 0 43 0 0 12 0 0 0 49 0 0 91 0 93 65 0 0 0 76 0 0 0 0 66 45 0 0 0 0 0 0 0 0 0 0 34 0 0 0 0 0 0 0 0 0 0 91 0 89 0 0 50 0 0 0 0 0 0 0 65 0 97 0 0 60 0 0 0 42 0 0 0 15 19 0 23 17 0 50 0 0 0 0 0 0 0 40 0 39 0 0 0 27 0 0 0 0
52 35 0 0 0 0 0 0 57 0 0 0 29 0 3 0 0 76 0 18 0 0 0 89 0 0 0 0 15 0 0 0 0 0 99 0 0 0 77 92 0 40 0 0 9 38 0 0 0 0 23 97 89 19 0 2 0 0 17 0 0 0 85 0 0 0 0 0 0 47 0 0 83 0 0 0 69 0 0 0 0 0 0 0 0 25 62 0 0 0 0 98 6 0 0 0 0 0 0 0
14 0 92 0 0 0 0 0 0 0 67 0 91 12 0 0 0 0 66 0 0 38 94 0 58 0 3 0 0 0 49 65 27 0 0 0 0 0 0 0 60 62 22 0 0 35 0 0 0 0 0 0 0 9 0 0 0 0 0 53 28 1 0 0 62 0 0 81 0 30 0 0 0 0 0 0 1 90 0 0 51 0 0 67 0 0 0 0 0 0 13 0 0 0 48 0 34 0 41 0
0 0 0 86 86 0 0 28 0 0 0 0 26 0 33 0 61 0 0 0 72 0 0 31 0 0 4 0 0 96 93 29 79 57 93 0 0 0 0 0 0 0 0 0 10 0 0 0 0 0 0 27 0 0 39 16 10 0 0 0 0 35 0 0 69 93 78 0 0 0 0 0 32 0 0 18 0 0 0 0 20 0 0 0 0 0 0 0 6 48 0 0 0 70 0 0 0 0 24 27
0 0 0 0 15 0 0 11 70 0 0 0 0 0 27 0 44 0 0 40 0 1 0 0 71 0 0 0 0 0 0 0 21 57 0 0 0 0 0 0 0 0 0 53 0 0 0 0 0 0 0 0 22 12 0 0 0 0 0 32 0 72 37 34 0 0 0 0 0 0 0 0 0 0 0 0 0 0 0 0 0 0 0 0 31 0 99 23 0 24 0 0 22 0 0 0 0 0 0 0
0 0 34 0 0 0 0 0 0 0 2 0 0 0 0 0 0 0 89 75 0 0 0 0 83 0 0 0 14 0 0 0 0 36 0 58 0 51 0 0 0 0 0 0 0 0 47 0 0 0 0 0 0 0 0 0 0 0 0 0 0 0 59 0 86 0 37 0 60 0 0 0 0 61 0 0 0 76 0 60 92 0 0 0 0 0 0 0 0 0 0 0 33 23 72 0 0 0 27 97
0 36 0 0 0 0 30 0 0 0 0 0 43 54 0 0 0 0 0 0 0 7 0 0 64 0 0 0 0 53 0 0 0 0 80 0 0 0 0 0 71 0 0 0 58 0 5 0 0 28 0 95 82 0 0 0 0 0 0 0 0 0 0 0 0 55 0 48 0 92 0 7 0 22 0 0 0 15 52 0 38 0 0 0 15 65 0 0 48 0 0 0 0 39 0 0 0 0 99 0
0 0 0 0 0 0 22 0 14 84 0 96 0 59 30 0 0 17 0 54 85 4 0 0 45 0 0 0 0 14 85 0 0 0 0 0 72 0 96 0 0 0 0 0 0 0 0 0 0 0 0 39 96 0 0 0 0 0 88 26 76 0 0 0 53 5 0 22 72 0 96 0 100 0 0 0 91 0 43 0 0 37 0 0 91 0 0 0 0 52 92 0 0 0 0 0 0 0 0 0
0 0 0 0 70 0 0 0 0 0 0 0 0 0 0 0 49 85 0 85 0 0 85 0 0 0 0 0 56 0 0 34 28 0 0 0 0 0 70 48 0 0 86 0 0 0 0 0 92 0 0 0 0 0 0 0 45 0 0 0 0 0 9 0 0 0 69 4 0 0 0 0 89 0 0 68 0 0 0 0 0 0 0 0 0 35 76 0 38 0 0 0 0 0 0 0 0 0 40 43
0 0 84 86 14 0 0 0 77 0 0 47 98 22 0 52 0 0 29 0 0 60 88 0 0 0 0 10 0 0 0 0 0 0 0 0 0 3 0 0 72 10 0 44 0 11 0 0 0 0 44 0 0 83 5 0 0 0 0 0 0 51 0 0 31 0 0 0 0 0 0 0 0 0 0 83 0 25 30 0 0 0 0 12 0 0 98 0 32 65 0 0 0 0 0 0 0 0 0 54
65 82 0 0 0 100 38 0 0 0 0 88 0 0 0 51 0 18 0 0 0 0 48 0 33 37 0 24 0 0 0 0 0 0 57 0 0 0 73 0 10 0 0 0 0 0 0 0 0 0 0 0 0 0 33 0 0 84 84 0 66 0 0 0 0 0 0 81 0 0 74 82 0 0 0 0 0 0 0 0 0 0 0 0 36 43 0 0 98 0 0 0 0 0 0 0 0 26 0 0
0 0 0 40 0 0 83 0 0 0 23 0 0 0 0 53 8 0 0 0 0 0 74 0 0 0 0 0 98 0 0 0 0 0 0 0 0 0 0 0 0 0 0 0 0 0 0 86 0 18 0 46 0 36 0 0 3 0 0 0 0 72 0 0 0 0 0 0 53 0 0 0 0 0 0 0 0 0 0 94 0 23 69 0 99 37 0 0 37 0 0 5 0 0 58 36 0 0 5 3
54 0 0 54 3 0 0 0 0 0 79 0 0 69 0 0 0 0 40 0 0 0 44 7 47 23 0 0 88 0 0 0 0 0 0 0 16 0 0 8 0 84 0 75 0 0 0 0 0 0 0 0 0 0 84 92 0 0 0 0 40 0 0 42 0 0 0 0 0 0 63 0 0 0 0 1 0 0 0 0 0 0 0 25 0 0 0 20 0 0 0 0 0 0 0 0 50 54 75 0
0 69 0 0 76 0 0 0 0 0 0 0 0 57 0 0 17 0 0 0 0 0 0 0 0 0 0 4 0 36 100 54 49 0 0 0 0 0 27 0 0 0 0 0 0 0 0 0 0 0 0 0 0 0 0 0 0 7 0 0 0 0 91 96 0 0 0 56 0 0 68 0 0 0 0 47 0 0 0 0 0 0 98 0 0 0 0 62 0 0 0 71 0 60 0 56 0 20 65 0
0 0 0 0 0 0 0 0 0 78 18 37 0 0 0 0 0 65 0 0 0 0 57 0 0 0 0 0 0 24 0 0 0 0 0 0 38 0 0 0 0 0 0 0 0 0 57 0 0 20 0 0 43 0 0 0 0 0 0 0 0 90 0 0 60 15 0 0 47 0 0 0 0 3 0 0 0 0 0 51 0 0 0 0 0 0 0 0 0 0 0 44 0 0 0 0 0 30 0 0
99 74 0 0 0 0 76 0 0 0 7 18 0 0 0 0 0 0 90 0 0 0 89 0 0 12 0 0 0 0 0 22 0 0 4 0 0 6 41 0 0 0 0 0 0 0 0 0 0 6 0 0 34 0 0 0 2 0 0 37 0 0 87 0 0 0 0 58 39 0 48 0 17 0 6 0 23 0 97 59 0 0 0 58 0 69 0 0 0 0 0 0 0 0 0 57 0 0 0 0
0 0 0 0 0 0 0 0 0 0 0 0 0 0 0 0 0 0 0 68 0 0 47 98 0 0 0 0 0 0 0 0 0 0 0 0 0 0 0 0 0 0 0 0 59 0 0 9 0 0 0 95 0 0 0 0 0 31 0 0 17 0 0 0 0 0 0 85 0 25 0 96 0 0 0 0 0 0 0 41 0 0 98 94 0 0 51 0 91 0 0 30 0 0 0 0 0 0 0 0
0 0 0 0 0 0 0 0 0 12 0 0 0 0 0 0 0 0 79 0 0 0 24 0 0 63 0 0 0 0 0 0 0 56 0 57 39 0 0 0 0 18 0 0 35 0 89 88 0 0 0 57 0 0 13 0 0 100 6 0 0 91 0 48 0 25 0 0 0 0 0 0 40 0 0 0 0 0 0 0 0 0 0 0 0 0 0 0 0 0 0 38 0 0 18 92 0 0 0 0
0 0 0 0 0 0 0 0 0 0 0 0 29 0 0 0 59 0 20 0 0 34 0 0 24 0 0 0 23 0 0 0 0 36 0 0 65 0 0 0 0 48 0 0 0 0 0 53 0 0 15 0 78 11 0 0 0 0 0 0 0 0 0 0 0 0 0 0 97 0 0 48 0 11 0 0 0 0 60 0 0 3 0 0 49 5 0 0 0 0 0 0 38 3 8 0 0 0 0 0
78 0 0 0 0 0 0 0 25 0 0 0 0 0 0 0 0 0 0 0 0 0 46 0 0 62 86 0 0 15 0 0 74 0 0 0 0 0 0 31 0 0 0 0 0 0 0 0 0 0 33 0 99 0 62 98 0 0 14 17 0 0 0 0 96 0 69 0 0 0 0 0 0 0 0 0 0 0 0 31 0 0 0 0 0 0 75 0 47 0 0 0 0 0 0 0 0 2 0 0
0 70 0 79 0 0 64 0 2 0 0 0 0 69 96 11 0 0 0 0 0 0 0 0 0 0 0 0 0 53 0 97 42 98 83 69 0 0 0 50 68 0 0 0 0 0 53 0 0 0 0 0 0 0 46 0 0 0 0 0 0 0 0 0 0 55 0 83 0 42 0 0 0 17 0 0 0 2 0 19 0 7 0 0 92 76 0 82 7 12 0 0 0 0 0 0 0 0 87 0
54 0 0 22 0 0 0 25 62 0 0 91 31 0 67 0 0 0 0 0 0 0 0 0 38 0 0 0 0 35 0 23 0 0 0 0 72 0 0 0 0 0 0 0 0 0 0 0 20 65 0 59 0 24 0 84 0 0 25 0 0 85 0 0 0 9 0 77 0 23 0 0 0 0 0 0 0 0 0 0 0 0 0 0 0 0 19 0 0 0 0 0 0 0 0 0 0 51 0 72
0 97 0 0 96 0 0 0 0 0 0 0 0 53 0 0 27 0 37 72 0 0 0 0 0 0 0 82 2 0 0 0 0 0 0 1 35 0 0 0 0 0 83 0 0 64 0 0 0 85 12 0 0 90 25 0 0 0 0 0 0 70 0 0 0 94 61 0 0 0 0 0 0 0 0 0 0 46 0 77 80 63 0 99 0 0 0 0 83 0 0 45 32 0 0 0 0 76 0 0
0 81 0 0 0 0 34 0 0 0 0 0 0 3 0 0 54 0 34 0 0 3 0 0 0 0 0 73 0 0 98 0 0 79 0 0 0 0 74 91 0 0 0 0 0 0 78 0 0 0 0 60 85 0 0 98 0 0 0 34 32 66 0 0 26 0 0 0 0 0 0 0 69 0 0 37 83 0 92 0 0 0 0 34 84 79 0 92 73 0 62 0 0 0 0 84 0 65 0 44
40 0 6 0 27 0 0 11 0 0 65 0 0 0 0 0 0 0 0 0 42 0 35 0 68 0 0 0 0 0 98 0 0 0 0 16 0 57 0 70 0 27 0 31 0 0 0 0 0 0 38 41 0 0 0 79 0 0 0 90 0 0 0 0 0 0 0 0 98 71 99 0 80 0 30 0 0 0 55 91 0 54 0 0 0 0 0 0 66 0 0 99 0 0 0 0 0 58 0 0
0 96 0 0 0 0 0 0 28 0 0 56 0 86 0 0 0 29 0 0 0 0 0 90 0 0 0 0 0 0 0 0 13 0 0 0 0 0 0 0 0 0 0 0 0 0 36 0 0 0 0 0 0 0 13 0 54 0 0 40 0 0 34 0 0 59 89 26 0 21 0 0 0 98 0 0 0 0 0 0 0 0 0 0 0 0 0 0 0 96 0 95 0 0 0 0 98 0 0 38
0 36 0 0 0 0 0 0 2 0 0 0 69 96 57 0 0 0 5 0 0 0 0 91 0 0 0 0 0 28 0 13 0 0 54 45 0 0 74 0 94 0 78 0 0 0 0 13 0 0 0 68 0 0 0 0 0 0 0 0 8 0 9 0 75 0 0 0 0 0 0 0 0 64 0 27 53 5 27 0 5 0 0 33 0 23 0 0 0 0 0 0 0 0 0 0 21 0 0 0
0 0 0 29 42 83 0 0 0 0 0 0 0 43 0 0 74 0 79 0 30 0 0 0 0 0 76 0 0 36 0 0 0 24 38 0 0 0 0 12 0 13 76 0 83 0 26 0 0 5 62 76 36 0 0 0 39 0 0 0 0 0 0 0 0 72 0 0 0 0 0 0 0 17 0 0 0 0 0 0 44 0 0 0 0 0 0 0 0 0 56 0 0 0 0 0 0 0 12 0
0 0 0 64 4 0 0 0 76 0 0 78 84 80 53 0 27 0 23 71 18 0 0 6 0 0 0 0 0 0 29 50 0 50 0 0 0 0 51 0 0 0 0 0 62 0 0 0 0 0 0 70 16 97 0 0 75 0 0 0 90 0 0 0 0 0 90 0 40 0 0 87 0 27 0 0 43 0 0 0 0 0 13 92 0 0 0 0 0 0 0 0 0 0 0 95 0 0 73 0
1 0 21 0 0 0 0 0 0 0 0 0 0 28 0 0 0 0 0 0 0 0 80 0 0 0 0 0 77 94 37 0 0 0 0 0 0 0 21 0 0 0 0 86 0 0 0 0 0 0 0 0 0 0 63 0 0 0 0 35 0 0 0 0 84 0 0 0 0 0 10 0 0 57 0 0 0 0 76 0 0 0 0 0 0 0 70 0 0 87 0 81 0 0 0 0 11 0 0 0
0 38 81 0 0 0 0 92 77 0 0 0 79 80 27 0 19 23 49 0 0 20 25 0 0 0 0 0 0 74 0 35 56 0 0 0 0 0 0 0 0 0 77 0 0 0 0 0 0 0 0 0 0 83 93 0 12 0 98 0 0 0 0 0 63 40 23 27 0 0 0 0 0 0 0 0 12 0 7 0 80 0 0 0 0 0 0 70 0 92 0 0 0 0 0 0 0 7 66 17
60 0 0 0 0 0 47 11 0 36 0 0 0 56 0 0 0 0 0 0 62 95 0 0 0 2 0 96 0 0 0 0 0 0 0 29 0 0 0 63 0 0 0 0 0 89 0 0 0 54 0 0 0 19 0 0 86 0 0 0 0 0 0 0 0 0 0 0 0 0 0 22 0 0 0 0 99 95 0 0 0 0 0 0 0 0 40 0 46 0 0 0 0 0 0 0 0 0 0 0
0 0 0 0 0 0 0 0 0 0 0 0 0 0 0 50 0 0 0 0 0 0 0 0 0 0 64 0 0 0 0 0 0 0 80 17 54 0 0 98 45 0 0 35 0 11 0 31 0 0 77 0 0 0 0 15 0 0 0 80 0 42 59 0 0 0 0 0 0 2 0 0 0 8 0 0 0 0 0 56 62 87 19 35 0 20 0 0 0 0 13 0 0 0 0 0 0 2 0 0
0 0 0 95 0 0 0 32 0 0 0 0 0 0 0 0 0 0 66 0 0 0 94 29 0 38 26 16 83 0 0 0 0 80 5 0 5 0 71 34 3 0 0 0 45 12 0 0 0 0 0 77 0 0 1 0 45 0 0 0 0 0 0 5 0 0 0 84 0 11 0 0 0 0 0 0 0 0 0 0 92 0 96 0 0 70 4 0 23 0 0 0 0 0 22 28 0 0 69 0
0 36 7 0 83 0 0 0 0 0 0 0 0 0 41 0 0 48 0 0 0 0 0 0 0 0 0 30 0 45 0 0 0 0 0 0 28 26 0 0 0 0 91 0 69 0 0 0 15 0 0 0 0 0 64 0 0 0 0 0 11 0 0 0 48 67 93 0 70 0 0 37 10 69 55 80 0 0 0 0 0 7 0 0 0 0 0 0 0 0 0 0 0 0 0 37 30 0 0 0
86 0 0 0 0 0 0 0 0 72 0 0 0 0 0 0 90 0 18 0 0 0 6 0 0 0 63 65 0 0 37 0 0 26 99 0 0 0 0 0 0 0 100 0 0 0 0 92 100 0 0 0 19 0 0 0 0 0 30 0 39 0 75 0 0 0 0 25 0 34 0 0 0 0 0 0 0 0 57 0 0 0 0 0 0 0 87 0 13 63 0 0 0 79 0 0 0 0 45 0
19 21 0 0 0 0 0 0 0 0 20 0 46 0 0 16 0 0 0 3 63 0 0 0 0 14 0 0 0 0 0 70 90 0 0 0 0 0 40 0 0 0 0 0 0 0 0 0 0 0 57 0 0 93 0 78 0 65 0 0 0 0 0 0 40 0 0 0 0 0 0 0 0 15 0 0 0 86 0 0 0 95 0 0 0 0 57 0 0 0 91 0 0 0 0 0 0 0 0 0
0 0 0 89 0 0 0 0 17 0 0 0 0 0 0 0 0 0 0 0 0 24 0 50 0 0 32 0 0 0 0 0 69 0 0 28 0 0 0 0 75 0 0 29 41 0 73 0 0 0 0 0 0 0 0 0 0 0 0 58 0 2 0 0 0 0 73 32 0 88 0 0 29 34 0 71 0 63 30 0 0 0 0 0 0 0 0 63 0 0 0 17 71 0 0 49 0 0 0 0
0 0 66 9 33 0 0 0 0 0 82 0 0 0 0 0 0 0 59 0 54 0 0 0 0 20 0 71 68 0 0 0 0 15 0 71 0 0 71 0 0 0 84 0 0 0 43 0 0 0 0 0 0 0 0 0 83 0 0 0 0 0 83 0 0 14 0 31 0 0 67 0 0 38 0 0 62 70 0 0 20 0 0 20 0 0 0 0 0 53 0 7 0 0 0 0 0 0 0 0
0 0 0 0 0 31 0 0 0 0 0 0 0 0 0 0 0 0 0 0 75 0 0 0 5 19 0 0 80 21 0 68 0 12 0 0 0 0 0 0 82 0 0 0 0 0 0 39 0 0 23 93 25 95 88 0 0 0 0 0 0 92 0 0 0 0 0 0 0 0 93 0 68 0 0 0 0 65 70 0 0 0 0 54 0 0 0 0 0 0 0 0 64 0 0 0 0 0 0 0
34 0 0 0 0 80 0 0 0 0 0 96 0 70 0 0 0 0 0 0 0 0 0 0 0 0 0 0 0 3 0 0 61 0 73 0 0 0 0 0 0 7 0 0 0 100 0 91 0 0 0 95 0 0 44 0 0 53 0 0 41 0 0 0 0 0 0 0 0 0 0 0 72 0 44 0 12 32 0 53 0 9 34 0 0 98 24 0 38 92 0 0 89 0 0 0 0 0 0 0
0 0 0 0 0 0 0 0 0 1 27 0 0 53 28 0 0 61 0 0 0 0 0 0 0 0 0 0 0 0 0 0 28 0 54 0 0 54 0 0 0 0 0 0 0 0 0 0 0 0 0 56 0 0 0 0 0 0 0 0 0 0 0 94 0 0 0 0 82 0 0 0 0 0 0 0 0 0 0 0 0 0 0 0 0 0 0 0 0 0 82 93 0 0 81 60 0 0 65 32
93 0 0 0 0 16 0 16 77 0 0 0 99 0 0 0 0 0 0 95 0 0 0 46 0 5 0 0 0 0 0 0 0 0 0 0 0 0 0 0 8 0 0 88 0 0 0 0 0 0 0 85 0 0 0 0 0 0 0 0 0 0 0 30 0 94 83 0 0 0 0 0 0 0 0 29 0 83 0 0 0 88 0 0 39 0 38 35 15 10 0 0 0 0 0 71 0 0 0 0
39 0 0 0 0 9 0 63 0 0 0 0 59 0 0 29 0 0 0 0 0 0 0 0 0 0 0 0 0 0 0 0 0 0 0 25 0 0 0 0 0 0 0 85 0 70 0 0 0 0 0 0 0 70 0 0 0 0 0 0 0 83 12 0 29 0 0 0 95 40 0 0 73 0 30 0 0 73 0 0 0 61 0 0 0 0 0 97 0 0 0 0 0 27 0 0 0 0 0 0