100
0 0 0 0 0 82 0 0 93 0 0 0 0 0 14 0 0 0 28 0 0 72 0 0 0 0 0 0 0 0 62 0 43 0 12 0 0 0 7 0 0 0 0 0 31 0 0 0 52 99 0 0 0 0 0 0 0 0 0 0 0 0 0 0 41 38 100 0 0 0 0 0 0 0 0 0 30 0 35 0 0 0 0 33 0 0 0 0 30 0 0 0 0 0 0 0 0 49 4 42
0 0 61 0 38 0 0 79 0 0 0 0 0 0 0 0 0 0 0 0 0 0 44 0 0 0 66 0 0 93 0 0 85 0 0 1 0 0 89 0 63 40 0 0 0 0 0 0 0 34 98 0 0 0 59 0 0 48 0 90 0 72 0 74 0 0 0 0 0 0 0 0 79 0 0 0 0 0 30 0 0 0 0 47 0 1 0 99 0 43 11 0 22 71 0 0 80 0 0 0
0 0 0 0 31 0 0 0 90 86 0 0 0 0 0 0 0 0 0 2 0 47 60 66 0 0 100 0 0 0 14 0 0 54 0 0 0 0 0 0 0 0 97 0 0 0 69 0 0 75 44 65 0 0 0 0 0 0 10 0 0 0 14 0 0 0 0 0 0 0 0 71 15 25 0 47 0 0 0 0 0 0 0 0 0 52 0 0 0 0 0 0 0 0 0 0 0 81 0 5
0 0 0 0 2 0 0 0 0 0 0 0 36 0 0 0 0 69 0 58 92 0 0 96 0 0 0 0 79 0 0 25 79 25 0 65 0 0 0 0 0 0 0 52 0 0 0 82 0 0 0 0 0 0 0 0 0 0 0 85 7 0 38 0 0 0 0 0 0 0 0 0 0 0 13 0 0 0 0 0 32 0 57 41 0 0 0 0 0 43 0 87 0 0 0 0 84 0 67 0
0 0 0 0 0 0 0 0 0 0 0 0 54 0 0 70 0 0 0 0 0 0 0 68 0 0 0 0 0 0 59 0 0 0 95 0 0 0 0 90 0 0 0 12 0 0 96 0 0 0 0 40 0 0 100 42 0 82 0 0 0 0 0 0 0 0 40 4 0 0 0 0 44 0 0 0 35 0 68 0 0 0 0 0 0 0 25 35 0 62 0 0 99 0 32 53 0 0 0 0
68 0 34 0 0 0 0 0 0 26 0 98 0 0 0 0 0 0 0 0 98 70 0 0 0 0 7 0 0 0 0 0 0 47 0 0 83 12 0 0 0 0 54 0 0 0 0 0 0 0 83 0 0 35 0 79 12 99 0 62 0 0 0 0 0 78 0 0 0 0 0 0 0 0 46 0 0 21 21 0 42 75 0 0 0 0 0 0 0 0 0 0 0 0 0 47 0 0 76 50
0 0 49 0 0 0 0 0 0 49 0 0 0 78 35 0 0 0 0 4 0 0 54 0 0 71 65 0 0 0 29 0 0 0 0 0 0 0 17 63 0 49 0 0 0 0 0 0 55 0 50 0 0 0 5 0 0 0 72 0 0 0 50 0 0 0 0 0 0 0 0 0 0 48 0 0 40 0 0 0 0 0 0 0 75 0 0 0 0 44 0 0 0 0 0 0 0 16 0 0
0 0 0 9 0 47 0 0 4 0 0 0 0 6 0 0 0 0 0 0 0 52 0 0 0 0 0 46 0 0 0 89 0 0 0 0 0 0 0 0 0 0 0 59 0 0 0 0 0 0 0 0 0 0 0 0 0 0 70 23 22 0 19 0 0 0 0 0 0 0 0 86 0 0 0 0 37 14 0 1 0 48 0 0 52 56 0 0 86 0 0 0 0 0 0 0 0 0 0 0
0 0 0 75 0 0 34 0 0 0 18 0 0 0 0 33 9 0 0 0 0 48 0 0 0 0 0 0 0 0 0 80 0 0 0 0 0 0 0 90 91 0 0 17 0 4 29 0 0 0 13 58 83 0 0 0 0 73 0 86 68 37 38 0 47 0 0 75 0 0 12 0 0 0 86 0 0 0 0 0 0 44 59 0 19 0 0 0 0 0 0 0 0 0 50 0 0 0 0 0
0 82 0 0 86 70 0 58 0 0 83 0 0 0 0 0 0 0 0 0 85 0 0 0 63 0 0 0 0 56 0 0 63 0 0 0 13 0 99 0 0 0 0 0 0 0 0 95 0 4 0 0 0 0 0 0 0 0 27 0 0 0 0 0 0 0 84 99 0 92 0 0 0 59 0 0 66 0 80 0 0 0 0 0 0 0 0 0 30 1 0 0 0 0 0 0 0 0 91 0
0 0 0 0 87 0 0 0 25 52 0 0 32 61 0 0 0 0 0 80 0 0 18 0 0 83 0 0 0 0 0 53 0 30 0 0 0 0 0 0 0 0 0 21 0 0 9 20 0 0 58 0 74 0 0 73 23 0 0 0 0 0 30 0 0 0 0 0 16 0 57 53 0 15 0 0 97 0 89 0 5 64 0 0 0 53 0 0 0 0 0 0 59 0 0 0 0 0 10 0
100 0 0 0 0 0 0 0 0 0 0 0 58 70 92 0 77 0 77 64 22 0 0 0 0 22 0 0 0 0 0 87 0 0 57 0 0 0 0 14 0 46 0 0 58 79 0 100 0 0 57 0 0 0 0 29 0 0 0 2 49 0 0 0 0 0 0 0 0 85 0 0 0 0 0 0 0 0 0 0 0 0 0 0 0 0 0 0 0 0 68 0 0 69 0 0 0 0 0 0
0 81 67 0 0 93 0 97 0 21 0 46 0 0 0 0 41 0 0 25 0 0 0 0 0 0 0 0 0 71 12 0 0 89 0 0 70 0 0 0 0 0 68 0 0 0 50 0 0 0 0 0 0 0 0 0 96 0 0 0 18 0 14 77 0 45 81 0 0 0 0 0 0 0 0 76 0 0 0 90 0 64 0 0 0 0 10 50 91 23 0 0 40 0 36 0 14 70 0 98
0 0 89 77 28 75 0 0 0 0 0 0 6 0 0 0 25 94 0 0 0 0 0 33 11 0 0 0 0 0 0 0 66 0 0 0 0 18 71 0 0 0 0 0 0 0 0 0 0 0 0 81 0 0 0 0 0 0 87 0 0 0 0 0 0 0 0 26 0 0 0 36 0 0 0 0 0 54 0 0 0 0 50 0 53 0 39 0 0 0 38 94 0 0 0 0 0 0 0 0
0 0 0 0 0 0 0 0 0 0 36 0 0 24 0 0 0 0 0 0 15 51 44 66 0 0 0 0 86 0 0 85 81 0 0 0 0 94 44 0 0 80 0 0 24 0 0 17 0 0 0 0 0 0 0 0 0 0 0 0 0 0 0 0 72 94 0 0 0 63 0 0 0 0 0 98 0 11 0 0 0 100 0 0 68 35 66 64 0 0 0 0 0 0 55 0 16 10 57 0
0 34 0 66 0 0 0 0 0 0 45 95 0 0 39 0 0 0 0 0 0 0 89 91 0 15 0 0 0 13 0 0 0 0 0 0 0 0 0 0 0 0 0 0 0 0 0 0 33 8 0 0 0 0 46 0 0 0 0 0 12 0 0 91 0 0 0 0 0 65 0 0 0 0 0 0 0 0 54 98 96 0 0 0 0 64 0 60 0 74 0 0 0 45 0 0 0 52 0 0
64 0 0 22 30 20 64 0 0 0 82 0 45 0 0 0 0 0 98 0 0 24 0 0 0 0 0 0 0 0 4 76 0 0 0 0 0 7 0 0 1 0 0 0 0 0 0 53 0 0 0 91 55 63 0 79 0 0 0 0 0 0 0 0 0 0 43 69 0 0 0 0 0 0 0 0 0 70 0 0 0 0 0 0 25 0 0 0 0 0 45 0 0 0 0 0 0 0 62 0
0 0 0 0 0 0 0 0 0 0 0 0 40 5 0 0 0 0 0 0 3 0 3 98 0 0 0 50 0 0 0 0 31 17 0 34 62 90 90 31 0 0 0 0 0 0 0 0 0 58 0 0 0 0 45 0 0 0 0 0 0 0 19 79 0 100 0 0 81 41 0 58 0 0 0 0 0 0 87 0 0 0 0 0 25 0 0 56 0 0 0 0 9 34 23 97 0 0 0 0
0 0 0 0 63 10 82 0 85 81 45 54 0 71 84 0 63 0 0 0 0 0 0 0 0 0 0 0 0 0 0 0 47 0 0 1 0 0 0 0 0 21 0 88 0 0 0 21 48 30 0 0 0 0 4 57 0 11 0 0 0 0 0 0 0 0 68 90 0 0 27 68 0 0 0 51 0 0 0 0 21 0 0 0 0 0 71 0 0 0 36 0 0 0 0 0 26 5 0 0
89 0 0 0 0 0 0 0 1 91 0 36 0 87 60 0 0 0 0 0 0 0 0 0 64 0 0 0 48 15 0 71 29 68 38 46 0 9 0 0 0 0 92 0 0 0 0 0 0 0 0 0 0 0 0 0 0 0 0 0 73 0 0 0 0 27 0 28 0 75 0 20 0 0 0 32 44 0 0 0 0 0 87 0 0 0 0 0 0 0 0 31 0 0 0 0 0 0 0 0
0 0 0 0 0 0 80 0 87 0 0 0 0 0 0 0 0 0 0 4 0 0 0 0 0 0 0 0 0 0 0 0 0 0 0 0 0 0 0 0 0 0 0 0 0 0 33 0 9 0 0 0 0 0 67 30 62 0 0 0 0 0 0 38 62 0 0 0 0 14 0 0 97 0 0 0 8 12 0 61 0 0 93 0 0 0 0 0 0 0 26 0 6 0 0 0 0 2 0 56
0 0 14 0 0 0 0 55 0 0 0 95 0 0 0 0 0 0 0 0 0 0 0 0 49 57 0 0 8 0 0 0 3 0 0 0 0 0 0 0 0 0 0 0 0 26 0 0 0 0 0 0 0 0 0 90 0 0 20 0 0 0 36 0 0 0 57 0 2 0 0 0 81 0 95 0 0 0 0 0 0 63 0 0 0 0 0 0 0 0 0 0 0 0 0 0 0 0 0 0
0 0 0 66 5 53 0 0 0 96 78 0 0 0 0 0 0 30 0 0 0 62 0 0 0 0 0 0 30 18 0 0 0 27 0 91 96 0 0 100 81 0 0 0 0 0 0 0 0 0 0 3 0 47 0 0 0 0 82 0 0 35 0 15 0 0 0 0 0 0 10 40 0 0 0 0 0 0 0 74 0 0 0 0 0 0 62 0 0 32 49 0 37 38 17 0 0 0 0 0
57 100 0 99 0 0 0 35 0 84 0 0 98 0 0 44 53 0 57 0 0 52 93 0 0 0 0 26 0 0 0 48 0 0 0 0 0 0 63 0 0 0 0 0 0 79 0 0 0 0 0 0 9 0 47 99 0 0 0 32 16 0 0 59 0 0 0 72 0 0 0 0 0 0 0 0 23 0 0 58 0 0 12 0 24 0 0 0 0 0 0 63 0 0 24 13 0 0 7 0
16 0 0 47 53 0 28 0 0 81 0 0 0 0 0 0 0 0 0 0 0 0 0 0 0 0 0 0 34 0 97 0 0 62 72 88 0 0 0 0 0 38 38 52 0 0 0 0 0 0 57 0 0 0 0 0 0 33 0 49 75 0 0 0 0 0 0 0 0 0 15 0 0 36 85 0 0 0 0 0 0 50 0 46 0 0 94 0 67 0 55 20 81 0 0 85 0 0 0 38
0 0 0 76 9 0 0 0 0 0 0 0 0 88 0 0 0 91 1 0 0 0 29 0 0 0 0 76 0 0 0 0 0 0 0 0 0 0 0 0 12 73 18 0 0 0 0 22 0 0 40 0 63 0 0 0 13 0 0 0 0 100 0 67 0 0 0 0 0 0 0 93 0 68 0 0 0 16 0 0 0 0 0 0 0 0 36 49 0 20 0 0 12 0 67 0 33 0 0 0
0 0 51 0 0 0 1 0 89 0 0 0 62 0 0 19 0 0 0 81 0 0 0 0 0 24 0 0 0 0 0 79 0 0 0 0 0 0 20 9 0 0 0 97 32 65 0 0 0 0 0 0 0 0 0 0 84 0 99 0 0 0 18 0 0 0 0 0 0 0 0 60 0 0 99 0 0 0 0 0 0 0 92 0 0 0 0 0 0 0 0 0 0 0 0 20 0 24 0 0
0 0 0 0 0 0 0 70 0 0 0 0 0 54 0 0 0 0 0 7 0 0 0 0 0 0 0 0 0 0 0 0 76 0 0 0 0 0 0 0 0 0 0 0 0 0 0 0 0 0 70 0 0 0 35 0 0 0 0 0 0 0 0 0 0 88 3 0 0 92 0 0 2 0 100 0 0 0 0 80 0 0 0 0 0 0 32 0 0 0 0 0 0 0 0 0 0 50 76 0
0 0 27 0 0 0 40 14 0 50 0 0 0 43 0 0 39 61 56 0 0 0 27 0 57 38 99 0 0 0 0 0 0 72 0 0 0 0 0 0 0 0 34 0 0 40 95 4 0 0 81 0 89 68 26 0 0 0 0 0 40 21 0 0 0 0 7 65 0 0 0 0 0 0 0 0 0 0 0 0 0 0 0 50 0 70 0 0 0 0 61 0 0 0 0 37 0 10 0 0
0 0 0 0 0 0 0 0 0 0 0 0 74 0 0 68 0 0 0 0 0 0 69 30 0 0 99 0 0 0 0 0 0 0 0 32 0 45 6 0 0 75 0 0 0 0 0 0 0 0 0 0 4 62 0 43 0 5 0 0 0 0 0 0 0 0 0 0 61 64 19 86 0 0 0 0 0 2 0 0 0 0 0 0 0 0 23 0 0 0 79 0 0 44 0 89 0 0 0 34
19 0 0 0 0 0 0 47 0 0 0 0 0 0 0 0 0 0 0 0 0 0 9 77 0 0 0 0 4 0 0 0 0 0 0 0 0 30 0 0 70 0 0 0 0 0 0 47 8 0 0 0 0 39 0 96 0 0 0 75 0 0 75 0 0 0 30 93 0 0 0 0 0 0 0 0 83 13 0 0 0 0 0 0 100 0 0 23 45 58 0 0 0 83 64 0 0 0 62 63
0 0 0 0 33 0 68 0 19 0 0 0 0 72 0 0 0 0 82 0 21 0 19 0 76 44 0 51 0 97 0 0 0 0 0 0 0 77 85 0 57 0 0 0 0 0 0 0 63 0 0 0 0 0 26 71 0 48 96 0 0 0 0 12 0 0 0 98 0 0 0 6 0 0 0 0 0 0 0 0 70 0 0 0 0 0 85 28 0 19 0 0 57 0 0 0 0 65 52 0
87 0 0 53 97 0 0 0 0 0 0 0 88 0 0 0 0 0 0 58 0 0 83 0 0 0 0 0 72 0 0 0 0 0 0 27 0 0 0 0 66 25 65 0 0 0 0 0 0 0 13 0 0 0 0 0 0 0 95 19 0 6 0 0 0 79 0 0 0 0 0 1 37 13 78 0 0 21 0 0 0 0 0 0 0 0 0 0 0 0 0 0 0 0 0 0 0 0 0 0
23 0 4 2 0 0 0 0 0 74 0 76 0 0 0 0 43 0 88 0 86 0 0 0 0 0 0 81 0 0 0 0 0 0 11 0 0 0 1 0 0 0 0 0 0 0 0 9 0 0 0 0 0 0 39 92 71 74 0 0 0 0 66 0 0 0 49 0 0 41 0 0 0 0 0 0 30 33 8 89 0 0 0 0 0 35 29 0 0 2 79 0 0 16 0 4 44 0 0 27
0 0 0 0 0 0 0 89 0 0 0 0 0 0 21 0 62 0 0 0 0 0 0 0 100 0 0 0 0 24 0 0 0 0 0 0 0 68 0 0 0 0 69 2 0 0 0 0 0 0 0 0 0 100 80 0 0 0 0 0 0 0 61 0 0 33 29 58 25 0 0 0 0 0 0 21 0 0 0 0 0 0 16 98 66 0 0 18 0 22 0 0 0 0 0 0 0 41 29 0
0 0 0 87 0 0 93 0 0 0 7 0 78 24 42 42 0 0 45 0 0 68 0 0 15 0 0 0 0 0 92 0 0 0 0 0 0 0 0 0 93 0 0 0 57 0 0 0 0 0 0 0 47 0 97 0 0 0 0 0 0 0 0 27 0 14 97 0 0 0 0 0 0 9 0 0 0 0 0 100 0 0 0 0 29 0 0 0 0 0 0 0 0 0 9 0 0 0 0 0
0 26 0 0 0 0 0 0 0 0 0 0 0 14 0 77 0 0 0 0 0 85 0 0 76 91 0 0 0 0 0 0 0 0 0 56 0 0 0 0 0 0 0 0 0 0 0 22 0 0 0 0 0 0 89 0 0 0 0 0 0 0 0 0 0 0 0 60 0 58 66 0 0 31 0 16 0 0 0 0 0 0 0 0 31 6 0 0 0 0 0 90 18 41 0 0 0 0 0 0
13 8 0 0 48 0 0 64 0 0 0 34 0 86 0 0 0 0 0 0 0 0 0 0 68 0 0 0 0 0 0 0 0 0 0 0 0 0 0 0 0 40 0 17 0 51 0 0 0 0 13 0 0 75 29 0 0 0 0 0 0 87 15 32 0 0 0 3 0 64 33 0 43 51 100 0 83 0 0 0 0 0 0 0 0 0 0 0 77 0 0 0 0 0 0 0 8 0 0 0
0 25 0 0 0 20 71 0 0 0 0 53 0 22 41 0 0 0 0 0 8 0 0 18 0 0 0 0 10 0 0 0 0 0 0 26 0 61 0 0 0 0 0 65 0 85 75 0 0 38 0 0 0 0 0 0 41 0 0 0 0 0 0 0 0 0 0 0 0 0 0 0 0 0 0 0 87 0 0 35 0 0 0 0 0 0 0 0 0 0 70 0 0 0 5 96 0 0 0 0
44 98 29 96 91 0 0 0 46 83 0 0 0 87 0 0 80 61 0 0 32 9 0 0 0 11 0 0 0 0 0 12 0 85 0 0 0 0 0 0 0 0 0 97 0 0 0 0 0 0 0 0 0 0 0 0 59 0 66 0 3 0 0 0 0 0 0 0 0 0 0 10 0 0 0 0 0 0 0 60 0 22 0 0 0 0 0 45 0 6 0 0 0 0 12 87 0 37 0 12
0 0 0 0 0 0 0 0 0 45 35 0 0 0 0 63 0 36 0 0 0 0 0 0 79 0 0 0 70 0 0 0 93 0 0 0 83 0 0 0 0 0 0 0 61 0 0 0 0 46 0 0 0 0 0 0 0 0 60 0 72 0 0 46 0 0 75 96 0 0 87 0 58 0 0 0 0 0 70 0 17 0 0 0 0 0 0 0 34 23 0 35 0 0 0 0 20 0 0 57
0 0 0 0 56 26 0 0 0 0 0 0 55 46 0 0 0 0 0 0 0 35 75 0 0 10 0 0 2 0 77 0 0 0 0 0 0 0 0 0 93 0 0 30 0 0 56 0 0 0 0 0 29 0 0 0 0 0 7 15 0 0 0 0 0 0 0 40 0 0 0 0 0 0 0 0 0 0 0 0 0 67 8 66 0 0 0 82 25 0 0 0 0 0 0 53 0 0 0 0
0 0 0 0 21 0 8 0 94 30 0 0 0 99 0 0 0 0 50 100 0 0 0 0 84 0 0 17 0 0 0 87 8 57 0 0 0 0 0 13 82 0 0 0 0 0 0 0 0 0 0 15 0 0 0 0 0 0 0 0 0 0 33 0 0 0 0 12 0 0 0 0 0 0 0 85 0 93 89 0 0 0 0 53 31 0 70 0 0 59 0 0 0 72 0 63 0 0 0 0
34 0 20 0 72 0 0 95 0 36 0 0 0 0 0 96 89 0 0 34 0 0 0 14 43 0 0 0 0 0 0 44 0 71 0 0 0 0 0 6 0 66 0 0 0 0 0 0 6 0 0 68 0 88 0 0 0 0 1 0 0 0 0 94 0 94 0 75 0 0 0 0 50 22 67 0 0 0 0 0 0 0 0 0 0 34 0 0 57 0 80 0 0 0 0 0 0 0 90 0
0 0 97 0 0 0 0 93 0 0 0 27 0 0 43 0 0 0 80 0 0 28 0 0 0 0 0 89 0 0 0 0 38 0 0 0 0 55 0 0 4 0 43 2 0 0 0 0 0 0 0 0 0 31 0 0 0 86 0 0 0 27 0 0 0 10 0 0 0 0 0 0 0 0 0 0 0 0 0 54 14 0 0 0 0 0 29 0 0 0 0 0 0 0 0 0 70 15 0 0
0 30 0 0 0 0 6 0 0 0 0 0 90 0 0 0 0 86 91 1 13 0 0 5 0 58 0 35 0 0 0 0 0 0 15 0 0 0 0 36 0 0 0 0 0 0 0 0 0 0 0 0 39 0 53 0 0 0 14 0 0 0 0 0 21 38 0 0 33 52 85 0 27 0 0 0 0 0 0 0 0 0 0 0 84 60 0 0 99 0 0 0 0 0 0 0 0 0 24 0
0 9 45 14 0 91 0 0 0 0 0 0 0 50 24 0 0 0 0 93 0 0 0 0 0 0 0 0 0 11 43 0 0 0 0 0 0 0 0 0 0 0 0 41 0 0 0 0 53 0 0 0 0 0 0 95 0 0 0 24 91 13 0 0 0 44 0 0 0 99 54 0 0 0 0 99 75 100 0 0 0 8 31 98 0 9 18 2 0 0 0 0 0 0 0 0 0 0 89 67
0 35 0 68 0 0 0 25 0 0 2 0 0 0 87 0 0 0 0 0 0 0 0 0 0 0 0 0 12 28 36 0 0 0 58 90 0 0 0 0 0 0 0 0 0 23 0 0 18 0 0 0 49 0 7 0 0 0 0 0 0 0 29 60 0 0 0 0 0 0 0 0 7 0 21 0 0 0 0 0 85 0 41 0 0 78 0 0 0 0 0 0 0 0 0 69 3 30 0 0
4 22 0 5 0 92 0 0 0 0 25 49 0 6 0 0 0 0 0 0 99 0 79 59 0 0 0 0 0 0 0 0 23 0 85 0 0 0 36 0 0 0 12 0 85 0 0 0 0 0 0 0 56 0 0 48 0 33 0 0 0 0 21 0 0 0 62 0 0 0 40 0 99 0 12 0 0 0 0 0 0 94 0 0 0 0 0 56 16 0 0 0 0 0 0 27 19 0 0 0
0 0 0 0 0 0 0 0 0 33 0 0 55 0 0 23 33 83 0 0 67 0 0 0 0 55 0 0 0 0 0 0 0 0 0 0 0 2 0 0 0 0 0 58 0 0 0 0 0 0 80 0 0 0 0 0 47 0 0 88 45 0 100 0 0 0 0 0 0 28 0 0 48 0 0 0 31 0 0 99 0 0 0 0 0 0 0 0 0 0 0 0 0 0 0 0 31 0 0 0
0 0 0 0 0 98 0 41 0 0 0 4 0 0 0 0 0 0 0 93 0 0 19 0 45 0 0 0 0 0 34 0 0 0 0 0 13 0 42 0 48 0 0 0 0 85 0 82 0 0 0 31 0 86 0 0 0 0 18 0 0 0 0 0 0 0 32 0 0 0 23 0 0 0 0 0 0 0 0 42 0 0 0 1 0 0 0 0 0 0 0 0 0 71 27 0 38 0 0 0
1 0 0 76 0 0 59 0 41 0 62 0 10 62 50 0 0 0 3 0 0 0 100 0 67 0 0 0 0 0 0 0 0 0 0 10 57 0 0 89 56 29 0 0 60 0 0 5 0 86 0 0 82 0 0 0 0 0 0 0 0 0 0 0 0 0 0 0 62 0 63 0 0 0 12 41 0 0 0 0 0 25 0 0 0 0 0 0 0 0 0 0 0 99 0 0 75 0 0 0
0 44 7 0 0 0 26 0 8 0 0 97 0 0 0 0 0 0 0 15 0 0 0 0 0 0 73 78 0 0 0 0 0 0 0 0 16 0 53 0 84 50 4 0 0 95 0 0 0 1 52 0 0 0 30 0 86 0 0 0 0 0 54 0 0 0 0 60 0 36 0 0 0 0 0 0 0 0 0 0 0 0 0 0 80 0 0 0 0 0 0 5 0 0 63 0 31 0 0 0
11 0 0 0 0 0 0 0 0 0 0 0 0 0 0 0 0 96 0 0 0 0 0 9 91 18 18 40 0 0 0 0 0 0 0 0 0 0 0 0 0 0 0 0 77 0 0 32 0 0 0 86 0 0 0 0 0 0 0 31 82 0 0 0 0 0 0 0 0 31 47 14 7 0 33 0 0 0 0 0 0 0 0 35 22 0 0 0 0 0 0 0 0 0 69 0 62 89 0 0
0 0 0 0 0 0 5 71 47 22 0 0 27 0 0 0 13 0 0 0 0 0 0 0 0 0 0 0 0 0 0 0 0 0 0 0 0 67 95 30 0 0 65 0 0 0 0 0 0 77 63 0 0 98 0 43 0 0 0 49 0 0 0 0 0 56 0 0 0 0 0 0 0 0 0 41 24 45 0 18 0 0 94 0 0 21 0 0 19 0 0 0 0 0 67 0 0 0 0 0
0 0 16 0 0 0 0 21 0 0 0 0 12 0 0 5 0 0 0 0 0 0 0 0 0 98 0 0 0 81 0 0 0 0 100 0 0 0 0 0 0 92 0 0 88 0 0 84 0 0 0 0 41 0 0 0 100 100 0 0 0 0 0 0 0 0 0 0 0 0 0 0 0 0 0 0 63 0 0 6 0 0 0 0 0 0 0 0 0 0 0 99 0 0 0 0 0 0 99 0
0 0 0 52 0 0 0 90 86 35 0 4 0 19 0 0 0 0 42 0 0 60 25 0 0 0 0 62 40 0 72 15 91 0 40 0 0 21 26 0 0 0 0 92 0 0 0 70 0 0 0 49 0 0 0 0 0 0 0 57 0 0 88 0 0 0 0 0 0 0 0 0 0 0 48 81 0 38 0 0 0 0 0 0 0 0 0 23 0 0 0 0 0 0 0 90 0 93 0 0
0 67 52 0 0 0 0 10 0 0 0 97 0 62 0 90 0 0 0 0 0 0 0 0 0 0 0 0 73 0 0 0 68 0 0 3 0 0 0 0 0 0 0 0 0 0 0 0 68 0 0 0 0 0 0 0 49 0 0 81 0 0 0 0 0 90 84 0 59 0 0 92 0 91 15 66 0 0 0 9 0 0 0 0 0 0 0 13 0 0 0 0 0 0 0 64 0 25 0 0
32 0 0 0 74 0 60 0 0 28 0 63 0 0 0 80 0 0 0 0 100 88 0 0 0 0 0 95 0 9 0 0 0 0 0 0 0 16 65 0 0 0 11 0 30 55 0 0 0 0 78 18 0 0 0 0 0 0 0 22 0 0 0 0 0 0 0 13 0 93 0 31 7 74 0 0 0 58 0 0 0 0 0 0 0 26 0 0 0 52 0 0 10 0 0 51 0 0 0 0
0 0 0 42 0 0 98 0 59 54 0 30 6 0 31 0 0 0 0 0 0 0 0 0 0 0 0 0 29 37 0 0 0 0 0 0 20 1 0 0 51 0 0 87 0 0 23 98 0 0 0 0 0 0 0 0 0 0 0 0 0 0 0 0 0 0 19 0 0 7 99 0 89 0 0 0 64 0 55 0 0 0 0 84 0 0 0 0 0 0 0 0 0 59 0 0 0 0 0 0
0 0 68 0 0 40 0 0 0 0 84 26 0 50 0 0 0 0 0 82 0 0 0 0 0 0 99 0 0 0 51 0 0 0 0 0 0 72 0 12 0 25 0 0 63 0 0 0 0 0 0 0 0 0 64 82 0 26 42 0 0 0 0 0 0 0 0 0 56 0 0 98 0 0 0 0 9 0 0 0 0 42 35 0 0 0 0 0 0 0 0 0 0 61 0 0 0 0 0 55
49 6 0 38 0 0 0 0 0 0 0 0 45 0 72 0 72 0 0 0 0 0 0 44 0 46 1 9 95 87 32 11 0 0 89 0 23 61 0 57 0 0 0 0 0 10 0 61 0 0 0 0 0 0 72 0 0 0 0 0 0 0 0 0 20 0 46 93 0 0 0 0 0 0 0 0 0 0 92 0 89 0 0 0 0 0 0 89 53 0 0 0 0 0 40 0 0 0 0 0
76 0 97 0 0 0 77 0 0 0 0 25 0 0 0 14 0 0 0 0 0 0 7 0 97 0 0 0 0 0 0 0 0 90 0 39 3 0 0 56 0 0 21 0 0 0 65 0 0 0 16 0 0 64 0 0 0 0 0 0 0 0 0 11 0 0 0 4 0 0 54 0 0 74 0 0 72 0 62 0 0 0 0 0 0 22 0 0 0 0 0 0 0 0 0 0 60 21 0 0
0 0 0 87 53 9 35 69 59 0 0 42 0 0 0 0 0 0 0 14 0 0 52 0 0 0 0 0 15 0 9 45 0 0 0 0 53 0 0 0 0 0 45 0 0 0 0 2 33 10 0 0 0 0 0 0 100 0 20 0 0 0 6 0 0 0 0 21 0 0 0 0 0 42 0 0 96 0 59 0 78 3 0 0 0 0 76 0 0 0 65 0 0 0 36 0 0 0 0 0
0 67 0 0 0 0 3 0 87 8 0 15 57 99 0 0 0 0 0 0 0 0 0 0 0 0 45 0 0 0 90 0 0 0 0 0 0 0 0 43 0 0 0 0 0 0 0 0 0 0 90 94 0 0 69 0 0 0 0 0 0 0 0 0 0 34 0 0 0 28 0 0 0 38 0 0 91 27 83 0 87 59 0 0 0 0 40 0 0 0 26 8 0 0 92 14 15 0 0 0
0 0 0 35 0 0 0 0 0 0 0 56 0 0 91 35 60 0 0 0 47 0 0 0 50 0 0 93 0 0 0 11 0 0 0 0 46 0 0 0 0 0 0 0 0 0 0 0 30 0 0 0 0 0 71 0 0 0 2 17 0 0 22 25 0 0 0 0 0 0 88 0 0 0 65 35 0 0 0 0 0 0 90 0 0 0 10 0 0 0 0 0 0 0 0 1 0 0 0 0
0 0 0 23 0 0 0 0 0 0 0 0 0 0 3 0 13 0 42 63 45 0 0 73 0 0 0 0 0 0 81 0 0 0 0 0 88 0 35 0 0 0 33 0 0 0 3 0 0 30 0 0 26 0 5 0 0 0 0 0 0 0 0 0 0 0 0 52 0 97 0 0 0 0 0 0 99 0 0 0 0 0 0 0 0 0 0 0 0 0 0 0 0 0 0 0 0 17 3 0
0 0 0 0 18 0 46 0 0 0 0 0 0 54 0 0 52 0 0 0 0 94 0 0 0 0 0 0 0 97 77 0 0 0 0 0 4 0 0 0 0 0 0 0 0 67 0 56 0 0 0 0 0 0 0 0 0 0 0 97 28 0 21 74 33 0 0 0 0 0 0 0 51 0 0 0 65 0 0 0 0 0 0 0 0 0 0 67 0 0 0 0 0 0 0 2 0 8 0 33
0 14 0 0 0 0 0 0 0 0 0 0 0 0 0 0 50 84 0 0 0 26 65 45 0 0 0 0 0 0 0 0 0 36 0 0 65 0 0 0 29 0 0 69 16 0 26 0 66 0 0 0 0 0 0 95 0 0 0 0 62 0 0 0 0 0 0 0 0 0 0 0 0 66 0 0 0 68 0 0 7 0 0 46 0 0 0 0 0 0 96 0 0 0 0 0 0 0 0 0
79 6 0 0 0 47 0 27 52 33 0 0 29 38 0 0 0 46 0 0 0 0 0 0 0 0 0 0 0 0 86 0 38 0 0 0 47 0 0 17 0 0 0 42 0 34 52 0 0 19 0 0 0 0 0 36 93 46 0 0 0 0 23 92 0 0 14 0 0 0 0 0 58 0 0 0 0 0 0 12 0 0 0 0 0 0 0 61 90 0 0 0 0 36 33 0 85 44 0 0
0 0 22 0 0 0 0 0 79 0 0 0 0 3 0 0 0 0 0 0 0 0 28 0 44 0 61 1 93 70 17 0 11 93 0 0 0 0 0 0 0 0 24 0 0 93 0 0 88 0 0 0 0 0 0 0 91 0 0 0 33 0 0 93 0 0 0 0 0 0 0 51 0 98 19 91 34 0 0 0 32 39 0 0 0 72 0 0 0 0 54 18 0 0 26 0 0 0 0 0
76 84 0 1 0 0 0 39 0 55 0 0 0 0 37 0 0 0 0 0 0 34 0 0 0 0 0 0 0 60 0 0 0 0 0 0 42 0 85 0 0 0 0 0 0 0 0 0 40 0 0 65 73 90 0 0 58 0 0 20 0 33 0 0 0 0 0 52 86 0 0 0 0 0 0 0 2 0 77 77 0 0 76 0 42 0 99 0 0 96 100 0 0 0 0 42 0 56 0 0
36 0 0 0 0 60 0 82 0 0 0 0 73 0 0 94 0 22 82 6 0 76 0 39 0 0 0 0 0 0 0 65 0 0 0 0 0 0 0 0 0 0 12 0 64 0 0 0 0 45 0 0 0 80 18 0 0 48 0 86 0 9 0 96 0 0 23 0 0 56 0 93 0 0 0 0 0 0 100 0 0 0 59 0 0 0 0 88 0 0 0 24 64 0 41 0 98 0 97 0
0 0 0 0 13 0 0 93 0 0 19 0 0 1 0 94 0 0 0 0 0 0 0 0 0 0 0 0 0 0 0 73 0 60 0 0 0 74 0 73 70 0 54 0 19 41 0 0 0 0 0 0 11 0 0 31 0 0 0 0 0 0 0 0 0 0 87 0 0 5 0 0 0 0 0 0 62 0 14 0 0 0 0 59 0 0 0 0 0 31 0 0 0 0 0 17 33 0 73 0
0 45 70 0 28 0 0 0 0 38 0 2 86 21 17 0 0 0 0 0 0 0 0 0 0 0 58 45 0 65 66 0 0 0 0 0 0 0 0 0 70 0 72 0 0 0 0 0 7 0 0 0 0 31 15 0 0 0 0 0 0 0 0 0 0 0 0 0 0 0 0 0 0 98 0 0 0 0 0 0 0 0 0 0 0 16 0 43 10 0 0 43 0 0 0 0 0 18 0 71
35 12 9 22 0 0 0 0 0 0 0 58 36 0 0 0 0 19 0 0 0 0 0 0 0 22 0 0 0 0 0 0 0 0 0 0 0 0 0 17 0 0 82 0 0 0 54 0 0 68 0 0 0 0 0 0 0 0 0 0 14 0 0 0 0 0 0 0 0 0 0 0 0 0 0 0 0 0 0 0 0 0 0 0 0 18 9 0 52 0 0 0 0 19 94 0 6 99 0 64
0 0 0 20 0 0 90 0 0 0 22 0 0 0 76 0 0 0 0 23 0 0 0 0 54 21 0 0 0 0 97 0 10 0 0 0 0 0 0 0 0 0 0 0 66 0 0 0 0 75 0 0 71 0 0 0 0 0 100 89 0 0 7 0 0 0 19 0 0 0 0 0 92 0 0 18 0 0 0 0 20 0 17 0 0 57 0 0 0 28 69 0 52 29 0 0 84 9 0 0
0 0 0 0 0 0 0 95 0 0 0 67 0 0 0 0 0 32 0 0 42 0 0 0 0 0 0 0 95 0 0 0 0 10 0 0 0 0 0 59 31 0 0 49 0 19 70 31 0 0 0 0 33 0 0 0 17 0 0 0 0 0 0 28 0 0 0 69 0 0 0 0 0 8 0 0 0 0 0 0 0 41 0 10 0 0 0 7 0 0 0 44 0 0 0 15 0 0 22 0
0 0 0 0 68 0 0 0 0 0 0 0 0 0 37 8 27 8 0 0 16 75 0 0 0 83 0 100 0 16 0 0 0 63 0 0 0 0 21 0 0 0 87 0 36 0 0 0 7 0 0 0 38 0 0 67 0 0 0 74 62 0 0 0 47 8 0 0 33 47 0 0 0 0 92 38 0 0 0 0 0 0 0 0 97 11 0 45 0 0 87 99 0 2 0 0 0 0 0 0
0 0 0 0 0 0 76 96 41 0 3 0 0 0 0 0 79 0 98 0 0 0 0 0 0 0 0 0 0 0 0 0 0 0 0 0 0 0 0 0 73 0 14 0 0 0 0 0 0 0 0 0 0 30 4 0 0 0 0 0 51 36 6 0 0 0 81 34 0 0 4 28 0 0 0 0 0 0 0 0 72 34 61 0 0 0 0 0 79 0 0 0 0 0 0 0 0 0 0 0
62 0 84 0 0 0 0 0 0 0 0 0 0 0 0 40 0 0 0 20 0 0 0 0 22 13 0 55 0 84 0 0 7 0 10 0 0 0 0 0 54 29 61 0 0 76 68 0 0 0 0 0 0 46 0 0 26 0 0 0 79 0 22 47 0 0 28 55 98 0 0 0 0 12 51 0 0 0 0 0 0 0 0 0 82 36 0 0 0 0 0 0 0 24 0 79 35 0 78 6
23 0 0 0 47 0 0 0 86 65 0 0 0 89 0 67 0 0 0 0 69 66 0 80 0 36 0 0 0 0 0 46 0 6 0 0 13 74 0 0 77 99 0 84 0 0 0 22 21 0 0 5 0 0 0 63 0 0 0 1 0 0 0 0 0 4 0 0 0 71 0 67 0 0 64 0 72 0 0 92 0 0 80 0 33 0 0 0 0 0 0 0 0 0 0 20 0 0 0 34
0 0 0 50 0 0 6 0 0 0 0 0 0 0 0 0 0 0 65 0 0 0 0 55 0 34 74 0 0 0 62 0 0 0 0 0 0 0 0 15 0 0 0 0 0 0 0 45 0 37 0 0 0 0 0 0 0 0 0 34 0 0 77 0 0 0 0 98 0 0 0 0 97 0 14 0 39 0 0 0 0 35 0 9 0 100 0 0 94 0 0 0 21 0 20 0 89 0 0 0
0 6 0 0 0 0 60 0 82 0 93 0 0 0 81 0 0 0 60 0 0 0 0 0 0 0 71 25 88 21 76 0 0 0 0 0 0 0 0 0 37 9 55 42 0 0 0 0 0 100 0 0 0 0 66 62 0 100 0 0 77 0 0 51 0 0 0 0 0 27 0 73 74 0 0 0 0 0 0 0 0 0 0 0 0 0 0 0 56 0 0 0 0 0 0 0 0 65 92 0
0 0 0 0 70 6 0 0 0 0 0 0 0 0 0 84 0 0 0 29 3 0 0 78 62 0 0 0 0 0 0 0 0 93 0 0 0 0 0 0 0 0 58 0 0 0 0 0 0 15 0 49 0 0 0 78 0 0 87 0 0 0 0 21 80 0 0 0 0 0 0 0 23 0 0 0 0 36 0 0 0 0 0 0 0 0 0 93 94 25 37 15 0 0 0 0 0 0 0 45
0 0 0 0 13 0 0 0 0 0 0 0 74 0 0 0 71 0 0 0 0 0 0 0 0 0 38 80 0 0 0 5 0 0 0 0 0 0 0 0 83 89 0 0 0 0 0 44 42 0 0 0 2 0 0 0 0 0 0 44 0 0 0 0 0 0 0 0 92 0 30 30 0 0 0 15 0 0 20 29 0 0 23 0 0 0 0 0 0 0 7 0 8 0 0 39 70 82 65 0
0 64 0 0 0 0 0 60 0 0 0 0 64 0 0 0 18 0 0 0 0 0 0 0 0 0 0 6 100 0 31 0 50 0 27 0 0 0 32 0 0 17 0 0 0 0 0 0 0 0 28 7 0 0 0 0 0 0 0 0 0 0 0 0 0 0 0 0 0 0 85 0 14 0 0 0 42 0 0 0 0 0 17 0 0 77 0 0 0 0 0 0 0 0 0 0 69 34 0 31
0 0 0 0 0 0 0 72 32 0 0 0 96 0 8 9 0 76 0 47 0 0 98 0 0 0 0 23 0 70 0 0 0 0 0 0 0 0 0 58 61 0 0 0 42 88 0 0 0 0 76 0 0 0 0 63 0 0 0 0 0 5 0 0 38 0 86 0 0 0 0 0 50 0 0 0 0 0 0 0 0 0 0 0 0 0 0 0 0 0 0 0 13 0 90 0 99 0 0 0
0 58 0 91 0 0 0 75 0 0 34 0 90 28 23 0 0 0 0 0 58 0 0 0 0 5 7 0 0 0 0 0 18 0 0 0 0 67 0 91 0 0 0 0 0 80 0 0 0 0 0 7 0 0 80 74 0 0 0 0 0 0 0 0 19 0 0 0 0 0 0 0 0 10 0 0 42 0 0 0 0 84 0 0 0 0 0 0 0 40 0 25 0 88 0 0 0 0 0 0
66 14 0 0 0 0 0 0 44 0 0 0 0 0 0 0 0 0 89 0 0 0 30 53 0 9 73 0 78 0 0 72 24 0 0 85 0 0 16 0 0 0 0 0 0 0 0 0 0 0 95 0 75 0 0 0 0 0 0 75 0 0 0 3 12 0 0 91 0 0 0 0 0 0 0 6 0 0 0 27 0 0 0 0 0 0 0 0 98 0 0 0 24 0 0 0 0 0 0 0
0 0 0 0 0 0 0 0 0 44 84 14 0 0 0 0 0 0 0 0 0 0 0 3 0 0 52 0 0 0 56 69 0 0 0 0 46 0 0 0 0 0 0 0 0 0 54 0 0 2 0 0 0 0 0 0 77 99 0 0 0 77 0 0 0 0 0 0 0 0 0 0 0 0 25 0 0 2 0 96 13 0 0 97 0 0 0 8 0 0 0 0 18 0 0 52 0 68 0 93
85 0 0 0 0 0 0 0 70 0 0 0 0 0 33 0 0 0 0 0 0 0 0 0 40 0 0 0 15 0 0 82 0 0 0 85 0 0 56 0 0 0 66 87 0 0 0 3 0 0 0 0 0 0 0 0 0 0 0 0 50 0 28 36 95 0 0 97 39 0 0 0 0 0 0 0 0 33 0 60 0 0 21 0 0 62 0 0 16 0 0 0 0 0 0 29 0 0 0 0
0 41 0 0 0 14 0 0 0 0 0 0 0 83 0 0 0 0 2 0 0 22 0 0 0 24 0 0 0 0 0 55 0 86 31 0 0 0 0 88 0 0 0 0 0 38 0 16 0 0 62 0 0 0 64 0 0 13 97 0 0 0 39 77 0 0 0 0 0 0 0 0 0 11 0 0 0 0 0 0 18 0 0 0 0 0 0 0 0 0 0 0 0 0 0 0 0 0 64 67
0 66 69 0 0 0 0 0 18 0 91 0 5 0 0 0 0 0 68 0 0 0 40 20 0 0 0 34 0 0 0 0 0 39 0 0 0 0 94 0 0 0 0 0 0 0 98 0 12 0 0 81 0 0 0 0 0 0 0 0 0 0 0 9 0 0 94 0 0 0 0 25 0 0 0 9 0 0 56 0 0 0 0 0 0 0 0 0 0 34 0 0 0 0 0 0 64 0 46 0
40 0 57 0 69 0 45 0 0 0 0 44 0 0 0 0 0 0 49 0 0 0 0 0 96 0 0 0 11 0 98 0 0 90 0 0 9 0 0 0 0 4 0 90 0 0 12 0 0 31 49 0 95 0 0 3 0 0 0 0 0 0 2 0 0 55 91 0 58 64 14 0 0 41 0 47 0 0 0 0 0 14 0 0 0 21 0 0 0 0 0 0 2 0 0 0 20 0 0 0
0 0 84 0 0 0 0 0 0 0 0 0 73 0 16 9 0 0 13 0 0 0 41 0 0 34 0 0 0 0 99 0 0 0 0 0 38 0 0 0 0 0 0 50 0 0 0 0 0 99 53 52 0 40 0 32 0 55 0 0 0 0 0 0 98 74 0 0 40 8 0 0 0 33 0 0 0 0 0 0 18 0 0 0 39 0 0 0 76 0 0 0 0 0 0 0 0 0 0 0
0 23 0 0 0 0 38 0 0 34 0 0 0 0 0 92 0 0 0 0 89 58 0 0 0 0 49 0 0 64 0 63 84 0 0 0 0 90 0 62 24 0 97 0 0 0 0 73 0 0 0 13 46 0 0 84 0 0 86 19 9 0 0 0 0 0 0 14 0 69 0 0 0 33 0 0 0 0 20 0 0 0 0 0 0 77 0 0 0 0 76 47 0 0 0 0 0 0 38 0
0 0 0 0 0 57 0 60 0 86 97 0 0 0 0 0 12 0 0 0 0 40 0 0 0 0 0 98 31 28 0 39 19 0 18 31 0 0 0 83 0 0 24 0 0 0 0 0 0 0 87 0 0 0 0 0 0 0 0 0 0 0 0 0 0 0 0 0 59 0 0 0 0 0 0 0 0 0 0 0 0 0 0 0 58 29 0 0 0 25 40 0 0 0 57 0 0 0 0 0
0 0 0 0 0 0 63 0 0 58 0 0 0 0 95 0 0 92 0 62 0 24 0 0 0 0 59 21 0 65 73 17 0 66 0 67 29 0 28 0 29 0 0 0 89 0 0 0 0 0 0 0 0 0 0 0 0 0 0 0 0 0 0 14 25 0 0 0 0 0 0 0 13 26 0 0 0 84 0 29 0 98 0 0 0 0 7 0 0 13 0 0 0 1 0 46 0 83 0 0
0 0 0 0 31 0 0 0 0 0 0 44 0 0 0 0 0 0 0 0 0 10 0 78 50 83 0 83 0 12 0 0 0 0 0 4 0 0 0 0 0 0 54 69 0 0 0 52 0 0 100 0 0 0 0 0 0 0 0 76 0 13 0 0 0 0 0 0 0 0 0 0 0 0 0 36 0 98 0 91 0 0 0 2 0 85 0 0 0 0 0 0 0 0 0 55 0 37 0 0
0 0 0 0 0 14 0 0 25 0 0 0 0 0 53 0 0 0 33 0 0 94 0 0 0 0 0 0 0 0 68 0 33 0 6 0 0 0 33 0 0 0 0 0 96 0 0 0 42 21 0 0 0 0 0 0 0 0 0 0 0 0 0 0 23 81 4 0 0 0 0 0 0 0 0 0 4 0 87 0 0 0 0 18 0 0 0 0 60 0 0 0 0 0 0 0 0 3 28 59
0 0 10 0 71 0 0 41 0 0 0 0 0 0 0 0 0 0 0 0 0 0 4 0 0 0 54 0 0 74 0 0 21 0 0 79 0 0 80 0 90 19 0 0 0 0 0 0 0 86 12 0 0 0 86 0 0 33 0 10 0 48 0 77 0 0 0 0 0 0 0 0 60 0 0 0 0 0 13 0 0 0 0 42 0 15 0 57 0 98 75 0 91 33 0 0 89 0 0 0
0 0 0 0 26 0 0 0 80 56 0 0 0 0 0 0 0 0 0 50 0 73 75 1 0 0 45 0 0 0 99 0 0 62 0 0 0 0 0 0 0 0 61 0 0 0 62 0 0 89 61 17 0 0 0 0 0 0 7 0 0 0 89 0 0 0 0 0 0 0 0 83 49 97 0 77 0 0 0 0 0 0 0 0 0 64 0 0 0 0 0 0 0 0 0 0 0 93 0 97
0 0 0 0 87 0 0 0 0 0 0 0 32 0 0 0 0 19 0 76 88 0 0 91 0 0 0 0 66 0 0 4 40 62 0 96 0 0 0 0 0 0 0 23 0 0 0 71 0 0 0 0 0 0 0 0 0 0 0 35 96 0 96 0 0 0 0 0 0 0 0 0 0 0 59 0 0 0 0 0 56 0 61 24 0 0 0 0 0 32 0 28 0 0 0 0 68 0 100 0
0 0 0 0 0 0 0 0 0 0 0 0 42 0 0 87 0 0 0 0 0 0 0 89 0 0 0 0 0 0 18 0 0 0 97 0 0 0 0 63 0 0 0 69 0 0 3 0 0 0 0 96 0 0 43 77 0 13 0 0 0 0 0 0 0 0 12 22 0 0 0 0 42 0 0 0 28 0 70 0 0 0 0 0 0 0 36 85 0 45 0 0 85 0 23 74 0 0 0 0
53 0 97 0 0 0 0 0 0 43 0 82 0 0 0 0 0 0 0 0 12 68 0 0 0 0 5 0 0 0 0 0 0 64 0 0 48 27 0 0 0 0 4 0 0 0 0 0 0 0 19 0 0 77 0 61 55 50 0 16 0 0 0 0 0 58 0 0 0 0 0 0 0 0 89 0 0 88 61 0 43 23 0 0 0 0 0 0 0 0 0 0 0 0 0 84 0 0 36 61
0 0 38 0 0 0 0 0 0 30 0 0 0 45 99 0 0 0 0 77 0 0 80 0 0 51 19 0 0 0 56 0 0 0 0 0 0 0 87 19 0 60 0 0 0 0 0 0 53 0 28 0 0 0 85 0 0 0 7 0 0 0 97 0 0 0 0 0 0 0 0 0 0 25 0 0 40 0 0 0 0 0 0 0 20 0 0 0 0 10 0 0 0 0 0 0 0 89 0 0
0 0 0 75 0 39 0 0 59 0 0 0 0 16 0 0 0 0 0 0 0 49 0 0 0 0 0 84 0 0 0 81 0 0 0 0 0 0 0 0 0 0 0 99 0 0 0 0 0 0 0 0 0 0 0 0 0 0 61 56 13 0 36 0 0 0 0 0 0 0 0 59 0 0 0 0 81 84 0 88 0 60 0 0 23 6 0 0 53 0 0 0 0 0 0 0 0 0 0 0
0 0 0 68 0 0 80 0 0 0 3 0 0 0 0 62 16 0 0 0 0 84 0 0 0 0 0 0 0 0 0 75 0 0 0 0 0 0 0 53 1 0 0 68 0 78 50 0 0 0 69 18 13 0 0 0 0 49 0 10 91 52 23 0 12 0 0 35 0 0 88 0 0 0 80 0 0 0 0 0 0 59 30 0 42 0 0 0 0 0 0 0 0 0 42 0 0 0 0 0
0 40 0 0 23 24 0 78 0 0 34 0 0 0 0 0 0 0 0 0 36 0 0 0 51 0 0 0 0 3 0 0 62 0 0 0 67 0 53 0 0 0 0 0 0 0 0 62 0 34 0 0 0 0 0 0 0 0 64 0 0 0 0 0 0 0 2 66 0 75 0 0 0 19 0 0 32 0 15 0 0 0 0 0 0 0 0 0 98 82 0 0 0 0 0 0 0 0 39 0
0 0 0 0 70 0 0 0 91 65 0 0 24 73 0 0 0 0 0 23 0 0 8 0 0 25 0 0 0 0 0 39 0 16 0 0 0 0 0 0 0 0 0 86 0 0 63 43 0 0 38 0 81 0 0 64 88 0 0 0 0 0 27 0 0 0 0 0 56 0 3 30 0 56 0 0 71 0 17 0 35 80 0 0 0 54 0 0 0 0 0 0 99 0 0 0 0 0 85 0
94 0 0 0 0 0 0 0 0 0 0 0 34 97 84 0 9 0 6 88 11 0 0 0 0 22 0 0 0 0 0 41 0 0 76 0 0 0 0 11 0 3 0 0 59 14 0 95 0 0 21 0 0 0 0 87 0 0 0 98 38 0 0 0 0 0 0 0 0 47 0 0 0 0 0 0 0 0 0 0 0 0 0 0 0 0 0 0 0 0 22 0 0 96 0 0 0 0 0 0
0 61 8 0 0 5 0 38 0 85 0 92 0 0 0 0 55 0 0 66 0 0 0 0 0 0 0 0 0 26 18 0 0 24 0 0 33 0 0 0 0 0 51 0 0 0 59 0 0 0 0 0 0 0 0 0 33 0 0 0 72 0 65 64 0 40 58 0 0 0 0 0 0 0 0 16 0 0 0 56 0 83 0 0 0 0 59 84 65 90 0 0 88 0 6 0 66 83 0 78
0 0 38 24 91 42 0 0 0 0 0 0 75 0 0 0 16 71 0 0 0 0 0 39 11 0 0 0 0 0 0 0 37 0 0 0 0 57 41 0 0 0 0 0 0 0 0 0 0 0 0 83 0 0 0 0 0 0 62 0 0 0 0 0 0 0 0 90 0 0 0 54 0 0 0 0 0 100 0 0 0 0 54 0 10 0 10 0 0 0 14 53 0 0 0 0 0 0 0 0
0 0 0 0 0 0 0 0 0 0 19 0 0 93 0 0 0 0 0 0 64 55 98 2 0 0 0 0 43 0 0 27 41 0 0 0 0 4 20 0 0 9 0 0 82 0 0 2 0 0 0 0 0 0 0 0 0 0 0 0 0 0 0 0 21 57 0 0 0 91 0 0 0 0 0 6 0 62 0 0 0 92 0 0 38 58 65 79 0 0 0 0 0 0 46 0 93 26 30 0
0 94 0 96 0 0 0 0 0 0 9 89 0 0 24 0 0 0 0 0 0 0 92 77 0 96 0 0 0 28 0 0 0 0 0 0 0 0 0 0 0 0 0 0 0 0 0 0 85 42 0 0 0 0 17 0 0 0 0 0 71 0 0 84 0 0 0 0 0 31 0 0 0 0 0 0 0 0 66 59 17 0 0 0 0 75 0 1 0 20 0 0 0 76 0 0 0 14 0 0
44 0 0 10 68 92 11 0 0 0 92 0 58 0 0 0 0 0 4 0 0 40 0 0 0 0 0 0 0 0 12 11 0 0 0 0 0 67 0 0 55 0 0 0 0 0 0 17 0 0 0 17 1 92 0 22 0 0 0 0 0 0 0 0 0 0 26 34 0 0 0 0 0 0 0 0 0 16 0 0 0 0 0 0 72 0 0 0 0 0 42 0 0 0 0 0 0 0 5 0
0 0 0 0 0 0 0 0 0 0 0 0 56 70 0 0 0 0 0 0 71 0 91 20 0 0 0 61 0 0 0 0 9 85 0 77 95 60 23 66 0 0 0 0 0 0 0 0 0 75 0 0 0 0 89 0 0 0 0 0 0 0 77 39 0 56 0 0 81 95 0 39 0 0 0 0 0 0 19 0 0 0 0 0 16 0 0 27 0 0 0 0 73 76 82 19 0 0 0 0
0 0 0 0 33 73 82 0 81 86 68 54 0 49 93 0 90 0 0 0 0 0 0 0 0 0 0 0 0 0 0 0 82 0 0 96 0 0 0 0 0 59 0 18 0 0 0 37 12 4 0 0 0 0 36 99 0 5 0 0 0 0 0 0 0 0 46 19 0 0 4 25 0 0 0 36 0 0 0 0 17 0 0 0 0 0 25 0 0 0 89 0 0 0 0 0 62 77 0 0
68 0 0 0 0 0 0 0 76 21 0 89 0 87 37 0 0 0 0 0 0 0 0 0 94 0 0 0 52 59 0 82 41 97 65 27 0 80 0 0 0 0 4 0 0 0 0 0 0 0 0 0 0 0 0 0 0 0 0 0 96 0 0 0 0 4 0 23 0 10 0 69 0 0 0 8 8 0 0 0 0 0 22 0 0 0 0 0 0 0 0 67 0 0 0 0 0 0 0 0
0 0 0 0 0 0 87 0 66 0 0 0 0 0 0 0 0 0 0 26 0 0 0 0 0 0 0 0 0 0 0 0 0 0 0 0 0 0 0 0 0 0 0 0 0 0 74 0 42 0 0 0 0 0 6 11 37 0 0 0 0 0 0 36 49 0 0 0 0 96 0 0 75 0 0 0 26 48 0 22 0 0 4 0 0 0 0 0 0 0 90 0 82 0 0 0 0 17 0 75
0 0 79 0 0 0 0 48 0 0 0 13 0 0 0 0 0 0 0 0 0 0 0 0 37 80 0 0 70 0 0 0 81 0 0 0 0 0 0 0 0 0 0 0 0 33 0 0 0 0 0 0 0 0 0 29 0 0 24 0 0 0 20 0 0 0 70 0 59 0 0 0 64 0 5 0 0 0 0 0 0 67 0 0 0 0 0 0 0 0 0 0 0 0 0 0 0 0 0 0
0 0 0 33 10 38 0 0 0 2 40 0 0 0 0 0 0 11 0 0 0 82 0 0 0 0 0 0 8 20 0 0 0 47 0 71 73 0 0 33 49 0 0 0 0 0 0 0 0 0 0 25 0 17 0 0 0 0 45 0 0 48 0 43 0 0 0 0 0 0 49 6 0 0 0 0 0 0 0 55 0 0 0 0 0 0 4 0 0 16 63 0 78 15 6 0 0 0 0 0
12 25 0 30 0 0 0 14 0 19 0 0 67 0 0 67 20 0 45 0 0 3 12 0 0 0 0 29 0 0 0 60 0 0 0 0 0 0 92 0 0 0 0 0 0 41 0 0 0 0 0 0 56 0 6 62 0 0 0 59 2 0 0 28 0 0 0 88 0 0 0 0 0 0 0 0 36 0 0 96 0 0 1 0 57 0 0 0 0 0 0 27 0 0 30 48 0 0 40 0
65 0 0 9 38 0 65 0 0 83 0 0 0 0 0 0 0 0 0 0 0 0 0 0 0 0 0 0 5 0 39 0 0 81 24 59 0 0 0 0 0 79 22 44 0 0 0 0 0 0 29 0 0 0 0 0 0 22 0 39 36 0 0 0 0 0 0 0 0 0 57 0 0 63 23 0 0 0 0 0 0 45 0 72 0 0 7 0 100 0 97 59 9 0 0 52 0 0 0 3
0 0 0 86 44 0 0 0 0 0 0 0 0 53 0 0 0 29 59 0 0 0 45 0 0 0 0 7 0 0 0 0 0 0 0 0 0 0 0 0 21 56 50 0 0 0 0 59 0 0 10 0 20 0 0 0 10 0 0 0 0 37 0 91 0 0 0 0 0 0 0 90 0 30 0 0 0 52 0 0 0 0 0 0 0 0 74 91 0 98 0 0 62 0 74 0 18 0 0 0
0 0 90 0 0 0 78 0 78 0 0 0 67 0 0 6 0 0 0 67 0 0 0 0 0 97 0 0 0 0 0 74 0 0 0 0 0 0 61 33 0 0 0 40 4 83 0 0 0 0 0 0 0 0 0 0 40 0 16 0 0 0 46 0 0 0 0 0 0 0 0 81 0 0 93 0 0 0 0 0 0 0 16 0 0 0 0 0 0 0 0 0 0 0 0 86 0 91 0 0
0 0 0 0 0 0 0 70 0 0 0 0 0 51 0 0 0 0 0 66 0 0 0 0 0 0 0 0 0 0 0 0 19 0 0 0 0 0 0 0 0 0 0 0 0 0 0 0 0 0 50 0 0 0 90 0 0 0 0 0 0 0 0 0 0 39 83 0 0 46 0 0 84 0 88 0 0 0 0 87 0 0 0 0 0 0 43 0 0 0 0 0 0 0 0 0 0 46 10 0
0 0 24 0 0 0 77 15 0 50 0 0 0 27 0 0 67 77 11 0 0 0 77 0 40 18 72 0 0 0 0 0 0 83 0 0 0 0 0 0 0 0 72 0 0 63 71 2 0 0 52 0 84 21 54 0 0 0 0 0 18 20 0 0 0 0 6 72 0 0 0 0 0 0 0 0 0 0 0 0 0 0 0 16 0 99 0 0 0 0 92 0 0 0 0 13 0 59 0 0
0 0 0 0 0 0 0 0 0 0 0 0 33 0 0 77 0 0 0 0 0 0 71 88 0 0 5 0 0 0 0 0 0 0 0 4 0 56 95 0 0 61 0 0 0 0 0 0 0 0 0 0 77 66 0 43 0 91 0 0 0 0 0 0 0 0 0 0 25 51 82 36 0 0 0 0 0 18 0 0 0 0 0 0 0 0 6 0 0 0 43 0 0 54 0 45 0 0 0 11
69 0 0 0 0 0 0 93 0 0 0 0 0 0 0 0 0 0 0 0 0 0 44 33 0 0 0 0 97 0 0 0 0 0 0 0 0 20 0 0 31 0 0 0 0 0 0 91 82 0 0 0 0 34 0 82 0 0 0 96 0 0 12 0 0 0 91 96 0 0 0 0 0 0 0 0 33 34 0 0 0 0 0 0 99 0 0 20 45 11 0 0 0 46 39 0 0 0 47 33
0 0 0 0 43 0 72 0 14 0 0 0 0 4 0 0 0 0 92 0 61 0 50 0 22 10 0 45 0 92 0 0 0 0 0 0 0 88 30 0 31 0 0 0 0 0 0 0 15 0 0 0 0 0 56 3 0 9 63 0 0 0 0 97 0 0 0 91 0 0 0 80 0 0 0 0 0 0 0 0 98 0 0 0 0 0 8 67 0 86 0 0 63 0 0 0 0 75 87 0
21 0 0 50 88 0 0 0 0 0 0 0 96 0 0 0 0 0 0 49 0 0 29 0 0 0 0 0 37 0 0 0 0 0 0 42 0 0 0 0 89 91 56 0 0 0 0 0 0 0 63 0 0 0 0 0 0 0 26 87 0 38 0 0 0 11 0 0 0 0 0 57 23 90 86 0 0 18 0 0 0 0 0 0 0 0 0 0 0 0 0 0 0 0 0 0 0 0 0 0
96 0 82 51 0 0 0 0 0 62 0 18 0 0 0 0 38 0 43 0 64 0 0 0 0 0 0 68 0 0 0 0 0 0 76 0 0 0 42 0 0 0 0 0 0 0 0 7 0 0 0 0 0 0 66 51 98 18 0 0 0 0 13 0 0 0 30 0 0 24 0 0 0 0 0 0 6 88 33 40 0 0 0 0 0 72 24 0 0 82 2 0 0 48 0 65 22 0 0 56
0 0 0 0 0 0 0 20 0 0 0 0 0 0 14 0 50 0 0 0 0 0 0 0 40 0 0 0 0 44 0 0 0 0 0 0 0 22 0 0 0 0 83 45 0 0 0 0 0 0 0 0 0 41 72 0 0 0 0 0 0 0 33 0 0 95 80 93 90 0 0 0 0 0 0 98 0 0 0 0 0 0 22 90 38 0 0 49 0 99 0 0 0 0 0 0 0 96 6 0
0 0 0 50 0 0 81 0 0 0 9 0 21 42 75 44 0 0 32 0 0 44 0 0 39 0 0 0 0 0 37 0 0 0 0 0 0 0 0 0 44 0 0 0 63 0 0 0 0 0 0 0 66 0 67 0 0 0 0 0 0 0 0 85 0 54 43 0 0 0 0 0 0 66 0 0 0 0 0 25 0 0 0 0 94 0 0 0 0 0 0 0 0 0 89 0 0 0 0 0
0 14 0 0 0 0 0 0 0 0 0 0 0 75 0 91 0 0 0 0 0 28 0 0 17 75 0 0 0 0 0 0 0 0 0 100 0 0 0 0 0 0 0 0 0 0 0 48 0 0 0 0 0 0 56 0 0 0 0 0 0 0 0 0 0 0 0 26 0 81 46 0 0 30 0 52 0 0 0 0 0 0 0 0 64 98 0 0 0 0 0 7 22 36 0 0 0 0 0 0
29 98 0 0 32 0 0 89 0 0 0 6 0 63 0 0 0 0 0 0 0 0 0 0 96 0 0 0 0 0 0 0 0 0 0 0 0 0 0 0 0 97 0 33 0 71 0 0 0 0 23 0 0 22 57 0 0 0 0 0 0 39 49 29 0 0 0 8 0 94 56 0 99 80 60 0 38 0 0 0 0 0 0 0 0 0 0 0 11 0 0 0 0 0 0 0 68 0 0 0
0 86 0 0 0 64 23 0 0 0 0 55 0 35 31 0 0 0 0 0 16 0 0 58 0 0 0 0 32 0 0 0 0 0 0 97 0 73 0 0 0 0 0 49 0 95 10 0 0 54 0 0 0 0 0 0 35 0 0 0 0 0 0 0 0 0 0 0 0 0 0 0 0 0 0 0 25 0 0 66 0 0 0 0 0 0 0 0 0 0 31 0 0 0 21 58 0 0 0 0
17 74 41 55 34 0 0 0 15 20 0 0 0 35 0 0 45 75 0 0 19 65 0 0 0 31 0 0 0 0 0 67 0 70 0 0 0 0 0 0 0 0 0 60 0 0 0 0 0 0 0 0 0 0 0 0 64 0 31 0 90 0 0 0 0 0 0 0 0 0 0 18 0 0 0 0 0 0 0 5 0 59 0 0 0 0 0 86 0 98 0 0 0 0 27 11 0 83 0 14
0 0 0 0 0 0 0 0 0 80 94 0 0 0 0 42 0 89 0 0 0 0 0 0 63 0 0 0 100 0 0 0 2 0 0 0 62 0 0 0 0 0 0 0 67 0 0 0 0 41 0 0 0 0 0 0 0 0 22 0 88 0 0 100 0 0 87 60 0 0 92 0 72 0 0 0 0 0 12 0 74 0 0 0 0 0 0 0 91 29 0 75 0 0 0 0 3 0 0 68
0 0 0 0 89 22 0 0 0 0 0 0 88 6 0 0 0 0 0 0 0 100 56 0 0 27 0 0 39 0 10 0 0 0 0 0 0 0 0 0 85 0 0 56 0 0 38 0 0 0 0 0 55 0 0 0 0 0 17 20 0 0 0 0 0 0 0 68 0 0 0 0 0 0 0 0 0 0 0 0 0 17 46 11 0 0 0 53 24 0 0 0 0 0 0 2 0 0 0 0
0 0 0 0 21 0 66 0 73 66 0 0 0 50 0 0 0 0 57 32 0 0 0 0 88 0 0 24 0 0 0 58 81 35 0 0 0 0 0 12 29 0 0 0 0 0 0 0 0 0 0 20 0 0 0 0 0 0 0 0 0 0 8 0 0 0 0 16 0 0 0 0 0 0 0 99 0 13 3 0 0 0 0 93 32 0 69 0 0 97 0 0 0 58 0 9 0 0 0 0
16 0 94 0 88 0 0 38 0 65 0 0 0 0 0 8 41 0 0 20 0 0 0 38 25 0 0 0 0 0 0 4 0 33 0 0 0 0 0 46 0 77 0 0 0 0 0 0 26 0 0 58 0 83 0 0 0 0 96 0 0 0 0 4 0 87 0 30 0 0 0 0 27 90 31 0 0 0 0 0 0 0 0 0 0 75 0 0 51 0 18 0 0 0 0 0 0 0 27 0
0 0 22 0 0 0 0 26 0 0 0 94 0 0 49 0 0 0 57 0 0 46 0 0 0 0 0 65 0 0 0 0 45 0 0 0 0 98 0 0 2 0 54 19 0 0 0 0 0 0 0 0 0 72 0 0 0 62 0 0 0 57 0 0 0 5 0 0 0 0 0 0 0 0 0 0 0 0 0 41 51 0 0 0 0 0 6 0 0 0 0 0 0 0 0 0 51 89 0 0
0 94 0 0 0 0 12 0 0 0 0 0 70 0 0 0 0 57 5 58 30 0 0 26 0 3 0 33 0 0 0 0 0 0 6 0 0 0 0 73 0 0 0 0 0 0 0 0 0 0 0 0 96 0 31 0 0 0 89 0 0 0 0 0 74 57 0 0 85 86 85 0 48 0 0 0 0 0 0 0 0 0 0 0 11 48 0 0 86 0 0 0 0 0 0 0 0 0 9 0
0 69 96 70 0 92 0 0 0 0 0 0 0 85 78 0 0 0 0 82 0 0 0 0 0 0 0 0 0 71 2 0 0 0 0 0 0 0 0 0 0 0 0 24 0 0 0 0 58 0 0 0 0 0 0 68 0 0 0 16 4 96 0 0 0 15 0 0 0 8 68 0 0 0 0 51 8 35 0 0 0 27 2 90 0 84 55 99 0 0 0 0 0 0 0 0 0 0 15 38
0 87 0 1 0 0 0 91 0 0 19 0 0 0 20 0 0 0 0 0 0 0 0 0 0 0 0 0 74 99 73 0 0 0 49 55 0 0 0 0 0 0 0 0 0 14 0 0 48 0 0 0 65 0 97 0 0 0 0 0 0 0 81 11 0 0 0 0 0 0 0 0 88 0 86 0 0 0 0 0 67 0 84 0 0 29 0 0 0 0 0 0 0 0 0 8 53 32 0 0
88 32 0 10 0 4 0 0 0 0 55 100 0 37 0 0 0 0 0 0 36 0 45 28 0 0 0 0 0 0 0 0 45 0 27 0 0 0 67 0 0 0 60 0 33 0 0 0 0 0 0 0 82 0 0 67 0 78 0 0 0 0 22 0 0 0 8 0 0 0 45 0 57 0 96 0 0 0 0 0 0 25 0 0 0 0 0 26 77 0 0 0 0 0 0 11 56 0 0 0
0 0 0 0 0 0 0 0 0 83 0 0 17 0 0 75 72 57 0 0 77 0 0 0 0 70 0 0 0 0 0 0 0 0 0 0 0 26 0 0 0 0 0 59 0 0 0 0 0 0 84 0 0 0 0 0 56 0 0 40 30 0 55 0 0 0 0 0 0 18 0 0 90 0 0 0 9 0 0 37 0 0 0 0 0 0 0 0 0 0 0 0 0 0 0 0 8 0 0 0
0 0 0 0 0 79 0 42 0 0 0 40 0 0 0 0 0 0 0 49 0 0 19 0 75 0 0 0 0 0 66 0 0 0 0 0 4 0 78 0 46 0 0 0 0 90 0 49 0 0 0 60 0 12 0 0 0 0 93 0 0 0 0 0 0 0 76 0 0 0 22 0 0 0 0 0 0 0 0 60 0 0 0 88 0 0 0 0 0 0 0 0 0 20 64 0 24 0 0 0
37 0 0 51 0 0 69 0 24 0 21 0 65 7 45 0 0 0 57 0 0 0 14 0 46 0 0 0 0 0 0 0 0 0 0 87 74 0 0 93 69 97 0 0 89 0 0 76 0 56 0 0 50 0 0 0 0 0 0 0 0 0 0 0 0 0 0 0 72 0 50 0 0 0 64 43 0 0 0 0 0 82 0 0 0 0 0 0 0 0 0 0 0 88 0 0 68 0 0 0
0 92 34 0 0 0 64 0 11 0 0 34 0 0 0 0 0 0 0 77 0 0 0 0 0 0 56 59 0 0 0 0 0 0 0 0 72 0 3 0 9 70 87 0 0 22 0 0 0 77 39 0 0 0 11 0 60 0 0 0 0 0 28 0 0 0 0 25 0 82 0 0 0 0 0 0 0 0 0 0 0 0 0 0 79 0 0 0 0 0 0 93 0 0 34 0 16 0 0 0
73 0 0 0 0 0 0 0 0 0 0 0 0 0 0 0 0 21 0 0 0 0 0 9 1 9 62 24 0 0 0 0 0 0 0 0 0 0 0 0 0 0 0 0 96 0 0 27 0 0 0 66 0 0 0 0 0 0 0 66 64 0 0 0 0 0 0 0 0 86 95 68 39 0 64 0 0 0 0 0 0 0 0 28 7 0 0 0 0 0 0 0 0 0 54 0 32 82 0 0
0 0 0 0 0 0 10 16 64 42 0 0 3 0 0 0 17 0 0 0 0 0 0 0 0 0 0 0 0 0 0 0 0 0 0 0 0 31 69 44 0 0 13 0 0 0 0 0 0 62 91 0 0 21 0 46 0 0 0 69 0 0 0 0 0 53 0 0 0 0 0 0 0 0 0 39 66 37 0 98 0 0 89 0 0 24 0 0 55 0 0 0 0 0 11 0 0 0 0 0
0 0 26 0 0 0 0 43 0 0 0 0 32 0 0 76 0 0 0 0 0 0 0 0 0 49 0 0 0 97 0 0 0 0 66 0 0 0 0 0 0 6 0 0 76 0 0 61 0 0 0 0 54 0 0 0 89 32 0 0 0 0 0 0 0 0 0 0 0 0 0 0 0 0 0 0 12 0 0 6 0 0 0 0 0 0 0 0 0 0 0 7 0 0 0 0 0 0 2 0
0 0 0 85 0 0 0 69 11 87 0 25 0 69 0 0 0 0 32 0 0 75 18 0 0 0 0 94 31 0 44 80 89 0 21 0 0 88 63 0 0 0 0 26 0 0 0 44 0 0 0 38 0 0 0 0 0 0 0 48 0 0 34 0 0 0 0 0 0 0 0 0 0 0 29 20 0 46 0 0 0 0 0 0 0 0 0 90 0 0 0 0 0 0 0 12 0 91 0 0
0 28 56 0 0 0 0 27 0 0 0 21 0 92 0 2 0 0 0 0 0 0 0 0 0 0 0 0 7 0 0 0 50 0 0 6 0 0 0 0 0 0 0 0 0 0 0 0 41 0 0 0 0 0 0 0 12 0 0 74 0 0 0 0 0 2 10 0 18 0 0 89 0 60 31 6 0 0 0 22 0 0 0 0 0 0 0 79 0 0 0 0 0 0 0 93 0 88 0 0
13 0 0 0 50 0 45 0 0 66 0 7 0 0 0 87 0 0 0 0 10 92 0 0 0 0 0 81 0 72 0 0 0 0 0 0 0 56 8 0 0 0 100 0 86 5 0 0 0 0 61 5 0 0 0 0 0 0 0 16 0 0 0 0 0 0 0 94 0 23 0 60 36 34 0 0 0 8 0 0 0 0 0 0 0 64 0 0 0 46 0 0 69 0 0 7 0 0 0 0
0 0 0 87 0 0 93 0 21 43 0 17 61 0 37 0 0 0 0 0 0 0 0 0 0 0 0 0 85 25 0 0 0 0 0 0 69 44 0 0 100 0 0 17 0 0 81 64 0 0 0 0 0 0 0 0 0 0 0 0 0 0 0 0 0 0 15 0 0 66 71 0 33 0 0 0 15 0 9 0 0 0 0 30 0 0 0 0 0 0 0 0 0 55 0 0 0 0 0 0
0 0 62 0 0 79 0 0 0 0 10 45 0 16 0 0 0 0 0 98 0 0 0 0 0 0 14 0 0 0 14 0 0 0 0 0 0 60 0 65 0 30 0 0 98 0 0 0 0 0 0 0 0 0 56 33 0 84 56 0 0 0 0 0 0 0 0 0 42 0 0 62 0 0 0 0 75 0 0 0 0 64 99 0 0 0 0 0 0 0 0 0 0 96 0 0 0 0 0 96
45 87 0 95 0 0 0 0 0 0 0 0 39 0 3 0 91 0 0 0 0 0 0 39 0 22 100 66 8 7 66 80 0 0 37 0 26 7 0 98 0 0 0 0 0 40 0 23 0 0 0 0 0 0 66 0 0 0 0 0 0 0 0 0 55 0 62 42 0 0 0 0 0 0 0 0 0 0 9 0 7 0 0 0 0 0 0 5 85 0 0 0 0 0 4 0 0 0 0 0
85 0 91 0 0 0 51 0 0 0 0 7 0 0 0 90 0 0 0 0 0 0 93 0 2 0 0 0 0 0 0 0 0 98 0 54 90 0 0 32 0 0 61 0 0 0 52 0 0 0 17 0 0 66 0 0 0 0 0 0 0 0 0 90 0 0 0 77 0 0 12 0 0 60 0 0 75 0 38 0 0 0 0 0 0 38 0 0 0 0 0 0 0 0 0 0 79 90 0 0
0 0 0 8 49 25 39 36 43 0 0 67 0 0 0 0 0 0 0 89 0 0 30 0 0 0 0 0 87 0 66 79 0 0 0 0 32 0 0 0 0 0 26 0 0 0 0 85 46 48 0 0 0 0 0 0 47 0 29 0 0 0 26 0 0 0 0 82 0 0 0 0 0 21 0 0 11 0 34 0 10 58 0 0 0 0 31 0 0 0 17 0 0 0 45 0 0 0 0 0
0 54 0 0 0 0 37 0 26 69 0 63 2 95 0 0 0 0 0 0 0 0 0 0 0 0 14 0 0 0 34 0 0 0 0 0 0 0 0 15 0 0 0 0 0 0 0 0 0 0 86 59 0 0 88 0 0 0 0 0 0 0 0 0 0 50 0 0 0 12 0 0 0 49 0 0 18 66 82 0 62 61 0 0 0 0 69 0 0 0 23 16 0 0 77 2 92 0 0 0
0 0 0 58 0 0 0 0 0 0 0 36 0 0 83 44 7 0 0 0 29 0 0 0 67 0 0 35 0 0 0 46 0 0 0 0 95 0 0 0 0 0 0 0 0 0 0 0 85 0 0 0 0 0 67 0 0 0 43 6 0 0 69 61 0 0 0 0 0 0 80 0 0 0 91 78 0 0 0 0 0 0 91 0 0 0 63 0 0 0 0 0 0 0 0 81 0 0 0 0
0 0 0 13 0 0 0 0 0 0 0 0 0 0 48 0 41 0 79 33 43 0 0 4 0 0 0 0 0 0 13 0 0 0 0 0 85 0 91 0 0 0 41 0 0 0 74 0 0 68 0 0 98 0 8 0 0 0 0 0 0 0 0 0 0 0 0 74 0 7 0 0 0 0 0 0 40 0 0 0 0 0 0 0 0 0 0 0 0 0 0 0 0 0 0 0 0 16 24 0
0 0 0 0 81 0 32 0 0 0 0 0 0 84 0 0 23 0 0 0 0 98 0 0 0 0 0 0 0 89 58 0 0 0 0 0 51 0 0 0 0 0 0 0 0 59 0 69 0 0 0 0 0 0 0 0 0 0 0 99 3 0 56 24 58 0 0 0 0 0 0 0 86 0 0 0 5 0 0 0 0 0 0 0 0 0 0 39 0 0 0 0 0 0 0 21 0 34 0 30
0 37 0 0 0 0 0 0 0 0 0 0 0 0 0 0 54 82 0 0 0 95 100 69 0 0 0 0 0 0 0 0 0 37 0 0 14 0 0 0 22 0 0 80 66 0 30 0 67 0 0 0 0 0 0 85 0 0 0 0 57 0 0 0 0 0 0 0 0 0 0 0 0 47 0 0 0 71 0 0 93 0 0 26 0 0 0 0 0 0 83 0 0 0 0 0 0 0 0 0
75 81 0 0 0 1 0 80 96 57 0 0 91 10 0 0 0 46 0 0 0 0 0 0 0 0 0 0 0 0 79 0 77 0 0 0 20 0 0 36 0 0 0 18 0 78 10 0 0 76 0 0 0 0 0 100 18 87 0 0 0 0 26 19 0 0 43 0 0 0 0 0 49 0 0 0 0 0 0 100 0 0 0 0 0 0 0 37 36 0 0 0 0 17 55 0 23 74 0 0
0 0 45 0 0 0 0 0 93 0 0 0 0 19 0 0 0 0 0 0 0 0 4 0 23 0 76 11 48 74 45 0 48 3 0 0 0 0 0 0 0 0 96 0 0 21 0 0 8 0 0 0 0 0 0 0 69 0 0 0 48 0 0 61 0 0 0 0 0 0 0 82 0 64 19 94 49 0 0 0 4 77 0 0 0 89 0 0 0 0 21 44 0 0 70 0 0 0 0 0
30 41 0 34 0 0 0 72 0 32 0 0 0 0 37 0 0 0 0 0 0 16 0 0 0 0 0 0 0 59 0 0 0 0 0 0 70 0 54 0 0 0 0 0 0 0 0 0 81 0 0 42 77 87 0 0 72 0 0 87 0 61 0 0 0 0 0 69 66 0 0 0 0 0 0 0 99 0 39 98 0 0 89 0 2 0 89 0 0 30 47 0 0 0 0 7 0 60 0 0
44 0 0 0 0 13 0 37 0 0 0 0 77 0 0 53 0 97 52 65 0 54 0 51 0 0 0 0 0 0 0 42 0 0 0 0 0 0 0 0 0 0 16 0 56 0 0 0 0 52 0 0 0 17 46 0 0 40 0 12 0 72 0 83 0 0 35 0 0 45 0 6 0 0 0 0 0 0 28 0 0 0 16 0 0 0 0 57 0 0 0 13 69 0 34 0 18 0 2 0
0 0 0 0 37 0 0 61 0 0 27 0 0 59 0 33 0 0 0 0 0 0 0 0 0 0 0 0 0 0 0 2 0 76 0 0 0 14 0 48 65 0 69 0 9 67 0 0 0 0 0 0 83 0 0 41 0 0 0 0 0 0 0 0 0 0 87 0 0 72 0 0 0 0 0 0 86 0 81 0 0 0 0 15 0 0 0 0 0 13 0 0 0 0 0 65 76 0 6 0
0 60 38 0 75 0 0 0 0 14 0 94 42 45 4 0 0 0 0 0 0 0 0 0 0 0 5 77 0 76 68 0 0 0 0 0 0 0 0 0 45 0 14 0 0 0 0 0 16 0 0 0 0 3 50 0 0 0 0 0 0 0 0 0 0 0 0 0 0 0 0 0 0 70 0 0 0 0 0 0 0 0 0 0 0 39 0 70 61 0 0 88 0 0 0 0 0 88 0 13
95 31 42 86 0 0 0 0 0 0 0 8 89 0 0 0 0 67 0 0 0 0 0 0 0 2 0 0 0 0 0 0 0 0 0 0 0 0 0 91 0 0 15 0 0 0 74 0 0 35 0 0 0 0 0 0 0 0 0 0 71 0 0 0 0 0 0 0 0 0 0 0 0 0 0 0 0 0 0 0 0 0 0 0 0 78 7 0 65 0 0 0 0 65 76 0 87 3 0 94
0 0 0 12 0 0 63 0 0 0 49 0 0 0 67 0 0 0 0 7 0 0 0 0 9 61 0 0 0 0 64 0 40 0 0 0 0 0 0 0 0 0 0 0 81 0 0 0 0 99 0 0 78 0 0 0 0 0 96 64 0 0 93 0 0 0 99 0 0 0 0 0 93 0 0 100 0 0 0 0 52 0 83 0 0 16 0 0 0 67 77 0 36 87 0 0 31 70 0 0
0 0 0 0 0 0 0 87 0 0 0 96 0 0 0 0 0 64 0 0 87 0 0 0 0 0 0 0 52 0 0 0 0 85 0 0 0 0 0 83 89 0 0 78 0 14 42 53 0 0 0 0 28 0 0 0 3 0 0 0 0 0 0 10 0 0 0 8 0 0 0 0 0 21 0 0 0 0 0 0 0 74 0 90 0 0 0 66 0 0 0 11 0 0 0 42 0 0 98 0
0 0 0 0 45 0 0 0 0 0 0 0 0 0 48 14 36 64 0 0 10 21 0 0 0 23 0 87 0 79 0 0 0 62 0 0 0 0 30 0 0 0 34 0 88 0 0 0 57 0 0 0 26 0 0 61 0 0 0 5 32 0 0 0 49 17 0 0 22 39 0 0 0 0 83 22 0 0 0 0 0 0 0 0 65 17 0 93 0 0 16 7 0 89 0 0 0 0 0 0
0 0 0 0 0 0 7 35 63 0 55 0 0 0 0 0 76 0 38 0 0 0 0 0 0 0 0 0 0 0 0 0 0 0 0 0 0 0 0 0 31 0 100 0 0 0 0 0 0 0 0 0 0 84 83 0 0 0 0 0 81 2 18 0 0 0 22 69 0 0 79 47 0 0 0 0 0 0 0 0 1 36 100 0 0 0 0 0 56 0 0 0 0 0 0 0 0 0 0 0
90 0 19 0 0 0 0 0 0 0 0 0 0 0 0 69 0 0 0 52 0 0 0 0 98 56 0 28 0 51 0 0 49 0 48 0 0 0 0 0 3 62 12 0 0 72 59 0 0 0 0 0 0 84 0 0 45 0 0 0 68 0 50 71 0 0 73 95 85 0 0 0 0 65 21 0 0 0 0 0 0 0 0 0 60 68 0 0 0 0 0 0 0 66 0 80 77 0 31 45
19 0 0 0 72 0 0 0 30 23 0 0 0 96 0 71 0 0 0 0 44 51 0 28 0 34 0 0 0 0 0 16 0 63 0 0 80 74 0 0 79 25 0 4 0 0 0 60 85 0 0 99 0 0 0 68 0 0 0 50 0 0 0 0 0 63 0 0 0 58 0 69 0 0 4 0 35 0 0 90 0 0 7 0 82 0 0 0 0 0 0 0 0 0 0 78 0 0 0 35
0 0 0 28 0 0 31 0 0 0 0 0 0 0 0 0 0 0 15 0 0 0 0 95 0 7 27 0 0 0 10 0 0 0 0 0 0 0 0 2 0 0 0 0 0 0 0 10 0 21 0 0 0 0 0 0 0 0 0 48 0 0 63 0 0 0 0 25 0 0 0 0 47 0 28 0 53 0 0 0 0 59 0 46 0 92 0 0 74 0 0 0 85 0 15 0 92 0 0 0
0 8 0 0 0 0 1 0 30 0 52 0 0 0 93 0 0 0 87 0 0 0 0 0 0 0 100 48 78 4 100 0 0 0 0 0 0 0 0 0 56 38 6 96 0 0 0 0 0 31 0 0 0 0 26 12 0 24 0 0 24 0 0 82 0 0 0 0 0 100 0 99 73 0 0 0 0 0 0 0 0 0 0 0 0 0 0 0 30 0 0 0 0 0 0 0 0 72 78 0
0 0 0 0 42 66 0 0 0 0 0 0 0 0 0 42 0 0 0 59 53 0 0 56 100 0 0 0 0 0 0 0 0 52 0 0 0 0 0 0 0 0 92 0 0 0 0 0 0 48 0 61 0 0 0 4 0 0 98 0 0 0 0 32 63 0 0 0 0 0 0 0 82 0 0 0 0 18 0 0 0 0 0 0 0 0 0 1 52 49 34 45 0 0 0 0 0 0 0 58
0 0 0 0 81 0 0 0 0 0 0 0 78 0 0 0 82 0 0 0 0 0 0 0 0 0 13 99 0 0 0 58 0 0 0 0 0 0 0 0 41 19 0 0 0 0 0 16 94 0 0 0 28 0 0 0 0 0 0 47 0 0 0 0 0 0 0 0 20 0 95 39 0 0 0 72 0 0 60 60 0 0 1 0 0 0 0 0 0 0 94 0 30 0 0 70 35 76 13 0
0 74 0 0 0 0 0 80 0 0 0 0 87 0 0 0 59 0 0 0 0 0 0 0 0 0 0 43 31 0 79 0 19 0 20 0 0 0 24 0 0 9 0 0 0 0 0 0 0 0 16 84 0 0 0 0 0 0 0 0 0 0 0 0 0 0 0 0 0 0 47 0 75 0 0 0 87 0 0 0 0 0 3 0 0 20 0 0 0 0 0 0 0 0 0 0 10 80 0 80
0 0 0 0 0 0 0 69 81 0 0 0 35 0 63 7 0 46 0 51 0 0 27 0 0 0 0 7 0 94 0 0 0 0 0 0 0 0 0 90 79 0 0 0 27 72 0 0 0 0 39 0 0 0 0 30 0 0 0 0 0 22 0 0 98 0 20 0 0 0 0 0 64 0 0 0 0 0 0 0 0 0 0 0 0 0 0 0 0 0 0 0 83 0 45 0 4 0 0 0
0 75 0 21 0 0 0 85 0 0 72 0 70 34 24 0 0 0 0 0 46 0 0 0 0 32 27 0 0 0 0 0 38 0 0 0 0 5 0 12 0 0 0 0 0 54 0 0 0 0 0 31 0 0 42 8 0 0 0 0 0 0 0 0 21 0 0 0 0 0 0 0 0 50 0 0 89 0 0 0 0 92 0 0 0 0 0 0 0 30 0 78 0 67 0 0 0 0 0 0
14 21 0 0 0 0 0 0 11 0 0 0 0 0 0 0 0 0 41 0 0 0 5 20 0 1 26 0 10 0 0 59 69 0 0 85 0 0 3 0 0 0 0 0 0 0 0 0 0 0 50 0 89 0 0 0 0 0 0 23 0 0 0 41 15 0 0 19 0 0 0 0 0 0 0 51 0 0 0 32 0 0 0 0 0 0 0 0 39 0 0 0 27 0 0 0 0 0 0 0
0 0 0 0 0 0 0 0 0 35 28 49 0 0 0 0 0 0 0 0 0 0 0 30 0 0 95 0 0 0 46 70 0 0 0 0 9 0 0 0 0 0 0 0 0 0 76 0 0 82 0 0 0 0 0 0 75 45 0 0 0 14 0 0 0 0 0 0 0 0 0 0 0 0 40 0 0 6 0 75 45 0 0 3 0 0 0 80 0 0 0 0 76 0 0 34 0 20 0 62
55 0 0 0 0 0 0 0 72 0 0 0 0 0 42 0 0 0 0 0 0 0 0 0 53 0 0 0 28 0 0 23 0 0 0 93 0 0 54 0 0 0 60 95 0 0 0 92 0 0 0 0 0 0 0 0 0 0 0 0 47 0 76 50 56 0 0 30 89 0 0 0 0 0 0 0 0 98 0 21 0 0 22 0 0 87 0 0 50 0 0 0 0 0 0 38 0 0 0 0
0 23 0 0 0 3 0 0 0 0 0 0 0 47 0 0 0 0 49 0 0 7 0 0 0 5 0 0 0 0 0 87 0 85 1 0 0 0 0 63 0 0 0 0 0 71 0 13 0 0 35 0 0 0 32 0 0 79 94 0 0 0 2 96 0 0 0 0 0 0 0 0 0 27 0 0 0 0 0 0 100 0 0 0 0 0 0 0 0 0 0 0 0 0 0 0 0 0 44 60
0 98 42 0 0 0 0 0 14 0 56 0 19 0 0 0 0 0 94 0 0 0 96 95 0 0 0 25 0 0 0 0 0 87 0 0 0 0 49 0 0 0 0 0 0 0 17 0 76 0 0 41 0 0 0 0 0 0 0 0 0 0 0 64 0 0 69 0 0 0 0 38 0 0 0 99 0 0 11 0 0 0 0 0 0 0 0 0 0 45 0 0 0 0 0 0 84 0 66 0
18 0 80 0 60 0 19 0 0 0 0 1 0 0 0 0 0 0 85 0 0 0 0 0 18 0 0 0 37 0 11 0 0 67 0 0 44 0 0 0 0 69 0 48 0 0 15 0 0 67 15 0 46 0 0 52 0 0 0 0 0 0 3 0 0 85 41 0 90 67 33 0 0 54 0 82 0 0 0 0 0 55 0 0 0 77 0 0 0 0 0 0 74 0 0 0 5 0 0 0
0 0 7 0 0 0 0 0 0 0 0 0 100 0 84 7 0 0 10 0 0 0 75 0 0 40 0 0 0 0 43 0 0 0 0 0 82 0 0 0 0 0 0 30 0 0 0 0 0 89 66 68 0 36 0 49 0 57 0 0 0 0 0 0 70 60 0 0 53 58 0 0 0 68 0 0 0 0 0 0 75 0 0 0 74 0 0 0 6 0 0 0 0 0 0 0 0 0 0 0
0 46 0 0 0 0 11 0 0 63 0 0 0 0 0 96 0 0 0 0 28 15 0 0 0 0 45 0 0 48 0 71 54 0 0 0 0 65 0 48 29 0 35 0 0 0 0 98 0 0 0 45 11 0 0 32 0 0 90 71 16 0 0 0 0 0 0 43 0 73 0 0 0 62 0 0 0 0 66 0 0 0 0 0 0 32 0 0 0 0 43 94 0 0 0 0 0 0 73 0
0 0 0 0 0 60 0 89 0 50 33 0 0 0 0 0 54 0 0 0 0 87 0 0 0 0 0 74 73 17 0 1 40 0 40 11 0 0 0 13 0 0 27 0 0 0 0 0 0 0 72 0 0 0 0 0 0 0 0 0 0 0 0 0 0 0 0 0 98 0 0 0 0 0 0 0 0 0 0 0 0 0 0 0 47 54 0 0 0 75 58 0 0 0 76 0 0 0 0 0
0 0 0 0 0 0 17 0 0 69 0 0 0 0 26 0 0 57 0 5 0 57 0 0 0 0 32 48 0 50 89 61 0 66 0 4 71 0 63 0 25 0 0 0 54 0 0 0 0 0 0 0 0 0 0 0 0 0 0 0 0 0 0 39 61 0 0 0 0 0 0 0 40 82 0 0 0 86 0 23 0 78 0 0 0 0 94 0 0 2 0 0 0 88 0 90 0 9 0 0
0 0 0 0 42 0 0 0 0 0 0 5 0 0 0 0 0 0 0 0 0 4 0 65 83 28 0 40 0 92 0 0 0 0 0 49 0 0 0 0 0 0 94 26 0 0 0 70 0 0 53 0 0 0 0 0 0 0 0 59 0 97 0 0 0 0 0 0 0 0 0 0 0 0 0 75 0 78 0 43 0 0 0 13 0 2 0 0 0 0 0 0 0 0 0 88 0 8 0 0