100
0 0 63 32 0 0 0 0 53 37 4 0 0 0 0 0 0 0 0 0 68 0 34 0 0 0 0 0 84 21 96 0 0 0 0 0 0 81 22 0 89 0 0 0 0 0 0 0 0 0 0 0 0 0 0 0 0 0 0 0 0 0 0 0 0 6 0 0 54 0 0 0 0 0 27 0 0 0 0 0 91 0 0 91 0 83 0 0 9 27 0 0 0 0 0 0 0 0 0 0
0 0 46 58 0 0 0 0 0 2 0 0 0 0 6 92 0 26 0 0 0 62 0 0 0 44 41 0 0 0 0 0 0 0 0 0 0 0 0 0 0 0 72 28 0 0 0 83 30 0 0 100 14 0 90 0 71 0 0 0 71 0 0 67 0 0 79 0 0 0 0 0 0 0 0 0 12 0 0 0 0 0 0 0 0 48 98 0 0 70 0 14 0 0 0 0 0 74 0 0
0 100 0 82 0 0 0 3 27 0 2 0 86 0 0 0 72 0 0 23 0 0 0 0 0 0 0 52 0 0 94 0 0 0 0 0 0 0 31 44 67 0 0 0 0 0 0 0 0 75 0 0 69 0 0 13 21 0 0 1 31 0 0 0 0 0 0 66 0 34 67 0 0 27 0 0 71 73 0 31 0 0 0 0 0 0 0 0 0 0 0 82 58 0 0 6 0 0 0 33
30 50 100 0 0 86 33 0 100 0 0 48 0 80 0 0 0 70 0 0 0 21 0 0 0 92 0 0 0 0 0 0 0 65 0 0 0 0 0 0 19 14 0 0 79 66 0 0 56 41 28 0 0 0 0 1 67 0 0 0 0 88 33 33 0 0 0 0 0 27 0 0 0 0 0 0 0 0 0 0 100 0 0 37 0 0 0 74 0 0 72 0 0 0 0 0 0 0 0 0
0 76 0 0 0 0 86 0 97 98 0 0 0 0 70 0 0 0 0 0 0 0 0 0 10 0 0 0 0 0 72 0 0 0 36 0 31 11 0 22 47 51 0 0 0 10 65 28 0 55 56 0 0 0 0 40 0 0 14 0 0 40 0 0 23 0 0 45 0 0 0 24 0 0 10 0 0 0 0 0 77 0 0 0 0 80 0 41 0 51 19 0 0 0 0 56 0 0 40 0
33 0 0 0 0 0 0 0 0 0 0 0 0 0 35 73 42 89 0 0 0 10 0 0 0 0 0 0 0 0 67 3 0 0 34 0 8 0 0 0 0 97 0 73 33 82 0 0 0 73 0 0 74 0 0 0 0 0 0 0 0 0 0 0 0 80 0 0 0 0 0 0 0 0 0 0 27 0 0 0 0 0 81 0 0 0 0 0 0 0 0 0 90 0 0 0 0 0 0 0
63 0 0 0 0 0 0 0 0 0 0 42 0 0 0 0 0 0 0 0 0 0 41 0 0 0 54 0 0 0 0 100 53 0 0 0 0 0 0 5 22 0 0 26 0 0 0 0 0 0 0 0 57 0 0 0 27 0 0 0 47 0 0 0 0 33 0 0 0 0 36 0 0 0 0 0 0 0 0 0 0 0 26 0 0 0 0 0 0 81 0 0 0 0 0 0 0 0 0 58
0 0 0 0 0 0 0 0 0 56 0 0 0 0 0 0 0 0 0 0 0 0 0 0 0 0 0 0 0 44 87 0 0 0 0 0 0 0 45 0 0 0 0 0 0 0 0 0 96 84 0 0 54 0 0 0 0 0 20 0 26 89 15 0 70 0 0 0 0 67 0 22 0 0 0 0 0 0 0 82 0 33 83 0 84 0 40 0 0 0 0 2 0 0 0 0 0 19 90 0
0 0 0 0 0 0 0 0 0 0 67 0 0 0 0 0 0 32 0 0 0 0 0 0 37 0 0 0 92 0 0 0 0 0 62 0 0 0 0 0 0 51 9 0 0 0 0 0 0 91 0 0 0 0 50 0 1 0 0 0 0 15 0 65 0 0 0 0 100 0 0 0 0 0 0 0 0 0 0 0 0 0 0 0 0 0 0 0 0 0 84 0 66 0 26 0 0 64 8 62
0 0 0 0 0 49 0 80 0 0 0 30 77 0 0 0 0 0 0 0 0 0 0 41 0 0 0 0 0 0 14 0 0 0 53 15 0 33 39 0 0 0 0 0 0 0 0 0 0 0 0 0 0 0 0 0 0 84 0 0 91 0 66 0 0 0 0 0 0 78 5 0 0 58 40 71 0 0 0 0 95 0 0 25 0 0 7 92 0 0 0 0 79 0 28 0 0 54 75 0
0 0 0 0 0 0 0 0 57 0 0 0 51 54 0 0 32 0 0 0 0 0 0 0 53 0 0 0 15 0 0 0 0 0 0 74 0 0 71 0 0 0 0 0 56 0 0 9 0 0 0 0 0 21 0 0 0 0 0 0 0 69 0 0 0 65 0 37 0 0 0 0 0 0 64 27 0 0 0 0 0 0 0 0 37 0 0 0 0 30 0 11 0 55 0 0 0 20 0 0
85 0 0 0 0 0 0 11 0 0 0 0 0 0 0 7 0 42 0 0 0 69 0 0 0 0 59 0 61 80 0 0 0 0 0 67 60 0 0 0 0 66 0 52 0 0 0 0 17 0 0 0 38 0 0 0 0 0 0 0 0 0 8 0 0 0 73 60 0 85 0 0 33 0 0 0 0 0 0 0 0 0 49 0 79 0 0 0 0 0 0 14 79 76 0 0 24 0 0 0
0 45 0 21 96 16 0 0 53 16 0 4 0 0 0 0 0 0 0 0 0 0 0 0 60 0 24 0 0 34 0 0 55 0 0 0 0 0 0 0 0 0 0 24 0 0 0 0 67 0 83 0 0 0 71 0 0 0 59 0 0 0 2 0 8 0 0 46 7 0 0 0 23 0 0 0 0 0 0 0 60 88 96 20 0 0 0 0 0 0 0 0 0 0 0 0 0 32 0 0
0 0 0 9 0 0 0 0 2 0 78 0 0 0 0 0 0 0 93 0 0 57 0 0 71 0 0 0 46 0 0 0 0 39 15 0 0 0 0 0 4 43 0 39 79 0 0 51 0 79 0 0 60 48 0 0 0 0 0 0 0 0 0 0 69 49 0 0 0 0 0 0 0 86 0 0 0 27 0 26 0 0 0 0 0 0 0 74 0 0 0 73 0 88 0 57 0 7 0 0
0 42 0 0 0 0 0 55 0 0 0 0 0 0 0 0 0 0 0 0 86 0 0 0 62 10 0 0 0 0 0 0 81 0 0 18 0 0 0 0 0 0 0 22 11 0 0 0 0 0 21 0 0 0 0 0 72 99 0 0 0 0 32 0 0 0 0 0 0 0 0 0 0 0 0 20 0 100 0 45 63 0 33 0 0 0 0 43 0 88 0 0 0 0 0 0 0 51 0 37
3 0 0 0 0 0 0 0 0 47 87 0 0 0 0 0 0 0 0 0 0 0 0 0 0 0 40 49 14 0 0 0 0 10 0 0 66 0 0 0 94 48 0 100 0 0 17 0 40 0 73 0 0 0 0 20 0 0 0 37 0 0 0 0 0 0 0 0 0 0 0 0 98 0 0 0 0 0 0 12 0 0 0 0 0 0 0 0 0 0 62 0 0 0 99 0 0 0 0 37
0 0 0 0 0 0 97 0 0 40 0 0 68 0 0 0 0 0 44 0 0 78 0 39 0 21 0 0 72 0 0 0 44 0 0 0 0 0 0 94 87 0 0 0 17 0 0 0 0 0 0 0 0 0 0 44 0 0 0 0 94 0 0 57 0 0 0 0 0 0 27 13 0 16 0 0 0 0 0 0 0 0 0 51 30 0 57 0 24 0 0 0 0 0 42 0 0 96 78 42
0 0 0 0 0 81 16 0 0 0 0 100 56 0 0 0 0 0 0 0 0 0 0 0 0 0 0 0 0 0 90 0 0 0 0 49 0 82 0 0 0 0 0 0 79 63 0 33 53 0 0 62 33 0 0 4 0 0 43 0 0 0 0 0 42 0 0 0 0 91 0 0 0 0 0 0 0 56 0 29 0 1 0 0 0 0 0 0 0 0 0 0 0 0 77 32 0 0 0 0
0 0 0 0 0 43 24 0 0 0 10 0 45 0 0 0 0 0 0 22 0 0 62 0 0 0 44 0 0 68 0 0 0 0 0 0 0 46 0 0 0 28 0 57 0 0 0 0 0 0 0 76 0 0 0 0 0 0 0 0 0 0 0 84 0 0 0 0 0 99 0 0 0 0 0 0 0 0 19 0 0 100 0 0 0 76 0 0 0 0 0 0 0 0 0 0 0 0 34 0
0 0 0 0 0 62 0 0 0 10 0 0 0 0 0 11 0 0 0 0 0 0 0 45 0 0 0 0 0 0 0 0 0 0 0 0 89 0 0 0 0 0 44 0 48 50 0 0 0 0 0 0 0 0 0 66 0 0 0 45 0 24 0 0 0 0 49 0 0 0 0 0 0 43 0 0 0 0 0 0 0 0 0 0 0 0 0 0 43 0 0 0 0 0 0 93 0 0 0 0
0 0 91 0 0 0 76 0 0 0 0 0 0 22 70 0 0 0 0 0 0 0 0 82 99 0 0 46 22 30 0 0 0 56 0 0 0 0 0 0 0 26 25 17 0 0 0 0 0 0 81 0 0 0 24 0 0 0 100 0 5 0 0 0 0 0 0 19 0 0 0 63 0 0 0 63 23 0 0 0 0 70 0 0 0 0 51 0 0 0 0 0 9 0 0 0 63 0 0 0
35 48 0 0 0 68 0 0 0 0 0 0 0 0 0 0 0 0 0 0 0 0 0 0 100 0 0 0 84 0 73 31 0 0 0 63 0 0 0 0 0 0 0 0 0 0 0 70 0 0 0 0 0 0 0 30 0 0 0 0 73 0 0 87 67 0 0 0 0 0 29 0 0 0 0 0 0 79 0 0 0 0 53 0 0 47 51 0 0 43 0 0 3 0 0 0 0 0 0 14
0 0 0 0 0 0 82 0 0 0 96 0 0 7 0 41 0 74 0 0 0 0 0 0 65 0 19 0 0 37 34 0 87 0 91 0 0 0 0 43 0 0 48 0 14 0 0 34 0 0 5 8 0 0 8 0 49 0 0 0 0 0 91 0 83 0 84 0 56 0 47 63 0 0 96 0 0 0 0 0 0 44 0 0 0 0 69 0 4 0 0 0 62 0 0 0 0 0 0 0
0 0 98 0 0 97 0 41 0 0 0 74 88 0 11 0 0 0 0 0 0 0 0 0 0 0 0 0 95 48 0 0 25 37 97 81 0 0 11 16 0 0 0 0 0 0 83 5 0 0 0 0 0 12 0 0 0 0 0 0 8 0 0 16 79 0 44 13 0 67 0 0 0 0 0 0 0 40 75 0 62 65 0 0 0 0 0 77 0 0 0 66 0 57 0 47 0 0 68 0
92 0 0 82 84 0 75 0 0 0 71 0 0 0 0 60 0 0 25 71 0 0 0 0 0 0 55 0 0 0 0 70 0 0 14 0 0 40 0 0 0 0 74 0 19 25 32 0 0 0 0 0 0 68 65 0 0 0 0 0 0 0 0 0 0 0 0 0 0 0 0 0 61 97 31 0 0 0 0 0 0 0 0 38 0 87 85 0 61 39 0 58 0 43 0 0 0 0 0 42
0 0 0 0 0 0 0 78 0 54 71 0 0 71 0 0 0 39 0 0 0 0 0 0 0 0 0 0 0 0 8 0 99 0 38 68 0 0 0 80 0 0 0 65 0 0 0 65 0 83 0 0 0 0 0 0 0 0 0 0 0 14 0 28 78 0 48 0 0 0 0 64 0 0 89 89 0 0 0 95 0 0 0 58 0 0 0 98 0 0 0 0 0 19 0 0 29 0 0 95
0 0 0 0 0 41 53 0 0 79 0 0 43 0 4 0 0 0 0 0 0 0 0 3 0 0 0 0 0 0 0 0 0 0 0 0 50 0 0 0 67 0 46 88 0 32 9 0 0 45 0 0 0 0 0 3 0 0 0 0 0 0 0 0 0 72 0 0 0 0 0 45 0 0 0 0 0 0 0 0 93 0 0 27 77 0 0 0 0 0 0 39 0 92 44 0 0 0 0 0
0 0 0 0 0 0 0 0 0 0 0 0 45 0 0 0 0 30 0 88 29 97 0 0 0 0 0 0 0 0 0 0 49 0 34 0 12 0 0 72 0 26 71 0 0 76 82 0 0 0 0 0 0 0 0 0 0 0 0 0 0 0 0 16 0 0 41 0 0 0 62 0 0 0 52 0 0 90 0 0 0 0 64 0 0 0 0 0 76 7 0 0 0 0 100 0 0 0 0 0
0 0 0 0 0 0 0 0 83 31 0 0 0 29 0 0 64 0 100 0 24 0 0 5 0 0 0 50 0 0 0 0 0 0 0 72 0 0 0 0 91 0 64 0 0 0 0 0 0 0 66 53 38 0 32 0 25 9 0 0 0 1 0 21 0 0 0 0 0 0 0 0 47 93 0 0 0 0 0 0 69 0 0 3 0 0 0 15 0 1 0 59 45 0 0 95 0 97 0 0
0 0 0 26 10 0 0 0 0 0 38 0 0 0 0 0 40 0 0 95 0 0 0 29 0 0 0 56 0 0 0 0 0 35 100 72 0 0 0 0 0 0 0 58 81 0 0 0 96 0 0 0 0 0 0 0 0 0 53 0 0 0 55 0 0 0 0 0 0 37 0 0 0 0 0 82 0 26 0 24 0 0 0 13 0 0 0 0 40 67 0 0 0 0 0 0 0 0 0 0
0 0 0 0 0 0 0 69 0 17 0 38 0 0 26 0 0 0 0 0 0 71 0 0 0 0 0 0 0 0 0 0 74 0 0 56 55 89 0 0 0 0 0 0 0 74 0 0 0 0 0 0 0 62 28 0 0 39 45 0 0 0 0 0 92 39 0 0 50 0 71 0 0 0 0 0 0 80 0 0 0 71 0 94 0 0 0 0 0 0 61 0 0 0 0 92 47 0 0 0
0 60 0 0 0 0 0 0 0 0 63 0 0 0 0 0 0 0 0 14 0 0 0 0 0 0 0 0 0 0 0 0 41 62 0 13 0 0 0 17 27 0 0 24 0 0 0 0 35 0 12 0 0 0 0 0 0 0 0 0 0 0 0 0 84 0 0 0 0 0 0 0 0 0 0 0 0 0 88 0 0 0 0 27 66 0 85 0 0 0 62 55 17 92 0 0 0 0 0 72
0 89 67 0 0 0 0 0 0 0 4 0 0 0 0 90 0 0 0 99 0 0 0 0 86 0 0 0 2 0 0 82 0 0 58 0 0 0 61 0 0 0 0 0 0 0 89 83 0 100 0 0 0 0 77 0 0 0 76 0 0 0 0 0 0 0 0 0 0 0 0 0 0 0 36 0 0 0 0 88 47 71 0 0 0 0 0 0 0 99 0 0 0 14 0 0 0 0 0 0
0 0 0 0 0 0 0 0 0 0 0 29 0 0 0 0 44 35 79 0 0 14 0 0 8 0 0 63 0 0 0 0 0 0 93 0 0 0 90 86 0 0 0 0 14 23 0 21 0 0 68 0 0 0 2 66 0 0 0 0 0 0 0 0 0 91 0 0 0 0 0 0 0 39 0 24 0 0 0 0 0 0 0 35 0 0 0 0 0 0 0 0 26 0 0 0 0 48 30 0
0 28 0 0 0 49 0 0 0 0 0 0 0 0 0 0 0 0 0 84 0 0 0 0 0 0 0 0 0 0 0 0 0 57 0 64 0 0 0 0 0 0 0 0 37 0 0 0 72 0 0 0 0 18 0 72 0 20 0 0 92 0 70 29 0 0 0 0 0 80 58 0 0 0 0 0 0 0 0 0 55 0 0 0 0 0 0 0 0 0 11 0 7 0 96 0 32 0 0 0
55 0 0 0 0 0 55 0 0 0 8 0 0 0 0 0 0 0 2 0 50 33 82 0 0 93 52 0 30 0 0 100 0 0 24 0 0 0 0 0 0 87 83 0 0 0 0 93 21 58 0 0 0 0 35 0 0 0 1 51 0 0 67 0 0 0 10 14 0 0 39 0 0 0 0 0 0 0 0 23 31 0 0 0 0 0 0 0 0 0 21 0 0 0 0 0 0 7 61 0
0 83 0 0 0 0 0 0 0 75 0 70 53 24 88 0 43 0 0 0 0 73 82 0 0 0 12 0 98 0 0 0 0 0 0 0 0 0 31 0 2 0 0 0 0 57 0 0 0 91 0 0 0 0 0 0 0 0 0 0 0 0 0 39 0 70 0 0 87 33 0 0 0 98 24 0 0 0 0 0 0 0 0 0 0 0 0 0 0 54 0 0 0 0 0 0 15 0 0 0
16 0 0 47 0 0 0 0 0 0 0 0 0 0 0 0 0 0 0 0 0 0 64 0 10 0 0 0 54 0 0 0 0 0 0 0 76 0 63 7 0 0 0 0 0 0 66 59 0 0 0 0 0 0 57 0 85 0 0 75 0 0 0 38 0 0 46 66 0 0 75 0 0 0 0 0 0 0 0 0 100 0 0 0 0 62 0 0 0 0 0 0 0 0 0 0 0 0 0 0
0 12 54 0 0 0 0 0 0 0 0 0 0 0 0 0 0 0 0 0 56 0 0 0 85 0 0 0 0 0 0 0 0 95 0 0 56 0 0 0 0 0 0 0 0 0 0 0 0 0 0 80 0 93 0 0 55 0 19 0 27 41 0 0 0 19 0 91 0 0 0 1 0 10 99 0 0 0 0 0 0 100 0 0 0 0 69 0 0 0 0 0 0 0 0 0 48 0 0 0
0 0 0 0 0 0 0 0 85 0 0 34 0 0 84 0 0 54 0 0 57 0 0 0 0 0 0 87 0 87 0 0 0 0 0 0 0 0 0 0 0 0 19 0 0 0 81 47 0 95 0 0 0 0 0 0 58 0 0 0 0 0 0 0 24 0 0 0 0 0 0 0 0 0 0 0 0 0 0 0 28 0 29 0 47 0 5 0 0 0 17 0 0 0 0 81 0 5 0 0
0 0 0 85 0 0 0 0 96 0 77 0 0 53 0 0 51 95 0 0 0 14 0 63 0 0 38 78 0 0 59 0 0 0 43 0 0 0 0 32 0 0 0 0 0 0 0 0 59 0 48 0 0 0 0 0 0 0 49 0 0 86 91 0 0 0 0 0 0 0 0 0 0 0 0 19 14 0 66 0 0 0 0 71 0 0 0 99 4 52 0 0 0 0 0 0 0 55 0 0
0 0 0 0 0 0 0 0 0 86 0 2 0 0 0 0 0 0 0 0 0 87 0 90 0 0 0 0 0 45 51 0 0 0 35 0 0 0 0 37 0 0 67 0 0 93 0 0 45 87 0 0 55 0 33 0 0 0 0 0 0 0 0 0 0 0 0 0 0 0 97 0 4 96 31 53 0 0 0 19 0 41 0 0 0 62 21 0 46 0 0 0 0 0 0 0 0 0 0 0
0 0 0 90 0 0 0 0 0 0 0 0 0 0 0 93 0 0 0 0 0 0 0 38 0 72 0 0 0 24 0 0 0 79 0 0 0 0 0 0 0 0 0 0 0 0 0 5 0 0 0 0 0 0 64 22 0 0 0 0 0 0 0 35 87 0 0 0 86 52 0 0 0 0 7 21 0 92 0 21 0 99 0 0 0 0 0 87 0 49 0 76 0 0 0 0 0 0 26 49
0 0 2 0 0 65 69 42 0 0 18 0 58 0 87 0 96 0 0 0 39 0 15 0 0 0 0 0 0 44 0 0 0 0 0 2 0 0 77 0 0 0 0 0 0 0 0 11 27 0 0 0 0 0 70 0 0 0 24 0 0 0 0 0 0 31 0 0 0 0 0 0 0 0 0 0 0 0 62 0 86 0 64 0 0 0 0 0 8 0 0 0 79 0 0 0 0 0 0 35
0 69 0 0 0 0 0 85 0 32 0 0 21 0 0 38 0 0 0 0 0 0 0 0 0 0 0 0 75 0 0 24 88 0 51 0 0 0 0 0 0 0 19 0 0 0 0 0 47 0 0 0 0 13 0 0 20 0 0 0 0 25 0 56 0 0 42 47 0 0 0 51 0 0 0 0 37 0 0 0 0 0 0 83 0 64 0 0 0 62 0 91 99 43 50 0 0 6 94 0
0 43 0 0 0 0 0 0 18 38 0 0 0 59 0 0 0 0 0 58 4 0 0 91 0 30 9 0 0 0 0 9 0 0 18 24 0 79 0 0 0 0 0 0 0 0 0 0 0 36 0 19 52 0 0 79 0 0 0 24 0 0 0 82 37 58 0 0 0 0 0 0 0 0 89 91 0 0 18 66 0 19 0 0 0 0 0 0 0 0 0 0 0 0 0 0 15 0 0 28
4 100 0 45 0 69 0 47 0 0 0 0 0 19 0 40 0 0 37 0 0 17 0 0 0 0 0 0 0 0 0 0 0 0 32 0 0 33 0 0 0 14 31 0 0 0 0 6 67 40 6 0 0 0 26 0 0 86 0 0 0 12 0 0 0 0 66 0 33 0 0 81 0 11 72 0 0 0 0 0 8 74 0 18 40 0 10 0 0 73 0 0 69 0 0 30 0 0 0 0
98 37 11 14 0 34 0 75 0 0 0 97 26 0 53 0 0 0 0 77 5 34 90 0 0 0 0 0 0 0 45 0 0 0 0 0 96 0 0 0 0 0 6 20 0 88 0 0 0 0 0 0 0 0 20 7 0 0 79 0 0 17 0 0 0 0 0 0 89 13 32 15 0 0 65 0 97 0 68 0 0 45 0 0 0 82 94 0 0 0 0 95 0 0 0 51 0 33 0 0
0 0 0 0 0 0 3 0 0 0 0 0 0 0 0 0 82 60 0 0 70 32 0 0 58 55 4 0 0 0 0 98 40 0 0 0 95 0 0 0 0 0 0 0 0 0 0 0 0 0 0 0 0 0 0 0 81 0 0 0 79 0 0 0 65 0 0 0 0 45 0 0 94 0 39 0 0 0 38 90 0 0 0 0 0 0 0 0 0 59 0 0 0 0 0 0 0 0 89 0
0 0 0 0 0 0 0 0 64 0 87 0 0 0 19 0 43 0 0 0 91 45 0 42 0 0 0 0 0 0 59 0 0 0 0 0 0 0 43 37 24 0 81 0 0 0 0 46 0 0 0 0 60 0 96 0 41 56 0 0 0 54 0 0 0 0 0 0 0 39 0 0 0 0 0 0 0 0 97 25 0 0 0 0 0 0 0 0 0 69 0 0 0 0 0 0 0 0 0 0
0 67 0 0 19 0 0 0 0 42 0 0 0 0 0 0 0 0 0 0 0 37 0 8 0 0 0 54 92 0 0 0 0 0 0 0 0 0 0 18 0 0 74 95 0 0 0 0 0 0 0 0 0 0 51 0 0 0 0 0 0 0 0 0 0 73 0 0 74 97 0 62 0 0 0 0 0 42 63 76 0 0 0 30 0 0 0 0 0 0 0 13 0 0 0 0 0 0 0 9
0 79 94 0 40 0 0 0 0 37 18 0 0 94 0 0 0 0 0 0 82 0 0 0 43 0 0 99 2 0 0 0 0 40 0 0 99 0 0 49 0 58 0 0 31 0 0 0 0 0 76 0 0 0 0 0 47 0 0 33 0 26 0 94 0 20 0 0 59 9 0 32 0 0 0 0 0 0 90 0 0 0 66 0 0 0 81 0 0 82 0 0 83 0 0 0 0 0 0 0
0 0 0 43 0 38 0 99 0 0 0 21 0 0 0 33 0 0 0 0 10 85 24 0 0 0 0 3 0 0 0 94 68 0 63 0 61 16 0 0 98 28 0 0 1 0 0 0 0 0 0 0 0 49 0 3 0 0 39 37 25 0 0 0 0 0 0 0 45 0 0 0 0 0 0 87 0 23 0 0 0 0 0 0 46 0 0 78 0 0 0 0 0 0 65 38 0 0 86 0
0 0 22 0 0 87 18 0 0 0 92 0 0 0 0 0 56 12 0 0 41 33 49 0 18 0 0 56 79 0 38 0 0 0 25 0 0 0 62 0 0 0 85 0 78 0 0 0 0 55 0 0 0 0 0 30 0 9 0 0 0 0 0 0 0 0 0 0 13 0 0 69 0 0 0 0 0 43 0 0 0 0 0 78 0 0 0 54 0 0 0 0 0 0 0 0 0 64 0 0
0 98 0 0 45 0 0 43 57 0 44 0 2 0 0 0 0 0 0 5 0 58 52 0 0 83 0 14 0 0 0 4 0 40 39 0 0 0 0 0 0 71 2 95 0 0 0 0 0 100 0 0 0 0 0 0 16 0 0 0 0 0 0 0 0 0 78 0 0 0 0 0 55 0 0 0 89 0 0 0 63 0 0 33 0 0 0 0 0 78 0 0 0 0 0 0 0 0 0 0
25 36 0 0 0 0 0 0 0 0 51 0 0 0 0 0 0 0 0 0 0 61 0 7 15 0 0 0 0 0 0 0 0 0 0 0 11 0 91 0 12 0 0 0 0 0 0 0 0 0 0 0 0 56 0 0 0 0 0 0 0 0 0 0 0 0 0 0 0 85 0 0 0 0 37 0 0 68 0 0 23 0 1 0 0 0 0 0 0 68 0 0 20 0 28 0 0 0 3 0
0 0 0 0 0 0 0 0 0 3 28 0 0 0 0 0 0 0 22 82 0 0 0 34 0 0 0 31 0 0 0 0 0 0 39 8 0 98 0 17 67 0 0 0 11 66 0 14 58 0 0 11 41 84 0 0 0 0 0 0 0 0 0 0 0 98 0 0 48 0 0 0 0 34 0 0 0 1 0 0 0 28 0 76 37 0 0 0 0 0 0 0 10 0 0 0 0 66 35 0
0 0 0 0 17 0 0 0 47 24 76 0 0 0 0 0 0 40 0 99 0 86 0 0 0 0 81 0 51 0 23 0 0 0 0 19 0 0 47 0 0 0 0 31 57 0 0 63 0 0 0 0 0 0 0 0 0 0 0 0 0 0 46 0 0 26 0 84 0 0 0 0 52 0 0 0 52 0 0 0 0 60 0 0 0 0 38 8 0 20 0 61 8 0 0 0 0 53 0 0
62 0 0 0 24 2 0 0 54 0 0 0 0 0 96 0 0 0 0 72 18 54 0 0 0 0 0 0 0 0 0 0 0 0 0 0 93 0 0 81 0 0 0 0 0 49 0 90 0 0 52 0 0 0 0 0 0 5 0 0 0 0 0 0 0 0 0 0 0 0 0 0 0 81 0 0 0 0 0 0 0 0 0 0 15 0 33 58 0 0 70 50 0 0 0 6 0 0 0 0
0 35 97 0 0 0 36 0 29 17 18 0 62 59 0 11 0 0 0 0 0 0 0 0 0 94 0 0 0 0 23 0 0 0 0 0 0 0 0 0 0 74 0 0 0 0 0 0 61 0 0 0 0 0 2 0 0 11 30 0 0 17 0 0 0 0 73 0 0 0 0 0 0 0 0 0 0 0 0 70 0 42 0 0 0 0 0 0 0 0 0 0 0 75 34 0 34 0 29 17
0 0 0 0 0 0 0 0 0 0 33 0 0 0 0 0 0 0 0 63 0 0 0 41 0 63 0 57 35 0 0 0 0 0 18 0 0 27 46 63 0 90 0 0 0 15 0 0 0 26 0 25 27 0 0 85 0 0 0 0 0 0 67 52 0 66 88 0 0 0 0 0 0 5 0 0 68 0 86 0 0 0 0 0 0 0 75 0 75 0 24 0 0 0 0 0 0 93 0 0
53 10 3 0 63 0 0 0 11 98 5 0 0 90 0 0 45 0 0 0 0 0 69 11 0 43 0 64 0 0 0 4 0 0 37 0 0 0 48 9 47 0 0 0 19 0 0 0 0 0 67 0 0 0 0 0 67 0 0 49 0 0 0 0 36 0 48 23 0 0 0 64 0 76 0 58 0 0 0 0 0 0 0 0 70 0 0 0 0 0 0 0 0 0 0 0 0 0 0 67
0 13 0 0 0 47 0 7 0 0 84 55 0 0 0 74 0 0 0 0 49 43 0 0 48 0 0 54 0 0 0 42 0 0 0 0 0 0 83 0 0 0 44 0 0 0 0 11 0 0 0 52 0 0 0 0 0 0 0 0 0 0 0 0 0 0 0 0 0 0 0 16 0 0 88 0 5 0 9 0 0 0 0 76 0 0 0 0 0 0 0 0 0 0 0 0 0 26 0 22
91 21 0 0 0 0 100 0 0 65 0 0 0 93 0 81 63 0 0 0 0 0 52 0 0 0 0 0 0 0 0 0 0 0 0 0 5 0 0 0 5 0 54 0 70 0 0 0 0 98 0 15 0 0 0 0 0 0 0 51 0 0 94 0 28 97 0 60 0 0 0 0 62 0 0 0 40 53 66 0 0 0 0 0 0 3 0 0 0 97 75 58 96 0 92 0 0 71 0 0
0 48 0 0 0 68 0 0 0 64 0 23 0 0 48 0 0 0 0 96 0 10 47 0 0 49 0 0 0 0 0 48 0 0 0 0 6 0 0 84 0 0 50 0 0 5 74 0 0 24 0 0 70 0 0 27 0 0 0 0 0 87 0 0 0 0 0 0 0 0 0 0 0 3 15 4 0 0 0 0 0 0 0 0 0 0 0 0 0 0 0 0 55 0 0 0 0 0 0 0
0 0 0 0 0 0 0 0 8 0 37 47 0 0 0 0 0 0 0 0 45 0 0 0 0 20 0 25 0 100 0 0 0 48 33 0 0 0 0 18 0 88 0 100 0 0 0 0 0 75 0 0 0 0 0 0 5 0 0 39 95 0 0 0 0 0 0 0 57 0 0 0 0 0 0 0 0 73 46 0 36 0 74 0 0 0 0 89 0 0 0 99 0 0 0 0 0 0 0 0
0 0 0 0 79 39 0 46 0 0 0 0 25 0 33 0 0 70 0 6 0 0 0 0 58 0 0 0 0 0 0 0 0 0 22 0 0 26 24 0 60 0 0 0 0 47 0 94 0 0 0 0 0 0 0 0 0 52 47 0 0 82 0 0 0 0 0 0 0 90 0 0 0 0 85 0 0 0 0 46 58 0 3 0 0 0 88 33 82 0 0 0 15 0 47 84 83 0 0 51
54 0 0 0 0 0 29 0 24 0 0 0 0 67 0 0 0 0 0 0 0 0 68 64 0 0 48 0 88 0 0 0 78 0 68 0 0 0 87 0 15 19 0 32 0 0 0 0 22 0 0 99 0 0 0 0 0 0 0 0 0 0 0 0 0 0 0 0 16 0 0 84 0 0 0 16 0 0 0 38 80 37 88 0 0 15 0 0 0 28 0 0 0 0 0 0 0 0 0 0
0 0 0 0 0 0 0 0 0 46 0 0 47 0 0 0 0 0 0 0 0 0 68 0 0 0 0 0 0 61 0 0 66 0 0 0 59 77 0 0 0 28 64 0 0 0 0 0 74 0 0 0 66 0 0 0 0 0 0 0 95 0 65 3 52 0 0 0 0 0 0 0 0 0 0 0 6 96 33 0 3 0 0 0 0 5 0 42 0 0 0 0 0 53 0 79 0 0 0 14
51 57 0 0 0 0 6 95 0 0 27 0 0 0 35 0 0 0 0 0 69 66 0 79 0 0 0 0 0 3 0 0 0 0 0 5 0 63 86 0 0 38 0 87 0 0 0 79 0 0 0 0 93 0 0 0 69 0 46 0 0 0 0 0 37 33 0 0 9 0 17 19 0 48 0 0 0 0 86 0 0 0 0 0 14 0 0 17 0 0 0 0 20 37 14 0 0 0 71 0
0 19 0 0 0 0 0 0 25 0 11 0 10 0 0 0 0 0 0 0 0 0 0 27 0 23 2 0 71 0 0 99 0 0 0 0 0 89 0 0 0 0 0 0 0 36 0 0 0 78 0 2 34 0 0 0 0 0 13 0 0 0 0 0 0 0 0 97 12 64 0 0 53 46 0 28 0 60 5 0 0 64 0 0 0 0 0 0 0 0 0 0 0 0 0 0 0 0 0 28
0 0 0 0 11 0 0 0 0 0 0 55 0 0 82 0 0 0 0 0 0 0 0 93 0 0 0 0 0 0 0 0 84 0 0 0 80 0 44 0 0 0 16 39 0 0 55 29 0 88 0 0 20 0 0 0 0 0 0 0 38 0 0 0 0 82 0 0 0 0 0 0 50 0 0 0 72 45 0 0 97 0 0 0 52 0 0 35 0 0 53 0 0 38 15 0 0 0 0 0
45 65 0 0 74 40 0 0 0 0 0 0 0 65 0 0 0 0 0 26 0 0 0 0 18 0 0 46 0 0 0 0 0 0 0 1 0 0 48 0 0 0 0 0 0 0 0 62 0 82 0 0 0 0 0 0 0 0 0 0 0 0 0 0 0 0 0 0 5 0 73 0 0 0 0 0 0 0 0 0 0 0 0 0 0 0 100 6 0 12 0 36 0 0 0 0 68 0 0 40
0 0 0 0 0 95 0 0 0 0 0 0 0 69 0 0 0 0 0 0 27 0 59 0 0 0 96 8 7 19 0 0 0 0 0 0 0 0 0 0 0 82 0 0 0 0 0 0 11 98 0 0 0 0 0 0 0 0 0 26 0 0 0 0 0 0 93 0 23 19 76 0 0 0 0 4 90 0 20 0 0 36 0 94 75 44 54 0 0 94 0 0 21 0 0 31 0 93 0 0
83 0 0 0 0 0 99 31 0 0 58 0 0 0 0 40 9 0 83 0 0 0 0 0 0 0 0 88 0 28 0 0 0 47 0 0 26 0 0 0 0 68 0 0 12 0 0 0 90 0 0 30 0 66 0 0 30 0 72 0 0 0 0 31 53 0 0 0 43 0 54 0 0 0 0 0 0 0 0 0 0 42 89 0 0 0 0 0 0 0 47 0 0 0 0 0 0 0 0 0
0 0 30 93 0 2 99 91 0 0 87 0 0 0 71 84 0 40 0 0 65 0 0 0 69 35 0 0 0 0 0 0 0 0 58 0 0 55 0 0 57 0 0 0 0 0 63 0 0 48 0 0 14 71 0 0 0 79 0 0 47 0 0 0 0 49 0 0 0 0 0 0 30 0 0 0 0 79 0 0 0 0 62 0 0 0 0 0 0 0 83 0 0 0 62 0 0 0 0 0
0 0 0 0 0 0 65 0 0 50 0 26 0 95 0 0 0 0 0 0 0 0 66 0 0 0 51 0 0 0 53 0 49 0 19 0 0 0 0 0 0 81 58 0 0 0 0 43 0 0 39 0 0 0 0 0 0 0 56 0 28 40 0 0 0 0 0 0 0 0 98 0 0 0 0 0 0 0 57 0 66 0 0 17 0 45 0 0 0 0 0 20 85 0 0 16 0 0 75 0
0 0 0 35 0 0 0 0 0 0 0 0 0 0 0 47 0 23 47 0 100 0 0 0 0 3 98 80 0 22 0 0 0 0 0 77 0 0 0 0 0 86 0 0 0 0 0 0 0 0 0 0 0 0 96 0 51 0 0 45 0 65 0 0 46 27 0 0 0 0 0 0 98 0 0 93 43 0 0 0 0 0 0 0 0 45 0 0 2 0 7 0 30 0 0 16 33 0 0 54
0 0 0 0 0 0 0 0 0 0 0 80 0 0 0 0 0 0 0 92 0 0 0 0 69 0 72 0 1 0 0 78 45 0 79 55 0 0 0 0 71 0 0 0 0 64 0 0 0 15 0 0 0 0 0 51 55 0 0 0 0 0 0 0 0 0 40 0 0 0 0 0 0 0 60 0 17 0 0 0 28 0 14 3 0 0 0 61 0 0 15 0 0 0 0 0 83 0 10 0
0 69 0 0 0 0 0 60 11 0 72 0 0 0 0 0 0 0 0 0 0 9 73 83 0 0 0 0 0 0 66 54 0 0 0 93 0 97 0 0 74 0 48 0 0 0 0 0 28 48 0 0 0 0 0 0 0 0 0 18 15 0 41 0 35 58 0 51 0 0 0 0 0 0 10 0 0 0 94 0 0 41 17 0 0 0 39 0 0 64 0 0 18 0 0 0 44 0 0 94
0 68 0 15 0 0 49 0 0 86 81 0 0 0 0 0 0 0 0 76 90 0 0 0 0 77 0 0 0 85 0 0 0 0 0 77 0 0 0 84 0 0 0 0 0 0 0 39 0 0 0 57 0 0 0 0 0 0 0 0 0 0 66 0 0 0 0 0 80 0 0 0 0 62 0 0 0 0 0 0 0 0 0 0 0 0 0 86 0 0 0 0 79 0 0 0 0 0 0 0
0 0 100 0 0 60 0 0 0 75 0 0 0 0 38 73 0 0 93 0 0 75 54 46 0 66 0 0 0 81 0 15 7 83 0 0 0 0 0 66 0 62 0 0 0 0 88 21 36 0 0 0 0 0 0 0 0 0 0 0 0 0 53 16 0 0 0 0 0 53 0 0 0 0 0 47 0 0 0 0 34 0 0 0 91 0 0 0 0 0 0 0 0 0 0 0 63 0 0 0
0 0 0 0 51 0 0 0 0 0 26 0 0 32 0 0 0 0 1 0 21 32 0 55 68 0 73 0 98 0 0 0 42 0 0 0 86 93 0 0 0 0 0 0 51 0 26 0 0 0 0 0 0 0 26 0 0 0 0 100 0 10 0 73 0 0 0 66 54 0 45 18 58 0 36 0 0 0 0 14 0 0 0 0 17 0 0 0 73 18 0 0 0 84 0 0 0 76 0 0
0 0 0 20 0 0 0 0 3 0 0 0 0 0 53 54 0 0 86 0 0 0 0 0 0 76 0 52 15 0 0 0 0 0 0 0 0 0 0 0 0 0 0 0 0 0 0 0 0 80 14 0 0 54 0 86 0 0 74 0 0 15 9 0 0 98 0 0 0 0 0 0 0 0 0 0 89 99 0 0 0 0 0 0 0 0 0 0 0 0 0 21 0 0 57 7 0 0 0 0
0 0 0 0 0 0 0 0 0 0 0 0 0 0 0 0 88 81 0 0 94 0 0 43 0 0 0 0 0 0 0 0 0 0 0 0 0 0 0 0 0 0 0 71 0 36 0 0 0 0 0 6 27 5 68 0 0 0 0 0 0 0 0 0 0 0 0 0 76 0 0 0 5 0 0 60 0 0 36 0 91 0 0 0 0 0 32 0 49 5 0 0 46 0 0 0 0 57 0 0
0 0 54 0 0 0 0 0 60 0 0 87 0 46 7 0 0 0 12 0 24 25 0 0 0 0 81 0 0 0 0 0 0 0 7 0 0 67 0 0 0 0 0 0 0 0 0 19 73 22 0 70 0 0 24 0 0 0 0 0 52 0 0 69 17 0 0 0 0 0 0 0 90 0 80 0 0 0 74 46 0 0 0 7 0 0 55 0 0 24 0 0 42 11 0 0 3 0 0 28
92 4 0 36 0 0 0 66 0 0 1 0 0 0 0 0 0 0 0 99 70 0 97 0 0 0 0 0 0 0 91 0 0 0 0 0 0 0 0 0 0 0 0 0 0 0 0 0 0 85 0 0 28 0 0 0 0 0 98 0 0 84 0 12 0 0 0 43 0 0 73 0 92 0 97 0 90 9 0 0 0 0 0 0 53 0 0 0 0 0 0 0 0 0 55 0 0 76 7 0
0 0 0 7 0 0 0 0 0 0 16 0 0 0 0 54 3 0 0 0 0 0 0 0 0 0 79 0 0 0 49 0 0 0 0 99 0 0 0 0 0 0 0 0 0 0 0 0 11 0 0 96 11 0 29 0 0 0 73 0 0 0 0 0 0 0 0 0 0 0 90 0 0 0 59 0 0 0 0 86 0 0 62 0 99 53 0 0 0 77 0 0 0 0 36 0 0 0 0 13
0 0 0 33 54 17 35 0 0 0 0 32 0 0 0 0 0 79 0 87 0 0 0 0 0 0 0 0 72 0 58 93 0 42 0 0 0 82 0 2 0 0 0 82 0 72 0 10 92 0 0 0 36 0 0 0 0 0 0 31 0 0 10 0 0 52 0 0 23 85 94 0 0 0 0 0 0 0 38 0 89 27 28 55 0 30 0 42 0 0 47 0 0 0 0 0 0 92 0 53
0 0 0 43 5 96 0 0 8 0 16 75 0 0 0 36 0 0 0 0 25 0 0 0 67 0 94 0 0 97 0 0 0 0 0 66 9 0 0 0 0 0 0 0 0 0 59 0 0 0 0 93 64 44 74 98 0 0 0 0 0 0 0 89 0 0 38 0 20 0 0 0 0 0 65 0 0 0 0 0 0 0 0 69 0 10 0 0 0 0 0 0 8 30 32 0 0 0 0 0
0 0 0 0 0 0 0 0 43 0 0 0 0 0 0 0 0 0 0 0 0 0 0 77 0 0 0 0 0 58 72 0 0 0 0 50 0 0 26 0 0 0 0 0 0 63 0 0 49 0 0 0 0 60 0 0 0 0 0 92 0 0 0 0 0 0 38 0 0 80 0 0 0 0 0 0 0 0 0 49 94 0 0 0 0 27 2 0 72 0 0 0 99 0 17 0 0 0 0 0
0 0 43 0 12 0 0 0 0 12 0 0 0 0 21 0 0 0 0 0 0 0 0 0 68 0 0 0 0 89 50 93 0 92 0 46 0 0 0 0 32 0 11 73 70 0 0 0 0 0 0 37 0 0 46 0 0 62 0 30 0 0 0 0 48 0 0 0 0 0 0 0 41 0 0 0 0 36 0 15 0 0 58 0 0 0 0 0 0 0 0 0 94 0 0 0 0 0 83 22
68 28 0 0 0 0 0 0 3 0 58 0 0 99 0 84 0 0 0 0 0 64 0 0 0 14 0 0 0 0 81 0 0 0 0 0 19 0 0 0 0 0 0 0 0 0 0 0 0 0 74 0 92 0 0 0 0 0 0 0 0 98 0 0 0 20 34 0 25 18 0 0 0 0 97 0 0 0 0 96 0 0 0 98 0 0 0 0 0 0 0 0 0 0 58 0 27 52 72 0
0 0 0 0 13 85 0 0 0 23 0 94 2 93 0 72 0 0 0 94 0 23 29 0 0 0 0 74 0 0 0 0 2 53 23 0 0 0 0 0 0 0 0 16 0 0 0 0 0 0 0 82 0 0 0 0 0 0 0 0 0 22 57 0 0 0 91 0 0 0 52 0 0 0 0 9 0 91 28 0 0 39 51 0 66 0 0 0 0 19 98 0 0 0 0 50 0 95 0 0
0 0 0 56 0 0 0 0 0 56 0 0 41 0 77 0 0 0 0 0 0 0 0 0 0 0 0 0 18 1 0 0 0 0 0 0 0 0 0 0 0 0 0 52 0 0 0 62 0 0 0 0 0 0 0 0 0 0 0 0 87 0 0 2 0 1 0 0 53 0 40 0 0 0 0 0 95 0 0 0 87 0 0 77 0 65 0 0 0 37 0 0 0 0 0 0 0 0 0 0
0 0 68 0 0 0 0 0 0 0 96 0 0 0 90 0 0 49 0 0 0 0 0 83 0 0 0 0 52 72 0 27 0 57 79 0 0 0 0 0 0 11 0 0 78 23 51 2 56 42 0 0 0 0 0 40 0 0 0 0 41 0 0 0 0 0 0 71 0 0 0 17 10 0 6 0 0 0 0 0 24 0 0 24 0 67 0 0 0 0 0 0 0 55 89 0 0 0 0 71
0 16 0 0 0 0 0 0 0 0 52 0 44 0 79 0 0 0 0 0 0 0 5 0 69 0 89 95 0 0 0 0 82 48 0 0 0 40 0 0 40 39 0 0 2 0 0 0 0 0 0 0 0 0 0 0 0 0 0 0 0 35 78 55 82 0 0 10 0 0 54 0 0 0 0 0 0 0 0 0 28 12 0 0 0 42 72 0 43 0 0 0 0 0 0 26 0 81 0 0
0 0 64 32 0 0 3 0 0 96 0 0 98 0 19 0 0 0 0 0 0 54 0 0 0 0 0 0 0 0 0 0 84 0 0 0 0 64 0 9 0 0 9 0 0 0 0 0 0 66 0 0 52 0 0 0 0 0 0 0 0 0 0 25 0 0 0 0 0 26 0 0 0 0 69 0 66 83 0 0 0 0 0 0 0 0 0 0 0 0 83 0 0 11 0 0 0 0 0 0
49 0 8 0 85 78 0 61 64 0 0 25 0 0 0 0 0 0 86 96 0 59 0 36 33 0 5 0 52 0 0 81 0 0 0 0 51 0 0 0 0 0 24 0 0 0 0 0 0 96 0 0 0 0 0 30 0 0 0 0 0 23 0 0 0 0 0 0 0 0 0 0 29 12 0 0 0 66 0 42 0 0 0 0 0 0 2 0 0 0 57 0 0 0 64 0 0 0 0 0
0 0 21 0 98 0 78 0 0 0 0 0 63 0 0 0 46 0 57 0 0 21 0 0 21 0 0 0 81 0 98 0 0 0 0 0 0 0 0 0 0 0 0 0 0 0 0 0 0 0 0 0 0 0 0 0 0 15 0 0 0 83 0 0 87 0 0 0 0 0 84 0 45 0 0 0 0 0 71 0 87 0 0 0 2 0 0 0 0 35 8 0 0 60 0 0 100 0 41 0
0 0 76 20 0 0 0 0 47 9 69 0 0 0 0 0 0 0 0 0 88 0 4 0 0 0 0 0 90 19 24 0 0 0 0 0 0 96 67 0 95 0 0 0 0 0 0 0 0 0 0 0 0 0 0 0 0 0 0 0 0 0 0 0 0 24 0 0 42 0 0 0 0 0 15 0 0 0 0 0 43 0 0 39 0 4 0 0 71 80 0 0 0 0 0 0 0 0 0 0
0 0 5 42 0 0 0 0 0 97 0 0 0 0 80 54 0 97 0 0 0 60 0 0 0 94 52 0 0 0 0 0 0 0 0 0 0 0 0 0 0 0 16 51 0 0 0 74 67 0 0 51 91 0 22 0 1 0 0 0 82 0 0 50 0 0 80 0 0 0 0 0 0 0 0 0 3 0 0 0 0 0 0 0 0 2 82 0 0 42 0 31 0 0 0 0 0 86 0 0
0 69 0 83 0 0 0 36 3 0 72 0 15 0 0 0 100 0 0 97 0 0 0 0 0 0 0 48 0 0 74 0 0 0 0 0 0 0 78 18 97 0 0 0 0 0 0 0 0 81 0 0 99 0 0 24 85 0 0 1 30 0 0 0 0 0 0 52 0 7 97 0 0 64 0 0 14 84 0 18 0 0 0 0 0 0 0 0 0 0 0 74 55 0 0 83 0 0 0 53
10 3 36 0 0 44 75 0 51 0 0 51 0 22 0 0 0 80 0 0 0 24 0 0 0 88 0 0 0 0 0 0 0 54 0 0 0 0 0 0 26 78 0 0 63 63 0 0 19 76 99 0 0 0 0 64 80 0 0 0 0 6 70 85 0 0 0 0 0 83 0 0 0 0 0 0 0 0 0 0 6 0 0 51 0 0 0 57 0 0 13 0 0 0 0 0 0 0 0 0
0 45 0 0 0 0 79 0 91 15 0 0 0 0 26 0 0 0 0 0 0 0 0 0 73 0 0 0 0 0 19 0 0 0 3 0 6 25 0 21 31 33 0 0 0 27 27 77 0 58 74 0 0 0 0 4 0 0 29 0 0 4 0 0 62 0 0 38 0 0 0 92 0 0 61 0 0 0 0 0 86 0 0 0 0 23 0 7 0 67 98 0 0 0 0 89 0 0 95 0
99 0 0 0 0 0 0 0 0 0 0 0 0 0 44 21 8 35 0 0 0 89 0 0 0 0 0 0 0 0 96 36 0 0 61 0 34 0 0 0 0 79 0 2 1 14 0 0 0 63 0 0 76 0 0 0 0 0 0 0 0 0 0 0 0 61 0 0 0 0 0 0 0 0 0 0 78 0 0 0 0 0 32 0 0 0 0 0 0 0 0 0 79 0 0 0 0 0 0 0
56 0 0 0 0 0 0 0 0 0 0 72 0 0 0 0 0 0 0 0 0 0 66 0 0 0 44 0 0 0 0 19 93 0 0 0 0 0 0 91 48 0 0 56 0 0 0 0 0 0 0 0 12 0 0 0 55 0 0 0 36 0 0 0 0 5 0 0 0 0 37 0 0 0 0 0 0 0 0 0 0 0 23 0 0 0 0 0 0 63 0 0 0 0 0 0 0 0 0 68
0 0 0 0 0 0 0 0 0 75 0 0 0 0 0 0 0 0 0 0 0 0 0 0 0 0 0 0 0 76 17 0 0 0 0 0 0 0 39 0 0 0 0 0 0 0 0 0 24 15 0 0 36 0 0 0 0 0 49 0 50 70 8 0 34 0 0 0 0 52 0 11 0 0 0 0 0 0 0 24 0 62 16 0 4 0 93 0 0 0 0 59 0 0 0 0 0 31 48 0
0 0 0 0 0 0 0 0 0 0 25 0 0 0 0 0 0 77 0 0 0 0 0 0 88 0 0 0 98 0 0 0 0 0 13 0 0 0 0 0 0 99 75 0 0 0 0 0 0 87 0 0 0 0 11 0 72 0 0 0 0 77 0 2 0 0 0 0 34 0 0 0 0 0 0 0 0 0 0 0 0 0 0 0 0 0 0 0 0 0 19 0 56 0 14 0 0 15 82 10
0 0 0 0 0 49 0 52 0 0 0 48 8 0 0 0 0 0 0 0 0 0 0 36 0 0 0 0 0 0 59 0 0 0 24 27 0 82 91 0 0 0 0 0 0 0 0 0 0 0 0 0 0 0 0 0 0 98 0 0 55 0 54 0 0 0 0 0 0 56 28 0 0 2 18 15 0 0 0 0 66 0 0 75 0 0 25 10 0 0 0 0 55 0 41 0 0 37 68 0
0 0 0 0 0 0 0 0 75 0 0 0 62 55 0 0 46 0 0 0 0 0 0 0 99 0 0 0 72 0 0 0 0 0 0 52 0 0 45 0 0 0 0 0 96 0 0 10 0 0 0 0 0 70 0 0 0 0 0 0 0 97 0 0 0 18 0 82 0 0 0 0 0 0 37 71 0 0 0 0 0 0 0 0 13 0 0 0 0 23 0 83 0 86 0 0 0 3 0 0
8 0 0 0 0 0 0 46 0 0 0 0 0 0 0 49 0 75 0 0 0 78 0 0 0 0 65 0 13 25 0 0 0 0 0 82 97 0 0 0 0 60 0 98 0 0 0 0 30 0 0 0 22 0 0 0 0 0 0 0 0 0 38 0 0 0 3 35 0 30 0 0 21 0 0 0 0 0 0 0 0 0 19 0 40 0 0 0 0 0 0 36 27 2 0 0 45 0 0 0
0 40 0 8 24 46 0 0 27 62 0 46 0 0 0 0 0 0 0 0 0 0 0 0 19 0 2 0 0 49 0 0 48 0 0 0 0 0 0 0 0 0 0 80 0 0 0 0 17 0 10 0 0 0 44 0 0 0 95 0 0 0 87 0 54 0 0 25 2 0 0 0 37 0 0 0 0 0 0 0 93 49 56 19 0 0 0 0 0 0 0 0 0 0 0 0 0 100 0 0
0 0 0 82 0 0 0 0 36 0 22 0 0 0 0 0 0 0 10 0 0 87 0 0 80 0 0 0 44 0 0 0 0 94 85 0 0 0 0 0 20 46 0 59 97 0 0 60 0 7 0 0 7 72 0 0 0 0 0 0 0 0 0 0 65 35 0 0 0 0 0 0 0 82 0 0 0 58 0 46 0 0 0 0 0 0 0 20 0 0 0 46 0 77 0 6 0 88 0 0
0 33 0 0 0 0 0 70 0 0 0 0 0 0 0 0 0 0 0 0 5 0 0 0 44 10 0 0 0 0 0 0 17 0 0 50 0 0 0 0 0 0 0 46 18 0 0 0 0 0 49 0 0 0 0 0 73 72 0 0 0 0 47 0 0 0 0 0 0 0 0 0 0 0 0 85 0 12 0 9 42 0 54 0 0 0 0 4 0 52 0 0 0 0 0 0 0 13 0 1
24 0 0 0 0 0 0 0 0 39 63 0 0 0 0 0 0 0 0 0 0 0 0 0 0 0 89 19 65 0 0 0 0 37 0 0 22 0 0 0 97 88 0 61 0 0 50 0 17 0 50 0 0 0 0 64 0 0 0 17 0 0 0 0 0 0 0 0 0 0 0 0 21 0 0 0 0 0 0 25 0 0 0 0 0 0 0 0 0 0 47 0 0 0 8 0 0 0 0 10
0 0 0 0 0 0 5 0 0 76 0 0 72 0 0 0 0 0 83 0 0 64 0 71 0 38 0 0 94 0 0 0 100 0 0 0 0 0 0 19 93 0 0 0 92 0 0 0 0 0 0 0 0 0 0 96 0 0 0 0 70 0 0 85 0 0 0 0 0 0 20 21 0 98 0 0 0 0 0 0 0 0 0 89 88 0 46 0 42 0 0 0 0 0 86 0 0 67 25 34
0 0 0 0 0 10 78 0 0 0 0 14 79 0 0 0 0 0 0 0 0 0 0 0 0 0 0 0 0 0 3 0 0 0 0 52 0 60 0 0 0 0 0 0 54 79 0 28 66 0 0 23 41 0 0 32 0 0 72 0 0 0 0 0 89 0 0 0 0 61 0 0 0 0 0 0 0 79 0 96 0 78 0 0 0 0 0 0 0 0 0 0 0 0 35 48 0 0 0 0
0 0 0 0 0 65 18 0 0 0 82 0 69 0 0 0 0 0 0 74 0 0 27 0 0 0 44 0 0 27 0 0 0 0 0 0 0 42 0 0 0 5 0 83 0 0 0 0 0 0 0 35 0 0 0 0 0 0 0 0 0 0 0 61 0 0 0 0 0 39 0 0 0 0 0 0 0 0 4 0 0 58 0 0 0 12 0 0 0 0 0 0 0 0 0 0 0 0 38 0
0 0 0 0 0 33 0 0 0 40 0 0 0 0 0 83 0 0 0 0 0 0 0 99 0 0 0 0 0 0 0 0 0 0 0 0 25 0 0 0 0 0 47 0 25 76 0 0 0 0 0 0 0 0 0 39 0 0 0 49 0 18 0 0 0 0 79 0 0 0 0 0 0 54 0 0 0 0 0 0 0 0 0 0 0 0 0 0 71 0 0 0 0 0 0 80 0 0 0 0
0 0 13 0 0 0 3 0 0 0 0 0 0 67 87 0 0 0 0 0 0 0 0 50 23 0 0 41 93 23 0 0 0 81 0 0 0 0 0 0 0 7 24 39 0 0 0 0 0 0 26 0 0 0 23 0 0 0 100 0 8 0 0 0 0 0 0 83 0 0 0 67 0 0 0 63 55 0 0 0 0 35 0 0 0 0 48 0 0 0 0 0 25 0 0 0 79 0 0 0
56 85 0 0 0 40 0 0 0 0 0 0 0 0 0 0 0 0 0 0 0 0 0 0 25 0 0 0 70 0 87 67 0 0 0 54 0 0 0 0 0 0 0 0 0 0 0 78 0 0 0 0 0 0 0 81 0 0 0 0 12 0 0 33 76 0 0 0 0 0 85 0 0 0 0 0 0 40 0 0 0 0 82 0 0 91 19 0 0 11 0 0 64 0 0 0 0 0 0 75
0 0 0 0 0 0 92 0 0 0 22 0 0 23 0 71 0 53 0 0 0 0 0 0 19 0 15 0 0 97 91 0 38 0 63 0 0 0 0 85 0 0 80 0 91 0 0 3 0 0 44 55 0 0 82 0 30 0 0 0 0 0 92 0 30 0 23 0 1 0 11 35 0 0 99 0 0 0 0 0 0 47 0 0 0 0 83 0 97 0 0 0 86 0 0 0 0 0 0 0
0 0 61 0 0 100 0 83 0 0 0 15 46 0 80 0 0 0 0 0 0 0 0 0 0 0 0 0 85 5 0 0 70 65 7 59 0 0 35 51 0 0 0 0 0 0 56 85 0 0 0 0 0 88 0 0 0 0 0 0 37 0 0 98 94 0 66 61 0 50 0 0 0 0 0 0 0 58 4 0 13 92 0 0 0 0 0 23 0 0 0 89 0 93 0 61 0 0 56 0
78 0 0 24 8 0 1 0 0 0 42 0 0 0 0 39 0 0 93 51 0 0 0 0 0 0 5 0 0 0 0 76 0 0 90 0 0 59 0 0 0 0 70 0 48 63 69 0 0 0 0 0 0 54 87 0 0 0 0 0 0 0 0 0 0 0 0 0 0 0 0 0 37 41 77 0 0 0 0 0 0 0 0 77 0 95 99 0 73 70 0 60 0 59 0 0 0 0 0 4
0 0 0 0 0 0 0 99 0 62 63 0 0 36 0 0 0 89 0 0 0 0 0 0 0 0 0 0 0 0 10 0 28 0 66 33 0 0 0 20 0 0 0 60 0 0 0 57 0 21 0 0 0 0 0 0 0 0 0 0 0 99 0 3 17 0 14 0 0 0 0 53 0 0 88 50 0 0 0 57 0 0 0 88 0 0 0 63 0 0 0 0 0 17 0 0 20 0 0 41
0 0 0 0 0 29 81 0 0 72 0 0 90 0 20 0 0 0 0 0 0 0 0 34 0 0 0 0 0 0 0 0 0 0 0 0 29 0 0 0 94 0 22 3 0 43 6 0 0 31 0 0 0 0 0 27 0 0 0 0 0 0 0 0 0 97 0 0 0 0 0 100 0 0 0 0 0 0 0 0 36 0 0 54 84 0 0 0 0 0 0 93 0 80 62 0 0 0 0 0
0 0 0 0 0 0 0 0 0 0 0 0 65 0 0 0 0 92 0 21 37 56 0 0 0 0 0 0 0 0 0 0 89 0 24 0 82 0 0 48 0 100 13 0 0 80 67 0 0 0 0 0 0 0 0 0 0 0 0 0 0 0 0 59 0 0 21 0 0 0 77 0 0 0 62 0 0 98 0 0 0 0 71 0 0 0 0 0 29 18 0 0 0 0 81 0 0 0 0 0
0 0 0 0 0 0 0 0 31 44 0 0 0 90 0 0 64 0 59 0 87 0 0 15 0 0 0 73 0 0 0 0 0 0 0 15 0 0 0 0 90 0 38 0 0 0 0 0 0 0 88 58 96 0 30 0 88 92 0 0 0 10 0 44 0 0 0 0 0 0 0 0 11 37 0 0 0 0 0 0 90 0 0 94 0 0 0 69 0 100 0 89 71 0 0 100 0 11 0 0
0 0 0 31 78 0 0 0 0 0 66 0 0 0 0 0 23 0 0 40 0 0 0 18 0 0 0 33 0 0 0 0 0 62 78 3 0 0 0 0 0 0 0 38 6 0 0 0 5 0 0 0 0 0 0 0 0 0 75 0 0 0 84 0 0 0 0 0 0 7 0 0 0 0 0 4 0 37 0 31 0 0 0 46 0 0 0 0 85 82 0 0 0 0 0 0 0 0 0 0
0 0 0 0 0 0 0 48 0 100 0 55 0 0 91 0 0 0 0 0 0 58 0 0 0 0 0 0 0 0 0 0 2 0 0 54 26 76 0 0 0 0 0 0 0 96 0 0 0 0 0 0 0 21 77 0 0 54 87 0 0 0 0 0 39 52 0 0 94 0 96 0 0 0 0 0 0 7 0 0 0 86 0 97 0 0 0 0 0 0 86 0 0 0 0 48 83 0 0 0
0 54 0 0 0 0 0 0 0 0 39 0 0 0 0 0 0 0 0 83 0 0 0 0 0 0 0 0 0 0 0 0 36 35 0 68 0 0 0 96 85 0 0 13 0 0 0 0 97 0 64 0 0 0 0 0 0 0 0 0 0 0 0 0 94 0 0 0 0 0 0 0 0 0 0 0 0 0 86 0 0 0 0 6 5 0 56 0 0 0 8 34 19 96 0 0 0 0 0 8
0 94 6 0 0 0 0 0 0 0 76 0 0 0 0 21 0 0 0 33 0 0 0 0 19 0 0 0 19 0 0 20 0 0 61 0 0 0 27 0 0 0 0 0 0 0 69 41 0 47 0 0 0 0 45 0 0 0 58 0 0 0 0 0 0 0 0 0 0 0 0 0 0 0 1 0 0 0 0 11 49 26 0 0 0 0 0 0 0 6 0 0 0 2 0 0 0 0 0 0
0 0 0 0 0 0 0 0 0 0 0 30 0 0 0 0 80 2 10 0 0 4 0 0 58 0 0 81 0 0 0 0 0 0 84 0 0 0 83 75 0 0 0 0 96 11 0 75 0 0 80 0 0 0 10 36 0 0 0 0 0 0 0 0 0 93 0 0 0 0 0 0 0 49 0 30 0 0 0 0 0 0 0 54 0 0 0 0 0 0 0 0 84 0 0 0 0 86 24 0
0 4 0 0 0 89 0 0 0 0 0 0 0 0 0 0 0 0 0 11 0 0 0 0 0 0 0 0 0 0 0 0 0 36 0 18 0 0 0 0 0 0 0 0 33 0 0 0 31 0 0 0 0 55 0 53 0 69 0 0 45 0 62 30 0 0 0 0 0 93 83 0 0 0 0 0 0 0 0 0 70 0 0 0 0 0 0 0 0 0 17 0 21 0 23 0 37 0 0 0
40 0 0 0 0 0 69 0 0 0 75 0 0 0 0 0 0 0 52 0 77 51 59 0 0 18 94 0 17 0 0 89 0 0 11 0 0 0 0 0 0 10 48 0 0 0 0 17 15 20 0 0 0 0 36 0 0 0 100 41 0 0 58 0 0 0 49 57 0 0 63 0 0 0 0 0 0 0 0 20 40 0 0 0 0 0 0 0 0 0 56 0 0 0 0 0 0 54 32 0
0 77 0 0 0 0 0 0 0 21 0 87 21 70 17 0 56 0 0 0 0 32 30 0 0 0 85 0 86 0 0 0 0 0 0 0 0 0 57 0 83 0 0 0 0 70 0 0 0 86 0 0 0 0 0 0 0 0 0 0 0 0 0 55 0 38 0 0 31 93 0 0 0 35 67 0 0 0 0 0 0 0 0 0 0 0 0 0 0 51 0 0 0 0 0 0 75 0 0 0
64 0 0 9 0 0 0 0 0 0 0 0 0 0 0 0 0 0 0 0 0 0 51 0 57 0 0 0 35 0 0 0 0 0 0 0 92 0 87 45 0 0 0 0 0 0 57 95 0 0 0 0 0 0 55 0 48 0 0 86 0 0 0 86 0 0 38 43 0 0 29 0 0 0 0 0 0 0 0 0 30 0 0 0 0 93 0 0 0 0 0 0 0 0 0 0 0 0 0 0
0 54 17 0 0 0 0 0 0 0 0 0 0 0 0 0 0 0 0 0 82 0 0 0 73 0 0 0 0 0 0 0 0 28 0 0 42 0 0 0 0 0 0 0 0 0 0 0 0 0 0 36 0 64 0 0 43 0 88 0 43 100 0 0 0 87 0 33 0 0 0 71 0 55 67 0 0 0 0 0 0 38 0 0 0 0 99 0 0 0 0 0 0 0 0 0 53 0 0 0
0 0 0 0 0 0 0 0 5 0 0 14 0 0 28 0 0 35 0 0 3 0 0 0 0 0 0 77 0 25 0 0 0 0 0 0 0 0 0 0 0 0 57 0 0 0 67 99 0 12 0 0 0 0 0 0 5 0 0 0 0 0 0 0 59 0 0 0 0 0 0 0 0 0 0 0 0 0 0 0 57 0 87 0 95 0 70 0 0 0 69 0 0 0 0 60 0 47 0 0
0 0 0 23 0 0 0 0 70 0 3 0 0 53 0 0 72 14 0 0 0 9 0 76 0 0 14 17 0 0 57 0 0 0 85 0 0 0 0 78 0 0 0 0 0 0 0 0 65 0 24 0 0 0 0 0 0 0 95 0 0 43 55 0 0 0 0 0 0 0 0 0 0 0 0 80 58 0 38 0 0 0 0 20 0 0 0 41 22 63 0 0 0 0 0 0 0 57 0 0
0 0 0 0 0 0 0 0 0 3 0 92 0 0 0 0 0 0 0 0 0 100 0 38 0 0 0 0 0 17 25 0 0 0 96 0 0 0 0 14 0 0 76 0 0 29 0 0 49 42 0 0 62 0 54 0 0 0 0 0 0 0 0 0 0 0 0 0 0 0 62 0 15 42 69 83 0 0 0 14 0 22 0 0 0 74 73 0 8 0 0 0 0 0 0 0 0 0 0 0
0 0 0 78 0 0 0 0 0 0 0 0 0 0 0 95 0 0 0 0 0 0 0 96 0 34 0 0 0 23 0 0 0 9 0 0 0 0 0 0 0 0 0 0 0 0 0 38 0 0 0 0 0 0 76 48 0 0 0 0 0 0 0 22 12 0 0 0 38 50 0 0 0 0 68 51 0 43 0 44 0 61 0 0 0 0 0 54 0 92 0 63 0 0 0 0 0 0 1 98
0 0 22 0 0 36 90 26 0 0 10 0 23 0 48 0 59 0 0 0 9 0 95 0 0 0 0 0 0 15 0 0 0 0 0 44 0 0 9 0 0 0 0 0 0 0 0 54 64 0 0 0 0 0 82 0 0 0 31 0 0 0 0 0 0 21 0 0 0 0 0 0 0 0 0 0 0 0 98 0 40 0 75 0 0 0 0 0 59 0 0 0 92 0 0 0 0 0 0 71
0 34 0 0 0 0 0 36 0 91 0 0 1 0 0 20 0 0 0 0 0 0 0 0 0 0 0 0 46 0 0 5 87 0 12 0 0 0 0 0 0 0 73 0 0 0 0 0 25 0 0 0 0 85 0 0 7 0 0 0 0 36 0 35 0 0 44 90 0 0 0 65 0 0 0 0 93 0 0 0 0 0 0 15 0 30 0 0 0 17 0 15 45 64 11 0 0 11 48 0
0 17 0 0 0 0 0 0 20 65 0 0 0 47 0 0 0 0 0 29 2 0 0 9 0 8 15 0 0 0 0 32 0 0 69 84 0 23 0 0 0 0 0 0 0 0 0 0 0 95 0 18 34 0 0 7 0 0 0 62 0 0 0 19 81 33 0 0 0 0 0 0 0 0 25 78 0 0 84 1 0 59 0 0 0 0 0 0 0 0 0 0 0 0 0 0 12 0 0 13
27 21 0 68 0 91 0 21 0 0 0 0 0 49 0 64 0 0 91 0 0 18 0 0 0 0 0 0 0 0 0 0 0 0 98 0 0 62 0 0 0 31 2 0 0 0 0 51 35 79 66 0 0 0 6 0 0 34 0 0 0 45 0 0 0 0 59 0 75 0 0 66 0 47 93 0 0 0 0 0 55 22 0 5 84 0 70 0 0 25 0 0 27 0 0 91 0 0 0 0
81 52 9 71 0 39 0 81 0 0 0 30 8 0 40 0 0 0 0 95 59 3 74 0 0 0 0 0 0 0 97 0 0 0 0 0 30 0 0 0 0 0 91 65 0 24 0 0 0 0 0 0 0 0 34 71 0 0 50 0 0 28 0 0 0 0 0 0 42 45 62 95 0 0 31 0 44 0 43 0 0 65 0 0 0 73 78 0 0 0 0 27 0 0 0 95 0 29 0 0
0 0 0 0 0 0 95 0 0 0 0 0 0 0 0 0 92 80 0 0 3 39 0 0 34 61 59 0 0 0 0 67 67 0 0 0 42 0 0 0 0 0 0 0 0 0 0 0 0 0 0 0 0 0 0 0 17 0 0 0 44 0 0 0 50 0 0 0 0 44 0 0 7 0 88 0 0 0 3 46 0 0 0 0 0 0 0 0 0 24 0 0 0 0 0 0 0 0 16 0
0 0 0 0 0 0 0 0 61 0 23 0 0 0 15 0 78 0 0 0 95 42 0 40 0 0 0 0 0 0 83 0 0 0 0 0 0 0 14 10 27 0 99 0 0 0 0 45 0 0 0 0 16 0 58 0 23 70 0 0 0 35 0 0 0 0 0 0 0 26 0 0 0 0 0 0 0 0 57 76 0 0 0 0 0 0 0 0 0 56 0 0 0 0 0 0 0 0 0 0
0 62 0 0 70 0 0 0 0 65 0 0 0 0 0 0 0 0 0 0 0 94 0 40 0 0 0 78 76 0 0 0 0 0 0 0 0 0 0 53 0 0 98 38 0 0 0 0 0 0 0 0 0 0 69 0 0 0 0 0 0 0 0 0 0 35 0 0 11 75 0 23 0 0 0 0 0 47 53 69 0 0 0 32 0 0 0 0 0 0 0 5 0 0 0 0 0 0 0 23
0 18 20 0 50 0 0 0 0 77 48 0 0 93 0 0 0 0 0 0 19 0 0 0 23 0 0 31 16 0 0 0 0 15 0 0 59 0 0 34 0 15 0 0 72 0 0 0 0 0 38 0 0 0 0 0 61 0 0 11 0 46 0 67 0 27 0 0 51 22 0 32 0 0 0 0 0 0 7 0 0 0 8 0 0 0 33 0 0 68 0 0 67 0 0 0 0 0 0 0
0 0 0 51 0 22 0 4 0 0 0 99 0 0 0 7 0 0 0 0 58 66 65 0 0 0 0 68 0 0 0 18 64 0 55 0 95 93 0 0 97 64 0 0 25 0 0 0 0 0 0 0 0 92 0 18 0 0 25 21 20 0 0 0 0 0 0 0 64 0 0 0 0 0 0 18 0 9 0 0 0 0 0 0 79 0 0 30 0 0 0 0 0 0 21 47 0 0 3 0
0 0 33 0 0 46 70 0 0 0 24 0 0 0 0 0 18 33 0 0 60 79 42 0 51 0 0 80 67 0 99 0 0 0 38 0 0 0 16 0 0 0 19 0 30 0 0 0 0 69 0 0 0 0 0 62 0 34 0 0 0 0 0 0 0 0 0 0 39 0 0 67 0 0 0 0 0 81 0 0 0 0 0 13 0 0 0 99 0 0 0 0 0 0 0 0 0 31 0 0
0 82 0 0 96 0 0 84 43 0 33 0 97 0 0 0 0 0 0 12 0 68 74 0 0 84 0 31 0 0 0 2 0 83 58 0 0 0 0 0 0 95 87 31 0 0 0 0 0 13 0 0 0 0 0 0 83 0 0 0 0 0 0 0 0 0 47 0 0 0 0 0 63 0 0 0 42 0 0 0 66 0 0 53 0 0 0 0 0 22 0 0 0 0 0 0 0 0 0 0
58 97 0 0 0 0 0 0 0 0 31 0 0 0 0 0 0 0 0 0 0 57 0 10 9 0 0 0 0 0 0 0 0 0 0 0 52 0 44 0 91 0 0 0 0 0 0 0 0 0 0 0 0 63 0 0 0 0 0 0 0 0 0 0 0 0 0 0 0 64 0 0 0 0 52 0 0 39 0 0 35 0 54 0 0 0 0 0 0 95 0 0 24 0 25 0 0 0 34 0
0 0 0 0 0 0 0 0 0 88 42 0 0 0 0 0 0 0 31 96 0 0 0 59 0 0 0 74 0 0 0 0 0 0 35 16 0 72 0 77 53 0 0 0 17 20 0 1 40 0 0 3 94 45 0 0 0 0 0 0 0 0 0 0 0 88 0 0 100 0 0 0 0 75 0 0 0 76 0 0 0 51 0 69 57 0 0 0 0 0 0 0 6 0 0 0 0 23 9 0
0 0 0 0 38 0 0 0 32 98 98 0 0 0 0 0 0 90 0 67 0 17 0 0 0 0 38 0 41 0 25 0 0 0 0 50 0 0 79 0 0 0 0 4 77 0 0 54 0 0 0 0 0 0 0 0 0 0 0 0 0 0 81 0 0 56 0 89 0 0 0 0 53 0 0 0 6 0 0 0 0 12 0 0 0 0 35 53 0 36 0 93 52 0 0 0 0 24 0 0
68 0 0 0 48 89 0 0 45 0 0 0 0 0 37 0 0 0 0 26 27 11 0 0 0 0 0 0 0 0 0 0 0 0 0 0 22 0 0 82 0 0 0 0 0 4 0 8 0 0 96 0 0 0 0 0 0 19 0 0 0 0 0 0 0 0 0 0 0 0 0 0 0 94 0 0 0 0 0 0 0 0 0 0 79 0 90 10 0 0 66 88 0 0 0 55 0 0 0 0
0 85 78 0 0 0 14 0 14 41 18 0 51 81 0 47 0 0 0 0 0 0 0 0 0 39 0 0 0 0 47 0 0 0 0 0 0 0 0 0 0 53 0 0 0 0 0 0 32 0 0 0 0 0 43 0 0 34 45 0 0 62 0 0 0 0 41 0 0 0 0 0 0 0 0 0 0 0 0 5 0 33 0 0 0 0 0 0 0 0 0 0 0 22 86 0 78 0 11 28
0 0 0 0 0 0 0 0 0 0 25 0 0 0 0 0 0 0 0 6 0 0 0 76 0 80 0 61 5 0 0 0 0 0 48 0 0 29 19 6 0 51 0 0 0 82 0 0 0 26 0 98 78 0 0 76 0 0 0 0 0 0 49 75 0 71 24 0 0 0 0 0 0 9 0 0 88 0 87 0 0 0 0 0 0 0 1 0 28 0 67 0 0 0 0 0 0 2 0 0
74 79 51 0 8 0 0 0 9 11 54 0 0 12 0 0 35 0 0 0 0 0 82 28 0 53 0 80 0 0 0 18 0 0 66 0 0 0 100 11 46 0 0 0 32 0 0 0 0 0 97 0 0 0 0 0 55 0 0 99 0 0 0 0 17 0 30 18 0 0 0 58 0 13 0 20 0 0 0 0 0 0 0 0 93 0 0 0 0 0 0 0 0 0 0 0 0 0 0 90
0 72 0 0 0 22 0 22 0 0 62 72 0 0 0 72 0 0 0 0 1 5 0 0 100 0 0 63 0 0 0 87 0 0 0 0 0 0 5 0 0 0 49 0 0 0 0 92 0 0 0 41 0 0 0 0 0 0 0 0 0 0 0 0 0 0 0 0 0 0 0 95 0 0 81 0 26 0 85 0 0 0 0 48 0 0 0 0 0 0 0 0 0 0 0 0 0 51 0 9
51 17 0 0 0 0 16 0 0 28 0 0 0 65 0 55 7 0 0 0 0 0 51 0 0 0 0 0 0 0 0 0 0 0 0 0 4 0 0 0 38 0 11 0 52 0 0 0 0 53 0 13 0 0 0 0 0 0 0 39 0 0 52 0 14 20 0 9 0 0 0 0 59 0 0 0 57 94 4 0 0 0 0 0 0 90 0 0 0 18 95 39 97 0 92 0 0 33 0 0
0 82 0 0 0 82 0 0 0 25 0 52 0 0 45 0 0 0 0 34 0 78 34 0 0 73 0 0 0 0 0 98 0 0 0 0 68 0 0 5 0 0 7 0 0 100 69 0 0 25 0 0 97 0 0 58 0 0 0 0 0 80 0 0 0 0 0 0 0 0 0 0 0 1 64 52 0 0 0 0 0 0 0 0 0 0 0 0 0 0 0 0 22 0 0 0 0 0 0 0
0 0 0 0 0 0 0 0 58 0 2 24 0 0 0 0 0 0 0 0 42 0 0 0 0 6 0 31 0 3 0 0 0 7 71 0 0 0 0 46 0 70 0 60 0 0 0 0 0 90 0 0 0 0 0 0 82 0 0 90 23 0 0 0 0 0 0 0 75 0 0 0 0 0 0 0 0 70 90 0 37 0 59 0 0 0 0 96 0 0 0 68 0 0 0 0 0 0 0 0
0 0 0 0 8 96 0 75 0 0 0 0 68 0 99 0 0 80 0 97 0 0 0 0 49 0 0 0 0 0 0 0 0 0 27 0 0 47 51 0 38 0 0 0 0 67 0 55 0 0 0 0 0 0 0 0 0 46 68 0 0 15 0 0 0 0 0 0 0 46 0 0 0 0 4 0 0 0 0 4 16 0 14 0 0 0 65 43 80 0 0 0 11 0 46 79 49 0 0 46
91 0 0 0 0 0 88 0 77 0 0 0 0 7 0 0 0 0 0 0 0 0 76 75 0 0 67 0 59 0 0 0 58 0 68 0 0 0 5 0 9 44 0 5 0 0 0 0 30 0 0 69 0 0 0 0 0 0 0 0 0 0 0 0 0 0 0 0 42 0 0 82 0 0 0 93 0 0 0 67 92 35 92 0 0 64 0 0 0 95 0 0 0 0 0 0 0 0 0 0
0 0 0 0 0 0 0 0 0 88 0 0 89 0 0 0 0 0 0 0 0 0 73 0 0 0 0 0 0 18 0 0 5 0 0 0 54 59 0 0 0 56 81 0 0 0 0 0 30 0 0 0 93 0 0 0 0 0 0 0 98 0 57 65 47 0 0 0 0 0 0 0 0 0 0 0 2 34 13 0 75 0 0 0 0 30 0 12 0 0 0 0 0 44 0 30 0 0 0 14
72 38 0 0 0 0 86 36 0 0 58 0 0 0 83 0 0 0 0 0 53 51 0 66 0 0 0 0 0 41 0 0 0 0 0 42 0 27 5 0 0 97 0 31 0 0 0 52 0 0 0 0 74 0 0 0 10 0 85 0 0 0 0 0 25 39 0 0 88 0 23 58 0 69 0 0 0 0 7 0 0 0 0 0 71 0 0 87 0 0 0 0 52 42 90 0 0 0 14 0
0 87 0 0 0 0 0 0 73 0 14 0 3 0 0 0 0 0 0 0 0 0 0 40 0 54 72 0 30 0 0 89 0 0 0 0 0 37 0 0 0 0 0 0 0 45 0 0 0 1 0 42 10 0 0 0 0 0 34 0 0 0 0 0 0 0 0 8 21 10 0 0 81 69 0 8 0 26 15 0 0 92 0 0 0 0 0 0 0 0 0 0 0 0 0 0 0 0 0 44
0 0 0 0 33 0 0 0 0 0 0 52 0 0 12 0 0 0 0 0 0 0 0 68 0 0 0 0 0 0 0 0 32 0 0 0 12 0 28 0 0 0 5 42 0 0 51 95 0 96 0 0 10 0 0 0 0 0 0 0 80 0 0 0 0 74 0 0 0 0 0 0 14 0 0 0 70 29 0 0 79 0 0 0 13 0 0 85 0 0 9 0 0 74 32 0 0 0 0 0
48 60 0 0 96 61 0 0 0 0 0 0 0 95 0 0 0 0 0 98 0 0 0 0 43 0 0 40 0 0 0 0 0 0 0 88 0 0 76 0 0 0 0 0 0 0 0 88 0 96 0 0 0 0 0 0 0 0 0 0 0 0 0 0 0 0 0 0 14 0 73 0 0 0 0 0 0 0 0 0 0 0 0 0 0 0 31 25 0 9 0 47 0 0 0 0 9 0 0 78
0 0 0 0 0 93 0 0 0 0 0 0 0 6 0 0 0 0 0 0 65 0 58 0 0 0 16 46 47 14 0 0 0 0 0 0 0 0 0 0 0 91 0 0 0 0 0 0 73 88 0 0 0 0 0 0 0 0 0 97 0 0 0 0 0 0 68 0 33 60 18 0 0 0 0 39 18 0 45 0 0 1 0 90 95 4 16 0 0 18 0 0 46 0 0 35 0 42 0 0
58 0 0 0 0 0 14 86 0 0 79 0 0 0 0 100 49 0 48 0 0 0 0 0 0 0 0 76 0 77 0 0 0 9 0 0 55 0 0 0 0 74 0 0 96 0 0 0 83 0 0 83 0 55 0 0 20 0 99 0 0 0 0 62 76 0 0 0 60 0 5 0 0 0 0 0 0 0 0 0 0 66 23 0 0 0 0 0 0 0 98 0 0 0 0 0 0 0 0 0
0 0 10 84 0 5 3 82 0 0 9 0 0 0 75 74 0 58 0 0 40 0 0 0 34 90 0 0 0 0 0 0 0 0 75 0 0 1 0 0 71 0 0 0 0 0 69 0 0 75 0 0 100 98 0 0 0 15 0 0 14 0 0 0 0 95 0 0 0 0 0 0 87 0 0 0 0 33 0 0 0 0 14 0 0 0 0 0 0 0 98 0 0 0 72 0 0 0 0 0
0 0 0 0 0 0 61 0 0 28 0 5 0 67 0 0 0 0 0 0 0 0 90 0 0 0 21 0 0 0 77 0 41 0 5 0 0 0 0 0 0 26 59 0 0 0 0 73 0 0 3 0 0 0 0 0 0 0 72 0 61 20 0 0 0 0 0 0 0 0 19 0 0 0 0 0 0 0 9 0 75 0 0 16 0 38 0 0 0 0 0 7 87 0 0 55 0 0 11 0
0 0 0 66 0 0 0 0 0 0 0 0 0 0 0 72 0 79 74 0 88 0 0 0 0 13 88 65 0 74 0 0 0 0 0 62 0 0 0 0 0 22 0 0 0 0 0 0 0 0 0 0 0 0 81 0 49 0 0 25 0 21 0 0 44 53 0 0 0 0 0 0 71 0 0 49 64 0 0 0 0 0 0 0 0 65 0 0 87 0 55 0 4 0 0 8 78 0 0 76
0 0 0 0 0 0 0 0 0 0 0 76 0 0 0 0 0 0 0 75 0 0 0 0 39 0 40 0 95 0 0 64 4 0 29 91 0 0 0 0 50 0 0 0 0 1 0 0 0 10 0 0 0 0 0 86 95 0 0 0 0 0 0 0 0 0 55 0 0 0 0 0 0 0 53 0 62 0 0 0 45 0 45 72 0 0 0 23 0 0 24 0 0 0 0 0 5 0 78 0
0 8 0 0 0 0 0 85 29 0 84 0 0 0 0 0 0 0 0 0 0 43 46 34 0 0 0 0 0 0 27 27 0 0 0 41 0 50 0 0 72 0 39 0 0 0 0 0 17 47 0 0 0 0 0 0 0 0 0 34 80 0 32 0 40 75 0 41 0 0 0 0 0 0 58 0 0 0 66 0 0 85 19 0 0 0 76 0 0 52 0 0 52 0 0 0 93 0 0 37
0 11 0 89 0 0 95 0 0 39 82 0 0 0 0 0 0 0 0 31 28 0 0 0 0 50 0 0 0 26 0 0 0 0 0 81 0 0 0 2 0 0 0 0 0 0 0 68 0 0 0 83 0 0 0 0 0 0 0 0 0 0 14 0 0 0 0 0 24 0 0 0 0 43 0 0 0 0 0 0 0 0 0 0 0 0 0 14 0 0 0 0 46 0 0 0 0 0 0 0
0 0 69 0 0 49 0 0 0 77 0 0 0 0 89 38 0 0 21 0 0 29 85 21 0 42 0 0 0 46 0 92 94 3 0 0 0 0 0 7 0 41 0 0 0 0 94 30 4 0 0 0 0 0 0 0 0 0 0 0 0 0 81 76 0 0 0 0 0 40 0 0 0 0 0 75 0 0 0 0 34 0 0 0 36 0 0 0 0 0 0 0 0 0 0 0 19 0 0 0
0 0 0 0 51 0 0 0 0 0 48 0 0 19 0 0 0 0 32 0 22 12 0 36 99 0 87 0 20 0 0 0 20 0 0 0 98 26 0 0 0 0 0 0 13 0 98 0 0 0 0 0 0 0 92 0 0 0 0 8 0 31 0 21 0 0 0 38 41 0 84 33 3 0 21 0 0 0 0 63 0 0 0 0 38 0 0 0 32 26 0 0 0 95 0 0 0 57 0 0
0 0 0 70 0 0 0 0 84 0 0 0 0 0 67 79 0 0 22 0 0 0 0 0 0 3 0 14 83 0 0 0 0 0 0 0 0 0 0 0 0 0 0 0 0 0 0 0 0 10 2 0 0 39 0 44 0 0 36 0 0 95 47 0 0 22 0 0 0 0 0 0 0 0 0 0 24 85 0 0 0 0 0 0 0 0 0 0 0 0 0 11 0 0 66 38 0 0 0 0
0 0 0 0 0 0 0 0 0 0 0 0 0 0 0 0 47 96 0 0 22 0 0 16 0 0 0 0 0 0 0 0 0 0 0 0 0 0 0 0 0 0 0 6 0 96 0 0 0 0 0 40 24 94 88 0 0 0 0 0 0 0 0 0 0 0 0 0 69 0 0 0 26 0 0 7 0 0 65 0 25 0 0 0 0 0 62 0 79 48 0 0 66 0 0 0 0 79 0 0
0 0 31 0 0 0 0 0 87 0 0 8 0 15 68 0 0 0 51 0 51 92 0 0 0 0 43 0 0 0 0 0 0 0 82 0 0 92 0 0 0 0 0 0 0 0 0 76 92 15 0 28 0 0 64 0 0 0 0 0 50 0 0 57 54 0 0 0 0 0 0 0 66 0 36 0 0 0 52 24 0 0 0 95 0 0 82 0 0 85 0 0 10 41 0 0 19 0 0 33
96 87 0 93 0 0 0 98 0 0 28 0 0 0 0 0 0 0 0 7 53 0 7 0 0 0 0 0 0 0 45 0 0 0 0 0 0 0 0 0 0 0 0 0 0 0 0 0 0 35 0 0 1 0 0 0 0 0 62 0 0 88 0 43 0 0 0 99 0 0 82 0 28 0 94 0 30 79 0 0 0 0 0 0 87 0 0 0 0 0 0 0 0 0 26 0 0 44 56 0
0 0 0 31 0 0 0 0 0 0 51 0 0 0 0 97 81 0 0 0 0 0 0 0 0 0 85 0 0 0 59 0 0 0 0 36 0 0 0 0 0 0 0 0 0 0 0 0 90 0 0 65 42 0 45 0 0 0 23 0 0 0 0 0 0 0 0 0 0 0 6 0 0 0 72 0 0 0 0 40 0 0 17 0 85 16 0 0 0 96 0 0 0 0 81 0 0 0 0 39
0 0 0 94 82 75 18 0 0 0 0 37 0 0 0 0 0 3 0 37 0 0 0 0 0 0 0 0 50 0 97 44 0 76 0 0 0 13 0 26 0 0 0 93 0 33 0 31 59 0 0 0 16 0 0 0 0 0 0 97 0 0 67 0 0 94 0 0 83 33 67 0 0 0 0 0 0 0 55 0 98 98 32 50 0 70 0 54 0 0 95 0 0 0 0 0 0 75 0 48
0 0 0 93 12 65 0 0 20 0 35 58 0 0 0 51 0 0 0 0 24 0 0 0 41 0 66 0 0 67 0 0 0 0 0 5 86 0 0 0 0 0 0 0 0 0 25 0 0 0 0 78 19 53 85 24 0 0 0 0 0 0 0 34 0 0 67 0 31 0 0 0 0 0 67 0 0 0 0 0 0 0 0 13 0 47 0 0 0 0 0 0 52 69 53 0 0 0 0 0
0 0 0 0 0 0 0 0 41 0 0 0 0 0 0 0 0 0 0 0 0 0 0 21 0 0 0 0 0 9 3 0 0 0 0 78 0 0 54 0 0 0 0 0 0 52 0 0 51 0 0 0 0 20 0 0 0 0 0 67 0 0 0 0 0 0 82 0 0 2 0 0 0 0 0 0 0 0 0 100 66 0 0 0 0 27 62 0 18 0 0 0 98 0 85 0 0 0 0 0
0 0 21 0 52 0 0 0 0 46 0 0 0 0 20 0 0 0 0 0 0 0 0 0 32 0 0 0 0 88 20 10 0 49 0 6 0 0 0 0 21 0 97 36 56 0 0 0 0 0 0 22 0 0 29 0 0 84 0 24 0 0 0 0 79 0 0 0 0 0 0 0 22 0 0 0 0 54 0 97 0 0 100 0 0 0 0 0 0 0 0 0 100 0 0 0 0 0 45 18
28 57 0 0 0 0 0 0 1 0 59 0 0 40 0 13 0 0 0 0 0 57 0 0 0 44 0 0 0 0 73 0 0 0 0 0 56 0 0 0 0 0 0 0 0 0 0 0 0 0 49 0 74 0 0 0 0 0 0 0 0 95 0 0 0 23 4 0 78 68 0 0 0 0 47 0 0 0 0 86 0 0 0 71 0 0 0 0 0 0 0 0 0 0 65 0 5 4 76 0
0 0 0 0 5 68 0 0 0 18 0 87 55 25 0 5 0 0 0 79 0 45 11 0 0 0 0 77 0 0 0 0 89 66 29 0 0 0 0 0 0 0 0 23 0 0 0 0 0 0 0 86 0 0 0 0 0 0 0 0 0 19 4 0 0 0 48 0 0 0 19 0 0 0 0 64 0 53 73 0 0 66 44 0 70 0 0 0 0 55 61 0 0 0 0 79 0 27 0 0
0 0 0 70 0 0 0 0 0 6 0 0 92 0 46 0 0 0 0 0 0 0 0 0 0 0 0 0 88 28 0 0 0 0 0 0 0 0 0 0 0 0 0 12 0 0 0 97 0 0 0 0 0 0 0 0 0 0 0 0 21 0 0 60 0 51 0 0 67 0 19 0 0 0 0 0 81 0 0 0 84 0 0 37 0 16 0 0 0 4 0 0 0 0 0 0 0 0 0 0
0 0 71 0 0 0 0 0 0 0 73 0 0 0 100 0 0 86 0 0 0 0 0 24 0 0 0 0 97 3 0 53 0 88 51 0 0 0 0 0 0 41 0 0 39 58 3 64 38 93 0 0 0 0 0 95 0 0 0 0 88 0 0 0 0 0 0 12 0 0 0 55 36 0 89 0 0 0 0 0 85 0 0 34 0 28 0 0 0 0 0 0 0 47 39 0 0 0 0 28
0 28 0 0 0 0 0 0 0 0 37 0 93 0 11 0 0 0 0 0 0 0 40 0 39 0 52 79 0 0 0 0 56 77 0 0 0 90 0 0 61 49 0 0 2 0 0 0 0 0 0 0 0 0 0 0 0 0 0 0 0 48 49 19 83 0 0 54 0 0 73 0 0 0 0 0 0 0 0 0 23 67 0 0 0 32 49 0 65 0 0 0 0 0 0 95 0 87 0 0
0 0 20 22 0 0 76 0 0 6 0 0 36 0 98 0 0 0 0 0 0 14 0 0 0 0 0 0 0 0 0 0 18 0 0 0 0 88 0 85 0 0 65 0 0 0 0 0 0 88 0 0 92 0 0 0 0 0 0 0 0 0 0 36 0 0 0 0 0 15 0 0 0 0 65 0 44 18 0 0 0 0 0 0 0 0 0 0 0 0 81 0 0 92 0 0 0 0 0 0
3 0 53 0 70 57 0 19 49 0 0 30 0 0 0 0 0 0 21 73 0 28 0 36 29 0 63 0 48 0 0 6 0 0 0 0 72 0 0 0 0 0 2 0 0 0 0 0 0 51 0 0 0 0 0 73 0 0 0 0 0 97 0 0 0 0 0 0 0 0 0 0 33 15 0 0 0 35 0 61 0 0 0 0 0 0 2 0 0 0 3 0 0 0 47 0 0 0 0 0
0 0 17 0 35 0 66 0 0 0 0 0 21 0 0 0 88 0 12 0 0 80 0 0 20 0 0 0 67 0 19 0 0 0 0 0 0 0 0 0 0 0 0 0 0 0 0 0 0 0 0 0 0 0 0 0 0 63 0 0 0 23 0 0 69 0 0 0 0 0 1 0 72 0 0 0 0 0 16 0 100 0 0 0 100 0 0 0 0 97 2 0 0 62 0 0 3 0 78 0