100
0 0 0 0 0 0 0 0 0 0 0 0 0 0 0 15 0 0 0 60 0 64 0 100 0 0 0 0 0 0 40 0 0 0 0 0 0 52 0 18 0 0 40 6 0 0 0 0 0 94 0 0 0 23 0 0 0 0 0 0 0 89 0 0 0 3 0 0 100 0 0 0 0 2 0 0 0 0 0 0 0 0 97 0 0 47 61 0 0 0 0 55 49 96 0 0 0 0 0 0
0 0 96 0 0 0 0 0 0 0 0 0 0 89 99 0 0 0 0 0 0 0 0 33 0 0 60 0 44 0 0 81 21 99 93 0 0 0 0 0 75 0 0 0 0 0 0 0 50 14 81 71 0 59 0 31 0 0 58 0 0 57 0 0 48 60 51 0 0 0 0 40 0 0 0 0 74 32 0 0 28 55 0 90 0 35 46 0 0 0 0 0 0 0 0 0 0 0 0 0
0 0 0 19 0 0 80 0 15 0 87 0 0 39 0 0 86 87 0 49 0 33 0 13 0 0 0 100 0 0 0 0 0 23 0 0 53 0 0 0 0 0 0 0 0 0 0 0 0 0 0 0 0 0 0 19 0 0 0 0 55 98 0 0 63 0 44 0 98 0 48 0 0 0 76 0 0 0 0 0 0 0 0 8 0 2 89 0 0 0 0 0 0 0 0 0 0 0 0 62
0 0 0 0 84 0 0 72 0 0 100 0 44 0 0 84 6 0 0 0 77 0 0 0 0 0 0 0 0 60 0 78 0 54 0 0 0 0 0 0 35 0 89 0 0 0 0 0 0 56 0 0 0 0 0 0 40 0 0 0 0 0 0 0 0 0 46 0 0 60 0 0 0 0 0 0 0 100 99 0 0 85 65 0 0 25 0 41 0 10 0 0 0 0 99 0 0 0 0 0
0 0 0 0 0 0 47 0 0 0 0 0 0 0 69 0 59 63 46 0 0 0 0 26 0 0 0 0 9 0 0 0 0 0 0 0 0 0 0 86 48 72 15 0 0 0 0 0 0 0 0 0 11 94 0 0 66 0 0 0 0 0 53 0 0 0 0 0 0 32 0 22 0 0 0 43 44 0 0 0 70 0 73 66 0 7 45 0 0 0 95 0 0 0 0 0 0 0 0 0
0 0 3 34 29 0 9 45 0 61 44 54 0 0 0 0 0 0 0 0 0 0 12 0 0 96 66 0 89 0 39 0 0 89 0 0 0 11 0 0 0 82 0 0 98 32 0 0 0 0 0 0 0 0 99 0 68 0 0 23 100 0 0 86 75 66 76 0 0 0 0 0 0 69 0 0 0 0 0 0 42 0 0 0 0 0 0 59 0 0 0 0 0 52 0 0 0 0 0 0
0 57 0 16 0 96 0 0 0 80 0 19 0 0 0 59 0 0 12 0 25 0 0 0 0 0 0 78 0 0 0 0 0 0 4 5 57 0 0 32 0 0 0 99 0 0 0 0 0 0 0 32 0 0 100 90 0 70 0 0 35 0 0 48 0 0 0 0 34 21 0 0 0 36 0 0 0 95 0 0 0 0 0 0 20 0 0 96 0 0 0 0 26 0 0 92 0 40 0 0
0 0 0 0 0 0 0 0 0 0 0 0 0 3 0 74 0 74 39 91 0 0 0 0 33 62 0 0 0 44 0 0 0 0 70 0 0 0 29 0 58 0 0 0 21 0 0 96 0 0 0 19 62 0 84 0 0 0 29 0 0 49 0 63 0 0 0 42 0 0 0 46 31 40 0 34 0 0 0 0 0 0 0 65 89 30 0 0 56 0 0 0 0 100 0 13 0 35 0 0
0 67 0 0 0 0 0 0 0 0 0 0 88 0 0 25 0 0 0 0 0 0 55 46 20 88 0 30 0 0 0 0 0 10 0 0 0 0 0 49 0 0 57 0 29 0 0 95 0 95 70 0 0 0 0 0 0 0 0 84 0 91 0 0 0 0 0 0 0 68 0 24 0 0 0 0 0 61 58 0 0 0 0 0 0 0 99 0 0 0 0 0 0 41 0 0 0 0 0 0
0 55 0 0 0 0 0 0 0 0 0 0 0 0 0 0 0 52 0 55 7 0 54 0 88 0 0 0 0 0 0 0 0 0 68 0 0 56 0 14 68 90 0 0 0 0 0 0 0 9 12 48 0 67 0 0 0 0 0 0 0 0 0 10 0 0 44 0 0 55 0 0 0 0 28 0 0 0 71 0 0 0 0 0 1 0 0 0 0 0 11 0 0 0 0 74 46 71 40 10
0 0 2 43 0 0 0 0 0 0 0 0 0 0 73 0 0 0 85 0 0 0 0 51 0 0 0 0 0 0 98 0 0 0 0 0 20 0 0 0 0 0 0 0 0 0 29 0 61 64 0 0 0 73 69 20 0 6 0 90 0 0 0 62 46 0 22 12 0 0 0 0 0 45 38 0 0 71 0 0 0 0 0 40 0 0 97 0 0 54 0 0 0 0 0 62 0 0 27 69
0 0 0 0 60 70 0 64 0 0 0 0 8 0 0 0 0 0 0 0 0 0 14 0 0 93 0 0 22 0 70 0 0 0 29 0 0 0 56 0 0 0 0 0 0 0 0 0 0 0 0 0 0 0 65 0 0 75 90 56 2 8 0 0 0 0 0 0 0 0 0 0 0 0 0 0 8 0 18 0 0 0 0 73 0 0 0 0 0 0 74 0 0 0 0 0 0 0 0 29
17 72 0 0 0 0 0 0 0 58 0 0 0 0 0 0 75 0 93 0 74 0 0 72 0 25 0 0 0 0 99 0 0 0 0 0 0 0 0 0 0 51 0 0 0 0 0 0 0 89 0 21 0 0 0 0 0 0 0 0 0 0 0 83 95 0 0 0 29 0 0 0 0 0 0 0 93 0 0 0 37 0 47 0 41 4 0 0 0 29 0 0 21 0 0 0 0 18 0 0
0 50 0 0 0 92 0 0 71 0 65 0 0 0 51 0 0 0 94 0 0 0 0 0 0 69 0 0 0 0 89 0 0 29 0 0 100 69 0 0 0 0 0 0 0 0 0 0 0 0 53 0 75 68 0 0 0 66 0 28 0 0 0 0 70 0 0 0 66 87 0 70 0 0 0 0 0 0 0 11 85 39 0 0 0 0 0 0 0 0 0 68 69 0 0 71 0 0 0 0
0 0 0 22 0 0 0 0 0 0 34 0 0 0 0 0 0 82 0 0 81 0 0 0 54 65 2 54 66 0 0 95 0 0 0 0 0 38 0 0 0 0 0 53 86 0 62 79 0 0 0 0 0 0 0 0 57 0 26 0 0 0 0 0 0 0 0 0 0 0 22 90 0 0 3 0 0 0 0 0 53 0 0 0 0 0 38 61 0 0 0 0 39 0 0 0 0 0 0 0
0 0 0 0 0 79 0 0 0 0 0 0 0 0 0 0 0 88 0 52 0 0 0 86 91 0 0 16 0 0 0 13 0 0 0 0 0 67 51 0 0 0 0 0 0 13 0 0 0 0 0 0 9 0 0 0 0 0 0 0 8 87 0 0 10 55 37 0 7 0 0 0 0 0 0 0 0 0 0 0 67 0 0 27 0 58 0 0 0 0 0 0 0 0 0 0 0 34 0 43
71 41 0 0 0 72 0 0 0 0 0 68 0 83 0 0 0 32 68 0 0 0 0 0 0 0 0 13 0 0 0 11 0 0 62 0 0 37 0 0 0 0 0 91 0 0 0 0 0 0 0 0 0 0 0 0 0 0 28 0 0 0 38 0 0 22 0 0 87 25 7 0 0 0 0 0 79 47 0 0 0 0 44 0 50 0 0 0 0 0 0 65 0 43 0 0 0 0 25 79
0 26 0 0 0 0 0 25 0 0 0 65 0 24 0 27 93 0 0 0 0 0 0 0 0 0 0 0 0 0 0 28 0 0 60 44 0 50 0 0 1 91 0 0 0 0 0 0 0 0 91 0 0 0 72 0 0 90 0 0 32 0 0 0 67 0 0 0 0 0 0 0 0 0 69 60 0 0 0 0 0 0 0 0 54 0 0 50 0 16 0 0 0 0 0 0 0 24 0 0
0 0 0 0 0 0 0 85 0 0 95 0 0 0 54 0 0 73 0 0 0 0 0 0 2 11 0 0 0 0 0 44 0 69 45 0 0 0 0 0 0 0 0 43 0 0 0 60 0 0 0 54 0 0 0 31 0 0 0 0 0 0 0 68 0 0 0 26 19 0 0 0 72 41 0 0 100 23 98 53 89 0 0 0 79 0 80 32 19 97 88 0 0 0 74 0 0 0 0 99
0 0 0 0 0 0 12 86 19 0 0 0 0 0 0 22 37 32 65 0 0 64 3 7 0 0 0 0 24 0 41 0 0 0 61 0 0 0 0 0 0 0 50 0 0 0 0 0 0 0 0 0 0 7 89 0 0 0 0 0 53 0 0 0 0 0 0 0 0 0 0 60 0 61 0 32 66 0 0 0 0 0 0 0 0 4 65 0 20 0 0 59 0 0 0 0 0 0 0 0
0 0 0 0 0 4 0 0 0 0 72 39 39 28 0 0 0 0 0 0 0 27 0 0 0 0 0 2 73 0 0 49 0 66 0 0 65 28 0 0 0 0 13 0 0 0 81 0 0 100 12 0 0 0 49 0 37 0 0 0 63 0 0 94 0 0 0 0 64 0 0 0 0 0 0 0 0 0 0 0 0 16 0 0 0 0 0 0 0 0 0 0 0 0 0 0 0 0 49 0
0 0 0 0 0 66 0 64 0 0 0 2 0 0 91 0 31 0 0 84 14 0 0 0 0 0 0 51 0 0 0 0 0 0 0 0 0 0 0 13 0 0 0 0 0 3 0 0 73 0 37 85 0 0 0 0 0 0 0 0 0 0 0 0 51 0 0 0 58 0 0 10 0 0 0 0 0 0 0 0 0 0 27 0 0 0 0 73 0 0 0 0 0 0 81 0 17 0 72 0
0 0 0 0 74 0 57 58 0 1 0 0 0 0 79 0 0 0 0 0 0 0 0 23 0 0 69 58 0 0 0 3 0 0 0 0 12 0 0 0 0 0 0 73 0 0 0 0 0 0 0 0 22 0 0 35 0 0 0 0 77 0 57 0 41 0 0 0 84 34 0 0 0 69 0 0 0 0 0 0 9 0 24 0 93 0 0 0 0 0 0 0 0 0 94 0 0 0 0 3
0 0 0 0 0 12 0 0 0 0 34 6 0 0 0 0 0 0 33 0 0 0 0 0 0 0 0 0 0 0 0 24 0 0 0 0 0 0 0 14 44 0 0 69 0 0 0 0 0 0 0 0 76 0 0 0 0 0 9 37 0 0 0 0 0 0 34 0 88 0 0 47 26 0 0 1 32 0 0 0 95 39 0 0 0 46 0 0 51 0 0 0 38 62 0 71 0 77 0 0
4 0 0 0 0 0 0 0 0 89 0 12 0 0 54 0 0 0 0 0 0 0 0 0 0 11 0 0 69 0 0 25 23 0 0 0 0 0 0 82 0 0 0 0 14 0 3 12 0 0 0 56 0 0 2 0 0 50 0 0 0 15 0 39 0 0 0 0 0 0 0 41 0 0 10 87 0 0 0 86 0 0 22 0 0 73 0 0 0 0 0 42 65 52 0 0 0 99 0 52
0 0 13 0 0 0 0 0 92 0 0 0 0 0 5 0 0 0 87 47 18 63 0 0 78 0 94 0 38 44 11 0 93 0 0 0 0 0 0 94 61 0 0 0 0 0 0 0 0 0 0 71 0 28 0 16 0 0 0 0 84 0 0 0 0 0 0 0 69 0 0 33 0 0 0 0 0 0 29 0 0 0 0 0 9 67 0 31 0 35 0 0 26 0 0 0 0 0 0 0
0 0 60 0 0 26 0 0 0 0 0 77 0 0 0 88 0 14 50 0 0 70 0 0 80 0 0 0 0 0 0 34 0 0 12 0 0 0 0 96 29 49 0 0 0 0 0 0 0 0 0 0 0 72 0 55 0 0 0 84 0 91 98 0 0 0 0 0 0 0 0 0 0 0 0 0 71 0 0 0 0 0 0 0 51 0 0 0 0 0 0 98 0 0 0 0 0 63 40 0
0 0 0 0 84 0 99 74 0 43 0 0 0 0 0 60 0 0 0 0 0 0 70 0 0 0 0 0 0 68 0 0 0 0 0 0 0 25 98 0 0 0 0 0 0 0 0 0 0 0 0 0 0 0 0 0 0 67 88 0 88 0 0 0 0 0 13 0 1 70 0 0 0 0 24 85 0 0 0 0 6 0 0 0 37 0 0 0 0 0 0 0 19 0 0 0 0 0 0 21
0 0 0 0 0 0 77 0 98 0 0 0 0 0 0 0 0 0 0 0 70 75 1 0 0 0 0 0 0 0 70 0 0 19 0 0 0 0 0 0 0 0 0 0 0 0 0 0 0 0 0 0 0 80 75 0 0 0 0 0 0 0 0 0 83 0 10 0 0 0 14 0 0 96 0 0 56 0 0 0 35 0 0 44 0 0 0 0 84 0 0 7 53 0 0 0 0 0 83 0
84 0 53 0 0 0 0 0 0 0 42 0 59 0 0 0 0 0 0 0 0 79 32 0 0 0 0 0 0 0 0 0 0 0 0 0 0 0 0 0 0 95 0 0 97 0 0 47 0 0 0 0 0 0 0 0 0 0 23 0 0 0 46 0 0 11 0 0 0 0 0 0 64 0 0 0 0 0 0 0 86 0 0 19 97 78 0 83 0 0 0 19 0 0 0 0 0 94 0 0
0 0 0 96 0 0 0 0 0 0 0 0 0 0 0 0 94 0 0 0 0 0 0 0 0 0 0 100 0 0 0 0 0 3 0 0 0 0 0 100 0 0 96 71 86 0 0 0 0 17 0 29 0 0 0 62 0 79 0 0 0 72 47 0 0 0 0 19 0 0 0 0 0 0 0 77 0 0 0 0 0 0 15 0 56 61 0 62 21 0 0 0 45 6 0 0 0 92 39 0
2 61 0 0 0 38 0 0 0 0 0 0 0 0 0 0 0 2 0 0 0 0 66 0 0 0 0 0 98 24 0 0 0 0 36 0 0 0 0 38 18 0 43 0 0 0 0 0 0 0 0 0 0 38 99 42 0 0 63 0 11 0 0 0 49 0 0 0 15 0 34 0 40 0 0 0 0 69 0 87 0 0 0 80 67 70 0 0 0 0 84 0 0 0 0 0 0 6 0 0
0 0 0 0 75 0 58 0 0 0 0 90 39 0 0 0 0 0 0 0 39 81 0 0 29 0 89 0 13 0 0 38 0 52 0 0 9 0 36 0 0 0 0 21 0 0 0 0 68 0 36 0 0 0 95 0 91 20 90 0 0 52 0 0 0 0 0 15 0 0 0 0 0 0 0 0 0 25 17 0 0 0 0 78 0 91 0 18 0 0 0 0 0 0 31 36 0 60 0 0
0 0 0 0 80 0 0 0 0 0 9 0 0 68 0 0 0 0 0 17 0 0 0 0 0 0 44 0 0 77 38 0 0 0 49 0 0 0 0 0 0 0 0 45 0 0 0 0 37 0 36 0 0 0 0 0 0 0 84 0 0 0 0 0 0 0 0 0 94 13 0 0 0 28 0 0 0 0 0 19 0 33 0 0 0 0 53 22 0 0 0 0 51 45 0 0 67 0 0 0
0 0 0 0 0 48 0 0 0 0 0 0 43 0 34 0 0 0 0 0 0 0 0 0 0 0 16 0 0 0 0 73 33 0 0 0 0 42 0 0 0 0 0 0 0 0 0 0 0 0 0 0 0 0 0 0 0 95 58 0 25 0 31 0 0 0 0 0 0 0 0 0 0 0 0 0 0 0 0 0 0 0 0 0 0 0 0 0 0 0 0 0 18 0 0 0 75 0 0 37
0 0 0 0 0 97 91 0 0 0 0 63 0 24 0 0 0 75 0 0 0 40 0 0 0 26 0 0 0 0 0 0 0 0 0 0 17 0 0 0 0 0 65 0 0 71 97 0 0 0 0 0 0 24 0 0 0 0 44 0 0 0 0 0 0 0 0 96 82 84 3 63 0 0 1 0 0 0 45 0 0 0 0 0 0 0 36 85 0 0 0 0 0 11 0 0 0 0 10 0
0 0 0 0 79 0 0 0 32 0 0 0 0 76 0 0 0 95 0 0 0 0 0 0 0 0 0 0 0 59 0 0 19 0 0 0 0 89 0 0 0 78 0 0 0 0 88 0 0 0 0 0 0 0 0 37 61 0 0 62 0 29 0 0 0 0 63 0 0 0 0 0 0 0 0 0 0 0 0 0 0 0 0 0 0 52 0 0 0 0 0 0 0 0 32 47 0 0 0 90
0 0 0 0 0 0 0 0 0 0 0 0 91 0 11 37 0 0 73 0 0 0 0 21 0 32 0 0 0 0 0 0 75 0 47 82 0 0 0 0 0 0 43 0 0 94 0 0 57 0 0 28 0 0 0 0 0 0 29 48 0 0 0 0 0 9 40 0 0 0 63 14 0 0 86 0 0 0 0 0 0 9 68 81 0 0 14 0 62 0 0 0 0 0 0 25 0 0 0 20
22 63 0 0 0 0 0 0 37 0 0 0 4 0 0 0 9 0 48 0 0 21 0 17 81 0 0 0 0 0 0 0 0 53 0 73 0 46 0 0 89 0 0 0 0 0 0 0 0 0 0 0 0 94 28 0 71 49 0 0 0 97 0 0 19 35 0 0 0 0 42 0 0 0 0 88 8 0 0 0 0 0 0 1 0 57 0 0 58 0 0 0 0 0 0 0 0 52 0 0
0 0 10 0 0 0 97 0 0 0 0 0 0 0 32 0 0 75 0 96 0 0 0 31 51 0 94 0 0 5 0 0 20 0 0 56 47 0 0 0 11 0 0 0 0 18 91 0 0 0 0 0 0 0 8 100 51 66 83 40 0 54 0 94 17 69 1 0 0 68 0 0 0 0 0 0 0 0 0 0 0 0 0 0 0 26 93 0 0 98 0 85 0 0 0 0 0 35 82 0
0 0 0 85 0 1 0 0 0 0 90 0 0 0 0 0 79 0 0 0 88 0 71 0 1 0 38 51 0 0 0 0 0 21 0 0 0 7 8 0 0 0 75 0 0 0 0 0 0 83 0 0 0 0 29 0 0 0 0 0 41 0 0 0 0 0 28 0 46 0 0 0 37 15 73 0 21 0 0 0 23 45 12 16 0 78 0 0 0 0 0 65 0 0 61 46 0 84 0 0
0 0 0 0 0 0 82 0 0 94 0 0 0 0 0 0 0 33 0 9 0 27 0 0 0 0 94 0 0 0 0 14 0 0 0 0 62 0 61 0 0 0 0 19 0 67 0 0 0 56 24 41 8 93 0 36 0 0 0 0 0 27 70 0 48 0 0 0 0 0 0 0 0 0 0 0 0 0 0 0 0 0 65 0 0 0 19 0 99 63 14 0 0 0 0 0 68 40 0 0
30 0 0 0 0 0 0 84 0 0 46 0 0 0 0 0 0 0 0 0 0 0 66 91 31 0 0 0 0 0 98 71 54 0 0 0 0 0 0 0 60 0 0 0 0 0 0 0 0 92 0 0 0 0 0 0 60 0 45 0 60 7 0 0 0 0 74 41 0 0 67 5 0 0 0 0 0 0 0 0 0 0 0 88 0 51 16 0 0 0 0 91 0 0 0 0 0 0 0 0
0 0 0 0 16 36 0 0 0 0 0 0 0 35 0 0 0 0 10 0 0 9 0 0 0 93 0 27 0 0 93 0 0 0 0 0 58 0 40 0 0 47 0 0 0 0 0 0 60 36 0 0 0 28 0 0 0 0 7 0 21 0 0 0 0 0 0 0 96 70 41 0 0 0 7 0 0 0 0 0 0 0 88 0 0 46 0 0 0 0 0 0 0 24 0 0 0 91 0 0
0 0 0 95 0 99 0 0 77 0 0 0 49 0 0 0 72 48 0 0 0 15 0 59 0 42 0 0 0 0 0 85 0 0 0 0 0 0 50 62 0 43 0 0 0 0 24 63 0 0 0 0 0 0 0 0 81 0 11 33 0 14 0 0 0 42 0 0 0 0 0 94 0 0 0 0 0 53 0 7 0 0 0 0 0 62 0 0 0 0 0 0 0 0 0 0 0 0 0 69
0 0 0 68 0 0 0 60 0 0 0 0 0 44 0 0 0 0 98 0 0 0 0 0 83 0 0 0 0 0 70 0 0 0 0 0 0 0 98 0 95 37 0 0 0 0 0 0 0 0 0 46 63 0 0 0 0 0 0 0 81 0 0 0 0 0 0 32 0 0 0 0 0 0 33 0 0 0 0 0 0 0 0 0 0 89 0 91 18 0 0 0 0 18 27 0 0 87 0 0
0 0 0 0 0 0 0 43 0 0 0 88 0 64 0 94 0 0 44 5 85 62 0 0 0 0 0 0 26 0 85 75 0 0 0 0 73 0 0 0 0 0 0 0 63 0 0 0 0 0 0 0 100 0 39 78 0 0 0 0 0 0 0 0 0 0 0 0 0 0 0 0 0 0 0 0 0 60 0 0 0 10 0 73 0 0 0 0 0 0 75 0 0 50 0 0 25 0 0 25
0 79 0 0 0 96 0 92 0 35 0 93 0 0 0 46 0 0 0 0 0 46 0 0 0 0 0 0 0 0 59 0 0 14 0 88 0 0 0 80 0 0 0 0 0 0 69 0 27 0 0 0 0 0 0 0 14 0 0 91 87 0 0 21 0 0 0 0 0 0 0 0 0 0 0 0 0 0 0 10 0 0 87 0 95 0 0 0 0 97 38 0 90 0 0 0 0 0 29 91
81 0 0 0 63 0 0 6 89 0 0 0 0 0 0 0 0 0 0 54 0 24 0 0 0 0 0 59 0 0 53 0 89 68 49 0 0 0 0 0 0 0 0 69 0 0 58 0 0 0 0 0 0 0 0 0 0 0 8 0 0 69 0 0 82 0 56 0 77 0 44 0 27 0 0 0 0 57 0 0 0 0 98 0 0 13 0 81 0 62 18 35 0 0 0 33 0 89 0 0
0 0 0 91 0 52 0 0 0 0 0 0 0 0 0 21 0 22 0 0 77 0 0 0 16 0 0 0 0 0 62 0 0 0 0 0 0 69 19 0 46 42 67 0 13 0 63 0 0 0 85 0 0 55 0 0 0 0 0 0 0 44 95 0 76 0 0 44 0 0 88 79 88 0 0 0 27 0 0 0 0 78 53 0 0 0 0 0 0 0 0 0 0 0 20 0 0 0 67 0
0 0 0 0 0 20 0 24 85 8 0 18 0 97 0 0 22 0 0 46 0 0 0 79 0 0 0 0 0 0 83 0 0 0 0 88 0 0 6 46 0 0 32 0 0 0 19 0 0 0 0 0 0 0 0 0 0 0 83 0 0 8 0 0 0 0 0 0 29 58 0 4 0 0 0 0 0 68 0 25 0 0 0 0 81 0 0 0 0 76 0 0 86 0 0 0 0 0 0 0
0 0 0 0 55 0 0 0 0 0 30 58 0 0 0 0 0 0 0 0 0 60 0 21 0 0 0 0 0 0 0 0 44 0 6 0 0 55 0 0 0 0 0 0 0 22 0 34 25 98 0 0 39 0 0 0 0 0 62 66 0 0 0 48 0 0 0 0 58 0 75 78 0 50 0 0 0 0 36 61 63 0 0 0 0 0 0 0 53 0 53 0 42 0 0 0 0 55 0 74
0 66 19 91 0 0 0 0 0 0 0 73 0 49 0 0 0 0 0 0 95 0 0 0 0 0 75 0 0 55 0 75 0 0 0 44 0 0 5 0 0 74 0 28 0 0 0 0 0 0 22 0 0 0 0 0 95 0 0 40 0 0 0 0 24 0 0 0 0 0 0 0 0 0 0 0 0 0 0 0 0 0 0 0 0 0 78 0 88 0 0 0 0 0 46 0 6 0 64 0
91 73 0 0 0 0 0 62 0 14 0 36 53 0 38 0 0 23 0 0 0 0 79 0 0 32 85 0 0 0 0 0 60 0 36 0 0 0 17 0 0 0 56 0 0 0 0 11 0 0 0 0 0 0 84 0 0 0 0 0 0 0 0 0 77 0 0 79 20 0 0 0 0 0 0 51 0 0 0 0 0 0 0 26 0 0 0 0 0 0 0 0 0 0 0 0 94 19 0 0
0 0 0 0 38 0 0 0 0 0 0 0 0 0 0 0 0 0 0 89 0 0 44 0 32 0 0 0 0 0 15 0 0 72 0 2 0 0 46 73 0 0 26 0 0 0 0 0 0 0 0 0 0 0 0 0 22 17 0 0 0 88 0 0 0 0 0 0 0 0 0 95 90 54 0 0 0 0 0 0 0 0 0 0 0 0 0 0 0 6 0 0 0 0 0 0 0 64 0 9
0 0 0 0 0 0 0 0 96 0 0 0 0 0 91 0 0 0 67 0 60 0 75 0 0 0 0 83 0 0 0 0 0 55 0 83 0 0 0 35 0 0 13 0 0 0 0 76 86 0 0 0 1 5 0 0 21 0 0 0 0 0 0 0 0 0 0 44 0 0 0 44 0 0 0 0 0 0 0 0 0 18 0 0 1 0 0 0 6 72 0 0 0 0 0 0 0 0 31 0
94 53 0 0 0 0 0 54 0 0 0 0 0 0 12 0 0 21 0 34 48 0 0 0 9 0 0 0 0 0 77 0 0 0 0 0 58 0 75 0 24 0 0 67 97 54 0 0 0 0 0 0 13 0 0 11 0 60 0 0 0 0 0 0 0 0 0 0 0 84 88 0 0 10 0 21 0 0 21 7 0 0 0 57 8 18 68 0 0 0 0 0 0 54 79 0 0 95 15 5
0 44 0 0 0 0 71 0 0 56 0 0 61 0 0 0 0 0 0 0 0 0 0 0 0 0 83 0 0 0 87 0 29 25 0 0 0 44 0 0 0 0 0 0 26 0 0 0 76 0 0 19 0 53 2 13 0 0 0 38 0 0 33 31 47 0 74 0 0 100 12 0 8 6 0 1 0 0 0 0 0 92 71 40 0 0 0 0 0 78 0 0 0 0 0 68 0 0 0 33
0 0 5 0 0 0 0 0 0 67 0 75 31 0 38 0 0 0 0 0 56 35 0 0 0 0 0 4 0 22 0 0 5 75 0 17 0 79 0 0 0 0 96 0 0 0 0 0 0 0 0 60 0 0 0 0 0 0 0 0 10 75 0 0 0 0 0 62 17 0 32 0 0 0 0 35 0 0 0 0 0 58 90 43 100 0 81 0 0 0 95 0 0 0 0 0 0 0 0 0
0 62 0 0 0 9 0 0 12 0 0 0 51 0 0 0 0 0 0 0 0 0 0 0 0 0 15 0 67 0 0 0 0 87 0 0 0 0 0 0 0 0 31 0 0 0 49 0 0 0 0 0 0 95 0 6 0 0 0 0 0 0 55 15 0 0 38 0 0 0 11 0 0 0 0 0 0 0 45 0 0 0 0 52 59 0 0 0 0 0 82 0 96 0 0 0 0 59 0 0
0 0 0 0 0 0 0 0 0 0 58 0 82 0 0 0 0 67 0 0 99 32 0 0 0 0 0 13 0 0 0 0 0 0 88 0 91 0 0 29 36 0 0 0 0 34 2 0 0 0 40 27 9 99 0 45 0 0 0 0 0 0 0 0 0 0 0 0 0 0 15 0 0 0 0 90 27 0 24 62 0 0 0 0 0 0 0 83 29 0 0 0 0 9 0 70 51 0 0 75
0 0 0 0 87 0 0 0 50 0 0 0 79 0 0 0 58 0 0 0 0 0 0 0 81 0 0 0 0 23 63 0 35 0 90 41 0 56 0 0 0 0 0 0 19 0 0 0 0 72 89 0 0 0 0 2 20 0 0 0 0 0 0 0 0 0 0 0 0 0 0 0 16 0 0 0 0 0 0 0 46 0 0 53 9 0 0 95 6 0 22 0 0 0 98 0 0 0 0 24
65 1 0 0 100 0 0 0 52 0 0 5 81 0 0 0 0 0 64 0 0 0 0 0 0 0 91 0 0 71 85 93 0 0 0 0 0 0 43 64 0 0 0 0 14 0 0 0 0 0 83 0 0 0 0 0 0 0 0 0 0 67 0 0 56 0 0 0 84 52 44 0 0 0 91 0 0 0 24 0 0 0 0 0 93 0 0 0 10 0 0 0 0 0 0 0 0 64 0 76
0 6 0 0 9 58 47 75 0 44 18 35 0 0 0 72 37 0 0 0 0 42 10 0 0 0 0 0 0 0 0 0 0 0 36 0 0 0 49 13 0 0 0 77 0 0 0 0 0 0 44 0 0 0 0 0 0 0 34 68 29 0 0 0 0 0 0 0 0 0 0 71 0 0 0 0 0 0 0 0 0 0 77 68 0 0 0 0 6 17 0 0 0 0 0 0 0 0 0 0
0 97 0 0 0 0 0 27 93 0 17 0 0 36 0 0 0 0 0 0 46 0 0 0 0 0 0 0 97 34 54 0 0 0 0 0 0 0 56 81 51 0 0 0 44 0 0 0 0 0 0 0 46 0 0 0 0 32 0 29 0 0 0 0 0 0 0 0 0 0 26 0 0 99 0 0 0 20 85 0 0 0 0 0 0 96 0 0 0 0 0 61 0 0 0 12 6 0 47 0
0 48 40 0 0 15 0 0 0 37 0 0 96 43 0 89 49 63 40 0 74 0 0 0 0 0 6 66 0 2 0 0 14 0 0 0 0 0 0 0 0 0 0 0 8 24 69 0 0 0 0 0 67 0 0 0 0 0 0 0 0 0 0 0 0 0 0 0 0 0 0 0 0 92 0 0 0 64 0 0 0 0 0 0 0 0 0 0 15 0 56 0 0 20 0 35 0 0 0 0
0 89 47 0 0 44 0 0 8 95 0 0 82 0 0 0 74 0 0 50 0 13 0 0 0 0 83 0 0 0 0 0 0 0 0 0 0 0 36 41 0 76 0 0 37 0 0 0 0 83 18 6 18 0 0 0 0 0 0 99 0 0 0 0 0 0 0 82 67 0 0 0 0 0 0 0 56 0 0 0 99 0 69 0 0 0 0 0 0 0 0 26 0 0 0 50 0 0 85 0
0 0 16 43 0 88 0 0 0 86 0 43 86 0 95 11 0 0 0 11 0 64 0 83 0 15 78 0 95 70 0 57 0 0 0 0 0 2 0 0 0 0 0 0 0 88 0 0 0 0 0 0 37 38 0 0 0 0 0 0 71 0 0 26 0 0 0 0 0 0 0 23 0 0 0 66 42 85 33 0 0 0 11 0 70 0 0 0 36 77 0 0 19 0 0 25 0 0 0 80
97 0 45 0 0 80 0 0 0 42 0 0 0 0 0 55 0 80 0 0 0 0 0 0 0 0 0 43 0 6 76 51 11 74 0 0 0 0 0 0 0 0 0 0 28 0 0 0 0 22 0 0 0 0 0 0 0 0 0 0 0 0 52 0 0 0 0 0 0 0 0 0 0 0 0 0 0 48 60 0 0 0 0 0 0 0 0 74 65 1 0 0 0 0 0 63 70 24 0 78
0 0 0 34 0 0 0 0 0 0 0 0 0 0 0 0 42 0 0 0 0 0 0 0 0 68 55 0 18 0 40 0 0 0 0 10 58 0 0 0 0 0 0 0 0 0 0 0 0 0 0 41 0 15 0 0 0 0 0 0 32 0 0 0 52 7 0 79 0 0 32 0 30 0 49 0 0 0 0 0 0 94 94 0 19 10 0 0 0 0 0 0 0 13 0 59 0 0 0 0
40 0 0 0 0 0 0 0 0 0 0 59 1 0 77 0 0 38 0 0 0 0 0 0 0 0 0 66 0 0 0 0 67 0 30 0 75 0 85 0 61 0 0 70 33 0 0 16 0 0 0 50 0 31 0 0 0 18 5 0 0 0 46 0 0 0 68 0 41 0 0 0 70 0 0 0 89 0 0 0 0 97 0 0 0 0 0 0 0 0 12 0 33 0 0 0 46 0 0 79
0 44 0 0 0 0 0 0 0 67 0 76 0 0 0 0 0 58 0 70 0 0 0 78 0 33 0 70 0 0 61 24 73 44 0 0 0 87 0 0 0 15 0 75 0 0 61 0 0 0 0 0 0 0 0 10 31 73 0 0 0 0 0 0 0 0 0 40 82 0 0 0 0 0 0 71 0 0 0 0 9 88 0 45 37 33 0 59 0 0 0 0 0 78 61 0 0 42 0 0
0 5 0 0 0 0 57 0 0 46 0 0 0 0 0 0 0 0 0 0 66 0 0 0 0 0 0 0 0 0 58 0 0 0 49 0 0 0 0 0 0 0 0 91 0 74 0 0 0 0 0 61 88 0 0 0 0 10 0 4 0 0 0 0 0 0 89 0 0 0 0 0 0 0 34 0 0 40 8 0 0 0 46 0 0 0 0 0 0 0 0 0 0 41 0 0 0 0 0 0
0 0 0 0 0 0 0 0 0 90 0 0 0 0 0 0 0 0 27 54 0 0 0 65 0 0 0 0 0 0 0 0 0 0 0 0 0 0 0 0 0 0 0 30 0 0 0 0 0 0 0 0 0 45 0 0 0 41 0 0 0 0 0 0 0 0 0 0 0 0 0 0 0 0 39 0 0 0 0 0 0 0 93 0 34 0 0 0 0 24 50 0 33 90 75 0 76 4 0 0
0 0 0 0 0 0 77 0 0 47 10 0 0 0 0 0 0 0 0 0 0 52 0 0 0 0 0 0 0 0 27 0 0 0 0 0 1 0 0 70 90 0 0 0 0 0 0 0 4 0 0 0 0 63 0 3 0 0 0 0 67 97 32 87 0 35 0 0 0 0 83 51 0 0 0 0 0 0 83 0 54 0 0 17 0 0 65 95 0 0 0 0 0 0 0 0 0 0 0 61
0 0 36 0 0 34 0 0 0 67 0 0 97 23 0 97 20 99 0 0 85 0 0 0 0 0 28 0 0 0 50 0 0 0 0 0 0 0 0 0 0 0 0 0 0 0 0 0 0 0 0 0 0 0 25 0 0 0 0 0 0 0 0 22 0 0 0 0 51 0 0 0 0 0 0 0 0 0 0 0 7 72 83 26 99 35 0 0 0 0 0 32 0 95 0 0 0 0 63 0
0 0 0 14 0 71 0 0 0 0 40 0 13 0 0 0 0 0 0 0 0 0 0 0 0 0 0 13 0 57 0 0 57 53 23 0 44 0 0 0 0 0 0 0 0 70 0 86 0 0 0 0 34 0 65 0 0 31 0 0 0 0 91 0 25 0 80 0 0 13 0 0 0 0 0 0 0 0 74 0 0 0 0 0 46 0 37 56 0 97 0 0 71 0 77 0 0 0 0 0
0 0 0 16 0 60 0 0 64 0 0 0 0 0 0 0 0 0 0 61 0 0 0 0 0 0 80 58 8 0 0 0 0 83 40 0 0 17 0 0 0 64 0 0 46 0 90 0 0 0 71 0 0 0 0 24 0 0 0 40 99 0 0 78 0 0 12 80 7 0 0 0 38 0 0 0 0 0 0 0 53 0 0 0 0 0 0 0 0 0 0 0 0 0 18 0 0 75 0 84
0 0 0 0 0 0 0 86 0 0 0 0 0 0 0 0 0 0 0 0 0 0 0 0 36 83 0 81 0 0 0 0 0 0 0 0 27 0 0 58 0 6 0 0 0 0 0 0 0 67 0 0 0 0 0 0 63 0 0 10 0 0 0 0 18 0 0 56 0 0 81 0 0 0 0 0 0 0 0 0 0 0 0 0 34 0 0 42 0 0 0 94 0 0 0 0 0 0 0 0
0 0 0 0 0 0 0 0 0 0 0 0 0 0 0 0 60 0 0 0 36 0 0 0 39 0 0 64 48 0 56 0 0 0 30 0 0 0 77 81 0 0 1 0 0 0 0 70 0 28 0 0 94 0 0 0 0 0 14 0 75 0 0 0 94 31 23 0 14 0 0 0 24 17 0 0 0 0 0 0 0 0 0 0 0 0 0 78 0 0 0 86 0 0 0 0 0 0 0 0
0 0 0 62 0 0 88 0 74 0 0 0 0 80 0 0 0 0 0 0 0 0 0 0 0 69 0 0 48 13 0 0 0 0 0 0 11 0 0 0 0 0 0 0 0 61 0 0 0 71 0 0 0 0 0 5 0 0 0 0 0 70 0 31 0 29 81 41 0 94 0 0 0 0 0 25 0 0 0 27 0 0 90 0 0 0 54 93 69 78 52 0 100 22 98 14 39 0 94 51
26 0 0 0 0 0 0 85 0 80 0 92 0 0 0 95 0 0 0 0 0 0 0 1 0 0 48 0 0 0 0 0 0 0 0 0 0 93 0 43 9 0 0 0 0 0 0 0 0 4 0 0 0 6 0 0 40 0 0 0 0 0 0 0 0 72 0 0 0 72 0 0 95 0 0 10 73 0 0 0 0 0 81 0 0 0 0 3 0 0 0 0 0 0 0 0 0 0 0 95
0 0 0 57 60 0 33 13 0 0 49 25 12 0 13 49 0 0 0 57 60 16 0 0 0 89 0 0 0 0 0 0 0 74 0 0 1 0 1 10 53 31 0 0 0 0 0 0 0 0 0 0 29 0 0 0 0 0 47 59 31 0 90 62 0 0 0 0 0 0 0 80 13 0 0 0 0 0 0 0 0 0 0 0 0 0 0 0 0 0 73 0 93 0 72 0 0 0 96 0
0 0 0 0 0 0 0 0 0 0 0 0 0 0 24 31 74 27 0 0 0 98 0 0 0 0 0 0 0 0 0 0 0 0 0 0 97 0 0 0 0 0 0 0 78 16 0 0 0 0 0 0 0 74 71 0 0 53 0 0 0 0 0 74 0 0 0 0 0 0 0 0 69 0 45 96 0 0 78 0 0 0 0 0 0 0 0 0 0 20 76 0 0 0 0 0 0 0 0 0
0 50 0 0 0 93 0 0 0 20 0 0 78 0 8 0 67 0 0 40 0 0 0 0 0 70 0 0 0 99 0 0 0 0 0 0 0 0 0 0 0 67 60 0 42 0 0 0 0 0 0 0 0 0 0 0 0 0 0 0 35 0 48 59 0 0 16 0 0 0 0 0 0 0 0 0 0 0 0 0 0 0 0 0 0 0 0 0 0 4 0 89 0 0 0 0 0 84 23 0
0 0 0 0 0 0 16 0 0 48 35 0 0 0 0 0 0 0 0 0 0 44 0 75 15 0 0 0 0 72 0 0 3 0 11 0 0 0 0 43 61 49 0 34 0 0 0 57 85 0 78 0 77 0 0 36 0 62 0 0 0 0 0 0 0 0 0 0 0 0 87 90 25 54 0 0 0 63 0 10 0 0 0 0 0 0 0 25 0 33 0 0 100 0 0 0 0 0 0 0
0 80 51 0 28 22 13 38 0 0 2 0 89 51 0 29 12 0 0 0 36 0 33 0 18 0 87 0 53 0 0 24 0 0 0 0 91 0 0 0 0 0 0 0 94 0 0 0 0 0 45 0 0 0 0 12 0 0 0 0 0 0 0 0 0 0 0 0 0 0 0 56 0 0 0 69 8 97 0 0 0 0 0 0 0 79 0 0 0 69 21 0 0 0 25 63 0 0 0 68
0 0 0 0 76 0 0 0 0 0 0 0 32 0 0 0 0 0 42 0 0 0 0 0 0 0 0 90 0 0 7 0 0 63 54 0 60 11 0 0 0 92 0 0 0 89 0 0 0 0 0 0 17 0 0 0 0 74 0 57 0 0 0 0 0 0 0 0 54 0 0 49 0 0 5 0 0 0 4 0 0 0 0 0 0 0 0 0 0 3 0 0 0 0 0 0 82 0 0 75
0 13 0 49 76 0 0 44 0 74 0 0 4 0 0 0 0 0 0 0 0 47 26 0 0 0 16 0 0 0 0 58 0 0 0 0 0 0 59 50 54 0 0 0 0 6 0 0 0 0 0 59 0 20 57 0 0 0 67 94 16 0 0 0 0 0 0 0 0 0 0 95 36 99 53 0 0 0 74 0 33 0 0 0 0 32 0 0 0 0 0 35 0 0 0 31 64 30 0 0
42 29 0 0 83 0 0 0 0 5 0 83 0 19 0 0 70 0 0 93 0 0 0 0 0 0 0 0 0 66 0 0 0 12 0 0 0 0 0 0 85 0 0 0 0 49 0 0 0 0 0 0 6 0 18 28 0 0 0 47 0 0 0 56 0 0 0 0 25 2 0 0 0 0 0 0 0 0 0 0 0 0 18 0 26 0 34 0 0 0 0 0 37 0 0 0 0 0 24 0
0 0 89 0 0 1 0 0 0 75 48 0 0 0 0 28 0 0 0 0 0 0 0 0 0 0 0 0 0 0 0 0 0 0 0 0 0 0 0 0 93 0 0 35 0 0 0 34 0 0 0 63 0 0 0 0 0 0 0 0 76 0 0 1 0 0 0 68 0 0 0 0 0 79 0 0 0 0 42 0 0 0 62 0 0 0 0 0 0 0 0 52 0 0 0 0 0 0 0 0
0 0 0 0 17 0 0 27 0 0 0 49 0 0 0 0 0 21 62 27 0 7 53 0 0 31 0 0 78 32 0 0 0 0 0 0 0 0 0 0 0 0 95 8 3 0 0 44 96 0 21 20 0 0 65 0 0 64 0 0 0 0 0 0 99 0 0 74 0 0 0 0 0 8 0 85 0 0 0 0 0 0 0 0 25 0 0 0 0 0 53 0 0 0 0 0 14 0 0 70
45 98 0 0 0 0 12 23 0 0 0 0 0 0 0 0 36 0 0 0 0 0 0 0 92 0 0 0 65 0 0 0 60 0 0 0 0 85 36 0 0 0 0 0 0 0 0 0 0 0 0 0 0 0 17 24 0 0 0 0 82 51 0 0 0 52 0 0 0 0 0 0 0 0 0 0 0 0 0 0 63 65 76 0 0 0 0 0 0 3 0 28 0 0 0 0 0 0 39 0
52 9 0 0 0 0 41 0 0 0 0 0 0 79 0 100 0 62 33 0 74 0 40 0 0 0 0 0 0 0 0 0 0 0 0 67 0 0 0 0 0 0 0 0 0 0 0 0 0 0 0 0 0 0 0 0 0 8 81 0 20 0 0 56 1 0 0 63 0 0 0 0 0 50 24 0 0 96 56 0 0 0 0 0 0 0 0 0 0 0 0 0 35 0 0 0 0 57 0 0
0 60 0 0 0 0 80 0 0 0 0 0 45 52 0 0 0 0 0 0 61 0 0 0 57 0 0 20 70 0 0 0 0 0 0 31 0 0 0 0 0 56 0 62 12 44 0 0 0 0 0 0 0 0 75 0 83 0 0 0 0 0 0 0 45 0 0 0 69 0 0 42 0 20 0 0 0 0 0 0 0 0 0 0 0 48 0 0 0 0 9 0 0 0 0 0 0 0 0 45
0 0 0 0 46 0 0 98 0 0 0 0 19 96 0 0 0 0 0 0 0 0 65 0 0 9 0 0 5 0 0 34 0 0 0 0 0 0 63 0 0 0 0 0 0 0 0 77 0 0 0 0 0 0 0 9 50 0 0 99 0 88 0 0 0 0 0 0 0 24 0 0 0 0 76 0 0 0 86 0 0 0 0 0 0 0 65 0 15 61 0 61 0 0 89 0 64 66 0 0
0 0 0 0 0 0 0 0 0 0 54 0 0 78 0 38 0 0 0 0 0 0 0 0 0 13 0 0 4 0 0 0 0 42 0 0 16 99 0 18 0 0 0 0 0 54 52 0 0 0 0 6 0 0 0 0 84 0 0 0 0 0 0 0 0 0 0 0 0 0 0 0 0 0 24 0 61 0 0 44 0 0 19 0 0 0 0 66 0 0 0 35 0 0 0 0 0 0 0 0
88 0 71 0 0 0 0 0 0 0 0 0 0 0 72 0 0 95 0 0 0 82 0 0 0 0 0 0 0 0 0 86 0 0 0 0 0 0 12 30 0 67 0 0 0 0 0 0 71 0 99 15 0 0 36 0 0 47 14 0 0 0 0 63 0 0 0 0 0 0 0 0 0 0 54 0 66 0 0 0 59 0 0 0 0 80 0 0 91 0 0 78 0 52 0 0 0 0 1 0
0 0 0 0 0 58 0 0 0 0 61 0 4 0 0 15 76 0 0 96 56 0 0 0 0 27 0 0 0 0 18 0 0 62 0 0 0 0 0 0 0 0 58 0 0 0 0 0 0 6 0 0 19 0 92 87 16 0 0 0 0 0 0 0 0 1 6 0 0 35 0 0 44 79 94 0 0 0 0 0 0 0 0 0 0 0 0 0 0 0 0 0 69 0 0 0 0 13 0 34
0 0 96 0 0 63 10 62 0 29 0 0 0 0 0 0 75 0 0 0 0 0 58 0 87 0 0 0 0 0 0 35 0 0 9 0 0 0 21 0 0 61 0 0 0 0 89 0 0 10 0 0 55 0 0 0 0 0 0 0 0 0 0 34 0 0 0 0 0 0 0 0 0 0 10 62 0 0 0 88 0 56 0 0 0 93 0 0 0 0 0 0 0 0 0 0 38 87 0 0
0 0 0 0 0 0 0 0 0 0 0 0 0 0 0 29 0 0 0 95 0 7 0 24 0 0 0 0 0 0 97 0 0 0 0 0 0 100 0 54 0 0 32 87 0 0 0 0 0 90 0 0 0 52 0 0 0 0 0 0 0 29 0 0 0 72 0 0 28 0 0 0 0 70 0 0 0 0 0 0 0 0 42 0 0 76 20 0 0 0 0 99 78 72 0 0 0 0 0 0
0 0 47 0 0 0 0 0 0 0 0 0 0 65 37 0 0 0 0 0 0 0 0 33 0 0 21 0 64 0 0 29 19 81 89 0 0 0 0 0 69 0 0 0 0 0 0 0 94 93 35 31 0 46 0 74 0 0 91 0 0 57 0 0 84 5 69 0 0 0 0 96 0 0 0 0 53 66 0 0 70 36 0 72 0 73 30 0 0 0 0 0 0 0 0 0 0 0 0 0
0 0 0 91 0 0 89 0 19 0 21 0 0 89 0 0 98 28 0 79 0 23 0 55 0 0 0 56 0 0 0 0 0 64 0 0 57 0 0 0 0 0 0 0 0 0 0 0 0 0 0 0 0 0 0 46 0 0 0 0 12 19 0 0 27 0 10 0 29 0 41 0 0 0 11 0 0 0 0 0 0 0 0 72 0 65 43 0 0 0 0 0 0 0 0 0 0 0 0 45
0 0 0 0 3 0 0 29 0 0 39 0 16 0 0 34 63 0 0 0 98 0 0 0 0 0 0 0 0 64 0 73 0 88 0 0 0 0 0 0 68 0 2 0 0 0 0 0 0 80 0 0 0 0 0 0 6 0 0 0 0 0 0 0 0 0 37 0 0 96 0 0 0 0 0 0 0 81 37 0 0 1 12 0 0 96 0 93 0 48 0 0 0 0 18 0 0 0 0 0
0 0 0 0 0 0 20 0 0 0 0 0 0 0 82 0 82 77 75 0 0 0 0 72 0 0 0 0 70 0 0 0 0 0 0 0 0 0 0 26 25 95 78 0 0 0 0 0 0 0 0 0 60 67 0 0 74 0 0 0 0 0 22 0 0 0 0 0 0 14 0 6 0 0 0 71 26 0 0 0 41 0 28 45 0 29 78 0 0 0 75 0 0 0 0 0 0 0 0 0
0 0 87 97 46 0 24 55 0 18 61 89 0 0 0 0 0 0 0 0 0 0 46 0 0 8 27 0 2 0 26 0 0 100 0 0 0 40 0 0 0 26 0 0 56 52 0 0 0 0 0 0 0 0 1 0 39 0 0 89 38 0 0 4 35 45 66 0 0 0 0 0 0 90 0 0 0 0 0 0 97 0 0 0 0 0 0 42 0 0 0 0 0 84 0 0 0 0 0 0
0 15 0 66 0 2 0 0 0 64 0 30 0 0 0 4 0 0 58 0 61 0 0 0 0 0 0 76 0 0 0 0 0 0 65 86 51 0 0 19 0 0 0 35 0 0 0 0 0 0 0 80 0 0 91 83 0 42 0 0 16 0 0 84 0 0 0 0 70 6 0 0 0 67 0 0 0 100 0 0 0 0 0 0 62 0 0 9 0 0 0 0 72 0 0 4 0 79 0 0
0 0 0 0 0 0 0 0 0 0 0 0 0 61 0 84 0 18 68 14 0 0 0 0 21 18 0 0 0 52 0 0 0 0 85 0 0 0 12 0 50 0 0 0 52 0 0 15 0 0 0 22 92 0 28 0 0 0 51 0 0 28 0 7 0 0 0 90 0 0 0 89 54 15 0 57 0 0 0 0 0 0 0 25 79 30 0 0 73 0 0 0 0 92 0 58 0 71 0 0
0 97 0 0 0 0 0 0 0 0 0 0 51 0 0 98 0 0 0 0 0 0 22 2 7 63 0 36 0 0 0 0 0 52 0 0 0 0 0 45 0 0 97 0 2 0 0 88 0 76 12 0 0 0 0 0 0 0 0 8 0 12 0 0 0 0 0 0 0 95 0 31 0 0 0 0 0 38 88 0 0 0 0 0 0 0 13 0 0 0 0 0 0 25 0 0 0 0 0 0
0 8 0 0 0 0 0 0 0 0 0 0 0 0 0 0 0 93 0 28 21 0 87 0 89 0 0 0 0 0 0 0 0 0 6 0 0 58 0 13 38 2 0 0 0 0 0 0 0 76 63 57 0 26 0 0 0 0 0 0 0 0 0 5 0 0 91 0 0 8 0 0 0 0 73 0 0 0 30 0 0 0 0 0 25 0 0 0 0 0 59 0 0 0 0 57 18 63 85 33
0 0 1 53 0 0 0 0 0 0 0 0 0 0 6 0 0 0 22 0 0 0 0 42 0 0 0 0 0 0 62 0 0 0 0 0 44 0 0 0 0 0 0 0 0 0 42 0 15 49 0 0 0 32 13 98 0 45 0 39 0 0 0 97 95 0 36 37 0 0 0 0 0 86 35 0 0 96 0 0 0 0 0 95 0 0 81 0 0 69 0 0 0 0 0 60 0 0 92 26
0 0 0 0 13 40 0 39 0 0 0 0 63 0 0 0 0 0 0 0 0 0 86 0 0 67 0 0 15 0 32 0 0 0 27 0 0 0 39 0 0 0 0 0 0 0 0 0 0 0 0 0 0 0 82 0 0 28 23 82 65 25 0 0 0 0 0 0 0 0 0 0 0 0 0 0 94 0 61 0 0 0 0 28 0 0 0 0 0 0 8 0 0 0 0 0 0 0 0 69
39 62 0 0 0 0 0 0 0 76 0 0 0 0 0 0 64 0 91 0 7 0 0 3 0 98 0 0 0 0 79 0 0 0 0 0 0 0 0 0 0 97 0 0 0 0 0 0 0 28 0 93 0 0 0 0 0 0 0 0 0 0 0 29 67 0 0 0 28 0 0 0 0 0 0 0 100 0 0 0 75 0 91 0 53 24 0 0 0 83 0 0 56 0 0 0 0 67 0 0
0 33 0 0 0 40 0 0 72 0 41 0 0 0 80 0 0 0 19 0 0 0 0 0 0 98 0 0 0 0 91 0 0 83 0 0 21 87 0 0 0 0 0 0 0 0 0 0 0 0 65 0 22 100 0 0 0 16 0 48 0 0 0 0 10 0 0 0 50 52 0 70 0 0 0 0 0 0 0 47 72 21 0 0 0 0 0 0 0 0 0 56 11 0 0 2 0 0 0 0
0 0 0 27 0 0 0 0 0 0 34 0 0 0 0 0 0 10 0 0 36 0 0 0 41 76 60 72 72 0 0 44 0 0 0 0 0 28 0 0 0 0 0 59 8 0 12 58 0 0 0 0 0 0 0 0 80 0 42 0 0 0 0 0 0 0 0 0 0 0 34 46 0 0 22 0 0 0 0 0 90 0 0 0 0 0 81 47 0 0 0 0 91 0 0 0 0 0 0 0
0 0 0 0 0 10 0 0 0 0 0 0 0 0 0 0 0 18 0 32 0 0 0 9 95 0 0 40 0 0 0 100 0 0 0 0 0 75 66 0 0 0 0 0 0 62 0 0 0 0 0 0 65 0 0 0 0 0 0 0 46 19 0 0 57 91 68 0 63 0 0 0 0 0 0 0 0 0 0 0 1 0 0 65 0 77 0 0 0 0 0 0 0 0 0 0 0 78 0 94
23 23 0 0 0 36 0 0 0 0 0 22 0 96 0 0 0 70 32 0 0 0 0 0 0 0 0 80 0 0 0 62 0 0 84 0 0 3 0 0 0 0 0 52 0 0 0 0 0 0 0 0 0 0 0 0 0 0 16 0 0 0 38 0 0 84 0 0 48 58 50 0 0 0 0 0 80 32 0 0 0 0 14 0 50 0 0 0 0 0 0 28 0 82 0 0 0 0 54 51
0 58 0 0 0 0 0 10 0 0 0 33 0 93 0 20 82 0 0 0 0 0 0 0 0 0 0 0 0 0 0 36 0 0 26 13 0 19 0 0 70 63 0 0 0 0 0 0 0 0 96 0 0 0 82 0 0 21 0 0 85 0 0 0 6 0 0 0 0 0 0 0 0 0 21 91 0 0 0 0 0 0 0 0 52 0 0 88 0 95 0 0 0 0 0 0 0 53 0 0
0 0 0 0 0 0 0 64 0 0 8 0 0 0 10 0 0 3 0 0 0 0 0 0 97 16 0 0 0 0 0 59 0 75 30 0 0 0 0 0 0 0 0 59 0 0 0 46 0 0 0 69 0 0 0 15 0 0 0 0 0 0 0 99 0 0 0 89 37 0 0 0 91 62 0 0 82 86 34 76 24 0 0 0 97 0 28 84 80 62 86 0 0 0 6 0 0 0 0 5
0 0 0 0 0 0 58 1 89 0 0 0 0 0 0 37 43 5 48 0 0 30 93 2 0 0 0 0 91 0 13 0 0 0 100 0 0 0 0 0 0 0 63 0 0 0 0 0 0 0 0 0 0 35 89 0 0 0 0 0 87 0 0 0 0 0 0 0 0 0 0 1 0 93 0 97 79 0 0 0 0 0 0 0 0 79 51 0 91 0 0 97 0 0 0 0 0 0 0 0
0 0 0 0 0 96 0 0 0 0 62 61 61 33 0 0 0 0 0 0 0 11 0 0 0 0 0 20 38 0 0 95 0 49 0 0 96 57 0 0 0 0 25 0 0 0 60 0 0 75 47 0 0 0 30 0 78 0 0 0 27 0 0 35 0 0 0 0 6 0 0 0 0 0 0 0 0 0 0 0 0 99 0 0 0 0 0 0 0 0 0 0 0 0 0 0 0 0 50 0
0 0 0 0 0 92 0 6 0 0 0 23 0 0 64 0 79 0 0 45 92 0 0 0 0 0 0 22 0 0 0 0 0 0 0 0 0 0 0 42 0 0 0 0 0 56 0 0 7 0 2 97 0 0 0 0 0 0 0 0 0 0 0 0 85 0 0 0 26 0 0 6 0 0 0 0 0 0 0 0 0 0 57 0 0 0 0 11 0 0 0 0 0 0 29 0 73 0 22 0
0 0 0 0 30 0 21 21 0 99 0 0 0 0 13 0 0 0 0 0 0 0 0 54 0 0 20 98 0 0 0 21 0 0 0 0 99 0 0 0 0 0 0 61 0 0 0 0 0 0 0 0 45 0 0 87 0 0 0 0 21 0 27 0 33 0 0 0 54 91 0 0 0 85 0 0 0 0 0 0 83 0 100 0 11 0 0 0 0 0 0 0 0 0 93 0 0 0 0 62
0 0 0 0 0 76 0 0 0 0 25 24 0 0 0 0 0 0 16 0 0 0 0 0 0 0 0 0 0 0 0 58 0 0 0 0 0 0 0 36 32 0 0 17 0 0 0 0 0 0 0 0 70 0 0 0 0 0 29 13 0 0 0 0 0 0 84 0 89 0 0 99 26 0 0 45 46 0 0 0 52 70 0 0 0 7 0 0 58 0 0 0 80 25 0 74 0 59 0 0
69 0 0 0 0 0 0 0 0 77 0 65 0 0 88 0 0 0 0 0 0 0 0 0 0 97 0 0 99 0 0 33 97 0 0 0 0 0 0 57 0 0 0 0 97 0 74 84 0 0 0 86 0 0 23 0 0 31 0 0 0 14 0 86 0 0 0 0 0 0 0 39 0 0 66 74 0 0 0 56 0 0 24 0 0 11 0 0 0 0 0 98 48 51 0 0 0 78 0 32
0 0 70 0 0 0 0 0 74 0 0 0 0 0 36 0 0 0 35 55 70 12 0 0 86 0 26 0 17 59 56 0 18 0 0 0 0 0 0 15 77 0 0 0 0 0 0 0 0 0 0 32 0 36 0 33 0 0 0 0 51 0 0 0 0 0 0 0 90 0 0 30 0 0 0 0 0 0 84 0 0 0 0 0 59 99 0 20 0 33 0 0 69 0 0 0 0 0 0 0
0 0 18 0 0 26 0 0 0 0 0 53 0 0 0 66 0 92 46 0 0 22 0 0 100 0 0 0 0 0 0 98 0 0 30 0 0 0 0 99 56 5 0 0 0 0 0 0 0 0 0 0 0 84 0 33 0 0 0 84 0 88 94 0 0 0 0 0 0 0 0 0 0 0 0 0 11 0 0 0 0 0 0 0 2 0 0 0 0 0 0 2 0 0 0 0 0 38 3 0
0 0 0 0 100 0 15 62 0 29 0 0 0 0 0 47 0 0 0 0 0 0 83 0 0 0 0 0 0 68 0 0 0 0 0 0 0 40 79 0 0 0 0 0 0 0 0 0 0 0 0 0 0 0 0 0 0 96 14 0 82 0 0 0 0 0 89 0 71 55 0 0 0 0 17 63 0 0 0 0 91 0 0 0 37 0 0 0 0 0 0 0 41 0 0 0 0 0 0 73
0 0 0 0 0 0 91 0 15 0 0 0 0 0 0 0 0 0 0 0 34 83 72 0 0 0 0 0 0 0 29 0 0 22 0 0 0 0 0 0 0 0 0 0 0 0 0 0 0 0 0 0 0 94 42 0 0 0 0 0 0 0 0 0 46 0 32 0 0 0 30 0 0 30 0 0 94 0 0 0 92 0 0 4 0 0 0 0 83 0 0 2 15 0 0 0 0 0 2 0
33 0 84 0 0 0 0 0 0 0 37 0 74 0 0 0 0 0 0 0 0 13 68 0 0 0 0 0 0 0 0 0 0 0 0 0 0 0 0 0 0 79 0 0 32 0 0 100 0 0 0 0 0 0 0 0 0 0 73 0 0 0 53 0 0 80 0 0 0 0 0 0 35 0 0 0 0 0 0 0 14 0 0 22 85 36 0 80 0 0 0 6 0 0 0 0 0 4 0 0
0 0 0 63 0 0 0 0 0 0 0 0 0 0 0 0 3 0 0 0 0 0 0 0 0 0 0 48 0 0 0 0 0 26 0 0 0 0 0 77 0 0 33 54 84 0 0 0 0 22 0 77 0 0 0 55 0 62 0 0 0 92 83 0 0 0 0 40 0 0 0 0 0 0 0 84 0 0 0 0 0 0 24 0 13 14 0 32 75 0 0 0 30 76 0 0 0 100 20 0
85 76 0 0 0 23 0 0 0 0 0 0 0 0 0 0 0 94 0 0 0 0 59 0 0 0 0 0 41 57 0 0 0 0 89 0 0 0 0 81 16 0 32 0 0 0 0 0 0 0 0 0 0 25 78 33 0 0 97 0 74 0 0 0 81 0 0 0 16 0 47 0 18 0 0 0 0 76 0 25 0 0 0 99 25 14 0 0 0 0 22 0 0 0 0 0 0 81 0 0
0 0 0 0 2 0 91 0 0 0 0 41 8 0 0 0 0 0 0 0 96 49 0 0 95 0 8 0 42 0 0 11 0 15 0 0 9 0 20 0 0 0 0 27 0 0 0 0 49 0 58 0 0 0 92 0 62 60 28 0 0 50 0 0 0 0 0 42 0 0 0 0 0 0 0 0 0 55 65 0 0 0 0 47 0 72 0 44 0 0 0 0 0 0 2 20 0 50 0 0
0 0 0 0 92 0 0 0 0 0 23 0 0 26 0 0 0 0 0 59 0 0 0 0 0 0 97 0 0 15 92 0 0 0 63 0 0 0 0 0 0 0 0 25 0 0 0 0 16 0 19 0 0 0 0 0 0 0 21 0 0 0 0 0 0 0 0 0 57 8 0 0 0 39 0 0 0 0 0 45 0 4 0 0 0 0 98 30 0 0 0 0 4 94 0 0 44 0 0 0
0 0 0 0 0 36 0 0 0 0 0 0 56 0 42 0 0 0 0 0 0 0 0 0 0 0 31 0 0 0 0 63 58 0 0 0 0 11 0 0 0 0 0 0 0 0 0 0 0 0 0 0 0 0 0 0 0 75 64 0 42 0 90 0 0 0 0 0 0 0 0 0 0 0 0 0 0 0 0 0 0 0 0 0 0 0 0 0 0 0 0 0 83 0 0 0 96 0 0 93
0 0 0 0 0 96 20 0 0 0 0 25 0 68 0 0 0 95 0 0 0 71 0 0 0 33 0 0 0 0 0 0 0 0 0 0 20 0 0 0 0 0 60 0 0 48 49 0 0 0 0 0 0 95 0 0 0 0 45 0 0 0 0 0 0 0 0 49 68 40 10 66 0 0 30 0 0 0 39 0 0 0 0 0 0 0 49 77 0 0 0 0 0 99 0 0 0 0 83 0
0 0 0 0 26 0 0 0 42 0 0 0 0 41 0 0 0 74 0 0 0 0 0 0 0 0 0 0 0 33 0 0 95 0 0 0 0 49 0 0 0 21 0 0 0 0 67 0 0 0 0 0 0 0 0 77 35 0 0 20 0 77 0 0 0 0 48 0 0 0 0 0 0 0 0 0 0 0 0 0 0 0 0 0 0 57 0 0 0 0 0 0 0 0 74 92 0 0 0 52
0 0 0 0 0 0 0 0 0 0 0 0 91 0 39 75 0 0 72 0 0 0 0 49 0 75 0 0 0 0 0 0 65 0 76 95 0 0 0 0 0 0 16 0 0 29 0 0 20 0 0 86 0 0 0 0 0 0 94 25 0 0 0 0 0 97 29 0 0 0 55 34 0 0 42 0 0 0 0 0 0 14 45 28 0 0 48 0 82 0 0 0 0 0 0 28 0 0 0 94
28 9 0 0 0 0 0 0 15 0 0 0 7 0 0 0 77 0 97 0 0 2 0 35 13 0 0 0 0 0 0 0 0 66 0 77 0 52 0 0 89 0 0 0 0 0 0 0 0 0 0 0 0 24 83 0 92 71 0 0 0 80 0 0 83 16 0 0 0 0 93 0 0 0 0 53 39 0 0 0 0 0 0 93 0 16 0 0 93 0 0 0 0 0 0 0 0 64 0 0
0 0 48 0 0 0 96 0 0 0 0 0 0 0 32 0 0 96 0 25 0 0 0 88 27 0 21 0 0 73 0 0 49 0 0 53 90 0 0 0 12 0 0 0 0 63 74 0 0 0 0 0 0 0 66 11 54 2 84 98 0 41 0 65 35 78 12 0 0 12 0 0 0 0 0 0 0 0 0 0 0 0 0 0 0 85 97 0 0 64 0 2 0 0 0 0 0 20 46 0
0 0 0 20 0 15 0 0 0 0 52 0 0 0 0 0 70 0 0 0 46 0 58 0 62 0 96 69 0 0 0 0 0 37 0 0 0 84 79 0 0 0 16 0 0 0 0 0 0 93 0 0 0 0 25 0 0 0 0 0 6 0 0 0 0 0 47 0 64 0 0 0 38 82 58 0 3 0 0 0 51 22 46 52 0 34 0 0 0 0 0 35 0 0 90 87 0 92 0 0
0 0 0 0 0 0 56 0 0 62 0 0 0 0 0 0 0 46 0 50 0 65 0 0 0 0 96 0 0 0 0 99 0 0 0 0 50 0 67 0 0 0 0 29 0 18 0 0 0 8 94 4 42 36 0 91 0 0 0 0 0 21 90 0 90 0 0 0 0 0 0 0 0 0 0 0 0 0 0 0 0 0 53 0 0 0 10 0 62 4 71 0 0 0 0 0 93 99 0 0
15 0 0 0 0 0 0 3 0 0 100 0 0 0 0 0 0 0 0 0 0 0 19 67 16 0 0 0 0 0 62 89 11 0 0 0 0 0 0 0 17 0 0 0 0 0 0 0 0 57 0 0 0 0 0 0 24 0 67 0 12 43 0 0 0 0 77 56 0 0 14 89 0 0 0 0 0 0 0 0 0 0 0 32 0 43 88 0 0 0 0 76 0 0 0 0 0 0 0 0
0 0 0 0 5 73 0 0 0 0 0 0 0 46 0 0 0 0 93 0 0 58 0 0 0 1 0 43 0 0 36 0 0 0 0 0 59 0 22 0 0 8 0 0 0 0 0 0 23 76 0 0 0 51 0 0 0 0 49 0 98 0 0 0 0 0 0 0 61 92 13 0 0 0 36 0 0 0 0 0 0 0 56 0 0 7 0 0 0 0 0 0 0 63 0 0 0 6 0 0
0 0 0 43 0 35 0 0 15 0 0 0 92 0 0 0 83 55 0 0 0 75 0 40 0 64 0 0 0 0 0 43 0 0 0 0 0 0 65 86 0 3 0 0 0 0 26 43 0 0 0 0 0 0 0 0 75 0 82 75 0 82 0 0 0 69 0 0 0 0 0 11 0 0 0 0 0 88 0 87 0 0 0 0 0 16 0 0 0 0 0 0 0 0 0 0 0 0 0 36
0 0 0 96 0 0 0 84 0 0 0 0 0 19 0 0 0 0 14 0 0 0 0 0 94 0 0 0 0 0 87 0 0 0 0 0 0 0 85 0 100 36 0 0 0 0 0 0 0 0 0 96 30 0 0 0 0 0 0 0 68 0 0 0 0 0 0 21 0 0 0 0 0 0 3 0 0 0 0 0 0 0 0 0 0 43 0 47 93 0 0 0 0 89 49 0 0 61 0 0
0 0 0 0 0 0 0 42 0 0 0 16 0 8 0 70 0 0 90 20 15 70 0 0 0 0 0 0 91 0 54 29 0 0 0 0 16 0 0 0 0 0 0 0 38 0 0 0 0 0 0 0 73 0 15 42 0 0 0 0 0 0 0 0 0 0 0 0 0 0 0 0 0 0 0 0 0 71 0 0 0 67 0 58 0 0 0 0 0 0 80 0 0 17 0 0 66 0 0 14
0 78 0 0 0 76 0 1 0 93 0 35 0 0 0 81 0 0 0 0 0 74 0 0 0 0 0 0 0 0 30 0 0 71 0 88 0 0 0 92 0 0 0 0 0 0 96 0 62 0 0 0 0 0 0 0 92 0 0 20 29 0 0 32 0 0 0 0 0 0 0 0 0 0 0 0 0 0 0 31 0 0 79 0 54 0 0 0 0 27 75 0 54 0 0 0 0 0 29 46
76 0 0 0 14 0 0 18 84 0 0 0 0 0 0 0 0 0 0 39 0 90 0 0 0 0 0 15 0 0 74 0 13 40 84 0 0 0 0 0 0 0 0 2 0 0 18 0 0 0 0 0 0 0 0 0 0 0 40 0 0 79 0 0 39 0 62 0 95 0 67 0 59 0 0 0 0 45 0 0 0 0 82 0 0 20 0 83 0 18 59 71 0 0 0 18 0 95 0 0
0 0 0 31 0 92 0 0 0 0 0 0 0 0 0 23 0 1 0 0 86 0 0 0 38 0 0 0 0 0 50 0 0 0 0 0 0 29 12 0 32 39 15 0 18 0 84 0 0 0 78 0 0 70 0 0 0 0 0 0 0 34 69 0 98 0 0 97 0 0 25 44 10 0 0 0 28 0 0 0 0 58 82 0 0 0 0 0 0 0 0 0 0 0 8 0 0 0 87 0
0 0 0 0 0 95 0 66 35 57 0 68 0 25 0 0 59 0 0 41 0 0 0 4 0 0 0 0 0 0 96 0 0 0 0 57 0 0 87 87 0 0 34 0 0 0 78 0 0 0 0 0 0 0 0 0 0 0 74 0 0 20 0 0 0 0 0 0 48 68 0 55 0 0 0 0 0 10 0 41 0 0 0 0 78 0 0 0 0 92 0 0 15 0 0 0 0 0 0 0
0 0 0 0 84 0 0 0 0 0 54 63 0 0 0 0 0 0 0 0 0 100 0 66 0 0 0 0 0 0 0 0 24 0 63 0 0 77 0 0 0 0 0 0 0 29 0 94 92 83 0 0 27 0 0 0 0 0 83 9 0 0 0 78 0 0 0 0 60 0 33 92 0 23 0 0 0 0 95 17 15 0 0 0 0 0 0 0 58 0 49 0 78 0 0 0 0 80 0 95
0 29 23 56 0 0 0 0 0 0 0 39 0 43 0 0 0 0 0 0 32 0 0 0 0 0 50 0 0 87 0 38 0 0 0 3 0 0 56 0 0 9 0 44 0 0 0 0 0 0 57 0 0 0 0 0 12 0 0 90 0 0 0 0 41 0 0 0 0 0 0 0 0 0 0 0 0 0 0 0 0 0 0 0 0 0 3 0 66 0 0 0 0 0 18 0 100 0 49 0
23 69 0 0 0 0 0 91 0 100 0 13 77 0 9 0 0 18 0 0 0 0 53 0 0 77 70 0 0 0 0 0 63 0 39 0 0 0 28 0 0 0 77 0 0 0 0 20 0 0 0 0 0 0 36 0 0 0 0 0 0 0 0 0 11 0 0 69 17 0 0 0 0 0 0 76 0 0 0 0 0 0 0 60 0 0 0 0 0 0 0 0 0 0 0 0 91 3 0 0
0 0 0 0 97 0 0 0 0 0 0 0 0 0 0 0 0 0 0 18 0 0 81 0 73 0 0 0 0 0 91 0 0 40 0 71 0 0 45 79 0 0 29 0 0 0 0 0 0 0 0 0 0 0 0 0 91 28 0 0 0 61 0 0 0 0 0 0 0 0 0 38 34 25 0 0 0 0 0 0 0 0 0 0 0 0 0 0 0 77 0 0 0 0 0 0 0 58 0 23
0 0 0 0 0 0 0 0 39 0 0 0 0 0 91 0 0 0 22 0 43 0 70 0 0 0 0 52 0 0 0 0 0 78 0 64 0 0 0 78 0 0 95 0 0 0 0 51 74 0 0 0 25 72 0 0 24 0 0 0 0 0 0 0 0 0 0 46 0 0 0 71 0 0 0 0 0 0 0 0 0 90 0 0 56 0 0 0 27 58 0 0 0 0 0 0 0 0 15 0
98 28 0 0 0 0 0 74 0 0 0 0 0 0 97 0 0 83 0 24 72 0 0 0 36 0 0 0 0 0 74 0 0 0 0 0 41 0 83 0 6 0 0 4 3 38 0 0 0 0 0 0 5 0 0 53 0 11 0 0 0 0 0 0 0 0 0 0 0 11 2 0 0 50 0 75 0 0 39 87 0 0 0 41 82 93 100 0 0 0 0 0 0 27 85 0 0 58 84 65
0 29 0 0 0 0 55 0 0 68 0 0 84 0 0 0 0 0 0 0 0 0 0 0 0 0 28 0 0 0 85 0 92 24 0 0 0 8 0 0 0 0 0 0 41 0 0 0 65 0 0 70 0 6 65 36 0 0 0 71 0 0 47 47 56 0 92 0 0 46 15 0 69 59 0 23 0 0 0 0 0 93 73 24 0 0 0 0 0 46 0 0 0 0 0 95 0 0 0 87
0 0 20 0 0 0 0 0 0 68 0 49 11 0 85 0 0 0 0 0 59 35 0 0 0 0 0 86 0 83 0 0 75 51 0 71 0 18 0 0 0 0 38 0 0 0 0 0 0 0 0 87 0 0 0 0 0 0 0 0 30 33 0 0 0 0 0 93 74 0 94 0 0 0 0 23 0 0 0 0 0 58 5 99 79 0 45 0 0 0 58 0 0 0 0 0 0 0 0 0
0 71 0 0 0 44 0 0 79 0 0 0 49 0 0 0 0 0 0 0 0 0 0 0 0 0 85 0 48 0 0 0 0 97 0 0 0 0 0 0 0 0 95 0 0 0 35 0 0 0 0 0 0 78 0 27 0 0 0 0 0 0 83 95 0 0 100 0 0 0 26 0 0 0 0 0 0 0 11 0 0 0 0 69 91 0 0 0 0 0 92 0 88 0 0 0 0 91 0 0
0 0 0 0 0 0 0 0 0 0 52 0 96 0 0 0 0 51 0 0 11 8 0 0 0 0 0 26 0 0 0 0 0 0 32 0 76 0 0 82 94 0 0 0 0 52 77 0 0 0 91 64 4 89 0 29 0 0 0 0 0 0 0 0 0 0 0 0 0 0 81 0 0 0 0 83 33 0 59 90 0 0 0 0 0 0 0 70 69 0 0 0 0 97 0 22 23 0 0 93
0 0 0 0 91 0 0 0 83 0 0 0 47 0 0 0 69 0 0 0 0 0 0 0 20 0 0 0 0 32 58 0 67 0 57 54 0 27 0 0 0 0 0 0 62 0 0 0 0 5 99 0 0 0 0 74 21 0 0 0 0 0 0 0 0 0 0 0 0 0 0 0 44 0 0 0 0 0 0 0 70 0 0 60 94 0 0 67 67 0 41 0 0 0 40 0 0 0 0 18
20 75 0 0 17 0 0 0 21 0 0 9 100 0 0 0 0 0 5 0 0 0 0 0 0 0 13 0 0 61 49 23 0 0 0 0 0 0 84 63 0 0 0 0 16 0 0 0 0 0 77 0 0 0 0 0 0 0 0 0 0 44 0 0 72 0 0 0 39 56 20 0 0 0 61 0 0 0 78 0 0 0 0 0 9 0 0 0 38 0 0 0 0 0 0 0 0 32 0 46
0 22 0 0 73 8 54 64 0 37 16 82 0 0 0 34 13 0 0 0 0 36 21 0 0 0 0 0 0 0 0 0 0 0 54 0 0 0 98 23 0 0 0 61 0 0 0 0 0 0 78 0 0 0 0 0 0 0 98 30 66 0 0 0 0 0 0 0 0 0 0 93 0 0 0 0 0 0 0 0 0 0 97 48 0 0 0 0 67 83 0 0 0 0 0 0 0 0 0 0
0 79 0 0 0 0 0 99 68 0 27 0 0 28 0 0 0 0 0 0 34 0 0 0 0 0 0 0 13 55 57 0 0 0 0 0 0 0 43 94 32 0 0 0 55 0 0 0 0 0 0 0 58 0 0 0 0 32 0 70 0 0 0 0 0 0 0 0 0 0 43 0 0 94 0 0 0 49 14 0 0 0 0 0 0 81 0 0 0 0 0 80 0 0 0 1 29 0 8 0
0 28 10 0 0 86 0 0 0 40 0 0 60 3 0 42 87 79 16 0 21 0 0 0 0 0 10 27 0 83 0 0 68 0 0 0 0 0 0 0 0 0 0 0 59 35 8 0 0 0 0 0 4 0 0 0 0 0 0 0 0 0 0 0 0 0 0 0 0 0 0 0 0 40 0 0 0 90 0 0 0 0 0 0 0 0 0 0 14 0 62 0 0 75 0 96 0 0 0 0
0 67 16 0 0 7 0 0 45 84 0 0 6 0 0 0 57 0 0 63 0 99 0 0 0 0 78 0 0 0 0 0 0 0 0 0 0 0 99 20 0 5 0 0 93 0 0 0 0 86 51 53 32 0 0 0 0 0 0 35 0 0 0 0 0 0 0 25 81 0 0 0 0 0 0 0 86 0 0 0 36 0 3 0 0 0 0 0 0 0 0 84 0 0 0 14 0 0 11 0
0 0 31 35 0 6 0 0 0 21 0 95 11 0 53 45 0 0 0 67 0 93 0 6 0 26 3 0 12 74 0 90 0 0 0 0 0 19 0 0 0 0 0 0 0 38 0 0 0 0 0 0 35 47 0 0 0 0 0 0 70 0 0 61 0 0 0 0 0 0 0 93 0 0 0 79 62 46 79 0 0 0 23 0 4 0 0 0 35 98 0 0 90 0 0 84 0 0 0 21
31 0 22 0 0 82 0 0 0 89 0 0 0 0 0 57 0 70 0 0 0 0 0 0 0 0 0 5 0 18 82 49 22 64 0 0 0 0 0 0 0 0 0 0 100 0 0 0 0 18 0 0 0 0 0 0 0 0 0 0 0 0 69 0 0 0 0 0 0 0 0 0 0 0 0 0 0 27 7 0 0 0 0 0 0 0 0 78 80 5 0 0 0 0 0 40 89 50 0 73
0 0 0 79 0 0 0 0 0 0 0 0 0 0 0 0 99 0 0 0 0 0 0 0 0 16 50 0 68 0 5 0 0 0 0 94 59 0 0 0 0 0 0 0 0 0 0 0 0 0 0 60 0 80 0 0 0 0 0 0 61 0 0 0 39 40 0 4 0 0 90 0 54 0 44 0 0 0 0 0 0 7 11 0 65 94 0 0 0 0 0 0 0 56 0 17 0 0 0 0
58 0 0 0 0 0 0 0 0 0 0 44 46 0 60 0 0 21 0 0 0 0 0 0 0 0 0 71 0 0 0 0 52 0 69 0 96 0 91 0 85 0 0 89 34 0 0 24 0 0 0 81 0 7 0 0 0 8 13 0 0 0 17 0 0 0 40 0 59 0 0 0 30 0 0 0 41 0 0 0 0 14 0 0 0 0 0 0 0 0 4 0 64 0 0 0 25 0 0 63
0 25 0 0 0 0 0 0 0 40 0 7 0 0 0 0 0 1 0 35 0 0 0 40 0 85 0 86 0 0 45 84 93 48 0 0 0 16 0 0 0 56 0 42 0 0 35 0 0 0 0 0 0 0 0 80 47 14 0 0 0 0 0 0 0 0 0 74 80 0 0 0 0 0 0 62 0 0 0 0 28 23 0 49 90 14 0 34 0 0 0 0 0 30 83 0 0 87 0 0
0 1 0 0 0 0 78 0 0 98 0 0 0 0 0 0 0 0 0 0 33 0 0 0 0 0 0 0 0 0 69 0 0 0 83 0 0 0 0 0 0 0 0 81 0 11 0 0 0 0 0 46 55 0 0 0 0 68 0 21 0 0 0 0 0 0 89 0 0 0 0 0 0 0 19 0 0 5 66 0 0 0 48 0 0 0 0 0 0 0 0 0 0 53 0 0 0 0 0 0
0 0 0 0 0 0 0 0 0 90 0 0 0 0 0 0 0 0 61 85 0 0 0 100 0 0 0 0 0 0 0 0 0 0 0 0 0 0 0 0 0 0 0 59 0 0 0 0 0 0 0 0 0 45 0 0 0 1 0 0 0 0 0 0 0 0 0 0 0 0 0 0 0 0 24 0 0 0 0 0 0 0 59 0 32 0 0 0 0 21 78 0 37 90 21 0 3 97 0 0
0 0 0 0 0 0 47 0 0 60 64 0 0 0 0 0 0 0 0 0 0 59 0 0 0 0 0 0 0 0 100 0 0 0 0 0 68 0 0 34 44 0 0 0 0 0 0 0 73 0 0 0 0 32 0 51 0 0 0 0 46 19 4 65 0 11 0 0 0 0 71 14 0 0 0 0 0 0 21 0 25 0 0 69 0 0 18 59 0 0 0 0 0 0 0 0 0 0 0 87
0 0 50 0 0 37 0 0 0 93 0 0 42 90 0 54 85 97 0 0 1 0 0 0 0 0 71 0 0 0 33 0 0 0 0 0 0 0 0 0 0 0 0 0 0 0 0 0 0 0 0 0 0 0 46 0 0 0 0 0 0 0 0 51 0 0 0 0 23 0 0 0 0 0 0 0 0 0 0 0 99 49 55 91 52 91 0 0 0 0 0 36 0 47 0 0 0 0 1 0
0 0 0 100 0 75 0 0 0 0 14 0 5 0 0 0 0 0 0 0 0 0 0 0 0 0 0 78 0 25 0 0 78 59 61 0 24 0 0 0 0 0 0 0 0 97 0 82 0 0 0 0 75 0 38 0 0 45 0 0 0 0 53 0 32 0 32 0 0 99 0 0 0 0 0 0 0 0 71 0 0 0 0 0 45 0 60 53 0 57 0 0 67 0 52 0 0 0 0 0
0 0 0 88 0 31 0 0 6 0 0 0 0 0 0 0 0 0 0 5 0 0 0 0 0 0 61 92 39 0 0 0 0 38 68 0 0 75 0 0 0 81 0 0 27 0 6 0 0 0 6 0 0 0 0 39 0 0 0 94 85 0 0 81 0 0 12 3 27 0 0 0 60 0 0 0 0 0 0 0 86 0 0 0 0 0 0 0 0 0 0 0 0 0 89 0 0 100 0 93
0 0 0 0 0 0 0 82 0 0 0 0 0 0 0 0 0 0 0 0 0 0 0 0 81 73 0 74 0 0 0 0 0 0 0 0 45 0 0 63 0 57 0 0 0 0 0 0 0 13 0 0 0 0 0 0 98 0 0 50 0 0 0 0 32 0 0 20 0 0 42 0 0 0 0 0 0 0 0 0 0 0 0 0 48 0 0 98 0 0 0 82 0 0 0 0 0 0 0 0
0 0 0 0 0 0 0 0 0 0 0 0 0 0 0 0 3 0 0 0 47 0 0 0 16 0 0 95 60 0 75 0 0 0 74 0 0 0 19 23 0 0 59 0 0 0 0 75 0 44 0 0 23 0 0 0 0 0 92 0 39 0 0 0 56 97 44 0 84 0 0 0 34 95 0 0 0 0 0 0 0 0 0 0 0 0 0 12 0 0 0 74 0 0 0 0 0 0 0 0
0 0 0 70 0 0 4 0 24 0 0 0 0 47 0 0 0 0 0 0 0 0 0 0 0 62 0 0 28 47 0 0 0 0 0 0 46 0 0 0 0 0 0 0 0 56 0 0 0 32 0 0 0 0 0 93 0 0 0 0 0 10 0 11 0 74 53 64 0 25 0 0 0 0 0 30 0 0 0 19 0 0 66 0 0 0 38 46 77 81 91 0 45 11 69 84 46 0 34 82
55 0 0 0 0 0 0 52 0 46 0 100 0 0 0 3 0 0 0 0 0 0 0 35 0 0 46 0 0 0 0 0 0 0 0 0 0 55 0 22 28 0 0 0 0 0 0 0 0 23 0 0 0 6 0 0 12 0 0 0 0 0 0 0 0 32 0 0 0 91 0 0 77 0 0 8 68 0 0 0 0 0 66 0 0 0 0 68 0 0 0 0 0 0 0 0 0 0 0 19
0 0 0 3 48 0 14 89 0 0 31 11 67 0 66 18 0 0 0 97 59 68 0 0 0 75 0 0 0 0 0 0 0 26 0 0 72 0 52 80 92 13 0 0 0 0 0 0 0 0 0 0 61 0 0 0 0 0 66 87 16 0 19 38 0 0 0 0 0 0 0 22 41 0 0 0 0 0 0 0 0 0 0 0 0 0 0 0 0 0 92 0 71 0 46 0 0 0 29 0
0 0 0 0 0 0 0 0 0 0 0 0 0 0 80 3 38 45 0 0 0 64 0 0 0 0 0 0 0 0 0 0 0 0 0 0 26 0 0 0 0 0 0 0 65 29 0 0 0 0 0 0 0 17 64 0 0 66 0 0 0 0 0 63 0 0 0 0 0 0 0 0 57 0 48 82 0 0 4 0 0 0 0 0 0 0 0 0 0 26 45 0 0 0 0 0 0 0 0 0
0 71 0 0 0 65 0 0 0 54 0 0 75 0 70 0 79 0 0 1 0 0 0 0 0 78 0 0 0 12 0 0 0 0 0 0 0 0 0 0 0 23 45 0 62 0 0 0 0 0 0 0 0 0 0 0 0 0 0 0 84 0 98 44 0 0 13 0 0 0 0 0 0 0 0 0 0 0 0 0 0 0 0 0 0 0 0 0 0 7 0 59 0 0 0 0 0 86 74 0
0 0 0 0 0 0 49 0 0 71 67 0 0 0 0 0 0 0 0 0 0 88 0 47 62 0 0 0 0 40 0 0 96 0 14 0 0 0 0 60 97 31 0 12 0 0 0 27 2 0 21 0 13 0 0 13 0 64 0 0 0 0 0 0 0 0 0 0 0 0 82 83 14 45 0 0 0 83 0 61 0 0 0 0 0 0 0 10 0 49 0 0 15 0 0 0 0 0 0 0
0 28 27 0 72 70 37 6 0 0 6 0 100 47 0 49 34 0 0 0 50 0 98 0 84 0 93 0 12 0 0 33 0 0 0 0 16 0 0 0 0 0 0 0 37 0 0 0 0 0 11 0 0 0 0 99 0 0 0 0 0 0 0 0 0 0 0 0 0 0 0 93 0 0 0 63 37 8 0 0 0 0 0 0 0 100 0 0 0 27 17 0 0 0 31 5 0 0 0 45
0 0 0 0 16 0 0 0 0 0 0 0 3 0 0 0 0 0 64 0 0 0 0 0 0 0 0 30 0 0 86 0 0 48 29 0 68 70 0 0 0 72 0 0 0 64 0 0 0 0 0 0 20 0 0 0 0 69 0 47 0 0 0 0 0 0 0 0 55 0 0 49 0 0 68 0 0 0 72 0 0 0 0 0 0 0 0 0 0 69 0 0 0 0 0 0 58 0 0 18
0 16 0 86 71 0 0 29 0 77 0 0 1 0 0 0 0 0 0 0 0 90 98 0 0 0 28 0 0 0 0 31 0 0 0 0 0 0 60 9 58 0 0 0 0 21 0 0 0 0 0 86 0 73 28 0 0 0 94 25 63 0 0 0 0 0 0 0 0 0 0 93 6 30 92 0 0 0 58 0 87 0 0 0 0 52 0 0 0 0 0 28 0 0 0 7 41 90 0 0
27 74 0 0 95 0 0 0 0 38 0 52 0 85 0 0 61 0 0 42 0 0 0 0 0 0 0 0 0 45 0 0 0 62 0 0 0 0 0 0 72 0 0 0 0 40 0 0 0 0 0 0 30 0 86 96 0 0 0 18 0 0 0 75 0 0 0 0 32 60 0 0 0 0 0 0 0 0 0 0 0 0 77 0 74 0 96 0 0 0 0 0 97 0 0 0 0 0 71 0
0 0 69 0 0 77 0 0 0 28 92 0 0 0 0 95 0 0 0 0 0 0 0 0 0 0 0 0 0 0 0 0 0 0 0 0 0 0 0 0 82 0 0 83 0 0 0 79 0 0 0 85 0 0 0 0 0 0 0 0 13 0 0 94 0 0 0 32 0 0 0 0 0 8 0 0 0 0 25 0 0 0 82 0 0 0 0 0 0 0 0 58 0 0 0 0 0 0 0 0
0 0 0 0 85 0 0 88 0 0 0 37 0 0 0 0 0 5 17 91 0 35 27 0 0 52 0 0 11 80 0 0 0 0 0 0 0 0 0 0 0 0 2 12 49 0 0 6 31 0 83 17 0 0 25 0 0 12 0 0 0 0 0 0 93 0 0 9 0 0 0 0 0 56 0 20 0 0 0 0 0 0 0 0 28 0 0 0 0 0 51 0 0 0 0 0 51 0 0 56
41 21 0 0 0 0 34 46 0 0 0 0 0 0 0 0 91 0 0 0 0 0 0 0 61 0 0 0 92 0 0 0 27 0 0 0 0 68 15 0 0 0 0 0 0 0 0 0 0 0 0 0 0 0 43 97 0 0 0 0 90 39 0 0 0 5 0 0 0 0 0 0 0 0 0 0 0 0 0 0 6 67 78 0 0 0 0 0 0 11 0 72 0 0 0 0 0 0 36 0
55 3 0 0 0 0 24 0 0 0 0 0 0 70 0 66 0 51 66 0 13 0 69 0 0 0 0 0 0 0 0 0 0 0 0 52 0 0 0 0 0 0 0 0 0 0 0 0 0 0 0 0 0 0 0 0 0 12 52 0 19 0 0 66 15 0 0 22 0 0 0 0 0 4 97 0 0 6 63 0 0 0 0 0 0 0 0 0 0 0 0 0 89 0 0 0 0 62 0 0
0 27 0 0 0 0 14 0 0 0 0 0 55 67 0 0 0 0 0 0 98 0 0 0 36 0 0 67 41 0 0 0 0 0 0 84 0 0 0 0 0 30 0 17 2 5 0 0 0 0 0 0 0 0 81 0 83 0 0 0 0 0 0 0 66 0 0 0 74 0 0 90 0 74 0 0 0 0 0 0 0 0 0 0 0 61 0 0 0 0 22 0 0 0 0 0 0 0 0 92
0 0 0 0 26 0 0 89 0 0 0 0 25 82 0 0 0 0 0 0 0 0 8 0 0 43 0 0 77 0 0 13 0 0 0 0 0 0 53 0 0 0 0 0 0 0 0 67 0 0 0 0 0 0 0 76 24 0 0 64 0 84 0 0 0 0 0 0 0 85 0 0 0 0 51 0 0 0 76 0 0 0 0 0 0 0 86 0 28 21 0 18 0 0 99 0 48 74 0 0
0 0 0 0 0 0 0 0 0 0 15 0 0 86 0 68 0 0 0 0 0 0 0 0 0 80 0 0 88 0 0 0 0 33 0 0 3 22 0 74 0 0 0 0 0 31 80 0 0 0 0 86 0 0 0 0 80 0 0 0 0 0 0 0 0 0 0 0 0 0 0 0 0 0 89 0 84 0 0 78 0 0 7 0 0 0 0 24 0 0 0 70 0 0 0 0 0 0 0 0
26 0 97 0 0 0 0 0 0 0 0 0 0 0 40 0 0 10 0 0 0 76 0 0 0 0 0 0 0 0 0 99 0 0 0 0 0 0 15 70 0 49 0 0 0 0 0 0 55 0 6 73 0 0 21 0 0 72 62 0 0 0 0 80 0 0 0 0 0 0 0 0 0 0 47 0 88 0 0 0 17 0 0 0 0 99 0 0 12 0 0 2 0 45 0 0 0 0 65 0
0 0 0 0 0 87 0 0 0 0 8 0 90 0 0 27 92 0 0 48 72 0 0 0 0 75 0 0 0 0 76 0 0 85 0 0 0 0 0 0 0 0 92 0 0 0 0 0 0 60 0 0 99 0 97 2 79 0 0 0 0 0 0 0 0 31 41 0 0 48 0 0 78 84 44 0 0 0 0 0 0 0 0 0 0 0 0 0 0 0 0 0 56 0 0 0 0 81 0 5
0 0 6 0 0 41 24 58 0 18 0 0 0 0 0 0 13 0 0 0 0 0 96 0 62 0 0 0 0 0 0 11 0 0 71 0 0 0 89 0 0 10 0 0 0 0 30 0 0 100 0 0 42 0 0 0 0 0 0 0 0 0 0 80 0 0 0 0 0 0 0 0 0 0 35 1 0 0 0 1 0 77 0 0 0 43 0 0 0 0 0 0 0 0 0 0 64 41 0 0