100
0 0 12 0 0 0 89 14 0 0 0 0 74 0 0 0 83 0 77 0 25 37 0 0 0 0 0 38 0 22 100 0 0 18 0 0 0 0 0 62 0 0 0 72 0 0 0 0 26 16 0 0 0 0 0 0 0 0 0 0 32 0 0 0 0 0 32 0 95 0 0 91 29 0 0 0 0 0 0 0 0 0 0 0 0 0 83 0 0 0 0 0 0 0 0 0 10 0 0 0
79 0 0 34 0 0 0 45 0 0 0 30 0 0 0 0 0 9 90 0 0 0 0 0 0 0 0 0 45 0 29 0 72 0 0 0 0 63 88 0 42 0 0 0 0 0 37 0 0 0 0 0 0 0 91 0 0 0 28 0 0 0 0 57 76 0 43 0 0 0 44 0 76 0 0 0 0 0 0 27 0 38 0 0 0 24 0 42 0 19 0 0 0 0 0 65 0 19 0 0
0 0 0 22 0 0 0 0 0 75 0 0 0 88 38 19 0 39 58 91 0 23 0 0 64 0 63 0 0 0 0 0 0 0 63 0 93 48 0 0 0 0 0 0 0 0 0 0 0 0 0 0 0 88 0 65 0 0 0 0 0 95 0 0 0 0 0 9 0 0 0 0 51 78 0 0 0 98 0 0 0 0 0 0 0 0 0 0 10 0 0 31 0 0 0 0 0 0 0 0
0 0 0 0 0 0 0 0 0 0 63 94 0 13 68 0 56 0 76 3 0 0 60 0 0 0 0 71 0 0 91 11 0 0 77 0 0 0 0 0 81 0 0 0 0 0 67 67 11 0 79 0 0 0 0 0 29 0 35 0 94 0 0 0 0 0 0 0 32 0 37 30 84 0 0 0 0 29 0 0 34 0 0 0 0 0 0 0 100 0 18 0 0 80 0 0 0 0 0 0
0 0 43 0 0 0 0 0 93 0 0 0 0 0 14 92 49 15 0 31 0 0 57 0 0 0 0 0 0 89 0 0 0 64 0 0 0 76 0 0 0 0 26 0 0 0 0 0 0 0 0 0 0 0 0 0 0 0 0 0 0 0 0 0 0 0 0 0 0 0 0 0 77 0 0 0 0 0 0 0 20 0 0 0 0 0 0 0 53 0 0 0 0 0 89 0 0 0 70 0
0 43 0 0 0 0 1 0 0 0 0 0 0 5 53 0 0 0 61 0 0 14 0 0 0 0 0 0 0 0 80 53 91 0 30 0 0 0 0 73 0 0 0 0 0 0 66 0 0 0 0 0 9 16 41 0 0 19 25 0 86 0 46 0 0 0 0 0 0 0 0 15 8 86 0 96 0 0 37 0 0 0 0 0 20 0 0 26 0 53 0 0 0 0 83 0 0 0 0 0
0 0 0 0 0 0 0 0 0 20 0 68 0 0 11 2 0 0 0 0 59 0 0 0 0 0 5 13 0 0 0 96 0 0 0 93 0 0 0 5 0 0 12 0 0 0 0 28 76 0 52 0 0 0 12 0 82 0 0 45 0 0 0 0 0 0 0 0 0 0 0 0 41 0 0 0 0 0 0 0 89 0 27 0 75 93 0 0 0 45 24 0 0 0 73 49 69 0 0 80
78 0 0 0 21 94 16 0 0 0 0 0 0 0 0 0 0 0 0 0 0 25 0 0 0 0 0 0 0 0 0 0 29 0 0 0 0 0 16 0 0 0 0 0 0 89 57 0 0 59 0 0 0 10 0 0 0 60 0 94 0 0 32 0 0 0 0 0 0 0 0 0 0 0 75 0 0 0 0 0 17 97 0 15 0 0 0 0 0 0 26 0 0 0 0 58 0 0 0 0
0 24 89 0 0 0 0 0 0 77 99 89 0 0 81 24 0 0 0 84 0 0 0 0 0 0 0 67 0 0 0 92 0 0 0 0 66 0 0 0 0 0 0 0 0 0 0 0 0 0 0 51 68 0 0 0 70 0 0 39 29 0 0 0 0 0 41 0 0 0 0 0 0 63 35 0 0 0 0 0 0 31 88 22 0 0 46 0 0 0 93 0 0 88 0 0 0 25 0 0
99 29 0 7 0 0 0 0 7 0 5 0 13 40 0 0 0 11 0 29 0 0 0 0 8 0 41 0 0 0 0 0 0 0 83 0 0 0 0 0 0 0 0 64 0 0 0 55 0 0 0 0 0 0 0 0 0 0 0 0 0 0 0 0 0 0 0 54 20 0 0 0 0 69 0 4 0 30 0 94 20 15 0 63 0 77 0 57 0 0 0 69 0 0 0 0 43 66 0 0
0 0 0 58 0 0 0 0 0 3 0 0 0 0 0 0 0 0 0 0 28 0 0 0 0 0 0 14 0 30 44 92 0 0 0 0 0 0 0 0 0 52 0 0 83 34 0 0 0 0 58 0 0 0 2 0 61 95 0 0 0 0 0 0 0 0 0 0 0 0 0 0 18 0 0 0 53 0 66 0 0 0 0 0 62 27 0 0 24 0 0 66 0 14 0 0 0 47 0 0
0 0 29 91 0 0 93 73 0 21 0 0 82 0 0 71 39 60 0 0 0 0 0 0 0 50 0 0 0 0 0 86 62 0 9 0 0 0 0 62 0 0 34 0 0 87 60 34 89 28 0 92 31 0 0 0 0 0 0 0 0 49 0 2 46 0 71 71 0 0 0 0 0 41 41 73 90 0 0 0 0 0 60 78 0 0 0 0 78 0 0 0 0 17 0 0 0 0 0 0
0 0 0 0 0 0 67 0 0 0 0 29 0 0 51 0 96 0 0 12 31 0 0 0 22 0 0 0 0 0 0 0 0 40 0 0 0 0 0 0 81 0 0 0 0 0 62 58 0 0 0 0 0 38 0 0 0 57 69 0 0 0 63 30 75 0 0 87 87 0 0 0 84 0 0 43 0 0 0 0 0 0 80 0 17 0 0 0 0 0 0 0 0 0 0 28 0 0 0 0
0 0 68 0 0 0 0 66 0 0 0 0 0 0 0 0 24 0 2 0 33 0 0 0 50 0 0 17 0 18 17 0 0 0 0 0 0 0 0 0 0 0 0 0 0 0 0 0 0 0 0 91 0 59 0 0 0 0 0 0 0 0 0 50 44 0 26 68 0 0 0 0 0 0 0 0 0 0 0 0 0 0 0 0 0 0 0 0 0 0 0 0 0 0 23 6 0 0 0 2
0 0 0 0 0 0 0 0 0 0 0 0 29 0 0 0 0 49 88 0 32 0 0 0 0 0 48 0 0 0 0 0 0 11 19 60 87 0 79 0 17 0 0 0 0 16 80 0 0 0 36 63 49 90 83 59 35 0 0 0 0 0 57 0 30 0 85 0 0 60 0 0 0 0 0 0 0 50 14 0 13 55 0 0 0 0 86 0 0 0 0 0 0 49 19 0 0 0 0 0
0 56 0 18 78 0 57 0 0 91 63 0 0 0 82 0 0 51 0 0 0 0 0 0 0 0 0 0 52 0 100 0 0 47 0 0 0 0 0 0 0 0 0 0 0 0 0 0 0 0 0 0 0 0 0 0 0 0 0 0 0 0 0 0 0 0 96 0 85 0 0 0 19 0 0 0 0 0 0 0 0 16 0 0 0 0 0 84 81 0 46 0 0 0 48 62 0 0 0 57
0 0 0 38 0 0 0 0 0 0 0 23 0 0 76 0 0 0 0 0 0 0 0 0 0 0 62 0 0 0 0 37 41 0 93 0 0 0 0 0 0 0 0 0 72 0 0 0 0 0 19 11 0 0 0 0 0 0 0 0 0 0 0 0 0 0 40 0 0 25 0 0 85 0 0 0 28 0 0 0 0 0 0 86 0 0 0 0 0 0 0 0 0 0 0 0 0 0 0 0
0 0 0 0 0 0 53 0 0 0 0 0 0 0 0 22 63 0 83 0 0 0 0 0 0 0 11 0 0 18 0 0 100 0 0 0 0 0 74 7 0 0 39 0 0 0 0 0 0 29 0 0 0 0 0 0 0 22 0 0 0 27 0 0 0 14 0 0 0 0 0 0 0 0 0 0 0 0 0 0 0 0 0 60 0 0 0 0 0 0 0 0 0 6 0 40 0 0 0 98
0 78 0 0 55 0 0 0 0 0 33 24 55 0 39 0 0 51 0 0 59 0 0 0 0 0 0 0 0 0 0 52 0 30 50 0 0 0 65 0 70 21 0 0 46 0 0 0 31 0 0 91 0 0 0 0 0 0 0 0 39 0 0 57 76 81 0 0 0 0 5 0 0 0 0 0 15 0 0 0 0 0 0 96 65 1 0 0 0 13 0 56 24 0 0 0 0 0 0 0
41 0 0 0 0 0 20 61 0 20 46 0 0 0 0 0 42 0 5 0 98 0 0 2 0 0 0 24 13 0 0 0 0 67 0 0 0 81 0 0 0 0 0 13 0 46 0 0 0 0 0 0 0 0 0 0 0 13 0 0 0 0 0 0 0 0 0 6 61 0 0 0 0 0 25 0 0 54 0 0 0 0 0 0 74 71 0 0 0 0 26 36 0 0 0 0 14 0 0 0
0 0 0 98 18 56 0 0 0 0 0 13 0 0 0 0 10 0 48 0 0 16 0 0 0 0 78 0 0 0 0 43 0 0 0 63 0 0 0 0 13 0 0 96 19 0 0 0 0 0 5 0 0 30 0 0 67 0 0 0 0 32 0 0 96 0 0 0 0 0 0 0 0 0 96 0 96 0 83 0 0 95 63 0 0 0 0 37 47 0 50 0 70 0 78 20 0 0 0 0
0 33 0 0 0 0 10 0 0 0 0 0 0 0 21 40 0 70 0 0 0 0 65 0 0 59 15 0 0 0 97 0 49 0 10 0 0 17 11 0 28 0 0 31 0 0 0 53 0 45 0 0 0 1 0 0 0 0 63 0 35 0 0 0 74 0 91 92 0 91 0 0 0 79 0 0 0 0 0 0 0 7 83 0 0 0 0 0 0 0 0 0 0 0 0 92 0 100 0 0
0 0 0 0 0 0 43 0 0 0 0 0 0 0 0 66 0 0 39 68 8 0 0 0 23 50 44 0 94 0 20 0 0 4 0 46 0 0 0 0 0 0 0 0 0 0 73 0 42 0 0 0 0 0 0 0 0 0 99 0 94 0 0 0 48 0 0 0 0 42 0 0 0 0 0 0 0 93 0 0 0 0 0 0 0 0 7 84 0 58 48 23 19 0 0 0 8 31 0 0
0 0 0 0 0 0 0 0 32 0 49 0 0 0 0 0 0 0 65 0 7 0 0 0 92 0 0 50 0 35 0 0 0 2 0 0 0 0 0 0 0 64 0 0 0 0 27 0 0 12 0 83 0 0 0 0 0 46 90 0 0 0 56 28 0 0 0 11 0 0 0 16 0 0 26 0 51 5 18 0 0 0 0 91 0 0 0 0 0 0 0 0 0 0 0 0 0 91 46 34
0 0 54 0 0 0 0 0 0 24 16 0 0 0 99 0 18 0 0 0 95 77 0 0 0 0 79 0 0 0 0 0 0 0 0 0 0 0 0 82 0 0 0 7 0 0 0 0 0 0 0 0 0 0 0 0 0 54 0 0 0 29 0 0 0 0 0 99 0 0 0 0 0 0 0 0 0 0 0 0 0 54 0 53 20 20 15 0 11 0 0 0 0 0 57 0 0 0 0 0
0 0 0 60 0 0 0 0 0 0 96 0 0 0 96 12 0 0 0 0 0 0 0 0 0 0 55 83 22 0 38 69 0 0 67 0 0 20 0 19 0 0 77 0 0 44 0 0 0 19 0 58 25 0 0 0 32 0 0 0 2 72 26 23 60 0 0 94 10 0 0 0 0 0 1 0 0 0 0 0 0 0 0 71 0 0 0 0 0 0 48 0 0 0 0 73 0 75 0 72
0 0 0 0 0 0 0 0 50 0 0 0 0 0 40 0 0 0 0 0 0 0 0 0 0 5 0 0 69 0 0 0 0 0 40 75 0 0 0 6 0 0 0 0 36 0 0 0 0 0 0 43 0 0 0 97 0 0 0 8 100 82 0 0 0 0 0 0 33 72 0 92 0 0 82 0 0 71 0 0 0 0 0 26 0 0 0 0 0 0 96 0 0 0 0 0 0 0 75 0
0 0 0 60 0 15 0 0 56 0 0 66 0 0 0 0 89 0 0 0 0 75 0 0 20 0 0 0 0 0 73 0 0 0 0 85 9 0 50 0 0 0 45 0 37 42 0 0 79 42 0 0 0 94 0 99 0 0 0 0 0 38 0 0 52 0 0 0 0 0 0 0 0 0 0 2 0 94 0 0 0 0 39 54 90 0 0 0 0 0 0 52 0 0 0 0 0 0 0 0
45 52 0 70 4 64 0 0 0 0 57 0 0 90 0 34 0 52 0 0 0 0 0 25 0 0 0 43 0 31 79 0 21 20 0 0 0 0 0 0 0 85 0 75 98 0 36 6 0 0 7 0 0 85 0 0 0 0 0 0 0 0 0 0 0 0 24 0 0 0 46 0 0 0 0 0 0 0 0 94 43 0 0 0 0 0 45 0 0 0 0 0 36 63 0 0 0 0 0 0
44 0 0 1 0 0 0 0 0 0 0 0 0 0 0 0 0 0 1 0 0 0 66 66 0 41 93 0 0 0 0 6 0 0 58 0 0 0 0 0 0 76 0 0 0 12 0 0 0 0 47 0 37 0 0 0 68 0 0 0 0 0 0 0 16 97 0 0 0 0 0 61 20 58 0 49 0 33 61 93 0 0 0 0 0 0 0 0 0 0 0 0 0 0 0 0 0 0 0 0
29 0 0 0 48 0 0 0 20 88 0 0 0 78 0 0 54 63 0 0 0 47 0 0 0 0 0 0 48 0 0 0 0 0 0 0 0 0 76 0 0 0 0 0 0 0 0 25 0 0 0 0 0 0 53 90 52 7 0 96 0 0 0 0 0 0 0 0 0 42 8 37 0 0 0 25 0 0 0 0 0 21 0 29 0 0 0 0 0 65 0 0 0 36 40 0 0 0 0 0
0 0 5 0 0 0 0 34 0 0 0 0 0 0 0 0 39 0 0 0 0 8 0 0 0 0 0 0 0 0 0 0 0 53 34 0 0 0 6 0 78 48 31 0 0 46 0 98 0 37 85 12 0 0 0 0 0 0 0 58 0 0 26 0 0 0 0 0 0 0 0 50 0 0 28 0 0 0 24 61 0 0 0 0 0 0 0 0 19 0 0 0 0 3 19 0 0 35 100 76
0 0 47 0 0 0 0 79 0 25 78 0 60 0 0 0 0 0 0 0 10 0 0 0 0 0 43 3 0 0 0 0 0 0 19 0 0 0 0 0 0 0 27 0 0 0 28 0 91 0 0 0 0 0 0 0 0 0 0 0 0 0 0 0 0 0 0 59 53 92 0 0 0 0 27 35 0 0 0 0 90 62 0 0 38 0 12 54 0 0 41 0 38 0 0 0 0 0 0 0
64 0 0 0 0 0 89 69 49 0 0 0 0 0 88 27 0 0 0 0 0 53 0 0 26 0 0 69 12 0 0 0 92 0 0 57 0 61 0 0 76 92 0 0 0 0 0 7 0 0 0 0 0 0 0 88 0 0 47 17 21 23 0 0 0 54 0 0 0 0 0 0 0 49 2 30 0 0 74 0 0 61 0 0 0 0 0 0 0 0 27 0 0 0 0 0 0 85 75 0
0 0 61 0 0 0 0 0 49 0 0 65 0 0 42 0 0 64 0 0 75 0 0 0 0 0 0 0 21 0 0 0 55 0 0 0 0 0 0 52 28 54 0 0 0 0 0 0 47 0 0 0 0 0 0 0 0 26 0 72 0 0 0 0 0 0 33 0 0 0 0 0 0 0 0 0 0 0 0 0 0 4 16 0 0 0 0 0 43 28 0 27 0 61 0 38 0 0 41 0
0 0 0 0 0 0 13 27 0 0 0 0 0 0 0 57 0 0 0 0 0 36 0 0 63 0 0 67 0 98 0 26 0 0 0 0 0 0 33 0 0 23 0 0 0 0 0 0 0 0 0 0 0 0 0 0 0 0 30 0 0 0 0 0 0 0 0 0 43 0 0 0 0 0 0 0 0 0 0 49 0 5 0 6 23 0 0 0 98 0 0 48 0 0 94 0 52 0 0 0
38 0 0 0 0 80 5 0 0 75 0 0 53 0 0 0 98 0 0 47 51 0 0 0 0 0 0 5 0 0 91 0 0 0 57 0 0 0 33 0 0 0 0 84 0 0 46 85 0 0 94 0 0 100 26 79 0 59 45 0 12 0 59 42 0 0 0 0 0 0 0 3 80 0 0 0 0 0 0 0 0 0 0 48 0 0 0 45 0 0 20 0 0 0 0 0 0 24 0 19
0 87 0 0 37 0 0 0 0 0 7 0 0 0 0 0 0 45 0 0 0 0 43 0 0 0 0 4 0 0 0 47 0 0 0 0 0 0 0 26 0 78 0 0 0 0 27 0 0 25 0 37 35 7 0 0 0 0 0 0 0 0 44 0 0 0 0 0 0 28 0 0 0 0 0 0 0 59 0 0 0 0 0 35 0 0 69 0 0 10 0 0 0 0 0 0 0 0 0 0
0 0 0 0 0 0 0 0 15 0 0 2 37 0 0 0 78 0 90 0 91 0 3 99 0 0 0 0 0 0 0 0 0 0 0 0 0 31 0 81 96 22 0 23 0 0 0 0 38 0 47 0 58 0 0 0 0 0 0 0 13 0 0 0 0 0 0 86 0 0 0 0 0 0 0 0 0 0 0 91 0 49 54 0 48 0 0 76 0 0 0 96 0 0 0 0 0 0 0 0
0 0 0 0 19 0 0 0 0 0 0 0 18 0 0 0 0 75 0 0 0 0 0 0 0 13 0 0 0 0 0 0 0 0 0 0 0 0 26 0 0 0 0 78 0 0 0 0 0 0 0 58 0 0 0 0 0 17 0 0 0 0 87 0 0 0 0 0 0 0 0 0 37 0 8 0 0 15 0 31 0 32 0 0 0 0 0 38 0 0 0 0 0 0 0 0 96 28 0 0
90 0 0 0 0 1 0 0 25 0 0 0 0 33 0 0 0 0 26 0 0 0 0 0 0 87 0 0 23 0 0 0 0 43 0 0 0 0 40 6 0 66 0 0 0 0 0 0 0 0 0 0 0 0 0 0 0 0 21 0 0 0 0 0 0 0 91 74 0 67 0 75 0 0 0 99 0 0 67 0 41 0 0 0 0 95 0 0 88 0 0 12 0 67 0 0 0 0 0 0
37 43 0 0 0 0 0 0 0 0 90 0 0 0 0 0 0 79 0 0 0 99 33 0 0 0 0 0 0 66 0 0 33 0 0 0 0 0 28 0 0 0 0 58 0 0 23 0 0 0 20 0 0 0 0 0 0 0 0 52 0 0 0 45 91 0 0 0 0 0 0 0 0 26 0 0 0 86 0 0 0 0 0 0 0 42 39 0 63 0 56 0 0 0 0 0 0 0 15 0
0 25 56 0 0 0 0 92 90 0 12 76 0 0 0 0 73 0 0 0 0 19 0 0 0 0 0 71 0 0 39 98 51 0 17 66 0 92 0 0 0 0 0 0 33 74 0 31 0 0 0 0 0 0 0 0 0 79 0 0 54 81 0 46 0 0 58 0 0 0 43 48 0 0 0 0 88 85 0 86 0 0 0 0 0 0 0 68 0 67 0 4 0 0 0 74 0 0 0 0
0 78 4 0 0 0 0 26 0 59 0 0 0 0 0 0 0 0 0 89 98 0 0 0 0 0 0 57 0 0 0 18 0 62 0 0 92 3 0 67 0 0 0 0 11 46 0 0 88 0 0 0 0 0 0 0 67 0 0 0 0 0 0 87 0 0 4 1 0 51 67 23 0 0 0 84 0 0 0 0 0 38 0 0 0 0 45 0 18 0 0 0 65 0 0 0 0 0 20 0
97 0 0 0 0 0 0 0 23 0 0 0 0 77 0 0 0 67 0 0 0 0 0 0 3 33 81 0 0 0 0 14 64 0 79 44 0 0 0 0 85 0 0 0 0 0 0 0 0 1 0 0 0 0 0 86 60 0 0 0 63 0 0 0 0 5 0 0 17 0 0 0 0 84 38 0 0 1 92 0 0 80 31 0 0 0 0 0 0 0 0 0 0 0 0 0 0 0 0 0
0 0 0 0 0 0 0 0 0 0 0 0 17 0 0 0 74 0 0 67 0 0 0 6 0 0 21 0 0 0 0 0 0 18 20 96 0 33 77 0 0 0 8 71 0 0 100 97 0 0 0 0 0 0 0 0 0 19 0 0 0 0 73 0 0 4 0 23 0 42 0 0 0 0 0 0 45 0 0 0 0 0 0 0 0 0 0 0 0 0 0 0 56 0 0 0 0 0 0 0
96 0 0 0 0 0 13 19 22 0 0 0 0 0 0 0 0 62 0 66 0 0 0 100 0 50 79 0 0 0 53 92 0 0 64 0 0 0 0 0 0 0 0 0 0 0 0 51 57 0 50 0 0 0 0 36 0 0 61 33 0 0 0 0 0 0 41 0 8 61 0 100 70 0 5 0 0 0 0 0 0 37 0 0 0 51 21 0 0 0 0 0 0 0 0 53 0 0 0 57
0 0 0 0 0 8 0 0 0 57 0 84 2 0 0 0 0 0 98 0 0 0 59 22 0 31 39 3 0 93 0 33 0 97 0 0 0 0 17 0 0 0 0 0 0 0 0 0 0 0 0 0 18 0 0 0 86 40 0 0 0 0 0 84 0 44 0 0 0 0 0 0 0 0 0 45 0 0 37 0 0 0 0 0 54 0 48 0 0 0 0 0 0 0 54 0 0 0 0 0
0 88 0 0 0 77 0 14 87 0 92 0 0 0 0 0 0 5 89 0 0 0 0 0 0 0 0 0 69 0 62 0 0 20 0 0 0 0 3 0 0 0 0 0 79 0 0 0 0 19 13 0 71 0 0 0 24 0 0 0 0 0 0 0 0 67 87 97 0 0 51 54 0 0 0 0 0 0 0 0 0 0 0 0 0 0 0 0 94 0 0 52 0 0 0 0 0 59 0 0
0 0 0 0 41 94 51 0 82 0 0 0 0 0 0 0 57 0 0 0 0 6 49 0 0 48 0 0 0 0 0 0 0 0 0 0 88 0 92 0 0 0 0 0 0 0 0 0 17 0 4 0 0 0 0 0 0 70 0 0 0 0 0 0 75 0 0 0 0 89 0 0 0 0 0 44 0 0 21 0 45 0 79 21 0 0 0 0 13 0 0 0 0 0 0 0 0 0 0 0
99 0 0 14 0 0 18 0 65 0 0 22 0 0 0 18 0 0 0 0 0 0 0 0 0 0 14 0 87 0 0 0 42 0 0 0 61 0 0 0 0 0 0 0 0 0 0 97 0 0 0 0 0 0 0 0 0 0 0 0 0 29 0 0 0 0 0 0 0 18 0 0 0 49 0 0 0 0 0 0 0 0 0 0 0 0 56 79 0 0 0 31 0 0 0 0 0 0 48 0
0 88 94 67 71 0 0 0 0 0 34 0 0 0 44 0 0 0 0 0 0 59 0 0 0 0 0 0 0 83 0 0 0 0 0 72 0 0 0 0 0 34 0 0 47 0 0 45 53 0 0 0 0 0 63 0 0 0 0 0 78 0 0 0 0 0 0 0 38 13 31 0 34 0 0 0 0 50 0 0 13 22 0 0 0 0 93 0 83 0 0 0 0 0 0 0 0 100 0 0
49 0 0 0 0 0 0 0 55 35 12 0 41 0 0 0 45 0 21 0 0 97 0 42 0 0 0 14 72 53 0 0 0 24 34 0 0 14 0 0 0 0 7 17 0 8 44 0 0 61 0 0 0 96 0 9 0 0 0 0 0 0 19 15 0 29 0 0 61 0 0 0 56 0 0 0 71 0 16 0 0 8 0 0 0 0 0 0 0 0 48 42 0 0 17 0 0 0 0 0
0 0 0 0 0 78 0 20 0 53 0 0 79 0 0 0 0 0 31 0 0 0 0 34 82 0 12 92 61 0 0 0 0 0 60 0 69 99 0 0 30 0 0 0 0 0 0 0 7 0 0 0 0 0 0 0 0 0 57 59 0 23 0 0 0 0 0 0 0 0 0 0 0 0 0 0 94 0 0 0 77 0 0 0 0 0 0 0 0 0 0 0 83 2 0 0 0 0 30 0
82 0 0 0 64 93 0 70 0 47 0 59 0 0 0 91 87 0 0 0 48 74 0 0 0 0 0 47 0 0 0 0 0 33 0 0 0 0 0 0 22 10 85 2 0 0 0 0 0 0 0 0 0 4 0 0 0 0 0 0 0 46 0 0 60 0 0 0 0 0 0 0 0 0 0 0 0 0 0 0 11 8 11 0 0 67 0 0 0 0 49 0 0 46 0 42 0 0 0 0
75 0 0 0 0 0 0 50 0 0 0 0 0 15 0 28 0 72 0 81 0 87 61 20 52 0 0 21 0 18 0 0 0 0 0 0 0 0 0 16 0 85 73 0 34 57 63 0 0 0 0 0 0 0 0 0 0 0 38 0 16 56 0 0 0 50 0 0 57 0 0 0 0 35 0 0 0 0 0 0 60 0 0 0 0 0 90 0 0 87 0 0 0 0 32 0 0 34 0 0
0 0 0 0 0 16 0 0 72 56 0 0 22 0 0 0 0 0 0 0 0 0 0 58 75 0 0 93 0 0 0 0 1 0 0 8 0 0 0 0 0 78 90 0 0 0 0 41 0 80 19 0 77 0 0 0 0 0 0 19 0 48 0 0 53 0 86 0 0 0 0 0 0 0 0 0 0 0 0 0 0 56 0 0 33 0 0 0 0 0 56 38 0 0 0 0 0 0 33 0
91 73 72 0 99 53 0 0 0 0 0 0 0 0 0 80 94 0 50 40 80 58 83 0 92 0 0 95 0 0 0 0 0 61 0 0 0 0 0 56 0 0 0 0 0 59 7 0 0 0 0 0 0 0 0 0 0 0 0 0 0 0 0 7 0 0 55 0 0 0 0 28 0 0 0 47 0 0 0 31 0 0 64 36 0 0 0 0 0 29 92 0 0 0 0 32 30 0 0 0
46 0 36 0 0 0 0 0 0 35 0 0 0 98 0 0 0 0 0 77 0 0 37 0 75 0 0 0 0 33 0 0 0 0 0 55 0 0 6 71 42 0 0 0 0 82 0 0 0 0 0 0 0 0 0 64 0 47 0 15 0 34 0 0 42 0 38 0 23 0 10 66 0 33 0 0 0 0 0 60 0 0 0 86 0 76 0 0 0 0 0 0 55 0 0 0 0 0 5 66
24 0 0 0 0 33 0 31 44 0 94 0 0 10 79 0 0 0 66 0 0 0 0 0 72 0 0 0 0 0 0 41 0 0 0 0 51 92 0 0 0 0 67 0 0 0 0 68 0 0 0 0 0 0 68 0 0 0 0 0 0 0 0 0 0 0 0 0 0 0 77 0 0 52 0 0 0 36 0 0 0 90 0 0 0 0 29 0 0 0 0 0 0 13 0 0 29 0 0 0
0 0 0 0 0 82 51 47 0 67 87 81 0 0 0 0 86 0 75 0 0 0 0 0 0 0 81 56 57 78 0 0 0 0 13 0 0 0 0 0 0 0 0 0 0 0 0 0 0 0 0 0 0 54 27 0 0 0 0 0 0 0 0 0 0 66 0 83 0 46 0 55 52 0 0 0 65 0 0 0 9 0 0 14 0 0 0 0 0 0 0 30 0 0 0 0 0 0 0 0
0 0 0 0 0 0 0 26 0 89 0 37 0 43 0 0 62 0 0 0 0 0 0 71 0 0 0 0 12 92 0 0 0 0 0 0 0 0 0 88 0 21 0 0 0 0 0 0 95 0 86 0 22 0 0 0 0 0 0 0 0 0 0 26 0 0 0 70 0 0 0 0 0 0 0 0 51 0 22 6 0 0 0 0 10 0 0 0 0 17 0 0 0 0 0 0 0 60 79 0
4 0 0 0 0 83 0 0 0 0 0 0 0 0 0 84 0 4 0 0 0 0 0 52 97 82 0 0 0 0 0 0 0 0 0 0 0 0 0 60 96 48 0 0 0 0 0 44 66 71 0 0 0 0 0 0 0 38 0 0 0 10 0 54 85 0 0 0 54 0 61 0 0 30 81 0 0 0 11 0 0 0 0 0 0 0 0 0 0 0 22 0 0 0 0 0 0 0 8 0
49 0 0 0 0 0 0 0 0 0 0 0 0 0 0 26 0 47 58 62 0 0 0 0 43 0 0 0 0 0 0 0 4 53 0 0 0 31 20 0 0 0 0 73 0 0 0 0 0 0 0 50 19 56 0 0 0 0 0 0 0 0 0 0 0 0 0 0 0 0 0 74 91 0 0 0 0 0 88 0 0 0 0 0 0 68 0 0 0 0 8 0 0 69 0 0 0 0 0 0
0 0 0 0 17 0 0 0 45 17 0 0 0 0 44 82 0 0 0 13 0 0 1 0 0 0 0 28 0 0 0 0 0 0 0 0 0 0 0 0 0 0 0 0 0 0 0 0 0 0 0 0 0 0 47 84 0 93 26 76 0 0 10 0 0 56 0 0 0 0 0 0 0 0 0 3 79 84 38 0 0 0 0 65 0 0 0 0 34 0 0 0 0 0 0 9 0 0 60 0
0 56 0 0 0 0 0 0 0 0 54 0 0 0 0 0 32 73 0 0 0 0 96 0 0 0 0 0 0 0 80 8 0 98 0 0 0 46 0 0 53 66 94 0 90 0 0 20 0 0 9 0 0 0 0 0 0 0 0 0 28 0 0 0 0 0 0 23 0 0 75 0 0 0 0 0 36 81 66 0 0 0 0 0 0 0 0 95 0 23 58 0 0 0 0 0 0 0 45 0
0 18 18 50 83 0 0 60 84 0 0 99 0 0 61 0 41 0 0 0 0 0 0 21 0 0 55 0 0 0 40 0 0 68 29 0 84 2 0 0 0 90 45 0 0 0 4 15 0 0 0 0 0 0 75 0 0 27 0 0 14 0 0 0 0 0 0 0 0 55 0 0 61 0 34 0 0 62 0 0 0 51 0 73 0 80 25 0 65 0 0 53 0 0 0 0 0 0 0 0
0 87 0 0 0 0 0 0 0 0 0 0 0 0 0 0 22 0 0 0 0 91 0 0 0 0 4 0 0 0 0 0 0 1 0 0 0 0 0 0 0 0 0 0 0 36 0 0 5 0 0 0 0 70 87 56 0 68 0 0 0 22 0 0 0 0 0 0 0 0 0 9 39 0 0 0 0 13 0 84 4 0 0 0 57 0 0 0 0 0 0 0 0 0 0 0 0 0 0 0
26 0 4 0 0 25 0 0 0 100 0 0 89 64 0 0 0 0 26 0 0 86 0 0 0 0 37 0 0 0 87 0 32 0 52 0 0 0 0 0 1 0 0 32 34 35 39 0 0 0 0 0 0 0 0 0 0 12 0 58 0 0 0 0 29 0 64 0 0 0 0 0 0 0 0 0 0 0 0 0 0 0 0 66 28 99 0 96 0 0 0 0 0 0 43 0 0 0 0 34
0 61 0 0 0 0 0 0 0 0 0 0 94 0 0 0 10 0 0 100 23 37 0 0 0 0 0 52 0 0 0 64 0 0 7 0 0 0 0 0 0 0 0 0 0 0 0 0 36 0 0 93 0 0 0 0 0 0 0 0 0 0 0 0 0 0 0 65 0 0 0 0 0 0 0 0 98 79 0 0 44 0 0 78 0 0 0 0 13 42 0 56 83 0 0 0 0 0 0 0
67 0 0 0 48 0 0 0 0 0 99 0 0 61 70 69 0 0 0 26 0 73 0 6 0 15 5 43 0 0 0 0 0 0 0 72 0 0 16 95 0 0 56 0 0 46 88 0 0 0 0 76 0 0 0 16 23 0 0 0 0 0 83 0 95 0 0 0 0 0 0 90 0 0 28 0 0 7 6 0 0 0 0 0 23 0 4 0 0 0 0 4 96 0 0 0 0 0 50 73
0 0 0 0 0 0 0 0 0 0 27 0 0 0 0 0 0 49 0 0 30 0 91 0 0 0 0 48 68 0 0 0 0 0 40 0 0 0 0 0 0 0 0 39 0 0 0 0 0 0 0 0 29 1 0 0 0 0 49 0 0 0 0 53 0 0 0 0 0 67 0 0 0 0 79 0 0 0 44 0 0 0 0 20 0 0 0 15 0 0 0 0 0 73 0 0 92 0 0 0
0 0 0 0 0 0 0 0 5 90 0 0 75 0 56 0 0 0 12 0 0 0 0 0 0 0 0 0 0 0 0 0 0 0 0 0 33 0 95 0 0 58 0 65 25 4 54 0 0 0 0 13 0 0 0 0 0 0 0 0 0 0 25 0 0 70 82 0 0 36 0 0 0 0 0 83 0 0 0 0 0 0 0 0 90 0 0 8 0 91 14 0 0 0 0 0 0 63 0 0
45 0 37 0 0 0 0 0 0 0 0 0 0 0 0 0 39 0 0 0 0 0 0 0 0 88 0 0 0 0 0 16 0 0 48 0 0 0 0 0 90 0 69 0 0 0 0 38 0 0 0 0 0 0 0 0 52 0 0 0 0 7 0 0 0 45 15 0 0 0 0 0 0 0 0 0 0 0 0 0 0 0 0 35 98 0 0 0 0 0 0 0 0 74 0 0 0 0 0 0
39 0 0 36 0 0 0 0 0 0 0 0 0 85 10 0 0 32 0 0 57 0 0 0 31 0 0 0 0 0 0 0 0 0 0 0 0 96 0 0 0 48 0 2 0 0 0 0 0 0 60 0 0 0 94 0 0 0 58 80 0 0 0 0 0 0 0 22 0 0 0 0 0 0 0 91 0 0 69 0 76 14 0 0 77 0 48 42 33 0 0 0 0 73 0 0 0 70 87 0
0 0 0 0 0 0 0 0 0 88 0 0 0 59 0 0 0 0 0 0 0 0 0 0 0 0 50 0 0 0 70 0 0 0 0 0 0 17 85 0 0 81 0 0 0 0 0 86 0 0 0 0 40 0 0 0 0 0 0 99 0 0 44 80 0 35 0 0 0 91 0 10 0 40 0 0 0 0 61 10 0 0 53 0 0 0 0 0 0 0 0 0 0 98 0 94 0 65 0 0
0 0 86 0 0 55 0 67 0 0 0 0 0 92 41 0 0 0 0 0 0 0 0 35 0 0 0 0 89 0 0 3 63 0 0 46 0 0 0 0 0 0 44 5 21 0 29 76 4 0 0 0 0 0 62 0 60 0 0 0 0 0 0 0 0 89 0 0 50 0 45 0 0 0 0 0 0 0 0 95 0 0 18 0 0 0 0 0 0 73 0 48 0 81 0 0 0 0 0 0
0 0 31 0 0 0 0 0 0 0 0 0 0 88 31 0 0 53 33 9 0 100 0 0 0 0 0 0 0 0 0 0 49 46 0 82 0 0 30 0 63 48 0 0 0 0 0 76 49 9 0 72 0 0 20 71 0 0 0 0 0 49 0 0 0 0 0 0 0 67 0 72 0 0 31 0 0 0 0 0 0 0 0 0 95 0 0 0 0 0 37 0 0 40 0 23 0 0 0 0
32 0 0 37 95 0 0 0 0 0 99 0 90 0 0 0 0 0 0 83 0 90 0 13 0 38 0 0 58 0 0 0 68 79 0 0 1 0 0 0 0 0 0 0 0 0 0 0 0 0 0 57 0 0 0 0 0 26 0 0 47 0 0 0 0 0 53 0 87 0 0 0 0 0 12 0 0 19 0 0 0 63 0 0 0 0 0 0 79 0 0 0 0 0 0 0 0 0 65 0
0 0 0 0 0 0 0 0 78 0 0 0 100 0 0 0 0 100 0 0 0 0 0 0 0 0 31 0 14 0 0 0 0 0 0 0 48 8 0 57 0 0 0 52 0 0 0 0 0 0 37 0 0 0 0 0 100 0 0 0 0 0 0 2 29 0 0 40 0 0 80 0 0 0 0 0 0 0 70 0 0 0 0 36 0 0 0 0 4 0 10 0 0 0 0 0 0 69 58 0
27 0 0 60 0 35 0 0 0 25 0 0 0 0 23 0 73 82 53 0 0 80 88 0 71 88 50 0 37 0 0 0 0 48 0 0 0 0 0 0 0 54 53 0 0 0 0 0 0 0 22 57 0 0 0 0 50 0 53 0 0 60 0 0 0 0 0 0 0 59 0 0 0 24 0 41 0 0 0 0 0 0 0 0 0 0 0 72 0 88 0 0 97 0 0 0 59 0 91 0
0 0 0 0 0 0 0 0 0 0 0 99 0 0 51 0 0 0 50 0 0 0 0 0 84 0 95 50 0 0 0 0 0 0 0 73 82 0 0 0 27 0 0 4 94 29 0 0 0 0 0 0 0 0 0 0 0 0 100 0 0 0 0 0 66 0 28 0 0 48 10 3 63 0 0 0 0 0 0 0 0 0 0 0 0 0 80 0 76 0 78 0 0 0 95 64 0 0 0 0
53 0 0 0 0 0 60 0 0 0 3 0 0 58 0 0 42 0 0 0 0 6 0 0 0 0 0 0 0 0 0 0 64 0 0 0 0 72 0 0 0 0 0 0 0 0 16 50 0 0 0 0 12 0 0 0 57 0 0 0 0 0 0 15 0 0 42 0 93 0 0 0 0 21 0 100 0 0 0 8 0 41 0 0 51 0 42 0 0 0 0 0 0 0 0 77 0 37 0 0
90 0 0 0 0 57 0 45 0 76 0 0 0 0 0 0 0 0 0 0 0 0 0 23 0 0 0 0 0 95 0 0 58 0 0 0 0 65 76 0 0 0 0 0 29 0 0 15 0 0 0 0 0 0 0 0 0 0 13 0 0 0 0 0 54 0 45 0 0 0 87 0 36 0 0 0 0 0 58 0 0 0 92 0 0 0 0 0 43 0 0 0 0 0 0 0 59 100 0 87
4 0 0 0 80 0 0 0 0 0 0 13 0 43 0 0 12 66 0 0 55 56 0 0 0 0 68 0 100 0 0 0 0 0 30 90 0 0 90 0 0 0 11 0 0 0 66 0 0 0 80 55 0 63 100 0 0 9 0 0 0 95 0 0 0 0 51 0 0 0 0 0 33 51 32 0 0 92 0 0 44 0 0 0 0 0 0 49 0 0 0 28 0 9 0 0 0 0 0 16
0 60 0 0 0 0 70 18 0 0 71 0 0 14 55 0 0 0 0 76 59 76 0 0 0 0 0 0 85 0 0 0 0 45 0 0 0 0 0 0 0 0 0 0 0 0 0 0 0 0 0 85 0 0 0 0 42 69 0 0 84 0 0 0 0 0 46 0 0 40 51 30 24 0 0 0 0 6 0 0 0 61 0 0 5 0 0 100 7 0 0 17 0 36 0 0 0 0 0 0
58 100 0 29 0 69 0 0 0 0 91 0 0 70 0 54 0 0 52 0 0 0 0 0 10 0 0 0 0 0 0 0 0 50 0 32 0 0 24 0 12 0 40 71 0 0 0 0 0 0 0 73 0 0 0 0 38 0 0 23 0 47 17 30 65 0 27 9 26 40 0 0 0 65 27 0 0 91 0 0 6 0 0 0 0 0 0 0 67 0 0 0 0 0 0 0 0 0 0 0
0 0 0 0 30 73 0 0 0 0 0 0 73 40 0 56 0 0 56 0 0 0 0 0 0 28 0 0 47 0 0 61 0 0 0 0 0 25 98 0 0 0 11 18 0 0 9 0 0 0 0 45 0 17 0 0 0 79 0 0 0 0 0 0 72 0 0 63 42 0 10 0 0 33 4 0 0 0 0 16 0 91 0 0 0 0 83 0 0 82 91 0 0 0 0 67 0 0 67 0
0 0 4 0 0 48 40 0 0 0 0 0 57 0 49 0 0 0 0 0 0 0 0 0 0 81 73 0 0 0 81 0 20 0 0 0 0 16 90 0 0 11 0 0 0 60 60 0 0 0 45 35 0 89 0 0 0 0 0 55 0 0 66 0 84 0 7 0 0 0 0 0 0 0 0 0 0 0 0 0 0 0 29 0 0 0 0 83 0 0 0 0 0 62 0 0 0 64 0 0
0 0 0 0 0 0 0 0 0 0 0 0 0 0 0 0 6 0 0 0 0 0 0 0 78 0 0 0 0 0 0 0 0 0 0 0 3 54 0 0 0 64 0 0 80 40 0 58 0 0 0 0 0 0 0 0 0 0 85 0 0 0 0 0 0 0 0 0 0 0 66 0 0 21 0 0 0 0 0 0 0 0 0 0 0 0 0 0 0 0 43 0 15 72 0 0 0 0 0 0
0 0 0 0 0 0 0 0 0 0 0 82 0 83 0 0 47 43 0 0 0 0 0 0 0 93 0 0 65 0 0 0 0 11 0 96 0 0 0 0 0 0 0 0 0 0 0 0 15 0 47 0 59 0 0 0 0 0 0 0 0 0 0 21 0 43 0 0 0 0 0 84 42 0 0 37 0 0 0 0 41 68 23 0 0 18 20 0 0 0 0 0 0 60 0 0 0 96 0 0
0 0 0 0 0 0 0 0 0 0 66 98 0 0 25 0 0 17 88 0 0 0 44 84 0 0 20 56 47 0 0 0 42 0 0 0 0 0 54 0 44 45 52 0 90 34 0 0 0 70 97 0 0 0 0 0 0 0 31 0 0 0 29 0 34 0 47 0 0 0 0 67 0 0 46 0 33 0 30 70 0 20 70 0 0 0 0 0 0 0 0 0 32 0 0 0 0 61 0 0
0 21 16 0 0 0 0 0 51 0 7 31 0 0 0 0 0 23 37 0 0 0 0 0 0 0 0 0 0 0 0 96 0 21 0 14 58 0 0 48 0 0 0 88 29 24 0 0 0 72 0 0 0 100 58 92 76 0 0 62 0 0 0 0 0 0 0 0 0 0 0 0 0 0 0 54 0 0 0 0 0 99 0 0 0 0 0 0 42 0 0 5 0 0 0 0 98 0 0 0
0 0 0 0 0 48 0 65 19 0 57 0 0 85 0 87 0 12 0 0 45 0 0 0 0 0 0 0 0 91 0 5 81 27 72 0 18 0 0 0 22 0 36 0 0 0 0 0 3 0 11 0 0 0 0 0 0 0 78 30 0 0 70 0 0 17 0 0 61 0 77 0 0 0 0 96 0 0 33 54 0 0 0 0 0 0 0 40 90 0 0 0 0 0 0 0 62 0 93 65
0 0 0 0 0 0 87 0 66 0 0 0 0 79 0 0 27 0 0 0 0 0 90 0 46 0 0 0 28 0 0 0 34 0 0 0 0 0 0 0 92 0 0 0 0 25 0 0 0 0 0 0 0 0 0 12 29 0 0 0 0 0 0 0 0 17 0 0 0 0 0 0 0 46 0 0 0 82 0 0 0 58 49 50 0 68 0 0 0 0 0 0 0 0 0 0 49 0 43 8
0 15 1 0 0 0 0 0 0 79 45 66 0 0 0 0 0 0 0 0 0 0 0 0 0 67 0 0 13 0 73 96 6 0 42 0 0 40 0 0 0 0 0 0 0 83 31 0 0 0 21 0 96 0 0 0 0 0 0 0 0 0 0 0 0 0 0 0 50 0 0 0 0 0 0 0 0 0 0 69 0 0 0 54 0 0 0 0 0 0 0 0 0 10 0 0 0 46 0 0
0 100 0 74 73 87 88 0 0 0 0 0 77 0 0 27 0 93 0 0 39 0 0 0 0 0 0 0 0 0 24 0 0 94 0 0 0 0 0 0 0 0 0 0 45 22 0 0 59 0 0 0 0 0 0 5 0 0 0 0 0 0 74 0 52 19 0 11 0 0 0 0 0 92 0 0 0 0 94 78 0 0 0 0 48 0 65 0 0 99 77 47 0 31 0 0 0 0 0 0
11 0 1 0 0 0 0 0 0 0 0 8 0 0 0 0 0 0 0 20 0 0 0 0 0 0 71 0 0 0 91 0 0 0 0 97 31 0 0 0 0 0 0 0 0 0 0 0 0 0 0 56 0 0 94 69 0 0 0 0 0 0 4 95 0 77 0 0 28 0 0 0 0 0 84 0 0 0 0 0 0 0 0 55 0 0 52 0 72 0 41 0 0 40 0 60 0 0 0 0
0 83 0 0 0 0 0 0 0 0 67 0 0 0 0 0 0 0 0 0 0 0 0 0 6 0 0 0 0 66 0 0 17 0 0 0 0 0 0 0 0 35 0 98 11 0 0 0 0 98 0 52 0 0 0 0 0 92 0 0 0 87 0 100 31 0 0 0 0 0 0 39 0 0 0 0 53 0 0 0 0 49 16 0 0 0 0 0 0 0 0 0 0 0 26 0 26 0 0 0
0 0 3 0 0 0 0 0 19 42 0 0 0 0 38 0 0 0 82 0 0 0 0 99 0 0 39 55 0 0 0 82 84 0 0 0 72 0 0 85 0 15 0 64 0 0 0 69 7 0 0 0 60 0 0 0 0 0 0 0 0 65 0 0 0 0 68 0 0 0 42 0 0 0 0 0 0 0 0 0 0 0 88 52 0 0 0 0 0 57 12 0 0 0 0 0 0 0 0 0
0 0 2 0 0 0 20 73 0 0 0 0 51 0 0 0 74 0 39 0 88 72 0 0 0 0 0 96 0 51 21 0 0 17 0 0 0 0 0 95 0 0 0 71 0 0 0 0 32 15 0 0 0 0 0 0 0 0 0 0 37 0 0 0 0 0 80 0 90 0 0 92 63 0 0 0 0 0 0 0 0 0 0 0 0 0 79 0 0 0 0 0 0 0 0 0 96 0 0 0
35 0 0 84 0 0 0 45 0 0 0 29 0 0 0 0 0 1 95 0 0 0 0 0 0 0 0 0 75 0 42 0 81 0 0 0 0 81 75 0 97 0 0 0 0 0 56 0 0 0 0 0 0 0 9 0 0 0 59 0 0 0 0 71 25 0 88 0 0 0 50 0 87 0 0 0 0 0 0 38 0 87 0 0 0 91 0 6 0 17 0 0 0 0 0 75 0 11 0 0
0 0 0 44 0 0 0 0 0 9 0 0 0 95 87 30 0 26 8 78 0 86 0 0 53 0 53 0 0 0 0 0 0 0 65 0 2 81 0 0 0 0 0 0 0 0 0 0 0 0 0 0 0 21 0 47 0 0 0 0 0 58 0 0 0 0 0 16 0 0 0 0 13 46 0 0 0 53 0 0 0 0 0 0 0 0 0 0 26 0 0 62 0 0 0 0 0 0 0 0
0 0 0 0 0 0 0 0 0 0 65 90 0 21 56 0 72 0 3 69 0 0 90 0 0 0 0 93 0 0 25 10 0 0 79 0 0 0 0 0 44 0 0 0 0 0 55 3 23 0 87 0 0 0 0 0 48 0 42 0 91 0 0 0 0 0 0 0 1 0 65 20 81 0 0 0 0 97 0 0 28 0 0 0 0 0 0 0 79 0 88 0 0 33 0 0 0 0 0 0
0 0 65 0 0 0 0 0 32 0 0 0 0 0 53 65 19 84 0 83 0 0 40 0 0 0 0 0 0 78 0 0 0 58 0 0 0 36 0 0 0 0 19 0 0 0 0 0 0 0 0 0 0 0 0 0 0 0 0 0 0 0 0 0 0 0 0 0 0 0 0 0 87 0 0 0 0 0 0 0 74 0 0 0 0 0 0 0 25 0 0 0 0 0 91 0 0 0 35 0
0 48 0 0 0 0 83 0 0 0 0 0 0 75 82 0 0 0 52 0 0 39 0 0 0 0 0 0 0 0 58 21 77 0 80 0 0 0 0 4 0 0 0 0 0 0 39 0 0 0 0 0 87 64 89 0 0 89 23 0 14 0 37 0 0 0 0 0 0 0 0 10 82 4 0 63 0 0 28 0 0 0 0 0 39 0 0 91 0 39 0 0 0 0 19 0 0 0 0 0
0 0 0 0 0 0 0 0 0 8 0 16 0 0 36 49 0 0 0 0 51 0 0 0 0 0 73 62 0 0 0 22 0 0 0 46 0 0 0 2 0 0 46 0 0 0 0 76 21 0 8 0 0 0 25 0 65 0 0 38 0 0 0 0 0 0 0 0 0 0 0 0 27 0 0 0 0 0 0 0 19 0 15 0 97 12 0 0 0 90 49 0 0 0 48 18 29 0 0 52
17 0 0 0 8 52 16 0 0 0 0 0 0 0 0 0 0 0 0 0 0 12 0 0 0 0 0 0 0 0 0 0 6 0 0 0 0 0 64 0 0 0 0 0 0 82 68 0 0 46 0 0 0 31 0 0 0 34 0 89 0 0 42 0 0 0 0 0 0 0 0 0 0 0 63 0 0 0 0 0 70 81 0 14 0 0 0 0 0 0 17 0 0 0 0 93 0 0 0 0
0 71 16 0 0 0 0 0 0 48 31 78 0 0 93 35 0 0 0 38 0 0 0 0 0 0 0 16 0 0 0 36 0 0 0 0 80 0 0 0 0 0 0 0 0 0 0 0 0 0 0 37 75 0 0 0 55 0 0 27 72 0 0 0 0 0 51 0 0 0 0 0 0 47 72 0 0 0 0 0 0 61 93 28 0 0 50 0 0 0 67 0 0 38 0 0 0 43 0 0
81 52 0 94 0 0 0 0 5 0 82 0 22 99 0 0 0 98 0 70 0 0 0 0 62 0 37 0 0 0 0 0 0 0 90 0 0 0 0 0 0 0 0 54 0 0 0 97 0 0 0 0 0 0 0 0 0 0 0 0 0 0 0 0 0 0 0 43 33 0 0 0 0 98 0 93 0 48 0 29 99 94 0 44 0 57 0 93 0 0 0 74 0 0 0 0 97 44 0 0
0 0 0 8 0 0 0 0 0 47 0 0 0 0 0 0 0 0 0 0 59 0 0 0 0 0 0 83 0 6 7 32 0 0 0 0 0 0 0 0 0 20 0 0 97 44 0 0 0 0 18 0 0 0 44 0 13 2 0 0 0 0 0 0 0 0 0 0 0 0 0 0 96 0 0 0 30 0 86 0 0 0 0 0 91 34 0 0 64 0 0 73 0 62 0 0 0 56 0 0
0 0 35 39 0 0 2 27 0 9 0 0 68 0 0 20 43 54 0 0 0 0 0 0 0 59 0 0 0 0 0 33 48 0 91 0 0 0 0 93 0 0 58 0 0 95 9 79 38 39 0 36 5 0 0 0 0 0 0 0 0 59 0 84 31 0 92 96 0 0 0 0 0 55 5 20 78 0 0 0 0 0 70 89 0 0 0 0 39 0 0 0 0 74 0 0 0 0 0 0
0 0 0 0 0 0 86 0 0 0 0 76 0 0 61 0 78 0 0 17 22 0 0 0 2 0 0 0 0 0 0 0 0 100 0 0 0 0 0 0 85 0 0 0 0 0 4 68 0 0 0 0 0 82 0 0 0 35 64 0 0 0 94 31 36 0 0 60 58 0 0 0 22 0 0 87 0 0 0 0 0 0 24 0 53 0 0 0 0 0 0 0 0 0 0 87 0 0 0 0
0 0 26 0 0 0 0 59 0 0 0 0 0 0 0 0 98 0 85 0 77 0 0 0 28 0 0 65 0 93 42 0 0 0 0 0 0 0 0 0 0 0 0 0 0 0 0 0 0 0 0 32 0 27 0 0 0 0 0 0 0 0 0 93 18 0 47 46 0 0 0 0 0 0 0 0 0 0 0 0 0 0 0 0 0 0 0 0 0 0 0 0 0 0 61 35 0 0 0 74
0 0 0 0 0 0 0 0 0 0 0 0 78 0 0 0 0 72 20 0 34 0 0 0 0 0 27 0 0 0 0 0 0 32 34 48 26 0 6 0 4 0 0 0 0 32 69 0 0 0 66 56 55 13 22 17 8 0 0 0 0 0 14 0 1 0 52 0 0 24 0 0 0 0 0 0 0 68 59 0 52 63 0 0 0 0 90 0 0 0 0 0 0 74 76 0 0 0 0 0
0 68 0 92 85 0 36 0 0 61 97 0 0 0 1 0 0 42 0 0 0 0 0 0 0 0 0 0 18 0 93 0 0 67 0 0 0 0 0 0 0 0 0 0 0 0 0 0 0 0 0 0 0 0 0 0 0 0 0 0 0 0 0 0 0 0 51 0 58 0 0 0 33 0 0 0 0 0 0 0 0 1 0 0 0 0 0 63 57 0 95 0 0 0 69 57 0 0 0 53
0 0 0 42 0 0 0 0 0 0 0 90 0 0 80 0 0 0 0 0 0 0 0 0 0 0 58 0 0 0 0 3 91 0 44 0 0 0 0 0 0 0 0 0 23 0 0 0 0 0 13 41 0 0 0 0 0 0 0 0 0 0 0 0 0 0 87 0 0 45 0 0 63 0 0 0 57 0 0 0 0 0 0 13 0 0 0 0 0 0 0 0 0 0 0 0 0 0 0 0
0 0 0 0 0 0 78 0 0 0 0 0 0 0 0 42 90 0 83 0 0 0 0 0 0 0 98 0 0 52 0 0 61 0 0 0 0 0 25 76 0 0 23 0 0 0 0 0 0 1 0 0 0 0 0 0 0 56 0 0 0 75 0 0 0 9 0 0 0 0 0 0 0 0 0 0 0 0 0 0 0 0 0 46 0 0 0 0 0 0 0 0 0 20 0 37 0 0 0 31
0 17 0 0 64 0 0 0 0 0 85 28 88 0 87 0 0 98 0 0 88 0 0 0 0 0 0 0 0 0 0 58 0 1 9 0 0 0 69 0 6 12 0 0 31 0 0 0 100 0 0 9 0 0 0 0 0 0 0 0 88 0 0 25 85 12 0 0 0 0 79 0 0 0 0 0 99 0 0 0 0 0 0 50 75 38 0 0 0 19 0 69 3 0 0 0 0 0 0 0
16 0 0 0 0 0 68 23 0 15 99 0 0 0 0 0 79 0 94 0 45 0 0 59 0 0 0 21 77 0 0 0 0 9 0 0 0 36 0 0 0 0 0 32 0 70 0 0 0 0 0 0 0 0 0 0 0 68 0 0 0 0 0 0 0 0 0 64 8 0 0 0 0 0 4 0 0 16 0 0 0 0 0 0 51 39 0 0 0 0 32 84 0 0 0 0 32 0 0 0
0 0 0 42 98 14 0 0 0 0 0 54 0 0 0 0 4 0 38 0 0 32 0 0 0 0 83 0 0 0 0 33 0 0 0 59 0 0 0 0 73 0 0 93 77 0 0 0 0 0 3 0 0 7 0 0 99 0 0 0 0 12 0 0 81 0 0 0 0 0 0 0 0 0 89 0 12 0 25 0 0 86 44 0 0 0 0 28 68 0 75 0 95 0 32 56 0 0 0 0
0 79 0 0 0 0 30 0 0 0 0 0 0 0 26 40 0 5 0 0 0 0 67 0 0 65 18 0 0 0 53 0 51 0 1 0 0 23 72 0 40 0 0 51 0 0 0 34 0 30 0 0 0 41 0 0 0 0 30 0 60 0 0 0 29 0 60 75 0 24 0 0 0 21 0 0 0 0 0 0 0 57 47 0 0 0 0 0 0 0 0 0 0 0 0 78 0 21 0 0
0 0 0 0 0 0 97 0 0 0 0 0 0 0 0 1 0 0 82 94 50 0 0 0 71 23 46 0 85 0 52 0 0 25 0 47 0 0 0 0 0 0 0 0 0 0 10 0 21 0 0 0 0 0 0 0 0 0 71 0 71 0 0 0 61 0 0 0 0 6 0 0 0 0 0 0 0 41 0 0 0 0 0 0 0 0 63 61 0 78 88 72 73 0 0 0 38 53 0 0
0 0 0 0 0 0 0 0 26 0 61 0 0 0 0 0 0 0 76 0 73 0 0 0 18 0 0 62 0 75 0 0 0 18 0 0 0 0 0 0 0 56 0 0 0 0 21 0 0 28 0 27 0 0 0 0 0 70 93 0 0 0 40 69 0 0 0 26 0 0 0 57 0 0 84 0 13 60 82 0 0 0 0 19 0 0 0 0 0 0 0 0 0 0 0 0 0 15 34 48
0 0 3 0 0 0 0 0 0 47 4 0 0 0 95 0 23 0 0 0 26 69 0 0 0 0 39 0 0 0 0 0 0 0 0 0 0 0 0 99 0 0 0 97 0 0 0 0 0 0 0 0 0 0 0 0 0 18 0 0 0 29 0 0 0 0 0 45 0 0 0 0 0 0 0 0 0 0 0 0 0 41 0 86 70 98 58 0 18 0 0 0 0 0 16 0 0 0 0 0
0 0 0 34 0 0 0 0 0 0 99 0 0 0 89 57 0 0 0 0 0 0 0 0 0 0 91 68 57 0 49 16 0 0 17 0 0 61 0 40 0 0 8 0 0 44 0 0 0 61 0 17 79 0 0 0 92 0 0 0 34 83 30 7 32 0 0 86 85 0 0 0 0 0 88 0 0 0 0 0 0 0 0 99 0 0 0 0 0 0 73 0 0 0 0 16 0 15 0 77
0 0 0 0 0 0 0 0 39 0 0 0 0 0 100 0 0 0 0 0 0 0 0 0 0 26 0 0 24 0 0 0 0 0 10 1 0 0 0 50 0 0 0 0 55 0 0 0 0 0 0 90 0 0 0 82 0 0 0 76 34 97 0 0 0 0 0 0 23 36 0 42 0 0 17 0 0 21 0 0 0 0 0 33 0 0 0 0 0 0 51 0 0 0 0 0 0 0 16 0
0 0 0 100 0 12 0 0 96 0 0 29 0 0 0 0 51 0 0 0 0 30 0 0 60 0 0 0 0 0 88 0 0 0 0 49 21 0 37 0 0 0 3 0 79 78 0 0 66 94 0 0 0 4 0 1 0 0 0 0 0 78 0 0 46 0 0 0 0 0 0 0 0 0 0 17 0 41 0 0 0 0 58 69 68 0 0 0 0 0 0 72 0 0 0 0 0 0 0 0
4 65 0 82 2 40 0 0 0 0 29 0 0 80 0 96 0 90 0 0 0 0 0 48 0 0 0 85 0 44 44 0 73 79 0 0 0 0 0 0 0 55 0 58 76 0 18 59 0 0 13 0 0 44 0 0 0 0 0 0 0 0 0 0 0 0 88 0 0 0 79 0 0 0 0 0 0 0 0 76 95 0 0 0 0 0 22 0 0 0 0 0 33 89 0 0 0 0 0 0
26 0 0 28 0 0 0 0 0 0 0 0 0 0 0 0 0 0 15 0 0 0 44 18 0 44 9 0 0 0 0 82 0 0 63 0 0 0 0 0 0 94 0 0 0 61 0 0 0 0 60 0 50 0 0 0 12 0 0 0 0 0 0 0 52 85 0 0 0 0 0 35 21 74 0 28 0 36 46 49 0 0 0 0 0 0 0 0 0 0 0 0 0 0 0 0 0 0 0 0
55 0 0 0 14 0 0 0 2 99 0 0 0 100 0 0 59 42 0 0 0 95 0 0 0 0 0 0 29 0 0 0 0 0 0 0 0 0 54 0 0 0 0 0 0 0 0 74 0 0 0 0 0 0 43 66 58 43 0 37 0 0 0 0 0 0 0 0 0 40 2 5 0 0 0 47 0 0 0 0 0 63 0 3 0 0 0 0 0 59 0 0 0 14 64 0 0 0 0 0
0 0 88 0 0 0 0 75 0 0 0 0 0 0 0 0 85 0 0 0 0 90 0 0 0 0 0 0 0 0 0 0 0 59 4 0 0 0 30 0 26 86 63 0 0 35 0 6 0 38 24 64 0 0 0 0 0 0 0 72 0 0 94 0 0 0 0 0 0 0 0 44 0 0 65 0 0 0 64 44 0 0 0 0 0 0 0 0 87 0 0 0 0 40 94 0 0 56 29 51
0 0 97 0 0 0 0 24 0 98 67 0 56 0 0 0 0 0 0 0 6 0 0 0 0 0 16 1 0 0 0 0 0 0 27 0 0 0 0 0 0 0 62 0 0 0 78 0 58 0 0 0 0 0 0 0 0 0 0 0 0 0 0 0 0 0 0 52 3 29 0 0 0 0 20 83 0 0 0 0 99 85 0 0 21 0 92 92 0 0 80 0 28 0 0 0 0 0 0 0
50 0 0 0 0 0 21 15 44 0 0 0 0 0 94 27 0 0 0 0 0 28 0 0 100 0 0 50 63 0 0 0 12 0 0 47 0 98 0 0 57 98 0 0 0 0 0 91 0 0 0 0 0 0 0 11 0 0 49 4 5 62 0 0 0 57 0 0 0 0 0 0 0 80 82 63 0 0 21 0 0 24 0 0 0 0 0 0 0 0 5 0 0 0 0 0 0 36 60 0
0 0 22 0 0 0 0 0 26 0 0 90 0 0 46 0 0 84 0 0 34 0 0 0 0 0 0 0 20 0 0 0 14 0 0 0 0 0 0 46 48 65 0 0 0 0 0 0 17 0 0 0 0 0 0 0 0 52 0 33 0 0 0 0 0 0 79 0 0 0 0 0 0 0 0 0 0 0 0 0 0 4 19 0 0 0 0 0 21 95 0 46 0 21 0 12 0 0 57 0
0 0 0 0 0 0 49 33 0 0 0 0 0 0 0 88 0 0 0 0 0 28 0 0 5 0 0 49 0 10 0 40 0 0 0 0 0 0 54 0 0 23 0 0 0 0 0 0 0 0 0 0 0 0 0 0 0 0 97 0 0 0 0 0 0 0 0 0 43 0 0 0 0 0 0 0 0 0 0 41 0 73 0 36 69 0 0 0 34 0 0 16 0 0 11 0 17 0 0 0
4 0 0 0 0 80 72 0 0 68 0 0 5 0 0 0 53 0 0 86 12 0 0 0 0 0 0 84 0 0 75 0 0 0 87 0 0 0 59 0 0 0 0 22 0 0 45 51 0 0 44 0 0 48 26 36 0 19 41 0 26 0 100 55 0 0 0 0 0 0 0 99 83 0 0 0 0 0 0 0 0 0 0 1 0 0 0 97 0 0 70 0 0 0 0 0 0 34 0 14
0 73 0 0 4 0 0 0 0 0 6 0 0 0 0 0 0 75 0 0 0 0 29 0 0 0 0 91 0 0 0 97 0 0 0 0 0 0 0 48 0 43 0 0 0 0 74 0 0 25 0 94 73 39 0 0 0 0 0 0 0 0 5 0 0 0 0 0 0 52 0 0 0 0 0 0 0 90 0 0 0 0 0 63 0 0 98 0 0 62 0 0 0 0 0 0 0 0 0 0
0 0 0 0 0 0 0 0 46 0 0 17 58 0 0 0 73 0 10 0 73 0 35 45 0 0 0 0 0 0 0 0 0 0 0 0 0 73 0 49 3 78 0 49 0 0 0 0 52 0 72 0 92 0 0 0 0 0 0 0 12 0 0 0 0 0 0 21 0 0 0 0 0 0 0 0 0 0 0 36 0 25 56 0 68 0 0 49 0 0 0 68 0 0 0 0 0 0 0 0
0 0 0 0 17 0 0 0 0 0 0 0 93 0 0 0 0 64 0 0 0 0 0 0 0 93 0 0 0 0 0 0 0 0 0 0 0 0 67 0 0 0 0 5 0 0 0 0 0 0 0 50 0 0 0 0 0 75 0 0 0 0 64 0 0 0 0 0 0 0 0 0 89 0 73 0 0 39 0 78 0 85 0 0 0 0 0 6 0 0 0 0 0 0 0 0 84 90 0 0
47 0 0 0 0 6 0 0 98 0 0 0 0 86 0 0 0 0 4 0 0 0 0 0 0 48 0 0 59 0 0 0 0 45 0 0 0 0 13 75 0 92 0 0 0 0 0 0 0 0 0 0 0 0 0 0 0 0 45 0 0 0 0 0 0 0 91 71 0 53 0 95 0 0 0 33 0 0 50 0 11 0 0 0 0 96 0 0 1 0 0 6 0 28 0 0 0 0 0 0
83 58 0 0 0 0 0 0 0 0 7 0 0 0 0 0 0 99 0 0 0 6 70 0 0 0 0 0 0 25 0 0 21 0 0 0 0 0 97 0 0 0 0 39 0 0 11 0 0 0 88 0 0 0 0 0 0 0 0 76 0 0 0 48 87 0 0 0 0 0 0 0 0 76 0 0 0 88 0 0 0 0 0 0 0 86 92 0 74 0 31 0 0 0 0 0 0 0 99 0
0 67 63 0 0 0 0 61 29 0 29 17 0 0 0 0 79 0 0 0 0 64 0 0 0 0 0 87 0 0 11 66 89 0 47 88 0 34 0 0 0 0 0 0 60 77 0 77 0 0 0 0 0 0 0 0 0 58 0 0 66 70 0 19 0 0 46 0 0 0 84 68 0 0 0 0 21 11 0 21 0 0 0 0 0 0 0 73 0 69 0 83 0 0 0 23 0 0 0 0
0 59 53 0 0 0 0 57 0 68 0 0 0 0 0 0 0 0 0 93 20 0 0 0 0 0 0 34 0 0 0 61 0 55 0 0 36 67 0 98 0 0 0 0 80 44 0 0 79 0 0 0 0 0 0 0 65 0 0 0 0 0 0 64 0 0 93 45 0 32 68 3 0 0 0 9 0 0 0 0 0 24 0 0 0 0 51 0 63 0 0 0 100 0 0 0 0 0 94 0
52 0 0 0 0 0 0 0 27 0 0 0 0 54 0 0 0 38 0 0 0 0 0 0 39 41 21 0 0 0 0 7 97 0 40 24 0 0 0 0 24 0 0 0 0 0 0 0 0 95 0 0 0 0 0 19 35 0 0 0 51 0 0 0 0 90 0 0 99 0 0 0 0 33 78 0 0 89 44 0 0 83 22 0 0 0 0 0 0 0 0 0 0 0 0 0 0 0 0 0
0 0 0 0 0 0 0 0 0 0 0 0 8 0 0 0 3 0 0 97 0 0 0 40 0 0 52 0 0 0 0 0 0 56 18 38 0 71 85 0 0 0 77 42 0 0 38 39 0 0 0 0 0 0 0 0 0 23 0 0 0 0 100 0 0 49 0 37 0 12 0 0 0 0 0 0 48 0 0 0 0 0 0 0 0 0 0 0 0 0 0 0 98 0 0 0 0 0 0 0
55 0 0 0 0 0 31 42 50 0 0 0 0 0 0 0 0 72 0 55 0 0 0 97 0 53 25 0 0 0 64 30 0 0 92 0 0 0 0 0 0 0 0 0 0 0 0 89 16 0 30 0 0 0 0 94 0 0 65 56 0 0 0 0 0 0 27 0 85 84 0 23 87 0 92 0 0 0 0 0 0 80 0 0 0 62 54 0 0 0 0 0 0 0 0 79 0 0 0 2
0 0 0 0 0 85 0 0 0 48 0 83 44 0 0 0 0 0 38 0 0 0 67 21 0 30 79 63 0 66 0 75 0 55 0 0 0 0 85 0 0 0 0 0 0 0 0 0 0 0 0 0 82 0 0 0 95 64 0 0 0 0 0 89 0 91 0 0 0 0 0 0 0 0 0 17 0 0 74 0 0 0 0 0 76 0 50 0 0 0 0 0 0 0 73 0 0 0 0 0
0 43 0 0 0 29 0 63 17 0 93 0 0 0 0 0 0 3 99 0 0 0 0 0 0 0 0 0 16 0 68 0 0 48 0 0 0 0 43 0 0 0 0 0 52 0 0 0 0 22 100 0 92 0 0 0 35 0 0 0 0 0 0 0 0 94 59 19 0 0 44 27 0 0 0 0 0 0 0 0 0 0 0 0 0 0 0 0 53 0 0 69 0 0 0 0 0 77 0 0
0 0 0 0 73 27 78 0 42 0 0 0 0 0 0 0 64 0 0 0 0 43 41 0 0 36 0 0 0 0 0 0 0 0 0 0 68 0 16 0 0 0 0 0 0 0 0 0 44 0 72 0 0 0 0 0 0 15 0 0 0 0 0 0 61 0 0 0 0 1 0 0 0 0 0 8 0 0 85 0 92 0 99 42 0 0 0 0 23 0 0 0 0 0 0 0 0 0 0 0
56 0 0 79 0 0 92 0 85 0 0 29 0 0 0 25 0 0 0 0 0 0 0 0 0 0 41 0 31 0 0 0 28 0 0 0 61 0 0 0 0 0 0 0 0 0 0 35 0 0 0 0 0 0 0 0 0 0 0 0 0 90 0 0 0 0 0 0 0 14 0 0 0 24 0 0 0 0 0 0 0 0 0 0 0 0 5 41 0 0 0 85 0 0 0 0 0 0 61 0
0 94 82 23 84 0 0 0 0 0 2 0 0 0 57 0 0 0 0 0 0 88 0 0 0 0 0 0 0 6 0 0 0 0 0 94 0 0 0 0 0 79 0 0 57 0 0 28 94 0 0 0 0 0 75 0 0 0 0 0 39 0 0 0 0 0 0 0 61 76 18 0 28 0 0 0 0 5 0 0 12 86 0 0 0 0 99 0 51 0 0 0 0 0 0 0 0 15 0 0
65 0 0 0 0 0 0 0 36 11 65 0 45 0 0 0 5 0 3 0 0 61 0 97 0 0 0 43 28 40 0 0 0 12 53 0 0 17 0 0 0 0 67 47 0 79 46 0 0 26 0 0 0 84 0 76 0 0 0 0 0 0 94 57 0 34 0 0 27 0 0 0 58 0 0 0 36 0 63 0 0 40 0 0 0 0 0 0 0 0 37 20 0 0 42 0 0 0 0 0
0 0 0 0 0 12 0 79 0 99 0 0 27 0 0 0 0 0 66 0 0 0 0 5 49 0 1 28 33 0 0 0 0 0 46 0 66 34 0 0 56 0 0 0 0 0 0 0 6 0 0 0 0 0 0 0 0 0 63 8 0 93 0 0 0 0 0 0 0 0 0 0 0 0 0 0 59 0 0 0 23 0 0 0 0 0 0 0 0 0 0 0 96 54 0 0 0 0 75 0
64 0 0 0 58 14 0 65 0 83 0 48 0 0 0 33 54 0 0 0 56 46 0 0 0 0 0 56 0 0 0 0 0 14 0 0 0 0 0 0 50 65 77 19 0 0 0 0 0 0 0 0 0 11 0 0 0 0 0 0 0 81 0 0 91 0 0 0 0 0 0 0 0 0 0 0 0 0 0 0 83 47 50 0 0 92 0 0 0 0 65 0 0 91 0 9 0 0 0 0
74 0 0 0 0 0 0 41 0 0 0 0 0 71 0 2 0 71 0 68 0 80 76 55 85 0 0 57 0 60 0 0 0 0 0 0 0 0 0 83 0 28 22 0 40 7 32 0 0 0 0 0 0 0 0 0 0 0 48 0 54 64 0 0 0 60 0 0 53 0 0 0 0 23 0 0 0 0 0 0 4 0 0 0 0 0 12 0 0 99 0 0 0 0 64 0 0 7 0 0
0 0 0 0 0 98 0 0 56 99 0 0 87 0 0 0 0 0 0 0 0 0 0 23 53 0 0 64 0 0 0 0 93 0 0 28 0 0 0 0 0 39 73 0 0 0 0 61 0 62 30 0 72 0 0 0 0 0 0 25 0 99 0 0 3 0 87 0 0 0 0 0 0 0 0 0 0 0 0 0 0 100 0 0 10 0 0 0 0 0 3 24 0 0 0 0 0 0 28 0
19 55 91 0 98 66 0 0 0 0 0 0 0 0 0 83 43 0 57 20 29 71 32 0 68 0 0 84 0 0 0 0 0 81 0 0 0 0 0 19 0 0 0 0 0 79 61 0 0 0 0 0 0 0 0 0 0 0 0 0 0 0 0 4 0 0 52 0 0 0 0 21 0 0 0 89 0 0 0 92 0 0 59 58 0 0 0 0 0 73 53 0 0 0 0 11 8 0 0 0
43 0 75 0 0 0 0 0 0 8 0 0 0 59 0 0 0 0 0 88 0 0 47 0 64 0 0 0 0 21 0 0 0 0 0 86 0 0 81 40 38 0 0 0 0 44 0 0 0 0 0 0 0 0 0 69 0 87 0 16 0 5 0 0 39 0 91 0 34 0 64 80 0 63 0 0 0 0 0 10 0 0 0 9 0 64 0 0 0 0 0 0 43 0 0 0 0 0 16 41
96 0 0 0 0 62 0 31 56 0 53 0 0 27 91 0 0 0 11 0 0 0 0 0 7 0 0 0 0 0 0 13 0 0 0 0 59 20 0 0 0 0 100 0 0 0 0 32 0 0 0 0 0 0 51 0 0 0 0 0 0 0 0 0 0 0 0 0 0 0 50 0 0 3 0 0 0 99 0 0 0 56 0 0 0 0 42 0 0 0 0 0 0 47 0 0 18 0 0 0
0 0 0 0 0 45 72 68 0 86 50 86 0 0 0 0 10 0 60 0 0 0 0 0 0 0 97 73 95 52 0 0 0 0 43 0 0 0 0 0 0 0 0 0 0 0 0 0 0 0 0 0 0 64 84 0 0 0 0 0 0 0 0 0 0 30 0 36 0 72 0 65 96 0 0 0 100 0 0 0 58 0 0 20 0 0 0 0 0 0 0 55 0 0 0 0 0 0 0 0
0 0 0 0 0 0 0 78 0 89 0 100 0 3 0 0 58 0 0 0 0 0 0 8 0 0 0 0 57 71 0 0 0 0 0 0 0 0 0 58 0 26 0 0 0 0 0 0 98 0 64 0 47 0 0 0 0 0 0 0 0 0 0 19 0 0 0 50 0 0 0 0 0 0 0 0 35 0 14 61 0 0 0 0 63 0 0 0 0 34 0 0 0 0 0 0 0 12 84 0
93 0 0 0 0 100 0 0 0 0 0 0 0 0 0 13 0 14 0 0 0 0 0 40 2 36 0 0 0 0 0 0 0 0 0 0 0 0 0 75 48 68 0 0 0 0 0 1 20 69 0 0 0 0 0 0 0 77 0 0 0 83 0 30 65 0 0 0 77 0 15 0 0 76 93 0 0 0 30 0 0 0 0 0 0 0 0 0 0 0 37 0 0 0 0 0 0 0 78 0
5 0 0 0 0 0 0 0 0 0 0 0 0 0 0 25 0 65 10 90 0 0 0 0 64 0 0 0 0 0 0 0 49 53 0 0 0 16 20 0 0 0 0 68 0 0 0 0 0 0 0 79 36 96 0 0 0 0 0 0 0 0 0 0 0 0 0 0 0 0 0 62 13 0 0 0 0 0 60 0 0 0 0 0 0 86 0 0 0 0 10 0 0 81 0 0 0 0 0 0
0 0 0 0 70 0 0 0 76 83 0 0 0 0 80 86 0 0 0 93 0 0 82 0 0 0 0 74 0 0 0 0 0 0 0 0 0 0 0 0 0 0 0 0 0 0 0 0 0 0 0 0 0 0 80 98 0 21 32 7 0 0 94 0 0 23 0 0 0 0 0 0 0 0 0 57 49 76 69 0 0 0 0 99 0 0 0 0 80 0 0 0 0 0 0 44 0 0 78 0
0 84 0 0 0 0 0 0 0 0 77 0 0 0 0 0 85 28 0 0 0 0 90 0 0 0 0 0 0 0 11 92 0 37 0 0 0 74 0 0 31 31 86 0 39 0 0 68 0 0 96 0 0 0 0 0 0 0 0 0 100 0 0 0 0 0 0 4 0 0 68 0 0 0 0 0 32 43 15 0 0 0 0 0 0 0 0 19 0 44 37 0 0 0 0 0 0 0 13 0
0 69 96 7 97 0 0 23 32 0 0 15 0 0 13 0 64 0 0 0 0 0 0 53 0 0 72 0 0 0 46 0 0 2 55 0 25 51 0 0 0 59 49 0 0 0 84 71 0 0 0 0 0 0 54 0 0 7 0 0 100 0 0 0 0 0 0 0 0 70 0 0 88 0 2 0 0 82 0 0 0 80 0 74 0 5 34 0 11 0 0 99 0 0 0 0 0 0 0 0
0 88 0 0 0 0 0 0 0 0 0 0 0 0 0 0 94 0 0 0 0 75 0 0 0 0 30 0 0 0 0 0 0 89 0 0 0 0 0 0 0 0 0 0 0 53 0 0 41 0 0 0 0 71 92 84 0 62 0 0 0 37 0 0 0 0 0 0 0 0 0 64 81 0 0 0 0 72 0 100 75 0 0 0 29 0 0 0 0 0 0 0 0 0 0 0 0 0 0 0
37 0 94 0 0 12 0 0 0 76 0 0 34 21 0 0 0 0 29 0 0 70 0 0 0 0 61 0 0 0 63 0 50 0 8 0 0 0 0 0 50 0 0 89 69 95 31 0 0 0 0 0 0 0 0 0 0 83 0 90 0 0 0 0 3 0 29 0 0 0 0 0 0 0 0 0 0 0 0 0 0 0 0 99 33 34 0 22 0 0 0 0 0 0 37 0 0 0 0 42
0 97 0 0 0 0 0 0 0 0 0 0 76 0 0 0 89 0 0 46 43 59 0 0 0 0 0 83 0 0 0 84 0 0 55 0 0 0 0 0 0 0 0 0 0 0 0 0 60 0 0 84 0 0 0 0 0 0 0 0 0 0 0 0 0 0 0 41 0 0 0 0 0 0 0 0 35 90 0 0 26 0 0 32 0 0 0 0 16 22 0 65 99 0 0 0 0 0 0 0
76 0 0 0 31 0 0 0 0 0 59 0 0 84 39 54 0 0 0 60 0 50 0 53 0 33 23 56 0 0 0 0 0 0 0 40 0 0 36 30 0 0 47 0 0 81 18 0 0 0 0 71 0 0 0 97 89 0 0 0 0 0 28 0 21 0 0 0 0 0 0 14 0 0 57 0 0 23 8 0 0 0 0 0 38 0 29 0 0 0 0 64 94 0 0 0 0 0 90 57
0 0 0 0 0 0 0 0 0 0 48 0 0 0 0 0 0 23 0 0 6 0 1 0 0 0 0 76 5 0 0 0 0 0 1 0 0 0 0 0 0 0 0 91 0 0 0 0 0 0 0 0 75 54 0 0 0 0 16 0 0 0 0 5 0 0 0 0 0 40 0 0 0 0 7 0 0 0 8 0 0 0 0 53 0 0 0 33 0 0 0 0 0 19 0 0 21 0 0 0
0 0 0 0 0 0 0 0 2 89 0 0 96 0 78 0 0 0 90 0 0 0 0 0 0 0 0 0 0 0 0 0 0 0 0 0 71 0 82 0 0 2 0 15 90 49 14 0 0 0 0 93 0 0 0 0 0 0 0 0 0 0 54 0 0 96 53 0 0 31 0 0 0 0 0 51 0 0 0 0 0 0 0 0 38 0 0 44 0 93 96 0 0 0 0 0 0 83 0 0
62 0 53 0 0 0 0 0 0 0 0 0 0 0 0 0 56 0 0 0 0 0 0 0 0 49 0 0 0 0 0 77 0 0 94 0 0 0 0 0 46 0 36 0 0 0 0 83 0 0 0 0 0 0 0 0 26 0 0 0 0 73 0 0 0 98 57 0 0 0 0 0 0 0 0 0 0 0 0 0 0 0 0 38 2 0 0 0 0 0 0 0 0 41 0 0 0 0 0 0
47 0 0 97 0 0 0 0 0 0 0 0 0 96 67 0 0 99 0 0 41 0 0 0 99 0 0 0 0 0 0 0 0 0 0 0 0 98 0 0 0 94 0 10 0 0 0 0 0 0 4 0 0 0 93 0 0 0 58 76 0 0 0 0 0 0 0 37 0 0 0 0 0 0 0 91 0 0 71 0 76 19 0 0 27 0 44 52 1 0 0 0 0 21 0 0 0 31 43 0
0 0 0 0 0 0 0 0 0 80 0 0 0 32 0 0 0 0 0 0 0 0 0 0 0 0 66 0 0 0 79 0 0 0 0 0 0 31 74 0 0 56 0 0 0 0 0 1 0 0 0 0 75 0 0 0 0 0 0 27 0 0 98 96 0 78 0 0 0 68 0 81 0 45 0 0 0 0 45 50 0 0 33 0 0 0 0 0 0 0 0 0 0 64 0 40 0 69 0 0
0 0 54 0 0 19 0 10 0 0 0 0 0 83 43 0 0 0 0 0 0 0 0 52 0 0 0 0 80 0 0 76 57 0 0 36 0 0 0 0 0 0 16 97 21 0 24 55 83 0 0 0 0 0 66 0 1 0 0 0 0 0 0 0 0 92 0 0 21 0 95 0 0 0 0 0 0 0 0 43 0 0 98 0 0 0 0 0 0 31 0 50 0 28 0 0 0 0 0 0
0 0 76 0 0 0 0 0 0 0 0 0 0 5 17 0 0 59 43 14 0 68 0 0 0 0 0 0 0 0 0 0 18 12 0 8 0 0 56 0 32 96 0 0 0 0 0 68 13 88 0 48 0 0 87 12 0 0 0 0 0 95 0 0 0 0 0 0 0 47 0 67 0 0 79 0 0 0 0 0 0 0 0 0 31 0 0 0 0 0 74 0 0 55 0 42 0 0 0 0
33 0 0 87 8 0 0 0 0 0 54 0 100 0 0 0 0 0 0 39 0 69 0 80 0 73 0 0 3 0 0 0 86 35 0 0 42 0 0 0 0 0 0 0 0 0 0 0 0 0 0 3 0 0 0 0 0 6 0 0 69 0 0 0 0 0 99 0 2 0 0 0 0 0 34 0 0 68 0 0 0 49 0 0 0 0 0 0 51 0 0 0 0 0 0 0 0 0 13 0
0 0 0 0 0 0 0 0 88 0 0 0 82 0 0 0 0 99 0 0 0 0 0 0 0 0 60 0 86 0 0 0 0 0 0 0 95 51 0 61 0 0 0 12 0 0 0 0 0 0 59 0 0 0 0 0 55 0 0 0 0 0 0 4 16 0 0 29 0 0 24 0 0 0 0 0 0 0 87 0 0 0 0 69 0 0 0 0 47 0 16 0 0 0 0 0 0 82 71 0
70 0 0 74 0 66 0 0 0 20 0 0 0 0 94 0 62 41 46 0 0 29 100 0 24 78 23 0 79 0 0 0 0 50 0 0 0 0 0 0 0 98 63 0 0 0 0 0 0 0 16 48 0 0 0 0 65 0 59 0 0 87 0 0 0 0 0 0 0 65 0 0 0 77 0 31 0 0 0 0 0 0 0 0 0 0 0 100 0 4 0 0 98 0 0 0 13 0 52 0
0 0 0 0 0 0 0 0 0 0 0 61 0 0 36 0 0 0 86 0 0 0 0 0 60 0 11 58 0 0 0 0 0 0 0 41 13 0 0 0 88 0 0 71 28 59 0 0 0 0 0 0 0 0 0 0 0 0 8 0 0 0 0 0 15 0 90 0 0 21 62 13 51 0 0 0 0 0 0 0 0 0 0 0 0 0 15 0 82 0 88 0 0 0 87 94 0 0 0 0
51 0 0 0 0 0 80 0 0 0 58 0 0 37 0 0 32 0 0 0 0 13 0 0 0 0 0 0 0 0 0 0 83 0 0 0 0 67 0 0 0 0 0 0 0 0 94 81 0 0 0 0 55 0 0 0 53 0 0 0 0 0 0 74 0 0 40 0 94 0 0 0 0 79 0 55 0 0 0 20 0 23 0 0 17 0 58 0 0 0 0 0 0 0 0 58 0 99 0 0
35 0 0 0 0 94 0 33 0 12 0 0 0 0 0 0 0 0 0 0 0 0 0 31 0 0 0 0 0 2 0 0 42 0 0 0 0 55 56 0 0 0 0 0 77 0 0 8 0 0 0 0 0 0 0 0 0 0 6 0 0 0 0 0 75 0 8 0 0 0 90 0 95 0 0 0 0 0 15 0 0 0 20 0 0 0 0 0 97 0 0 0 0 0 0 0 19 16 0 50
49 0 0 0 91 0 0 0 0 0 0 48 0 32 0 0 94 99 0 0 32 4 0 0 0 0 49 0 79 0 0 0 0 0 6 74 0 0 93 0 0 0 56 0 0 0 26 0 0 0 15 85 0 78 35 0 0 75 0 0 0 80 0 0 0 0 54 0 0 0 0 0 51 90 17 0 0 55 0 0 42 0 0 0 0 0 0 99 0 0 0 45 0 80 0 0 0 0 0 89
0 58 0 0 0 0 58 32 0 0 19 0 0 69 36 0 0 0 0 5 72 39 0 0 0 0 0 0 57 0 0 0 0 70 0 0 0 0 0 0 0 0 0 0 0 0 0 0 0 0 0 70 0 0 0 0 9 85 0 0 35 0 0 0 0 0 5 0 0 44 96 17 12 0 0 0 0 20 0 0 0 77 0 0 78 0 0 81 66 0 0 53 0 51 0 0 0 0 0 0
5 38 0 8 0 3 0 0 0 0 76 0 0 62 0 3 0 0 15 0 0 0 0 0 74 0 0 0 0 0 0 0 0 83 0 98 0 0 16 0 4 0 12 100 0 0 0 0 0 0 0 23 0 0 0 0 69 0 0 30 0 68 13 74 28 0 95 18 34 64 0 0 0 97 81 0 0 75 0 0 16 0 0 0 0 0 0 0 41 0 0 0 0 0 0 0 0 0 0 0
0 0 0 0 72 94 0 0 0 0 0 0 81 76 0 66 0 0 96 0 0 0 0 0 0 47 0 0 70 0 0 90 0 0 0 0 0 81 50 0 0 0 87 29 0 0 1 0 0 0 0 98 0 50 0 0 0 85 0 0 0 0 0 0 47 0 0 5 60 0 95 0 0 47 36 0 0 0 0 46 0 95 0 0 0 0 63 0 0 15 19 0 0 0 0 42 0 0 100 0
0 0 76 0 0 93 1 0 0 0 0 0 40 0 4 0 0 0 0 0 0 0 0 0 0 85 4 0 0 0 69 0 77 0 0 0 0 54 16 0 0 70 0 0 0 88 71 0 0 0 90 97 0 65 0 0 0 0 0 79 0 0 9 0 54 0 51 0 0 0 0 0 0 0 0 0 0 0 0 0 0 0 79 0 0 0 0 24 0 0 0 0 0 70 0 0 0 39 0 0
0 0 0 0 0 0 0 0 0 0 0 0 0 0 0 0 87 0 0 0 0 0 0 0 28 0 0 0 0 0 0 0 0 0 0 0 89 100 0 0 0 6 0 0 30 22 0 84 0 0 0 0 0 0 0 0 0 0 6 0 0 0 0 0 0 0 0 0 0 0 18 0 0 99 0 0 0 0 0 0 0 0 0 0 0 0 0 0 0 0 87 0 52 2 0 0 0 0 0 0
0 0 0 0 0 0 0 0 0 0 0 43 0 4 0 0 94 43 0 0 0 0 0 0 0 99 0 0 67 0 0 0 0 61 0 94 0 0 0 0 0 0 0 0 0 0 0 0 40 0 27 0 52 0 0 0 0 0 0 0 0 0 0 41 0 40 0 0 0 0 0 16 48 0 0 60 0 0 0 0 99 78 74 0 0 42 14 0 0 0 0 0 0 27 0 0 0 100 0 0
0 0 0 0 0 0 0 0 0 0 54 83 0 0 48 0 0 12 77 0 0 0 60 37 0 0 14 92 98 0 0 0 67 0 0 0 0 0 20 0 33 55 27 0 42 49 0 0 0 55 87 0 0 0 0 0 0 0 93 0 0 0 26 0 30 0 37 0 0 0 0 86 0 0 81 0 12 0 8 55 0 100 34 0 0 0 0 0 0 0 0 0 94 0 0 0 0 91 0 0
0 16 46 0 0 0 0 0 21 0 10 63 0 0 0 0 0 1 84 0 0 0 0 0 0 0 0 0 0 0 0 96 0 32 0 85 35 0 0 20 0 0 0 75 16 47 0 0 0 95 0 0 0 61 67 59 91 0 0 29 0 0 0 0 0 0 0 0 0 0 0 0 0 0 0 55 0 0 0 0 0 35 0 0 0 0 0 0 50 0 0 87 0 0 0 0 9 0 0 0
0 0 0 0 0 55 0 49 18 0 12 0 0 60 0 69 0 24 0 0 47 0 0 0 0 0 0 0 0 27 0 60 92 91 68 0 8 0 0 0 56 0 88 0 0 0 0 0 90 0 36 0 0 0 0 0 0 0 71 16 0 0 71 0 0 9 0 0 44 0 8 0 0 0 0 37 0 0 34 23 0 0 0 0 0 0 0 69 41 0 0 0 0 0 0 0 89 0 47 51
0 0 0 0 0 0 6 0 65 0 0 0 0 20 0 0 4 0 0 0 0 0 6 0 18 0 0 0 17 0 0 0 64 0 0 0 0 0 0 0 77 0 0 0 0 72 0 0 0 0 0 0 0 0 0 90 53 0 0 0 0 0 0 0 0 82 0 0 0 0 0 0 0 16 0 0 0 14 0 0 0 75 15 71 0 37 0 0 0 0 0 0 0 0 0 0 64 0 31 16
0 87 11 0 0 0 0 0 0 66 89 38 0 0 0 0 0 0 0 0 0 0 0 0 0 71 0 0 21 0 100 58 55 0 5 0 0 40 0 0 0 0 0 0 0 69 54 0 0 0 25 0 69 0 0 0 0 0 0 0 0 0 0 0 0 0 0 0 51 0 0 0 0 0 0 0 0 0 0 51 0 0 0 97 0 0 0 0 0 0 0 0 0 1 0 0 0 95 0 0
0 10 0 68 50 23 78 0 0 0 0 0 64 0 0 88 0 6 0 0 60 0 0 0 0 0 0 0 0 0 35 0 0 88 0 0 0 0 0 0 0 0 0 0 6 60 0 0 42 0 0 0 0 0 0 89 0 0 0 0 0 0 4 0 94 94 0 96 0 0 0 0 0 21 0 0 0 0 36 1 0 0 0 0 61 0 32 0 0 23 11 79 0 40 0 0 0 0 0 0
10 0 19 0 0 0 0 0 0 0 0 45 0 0 0 0 0 0 0 39 0 0 0 0 0 0 68 0 0 0 65 0 0 0 0 48 29 0 0 0 0 0 0 0 0 0 0 0 0 0 0 89 0 0 68 27 0 0 0 0 0 0 33 79 0 63 0 0 4 0 0 0 0 0 2 0 0 0 0 0 0 0 0 76 0 0 19 0 92 0 32 0 0 20 0 69 0 0 0 0
0 29 0 0 0 0 0 0 0 0 55 0 0 0 0 0 0 0 0 0 0 0 0 0 21 0 0 0 0 40 0 0 16 0 0 0 0 0 0 0 0 75 0 86 69 0 0 0 0 11 0 31 0 0 0 0 0 100 0 0 0 95 0 89 79 0 0 0 0 0 0 64 0 0 0 0 54 0 0 0 0 93 89 0 0 0 0 0 0 0 0 0 0 0 9 0 3 0 0 0
0 0 55 0 0 0 0 0 31 76 0 0 0 0 81 0 0 0 60 0 0 0 0 81 0 0 93 26 0 0 0 30 93 0 0 0 2 0 0 41 0 70 0 53 0 0 0 24 63 0 0 0 31 0 0 0 0 0 0 0 0 70 0 0 0 0 34 0 0 0 48 0 0 0 0 0 0 0 0 0 0 0 80 95 0 0 0 0 0 91 49 0 0 0 0 0 0 0 0 0