100
0 0 0 71 0 0 0 0 0 0 0 0 0 0 14 0 0 0 0 0 75 44 0 19 67 0 0 66 0 0 0 0 47 0 0 42 0 0 0 0 84 0 0 0 0 0 0 0 82 42 0 0 0 0 0 0 70 23 0 0 0 15 0 42 0 0 0 0 30 0 0 0 0 34 0 40 56 24 0 0 0 0 32 0 0 0 24 0 0 90 0 0 0 0 49 0 0 0 0 0
0 0 0 0 37 0 0 32 0 1 0 8 0 0 0 0 0 78 75 0 0 0 0 0 0 0 0 0 0 91 0 0 0 97 58 0 0 16 0 47 0 0 0 0 0 6 0 0 0 0 0 56 34 0 0 0 21 0 0 0 0 0 45 0 0 20 0 0 0 29 0 22 0 13 0 0 1 28 0 0 0 72 0 93 0 0 0 0 0 52 0 0 77 0 29 0 0 0 0 0
0 56 0 0 0 0 0 95 0 0 0 0 0 0 0 0 0 0 91 69 0 0 0 0 2 33 0 0 0 0 0 0 69 0 0 0 0 0 0 0 0 0 0 0 0 56 0 0 45 0 20 0 0 0 0 0 59 0 0 0 0 0 0 0 0 23 0 0 0 30 53 0 47 0 29 45 0 0 0 0 0 17 0 0 0 0 0 0 0 0 0 0 0 0 0 0 0 0 27 0
0 26 0 0 0 45 16 28 0 0 0 0 0 87 0 0 31 0 0 16 0 0 30 0 0 35 0 0 0 0 67 61 0 0 0 65 70 48 82 0 0 0 0 0 13 0 0 0 0 0 0 85 0 0 35 0 0 15 0 0 0 0 0 0 0 96 0 45 0 0 4 0 0 58 37 0 0 62 0 34 0 0 26 0 0 0 0 0 0 0 0 42 0 0 16 0 0 0 0 0
0 0 0 0 0 99 0 96 0 28 42 66 0 78 0 0 0 0 0 40 0 0 0 0 0 0 0 23 54 0 66 0 64 0 90 0 0 0 0 0 0 0 60 0 0 0 0 0 0 0 0 0 0 0 64 0 0 0 0 60 68 0 0 97 0 0 0 0 33 0 0 0 0 0 0 0 0 0 0 0 0 0 0 0 0 0 0 0 98 0 62 0 0 0 0 0 0 58 0 0
0 0 0 0 0 0 0 0 0 0 0 0 97 63 0 0 0 42 20 54 0 0 0 0 0 0 0 0 0 68 2 79 33 0 0 0 0 0 0 0 0 7 0 0 0 0 0 22 89 0 12 0 0 0 0 76 0 29 0 0 0 0 0 36 0 0 0 0 0 0 0 0 98 0 0 0 0 0 76 3 0 0 0 0 0 0 43 0 0 0 0 94 64 0 85 0 0 0 0 0
4 0 0 0 83 40 0 0 47 0 93 0 0 0 0 0 0 50 0 0 0 0 0 0 0 0 0 0 59 0 0 17 0 0 0 0 0 0 0 0 94 0 0 0 0 0 0 0 0 0 0 0 0 0 0 0 0 0 82 0 0 0 44 0 0 0 0 0 0 0 45 49 0 0 40 0 0 59 0 45 0 0 0 18 0 57 81 0 0 12 0 0 0 82 100 59 0 16 0 0
0 0 0 0 0 0 0 0 0 0 0 0 0 0 0 14 0 85 68 0 0 11 65 0 0 0 0 0 0 0 0 74 85 20 0 0 0 0 58 0 0 0 0 0 0 27 0 20 31 92 0 0 91 0 0 0 72 0 52 0 0 0 0 48 48 65 0 12 0 0 45 0 0 0 0 0 0 0 0 0 0 0 44 0 0 0 0 0 24 0 0 0 0 0 0 0 0 0 0 0
0 0 0 99 0 0 0 0 0 51 0 0 0 38 0 44 34 18 81 0 79 94 0 61 0 0 17 0 91 83 0 0 0 0 0 69 0 89 0 25 0 0 0 43 0 0 0 0 0 0 32 0 0 0 0 0 0 46 0 81 0 2 92 75 28 93 0 0 56 0 0 0 0 0 0 0 0 0 36 0 0 0 0 0 59 0 0 62 42 0 57 0 38 0 0 6 87 0 0 38
0 0 0 0 0 0 0 73 0 0 0 0 0 0 0 4 0 0 0 15 0 0 77 12 8 0 0 81 0 0 0 0 0 0 0 0 0 0 16 0 0 0 0 36 0 97 0 0 59 0 0 0 0 0 58 0 0 0 0 0 0 0 3 0 0 98 87 0 5 27 0 54 0 0 0 0 0 0 26 59 0 58 0 96 0 99 0 0 0 0 0 0 0 0 0 0 0 16 0 0
0 0 82 0 0 0 0 0 11 0 0 0 42 0 0 0 0 0 0 0 0 64 0 0 0 50 80 0 0 0 0 0 0 48 0 0 0 0 59 59 0 0 0 0 0 50 0 0 19 0 0 0 0 0 0 0 84 46 0 0 93 52 0 0 0 0 0 0 0 0 0 13 0 0 0 0 91 0 0 0 0 0 0 0 0 95 0 0 0 0 0 0 0 0 0 0 0 84 0 0
10 0 0 21 0 0 61 0 0 0 0 0 0 0 0 0 0 0 0 86 62 0 0 0 0 0 0 0 0 0 0 0 2 0 0 25 0 0 0 0 15 0 0 0 32 0 0 0 41 0 0 24 0 0 3 0 0 0 88 0 0 0 0 0 0 76 0 0 0 0 64 0 13 53 0 24 96 0 0 0 0 0 0 0 0 0 36 0 0 69 26 0 0 0 0 0 0 0 56 75
93 16 88 0 0 0 0 0 0 50 0 0 0 0 100 0 0 0 34 0 47 0 0 25 0 0 0 66 0 0 0 54 0 0 0 0 0 0 0 26 90 0 85 0 0 88 27 0 0 0 0 0 41 0 0 0 0 0 0 87 0 0 0 0 0 0 0 0 54 27 0 0 6 0 0 0 34 0 0 0 0 0 84 7 0 25 48 0 0 41 40 52 0 0 0 63 28 0 0 0
95 0 0 0 0 21 0 0 0 0 69 0 0 0 0 61 0 0 0 93 0 0 0 39 0 0 0 0 63 0 0 0 0 0 0 53 68 0 0 0 61 0 0 0 0 0 0 0 0 0 11 0 0 0 0 81 0 0 58 0 93 0 0 0 0 0 0 0 0 43 0 0 0 0 0 0 0 0 0 0 0 0 0 0 74 0 0 0 0 0 0 94 0 0 30 0 86 0 0 98
0 0 0 0 0 0 0 0 72 0 0 0 0 56 0 0 0 0 93 0 0 0 0 46 0 0 0 0 0 7 0 0 46 0 0 0 0 0 84 99 0 0 0 0 49 0 0 96 0 0 0 0 76 0 7 0 0 0 0 0 0 0 0 0 0 50 0 19 0 0 0 36 0 0 0 0 0 66 0 65 0 0 0 25 0 0 86 67 0 0 0 0 0 0 93 61 0 0 0 0
0 94 0 0 0 0 0 0 0 0 0 0 0 0 0 0 68 0 0 0 0 0 0 0 0 0 0 0 0 44 0 37 0 69 94 0 10 17 0 0 0 69 0 0 0 0 0 83 37 0 8 8 17 42 63 0 0 0 0 0 77 86 0 0 12 0 96 6 0 0 0 9 77 0 0 0 67 0 0 2 0 0 0 0 0 0 0 0 0 0 92 62 0 33 0 0 0 40 0 0
0 0 23 0 0 56 0 6 73 0 21 0 54 0 0 18 0 0 0 0 0 0 0 0 0 0 0 0 0 0 0 0 0 0 0 82 72 23 0 0 0 14 60 0 0 27 0 0 0 0 77 62 0 0 0 98 0 0 99 0 0 0 0 0 33 0 8 0 43 0 0 0 86 0 0 27 37 0 0 0 71 0 0 0 76 0 0 0 0 0 0 0 0 0 0 0 0 0 0 0
0 0 0 0 0 0 0 0 0 94 0 0 78 29 0 0 46 0 0 0 52 22 70 0 0 0 0 0 0 0 0 0 0 0 0 0 2 69 0 0 0 0 0 22 0 0 50 0 24 0 33 0 16 0 0 0 0 0 0 0 0 0 0 0 0 35 0 41 0 0 0 0 0 13 95 0 5 0 0 0 92 49 0 0 0 82 0 0 0 0 0 0 16 0 0 0 0 97 0 0
32 0 0 0 0 18 0 60 0 0 0 0 0 67 0 0 0 33 0 0 24 0 0 0 0 40 0 0 15 0 0 0 0 0 0 0 0 0 0 99 0 27 39 54 0 0 0 92 0 72 36 0 0 0 0 0 0 0 49 0 0 72 0 0 0 41 0 0 0 13 0 0 98 0 0 73 0 85 0 0 0 0 34 0 0 48 75 41 0 0 99 0 0 0 0 0 85 0 23 0
0 0 0 0 0 0 0 0 0 15 84 93 0 0 97 0 0 0 8 0 0 99 0 0 0 0 0 0 0 0 46 44 44 0 0 83 0 89 0 0 68 0 0 0 42 0 30 0 45 53 52 0 0 0 0 0 0 0 0 0 15 0 0 36 0 0 0 0 0 0 65 25 30 0 0 0 0 0 0 0 24 0 16 58 80 21 14 26 0 0 0 0 0 0 0 0 0 0 0 0
0 0 94 0 0 0 24 0 0 0 39 91 82 0 16 0 26 68 14 65 0 84 0 0 0 0 0 0 76 0 0 25 0 0 0 0 40 16 42 0 0 0 0 0 25 0 10 85 0 0 0 0 0 0 0 0 6 0 20 0 0 0 72 0 5 0 18 0 0 53 0 0 0 0 87 0 66 0 0 0 0 0 0 100 0 49 68 0 0 10 0 0 0 0 0 0 0 0 0 0
91 0 81 0 77 0 0 0 0 0 0 0 0 97 0 16 0 95 53 41 0 0 67 0 0 0 0 0 0 0 0 0 85 0 0 0 0 0 0 0 43 0 0 47 0 0 98 0 70 32 0 0 0 0 0 0 0 0 0 0 68 65 0 0 0 0 0 0 42 0 0 9 0 0 0 0 0 0 0 0 0 0 0 0 0 60 0 0 0 0 0 0 0 0 0 19 52 8 0 0
0 0 0 0 76 0 0 4 0 89 71 0 0 0 50 0 0 0 0 77 0 69 0 0 16 0 0 0 0 0 0 50 0 0 0 5 0 3 0 0 0 37 0 0 0 0 0 0 0 2 65 0 0 0 0 0 0 0 40 0 0 0 0 0 0 0 41 0 17 0 0 0 0 0 34 0 0 0 0 0 0 0 0 0 0 0 0 19 0 92 0 0 0 0 0 0 0 0 0 0
0 0 0 0 23 40 14 0 43 0 0 0 0 0 43 10 0 31 0 25 0 0 34 0 0 64 18 0 0 0 0 0 0 0 0 0 0 0 0 12 85 0 26 92 0 42 0 0 0 8 96 0 60 0 0 0 55 0 91 0 0 0 0 0 0 73 0 0 0 46 0 0 0 0 0 0 0 94 0 0 0 49 0 89 0 0 0 0 0 0 0 0 0 0 53 0 0 0 81 0
0 0 64 0 0 0 0 32 0 0 0 0 20 0 0 0 0 0 41 0 0 0 0 90 0 97 60 83 53 0 0 0 90 2 0 80 0 64 43 3 0 0 0 0 0 0 0 0 31 0 0 0 0 0 0 0 0 0 68 0 81 0 0 0 0 0 0 42 1 84 0 0 0 46 0 0 25 0 0 0 0 0 0 0 0 48 83 74 0 0 0 0 0 0 0 96 0 32 0 0
0 0 0 88 0 47 0 0 80 0 85 0 0 96 47 0 0 65 9 13 0 0 0 0 0 0 0 0 0 64 0 45 0 0 0 0 0 0 0 0 0 0 0 98 0 0 0 0 0 0 0 40 61 0 0 0 0 70 79 0 0 0 0 0 0 0 90 0 0 0 30 0 0 0 0 21 0 0 0 0 0 0 0 0 0 0 50 0 0 0 0 0 67 0 0 0 0 0 0 0
0 68 0 0 0 83 0 0 31 0 0 0 0 0 0 0 0 20 0 0 0 45 0 0 0 0 0 0 0 49 0 0 0 0 0 0 61 0 0 0 0 35 39 0 0 82 12 0 16 38 0 0 0 0 0 25 76 0 0 0 0 0 0 98 0 0 0 0 19 0 0 76 0 0 0 0 0 0 0 0 0 0 45 0 0 0 0 0 0 0 80 0 0 0 0 0 0 0 0 0
0 0 0 44 0 0 51 0 9 0 0 0 21 0 0 0 0 0 0 51 0 78 0 0 0 0 0 0 43 91 0 0 17 0 13 0 0 51 0 0 68 0 0 0 0 1 0 71 98 49 0 0 0 0 0 0 4 0 0 0 0 0 83 55 0 0 0 0 0 0 15 0 49 0 86 56 0 0 99 0 16 0 0 0 29 0 80 0 0 0 0 0 44 84 0 0 64 0 0 0
0 0 0 0 0 64 0 13 1 0 0 0 0 0 0 0 0 0 0 31 0 0 43 0 0 0 0 0 0 0 0 87 0 0 0 0 36 0 0 0 0 3 0 0 0 0 46 85 0 0 0 72 39 0 0 0 0 0 0 96 0 0 0 0 0 0 0 24 0 0 30 0 0 0 0 40 0 0 0 0 0 44 0 0 0 0 3 0 73 0 37 0 0 0 29 0 0 76 83 0
0 0 0 0 0 39 0 9 83 0 0 0 0 0 0 0 29 0 0 0 0 0 0 0 0 0 0 15 0 0 0 0 0 0 0 0 0 98 0 0 88 0 43 0 57 0 0 0 0 0 40 0 0 52 0 0 0 0 0 0 0 24 34 11 0 37 32 0 0 24 73 0 49 0 0 0 35 0 0 0 0 0 0 0 0 0 0 0 0 95 0 71 0 0 0 67 0 0 26 0
0 0 43 0 51 29 0 0 0 0 98 0 0 0 0 7 0 82 0 0 0 14 0 0 0 69 0 0 0 0 0 0 86 19 47 0 0 0 43 38 86 0 32 55 0 0 0 100 0 59 0 55 0 0 0 0 0 0 0 0 27 0 86 0 14 0 14 0 0 0 0 0 71 0 0 0 0 91 0 0 0 96 0 9 0 0 0 74 0 0 0 0 51 0 63 0 0 0 0 14
26 0 0 0 0 58 0 0 0 0 9 0 0 34 0 93 0 0 0 0 0 31 87 99 69 0 60 0 0 0 0 0 0 0 0 90 0 0 0 0 0 0 0 91 52 0 0 0 15 0 0 0 0 0 39 0 0 0 0 0 0 0 0 0 0 15 0 0 0 0 0 0 0 0 0 0 0 88 0 90 81 0 93 0 0 0 55 0 0 0 0 0 0 0 0 0 50 0 0 0
0 0 68 0 0 0 0 0 0 0 98 0 0 0 60 0 0 0 26 0 0 96 35 0 0 60 0 0 36 0 0 0 0 0 75 64 0 99 0 0 0 0 0 0 0 0 0 0 0 0 9 0 0 0 0 0 0 0 46 0 83 0 0 0 0 0 0 0 0 0 65 0 0 0 0 0 96 43 0 0 0 0 0 0 0 0 42 0 18 0 0 0 0 36 0 98 100 0 0 0
0 49 0 0 88 0 0 0 0 0 0 0 35 6 0 1 0 0 0 0 73 0 0 0 0 0 23 0 63 0 0 54 0 0 0 64 0 90 0 0 0 0 26 87 0 44 53 0 0 0 38 0 0 49 0 0 0 0 18 49 0 24 0 55 0 0 0 0 0 0 0 0 0 34 0 0 0 0 0 0 0 0 0 0 0 0 0 0 52 0 52 0 7 0 0 0 53 0 0 0
0 0 0 0 0 0 0 0 0 0 0 85 0 0 0 0 54 0 25 0 29 0 0 0 0 0 49 51 0 11 0 34 7 0 0 0 0 0 0 17 0 0 0 0 0 0 0 0 0 0 0 98 0 0 0 0 100 0 0 98 95 11 0 74 0 0 77 0 0 0 0 0 0 0 0 0 38 0 88 0 0 0 0 0 0 0 0 0 16 71 84 60 0 0 0 0 0 13 53 0
0 0 0 0 2 0 92 0 0 32 0 0 0 0 0 48 0 0 25 0 0 0 0 0 28 25 0 0 71 0 17 54 71 0 0 0 0 0 0 0 0 0 0 36 0 80 56 0 0 0 0 0 0 0 0 0 0 30 0 0 0 34 0 0 0 0 0 58 0 29 0 0 65 100 0 0 0 0 0 0 0 61 17 83 0 0 71 6 83 0 0 0 0 0 0 41 0 0 0 1
0 0 0 0 0 0 0 0 8 0 0 0 0 0 10 11 1 0 0 0 0 0 0 0 0 0 10 64 97 0 0 0 0 68 0 41 0 0 0 0 0 4 0 0 0 0 0 96 0 0 0 0 0 0 0 0 33 0 0 70 0 0 93 0 0 0 2 0 14 0 0 0 0 0 0 30 0 50 0 0 0 0 0 0 0 0 0 28 0 90 0 0 0 80 0 0 0 0 0 2
41 71 0 0 0 63 0 7 74 0 0 0 0 0 0 0 0 61 19 0 53 0 0 0 0 93 0 32 3 0 10 0 0 0 0 0 0 0 0 0 0 0 0 0 49 0 97 0 0 0 37 0 0 0 69 0 0 83 0 87 56 0 0 0 0 0 0 36 0 82 0 0 0 0 0 16 0 0 0 23 0 34 0 98 0 0 36 65 0 0 31 29 22 0 0 0 82 83 0 0
5 0 0 47 0 0 0 72 0 0 49 0 0 3 0 0 90 0 74 84 0 0 0 0 0 12 0 9 42 0 0 13 0 0 0 0 71 0 0 0 37 0 0 0 76 0 29 91 0 0 0 59 0 0 97 0 58 50 0 0 0 0 84 0 0 45 0 0 0 0 0 0 0 87 0 0 83 36 44 0 0 0 0 89 0 0 23 0 0 49 27 0 12 0 0 0 0 58 0 61
0 0 0 0 0 0 0 0 0 0 0 0 0 61 0 58 0 0 95 0 72 38 0 0 0 0 0 0 3 0 0 0 0 0 0 0 8 0 0 0 0 0 0 100 0 0 0 53 0 91 0 0 0 0 0 0 0 0 10 0 9 0 0 76 0 0 69 96 80 0 32 0 0 0 0 0 0 57 99 0 0 0 0 0 42 0 9 0 0 0 0 73 69 0 0 0 80 0 0 0
0 0 0 0 0 0 0 0 0 0 43 0 0 0 53 6 0 0 0 0 0 93 0 0 0 0 0 0 7 0 0 0 34 0 0 0 0 0 0 0 0 44 42 0 0 78 0 0 0 0 0 0 0 0 0 0 0 63 0 3 0 0 0 0 0 0 0 87 0 0 0 0 0 0 0 0 0 0 0 0 0 0 0 100 0 80 0 73 0 7 0 0 0 0 0 0 0 0 39 0
0 70 0 55 0 0 0 78 0 53 11 0 0 0 0 9 21 92 0 0 0 32 18 0 0 0 0 0 0 80 82 0 0 58 46 0 0 0 1 57 0 0 0 0 64 0 89 0 0 0 0 0 0 63 0 0 0 78 0 0 66 0 0 0 0 0 61 40 0 36 84 0 28 25 0 0 0 0 0 0 0 0 0 58 0 0 51 0 0 0 79 0 0 36 0 50 0 0 0 60
0 0 0 0 0 19 42 0 0 51 0 0 0 0 0 0 0 0 0 0 0 35 0 0 0 0 0 0 77 0 51 70 97 28 0 0 53 0 0 0 0 0 0 98 0 0 0 0 0 0 0 0 0 46 0 11 0 0 0 15 0 0 0 0 58 25 0 83 0 0 85 44 85 0 0 0 0 0 0 0 0 0 7 0 0 61 0 82 0 0 0 0 20 8 0 0 0 0 0 0
0 0 0 0 0 0 0 0 0 0 0 0 81 47 0 0 0 0 75 0 0 9 60 0 0 0 68 0 0 10 0 69 93 0 0 0 0 53 73 0 0 0 73 0 10 0 0 0 0 0 38 0 34 0 0 0 0 26 0 0 0 81 0 0 50 0 0 0 30 0 0 80 0 0 0 0 0 0 7 0 0 59 13 0 0 0 0 30 0 0 0 0 0 0 0 22 0 54 0 0
0 0 0 0 0 4 0 0 0 0 85 0 0 0 0 75 0 0 0 5 0 0 0 0 0 0 0 0 0 0 0 60 70 0 0 0 0 0 0 0 36 25 0 0 0 0 0 0 0 25 56 0 62 0 0 0 0 59 0 0 0 19 82 0 0 0 43 0 44 5 0 0 0 0 0 0 0 0 0 0 0 0 0 0 0 0 0 0 0 0 0 0 0 11 0 0 0 0 0 0
0 46 0 0 0 52 0 0 0 0 68 0 0 0 0 0 0 99 43 99 0 0 0 72 54 0 0 0 66 0 0 0 1 0 0 0 69 0 54 0 0 0 0 0 0 0 0 0 67 23 0 19 0 0 0 0 42 0 0 0 0 0 86 31 0 40 0 70 0 0 0 0 0 0 57 0 0 0 0 0 32 0 0 0 0 50 0 15 0 0 0 0 0 0 0 0 13 0 76 0
0 0 63 0 58 0 0 0 0 62 0 51 0 0 0 75 36 0 0 0 55 0 0 0 0 16 0 0 0 0 0 0 0 0 90 0 0 0 31 0 0 0 44 0 0 0 0 0 0 0 0 0 0 40 0 0 0 84 0 46 88 0 0 0 0 0 0 0 0 53 0 0 0 14 0 0 0 0 0 0 36 39 0 0 0 0 0 96 0 0 0 0 87 0 91 0 0 0 0 0
0 0 0 0 0 0 0 0 0 0 11 0 14 100 0 0 0 0 93 0 0 0 0 0 0 0 0 0 65 0 0 0 0 0 15 0 0 0 44 0 0 0 15 0 100 7 0 0 71 0 0 0 0 0 19 0 0 0 0 90 0 0 0 37 0 0 0 0 0 0 0 0 0 0 55 0 16 0 0 54 0 0 0 10 0 0 0 0 0 0 28 0 0 0 0 0 0 0 99 0
0 46 20 0 0 0 0 0 0 77 0 61 0 0 0 0 85 0 0 88 10 0 71 0 0 58 0 0 80 49 0 0 35 0 65 0 0 37 0 0 0 38 0 0 33 92 0 0 0 0 0 0 0 0 0 36 0 0 16 0 17 0 0 0 0 0 0 26 0 0 90 49 0 79 0 0 64 61 0 0 0 0 0 63 0 0 0 0 0 43 0 0 0 52 62 0 38 0 0 0
0 0 9 0 22 0 0 0 0 0 0 0 1 0 0 0 0 0 0 0 71 19 0 0 0 0 71 0 0 0 0 41 0 56 86 0 4 11 0 65 0 0 69 0 2 0 0 0 66 0 0 0 0 0 0 0 0 0 0 0 0 0 0 28 0 75 0 0 0 0 0 0 0 0 66 0 0 0 0 0 0 0 59 0 0 0 0 0 52 85 0 0 0 0 0 0 0 53 0 0
86 0 0 0 6 0 0 0 0 0 0 0 87 0 0 63 43 0 39 0 0 96 0 0 0 0 40 0 0 0 0 0 0 0 91 27 0 0 0 0 0 0 0 48 0 0 0 0 0 85 0 64 40 5 57 0 0 0 0 0 0 0 0 89 0 0 0 0 0 0 0 0 0 1 0 0 0 0 0 95 0 0 0 0 0 0 81 0 0 0 0 0 0 83 0 0 0 0 85 0
0 0 0 0 0 0 49 0 0 0 0 0 0 0 47 0 0 51 100 0 0 0 76 58 0 0 0 1 67 18 76 71 34 97 0 0 0 0 0 0 0 0 0 0 0 0 0 0 0 0 0 0 0 0 0 0 0 0 0 0 0 0 81 0 0 0 0 57 0 0 3 0 0 64 0 0 0 0 0 0 0 0 9 0 0 0 0 0 0 87 0 0 0 0 0 0 0 0 28 0
21 0 0 0 0 0 0 0 0 53 0 0 54 0 0 0 0 86 0 0 53 74 97 0 0 0 0 0 0 0 98 0 0 51 0 0 0 0 0 0 0 0 0 0 0 32 0 0 0 87 0 0 0 93 0 0 0 0 0 0 23 54 0 0 0 0 0 0 0 0 0 0 0 30 0 0 12 0 64 0 0 0 0 0 0 84 30 0 0 0 0 98 0 44 0 0 0 0 0 0
0 98 92 0 0 0 0 0 0 0 0 30 0 0 0 0 0 0 12 47 0 0 90 34 0 11 18 0 0 68 0 1 0 0 0 39 0 0 0 0 95 0 62 0 0 0 0 0 0 51 0 0 21 0 0 0 0 0 0 0 0 0 66 0 0 0 8 75 0 0 0 0 0 0 0 71 0 8 0 0 0 0 0 78 0 0 0 3 0 0 0 0 4 0 0 0 0 86 0 15
0 0 0 0 0 0 0 35 22 90 0 0 5 74 0 0 0 0 0 30 18 0 0 0 0 0 0 0 0 0 0 0 0 47 72 0 0 0 0 0 0 0 0 0 0 52 0 96 0 0 0 0 0 0 0 0 72 35 0 86 21 0 0 67 0 0 0 0 28 0 3 0 77 92 0 0 0 0 70 0 0 0 0 0 0 0 0 0 83 0 0 0 0 0 81 0 0 0 43 0
0 0 0 0 0 0 0 0 0 0 0 0 0 0 37 0 74 97 0 0 0 0 2 35 0 83 3 0 0 0 80 0 49 0 0 0 0 72 0 0 77 44 0 69 18 12 91 0 0 79 0 69 0 69 0 0 0 0 0 0 3 0 42 0 74 0 0 0 0 0 25 0 0 0 0 0 62 0 0 1 7 0 0 0 38 70 0 0 0 0 44 70 1 92 0 0 0 0 0 0
0 0 4 59 48 0 0 0 2 54 0 0 0 0 0 0 0 0 88 0 0 0 0 0 0 54 49 0 0 0 91 71 0 0 0 59 0 0 0 11 0 34 0 89 33 27 0 88 0 85 0 0 0 0 0 0 0 7 0 68 0 76 0 71 0 0 0 34 0 92 0 0 62 0 0 0 22 46 0 0 65 0 0 0 0 0 79 73 0 0 37 0 0 0 0 0 0 0 10 17
0 0 0 0 0 0 0 0 45 0 0 0 0 0 0 0 0 0 0 0 0 0 0 0 62 0 47 0 0 0 0 33 0 0 0 0 0 0 0 27 0 0 0 0 0 0 0 0 95 0 0 0 0 50 7 0 0 0 99 0 0 0 0 0 0 44 0 0 31 0 0 0 0 0 0 0 0 0 0 68 87 7 0 0 0 0 0 0 60 0 0 0 0 0 0 7 0 0 0 0
56 0 20 0 15 0 80 0 0 0 0 39 0 0 0 0 32 0 0 0 0 0 16 0 29 66 0 0 0 0 0 0 0 0 0 0 0 0 0 0 80 70 0 0 64 0 0 42 75 0 0 77 0 0 0 0 0 0 0 0 15 0 0 0 0 0 8 0 0 0 14 0 0 0 39 0 0 65 0 0 0 98 0 0 47 0 95 0 8 0 0 0 0 0 0 11 0 0 0 0
90 0 77 0 0 0 0 0 0 0 0 0 75 0 57 0 91 0 25 83 0 0 0 0 21 88 87 75 81 3 0 0 0 0 0 0 82 70 0 0 38 0 0 78 0 0 0 0 44 0 0 98 0 0 0 6 0 0 25 0 0 0 77 0 0 0 2 0 0 0 0 0 26 0 19 3 0 0 0 18 0 0 0 0 30 0 0 0 14 89 0 0 60 1 15 11 0 0 50 66
0 0 23 0 0 0 57 55 76 0 0 0 25 0 44 0 0 0 0 0 38 0 0 97 0 78 0 0 48 0 0 90 0 0 0 0 5 0 0 0 74 0 0 17 6 0 0 13 0 0 0 26 0 0 0 74 0 0 0 0 0 98 7 0 0 91 0 73 0 0 0 0 0 0 0 42 89 0 0 15 65 0 0 0 27 0 21 0 0 0 0 0 63 44 0 0 0 0 0 0
0 0 0 0 0 0 0 82 0 0 10 0 0 0 0 77 0 0 0 0 0 0 35 0 28 34 0 34 0 0 0 0 0 64 0 0 0 0 83 0 0 31 0 62 13 0 0 0 0 0 0 43 0 0 0 0 32 0 42 0 0 0 0 0 0 0 0 0 0 0 0 0 0 81 0 0 0 0 0 0 0 0 0 65 0 0 0 0 0 0 0 0 0 0 0 0 0 0 0 0
0 93 0 0 0 39 0 0 83 0 0 0 0 0 0 0 0 84 0 0 0 0 0 0 0 0 0 0 24 0 41 0 54 0 0 0 0 0 0 71 17 0 0 0 0 81 0 0 27 0 30 0 0 0 0 51 0 0 80 0 0 94 0 0 0 0 31 0 0 0 0 0 79 0 0 0 0 0 0 0 78 0 0 95 86 0 0 0 0 0 0 56 0 0 0 0 0 0 0 0
0 0 9 91 0 0 0 21 0 8 80 0 0 0 0 0 0 0 0 0 0 0 0 0 0 0 11 0 31 0 0 87 66 0 0 0 0 0 0 0 0 0 0 0 11 0 0 0 0 0 0 0 0 0 0 0 0 0 0 0 0 0 0 0 0 34 50 0 0 0 0 0 0 0 0 0 0 0 0 0 38 0 0 69 0 0 0 0 0 0 0 0 0 0 28 0 0 0 0 0
0 86 27 0 0 0 0 0 0 0 0 19 0 59 81 0 0 0 0 45 0 0 0 0 0 0 19 0 62 0 21 0 0 0 0 0 0 34 11 0 0 0 0 0 0 0 18 0 40 0 0 0 0 77 0 0 0 0 0 0 0 0 0 88 0 65 0 0 0 0 15 0 0 0 0 0 0 0 0 23 0 0 0 0 0 0 94 0 22 0 59 0 0 0 0 65 0 19 71 0
1 0 31 0 81 59 24 94 0 0 47 0 0 19 85 28 0 0 0 73 0 0 0 20 18 21 0 0 73 37 24 0 0 62 100 0 0 0 0 1 9 0 0 0 0 0 0 0 0 28 75 0 0 0 67 0 0 0 0 0 23 0 22 0 0 0 0 0 87 0 0 0 57 0 0 0 0 0 0 50 0 0 82 0 0 98 86 0 0 0 0 0 95 0 0 38 0 0 0 42
0 0 50 96 0 0 0 0 0 47 0 77 0 0 68 0 47 97 0 0 0 43 0 0 0 69 0 0 10 46 0 0 0 0 0 0 90 55 0 0 92 67 9 0 0 0 69 0 0 0 0 0 74 0 4 0 0 0 0 0 72 0 0 50 0 6 0 0 0 26 0 0 0 0 0 0 0 0 0 4 84 0 0 74 0 0 0 0 0 87 0 59 75 0 11 0 0 0 71 0
82 0 0 0 0 0 0 0 0 0 0 0 0 80 0 0 16 0 50 0 0 0 0 0 0 0 0 0 71 0 0 0 0 88 0 0 50 19 0 0 0 17 0 100 0 59 0 18 26 0 0 0 0 90 0 0 78 0 0 50 0 0 0 69 11 0 98 0 0 52 52 0 0 22 0 63 0 80 48 0 0 0 0 0 0 0 0 0 0 18 33 0 0 0 0 74 0 0 0 0
0 27 0 0 0 0 0 17 0 0 0 0 6 0 0 0 38 40 10 0 0 0 0 0 0 0 77 89 0 0 0 0 0 60 0 76 0 0 0 0 0 0 0 0 100 0 0 0 0 0 97 0 0 99 0 0 0 0 0 0 0 0 0 0 87 0 0 0 0 0 0 0 0 0 92 0 0 46 0 0 0 0 0 0 0 0 20 0 0 91 90 0 0 0 0 0 0 0 89 0
0 0 28 0 0 0 0 0 53 0 52 35 0 0 0 0 0 89 38 0 93 0 0 0 0 35 61 0 0 0 80 91 0 0 0 0 0 63 0 0 73 0 0 0 0 0 0 0 0 0 0 0 0 69 0 0 0 0 0 0 0 0 0 48 0 81 0 0 0 0 0 0 0 7 0 0 0 0 78 0 84 0 0 0 0 0 0 92 5 0 0 0 0 0 11 0 0 16 0 0
0 0 0 0 56 0 56 0 0 0 0 0 47 0 0 0 0 93 97 0 0 0 58 75 0 90 0 0 0 10 0 0 46 2 0 0 0 0 0 62 0 0 0 0 91 8 0 0 0 0 0 0 90 0 0 0 24 0 0 0 0 0 0 0 80 0 0 0 0 0 0 0 0 0 0 0 0 0 0 0 93 96 0 38 0 74 0 84 89 0 0 37 0 63 0 27 0 5 0 0
0 0 0 0 0 0 0 0 3 0 0 40 0 0 0 0 0 58 0 71 0 0 0 0 39 0 0 0 0 0 0 0 35 0 0 0 0 10 0 0 21 0 0 0 83 0 0 30 0 0 0 0 0 90 0 0 78 0 0 0 0 42 53 99 0 0 0 0 0 0 91 0 0 33 0 10 0 0 0 0 0 0 0 0 0 0 0 92 0 17 0 0 19 20 58 58 0 44 0 0
22 0 0 0 60 0 0 60 0 91 78 0 0 0 0 0 71 0 34 0 0 84 0 0 0 95 0 0 0 0 0 35 0 0 65 0 24 0 0 0 0 0 0 0 0 0 0 42 0 0 0 0 0 64 0 32 0 0 0 91 0 0 0 0 0 4 0 13 0 0 0 0 0 0 0 0 90 0 0 44 14 0 0 0 89 0 0 0 0 0 0 0 0 0 60 0 0 80 0 0
0 0 0 1 0 94 0 0 0 0 0 0 0 0 0 0 0 0 0 0 0 0 19 0 0 0 0 0 0 0 41 94 0 55 0 0 0 0 10 0 14 75 0 0 0 0 0 0 0 0 0 0 73 82 0 91 21 0 0 15 0 0 80 0 0 0 0 0 0 20 38 0 0 0 0 0 0 0 0 0 0 66 0 0 0 0 0 0 0 0 0 82 0 2 0 0 0 0 0 0
6 70 37 0 74 0 31 0 63 82 38 0 0 20 0 0 0 0 37 0 85 72 20 0 0 0 86 40 0 0 58 0 41 10 0 0 0 0 0 0 0 0 0 54 22 0 0 0 0 49 0 0 0 0 0 0 0 0 0 0 0 0 95 0 0 0 0 0 0 0 87 0 0 0 0 0 0 0 4 3 0 0 0 0 0 0 0 0 0 0 0 0 0 0 0 0 58 0 0 46
0 27 0 0 0 0 0 0 26 5 0 0 71 0 0 0 0 0 0 66 0 50 45 0 17 0 0 0 0 84 80 0 0 0 84 91 82 74 43 48 0 0 0 0 41 0 0 0 68 0 100 11 0 0 0 0 0 0 0 0 51 26 82 34 0 0 0 0 0 0 0 0 0 89 14 0 22 32 0 51 91 40 53 58 0 31 56 0 0 0 76 0 0 0 0 0 0 0 0 0
0 67 0 0 85 0 84 0 0 0 0 0 0 94 0 0 0 0 0 0 20 0 0 0 0 59 70 0 0 91 0 0 0 0 0 0 33 6 46 0 91 0 0 0 18 0 0 0 87 0 0 0 0 0 0 0 0 0 90 0 93 76 25 39 0 38 0 57 0 50 50 0 0 0 0 0 0 0 0 0 0 0 19 83 77 0 0 94 18 0 0 0 0 0 0 0 50 0 0 30
0 0 0 0 0 0 0 77 0 26 0 0 37 0 0 0 0 0 0 0 0 0 0 0 0 45 0 0 49 74 0 0 0 0 0 95 45 0 0 0 32 0 0 35 0 0 0 0 0 0 63 0 0 0 0 0 62 0 0 0 0 0 0 0 0 0 0 0 85 39 0 0 0 0 0 0 0 0 0 33 0 0 0 0 59 0 0 26 0 0 0 0 64 0 0 0 33 0 0 0
0 49 0 0 0 51 4 0 59 53 0 0 20 0 0 0 0 0 0 0 38 0 0 0 0 0 0 0 0 0 0 0 0 0 0 96 69 0 0 0 0 0 0 0 0 0 62 0 61 0 0 0 0 57 24 0 0 75 0 0 8 0 0 0 0 0 0 0 0 24 32 9 0 0 0 0 0 0 0 0 0 87 0 0 71 0 0 0 0 30 0 82 15 0 0 38 0 0 0 0
59 37 0 0 0 0 0 0 0 0 0 16 0 39 0 0 0 68 0 0 0 0 64 72 0 0 0 0 91 0 0 0 26 0 0 87 0 0 75 0 32 74 0 0 0 0 0 98 0 0 0 0 0 0 0 0 0 0 0 0 0 31 0 0 0 0 10 0 91 0 72 0 0 0 0 0 0 0 0 0 4 6 0 0 55 0 0 0 0 88 0 0 0 0 66 0 0 0 33 0
0 0 0 49 0 41 0 0 82 0 0 18 0 0 0 0 0 91 0 0 0 0 0 0 0 0 0 0 0 80 0 98 0 0 0 19 79 0 0 0 74 0 0 0 0 0 0 0 0 0 0 65 69 0 0 0 0 0 0 0 0 0 0 0 59 0 0 0 0 69 0 0 0 0 0 0 0 28 0 0 0 65 0 0 0 0 72 0 0 87 0 0 40 0 10 0 0 0 0 0
0 0 0 0 0 15 89 0 0 0 0 0 0 0 0 0 86 0 0 0 0 23 0 0 0 72 0 0 0 0 0 0 0 0 0 73 0 0 28 50 44 41 0 0 0 0 3 0 1 0 0 0 0 0 0 0 41 25 99 0 23 46 0 0 0 26 0 0 0 0 0 85 0 56 0 10 0 0 29 0 0 0 76 0 0 0 65 0 0 0 0 0 0 0 0 42 0 64 0 19
0 0 0 0 0 0 0 35 27 0 0 0 31 72 0 0 0 0 0 10 0 0 0 0 34 0 0 0 5 0 0 0 0 0 0 0 79 0 0 0 0 0 0 0 0 0 0 0 0 0 0 0 0 36 0 0 0 0 0 0 0 0 93 0 70 0 0 0 0 0 0 0 0 0 0 0 0 0 0 12 60 0 0 0 0 0 0 0 0 0 0 0 0 0 0 0 0 48 50 0
0 0 0 0 0 0 0 0 0 0 0 0 0 0 0 0 82 0 0 0 0 0 0 0 94 0 44 0 93 0 0 0 0 0 0 8 0 0 0 0 0 0 0 0 92 0 0 0 0 0 13 50 0 0 0 0 0 67 0 0 0 0 0 0 51 26 0 0 94 59 0 0 54 0 46 26 34 1 0 0 0 0 0 0 0 0 0 0 0 0 0 0 0 0 0 0 46 0 5 0
0 0 0 0 0 0 0 100 0 0 0 0 0 0 69 0 0 34 0 0 0 53 28 0 0 38 0 19 0 93 37 0 96 0 0 0 0 0 0 0 41 33 63 59 0 99 0 8 0 30 0 0 0 0 22 0 0 96 0 0 0 0 0 32 1 0 83 45 0 0 0 0 0 0 0 0 0 0 0 0 0 0 97 0 0 0 0 20 50 74 33 0 0 0 0 0 0 0 0 0
91 49 0 0 0 47 0 10 0 0 0 0 0 0 0 0 37 0 0 0 0 0 62 0 0 0 0 0 0 80 35 0 0 30 5 42 0 0 62 0 0 0 76 0 0 80 0 50 66 0 85 0 0 0 0 3 10 17 79 0 0 0 0 0 0 0 0 0 0 0 0 0 0 0 0 0 0 0 0 0 0 0 0 0 26 0 0 0 0 13 0 0 0 96 23 91 1 0 19 0
0 56 0 0 0 0 31 0 0 0 0 35 0 0 0 0 0 0 0 0 0 0 0 0 32 0 95 0 0 0 0 0 0 0 0 64 0 57 0 96 0 0 0 31 0 0 50 0 0 0 0 0 0 0 83 0 0 83 0 0 0 0 0 0 0 0 0 0 0 0 0 0 0 0 76 39 0 0 83 0 0 0 0 0 0 0 0 0 3 0 0 0 26 0 67 0 0 0 0 31
0 92 13 0 0 0 0 63 0 0 0 0 0 0 0 0 0 0 58 46 0 0 0 0 75 0 0 0 0 0 54 78 0 89 0 14 0 0 73 0 0 0 0 100 0 0 31 0 0 21 0 0 0 0 0 0 0 0 1 16 0 0 0 0 0 0 93 0 0 0 0 56 0 0 0 0 0 0 0 16 0 0 0 0 0 54 0 0 0 0 0 49 0 0 0 0 79 0 46 0
43 0 0 0 12 20 0 60 18 0 0 0 73 0 0 0 0 0 0 0 0 0 0 0 0 0 0 0 0 0 47 0 0 0 0 0 0 0 0 0 0 45 0 57 0 0 0 0 0 0 66 0 0 0 0 19 20 0 36 0 92 0 0 0 57 0 0 0 0 0 0 91 23 0 75 0 0 72 0 0 97 0 0 45 0 25 0 7 0 97 0 0 0 0 0 0 0 0 0 0
0 0 61 49 0 0 0 0 0 0 0 0 0 0 0 0 0 0 86 0 0 44 0 92 0 0 0 0 0 14 0 0 38 0 0 0 5 0 0 38 8 99 32 0 0 0 24 0 0 0 0 0 35 1 30 0 78 0 0 0 20 0 0 79 68 0 92 80 7 0 67 27 65 0 0 0 0 0 0 0 0 0 0 0 57 0 0 0 0 0 0 0 0 0 0 73 0 2 0 83
0 70 64 0 0 0 0 0 0 0 26 0 0 0 0 0 0 0 0 0 0 5 0 19 94 41 0 0 0 0 94 0 0 0 0 0 0 92 42 0 0 91 0 33 0 52 0 0 11 0 63 0 0 0 0 0 0 0 0 22 0 0 0 100 0 0 64 0 0 87 0 25 0 0 0 0 0 0 0 0 0 0 0 0 0 0 0 28 0 44 0 0 38 0 0 0 0 0 0 0
0 18 0 0 0 0 13 0 53 0 0 98 0 46 0 0 77 0 70 37 0 0 0 0 0 0 73 30 0 0 0 0 0 0 0 0 21 0 0 0 0 0 0 0 0 64 0 0 0 32 0 0 46 0 0 81 0 90 27 47 0 0 72 0 62 0 0 22 0 0 64 0 0 0 0 0 26 0 0 0 76 0 0 0 0 0 0 0 0 0 0 0 34 0 0 0 15 37 0 0
0 0 83 0 0 0 0 0 30 0 66 0 53 68 0 0 0 0 94 0 0 63 0 0 0 14 19 38 55 0 0 0 0 0 0 0 38 0 0 0 0 0 0 53 0 69 0 0 0 0 0 0 0 0 0 0 0 12 0 0 0 0 0 0 0 0 52 0 0 43 0 0 0 0 87 57 0 28 0 91 19 0 0 46 0 0 0 0 0 59 0 0 0 0 0 0 0 66 0 0
0 0 69 0 0 0 0 0 0 75 0 21 8 0 0 0 0 0 0 0 0 0 0 0 0 0 0 0 0 19 0 0 0 0 0 0 0 0 0 0 0 0 8 67 31 0 0 0 6 0 0 0 0 0 53 0 62 0 0 0 0 0 0 0 97 0 0 0 0 0 0 76 37 0 32 0 94 75 0 0 0 0 0 0 0 0 0 0 0 0 79 0 0 0 0 0 0 0 0 0
0 92 33 0 0 0 49 0 0 0 0 76 86 0 78 0 0 0 0 0 0 0 0 0 0 0 77 0 0 96 81 74 0 0 0 0 0 0 100 0 18 0 0 53 0 0 0 0 0 0 0 0 0 0 0 72 0 0 98 67 61 0 0 76 0 0 0 0 0 0 0 0 0 0 0 78 0 0 0 0 0 0 0 0 0 0 25 0 0 52 0 67 0 0 0 0 0 0 16 0
0 36 0 0 0 0 77 47 0 31 12 0 0 37 0 63 0 0 10 0 0 25 0 0 0 93 51 91 0 0 48 0 0 79 0 0 0 0 0 0 0 0 91 34 0 0 0 0 0 0 49 0 0 0 0 0 38 0 0 0 0 0 40 20 51 83 0 0 0 0 0 0 0 0 0 0 0 0 0 0 0 9 0 0 0 36 0 9 0 16 0 0 0 0 0 0 0 0 0 20
68 0 0 0 0 94 0 0 0 0 0 60 0 40 0 14 0 22 0 0 68 0 14 0 89 0 63 0 0 15 0 0 0 0 0 0 0 0 25 0 97 0 0 0 0 19 0 0 0 0 0 0 0 0 0 0 0 24 0 0 0 0 0 90 0 0 0 76 0 0 0 0 0 67 0 0 0 34 0 0 0 0 0 0 0 0 0 0 4 13 0 0 0 0 0 0 0 0 0 0
0 0 0 11 0 0 0 0 0 79 0 51 6 73 0 65 0 0 0 0 0 0 0 81 0 0 0 0 0 0 0 0 0 0 0 78 83 9 0 0 0 0 21 0 0 40 0 59 0 0 0 0 0 0 94 0 0 0 0 0 46 0 0 0 0 0 0 0 96 25 0 0 0 0 0 0 0 0 24 0 0 0 33 35 0 0 0 0 0 0 43 84 29 0 0 43 0 0 0 0
0 0 0 0 0 0 0 0 0 0 29 42 0 0 0 33 0 0 0 0 0 0 31 0 0 0 0 0 0 93 0 0 0 0 0 0 23 0 0 34 0 0 0 0 0 38 0 0 0 0 0 0 53 0 42 0 0 8 22 33 82 0 0 0 0 7 0 0 0 0 71 0 0 0 72 0 0 0 0 0 0 0 0 81 62 0 0 0 0 0 0 0 63 0 0 0 0 0 0 15
0 0 0 43 0 0 91 0 0 0 0 0 0 0 0 11 0 0 0 0 0 0 26 20 0 58 0 17 0 33 0 0 0 51 0 0 55 0 0 24 0 0 0 72 0 0 0 0 0 0 87 0 0 0 0 15 21 0 39 0 0 0 0 0 0 0 0 0 0 71 0 0 0 0 0 0 0 0 0 41 73 0 0 0 7 50 0 0 0 0 0 0 0 0 0 0 0 0 56 0
0 0 0 27 0 0 0 0 0 0 0 0 0 0 55 0 0 0 0 0 70 63 0 34 64 0 0 16 0 0 0 0 74 0 0 1 0 0 0 0 26 0 0 0 0 0 0 0 40 57 0 0 0 0 0 0 95 59 0 0 0 63 0 86 0 0 0 0 13 0 0 0 0 31 0 15 57 52 0 0 0 0 84 0 0 0 13 0 0 9 0 0 0 0 35 0 0 0 0 0
0 0 0 0 5 0 0 91 0 62 0 75 0 0 0 0 0 42 28 0 0 0 0 0 0 0 0 0 0 11 0 0 0 48 26 0 0 20 0 13 0 0 0 0 0 28 0 0 0 0 0 99 50 0 0 0 95 0 0 0 0 0 40 0 0 27 0 0 0 31 0 91 0 37 0 0 41 3 0 0 0 84 0 10 0 0 0 0 0 8 0 0 53 0 96 0 0 0 0 0
0 64 0 0 0 0 0 7 0 0 0 0 0 0 0 0 0 0 57 38 0 0 0 0 8 61 0 0 0 0 0 0 49 0 0 0 0 0 0 0 0 0 0 0 0 57 0 0 48 0 90 0 0 0 0 0 23 0 0 0 0 0 0 0 0 34 0 0 0 80 54 0 61 0 10 41 0 0 0 0 0 18 0 0 0 0 0 0 0 0 0 0 0 0 0 0 0 0 85 0
0 71 0 0 0 95 32 63 0 0 0 0 0 6 0 0 63 0 0 52 0 0 71 0 0 57 0 0 0 0 85 38 0 0 0 51 9 18 16 0 0 0 0 0 36 0 0 0 0 0 0 97 0 0 72 0 0 77 0 0 0 0 0 0 0 4 0 13 0 0 1 0 0 49 23 0 0 12 0 51 0 0 24 0 0 0 0 0 0 0 0 66 0 0 83 0 0 0 0 0
0 0 0 0 0 34 0 9 0 36 53 99 0 25 0 0 0 0 0 75 0 0 0 0 0 0 0 6 14 0 96 0 86 0 100 0 0 0 0 0 0 0 88 0 0 0 0 0 0 0 0 0 0 0 72 0 0 0 0 74 49 0 0 37 0 0 0 0 34 0 0 0 0 0 0 0 0 0 0 0 0 0 0 0 0 0 0 0 71 0 57 0 0 0 0 0 0 70 0 0
0 0 0 0 0 0 0 0 0 0 0 0 32 73 0 0 0 16 2 16 0 0 0 0 0 0 0 0 0 93 38 60 1 0 0 0 0 0 0 0 0 94 0 0 0 0 0 28 18 0 47 0 0 0 0 61 0 56 0 0 0 0 0 41 0 0 0 0 0 0 0 0 74 0 0 0 0 0 45 16 0 0 0 0 0 0 83 0 0 0 0 69 52 0 70 0 0 0 0 0
25 0 0 0 91 18 0 0 66 0 86 0 0 0 0 0 0 30 0 0 0 0 0 0 0 0 0 0 90 0 0 41 0 0 0 0 0 0 0 0 35 0 0 0 0 0 0 0 0 0 0 0 0 0 0 0 0 0 84 0 0 0 92 0 0 0 0 0 0 0 59 57 0 0 34 0 0 38 0 75 0 0 0 80 0 51 37 0 0 40 0 0 0 73 2 26 0 82 0 0
0 0 0 0 0 0 0 0 0 0 0 0 0 0 0 6 0 78 44 0 0 69 96 0 0 0 0 0 0 0 0 94 85 88 0 0 0 0 84 0 0 0 0 0 0 13 0 57 80 61 0 0 39 0 0 0 56 0 71 0 0 0 0 36 71 87 0 6 0 0 89 0 0 0 0 0 0 0 0 0 0 0 72 0 0 0 0 0 22 0 0 0 0 0 0 0 0 0 0 0
0 0 0 83 0 0 0 0 0 85 0 0 0 79 0 67 51 75 62 0 83 99 0 85 0 0 74 0 70 74 0 0 0 0 0 67 0 10 0 32 0 0 0 23 0 0 0 0 0 0 70 0 0 0 0 0 0 8 0 67 0 33 20 63 12 57 0 0 88 0 0 0 0 0 0 0 0 0 54 0 0 0 0 0 71 0 0 36 22 0 25 0 84 0 0 79 42 0 0 78
0 0 0 0 0 0 0 26 0 0 0 0 0 0 0 70 0 0 0 19 0 0 91 95 9 0 0 87 0 0 0 0 0 0 0 0 0 0 50 0 0 0 0 53 0 46 0 0 54 0 0 0 0 0 91 0 0 0 0 0 0 0 27 0 0 88 72 0 69 20 0 93 0 0 0 0 0 0 17 41 0 9 0 32 0 60 0 0 0 0 0 0 0 0 0 0 0 44 0 0
0 0 64 0 0 0 0 0 35 0 0 0 39 0 0 0 0 0 0 0 0 32 0 0 0 47 67 0 0 0 0 0 0 55 0 0 0 0 70 93 0 0 0 0 0 2 0 0 43 0 0 0 0 0 0 0 10 40 0 0 96 65 0 0 0 0 0 0 0 0 0 14 0 0 0 0 32 0 0 0 0 0 0 0 0 41 0 0 0 0 0 0 0 0 0 0 0 43 0 0
50 0 0 82 0 0 17 0 0 0 0 0 0 0 0 0 0 0 0 43 4 0 0 0 0 0 0 0 0 0 0 0 35 0 0 5 0 0 0 0 36 0 0 0 66 0 0 0 38 0 0 70 0 0 92 0 0 0 43 0 0 0 0 0 0 93 0 0 0 0 50 0 46 30 0 40 82 0 0 0 0 0 0 0 0 0 84 0 0 89 9 0 0 0 0 0 0 0 64 32
40 2 96 0 0 0 0 0 0 72 0 0 0 0 76 0 0 0 5 0 62 0 0 16 0 0 0 10 0 0 0 57 0 0 0 0 0 0 0 90 84 0 21 0 0 80 9 0 0 0 0 0 80 0 0 0 0 0 0 45 0 0 0 0 0 0 0 0 77 13 0 0 30 0 0 0 81 0 0 0 0 0 23 33 0 90 17 0 0 7 14 98 0 0 0 58 87 0 0 0
64 0 0 0 0 43 0 0 0 0 17 0 0 0 0 54 0 0 0 23 0 0 0 40 0 0 0 0 42 0 0 0 0 0 0 12 23 0 0 0 49 0 0 0 0 0 0 0 0 0 65 0 0 0 0 97 0 0 99 0 95 0 0 0 0 0 0 0 0 38 0 0 0 0 0 0 0 0 0 0 0 0 0 0 45 0 0 0 0 0 0 91 0 0 47 0 64 0 0 96
0 0 0 0 0 0 0 0 53 0 0 0 0 81 0 0 0 0 4 0 0 0 0 92 0 0 0 0 0 32 0 0 58 0 0 0 0 0 42 80 0 0 0 0 76 0 0 75 0 0 0 0 14 0 56 0 0 0 0 0 0 0 0 0 0 80 0 35 0 0 0 76 0 0 0 0 0 26 0 89 0 0 0 13 0 0 70 75 0 0 0 0 0 0 23 20 0 0 0 0
0 97 0 0 0 0 0 0 0 0 0 0 0 0 0 0 88 0 0 0 0 0 0 0 0 0 0 0 0 23 0 72 0 28 64 0 46 14 0 0 0 25 0 0 0 0 0 97 90 0 52 63 36 11 3 0 0 0 0 0 67 30 0 0 78 0 22 45 0 0 0 18 74 0 0 0 58 0 0 48 0 0 0 0 0 0 0 0 0 0 63 39 0 88 0 0 0 17 0 0
0 0 67 0 0 41 0 1 84 0 79 0 33 0 0 60 0 0 0 0 0 0 0 0 0 0 0 0 0 0 0 0 0 0 0 85 50 24 0 0 0 54 15 0 0 82 0 0 0 0 96 32 0 0 0 34 0 0 51 0 0 0 0 0 83 0 35 0 43 0 0 0 35 0 0 10 45 0 0 0 4 0 0 0 4 0 0 0 0 0 0 0 0 0 0 0 0 0 0 0
0 0 0 0 0 0 0 0 0 1 0 0 21 82 0 0 63 0 0 0 12 83 98 0 0 0 0 0 0 0 0 0 0 0 0 0 63 46 0 0 0 0 0 84 0 0 98 0 61 0 36 0 56 0 0 0 0 0 0 0 0 0 0 0 0 55 0 46 0 0 0 0 0 79 97 0 58 0 0 0 44 99 0 0 0 58 0 0 0 0 0 0 75 0 0 0 0 22 0 0
93 0 0 0 0 43 0 79 0 0 0 0 0 47 0 0 0 81 0 0 70 0 0 0 0 74 0 0 57 0 0 0 0 0 0 0 0 0 0 98 0 52 35 80 0 0 0 21 0 42 1 0 0 0 0 0 0 0 6 0 0 40 0 0 0 23 0 0 0 53 0 0 3 0 0 41 0 95 0 0 0 0 78 0 0 83 47 16 0 0 43 0 0 0 0 0 79 0 91 0
0 0 0 0 0 0 0 0 0 94 22 99 0 0 49 0 0 0 13 0 0 90 0 0 0 0 0 0 0 0 56 43 62 0 0 40 0 51 0 0 60 0 0 0 30 0 83 0 71 69 6 0 0 0 0 0 0 0 0 0 25 0 0 63 0 0 0 0 0 0 31 54 20 0 0 0 0 0 0 0 20 0 28 85 16 7 69 44 0 0 0 0 0 0 0 0 0 0 0 0
0 0 19 0 0 0 26 0 0 0 51 74 32 0 78 0 75 81 65 58 0 82 0 0 0 0 0 0 25 0 0 69 0 0 0 0 1 34 27 0 0 0 0 0 48 0 74 55 0 0 0 0 0 0 0 0 23 0 86 0 0 0 30 0 27 0 31 0 0 52 0 0 0 0 85 0 37 0 0 0 0 0 0 62 0 15 76 0 0 28 0 0 0 0 0 0 0 0 0 0
91 0 94 0 31 0 0 0 0 0 0 0 0 95 0 44 0 89 30 89 0 0 75 0 0 0 0 0 0 0 0 0 38 0 0 0 0 0 0 0 43 0 0 87 0 0 57 0 94 5 0 0 0 0 0 0 0 0 0 0 63 83 0 0 0 0 0 0 52 0 0 28 0 0 0 0 0 0 0 0 0 0 0 0 0 34 0 0 0 0 0 0 0 0 0 74 36 51 0 0
0 0 0 0 92 0 0 58 0 5 5 0 0 0 16 0 0 0 0 71 0 46 0 0 69 0 0 0 0 0 0 37 0 0 0 41 0 92 0 0 0 71 0 0 0 0 0 0 0 52 67 0 0 0 0 0 0 0 14 0 0 0 0 0 0 0 79 0 61 0 0 0 0 0 4 0 0 0 0 0 0 0 0 0 0 0 0 92 0 79 0 0 0 0 0 0 0 0 0 0
0 0 0 0 38 6 42 0 7 0 0 0 0 0 20 61 0 55 0 48 0 0 32 0 0 53 98 0 0 0 0 0 0 0 0 0 0 0 0 83 36 0 33 22 0 55 0 0 0 81 23 0 38 0 0 0 34 0 21 0 0 0 0 0 0 40 0 0 0 32 0 0 0 0 0 0 0 50 0 0 0 61 0 90 0 0 0 0 0 0 0 0 0 0 90 0 0 0 7 0
0 0 63 0 0 0 0 64 0 0 0 0 38 0 0 0 0 0 81 0 0 0 0 19 0 68 98 77 53 0 0 0 36 15 0 91 0 62 50 89 0 0 0 0 0 0 0 0 91 0 0 0 0 0 0 0 0 0 22 0 79 0 0 0 0 0 0 95 54 53 0 0 0 29 0 0 23 0 0 0 0 0 0 0 0 13 69 74 0 0 0 0 0 0 0 82 0 94 0 0
0 0 0 9 0 79 0 0 96 0 66 0 0 40 74 0 0 60 19 88 0 0 0 0 0 0 0 0 0 25 0 78 0 0 0 0 0 0 0 0 0 0 0 76 0 0 0 0 0 0 0 51 6 0 0 0 0 68 32 0 0 0 0 0 0 0 72 0 0 0 81 0 0 0 0 51 0 0 0 0 0 0 0 0 0 0 44 0 0 0 0 0 10 0 0 0 0 0 0 0
0 32 0 0 0 63 0 0 84 0 0 0 0 0 0 0 0 3 0 0 0 62 0 0 0 0 0 0 0 10 0 0 0 0 0 0 22 0 0 0 0 65 68 0 0 76 26 0 20 84 0 0 0 0 0 27 39 0 0 0 0 0 0 41 0 0 0 0 71 0 0 15 0 0 0 0 0 0 0 0 0 0 100 0 0 0 0 0 0 0 37 0 0 0 0 0 0 0 0 0
0 0 0 76 0 0 74 0 50 0 0 0 32 0 0 0 0 0 0 72 0 18 0 0 0 0 0 0 80 56 0 0 89 0 1 0 0 19 0 0 88 0 0 0 0 51 0 36 62 54 0 0 0 0 0 0 45 0 0 0 0 0 38 99 0 0 0 0 0 0 17 0 57 0 41 21 0 0 41 0 84 0 0 0 51 0 19 0 0 0 0 0 100 53 0 0 94 0 0 0
0 0 0 0 0 52 0 7 49 0 0 0 0 0 0 0 0 0 0 8 0 0 26 0 0 0 0 0 0 0 0 98 0 0 0 0 14 0 0 0 0 96 0 0 0 0 8 66 0 0 0 100 6 0 0 0 0 0 0 46 0 0 0 0 0 0 0 66 0 0 61 0 0 0 0 40 0 0 0 0 0 2 0 0 0 0 23 0 3 0 85 0 0 0 58 0 0 54 45 0
0 0 0 0 0 13 0 63 9 0 0 0 0 0 0 0 63 0 0 0 0 0 0 0 0 0 0 1 0 0 0 0 0 0 0 0 0 25 0 0 76 0 29 0 50 0 0 0 0 0 45 0 0 48 0 0 0 0 0 0 0 49 64 15 0 85 100 0 0 34 75 0 95 0 0 0 52 0 0 0 0 0 0 0 0 0 0 0 0 44 0 76 0 0 0 76 0 0 54 0
0 0 32 0 88 95 0 0 0 0 8 0 0 0 0 32 0 44 0 0 0 57 0 0 0 15 0 0 0 0 0 0 93 55 95 0 0 0 91 60 73 0 40 21 0 0 0 40 0 10 0 95 0 0 0 0 0 0 0 0 96 0 96 0 71 0 99 0 0 0 0 0 55 0 0 0 0 39 0 0 0 36 0 39 0 0 0 43 0 0 0 0 100 0 46 0 0 0 0 89
28 0 0 0 0 66 0 0 0 0 35 0 0 26 0 28 0 0 0 0 0 93 93 30 43 0 34 0 0 0 0 0 0 0 0 21 0 0 0 0 0 0 0 50 76 0 0 0 43 0 0 0 0 0 38 0 0 0 0 0 0 0 0 0 0 41 0 0 0 0 0 0 0 0 0 0 0 71 0 67 13 0 60 0 0 0 75 0 0 0 0 0 0 0 0 0 97 0 0 0
0 0 89 0 0 0 0 0 0 0 74 0 0 0 99 0 0 0 23 0 0 20 22 0 0 84 0 0 29 0 0 0 0 0 27 97 0 77 0 0 0 0 0 0 0 0 0 0 0 0 59 0 0 0 0 0 0 0 93 0 51 0 0 0 0 0 0 0 0 0 35 0 0 0 0 0 55 81 0 0 0 0 0 0 0 0 51 0 81 0 0 0 0 9 0 9 49 0 0 0
0 31 0 0 94 0 0 0 0 0 0 0 5 68 0 87 0 0 0 0 41 0 0 0 0 0 3 0 62 0 0 30 0 0 0 36 0 46 0 0 0 0 24 46 0 87 70 0 0 0 17 0 0 53 0 0 0 0 99 22 0 61 0 4 0 0 0 0 0 0 0 0 0 33 0 0 0 0 0 0 0 0 0 0 0 0 0 0 98 0 60 0 91 0 0 0 16 0 0 0
0 0 0 0 0 0 0 0 0 0 0 9 0 0 0 0 83 0 94 0 47 0 0 0 0 0 45 27 0 96 0 93 11 0 0 0 0 0 0 17 0 0 0 0 0 0 0 0 0 0 0 48 0 0 0 0 33 0 0 15 90 18 0 15 0 0 4 0 0 0 0 0 0 0 0 0 18 0 76 0 0 0 0 0 0 0 0 0 68 69 3 95 0 0 0 0 0 30 77 0
0 0 0 0 88 0 31 0 0 72 0 0 0 0 0 64 0 0 61 0 0 0 0 0 42 13 0 0 41 0 65 19 86 0 0 0 0 0 0 0 0 0 0 71 0 74 16 0 0 0 0 0 0 0 0 0 0 5 0 0 0 19 0 0 0 0 0 83 0 63 0 0 58 3 0 0 0 0 0 0 0 83 59 37 0 0 91 98 33 0 0 0 0 0 0 7 0 0 0 46
0 0 0 0 0 0 0 0 38 0 0 0 0 0 14 34 42 0 0 0 0 0 0 0 0 0 67 78 61 0 0 0 0 52 0 28 0 0 0 0 0 35 0 0 0 0 0 29 0 0 0 0 0 0 0 0 78 0 0 46 0 0 7 0 0 0 91 0 51 0 0 0 0 0 0 11 0 80 0 0 0 0 0 0 0 0 0 70 0 85 0 0 0 84 0 0 0 0 0 53
78 34 0 0 0 80 0 67 21 0 0 0 0 0 0 0 0 31 84 0 26 0 0 0 0 76 0 13 54 0 81 0 0 0 0 0 0 0 0 0 0 0 0 0 84 0 8 0 0 0 69 0 0 0 50 0 0 23 0 55 3 0 0 0 0 0 0 96 0 63 0 0 0 0 0 7 0 0 0 57 0 86 0 81 0 0 54 67 0 0 33 100 92 0 0 0 99 75 0 0
90 0 0 7 0 0 0 17 0 0 57 0 0 44 0 0 15 0 59 53 0 0 0 0 0 73 0 31 47 0 0 52 0 0 0 0 78 0 0 0 36 0 0 0 46 0 33 43 0 0 0 64 0 0 68 0 1 89 0 0 0 0 99 0 0 46 0 0 0 0 0 0 0 2 0 0 12 41 73 0 0 0 0 87 0 0 57 0 0 42 32 0 1 0 0 0 0 89 0 11
0 0 0 0 0 0 0 0 0 0 0 0 0 48 0 68 0 0 31 0 13 75 0 0 0 0 0 0 96 0 0 0 0 0 0 0 88 0 0 0 0 0 0 86 0 0 0 18 0 33 0 0 0 0 0 0 0 0 40 0 43 0 0 53 0 0 22 11 27 0 20 0 0 0 0 0 0 79 26 0 0 0 0 0 1 0 25 0 0 0 0 82 77 0 0 0 66 0 0 0
0 0 0 0 0 0 0 0 0 0 3 0 0 0 4 95 0 0 0 0 0 38 0 0 0 0 0 0 38 0 0 0 44 0 0 0 0 0 0 0 0 34 45 0 0 69 0 0 0 0 0 0 0 0 0 0 0 81 0 20 0 0 0 0 0 0 0 11 0 0 0 0 0 0 0 0 0 0 0 0 0 0 0 33 0 76 0 67 0 12 0 0 0 0 0 0 0 0 54 0
0 71 0 88 0 0 0 79 0 75 54 0 0 0 0 61 20 42 0 0 0 11 99 0 0 0 0 0 0 62 90 0 0 32 27 0 0 0 1 35 0 0 0 0 14 0 15 0 0 0 0 0 0 5 0 0 0 72 0 0 14 0 0 0 0 0 4 76 0 19 36 0 6 18 0 0 0 0 0 0 0 0 0 62 0 0 49 0 0 0 39 0 0 76 0 49 0 0 0 68
0 0 0 0 0 78 39 0 0 45 0 0 0 0 0 0 0 0 0 0 0 96 0 0 0 0 0 0 90 0 66 25 59 4 0 0 51 0 0 0 0 0 0 62 0 0 0 0 0 0 0 0 0 32 0 56 0 0 0 71 0 0 0 0 94 42 0 67 0 0 59 37 29 0 0 0 0 0 0 0 0 0 85 0 0 20 0 46 0 0 0 0 55 81 0 0 0 0 0 0
0 0 0 0 0 0 0 0 0 0 0 0 68 7 0 0 0 0 5 0 0 96 1 0 0 0 23 0 0 8 0 90 4 0 0 0 0 83 72 0 0 0 28 0 84 0 0 0 0 0 21 0 89 0 0 0 0 56 0 0 0 82 0 0 8 0 0 0 2 0 0 8 0 0 0 0 0 0 31 0 0 26 43 0 0 0 0 37 0 0 0 0 0 0 0 63 0 19 0 0
0 0 0 0 0 76 0 0 0 0 58 0 0 0 0 3 0 0 0 73 0 0 0 0 0 0 0 0 0 0 0 33 26 0 0 0 0 0 0 0 14 69 0 0 0 0 0 0 0 53 74 0 71 0 0 0 0 54 0 0 0 60 3 0 0 0 34 0 63 72 0 0 0 0 0 0 0 0 0 0 0 0 0 0 0 0 0 0 0 0 0 0 0 32 0 0 0 0 0 0
0 48 0 0 0 68 0 0 0 0 11 0 0 0 0 0 0 23 72 99 0 0 0 3 55 0 0 0 82 0 0 0 7 0 0 0 78 0 78 0 0 0 0 0 0 0 0 0 77 30 0 58 0 0 0 0 36 0 0 0 0 0 52 17 0 84 0 31 0 0 0 0 0 0 3 0 0 0 0 0 92 0 0 0 0 5 0 30 0 0 0 0 0 0 0 0 31 0 93 0
0 0 23 0 23 0 0 0 0 62 0 40 0 0 0 16 8 0 0 0 33 0 0 0 0 87 0 0 0 0 0 0 0 0 30 0 0 0 90 0 0 0 52 0 0 0 0 0 0 0 0 0 0 91 0 0 0 55 0 2 68 0 0 0 0 0 0 0 0 12 0 0 0 20 0 0 0 0 0 0 3 67 0 0 0 0 0 4 0 0 0 0 50 0 54 0 0 0 0 0
0 0 0 0 0 0 0 0 0 0 84 0 91 16 0 0 0 0 46 0 0 0 0 0 0 0 0 0 82 0 0 0 0 0 76 0 0 0 59 0 0 0 71 0 81 34 0 0 16 0 0 0 0 0 96 0 0 0 0 78 0 0 0 52 0 0 0 0 0 0 0 0 0 0 14 0 83 0 0 20 0 0 0 36 0 0 0 0 0 0 26 0 0 0 0 0 0 0 32 0
0 48 71 0 0 0 0 0 0 91 0 49 0 0 0 0 86 0 0 99 62 0 42 0 0 30 0 0 12 99 0 0 93 0 38 0 0 81 0 0 0 70 0 0 79 85 0 0 0 0 0 0 0 0 0 46 0 0 87 0 50 0 0 0 0 0 0 32 0 0 3 44 0 75 0 0 72 80 0 0 0 0 0 31 0 0 0 0 0 34 0 0 0 69 4 0 84 0 0 0
0 0 11 0 91 0 0 0 0 0 0 0 31 0 0 0 0 0 0 0 26 52 0 0 0 0 35 0 0 0 0 51 0 25 28 0 96 27 0 56 0 0 38 0 37 0 0 0 42 0 0 0 0 0 0 0 0 0 0 0 0 0 0 4 0 15 0 0 0 0 0 0 0 0 77 0 0 0 0 0 0 0 14 0 0 0 0 0 42 51 0 0 0 0 0 0 0 64 0 0
65 0 0 0 16 0 0 0 0 0 0 0 21 0 0 62 44 0 83 0 0 55 0 0 0 0 49 0 0 0 0 0 0 0 46 23 0 0 0 0 0 0 0 78 0 0 0 0 0 60 0 50 90 2 26 0 0 0 0 0 0 0 0 75 0 0 0 0 0 0 0 0 0 12 0 0 0 0 0 39 0 0 0 0 0 0 58 0 0 0 0 0 0 53 0 0 0 0 8 0
0 0 0 0 0 0 60 0 0 0 0 0 0 0 47 0 0 48 74 0 0 0 97 17 0 0 0 99 4 66 48 23 45 97 0 0 0 0 0 0 0 0 0 0 0 0 0 0 0 0 0 0 0 0 0 0 0 0 0 0 0 0 45 0 0 0 0 30 0 0 42 0 0 45 0 0 0 0 0 0 0 0 65 0 0 0 0 0 0 43 0 0 0 0 0 0 0 0 90 0
89 0 0 0 0 0 0 0 0 66 0 0 39 0 0 0 0 56 0 0 76 81 58 0 0 0 0 0 0 0 2 0 0 1 0 0 0 0 0 0 0 0 0 0 0 74 0 0 0 76 0 0 0 21 0 0 0 0 0 0 25 75 0 0 0 0 0 0 0 0 0 0 0 80 0 0 67 0 47 0 0 0 0 0 0 36 51 0 0 0 0 63 0 13 0 0 0 0 0 0
0 99 98 0 0 0 0 0 0 0 0 71 0 0 0 0 0 0 2 15 0 0 47 59 0 50 54 0 0 10 0 72 0 0 0 2 0 0 0 0 68 0 2 0 0 0 0 0 0 69 0 0 29 0 0 0 0 0 0 0 0 0 90 0 0 0 29 5 0 0 0 0 0 0 0 48 0 70 0 0 0 0 0 23 0 0 0 57 0 0 0 0 48 0 0 0 0 84 0 38
0 0 0 0 0 0 0 64 98 9 0 0 72 16 0 0 0 0 0 50 64 0 0 0 0 0 0 0 0 0 0 0 0 90 89 0 0 0 0 0 0 0 0 0 0 17 0 20 0 0 0 0 0 0 0 0 26 66 0 5 2 0 0 65 0 0 0 0 45 0 100 0 29 51 0 0 0 0 22 0 0 0 0 0 0 0 0 0 29 0 0 0 0 0 87 0 0 0 24 0
0 0 0 0 0 0 0 0 0 0 0 0 0 0 93 0 66 24 0 0 0 0 85 68 0 77 78 0 0 0 8 0 2 0 0 0 0 2 0 0 97 2 0 4 100 21 33 0 0 2 0 4 0 66 0 0 0 0 0 0 62 0 40 0 30 0 0 0 0 0 14 0 0 0 0 0 42 0 0 84 90 0 0 0 67 52 0 0 0 0 5 20 100 4 0 0 0 0 0 0
0 0 76 9 55 0 0 0 84 93 0 0 0 0 0 0 0 0 43 0 0 0 0 0 0 71 13 0 0 0 76 5 0 0 0 10 0 0 0 61 0 59 0 34 62 29 0 29 0 94 0 0 0 0 0 0 0 91 0 98 0 13 0 57 0 0 0 61 0 100 0 0 34 0 0 0 99 82 0 0 74 0 0 0 0 0 19 90 0 0 5 0 0 0 0 0 0 0 37 2
0 0 0 0 0 0 0 0 74 0 0 0 0 0 0 0 0 0 0 0 0 0 0 0 49 0 77 0 0 0 0 36 0 0 0 0 0 0 0 40 0 0 0 0 0 0 0 0 25 0 0 0 0 11 64 0 0 0 40 0 0 0 0 0 0 28 0 0 19 0 0 0 0 0 0 0 0 0 0 56 17 82 0 0 0 0 0 0 95 0 0 0 0 0 0 97 0 0 0 0
21 0 14 0 1 0 50 0 0 0 0 1 0 0 0 0 40 0 0 0 0 0 34 0 24 3 0 0 0 0 0 0 0 0 0 0 0 0 0 0 23 87 0 0 33 0 0 9 46 0 0 68 0 0 0 0 0 0 0 0 97 0 0 0 0 0 49 0 0 0 16 0 0 0 76 0 0 72 0 0 0 79 0 0 67 0 77 0 94 0 0 0 0 0 0 15 0 0 0 0
73 0 84 0 0 0 0 0 0 0 0 0 79 0 33 0 87 0 8 98 0 0 0 0 85 41 52 79 26 24 0 0 0 0 0 0 8 19 0 0 75 0 0 77 0 0 0 0 22 0 0 94 0 0 0 64 0 0 84 0 0 0 41 0 0 0 89 0 0 0 0 0 46 0 19 35 0 0 0 80 0 0 0 0 4 0 0 0 74 13 0 0 16 41 10 28 0 0 22 2
0 0 14 0 0 0 5 38 86 0 0 0 26 0 37 0 0 0 0 0 33 0 0 99 0 8 0 0 37 0 0 20 0 0 0 0 38 0 0 0 37 0 0 34 90 0 0 3 0 0 0 7 0 0 0 41 0 0 0 0 0 46 98 0 0 96 0 92 0 0 0 0 0 0 0 56 45 0 0 31 38 0 0 0 70 0 80 0 0 0 0 0 38 48 0 0 0 0 0 0
0 0 0 0 0 0 0 76 0 0 26 0 0 0 0 25 0 0 0 0 0 0 69 0 53 57 0 41 0 0 0 0 0 88 0 0 0 0 51 0 0 57 0 28 26 0 0 0 0 0 0 33 0 0 0 0 86 0 15 0 0 0 0 0 0 0 0 0 0 0 0 0 0 55 0 0 0 0 0 0 0 0 0 74 0 0 0 0 0 0 0 0 0 0 0 0 0 0 0 0
0 62 0 0 0 82 0 0 44 0 0 0 0 0 0 0 0 14 0 0 0 0 0 0 0 0 0 0 64 0 46 0 65 0 0 0 0 0 0 90 40 0 0 0 0 68 0 0 99 0 4 0 0 0 0 85 0 0 56 0 0 94 0 0 0 0 26 0 0 0 0 0 97 0 0 0 0 0 0 0 73 0 0 13 75 0 0 0 0 0 0 37 0 0 0 0 0 0 0 0
0 0 70 43 0 0 0 35 0 23 35 0 0 0 0 0 0 0 0 0 0 0 0 0 0 0 19 0 20 0 0 58 53 0 0 0 0 0 0 0 0 0 0 0 90 0 0 0 0 0 0 0 0 0 0 0 0 0 0 0 0 0 0 0 0 100 23 0 0 0 0 0 0 0 0 0 0 0 0 0 22 0 0 97 0 0 0 0 0 0 0 0 0 0 17 0 0 0 0 0
0 43 66 0 0 0 0 0 0 0 0 20 0 72 21 0 0 0 0 29 0 0 0 0 0 0 60 0 3 0 66 0 0 0 0 0 0 71 15 0 0 0 0 0 0 0 19 0 36 0 0 0 0 42 0 0 0 0 0 0 0 0 0 4 0 5 0 0 0 0 70 0 0 0 0 0 0 0 0 10 0 0 0 0 0 0 56 0 79 0 64 0 0 0 0 38 0 74 55 0
49 0 48 0 95 28 83 71 0 0 61 0 0 77 15 58 0 0 0 48 0 0 0 99 59 75 0 0 35 40 39 0 0 77 99 0 0 0 0 32 91 0 0 0 0 0 0 0 0 15 60 0 0 0 72 0 0 0 0 0 97 0 77 0 0 0 0 0 15 0 0 0 91 0 0 0 0 0 0 58 0 0 100 0 0 47 47 0 0 0 0 0 77 0 0 5 0 0 0 74
0 0 7 69 0 0 0 0 0 76 0 44 0 0 37 0 58 13 0 0 0 62 0 0 0 36 0 0 42 1 0 0 0 0 0 0 20 36 0 0 56 54 65 0 0 0 64 0 0 0 0 0 65 0 72 0 0 0 0 0 88 0 0 93 0 51 0 0 0 93 0 0 0 0 0 0 0 0 0 78 33 0 0 90 0 0 0 0 0 61 0 25 61 0 48 0 0 0 61 0
99 0 0 0 0 0 0 0 0 0 0 0 0 56 0 0 36 0 17 0 0 0 0 0 0 0 0 0 86 0 0 0 0 68 0 0 13 67 0 0 0 1 0 1 0 41 0 56 10 0 0 0 0 90 0 0 28 0 0 68 0 0 0 7 80 0 73 0 0 35 82 0 0 81 0 56 0 53 97 0 0 0 0 0 0 0 0 0 0 8 4 0 0 0 0 9 0 0 0 0
0 50 0 0 0 0 0 48 0 0 0 0 13 0 0 0 51 76 76 0 0 0 0 0 0 0 15 63 0 0 0 0 0 32 0 8 0 0 0 0 0 0 0 0 31 0 0 0 0 0 40 0 0 82 0 0 0 0 0 0 0 0 0 0 34 0 0 0 0 0 0 0 0 0 60 0 0 2 0 0 0 0 0 0 0 0 20 0 0 46 76 0 0 0 0 0 0 0 10 0
0 0 16 0 0 0 0 0 89 0 80 99 0 0 0 0 0 90 61 0 12 0 0 0 0 72 28 0 0 0 40 83 0 0 0 0 0 40 0 0 57 0 0 0 0 0 0 0 0 0 0 0 0 47 0 0 0 0 0 0 0 0 0 68 0 33 0 0 0 0 0 0 0 64 0 0 0 0 98 0 39 0 0 0 0 0 0 86 50 0 0 0 0 0 33 0 0 19 0 0
0 0 0 0 26 0 58 0 0 0 0 0 99 0 0 0 0 97 97 0 0 0 57 89 0 82 0 0 0 78 0 0 65 4 0 0 0 0 0 61 0 0 0 0 19 72 0 0 0 0 0 0 11 0 0 0 10 0 0 0 0 0 0 0 88 0 0 0 0 0 0 0 0 0 0 0 0 0 0 0 70 13 0 81 0 18 0 14 52 0 0 94 0 65 0 99 0 18 0 0
0 0 0 0 0 0 0 0 78 0 0 32 0 0 0 0 0 79 0 45 0 0 0 0 22 0 0 0 0 0 0 0 60 0 0 0 0 70 0 0 10 0 0 0 75 0 0 77 0 0 0 0 0 78 0 0 83 0 0 0 0 91 81 55 0 0 0 0 0 0 34 0 0 4 0 86 0 0 0 0 0 0 0 0 0 0 0 57 0 14 0 0 87 34 80 6 0 94 0 0
75 0 0 0 64 0 0 66 0 19 96 0 0 0 0 0 14 0 38 0 0 66 0 0 0 18 0 0 0 0 0 4 0 0 35 0 1 0 0 0 0 0 0 0 0 0 0 87 0 0 0 0 0 33 0 47 0 0 0 46 0 0 0 0 0 16 0 43 0 0 0 0 0 0 0 0 56 0 0 43 90 0 0 0 46 0 0 0 0 0 0 0 0 0 93 0 0 44 0 0
0 0 0 13 0 23 0 0 0 0 0 0 0 0 0 0 0 0 0 0 0 0 10 0 0 0 0 0 0 0 99 91 0 30 0 0 0 0 58 0 35 41 0 0 0 0 0 0 0 0 0 0 77 61 0 65 53 0 0 33 0 0 71 0 0 0 0 0 0 85 9 0 0 0 0 0 0 0 0 0 0 33 0 0 0 0 0 0 0 0 0 85 0 8 0 0 0 0 0 0
38 89 77 0 37 0 6 0 57 30 12 0 0 76 0 0 0 0 77 0 70 53 41 0 0 0 90 25 0 0 18 0 99 86 0 0 0 0 0 0 0 0 0 17 90 0 0 0 0 22 0 0 0 0 0 0 0 0 0 0 0 0 8 0 0 0 0 0 0 0 80 0 0 0 0 0 0 0 23 26 0 0 0 0 0 0 0 0 0 0 0 0 0 0 0 0 60 0 0 53
0 90 0 0 0 0 0 0 3 60 0 0 64 0 0 0 0 0 0 6 0 87 24 0 60 0 0 0 0 82 78 0 0 0 88 77 94 30 60 38 0 0 0 0 50 0 0 0 73 0 61 36 0 0 0 0 0 0 0 0 80 47 22 98 0 0 0 0 0 0 0 0 0 21 20 0 99 46 0 79 52 44 38 30 0 31 6 0 0 0 50 0 0 0 0 0 0 0 0 0
0 74 0 0 42 0 37 0 0 0 0 0 0 52 0 0 0 0 0 0 32 0 0 0 0 2 98 0 0 17 0 0 0 0 0 0 8 4 18 0 9 0 0 0 71 0 0 0 23 0 0 0 0 0 0 0 0 0 87 0 78 11 50 28 0 100 0 3 0 81 87 0 0 0 0 0 0 0 0 0 0 0 74 57 67 0 0 67 19 0 0 0 0 0 0 0 55 0 0 34
0 0 0 0 0 0 0 58 0 25 0 0 23 0 0 0 0 0 0 0 0 0 0 0 0 31 0 0 16 77 0 0 0 0 0 37 52 0 0 0 94 0 0 35 0 0 0 0 0 0 73 0 0 0 0 0 71 0 0 0 0 0 0 0 0 0 0 0 48 70 0 0 0 0 0 0 0 0 0 75 0 0 0 0 77 0 0 33 0 0 0 0 44 0 0 0 58 0 0 0
0 33 0 0 0 10 53 0 58 66 0 0 23 0 0 0 0 0 0 0 26 0 0 0 0 0 0 0 0 0 0 0 0 0 0 69 45 0 0 0 0 0 0 0 0 0 15 0 88 0 0 0 0 3 6 0 0 85 0 0 28 0 0 0 0 0 0 0 0 2 43 93 0 0 0 0 0 0 0 0 0 98 0 0 40 0 0 0 0 68 0 6 67 0 0 83 0 0 0 0
44 75 0 0 0 0 0 0 0 0 0 18 0 7 0 0 0 89 0 0 0 0 18 4 0 0 0 0 44 0 0 0 20 0 0 68 0 0 37 0 2 20 0 0 0 0 0 79 0 0 0 0 0 0 0 0 0 0 0 0 0 26 0 0 0 0 98 0 86 0 80 0 0 0 0 0 0 0 0 0 21 90 0 0 28 0 0 0 0 32 0 0 0 0 78 0 0 0 76 0
0 0 0 45 0 69 0 0 35 0 0 26 0 0 0 0 0 74 0 0 0 0 0 0 0 0 0 0 0 93 0 1 0 0 0 62 38 0 0 0 6 0 0 0 0 0 0 0 0 0 0 35 38 0 0 0 0 0 0 0 0 0 0 0 23 0 0 0 0 89 0 0 0 0 0 0 0 90 0 0 0 40 0 0 0 0 10 0 0 9 0 0 9 0 66 0 0 0 0 0
0 0 0 0 0 67 58 0 0 0 0 0 0 0 0 0 90 0 0 0 0 8 0 0 0 15 0 0 0 0 0 0 0 0 0 63 0 0 43 71 98 1 0 0 0 0 6 0 23 0 0 0 0 0 0 0 25 22 52 0 23 76 0 0 0 56 0 0 0 0 0 56 0 70 0 12 0 0 69 0 0 0 87 0 0 0 64 0 0 0 0 0 0 0 0 3 0 5 0 8
0 0 0 0 0 0 0 20 1 0 0 0 31 59 0 0 0 0 0 55 0 0 0 0 51 0 0 0 50 0 0 0 0 0 0 0 73 0 0 0 0 0 0 0 0 0 0 0 0 0 0 0 0 70 0 0 0 0 0 0 0 0 39 0 26 0 0 0 0 0 0 0 0 0 0 0 0 0 0 80 59 0 0 0 0 0 0 0 0 0 0 0 0 0 0 0 0 97 43 0
0 0 0 0 0 0 0 0 0 0 0 0 0 0 0 0 58 0 0 0 0 0 0 0 9 0 70 0 53 0 0 0 0 0 0 34 0 0 0 0 0 0 0 0 7 0 0 0 0 0 68 46 0 0 0 0 0 89 0 0 0 0 0 0 66 92 0 0 12 44 0 0 38 0 32 13 46 50 0 0 0 0 0 0 0 0 0 0 0 0 0 0 0 0 0 0 19 0 40 0
0 0 0 0 0 0 0 63 0 0 0 0 0 0 80 0 0 44 0 0 0 14 87 0 0 70 0 7 0 68 72 0 79 0 0 0 0 0 0 0 87 50 45 25 0 47 0 100 0 85 0 0 0 0 41 0 0 96 0 0 0 0 0 85 45 0 95 71 0 0 0 0 0 0 0 0 0 0 0 0 0 0 30 0 0 0 0 36 54 21 34 0 0 0 0 0 0 0 0 0
5 80 0 0 0 74 0 22 0 0 0 0 0 0 0 0 2 0 0 0 0 0 35 0 0 0 0 0 0 75 56 0 0 69 71 36 0 0 30 0 0 0 65 0 0 60 0 36 79 0 62 0 0 0 0 83 86 71 28 0 0 0 0 0 0 0 0 0 0 0 0 0 0 0 0 0 0 0 0 0 0 0 0 0 17 0 0 0 0 25 0 0 0 78 80 21 91 0 37 0
0 28 0 0 0 0 32 0 0 0 0 9 0 0 0 0 0 0 0 0 0 0 0 0 59 0 93 0 0 0 0 0 0 0 0 20 0 29 0 84 0 0 0 7 0 0 84 0 0 0 0 0 0 0 57 0 0 75 0 0 0 0 0 0 0 0 0 0 0 0 0 0 0 0 52 11 0 0 31 0 0 0 0 0 0 0 0 0 11 0 0 0 92 0 92 0 0 0 0 53
0 96 69 0 0 0 0 15 0 0 0 0 0 0 0 0 0 0 42 40 0 0 0 0 94 0 0 0 0 0 5 40 0 31 0 48 0 0 30 0 0 0 0 52 0 0 14 0 0 100 0 0 0 0 0 0 0 0 90 90 0 0 0 0 0 0 92 0 0 0 0 22 0 0 0 0 0 0 0 79 0 0 0 0 0 12 0 0 0 0 0 38 0 0 0 0 71 0 19 0
57 0 0 0 2 3 0 100 83 0 0 0 71 0 0 0 0 0 0 0 0 0 0 0 0 0 0 0 0 0 3 0 0 0 0 0 0 0 0 0 0 11 0 1 0 0 0 0 0 0 76 0 0 0 0 17 92 0 37 0 73 0 0 0 67 0 0 0 0 0 0 48 53 0 17 0 0 28 0 0 91 0 0 15 0 83 0 74 0 65 0 0 0 0 0 0 0 0 0 0
0 0 57 20 0 0 0 0 0 0 0 0 0 0 0 0 0 0 26 0 0 29 0 86 0 0 0 0 0 47 0 0 42 0 0 0 76 0 0 1 97 32 40 0 0 0 30 0 0 0 0 0 12 8 54 0 27 0 0 0 97 0 0 30 18 0 25 70 73 0 89 98 53 0 0 0 0 0 0 0 0 0 0 0 17 0 0 0 0 0 0 0 0 0 0 33 0 100 0 44
0 77 52 0 0 0 0 0 0 0 74 0 0 0 0 0 0 0 0 0 0 21 0 20 68 16 0 0 0 0 13 0 0 0 0 0 0 82 1 0 0 27 0 23 0 73 0 0 36 0 93 0 0 0 0 0 0 0 0 72 0 0 0 45 0 0 54 0 0 44 0 42 0 0 0 0 0 0 0 0 0 0 0 0 0 0 0 17 0 4 0 0 27 0 0 0 0 0 0 0
0 21 0 0 0 0 11 0 44 0 0 90 0 52 0 0 35 0 9 4 0 0 0 0 0 0 33 65 0 0 0 0 0 0 0 0 48 0 0 0 0 0 0 0 0 46 0 0 0 96 0 0 61 0 0 37 0 41 32 1 0 0 20 0 87 0 0 34 0 0 39 0 0 0 0 0 33 0 0 0 56 0 0 0 0 0 0 0 0 0 0 0 33 0 0 0 83 7 0 0
0 0 78 0 0 0 0 0 78 0 41 0 9 19 0 0 0 0 54 0 0 10 0 0 0 33 7 17 16 0 0 0 0 0 0 0 69 0 0 0 0 0 0 62 0 63 0 0 0 0 0 0 0 0 0 0 0 73 0 0 0 0 0 0 0 0 96 0 0 54 0 0 0 0 94 100 0 31 0 32 95 0 0 25 0 0 0 0 0 27 0 0 0 0 0 0 0 62 0 0
0 0 65 0 0 0 0 0 0 92 0 65 94 0 0 0 0 0 0 0 0 0 0 0 0 0 0 0 0 97 0 0 0 0 0 0 0 0 0 0 0 0 22 18 94 0 0 0 22 0 0 0 0 0 45 0 73 0 0 0 0 0 0 0 66 0 0 0 0 0 0 27 44 0 40 0 32 40 0 0 0 0 0 0 0 0 0 0 0 0 28 0 0 0 0 0 0 0 0 0
0 76 21 0 0 0 23 0 0 0 0 91 41 0 98 0 0 0 0 0 0 0 0 0 0 0 57 0 0 65 50 40 0 0 0 0 0 0 83 0 68 0 0 70 0 0 0 0 0 0 0 0 0 0 0 59 0 0 2 31 61 0 0 81 0 0 0 0 0 0 0 0 0 0 0 79 0 0 0 0 0 0 0 0 0 0 7 0 0 76 0 53 0 0 0 0 0 0 40 0
0 52 0 0 0 0 93 38 0 64 85 0 0 94 0 22 0 0 22 0 0 28 0 0 0 53 16 58 0 0 77 0 0 82 0 0 0 0 0 0 0 0 87 29 0 0 0 0 0 0 33 0 0 0 0 0 11 0 0 0 0 0 57 68 23 22 0 0 0 0 0 0 0 0 0 0 0 0 0 0 0 43 0 0 0 16 0 23 0 46 0 0 0 0 0 0 0 0 0 73
7 0 0 0 0 2 0 0 0 0 0 53 0 72 0 7 0 44 0 0 62 0 94 0 71 0 46 0 0 97 0 0 0 0 0 0 0 0 10 0 60 0 0 0 0 45 0 0 0 0 0 0 0 0 0 0 0 34 0 0 0 0 0 46 0 0 0 41 0 0 0 0 0 58 0 0 0 34 0 0 0 0 0 0 0 0 0 0 35 37 0 0 0 0 0 0 0 0 0 0
0 0 0 50 0 0 0 0 0 38 0 66 8 66 0 41 0 0 0 0 0 0 0 67 0 0 0 0 0 0 0 0 0 0 0 98 84 21 0 0 0 0 3 0 0 30 0 65 0 0 0 0 0 0 94 0 0 0 0 0 20 0 0 0 0 0 0 0 93 2 0 0 0 0 0 0 0 0 54 0 0 0 35 41 0 0 0 0 0 0 82 49 78 0 0 28 0 0 0 0
0 0 0 0 0 0 0 0 0 0 81 31 0 0 0 41 0 0 0 0 0 0 78 0 0 0 0 0 0 40 0 0 0 0 0 0 21 0 0 39 0 0 0 0 0 37 0 0 0 0 0 0 56 0 83 0 0 58 14 57 72 0 0 0 0 13 0 0 0 0 63 0 0 0 23 0 0 0 0 0 0 0 0 32 26 0 0 0 0 0 0 0 10 0 0 0 0 0 0 57
0 0 0 18 0 0 1 0 0 0 0 0 0 0 0 78 0 0 0 0 0 0 6 61 0 53 0 64 0 29 0 0 0 2 0 0 25 0 0 26 0 0 0 15 0 0 0 0 0 0 21 0 0 0 0 58 9 0 10 0 0 0 0 0 0 0 0 0 0 73 0 0 0 0 0 0 0 0 0 42 34 0 0 0 79 11 0 0 0 0 0 0 0 0 0 0 0 0 16 0