100
0 66 0 0 0 0 0 42 0 87 0 0 17 46 0 100 0 0 0 0 0 80 0 0 0 0 54 0 53 0 46 0 62 0 0 0 0 10 75 0 0 39 0 0 0 0 0 0 0 0 0 0 0 0 32 0 0 0 0 55 0 0 0 0 0 0 0 0 0 19 56 0 0 0 0 64 0 0 97 0 0 56 0 0 0 0 0 0 21 0 0 94 0 0 0 0 0 0 0 0
0 0 4 0 66 1 0 0 0 0 0 33 0 5 0 0 8 0 0 0 0 30 0 0 0 0 0 0 0 0 0 0 0 0 8 0 0 0 0 0 0 36 0 0 55 0 0 0 0 14 0 0 0 0 0 0 0 3 0 38 0 81 0 0 0 0 0 0 0 0 53 0 0 12 0 0 0 0 9 72 0 85 66 76 61 31 0 23 76 58 0 0 0 0 0 0 0 0 0 0
43 0 0 0 0 0 22 0 0 0 0 0 0 0 81 0 0 20 0 0 0 14 0 0 0 12 0 0 0 27 0 0 0 0 0 0 0 0 61 0 0 0 0 0 90 0 0 0 0 0 0 0 0 0 0 0 0 0 32 84 0 0 23 83 0 0 99 0 0 0 0 32 7 0 90 0 0 0 0 0 0 0 0 0 49 0 95 29 0 0 65 0 0 11 0 46 0 0 0 0
0 74 0 0 0 0 0 63 0 0 0 67 0 0 0 0 0 0 0 0 0 71 0 0 29 0 57 100 0 75 0 0 0 0 0 0 0 0 0 0 0 0 0 0 0 23 0 0 0 10 0 0 0 0 0 0 98 56 0 0 0 0 0 21 0 0 0 0 1 0 0 0 0 0 75 0 0 0 0 0 0 0 80 0 66 0 0 97 0 0 0 0 0 0 0 0 0 3 0 0
0 0 0 0 0 0 0 0 0 0 0 14 0 0 69 0 0 0 0 0 0 50 0 11 58 3 0 0 0 0 0 76 0 37 13 0 0 0 0 0 0 0 0 0 0 0 0 30 0 16 78 0 0 9 0 30 0 0 0 21 0 0 0 0 15 0 0 88 0 0 45 0 0 0 0 80 0 0 0 0 0 0 85 0 0 97 0 0 0 0 0 0 49 0 0 0 0 0 0 0
0 33 0 69 0 0 0 0 0 0 0 0 0 0 0 0 0 0 25 0 0 75 0 58 71 0 0 29 51 0 0 0 0 0 0 0 0 0 0 61 0 0 0 92 0 0 0 0 0 0 0 0 98 0 0 0 0 0 0 0 0 0 1 82 0 72 0 0 0 0 0 0 0 0 29 67 83 36 0 66 0 0 23 77 0 0 0 0 6 29 0 0 0 59 0 95 0 0 62 0
0 27 0 0 0 14 0 29 70 0 0 0 0 0 0 0 72 0 0 0 10 0 0 0 0 0 0 61 0 0 0 0 18 0 68 0 0 53 0 60 0 0 0 14 0 0 0 0 48 0 0 0 0 0 0 0 11 0 0 0 0 0 0 0 0 0 31 0 0 0 0 0 83 0 66 0 0 0 0 0 0 0 0 0 47 53 0 90 60 0 0 0 0 0 85 0 0 0 95 0
0 0 0 0 0 0 5 0 1 0 0 0 90 58 95 11 0 0 5 0 0 0 0 95 0 0 35 0 0 0 0 76 4 7 0 53 0 0 87 0 0 0 0 0 91 0 0 0 0 0 0 0 0 0 0 0 0 92 16 0 0 82 0 47 36 0 0 0 0 0 0 0 70 0 0 0 0 13 46 0 0 84 63 0 58 49 0 0 0 84 0 0 0 0 0 51 0 40 0 21
0 0 0 0 0 0 0 25 0 0 0 79 62 0 0 0 0 0 0 0 0 0 0 0 49 0 0 0 0 0 0 0 0 0 55 42 0 92 56 0 46 0 63 26 0 0 1 0 75 0 0 0 0 0 53 0 0 0 0 0 0 35 0 0 25 28 0 0 0 42 0 0 92 0 0 36 0 6 0 0 0 0 44 0 0 81 0 0 46 0 0 0 0 0 0 92 0 0 0 0
0 0 0 56 0 0 0 95 0 0 0 0 0 72 0 0 0 0 0 56 0 0 0 0 0 3 0 0 0 0 49 0 0 0 75 1 36 0 0 0 0 0 0 0 21 30 0 0 0 0 0 49 19 27 0 0 78 0 0 0 0 0 0 0 0 0 16 0 0 0 56 0 37 0 0 0 28 0 0 0 0 71 0 0 0 0 0 15 0 0 0 0 0 0 0 46 79 0 0 0
0 0 0 77 6 47 8 0 0 0 0 0 0 0 0 84 0 0 0 0 86 0 0 0 99 58 0 43 70 0 81 0 0 0 0 0 0 0 0 0 0 77 0 26 0 0 0 0 77 5 26 0 0 0 0 0 89 0 0 0 0 0 82 36 14 0 0 0 0 0 0 0 0 0 0 0 0 0 0 0 0 0 0 0 0 0 76 85 0 0 0 0 0 0 0 0 25 0 0 0
0 0 93 0 0 0 27 0 0 0 0 0 0 0 41 0 0 6 0 0 0 0 0 14 0 0 0 0 0 0 0 0 0 0 0 0 0 0 0 0 31 0 0 5 0 0 3 1 23 0 0 0 37 0 20 0 0 81 0 0 0 0 0 0 10 0 0 0 0 0 54 0 0 0 0 0 0 0 0 0 0 47 0 0 44 16 1 0 0 0 0 0 21 0 78 0 0 55 46 0
0 0 0 30 0 49 0 0 40 0 0 0 0 0 0 0 0 0 0 0 0 0 85 0 0 0 62 0 0 28 0 54 0 0 0 0 0 0 14 0 0 10 99 0 0 0 0 0 0 0 0 44 0 0 0 0 0 35 0 0 0 50 0 0 0 0 55 53 0 0 0 0 0 19 83 0 0 46 0 40 57 92 0 0 60 23 19 0 52 0 0 79 0 0 8 51 52 53 0 0
0 0 0 0 0 0 0 0 0 0 0 0 7 0 0 0 0 98 0 0 0 95 74 0 24 0 0 46 0 0 0 8 0 0 0 14 0 0 67 0 0 0 90 57 0 0 0 0 0 0 0 0 0 78 0 0 0 0 0 21 0 0 59 82 42 0 0 0 0 0 13 24 0 85 0 0 0 0 0 0 0 0 0 0 75 0 58 99 0 3 1 24 0 18 0 22 0 27 0 0
0 0 33 90 0 0 68 0 52 0 61 0 0 0 0 0 73 0 56 0 0 19 0 0 0 0 0 53 0 0 46 0 0 0 0 0 0 5 0 0 0 0 0 0 0 0 0 0 0 0 0 0 61 0 100 0 0 0 0 0 0 0 0 0 0 6 0 72 0 52 0 0 0 0 0 56 0 0 0 0 0 0 0 0 0 100 0 0 0 3 0 94 62 0 0 26 0 0 17 0
44 0 0 0 0 95 0 0 0 71 0 0 8 0 0 0 0 2 0 0 0 0 31 0 0 0 0 0 0 0 62 0 0 0 0 0 0 0 0 0 0 0 0 0 0 0 21 0 0 0 0 0 0 0 0 0 0 87 0 88 21 30 0 0 0 0 44 0 0 0 89 0 0 0 0 66 0 0 0 31 0 0 0 0 0 80 0 36 0 1 0 0 0 0 14 0 0 0 0 0
76 0 0 55 0 84 0 0 0 0 0 0 0 0 0 0 0 0 0 0 0 0 51 0 0 0 0 82 0 0 0 16 0 0 20 17 0 0 0 0 0 0 67 0 0 0 0 0 34 0 0 0 28 0 0 0 0 0 0 0 0 0 62 0 5 25 0 0 0 0 34 0 0 16 0 0 0 0 0 0 92 0 52 0 91 0 0 0 0 0 7 0 0 11 0 47 0 0 0 0
0 51 19 0 0 0 24 0 0 0 0 0 0 0 0 0 0 0 0 0 0 0 0 0 0 0 73 0 0 0 0 0 0 0 0 0 0 0 25 0 0 0 0 87 0 0 0 0 0 49 0 0 0 0 0 9 0 0 50 0 0 0 0 88 34 0 0 10 0 0 62 0 0 0 0 0 0 0 0 0 0 0 0 0 0 0 30 26 0 5 0 0 0 16 0 0 0 0 0 0
0 0 0 10 0 0 13 0 73 0 0 0 0 0 92 0 0 0 0 14 0 0 0 11 0 0 0 0 0 0 21 0 0 48 0 0 44 81 0 0 99 0 0 0 0 12 0 74 86 0 0 0 0 0 0 0 0 0 0 0 0 0 0 0 0 0 0 0 62 0 25 85 0 83 0 0 0 0 25 0 45 0 99 0 0 0 96 88 0 65 0 0 91 0 45 0 0 0 0 0
0 18 0 44 0 0 0 0 0 31 0 0 0 0 0 0 0 41 0 0 79 33 63 52 0 0 39 0 0 0 0 0 29 0 56 0 0 0 0 87 92 46 0 0 0 42 43 41 0 0 0 52 0 0 0 0 0 0 83 0 0 78 0 0 0 0 0 0 29 44 46 0 53 12 69 15 0 0 22 34 0 0 0 90 0 83 0 83 0 0 56 0 0 0 0 0 0 0 0 0
0 3 0 0 0 86 0 0 0 15 31 0 0 0 0 0 0 0 33 0 0 0 80 0 78 0 0 0 0 0 20 59 0 0 0 0 0 0 0 55 0 5 76 52 0 0 0 28 96 0 0 0 0 0 39 68 27 0 0 0 44 0 0 42 80 0 66 0 98 0 13 0 0 0 4 0 0 0 0 0 13 0 51 0 48 0 0 0 0 0 0 0 0 0 0 0 0 0 0 0
0 0 0 33 75 0 0 0 0 0 0 0 0 0 0 0 0 80 0 0 41 0 0 0 0 0 56 0 0 96 0 93 33 0 0 54 0 0 0 0 0 0 0 0 0 0 0 22 0 46 9 0 0 90 0 0 0 0 0 78 0 0 0 0 0 0 0 0 30 0 0 65 0 50 0 0 0 43 0 0 0 95 0 33 0 77 0 0 0 0 0 0 0 0 0 68 0 0 0 54
0 0 71 0 0 0 0 0 0 61 0 49 0 0 0 0 0 0 0 0 0 0 0 12 11 0 0 0 93 0 0 0 0 0 0 0 0 88 0 0 0 0 0 0 0 57 0 0 0 93 0 0 0 0 0 100 80 0 0 0 0 0 0 75 0 0 0 0 0 0 0 0 2 0 0 0 0 12 0 0 0 0 11 17 0 18 62 0 0 0 0 0 0 0 0 0 0 0 0 0
27 0 0 0 75 0 100 0 0 0 0 0 0 0 0 0 79 48 35 0 72 0 0 0 57 0 0 0 100 53 0 0 0 0 0 70 0 0 0 0 0 83 0 20 43 0 44 65 0 0 0 0 0 0 0 0 31 0 0 97 52 0 96 0 0 0 0 0 0 0 0 0 0 53 57 100 0 94 0 0 0 81 0 38 0 0 49 0 0 0 41 0 0 0 0 0 0 0 67 0
0 0 0 0 0 0 0 84 0 0 0 0 0 29 81 0 0 0 0 0 0 90 0 0 0 0 0 0 28 0 0 0 54 0 0 0 0 0 0 0 0 49 0 0 0 0 0 0 0 0 0 0 0 0 0 0 0 0 0 0 0 0 0 0 0 0 0 0 0 0 0 35 0 0 0 59 0 0 0 0 27 0 0 0 14 13 0 0 0 0 0 90 0 0 36 18 0 0 0 96
0 82 0 23 99 0 60 0 0 97 0 0 54 0 0 0 0 22 0 0 0 0 0 0 0 0 0 0 0 0 0 78 0 58 26 0 0 0 61 68 0 0 0 41 0 0 64 0 0 0 0 0 0 0 0 33 10 61 0 0 0 0 0 0 69 0 0 0 51 74 0 0 0 0 0 0 63 0 0 0 0 0 59 0 0 0 0 0 0 0 0 69 62 0 0 54 53 0 0 0
0 0 69 0 0 0 0 95 0 55 41 0 0 0 0 0 0 0 0 0 0 0 60 0 0 86 0 0 0 0 0 37 49 46 0 0 0 0 0 57 0 0 0 0 0 0 0 0 0 0 76 0 0 0 0 0 0 0 0 0 26 41 0 64 0 0 0 12 0 0 0 0 57 0 0 0 78 59 0 0 63 0 0 0 0 20 0 0 45 0 0 0 0 0 0 0 0 0 0 20
65 0 0 99 60 3 0 0 0 0 0 80 60 0 0 50 0 0 0 23 44 57 43 0 0 0 0 0 0 0 0 21 68 0 0 0 100 0 0 0 0 0 0 47 0 87 0 0 0 0 0 36 0 0 0 0 0 9 15 61 0 19 82 98 65 0 0 19 0 0 0 32 70 35 55 0 0 6 0 0 0 59 0 0 0 0 0 0 0 0 0 70 0 0 0 0 21 0 0 0
78 0 10 0 0 0 0 23 0 0 0 0 0 0 0 0 0 10 0 0 6 0 0 0 0 0 0 0 0 0 17 17 22 0 8 0 0 0 0 42 0 93 0 96 0 0 45 38 0 0 0 0 0 0 44 0 85 0 17 85 55 0 0 0 0 0 32 0 46 0 10 0 0 0 45 0 0 0 36 0 0 0 0 64 14 0 0 0 0 0 82 0 0 32 0 0 0 0 0 0
45 0 3 0 0 0 5 0 82 0 13 0 0 0 11 0 0 0 0 0 0 0 0 0 0 0 0 0 0 0 0 0 0 0 0 0 0 85 0 0 0 0 0 0 90 45 47 0 0 0 0 0 0 45 0 0 0 0 0 0 71 0 0 79 16 0 0 0 88 0 0 84 58 0 0 82 29 0 55 0 0 23 93 0 0 0 48 0 0 0 0 0 28 40 0 0 10 0 0 37
0 0 0 0 0 0 0 0 0 93 0 0 0 45 0 0 0 0 0 0 0 6 0 0 0 0 0 0 61 0 0 0 0 0 0 20 0 0 77 0 0 0 8 94 0 4 0 0 0 0 0 0 0 0 0 41 34 93 0 37 0 0 27 97 63 0 74 77 90 0 88 0 0 0 0 0 3 83 0 0 45 0 0 0 0 0 0 20 21 0 6 0 49 0 0 45 0 0 0 0
0 0 0 0 0 74 0 0 0 0 79 0 0 0 0 0 0 0 0 0 0 0 0 0 0 0 9 0 5 0 0 0 0 0 0 0 0 0 0 0 0 0 0 97 68 0 0 0 0 0 0 7 10 0 47 0 80 100 61 0 92 0 0 0 0 0 2 0 0 0 22 0 0 0 0 0 0 0 0 0 0 0 0 0 0 0 0 0 98 0 4 51 0 0 5 97 82 0 0 51
0 26 0 0 87 59 0 0 0 0 0 65 0 0 83 67 0 0 0 0 0 0 0 0 0 0 0 0 0 0 34 0 0 0 0 73 0 0 11 62 28 0 0 67 0 38 28 100 21 96 0 57 0 70 0 0 0 0 53 60 0 0 0 0 0 5 0 0 0 0 0 0 0 0 15 0 0 29 39 46 0 0 27 83 0 0 0 18 0 0 0 0 0 0 0 0 0 0 0 0
0 0 0 0 0 0 53 69 0 0 0 0 0 0 0 0 0 0 36 0 28 0 0 1 0 0 0 0 0 0 0 0 0 0 92 0 0 0 0 0 89 11 0 0 78 0 0 0 0 0 0 98 0 0 0 0 0 93 98 0 0 0 0 52 0 0 0 0 0 0 0 0 0 0 0 0 0 6 0 0 0 0 0 0 0 0 0 0 71 0 0 0 0 0 62 0 54 0 0 88
0 37 0 0 0 0 0 0 0 0 85 0 77 0 91 0 56 46 0 0 87 0 0 0 0 63 0 0 1 0 0 0 0 0 0 0 0 0 0 0 47 0 0 0 0 0 0 29 0 0 0 0 0 0 0 81 0 0 0 0 21 0 3 0 0 0 0 0 59 0 0 0 0 0 0 0 0 0 0 73 98 0 77 0 0 0 0 0 0 0 0 0 0 81 0 0 0 0 0 0
38 0 0 0 0 0 62 0 0 0 0 0 0 0 0 5 0 0 0 0 0 0 0 0 0 0 34 0 0 0 0 0 0 57 0 0 0 0 0 0 0 24 0 0 0 49 0 0 0 0 0 3 0 39 0 0 0 0 0 0 0 62 0 0 0 0 0 0 59 0 0 0 88 75 0 46 0 0 0 97 0 0 56 0 0 0 0 60 0 0 77 0 0 23 0 0 0 0 0 0
0 92 0 0 0 0 0 0 12 0 0 20 0 0 0 0 0 0 0 0 61 0 39 0 98 26 0 17 0 0 0 0 68 0 97 0 0 14 36 0 0 0 0 0 0 0 0 0 90 0 92 0 47 0 0 0 97 0 0 0 0 47 73 0 0 0 0 0 0 0 0 44 0 55 64 0 0 0 0 22 0 0 0 0 0 0 0 0 0 0 0 0 0 0 0 0 92 0 0 67
0 0 0 0 0 0 0 20 0 0 39 0 0 0 0 0 0 0 0 74 0 0 0 0 96 0 0 78 0 60 0 0 0 8 84 0 0 0 0 0 0 47 0 25 0 78 0 0 0 0 64 24 58 0 96 0 48 0 13 0 70 0 0 0 0 0 7 0 0 0 0 0 0 0 57 0 90 71 0 24 0 0 0 0 0 0 0 0 0 61 0 0 0 0 0 0 0 0 0 0
0 0 0 0 3 0 77 0 0 0 0 0 0 0 99 0 0 0 0 0 0 0 0 66 0 0 0 66 0 67 0 12 0 70 0 0 0 0 0 0 0 0 0 0 0 87 0 0 0 0 0 0 0 0 0 0 0 0 0 89 0 0 0 98 0 0 0 33 0 0 0 93 0 67 0 0 11 0 49 99 26 94 0 0 0 91 0 0 0 0 85 17 98 0 0 100 0 0 0 0
0 0 0 0 0 36 0 0 0 0 0 17 69 11 0 0 0 0 7 10 0 0 0 0 0 0 0 0 40 0 0 45 0 5 0 0 0 0 67 0 0 0 0 0 0 33 0 0 0 0 0 0 0 73 0 1 0 0 0 0 0 0 0 0 95 0 46 17 0 0 0 0 82 0 16 0 0 0 0 68 0 0 89 0 0 78 0 0 0 0 0 16 0 0 84 7 0 0 12 0
0 0 0 83 0 0 0 0 0 0 0 0 0 0 0 0 0 0 0 0 58 0 0 0 0 0 0 0 0 0 0 74 0 0 17 0 76 0 18 0 0 0 0 0 0 77 0 0 0 68 82 39 0 0 0 0 0 0 0 0 0 0 0 0 0 6 0 39 0 20 0 9 0 0 0 0 41 30 76 0 0 0 67 0 0 50 19 0 0 0 0 0 0 18 4 19 0 22 0 0
0 0 0 0 10 0 0 0 0 0 47 0 0 0 0 0 12 63 0 0 0 39 0 0 0 44 0 0 69 0 77 0 0 0 8 0 0 0 21 0 0 0 34 65 0 0 0 0 0 0 46 0 39 0 0 0 0 38 0 0 0 92 62 0 0 0 0 0 100 33 60 6 0 0 22 0 55 0 0 53 77 0 56 33 99 0 0 0 5 15 0 0 0 46 0 0 0 0 0 0
7 0 38 0 0 73 0 0 0 55 64 0 0 0 84 42 0 28 0 0 0 81 13 0 0 0 0 0 15 0 0 0 0 0 17 46 0 0 0 0 0 0 0 0 0 42 0 43 0 0 4 0 0 0 0 0 0 0 97 39 76 0 0 0 0 0 0 0 0 0 0 0 0 0 0 0 0 0 0 0 0 0 73 0 0 1 28 0 0 0 0 42 0 0 0 0 0 0 0 0
0 22 0 30 0 0 0 42 0 0 70 0 90 0 87 0 74 87 35 0 92 0 0 0 0 0 34 0 0 26 60 78 59 0 0 0 0 0 63 0 0 72 0 0 0 0 0 0 0 24 0 9 0 0 0 0 0 0 0 0 11 0 0 0 0 0 22 68 0 0 0 0 36 0 35 26 0 0 0 0 89 0 0 98 0 8 0 31 0 28 0 0 0 0 88 0 0 83 51 0
0 0 0 0 0 0 0 0 0 3 14 0 0 55 0 0 8 0 35 0 0 0 0 62 93 0 0 0 0 0 0 51 0 0 0 0 0 0 0 0 0 0 0 0 0 60 0 0 0 0 6 0 0 0 0 0 0 0 0 0 0 0 0 0 0 0 72 0 0 22 96 48 0 22 97 12 0 0 17 0 0 0 34 0 0 0 0 10 0 0 0 0 0 0 0 0 0 0 0 0
73 0 82 0 0 0 0 72 0 0 0 0 0 0 0 0 0 0 0 0 0 0 0 0 0 63 0 0 0 0 41 21 0 0 0 0 100 37 0 0 0 0 0 0 0 0 0 0 67 0 49 0 0 0 0 43 80 81 0 0 62 0 0 22 0 0 93 0 0 0 0 21 0 28 0 3 0 0 0 0 0 0 0 72 0 0 0 0 57 0 0 33 0 0 0 0 0 0 0 0
0 25 0 0 0 0 0 0 0 20 43 0 30 0 0 0 57 0 7 98 0 0 78 54 32 0 0 0 0 0 0 0 0 0 0 0 0 0 0 0 0 0 0 0 0 0 0 67 0 84 0 0 44 94 0 30 0 21 0 0 0 0 46 0 0 0 74 0 0 0 0 22 0 0 0 0 2 0 0 0 22 0 53 0 44 0 0 0 0 0 0 0 0 0 0 0 0 0 52 0
0 0 0 0 0 0 0 0 0 0 0 0 0 0 0 14 0 0 0 0 12 0 0 0 0 88 0 0 2 0 22 78 93 0 0 0 44 0 0 0 12 0 41 0 0 0 0 0 0 0 0 42 0 0 0 0 0 0 0 0 0 0 84 0 98 0 44 38 0 35 0 0 66 0 0 0 0 0 0 0 0 0 0 0 0 0 37 0 0 0 32 86 78 92 47 0 0 0 48 0
0 0 18 0 21 0 0 0 0 0 84 0 0 0 47 51 48 0 0 77 0 0 89 100 0 0 66 0 0 55 0 0 0 0 0 0 0 0 0 58 0 0 0 0 0 0 0 0 0 0 0 0 0 0 0 0 61 0 0 20 17 0 0 0 0 0 96 0 0 0 0 0 0 0 0 0 11 0 0 0 0 76 0 0 0 96 0 0 0 0 0 0 0 0 0 0 0 0 75 0
0 24 0 0 0 0 0 0 2 86 0 0 9 0 74 0 0 0 0 0 68 21 0 0 0 0 27 0 60 0 0 24 0 0 83 0 0 89 0 0 69 0 0 0 0 45 53 0 32 0 0 0 79 0 32 0 0 0 0 17 38 0 90 80 0 29 86 42 0 0 0 93 0 0 0 0 0 47 0 0 0 51 0 0 4 0 0 0 0 0 0 0 88 0 0 0 0 0 0 43
0 86 0 55 0 76 0 0 0 0 0 0 0 0 0 0 0 0 0 27 0 0 30 0 15 0 0 50 0 0 3 0 0 0 72 0 45 0 0 0 0 0 0 0 67 0 0 26 61 0 0 0 49 0 0 0 0 0 0 0 0 35 0 0 16 0 49 0 1 0 0 87 0 0 0 0 0 0 62 92 0 0 0 0 0 0 62 0 84 0 73 0 90 0 0 0 0 0 0 0
26 0 68 1 0 42 94 0 0 0 0 51 31 0 0 0 0 0 43 100 100 0 0 0 0 0 0 0 0 0 0 0 0 0 0 0 0 0 0 0 7 0 0 0 0 0 51 38 0 0 0 0 0 27 0 0 0 0 9 83 0 78 0 0 70 0 14 64 0 48 0 0 15 0 0 74 0 0 57 0 0 0 94 0 24 0 0 0 40 33 0 0 51 0 0 0 0 0 98 51
96 49 0 26 0 0 0 0 0 0 0 0 0 33 0 0 0 0 0 0 0 0 0 0 0 0 0 0 0 0 0 0 0 0 0 53 0 0 0 0 0 0 0 0 0 0 0 0 0 0 96 0 0 0 0 79 0 48 0 0 0 0 9 0 0 0 0 22 0 0 0 0 0 62 0 86 0 54 0 0 79 0 0 0 0 0 0 0 25 0 0 0 0 0 93 0 13 2 0 0
23 33 0 0 0 0 0 0 19 0 0 0 53 0 0 0 0 0 0 0 0 0 45 10 0 0 0 0 0 0 90 81 0 0 75 0 0 0 85 0 0 0 0 0 0 0 0 71 0 0 0 0 0 0 17 18 61 0 0 92 4 64 0 0 0 0 0 0 52 35 0 0 0 94 0 0 0 0 0 0 0 0 0 0 0 0 0 0 0 0 0 0 63 0 33 0 0 0 0 0
0 0 0 0 38 17 0 0 0 0 0 0 0 19 0 0 0 51 0 0 0 0 2 0 0 0 60 0 0 0 0 0 0 66 0 88 0 0 0 0 0 23 0 0 0 26 0 0 0 0 41 6 4 0 0 97 98 79 0 23 0 8 0 0 0 0 0 0 0 0 0 0 0 0 37 0 0 28 0 0 56 0 0 64 0 0 0 0 0 0 0 0 0 0 0 0 0 65 0 0
47 80 76 0 8 0 0 47 0 0 0 0 0 0 80 0 0 0 17 0 100 4 0 0 0 0 0 0 0 0 0 0 0 0 11 0 0 0 0 77 3 44 51 0 0 0 0 0 0 0 0 0 31 0 0 0 0 0 32 0 56 0 0 52 0 0 0 86 17 0 0 0 0 0 0 0 59 34 0 0 0 0 0 0 0 0 0 0 0 0 0 0 55 0 30 49 15 0 0 70
0 0 0 0 100 0 0 67 0 0 2 61 96 0 0 0 0 0 33 0 0 0 0 94 0 0 0 0 0 0 0 0 0 0 0 61 23 0 0 0 0 79 21 0 0 56 0 0 0 0 0 0 0 0 0 0 0 0 0 0 64 16 0 75 34 0 0 0 86 88 0 0 78 0 0 0 38 6 0 0 43 0 62 0 0 0 0 0 0 0 0 0 0 0 0 0 27 0 0 0
97 0 0 0 0 92 95 0 0 0 0 69 0 0 0 0 68 0 0 0 90 0 0 0 0 0 0 0 0 0 47 0 0 0 12 0 52 31 0 0 0 64 0 0 0 0 0 0 1 18 0 0 0 0 95 0 0 0 0 0 0 0 0 0 0 0 3 0 0 0 0 0 0 11 0 0 0 0 31 3 0 0 57 0 0 0 4 0 91 0 7 0 75 0 0 0 0 0 63 0
0 0 0 64 0 0 65 0 0 74 0 0 27 0 95 0 0 0 0 64 0 0 53 0 59 0 0 0 0 46 8 0 0 40 28 32 0 0 0 0 0 0 24 0 0 0 0 0 0 0 0 0 0 0 82 0 0 0 0 0 0 0 0 0 0 0 0 48 0 0 0 75 0 0 0 0 0 0 0 0 0 0 91 0 0 40 0 0 26 0 0 0 0 0 0 0 0 0 0 0
0 0 3 29 0 0 0 65 46 0 0 0 66 0 0 0 50 0 0 42 0 74 0 0 0 0 36 15 16 0 0 7 0 0 6 0 0 45 0 0 0 0 30 0 0 20 0 0 96 0 0 0 0 0 0 0 0 0 0 0 0 0 0 0 0 97 22 0 0 0 0 0 0 0 72 17 0 0 0 0 0 0 0 72 0 0 0 0 0 0 0 0 0 0 0 67 0 0 0 1
0 0 0 0 0 0 36 0 0 0 0 87 0 66 67 0 0 85 0 0 31 0 0 0 0 0 38 0 43 22 23 88 0 0 59 0 0 0 0 0 100 36 69 0 0 0 38 0 0 52 0 37 0 0 0 0 16 0 17 0 0 90 0 0 37 0 83 0 0 0 0 0 0 0 0 0 0 0 54 80 0 0 53 0 0 0 0 0 0 97 0 0 0 0 0 0 0 64 45 0
37 93 23 0 0 0 21 0 0 0 0 0 63 59 0 0 38 24 61 0 0 0 0 0 0 0 4 0 0 0 0 0 0 0 0 0 0 0 0 0 0 96 56 0 0 66 2 0 63 0 96 47 0 0 0 0 0 66 0 0 0 0 0 0 84 0 0 0 0 31 39 11 0 56 77 0 0 37 0 0 0 0 0 0 0 0 100 0 10 0 0 0 0 0 0 0 0 82 0 0
0 0 0 0 81 0 0 78 0 93 0 0 0 0 0 0 0 0 0 37 0 35 66 0 0 0 3 0 0 59 72 0 0 0 0 0 0 100 20 17 13 0 0 0 0 0 0 0 0 25 52 0 0 0 51 7 0 0 0 95 0 0 0 0 0 44 0 0 0 2 0 0 0 9 0 0 0 0 0 0 17 0 21 0 0 0 0 0 0 0 0 0 0 0 44 0 0 0 0 0
0 93 0 42 0 0 0 0 0 29 0 0 0 38 0 64 86 0 0 92 18 0 0 0 0 0 0 0 0 0 0 0 0 0 81 93 0 0 0 0 65 0 19 0 18 0 0 0 100 24 85 0 41 0 0 0 0 0 0 0 0 0 20 0 0 0 94 93 0 91 0 0 0 0 0 0 0 42 0 0 0 0 0 0 0 12 0 0 0 22 62 57 0 36 0 89 71 0 38 0
61 0 0 49 0 0 39 96 99 0 0 0 0 25 0 0 0 0 0 0 0 26 0 0 29 55 23 0 0 0 36 0 0 35 0 0 57 14 0 0 68 0 64 0 0 55 0 0 63 0 0 0 0 0 0 0 0 0 0 30 0 69 22 0 0 0 0 0 0 0 82 0 0 0 44 13 0 0 0 0 0 0 0 0 0 0 0 0 48 0 0 52 0 59 59 83 0 0 0 2
20 40 11 0 0 0 0 0 0 0 0 35 0 0 0 14 0 0 0 0 0 0 0 0 0 19 0 0 0 96 0 34 0 0 0 0 0 0 0 0 68 0 24 0 0 0 0 0 91 70 92 0 72 22 0 0 0 25 0 0 0 18 96 97 0 0 0 16 0 41 0 0 0 0 74 0 0 0 0 0 0 0 91 40 0 0 0 0 0 0 4 0 38 0 0 0 0 0 8 0
0 0 0 0 0 0 0 0 34 20 0 0 0 0 72 12 0 0 0 0 48 56 0 0 0 0 0 60 0 55 0 0 0 0 0 0 0 0 0 0 0 0 0 46 0 0 100 0 0 0 0 0 0 0 0 29 54 54 0 0 0 83 0 0 0 0 0 0 69 0 0 0 48 0 0 0 0 22 0 0 0 32 2 32 20 0 0 0 0 0 77 12 0 0 0 0 0 0 0 0
0 0 0 38 0 0 0 82 0 0 0 26 0 0 0 0 56 0 0 0 0 0 0 0 94 0 59 0 0 0 0 0 0 72 0 0 0 86 0 0 0 0 0 0 27 18 0 0 0 0 0 66 70 0 95 78 0 0 57 0 0 19 0 0 0 4 73 0 43 36 0 0 18 0 0 0 15 0 0 38 0 0 0 0 38 0 0 0 0 26 0 0 100 0 54 0 4 9 0 86
0 0 73 21 0 67 0 51 0 0 0 0 28 0 0 0 0 0 0 0 0 0 0 74 0 0 13 0 40 0 0 0 0 0 41 85 34 0 0 0 0 0 0 59 0 0 0 0 0 0 0 34 0 0 0 0 0 73 1 0 64 0 0 0 0 0 0 0 0 23 0 0 0 0 0 0 73 0 0 80 0 0 0 0 0 0 0 0 63 0 0 12 0 0 0 0 0 0 57 0
0 0 0 0 0 35 0 0 83 0 0 0 0 0 0 17 56 0 0 0 0 16 0 0 82 75 0 0 0 0 0 0 0 0 0 0 60 0 17 0 0 0 0 7 0 0 0 0 0 0 0 0 0 0 0 0 56 18 0 0 0 0 85 0 30 0 0 63 0 0 94 0 0 0 0 0 42 0 0 0 21 0 0 0 0 47 0 0 92 60 0 0 0 0 89 5 0 0 0 0
0 59 0 0 0 0 0 0 72 0 0 87 92 0 4 0 13 0 0 0 61 0 90 0 0 80 0 0 0 23 84 0 99 0 0 0 0 35 0 0 0 0 0 77 21 0 0 0 91 0 0 0 0 0 0 0 0 0 0 0 0 53 0 0 0 0 0 0 0 0 0 0 0 54 0 0 0 0 0 0 0 0 93 0 0 0 74 0 0 0 0 0 0 0 0 0 36 0 0 84
67 15 0 0 0 0 22 0 0 0 0 0 99 61 0 0 0 0 0 29 0 0 0 0 0 0 97 0 0 71 0 0 0 0 0 0 0 0 83 79 0 0 0 0 0 0 41 0 0 6 0 0 0 0 0 0 0 0 0 0 89 56 61 0 0 0 19 5 0 24 0 0 0 0 77 80 0 0 0 0 0 0 0 56 0 0 0 27 0 0 0 0 0 0 0 68 0 0 0 9
0 67 0 60 0 0 0 0 0 33 4 0 0 0 27 0 0 0 0 0 0 29 0 0 0 0 21 0 0 29 0 0 0 9 41 0 0 37 0 0 0 0 0 0 0 18 0 0 0 0 0 0 0 0 0 18 64 0 0 0 0 29 0 0 0 0 0 0 0 0 0 48 0 92 78 0 0 0 0 0 92 0 0 0 0 0 83 0 30 0 0 74 0 45 82 52 0 0 0 32
29 4 0 67 73 12 0 0 100 95 0 0 0 41 0 100 0 0 79 0 0 0 0 0 0 0 0 54 0 29 24 0 0 13 0 0 0 0 0 0 0 0 11 75 0 0 0 73 0 0 0 0 0 0 0 91 0 0 0 78 0 0 0 0 1 0 75 61 0 86 0 0 0 0 0 57 0 0 0 45 0 0 1 0 77 0 0 0 0 0 59 0 59 0 0 42 0 0 0 0
94 0 0 89 32 0 0 0 0 0 0 0 0 0 0 0 0 0 0 0 0 41 0 0 32 0 92 0 0 0 0 60 0 0 0 0 0 0 0 0 0 0 0 61 0 4 0 84 0 0 30 0 53 0 0 0 0 0 0 0 88 0 0 0 0 60 0 0 11 0 0 0 0 67 0 0 0 0 0 0 0 0 0 60 0 2 0 0 0 0 0 72 0 0 0 0 0 19 98 0
0 0 0 0 51 0 67 45 0 50 0 0 0 1 0 0 0 0 0 0 43 0 0 0 0 0 89 0 0 0 0 0 0 0 0 0 84 0 0 60 0 0 13 0 0 60 0 82 0 0 0 0 0 0 0 31 0 0 0 50 7 0 0 0 5 0 79 56 22 0 0 0 0 0 20 0 0 0 0 0 0 0 0 0 0 0 0 0 0 0 0 0 14 0 0 0 0 0 14 0
0 0 31 47 0 14 0 83 72 0 0 0 0 0 0 0 22 89 0 0 0 10 53 82 0 0 0 19 0 0 0 0 0 0 0 0 0 0 0 0 39 0 17 4 0 81 51 0 0 0 0 14 0 0 33 0 96 0 0 0 0 0 0 0 46 0 0 0 0 0 0 0 48 0 98 0 0 0 0 0 0 0 10 0 0 0 0 0 0 78 0 0 0 0 88 43 84 0 0 33
0 0 31 0 60 0 57 47 0 0 0 0 0 0 0 0 72 15 0 67 0 0 93 0 78 0 77 0 0 39 0 0 0 0 0 0 0 0 44 0 0 0 0 0 42 41 0 0 0 0 38 0 0 96 9 0 0 0 0 14 0 0 18 0 23 0 0 0 0 0 0 0 0 92 0 0 0 0 0 0 0 62 0 0 0 0 76 0 0 0 0 0 0 78 0 0 0 0 0 0
0 0 0 0 0 0 0 0 0 0 0 0 0 0 0 21 0 71 0 0 0 0 0 0 0 0 5 0 81 0 0 0 0 43 44 0 22 0 15 0 0 0 50 0 0 0 0 0 0 0 58 0 83 0 30 0 0 0 0 0 0 0 0 0 0 0 0 9 0 14 0 0 0 5 66 0 33 0 0 0 0 0 0 0 0 74 0 0 72 0 0 0 0 0 0 0 0 0 0 0
0 70 0 0 0 0 0 0 0 0 0 0 0 48 0 0 60 0 25 0 84 0 0 0 0 0 0 0 0 0 89 0 0 0 70 41 18 0 0 0 0 0 0 0 0 99 0 80 15 17 0 0 40 0 0 0 0 27 0 10 0 0 68 0 0 98 0 0 97 0 0 0 0 0 0 0 0 0 85 0 61 0 0 41 0 20 7 0 45 0 0 0 0 73 94 85 0 0 0 69
0 0 0 0 0 0 0 54 40 0 0 73 0 0 0 0 0 0 0 0 0 0 0 72 60 0 0 0 0 17 0 89 0 0 0 0 0 0 0 0 0 0 0 59 0 15 0 50 10 0 0 0 0 36 0 0 0 0 0 0 0 0 0 0 1 0 0 0 0 0 9 0 0 0 0 0 43 0 0 0 0 0 0 0 0 0 0 0 0 0 0 0 0 0 0 0 0 0 0 0
41 0 0 15 0 0 0 0 0 0 0 0 0 0 0 0 0 87 0 13 83 0 70 0 0 0 0 0 86 75 37 0 0 0 32 0 89 0 7 52 61 0 0 80 0 0 0 0 0 0 0 0 0 0 0 0 0 0 0 0 0 7 0 84 0 0 0 0 76 0 56 0 65 0 0 0 0 67 0 0 0 0 69 0 10 0 0 0 60 0 0 0 0 0 0 0 0 0 0 0
0 0 0 0 0 31 0 0 0 0 0 93 23 68 26 0 0 94 21 0 0 0 0 18 42 0 0 0 53 0 66 40 0 0 13 57 0 0 0 0 0 0 0 0 0 0 44 0 75 0 80 81 75 0 0 0 43 0 94 0 0 0 0 0 0 30 0 0 0 0 0 19 71 0 0 0 0 0 0 0 0 87 0 0 0 0 32 0 0 77 0 0 0 67 0 0 0 0 0 0
0 0 0 0 0 3 0 0 24 0 0 0 0 0 2 0 0 0 0 0 8 43 0 60 0 0 0 0 99 0 0 0 0 72 56 0 0 0 0 0 0 0 0 0 0 0 67 0 0 0 0 38 0 0 0 83 28 67 0 0 0 0 0 58 20 0 0 27 0 0 0 0 27 0 0 0 27 0 0 64 45 0 26 0 0 0 14 0 0 0 12 0 0 0 0 43 0 0 0 0
62 0 0 0 74 50 0 0 90 0 0 0 0 0 34 0 0 0 0 0 0 0 0 0 0 0 0 98 0 0 46 0 0 25 0 56 0 0 93 32 0 0 0 0 0 0 80 46 0 0 0 0 0 0 45 0 0 0 79 0 59 0 0 0 0 4 0 0 0 27 0 0 44 64 0 0 0 0 0 0 0 0 0 56 0 100 0 0 0 0 0 0 0 0 0 0 41 54 93 0
89 99 0 19 0 0 0 34 0 0 0 0 8 0 0 0 0 0 0 75 0 4 0 0 0 0 0 5 30 0 0 0 16 0 0 79 0 0 0 0 0 0 40 0 0 37 0 78 0 0 0 0 0 0 0 0 37 15 0 55 0 0 0 0 0 81 0 0 78 42 48 0 0 4 0 0 0 63 0 0 0 0 72 59 0 0 0 77 0 24 0 0 0 81 31 47 49 0 0 0
0 0 66 0 93 0 0 0 0 0 0 0 95 0 0 0 0 0 0 95 12 0 0 0 0 8 0 0 0 0 94 0 0 0 0 83 0 10 0 0 0 0 0 15 0 0 0 32 64 74 92 0 0 0 29 83 27 0 0 26 0 0 0 0 0 0 0 0 0 25 0 0 0 47 0 0 0 0 0 0 0 0 13 0 0 0 0 0 0 33 0 0 0 0 0 0 0 0 0 0
0 0 0 0 91 21 0 56 0 0 0 0 0 3 62 0 0 59 0 0 0 0 0 0 0 65 0 0 0 86 0 53 0 0 0 0 0 0 0 0 0 0 0 0 0 0 0 0 0 0 0 0 0 0 48 0 0 0 0 0 0 0 0 0 0 9 73 0 0 0 50 0 0 0 16 0 31 15 0 0 0 0 0 0 0 0 0 0 0 0 0 0 70 100 17 0 0 0 81 35
0 0 52 0 0 0 0 37 0 0 0 0 26 0 0 0 89 0 0 0 0 34 0 0 0 0 87 0 0 0 27 0 0 0 0 0 0 0 67 0 0 0 68 0 0 0 0 82 0 0 0 43 0 0 88 0 0 0 38 0 93 0 0 0 75 0 22 0 81 0 0 0 0 0 0 0 0 51 0 0 0 0 0 0 0 0 40 0 0 0 0 0 75 0 0 0 4 0 0 30
0 91 1 52 0 5 0 0 11 54 0 0 0 0 0 78 0 55 0 0 34 0 87 0 0 0 0 0 0 0 6 70 0 0 0 19 0 0 0 31 0 7 0 0 59 0 69 0 0 3 50 0 81 0 0 0 0 0 99 0 100 63 0 0 0 0 0 0 0 0 32 0 0 98 0 0 0 0 0 0 4 0 0 100 0 0 0 76 0 0 0 60 0 0 0 0 0 0 0 0
0 0 62 0 54 89 1 0 0 0 0 8 0 54 0 0 0 0 0 94 0 73 0 88 0 0 0 77 0 0 0 0 90 0 0 71 0 0 0 81 0 0 30 0 0 59 0 0 0 87 0 41 0 29 0 69 0 0 65 0 0 0 0 0 0 0 0 0 78 100 0 0 0 0 0 0 0 0 0 0 16 32 0 32 97 20 0 65 33 0 0 0 0 0 0 0 0 0 0 0
0 0 97 64 76 23 0 0 0 0 0 0 0 0 50 0 0 0 0 0 0 0 0 64 0 0 0 0 0 0 0 0 0 77 0 53 0 0 63 0 0 0 0 88 26 45 75 0 0 0 0 0 13 0 0 0 38 0 66 0 87 0 0 0 0 0 0 0 0 0 19 0 0 0 0 77 0 99 0 0 0 0 55 0 24 0 53 0 0 0 0 0 0 0 0 0 49 0 0 0
0 0 0 0 0 0 0 0 95 0 0 0 0 0 0 0 0 0 17 0 57 63 0 68 26 0 84 0 0 0 72 73 97 59 0 0 0 93 0 43 0 66 0 16 0 0 33 0 0 0 0 0 17 0 0 0 88 0 0 0 0 0 0 37 0 0 97 86 0 0 0 0 95 0 0 58 0 0 0 0 48 0 0 0 0 0 0 0 76 3 0 54 0 54 0 14 70 0 0 0
0 0 0 82 15 0 0 74 0 0 46 63 0 0 0 75 0 1 0 0 0 0 0 55 45 0 98 0 0 0 0 0 0 0 0 0 76 32 7 0 0 58 0 0 0 0 0 0 0 0 52 0 0 6 68 0 0 0 33 0 18 0 73 0 0 71 0 0 0 0 0 0 0 0 0 0 0 0 0 0 0 0 0 0 40 41 0 52 0 0 0 0 0 0 0 2 95 87 0 0
0 33 0 64 0 35 0 75 0 0 0 0 0 21 0 72 0 0 0 0 0 0 16 0 0 0 0 0 1 78 8 11 0 0 0 0 0 0 37 0 72 85 24 0 0 0 0 0 0 0 0 0 0 0 0 28 0 0 0 0 42 0 0 95 0 0 23 33 65 20 0 0 0 0 0 0 0 40 0 0 0 0 61 36 0 0 0 61 0 0 0 0 0 0 0 0 0 0 0 0
57 0 0 0 0 6 0 0 0 0 21 46 99 0 0 0 0 21 39 0 0 0 64 21 81 0 0 14 0 98 0 0 0 0 0 0 0 0 0 0 0 0 98 0 80 0 0 0 0 33 0 74 0 0 0 0 0 0 80 0 99 0 32 54 0 0 52 0 43 0 0 15 0 0 0 0 61 0 49 0 0 0 0 0 0 0 0 0 34 0 52 0 0 0 0 0 0 0 0 0
0 83 0 0 0 0 22 0 0 0 0 0 0 21 0 27 6 93 0 93 0 0 0 21 0 66 0 0 0 0 0 46 0 81 2 0 29 0 0 0 0 0 0 0 91 0 34 41 7 0 0 0 0 0 0 15 0 39 32 0 41 0 0 0 0 0 5 38 0 0 0 0 41 6 0 70 0 0 40 0 0 0 0 0 0 0 0 0 0 0 0 51 0 0 0 0 0 0 0 0
0 0 0 95 2 0 43 25 99 0 0 1 0 0 0 75 0 54 0 0 39 0 0 0 0 0 0 0 0 0 0 36 0 0 0 0 0 83 0 43 0 0 0 0 0 0 0 0 0 0 0 0 0 0 0 0 0 0 0 0 22 100 0 69 0 0 0 0 0 60 0 0 0 44 31 0 0 0 89 97 0 95 0 44 0 0 0 0 0 89 0 0 0 71 92 0 0 0 0 0
0 0 0 0 0 94 16 40 0 0 27 40 0 2 0 0 0 13 0 0 0 0 0 91 0 75 0 0 0 0 56 85 0 0 0 0 0 5 0 0 0 0 12 0 0 0 33 0 19 0 0 0 8 0 0 0 88 0 22 51 0 0 0 0 0 0 0 0 0 0 0 0 0 0 0 42 0 0 0 0 11 0 0 0 91 0 0 75 0 13 40 2 0 46 4 0 0 58 0 36
0 0 0 0 0 0 0 0 0 0 0 0 88 0 100 72 52 0 0 0 0 0 0 0 0 0 0 0 0 0 0 0 0 0 0 35 0 0 51 0 0 99 0 0 0 76 0 0 0 56 80 0 51 0 0 0 71 0 0 43 0 0 0 0 0 0 94 0 0 0 0 0 0 0 0 0 0 0 75 0 0 0 0 0 0 0 0 0 48 0 61 11 0 0 0 0 0 0 0 0
0 39 0 0 0 0 0 72 0 13 0 0 22 72 0 44 0 0 0 0 0 95 0 0 0 0 10 0 50 0 68 0 68 0 0 0 0 66 86 0 0 96 0 0 0 0 0 0 0 0 0 0 0 0 47 0 0 0 0 70 0 0 0 0 0 0 0 0 0 92 83 0 0 0 0 82 0 0 57 0 0 15 0 0 0 0 0 0 55 0 0 83 0 0 0 0 0 0 0 0
0 0 61 0 7 57 0 0 0 0 0 40 0 48 0 0 47 0 0 0 0 16 0 0 0 0 0 0 0 0 0 0 0 0 56 0 0 0 0 0 0 83 0 0 33 0 0 0 0 49 0 0 0 0 0 0 0 65 0 37 0 25 0 0 0 0 0 0 0 0 53 0 0 83 0 0 0 0 75 78 0 56 23 78 17 84 0 88 28 89 0 0 0 0 0 0 0 0 0 0
65 0 0 0 0 0 50 0 0 0 0 0 0 0 64 0 0 56 0 0 0 4 0 0 0 82 0 0 0 11 0 0 0 0 0 0 0 0 22 0 0 0 0 0 22 0 0 0 0 0 0 0 0 0 0 0 0 0 20 93 0 0 25 17 0 0 7 0 0 0 0 15 23 0 77 0 0 0 0 0 0 0 0 0 18 0 27 97 0 0 17 0 0 47 0 65 0 0 0 0
0 92 0 0 0 0 0 71 0 0 0 43 0 0 0 0 0 0 0 0 0 10 0 0 12 0 34 11 0 95 0 0 0 0 0 0 0 0 0 0 0 0 0 0 0 21 0 0 0 81 0 0 0 0 0 0 28 68 0 0 0 0 0 19 0 0 0 0 34 0 0 0 0 0 64 0 0 0 0 0 0 0 88 0 91 0 0 49 0 0 0 0 0 0 0 0 0 14 0 0
0 0 0 0 0 0 0 0 0 0 0 10 0 0 54 0 0 0 0 0 0 18 0 31 77 13 0 0 0 0 0 96 0 21 85 0 0 0 0 0 0 0 0 0 0 0 0 92 0 79 58 0 0 2 0 100 0 0 0 44 0 0 0 0 44 0 0 35 0 0 21 0 0 0 0 54 0 0 0 0 0 0 46 0 0 22 0 0 0 0 0 0 8 0 0 0 0 0 0 0
0 99 0 92 0 0 0 0 0 0 0 0 0 0 0 0 0 0 24 0 0 55 0 80 44 0 0 29 6 0 0 0 0 0 0 0 0 0 0 82 0 0 0 19 0 0 0 0 0 0 0 0 98 0 0 0 0 0 0 0 0 0 41 4 0 75 0 0 0 0 0 0 0 0 68 57 5 58 0 82 0 0 84 69 0 0 0 0 36 74 0 0 0 41 0 95 0 0 59 0
0 19 0 0 0 87 0 22 87 0 0 0 0 0 0 0 93 0 0 0 64 0 0 0 0 0 0 31 0 0 0 0 25 0 92 0 0 93 0 54 0 0 0 91 0 0 0 0 86 0 0 0 0 0 0 0 77 0 0 0 0 0 0 0 0 0 100 0 0 0 0 0 17 0 27 0 0 0 0 0 0 0 0 0 95 94 0 83 9 0 0 0 0 0 30 0 0 0 6 0
0 0 0 0 0 0 52 0 33 0 0 0 62 52 81 92 0 0 74 0 0 0 0 58 0 0 44 0 0 0 0 74 86 41 0 61 0 0 11 0 0 0 0 0 43 0 0 0 0 0 0 0 0 0 0 0 0 29 79 0 0 62 0 8 3 0 0 0 0 0 0 0 52 0 0 0 0 41 77 0 0 39 1 0 88 46 0 0 0 16 0 0 0 0 0 97 0 61 0 99
0 0 0 0 0 0 0 16 0 0 0 71 38 0 0 0 0 0 0 0 0 0 0 0 68 0 0 0 0 0 0 0 0 0 28 67 0 23 61 0 35 0 100 14 0 0 69 0 42 0 0 0 0 0 56 0 0 0 0 0 0 21 0 0 81 98 0 0 0 40 0 0 31 0 0 69 0 10 0 0 0 0 26 0 0 36 0 0 96 0 0 0 0 0 0 33 0 0 0 0
0 0 0 78 0 0 0 97 0 0 0 0 0 67 0 0 0 0 0 30 0 0 0 0 0 78 0 0 0 0 71 0 0 0 41 85 35 0 0 0 0 0 0 0 100 36 0 0 0 0 0 49 18 5 0 0 72 0 0 0 0 0 0 0 0 0 9 0 0 0 12 0 89 0 0 0 99 0 0 0 0 37 0 0 0 0 0 56 0 0 0 0 0 0 0 36 19 0 0 0
0 0 0 97 62 94 83 0 0 0 0 0 0 0 0 2 0 0 0 0 6 0 0 0 48 100 0 94 75 0 12 0 0 0 0 0 0 0 0 0 0 2 0 70 0 0 0 0 66 93 46 0 0 0 0 0 69 0 0 0 0 0 73 6 61 0 0 0 0 0 0 0 0 0 0 0 0 0 0 0 0 0 0 0 0 0 45 26 0 0 0 0 0 0 0 0 20 0 0 0
0 0 51 0 0 0 14 0 0 0 0 0 0 0 43 0 0 63 0 0 0 0 0 74 0 0 0 0 0 0 0 0 0 0 0 0 0 0 0 0 19 0 0 7 0 0 91 56 15 0 0 0 55 0 68 0 0 43 0 0 0 0 0 0 79 0 0 0 0 0 92 0 0 0 0 0 0 0 0 0 0 11 0 0 29 42 61 0 0 0 0 0 86 0 5 0 0 38 70 0
0 0 0 96 0 77 0 0 41 0 0 0 0 0 0 0 0 0 0 0 0 0 16 0 0 0 35 0 0 33 0 55 0 0 0 0 0 0 23 0 0 83 94 0 0 0 0 0 0 0 0 63 0 0 0 0 0 92 0 0 0 31 0 0 0 0 1 51 0 0 0 0 0 100 71 0 0 96 0 76 64 29 0 0 8 14 71 0 84 0 0 82 0 0 61 18 64 58 0 0
0 0 0 0 0 0 0 0 0 0 0 0 70 0 0 0 0 13 0 0 0 14 4 0 73 0 0 60 0 0 0 46 0 0 0 61 0 0 13 0 0 0 19 86 0 0 0 0 0 0 0 0 0 7 0 0 0 0 0 6 0 0 6 68 20 0 0 0 0 0 52 61 0 33 0 0 0 0 0 0 0 0 0 0 29 0 36 80 0 83 76 94 0 35 0 77 0 84 0 0
0 0 40 33 0 0 23 0 8 0 26 0 0 0 0 0 79 0 47 0 0 63 0 0 0 0 0 44 0 0 8 0 0 0 0 0 0 3 0 0 0 0 0 0 0 0 0 0 0 0 0 0 3 0 58 0 0 0 0 0 0 0 0 0 0 19 0 28 0 52 0 0 0 0 0 26 0 0 0 0 0 0 0 0 0 30 0 0 0 70 0 74 12 0 0 23 0 0 20 0
33 0 0 0 0 76 0 0 0 9 0 0 5 0 0 0 0 71 0 0 0 0 8 0 0 0 0 0 0 0 7 0 0 0 0 0 0 0 0 0 0 0 0 0 0 0 28 0 0 0 0 0 0 0 0 0 0 83 0 79 15 80 0 0 0 0 16 0 0 0 35 0 0 0 0 51 0 0 0 17 0 0 0 0 0 12 0 35 0 75 0 0 0 0 58 0 0 0 0 0
83 0 0 72 0 35 0 0 0 0 0 0 0 0 0 0 0 0 0 0 0 0 32 0 0 0 0 74 0 0 0 95 0 0 21 69 0 0 0 0 0 0 64 0 0 0 0 0 92 0 0 0 73 0 0 0 0 0 0 0 0 0 86 0 88 41 0 0 0 0 66 0 0 86 0 0 0 0 0 0 25 0 82 0 93 0 0 0 0 0 90 0 0 14 0 99 0 0 0 0
0 96 94 0 0 0 17 0 0 0 0 0 0 0 0 0 0 0 0 0 0 0 0 0 0 0 19 0 0 0 0 0 0 0 0 0 0 0 60 0 0 0 0 75 0 0 0 0 0 2 0 0 0 0 0 33 0 0 42 0 0 0 0 86 24 0 0 31 0 0 33 0 0 0 0 0 0 0 0 0 0 0 0 0 0 0 29 15 0 64 0 0 0 9 0 0 0 0 0 0
0 0 0 81 0 0 29 0 7 0 0 0 0 0 62 0 0 0 0 1 0 0 0 39 0 0 0 0 0 0 26 0 0 95 0 0 73 73 0 0 96 0 0 0 0 21 0 90 24 0 0 0 0 0 0 0 0 0 0 0 0 0 0 0 0 0 0 0 14 0 41 78 0 83 0 0 0 0 97 0 69 0 75 0 0 0 32 39 0 82 0 0 37 0 55 0 0 0 0 0
0 40 0 2 0 0 0 0 0 36 0 0 0 0 0 0 0 1 0 0 16 83 23 70 0 0 38 0 0 0 0 0 75 0 75 0 0 0 0 9 79 86 0 0 0 100 97 66 0 0 0 15 0 0 0 0 0 0 11 0 0 9 0 0 0 0 0 0 12 6 54 0 18 37 67 14 0 0 38 32 0 0 0 2 0 98 0 66 0 0 99 0 0 0 0 0 0 0 0 0
0 38 0 0 0 32 0 0 0 19 54 0 0 0 0 0 0 0 92 0 0 0 63 0 85 0 0 0 0 0 53 21 0 0 0 0 0 0 0 31 0 86 5 47 0 0 0 52 48 0 0 0 0 0 13 53 5 0 0 0 46 0 0 13 39 0 57 0 40 0 83 0 0 0 48 0 0 0 0 0 42 0 73 0 47 0 0 0 0 0 0 0 0 0 0 0 0 0 0 0
0 0 0 60 43 0 0 0 0 0 0 0 0 0 0 0 0 91 0 0 7 0 0 0 0 0 64 0 0 21 0 94 13 0 0 80 0 0 0 0 0 0 0 0 0 0 0 75 0 59 76 0 0 60 0 0 0 0 0 54 0 0 0 0 0 0 0 0 33 0 0 14 0 94 0 0 0 78 0 0 0 63 0 25 0 20 0 0 0 0 0 0 0 0 0 37 0 0 0 46
0 0 3 0 0 0 0 0 0 29 0 1 0 0 0 0 0 0 0 0 0 0 0 9 78 0 0 0 13 0 0 0 0 0 0 0 0 59 0 0 0 0 0 0 0 53 0 0 0 5 0 0 0 0 0 88 81 0 0 0 0 0 0 67 0 0 0 0 0 0 0 0 19 0 0 0 0 27 0 0 0 0 50 9 0 98 55 0 0 0 0 0 0 0 0 0 0 0 0 0
80 0 0 0 69 0 91 0 0 0 0 0 0 0 0 0 92 51 24 0 42 0 0 0 97 0 0 0 9 19 0 0 0 0 0 48 0 0 0 0 0 59 0 100 90 0 54 53 0 0 0 0 0 0 0 0 13 0 0 48 92 0 74 0 0 0 0 0 0 0 0 0 0 49 19 35 0 76 0 0 0 65 0 69 0 0 55 0 0 0 97 0 0 0 0 0 0 0 12 0
0 0 0 0 0 0 0 52 0 0 0 0 0 55 92 0 0 0 0 0 0 15 0 0 0 0 0 0 18 0 0 0 11 0 0 0 0 0 0 0 0 51 0 0 0 0 0 0 0 0 0 0 0 0 0 0 0 0 0 0 0 0 0 0 0 0 0 0 0 0 0 87 0 0 0 33 0 0 0 0 8 0 0 0 58 92 0 0 0 0 0 90 0 0 16 80 0 0 0 44
0 18 0 47 20 0 68 0 0 86 0 0 99 0 0 0 0 32 0 0 0 0 0 0 0 0 0 0 0 0 0 29 0 34 43 0 0 0 32 100 0 0 0 1 0 0 48 0 0 0 0 0 0 0 0 27 26 100 0 0 0 0 0 0 52 0 0 0 37 75 0 0 0 0 0 0 17 0 0 0 0 0 1 0 0 0 0 0 0 0 0 3 48 0 0 73 86 0 0 0
0 0 61 0 0 0 0 21 0 93 98 0 0 0 0 0 0 0 0 0 0 0 88 0 0 55 0 0 0 0 0 21 4 44 0 0 0 0 0 23 0 0 0 0 0 0 0 0 0 0 94 0 0 0 0 0 0 0 0 0 34 81 0 91 0 0 0 49 0 0 0 0 75 0 0 0 47 87 0 0 34 0 0 0 0 41 0 0 13 0 0 0 0 0 0 0 0 0 0 96
37 0 0 47 89 20 0 0 0 0 0 3 24 0 0 61 0 0 0 51 4 24 61 0 0 0 0 0 0 0 0 55 14 0 0 0 6 0 0 0 0 0 0 96 0 62 0 0 0 0 0 54 0 0 0 0 0 18 91 9 0 38 30 45 93 0 0 88 0 0 0 4 14 9 74 0 0 4 0 0 0 34 0 0 0 0 0 0 0 0 0 14 0 0 0 0 66 0 0 0
26 0 18 0 0 0 0 98 0 0 0 0 0 0 0 0 0 94 0 0 37 0 0 0 0 0 0 0 0 0 87 13 4 0 11 0 0 0 0 96 0 51 0 33 0 0 57 62 0 0 0 0 0 0 16 0 34 0 62 73 48 0 0 0 0 0 7 0 4 0 76 0 0 0 74 0 0 0 79 0 0 0 0 45 2 0 0 0 0 0 52 0 0 4 0 0 0 0 0 0
66 0 19 0 0 0 18 0 49 0 59 0 0 0 78 0 0 0 0 0 0 0 0 0 0 0 0 0 0 0 0 0 0 0 0 0 0 8 0 0 0 0 0 0 41 68 63 0 0 0 0 0 0 67 0 0 0 0 0 0 57 0 0 35 32 0 0 0 74 0 0 14 29 0 0 81 72 0 98 0 0 71 5 0 0 0 47 0 0 0 0 0 33 51 0 0 58 0 0 40
0 0 0 0 0 0 0 0 0 74 0 0 0 15 0 0 0 0 0 0 0 21 0 0 0 0 0 0 3 0 0 0 0 0 0 11 0 0 15 0 0 0 60 72 0 43 0 0 0 0 0 0 0 0 0 16 77 76 0 80 0 0 10 46 87 0 98 95 42 0 16 0 0 0 0 0 97 74 0 0 97 0 0 0 0 0 0 19 57 0 32 0 28 0 0 77 0 0 0 0
0 0 0 0 0 8 0 0 0 0 10 0 0 0 0 0 0 0 0 0 0 0 0 0 0 0 89 0 19 0 0 0 0 0 0 0 0 0 0 0 0 0 0 78 1 0 0 0 0 0 0 58 92 0 16 0 34 79 91 0 95 0 0 0 0 0 34 0 0 0 79 0 0 0 0 0 0 0 0 0 0 0 0 0 0 0 0 0 97 0 52 53 0 0 37 26 81 0 0 85
0 93 0 0 100 57 0 0 0 0 0 5 0 0 24 37 0 0 0 0 0 0 0 0 0 0 0 0 0 0 35 0 0 0 0 50 0 0 33 96 98 0 0 63 0 95 57 59 60 34 0 12 0 44 0 0 0 0 3 10 0 0 0 0 0 13 0 0 0 0 0 0 0 0 28 0 0 28 28 4 0 0 33 6 0 0 0 50 0 0 0 0 0 0 0 0 0 0 0 0
0 0 0 0 0 0 12 54 0 0 0 0 0 0 0 0 0 0 35 0 12 0 0 7 0 0 0 0 0 0 0 0 0 0 4 0 0 0 0 0 95 59 0 0 83 0 0 0 0 0 0 2 0 0 0 0 0 28 60 0 0 0 0 63 0 0 0 0 0 0 0 0 0 0 0 0 0 64 0 0 0 0 0 0 0 0 0 0 19 0 0 0 0 0 69 0 18 0 0 84
0 19 0 0 0 0 0 0 0 0 6 0 44 0 28 0 70 75 0 0 100 0 0 0 0 96 0 0 10 0 0 0 0 0 0 0 0 0 0 0 14 0 0 0 0 0 0 46 0 0 0 0 0 0 0 39 0 0 0 0 59 0 33 0 0 0 0 0 79 0 0 0 0 0 0 0 0 0 0 19 55 0 80 0 0 0 0 0 0 0 0 0 0 27 0 0 0 0 0 0
69 0 0 0 0 0 37 0 0 0 0 0 0 0 0 83 0 0 0 0 0 0 0 0 0 0 21 0 0 0 0 0 0 76 0 0 0 0 0 0 0 62 0 0 0 4 0 0 0 0 0 85 0 29 0 0 0 0 0 0 0 61 0 0 0 0 0 0 72 0 0 0 98 6 0 86 0 0 0 100 0 0 19 0 0 0 0 67 0 0 50 0 0 84 0 0 0 0 0 0
0 8 0 0 0 0 0 0 25 0 0 72 0 0 0 0 0 0 0 0 67 0 21 0 2 72 0 80 0 0 0 0 38 0 38 0 0 42 37 0 0 0 0 0 0 0 0 0 22 0 51 0 82 0 0 0 73 0 0 0 0 83 84 0 0 0 0 0 0 0 0 57 0 32 12 0 0 0 0 95 0 0 0 0 0 0 0 0 0 0 0 0 0 0 0 0 62 0 0 16
0 0 0 0 0 0 0 25 0 0 49 0 0 0 0 0 0 0 0 43 0 0 0 0 53 0 0 52 0 79 0 0 0 76 44 0 0 0 0 0 0 93 0 90 0 59 0 0 0 0 17 50 64 0 95 0 70 0 93 0 69 0 0 0 0 0 26 0 0 0 0 0 0 0 34 0 24 56 0 78 0 0 0 0 0 0 0 0 0 76 0 0 0 0 0 0 0 0 0 0
0 0 0 0 46 0 42 0 0 0 0 0 0 0 60 0 0 0 0 0 0 0 0 59 0 0 0 81 0 38 0 97 0 36 0 0 0 0 0 0 0 0 0 0 0 61 0 0 0 0 0 0 0 0 0 0 0 0 0 57 0 0 0 67 0 0 0 49 0 0 0 33 0 89 0 0 11 0 39 18 48 87 0 0 0 92 0 0 0 0 93 64 89 0 0 93 0 0 0 0
0 0 0 0 0 68 0 0 0 0 0 40 39 45 0 0 0 0 60 46 0 0 0 0 0 0 0 0 13 0 0 18 0 51 0 0 0 0 21 0 0 0 0 0 0 67 0 0 0 0 0 0 0 60 0 52 0 0 0 0 0 0 0 0 59 0 97 67 0 0 0 0 65 0 31 0 0 0 0 82 0 0 41 0 0 42 0 0 0 0 0 60 0 0 75 85 0 0 73 0
0 0 0 90 0 0 0 0 0 0 0 0 0 0 0 0 0 0 0 0 28 0 0 0 0 0 0 0 0 0 0 96 0 0 9 0 15 0 15 0 0 0 0 0 0 71 0 0 0 33 77 90 0 0 0 0 0 0 0 0 0 0 0 0 0 19 0 72 0 30 0 40 0 0 0 0 60 60 39 0 0 0 33 0 0 63 77 0 0 0 0 0 0 74 79 66 0 77 0 0
0 0 0 0 23 0 0 0 0 0 58 0 0 0 0 0 71 85 0 0 0 23 0 0 0 97 0 0 34 0 93 0 0 0 11 0 0 0 98 0 0 0 45 21 0 0 0 0 0 0 32 0 31 0 0 0 0 39 0 0 0 78 93 0 0 0 0 0 86 97 90 9 0 0 20 0 82 0 0 86 74 0 31 100 44 0 0 0 84 15 0 0 0 65 0 0 0 0 0 0
13 0 60 0 0 24 0 0 0 20 63 0 0 0 8 1 0 93 0 0 0 86 38 0 0 0 0 0 12 0 0 0 0 0 5 21 0 0 0 0 0 0 0 0 0 28 0 62 0 0 3 0 0 0 0 0 0 0 97 55 70 0 0 0 0 0 0 0 0 0 0 0 0 0 0 0 0 0 0 0 0 0 48 0 0 62 79 0 0 0 0 51 0 0 0 0 0 0 0 0
0 19 0 83 0 0 0 85 0 0 66 0 44 0 73 0 70 57 62 0 11 0 0 0 0 0 32 0 0 26 37 87 37 0 0 0 0 0 7 0 0 99 0 0 0 0 0 0 0 52 0 11 0 0 0 0 0 0 0 0 81 0 0 0 0 0 71 20 0 0 0 0 47 0 13 43 0 0 0 0 36 0 0 4 0 85 0 20 0 14 0 0 0 0 46 0 0 88 27 0
0 0 0 0 0 0 0 0 0 8 7 0 0 53 0 0 36 0 92 0 0 0 0 33 83 0 0 0 0 0 0 99 0 0 0 0 0 0 0 0 0 0 0 0 0 23 0 0 0 0 33 0 0 0 0 0 0 0 0 0 0 0 0 0 0 0 83 0 0 83 100 58 0 70 14 75 0 0 19 0 0 0 87 0 0 0 0 71 0 0 0 0 0 0 0 0 0 0 0 0
58 0 14 0 0 0 0 45 0 0 0 0 0 0 0 0 0 0 0 0 0 0 0 0 0 55 0 0 0 0 2 6 0 0 0 0 89 91 0 0 0 0 0 0 0 0 0 0 42 0 78 0 0 0 0 51 91 52 0 0 37 0 0 58 0 0 18 0 0 0 0 66 0 56 0 39 0 0 0 0 0 0 0 37 0 0 0 0 81 0 0 25 0 0 0 0 0 0 0 0
0 1 0 0 0 0 0 0 0 52 62 0 84 0 0 0 44 0 40 27 0 0 73 11 58 0 0 0 0 0 0 0 0 0 0 0 0 0 0 0 0 0 0 0 0 0 0 95 0 22 0 0 47 83 0 90 0 74 0 0 0 0 25 0 0 0 18 0 0 0 0 47 0 0 0 0 52 0 0 0 98 0 78 0 30 0 0 0 0 0 0 0 0 0 0 0 0 0 31 0
0 0 0 0 0 0 0 0 0 0 0 0 0 0 0 53 0 0 0 0 93 0 0 0 0 21 0 0 59 0 32 27 8 0 0 0 60 0 0 0 70 0 90 0 0 0 0 0 0 0 0 92 0 0 0 0 0 0 0 0 0 0 50 0 4 0 21 84 0 47 0 0 27 0 0 0 0 0 0 0 0 0 0 0 0 0 85 0 0 0 84 27 77 75 3 0 0 0 79 0
0 0 99 0 11 0 0 0 0 0 29 0 0 0 86 98 58 0 0 5 0 0 68 70 0 0 39 0 0 72 0 0 0 0 0 0 0 0 0 16 0 0 0 0 0 0 0 0 0 0 0 0 0 0 0 0 70 0 0 49 33 0 0 0 0 0 24 0 0 0 0 0 0 0 0 0 9 0 0 0 0 99 0 0 0 8 0 0 0 0 0 0 0 0 0 0 0 0 21 0
0 68 0 0 0 0 0 0 20 66 0 0 13 0 69 0 0 0 0 0 75 15 0 0 0 0 96 0 98 0 0 45 0 0 57 0 0 3 0 0 74 0 0 0 0 31 19 0 22 0 0 0 8 0 81 0 0 0 0 16 40 0 19 85 0 42 23 27 0 0 0 14 0 0 0 0 0 76 0 0 0 67 0 0 57 0 0 0 0 0 0 0 26 0 0 0 0 0 0 86
0 14 0 49 0 27 0 0 0 0 0 0 0 0 0 0 0 0 0 11 0 0 31 0 97 0 0 34 0 0 62 0 0 0 44 0 19 0 0 0 0 0 0 0 9 0 0 37 97 0 0 0 24 0 0 0 0 0 0 0 0 53 0 0 22 0 89 0 46 0 0 26 0 0 0 0 0 0 50 65 0 0 0 0 0 0 21 0 12 0 54 0 8 0 0 0 0 0 0 0
12 0 69 82 0 5 98 0 0 0 0 5 43 0 0 0 0 0 5 25 1 0 0 0 0 0 0 0 0 0 0 0 0 0 0 0 0 0 0 0 59 0 0 0 0 0 39 99 0 0 0 0 0 71 0 0 0 0 64 75 0 25 0 0 46 0 2 9 0 56 0 0 14 0 0 81 0 0 73 0 0 0 42 0 99 0 0 0 44 19 0 0 77 0 0 0 0 0 45 77
34 33 0 89 0 0 0 0 0 0 0 0 0 13 0 0 0 0 0 0 0 0 0 0 0 0 0 0 0 0 0 0 0 0 0 90 0 0 0 0 0 0 0 0 0 0 0 0 0 0 68 0 0 0 0 74 0 7 0 0 0 0 39 0 0 0 0 50 0 0 0 0 0 88 0 81 0 73 0 0 82 0 0 0 0 0 0 0 17 0 0 0 0 0 89 0 44 34 0 0
6 67 0 0 0 0 0 0 11 0 0 0 46 0 0 0 0 0 0 0 0 0 15 71 0 0 0 0 0 0 91 13 0 0 39 0 0 0 43 0 0 0 0 0 0 0 0 1 0 0 0 0 0 0 58 9 30 0 0 35 58 28 0 0 0 0 0 0 35 87 0 0 0 19 0 0 0 0 0 0 0 0 0 0 0 0 0 0 0 0 0 0 61 0 85 0 0 0 0 0
0 0 0 0 29 62 0 0 0 0 0 0 0 10 0 0 0 10 0 0 0 0 25 0 0 0 72 0 0 0 0 0 0 28 0 7 0 0 0 0 0 62 0 0 0 35 0 0 0 0 45 32 75 0 0 24 52 69 0 94 0 17 0 0 0 0 0 0 0 0 0 0 0 0 29 0 0 5 0 0 35 0 0 2 0 0 0 0 0 0 0 0 0 0 0 0 0 41 0 0
99 1 29 0 95 0 0 40 0 0 0 0 0 0 39 0 0 0 20 0 40 80 0 0 0 0 0 0 0 0 0 0 0 0 23 0 0 0 0 1 81 23 48 0 0 0 0 0 0 0 0 0 61 0 0 0 0 0 48 0 18 0 0 10 0 0 0 12 90 0 0 0 0 0 0 0 65 73 0 0 0 0 0 0 0 0 0 0 0 0 0 0 32 0 39 4 2 0 0 58
0 0 0 0 65 0 0 48 0 0 52 17 85 0 0 0 0 0 50 0 0 0 0 75 0 0 0 0 0 0 0 0 0 0 0 86 29 0 0 0 0 25 98 0 0 63 0 0 0 0 0 0 0 0 0 0 0 0 0 0 42 45 0 10 35 0 0 0 70 84 0 0 25 0 0 0 97 33 0 0 28 0 38 0 0 0 0 0 0 0 0 0 0 0 0 0 63 0 0 0
49 0 0 0 0 42 74 0 0 0 0 79 0 0 0 0 53 0 0 0 47 0 0 0 0 0 0 0 0 0 56 0 0 0 2 0 94 11 0 0 0 48 0 0 0 0 0 0 18 61 0 0 0 0 34 0 0 0 0 0 0 0 0 0 0 0 51 0 0 0 0 0 0 21 0 0 0 0 52 8 0 0 23 0 0 0 29 0 94 0 13 0 45 0 0 0 0 0 69 0
0 0 0 41 0 0 32 0 0 3 0 0 25 0 95 0 0 0 0 41 0 0 50 0 62 0 0 0 0 95 80 0 0 73 17 53 0 0 0 0 0 0 46 0 0 0 0 0 0 0 0 0 0 0 95 0 0 0 0 0 0 0 0 0 0 0 0 76 0 0 0 7 0 0 0 0 0 0 0 0 0 0 64 0 0 30 0 0 36 0 0 0 0 0 0 0 0 0 0 0
0 0 77 17 0 0 0 22 8 0 0 0 33 0 0 0 83 0 0 16 0 7 0 0 0 0 3 76 69 0 0 20 0 0 60 0 0 71 0 0 0 0 66 0 0 15 0 0 24 0 0 0 0 0 0 0 0 0 0 0 0 0 0 0 0 6 8 0 0 0 0 0 0 0 6 25 0 0 0 0 0 0 0 24 0 0 0 0 0 0 0 0 0 0 0 66 0 0 0 72
0 0 0 0 0 0 39 0 0 0 0 1 0 26 10 0 0 14 0 0 38 0 0 0 0 0 66 0 48 93 71 27 0 0 8 0 0 0 0 0 83 81 54 0 0 0 60 0 0 38 0 11 0 0 0 0 58 0 93 0 0 2 0 0 28 0 62 0 0 0 0 0 0 0 0 0 0 0 75 59 0 0 51 0 0 0 0 0 0 19 0 0 0 0 0 0 0 76 95 0
10 32 84 0 0 0 69 0 0 0 0 0 69 62 0 0 79 48 66 0 0 0 0 0 0 0 64 0 0 0 0 0 0 0 0 0 0 0 0 0 0 60 37 0 0 61 39 0 65 0 68 71 0 0 0 0 0 100 0 0 0 0 0 0 40 0 0 0 0 87 25 82 0 20 21 0 0 94 0 0 0 0 0 0 0 0 82 0 41 0 0 0 0 0 0 0 0 16 0 0
0 0 0 0 43 0 0 86 0 8 0 0 0 0 0 0 0 0 0 9 0 39 22 0 0 0 15 0 0 13 35 0 0 0 0 0 0 10 22 77 79 0 0 0 0 0 0 0 0 68 11 0 0 0 99 91 0 0 0 13 0 0 0 0 0 62 0 0 0 9 0 0 0 85 0 0 0 0 0 0 16 0 41 0 0 0 0 0 0 0 0 0 0 0 26 0 0 0 0 0
0 67 0 48 0 0 0 0 0 55 0 0 0 99 0 39 17 0 0 77 10 0 0 0 0 0 0 0 0 0 0 0 0 0 95 8 0 0 0 0 69 0 50 0 92 0 0 0 30 50 84 0 100 0 0 0 0 0 0 0 0 0 67 0 0 0 75 87 0 64 0 0 0 0 0 0 0 45 0 0 0 0 0 0 0 91 0 0 0 25 75 43 0 85 0 64 7 0 84 0
82 0 0 86 0 0 75 64 49 0 0 0 0 74 0 0 0 0 0 0 0 53 0 0 66 31 69 0 0 0 48 0 0 5 0 0 75 8 0 0 42 0 70 0 0 72 0 0 14 0 0 0 0 0 0 0 0 0 0 62 0 53 41 0 0 0 0 0 0 0 77 0 0 0 94 42 0 0 0 0 0 0 0 0 0 0 0 0 8 0 0 15 0 65 86 38 0 0 0 32
5 31 95 0 0 0 0 0 0 0 0 78 0 0 0 56 0 0 0 0 0 0 0 0 0 90 0 0 0 29 0 30 0 0 0 0 0 0 0 0 48 0 7 0 0 0 0 0 64 23 5 0 93 70 0 0 0 12 0 0 0 24 47 45 0 0 0 68 0 78 0 0 0 0 98 0 0 0 0 0 0 0 65 71 0 0 0 0 0 0 98 0 57 0 0 0 0 0 92 0
0 0 0 0 0 0 0 0 63 74 0 0 0 0 69 11 0 0 0 0 33 1 0 0 0 0 0 66 0 56 0 0 0 0 0 0 0 0 0 0 0 0 0 51 0 0 14 0 0 0 0 0 0 0 0 56 93 94 0 0 0 55 0 0 0 0 0 0 62 0 0 0 91 0 0 0 0 99 0 0 0 59 11 50 69 0 0 0 0 0 22 72 0 0 0 0 0 0 0 0
0 0 0 66 0 0 0 91 0 0 0 64 0 0 0 0 32 0 0 0 0 0 0 0 37 0 91 0 0 0 0 0 0 39 0 0 0 26 0 0 0 0 0 0 50 82 0 0 0 0 0 12 35 0 72 59 0 0 59 0 0 90 0 0 0 74 97 0 61 86 0 0 71 0 0 0 51 0 0 32 0 0 0 0 22 0 0 0 0 52 0 0 35 0 49 0 5 20 0 52
0 0 40 99 0 45 0 67 0 0 0 0 50 0 0 0 0 0 0 0 0 0 0 50 0 0 55 0 75 0 0 0 0 0 97 72 81 0 0 0 0 0 0 11 0 0 0 0 0 0 0 74 0 0 0 0 0 86 38 0 74 0 0 0 0 0 0 0 0 75 0 0 0 0 0 0 6 0 0 11 0 0 0 0 0 0 0 0 50 0 0 84 0 0 0 0 0 0 10 0
0 0 0 0 0 100 0 0 5 0 0 0 0 0 0 99 51 0 0 0 0 26 0 0 94 78 0 0 0 0 0 0 0 0 0 0 18 0 42 0 0 0 0 89 0 0 0 0 0 0 0 0 0 0 0 0 10 39 0 0 0 0 38 0 90 0 0 28 0 0 71 0 0 0 0 0 31 0 0 0 66 0 0 0 0 75 0 0 8 82 0 0 0 0 19 42 0 0 0 0
0 81 0 0 0 0 0 0 73 0 0 67 75 0 81 0 79 0 0 0 94 0 26 0 0 38 0 0 0 41 1 0 68 0 0 0 0 83 0 0 0 0 0 26 39 0 0 0 92 0 0 0 0 0 0 0 0 0 0 0 0 46 0 0 0 0 0 0 0 0 0 0 0 81 0 0 0 0 0 0 0 0 47 0 0 0 42 0 0 0 0 0 0 0 0 0 38 0 0 75
51 49 0 0 0 0 40 0 0 0 0 0 18 43 0 0 0 0 0 14 0 0 0 0 0 0 92 0 0 64 0 0 0 0 0 0 0 0 81 10 0 0 0 0 0 0 99 0 0 93 0 0 0 0 0 0 0 0 0 0 67 36 40 0 0 0 10 22 0 53 0 0 0 0 74 35 0 0 0 0 0 0 0 77 0 0 0 100 0 0 0 0 0 0 0 76 0 0 0 15
0 56 0 37 0 0 0 0 0 94 65 0 0 0 27 0 0 0 0 0 0 81 0 0 0 0 81 0 0 19 0 0 0 30 65 0 0 48 0 0 0 0 0 0 0 19 0 0 0 0 0 0 0 0 0 94 16 0 0 0 0 41 0 0 0 0 0 0 0 0 0 54 0 15 37 0 0 0 0 0 19 0 0 0 0 0 77 0 7 0 0 98 0 6 78 11 0 0 0 73
41 43 0 91 68 55 0 0 7 11 0 0 0 45 0 65 0 0 50 0 0 0 0 0 0 0 0 72 0 42 80 0 0 15 0 0 0 0 0 0 0 0 63 10 0 0 0 38 0 0 0 0 0 0 0 39 0 0 0 48 0 0 0 0 3 0 67 94 0 97 0 0 0 0 0 45 0 0 0 29 0 0 95 0 78 0 0 0 0 0 70 0 99 0 0 49 0 0 0 0
54 0 0 96 50 0 0 0 0 0 0 0 0 0 0 0 0 0 0 0 0 18 0 0 66 0 29 0 0 0 0 78 0 0 0 0 0 0 0 0 0 0 0 63 0 3 0 75 0 0 6 0 88 0 0 0 0 0 0 0 94 0 0 0 0 53 0 0 17 0 0 0 0 16 0 0 0 0 0 0 0 0 0 29 0 77 0 0 0 0 0 2 0 0 0 0 0 83 100 0
0 0 0 0 58 0 52 25 0 2 0 0 0 37 0 0 0 0 0 0 72 0 0 0 0 0 93 0 0 0 0 0 0 0 0 0 41 0 0 57 0 0 55 0 0 51 0 28 0 0 0 0 0 0 0 66 0 0 0 29 6 0 0 0 10 0 24 36 2 0 0 0 0 0 13 0 0 0 0 0 0 0 0 0 0 0 0 0 0 0 0 0 100 0 0 0 0 0 26 0
0 0 40 56 0 68 0 13 68 0 0 0 0 0 0 0 33 94 0 0 0 62 61 37 0 0 0 19 0 0 0 0 0 0 0 0 0 0 0 0 49 0 30 38 0 61 47 0 0 0 0 18 0 0 6 0 93 0 0 0 0 0 0 0 72 0 0 0 0 0 0 0 62 0 57 0 0 0 0 0 0 0 64 0 0 0 0 0 0 32 0 0 0 0 100 68 69 0 0 98
0 0 54 0 82 0 47 84 0 0 0 0 0 0 0 0 90 17 0 40 0 0 20 0 39 0 72 0 0 43 0 0 0 0 0 0 0 0 16 0 0 0 0 0 20 90 0 0 0 0 80 0 0 58 63 0 0 0 0 47 0 0 58 0 4 0 0 0 0 0 0 0 0 57 0 0 0 0 0 0 0 99 0 0 0 0 76 0 0 0 0 0 0 41 0 0 0 0 0 0
0 0 0 0 0 0 0 0 0 0 0 0 0 0 0 43 0 100 0 0 0 0 0 0 0 0 33 0 74 0 0 0 0 44 74 0 52 0 44 0 0 0 98 0 0 0 0 0 0 0 50 0 74 0 56 0 0 0 0 0 0 0 0 0 0 0 0 41 0 9 0 0 0 63 98 0 26 0 0 0 0 0 0 0 0 28 0 0 44 0 0 0 0 0 0 0 0 0 0 0
0 11 0 0 0 0 0 0 0 0 0 0 0 91 0 0 90 0 87 0 65 0 0 0 0 0 0 0 0 0 19 0 0 0 8 85 94 0 0 0 0 0 0 0 0 21 0 29 64 36 0 0 79 0 0 0 0 72 0 47 0 0 39 0 0 76 0 0 88 0 0 0 0 0 0 0 0 0 57 0 67 0 0 46 0 77 46 0 37 0 0 0 0 94 26 66 0 0 0 29
0 0 0 0 0 0 0 26 97 0 0 84 0 0 0 0 0 0 0 0 0 0 0 21 26 0 0 0 0 94 0 11 0 0 0 0 0 0 0 0 0 0 0 38 0 81 0 84 87 0 0 0 0 98 0 0 0 0 0 0 0 0 0 0 95 0 0 0 0 0 5 0 0 0 0 0 31 0 0 0 0 0 0 0 0 0 0 0 0 0 0 0 0 0 0 0 0 0 0 0
57 0 0 32 0 0 0 0 0 0 0 0 0 0 0 0 0 55 0 51 45 0 13 0 0 0 0 0 61 28 47 0 0 0 2 0 59 0 10 15 36 0 0 70 0 0 0 0 0 0 0 0 0 0 0 0 0 0 0 0 0 51 0 90 0 0 0 0 63 0 88 0 40 0 0 0 0 67 0 0 0 0 56 0 99 0 0 0 59 0 0 0 0 0 0 0 0 0 0 0
0 0 0 0 0 35 0 0 0 0 0 65 42 70 74 0 0 72 85 0 0 0 0 35 51 0 0 0 41 0 49 31 0 0 45 58 0 0 0 0 0 0 0 0 0 0 86 0 84 0 48 55 4 0 0 0 48 0 21 0 0 0 0 0 0 2 0 0 0 0 0 81 60 0 0 0 0 0 0 0 0 97 0 0 0 0 68 0 0 27 0 0 0 13 0 0 0 0 0 0
0 0 0 0 0 70 0 0 91 0 0 0 0 0 20 0 0 0 0 0 77 58 0 94 0 0 0 0 89 0 0 0 0 34 2 0 0 0 0 0 0 0 0 0 0 0 79 0 0 0 0 78 0 0 0 85 14 76 0 0 0 0 0 15 13 0 0 98 0 0 0 0 89 0 0 0 95 0 0 81 75 0 4 0 0 0 11 0 0 0 10 0 0 0 0 43 0 0 0 0
25 0 0 0 5 36 0 0 4 0 0 0 0 0 50 0 0 0 0 0 0 0 0 0 0 0 0 6 0 0 42 0 0 80 0 76 0 0 94 31 0 0 0 0 0 0 32 48 0 0 0 0 0 0 5 0 0 0 64 0 47 0 0 0 0 27 0 0 0 84 0 0 97 93 0 0 0 0 0 0 0 0 0 39 0 82 0 0 0 0 0 0 0 0 0 0 65 61 82 0
20 88 0 77 0 0 0 12 0 0 0 0 4 0 0 0 0 0 0 87 0 36 0 0 0 0 0 51 24 0 0 0 88 0 0 62 0 0 0 0 0 0 38 0 0 9 0 47 0 0 0 0 0 0 0 0 96 23 0 96 0 0 0 0 0 43 0 0 20 57 96 0 0 52 0 0 0 69 0 0 0 0 80 69 0 0 0 63 0 87 0 0 0 57 43 34 24 0 0 0
0 0 51 0 5 0 0 0 0 0 0 0 100 0 0 0 0 0 0 85 19 0 0 0 0 10 0 0 0 0 74 0 0 0 0 73 0 12 0 0 0 0 0 47 0 0 0 63 22 89 5 0 0 0 98 42 75 0 0 52 0 0 0 0 0 0 0 0 0 23 0 0 0 89 0 0 0 0 0 0 0 0 20 0 0 0 0 0 0 78 0 0 0 0 0 0 0 0 0 0
0 0 0 0 5 91 0 7 0 0 0 0 0 18 77 0 0 82 0 0 0 0 0 0 0 61 0 0 0 40 0 75 0 0 0 0 0 0 0 0 0 0 0 0 0 0 0 0 0 0 0 0 0 0 59 0 0 0 0 0 0 0 0 0 0 5 50 0 0 0 70 0 0 0 94 0 35 79 0 0 0 0 0 0 0 0 0 0 0 0 0 0 5 76 91 0 0 0 10 50
0 0 24 0 0 0 0 74 0 0 0 0 21 0 0 0 55 0 0 0 0 34 0 0 0 0 83 0 0 0 78 0 0 0 0 0 0 0 43 0 0 0 84 0 0 0 0 36 0 0 0 42 0 0 92 0 0 0 29 0 2 0 0 0 1 0 83 0 99 0 0 0 0 0 0 0 0 27 0 0 0 0 0 0 0 0 56 0 0 0 0 0 68 0 0 0 11 0 0 6
0 3 13 56 0 59 0 0 48 54 0 0 0 0 0 35 0 65 0 0 53 0 75 0 0 0 0 0 0 0 35 57 0 0 0 8 0 0 0 99 0 19 0 0 59 0 18 0 0 41 34 0 21 0 0 0 0 0 47 0 73 51 0 0 0 0 0 0 0 0 86 0 0 88 0 0 0 0 0 0 3 0 0 63 0 0 0 87 0 0 0 96 0 0 0 0 0 0 0 0
0 0 29 0 8 23 17 0 0 0 0 29 0 40 0 0 0 0 0 21 0 67 0 5 0 0 0 45 0 0 0 0 31 0 0 37 0 0 0 9 0 0 30 0 0 91 0 0 0 75 0 49 0 64 0 61 0 0 41 0 0 0 0 0 0 0 0 0 99 75 0 0 0 0 0 0 0 0 0 0 62 51 0 82 97 22 0 14 33 0 0 0 0 0 0 0 0 0 0 0
0 0 1 33 64 18 0 0 0 0 0 0 0 0 21 0 0 0 0 0 0 0 0 77 0 0 0 0 0 0 0 0 0 16 0 26 0 0 79 0 0 0 0 92 86 45 17 0 0 0 0 0 36 0 0 0 18 0 67 0 3 0 0 0 0 0 0 0 0 0 67 0 0 0 0 66 0 62 0 0 0 0 8 0 93 0 51 0 0 0 0 0 0 0 0 0 27 0 0 0
0 0 0 0 0 0 0 0 42 0 0 0 0 0 0 0 0 0 42 0 57 37 0 40 90 0 12 0 0 0 72 73 1 12 0 0 0 38 0 13 0 99 0 88 0 0 76 0 0 0 0 0 12 0 0 0 6 0 0 0 0 0 0 54 0 0 72 79 0 0 0 0 7 0 0 59 0 0 0 0 64 0 0 0 0 0 0 0 77 7 0 93 0 43 0 37 19 0 0 0
0 0 0 22 42 0 0 9 0 0 14 92 0 0 0 97 0 91 0 0 0 0 0 9 97 0 68 0 0 0 0 0 0 0 0 0 70 22 42 0 0 38 0 0 0 0 0 0 0 0 8 0 0 62 78 0 0 0 7 0 47 0 92 0 0 7 0 0 0 0 0 0 0 0 0 0 0 0 0 0 0 0 0 0 90 58 0 2 0 0 0 0 0 0 0 77 91 55 0 0
0 85 0 68 0 34 0 36 0 0 0 0 0 77 0 59 0 0 0 0 0 0 26 0 0 0 0 0 54 31 1 67 0 0 0 0 0 0 71 0 87 78 56 0 0 0 0 0 0 0 0 0 0 0 0 97 0 0 0 0 44 0 0 37 0 0 93 99 71 93 0 0 0 0 0 0 0 26 0 0 0 0 52 20 0 0 0 72 0 0 0 0 0 0 0 0 0 0 0 0
28 0 0 0 0 63 0 0 0 0 11 50 99 0 0 0 0 7 49 0 0 0 96 5 28 0 0 7 0 29 0 0 0 0 0 0 0 0 0 0 0 0 60 0 29 0 0 0 0 12 0 57 0 0 0 0 0 0 82 0 84 0 57 20 0 0 24 0 80 0 0 38 0 0 0 0 20 0 62 0 0 0 0 0 0 0 0 0 16 0 15 0 0 0 0 0 0 0 0 0
0 77 0 0 0 0 40 0 0 0 0 0 0 54 0 60 66 57 0 32 0 0 0 94 0 18 0 0 0 0 0 15 0 53 70 0 48 0 0 0 0 0 0 0 39 0 95 83 30 0 0 0 0 0 0 20 0 42 19 0 96 0 0 0 0 0 28 57 0 0 0 0 90 23 0 88 0 0 14 0 0 0 0 0 0 0 0 0 0 0 0 69 0 0 0 0 0 0 0 0
0 0 0 9 7 0 89 50 1 0 0 80 0 0 0 35 0 29 0 0 12 0 0 0 0 0 0 0 0 0 0 26 0 0 0 0 0 9 0 100 0 0 0 0 0 0 0 0 0 0 0 0 0 0 0 0 0 0 0 0 25 6 0 72 0 0 0 0 0 33 0 0 0 5 51 0 0 0 71 28 0 69 0 67 0 0 0 0 0 19 0 0 0 58 6 0 0 0 0 0
0 0 0 0 0 68 15 51 0 0 77 53 0 89 0 0 0 11 0 0 0 0 0 46 0 57 0 0 0 0 18 12 0 0 0 0 0 9 0 0 0 0 67 0 0 0 37 0 70 0 0 0 21 0 0 0 69 0 92 49 0 0 0 0 0 0 0 0 0 0 0 0 0 0 0 11 0 0 0 0 15 0 0 0 82 0 0 91 0 74 49 71 0 23 71 0 0 9 0 5
0 0 0 0 0 0 0 0 0 0 0 0 87 0 70 100 69 0 0 0 0 0 0 0 0 0 0 0 0 0 0 0 0 0 0 89 0 0 85 0 0 90 0 0 0 81 0 0 0 15 90 0 73 0 0 0 18 0 0 87 0 0 0 0 0 0 37 0 0 0 0 0 0 0 0 0 0 0 73 0 0 0 0 0 0 0 0 0 5 0 70 96 0 0 0 0 0 0 0 0