100
0 63 0 0 0 66 0 0 84 58 89 0 0 0 0 0 0 0 0 0 0 0 53 92 80 0 60 0 0 0 0 44 0 0 65 14 0 0 13 0 0 0 0 78 0 0 0 0 0 48 22 0 0 0 0 0 0 0 0 0 0 0 0 0 0 0 0 0 0 0 0 0 0 0 59 0 0 0 17 0 87 0 0 0 0 0 60 0 38 0 0 0 0 0 0 0 0 0 0 0
23 0 0 0 0 0 0 0 0 11 0 0 0 0 0 0 0 0 0 0 0 69 0 0 6 0 0 0 0 0 0 0 0 0 0 0 0 2 0 78 0 0 0 0 0 0 48 0 26 0 96 30 0 0 0 0 0 0 53 76 30 0 0 0 0 0 0 0 0 0 0 0 96 0 46 0 0 75 96 0 0 77 0 33 0 0 0 0 92 0 0 0 16 0 0 88 0 0 0 0
0 0 0 0 0 0 0 20 0 5 64 0 18 0 14 0 0 0 99 0 0 5 0 0 0 0 0 77 0 0 42 0 11 0 0 0 0 0 34 0 75 16 0 0 49 0 0 68 0 0 0 68 0 0 0 74 0 0 0 0 33 33 0 0 0 0 0 0 42 0 8 44 0 0 0 0 0 26 0 0 0 30 14 0 0 0 40 0 0 0 0 0 0 0 45 0 35 0 0 0
0 0 0 0 0 67 0 63 0 61 47 0 0 0 0 0 0 0 0 0 17 15 0 65 53 0 0 0 75 0 42 0 0 41 75 0 0 0 0 0 0 19 0 5 0 10 0 0 0 1 0 0 0 0 78 58 0 0 10 68 0 96 0 49 0 46 0 0 0 0 0 0 0 0 58 0 0 0 39 0 0 52 0 17 0 61 0 71 0 23 0 0 0 4 0 40 0 6 0 0
0 0 0 0 0 0 0 0 0 0 0 0 0 82 0 100 89 0 0 0 0 0 36 0 24 0 0 0 0 0 0 0 0 0 0 93 0 0 0 0 0 0 0 0 0 0 0 0 0 25 0 0 92 0 52 0 0 13 0 0 0 15 0 0 82 0 0 0 0 68 0 28 0 0 27 0 0 0 92 0 0 0 0 71 0 0 0 46 0 0 11 0 0 0 0 0 99 0 21 0
0 0 0 0 78 0 0 0 0 82 0 0 29 0 0 0 0 0 0 0 0 0 8 0 0 0 0 1 0 73 0 15 0 0 93 0 0 0 0 0 0 0 0 0 0 0 10 0 55 0 63 0 0 0 56 60 0 0 0 32 93 0 42 62 0 0 0 0 0 96 0 0 21 0 0 7 0 74 0 0 0 0 0 0 0 9 0 29 0 0 0 0 0 0 0 0 44 0 0 0
0 0 0 0 0 0 0 0 0 0 0 0 0 83 0 0 83 0 0 0 0 0 0 0 0 0 0 0 0 0 80 51 0 0 0 0 0 0 0 80 0 0 0 0 0 0 0 30 0 0 69 0 69 0 0 40 0 0 50 0 0 0 66 0 99 54 0 100 0 0 0 0 0 0 0 0 0 6 13 31 63 0 0 9 0 66 8 0 0 0 0 10 0 0 60 0 0 0 0 0
0 60 0 0 0 0 0 0 0 0 0 95 0 0 0 0 0 0 0 56 0 0 92 93 0 0 39 0 62 54 0 0 0 63 32 0 0 0 0 99 0 45 0 15 0 0 0 0 2 0 42 0 0 0 0 0 0 0 0 0 9 0 36 77 0 71 71 62 0 59 0 65 0 0 0 0 0 0 0 33 94 65 0 0 0 0 0 0 0 0 13 47 0 0 97 0 0 0 0 0
0 0 92 100 41 78 0 0 0 0 0 0 82 0 0 55 84 0 22 6 0 0 0 0 0 0 0 91 0 63 72 0 0 0 0 0 44 69 0 40 0 0 0 0 0 0 0 55 0 0 0 84 0 0 0 0 99 0 0 0 0 62 0 0 0 9 0 0 0 0 43 60 0 0 0 0 90 17 13 0 0 0 0 0 0 0 0 0 0 0 53 0 0 0 0 93 6 0 0 0
0 0 0 0 92 0 0 0 0 0 0 0 76 0 0 0 0 0 26 0 0 0 0 0 48 0 99 93 0 0 83 56 69 0 0 0 0 97 0 0 0 26 0 0 83 0 0 81 0 58 0 0 0 0 0 0 6 40 59 0 0 0 39 0 29 5 13 0 0 0 0 0 0 0 0 14 0 54 0 33 35 0 74 97 77 0 0 86 0 59 0 0 0 49 0 0 0 68 0 0
0 0 0 0 0 0 0 0 97 97 0 0 0 55 40 99 30 0 0 0 0 70 0 36 0 0 0 0 0 0 0 0 15 0 0 0 0 0 0 0 0 0 0 0 0 0 0 0 0 0 29 0 80 0 0 0 0 0 0 0 21 0 0 0 0 0 93 48 0 0 14 0 0 0 0 0 0 0 0 0 0 0 0 0 0 0 0 0 0 0 0 0 0 6 93 0 0 0 0 0
86 76 0 0 48 52 0 0 0 0 0 0 0 0 0 88 0 0 0 0 50 0 0 59 0 0 0 0 0 0 0 0 0 0 91 0 1 0 0 22 0 0 85 0 0 0 0 0 0 0 0 23 0 0 0 0 24 0 0 0 0 0 0 0 0 39 0 57 0 89 0 0 0 0 96 0 0 31 0 0 0 0 1 0 70 0 0 0 0 0 40 0 0 60 0 91 0 64 74 1
57 66 0 0 0 0 0 0 32 0 79 0 0 0 0 86 0 0 73 0 76 0 77 0 0 8 0 0 0 0 0 0 0 0 0 32 0 0 0 0 0 0 0 50 47 0 0 0 0 1 0 0 0 16 0 93 0 0 0 0 0 38 0 0 0 21 0 0 87 0 0 0 0 0 93 0 32 0 0 0 65 0 0 0 83 0 0 80 0 0 0 0 0 0 0 0 63 8 0 15
0 29 5 0 0 0 0 0 0 0 0 0 0 0 0 0 0 0 6 0 0 70 0 0 65 0 0 0 0 0 0 0 98 0 0 66 0 23 0 0 0 0 23 0 90 0 0 35 0 0 49 0 0 12 32 0 80 25 0 0 39 0 0 0 0 0 0 0 0 0 0 0 0 0 48 0 0 0 0 0 0 83 0 0 0 0 0 0 23 6 10 0 0 0 28 0 0 60 0 0
26 0 0 0 0 0 0 0 0 0 0 0 58 0 0 0 4 85 0 0 0 0 0 98 0 0 0 0 0 0 0 0 0 72 38 0 0 0 0 6 0 0 90 61 10 0 0 0 0 98 0 0 0 0 0 0 0 0 0 74 0 0 0 0 0 0 87 40 28 0 22 0 13 0 0 0 0 29 32 0 0 38 3 0 52 0 0 0 0 0 0 10 0 0 0 0 0 0 0 55
0 0 74 0 0 0 0 31 74 0 0 0 0 0 0 0 0 9 0 0 0 0 43 0 0 0 0 0 0 97 0 0 0 0 0 0 0 98 0 0 0 0 0 50 0 78 52 0 41 11 0 0 0 0 0 0 0 0 0 23 0 8 0 58 0 0 0 7 87 0 28 0 0 0 87 21 0 0 92 0 0 0 0 0 0 0 0 52 0 0 0 0 0 0 0 92 0 0 0 0
0 0 0 0 0 55 82 0 0 0 0 0 0 0 92 0 0 0 0 0 0 47 0 78 0 3 68 0 31 0 61 0 99 0 0 0 76 0 0 93 0 42 0 65 0 0 0 0 35 0 0 0 0 0 0 90 0 0 0 0 0 0 0 76 0 0 0 0 4 69 0 0 0 0 0 0 0 0 0 0 0 0 99 0 0 0 44 38 0 0 0 0 0 0 0 0 24 0 39 60
0 98 34 0 0 0 0 0 0 48 13 0 0 0 77 77 71 0 0 71 0 37 11 78 0 0 0 0 0 0 100 94 0 97 85 0 0 0 0 0 0 0 0 71 0 0 0 0 48 0 34 0 0 0 0 0 0 0 0 0 0 0 0 0 0 0 0 0 75 0 0 0 11 0 0 0 0 0 0 0 3 17 0 0 0 0 0 0 0 0 0 0 0 0 0 0 26 0 0 88
0 0 0 0 24 0 5 7 0 0 0 0 21 50 0 0 0 11 0 67 0 0 93 20 78 0 0 0 0 0 0 0 0 0 0 0 0 0 0 12 0 0 56 0 0 0 0 0 6 51 0 0 0 37 0 0 0 14 0 0 21 0 0 0 0 0 0 0 79 0 0 0 0 0 0 92 0 0 0 0 0 79 0 0 0 78 4 79 0 0 0 0 0 0 0 0 0 0 0 0
0 0 0 0 0 0 0 53 0 0 0 0 0 0 15 0 0 0 38 0 0 32 0 0 73 0 0 0 0 0 0 0 3 0 0 0 0 47 0 0 0 0 0 0 35 0 0 0 23 0 0 0 0 0 0 0 0 0 17 0 0 0 0 0 0 0 0 0 0 0 25 68 0 0 26 20 0 0 0 0 75 79 0 0 0 0 82 0 0 0 0 0 0 0 0 0 0 0 41 0
0 36 0 0 0 0 0 0 0 0 29 0 0 49 48 0 36 0 0 75 0 0 0 0 0 0 0 21 0 0 0 85 0 0 0 0 0 0 0 0 37 0 0 0 44 0 47 0 0 0 0 0 37 0 0 24 0 0 0 25 0 3 0 0 0 0 0 12 0 0 0 0 0 0 0 0 56 29 98 0 68 0 0 60 0 0 35 87 0 0 0 75 83 0 0 97 0 0 40 0
0 0 0 0 0 0 82 0 0 0 80 0 24 0 0 0 0 91 0 0 0 0 28 0 61 0 0 0 0 0 0 0 0 6 0 80 0 0 0 0 100 0 0 0 0 39 0 0 0 0 0 0 0 0 0 0 0 0 0 0 0 0 0 0 0 0 79 90 0 0 0 68 24 0 0 0 0 0 0 97 0 0 0 32 0 66 0 0 0 0 0 68 0 0 0 15 0 0 0 0
0 0 44 59 22 0 31 0 0 0 0 0 0 0 0 0 0 15 4 0 0 0 0 0 0 0 0 80 39 0 0 0 0 0 0 0 0 0 0 0 89 0 0 0 74 0 0 0 37 89 0 0 0 0 62 0 30 0 39 0 0 36 15 0 0 0 0 0 0 0 84 6 0 40 0 0 0 38 0 0 0 51 0 0 0 54 0 61 91 0 78 16 0 0 1 0 0 29 49 0
0 0 0 0 0 0 26 0 0 29 30 0 0 78 0 0 0 0 0 27 0 0 0 0 63 17 91 0 0 0 0 45 0 0 3 1 0 43 50 77 65 0 0 0 78 0 74 65 0 84 70 0 74 89 0 0 48 0 0 0 0 0 0 89 0 0 0 0 0 0 0 0 0 18 0 57 0 0 0 0 35 25 0 0 0 0 53 68 0 0 76 0 0 0 0 0 0 0 0 27
0 0 0 38 0 0 33 0 0 0 0 0 0 64 0 0 74 0 0 0 0 0 0 0 0 17 51 0 38 0 11 0 0 9 0 79 0 2 0 11 0 0 0 0 0 0 30 0 0 0 3 0 0 0 0 0 0 0 84 0 0 0 0 0 0 92 0 54 68 0 0 11 0 38 0 1 0 0 0 0 0 0 0 49 0 95 0 0 0 100 68 0 0 0 0 0 0 56 0 12
0 64 0 0 0 0 8 0 44 0 0 0 2 0 22 92 0 0 0 0 0 1 0 0 0 0 0 0 0 0 0 0 44 0 0 0 0 0 0 0 93 65 86 0 0 0 92 0 0 0 0 0 75 0 0 0 0 0 54 0 0 0 0 0 0 0 0 0 0 0 0 0 0 11 69 0 86 0 12 100 0 0 0 0 0 0 0 0 0 0 55 0 10 0 0 0 0 21 98 0
0 98 0 66 0 84 0 0 0 0 100 0 11 100 16 87 0 0 48 0 18 0 0 79 0 0 0 0 0 0 0 0 0 98 57 0 31 0 0 0 0 0 0 0 0 0 0 0 0 0 0 0 0 0 0 0 0 0 0 0 0 10 0 0 0 0 0 0 9 0 66 0 22 0 48 0 0 0 0 0 0 0 34 20 0 0 0 0 47 0 0 0 0 0 97 0 0 42 0 0
60 0 0 0 0 0 0 0 68 0 11 25 22 0 0 0 0 0 0 6 40 0 75 96 19 0 0 0 0 0 73 0 0 0 0 40 0 68 8 0 0 0 0 42 0 85 0 0 0 0 0 1 0 40 6 0 0 0 0 0 5 0 0 0 91 0 0 0 83 0 0 0 0 97 0 0 0 0 96 0 47 0 0 0 0 91 74 0 0 14 0 19 97 52 16 0 0 0 40 99
0 71 0 63 0 0 65 0 0 46 51 0 55 0 0 0 0 0 4 0 0 0 0 0 49 0 0 0 0 0 0 0 0 0 0 0 74 0 53 0 0 0 0 0 0 0 0 0 0 0 0 0 0 0 0 0 0 0 0 0 0 0 0 0 0 0 0 0 81 0 0 0 0 24 0 0 0 0 0 0 77 0 0 0 0 0 55 10 0 0 0 0 92 0 0 87 51 13 0 0
82 0 0 0 0 69 0 0 0 0 0 56 0 62 0 0 0 0 0 0 36 0 0 0 75 0 0 0 0 0 0 0 86 0 0 33 0 0 0 0 0 0 0 0 0 0 0 0 0 0 97 0 0 0 0 0 0 0 0 0 0 0 96 0 68 0 0 62 60 70 0 0 0 24 0 0 0 0 0 0 0 65 0 0 0 0 0 0 0 0 0 77 0 0 0 0 0 0 100 0
0 48 51 0 0 0 0 0 0 0 0 0 0 0 11 0 0 55 0 0 0 0 0 0 88 4 0 45 0 0 0 49 0 0 0 0 0 0 0 0 0 0 0 0 0 0 70 0 0 0 0 0 0 0 0 0 0 0 82 0 0 0 0 0 0 0 22 0 0 32 0 0 99 59 0 0 0 0 65 0 96 0 0 33 34 21 0 10 0 0 0 0 18 0 76 0 60 0 0 0
0 0 0 0 0 67 0 38 23 31 0 0 0 74 0 0 0 0 62 0 0 33 0 0 0 72 0 0 0 0 0 0 0 90 0 0 71 0 0 0 0 0 0 16 0 0 37 0 0 0 0 0 46 0 0 0 0 0 23 0 0 0 0 0 0 0 0 0 0 0 0 11 4 60 20 16 1 0 0 0 94 0 0 0 0 0 0 0 0 12 0 0 0 53 0 0 0 41 29 0
0 0 44 0 36 0 0 0 0 0 0 0 0 0 32 0 0 0 0 0 27 0 0 0 89 0 12 0 0 0 0 0 0 0 0 93 0 0 24 0 0 0 0 0 57 0 12 65 0 0 0 0 13 0 0 27 0 6 0 0 0 0 0 0 0 0 0 27 40 70 0 0 69 79 65 0 0 0 0 29 0 0 0 0 0 0 0 0 0 0 0 96 17 0 0 71 0 92 78 0
0 95 80 93 0 0 0 0 0 0 84 0 0 0 0 74 15 0 23 0 40 0 0 0 0 0 0 0 0 0 7 0 8 0 44 0 62 87 86 0 0 0 0 19 75 0 0 0 0 0 0 0 0 0 0 0 0 0 98 0 0 19 0 0 28 0 0 0 0 0 0 0 0 0 0 8 0 69 43 0 7 0 0 46 56 96 0 0 0 0 0 0 36 43 0 0 0 39 0 0
0 0 0 0 66 0 0 0 0 0 0 77 0 26 0 0 4 0 0 0 0 0 0 0 0 0 85 13 64 0 0 0 45 0 0 0 0 9 0 0 0 86 0 25 8 8 0 0 83 46 0 0 0 12 0 0 0 0 0 15 0 0 87 0 0 0 0 0 69 75 0 0 0 54 65 0 45 0 0 0 0 40 0 40 0 0 67 0 0 0 0 24 0 0 79 0 0 0 0 0
9 93 0 0 0 45 92 0 0 67 0 9 0 0 0 0 0 84 97 0 52 31 0 0 0 0 0 0 0 0 0 0 0 67 29 0 0 0 17 23 72 0 0 0 0 0 0 0 1 3 0 0 0 0 0 0 0 0 82 0 0 0 29 95 0 0 0 0 0 0 0 0 0 0 0 0 0 0 0 0 46 0 0 0 0 0 6 0 0 0 57 0 0 45 76 0 0 0 0 0
0 0 0 0 0 25 0 0 51 81 0 0 0 0 64 0 0 0 0 0 95 0 0 0 53 0 0 58 75 86 0 0 0 0 0 97 0 5 0 0 0 0 0 0 0 0 0 0 73 73 74 0 0 0 0 0 0 98 20 0 48 0 0 0 100 0 0 0 0 78 0 0 0 36 76 73 0 82 0 0 0 62 47 0 0 0 0 0 0 84 0 42 0 0 0 79 0 0 0 68
0 0 36 47 0 0 0 0 0 0 5 0 0 0 0 9 0 89 0 0 0 0 0 0 0 69 0 0 76 56 0 97 0 0 0 17 31 0 0 0 0 0 0 25 0 0 0 0 0 99 0 0 93 0 0 0 0 19 22 18 56 0 0 0 99 0 0 0 0 0 0 52 0 0 0 0 73 0 0 0 0 0 81 0 22 0 0 0 0 90 0 0 0 0 0 88 88 0 0 100
0 35 0 0 0 58 0 0 91 0 0 42 0 0 0 5 0 0 0 0 50 0 0 0 0 0 0 0 61 0 0 0 52 0 0 0 80 0 0 0 0 0 0 0 0 0 0 0 72 0 7 0 0 0 20 0 0 0 0 0 33 0 0 0 0 0 0 0 0 0 0 0 0 26 75 38 100 0 0 10 0 0 0 0 0 86 78 0 0 4 81 0 0 82 0 0 89 0 0 0
0 90 0 0 0 0 0 0 0 19 77 0 88 0 48 0 0 0 2 37 0 0 0 0 0 0 0 70 0 46 0 38 69 0 0 0 0 0 0 0 0 0 0 0 0 0 0 0 0 0 0 0 0 0 53 0 0 0 0 35 0 0 0 0 87 0 0 0 0 0 0 99 0 0 0 0 36 0 0 0 13 0 0 29 0 0 0 0 90 0 91 97 0 0 0 0 0 81 0 0
63 89 81 0 0 29 0 0 0 0 0 0 0 63 0 0 0 0 13 0 0 0 0 16 0 0 27 0 0 0 0 0 0 0 0 0 0 0 0 0 0 0 0 0 0 80 0 0 0 0 0 0 0 0 76 0 0 28 0 0 0 46 0 0 19 0 0 78 0 0 0 26 4 0 0 0 0 0 0 7 0 0 0 60 0 0 0 0 51 0 67 0 95 0 0 88 0 0 0 82
0 0 0 83 0 0 0 0 80 100 0 36 0 0 86 63 60 47 0 0 0 99 0 0 52 0 12 34 0 0 8 0 0 93 0 0 0 0 0 30 0 0 0 0 0 69 0 29 44 44 0 0 0 59 0 86 0 0 19 0 0 0 20 94 0 0 62 0 0 0 0 0 0 78 0 0 0 0 0 78 0 0 0 0 0 0 0 0 21 0 0 0 54 0 0 0 0 15 0 0
0 0 32 0 0 0 0 0 0 0 37 0 0 0 0 0 0 0 0 0 0 5 51 0 0 0 28 0 0 0 45 29 0 0 0 0 0 0 0 0 15 0 0 0 0 0 66 0 0 0 8 0 90 0 0 0 36 0 92 0 0 0 0 0 55 0 46 0 0 4 72 0 0 0 0 0 0 0 0 0 0 0 0 0 35 0 64 0 0 0 0 0 91 0 16 0 0 41 0 92
0 96 0 0 0 0 0 97 0 0 0 0 0 0 0 0 82 0 0 0 0 0 0 56 49 0 92 0 0 0 86 0 0 0 35 79 0 0 0 0 0 0 0 0 0 8 0 25 0 25 0 0 0 78 0 0 81 0 0 12 0 0 0 96 70 68 0 0 49 0 5 0 0 80 0 0 0 0 0 0 33 0 0 0 0 0 76 0 53 86 0 0 63 0 50 0 0 0 0 0
35 0 0 0 0 0 0 0 0 0 0 0 0 0 0 0 98 0 0 0 0 0 0 0 0 0 0 0 0 0 0 0 0 0 0 94 0 0 84 0 0 0 0 0 0 0 0 83 16 0 83 0 0 0 84 0 0 6 0 0 0 0 57 0 0 0 0 0 75 0 0 0 28 0 0 0 0 0 48 32 0 70 0 0 0 0 0 0 61 0 14 0 0 0 0 25 14 0 0 0
0 0 0 98 89 83 0 0 0 0 0 0 32 0 22 55 0 0 0 0 0 0 0 0 0 0 45 36 0 0 0 0 0 0 0 0 0 0 12 58 0 93 0 0 34 0 0 0 8 0 0 0 43 0 0 79 0 0 0 3 35 0 40 7 0 0 0 0 0 0 45 0 0 0 14 81 0 99 0 0 0 29 85 0 0 95 0 0 0 0 0 0 0 0 0 0 0 0 38 0
0 45 0 85 0 0 0 0 65 0 0 0 0 78 0 70 13 0 0 0 0 0 0 99 65 0 99 24 0 0 0 0 0 0 0 0 30 0 0 0 0 0 46 0 0 0 0 28 0 0 0 0 0 7 61 0 0 0 98 0 0 0 0 0 0 0 2 99 0 0 0 0 0 0 0 0 0 91 21 0 49 0 0 66 0 0 24 0 0 0 94 85 0 0 0 0 0 98 0 0
0 0 0 0 0 0 0 0 0 0 0 0 0 0 0 0 0 0 0 0 0 31 65 0 0 0 0 0 0 0 97 0 0 60 0 0 0 0 0 43 0 0 41 0 62 0 0 0 92 0 0 0 0 1 17 0 0 0 0 98 0 0 0 0 0 0 0 0 0 0 24 0 0 0 0 0 41 0 0 0 0 0 0 16 0 0 0 0 0 16 0 0 79 57 94 0 0 0 0 12
0 0 0 0 0 28 0 0 0 0 0 0 0 0 0 0 0 44 0 40 0 0 64 22 0 0 0 0 69 0 0 0 0 52 0 0 97 0 0 0 0 0 0 0 0 0 48 47 0 0 0 0 0 0 0 66 0 0 0 0 0 0 0 0 0 0 33 0 0 0 12 0 0 45 20 38 6 0 0 64 0 0 0 0 5 9 0 0 0 0 74 97 94 63 0 0 0 8 0 0
0 0 79 90 0 0 0 100 84 0 59 0 0 0 0 0 0 0 0 32 0 0 0 0 0 0 0 0 0 0 0 94 0 0 0 0 0 40 63 0 69 24 0 0 92 0 0 0 0 0 0 0 0 29 0 0 98 0 50 0 0 0 0 0 0 0 65 57 94 0 0 0 0 0 0 0 0 0 0 73 0 0 0 6 0 0 0 0 0 0 0 0 0 0 76 40 0 34 39 0
0 0 41 0 0 0 0 0 0 4 0 0 0 0 7 0 0 0 66 0 0 63 0 10 0 0 50 0 0 0 0 0 0 0 55 0 0 0 0 0 1 0 0 0 0 45 0 0 0 4 0 0 0 0 0 0 0 0 0 80 78 63 0 0 0 5 0 0 0 31 0 64 0 0 0 50 47 0 43 0 0 0 20 0 12 0 0 0 0 0 0 0 49 0 0 53 0 0 0 0
0 0 0 0 0 0 0 0 0 63 0 0 0 0 0 17 28 0 0 0 0 0 0 0 73 0 0 0 0 67 0 0 16 0 0 32 0 0 0 0 0 0 0 0 34 43 0 0 15 3 0 0 0 18 0 0 0 0 0 0 0 0 0 0 89 53 0 0 0 0 0 0 96 0 0 73 0 82 0 0 0 0 0 0 0 0 0 0 0 0 84 0 0 0 0 2 0 23 0 0
0 0 0 0 25 0 61 0 52 0 0 0 0 30 20 0 98 0 56 0 2 73 0 68 27 0 24 0 0 0 84 0 0 44 38 0 0 0 0 0 0 63 66 0 0 0 0 0 0 0 0 0 0 48 63 57 0 0 57 0 0 0 38 0 0 0 93 54 0 0 0 0 43 71 0 0 48 0 0 69 0 0 39 0 83 0 0 26 0 0 0 0 0 0 0 19 0 0 12 0
0 0 0 89 0 56 11 0 0 0 0 8 0 34 24 0 0 0 61 0 54 0 0 0 56 85 0 0 0 40 100 0 29 43 0 0 0 77 0 0 0 0 21 12 0 0 0 59 0 0 2 0 0 0 0 0 0 0 0 0 0 0 0 0 61 0 1 88 0 0 0 65 84 36 0 0 0 0 0 72 0 92 0 0 0 0 0 0 0 0 0 0 0 0 0 0 84 0 0 0
0 73 0 54 0 0 8 0 0 0 0 0 0 12 0 10 0 0 0 7 0 0 0 0 0 6 0 0 0 30 0 0 31 0 0 51 0 3 0 0 0 0 86 0 0 0 0 0 0 0 0 0 0 0 0 0 0 2 36 68 0 0 0 68 0 0 0 0 0 61 0 0 0 0 0 0 0 61 0 29 0 77 32 65 36 0 78 0 95 0 28 0 0 0 0 0 0 0 0 0
47 0 94 0 0 0 66 40 65 0 0 0 93 0 0 0 0 41 0 9 45 0 0 0 13 0 36 0 0 0 0 70 0 0 0 0 0 0 28 40 0 95 0 47 74 32 0 0 0 0 0 0 88 0 0 0 0 25 73 15 0 0 0 99 0 25 0 0 94 0 0 0 0 0 0 0 37 0 0 0 0 0 39 0 2 0 2 65 0 0 14 0 9 0 0 0 33 0 0 28
0 78 0 46 0 0 67 0 0 48 0 49 0 0 0 0 0 0 0 0 0 0 45 25 45 0 0 0 0 66 0 0 0 0 79 0 0 48 0 51 0 0 77 16 48 20 51 0 0 0 0 40 0 68 59 0 0 74 0 0 0 0 0 0 0 60 0 98 0 0 0 0 38 0 0 0 0 0 0 0 0 0 0 0 43 0 93 53 0 0 0 9 0 76 91 0 0 0 0 0
0 0 0 5 0 0 0 37 0 0 0 3 0 0 17 0 0 44 0 15 0 24 0 62 0 0 0 0 11 0 0 54 0 0 0 8 0 0 0 99 0 0 52 0 90 0 0 0 0 0 0 0 0 0 0 74 0 0 0 94 0 0 0 0 0 0 0 0 0 0 0 0 0 0 0 13 0 0 0 0 0 72 0 0 0 0 0 0 0 0 0 84 0 0 86 0 0 49 0 20
0 24 78 0 76 100 14 0 31 0 0 94 0 0 48 0 0 0 0 23 0 0 0 85 0 80 0 0 53 0 0 0 0 0 76 35 0 0 0 0 0 24 0 0 0 0 0 0 68 0 0 0 0 81 0 0 45 0 0 0 0 0 14 0 69 0 0 0 0 0 0 0 0 0 72 0 0 0 61 0 0 0 0 0 0 0 0 41 0 0 0 58 41 0 0 12 0 0 84 0
88 0 21 60 0 0 0 0 14 61 0 0 0 0 0 0 0 0 0 0 78 0 83 0 0 74 0 0 0 36 27 0 0 0 0 0 65 35 0 71 0 0 54 0 0 0 0 0 0 0 0 87 66 0 29 0 0 0 0 0 0 0 0 0 0 99 0 0 0 0 0 57 0 0 10 0 0 0 0 40 21 0 0 0 0 0 0 17 0 0 0 0 22 9 7 0 0 0 0 0
0 0 0 26 0 0 1 0 0 0 0 0 0 0 0 0 0 0 0 0 58 0 0 9 0 0 97 0 0 0 0 0 0 0 54 33 0 52 0 0 0 0 10 0 0 0 23 0 0 0 89 99 91 0 0 0 0 0 0 0 0 0 98 0 30 11 25 0 0 0 100 0 0 0 0 0 0 0 0 0 0 0 0 0 0 0 0 0 0 0 0 0 0 52 0 0 0 0 0 3
0 0 0 7 0 0 33 0 0 0 67 27 0 48 76 78 0 0 0 0 18 0 65 0 0 0 0 0 0 0 0 0 0 0 0 0 0 0 6 0 8 0 84 0 0 0 0 0 0 0 0 0 0 0 0 78 0 0 0 0 0 0 75 17 0 13 0 0 10 0 63 0 0 0 0 0 0 0 61 37 0 0 0 0 2 94 0 0 0 0 0 0 0 0 90 0 55 98 0 0
0 70 0 0 31 6 0 0 0 0 0 0 76 67 0 0 0 44 0 0 0 1 0 0 0 79 0 0 0 0 0 0 0 0 0 0 0 69 55 31 0 0 53 47 0 0 83 0 0 0 0 0 12 0 0 0 0 0 0 0 0 43 0 0 56 0 31 0 0 0 0 0 66 0 50 0 0 60 0 3 68 0 0 0 0 0 0 0 0 0 0 0 0 0 0 36 0 0 25 0
0 52 0 93 0 0 44 0 27 98 81 0 0 0 0 80 0 0 0 3 0 0 0 0 0 0 0 0 46 0 19 2 0 0 0 61 0 0 0 0 0 99 0 79 0 0 0 30 0 0 0 0 0 0 0 0 0 0 0 46 0 0 0 0 0 8 0 0 0 0 0 0 0 0 56 0 0 0 0 0 0 52 0 0 0 2 0 0 0 15 0 0 0 0 39 97 48 0 5 0
13 31 0 0 0 0 0 73 0 24 0 0 0 0 7 12 0 0 0 0 0 0 0 71 76 0 54 0 5 0 0 35 86 0 36 0 0 0 0 71 0 0 0 0 0 0 0 0 80 0 95 12 0 0 0 0 95 48 62 0 4 0 0 0 0 0 19 0 0 0 0 53 0 84 0 0 0 0 0 0 0 0 0 0 0 0 0 0 0 0 0 0 0 91 40 8 0 0 0 0
0 0 100 0 50 37 0 0 0 3 0 27 0 0 0 0 0 0 0 0 77 0 38 0 90 0 0 15 0 0 31 0 0 0 0 0 28 0 0 0 0 0 0 97 0 0 0 25 0 12 0 0 79 0 0 0 0 59 0 0 64 0 0 0 81 0 0 20 0 0 87 91 38 56 0 0 40 0 38 0 0 0 44 0 0 0 46 0 0 0 46 0 0 17 0 0 63 70 2 100
0 1 0 37 0 0 0 0 0 89 0 7 0 8 0 0 0 0 7 96 78 0 0 0 69 0 0 0 0 0 50 0 0 0 0 0 0 66 0 0 0 48 0 0 70 5 0 92 0 0 0 56 0 0 66 0 0 0 0 0 0 0 66 9 0 0 0 0 55 0 0 0 0 0 0 0 0 0 0 0 0 31 24 0 0 0 0 0 0 90 0 1 0 0 0 0 0 0 16 0
0 0 0 0 0 6 0 0 0 0 0 0 0 0 0 0 0 0 0 0 0 0 0 0 76 0 28 0 0 0 0 0 0 0 39 86 97 0 0 0 0 0 31 0 0 0 0 0 0 0 0 0 0 0 0 35 0 0 40 14 0 0 70 0 0 0 0 0 0 0 0 0 0 80 0 0 87 0 0 0 4 0 0 0 17 0 0 0 0 28 0 0 0 0 0 0 0 0 0 0
0 0 0 0 45 0 32 0 0 0 0 30 0 0 0 0 90 0 0 0 37 0 0 0 48 0 0 0 76 83 5 0 91 12 0 0 0 0 0 0 44 0 0 83 0 0 4 97 0 59 90 30 0 89 0 0 37 0 0 58 0 0 66 73 0 0 0 0 0 77 0 0 0 0 0 28 0 0 0 0 0 93 94 0 0 61 0 0 0 0 0 0 0 0 0 0 0 0 0 0
0 0 0 0 48 0 0 57 0 0 0 53 0 0 0 0 0 0 16 0 0 0 0 0 0 0 0 0 0 37 89 0 0 0 0 0 0 0 0 0 17 0 36 46 0 0 0 0 0 0 0 0 0 0 40 0 0 0 0 0 0 24 0 0 98 0 0 0 0 0 0 0 0 0 0 0 75 0 0 0 0 28 0 0 0 0 0 0 0 0 51 24 0 0 0 0 0 76 0 0
0 0 0 0 0 0 0 0 53 19 0 0 86 0 0 0 0 0 83 0 5 6 0 0 31 0 0 0 0 0 0 0 0 0 0 0 25 0 0 0 59 0 52 0 0 0 0 0 0 0 26 0 0 0 56 66 80 0 0 0 0 39 0 0 0 0 0 0 74 0 0 0 0 0 0 0 0 0 0 0 0 98 0 0 0 0 0 0 76 86 0 0 0 0 0 0 0 0 0 0
0 21 0 62 0 0 0 0 0 99 0 49 0 0 0 0 0 0 0 43 0 85 0 0 37 0 0 0 0 0 24 0 0 93 26 0 0 0 47 0 0 71 0 0 0 98 0 91 0 0 0 0 0 0 0 0 0 58 97 0 0 5 0 52 0 0 0 58 78 0 77 0 57 0 0 0 0 0 0 0 0 65 0 0 0 0 0 0 0 0 0 0 0 0 0 0 0 0 0 0
66 0 0 4 0 0 0 0 0 0 59 0 0 0 0 0 0 0 0 45 0 0 0 0 0 0 0 0 0 52 0 0 0 22 0 94 90 0 5 0 90 0 54 0 0 0 0 0 15 0 0 46 0 54 0 53 0 0 0 0 99 81 0 80 0 0 89 0 0 0 0 0 0 0 64 40 17 0 0 0 0 0 48 0 92 0 4 64 0 0 0 0 0 0 0 39 27 0 0 51
0 0 0 0 86 0 0 0 0 0 0 0 0 0 19 0 66 0 55 100 0 0 27 0 0 1 99 0 0 0 98 19 0 0 0 81 0 3 0 0 0 0 24 0 0 14 0 0 0 0 0 0 0 0 0 0 0 0 0 0 0 23 0 67 0 0 0 54 54 51 0 0 0 0 0 0 0 0 0 0 16 0 0 68 0 0 65 0 37 40 98 93 0 0 0 59 0 0 0 0
16 1 0 82 0 0 0 51 0 0 2 0 0 93 0 0 0 0 79 0 0 0 1 0 0 0 0 0 0 0 0 53 0 0 0 0 0 0 82 22 0 0 0 0 0 0 0 0 0 0 0 90 0 0 0 0 7 0 0 0 31 0 0 0 0 0 0 0 0 0 0 0 0 0 0 0 0 0 0 40 98 83 89 0 0 0 0 0 0 0 0 0 0 0 0 0 0 0 0 69
0 0 21 20 0 0 0 0 0 0 94 0 0 0 0 0 0 0 0 43 0 0 61 0 0 29 93 0 24 11 0 0 0 84 60 0 42 0 0 0 0 0 0 91 73 62 0 0 31 0 0 0 0 0 0 49 0 0 0 81 0 0 58 0 0 24 0 0 0 0 0 87 62 0 0 0 0 41 9 85 0 0 0 70 0 22 0 29 66 0 0 87 0 0 0 0 0 0 0 0
0 0 0 0 0 0 0 0 0 0 0 0 0 0 0 0 24 51 0 0 0 18 0 0 0 10 20 0 0 37 0 0 49 0 0 0 0 72 0 0 19 0 16 0 0 0 0 0 0 0 0 83 0 0 63 0 33 0 44 42 0 0 0 0 0 8 0 0 0 0 24 32 87 11 0 0 0 0 0 0 0 0 0 96 0 0 0 40 0 0 0 0 0 57 52 0 0 61 0 0
0 0 0 0 0 83 0 56 0 0 0 0 0 0 0 0 0 0 0 16 0 54 0 0 58 0 0 0 16 28 0 0 0 0 79 69 0 0 10 0 0 77 0 0 43 98 58 1 0 0 33 0 91 21 52 0 0 0 0 50 0 0 0 0 0 0 22 0 0 0 0 0 0 0 0 0 0 0 0 0 74 0 0 48 90 0 0 0 0 0 0 0 0 0 2 14 62 0 0 0
0 0 0 0 0 85 0 0 0 40 0 0 0 48 0 0 0 16 0 0 0 0 0 0 0 0 0 0 0 0 0 48 0 0 0 0 0 0 0 0 0 0 0 0 0 0 0 0 0 49 0 87 0 0 0 0 0 76 0 0 0 58 0 0 0 52 0 0 0 0 0 0 0 0 0 0 90 0 0 80 0 0 0 0 58 0 0 0 0 0 18 0 0 0 0 0 0 83 0 19
0 55 0 0 0 0 0 0 49 90 0 0 80 0 0 0 64 0 0 0 49 0 0 6 19 0 0 0 0 0 0 0 0 72 0 0 0 0 0 24 76 0 0 0 0 0 0 0 41 0 0 0 44 0 0 36 0 0 0 0 0 0 87 0 0 0 90 99 0 0 0 0 0 0 1 96 0 0 0 0 63 0 16 33 0 0 0 0 0 0 0 0 0 0 0 81 83 0 0 0
0 0 0 0 0 69 0 0 43 0 0 0 0 0 0 0 0 11 0 0 0 0 9 0 0 0 90 0 0 0 0 0 0 0 0 86 0 0 99 0 0 0 0 0 0 0 0 0 15 0 0 0 0 0 0 0 0 0 0 0 0 0 0 0 0 0 21 0 52 0 10 58 0 0 0 59 0 0 0 59 0 48 0 0 0 3 0 0 9 0 0 0 75 0 0 5 41 64 0 0
0 0 76 61 96 57 0 5 0 0 49 72 26 20 12 0 0 0 2 0 63 0 0 0 0 0 0 16 0 55 0 12 0 0 0 0 0 0 0 0 65 0 0 26 0 0 0 97 17 42 0 4 0 0 0 0 0 0 4 0 0 0 0 0 0 4 0 0 52 0 0 0 0 0 83 0 16 0 0 66 0 0 0 90 0 0 0 0 0 0 0 0 0 0 0 0 0 0 0 0
100 0 0 0 0 0 0 70 0 0 0 31 37 0 0 0 0 17 33 91 51 0 16 0 0 43 0 0 0 0 0 0 0 12 0 48 0 27 0 0 0 59 0 0 69 0 0 0 0 0 78 40 0 0 0 0 0 0 0 72 0 0 0 10 0 60 0 0 0 0 0 7 0 0 0 0 76 0 0 0 0 30 0 12 0 0 47 0 0 0 0 0 0 0 0 0 0 0 0 96
0 79 0 87 0 0 0 0 47 0 0 98 41 0 0 0 0 0 0 0 0 0 0 0 0 0 0 0 57 0 0 0 0 0 0 0 0 0 0 0 70 99 0 0 0 0 0 0 27 20 0 0 0 0 0 0 0 0 0 0 0 0 0 72 0 0 0 0 0 0 10 0 0 0 23 0 0 0 0 0 26 0 0 0 0 0 98 0 0 0 0 0 0 71 0 0 25 0 0 0
0 0 0 55 0 0 0 100 0 0 0 34 34 0 27 0 0 0 0 0 0 0 0 0 0 0 0 0 0 0 0 0 12 0 0 0 0 0 0 0 0 89 0 0 0 0 0 100 25 0 0 0 0 0 0 69 96 90 84 68 0 0 0 0 0 0 0 0 0 31 36 0 59 8 0 0 0 0 0 0 0 0 52 0 0 0 0 98 0 0 0 0 16 29 0 0 61 0 0 0
0 0 31 0 0 0 0 0 0 0 0 0 0 0 3 0 0 0 0 0 0 0 78 75 0 0 85 0 0 31 0 0 0 19 0 0 0 0 0 0 0 0 78 0 0 0 0 0 0 97 0 0 0 0 0 0 0 36 0 0 0 72 0 0 0 0 0 0 0 0 0 0 0 0 0 0 0 0 0 0 0 0 0 0 0 0 0 9 46 0 0 0 0 0 0 0 0 0 0 0
0 0 0 0 0 0 0 57 0 0 50 0 0 0 0 0 0 0 0 50 0 0 0 0 95 14 0 0 0 0 0 0 0 0 0 0 0 98 48 0 74 0 0 0 0 0 0 0 0 80 0 0 0 0 0 0 0 0 0 11 0 0 0 0 0 0 0 62 0 0 0 34 23 0 0 0 0 0 0 0 0 0 0 0 0 92 0 87 0 0 0 0 0 0 0 87 0 0 0 0
0 0 0 0 0 0 45 0 0 0 0 0 0 0 0 0 0 0 0 81 0 0 0 0 59 4 0 0 0 0 0 7 0 0 0 61 0 0 68 0 0 0 40 0 66 0 0 0 0 0 0 0 0 0 0 68 0 0 0 0 0 0 0 0 0 21 0 65 0 29 0 12 0 0 0 0 46 0 0 0 64 0 0 21 85 100 86 0 62 0 0 0 0 60 6 0 0 81 52 0
89 0 85 0 86 0 0 0 90 0 0 0 0 0 0 0 0 83 100 0 0 0 41 0 0 0 0 24 0 0 0 0 0 0 0 0 0 0 0 0 0 0 0 0 32 70 5 33 15 59 0 0 0 45 78 99 74 0 0 0 0 77 81 0 0 4 0 0 0 0 0 0 0 0 0 0 0 8 0 0 0 79 6 0 0 0 0 0 0 0 61 0 0 95 36 0 3 0 65 0
0 0 0 40 33 0 0 0 0 0 0 0 83 0 77 0 15 0 22 0 0 95 0 31 51 67 0 0 0 0 55 0 0 0 71 0 0 0 0 41 0 0 0 0 0 18 0 0 0 0 0 0 0 0 81 12 0 0 0 0 0 0 19 0 0 0 17 0 18 0 0 41 0 47 0 99 0 15 0 0 8 78 88 0 0 0 0 0 29 0 23 0 60 0 94 0 0 100 0 0
0 0 0 0 0 0 0 84 0 0 0 77 0 0 0 0 28 0 0 0 0 0 0 0 0 0 81 39 0 0 0 16 0 0 0 0 0 75 0 0 0 0 0 58 89 0 0 10 0 0 0 0 0 42 0 0 0 0 32 0 0 0 0 0 0 0 0 0 0 90 0 0 0 0 92 0 0 0 0 0 48 57 58 54 77 14 0 99 0 0 0 97 0 0 0 0 64 87 0 0
0 0 30 0 0 0 0 54 10 4 0 0 0 0 0 0 34 0 39 0 0 0 0 0 0 0 23 0 0 29 83 48 0 0 0 0 0 0 0 0 0 49 0 0 0 0 0 70 0 0 0 0 82 0 0 32 0 0 0 0 0 0 14 0 0 0 0 36 83 43 100 0 40 0 0 0 0 0 0 0 70 0 0 0 0 30 0 83 0 71 94 0 0 0 5 0 77 0 0 19
0 0 0 0 0 0 94 0 0 0 0 0 51 0 0 0 71 0 0 0 0 50 0 92 0 0 0 0 0 87 0 0 0 37 0 0 0 74 0 53 0 0 0 0 0 0 0 0 0 0 0 0 0 0 6 0 0 0 0 0 0 0 0 0 40 0 0 0 0 0 0 76 51 37 0 0 89 28 0 0 29 0 0 0 38 0 93 0 44 34 0 0 0 0 0 52 0 0 0 48
0 12 0 63 0 0 0 0 0 0 0 0 3 0 0 0 11 0 0 0 0 0 0 0 0 79 0 0 61 0 0 0 0 0 0 66 0 0 0 0 95 0 0 58 86 0 37 29 63 0 0 0 0 24 0 0 83 40 0 0 0 0 0 19 0 52 72 11 0 0 0 0 0 0 0 0 0 0 0 0 0 0 0 0 0 0 62 0 41 0 24 0 0 0 32 0 61 0 56 0
22 0 0 78 0 0 0 0 0 0 0 0 69 0 0 38 70 0 0 0 0 0 0 0 0 0 64 0 0 85 0 30 49 0 55 0 0 0 0 0 0 0 0 0 83 0 0 0 0 70 0 0 0 0 0 0 0 0 0 34 0 0 0 0 60 0 0 0 0 0 0 0 0 0 0 0 0 0 0 0 45 0 0 78 0 0 40 19 0 0 0 0 0 0 0 0 0 0 61 7
0 0 0 0 0 0 0 0 0 0 0 0 0 0 0 8 34 95 9 0 0 64 0 0 0 0 0 58 0 0 54 0 0 0 0 0 0 50 0 0 52 0 30 0 88 53 0 52 57 0 37 62 2 34 0 0 80 0 0 0 0 0 94 0 0 0 0 0 0 56 0 0 0 82 0 0 0 0 0 27 23 0 0 0 0 43 95 0 0 0 87 93 0 0 0 0 0 0 0 0
46 8 0 0 0 44 0 0 0 0 0 0 0 0 39 0 0 53 0 0 0 0 0 0 0 90 0 30 0 0 0 0 0 0 0 85 0 0 0 0 0 0 0 16 0 50 75 0 0 94 0 0 0 26 0 0 0 0 0 36 0 0 67 0 0 45 0 0 0 22 0 0 0 0 0 70 52 0 15 0 0 0 0 0 0 0 57 19 0 0 93 0 0 98 0 0 0 0 0 75
12 13 0 0 0 55 0 65 67 0 0 0 0 57 0 0 0 0 27 13 0 0 0 23 0 0 48 0 36 69 13 0 99 0 73 0 0 0 0 0 0 0 0 0 72 0 100 0 90 8 0 0 0 28 0 0 0 0 0 0 0 18 0 0 0 0 0 32 0 1 0 0 70 0 0 0 0 0 0 0 79 0 37 0 65 0 0 0 0 0 0 0 57 0 0 0 0 0 0 0
0 81 0 97 0 32 0 0 0 80 0 63 0 0 0 0 0 38 0 54 22 0 0 0 0 0 85 0 0 0 0 0 0 0 0 0 37 0 37 0 0 0 0 36 0 10 0 0 27 8 9 0 0 0 99 0 0 0 11 3 84 0 36 26 0 1 20 19 61 0 0 0 100 0 65 39 0 0 42 69 0 0 0 0 65 0 0 0 0 0 0 0 0 0 0 0 46 0 0 0
0 0 76 0 0 0 0 0 0 0 0 0 0 0 0 0 0 0 91 0 0 0 0 0 0 0 0 0 0 0 0 0 0 0 0 0 0 31 0 0 0 0 76 66 0 0 0 0 0 0 0 10 81 0 0 0 0 0 0 0 0 0 0 0 0 0 44 0 0 0 0 68 0 0 0 0 18 0 39 0 0 0 0 0 62 0 0 65 0 0 68 0 0 100 0 0 0 0 0 0
0 86 0 0 0 84 0 0 73 10 41 0 0 0 0 0 0 0 0 0 0 0 43 57 28 0 66 0 0 0 0 17 0 0 8 54 0 0 11 0 0 0 0 10 0 0 0 0 0 83 29 0 0 0 0 0 0 0 0 0 0 0 0 0 0 0 0 0 0 0 0 0 0 0 86 0 0 0 44 0 16 0 0 0 0 0 81 0 61 0 0 0 0 0 0 0 0 0 0 0
66 0 0 0 0 0 0 0 0 82 0 0 0 0 0 0 0 0 0 0 0 50 0 0 34 0 0 0 0 0 0 0 0 0 0 0 0 65 0 5 0 0 0 0 0 0 58 0 35 0 43 23 0 0 0 0 0 0 56 69 47 0 0 0 0 0 0 0 0 0 0 0 9 0 29 0 0 27 94 0 0 96 0 51 0 0 0 0 75 0 0 0 54 0 0 25 0 0 0 0
0 0 0 0 0 0 0 11 0 15 25 0 28 0 33 0 0 0 88 0 0 82 0 0 0 0 0 39 0 0 43 0 79 0 0 0 0 0 52 0 75 66 0 0 56 0 0 39 0 0 0 65 0 0 0 5 0 0 0 0 45 49 0 0 0 0 0 0 16 0 53 43 0 0 0 0 0 39 0 0 0 56 14 0 0 0 21 0 0 0 0 0 0 0 42 0 36 0 0 0
0 0 0 0 0 87 0 5 0 12 12 0 0 0 0 0 0 0 0 0 67 33 0 91 61 0 0 0 52 0 45 0 0 18 85 0 0 0 0 0 0 53 0 38 0 23 0 0 0 95 0 0 0 0 14 15 0 0 35 15 0 79 0 79 0 4 0 0 0 0 0 0 0 0 17 0 0 0 80 0 0 41 0 13 0 72 0 92 0 23 0 0 0 90 0 48 0 86 0 0
0 0 0 0 0 0 0 0 0 0 0 0 0 19 0 67 3 0 0 0 0 0 10 0 18 0 0 0 0 0 0 0 0 0 0 73 0 0 0 0 0 0 0 0 0 0 0 0 0 40 0 0 29 0 39 0 0 48 0 0 0 42 0 0 73 0 0 0 0 32 0 74 0 0 58 0 0 0 100 0 0 0 0 45 0 0 0 53 0 0 72 0 0 0 0 0 63 0 2 0
0 0 0 0 67 0 0 0 0 41 0 0 95 0 0 0 0 0 0 0 0 0 49 0 0 0 0 79 0 25 0 66 0 0 80 0 0 0 0 0 0 0 0 0 0 0 4 0 44 0 83 0 0 0 10 32 0 0 0 28 34 0 33 69 0 0 0 0 0 15 0 0 56 0 0 17 0 59 0 0 0 0 0 0 0 28 0 14 0 0 0 0 0 0 0 0 53 0 0 0
0 0 0 0 0 0 0 0 0 0 0 0 0 58 0 0 33 0 0 0 0 0 0 0 0 0 0 0 0 0 4 2 0 0 0 0 0 0 0 82 0 0 0 0 0 0 0 15 0 0 9 0 2 0 0 69 0 0 27 0 0 0 78 0 73 77 0 93 0 0 0 0 0 0 0 0 0 2 79 18 28 0 0 38 0 1 75 0 0 0 0 75 0 0 60 0 0 0 0 0
0 8 0 0 0 0 0 0 0 0 0 60 0 0 0 0 0 0 0 31 0 0 32 11 0 0 99 0 78 21 0 0 0 75 65 0 0 0 0 84 0 3 0 96 0 0 0 0 98 0 52 0 0 0 0 0 0 0 0 0 32 0 70 48 0 37 51 19 0 16 0 98 0 0 0 0 0 0 0 85 43 16 0 0 0 0 0 0 0 0 65 67 0 0 37 0 0 0 0 0
0 0 3 60 17 94 0 0 0 0 0 0 4 0 0 2 85 0 30 1 0 0 0 0 0 0 0 98 0 68 46 0 0 0 0 0 86 25 0 13 0 0 0 0 0 0 0 56 0 0 0 94 0 0 0 0 20 0 0 0 0 96 0 0 0 1 0 0 0 0 19 50 0 0 0 0 25 100 49 0 0 0 0 0 0 0 0 0 0 0 16 0 0 0 0 17 7 0 0 0
0 0 0 0 81 0 0 0 0 0 0 0 74 0 0 0 0 0 62 0 0 0 0 0 1 0 69 21 0 0 29 19 32 0 0 0 0 87 0 0 0 57 0 0 69 0 0 57 0 71 0 0 0 0 0 0 10 3 11 0 0 0 50 0 84 23 41 0 0 0 0 0 0 0 0 69 0 92 0 31 93 0 84 14 83 0 0 88 0 77 0 0 0 16 0 0 0 97 0 0
0 0 0 0 0 0 0 0 35 78 0 0 0 99 86 29 25 0 0 0 0 1 0 56 0 0 0 0 0 0 0 0 11 0 0 0 0 0 0 0 0 0 0 0 0 0 0 0 0 0 100 0 57 0 0 0 0 0 0 0 7 0 0 0 0 0 67 33 0 0 68 0 0 0 0 0 0 0 0 0 0 0 0 0 0 0 0 0 0 0 0 0 0 38 66 0 0 0 0 0
90 72 0 0 32 28 0 0 0 0 0 0 0 0 0 40 0 0 0 0 39 0 0 30 0 0 0 0 0 0 0 0 0 0 29 0 62 0 0 67 0 0 79 0 0 0 0 0 0 0 0 66 0 0 0 0 28 0 0 0 0 0 0 0 0 69 0 82 0 10 0 0 0 0 81 0 0 17 0 0 0 0 41 0 65 0 0 0 0 0 8 0 0 66 0 22 0 47 85 77
65 97 0 0 0 0 0 0 38 0 97 0 0 0 0 51 0 0 1 0 54 0 53 0 0 80 0 0 0 0 0 0 0 0 0 24 0 0 0 0 0 0 0 70 30 0 0 0 0 28 0 0 0 84 0 28 0 0 0 0 0 82 0 0 0 95 0 0 95 0 0 0 0 0 7 0 99 0 0 0 60 0 0 0 87 0 0 58 0 0 0 0 0 0 0 0 95 62 0 39
0 78 3 0 0 0 0 0 0 0 0 0 0 0 0 0 0 0 88 0 0 20 0 0 64 0 0 0 0 0 0 0 75 0 0 23 0 58 0 0 0 0 64 0 33 0 0 70 0 0 87 0 0 97 3 0 75 89 0 0 73 0 0 0 0 0 0 0 0 0 0 0 0 0 22 0 0 0 0 0 0 38 0 0 0 0 0 0 47 72 26 0 0 0 62 0 0 3 0 0
26 0 0 0 0 0 0 0 0 0 0 0 58 0 0 0 13 79 0 0 0 0 0 11 0 0 0 0 0 0 0 0 0 36 58 0 0 0 0 61 0 0 97 4 86 0 0 0 0 16 0 0 0 0 0 0 0 0 0 88 0 0 0 0 0 0 87 49 92 0 81 0 84 0 0 0 0 30 44 0 0 25 15 0 47 0 0 0 0 0 0 32 0 0 0 0 0 0 0 13
0 0 59 0 0 0 0 41 58 0 0 0 0 0 0 0 0 83 0 0 0 0 92 0 0 0 0 0 0 14 0 0 0 0 0 0 0 38 0 0 0 0 0 19 0 97 41 0 53 64 0 0 0 0 0 0 0 0 0 8 0 78 0 26 0 0 0 90 77 0 37 0 0 0 64 40 0 0 30 0 0 0 0 0 0 0 0 48 0 0 0 0 0 0 0 44 0 0 0 0
0 0 0 0 0 6 22 0 0 0 0 0 0 0 84 0 0 0 0 0 0 56 0 6 0 97 69 0 18 0 33 0 97 0 0 0 92 0 0 2 0 67 0 51 0 0 0 0 34 0 0 0 0 0 0 77 0 0 0 0 0 0 0 90 0 0 0 0 95 72 0 0 0 0 0 0 0 0 0 0 0 0 9 0 0 0 43 30 0 0 0 0 0 0 0 0 90 0 99 91
0 33 22 0 0 0 0 0 0 66 2 0 0 0 13 97 87 0 0 62 0 48 71 32 0 0 0 0 0 0 99 62 0 16 2 0 0 0 0 0 0 0 0 93 0 0 0 0 83 0 46 0 0 0 0 0 0 0 0 0 0 0 0 0 0 0 0 0 64 0 0 0 98 0 0 0 0 0 0 0 18 26 0 0 0 0 0 0 0 0 0 0 0 0 0 0 60 0 0 10
0 0 0 0 41 0 99 14 0 0 0 0 47 92 0 0 0 9 0 90 0 0 64 21 69 0 0 0 0 0 0 0 0 0 0 0 0 0 0 51 0 0 57 0 0 0 0 0 84 47 0 0 0 15 0 0 0 33 0 0 90 0 0 0 0 0 0 0 64 0 0 0 0 0 0 86 0 0 0 0 0 99 0 0 0 75 80 44 0 0 0 0 0 0 0 0 0 0 0 0
0 0 0 0 0 0 0 21 0 0 0 0 0 0 27 0 0 0 100 0 0 100 0 0 71 0 0 0 0 0 0 0 39 0 0 0 0 15 0 0 0 0 0 0 18 0 0 0 47 0 0 0 0 0 0 0 0 0 10 0 0 0 0 0 0 0 0 0 0 0 99 68 0 0 18 23 0 0 0 0 49 26 0 0 0 0 48 0 0 0 0 0 0 0 0 0 0 0 53 0
0 26 0 0 0 0 0 0 0 0 72 0 0 57 96 0 27 0 0 93 0 0 0 0 0 0 0 83 0 0 0 94 0 0 0 0 0 0 0 0 17 0 0 0 68 0 87 0 0 0 0 0 77 0 0 84 0 0 0 41 0 65 0 0 0 0 0 99 0 0 0 0 0 0 0 0 69 40 57 0 26 0 0 33 0 0 9 82 0 0 0 2 46 0 0 14 0 0 70 0
0 0 0 0 0 0 55 0 0 0 12 0 88 0 0 0 0 37 0 0 0 0 67 0 12 0 0 0 0 0 0 0 0 40 0 50 0 0 0 0 18 0 0 0 0 90 0 0 0 0 0 0 0 0 0 0 0 0 0 0 0 0 0 0 0 0 22 49 0 0 0 50 3 0 0 0 0 0 0 79 0 0 0 66 0 60 0 0 0 0 0 53 0 0 0 53 0 0 0 0
0 0 30 95 70 0 5 0 0 0 0 0 0 0 0 0 0 64 59 0 0 0 0 0 0 0 0 10 72 0 0 0 0 0 0 0 0 0 0 0 52 0 0 0 20 0 0 0 81 63 0 0 0 0 70 0 14 0 1 0 0 65 96 0 0 0 0 0 0 0 40 19 0 98 0 0 0 12 0 0 0 83 0 0 0 93 0 15 34 0 46 54 0 0 14 0 0 2 62 0
0 0 0 0 0 0 12 0 0 2 89 0 0 33 0 0 0 0 0 18 0 0 0 0 97 7 13 0 0 0 0 19 0 0 7 59 0 68 48 10 3 0 0 0 19 0 59 90 0 71 56 0 12 13 0 0 53 0 0 0 0 0 0 76 0 0 0 0 0 0 0 0 0 38 0 70 0 0 0 0 47 99 0 0 0 0 96 92 0 0 80 0 0 0 0 0 0 0 0 96
0 0 0 94 0 0 38 0 0 0 0 0 0 11 0 0 54 0 0 0 0 0 0 0 0 52 90 0 5 0 6 0 0 72 0 1 0 46 0 1 0 0 0 0 0 0 3 0 0 0 84 0 0 0 0 0 0 0 42 0 0 0 0 0 0 40 0 50 37 0 0 30 0 44 0 44 0 0 0 0 0 0 0 24 0 67 0 0 0 73 26 0 0 0 0 0 0 59 0 51
0 4 0 0 0 0 6 0 74 0 0 0 27 0 34 16 0 0 0 0 0 99 0 0 0 0 0 0 0 0 0 0 91 0 0 0 0 0 0 0 92 7 4 0 0 0 7 0 0 0 0 0 40 0 0 0 0 0 81 0 0 0 0 0 0 0 0 0 0 0 0 0 0 79 5 0 24 0 86 93 0 0 0 0 0 0 0 0 0 0 86 0 3 0 0 0 0 80 5 0
0 72 0 64 0 18 0 0 0 0 50 0 33 1 70 61 0 0 90 0 75 0 0 39 0 0 0 0 0 0 0 0 0 66 5 0 3 0 0 0 0 0 0 0 0 0 0 0 0 0 0 0 0 0 0 0 0 0 0 0 0 66 0 0 0 0 0 0 70 0 39 0 10 0 37 0 0 0 0 0 0 0 66 93 0 0 0 0 5 0 0 0 0 0 35 0 0 91 0 0
71 0 0 0 0 0 0 0 14 0 48 32 30 0 0 0 0 0 0 88 78 0 65 7 68 0 0 0 0 0 33 0 0 0 0 89 0 17 44 0 0 0 0 47 0 31 0 0 0 0 0 25 0 33 76 0 0 0 0 0 39 0 0 0 42 0 0 0 31 0 0 0 0 19 0 0 0 0 96 0 19 0 0 0 0 3 17 0 0 54 0 21 48 51 64 0 0 0 43 20
0 88 0 82 0 0 17 0 0 18 35 0 93 0 0 0 0 0 95 0 0 0 0 0 80 0 0 0 0 0 0 0 0 0 0 0 32 0 23 0 0 0 0 0 0 0 0 0 0 0 0 0 0 0 0 0 0 0 0 0 0 0 0 0 0 0 0 0 33 0 0 0 0 26 0 0 0 0 0 0 18 0 0 0 0 0 65 88 0 0 0 0 93 0 0 41 15 19 0 0
72 0 0 0 0 20 0 0 0 0 0 39 0 72 0 0 0 0 0 0 27 0 0 0 28 0 0 0 0 0 0 0 73 0 0 92 0 0 0 0 0 0 0 0 0 0 0 0 0 0 96 0 0 0 0 0 0 0 0 0 0 0 31 0 35 0 0 9 57 6 0 0 0 12 0 0 0 0 0 0 0 44 0 0 0 0 0 0 0 0 0 15 0 0 0 0 0 0 6 0
0 6 90 0 0 0 0 0 0 0 0 0 0 0 38 0 0 22 0 0 0 0 0 0 77 7 0 87 0 0 0 28 0 0 0 0 0 0 0 0 0 0 0 0 0 0 1 0 0 0 0 0 0 0 0 0 0 0 88 0 0 0 0 0 0 0 57 0 0 2 0 0 91 24 0 0 0 0 1 0 26 0 0 20 67 62 0 58 0 0 0 0 68 0 21 0 47 0 0 0
0 0 0 0 0 33 0 2 16 50 0 0 0 16 0 0 0 0 94 0 0 35 0 0 0 53 0 0 0 0 0 0 0 95 0 0 12 0 0 0 0 0 0 72 0 0 82 0 0 0 0 0 9 0 0 0 0 0 88 0 0 0 0 0 0 0 0 0 0 0 0 10 15 7 83 45 24 0 0 0 59 0 0 0 0 0 0 0 0 79 0 0 0 89 0 0 0 20 28 0
0 0 26 0 90 0 0 0 0 0 0 0 0 0 41 0 0 0 0 0 60 0 0 0 6 0 97 0 0 0 0 0 0 0 0 75 0 0 9 0 0 0 0 0 9 0 47 96 0 0 0 0 85 0 0 14 0 52 0 0 0 0 0 0 0 0 0 12 48 66 0 0 53 17 90 0 0 0 0 28 0 0 0 0 0 0 0 0 0 0 0 85 27 0 0 29 0 73 57 0
0 80 25 4 0 0 0 0 0 0 6 0 0 0 0 23 12 0 42 0 2 0 0 0 0 0 0 0 0 0 54 0 14 0 44 0 91 16 82 0 0 0 0 33 19 0 0 0 0 0 0 0 0 0 0 0 0 0 4 0 0 4 0 0 4 0 0 0 0 0 0 0 0 0 0 62 0 51 99 0 2 0 0 38 7 74 0 0 0 0 0 0 73 19 0 0 0 66 0 0
0 0 0 0 36 0 0 0 0 0 0 50 0 34 0 0 98 0 0 0 0 0 0 0 0 0 64 44 100 0 0 0 34 0 0 0 0 13 0 0 0 55 0 52 93 95 0 0 6 38 0 0 0 55 0 0 0 0 0 60 0 0 47 0 0 0 0 0 23 93 0 0 0 78 51 0 86 0 0 0 0 23 0 77 0 0 55 0 0 0 0 82 0 0 12 0 0 0 0 0
7 13 0 0 0 63 5 0 0 53 0 37 0 0 0 0 0 2 77 0 98 49 0 0 0 0 0 0 0 0 0 0 0 88 85 0 0 0 76 70 41 0 0 0 0 0 0 0 7 28 0 0 0 0 0 0 0 0 90 0 0 0 36 63 0 0 0 0 0 0 0 0 0 0 0 0 0 0 0 0 79 0 0 0 0 0 60 0 0 0 66 0 0 36 28 0 0 0 0 0
0 0 0 0 0 94 0 0 8 55 0 0 0 0 55 0 0 0 0 0 65 0 0 0 81 0 0 16 32 73 0 0 0 0 0 47 0 59 0 0 0 0 0 0 0 0 0 0 11 35 82 0 0 0 0 0 0 76 83 0 46 0 0 0 91 0 0 0 0 42 0 0 0 86 28 57 0 55 0 0 0 45 40 0 0 0 0 0 0 10 0 75 0 0 0 64 0 0 0 57
0 0 41 73 0 0 0 0 0 0 24 0 0 0 0 90 0 61 0 0 0 0 0 0 0 7 0 0 16 28 0 24 0 0 0 39 58 0 0 0 0 0 0 30 0 0 0 0 0 25 0 0 96 0 0 0 0 60 32 89 90 0 0 0 16 0 0 0 0 0 0 27 0 0 0 0 70 0 0 0 0 0 45 0 35 0 0 0 0 74 0 0 0 0 0 34 1 0 0 84
0 7 0 0 0 83 0 0 13 0 0 25 0 0 0 14 0 0 0 0 82 0 0 0 0 0 0 0 77 0 0 0 68 0 0 0 33 0 0 0 0 0 0 0 0 0 0 0 48 0 29 0 0 0 27 0 0 0 0 0 11 0 0 0 0 0 0 0 0 0 0 0 0 16 94 42 55 0 0 54 0 0 0 0 0 94 76 0 0 21 94 0 0 65 0 0 13 0 0 0
0 5 0 0 0 0 0 0 0 47 26 0 58 0 83 0 0 0 68 44 0 0 0 0 0 0 0 82 0 17 0 96 17 0 0 0 0 0 0 0 0 0 0 0 0 0 0 0 0 0 0 0 0 0 27 0 0 0 0 21 0 0 0 0 45 0 0 0 0 0 0 44 0 0 0 0 26 0 0 0 90 0 0 17 0 0 0 0 44 0 1 43 0 0 0 0 0 20 0 0
60 30 73 0 0 77 0 0 0 0 0 0 0 17 0 0 0 0 85 0 0 0 0 79 0 0 83 0 0 0 0 0 0 0 0 0 0 0 0 0 0 0 0 0 0 84 0 0 0 0 0 0 0 0 45 0 0 78 0 0 0 82 0 0 60 0 0 43 0 0 0 62 26 0 0 0 0 0 0 34 0 0 0 91 0 0 0 0 77 0 37 0 42 0 0 96 0 0 0 9
0 0 0 74 0 0 0 0 6 56 0 56 0 0 4 29 94 73 0 0 0 6 0 0 54 0 23 2 0 0 24 0 0 100 0 0 0 0 0 6 0 0 0 0 0 71 0 55 61 10 0 0 0 89 0 94 0 0 67 0 0 0 32 89 0 0 17 0 0 0 0 0 0 15 0 0 0 0 0 31 0 0 0 0 0 0 0 0 57 0 0 0 67 0 0 0 0 88 0 0
0 0 8 0 0 0 0 0 0 0 40 0 0 0 0 0 0 0 0 0 0 35 69 0 0 0 48 0 0 0 86 3 0 0 0 0 0 0 0 0 77 0 0 0 0 0 52 0 0 0 28 0 53 0 0 0 17 0 59 0 0 0 0 0 29 0 43 0 0 57 33 0 0 0 0 0 0 0 0 0 0 0 0 0 29 0 63 0 0 0 0 0 51 0 19 0 0 40 0 4
0 34 0 0 0 0 0 28 0 0 0 0 0 0 0 0 70 0 0 0 0 0 0 88 44 0 68 0 0 0 14 0 0 0 3 71 0 0 0 0 0 0 0 0 0 45 0 81 0 65 0 0 0 51 0 0 62 0 0 43 0 0 0 22 80 42 0 0 85 0 68 0 0 74 0 0 0 0 0 0 29 0 0 0 0 0 44 0 37 69 0 0 9 0 86 0 0 0 0 0
52 0 0 0 0 0 0 0 0 0 0 0 0 0 0 0 82 0 0 0 0 0 0 0 0 0 0 0 0 0 0 0 0 0 0 70 0 0 19 0 0 0 0 0 0 0 0 96 20 0 24 0 0 0 16 0 0 20 0 0 0 0 67 0 0 0 0 0 11 0 0 0 100 0 0 0 0 0 50 93 0 1 0 0 0 0 0 0 15 0 5 0 0 0 0 8 77 0 0 0
0 0 0 68 59 90 0 0 0 0 0 0 74 0 5 93 0 0 0 0 0 0 0 0 0 0 61 45 0 0 0 0 0 0 0 0 0 0 84 69 0 68 0 0 7 0 0 0 92 0 0 0 93 0 0 36 0 0 0 43 1 0 71 33 0 0 0 0 0 0 39 0 0 0 62 23 0 28 0 0 0 15 13 0 0 88 0 0 0 0 0 0 0 0 0 0 0 0 17 0
0 77 0 70 0 0 0 0 73 0 0 0 0 42 0 100 43 0 0 0 0 0 0 2 34 0 90 26 0 0 0 0 0 0 0 0 28 0 0 0 0 0 39 0 0 0 0 8 0 0 0 0 0 59 35 0 0 0 48 0 0 0 0 0 0 0 6 87 0 0 0 0 0 0 0 0 0 95 15 0 70 0 0 32 0 0 28 0 0 0 39 29 0 0 0 0 0 25 0 0
0 0 0 0 0 0 0 0 0 0 0 0 0 0 0 0 0 0 0 0 0 53 69 0 0 0 0 0 0 0 91 0 0 53 0 0 0 0 0 99 0 0 100 0 63 0 0 0 48 0 0 0 0 71 44 0 0 0 0 75 0 0 0 0 0 0 0 0 0 0 94 0 0 0 0 0 37 0 0 0 0 0 0 3 0 0 0 0 0 28 0 0 100 76 2 0 0 0 0 42
0 0 0 0 0 47 0 0 0 0 0 0 0 0 0 0 0 41 0 7 0 0 94 57 0 0 0 0 82 0 0 0 0 85 0 0 39 0 0 0 0 0 0 0 0 0 22 4 0 0 0 0 0 0 0 39 0 0 0 0 0 0 0 0 0 0 67 0 0 0 26 0 0 92 85 82 53 0 0 12 0 0 0 0 5 50 0 0 0 0 4 90 70 44 0 0 0 32 0 0
0 0 12 99 0 0 0 19 98 0 35 0 0 0 0 0 0 0 0 52 0 0 0 0 0 0 0 0 0 0 0 33 0 0 0 0 0 100 7 0 62 91 0 0 70 0 0 0 0 0 0 0 0 31 0 0 33 0 48 0 0 0 0 0 0 0 69 24 34 0 0 0 0 0 0 0 0 0 0 87 0 0 0 37 0 0 0 0 0 0 0 0 0 0 85 7 0 99 78 0
0 0 68 0 0 0 0 0 0 58 0 0 0 0 71 0 0 0 1 0 0 28 0 67 0 0 2 0 0 0 0 0 0 0 75 0 0 0 0 0 11 0 0 0 0 95 0 0 0 5 0 0 0 0 0 0 0 0 0 98 12 82 0 0 0 86 0 0 0 76 0 91 0 0 0 55 47 0 43 0 0 0 59 0 56 0 0 0 0 0 0 0 14 0 0 49 0 0 0 0
0 0 0 0 0 0 0 0 0 1 0 0 0 0 0 38 26 0 0 0 0 0 0 0 87 0 0 0 0 16 0 0 82 0 0 25 0 0 0 0 0 0 0 0 84 67 0 0 40 40 0 0 0 97 0 0 0 0 0 0 0 0 0 0 72 17 0 0 0 0 0 0 83 0 0 58 0 40 0 0 0 0 0 0 0 0 0 0 0 0 68 0 0 0 0 65 0 31 0 0
0 0 0 0 51 0 89 0 59 0 0 0 0 9 58 0 95 0 32 0 40 54 0 98 34 0 24 0 0 0 77 0 0 23 91 0 0 0 0 0 0 49 57 0 0 0 0 0 0 0 0 0 0 100 62 26 0 0 13 0 0 0 55 0 0 0 35 50 0 0 0 0 80 80 0 0 4 0 0 49 0 0 22 0 50 0 0 24 0 0 0 0 0 0 0 72 0 0 83 0
0 0 0 86 0 13 32 0 0 0 0 26 0 69 66 0 0 0 9 0 12 0 0 0 39 89 0 0 0 42 38 0 72 20 0 0 0 84 0 0 0 0 95 34 0 0 0 82 0 0 49 0 0 0 0 0 0 0 0 0 0 0 0 0 58 0 15 66 0 0 0 46 40 68 0 0 0 0 0 34 0 69 0 0 0 0 0 0 0 0 0 0 0 0 0 0 14 0 0 0
0 29 0 68 0 0 12 0 0 0 0 0 0 35 0 13 0 0 0 95 0 0 0 0 0 78 0 0 0 98 0 0 23 0 0 1 0 7 0 0 0 0 66 0 0 0 0 0 0 0 0 0 0 0 0 0 0 73 80 92 0 0 0 48 0 0 0 0 0 76 0 0 0 0 0 0 0 14 0 23 0 16 65 58 62 0 67 0 62 0 28 0 0 0 0 0 0 0 0 0
32 0 20 0 0 0 100 51 48 0 0 0 100 0 0 0 0 33 0 81 2 0 0 0 95 0 44 0 0 0 0 67 0 0 0 0 0 0 19 56 0 20 0 55 43 71 0 0 0 0 0 0 61 0 0 0 0 47 4 41 0 0 0 83 0 99 0 0 24 0 0 0 0 0 0 0 16 0 0 0 0 0 69 0 88 0 9 71 0 0 16 0 7 0 0 0 78 0 0 44
0 59 0 96 0 0 63 0 0 26 0 37 0 0 0 0 0 0 0 0 0 0 96 4 14 0 0 0 0 18 0 0 0 0 88 0 0 59 0 58 0 0 49 99 46 3 78 0 0 0 0 47 0 40 11 0 0 6 0 0 0 0 0 0 0 52 0 91 0 0 0 0 12 0 0 0 0 0 0 0 0 0 0 0 5 0 96 68 0 0 0 3 0 65 96 0 0 0 0 0
0 0 0 86 0 0 0 46 0 0 0 9 0 0 80 0 0 84 0 59 0 20 0 17 0 0 0 0 14 0 0 54 0 0 0 48 0 0 0 28 0 0 8 0 43 0 0 0 0 0 0 0 0 0 0 92 0 0 0 22 0 0 0 0 0 0 0 0 0 0 0 0 0 0 0 7 0 0 0 0 0 36 0 0 0 0 0 0 0 0 0 28 0 0 32 0 0 59 0 99
0 86 54 0 26 50 4 0 59 0 0 55 0 0 26 0 0 0 0 47 0 0 0 75 0 67 0 0 79 0 0 0 0 0 63 75 0 0 0 0 0 27 0 0 0 0 0 0 55 0 0 0 0 88 0 0 24 0 0 0 0 0 58 0 91 0 0 0 0 0 0 0 0 0 30 0 0 0 36 0 0 0 0 0 0 0 0 76 0 0 0 12 66 0 0 2 0 0 16 0
72 0 50 9 0 0 0 0 8 74 0 0 0 0 0 0 0 0 0 0 69 0 42 0 0 10 0 0 0 99 64 0 0 0 0 0 59 56 0 9 0 0 29 0 0 0 0 0 0 0 0 100 15 0 51 0 0 0 0 0 0 0 0 0 0 65 0 0 0 0 0 91 0 0 85 0 0 0 0 68 28 0 0 0 0 0 0 92 0 0 0 0 35 35 17 0 0 0 0 0
0 0 0 65 0 0 71 0 0 0 0 0 0 0 0 0 0 0 0 0 25 0 0 58 0 0 42 0 0 0 0 0 0 0 27 67 0 15 0 0 0 0 17 0 0 0 32 0 0 0 43 7 34 0 0 0 0 0 0 0 0 0 91 0 75 86 22 0 0 0 57 0 0 0 0 0 0 0 0 0 0 0 0 0 0 0 0 0 0 0 0 0 0 86 0 0 0 0 0 77
0 0 0 71 0 0 43 0 0 0 88 3 0 85 2 34 0 0 0 0 10 0 93 0 0 0 0 0 0 0 0 0 0 0 0 0 0 0 63 0 77 0 84 0 0 0 0 0 0 0 0 0 0 0 0 34 0 0 0 0 0 0 73 75 0 62 0 0 17 0 55 0 0 0 0 0 0 0 86 30 0 0 0 0 25 91 0 0 0 0 0 0 0 0 31 0 77 81 0 0
0 57 0 0 70 6 0 0 0 0 0 0 80 45 0 0 0 51 0 0 0 2 0 0 0 62 0 0 0 0 0 0 0 0 0 0 0 24 90 29 0 0 93 61 0 0 48 0 0 0 0 0 31 0 0 0 0 0 0 0 0 41 0 0 75 0 5 0 0 0 0 0 95 0 98 0 0 61 0 100 75 0 0 0 0 0 0 0 0 0 0 0 0 0 0 88 0 0 45 0
0 91 0 96 0 0 19 0 65 96 12 0 0 0 0 47 0 0 0 60 0 0 0 0 0 0 0 0 3 0 36 11 0 0 0 29 0 0 0 0 0 71 0 25 0 0 0 49 0 0 0 0 0 0 0 0 0 0 0 88 0 0 0 0 0 82 0 0 0 0 0 0 0 0 51 0 0 0 0 0 0 52 0 0 0 89 0 0 0 58 0 0 0 0 98 56 5 0 23 0
31 65 0 0 0 0 0 70 0 56 0 0 0 0 82 66 0 0 0 0 0 0 0 52 14 0 98 0 2 0 0 82 54 0 32 0 0 0 0 27 0 0 0 0 0 0 0 0 90 0 11 53 0 0 0 0 61 44 28 0 13 0 0 0 0 0 85 0 0 0 0 37 0 9 0 0 0 0 0 0 0 0 0 0 0 0 0 0 0 0 0 0 0 57 6 74 0 0 0 0
0 0 72 0 41 16 0 0 0 72 0 90 0 0 0 0 0 0 0 0 1 0 48 0 81 0 0 59 0 0 28 0 0 0 0 0 43 0 0 0 0 0 0 18 0 0 0 39 0 81 0 0 26 0 0 0 0 22 0 0 29 0 0 0 49 0 0 36 0 0 29 28 70 64 0 0 66 0 51 0 0 0 70 0 0 0 65 0 0 0 57 0 0 37 0 0 22 65 61 21
0 64 0 86 0 0 0 0 0 74 0 48 0 89 0 0 0 0 33 34 18 0 0 0 31 0 0 0 0 0 70 0 0 0 0 0 0 91 0 0 0 41 0 0 13 27 0 71 0 0 0 100 0 0 97 0 0 0 0 0 0 0 2 3 0 0 0 0 66 0 0 0 0 0 0 0 0 0 0 0 0 94 7 0 0 0 0 0 0 12 0 23 0 0 0 0 0 0 63 0
0 0 0 0 0 33 0 0 0 0 0 0 0 0 0 0 0 0 0 0 0 0 0 0 70 0 33 0 0 0 0 0 0 0 99 78 21 0 0 0 0 0 75 0 0 0 0 0 0 0 0 0 0 0 0 9 0 0 29 36 0 0 26 0 0 0 0 0 0 0 0 0 0 48 0 0 95 0 0 0 49 0 0 0 89 0 0 0 0 53 0 0 0 0 0 0 0 0 0 0
0 0 0 0 29 0 31 0 0 0 0 19 0 0 0 0 39 0 0 0 22 0 0 0 19 0 0 0 11 85 71 0 35 86 0 0 0 0 0 0 98 0 0 79 0 0 91 96 0 77 15 55 0 68 0 0 59 0 0 66 0 0 100 55 0 0 0 0 0 94 0 0 0 0 0 36 0 0 0 0 0 8 20 0 0 96 0 0 0 0 0 0 0 0 0 0 0 0 0 0
0 0 0 0 46 0 0 10 0 0 0 48 0 0 0 0 0 0 80 0 0 0 0 0 0 0 0 0 0 58 36 0 0 0 0 0 0 0 0 0 2 0 17 52 0 0 0 0 0 0 0 0 0 0 30 0 0 0 0 0 0 72 0 0 36 0 0 0 0 0 0 0 0 0 0 0 86 0 0 0 0 5 0 0 0 0 0 0 0 0 84 92 0 0 0 0 0 79 0 0
0 0 0 0 0 0 0 0 9 66 0 0 66 0 0 0 0 0 10 0 94 63 0 0 20 0 0 0 0 0 0 0 0 0 0 0 27 0 0 0 26 0 40 0 0 0 0 0 0 0 35 0 0 0 5 61 20 0 0 0 0 16 0 0 0 0 0 0 72 0 0 0 0 0 0 0 0 0 0 0 0 73 0 0 0 0 0 0 42 17 0 0 0 0 0 0 0 0 0 0
0 46 0 30 0 0 0 0 0 71 0 49 0 0 0 0 0 0 0 1 0 4 0 0 75 0 0 0 0 0 98 0 0 72 77 0 0 0 38 0 0 55 0 0 0 52 0 97 0 0 0 0 0 0 0 0 0 77 35 0 0 19 0 98 0 0 0 58 41 0 96 0 97 0 0 0 0 0 0 0 0 34 0 0 0 0 0 0 0 0 0 0 0 0 0 0 0 0 0 0
94 0 0 33 0 0 0 0 0 0 85 0 0 0 0 0 0 0 0 100 0 0 0 0 0 0 0 0 0 50 0 0 0 21 0 89 17 0 28 0 73 0 23 0 0 0 0 0 30 0 0 45 0 80 0 29 0 0 0 0 61 20 0 97 0 0 34 0 0 0 0 0 0 0 67 10 60 0 0 0 0 0 7 0 42 0 11 87 0 0 0 0 0 0 0 56 94 0 0 47
0 0 0 0 53 0 0 0 0 0 0 0 0 0 98 0 67 0 84 58 0 0 40 0 0 20 70 0 0 0 7 45 0 0 0 78 0 5 0 0 0 0 63 0 0 48 0 0 0 0 0 0 0 0 0 0 0 0 0 0 0 16 0 27 0 0 0 99 2 61 0 0 0 0 0 0 0 0 0 0 19 0 0 90 0 0 72 0 63 50 58 2 0 0 0 7 0 0 0 0
30 31 0 65 0 0 0 67 0 0 30 0 0 61 0 0 0 0 40 0 0 0 48 0 0 0 0 0 0 0 0 10 0 0 0 0 0 0 84 39 0 0 0 0 0 0 0 0 0 0 0 49 0 0 0 0 52 0 0 0 69 0 0 0 0 0 0 0 0 0 0 0 0 0 0 0 0 0 0 55 53 12 7 0 0 0 0 0 0 0 0 0 0 0 0 0 0 0 0 65
0 0 74 95 0 0 0 0 0 0 24 0 0 0 0 0 0 0 0 54 0 0 42 0 0 97 26 0 87 94 0 0 0 8 78 0 13 0 0 0 0 0 0 21 59 79 0 0 32 0 0 0 0 0 0 41 0 0 0 9 0 0 75 0 0 51 0 0 0 0 0 50 49 0 0 0 0 80 88 45 0 0 0 96 0 41 0 18 23 0 0 23 0 0 0 0 0 0 0 0
0 0 0 0 0 0 0 0 0 0 0 0 0 0 0 0 8 87 0 0 0 59 0 0 0 43 50 0 0 15 0 0 71 0 0 0 0 27 0 0 22 0 99 0 0 0 0 0 0 0 0 58 0 0 4 0 57 0 59 25 0 0 0 0 0 79 0 0 0 0 5 83 26 36 0 0 0 0 0 0 0 0 0 40 0 0 0 77 0 0 0 0 0 23 81 0 0 24 0 0
0 0 0 0 0 83 0 3 0 0 0 0 0 0 0 0 0 0 0 71 0 10 0 0 9 0 0 0 96 85 0 0 0 0 33 88 0 0 7 0 0 52 0 0 1 63 52 26 0 0 87 0 37 98 16 0 0 0 0 67 0 0 0 0 0 0 73 0 0 0 0 0 0 0 0 0 0 0 0 0 9 0 0 67 32 0 0 0 0 0 0 0 0 0 21 21 46 0 0 0
0 0 0 0 0 71 0 0 0 33 0 0 0 57 0 0 0 97 0 0 0 0 0 0 0 0 0 0 0 0 0 65 0 0 0 0 0 0 0 0 0 0 0 0 0 0 0 0 0 96 0 61 0 0 0 0 0 89 0 0 0 96 0 0 0 54 0 0 0 0 0 0 0 0 0 0 90 0 0 8 0 0 0 0 26 0 0 0 0 0 61 0 0 0 0 0 0 42 0 51
0 32 0 0 0 0 0 0 43 36 0 0 26 0 0 0 27 0 0 0 59 0 0 85 1 0 0 0 0 0 0 0 0 38 0 0 0 0 0 97 44 0 0 0 0 0 0 0 68 0 0 0 82 0 0 77 0 0 0 0 0 0 97 0 0 0 11 86 0 0 0 0 0 0 58 46 0 0 0 0 100 0 91 51 0 0 0 0 0 0 0 0 0 0 0 40 65 0 0 0
0 0 0 0 0 72 0 0 79 0 0 0 0 0 0 0 0 63 0 0 0 0 63 0 0 0 68 0 0 0 0 0 0 0 0 73 0 0 57 0 0 0 0 0 0 0 0 0 34 0 0 0 0 0 0 0 0 0 0 0 0 0 0 0 0 0 51 0 85 0 77 17 0 0 0 34 0 0 0 81 0 18 0 0 0 52 0 0 69 0 0 0 36 0 0 22 16 43 0 0
0 0 39 6 86 19 0 70 0 0 16 55 64 53 95 0 0 0 20 0 8 0 0 0 0 0 0 55 0 34 0 11 0 0 0 0 0 0 0 0 11 0 0 21 0 0 0 96 86 75 0 53 0 0 0 0 0 0 59 0 0 0 0 0 0 74 0 0 66 0 0 0 0 0 8 0 38 0 0 8 0 0 0 41 0 0 0 0 0 0 0 0 0 0 0 0 0 0 0 0
93 0 0 0 0 0 0 51 0 0 0 84 89 0 0 0 0 47 46 81 77 0 72 0 0 21 0 0 0 0 0 0 0 96 0 36 0 29 0 0 0 23 0 0 27 0 0 0 0 0 19 34 0 0 0 0 0 0 0 55 0 0 0 95 0 70 0 0 0 0 0 5 0 0 0 0 55 0 0 0 0 2 0 41 0 0 89 0 0 0 0 0 0 0 0 0 0 0 0 33
0 92 0 64 0 0 0 0 85 0 0 13 19 0 0 0 0 0 0 0 0 0 0 0 0 0 0 0 3 0 0 0 0 0 0 0 0 0 0 0 17 8 0 0 0 0 0 0 54 23 0 0 0 0 0 0 0 0 0 0 0 0 0 91 0 0 0 0 0 0 40 0 0 0 50 0 0 0 0 0 99 0 0 0 0 0 40 0 0 0 0 0 0 7 0 0 48 0 0 0
0 0 0 18 0 0 0 95 0 0 0 8 30 0 42 0 0 0 0 0 0 0 0 0 0 0 0 0 0 0 0 0 10 0 0 0 0 0 0 0 0 7 0 0 0 0 0 87 83 0 0 0 0 0 0 67 77 77 47 37 0 0 0 0 0 0 0 0 0 8 17 0 61 40 0 0 0 0 0 0 0 0 53 0 0 0 0 39 0 0 0 0 18 67 0 0 91 0 0 0
0 0 42 0 0 0 0 0 0 0 0 0 0 0 54 0 0 0 0 0 0 0 72 73 0 0 34 0 0 42 0 0 0 19 0 0 0 0 0 0 0 0 92 0 0 0 0 0 0 50 0 0 0 0 0 0 0 14 0 0 0 60 0 0 0 0 0 0 0 0 0 0 0 0 0 0 0 0 0 0 0 0 0 0 0 0 0 8 18 0 0 0 0 0 0 0 0 0 0 0
0 0 0 0 0 0 0 72 0 0 96 0 0 0 0 0 0 0 0 18 0 0 0 0 65 98 0 0 0 0 0 0 0 0 0 0 0 39 74 0 72 0 0 0 0 0 0 0 0 23 0 0 0 0 0 0 0 0 0 30 0 0 0 0 0 0 0 46 0 0 0 12 95 0 0 0 0 0 0 0 0 0 0 0 0 9 0 96 0 0 0 0 0 0 0 31 0 0 0 0
0 0 0 0 0 0 22 0 0 0 0 0 0 0 0 0 0 0 0 40 0 0 0 0 98 21 0 0 0 0 0 40 0 0 0 30 0 0 17 0 0 0 78 0 89 0 0 0 0 0 0 0 0 0 0 23 0 0 0 0 0 0 0 0 0 81 0 18 0 100 0 59 0 0 0 0 85 0 0 0 58 0 0 69 3 23 52 0 28 0 0 0 0 65 69 0 0 83 52 0
91 0 44 0 20 0 0 0 45 0 0 0 0 0 0 0 0 95 6 0 0 0 98 0 0 0 0 96 0 0 0 0 0 0 0 0 0 0 0 0 0 0 0 0 44 61 18 92 9 64 0 0 0 82 56 58 30 0 0 0 0 37 36 0 0 36 0 0 0 0 0 0 0 0 0 0 0 35 0 0 0 79 97 0 0 0 0 0 0 0 63 0 0 44 38 0 37 0 37 0
0 0 0 69 6 0 0 0 0 0 0 0 7 0 74 0 90 0 68 0 0 47 0 25 91 4 0 0 0 0 1 0 0 0 13 0 0 0 0 6 0 0 0 0 0 76 0 0 0 0 0 0 0 0 71 92 0 0 0 0 0 0 13 0 0 0 4 0 94 0 0 33 0 51 0 25 0 99 0 0 62 40 92 0 0 0 0 0 18 0 9 0 56 0 87 0 0 23 0 0
0 0 0 0 0 0 0 83 0 0 0 28 0 0 0 0 28 0 0 0 0 0 0 0 0 0 63 38 0 0 0 95 0 0 0 0 0 12 0 0 0 0 0 52 99 0 0 63 0 0 0 0 0 34 0 0 0 0 19 0 0 0 0 0 0 0 0 0 0 99 0 0 0 0 99 0 0 0 0 0 51 41 35 58 94 23 0 93 0 0 0 70 0 0 0 0 47 67 0 0
0 0 70 0 0 0 0 81 41 13 0 0 0 0 0 0 78 0 71 0 0 0 0 0 0 0 7 0 0 36 23 63 0 0 0 0 0 0 0 0 0 52 0 0 0 0 0 22 0 0 0 0 2 0 0 45 0 0 0 0 0 0 41 0 0 0 0 67 89 96 7 0 32 0 0 0 0 0 0 0 83 0 0 0 0 13 0 61 0 81 69 0 0 0 19 0 55 0 0 23
0 0 0 0 0 0 4 0 0 0 0 0 54 0 0 0 89 0 0 0 0 49 0 35 0 0 0 0 0 3 0 0 0 37 0 0 0 27 0 60 0 0 0 0 0 0 0 0 0 0 0 0 0 0 72 0 0 0 0 0 0 0 0 0 31 0 0 0 0 0 0 12 63 21 0 0 19 46 0 0 33 0 0 0 39 0 63 0 22 3 0 0 0 0 0 12 0 0 0 4
0 7 0 28 0 0 0 0 0 0 0 0 60 0 0 0 32 0 0 0 0 0 0 0 0 53 0 0 40 0 0 0 0 0 0 15 0 0 0 0 82 0 0 69 61 0 39 68 67 0 0 0 0 23 0 0 71 91 0 0 0 0 0 93 0 72 89 23 0 0 0 0 0 0 0 0 0 0 0 0 0 0 0 0 0 0 58 0 90 0 7 0 0 0 65 0 27 0 41 0
48 0 0 41 0 0 0 0 0 0 0 0 31 0 0 89 96 0 0 0 0 0 0 0 0 0 45 0 0 84 0 88 43 0 89 0 0 0 0 0 0 0 0 0 71 0 0 0 0 32 0 0 0 0 0 0 0 0 0 75 0 0 0 0 47 0 0 0 0 0 0 0 0 0 0 0 0 0 0 0 55 0 0 58 0 0 14 72 0 0 0 0 0 0 0 0 0 0 24 79
0 0 0 0 0 0 0 0 0 0 0 0 0 0 0 92 9 70 17 0 0 72 0 0 0 0 0 37 0 0 93 0 0 0 0 0 0 94 0 0 64 0 73 0 49 89 0 31 30 0 66 75 25 93 0 0 19 0 0 0 0 0 26 0 0 0 0 0 0 99 0 0 0 49 0 0 0 0 0 70 1 0 0 0 0 37 63 0 0 0 21 76 0 0 0 0 0 0 0 0
74 39 0 0 0 42 0 0 0 0 0 0 0 0 45 0 0 19 0 0 0 0 0 0 0 23 0 39 0 0 0 0 0 0 0 94 0 0 0 0 0 0 0 93 0 20 50 0 0 96 0 0 0 64 0 0 0 0 0 87 0 0 18 0 0 72 0 0 0 63 0 0 0 0 0 81 88 0 43 0 0 0 0 0 0 0 40 59 0 0 42 0 0 70 0 0 0 0 0 75
11 69 0 0 0 100 0 83 51 0 0 0 0 56 0 0 0 0 88 95 0 0 0 44 0 0 61 0 21 78 72 0 41 0 94 0 0 0 0 0 0 0 0 0 28 0 37 0 41 91 0 0 0 99 0 0 0 0 0 0 0 85 0 0 0 0 0 72 0 98 0 0 48 0 0 0 0 0 0 0 8 0 89 0 50 0 0 0 0 0 0 0 44 0 0 0 0 0 0 0
0 17 0 77 0 10 0 0 0 61 0 32 0 0 0 0 0 41 0 69 84 0 0 0 0 0 39 0 0 0 0 0 0 0 0 0 81 0 1 0 0 0 0 82 0 84 0 0 45 82 69 0 0 0 17 0 0 0 86 3 71 0 88 15 0 20 52 50 19 0 0 0 85 0 41 11 0 0 17 11 0 0 0 0 81 0 0 0 0 0 0 0 0 0 0 0 7 0 0 0
0 0 81 0 0 0 0 0 0 0 0 0 0 0 0 0 0 0 81 0 0 0 0 0 0 0 0 0 0 0 0 0 0 0 0 0 0 24 0 0 0 0 36 9 0 0 0 0 0 0 0 32 42 0 0 0 0 0 0 0 0 0 0 0 0 0 41 0 0 0 0 94 0 0 0 0 81 0 86 0 0 0 0 0 71 0 0 91 0 0 20 0 0 41 0 0 0 0 0 0