100
0 0 0 0 0 0 0 20 0 0 0 0 31 8 37 0 74 0 18 0 99 0 0 0 0 98 3 0 88 0 0 0 0 0 0 0 0 0 0 0 0 64 0 0 0 0 46 0 46 0 0 0 9 0 0 40 0 81 0 0 0 0 0 0 0 0 0 0 31 94 0 66 0 0 0 0 0 0 0 0 60 0 0 41 91 0 0 0 10 0 0 0 0 0 0 0 0 0 0 0
0 0 0 0 75 0 57 0 0 0 47 0 94 0 21 0 0 0 37 37 0 0 0 70 0 47 0 0 0 67 0 0 14 0 19 0 0 79 89 11 0 84 0 0 0 0 35 0 0 1 72 95 0 85 0 0 0 65 25 0 0 0 0 0 0 0 0 46 0 31 0 65 0 0 85 0 0 93 0 0 0 60 0 0 0 98 0 0 0 0 0 0 0 60 0 54 0 0 0 0
0 0 0 58 0 0 0 5 0 0 0 0 0 0 0 0 0 5 0 0 0 0 0 49 0 0 0 0 10 0 77 50 0 0 0 0 0 0 0 90 0 0 0 0 35 0 76 7 15 45 0 0 0 0 0 34 77 0 0 0 0 65 0 0 0 0 0 0 0 98 0 0 0 0 79 0 0 45 84 65 0 0 0 0 0 0 47 0 0 0 0 0 0 0 36 0 0 0 0 0
0 0 0 0 0 0 81 0 0 0 0 0 0 0 0 0 49 53 49 0 0 0 0 0 0 0 0 0 0 0 0 0 58 0 0 0 6 0 0 54 31 0 55 40 1 3 0 0 0 0 0 72 0 0 0 0 24 0 0 0 0 0 0 0 0 0 0 0 0 0 60 0 0 0 0 54 0 0 0 47 44 78 0 0 0 0 0 94 0 0 11 0 0 0 0 0 0 0 0 0
0 0 0 18 0 0 38 0 0 0 0 11 0 0 26 0 0 58 0 0 0 0 0 0 91 0 0 0 0 0 0 0 0 98 0 0 0 0 0 0 0 0 0 0 0 0 0 0 0 27 0 96 0 0 0 18 51 13 44 87 0 5 0 0 0 0 0 0 0 0 0 0 39 38 79 0 0 0 0 16 0 0 0 65 0 63 0 0 0 40 0 0 0 0 42 0 0 0 71 0
0 0 0 0 0 0 0 0 0 0 0 0 0 0 0 73 0 90 0 0 0 0 0 67 0 0 0 0 0 0 0 24 0 78 0 0 0 0 0 0 0 0 0 35 56 0 0 0 0 0 0 8 24 0 85 65 0 0 0 0 0 0 0 0 0 93 0 0 0 0 0 0 49 0 0 0 37 92 0 53 0 0 0 46 0 0 0 90 0 0 0 0 0 81 4 64 0 0 41 49
0 0 0 0 0 0 0 0 0 0 4 0 64 0 0 72 53 0 32 0 0 0 90 0 8 0 0 0 0 0 0 40 0 0 23 0 0 14 0 0 0 54 8 0 0 0 41 0 0 0 0 0 0 87 0 12 0 0 0 34 0 0 0 17 0 0 0 70 0 0 0 0 0 81 0 10 0 0 0 0 0 0 0 0 0 0 0 2 0 0 0 0 14 42 0 0 0 0 0 0
0 0 0 10 0 0 0 0 8 30 0 0 56 0 55 0 0 0 34 75 0 0 0 0 0 0 0 0 0 0 89 0 0 0 0 0 0 0 0 12 0 0 0 0 0 0 0 0 0 16 81 22 0 0 52 0 0 72 0 0 0 87 29 97 0 14 0 0 0 0 4 0 0 2 1 0 0 0 96 0 0 0 5 0 0 0 0 31 0 0 0 0 0 0 0 0 0 0 0 84
82 0 0 0 0 0 25 0 0 11 0 0 0 0 4 0 0 0 0 0 0 0 0 0 0 0 0 0 0 0 61 67 0 0 0 0 0 0 0 6 0 0 0 0 49 0 0 0 0 55 0 12 68 0 0 0 0 49 0 99 0 0 0 0 0 0 0 0 0 0 66 0 24 0 0 47 0 51 25 0 0 0 0 22 16 0 0 0 0 0 0 0 90 0 0 0 79 62 0 0
0 0 0 20 80 0 0 0 0 0 0 14 0 13 0 92 0 0 0 0 10 0 97 0 0 0 0 21 0 0 0 4 0 90 0 2 0 0 0 0 0 0 19 0 0 0 0 74 0 0 49 79 0 0 0 31 0 0 0 49 0 0 56 21 0 0 0 0 66 0 0 0 0 0 0 92 0 0 0 0 0 0 0 0 0 53 0 63 26 0 0 96 81 0 29 3 0 91 0 0
0 0 0 0 0 0 89 0 0 0 0 51 0 15 0 0 0 0 0 88 60 0 75 86 0 0 0 0 0 1 0 0 0 0 0 100 11 0 0 59 0 0 0 78 0 0 0 0 0 0 0 91 0 0 0 0 0 0 0 0 0 0 0 0 0 0 0 0 0 69 0 98 0 0 0 62 0 0 0 98 0 0 0 0 0 9 0 0 42 0 0 0 0 0 0 0 0 0 49 75
0 79 0 0 0 41 0 19 0 0 0 0 0 0 0 0 51 0 0 0 0 0 0 0 0 0 0 41 0 70 0 0 83 0 0 0 0 0 0 22 48 0 0 0 14 0 0 41 49 90 0 0 0 0 47 78 0 0 0 0 0 0 0 0 0 0 0 0 0 0 50 0 0 0 0 62 0 0 0 0 0 0 0 0 0 65 0 23 0 0 0 24 0 0 0 51 0 32 14 0
0 0 80 36 0 0 0 0 0 0 86 0 0 0 0 41 37 0 0 68 0 0 0 0 0 0 59 0 0 0 0 0 0 0 0 0 0 0 0 0 59 0 94 0 0 0 0 8 0 86 0 0 0 43 0 100 0 0 0 0 0 0 0 0 0 0 0 0 0 0 0 5 0 79 0 11 0 71 0 0 0 0 83 0 0 0 0 0 0 17 0 0 50 0 82 0 0 0 0 0
41 0 0 0 0 0 39 0 0 0 0 0 0 0 0 0 18 0 41 0 0 51 0 0 2 0 0 0 0 0 0 0 0 0 0 0 0 0 0 0 2 0 0 49 0 57 57 0 86 0 0 0 0 0 40 0 0 71 0 0 0 0 96 7 0 0 0 0 0 0 0 0 0 0 0 0 0 0 42 0 84 0 0 0 0 14 0 96 0 0 0 0 22 27 93 0 0 43 46 0
0 80 0 0 0 0 0 2 95 80 0 0 0 0 0 0 0 0 12 0 0 0 0 0 52 0 0 65 0 0 0 0 0 0 0 88 87 95 65 0 0 0 0 0 63 0 0 0 0 32 0 0 0 50 0 0 62 0 0 0 0 0 0 0 0 0 0 0 49 0 0 0 0 92 0 0 0 0 76 0 0 49 0 0 0 0 40 0 0 0 0 0 60 0 0 0 0 0 0 97
0 0 35 6 0 86 0 29 0 0 0 66 0 0 54 0 43 0 0 0 0 0 0 72 0 0 57 77 60 0 0 85 10 0 3 0 0 0 0 0 0 0 72 0 67 4 2 81 0 0 0 0 0 0 51 0 0 0 0 0 0 0 0 0 37 0 88 0 42 12 0 0 26 29 0 0 0 0 0 48 0 64 51 0 0 0 0 0 0 0 0 0 0 0 10 0 0 0 89 7
10 0 0 0 0 0 0 82 0 0 23 0 0 62 0 0 0 0 0 0 0 0 76 0 0 4 0 0 0 0 39 23 30 100 0 52 0 0 0 50 30 14 34 0 0 0 46 0 0 0 0 0 0 62 0 0 0 0 0 0 2 0 0 0 0 0 0 0 0 0 5 0 0 0 35 0 0 2 12 0 0 3 0 0 20 80 77 0 0 0 0 0 10 0 73 0 0 0 0 28
0 0 0 0 0 0 58 0 0 0 0 0 0 52 0 0 67 0 0 0 0 0 45 67 6 61 0 0 0 0 0 80 33 0 0 21 75 0 0 65 0 0 33 0 0 0 0 0 0 0 3 0 81 0 0 0 0 0 0 0 0 0 0 0 0 0 15 0 86 0 0 0 0 0 49 0 0 0 0 0 33 95 0 0 86 73 50 41 0 0 0 0 0 0 0 67 0 0 0 0
0 0 56 0 0 0 80 0 0 0 0 26 0 0 0 0 0 98 0 0 0 0 0 0 84 58 0 0 0 0 0 0 0 0 0 0 0 0 0 0 0 0 0 0 0 48 0 0 0 0 43 41 0 91 0 0 0 0 0 0 0 0 0 0 0 75 0 0 0 0 98 0 0 0 0 22 0 0 0 0 0 0 49 0 0 0 0 0 41 0 0 10 0 0 63 100 47 100 0 0
0 0 0 37 0 0 84 0 0 0 0 0 0 41 0 45 0 0 0 0 0 0 0 73 81 0 0 8 0 8 0 0 0 0 100 0 0 0 16 78 80 0 43 0 0 0 19 0 0 39 0 0 0 0 0 60 0 0 83 0 0 44 0 0 100 43 0 0 0 0 0 0 0 0 0 0 0 0 84 0 0 0 0 0 0 0 0 0 0 0 0 31 0 0 0 0 66 0 0 0
0 40 72 0 0 0 0 0 0 0 0 0 0 7 0 63 64 0 0 0 0 0 0 0 0 0 70 0 0 33 30 0 0 0 0 0 0 80 0 0 0 0 0 0 0 0 40 0 0 91 0 0 0 0 0 0 0 0 0 0 0 0 0 27 0 0 95 43 0 39 0 0 0 68 0 45 0 0 0 93 4 24 0 0 0 90 0 0 0 97 0 0 0 0 28 37 0 43 0 59
0 0 0 0 87 0 0 95 19 0 0 13 0 0 81 28 0 0 0 0 0 0 0 14 0 0 0 0 0 0 10 0 0 61 0 0 0 0 0 0 0 0 68 0 0 0 38 0 0 0 8 0 0 14 0 0 0 0 0 1 0 0 0 82 0 21 94 0 0 59 0 58 0 91 0 0 0 0 0 0 0 64 0 0 0 0 0 0 43 0 21 0 0 67 92 0 0 0 0 0
0 0 10 32 0 0 43 0 0 0 0 0 0 0 0 0 0 0 0 0 0 0 0 0 0 0 64 5 0 0 0 0 0 23 0 0 0 0 0 0 0 0 0 0 63 0 0 0 0 3 0 0 0 0 0 0 0 42 0 0 0 0 77 0 67 0 0 0 11 0 0 0 0 0 0 0 0 0 0 0 97 0 0 71 0 0 0 0 0 0 0 0 11 0 0 0 0 0 0 0
0 21 0 92 0 0 0 89 52 0 7 0 0 0 0 44 0 75 82 0 0 3 0 0 18 58 0 19 94 0 0 0 0 0 0 93 0 0 0 0 0 66 0 0 0 0 0 59 0 0 0 0 0 0 0 78 0 0 0 0 0 0 0 0 0 0 0 0 28 0 0 0 12 74 31 0 0 0 0 0 31 35 0 0 0 0 0 0 0 0 0 0 26 0 54 34 0 0 0 0
0 0 0 0 0 0 0 0 0 0 50 0 0 44 0 35 0 89 0 0 0 0 0 0 0 0 0 99 0 43 0 94 0 0 43 0 71 0 0 0 0 0 0 0 96 0 98 0 0 0 0 11 50 0 0 0 0 49 0 82 0 0 0 42 0 0 0 0 0 0 73 11 0 62 0 92 0 0 0 0 0 0 0 0 0 91 0 0 0 59 67 0 0 0 0 0 0 0 0 0
11 0 0 0 0 0 0 0 0 0 0 0 58 89 0 59 0 0 0 95 0 11 6 0 0 0 0 0 0 15 0 10 0 25 0 0 0 0 0 0 0 0 0 54 0 0 11 0 0 27 98 0 90 44 0 46 0 0 0 60 16 0 13 0 0 0 0 0 39 47 93 0 39 0 0 0 0 0 32 0 0 0 0 0 0 0 0 17 0 77 0 0 3 0 0 45 0 79 66 0
0 0 0 0 0 0 0 0 0 0 63 0 0 0 68 99 72 0 0 0 93 0 0 0 0 0 0 0 56 0 16 0 0 10 0 0 0 87 0 0 88 0 0 67 0 0 0 0 0 0 98 0 0 95 0 0 0 0 0 0 0 94 99 0 0 0 0 0 0 0 0 5 0 82 0 0 0 39 13 0 0 0 0 0 0 0 0 45 0 0 0 0 96 0 0 0 0 0 0 0
55 0 94 0 0 40 0 0 0 0 0 0 0 10 0 0 87 0 61 0 0 0 0 0 88 0 0 0 60 0 0 0 0 0 57 0 0 0 0 0 0 0 0 0 0 0 83 3 0 0 0 15 0 0 6 89 0 0 7 0 78 0 68 72 0 0 15 0 0 0 0 0 0 50 0 0 0 0 0 0 0 0 0 0 0 28 0 0 0 0 0 15 0 0 0 0 0 0 7 0
18 0 0 0 19 0 0 0 29 0 0 0 0 0 0 0 0 0 0 44 0 16 0 0 0 86 0 0 0 0 0 0 0 0 0 0 0 100 67 0 0 0 21 18 15 0 89 0 0 6 0 0 46 0 58 29 0 66 0 0 0 65 0 0 0 0 0 0 0 0 0 0 0 0 0 0 0 0 0 0 0 0 13 0 42 0 82 0 0 0 0 16 0 0 0 27 0 0 0 0
0 0 0 0 94 29 0 0 0 78 0 0 0 0 21 31 0 0 0 0 0 0 0 64 0 25 0 0 30 0 0 0 0 4 0 100 0 24 0 0 30 0 0 0 0 61 0 0 90 0 0 0 0 0 0 0 0 0 0 0 59 0 0 79 0 16 0 0 0 0 0 0 21 0 0 0 0 0 0 0 0 0 0 0 0 0 0 0 0 0 64 0 69 62 0 0 0 14 0 0
0 78 0 0 8 0 6 0 0 5 80 0 18 0 11 0 0 0 0 86 0 0 0 84 0 0 0 0 0 0 0 0 66 92 0 15 0 0 0 0 0 0 0 0 25 50 57 0 0 0 0 0 0 0 0 0 0 0 0 0 0 0 0 0 94 0 0 0 0 0 0 0 10 0 0 0 0 9 0 0 63 0 0 0 0 0 0 0 0 0 79 0 0 0 39 91 0 0 57 0
0 74 0 26 0 0 0 17 0 0 0 0 89 0 0 0 0 73 35 0 0 80 0 0 0 0 55 0 0 0 35 0 0 45 0 0 0 0 0 85 0 0 0 0 0 0 0 33 64 0 0 81 54 0 0 5 69 0 13 0 34 53 0 87 0 0 36 0 32 0 0 0 0 0 58 0 0 0 0 0 0 0 0 53 0 87 0 0 67 91 7 0 0 0 10 35 0 0 0 0
0 0 0 67 83 0 0 0 10 0 55 0 0 35 0 0 0 26 51 0 0 0 0 0 0 0 0 0 8 0 0 0 0 0 0 29 0 0 92 19 96 0 0 0 0 0 0 0 0 95 0 52 0 0 82 0 44 0 0 0 94 0 68 22 0 0 67 0 1 0 93 0 8 0 0 0 0 0 0 63 0 88 0 0 0 0 0 41 72 0 0 87 0 0 0 0 0 0 0 0
0 0 13 0 0 79 0 0 0 100 0 0 0 0 0 0 0 0 0 0 36 0 0 0 0 9 69 0 0 52 0 0 0 0 0 0 0 0 0 0 0 0 0 0 44 0 0 0 0 0 55 14 0 0 0 29 0 0 0 0 0 0 0 30 0 59 0 0 0 0 0 72 65 0 0 0 83 26 0 0 0 0 94 0 0 83 28 0 0 0 0 97 18 0 0 0 0 0 0 0
0 65 63 89 0 0 0 43 0 0 0 11 52 0 0 17 0 0 0 6 0 0 0 0 0 0 0 0 84 0 0 0 0 0 0 0 0 23 95 0 45 0 0 0 0 15 0 0 0 96 0 53 100 0 0 15 0 0 54 0 0 0 4 0 60 0 34 0 18 0 26 0 0 0 15 44 0 0 0 0 51 0 53 0 0 0 0 0 0 0 0 6 0 0 0 0 0 66 0 0
21 0 0 0 0 26 19 0 0 0 79 68 0 0 0 0 0 0 0 92 0 0 0 0 0 0 0 0 0 0 34 19 0 0 0 0 0 0 98 0 0 0 19 22 0 83 0 0 0 0 0 4 0 0 0 99 0 0 4 0 0 0 74 0 100 0 0 0 0 0 0 0 0 0 0 0 0 0 0 0 99 0 0 0 65 0 1 0 0 0 0 0 0 0 0 0 0 0 0 3
0 0 0 0 0 50 28 0 0 0 0 0 0 0 0 0 0 8 32 0 0 0 0 0 0 2 11 69 0 0 0 0 0 0 0 41 0 0 0 0 0 0 0 55 0 0 0 0 0 0 0 0 0 0 100 0 0 0 0 0 0 0 0 0 0 0 0 0 0 0 53 0 0 0 41 0 0 83 0 0 0 0 0 0 0 0 0 0 0 0 0 5 0 0 0 7 0 16 98 0
0 0 0 63 0 17 0 0 0 0 0 0 3 0 0 28 0 0 0 0 0 17 0 0 0 93 0 0 0 1 0 0 0 0 0 0 0 0 0 63 0 5 0 36 0 0 57 6 0 0 0 0 94 0 0 37 54 0 0 9 0 0 0 0 0 0 0 6 13 0 45 0 0 0 0 0 49 0 0 49 0 0 14 0 0 0 0 0 0 0 0 0 0 0 26 0 0 0 59 90
0 0 0 0 0 16 82 0 0 0 13 0 0 0 0 0 69 0 0 0 0 50 0 0 0 0 79 0 0 0 0 66 0 0 0 0 0 0 0 32 0 0 0 0 0 0 35 52 0 62 0 0 0 0 0 13 0 0 0 0 0 22 0 72 0 0 0 41 0 0 15 0 0 63 16 29 0 0 9 42 44 0 0 0 0 0 0 0 0 0 25 0 0 0 0 0 0 0 52 70
0 82 0 0 0 24 0 0 0 56 0 0 0 0 20 84 0 0 0 0 0 0 98 58 0 0 10 37 0 0 0 96 0 0 0 89 0 19 0 0 0 0 0 0 0 0 0 0 0 96 0 0 0 0 0 27 0 0 0 0 43 0 0 0 63 0 0 0 10 0 67 0 0 45 10 0 62 0 0 0 0 0 0 0 0 0 23 0 0 0 0 0 0 98 0 0 0 0 0 0
0 0 82 0 0 24 0 0 0 0 94 28 0 89 0 90 82 64 0 0 0 0 0 50 0 0 0 0 0 49 0 0 0 0 11 0 34 0 92 0 0 65 3 0 0 0 0 0 87 36 0 0 0 0 36 0 17 0 0 0 0 0 0 0 0 0 0 0 0 86 0 0 74 0 0 0 0 0 0 0 0 17 0 22 0 0 70 0 0 0 5 0 0 28 0 2 0 0 8 0
61 0 66 0 0 0 0 0 90 64 0 0 0 0 0 0 0 62 0 0 0 56 87 0 0 31 0 0 0 10 0 0 0 0 0 78 0 26 0 66 45 0 22 97 89 99 0 0 0 13 18 0 0 0 0 0 0 0 0 0 0 97 0 66 35 14 0 0 0 33 0 0 0 61 0 0 0 0 0 0 93 0 0 0 54 0 0 0 0 0 0 0 0 99 0 23 59 0 0 0
0 0 0 0 0 0 0 0 0 0 79 0 66 25 0 0 0 72 86 0 0 0 37 0 0 0 0 0 0 0 0 0 0 58 0 0 0 0 0 0 0 0 0 30 8 0 65 33 0 22 12 0 0 0 0 0 64 0 0 0 0 0 0 0 0 11 0 88 0 15 0 0 0 71 0 0 0 0 46 0 0 0 100 0 0 0 0 67 0 0 0 0 57 64 0 85 0 100 0 87
0 0 0 0 20 0 29 0 0 30 0 82 0 0 0 0 0 66 92 0 0 0 0 1 0 0 0 0 0 0 0 0 0 81 0 0 0 0 0 0 36 0 0 0 0 18 0 0 0 0 85 0 0 7 0 0 0 49 77 70 45 0 0 0 54 0 0 0 0 0 0 32 40 20 0 0 0 0 0 0 0 0 0 0 0 0 0 0 46 0 0 0 0 5 0 0 0 0 0 0
0 0 0 0 0 84 0 0 0 53 60 75 0 0 74 0 0 34 15 0 0 0 0 0 0 0 0 0 0 0 0 39 100 0 0 0 0 0 0 49 9 7 0 0 0 68 0 0 67 0 0 66 0 0 0 0 0 0 0 73 0 0 20 0 2 97 0 0 0 0 0 0 0 0 0 0 0 66 87 0 0 19 0 44 0 0 0 0 0 0 0 0 35 0 0 0 0 12 62 0
0 0 0 47 0 68 0 0 0 0 0 79 0 0 0 0 0 2 0 0 0 0 0 0 0 0 0 0 0 0 99 0 0 0 0 0 0 0 0 29 43 0 0 0 0 0 86 0 0 28 0 0 92 0 55 60 60 0 38 15 90 0 0 74 21 0 0 0 0 0 0 0 0 0 72 0 0 0 0 0 0 65 0 0 0 54 0 0 0 0 0 0 0 54 0 0 85 82 63 0
57 0 0 0 0 0 0 0 0 0 0 91 0 0 0 0 0 68 20 0 0 21 0 3 0 0 50 0 0 0 0 47 0 0 0 0 0 0 0 0 0 59 32 0 75 0 0 31 63 0 0 37 0 0 11 0 84 0 0 0 4 0 44 62 0 0 71 0 17 0 0 0 0 0 0 0 0 31 43 0 0 85 0 63 65 0 0 0 0 0 48 36 50 95 8 0 0 0 0 0
0 0 0 88 0 47 0 0 0 0 0 23 0 0 0 0 0 100 54 0 0 0 9 0 69 0 0 0 0 0 0 0 31 0 0 0 0 44 0 0 0 0 0 95 0 87 41 0 0 0 91 0 0 0 0 13 0 0 0 0 0 0 0 0 0 0 0 0 30 0 0 0 0 0 0 0 0 36 70 50 0 0 0 81 97 0 0 0 0 69 0 100 0 30 0 0 0 0 0 0
0 0 0 0 0 0 0 0 84 0 0 0 89 0 0 93 20 0 0 43 0 0 42 2 0 0 63 0 0 0 0 0 0 0 0 85 0 35 0 0 0 0 8 0 0 0 0 16 0 0 0 0 0 95 0 0 0 60 0 60 44 0 26 0 40 0 0 0 53 0 0 0 0 0 0 0 50 3 0 0 1 0 0 0 0 0 0 0 0 0 0 0 0 0 32 84 0 2 0 0
59 0 0 0 0 0 23 0 0 0 0 0 0 0 0 0 0 0 33 0 0 0 0 0 29 0 0 33 0 28 0 0 0 86 14 0 0 0 89 0 0 0 0 0 0 84 0 0 0 0 0 0 46 0 0 0 0 0 0 0 10 0 0 0 0 0 0 0 0 0 0 0 0 0 0 0 96 0 84 16 0 0 0 70 37 0 0 0 71 0 0 0 0 0 20 0 0 0 0 32
0 0 0 0 0 0 0 0 39 0 0 0 14 87 0 0 100 0 0 0 0 46 0 0 0 0 0 0 18 0 0 27 0 0 0 0 67 0 0 0 0 77 89 0 0 0 0 0 0 89 0 0 0 0 0 0 0 11 0 0 0 0 59 0 0 0 0 0 0 0 0 0 0 0 0 0 35 0 0 0 89 0 0 0 81 0 20 39 0 0 64 0 0 0 0 0 0 3 0 93
0 0 0 0 0 0 16 0 0 65 0 0 0 0 0 0 0 0 0 0 0 0 0 0 18 0 0 0 0 0 0 0 0 50 0 88 0 86 0 0 0 9 0 0 0 0 46 0 71 0 0 0 57 0 0 0 0 0 0 25 0 0 0 0 8 80 0 95 30 0 64 0 0 83 0 0 97 0 0 0 0 62 0 52 0 49 0 33 0 0 0 0 0 0 0 9 0 0 63 0
0 0 95 87 0 19 0 87 0 0 0 1 0 0 0 73 0 0 65 0 31 0 0 0 0 0 0 0 0 0 0 0 0 0 71 46 0 0 0 27 30 0 0 81 0 0 0 0 0 0 0 0 0 33 0 0 0 0 0 0 9 0 0 0 0 0 0 0 0 0 29 0 0 0 0 0 0 0 0 61 21 0 93 0 0 0 69 38 0 0 0 0 11 0 0 0 0 91 18 26
0 0 65 0 0 84 0 17 40 0 0 83 0 89 80 0 0 16 0 52 0 0 0 0 35 79 0 44 0 0 0 32 57 0 0 0 88 0 0 0 89 52 0 22 75 0 0 92 0 4 44 0 0 0 0 0 71 0 0 0 96 0 0 35 0 94 31 0 0 15 0 0 32 0 0 0 0 68 0 0 0 0 0 0 0 0 0 72 0 0 10 0 0 0 86 27 52 0 0 0
77 0 0 0 98 0 0 0 0 48 0 0 0 52 0 0 0 0 0 0 9 0 0 0 100 0 0 0 0 0 0 0 0 0 0 0 0 0 0 50 0 0 74 0 0 88 66 36 35 0 0 0 0 0 0 85 0 0 0 0 92 0 0 0 0 0 0 44 0 34 0 0 0 0 58 0 0 0 0 0 0 0 0 0 0 0 23 0 0 0 0 0 0 0 0 0 0 88 65 0
0 25 0 90 0 46 0 98 0 31 0 22 0 0 0 82 39 0 0 0 0 0 0 0 80 51 68 8 0 0 0 0 26 0 0 0 90 0 0 0 0 0 7 0 0 0 0 55 0 0 0 0 47 0 0 0 0 0 54 0 0 0 0 38 0 0 69 0 0 0 0 0 0 0 0 0 0 34 0 0 0 0 87 91 54 20 0 0 0 0 0 0 3 70 0 0 0 0 52 48
31 0 0 65 0 0 0 88 0 0 0 0 0 0 54 0 0 0 0 84 0 0 43 0 0 0 0 0 0 0 0 0 54 0 0 0 0 0 0 67 45 0 98 0 0 32 0 0 0 76 0 0 0 0 0 0 0 0 0 0 67 0 0 0 0 0 27 28 0 0 28 0 0 45 0 0 0 0 0 0 1 0 0 0 0 0 0 0 0 0 53 65 18 0 74 0 0 0 0 0
0 26 0 0 0 0 0 0 0 88 0 0 0 0 45 0 0 51 0 0 0 26 0 51 0 0 8 0 0 0 0 12 0 0 0 53 0 0 0 0 63 0 37 0 0 0 0 0 0 0 0 89 75 3 0 0 52 0 40 0 99 0 0 0 61 0 0 0 0 0 0 0 0 0 5 0 0 9 0 0 0 7 0 0 77 0 0 0 30 0 0 0 0 78 0 0 0 27 68 0
0 0 0 0 0 0 0 0 28 79 0 0 0 0 26 0 0 62 0 0 0 0 28 0 20 0 0 0 0 0 0 0 0 34 0 0 86 0 0 0 99 0 81 0 0 0 10 0 38 43 0 15 44 0 0 0 22 88 0 0 0 0 0 0 0 0 96 0 97 0 0 0 0 0 0 0 0 0 0 0 20 0 0 0 94 0 73 38 0 39 24 47 0 0 94 0 0 0 0 0
0 0 0 0 0 0 0 0 0 0 0 0 0 0 0 0 0 0 0 0 0 0 0 0 59 91 98 0 0 64 0 0 45 58 0 0 0 31 0 0 0 0 63 0 0 0 0 57 90 0 0 0 67 0 0 0 73 0 0 0 0 42 0 0 0 54 0 0 87 44 67 0 0 0 0 0 0 0 0 0 0 0 0 0 0 51 0 42 0 51 0 0 92 57 17 0 0 0 0 0
0 0 0 0 0 0 0 0 41 0 0 0 0 0 0 76 0 0 0 0 0 0 68 0 0 0 0 0 0 0 0 0 0 26 0 0 0 61 0 0 0 13 0 0 0 0 0 0 0 0 0 78 15 0 0 0 0 0 0 0 0 0 0 0 0 0 0 0 88 94 0 0 0 0 1 5 52 0 0 0 0 50 0 0 2 9 0 0 0 0 0 0 0 0 0 0 0 84 85 0
44 58 93 0 0 0 0 45 0 0 0 59 0 0 5 0 0 29 0 0 0 0 0 0 0 0 0 0 0 38 0 0 0 0 0 12 0 0 0 15 0 89 0 0 0 0 0 0 71 0 95 0 0 0 37 0 0 0 0 0 14 0 0 0 0 0 0 0 0 0 0 0 0 0 0 93 0 0 0 85 0 60 0 0 0 0 0 32 49 46 0 0 0 0 0 65 0 0 0 87
0 0 95 0 24 0 0 0 70 0 0 0 0 0 0 0 0 0 0 26 0 2 0 0 0 49 52 42 0 0 97 0 56 0 0 0 0 0 27 0 0 0 0 0 0 0 0 0 0 0 83 0 0 91 0 0 0 0 0 10 0 0 0 0 0 0 0 64 0 0 0 0 0 0 0 0 82 0 65 0 0 0 76 0 0 25 26 43 0 0 34 51 0 37 0 0 0 0 95 0
0 0 3 0 96 0 0 0 0 0 0 0 46 0 0 0 54 0 48 0 0 0 17 96 0 0 69 0 0 0 0 19 0 0 0 0 0 0 0 21 0 0 93 0 0 0 0 0 48 0 0 0 0 0 0 0 70 0 0 11 0 11 0 0 0 0 0 87 0 0 0 0 57 0 0 0 0 0 0 0 0 0 0 0 0 98 0 0 76 89 51 0 0 0 0 51 0 33 0 0
0 0 0 54 11 0 86 0 28 0 0 0 0 0 0 0 0 90 0 0 0 0 0 0 0 0 0 50 0 0 0 0 0 49 33 87 53 0 89 0 76 0 32 2 0 0 3 0 0 0 35 0 0 0 0 0 66 0 0 96 0 0 0 0 0 0 0 0 0 0 0 50 0 91 0 0 0 4 39 0 0 69 0 0 49 0 0 67 0 0 3 0 0 0 0 0 0 0 80 0
0 0 0 0 0 0 77 0 0 54 0 71 0 0 0 0 0 10 0 0 0 0 0 76 0 0 0 0 0 0 0 0 0 0 19 0 0 84 40 0 0 0 0 0 0 59 0 0 0 96 0 2 0 50 0 0 64 0 0 0 34 0 0 15 4 0 8 0 59 93 89 0 0 0 0 0 0 0 0 0 32 51 0 98 0 0 84 0 100 0 0 2 85 0 37 0 0 91 0 0
0 0 0 0 92 58 0 98 0 0 0 7 0 0 0 92 0 0 40 0 0 0 0 0 43 0 0 58 0 86 0 18 0 0 0 0 0 0 0 0 0 0 0 0 0 0 13 10 0 0 0 0 0 9 96 43 0 0 0 0 0 0 0 0 34 65 0 0 0 0 0 0 0 0 89 0 0 17 0 0 0 0 0 0 0 97 0 0 52 23 54 0 0 0 0 0 34 0 0 82
0 0 0 0 0 0 91 0 0 0 0 0 0 0 0 0 0 0 0 0 0 73 90 0 0 0 0 0 17 0 0 7 0 62 0 0 0 0 0 0 0 87 0 0 0 0 47 4 0 0 0 0 0 0 0 46 0 0 65 0 0 0 0 0 0 0 0 0 0 0 0 73 0 17 0 0 0 0 0 30 0 88 0 0 0 0 0 0 0 0 0 0 6 0 0 0 0 0 0 0
0 0 0 0 0 49 0 0 8 0 0 0 60 0 0 0 0 0 0 0 12 0 0 0 0 0 0 0 0 0 0 0 0 0 0 44 0 0 50 0 67 98 0 0 0 0 0 0 0 28 0 0 0 0 0 0 0 98 0 10 0 0 37 88 0 0 0 22 0 0 0 0 0 0 0 0 0 0 0 0 0 0 21 26 0 0 0 0 0 56 0 0 0 0 0 0 0 0 0 0
0 81 0 48 92 96 64 0 0 14 100 0 0 0 0 0 43 86 0 8 74 28 0 0 0 2 0 0 34 0 0 34 0 26 0 0 10 12 0 0 0 0 0 63 0 49 88 0 86 48 0 0 92 0 0 0 0 90 0 0 73 0 0 0 0 22 0 0 0 0 0 0 47 95 0 32 0 0 100 0 0 0 0 0 0 2 0 0 0 0 0 68 0 0 0 0 99 93 0 0
0 0 0 0 0 0 47 0 0 40 0 0 0 0 0 0 92 94 0 0 52 93 84 0 0 0 0 27 31 51 0 100 0 63 0 0 0 0 73 21 0 0 0 0 0 0 0 26 0 0 26 0 0 84 0 0 10 84 0 0 0 0 9 0 0 0 0 0 1 49 0 0 0 0 45 0 0 0 88 80 58 0 0 53 0 0 0 0 0 0 68 94 0 0 0 45 0 0 57 0
0 1 0 0 0 0 0 0 34 0 12 0 89 0 0 0 0 0 0 30 0 0 0 0 39 43 76 0 0 0 0 71 34 0 6 92 0 80 0 0 64 0 0 0 0 0 67 84 0 0 0 0 0 0 13 0 0 0 0 0 0 0 0 0 76 0 0 0 75 0 0 0 0 72 30 0 0 0 53 0 0 0 0 23 0 0 0 0 0 0 0 0 91 0 0 0 0 17 21 0
0 0 0 0 0 0 8 0 0 0 99 0 0 97 0 0 0 0 0 0 36 0 0 37 35 0 0 51 0 0 0 10 76 0 0 51 45 13 0 53 0 6 12 0 0 0 88 0 0 0 0 5 0 0 0 66 0 53 42 0 0 0 0 0 0 0 13 0 57 0 0 0 0 38 0 0 0 0 0 0 0 86 64 0 0 24 0 0 0 0 0 56 0 0 0 0 0 0 0 0
0 0 88 61 0 27 0 0 0 40 0 0 0 0 16 0 0 0 0 0 80 0 0 0 0 0 0 0 0 0 0 0 33 0 0 61 12 13 0 0 0 0 7 0 0 0 0 0 0 0 0 12 0 0 51 0 0 2 87 0 0 0 0 0 0 0 0 94 0 0 0 0 0 0 0 0 0 0 8 0 0 0 19 0 0 33 0 0 0 42 0 92 0 41 0 0 0 0 8 57
0 0 0 0 0 63 0 0 0 0 0 15 0 0 0 0 0 0 95 0 0 0 36 0 0 0 0 0 0 0 18 17 0 0 74 0 0 0 25 0 54 0 0 0 0 0 6 0 0 0 0 0 0 0 63 8 0 0 4 77 0 43 0 0 0 70 0 0 0 0 0 0 0 0 0 0 0 26 74 0 0 0 0 0 39 0 72 0 0 0 0 0 0 6 0 18 100 0 50 0
85 0 98 56 47 13 0 0 0 0 0 0 0 46 0 0 0 0 59 0 0 0 0 8 0 0 0 80 0 0 0 0 0 0 0 43 35 0 5 0 0 0 0 14 14 0 51 3 3 0 0 0 0 100 91 12 15 0 0 57 0 0 0 0 0 20 22 93 0 23 0 0 0 0 51 0 0 0 0 0 0 0 0 0 0 0 24 0 0 92 89 0 0 0 0 0 0 0 0 0
73 0 0 0 0 0 0 0 0 39 42 16 0 0 0 33 0 0 14 8 51 90 0 0 0 0 0 0 81 4 0 0 0 63 0 84 0 73 0 0 0 0 0 0 96 21 0 0 0 78 0 35 0 0 0 15 0 0 37 0 0 0 0 0 72 39 0 0 76 48 0 40 0 0 0 0 0 0 0 0 0 0 0 0 0 0 0 0 0 0 56 0 2 1 0 0 0 83 77 0
64 0 94 0 0 44 28 0 0 0 0 0 0 0 3 32 89 66 0 0 0 0 0 0 92 59 16 0 0 100 0 0 0 0 0 0 0 0 0 0 0 0 0 0 0 72 52 73 55 0 0 0 0 40 0 0 78 71 63 2 0 0 0 0 0 0 0 0 0 0 0 0 0 0 0 70 0 0 0 0 0 0 3 0 0 0 0 0 0 74 22 61 0 0 32 0 66 0 0 0
0 0 0 0 0 0 43 0 0 0 0 0 0 0 0 87 0 0 0 81 96 0 0 0 0 5 0 0 0 0 0 0 0 0 91 90 15 0 0 0 19 85 31 0 0 0 0 0 0 0 0 34 4 0 0 94 0 4 35 0 3 0 0 0 0 0 0 0 0 0 0 81 89 62 0 0 0 0 0 0 0 83 0 0 63 0 23 0 0 0 0 0 85 84 0 0 0 0 0 0
0 0 0 0 0 0 0 0 71 0 37 64 0 0 0 0 0 87 0 67 64 0 76 4 0 0 8 0 8 55 85 0 0 0 0 0 0 0 0 43 23 0 0 37 95 0 0 0 0 0 0 23 65 0 0 0 0 0 0 0 0 30 0 0 0 0 56 0 0 0 0 0 0 0 0 0 0 23 0 0 0 47 28 0 0 0 31 0 0 0 70 84 0 0 0 0 0 17 24 0
0 0 0 0 0 0 0 52 52 56 40 0 0 35 0 0 9 0 0 46 75 0 0 0 0 0 0 0 0 13 0 9 0 83 0 0 0 0 0 0 0 0 99 0 0 0 0 0 0 0 0 0 39 0 0 0 0 0 0 0 0 0 0 0 0 0 0 0 0 0 0 0 29 0 0 0 0 49 76 27 0 0 44 0 45 79 0 0 1 0 0 27 0 0 0 26 13 0 0 0
0 0 0 0 0 0 0 3 0 0 21 0 0 90 0 0 0 0 0 0 0 0 0 0 48 0 0 0 0 0 0 58 77 49 0 0 0 0 0 0 0 0 0 0 0 92 0 98 0 0 80 0 43 23 0 0 58 0 0 0 83 84 0 0 0 0 0 0 96 0 0 0 41 0 53 6 0 0 0 30 20 0 0 0 0 0 0 4 0 0 92 0 0 0 3 42 0 25 0 0
0 0 0 0 62 0 0 36 0 0 0 87 0 0 0 0 0 26 0 0 0 0 0 0 0 0 0 2 87 0 49 0 0 0 73 0 26 0 0 14 0 0 0 16 0 0 0 64 0 0 0 69 0 0 0 0 38 32 0 0 0 0 0 68 0 0 0 0 0 8 8 0 0 0 3 64 0 0 0 18 0 0 0 0 0 0 0 0 0 41 0 36 0 0 0 0 0 0 0 0
0 0 0 0 0 0 0 79 0 0 0 0 0 0 0 0 37 0 0 46 0 0 0 0 23 0 0 0 81 87 67 0 0 0 79 40 0 0 0 0 0 0 0 0 0 0 0 0 0 0 0 0 0 0 29 0 0 0 0 0 0 65 0 0 0 0 0 0 0 0 0 0 0 0 0 0 15 0 19 0 0 30 44 0 0 0 0 0 0 0 0 81 0 0 0 0 0 85 5 0
0 0 0 0 0 0 0 0 0 0 0 0 14 0 0 0 0 0 0 0 0 21 0 0 0 0 0 17 0 98 27 25 78 0 0 0 0 0 0 0 0 0 24 0 0 0 99 0 70 46 33 0 0 0 0 44 0 0 85 80 0 0 55 0 0 30 0 0 0 0 0 0 0 0 0 0 0 0 0 0 0 0 3 0 0 0 0 0 0 0 0 0 0 0 0 0 0 0 0 0
0 0 100 0 0 0 87 18 0 0 0 0 0 33 47 0 0 85 44 0 0 66 0 0 0 54 0 0 0 0 0 0 100 0 0 0 0 0 72 0 0 0 0 99 0 0 78 46 0 0 27 0 0 0 0 0 54 100 0 76 0 0 73 0 0 0 0 0 0 0 0 0 0 29 0 0 23 0 0 43 0 22 93 0 0 0 0 0 0 12 0 90 68 0 0 0 0 0 0 53
57 0 21 0 0 62 0 0 0 0 74 0 0 0 0 0 0 0 0 0 58 59 83 0 0 15 0 0 0 0 0 71 0 0 0 0 0 53 0 3 17 0 0 0 0 0 0 0 0 0 0 79 0 0 0 0 25 0 0 53 36 72 0 0 0 45 0 68 0 0 0 41 0 0 0 46 0 0 0 60 86 0 0 0 0 81 0 0 0 66 0 0 83 0 24 0 73 0 0 0
0 82 0 31 0 0 0 0 12 0 0 0 0 0 0 81 0 11 0 82 0 76 0 0 0 0 0 0 0 0 0 0 0 0 0 0 45 0 0 0 0 76 0 0 9 0 0 0 0 39 0 0 0 0 98 0 28 24 0 0 47 0 0 20 0 0 0 0 0 0 0 76 0 0 0 0 0 0 0 0 0 0 0 0 86 21 0 0 0 0 0 0 0 0 0 0 0 58 0 0
0 0 0 47 0 94 0 63 0 0 0 0 0 0 0 0 0 0 86 0 26 0 0 0 47 0 26 0 0 0 0 0 0 0 0 0 0 0 52 0 84 0 0 49 0 0 0 0 11 10 0 0 0 0 0 0 0 0 0 52 0 0 12 0 70 65 0 0 0 0 0 0 69 0 0 0 0 0 0 0 0 0 0 89 58 97 15 0 0 0 27 0 20 0 0 0 0 0 0 54
0 0 0 0 2 0 0 0 29 98 8 0 74 8 23 0 0 0 91 70 0 38 0 33 0 0 32 62 0 50 88 43 0 0 6 0 0 0 72 43 0 0 0 0 0 0 0 0 41 85 0 0 0 95 0 0 0 0 0 0 0 0 100 0 0 32 100 0 99 0 51 0 0 0 0 0 0 0 72 0 0 0 0 0 0 0 69 0 0 0 0 0 0 0 0 0 0 24 0 0
0 0 0 0 0 91 92 0 33 0 73 0 12 0 0 0 43 0 0 0 12 0 45 0 41 85 0 0 0 0 0 0 0 17 0 0 0 0 0 0 0 16 52 0 0 0 0 0 0 75 54 0 45 0 13 26 0 0 0 0 64 0 0 0 0 78 0 0 0 75 0 0 0 0 0 72 0 0 86 0 73 0 44 0 0 0 0 0 2 0 0 13 0 0 0 0 97 0 0 0
0 0 0 29 49 76 0 0 0 0 0 0 70 60 0 0 20 0 0 0 0 0 0 0 0 58 0 20 4 0 0 0 0 0 45 80 8 0 0 0 0 0 0 0 0 0 0 0 0 0 17 0 51 0 67 0 0 0 0 0 0 95 0 0 0 0 0 97 0 23 0 0 53 0 0 0 1 0 0 0 0 0 0 0 0 0 32 32 82 0 0 0 0 0 0 0 11 0 0 58
31 0 0 0 0 0 66 0 0 23 30 93 0 33 0 0 0 93 0 0 0 95 0 0 0 0 0 44 0 69 0 0 0 0 0 0 0 0 0 0 24 0 0 0 91 6 0 0 0 32 85 14 0 0 18 0 0 0 74 0 0 0 0 0 0 0 40 0 98 0 0 0 0 0 0 0 0 0 66 0 0 0 5 78 1 85 0 85 0 0 0 0 0 0 0 91 0 0 93 95
0 0 0 97 0 0 34 64 0 0 0 3 0 39 0 0 69 0 0 15 0 0 42 0 98 0 0 9 25 88 0 0 0 0 0 33 0 0 0 0 0 0 0 35 0 0 0 0 0 0 29 0 0 87 0 35 0 85 0 10 0 0 0 0 0 0 0 0 83 0 0 0 0 0 0 0 66 0 0 80 56 0 0 0 91 27 0 0 0 0 59 0 0 0 5 0 0 0 0 0
0 0 0 0 5 73 0 0 0 62 0 0 79 0 86 0 90 0 0 0 0 0 78 18 0 0 61 0 0 0 0 0 0 0 91 0 0 49 89 0 66 0 0 0 0 0 0 57 0 0 28 0 0 0 93 18 32 0 0 69 94 0 0 0 0 0 0 0 0 0 75 0 0 0 0 0 0 0 0 0 0 0 0 8 58 0 9 0 0 0 0 0 0 0 0 0 0 0 89 0
0 23 0 0 0 18 0 0 85 0 0 92 0 0 5 0 0 93 0 0 0 0 0 0 0 49 0 0 32 0 0 0 0 0 0 0 31 0 0 0 0 54 0 0 0 0 60 0 0 0 0 55 0 0 0 0 34 0 0 0 0 69 0 0 0 0 0 0 0 0 94 0 16 0 94 0 0 0 0 0 0 0 0 0 98 0 0 0 0 0 0 0 0 0 56 0 91 0 0 0
0 0 0 0 0 82 0 0 0 0 67 0 0 92 0 0 0 0 0 0 0 0 0 100 0 0 0 41 0 0 0 0 0 0 0 0 0 63 0 0 0 0 67 0 0 0 0 93 0 0 0 0 0 0 0 0 0 0 0 74 0 24 0 0 0 0 0 0 0 0 26 0 0 0 0 88 43 0 0 0 76 0 0 58 0 0 0 0 0 0 0 0 0 0 0 0 0 0 0 0
0 0 0 0 59 0 12 0 0 0 35 60 0 0 0 0 0 0 0 0 0 4 0 0 97 0 0 0 0 0 0 0 71 0 60 25 0 83 80 50 4 0 3 55 0 0 0 48 0 0 83 0 0 0 2 4 0 0 0 73 0 0 86 0 0 0 0 0 0 0 22 0 0 0 0 0 96 0 0 0 0 71 0 0 0 0 0 0 0 80 37 73 0 0 87 0 0 0 0 0
34 62 0 0 0 0 30 0 0 0 0 0 42 0 0 0 0 0 0 96 0 72 0 0 0 0 0 0 0 0 0 24 20 0 0 0 0 0 0 0 0 54 0 0 0 76 0 0 0 85 0 0 0 0 0 0 33 0 0 11 0 0 0 0 0 0 0 0 39 0 31 19 0 15 7 88 0 0 0 0 0 0 0 0 0 0 7 0 0 0 0 4 0 0 0 0 0 0 0 100
0 0 0 0 0 0 56 0 0 97 0 0 0 0 0 0 0 0 0 56 0 100 0 3 0 0 0 0 48 24 22 69 0 88 91 0 0 0 0 0 0 0 41 40 0 0 0 94 0 0 0 27 19 0 62 5 0 0 0 0 3 63 0 0 9 0 0 89 0 0 67 13 23 75 26 57 0 49 0 0 14 1 0 0 0 0 0 0 61 0 0 0 0 0 0 0 2 0 0 0
0 0 0 0 0 0 0 67 0 0 0 0 72 50 34 0 69 0 21 0 36 0 0 0 0 83 41 0 55 0 0 0 0 0 0 0 0 0 0 0 0 96 0 0 0 0 29 0 42 0 0 0 15 0 0 72 0 97 0 0 0 0 0 0 0 0 0 0 28 76 0 52 0 0 0 0 0 0 0 0 98 0 0 39 76 0 0 0 100 0 0 0 0 0 0 0 0 0 0 0
0 0 0 0 84 0 23 0 0 0 34 0 59 0 78 0 0 0 51 35 0 0 0 87 0 16 0 0 0 39 0 0 84 0 67 0 0 98 86 88 0 49 0 0 0 0 85 0 0 74 63 93 0 36 0 0 0 73 18 0 0 0 0 0 0 0 0 30 0 79 0 74 0 0 56 0 0 77 0 0 0 95 0 0 0 82 0 0 0 0 0 0 0 91 0 91 0 0 0 0
0 0 0 48 0 0 0 20 0 0 0 0 0 0 0 0 0 12 0 0 0 0 0 27 0 0 0 0 10 0 90 25 0 0 0 0 0 0 0 4 0 0 0 0 89 0 92 33 18 6 0 0 0 0 0 56 89 0 0 0 0 88 0 0 0 0 0 0 0 9 0 0 0 0 85 0 0 87 34 91 0 0 0 0 0 0 53 0 0 0 0 0 0 0 7 0 0 0 0 0
0 0 0 0 0 0 9 0 0 0 0 0 0 0 0 0 90 33 54 0 0 0 0 0 0 0 0 0 0 0 0 0 1 0 0 0 30 0 0 6 34 0 95 4 67 77 0 0 0 0 0 96 0 0 0 0 26 0 0 0 0 0 0 0 0 0 0 0 0 0 82 0 0 0 0 77 0 0 0 95 79 31 0 0 0 0 0 36 0 0 97 0 0 0 0 0 0 0 0 0
0 0 0 63 0 0 59 0 0 0 0 24 0 0 27 0 0 73 0 0 0 0 0 0 91 0 0 0 0 0 0 0 0 79 0 0 0 0 0 0 0 0 0 0 0 0 0 0 0 77 0 96 0 0 0 71 9 15 90 41 0 57 0 0 0 0 0 0 0 0 0 0 60 98 27 0 0 0 0 74 0 0 0 92 0 83 0 0 0 20 0 0 0 0 19 0 0 0 87 0
0 0 0 0 0 0 0 0 0 0 0 0 0 0 0 42 0 11 0 0 0 0 0 25 0 0 0 0 0 0 0 83 0 69 0 0 0 0 0 0 0 0 0 11 96 0 0 0 0 0 0 2 98 0 89 62 0 0 0 0 0 0 0 0 0 24 0 0 0 0 0 0 49 0 0 0 70 53 0 62 0 0 0 100 0 0 0 50 0 0 0 0 0 67 72 67 0 0 77 11
0 0 0 0 0 0 0 0 0 0 61 0 27 0 0 60 15 0 10 0 0 0 62 0 48 0 0 0 0 0 0 49 0 0 100 0 0 15 0 0 0 6 6 0 0 0 17 0 0 0 0 0 0 4 0 61 0 0 0 96 0 0 0 59 0 0 0 22 0 0 0 0 0 7 0 26 0 0 0 0 0 0 0 0 0 0 0 19 0 0 0 0 52 37 0 0 0 0 0 0
0 0 0 27 0 0 0 0 20 59 0 0 85 0 99 0 0 0 80 22 0 0 0 0 0 0 0 0 0 0 67 0 0 0 0 0 0 0 0 5 0 0 0 0 0 0 0 0 0 59 50 78 0 0 7 0 0 80 0 0 0 93 98 38 0 57 0 0 0 0 55 0 0 10 80 0 0 0 24 0 0 0 75 0 0 0 0 11 0 0 0 0 0 0 0 0 0 0 0 85
50 0 0 0 0 0 48 0 0 73 0 0 0 0 81 0 0 0 0 0 0 0 0 0 0 0 0 0 0 0 5 65 0 0 0 0 0 0 0 88 0 0 0 0 47 0 0 0 0 5 0 80 4 0 0 0 0 7 0 77 0 0 0 0 0 0 0 0 0 0 41 0 11 0 0 85 0 88 53 0 0 0 0 94 45 0 0 0 0 0 0 0 51 0 0 0 38 94 0 0
0 0 0 71 97 0 0 0 0 0 0 35 0 7 0 63 0 0 0 0 86 0 50 0 0 0 0 16 0 0 0 20 0 63 0 14 0 0 0 0 0 0 7 0 0 0 0 25 0 0 88 83 0 0 0 42 0 0 0 24 0 0 16 95 0 0 0 0 13 0 0 0 0 0 0 55 0 0 0 0 0 0 0 0 0 49 0 61 4 0 0 72 16 0 79 58 0 89 0 0
0 0 0 0 0 0 84 0 0 0 0 92 0 33 0 0 0 0 0 33 52 0 9 39 0 0 0 0 0 37 0 0 0 0 0 58 21 0 0 24 0 0 0 1 0 0 0 0 0 0 0 3 0 0 0 0 0 0 0 0 0 0 0 0 0 0 0 0 0 17 0 88 0 0 0 100 0 0 0 100 0 0 0 0 0 65 0 0 71 0 0 0 0 0 0 0 0 0 96 37
0 4 0 0 0 42 0 86 0 0 0 0 0 0 0 0 83 0 0 0 0 0 0 0 0 0 0 52 0 57 0 0 44 0 0 0 0 0 0 2 31 0 0 0 26 0 0 79 28 43 0 0 0 0 64 79 0 0 0 0 0 0 0 0 0 0 0 0 0 0 58 0 0 0 0 25 0 0 0 0 0 0 0 0 0 42 0 85 0 0 0 44 0 0 0 68 0 67 26 0
0 0 14 64 0 0 0 0 0 0 94 0 0 0 0 59 90 0 0 37 0 0 0 0 0 0 2 0 0 0 0 0 0 0 0 0 0 0 0 0 38 0 83 0 0 0 0 81 0 58 0 0 0 77 0 65 0 0 0 0 0 0 0 0 0 0 0 0 0 0 0 81 0 4 0 100 0 73 0 0 0 0 68 0 0 0 0 0 0 43 0 0 84 0 19 0 0 0 0 0
94 0 0 0 0 0 27 0 0 0 0 0 0 0 0 0 54 0 59 0 0 35 0 0 24 0 0 0 0 0 0 0 0 0 0 0 0 0 0 0 26 0 0 15 0 34 46 0 43 0 0 0 0 0 13 0 0 67 0 0 0 0 75 34 0 0 0 0 0 0 0 0 0 0 0 0 0 0 49 0 77 0 0 0 0 32 0 95 0 0 0 0 27 51 9 0 0 51 63 0
0 97 0 0 0 0 0 81 42 5 0 0 0 0 0 0 0 0 4 0 0 0 0 0 26 0 0 42 0 0 0 0 0 0 0 30 25 77 74 0 0 0 0 0 86 0 0 0 0 3 0 0 0 45 0 0 38 0 0 0 0 0 0 0 0 0 0 0 73 0 0 0 0 25 0 0 0 0 33 0 0 67 0 0 0 0 4 0 0 0 0 0 30 0 0 0 0 0 0 4
0 0 88 8 0 81 0 67 0 0 0 6 0 0 81 0 60 0 0 0 0 0 0 79 0 0 41 14 80 0 0 14 55 0 51 0 0 0 0 0 0 0 55 0 43 8 63 29 0 0 0 0 0 0 93 0 0 0 0 0 0 0 0 0 25 0 79 0 65 93 0 0 62 46 0 0 0 0 0 26 0 79 57 0 0 0 0 0 0 0 0 0 0 0 64 0 0 0 87 1
61 0 0 0 0 0 0 56 0 0 91 0 0 62 0 0 0 0 0 0 0 0 20 0 0 17 0 0 0 0 97 21 57 61 0 56 0 0 0 6 69 72 82 0 0 0 40 0 0 0 0 0 0 41 0 0 0 0 0 0 19 0 0 0 0 0 0 0 0 0 60 0 0 0 96 0 0 40 46 0 0 53 0 0 41 100 55 0 0 0 0 0 87 0 22 0 0 0 0 46
0 0 0 0 0 0 17 0 0 0 0 0 0 85 0 0 28 0 0 0 0 0 2 97 65 92 0 0 0 0 0 97 29 0 0 21 68 0 0 84 0 0 1 0 0 0 0 0 0 0 57 0 69 0 0 0 0 0 0 0 0 0 0 0 0 0 98 0 9 0 0 0 0 0 20 0 0 0 0 0 60 30 0 0 46 6 94 27 0 0 0 0 0 0 0 22 0 0 0 0
0 0 48 0 0 0 46 0 0 0 0 51 0 0 0 0 0 65 0 0 0 0 0 0 62 86 0 0 0 0 0 0 0 0 0 0 0 0 0 0 0 0 0 0 0 71 0 0 0 0 80 45 0 20 0 0 0 0 0 0 0 0 0 0 0 100 0 0 0 0 29 0 0 0 0 15 0 0 0 0 0 0 36 0 0 0 0 0 57 0 0 2 0 0 73 56 44 62 0 0
0 0 0 6 0 0 90 0 0 0 0 0 0 45 0 73 0 0 0 0 0 0 0 1 57 0 0 88 0 49 0 0 0 0 74 0 0 0 33 96 96 0 84 0 0 0 73 0 0 6 0 0 0 0 0 14 0 0 16 0 0 80 0 0 91 19 0 0 0 0 0 0 0 0 0 0 0 0 49 0 0 0 0 0 0 0 0 0 0 0 0 52 0 0 0 0 57 0 0 0
0 33 86 0 0 0 0 0 0 0 0 0 0 59 0 86 34 0 0 0 0 0 0 0 0 0 56 0 0 7 82 0 0 0 0 0 0 33 0 0 0 0 0 0 0 0 30 0 0 32 0 0 0 0 0 0 0 0 0 0 0 0 0 5 0 0 73 79 0 7 0 0 0 60 0 63 0 0 0 36 53 94 0 0 0 16 0 0 0 53 0 0 0 0 27 8 0 24 0 42
0 0 0 0 90 0 0 27 32 0 0 42 0 0 87 60 0 0 0 0 0 0 0 82 0 0 0 0 0 0 50 0 0 72 0 0 0 0 0 0 0 0 95 0 0 0 55 0 0 0 58 0 0 99 0 0 0 0 0 15 0 0 0 80 0 68 68 0 0 20 0 5 0 73 0 0 0 0 0 0 0 28 0 0 0 0 0 0 12 0 56 0 0 84 61 0 0 0 0 0
0 0 82 78 0 0 92 0 0 0 0 0 0 0 0 0 0 0 0 0 0 0 0 0 0 0 5 32 0 0 0 0 0 31 0 0 0 0 0 0 0 0 0 0 61 0 0 0 0 10 0 0 0 0 0 0 0 69 0 0 0 0 62 0 16 0 0 0 50 0 0 0 0 0 0 0 0 0 0 0 68 0 0 59 0 0 0 0 0 0 0 0 94 0 0 0 0 0 0 0
0 68 0 77 0 0 0 6 70 0 43 0 0 0 0 59 0 76 64 0 0 61 0 0 42 41 0 60 88 0 0 0 0 0 0 79 0 0 0 0 0 2 0 0 0 0 0 99 0 0 0 0 0 0 0 72 0 0 0 0 0 0 0 0 0 0 0 0 28 0 0 0 24 86 83 0 0 0 0 0 75 40 0 0 0 0 0 0 0 0 0 0 93 0 21 6 0 0 0 0
0 0 0 0 0 0 0 0 0 0 31 0 0 61 0 42 0 52 0 0 0 0 0 0 0 0 0 51 0 16 0 5 0 0 76 0 78 0 0 0 0 0 0 0 83 0 13 0 0 0 0 73 37 0 0 0 0 57 0 78 0 0 0 63 0 0 0 0 0 0 34 60 0 64 0 85 0 0 0 0 0 0 0 0 0 98 0 0 0 82 13 0 0 0 0 0 0 0 0 0
70 0 0 0 0 0 0 0 0 0 0 0 83 89 0 95 0 0 0 95 0 77 69 0 0 0 0 0 0 21 0 20 0 83 0 0 0 0 0 0 0 0 0 29 0 0 19 0 0 13 83 0 83 56 0 97 0 0 0 8 28 0 25 0 0 0 0 0 93 77 71 0 78 0 0 0 0 0 77 0 0 0 0 0 0 0 0 2 0 98 0 0 81 0 0 32 0 16 60 0
0 0 0 0 0 0 0 0 0 0 54 0 0 0 6 28 34 0 0 0 24 0 0 0 0 0 0 0 62 0 9 0 0 87 0 0 0 86 0 0 17 0 0 37 0 0 0 0 0 0 69 0 0 62 0 0 0 0 0 0 0 60 89 0 0 0 0 0 0 0 0 66 0 52 0 0 0 56 23 0 0 0 0 0 0 0 0 46 0 0 0 0 16 0 0 0 0 0 0 0
99 0 47 0 0 92 0 0 0 0 0 0 0 53 0 0 97 0 2 0 0 0 0 0 12 0 0 0 60 0 0 0 0 0 28 0 0 0 0 0 0 0 0 0 0 0 44 10 0 0 0 5 0 0 73 57 0 0 15 0 58 0 76 52 0 0 41 0 0 0 0 0 0 3 0 0 0 0 0 0 0 0 0 0 0 58 0 0 0 0 0 1 0 0 0 0 0 0 2 0
9 0 0 0 72 0 0 0 36 0 0 0 0 0 0 0 0 0 0 68 0 72 0 0 0 92 0 0 0 0 0 0 0 0 0 0 0 87 50 0 0 0 97 45 21 0 59 0 0 6 0 0 42 0 80 18 0 87 0 0 0 10 0 0 0 0 0 0 0 0 0 0 0 0 0 0 0 0 0 0 0 0 79 0 10 0 21 0 0 0 0 83 0 0 0 2 0 0 0 0
0 0 0 0 94 26 0 0 0 72 0 0 0 0 86 78 0 0 0 0 0 0 0 43 0 20 0 0 11 0 0 0 0 8 0 74 0 73 0 0 72 0 0 0 0 41 0 0 93 0 0 0 0 0 0 0 0 0 0 0 34 0 0 75 0 68 0 0 0 0 0 0 3 0 0 0 0 0 0 0 0 0 0 0 0 0 0 0 0 0 40 0 49 98 0 0 0 55 0 0
0 64 0 0 60 0 4 0 0 35 95 0 68 0 59 0 0 0 0 92 0 0 0 10 0 0 0 0 0 0 0 0 99 53 0 47 0 0 0 0 0 0 0 0 88 87 17 0 0 0 0 0 0 0 0 0 0 0 0 0 0 0 0 0 12 0 0 0 0 0 0 0 23 0 0 0 0 6 0 0 55 0 0 0 0 0 0 0 0 0 77 0 0 0 24 13 0 0 20 0
0 75 0 100 0 0 0 18 0 0 0 0 65 0 0 0 0 64 11 0 0 23 0 0 0 0 22 0 0 0 93 0 0 24 0 0 0 0 0 15 0 0 0 0 0 0 0 49 41 0 0 52 42 0 0 77 76 0 42 0 56 64 0 19 0 0 56 0 97 0 0 0 0 0 69 0 0 0 0 0 0 0 0 37 0 32 0 0 94 21 2 0 0 0 17 95 0 0 0 0
0 0 0 56 23 0 0 0 76 0 65 0 0 10 0 0 0 19 6 0 0 0 0 0 0 0 0 0 71 0 0 0 0 0 0 59 0 0 3 25 34 0 0 0 0 0 0 0 0 10 0 1 0 0 28 0 91 0 0 0 15 0 5 58 0 0 65 0 90 0 14 0 65 0 0 0 0 0 0 42 0 39 0 0 0 0 0 78 62 0 0 97 0 0 0 0 0 0 0 0
0 0 73 0 0 7 0 0 0 46 0 0 0 0 0 0 0 0 0 0 73 0 0 0 0 70 21 0 0 57 0 0 0 0 0 0 0 0 0 0 0 0 0 0 72 0 0 0 0 0 4 83 0 0 0 24 0 0 0 0 0 0 0 5 0 64 0 0 0 0 0 16 56 0 0 0 3 3 0 0 0 0 41 0 0 98 58 0 0 0 0 82 94 0 0 0 0 0 0 0
0 62 18 44 0 0 0 68 0 0 0 43 64 0 0 26 0 0 0 1 0 0 0 0 0 0 0 0 82 0 0 0 0 0 0 0 0 20 85 0 85 0 0 0 0 35 0 0 0 68 0 55 5 0 0 28 0 0 47 0 0 0 88 0 68 0 100 0 51 0 57 0 0 0 1 16 0 0 0 0 33 0 25 0 0 0 0 0 0 0 0 60 0 0 0 0 0 10 0 0
93 0 0 0 0 35 74 0 0 0 69 90 0 0 0 0 0 0 0 85 0 0 0 0 0 0 0 0 0 0 19 22 0 0 0 0 0 0 48 0 0 0 1 9 0 10 0 0 0 0 0 89 0 0 0 88 0 0 83 0 0 0 75 0 27 0 0 0 0 0 0 0 0 0 0 0 0 0 0 0 84 0 0 0 72 0 66 0 0 0 0 0 0 0 0 0 0 0 0 79
0 0 0 0 0 67 85 0 0 0 0 0 0 0 0 0 0 4 31 0 0 0 0 0 0 95 27 93 0 0 0 0 0 0 0 84 0 0 0 0 0 0 0 100 0 0 0 0 0 0 0 0 0 0 14 0 0 0 0 0 0 0 0 0 0 0 0 0 0 0 18 0 0 0 52 0 0 79 0 0 0 0 0 0 0 0 0 0 0 0 0 54 0 0 0 35 0 4 92 0
0 0 0 28 0 16 0 0 0 0 0 0 5 0 0 10 0 0 0 0 0 51 0 0 0 43 0 0 0 68 0 0 0 0 0 0 0 0 0 72 0 18 0 100 0 0 24 72 0 0 0 0 34 0 0 13 35 0 0 20 0 0 0 0 0 0 0 86 65 0 40 0 0 0 0 0 33 0 0 85 0 0 5 0 0 0 0 0 0 0 0 0 0 0 38 0 0 0 95 13
0 0 0 0 0 78 73 0 0 0 53 0 0 0 0 0 59 0 0 0 0 14 0 0 0 0 28 0 0 0 0 18 0 0 0 0 0 0 0 19 0 0 0 0 0 0 27 11 0 42 0 0 0 0 0 94 0 0 0 0 0 2 0 55 0 0 0 79 0 0 67 0 0 70 26 86 0 0 30 4 52 0 0 0 0 0 0 0 0 0 46 0 0 0 0 0 0 0 40 23
0 2 0 0 0 61 0 0 0 45 0 0 0 0 10 67 0 0 0 0 0 0 70 47 0 0 42 100 0 0 0 96 0 0 0 63 0 63 0 0 0 0 0 0 0 0 0 0 0 17 0 0 0 0 0 45 0 0 0 0 57 0 0 0 17 0 0 0 73 0 32 0 0 6 34 0 45 0 0 0 0 0 0 0 0 0 80 0 0 0 0 0 0 27 0 0 0 0 0 0
0 0 4 0 0 86 0 0 0 0 67 14 0 39 0 1 77 91 0 0 0 0 0 11 0 0 0 0 0 13 0 0 0 0 95 0 32 0 28 0 0 51 86 0 0 0 0 0 79 21 0 0 0 0 95 0 94 0 0 0 0 0 0 0 0 0 0 0 0 21 0 0 18 0 0 0 0 0 0 0 0 31 0 88 0 0 84 0 0 0 35 0 0 2 0 25 0 0 84 0
59 0 30 0 0 0 0 0 70 74 0 0 0 0 0 0 0 89 0 0 0 63 98 0 0 42 0 0 0 73 0 0 0 0 0 76 0 55 0 19 98 0 72 81 83 62 0 0 0 46 62 0 0 0 0 0 0 0 0 0 0 48 0 64 40 29 0 0 0 66 0 0 0 39 0 0 0 0 0 0 1 0 0 0 18 0 0 0 0 0 0 0 0 77 0 52 100 0 0 0
0 0 0 0 0 0 0 0 0 0 78 0 28 10 0 0 0 75 36 0 0 0 37 0 0 0 0 0 0 0 0 0 0 24 0 0 0 0 0 0 0 0 0 29 57 0 31 42 0 99 14 0 0 0 0 0 17 0 0 0 0 0 0 0 0 47 0 57 0 73 0 0 0 77 0 0 0 0 55 0 0 0 92 0 0 0 0 53 0 0 0 0 38 26 0 9 0 74 0 65
0 0 0 0 88 0 48 0 0 46 0 48 0 0 0 0 0 50 54 0 0 0 0 43 0 0 0 0 0 0 0 0 0 91 0 0 0 0 0 0 69 0 0 0 0 80 0 0 0 0 79 0 0 92 0 0 0 9 56 91 100 0 0 0 17 0 0 0 0 0 0 92 16 60 0 0 0 0 0 0 0 0 0 0 0 0 0 0 26 0 0 0 0 21 0 0 0 0 0 0
0 0 0 0 0 99 0 0 0 71 99 40 0 0 5 0 0 35 20 0 0 0 0 0 0 0 0 0 0 0 0 72 7 0 0 0 0 0 0 4 96 55 0 0 0 87 0 0 56 0 0 11 0 0 0 0 0 0 0 97 0 0 78 0 28 98 0 0 0 0 0 0 0 0 0 0 0 39 38 0 0 24 0 53 0 0 0 0 0 0 0 0 86 0 0 0 0 4 33 0
0 0 0 6 0 19 0 0 0 0 0 73 0 0 0 0 0 67 0 0 0 0 0 0 0 0 0 0 0 0 53 0 0 0 0 0 0 0 0 28 88 0 0 0 0 0 82 0 0 19 0 0 50 0 21 55 19 0 70 78 74 0 0 9 51 0 0 0 0 0 0 0 0 0 34 0 0 0 0 0 0 53 0 0 0 22 0 0 0 0 0 0 0 94 0 0 71 42 61 0
53 0 0 0 0 0 0 0 0 0 0 28 0 0 0 0 0 78 98 0 0 50 0 31 0 0 81 0 0 0 0 77 0 0 0 0 0 0 0 0 0 58 88 0 47 0 0 76 3 0 0 53 0 0 72 0 26 0 0 0 28 0 23 100 0 0 4 0 41 0 0 0 0 0 0 0 0 50 47 0 0 66 0 72 51 0 0 0 0 0 88 89 66 76 8 0 0 0 0 0
0 0 0 94 0 75 0 0 0 0 0 26 0 0 0 0 0 52 91 0 0 0 71 0 58 0 0 0 0 0 0 0 57 0 0 0 0 20 0 0 0 0 0 12 0 10 32 0 0 0 27 0 0 0 0 22 0 0 0 0 0 0 0 0 0 0 0 0 84 0 0 0 0 0 0 0 0 71 66 57 0 0 0 86 47 0 0 0 0 10 0 82 0 3 0 0 0 0 0 0
0 0 0 0 0 0 0 0 64 0 0 0 9 0 0 25 58 0 0 60 0 0 9 17 0 0 6 0 0 0 0 0 0 0 0 67 0 74 0 0 0 0 38 0 0 0 0 99 0 0 0 0 0 47 0 0 0 22 0 37 4 0 37 0 57 0 0 0 93 0 0 0 0 0 0 0 18 78 0 0 4 0 0 0 0 0 0 0 0 0 0 0 0 0 74 11 0 40 0 0
57 0 0 0 0 0 32 0 0 0 0 0 0 0 0 0 0 0 60 0 0 0 0 0 50 0 0 59 0 53 0 0 0 7 82 0 0 0 95 0 0 0 0 0 0 16 0 0 0 0 0 0 50 0 0 0 0 0 0 0 92 0 0 0 0 0 0 0 0 0 0 0 0 0 0 0 89 0 81 42 0 0 0 97 99 0 0 0 83 0 0 0 0 0 80 0 0 0 0 39
0 0 0 0 0 0 0 0 72 0 0 0 13 42 0 0 12 0 0 0 0 53 0 0 0 0 0 0 64 0 0 46 0 0 0 0 63 0 0 0 0 97 85 0 0 0 0 0 0 53 0 0 0 0 0 0 0 69 0 0 0 0 30 0 0 0 0 0 0 0 0 0 0 0 0 0 53 0 0 0 53 0 0 0 63 0 46 70 0 0 27 0 0 0 0 0 0 84 0 34
0 0 0 0 0 0 79 0 0 21 0 0 0 0 0 0 0 0 0 0 0 0 0 0 30 0 0 0 0 0 0 0 0 17 0 80 0 46 0 0 0 66 0 0 0 0 34 0 100 0 0 0 14 0 0 0 0 0 0 56 0 0 0 0 32 69 0 82 36 0 80 0 0 48 0 0 78 0 0 0 0 72 0 60 0 82 0 100 0 0 0 0 0 0 0 12 0 0 81 0
0 0 12 30 0 75 0 93 0 0 0 18 0 0 0 22 0 0 100 0 20 0 0 0 0 0 0 0 0 0 0 0 0 0 25 44 0 0 0 31 12 0 0 35 0 0 0 0 0 0 0 0 0 90 0 0 0 0 0 0 47 0 0 0 0 0 0 0 0 0 61 0 0 0 0 0 0 0 0 68 82 0 82 0 0 0 14 70 0 0 0 0 97 0 0 0 0 42 83 22
0 0 19 0 0 2 0 63 91 0 0 27 0 84 91 0 0 87 0 65 0 0 0 0 21 69 0 4 0 0 0 59 33 0 0 0 33 0 0 0 35 23 0 37 5 0 0 97 0 16 30 0 0 0 0 0 87 0 0 0 88 0 0 62 0 98 79 0 0 90 0 0 10 0 0 0 0 86 0 0 0 0 0 0 0 0 0 34 0 0 71 0 0 0 30 19 40 0 0 0
76 0 0 0 3 0 0 0 0 19 0 0 0 69 0 0 0 0 0 0 78 0 0 0 75 0 0 0 0 0 0 0 0 0 0 0 0 0 0 63 0 0 43 0 0 34 89 1 85 0 0 0 0 0 0 96 0 0 0 0 27 0 0 0 0 0 0 65 0 95 0 0 0 0 41 0 0 0 0 0 0 0 0 0 0 0 45 0 0 0 0 0 0 0 0 0 0 63 54 0
0 84 0 57 0 77 0 82 0 10 0 88 0 0 0 75 77 0 0 0 0 0 0 0 70 71 25 38 0 0 0 0 66 0 0 0 3 0 0 0 0 0 67 0 0 0 0 5 0 0 0 0 23 0 0 0 0 0 95 0 0 0 0 47 0 0 39 0 0 0 0 0 0 0 0 0 0 57 0 0 0 0 18 32 82 95 0 0 0 0 0 0 58 77 0 0 0 0 12 54
6 0 0 100 0 0 0 49 0 0 0 0 0 0 96 0 0 0 0 90 0 0 49 0 0 0 0 0 0 0 0 0 73 0 0 0 0 0 0 49 34 0 91 0 0 12 0 0 0 85 0 0 0 0 0 0 0 0 0 0 72 0 0 0 0 0 33 33 0 0 42 0 0 9 0 0 0 0 0 0 80 0 0 0 0 0 0 0 0 0 48 1 54 0 80 0 0 0 0 0
0 13 0 0 0 0 0 0 0 24 0 0 0 0 42 0 0 56 0 0 0 70 0 37 0 0 76 0 0 0 0 50 0 0 0 62 0 0 0 0 92 0 5 0 0 0 0 0 0 0 0 37 92 79 0 0 73 0 67 0 5 0 0 0 19 0 0 0 0 0 0 0 0 0 15 0 0 37 0 0 0 26 0 0 44 0 0 0 25 0 0 0 0 88 0 0 0 52 6 0
0 0 0 0 0 0 0 0 81 80 0 0 0 0 22 0 0 33 0 0 0 0 33 0 45 0 0 0 0 0 0 0 0 73 0 0 58 0 0 0 2 0 83 0 0 0 6 0 91 81 0 95 14 0 0 0 56 95 0 0 0 0 0 0 0 0 40 0 59 0 0 0 0 0 0 0 0 0 0 0 40 0 0 0 33 0 17 48 0 5 34 22 0 0 22 0 0 0 0 0
0 0 0 0 0 0 0 0 0 0 0 0 0 0 0 0 0 0 0 0 0 0 0 0 47 96 45 0 0 48 0 0 33 76 0 0 0 80 0 0 0 0 72 0 0 0 0 22 57 0 0 0 1 0 0 0 71 0 0 0 0 15 0 0 0 6 0 0 26 91 23 0 0 0 0 0 0 0 0 0 0 0 0 0 0 18 0 21 0 43 0 0 10 99 21 0 0 0 0 0
0 0 0 0 0 0 0 0 22 0 0 0 0 0 0 27 0 0 0 0 0 0 95 0 0 0 0 0 0 0 0 0 0 97 0 0 0 14 0 0 0 51 0 0 0 0 0 0 0 0 0 44 40 0 0 0 0 0 0 0 0 0 0 0 0 0 0 0 5 99 0 0 0 0 53 25 14 0 0 0 0 98 0 0 49 85 0 0 0 0 0 0 0 0 0 0 0 55 66 0
23 26 89 0 0 0 0 95 0 0 0 21 0 0 32 0 0 95 0 0 0 0 0 0 0 0 0 0 0 76 0 0 0 0 0 36 0 0 0 7 0 6 0 0 0 0 0 0 31 0 80 0 0 0 37 0 0 0 0 0 74 0 0 0 0 0 0 0 0 0 0 0 0 0 0 89 0 0 0 15 0 25 0 0 0 0 0 54 96 29 0 0 0 0 0 53 0 0 0 55
0 0 83 0 47 0 0 0 100 0 0 0 0 0 0 0 0 0 0 39 0 77 0 0 0 78 36 25 0 0 4 0 47 0 0 0 0 0 64 0 0 0 0 0 0 0 0 0 0 0 58 0 0 24 0 0 0 0 0 37 0 0 0 0 0 0 0 3 0 0 0 0 0 0 0 0 29 0 80 0 0 0 52 0 0 34 7 21 0 0 11 68 0 65 0 0 0 0 23 0
0 0 14 0 3 0 0 0 0 0 0 0 14 0 0 0 60 0 77 0 0 0 11 73 0 0 5 0 0 0 0 47 0 0 0 0 0 0 0 56 0 0 79 0 0 0 0 0 77 0 0 0 0 0 0 0 50 0 0 36 0 9 0 0 0 0 0 19 0 0 0 0 28 0 0 0 0 0 0 0 0 0 0 0 0 7 0 0 84 52 34 0 0 0 0 25 0 89 0 0
0 0 0 2 73 0 75 0 76 0 0 0 0 0 0 0 0 25 0 0 0 0 0 0 0 0 0 42 0 0 0 0 0 1 41 21 69 0 59 0 97 0 75 25 0 0 30 0 0 0 98 0 0 0 0 0 95 0 0 5 0 0 0 0 0 0 0 0 0 0 0 9 0 71 0 0 0 9 32 0 0 51 0 0 64 0 0 89 0 0 39 0 0 0 0 0 0 0 82 0
0 0 0 0 0 0 38 0 0 80 0 84 0 0 0 0 0 55 0 0 0 0 0 36 0 0 0 0 0 0 0 0 0 0 52 0 0 55 60 0 0 0 0 0 0 41 0 0 0 27 0 98 0 21 0 0 88 0 0 0 27 0 0 62 55 0 44 0 16 15 40 0 0 0 0 0 0 0 0 0 94 3 0 61 0 0 1 0 17 0 0 30 96 0 11 0 0 73 0 0
0 0 0 0 12 100 0 34 0 0 0 71 0 0 0 68 0 0 36 0 0 0 0 0 100 0 0 48 0 18 0 100 0 0 0 0 0 0 0 0 0 0 0 0 0 0 38 95 0 0 0 0 0 51 40 77 0 0 0 0 0 0 0 0 31 21 0 0 0 0 0 0 0 0 61 0 0 88 0 0 0 0 0 0 0 92 0 0 74 70 53 0 0 0 0 0 53 0 0 50
0 0 0 0 0 0 35 0 0 0 0 0 0 0 0 0 0 0 0 0 0 34 100 0 0 0 0 0 91 0 0 13 0 34 0 0 0 0 0 0 0 10 0 0 0 0 100 99 0 0 0 0 0 0 0 21 0 0 8 0 0 0 0 0 0 0 0 0 0 0 0 70 0 48 0 0 0 0 0 48 0 14 0 0 0 0 0 0 0 0 0 0 87 0 0 0 0 0 0 0
0 0 0 0 0 99 0 0 31 0 0 0 54 0 0 0 0 0 0 0 78 0 0 0 0 0 0 0 0 0 0 0 0 0 0 40 0 0 8 0 99 8 0 0 0 0 0 0 0 57 0 0 0 0 0 0 0 26 0 79 0 0 69 8 0 0 0 74 0 0 0 0 0 0 0 0 0 0 0 0 0 0 93 3 0 0 0 0 0 28 0 0 0 0 0 0 0 0 0 0
0 70 0 78 41 37 59 0 0 32 99 0 0 0 0 0 79 49 0 68 34 76 0 0 0 77 0 0 62 0 0 22 0 43 0 0 26 59 0 0 0 0 0 59 0 8 86 0 18 44 0 0 41 0 0 0 0 19 0 0 98 0 0 0 0 5 0 0 0 0 0 0 69 26 0 7 0 0 48 0 0 0 0 0 0 78 0 0 0 0 0 40 0 0 0 0 71 30 0 0
0 0 0 0 0 0 46 0 0 76 0 0 0 0 0 0 65 68 0 0 90 2 11 0 0 0 0 80 39 52 0 98 0 22 0 0 0 0 3 54 0 0 0 0 0 0 0 71 0 0 51 0 0 63 0 0 59 9 0 0 0 0 77 0 0 0 0 0 38 57 0 0 0 0 5 0 0 0 45 12 26 0 0 68 0 0 0 0 0 0 47 73 0 0 0 7 0 0 7 0
0 24 0 0 0 0 0 0 35 0 13 0 31 0 0 0 0 0 0 14 0 0 0 0 4 73 80 0 0 0 0 43 86 0 63 99 0 70 0 0 58 0 0 0 0 0 54 46 0 0 0 0 0 0 96 0 0 0 0 0 0 0 0 0 46 0 0 0 49 0 0 0 0 85 8 0 0 0 76 0 0 0 0 11 0 0 0 0 0 0 0 0 17 0 0 0 0 43 84 0
0 0 0 0 0 0 27 0 0 0 76 0 0 65 0 0 0 0 0 0 69 0 0 26 41 0 0 54 0 0 0 23 77 0 0 8 93 71 0 88 0 80 55 0 0 0 30 0 0 0 0 94 0 0 0 71 0 43 65 0 0 0 0 0 0 0 67 0 41 0 0 0 0 25 0 0 0 0 0 0 0 20 78 0 0 46 0 0 0 0 0 12 0 0 0 0 0 0 0 0
0 0 84 87 0 70 0 0 0 22 0 0 0 0 74 0 0 0 0 0 50 0 0 0 0 0 0 0 0 0 0 0 39 0 0 53 65 97 0 0 0 0 64 0 0 0 0 0 0 0 0 90 0 0 12 0 0 24 50 0 0 0 0 0 0 0 0 77 0 0 0 0 0 0 0 0 0 0 70 0 0 0 40 0 0 14 0 0 0 79 0 96 0 64 0 0 0 0 77 88
0 0 0 0 0 67 0 0 0 0 0 2 0 0 0 0 0 0 45 0 0 0 70 0 0 0 0 0 0 0 75 43 0 0 77 0 0 0 51 0 54 0 0 0 0 0 63 0 0 0 0 0 0 0 29 37 0 0 70 84 0 91 0 0 0 8 0 0 0 0 0 0 0 0 0 0 0 61 17 0 0 0 0 0 52 0 33 0 0 0 0 0 0 47 0 28 15 0 75 0
62 0 13 69 79 89 0 0 0 0 0 0 0 30 0 0 0 0 72 0 0 0 0 16 0 0 0 16 0 0 0 0 0 0 0 60 96 0 74 0 0 0 0 19 83 0 56 69 80 0 0 0 0 54 50 9 49 0 0 42 0 0 0 0 0 46 32 1 0 58 0 0 0 0 37 0 0 0 0 0 0 0 0 0 0 0 19 0 0 97 27 0 0 0 0 0 0 0 0 0
85 0 0 0 0 0 0 0 0 45 23 72 0 0 0 70 0 0 77 16 37 15 0 0 0 0 0 0 50 77 0 0 0 61 0 87 0 15 0 0 0 0 0 0 58 7 0 0 0 98 0 58 0 0 0 60 0 0 31 0 0 0 0 0 12 49 0 0 86 75 0 31 0 0 0 0 0 0 0 0 0 0 0 0 0 0 0 0 0 0 69 0 93 44 0 0 0 86 77 0
11 0 75 0 0 19 80 0 0 0 0 0 0 0 31 85 98 39 0 0 0 0 0 0 99 1 43 0 0 47 0 0 0 0 0 0 0 0 0 0 0 0 0 0 0 26 62 97 73 0 0 0 0 68 0 0 35 1 1 50 0 0 0 0 0 0 0 0 0 0 0 0 0 0 0 89 0 0 0 0 0 0 14 0 0 0 0 0 0 52 70 65 0 0 29 0 44 0 0 0
0 0 0 0 0 0 55 0 0 0 0 0 0 0 0 27 0 0 0 63 56 0 0 0 0 72 0 0 0 0 0 0 0 0 83 22 61 0 0 0 53 44 98 0 0 0 0 0 0 0 0 51 40 0 0 85 0 67 13 0 9 0 0 0 0 0 0 0 0 0 0 40 39 2 0 0 0 0 0 0 0 66 0 0 85 0 33 0 0 0 0 0 43 49 0 0 0 0 0 0
0 0 0 0 0 0 0 0 100 0 51 11 0 0 0 0 0 43 0 10 25 0 11 24 0 0 13 0 15 84 40 0 0 0 0 0 0 0 0 19 63 0 0 65 32 0 0 0 0 0 0 77 99 0 0 0 0 0 0 0 0 14 0 0 0 0 26 0 0 0 0 0 0 0 0 0 0 8 0 0 0 57 90 0 0 0 61 0 0 0 18 59 0 0 0 0 0 79 79 0
0 0 0 0 0 0 0 71 27 97 6 0 0 64 0 0 97 0 0 63 95 0 0 0 0 0 0 0 0 80 0 73 0 95 0 0 0 0 0 0 0 0 74 0 0 0 0 0 0 0 0 0 15 0 0 0 0 0 0 0 0 0 0 0 0 0 0 0 0 0 0 0 9 0 0 0 0 20 76 30 0 0 76 0 91 21 0 0 54 0 0 58 0 0 0 82 23 0 0 0
0 0 0 0 0 0 0 88 0 0 55 0 0 2 0 0 0 0 0 0 0 0 0 0 20 0 0 0 0 0 0 76 47 8 0 0 0 0 0 0 0 0 0 0 0 85 0 100 0 0 84 0 50 41 0 0 74 0 0 0 66 84 0 0 0 0 0 0 36 0 0 0 91 0 23 41 0 0 0 38 100 0 0 0 0 0 0 10 0 0 39 0 0 0 4 73 0 11 0 0
0 0 0 0 91 0 0 28 0 0 0 90 0 0 0 0 0 9 0 0 0 0 0 0 0 0 0 36 63 0 43 0 0 0 51 0 29 0 0 45 0 0 0 11 0 0 0 70 0 0 0 27 0 0 0 0 43 30 0 0 0 0 0 41 0 0 0 0 0 53 44 0 0 0 7 37 0 0 0 58 0 0 0 0 0 0 0 0 0 72 0 52 0 0 0 0 0 0 0 0
0 0 0 0 0 0 0 19 0 0 0 0 0 0 0 0 76 0 0 18 0 0 0 0 33 0 0 0 82 96 95 0 0 0 90 45 0 0 0 0 0 0 0 0 0 0 0 0 0 0 0 0 0 0 49 0 0 0 0 0 0 28 0 0 0 0 0 0 0 0 0 0 0 0 0 0 43 0 97 0 0 56 45 0 0 0 0 0 0 0 0 36 0 0 0 0 0 75 42 0
0 0 0 0 0 0 0 0 0 0 0 0 11 0 0 0 0 0 0 0 0 79 0 0 0 0 0 32 0 73 73 41 61 0 0 0 0 0 0 0 0 0 42 0 0 0 29 0 29 26 92 0 0 0 0 53 0 0 75 64 0 0 99 0 0 18 0 0 0 0 0 0 0 0 0 0 0 0 0 0 0 0 13 0 0 0 0 0 0 0 0 0 0 0 0 0 0 0 0 0
0 0 63 0 0 0 81 81 0 0 0 0 0 1 15 0 0 73 46 0 0 8 0 0 0 93 0 0 0 0 0 0 16 0 0 0 0 0 42 0 0 0 0 72 0 0 55 17 0 0 30 0 0 0 0 0 28 1 0 10 0 0 56 0 0 0 0 0 0 0 0 0 0 29 0 0 34 0 0 48 0 99 26 0 0 0 0 0 0 19 0 6 56 0 0 0 0 0 0 83
41 0 45 0 0 3 0 0 0 0 48 0 0 0 0 0 0 0 0 0 49 52 82 0 0 61 0 0 0 0 0 14 0 0 0 0 0 90 0 100 8 0 0 0 0 0 0 0 0 0 0 95 0 0 0 0 39 0 0 53 18 38 0 0 0 29 0 41 0 0 0 56 0 0 0 38 0 0 0 43 25 0 0 0 0 21 0 0 0 44 0 0 88 0 59 0 60 0 0 0
0 25 0 77 0 0 0 0 3 0 0 0 0 0 0 36 0 46 0 19 0 62 0 0 0 0 0 0 0 0 0 0 0 0 0 0 57 0 0 0 0 30 0 0 67 0 0 0 0 75 0 0 0 0 35 0 63 49 0 0 27 0 0 79 0 0 0 0 0 0 0 44 0 0 0 0 0 0 0 0 0 0 0 0 12 4 0 0 0 0 0 0 0 0 0 0 0 18 0 0
0 0 0 48 0 45 0 32 0 0 0 0 0 0 0 0 0 0 42 0 64 0 0 0 76 0 53 0 0 0 0 0 0 0 0 0 0 0 100 0 24 0 0 18 0 0 0 0 9 27 0 0 0 0 0 0 0 0 0 12 0 0 1 0 29 77 0 0 0 0 0 0 58 0 0 0 0 0 0 0 0 0 0 23 91 18 43 0 0 0 100 0 94 0 0 0 0 0 0 75
0 0 0 0 74 0 0 0 76 59 1 0 62 90 95 0 0 0 30 79 0 72 0 24 0 0 95 71 0 96 64 53 0 0 34 0 0 0 55 14 0 0 0 0 0 0 0 0 59 39 0 0 0 65 0 0 0 0 0 0 0 0 30 0 0 24 68 0 63 0 78 0 0 0 0 0 0 0 21 0 0 0 0 0 0 0 50 0 0 0 0 0 0 0 0 0 0 2 0 0
0 0 0 0 0 21 76 0 72 0 34 0 27 0 0 0 81 0 0 0 47 0 4 0 88 33 0 0 0 0 0 0 0 11 0 0 0 0 0 0 0 35 38 0 0 0 0 0 0 59 12 0 100 0 34 8 0 0 0 0 47 0 0 0 0 59 0 0 0 65 0 0 0 0 0 92 0 0 1 0 29 0 75 0 0 0 0 0 70 0 0 79 0 0 0 0 53 0 0 0
0 0 0 5 15 95 0 0 0 0 0 0 26 31 0 0 62 0 0 0 0 0 0 0 0 94 0 27 30 0 0 0 0 0 65 18 53 0 0 0 0 0 0 0 0 0 0 0 0 0 20 0 81 0 64 0 0 0 0 0 0 71 0 0 0 0 0 54 0 53 0 0 56 0 0 0 24 0 0 0 0 0 0 0 0 0 20 7 28 0 0 0 0 0 0 0 76 0 0 58
53 0 0 0 0 0 45 0 0 15 42 73 0 11 0 0 0 7 0 0 0 7 0 0 0 0 0 25 0 16 0 0 0 0 0 0 0 0 0 0 65 0 0 0 4 3 0 0 0 34 51 43 0 0 60 0 0 0 37 0 0 0 0 0 0 0 94 0 89 0 0 0 0 0 0 0 0 0 93 0 0 0 62 45 55 5 0 46 0 0 0 0 0 0 0 8 0 0 50 88
0 0 0 99 0 0 38 81 0 0 0 40 0 95 0 0 50 0 0 6 0 0 38 0 61 0 0 72 60 40 0 0 0 0 0 78 0 0 0 0 0 0 0 30 0 0 0 0 0 0 68 0 0 70 0 50 0 42 0 39 0 0 0 0 0 0 0 0 66 0 0 0 0 0 0 0 50 0 0 75 82 0 0 0 1 32 0 0 0 0 15 0 0 0 81 0 0 0 0 0
0 0 0 0 64 34 0 0 0 37 0 0 1 0 46 0 99 0 0 0 0 0 53 44 0 0 89 0 0 0 0 0 0 0 24 0 0 53 85 0 19 0 0 0 0 0 0 48 0 0 90 0 0 0 83 97 92 0 0 84 99 0 0 0 0 0 0 0 0 0 77 0 0 0 0 0 0 0 0 0 0 0 0 21 35 0 76 0 0 0 0 0 0 0 0 0 0 0 28 0
0 69 0 0 0 59 0 0 19 0 0 4 0 0 85 0 0 85 0 0 0 0 0 0 0 60 0 0 38 0 0 0 0 0 0 0 33 0 0 0 0 82 0 0 0 0 32 0 0 0 0 91 0 0 0 0 21 0 0 0 0 81 0 0 0 0 0 0 0 0 57 0 43 0 43 0 0 0 0 0 0 0 0 0 87 0 0 0 0 0 0 0 0 0 60 0 77 0 0 0
0 0 0 0 0 65 0 0 0 0 67 0 0 22 0 0 0 0 0 0 0 0 0 86 0 0 0 17 0 0 0 0 0 0 0 0 0 95 0 0 0 0 2 0 0 0 0 29 0 0 0 0 0 0 0 0 0 0 0 65 0 31 0 0 0 0 0 0 0 0 71 0 0 0 0 99 84 0 0 0 90 0 0 79 0 0 0 0 0 0 0 0 0 0 0 0 0 0 0 0
0 0 0 0 83 0 65 0 0 0 81 4 0 0 0 0 0 0 0 0 0 77 0 0 26 0 0 0 0 0 0 0 43 0 14 71 0 4 10 87 97 0 38 23 0 0 0 82 0 0 19 0 0 0 83 48 0 0 0 7 0 0 41 0 0 0 0 0 0 0 43 0 0 0 0 0 97 0 0 0 0 32 0 0 0 0 0 0 0 26 82 92 0 0 46 0 0 0 0 0
60 68 0 0 0 0 87 0 0 0 0 0 63 0 0 0 0 0 0 65 0 33 0 0 0 0 0 0 0 0 0 1 86 0 0 0 0 0 0 0 0 81 0 0 0 17 0 0 0 31 0 0 0 0 0 0 36 0 0 93 0 0 0 0 0 0 0 0 30 0 9 96 0 12 76 91 0 0 0 0 0 0 0 0 0 0 16 0 0 0 0 91 0 0 0 0 0 0 0 74
0 0 0 0 0 0 28 0 0 38 0 0 0 0 0 0 0 0 0 19 0 2 0 89 0 0 0 0 75 32 82 31 0 26 96 0 0 0 0 0 0 0 48 68 0 0 0 33 0 0 0 36 100 0 33 34 0 0 0 0 61 94 0 0 10 0 0 72 0 0 66 85 36 84 23 80 0 27 0 0 1 37 0 0 0 0 0 0 77 0 0 0 0 0 0 0 31 0 0 0