100
0 0 0 0 13 0 0 0 0 41 0 0 95 0 15 91 0 0 0 0 0 0 0 0 37 0 89 0 78 91 0 0 0 30 0 0 0 0 0 0 0 0 0 0 0 0 0 0 0 37 0 23 16 87 0 0 0 0 0 96 33 20 0 0 18 0 0 0 0 0 0 0 0 0 0 58 67 0 0 0 0 0 9 0 53 0 0 8 5 0 0 0 0 0 0 39 68 0 63 0
0 0 0 0 31 0 8 0 70 51 80 0 0 0 54 0 0 39 69 0 21 0 0 0 73 0 0 0 0 0 0 0 0 0 0 0 0 58 0 0 0 0 0 3 0 0 0 11 0 41 0 32 0 0 0 0 0 0 0 0 0 0 0 97 0 0 0 0 0 36 0 0 73 0 0 0 0 0 65 0 0 0 53 0 0 0 0 0 0 0 0 0 0 0 0 0 0 0 0 0
68 89 0 54 0 69 0 0 0 0 0 0 0 60 0 13 0 0 0 96 0 0 0 0 0 85 57 74 0 0 0 85 15 13 0 0 0 0 47 0 0 0 82 14 46 0 0 0 0 0 0 0 0 0 2 0 0 0 28 0 0 0 20 0 0 0 0 0 0 0 0 0 0 0 0 56 65 0 0 0 100 0 0 59 0 0 0 0 49 0 0 44 0 0 95 0 15 0 71 0
0 0 35 0 0 51 0 0 0 22 0 0 0 0 87 0 0 0 0 0 0 0 0 71 0 0 0 19 0 0 0 0 0 98 0 0 0 0 73 0 0 0 0 0 0 72 0 77 0 0 0 0 44 0 0 0 0 63 0 0 20 0 0 0 0 0 0 0 0 0 0 0 0 0 0 0 60 0 0 0 0 0 37 0 68 0 0 64 0 0 0 0 14 0 2 0 0 0 0 0
0 0 0 0 0 0 0 22 0 0 12 0 16 0 0 0 23 0 0 0 0 0 0 0 2 0 0 70 0 0 88 0 0 0 0 37 98 0 0 60 92 1 0 0 0 0 0 69 0 0 48 0 0 0 9 0 0 0 0 0 0 95 0 39 0 0 0 53 0 0 97 0 0 0 26 0 20 0 38 0 0 0 0 0 0 0 0 0 0 0 62 93 0 0 9 0 0 0 0 0
0 0 0 0 0 0 47 0 0 0 53 0 0 0 0 0 0 0 0 0 0 0 0 0 61 0 0 0 0 0 0 0 0 0 0 0 89 0 0 0 0 54 0 0 0 0 0 0 8 22 0 0 0 0 0 0 0 0 35 0 0 0 63 0 0 24 2 88 0 0 0 0 0 16 0 0 0 0 0 69 0 0 85 0 4 54 55 34 0 45 0 0 0 30 0 30 0 0 0 0
0 0 0 0 30 55 0 0 0 0 0 0 0 65 0 29 0 70 0 12 0 0 1 0 0 85 18 51 0 0 0 0 22 0 0 0 0 0 0 0 0 0 0 0 0 0 70 0 0 0 0 0 0 100 0 0 0 0 0 0 0 52 0 0 0 21 0 3 52 42 0 98 50 0 0 0 0 0 0 82 0 0 0 0 0 39 83 0 0 15 0 0 96 0 0 0 0 0 0 7
0 80 53 28 34 0 60 0 0 0 0 0 0 0 0 0 0 0 0 0 70 3 0 0 15 0 58 0 33 19 44 0 94 0 0 0 0 0 0 0 0 0 0 77 0 0 0 46 100 8 1 0 83 0 0 0 0 0 15 0 0 42 0 53 0 0 0 18 0 0 0 0 0 35 0 0 0 0 0 0 0 0 61 0 0 0 0 0 0 0 0 0 0 0 0 0 0 0 88 84
0 0 0 0 0 18 96 0 0 0 0 0 0 0 56 0 30 0 0 0 0 0 0 100 0 0 0 0 39 0 0 81 0 0 0 0 0 40 64 55 65 0 0 16 0 0 59 0 0 0 0 0 0 0 0 0 0 0 0 0 0 73 0 8 3 0 85 0 0 0 0 0 0 0 34 99 0 0 0 73 0 0 0 28 0 0 0 0 33 0 0 25 0 0 3 0 0 54 0 0
0 0 0 0 0 2 0 0 0 0 52 0 89 28 0 63 0 0 0 0 69 0 0 0 26 0 64 0 0 0 0 0 0 0 75 0 69 0 0 0 0 61 0 0 0 0 81 0 3 0 2 0 0 79 0 0 0 0 16 0 0 0 0 0 62 23 0 10 0 93 0 0 0 0 0 0 15 0 0 0 0 0 25 0 24 0 0 0 0 0 0 0 96 0 0 0 0 59 0 0
0 0 24 0 0 0 42 32 13 0 0 0 36 22 0 0 0 34 0 89 59 59 0 0 0 0 65 0 0 0 0 0 28 0 0 0 0 24 0 0 0 0 0 0 0 0 20 0 30 0 0 0 79 26 0 0 0 0 75 0 0 0 0 0 0 0 0 0 0 59 0 81 0 0 0 0 0 0 0 0 0 0 0 0 0 0 89 70 93 0 0 0 0 0 0 67 0 0 0 0
0 32 87 0 0 0 0 0 5 0 0 0 0 0 0 73 0 0 78 0 0 0 0 0 59 0 0 0 0 0 0 67 85 34 0 0 0 0 0 0 11 0 0 0 0 0 0 62 0 0 0 0 0 93 0 0 0 0 0 2 0 0 35 0 0 0 0 0 0 77 0 0 33 0 0 64 0 44 68 0 0 0 0 0 60 0 90 0 49 0 61 0 0 0 0 0 0 31 0 0
0 0 0 0 0 0 0 10 0 0 4 10 0 0 0 99 23 0 0 63 0 0 0 55 0 0 0 0 0 0 0 0 0 0 30 0 49 0 71 0 98 0 0 0 0 0 74 0 24 0 0 0 10 0 0 0 63 0 0 0 37 0 0 0 100 46 71 51 0 81 42 0 0 97 0 73 0 0 0 0 0 0 0 0 0 0 0 0 0 0 0 0 0 0 87 0 0 0 99 0
0 0 0 0 0 0 0 43 0 48 0 0 41 0 0 0 66 0 88 0 0 0 98 0 0 0 0 0 0 0 0 0 0 0 64 0 0 0 0 0 0 0 10 0 97 21 0 0 0 25 77 0 0 0 0 0 0 0 0 0 0 0 33 0 56 10 0 0 0 0 0 0 90 28 0 0 0 0 22 63 0 67 15 93 0 0 0 0 0 0 0 90 0 0 0 0 0 0 39 0
0 0 0 0 0 0 0 0 0 0 71 0 0 0 0 91 0 0 0 0 16 91 38 15 0 0 0 18 0 0 0 0 0 25 58 0 84 76 0 0 0 75 0 0 69 0 0 0 0 0 0 52 0 0 0 0 28 0 0 0 33 0 0 0 0 0 46 0 0 0 0 17 0 0 0 34 0 0 0 0 0 0 0 66 0 0 0 0 0 0 0 0 0 0 76 0 0 0 0 0
98 0 0 50 93 0 0 0 0 0 0 26 55 8 0 0 0 98 0 0 0 0 67 0 0 0 0 7 0 0 69 0 71 0 0 22 61 0 0 0 0 0 0 99 0 0 0 0 72 0 0 0 0 0 13 0 0 0 90 0 0 0 0 0 0 0 0 0 0 0 0 0 0 37 0 0 0 0 0 0 0 26 0 23 0 0 0 0 0 0 0 0 0 78 0 0 0 0 0 0
0 0 82 0 0 57 0 0 0 0 0 0 0 0 0 0 0 12 0 0 0 0 0 0 83 0 0 0 0 0 0 1 0 0 0 80 85 86 11 0 0 0 4 90 0 0 0 0 16 14 0 0 0 0 66 0 0 0 0 0 0 93 0 0 0 0 0 0 0 0 29 0 0 21 0 0 98 16 0 0 0 6 0 0 0 0 0 0 0 0 0 0 0 0 0 0 0 0 0 43
0 0 77 98 71 0 0 42 0 0 0 0 0 50 0 0 0 0 57 0 0 26 0 0 0 49 0 0 0 31 0 0 0 0 0 0 0 0 0 0 0 63 0 0 0 0 0 24 0 0 62 0 0 0 82 0 0 0 14 0 67 97 11 0 9 35 63 0 0 0 0 0 52 0 19 91 0 14 0 27 0 43 0 0 0 0 95 0 0 0 12 0 5 0 0 0 0 47 0 0
57 0 0 0 0 0 0 0 44 0 0 0 26 0 0 0 0 7 0 0 0 98 0 0 0 0 0 0 0 0 0 1 6 0 0 0 0 25 0 0 32 0 0 0 52 0 0 0 0 0 0 0 0 63 0 0 0 0 0 19 0 0 0 0 0 0 0 0 94 0 0 47 0 0 0 0 0 0 0 0 0 0 0 0 0 0 0 0 0 91 0 0 0 30 23 0 0 73 0 0
0 0 0 0 0 0 0 0 0 0 0 0 0 0 0 50 0 0 37 0 0 0 0 0 0 0 0 0 25 0 15 0 0 0 0 93 0 85 0 0 72 0 0 0 0 11 0 0 93 0 0 0 0 0 57 86 81 38 0 0 0 0 0 0 0 0 37 0 65 0 0 56 0 0 0 0 49 29 0 0 0 0 36 0 0 0 67 0 0 0 0 0 36 0 0 0 0 0 0 0
0 0 0 0 0 8 0 0 0 0 42 0 0 0 0 0 0 0 0 0 0 99 68 0 0 0 0 0 0 0 66 98 0 0 75 0 0 0 0 0 0 0 0 0 0 0 0 0 0 0 0 0 12 0 70 0 0 0 0 0 0 0 0 0 0 0 0 0 0 0 0 0 51 0 0 0 0 0 0 0 0 0 18 0 0 0 0 0 0 0 0 0 0 0 0 0 0 0 0 38
91 9 0 0 0 0 0 0 0 0 0 30 0 0 0 58 0 0 0 0 0 0 63 0 0 3 0 0 0 41 0 0 0 0 0 0 0 0 0 0 6 0 0 24 0 3 0 7 70 0 0 0 0 0 0 21 0 0 0 0 0 95 0 0 0 47 0 0 0 0 53 0 88 63 0 0 0 0 43 56 0 0 50 73 0 59 0 0 0 0 0 0 91 41 0 0 0 0 91 0
0 30 0 0 0 72 0 0 0 0 1 0 0 0 0 78 0 0 8 67 0 0 0 0 0 0 0 0 0 0 0 0 0 0 0 0 0 23 0 0 43 0 0 0 0 0 0 0 0 0 0 0 0 0 48 0 90 66 0 0 0 0 0 0 0 0 0 71 3 0 22 0 0 0 49 21 22 0 8 0 0 0 29 0 0 68 88 0 0 0 0 24 29 0 0 0 0 0 0 0
0 0 0 0 0 0 6 0 0 0 0 0 0 0 0 0 0 7 0 0 48 0 0 0 0 0 0 0 0 0 0 0 0 0 0 0 0 0 0 0 41 0 0 0 0 0 90 0 0 0 0 0 62 0 60 0 0 0 27 0 0 23 17 0 0 64 0 0 0 0 0 0 0 0 0 48 63 0 0 0 0 0 59 64 0 39 0 25 47 0 63 78 0 0 0 0 0 0 71 0
0 0 0 20 0 0 0 0 0 0 0 33 0 0 89 0 0 0 0 0 0 0 0 0 0 26 0 0 68 43 66 0 67 0 0 0 0 65 0 0 0 9 0 0 0 0 94 68 71 5 58 0 79 0 20 0 0 0 0 45 0 0 0 0 0 0 29 0 0 0 100 0 34 0 0 0 0 0 0 0 0 60 0 42 0 0 0 66 0 0 0 0 0 0 0 0 0 0 0 0
64 0 0 0 23 80 0 0 0 36 49 0 0 53 80 11 14 64 0 0 0 0 0 0 0 0 74 0 43 0 63 46 0 0 0 0 0 0 0 0 65 20 0 0 0 0 0 0 0 0 0 0 0 74 0 9 55 52 0 0 0 0 0 5 0 48 0 0 0 0 0 0 0 0 0 0 0 0 0 62 0 0 82 0 0 86 4 0 0 95 0 0 100 0 0 0 0 0 0 0
59 0 0 0 0 0 0 0 0 87 0 8 10 0 97 0 89 99 37 0 80 0 0 0 18 0 0 0 52 0 0 0 6 0 0 0 0 0 0 71 58 0 1 0 0 0 0 31 0 0 0 0 0 0 0 0 14 63 0 0 0 0 0 0 0 0 0 0 88 0 0 65 3 0 0 0 0 0 23 0 0 0 0 87 0 0 0 0 0 49 0 69 80 0 0 0 0 0 0 0
0 0 0 0 0 0 0 0 0 0 0 43 34 72 72 0 0 0 0 0 0 0 0 45 82 0 0 0 18 0 0 0 0 68 0 56 0 0 0 44 42 0 41 0 0 0 0 0 0 81 0 77 0 39 0 0 0 0 0 0 0 0 0 0 15 0 0 0 0 34 0 0 0 0 0 49 0 0 0 0 4 77 0 0 0 0 66 0 0 0 0 48 0 0 0 0 0 0 0 0
0 45 0 0 0 0 0 0 23 0 0 49 0 74 0 0 0 0 0 62 0 0 37 5 0 0 0 0 0 0 0 80 0 0 0 0 0 0 0 0 0 0 0 0 0 9 27 0 0 0 0 7 77 59 0 0 83 0 0 0 0 0 49 69 0 0 62 0 0 0 91 0 0 0 66 0 0 74 0 0 0 0 0 0 0 0 0 0 0 0 94 0 0 0 0 0 41 59 29 0
0 0 0 0 16 0 0 0 0 82 0 0 0 0 0 0 25 24 0 0 60 97 81 98 10 76 0 0 0 0 0 0 0 59 77 0 0 0 0 0 8 0 0 0 0 93 0 0 0 67 0 0 0 0 0 0 0 0 0 0 47 0 0 77 0 0 0 0 0 0 0 56 0 35 0 85 0 0 0 0 0 0 0 98 19 61 0 77 33 0 0 0 0 0 0 70 0 100 0 0
0 0 0 0 72 39 0 0 43 0 0 3 0 19 16 0 0 0 0 38 0 0 0 0 0 43 78 0 0 41 0 0 0 0 68 7 0 0 10 0 92 0 0 52 0 0 77 0 0 0 0 0 0 0 28 68 0 0 0 12 0 0 70 0 0 0 0 50 0 0 99 0 0 5 0 0 24 0 0 0 0 0 0 21 0 0 0 82 0 0 0 0 0 0 0 0 41 0 0 0
0 0 0 0 15 0 24 0 0 71 0 0 100 0 99 0 0 0 0 0 0 0 0 0 0 0 0 14 47 0 0 0 0 0 58 0 0 0 60 45 0 0 0 0 27 0 0 0 0 52 0 0 0 0 76 0 0 0 0 0 0 0 88 0 63 0 0 11 0 0 0 0 0 0 9 0 0 76 0 0 0 65 0 0 0 0 87 0 0 0 69 15 46 0 0 0 25 0 0 64
85 0 0 0 0 11 0 0 0 0 0 0 0 46 22 0 88 0 27 0 0 0 0 46 0 97 0 0 0 0 0 44 0 0 0 0 0 0 94 0 0 0 0 63 0 0 0 0 0 0 0 0 0 85 0 80 0 0 70 18 0 0 0 0 0 87 0 0 0 0 0 0 0 0 65 0 94 0 46 0 0 37 0 39 97 0 98 0 0 0 0 0 0 0 0 0 77 0 0 0
60 0 74 0 53 0 5 0 0 0 94 42 0 0 73 0 0 0 65 0 0 52 39 0 0 0 0 0 0 0 33 0 26 0 0 0 0 0 0 63 0 0 69 0 0 0 0 0 0 0 0 73 0 42 36 0 0 0 0 0 0 0 0 0 17 0 45 0 0 0 0 37 0 0 0 93 8 0 0 0 46 0 49 40 0 0 0 0 76 0 4 0 46 0 0 0 0 0 0 0
0 0 7 0 0 0 0 0 0 0 0 64 0 0 0 45 0 0 0 72 0 0 0 0 45 0 0 67 0 42 0 0 0 0 0 0 0 0 0 0 33 0 42 8 0 0 0 0 79 82 41 35 0 0 0 0 0 0 0 0 0 0 0 0 0 0 0 0 0 86 0 28 0 0 0 4 58 0 0 41 0 0 8 0 0 0 0 0 0 0 0 2 38 81 0 45 0 0 97 67
0 11 0 0 48 0 0 0 0 69 35 0 81 0 13 0 0 90 0 0 80 0 62 0 57 0 0 27 0 35 0 0 0 52 0 0 0 55 0 0 0 0 0 0 0 0 0 0 0 0 0 0 0 0 0 66 81 16 0 85 0 0 32 0 48 0 0 64 71 32 0 0 64 0 0 0 0 0 0 39 0 0 0 0 0 49 0 25 64 0 0 95 0 0 0 97 0 0 0 0
0 0 0 33 0 84 0 0 0 0 0 0 92 0 57 0 0 95 43 0 0 31 0 6 0 5 16 0 51 49 0 0 0 0 0 35 0 0 79 0 94 0 0 40 0 38 0 62 0 0 38 0 0 73 0 0 0 0 0 0 10 0 0 0 0 42 0 0 0 0 0 0 0 17 0 0 0 0 82 0 0 0 0 18 0 55 0 0 0 0 0 60 0 10 67 0 0 0 93 26
0 0 0 0 0 25 84 0 0 0 0 0 0 68 14 0 0 0 0 0 0 0 0 0 0 43 0 42 9 0 0 0 45 0 0 0 0 0 33 0 0 95 0 0 80 92 0 0 0 0 0 0 0 0 0 0 17 0 0 0 0 0 0 0 0 0 0 0 89 54 59 0 0 40 0 0 97 52 68 82 62 38 0 0 0 0 0 0 18 0 0 0 0 0 0 0 42 0 0 95
0 0 0 14 0 0 0 0 0 0 0 0 0 0 0 0 0 0 0 0 3 0 84 0 3 74 0 0 0 98 0 60 0 0 0 0 0 10 0 0 0 49 0 68 0 0 0 53 0 0 0 0 5 0 0 0 80 0 0 8 21 14 0 0 18 0 0 0 0 46 0 0 0 0 33 0 0 0 0 71 39 44 0 85 24 11 0 0 72 0 0 0 0 0 0 0 89 0 13 0
0 0 0 0 0 0 25 0 82 0 61 28 0 99 0 0 0 19 85 0 0 3 0 0 0 0 0 0 87 0 99 0 0 0 0 91 0 54 0 0 0 3 0 26 0 0 0 0 0 0 0 0 0 43 63 0 0 0 0 0 0 0 0 0 0 0 22 13 0 0 0 0 0 0 48 0 0 0 0 68 0 88 82 0 0 0 0 0 0 0 71 0 0 0 0 0 93 23 0 9
0 0 0 0 61 84 0 42 0 0 8 15 0 0 0 0 50 0 0 0 0 0 60 32 0 0 0 0 0 0 0 0 0 0 0 0 0 0 0 0 0 0 53 0 10 87 0 0 80 0 20 0 80 18 0 37 0 0 20 0 87 0 0 0 0 0 74 0 0 0 0 92 22 61 0 0 0 0 2 28 0 43 0 0 0 0 0 0 0 0 0 0 0 0 0 0 0 0 19 32
0 0 0 0 88 50 0 75 0 0 0 0 5 0 80 0 0 0 0 0 0 19 2 0 0 0 0 0 87 0 61 0 0 0 0 0 0 0 0 0 0 0 33 0 0 87 0 7 0 0 0 0 25 27 0 0 0 44 70 0 0 0 0 19 0 60 0 0 0 0 0 0 0 0 68 0 83 0 0 0 0 0 0 0 0 65 0 0 0 0 0 0 0 0 0 0 0 0 0 0
0 0 91 0 0 0 0 0 0 0 0 0 0 0 0 49 88 0 0 0 0 0 0 0 18 0 0 0 0 0 0 0 0 0 0 0 0 0 86 0 0 33 0 74 0 0 0 99 0 55 19 0 0 13 0 0 0 0 0 0 0 0 0 0 95 0 0 11 0 0 1 0 0 0 37 11 4 87 0 0 29 0 0 0 0 0 0 0 82 0 0 0 0 78 55 0 0 0 0 0
0 14 0 0 6 0 0 0 0 0 0 75 0 0 0 0 0 0 50 0 39 0 0 0 96 0 12 0 0 0 9 0 0 76 0 37 0 0 0 0 68 0 0 0 83 0 0 0 0 73 0 67 0 0 36 0 0 0 0 10 0 0 0 0 0 0 0 0 0 94 15 0 8 0 0 90 0 0 0 3 0 0 0 0 0 0 0 0 0 0 0 0 0 94 0 0 94 0 0 0
11 0 0 0 0 0 0 0 12 0 0 0 96 0 92 0 0 42 0 40 0 0 0 0 0 0 0 0 0 0 0 0 7 0 0 0 0 0 8 1 0 0 33 0 0 37 0 79 0 0 0 0 4 0 0 89 67 0 0 0 0 0 0 0 0 0 0 0 0 54 0 0 0 0 0 54 0 0 0 0 70 67 0 0 0 39 41 0 0 34 0 59 80 66 0 0 0 0 0 0
0 21 0 0 0 0 0 43 65 0 42 82 0 0 1 53 0 0 0 0 0 0 89 0 0 78 0 0 0 0 0 69 24 0 0 52 0 0 93 0 36 0 0 0 0 0 0 0 74 48 0 0 0 43 0 0 0 0 0 0 0 0 0 23 72 0 0 0 0 0 0 0 94 0 0 0 0 0 0 0 0 68 73 0 0 0 68 0 0 0 0 0 0 0 0 12 0 0 0 55
0 0 0 0 0 0 0 0 0 58 39 87 73 0 0 0 15 0 0 34 69 78 9 0 0 0 9 0 0 0 44 51 60 0 0 0 0 0 0 39 0 99 0 0 0 0 0 0 0 63 0 45 0 0 0 0 0 71 0 0 0 0 0 0 0 0 0 0 0 0 0 0 0 0 81 0 0 0 0 0 0 0 16 0 0 0 3 0 58 0 0 0 60 0 0 10 0 0 0 0
0 0 0 0 0 0 0 0 0 0 0 27 0 0 0 66 11 0 78 31 0 0 0 0 0 0 57 44 0 99 33 0 0 0 97 5 0 0 96 0 0 0 0 0 0 0 12 0 0 0 83 0 74 65 0 0 0 0 0 0 0 93 45 0 67 0 0 0 0 0 0 0 16 30 29 60 0 0 0 49 0 0 0 10 0 77 0 0 0 0 0 0 0 0 0 96 30 0 39 0
0 0 0 0 0 0 0 0 0 86 0 10 0 0 5 0 0 27 0 0 30 0 82 0 0 10 28 0 0 0 50 84 0 0 87 0 14 0 0 0 97 0 0 0 0 0 0 17 0 0 0 0 0 0 52 0 51 0 0 0 0 80 0 0 70 0 0 28 0 0 0 0 0 0 0 0 98 0 46 0 0 0 100 0 0 0 0 20 66 28 0 71 0 0 0 0 0 0 0 0
0 0 9 0 42 24 0 0 0 0 0 0 0 0 0 18 21 23 0 91 0 0 0 0 0 0 94 0 0 0 7 0 0 0 0 0 0 0 0 0 0 26 0 34 0 20 0 0 0 0 0 0 0 0 30 0 0 0 0 0 0 35 14 0 0 0 0 4 0 0 0 0 0 0 0 2 84 0 0 0 0 0 0 0 0 0 75 0 0 85 0 93 0 0 0 29 0 0 0 0
0 0 0 0 0 13 0 0 0 62 58 0 0 0 92 0 70 0 0 0 0 32 0 0 12 0 45 0 0 0 38 0 84 0 0 31 0 46 44 0 0 50 0 0 0 5 0 0 0 0 0 0 0 0 33 0 0 13 20 32 0 0 0 0 0 0 0 0 0 0 0 0 0 0 0 0 0 0 96 0 0 71 0 0 0 62 0 0 88 0 0 0 35 0 0 0 0 33 0 0
0 70 16 0 0 0 18 89 22 0 0 6 63 0 0 0 96 0 0 0 0 0 0 62 90 0 0 0 0 0 0 0 0 0 86 4 0 0 0 0 0 58 27 0 0 6 0 0 0 0 0 0 0 0 0 11 0 0 0 17 60 0 0 0 0 0 0 0 0 0 47 80 0 0 0 56 0 0 50 0 0 0 72 95 84 0 38 96 60 0 0 0 0 0 0 19 0 0 0 0
82 87 4 0 0 31 0 66 83 0 0 0 75 63 0 0 90 0 0 25 0 0 0 0 88 0 0 25 0 0 92 62 91 96 0 34 0 0 3 0 0 0 83 0 12 0 0 0 0 0 0 0 0 0 0 0 0 0 0 76 1 0 0 39 0 0 0 0 84 0 0 12 0 0 0 0 0 0 0 0 0 0 0 0 0 0 6 0 0 0 0 0 0 0 0 0 6 0 41 0
13 26 0 0 0 0 0 0 0 0 19 15 0 0 0 94 0 0 0 0 0 33 43 0 76 73 0 0 0 34 0 0 0 0 0 0 0 0 0 43 0 55 0 0 0 0 0 85 0 0 0 0 0 0 0 0 0 0 70 0 0 0 71 0 0 0 0 0 14 0 0 0 5 0 0 89 0 38 0 17 0 0 0 0 0 0 0 0 0 61 75 0 0 0 35 1 0 38 0 0
0 0 0 0 0 0 0 0 0 0 0 0 0 59 35 0 0 0 0 0 0 33 60 0 0 7 54 34 0 0 12 0 0 0 0 85 0 0 0 0 0 0 0 0 0 0 0 37 0 0 0 0 31 0 0 0 0 40 0 0 0 56 0 0 91 45 0 0 38 0 0 81 0 0 0 0 0 0 0 0 24 34 0 50 99 0 0 66 0 0 33 0 0 0 3 0 0 11 0 30
43 0 0 0 44 0 0 0 0 0 0 0 0 0 0 0 0 0 0 0 0 0 0 0 0 0 0 0 0 0 61 0 0 0 0 0 0 0 88 0 35 0 0 0 47 0 0 0 0 10 21 0 0 0 0 0 0 4 0 15 0 0 44 92 0 3 0 0 0 0 0 0 0 0 40 0 0 0 0 0 29 0 0 0 0 0 0 0 0 0 2 0 0 0 0 0 0 56 0 0
0 0 5 0 39 0 0 0 0 0 0 0 0 26 0 0 0 0 69 0 0 0 70 0 15 0 0 0 0 4 0 0 0 88 0 49 35 0 64 0 0 0 23 7 0 0 0 0 0 0 86 0 0 72 0 0 0 0 0 77 92 0 85 0 0 0 0 0 9 0 0 0 0 0 10 99 0 0 0 0 25 0 67 0 0 1 6 0 0 43 45 0 0 0 0 0 0 0 80 0
0 0 0 0 58 0 0 75 0 0 0 0 40 0 0 0 83 0 0 0 0 0 0 0 0 42 57 0 0 0 0 0 0 0 0 0 0 0 0 0 0 0 9 0 56 0 0 47 0 0 21 0 0 0 0 0 0 0 0 0 0 0 0 0 0 0 91 0 0 95 0 0 9 22 0 32 0 0 0 2 0 0 0 0 0 82 91 48 0 76 0 0 0 86 0 0 0 0 0 0
54 0 0 0 0 0 0 0 0 0 14 0 0 0 28 0 0 0 0 0 33 0 0 0 0 0 13 0 33 0 0 0 0 0 0 0 0 0 0 98 0 0 0 0 0 0 0 85 66 6 0 78 0 0 0 70 0 0 0 0 0 17 17 0 0 9 0 0 0 0 30 0 0 0 0 0 49 0 0 0 0 0 0 48 52 0 42 0 0 71 0 0 18 0 0 0 0 0 0 0
0 24 64 13 0 0 0 0 0 57 0 0 0 0 0 0 81 30 0 19 0 0 0 0 0 0 0 0 0 0 0 0 40 0 0 38 0 0 0 0 83 0 0 0 0 7 0 0 73 0 0 35 20 0 0 1 68 0 67 0 0 0 0 0 0 22 0 0 0 0 0 54 0 0 11 0 70 0 0 27 90 0 0 41 52 0 0 0 80 0 0 81 0 0 0 35 76 0 15 96
0 0 0 0 0 0 0 26 0 0 0 0 82 0 0 0 0 0 0 0 0 0 0 0 73 0 0 0 0 0 0 0 96 4 0 0 0 0 0 0 0 0 36 0 0 0 0 86 0 0 0 0 0 0 0 0 0 0 0 0 0 67 0 0 0 82 0 19 0 0 36 0 17 0 0 0 0 0 0 0 0 16 91 0 51 0 0 0 0 0 0 0 73 0 0 0 0 0 0 42
0 0 0 0 0 0 0 0 36 0 0 0 0 0 24 77 0 0 0 46 0 24 73 0 0 0 63 64 32 0 7 53 0 0 0 0 0 0 86 7 0 0 36 0 0 38 0 78 16 0 0 0 0 0 42 13 40 0 42 0 57 0 91 17 0 0 0 0 0 0 27 0 0 97 0 0 0 42 0 0 0 34 0 0 0 0 0 20 0 40 96 0 0 0 55 0 0 0 0 0
72 0 0 0 0 0 0 0 0 0 0 0 0 81 13 87 0 0 39 0 0 0 0 0 0 0 0 0 0 95 0 0 27 100 0 0 0 0 0 0 86 0 0 0 0 0 0 0 0 66 0 1 0 0 0 94 0 0 0 38 0 0 0 0 40 0 68 0 0 30 0 90 0 0 0 0 0 0 0 0 83 6 0 63 0 0 0 0 0 0 59 0 0 0 0 0 0 0 0 0
0 0 73 11 0 0 0 98 54 0 0 0 0 0 80 0 57 0 0 0 0 17 0 0 79 21 42 0 0 0 0 0 0 0 75 0 0 0 0 0 0 0 0 0 0 0 34 0 0 0 86 0 0 0 0 0 0 0 54 0 0 0 0 0 0 0 0 0 0 0 0 0 0 0 0 0 0 0 0 0 0 90 8 0 0 0 0 0 0 0 0 6 86 0 0 31 3 45 0 41
0 64 0 0 0 0 74 0 34 0 0 0 0 77 0 13 0 27 0 0 92 0 0 0 0 39 0 0 0 0 0 87 0 81 0 0 0 0 0 0 0 0 0 91 0 79 0 38 79 0 0 0 0 0 0 0 78 0 0 0 0 0 0 0 0 0 0 0 56 0 0 0 0 0 0 0 24 0 0 95 0 0 0 0 0 0 76 36 0 92 0 0 0 39 0 0 0 0 13 57
31 0 0 0 0 0 0 0 0 0 0 0 0 0 91 0 12 0 0 0 0 69 0 0 0 22 0 0 0 0 0 0 27 0 92 0 33 0 0 0 0 74 0 0 0 0 0 0 69 0 56 9 45 0 0 0 0 0 85 2 45 13 20 67 68 0 31 0 0 0 0 0 65 77 0 0 50 0 0 47 0 53 0 0 0 0 33 59 0 11 0 97 0 0 92 0 0 0 0 0
0 95 0 0 81 70 81 0 0 0 0 0 0 0 0 0 0 0 0 0 0 0 92 51 0 2 0 0 0 0 14 0 0 0 0 0 0 19 0 94 59 22 0 0 94 15 0 79 0 33 0 51 0 6 7 23 0 0 26 27 17 0 0 0 45 0 0 49 71 0 0 0 0 0 18 0 0 0 16 0 0 22 0 0 0 0 0 0 0 0 0 16 0 0 34 0 0 0 0 0
0 0 0 0 74 0 0 0 0 0 0 0 0 0 90 0 0 0 0 20 0 0 0 0 0 41 0 0 61 0 0 0 31 0 71 20 31 0 0 0 0 48 0 2 0 0 0 0 91 46 0 19 67 0 0 0 87 32 0 0 0 12 0 0 0 0 0 0 3 0 0 0 0 0 0 0 0 0 23 38 35 0 78 0 0 0 49 0 0 0 0 0 0 0 0 0 0 0 36 0
0 0 0 25 10 0 0 0 28 0 0 0 56 0 0 0 0 0 0 0 0 0 0 63 82 0 53 0 0 0 0 76 0 45 46 0 0 0 23 0 0 0 0 0 75 0 99 0 0 0 0 0 0 0 0 0 0 0 0 88 0 0 0 0 0 0 0 0 0 0 0 0 0 0 15 0 0 42 0 0 60 54 0 30 0 0 0 0 0 52 0 9 0 0 0 79 0 63 67 53
32 0 0 99 0 0 0 0 0 0 0 0 96 0 29 0 0 0 0 0 0 87 0 34 0 0 0 0 11 0 0 0 0 37 0 0 21 0 0 0 0 0 0 0 82 0 0 0 0 0 13 0 0 0 0 29 0 0 0 0 0 0 0 0 0 0 0 0 0 0 28 20 31 0 0 0 0 46 63 0 40 0 0 84 0 100 0 59 0 0 99 24 0 0 0 0 0 0 20 0
75 0 0 67 0 50 0 0 0 39 24 49 0 0 0 0 7 0 25 0 99 9 0 0 0 0 20 0 0 0 63 77 0 95 0 0 0 0 0 0 0 0 0 0 12 0 0 0 0 0 0 0 0 0 0 0 0 0 0 0 0 95 0 0 59 0 77 0 0 11 0 44 0 0 0 0 0 26 0 0 0 0 0 78 82 0 0 0 0 0 0 0 0 0 0 0 0 0 0 78
49 0 0 0 32 0 39 62 0 0 0 58 0 57 0 0 0 0 0 45 0 0 0 0 0 0 0 0 0 0 0 0 0 0 0 0 0 0 0 0 0 0 0 0 0 0 0 83 28 0 0 0 0 0 0 0 0 0 0 28 0 0 62 0 0 0 0 0 0 0 0 0 0 0 75 0 0 22 0 0 0 0 0 0 13 0 0 0 0 0 0 0 0 0 0 0 0 0 0 68
0 0 0 0 0 73 0 0 0 0 0 0 100 36 0 0 0 0 0 0 0 0 34 98 0 80 99 0 0 0 35 0 0 0 0 0 48 0 95 0 0 0 83 0 0 0 0 0 0 0 0 94 0 0 100 0 0 0 0 0 0 0 0 0 0 0 0 0 82 0 53 0 0 0 59 0 0 78 0 0 0 0 66 0 0 24 0 0 0 99 0 49 0 0 0 0 0 0 4 0
94 14 0 0 98 0 0 0 23 0 33 0 91 0 82 73 0 0 0 0 0 0 0 0 28 80 0 99 0 0 0 40 0 0 59 50 0 0 0 0 0 0 44 0 0 0 0 0 0 0 36 0 26 0 97 0 0 0 28 0 0 0 0 18 53 5 0 0 0 0 0 0 98 0 0 0 0 0 0 0 0 1 88 0 0 31 0 0 0 0 81 0 0 38 0 0 8 42 0 0
0 0 0 97 14 0 0 23 0 0 0 87 0 0 9 0 0 29 0 63 0 0 0 46 0 0 0 13 0 0 0 0 0 0 0 0 0 0 0 0 0 0 0 0 77 0 91 26 0 0 0 42 0 0 0 79 0 0 0 0 0 95 46 0 0 0 0 0 0 0 0 0 0 0 0 79 0 0 0 87 39 0 0 0 0 0 0 0 0 0 0 0 78 94 0 32 0 0 13 0
0 0 0 66 0 0 0 0 0 73 0 0 0 0 63 0 0 0 0 0 0 0 0 0 0 20 0 0 0 0 0 0 0 0 0 29 0 0 0 0 0 0 56 0 0 27 0 0 0 0 7 0 0 0 0 0 0 0 0 0 0 0 0 0 0 0 0 0 0 0 0 0 0 0 0 0 0 34 0 64 0 89 0 0 0 0 0 0 0 69 19 28 0 0 0 0 0 0 0 0
0 0 21 0 0 0 0 97 89 0 0 0 0 41 0 0 0 16 0 0 0 90 0 71 95 0 39 0 63 0 0 62 0 0 54 0 0 0 0 0 0 2 8 29 0 0 0 0 0 0 79 0 0 0 0 39 0 0 66 0 0 0 0 82 0 4 0 0 68 81 0 0 0 0 0 19 0 0 0 0 0 50 0 0 0 24 0 0 0 6 0 22 0 0 0 0 0 0 0 0
0 0 0 0 0 0 0 0 19 0 47 0 0 0 0 33 0 0 0 0 79 42 0 0 0 53 0 0 0 20 0 30 7 0 0 37 0 0 0 78 0 0 3 0 3 76 0 0 0 0 0 96 10 0 0 50 0 0 0 52 0 93 27 0 0 0 0 59 0 10 0 0 0 0 31 0 0 0 0 0 0 57 0 0 0 0 0 0 13 0 0 7 0 0 0 0 71 0 0 78
0 0 0 0 23 37 43 63 0 0 50 0 0 0 0 0 0 23 79 99 0 0 31 3 0 0 89 53 0 0 23 50 0 87 0 0 62 91 0 0 0 0 68 0 90 0 38 0 39 0 0 0 77 84 97 0 0 0 0 0 0 0 0 0 0 25 99 0 0 76 27 88 0 0 87 79 0 55 0 3 42 0 0 0 0 56 0 0 0 0 0 23 91 0 0 0 0 0 57 86
0 80 0 0 0 0 86 0 74 71 0 0 0 47 91 0 0 0 0 0 0 0 59 32 72 0 0 0 0 0 0 63 0 0 0 0 0 0 0 0 0 0 0 0 0 0 0 0 0 0 26 0 0 0 0 58 0 0 0 0 70 95 0 0 0 0 0 0 0 0 0 0 0 0 20 0 37 5 90 0 57 0 0 0 0 65 20 0 0 0 0 0 0 0 0 40 55 8 0 0
27 0 0 0 39 0 0 0 0 50 0 0 0 0 0 79 0 8 0 33 0 0 0 0 0 0 0 0 0 98 0 98 0 0 72 0 12 0 0 0 0 0 0 0 61 95 46 0 0 66 0 0 94 0 50 0 0 0 0 0 0 0 26 0 0 0 0 0 0 20 0 97 0 0 0 0 0 0 2 81 0 0 0 63 0 6 0 68 0 0 0 0 0 0 20 0 0 0 0 0
22 64 63 0 0 0 0 47 0 3 0 0 0 61 60 0 0 0 0 43 95 0 76 0 0 45 94 0 0 89 0 0 0 0 14 0 0 0 0 0 0 0 0 0 70 0 19 0 0 0 21 0 7 0 0 0 19 0 0 0 0 15 0 0 71 0 0 53 0 0 0 0 0 82 72 0 0 0 26 0 0 0 100 86 0 0 0 66 0 0 0 0 29 0 68 0 0 55 0 0
0 18 0 0 79 0 38 0 0 98 53 0 63 0 0 0 0 0 48 0 0 0 69 0 0 0 0 0 0 0 7 0 0 2 0 0 0 87 0 0 0 0 89 0 0 0 0 0 0 0 7 2 0 0 0 0 99 0 0 0 0 0 0 0 0 93 93 0 0 0 0 0 0 0 0 0 0 0 0 22 0 0 0 0 0 0 23 0 0 0 0 0 0 83 0 0 54 0 25 0
0 0 0 55 0 0 0 0 0 0 0 0 0 0 0 0 0 0 0 0 0 0 0 0 0 0 0 0 37 39 0 44 95 0 36 0 0 0 0 0 0 0 0 44 53 0 60 45 0 0 92 0 0 0 24 86 0 0 26 0 0 0 0 0 0 64 14 0 0 0 0 21 0 0 0 0 0 22 0 0 0 0 0 0 0 0 0 7 0 0 0 98 0 0 26 0 0 50 0 0
0 89 81 85 0 0 85 0 0 0 0 0 0 7 0 0 20 0 0 0 0 48 0 0 0 0 0 0 0 60 0 0 0 0 48 0 33 0 98 0 21 0 96 0 0 47 0 0 35 57 0 44 0 0 72 0 0 0 0 86 0 0 0 0 0 0 0 0 0 0 0 0 7 0 0 0 0 0 0 0 0 0 0 95 0 32 64 75 0 0 0 0 0 0 0 0 0 68 0 50
0 0 7 0 0 36 0 0 0 0 43 0 0 15 0 0 0 96 0 0 5 0 0 43 56 0 0 0 94 0 0 0 0 0 89 0 0 0 53 0 0 0 71 0 0 0 0 0 8 36 0 26 56 0 14 0 47 0 0 87 0 0 0 0 0 0 0 0 0 0 0 12 0 0 0 0 0 0 0 0 0 0 0 0 89 0 25 0 0 100 0 0 0 91 0 0 0 0 0 80
26 0 9 0 0 0 0 73 17 0 0 80 0 0 0 0 0 0 0 0 73 19 23 0 0 0 0 44 72 0 91 0 0 0 0 0 0 0 0 0 0 84 0 0 0 0 0 8 0 0 0 0 0 0 0 0 0 0 0 0 0 0 0 0 0 0 0 0 0 0 0 71 0 12 0 0 0 0 0 0 0 0 0 0 0 0 0 0 0 0 0 38 0 86 0 0 0 0 57 0
0 0 0 0 35 62 0 0 0 45 0 0 0 83 0 20 95 0 0 0 0 0 0 0 0 52 93 0 0 0 0 0 0 36 0 0 0 0 94 0 77 0 86 0 20 0 0 0 0 64 0 64 0 0 0 0 0 0 0 0 0 0 0 0 0 0 0 0 0 0 0 0 0 98 0 0 0 68 0 58 71 0 0 0 0 42 26 0 0 0 0 0 0 0 41 5 90 0 0 0
0 0 0 98 0 0 0 0 0 0 8 0 0 0 0 0 0 65 0 0 0 0 20 0 0 0 0 0 0 0 42 0 0 0 39 85 0 0 0 0 0 0 75 88 0 0 0 0 0 4 0 0 31 0 0 0 0 38 0 0 0 0 0 7 0 49 0 0 0 0 0 0 35 0 0 0 0 50 47 33 0 0 0 0 19 0 1 92 0 0 0 0 0 15 0 30 0 49 0 0
0 0 0 0 0 84 92 0 0 0 21 0 0 0 0 0 0 0 0 94 0 0 0 0 0 0 0 0 0 0 0 25 0 0 0 0 30 0 0 0 0 0 41 0 0 0 0 0 59 0 0 87 0 0 0 0 0 0 0 24 81 0 50 0 0 0 74 15 90 0 0 0 0 0 9 0 0 61 0 0 0 0 0 0 0 0 0 50 0 0 0 0 0 0 92 0 21 47 0 60
0 0 50 0 0 44 0 0 0 0 24 0 0 0 0 0 0 0 0 0 81 0 0 0 83 0 0 0 0 0 8 0 0 0 99 0 0 93 1 19 0 0 92 0 51 0 12 0 0 0 0 0 0 0 0 0 0 95 0 59 0 0 0 0 0 75 0 0 0 0 0 62 0 0 0 0 0 0 80 0 0 58 0 0 0 0 0 0 27 84 0 0 0 0 0 0 0 27 0 0
0 0 0 0 0 0 0 0 69 0 8 0 0 0 0 0 15 63 0 0 0 0 0 0 0 0 0 0 0 34 0 69 37 74 80 98 0 0 0 0 0 0 54 0 0 0 5 0 0 0 0 0 0 19 0 0 0 0 21 0 0 0 48 47 17 0 0 0 0 0 70 26 0 0 0 0 0 0 0 4 36 0 27 62 0 0 0 0 0 0 32 0 68 0 53 0 0 0 26 20
50 14 0 0 76 0 0 0 0 0 0 0 53 0 47 0 0 0 0 0 0 0 0 33 87 0 0 19 0 79 76 0 58 0 0 94 0 41 0 0 43 68 0 0 19 0 82 24 55 0 77 0 90 0 0 0 87 0 0 0 0 0 0 0 69 0 0 0 0 59 0 0 0 0 61 0 0 0 0 0 0 78 0 0 13 0 0 0 0 0 0 0 0 73 0 0 0 20 0 0
0 0 0 0 0 0 0 46 0 0 0 94 0 53 0 96 0 9 21 23 52 0 0 0 83 0 0 0 0 18 8 0 0 0 0 75 0 0 36 53 0 0 0 0 24 46 12 0 56 0 0 0 0 0 0 0 33 0 17 0 0 17 56 0 0 0 78 0 0 0 0 0 0 0 0 0 80 0 0 0 0 0 0 87 0 47 0 0 0 0 76 0 0 0 0 0 0 0 13 0
0 68 0 89 23 3 18 19 0 0 0 85 0 65 0 97 0 100 0 0 0 0 83 0 0 0 63 0 10 0 23 0 0 70 0 0 26 0 0 52 0 0 0 83 0 0 0 0 0 0 0 0 0 0 0 0 45 0 0 46 0 0 0 67 0 0 0 0 70 64 0 0 0 0 0 0 0 0 50 0 10 0 0 0 0 0 80 0 0 0 0 3 0 22 0 0 27 0 0 0
0 0 0 0 0 0 90 0 27 43 0 0 1 28 25 0 82 65 9 0 0 0 4 0 0 0 0 0 0 0 0 0 0 0 0 0 0 56 0 0 0 0 0 0 0 0 0 89 0 81 0 0 88 0 0 0 0 0 0 27 70 0 0 0 0 0 28 0 0 0 0 0 0 0 0 0 0 0 0 80 0 0 0 90 0 0 0 36 0 0 90 16 0 0 94 0 0 0 0 0
76 78 33 0 0 0 0 50 0 0 0 0 0 0 0 44 64 0 0 71 0 18 0 0 0 0 0 0 0 0 0 78 31 0 48 0 0 0 0 6 0 0 0 0 0 13 0 2 0 0 0 0 0 0 0 0 0 94 0 0 20 0 0 0 0 0 0 0 0 0 0 0 0 0 89 85 0 5 0 0 0 0 80 0 0 0 18 0 0 0 37 0 43 0 80 0 0 0 10 0
21 86 0 0 0 0 83 0 0 19 0 0 0 3 0 0 4 77 77 0 10 0 0 98 0 0 0 0 0 0 91 43 0 0 0 55 0 0 0 0 64 0 0 0 0 0 0 41 0 67 55 11 0 0 64 88 78 0 99 0 0 0 0 46 0 0 0 0 0 0 0 0 0 0 0 21 0 0 0 0 0 0 0 0 0 0 0 0 0 0 0 0 0 0 0 0 6 0 89 0
35 0 0 0 0 0 0 20 56 32 0 4 0 0 20 0 0 0 0 0 0 0 0 0 38 0 0 99 44 0 0 31 0 0 0 0 0 0 0 0 0 0 0 0 0 49 62 0 0 0 0 27 90 0 0 92 0 37 0 39 0 0 0 0 23 0 0 40 0 69 0 0 49 0 96 0 0 98 0 4 0 56 91 49 0 0 0 51 93 0 0 0 0 0 0 7 0 6 0 63
0 0 0 0 3 90 0 84 0 0 0 0 0 0 0 94 0 0 0 0 0 95 30 0 0 0 0 46 0 4 0 0 46 0 0 33 0 0 0 0 0 76 0 91 64 0 0 0 0 0 0 0 77 0 0 0 0 0 0 0 79 0 0 0 0 0 0 0 0 0 0 0 0 0 0 50 38 0 0 0 3 0 0 0 0 0 0 0 0 0 0 0 13 90 92 0 0 0 0 0
0 0 0 0 89 0 0 0 0 49 0 0 93 0 81 57 0 0 0 0 0 0 0 0 4 0 83 0 34 38 0 0 0 48 0 0 0 0 0 0 0 0 0 0 0 0 0 0 0 62 0 26 66 100 0 0 0 0 0 84 72 38 0 0 33 0 0 0 0 0 0 0 0 0 0 87 3 0 0 0 0 0 51 0 94 0 0 70 38 0 0 0 0 0 0 12 92 0 100 0
0 0 0 0 59 0 89 0 4 59 63 0 0 0 44 0 0 56 59 0 97 0 0 0 42 0 0 0 0 0 0 0 0 0 0 0 0 74 0 0 0 0 0 42 0 0 0 100 0 49 0 31 0 0 0 0 0 0 0 0 0 0 0 46 0 0 0 0 0 44 0 0 96 0 0 0 0 0 10 0 0 0 7 0 0 0 0 0 0 0 0 0 0 0 0 0 0 0 0 0
70 34 0 49 0 78 0 0 0 0 0 0 0 95 0 59 0 0 0 15 0 0 0 0 0 73 23 68 0 0 0 99 83 72 0 0 0 0 2 0 0 0 41 55 21 0 0 0 0 0 0 0 0 0 27 0 0 0 14 0 0 0 41 0 0 0 0 0 0 0 0 0 0 0 0 84 70 0 0 0 54 0 0 19 0 0 0 0 19 0 0 11 0 0 16 0 36 0 88 0
0 0 40 0 0 77 0 0 0 87 0 0 0 0 89 0 0 0 0 0 0 0 0 92 0 0 0 3 0 0 0 0 0 100 0 0 0 0 60 0 0 0 0 0 0 92 0 3 0 0 0 0 31 0 0 0 0 15 0 0 71 0 0 0 0 0 0 0 0 0 0 0 0 0 0 0 10 0 0 0 0 0 93 0 49 0 0 36 0 0 0 0 79 0 12 0 0 0 0 0
0 0 0 0 0 0 0 96 0 0 80 0 92 0 0 0 23 0 0 0 0 0 0 0 30 0 0 76 0 0 93 0 0 0 0 28 6 0 0 21 98 46 0 0 0 0 0 39 0 0 18 0 0 0 32 0 0 0 0 0 0 29 0 38 0 0 0 45 0 0 23 0 0 0 46 0 78 0 15 0 0 0 0 0 0 0 0 0 0 0 5 75 0 0 56 0 0 0 0 0
0 0 0 0 0 0 72 0 0 0 83 0 0 0 0 0 0 0 0 0 0 0 0 0 83 0 0 0 0 0 0 0 0 0 0 0 63 0 0 0 0 24 0 0 0 0 0 0 98 73 0 0 0 0 0 0 0 0 9 0 0 0 70 0 0 64 81 48 0 0 0 0 0 16 0 0 0 0 0 26 0 0 93 0 73 42 14 23 0 40 0 0 0 32 0 44 0 0 0 0
0 0 0 0 22 90 0 0 0 0 0 0 0 47 0 87 0 3 0 70 0 0 40 0 0 35 88 98 0 0 0 0 59 0 0 0 0 0 0 0 0 0 0 0 0 0 6 0 0 0 0 0 0 2 0 0 0 0 0 0 0 78 0 0 0 34 0 77 59 63 0 60 62 0 0 0 0 0 0 12 0 0 0 0 0 28 6 0 0 21 0 0 58 0 0 0 0 0 0 27
0 92 51 5 74 0 75 0 0 0 0 0 0 0 0 0 0 0 0 0 67 54 0 0 40 0 43 0 51 22 13 0 39 0 0 0 0 0 0 0 0 0 0 43 0 0 0 81 58 95 65 0 50 0 0 0 0 0 35 0 0 89 0 27 0 0 0 18 0 0 0 0 0 39 0 0 0 0 0 0 0 0 78 0 0 0 0 0 0 0 0 0 0 0 0 0 0 0 14 51
0 0 0 0 0 42 12 0 0 0 0 0 0 0 29 0 27 0 0 0 0 0 0 8 0 0 0 0 10 0 0 18 0 0 0 0 0 93 44 43 89 0 0 51 0 0 26 0 0 0 0 0 0 0 0 0 0 0 0 0 0 46 0 84 16 0 15 0 0 0 0 0 0 0 27 10 0 0 0 97 0 0 0 58 0 0 0 0 78 0 0 39 0 0 79 0 0 83 0 0
0 0 0 0 0 66 0 0 0 0 61 0 73 14 0 13 0 0 0 0 66 0 0 0 54 0 3 0 0 0 0 0 0 0 28 0 51 0 0 0 0 75 0 0 0 0 74 0 69 0 32 0 0 19 0 0 0 0 64 0 0 0 0 0 61 88 0 58 0 74 0 0 0 0 0 0 86 0 0 0 0 0 9 0 85 0 0 0 0 0 0 0 62 0 0 0 0 59 0 0
0 0 85 0 0 0 3 100 58 0 0 0 17 1 0 0 0 86 0 99 69 86 0 0 0 0 74 0 0 0 0 0 38 0 0 0 0 29 0 0 0 0 0 0 0 0 70 0 28 0 0 0 91 13 0 0 0 0 17 0 0 0 0 0 0 0 0 0 0 53 0 26 0 0 0 0 0 0 0 0 0 0 0 0 0 0 41 6 21 0 0 0 0 0 0 66 0 0 0 0
0 51 9 0 0 0 0 0 6 0 0 0 0 0 0 11 0 0 59 0 0 0 0 0 23 0 0 0 0 0 0 96 86 58 0 0 0 0 0 0 55 0 0 0 0 0 0 62 0 0 0 0 0 43 0 0 0 0 0 58 0 0 40 0 0 0 0 0 0 21 0 0 33 0 0 79 0 85 55 0 0 0 0 0 72 0 20 0 50 0 99 0 0 0 0 0 0 26 0 0
0 0 0 0 0 0 0 84 0 0 11 95 0 0 0 4 44 0 0 69 0 0 0 69 0 0 0 0 0 0 0 0 0 0 14 0 72 0 66 0 100 0 0 0 0 0 42 0 2 0 0 0 2 0 0 0 58 0 0 0 4 0 0 0 9 42 10 27 0 23 59 0 0 59 0 95 0 0 0 0 0 0 0 0 0 0 0 0 0 0 0 0 0 0 76 0 0 0 47 0
0 0 0 0 0 0 0 61 0 34 0 0 63 0 0 0 39 0 64 0 0 0 45 0 0 0 0 0 0 0 0 0 0 0 2 0 0 0 0 0 0 0 54 0 96 32 0 0 0 84 68 0 0 0 0 0 0 0 0 0 0 0 3 0 50 64 0 0 0 0 0 0 91 42 0 0 0 0 10 74 0 87 47 46 0 0 0 0 0 0 0 12 0 0 0 0 0 0 87 0
0 0 0 0 0 0 0 0 0 0 56 0 0 0 0 74 0 0 0 0 93 75 69 71 0 0 0 2 0 0 0 0 0 2 49 0 43 85 0 0 0 14 0 0 54 0 0 0 0 0 0 47 0 0 0 0 18 0 0 0 65 0 0 0 0 0 30 0 0 0 0 41 0 0 0 99 0 0 0 0 0 0 0 53 0 0 0 0 0 0 0 0 0 0 43 0 0 0 0 0
26 0 0 85 96 0 0 0 0 0 0 15 35 46 0 0 0 96 0 0 0 0 20 0 0 0 0 58 0 0 12 0 63 0 0 1 24 0 0 0 0 0 0 42 0 0 0 0 27 0 0 0 0 0 100 0 0 0 20 0 0 0 0 0 0 0 0 0 0 0 0 0 0 25 0 0 0 0 0 0 0 27 0 40 0 0 0 0 0 0 0 0 0 18 0 0 0 0 0 0
0 0 6 0 0 58 0 0 0 0 0 0 0 0 0 0 0 60 0 0 0 0 0 0 4 0 0 0 0 0 0 52 0 0 0 97 24 68 14 0 0 0 51 56 0 0 0 0 85 96 0 0 0 0 60 0 0 0 0 0 0 19 0 0 0 0 0 0 0 0 77 0 0 55 0 0 72 64 0 0 0 91 0 0 0 0 0 0 0 0 0 0 0 0 0 0 0 0 0 30
0 0 75 91 95 0 0 84 0 0 0 0 0 92 0 0 0 0 98 0 0 64 0 0 0 83 0 0 0 21 0 0 0 0 0 0 0 0 0 0 0 93 0 0 0 0 0 17 0 0 22 0 0 0 9 0 0 0 88 0 78 17 86 0 36 32 30 0 0 0 0 0 33 0 54 37 0 50 0 6 0 70 0 0 0 0 86 0 0 0 53 0 92 0 0 0 0 81 0 0
33 0 0 0 0 0 0 0 73 0 0 0 91 0 0 0 0 9 0 0 0 21 0 0 0 0 0 0 0 0 0 5 78 0 0 0 0 100 0 0 16 0 0 0 58 0 0 0 0 0 0 0 0 63 0 0 0 0 0 11 0 0 0 0 0 0 0 0 2 0 0 31 0 0 0 0 0 0 0 0 0 0 0 0 0 0 0 0 0 12 0 0 0 95 93 0 0 85 0 0
0 0 0 0 0 0 0 0 0 0 0 0 0 0 0 1 0 0 7 0 0 0 0 0 0 0 0 0 51 0 24 0 0 0 0 66 0 2 0 0 77 0 0 0 0 34 0 0 71 0 0 0 0 0 9 46 64 1 0 0 0 0 0 0 0 0 90 0 17 0 0 46 0 0 0 0 47 67 0 0 0 0 71 0 0 0 91 0 0 0 0 0 68 0 0 0 0 0 0 0
0 0 0 0 0 54 0 0 0 0 4 0 0 0 0 0 0 0 0 0 0 57 66 0 0 0 0 0 0 0 84 56 0 0 5 0 0 0 0 0 0 0 0 0 0 0 0 0 0 0 0 0 95 0 38 0 0 0 0 0 0 0 0 0 0 0 0 0 0 0 0 0 9 0 0 0 0 0 0 0 0 0 77 0 0 0 0 0 0 0 0 0 0 0 0 0 0 0 0 27
3 82 0 0 0 0 0 0 0 0 0 40 0 0 0 64 0 0 0 0 0 0 74 0 0 7 0 0 0 100 0 0 0 0 0 0 0 0 0 0 53 0 0 76 0 3 0 26 73 0 0 0 0 0 0 23 0 0 0 0 0 94 0 0 0 37 0 0 0 0 51 0 36 84 0 0 0 0 4 86 0 0 76 58 0 82 0 0 0 0 0 0 92 99 0 0 0 0 54 0
0 80 0 0 0 76 0 0 0 0 14 0 0 0 0 40 0 0 27 39 0 0 0 0 0 0 0 0 0 0 0 0 0 0 0 0 0 70 0 0 40 0 0 0 0 0 0 0 0 0 0 0 0 0 36 0 63 37 0 0 0 0 0 0 0 0 0 90 53 0 27 0 0 0 57 16 35 0 92 0 0 0 28 0 0 28 50 0 0 0 0 18 10 0 0 0 0 0 0 0
0 0 0 0 0 0 82 0 0 0 0 0 0 0 0 0 0 46 0 0 14 0 0 0 0 0 0 0 0 0 0 0 0 0 0 0 0 0 0 0 26 0 0 0 0 0 72 0 0 0 0 0 52 0 26 0 0 0 83 0 0 42 29 0 0 92 0 0 0 0 0 0 0 0 0 73 51 0 0 0 0 0 42 36 0 65 0 80 50 0 14 36 0 0 0 0 0 0 98 0
0 0 0 60 0 0 0 0 0 0 0 92 0 0 45 0 0 0 0 0 0 0 0 0 0 10 0 0 65 36 45 0 68 0 0 0 0 20 0 0 0 91 0 0 0 0 63 18 29 47 24 0 76 0 89 0 0 0 0 2 0 0 0 0 0 0 15 0 0 0 85 0 48 0 0 0 0 0 0 0 0 90 0 60 0 0 0 95 0 0 0 0 0 0 0 0 0 0 0 0
40 0 0 0 86 30 0 0 0 51 36 0 0 44 62 51 42 64 0 0 0 0 0 0 0 0 41 0 25 0 17 81 0 0 0 0 0 0 0 0 59 86 0 0 0 0 0 0 0 0 0 0 0 51 0 83 41 27 0 0 0 0 0 84 0 92 0 0 0 0 0 0 0 0 0 0 0 0 0 60 0 0 26 0 0 3 90 0 0 36 0 0 55 0 0 0 0 0 0 0
1 0 0 0 0 0 0 0 0 82 0 78 60 0 66 0 71 14 31 0 95 0 0 0 31 0 0 0 53 0 0 0 67 0 0 0 0 0 0 81 40 0 70 0 0 0 0 50 0 0 0 0 0 0 0 0 3 32 0 0 0 0 0 0 0 0 0 0 86 0 0 42 100 0 0 0 0 0 89 0 0 0 0 42 0 0 0 0 0 74 0 21 56 0 0 0 0 0 0 0
0 0 0 0 0 0 0 0 0 0 0 61 51 81 95 0 0 0 0 0 0 0 0 48 11 0 0 0 72 0 0 0 0 16 0 82 0 0 0 36 40 0 4 0 0 0 0 0 0 85 0 53 0 38 0 0 0 0 0 0 0 0 0 0 14 0 0 0 0 6 0 0 0 0 0 99 0 0 0 0 35 44 0 0 0 0 33 0 0 0 0 30 0 0 0 0 0 0 0 0
0 4 0 0 0 0 0 0 37 0 0 32 0 63 0 0 0 0 0 19 0 0 45 67 0 0 0 0 0 0 0 13 0 0 0 0 0 0 0 0 0 0 0 0 0 48 45 0 0 0 0 58 57 57 0 0 58 0 0 0 0 0 96 25 0 0 23 0 0 0 94 0 0 0 4 0 0 84 0 0 0 0 0 0 0 0 0 0 0 0 22 0 0 0 0 0 74 21 65 0
0 0 0 0 57 0 0 0 0 3 0 0 0 0 0 0 44 12 0 0 99 32 80 51 64 63 0 0 0 0 0 0 0 29 13 0 0 0 0 0 69 0 0 0 0 39 0 0 0 53 0 0 0 0 0 0 0 0 0 0 71 0 0 88 0 0 0 0 0 0 0 56 0 56 0 40 0 0 0 0 0 0 0 91 20 21 0 25 29 0 0 0 0 0 0 15 0 82 0 0
0 0 0 0 17 26 0 0 63 0 0 80 0 71 17 0 0 0 0 87 0 0 0 0 0 85 92 0 0 45 0 0 0 0 70 54 0 0 1 0 45 0 0 27 0 0 72 0 0 0 0 0 0 0 20 99 0 0 0 4 0 0 79 0 0 0 0 17 0 0 59 0 0 94 0 0 82 0 0 0 0 0 0 100 0 0 0 75 0 0 0 0 0 0 0 0 13 0 0 0
0 0 0 0 21 0 66 0 0 8 0 0 92 0 35 0 0 0 0 0 0 0 0 0 0 0 0 10 36 0 0 0 0 0 80 0 0 0 25 71 0 0 0 0 41 0 0 0 0 88 0 0 0 0 21 0 0 0 0 0 0 0 94 0 83 0 0 8 0 0 0 0 0 0 42 0 0 92 0 0 0 15 0 0 0 0 88 0 0 0 40 75 51 0 0 0 77 0 0 35
16 0 0 0 0 99 0 0 0 0 0 0 0 30 82 0 64 0 54 0 0 0 0 10 0 67 0 0 0 0 0 94 0 0 0 0 0 0 25 0 0 0 0 54 0 0 0 0 0 0 0 0 0 5 0 11 0 0 79 8 0 0 0 0 0 21 0 0 0 0 0 0 0 0 72 0 49 0 81 0 0 30 0 40 18 0 78 0 0 0 0 0 0 0 0 0 61 0 0 0
92 0 100 0 19 0 5 0 0 0 66 57 0 0 79 0 0 0 12 0 0 92 97 0 0 0 0 0 0 0 70 0 56 0 0 0 0 0 0 23 0 0 13 0 0 0 0 0 0 0 0 57 0 64 16 0 0 0 0 0 0 0 0 0 43 0 1 0 0 0 0 61 0 0 0 58 21 0 0 0 84 0 56 32 0 0 0 0 44 0 58 0 15 0 0 0 0 0 0 0
0 0 50 0 0 0 0 0 0 0 0 25 0 0 0 78 0 0 0 10 0 0 0 0 1 0 0 37 0 40 0 0 0 0 0 0 0 0 0 0 67 0 88 20 0 0 0 0 80 8 65 91 0 0 0 0 0 0 0 0 0 0 0 0 0 0 0 0 0 70 0 61 0 0 0 7 81 0 0 2 0 0 1 0 0 0 0 0 0 0 0 10 76 38 0 9 0 0 13 36
0 38 0 0 72 0 0 0 0 27 76 0 36 0 87 0 0 53 0 0 56 0 83 0 13 0 0 15 0 42 0 0 0 55 0 0 0 33 0 0 0 0 0 0 0 0 0 0 0 0 0 0 0 0 0 73 63 73 0 46 0 0 32 0 53 0 0 4 57 35 0 0 14 0 0 0 0 0 0 17 0 0 0 0 0 19 0 18 66 0 0 25 0 0 0 42 0 0 0 0
0 0 0 10 0 88 0 0 0 0 0 0 29 0 96 0 0 30 64 0 0 91 0 23 0 97 5 0 3 96 0 0 0 0 0 72 0 0 66 0 35 0 0 24 0 63 0 20 0 0 21 0 0 12 0 0 0 0 0 0 27 0 0 0 0 12 0 0 0 0 0 0 0 89 0 0 0 0 63 0 0 0 0 16 0 32 0 0 0 0 0 85 0 62 22 0 0 0 59 59
0 0 0 0 0 6 38 0 0 0 0 0 0 33 41 0 0 0 0 0 0 0 0 0 0 71 0 60 96 0 0 0 70 0 0 0 0 0 50 0 0 1 0 0 48 77 0 0 0 0 0 0 0 0 0 0 53 0 0 0 0 0 0 0 0 0 0 0 19 54 32 0 0 45 0 0 42 11 18 81 94 21 0 0 0 0 0 0 87 0 0 0 0 0 0 0 64 0 0 71
0 0 0 20 0 0 0 0 0 0 0 0 0 0 0 0 0 0 0 0 16 0 91 0 2 69 0 0 0 94 0 98 0 0 0 0 0 52 0 0 0 23 0 87 0 0 0 80 0 0 0 0 57 0 0 0 51 0 0 43 56 92 0 0 64 0 0 0 0 82 0 0 0 0 73 0 0 0 0 13 20 56 0 20 39 60 0 0 41 0 0 0 0 0 0 0 40 0 26 0
0 0 0 0 0 0 68 0 1 0 64 5 0 79 0 0 0 45 100 0 0 84 0 0 0 0 0 0 34 0 70 0 0 0 0 61 0 29 0 0 0 45 0 37 0 0 0 0 0 0 0 0 0 47 64 0 0 0 0 0 0 0 0 0 0 0 92 85 0 0 0 0 0 0 37 0 0 0 0 93 0 34 54 0 0 0 0 0 0 0 6 0 0 0 0 0 48 40 0 70
0 0 0 0 79 50 0 38 0 0 100 80 0 0 0 0 9 0 0 0 0 0 42 81 0 0 0 0 0 0 0 0 0 0 0 0 0 0 0 0 0 0 23 0 88 81 0 0 28 0 28 0 83 42 0 71 0 0 9 0 55 0 0 0 0 0 61 0 0 0 0 91 49 22 0 0 0 0 20 33 0 22 0 0 0 0 0 0 0 0 0 0 0 0 0 0 0 0 22 76
0 0 0 0 90 71 0 86 0 0 0 0 68 0 8 0 0 0 0 0 0 42 54 0 0 0 0 0 52 0 24 0 0 0 0 0 0 0 0 0 0 0 56 0 0 12 0 18 0 0 0 0 21 52 0 0 0 62 80 0 0 0 0 48 0 74 0 0 0 0 0 0 0 0 66 0 5 0 0 0 0 0 0 0 0 54 0 0 0 0 0 0 0 0 0 0 0 0 0 0
0 0 46 0 0 0 0 0 0 0 0 0 0 0 0 22 46 0 0 0 0 0 0 0 16 0 0 0 0 0 0 0 0 0 0 0 0 0 65 0 0 40 0 41 0 0 0 12 0 3 54 0 0 90 0 0 0 0 0 0 0 0 0 0 4 0 0 23 0 0 4 0 0 0 49 3 16 28 0 0 14 0 0 0 0 0 0 0 48 0 0 0 0 90 42 0 0 0 0 0
0 51 0 0 37 0 0 0 0 0 0 39 0 0 0 0 0 0 88 0 97 0 0 0 59 0 77 0 0 0 34 0 0 7 0 21 0 0 0 0 62 0 0 0 94 0 0 0 0 18 0 11 0 0 97 0 0 0 0 80 0 0 0 0 0 0 0 0 0 52 4 0 34 0 0 21 0 0 0 65 0 0 0 0 0 0 0 0 0 0 0 0 0 68 0 0 48 0 0 0
42 0 0 0 0 0 0 0 46 0 0 0 6 0 51 0 0 71 0 60 0 0 0 0 0 0 0 0 0 0 0 0 26 0 0 0 0 0 35 7 0 0 80 0 0 42 0 56 0 0 0 0 46 0 0 69 64 0 0 0 0 0 0 0 0 0 0 0 0 49 0 0 0 0 0 97 0 0 0 0 32 32 0 0 0 8 65 0 0 34 0 14 23 93 0 0 0 0 0 0
0 14 0 0 0 0 0 91 68 0 86 85 0 0 1 8 0 0 0 0 0 0 34 0 0 81 0 0 0 0 0 29 86 0 0 98 0 0 65 0 80 0 0 0 0 0 0 0 42 96 0 0 0 36 0 0 0 0 0 0 0 0 0 9 32 0 0 0 0 0 0 0 65 0 0 0 0 0 0 0 0 67 36 0 0 0 57 0 0 0 0 0 0 0 0 51 0 0 0 89
0 0 0 0 0 0 0 0 0 2 73 16 69 0 0 0 28 0 0 61 11 13 5 0 0 0 45 0 0 0 17 70 27 0 0 0 0 0 0 94 0 77 0 0 0 0 0 0 0 36 0 28 0 0 0 0 0 25 0 0 0 0 0 0 0 0 0 0 0 0 0 0 0 0 88 0 0 0 0 0 0 0 35 0 0 0 31 0 51 0 0 0 20 0 0 3 0 0 0 0
0 0 0 0 0 0 0 0 0 0 0 11 0 0 0 71 8 0 17 10 0 0 0 0 0 0 85 56 0 47 2 0 0 0 22 80 0 0 41 0 0 0 0 0 0 0 84 0 0 0 81 0 59 57 0 0 0 0 0 0 0 38 90 0 1 0 0 0 0 0 0 0 11 56 82 39 0 0 0 2 0 0 0 32 0 70 0 0 0 0 0 0 0 0 0 22 81 0 95 0
0 0 0 0 0 0 0 0 0 14 0 9 0 0 51 0 0 54 0 0 24 0 85 0 0 16 51 0 0 0 80 61 0 0 64 0 12 0 0 0 54 0 0 0 0 0 0 71 0 0 0 0 0 0 1 0 98 0 0 0 0 65 0 0 60 0 0 34 0 0 0 0 0 0 0 0 72 0 78 0 0 0 85 0 0 0 0 22 60 49 0 73 0 0 0 0 0 0 0 0
0 0 4 0 30 97 0 0 0 0 0 0 0 0 0 61 14 57 0 37 0 0 0 0 0 0 52 0 0 0 88 0 0 0 0 0 0 0 0 0 0 26 0 78 0 100 0 0 0 0 0 0 0 0 40 0 0 0 0 0 0 51 90 0 0 0 0 32 0 0 0 0 0 0 0 28 74 0 0 0 0 0 0 0 0 0 62 0 0 67 0 81 0 0 0 86 0 0 0 0
0 0 0 0 0 76 0 0 0 8 60 0 0 0 96 0 92 0 0 0 0 76 0 0 12 0 55 0 0 0 5 0 78 0 0 64 0 58 29 0 0 81 0 0 0 94 0 0 0 0 0 0 0 0 100 0 0 5 42 6 0 0 0 0 0 0 0 0 0 0 0 0 0 0 0 0 0 0 1 0 0 32 0 0 0 33 0 0 94 0 0 0 84 0 0 0 0 94 0 0
0 63 75 0 0 0 100 84 93 0 0 60 42 0 0 0 67 0 0 0 0 0 0 74 38 0 0 0 0 0 0 0 0 0 57 50 0 0 0 0 0 56 4 0 0 4 0 0 0 0 0 0 0 0 0 38 0 0 0 46 19 0 0 0 0 0 0 0 0 0 50 52 0 0 0 55 0 0 62 0 0 0 65 87 88 0 35 5 96 0 0 0 0 0 0 15 0 0 0 0
7 52 85 0 0 32 0 2 64 0 0 0 88 27 0 0 66 0 0 14 0 0 0 0 15 0 0 32 0 0 64 39 55 69 0 3 0 0 99 0 0 0 69 0 45 0 0 0 0 0 0 0 0 0 0 0 0 0 0 70 23 0 0 38 0 0 0 0 24 0 0 37 0 0 0 0 0 0 0 0 0 0 0 0 0 0 39 0 0 0 0 0 0 0 0 0 33 0 12 0
47 4 0 0 0 0 0 0 0 0 77 75 0 0 0 97 0 0 0 0 0 24 72 0 37 42 0 0 0 59 0 0 0 0 0 0 0 0 0 94 0 95 0 0 0 0 0 58 0 0 0 0 0 0 0 0 0 0 98 0 0 0 65 0 0 0 0 0 92 0 0 0 2 0 0 34 0 37 0 91 0 0 0 0 0 0 0 0 0 74 20 0 0 0 67 20 0 8 0 0
0 0 0 0 0 0 0 0 0 0 0 0 0 22 27 0 0 0 0 0 0 100 81 0 0 98 2 3 0 0 32 0 0 0 0 68 0 0 0 0 0 0 0 0 0 0 0 13 0 0 0 0 36 0 0 0 0 92 0 0 0 10 0 0 91 89 0 0 8 0 0 77 0 0 0 0 0 0 0 0 45 83 0 26 17 0 0 93 0 0 13 0 0 0 22 0 0 81 0 81
37 0 0 0 47 0 0 0 0 0 0 0 0 0 0 0 0 0 0 0 0 0 0 0 0 0 0 0 0 0 78 0 0 0 0 0 0 0 9 0 18 0 0 0 64 0 0 0 0 90 24 0 0 0 0 0 0 2 0 45 0 0 7 42 0 69 0 0 0 0 0 0 0 0 26 0 0 0 0 0 43 0 0 0 0 0 0 0 0 0 28 0 0 0 0 0 0 61 0 0
0 0 61 0 52 0 0 0 0 0 0 0 0 81 0 0 0 0 17 0 0 0 17 0 12 0 0 0 0 45 0 0 0 59 0 75 57 0 89 0 0 0 91 96 0 0 0 0 0 0 82 0 0 80 0 0 0 0 0 88 98 0 76 0 0 0 0 0 75 0 0 0 0 0 82 67 0 0 0 0 31 0 3 0 0 82 73 0 0 58 34 0 0 0 0 0 0 0 90 0
0 0 0 0 56 0 0 39 0 0 0 0 55 0 0 0 90 0 0 0 0 0 0 0 0 84 1 0 0 0 0 0 0 0 0 0 0 0 0 0 0 0 39 0 40 0 0 100 0 0 75 0 0 0 0 0 0 0 0 0 0 0 0 0 0 0 17 0 0 57 0 0 36 43 0 14 0 0 0 40 0 0 0 0 0 24 48 21 0 16 0 0 0 6 0 0 0 0 0 0
8 0 0 0 0 0 0 0 0 0 10 0 0 0 45 0 0 0 0 0 6 0 0 0 0 0 45 0 44 0 0 0 0 0 0 0 0 0 0 53 0 0 0 0 0 0 0 24 81 60 0 15 0 0 0 31 0 0 0 0 0 21 10 0 0 86 0 0 0 0 85 0 0 0 0 0 76 0 0 0 0 0 0 69 78 0 82 0 0 30 0 0 53 0 0 0 0 0 0 0
0 85 96 53 0 0 0 0 0 37 0 0 0 0 0 0 25 71 0 5 0 0 0 0 0 0 0 0 0 0 0 0 57 0 0 81 0 0 0 0 3 0 0 0 0 65 0 0 26 0 0 82 76 0 0 70 17 0 76 0 0 0 0 0 0 99 0 0 0 0 0 72 0 0 42 0 63 0 0 68 63 0 0 28 73 0 0 0 54 0 0 56 0 0 0 38 21 0 8 95
0 0 0 0 0 0 0 12 0 0 0 0 69 0 0 0 0 0 0 0 0 0 0 0 61 0 0 0 0 0 0 0 47 93 0 0 0 0 0 0 0 0 20 0 0 0 0 24 0 0 0 0 0 0 0 0 0 0 0 0 0 64 0 0 0 96 0 40 0 0 70 0 12 0 0 0 0 0 0 0 0 7 7 0 52 0 0 0 0 0 0 0 47 0 0 0 0 0 0 45
0 0 0 0 0 0 0 0 77 0 0 0 0 0 68 75 0 0 0 68 0 45 56 0 0 0 53 81 17 0 82 98 0 0 0 0 0 0 31 45 0 0 82 0 0 73 0 42 2 0 0 0 0 0 64 26 68 0 35 0 54 0 72 25 0 0 0 0 0 0 32 0 0 1 0 0 0 78 0 0 0 25 0 0 0 0 0 71 0 73 97 0 0 0 22 0 0 0 0 0
71 0 0 0 0 0 0 0 0 0 0 0 0 72 10 63 0 0 62 0 0 0 0 0 0 0 0 0 0 12 0 0 11 3 0 0 0 0 0 0 65 0 0 0 0 0 0 0 0 87 0 78 0 0 0 39 0 0 0 25 0 0 0 0 87 0 20 0 0 18 0 97 0 0 0 0 0 0 0 0 39 4 0 19 0 0 0 0 0 0 25 0 0 0 0 0 0 0 0 0
0 0 93 29 0 0 0 24 14 0 0 0 0 0 12 0 45 0 0 0 0 10 0 0 27 44 72 0 0 0 0 0 0 0 80 0 0 0 0 0 0 0 0 0 0 0 47 0 0 0 97 0 0 0 0 0 0 0 73 0 0 0 0 0 0 0 0 0 0 0 0 0 0 0 0 0 0 0 0 0 0 47 16 0 0 0 0 0 0 0 0 97 42 0 0 86 56 20 0 38
0 100 0 0 0 0 2 0 97 0 0 0 0 29 0 84 0 13 0 0 9 0 0 0 0 80 0 0 0 0 0 54 0 79 0 0 0 0 0 0 0 0 0 92 0 88 0 95 70 0 0 0 0 0 0 0 2 0 0 0 0 0 0 0 0 0 0 0 74 0 0 0 0 0 0 0 67 0 0 86 0 0 0 0 0 0 40 15 0 85 0 0 0 6 0 0 0 0 18 59
88 0 0 0 0 0 0 0 0 0 0 0 0 0 34 0 43 0 0 0 0 89 0 0 0 20 0 0 0 0 0 0 36 0 76 0 78 0 0 0 0 95 0 0 0 0 0 0 91 0 53 20 39 0 0 0 0 0 90 16 29 27 26 31 23 0 23 0 0 0 0 0 39 29 0 0 32 0 0 71 0 77 0 0 0 0 64 88 0 6 0 36 0 0 86 0 0 0 0 0
0 17 0 0 88 58 73 0 0 0 0 0 0 0 0 0 0 0 0 0 0 0 15 73 0 40 0 0 0 0 42 0 0 0 0 0 0 3 0 98 27 65 0 0 33 49 0 35 0 66 0 25 0 37 48 82 0 0 84 70 44 0 0 0 41 0 0 3 44 0 0 0 0 0 85 0 0 0 6 0 0 94 0 0 0 0 0 0 0 0 0 89 0 0 74 0 0 0 0 0
0 0 0 0 44 0 0 0 0 0 0 0 0 0 62 0 0 0 0 35 0 0 0 0 0 3 0 0 45 0 0 0 95 0 35 91 88 0 0 0 0 87 0 91 0 0 0 0 57 95 0 7 85 0 0 0 7 72 0 0 0 93 0 0 0 0 0 0 33 0 0 0 0 0 0 0 0 0 13 51 34 0 85 0 0 0 90 0 0 0 0 0 0 0 0 0 0 0 7 0
0 0 0 43 16 0 0 0 42 0 0 0 38 0 0 0 0 0 0 0 0 0 0 45 10 0 35 0 0 0 0 18 0 71 99 0 0 0 24 0 0 0 0 0 55 0 71 0 0 0 0 0 0 0 0 0 0 0 0 75 0 0 0 0 0 0 0 0 0 0 0 0 0 0 84 0 0 81 0 0 75 79 0 13 0 0 0 0 0 92 0 7 0 0 0 57 0 22 59 38
97 0 0 72 0 0 0 0 0 0 0 0 93 0 72 0 0 0 0 0 0 48 0 72 0 0 0 0 92 0 0 0 0 3 0 0 67 0 0 0 0 0 0 0 28 0 0 0 0 0 60 0 0 0 0 92 0 0 0 0 0 0 0 0 0 0 0 0 0 0 17 54 1 0 0 0 0 53 61 0 84 0 0 36 0 84 0 93 0 0 13 74 0 0 0 0 0 0 46 0
67 0 0 36 0 40 0 0 0 12 4 62 0 0 0 0 68 0 71 0 76 28 0 0 0 0 17 0 0 0 62 55 0 26 0 0 0 0 0 0 0 0 0 0 99 0 0 0 0 0 0 0 0 0 0 0 0 0 0 0 0 14 0 0 28 0 63 0 0 76 0 24 0 0 0 0 0 94 0 0 0 0 0 42 100 0 0 0 0 0 0 0 0 0 0 0 0 0 0 64
74 0 0 0 33 0 94 53 0 0 0 5 0 15 0 0 0 0 0 24 0 0 0 0 0 0 0 0 0 0 0 0 0 0 0 0 0 0 0 0 0 0 0 0 0 0 0 41 70 0 0 0 0 0 0 0 0 0 0 27 0 0 92 0 0 0 0 0 0 0 0 0 0 0 5 0 0 58 0 0 0 0 0 0 97 0 0 0 0 0 0 0 0 0 0 0 0 0 0 67
0 0 0 0 0 68 0 0 0 0 0 0 91 88 0 0 0 0 0 0 0 0 100 58 0 58 26 0 0 0 42 0 0 0 0 0 22 0 83 0 0 0 78 0 0 0 0 0 0 0 0 96 0 0 33 0 0 0 0 0 0 0 0 0 0 0 0 0 73 0 35 0 0 0 1 0 0 98 0 0 0 0 5 0 0 5 0 0 0 44 0 31 0 0 0 0 0 0 78 0
90 14 0 0 99 0 0 0 69 0 87 0 65 0 47 76 0 0 0 0 0 0 0 0 78 57 0 35 0 0 0 30 0 0 42 38 0 0 0 0 0 0 7 0 0 0 0 0 0 0 64 0 79 0 2 0 0 0 37 0 0 0 0 82 41 19 0 0 0 0 0 0 46 0 0 0 0 0 0 0 0 26 20 0 0 6 0 0 0 0 69 0 0 82 0 0 58 3 0 0
0 0 0 17 25 0 0 36 0 0 0 54 0 0 98 0 0 83 0 33 0 0 0 19 0 0 0 96 0 0 0 0 0 0 0 0 0 0 0 0 0 0 0 0 12 0 59 17 0 0 0 14 0 0 0 88 0 0 0 0 0 67 60 0 0 0 0 0 0 0 0 0 0 0 0 45 0 0 0 30 30 0 0 0 0 0 0 0 0 0 0 0 84 24 0 69 0 0 66 0
0 0 0 31 0 0 0 0 0 11 0 0 0 0 85 0 0 0 0 0 0 0 0 0 0 99 0 0 0 0 0 0 0 0 0 98 0 0 0 0 0 0 64 0 0 42 0 0 0 0 46 0 0 0 0 0 0 0 0 0 0 0 0 0 0 0 0 0 0 0 0 0 0 0 0 0 0 98 0 60 0 21 0 0 0 0 0 0 0 77 34 68 0 0 0 0 0 0 0 0
0 0 58 0 0 0 0 34 70 0 0 0 0 94 0 0 0 94 0 0 0 34 0 50 64 0 27 0 60 0 0 54 0 0 89 0 0 0 0 0 0 6 89 66 0 0 0 0 0 0 16 0 0 0 0 88 0 0 14 0 0 0 0 3 0 4 0 0 33 87 0 0 0 0 0 85 0 0 0 0 0 43 0 0 0 100 0 0 0 80 0 52 0 0 0 0 0 0 0 0
0 0 0 0 0 0 0 0 49 0 97 0 0 0 0 20 0 0 0 0 19 79 0 0 0 98 0 0 0 4 0 89 75 0 0 96 0 0 0 20 0 0 76 0 85 69 0 0 0 0 0 79 73 0 0 99 0 0 0 44 0 51 67 0 0 0 0 89 0 8 0 0 0 0 23 0 0 0 0 0 0 49 0 0 0 0 0 0 21 0 0 87 0 0 0 0 15 0 0 57
0 0 0 0 28 78 5 17 0 0 46 0 0 0 0 0 0 44 63 10 0 0 99 54 0 0 61 8 0 0 24 43 0 44 0 0 63 2 0 0 0 0 63 0 27 0 99 0 49 0 0 0 22 73 38 0 0 0 0 0 0 0 0 0 0 61 7 0 0 60 8 88 0 0 30 34 0 29 0 62 21 0 0 0 0 94 0 0 0 0 0 32 6 0 0 0 0 0 8 85
0 71 0 0 0 0 73 0 19 35 0 0 0 16 7 0 0 0 0 0 0 0 3 77 98 0 0 0 0 0 0 45 0 0 0 0 0 0 0 0 0 0 0 0 0 0 0 0 0 0 70 0 0 0 0 76 0 0 0 0 44 6 0 0 0 0 0 0 0 0 0 0 0 0 49 0 19 14 45 0 65 0 0 0 0 36 94 0 0 0 0 0 0 0 0 89 55 8 0 0
92 0 0 0 89 0 0 0 0 47 0 0 0 0 0 84 0 31 0 41 0 0 0 0 0 0 0 0 0 67 0 1 0 0 95 0 58 0 0 0 0 0 0 0 65 19 26 0 0 92 0 0 79 0 57 0 0 0 0 0 0 0 76 0 0 0 0 0 0 91 0 14 0 0 0 0 0 0 98 15 0 0 0 12 0 54 0 83 0 0 0 0 0 0 19 0 0 0 0 0
23 33 28 0 0 0 0 85 0 15 0 0 0 62 80 0 0 0 0 100 41 0 63 0 0 26 65 0 0 33 0 0 0 0 81 0 0 0 0 0 0 0 0 0 26 0 15 0 0 0 95 0 71 0 0 0 46 0 0 0 0 83 0 0 38 0 0 90 0 0 0 0 0 55 19 0 0 0 45 0 0 0 25 33 0 0 0 82 0 0 0 0 43 0 87 0 0 80 0 0
0 52 0 0 18 0 27 0 0 14 26 0 96 0 0 0 0 0 71 0 0 0 36 0 0 0 0 0 0 0 61 0 0 26 0 0 0 15 0 0 0 0 43 0 0 0 0 0 0 0 66 47 0 0 0 0 56 0 0 0 0 0 0 0 0 19 60 0 0 0 0 0 0 0 0 0 0 0 0 50 0 0 0 0 0 0 6 0 0 0 0 0 0 65 0 0 52 0 57 0
0 0 0 63 0 0 0 0 0 0 0 0 0 0 0 0 0 0 0 0 0 0 0 0 0 0 0 0 91 96 0 32 91 0 7 0 0 0 0 0 0 0 0 30 90 0 39 14 0 0 34 0 0 0 7 51 0 0 50 0 0 0 0 0 0 51 5 0 0 0 0 24 0 0 0 0 0 63 0 0 0 0 0 0 0 0 0 90 0 0 0 42 0 0 56 0 0 62 0 0
0 1 20 66 0 0 5 0 0 0 0 0 0 23 0 0 70 0 0 0 0 1 0 0 0 0 0 0 0 82 0 0 0 0 92 0 69 0 84 0 73 0 42 0 0 17 0 0 61 53 0 34 0 0 42 0 0 0 0 73 0 0 0 0 0 0 0 0 0 0 0 0 9 0 0 0 0 0 0 0 0 0 0 91 0 40 74 44 0 0 0 0 0 0 0 0 0 47 0 87
0 0 35 0 0 37 0 0 0 0 63 0 0 29 0 0 0 27 0 0 71 0 0 52 94 0 0 0 12 0 0 0 0 0 6 0 0 0 30 0 0 0 26 0 0 0 0 0 86 50 0 18 50 0 9 0 13 0 0 46 0 0 0 0 0 0 0 0 0 0 0 81 0 0 0 0 0 0 0 0 0 0 0 0 32 0 40 0 0 18 0 0 0 94 0 0 0 0 0 61
96 0 19 0 0 0 0 46 78 0 0 75 0 0 0 0 0 0 0 0 85 23 16 0 0 0 0 55 55 0 80 0 0 0 0 0 0 0 0 0 0 90 0 0 0 0 0 7 0 0 0 0 0 0 0 0 0 0 0 0 0 0 0 0 0 0 0 0 0 0 0 38 0 25 0 0 0 0 0 0 0 0 0 0 0 0 0 0 0 0 0 16 0 64 0 0 0 0 19 0
0 0 0 0 5 71 0 0 0 6 0 0 0 94 0 57 31 0 0 0 0 0 0 0 0 5 96 0 0 0 0 0 0 93 0 0 0 0 37 0 53 0 33 0 22 0 0 0 0 40 0 66 0 0 0 0 0 0 0 0 0 0 0 0 0 0 0 0 0 0 0 0 0 38 0 0 0 60 0 69 13 0 0 0 0 28 32 0 0 0 0 0 0 0 25 88 20 0 0 0
0 0 0 2 0 0 0 0 0 0 8 0 0 0 0 0 0 32 0 0 0 0 84 0 0 0 0 0 0 0 13 0 0 0 86 34 0 0 0 0 0 0 28 41 0 0 0 0 0 80 0 0 34 0 0 0 0 19 0 0 0 0 0 52 0 57 0 0 0 0 0 0 71 0 0 0 0 18 40 70 0 0 0 0 55 0 33 2 0 0 0 0 0 15 0 61 0 29 0 0
0 0 0 0 0 87 72 0 0 0 23 0 0 0 0 0 0 0 0 78 0 0 0 0 0 0 0 0 0 0 0 2 0 0 0 0 85 0 0 0 0 0 31 0 0 0 0 0 46 0 0 26 0 0 0 0 0 0 0 1 18 0 24 0 0 0 96 72 65 0 0 0 0 0 61 0 0 44 0 0 0 0 0 0 0 0 0 57 0 0 0 0 0 0 85 0 95 12 0 84
0 0 51 0 0 39 0 0 0 0 60 0 0 0 0 0 0 0 0 0 77 0 0 0 26 0 0 0 0 0 12 0 0 0 70 0 0 16 96 81 0 0 96 0 36 0 54 0 0 0 0 0 0 0 0 0 0 80 0 70 0 0 0 0 0 23 0 0 0 0 0 99 0 0 0 0 0 0 45 0 0 66 0 0 0 0 0 0 15 24 0 0 0 0 0 0 0 88 0 0
0 0 0 0 0 0 0 0 1 0 45 0 0 0 0 0 3 76 0 0 0 0 0 0 0 0 0 0 0 84 0 45 91 55 25 95 0 0 0 0 0 0 76 0 0 0 71 0 0 0 0 0 0 29 0 0 0 0 49 0 0 0 25 49 40 0 0 0 0 0 5 30 0 0 0 0 0 0 0 9 16 0 41 50 0 0 0 0 0 0 77 0 77 0 5 0 0 0 20 23
88 71 0 0 58 0 0 0 0 0 0 0 32 0 86 0 0 0 0 0 0 0 0 78 35 0 0 44 0 15 43 0 86 0 0 44 0 86 0 0 29 92 0 0 96 0 18 42 79 0 94 0 94 0 0 0 46 0 0 0 0 0 0 0 56 0 0 0 0 51 0 0 0 0 20 0 0 0 0 0 0 72 0 0 27 0 0 0 0 0 0 0 0 55 0 0 0 27 0 0
0 0 0 0 0 0 0 81 0 0 0 86 0 65 0 68 0 39 4 44 99 0 0 0 56 0 0 0 0 52 29 0 0 0 0 91 0 0 33 49 0 0 0 0 64 45 80 0 40 0 0 0 0 0 0 0 48 0 88 0 0 3 21 0 0 0 92 0 0 0 0 0 0 0 0 0 61 0 0 0 0 0 0 85 0 94 0 0 0 0 1 0 0 0 0 0 0 0 34 0
0 29 0 44 86 42 53 24 0 0 0 48 0 45 0 93 0 26 0 0 0 0 98 0 0 0 33 0 88 0 85 0 0 81 0 0 43 0 0 45 0 0 0 23 0 0 0 0 0 0 0 0 0 0 0 0 19 0 0 100 0 0 0 71 0 0 0 0 28 54 0 0 0 0 0 0 0 0 12 0 52 0 0 0 0 0 89 0 0 0 0 12 0 27 0 0 48 0 0 0
0 0 0 0 0 0 35 0 62 18 0 0 11 69 48 0 2 80 29 0 0 0 87 0 0 0 0 0 0 0 0 0 0 0 0 0 0 75 0 0 0 0 0 0 0 0 0 51 0 45 0 0 47 0 0 0 0 0 0 38 39 0 0 0 0 0 75 0 0 0 0 0 0 0 0 0 0 0 0 96 0 0 0 32 0 0 0 45 0 0 50 34 0 0 22 0 0 0 0 0
12 56 28 0 0 0 0 78 0 0 0 0 0 0 0 87 69 0 0 98 0 75 0 0 0 0 0 0 0 0 0 93 91 0 20 0 0 0 0 48 0 0 0 0 0 18 0 36 0 0 0 0 0 0 0 0 0 57 0 0 93 0 0 0 0 0 0 0 0 0 0 0 0 0 62 9 0 64 0 0 0 0 15 0 0 0 58 0 0 0 97 0 20 0 81 0 0 0 54 0
59 69 0 0 0 0 60 0 0 38 0 0 0 64 0 0 54 61 90 0 7 0 0 40 0 0 0 0 0 0 51 79 0 0 0 44 0 0 0 0 100 0 0 0 0 0 0 56 0 62 79 22 0 0 67 47 89 0 20 0 0 0 0 34 0 0 0 0 0 0 0 0 0 0 0 73 0 0 0 0 0 0 0 0 0 0 0 0 0 0 0 0 0 0 0 0 71 0 84 0
53 0 0 0 0 0 0 63 7 22 0 51 0 0 93 0 0 0 0 0 0 0 0 0 86 0 0 66 17 0 0 58 0 0 0 0 0 0 0 0 0 0 0 0 0 22 12 0 0 0 0 47 23 0 0 1 0 25 0 42 0 0 0 0 96 0 0 57 0 16 0 0 58 0 31 0 0 13 0 77 0 41 13 71 0 0 0 16 90 0 0 0 0 0 0 81 0 26 0 53
0 0 0 0 82 28 0 99 0 0 0 0 0 0 0 82 0 0 0 0 0 64 50 0 0 0 0 68 0 4 0 0 30 0 0 8 0 0 0 0 0 94 0 2 18 0 0 0 0 0 0 0 12 0 0 0 0 0 0 0 22 0 0 0 0 0 0 0 0 0 0 0 0 0 0 40 24 0 0 0 42 0 0 0 0 0 0 0 0 0 0 0 56 53 67 0 0 0 0 0