100
0 0 0 0 0 46 0 0 11 0 0 0 0 42 9 0 0 0 8 0 69 0 51 0 0 0 0 0 0 0 0 0 0 24 0 0 0 0 0 22 54 0 60 89 0 97 0 0 0 0 0 0 0 0 0 0 96 0 64 0 0 63 65 85 0 0 0 0 0 0 0 0 0 0 0 0 0 55 0 0 57 0 75 90 0 87 0 87 0 0 0 4 0 94 0 0 0 0 62 26
0 0 0 0 99 0 37 0 0 0 0 0 0 0 0 53 0 0 0 56 18 0 0 0 0 0 0 0 0 0 52 0 31 0 0 0 52 73 0 0 0 83 0 0 0 0 45 0 0 0 0 0 19 20 0 0 0 0 0 0 0 0 0 0 0 27 0 6 0 0 0 0 0 62 0 0 0 0 67 0 0 0 0 0 2 0 0 0 0 0 12 67 0 0 0 0 0 0 0 0
0 0 0 0 0 0 33 53 89 26 67 0 0 43 0 0 97 0 0 0 0 0 72 0 18 0 0 37 7 0 52 0 0 28 0 0 0 0 0 0 84 93 0 0 80 0 0 0 0 0 0 0 0 0 0 29 52 0 0 0 0 0 0 0 0 24 0 0 67 12 0 0 81 0 0 0 84 0 0 0 0 0 0 0 0 0 0 25 0 0 0 0 95 0 0 27 0 0 0 2
29 77 0 0 0 0 0 0 0 41 0 0 83 0 0 86 0 0 0 0 0 32 96 0 0 0 0 0 0 0 0 0 0 0 0 0 0 0 0 63 0 0 0 0 39 0 0 33 32 0 0 0 0 0 0 0 0 0 0 0 0 0 0 33 0 0 0 0 94 0 0 79 0 0 0 0 53 0 0 89 16 0 0 0 0 9 32 0 0 0 0 0 0 56 0 0 0 0 0 0
0 0 58 0 0 0 0 0 54 0 0 0 46 62 84 0 0 96 18 0 0 0 0 0 0 74 0 92 7 0 32 33 3 0 0 0 85 0 0 0 0 53 31 8 0 0 77 0 0 0 0 0 6 0 0 0 9 0 0 0 0 46 0 21 0 0 0 0 0 0 54 9 0 0 82 71 0 0 0 0 44 0 0 0 0 42 29 0 0 59 0 57 0 18 0 0 0 0 0 0
82 0 0 0 0 0 90 0 0 0 0 0 0 0 47 22 66 75 71 78 0 0 15 0 0 0 61 34 91 0 0 0 0 0 0 0 0 0 0 31 0 0 0 0 0 0 0 0 42 0 0 0 77 0 0 0 37 0 0 0 0 17 94 95 0 0 41 49 0 51 0 87 0 0 0 0 0 0 0 0 0 0 96 81 0 0 0 0 0 0 0 0 0 0 0 44 85 0 0 0
0 0 76 0 0 0 0 0 4 0 0 0 0 35 0 58 0 0 0 0 0 0 0 0 0 0 0 0 0 0 0 0 48 0 0 0 32 0 0 0 45 67 0 0 0 81 38 0 60 0 0 6 0 0 0 0 0 37 0 0 0 0 0 100 0 0 49 0 0 0 0 0 79 0 0 0 0 0 19 0 0 0 0 0 0 0 0 0 0 0 0 0 0 0 0 0 0 0 73 65
0 0 0 0 40 10 0 0 0 0 7 0 0 0 77 0 0 0 91 0 43 26 87 0 0 76 0 29 0 0 48 0 0 0 64 49 0 0 0 0 0 0 0 0 0 0 0 0 0 0 0 89 0 0 0 0 0 0 0 0 0 0 0 0 0 0 0 100 0 32 0 0 0 0 0 21 0 0 0 0 0 0 0 99 0 0 0 0 14 23 0 2 0 0 0 0 13 0 0 0
0 0 0 0 87 0 0 0 0 95 34 0 0 0 0 0 0 0 0 0 0 0 0 0 100 0 0 15 0 25 0 32 0 0 0 27 0 0 62 0 0 13 42 27 8 0 0 0 0 0 0 87 0 54 0 0 0 0 0 36 0 0 0 98 0 0 93 55 0 46 0 29 0 0 0 0 100 0 0 0 0 0 0 64 37 14 0 0 9 27 26 0 0 0 100 0 0 0 0 0
50 26 0 0 0 72 0 0 51 0 0 0 0 91 0 0 0 0 0 25 0 9 0 0 0 0 0 0 0 0 0 0 0 66 0 0 11 69 0 0 0 12 2 0 97 0 0 0 0 0 0 0 0 87 0 70 0 0 10 37 0 0 0 0 28 0 0 81 0 90 0 0 0 29 0 67 7 0 0 18 94 0 0 84 0 0 0 0 0 33 0 0 0 0 0 35 77 76 0 0
0 0 0 0 68 98 11 0 0 0 0 0 0 0 0 0 0 0 18 33 95 44 0 0 0 0 0 61 0 0 0 0 30 93 0 0 2 0 43 18 0 0 0 0 0 0 56 0 0 0 0 0 17 0 0 68 0 0 94 0 94 0 0 68 0 0 0 63 0 0 12 0 52 0 0 0 0 0 0 0 0 0 0 93 0 0 0 17 0 21 0 0 52 0 0 0 0 0 0 0
0 92 0 94 0 64 0 2 0 0 0 0 0 17 0 0 46 0 85 62 0 0 0 0 0 0 0 88 0 0 0 19 0 29 0 0 0 97 0 0 94 68 0 0 0 17 0 0 0 0 0 0 0 0 35 0 0 0 0 0 0 0 0 0 0 0 42 0 0 43 0 0 0 0 0 72 27 17 0 0 2 0 0 74 55 43 0 0 0 58 0 0 56 0 0 0 0 0 0 0
0 0 0 0 78 7 84 26 0 13 0 0 0 0 0 0 0 0 0 63 0 0 0 0 0 0 0 0 0 0 0 17 0 0 24 5 0 0 0 0 64 0 0 0 77 17 0 0 4 4 0 0 0 22 0 0 70 0 0 0 70 84 0 97 6 0 0 0 0 0 0 74 0 0 0 0 0 0 0 0 0 0 49 0 0 0 0 0 67 0 18 34 0 85 0 0 0 0 0 0
0 0 0 11 32 47 66 0 0 0 0 0 50 0 0 0 0 0 76 0 0 0 0 0 0 0 39 0 0 0 0 0 0 0 48 0 38 0 0 0 0 0 33 0 0 0 0 0 0 0 0 0 15 71 0 0 90 10 0 35 0 0 0 0 0 58 0 0 0 20 0 0 0 0 0 0 18 0 47 0 60 63 24 0 0 0 0 0 0 0 0 17 0 0 0 0 83 0 0 0
0 0 0 0 39 0 0 0 0 0 0 0 8 37 0 0 16 92 0 86 0 5 0 0 0 70 5 0 0 0 70 5 53 39 77 86 0 0 0 94 0 0 0 0 0 0 0 91 0 62 76 0 0 0 0 0 0 0 0 15 0 42 17 38 0 0 0 0 0 0 0 0 92 0 0 0 0 0 0 0 0 88 0 0 0 0 0 52 0 0 0 0 0 0 89 83 0 27 0 0
0 0 0 0 0 0 0 62 0 0 0 0 0 0 0 0 0 7 0 0 0 0 0 0 0 0 76 0 0 0 0 50 0 0 0 0 0 0 0 0 0 0 31 0 0 0 55 83 0 41 0 65 0 0 0 93 0 91 0 0 0 0 0 0 0 90 0 0 20 0 0 0 0 0 0 0 0 0 0 21 0 57 0 0 19 0 0 0 0 0 0 0 0 0 0 12 0 0 0 0
19 0 0 0 0 38 0 0 0 1 0 0 0 0 100 84 0 0 23 14 0 22 0 0 0 0 0 0 0 19 0 18 0 0 83 0 0 0 0 0 0 0 0 97 0 0 0 0 0 0 22 67 0 0 0 0 0 0 0 90 0 0 0 55 31 29 0 27 0 0 0 0 0 35 0 0 8 9 0 11 10 0 55 0 0 0 0 0 84 0 37 0 71 63 0 0 0 0 0 0
0 0 0 0 0 0 51 0 0 0 0 21 0 0 3 25 62 0 0 52 0 72 0 48 0 0 39 0 0 0 0 99 0 0 0 0 0 48 0 0 0 0 0 0 0 0 0 0 0 0 0 0 0 0 0 0 0 0 0 0 0 0 64 82 0 0 0 0 0 0 0 0 0 0 3 0 0 0 0 0 0 0 0 0 0 0 0 0 0 0 0 0 0 0 0 0 0 0 0 88
0 0 0 77 0 61 0 0 0 0 0 0 0 0 0 76 0 0 0 0 0 0 95 43 0 73 0 0 97 16 0 0 0 0 0 0 0 0 85 0 0 0 45 0 0 0 0 0 0 0 0 0 0 0 0 0 0 0 0 0 0 58 0 14 96 31 0 0 0 0 0 50 85 0 0 0 0 14 0 42 0 80 0 0 0 0 0 0 0 0 0 0 0 71 0 0 0 14 75 0
0 0 0 8 59 0 0 0 48 0 0 4 0 0 0 0 0 0 16 0 0 0 0 0 0 0 0 0 0 0 0 10 0 0 0 22 0 0 0 0 0 0 0 0 0 64 0 0 0 0 0 0 0 0 0 0 0 91 0 0 0 0 65 0 0 23 0 0 0 17 0 2 0 0 0 0 0 12 0 0 90 0 0 0 0 49 0 0 0 0 0 0 0 0 49 0 87 17 0 0
0 0 0 0 0 0 0 0 0 22 0 0 0 36 0 0 0 0 0 0 0 0 0 0 0 47 0 0 0 29 0 0 0 0 0 0 0 17 0 10 0 0 0 40 0 46 60 5 0 0 3 0 0 0 98 0 0 0 0 0 0 0 0 0 0 79 70 0 0 85 0 0 0 0 0 0 0 0 0 29 0 0 0 0 99 0 0 52 0 0 0 37 0 0 36 0 0 0 0 0
34 0 0 0 0 0 0 0 0 64 0 0 0 0 0 0 0 0 0 0 0 0 0 0 0 51 0 0 0 0 0 0 0 0 0 0 0 0 0 0 0 0 0 0 0 0 0 0 0 0 0 67 68 0 0 58 0 0 0 0 0 0 0 0 0 0 0 9 0 78 0 55 19 0 21 0 0 0 56 56 15 4 0 0 28 67 0 0 0 0 0 0 10 0 0 94 0 0 65 96
0 0 0 1 0 0 19 0 0 0 0 0 0 0 0 0 0 0 0 49 0 0 0 2 42 0 0 0 3 58 0 96 93 0 0 0 0 0 0 0 0 0 21 0 0 0 0 0 0 47 0 0 0 0 0 0 0 0 0 0 0 0 25 0 0 3 0 0 43 0 0 0 0 83 0 0 0 34 0 0 0 11 0 37 72 0 0 0 0 0 0 0 0 0 0 0 18 0 0 0
0 0 0 80 0 0 0 0 0 0 0 0 0 0 0 0 99 0 0 0 0 26 0 0 22 52 96 0 0 0 0 0 0 99 95 0 0 0 3 33 20 0 0 0 0 0 0 0 0 60 0 73 81 0 1 0 63 0 0 0 0 52 0 0 7 0 0 69 37 0 85 75 0 0 0 0 0 0 29 0 0 0 0 0 54 0 0 14 0 0 0 0 0 41 0 0 0 0 0 0
0 0 0 0 33 0 0 78 0 0 0 0 0 0 0 0 0 0 0 0 82 30 0 61 0 0 0 24 0 0 77 0 0 78 0 0 0 0 0 0 0 0 0 28 0 0 0 0 0 0 13 0 0 0 39 0 0 92 0 21 0 85 0 0 0 61 0 0 0 0 0 0 92 0 0 76 0 0 45 0 21 0 0 0 15 92 62 0 0 27 0 72 24 0 0 0 7 0 0 0
0 0 0 0 0 0 0 84 0 47 0 0 5 0 0 0 0 73 31 0 97 0 0 26 0 0 0 57 0 0 0 0 0 0 0 0 0 0 0 0 95 0 0 0 0 50 0 0 0 0 0 0 0 48 47 0 0 0 0 0 0 0 91 88 0 0 0 0 0 0 0 25 0 0 0 0 95 0 0 0 33 0 0 0 10 0 0 0 0 0 0 0 0 0 0 0 0 0 0 0
0 0 0 0 0 20 90 0 0 0 0 0 83 0 0 0 0 99 0 0 78 92 57 45 0 44 0 0 60 0 21 0 0 0 0 23 0 0 0 20 0 0 0 0 0 87 0 39 68 0 0 34 0 0 0 0 92 0 0 0 0 0 24 0 33 80 79 33 0 20 82 0 0 0 0 0 0 9 0 0 0 0 0 0 0 0 0 0 0 0 58 0 0 0 0 0 0 63 0 0
41 13 0 52 0 0 0 0 16 42 0 89 0 0 0 0 0 0 0 0 43 0 0 0 35 66 0 0 0 84 0 0 0 0 0 61 0 0 3 0 0 0 0 0 41 0 79 0 0 0 71 67 0 0 0 13 0 0 0 8 0 0 84 0 83 47 32 0 66 0 0 13 0 26 26 47 0 0 0 0 0 0 0 0 0 0 0 0 12 0 0 0 0 0 0 26 34 0 79 0
0 0 54 0 0 100 18 0 0 11 30 0 0 96 0 0 0 7 0 0 0 16 0 0 0 0 0 0 0 0 0 0 78 91 0 7 0 0 0 0 23 0 53 0 0 0 0 0 0 0 34 0 0 0 67 0 0 40 23 62 54 0 0 0 0 22 59 0 81 0 37 0 0 0 48 0 0 57 0 16 0 0 0 51 0 0 0 0 0 100 74 94 0 0 0 0 27 7 0 0
0 0 0 88 0 76 0 0 0 0 57 0 0 0 0 86 0 0 0 0 21 93 0 61 0 0 0 0 55 0 0 0 0 0 0 95 0 0 40 17 0 65 95 0 0 89 86 0 92 0 0 0 0 0 0 0 0 89 0 0 0 0 64 0 22 0 0 0 0 0 33 80 0 26 0 69 0 10 0 0 0 0 78 84 88 59 0 0 0 0 0 0 42 54 0 0 0 0 0 0
0 0 0 0 0 0 0 0 0 0 0 0 0 0 45 0 0 0 62 0 0 0 0 0 0 2 0 0 24 44 0 1 0 0 79 80 67 0 5 0 0 0 0 0 0 0 0 0 94 0 0 20 63 0 0 0 0 0 14 0 98 0 22 0 0 0 0 0 40 0 0 0 54 88 0 0 0 0 0 0 0 0 0 0 0 0 0 0 0 0 0 0 0 0 94 0 0 0 0 0
0 20 0 0 0 96 0 26 0 0 0 0 0 0 1 0 0 0 0 0 0 0 71 61 0 0 0 42 0 44 0 0 0 44 0 93 0 7 55 0 0 32 12 0 0 77 0 77 0 0 0 32 0 0 0 0 0 94 26 0 0 0 0 0 0 0 0 0 98 31 0 23 0 0 0 0 0 0 0 0 99 0 0 0 0 0 0 0 0 0 85 63 0 0 0 0 0 0 19 0
14 0 0 86 95 0 66 0 0 42 0 0 0 29 45 0 0 0 84 0 91 81 0 0 0 0 0 78 0 0 0 0 0 0 0 0 0 8 0 0 0 64 0 0 0 0 0 0 0 24 91 0 0 0 0 37 0 4 68 13 0 0 0 9 72 0 0 0 98 0 6 0 12 38 0 0 0 0 0 0 0 0 0 0 0 0 0 0 0 0 0 0 0 0 67 0 0 0 5 23
11 68 0 0 29 0 0 0 0 24 0 0 0 0 0 0 0 0 0 0 0 53 0 0 0 0 0 0 0 0 0 0 0 0 0 0 56 0 0 0 0 0 0 0 0 0 0 2 0 0 0 5 0 0 0 0 0 0 0 93 45 0 21 59 61 97 48 0 0 0 0 0 27 24 0 0 0 0 0 0 1 0 0 33 0 0 0 0 0 0 16 0 0 0 59 71 0 0 0 0
0 0 0 0 0 0 0 0 0 0 86 0 0 0 0 0 81 51 0 91 0 30 61 0 0 64 0 0 91 0 0 84 0 12 0 0 0 0 0 0 39 0 0 0 0 42 64 0 0 11 0 0 0 0 0 0 24 0 0 0 0 0 0 72 0 0 0 0 0 0 0 70 0 0 0 0 0 0 0 0 0 0 87 0 0 90 0 0 88 0 13 57 0 0 0 70 0 0 0 4
63 88 0 0 26 93 34 0 0 16 73 0 73 0 0 0 0 15 66 0 0 0 0 0 0 0 0 0 13 0 0 74 0 4 0 0 0 0 0 0 0 0 0 19 92 39 28 0 26 0 1 97 0 8 34 0 0 0 0 56 0 0 0 0 0 54 0 0 0 0 0 77 0 86 0 63 0 0 0 49 0 0 87 0 0 22 0 73 47 0 0 0 0 0 0 0 4 0 0 0
0 99 0 0 0 6 0 47 31 0 0 0 0 65 0 29 0 17 0 0 0 0 0 0 80 0 0 0 0 0 0 0 15 0 0 0 0 0 21 71 75 0 13 0 78 77 22 21 0 0 0 0 0 0 82 0 75 0 0 0 0 67 96 3 0 0 0 0 70 0 0 0 0 29 0 0 0 0 0 0 0 0 78 0 0 31 68 0 0 0 0 6 0 0 0 0 0 0 0 0
0 0 0 40 41 0 0 0 0 0 17 0 0 0 0 0 79 0 0 0 0 0 0 0 0 0 41 0 99 0 0 0 0 0 68 0 83 0 0 0 0 0 48 0 0 0 30 0 0 74 8 0 0 0 0 0 0 0 37 0 0 0 0 0 0 0 0 0 0 95 98 20 0 74 9 0 7 0 87 52 0 0 0 0 0 31 0 0 0 0 0 0 25 0 42 0 0 0 0 0
0 0 0 72 0 0 0 98 48 43 100 0 83 0 40 0 0 0 18 0 0 0 0 91 0 44 0 0 48 0 0 0 71 0 0 100 0 57 0 0 0 22 0 69 57 0 0 0 0 0 0 67 0 0 0 0 0 0 57 0 0 0 0 0 0 0 80 0 21 0 0 83 0 51 0 0 0 0 0 68 54 8 0 0 0 0 30 0 0 0 0 0 0 0 0 0 0 0 0 0
27 0 0 0 32 0 0 53 0 9 0 46 0 73 61 0 38 0 34 0 0 0 8 0 0 0 0 0 0 35 78 62 30 0 0 0 0 0 0 0 0 0 0 93 0 0 0 0 92 0 0 71 0 0 0 0 0 0 0 0 0 20 0 0 0 0 0 0 0 95 35 0 0 0 0 42 0 16 0 0 0 0 0 47 0 0 69 0 14 0 0 0 0 0 0 55 0 0 0 0
0 0 40 0 94 0 66 0 0 40 0 0 0 0 0 0 91 0 99 83 0 0 0 0 0 63 0 0 37 0 0 0 0 0 0 0 0 0 0 0 0 0 0 0 0 0 0 0 0 22 0 0 0 0 0 0 0 41 0 0 0 0 0 0 0 65 0 0 0 0 0 0 0 0 0 49 0 0 0 0 9 0 36 0 0 0 10 61 0 0 0 80 0 0 0 0 0 25 0 0
0 0 0 94 0 57 0 0 27 0 57 0 0 26 0 0 0 0 0 37 0 0 28 0 0 0 0 40 0 0 0 0 0 0 0 89 83 73 0 0 0 0 0 0 0 0 0 0 0 0 0 3 0 0 0 0 0 0 50 0 0 0 0 0 23 47 0 0 0 0 0 0 0 44 0 0 16 0 0 0 0 0 80 0 44 0 0 0 0 0 53 0 0 0 0 0 35 0 0 0
0 96 0 0 0 0 0 91 0 94 0 0 0 0 0 0 99 99 0 0 8 0 0 0 0 0 0 0 89 0 0 0 0 0 0 42 86 0 27 62 0 0 0 78 27 5 0 70 83 0 66 0 86 0 24 0 0 15 88 0 0 0 0 22 0 0 0 86 0 0 0 0 41 92 51 0 0 0 0 0 0 0 0 36 37 0 0 0 0 37 0 0 15 11 0 0 0 0 0 0
0 88 64 0 0 0 10 0 0 0 0 79 96 0 0 0 80 0 0 37 65 62 80 0 0 0 0 0 5 41 0 0 50 26 0 0 82 0 37 0 0 0 30 0 0 0 0 35 0 0 0 0 0 0 84 0 0 0 98 0 0 39 57 0 54 0 0 24 55 0 36 0 0 0 0 0 0 0 0 19 0 0 10 0 0 30 0 0 0 0 0 0 0 0 0 84 0 0 100 0
0 0 95 0 0 0 61 0 60 97 0 37 0 0 0 0 72 0 0 0 0 0 46 0 0 96 0 25 0 94 81 26 0 0 0 16 19 4 65 0 4 0 0 0 0 0 0 0 0 0 75 0 0 0 0 0 0 0 0 0 9 0 0 0 0 32 0 0 93 0 0 0 0 0 0 0 58 0 0 0 18 0 0 0 48 0 67 0 0 77 0 0 19 0 62 0 0 0 0 0
0 0 0 0 0 74 0 0 0 0 0 83 0 0 0 0 0 0 0 0 0 0 0 0 0 0 0 40 0 0 10 91 0 0 0 0 0 0 86 3 0 0 0 0 0 0 0 50 44 0 53 0 0 62 0 0 9 6 0 84 0 0 17 42 0 0 28 0 78 0 0 0 47 0 97 70 0 0 0 0 0 0 0 0 0 0 0 64 0 0 0 0 0 0 0 0 0 0 0 0
0 0 0 0 0 0 87 0 8 0 0 0 0 0 74 50 0 0 22 0 37 0 95 4 0 49 0 0 0 0 0 0 0 52 41 51 53 0 0 0 0 0 0 0 0 0 0 21 0 95 0 0 8 0 4 0 46 0 0 0 0 36 0 27 0 0 0 0 0 0 0 0 35 19 18 0 0 0 0 65 0 18 0 0 4 0 0 0 0 0 0 0 0 0 0 0 0 0 0 61
0 0 74 0 71 0 0 85 0 0 0 0 0 0 0 0 68 0 0 0 78 0 0 0 0 0 41 0 0 0 0 0 0 0 0 0 24 16 0 0 0 0 0 14 0 0 0 0 0 0 0 0 64 0 0 82 0 0 49 0 0 0 0 0 0 0 0 0 0 0 5 68 0 98 0 0 0 0 0 66 7 0 0 0 0 2 0 0 0 0 0 0 44 0 0 0 0 45 0 0
0 69 30 4 0 3 0 0 0 0 0 0 0 77 74 0 20 0 0 35 0 32 0 35 0 0 0 0 74 0 0 0 0 0 0 0 0 0 0 29 99 98 0 0 0 31 61 0 0 0 0 0 0 0 0 0 14 0 0 0 0 69 0 0 62 49 0 0 0 0 0 0 1 0 0 0 0 0 0 65 0 96 0 0 0 0 21 0 0 0 0 0 0 0 80 0 0 0 63 0
0 0 0 0 0 0 10 0 0 0 0 90 0 0 37 62 0 0 84 0 61 69 0 0 0 54 0 0 0 0 53 0 15 0 0 0 0 0 0 42 0 0 0 79 11 96 0 0 0 0 0 0 0 29 0 45 29 1 0 0 0 0 0 0 0 0 0 88 0 0 43 0 0 0 35 0 65 0 0 0 81 0 66 0 0 46 71 0 0 0 33 0 0 0 0 0 81 0 0 0
0 0 0 96 56 0 0 29 0 0 0 87 0 0 0 0 0 0 0 0 0 0 0 0 0 36 0 0 0 27 0 0 0 39 0 0 0 90 0 0 35 0 0 0 0 58 0 66 0 0 0 0 0 0 0 0 0 1 0 0 0 0 0 0 39 8 32 0 1 0 0 0 49 41 89 0 0 0 0 0 95 0 5 0 41 86 0 0 0 31 1 0 89 0 0 0 0 67 0 0
0 0 55 0 14 0 0 0 0 0 36 0 0 0 0 0 0 19 0 0 0 0 0 0 0 0 0 0 33 0 0 0 20 0 0 0 0 83 3 0 0 9 79 0 0 75 76 60 0 0 0 0 0 0 97 39 0 72 0 85 98 0 56 36 16 0 0 0 0 0 0 44 0 0 0 0 0 0 0 0 0 0 0 81 0 0 0 36 0 0 0 0 0 50 0 0 0 0 40 0
9 0 0 0 0 0 0 4 0 23 0 0 0 0 0 0 18 0 0 0 0 68 0 0 0 0 0 0 0 23 18 92 92 11 0 31 0 0 0 85 0 0 0 0 38 41 0 0 0 0 0 0 0 0 0 0 0 46 0 0 24 0 62 65 0 0 0 37 0 54 0 0 0 90 0 0 36 1 0 0 0 0 0 0 60 0 0 0 0 14 29 0 0 0 0 0 0 91 0 0
0 37 0 0 0 0 0 46 0 0 0 0 33 0 0 0 0 0 61 0 0 0 0 33 0 0 0 0 0 0 0 0 0 94 71 0 0 91 58 0 0 0 0 0 0 0 0 0 22 0 41 0 0 0 0 75 9 0 36 0 0 72 0 0 0 88 57 32 0 0 0 0 0 0 0 0 0 0 0 0 0 0 0 0 0 0 0 0 0 1 65 41 0 0 0 0 0 0 0 0
93 0 0 0 0 0 0 0 0 0 0 56 0 0 0 0 0 41 0 0 0 0 0 0 0 0 0 72 0 0 0 0 0 0 0 0 0 0 0 0 80 0 0 0 0 0 0 0 0 0 0 0 0 0 0 0 0 0 24 0 0 27 1 14 0 0 0 0 25 0 0 0 0 0 0 58 86 0 0 31 0 0 0 59 0 0 0 34 93 0 0 0 0 20 0 0 0 0 50 0
63 0 0 0 0 0 0 0 45 0 0 0 34 0 33 28 0 0 18 0 0 0 0 32 0 0 0 27 0 0 32 0 0 53 0 0 0 63 0 0 0 0 61 0 0 0 7 83 0 34 0 0 0 0 11 0 0 0 0 16 0 49 25 0 0 0 0 0 0 0 0 6 0 0 29 0 0 0 0 0 0 0 0 0 0 0 0 0 0 0 0 0 0 0 49 0 0 0 80 0
0 0 29 0 0 81 90 0 0 35 0 0 0 0 0 0 39 0 0 0 0 66 0 0 16 0 0 0 79 0 0 100 0 0 0 0 0 0 0 0 0 0 0 0 0 0 0 0 0 0 0 0 0 98 0 0 0 9 0 0 87 97 29 40 0 91 0 0 0 0 51 38 0 10 0 0 0 0 0 0 56 0 0 0 0 0 0 3 0 0 0 17 67 0 89 0 0 40 0 34
72 0 0 0 0 0 0 0 0 0 76 0 0 0 0 10 0 0 0 26 74 0 0 0 0 34 0 0 0 0 0 0 70 22 0 0 0 36 0 0 26 0 0 0 0 0 0 93 0 0 0 13 0 72 25 0 0 0 0 92 88 0 0 0 0 0 0 0 0 85 65 0 33 0 21 0 28 0 0 9 5 0 0 0 0 0 0 0 0 0 0 0 0 0 84 0 0 0 56 0
0 0 62 0 0 8 0 84 0 0 98 81 0 0 0 11 0 0 32 0 55 0 0 0 0 0 0 0 0 0 0 37 4 8 0 45 0 4 0 95 88 0 57 0 0 26 0 0 0 0 0 0 0 47 0 0 0 0 0 0 28 40 0 79 0 0 0 0 0 85 0 0 0 0 5 0 0 0 0 0 0 86 56 94 0 0 0 0 0 48 21 0 0 0 0 0 0 0 0 0
0 0 0 49 61 83 0 0 0 0 0 0 0 0 0 0 79 0 0 0 87 58 0 0 0 33 0 33 0 0 0 0 0 0 18 0 0 0 0 0 21 0 0 0 100 73 0 0 0 0 0 42 0 0 0 0 0 0 0 0 0 0 0 0 0 0 0 56 0 0 58 6 0 0 27 0 0 0 0 0 0 0 0 0 19 0 0 0 0 0 0 55 0 0 0 0 0 0 0 0
0 0 0 78 0 0 0 0 0 7 47 0 0 0 0 0 0 62 0 0 0 0 0 0 5 0 91 0 0 64 0 19 71 78 0 0 0 0 0 91 4 0 0 0 0 80 0 0 0 0 0 0 15 0 0 29 0 0 0 0 0 14 0 0 0 0 0 0 14 0 0 0 0 0 0 0 0 0 0 0 0 0 0 0 0 92 0 0 45 25 0 0 0 46 0 36 0 44 0 11
0 0 0 26 0 0 0 0 36 0 82 0 0 1 4 82 0 74 85 0 0 0 0 0 0 0 14 94 92 0 0 0 0 3 0 0 0 20 0 41 0 0 72 0 32 0 0 0 0 0 0 0 0 89 0 0 92 69 0 76 0 0 44 0 0 0 37 0 5 0 0 41 0 0 0 0 0 0 0 0 0 0 24 0 0 42 0 0 0 0 93 84 82 0 0 32 0 80 0 32
0 0 0 0 0 0 0 59 0 0 0 0 0 0 0 0 0 0 0 21 0 0 86 0 0 0 0 57 0 33 78 16 0 70 23 0 0 0 41 0 0 0 87 34 0 0 0 0 0 0 0 0 0 0 53 32 10 93 0 86 0 0 0 0 87 0 0 76 35 0 0 0 10 0 77 14 0 0 0 0 49 4 0 29 88 0 23 90 0 0 0 0 1 51 0 0 64 0 0 0
0 0 0 0 0 11 0 0 0 0 0 0 0 0 0 0 0 20 98 31 68 0 0 64 0 0 73 0 0 0 59 0 0 48 75 45 0 0 0 0 0 0 50 0 0 0 99 0 0 32 0 0 79 0 0 0 0 0 0 0 0 6 6 0 0 0 0 93 0 0 0 0 59 0 0 0 0 0 8 0 0 0 55 0 0 0 0 0 0 87 0 0 0 0 0 0 49 0 0 29
54 0 83 0 0 0 0 0 0 0 53 0 0 3 0 0 0 0 0 0 0 0 0 0 0 0 0 79 38 0 0 0 0 87 51 0 59 58 0 0 0 0 0 0 0 0 2 6 0 0 0 0 0 0 0 0 0 0 0 94 0 0 0 0 0 0 65 21 0 0 0 0 0 0 0 0 0 0 0 87 0 0 0 0 0 0 91 0 0 0 0 0 0 2 40 50 0 0 0 0
0 0 0 0 0 0 22 58 0 1 0 0 0 0 0 47 35 0 0 0 0 27 78 9 0 21 0 0 0 3 0 0 38 0 0 0 96 0 0 0 0 0 0 0 0 0 39 0 0 31 0 0 0 0 0 81 0 68 0 0 0 0 0 0 0 0 49 0 0 0 0 0 14 0 76 0 0 0 0 0 0 0 0 0 0 0 0 0 0 0 0 93 0 0 0 56 0 0 28 70
0 46 0 85 0 0 80 0 40 0 0 0 0 0 0 0 0 0 0 0 98 0 24 78 0 0 0 0 0 0 0 98 0 0 0 0 0 0 0 63 0 82 0 0 0 0 0 42 0 0 0 0 89 0 0 0 0 0 0 0 0 0 0 0 75 0 0 0 0 0 0 0 0 0 0 0 0 0 0 0 0 28 30 23 0 0 0 77 33 67 0 0 0 55 0 0 0 83 0 0
0 0 92 55 32 0 0 0 0 0 0 0 0 0 84 0 0 70 0 0 0 0 0 0 0 23 38 0 0 0 0 77 0 0 0 5 0 0 0 0 0 64 0 1 0 0 0 0 0 0 0 0 72 0 0 5 0 0 98 2 0 69 29 0 85 44 77 0 0 72 0 0 0 0 0 0 82 0 0 0 0 0 0 16 0 75 64 0 0 0 0 66 35 0 0 0 0 0 0 0
0 0 0 50 0 0 0 0 0 0 56 0 0 0 0 0 0 65 73 0 58 70 56 0 29 17 55 44 0 0 0 74 49 6 0 59 0 0 0 0 46 0 89 52 0 0 0 0 0 32 0 0 98 0 0 0 0 0 0 0 22 56 0 76 0 0 32 58 0 0 0 0 0 33 0 0 0 0 0 0 0 30 0 0 0 0 0 46 0 0 31 0 0 0 0 0 0 31 0 0
0 43 0 0 57 72 0 94 0 0 0 0 0 24 54 0 0 0 0 0 2 0 0 0 98 0 0 0 98 0 0 33 33 0 0 0 0 7 66 0 22 0 4 0 20 0 0 81 0 0 0 89 0 0 0 55 0 65 0 0 0 52 38 0 0 0 0 67 0 0 0 50 0 0 0 0 89 0 64 0 0 6 0 0 0 0 0 27 0 0 0 0 0 0 59 5 0 89 87 90
0 0 0 0 0 0 0 0 79 41 0 0 37 0 0 0 0 0 0 0 0 58 0 0 0 6 0 40 70 0 63 87 0 0 0 51 0 0 75 74 0 0 0 0 0 82 0 0 0 0 60 0 0 4 0 0 56 0 0 0 53 0 0 0 0 0 0 0 0 41 0 0 0 0 0 0 34 0 0 0 0 0 0 72 50 0 38 0 0 67 0 0 93 0 0 0 77 50 0 0
71 85 0 0 84 0 0 0 0 0 0 0 0 0 19 0 0 34 0 0 0 21 0 52 48 0 0 0 6 0 0 0 0 0 47 0 54 0 0 50 0 0 0 0 0 11 0 39 7 0 0 0 0 0 0 67 0 15 0 0 92 86 0 0 0 0 0 0 0 39 0 0 0 12 0 87 42 0 0 0 0 0 0 0 0 0 0 0 0 0 0 94 0 0 0 18 21 0 60 0
0 0 0 0 0 0 0 0 65 11 0 59 0 0 0 9 0 0 40 65 0 0 0 0 0 0 0 0 0 0 0 0 0 0 0 19 0 0 0 0 0 27 0 0 0 0 90 37 0 0 0 0 0 0 0 0 65 0 0 0 0 0 0 33 100 0 0 19 0 0 0 0 0 0 0 0 0 0 0 0 0 0 78 0 0 80 0 0 34 0 94 0 91 0 0 0 0 0 0 0
0 0 0 94 0 0 0 69 0 0 0 0 0 88 0 0 0 30 0 0 0 0 79 0 0 0 0 0 87 0 0 0 0 0 0 0 18 0 0 50 0 72 4 0 0 7 0 0 0 100 0 0 29 0 0 0 0 0 0 0 87 0 0 93 0 0 0 0 0 0 0 0 0 0 0 0 0 73 10 0 81 0 0 0 67 0 78 0 87 0 0 0 0 0 54 0 0 0 0 0
0 0 38 0 0 0 0 0 0 60 5 0 0 28 0 0 0 0 0 0 0 30 0 0 0 0 0 0 0 41 0 0 0 0 0 0 0 0 0 0 0 0 0 0 0 0 0 0 0 49 5 0 0 0 0 0 0 0 48 0 0 0 29 0 0 0 73 16 0 0 0 0 53 0 0 0 0 50 0 86 0 0 0 49 0 88 0 0 0 0 0 0 0 0 0 41 0 30 0 0
0 0 0 0 0 61 0 0 0 0 0 0 12 0 0 32 0 0 0 0 95 0 47 45 0 0 0 56 0 0 0 63 0 0 0 0 52 0 63 0 0 0 0 0 19 0 75 39 0 80 0 0 6 34 60 0 0 68 0 0 0 0 56 0 96 0 0 0 0 0 0 0 0 52 99 0 0 0 0 0 43 0 0 0 0 86 0 0 44 0 0 0 69 0 0 0 0 0 0 0
0 0 20 0 0 0 88 0 0 24 0 51 0 0 0 0 0 0 0 0 0 0 97 19 0 46 0 0 0 0 0 0 34 0 77 0 0 74 21 0 16 0 49 0 66 84 42 0 0 5 0 0 0 0 0 0 0 0 0 0 0 0 0 0 0 75 43 84 0 0 0 75 0 0 0 0 0 0 0 0 13 0 0 0 0 0 0 0 0 15 92 0 0 0 53 0 27 0 0 0
0 0 0 0 60 0 52 86 0 0 0 89 0 0 0 0 0 94 0 28 0 0 90 0 0 0 0 0 0 0 0 0 0 0 0 89 1 0 29 0 0 75 0 29 0 6 0 0 0 0 0 80 0 0 50 0 1 18 0 3 0 94 0 0 0 0 0 0 0 0 0 0 24 0 66 0 0 0 0 78 58 3 79 0 0 0 23 0 0 0 0 49 0 0 0 0 0 0 94 60
0 46 0 0 0 0 0 0 0 0 0 0 49 2 0 0 0 0 0 0 0 0 17 0 0 0 0 0 0 0 0 6 0 0 0 0 0 0 0 0 0 0 0 0 0 0 83 0 0 54 0 0 0 6 0 0 0 44 0 84 0 0 62 0 0 52 0 32 34 0 0 48 0 0 0 0 59 65 0 0 0 0 0 0 0 0 65 74 0 22 0 0 0 0 10 40 1 0 0 0
15 0 0 0 41 0 0 55 0 2 40 0 0 0 59 35 0 0 0 27 0 0 23 0 0 0 0 0 44 0 0 0 0 0 0 26 0 0 5 0 0 0 0 33 0 71 8 0 0 0 0 0 0 0 0 0 0 0 30 0 0 0 0 0 0 0 0 0 0 0 0 0 0 0 65 0 0 0 0 0 63 0 0 0 0 60 0 0 0 0 0 0 72 0 96 0 0 45 0 0
0 51 0 0 0 0 0 0 0 0 0 0 0 0 0 18 0 81 84 0 0 0 0 0 0 0 33 0 0 0 0 4 0 0 0 0 0 0 0 76 0 0 81 0 17 0 11 0 0 0 0 0 0 0 0 0 0 0 0 0 0 0 0 48 70 0 0 0 0 35 0 0 0 74 11 0 57 24 0 99 0 0 0 0 48 0 0 0 0 0 0 0 93 0 0 0 0 26 0 44
0 11 0 0 0 0 0 86 0 0 88 0 0 0 67 0 23 0 89 42 0 0 0 0 0 0 0 72 0 100 0 58 0 54 0 31 0 93 0 0 0 0 0 10 0 24 0 93 0 0 0 17 0 0 56 0 83 0 0 0 0 0 0 44 0 0 43 98 0 0 0 0 0 0 0 0 36 0 17 0 0 0 0 32 0 0 43 40 0 0 0 0 32 0 58 41 86 99 0 0
0 0 0 0 9 0 61 0 45 0 0 0 0 0 45 0 57 0 0 0 0 0 0 0 0 0 58 0 0 0 0 0 66 0 0 0 16 37 0 0 0 0 0 0 0 0 0 0 1 0 87 15 0 0 0 0 0 32 0 0 28 0 0 59 0 0 0 0 0 0 0 45 0 0 0 92 69 0 63 0 0 0 0 0 26 99 0 0 0 0 0 0 0 0 0 0 0 0 0 0
83 0 4 40 0 0 0 0 0 83 0 0 0 0 0 0 0 0 29 0 0 0 0 0 41 0 0 0 98 0 100 0 85 0 0 0 0 0 0 0 77 7 0 0 0 0 0 0 0 0 0 0 0 0 81 17 0 0 60 0 0 0 0 0 42 47 0 0 46 0 0 0 0 0 100 0 0 0 0 0 0 0 0 0 0 0 0 0 0 0 0 0 0 0 28 0 54 0 0 74
0 0 16 0 0 79 0 0 0 0 0 0 0 29 0 0 0 23 0 0 98 0 0 0 0 58 0 0 0 53 0 0 98 0 100 0 0 0 8 80 0 41 0 0 13 0 0 14 0 0 0 0 0 35 92 0 0 37 0 0 46 0 0 0 18 0 82 57 0 0 0 0 0 0 0 0 62 0 52 48 54 56 0 0 0 0 0 0 0 0 0 0 95 0 0 44 0 85 0 89
0 0 0 0 0 0 0 0 0 0 19 0 0 0 0 0 80 0 0 0 0 0 0 0 0 0 0 89 0 0 0 100 0 95 0 0 0 58 0 0 0 0 0 44 0 74 95 0 80 0 0 0 0 0 0 0 0 0 0 0 0 77 0 0 0 0 0 0 0 0 0 0 95 0 0 0 0 0 0 0 0 0 0 0 0 0 0 0 0 0 25 0 81 72 59 0 0 0 98 0
0 0 0 26 0 0 0 0 0 0 18 0 0 0 75 0 0 25 80 0 0 0 36 0 0 0 74 0 0 0 0 13 0 0 49 0 0 0 0 0 0 0 0 0 0 0 0 0 0 99 0 7 0 0 0 0 0 0 0 0 0 0 22 27 67 0 66 0 0 76 26 62 0 0 0 68 0 0 0 0 0 0 39 52 0 0 0 58 0 0 0 0 0 0 0 0 0 0 83 0
0 0 0 0 36 0 0 0 8 0 42 0 15 0 92 0 43 0 0 0 0 0 0 0 57 0 26 0 0 0 0 0 0 29 0 0 45 0 0 52 0 0 0 0 0 0 0 49 36 44 0 0 0 78 0 0 0 0 60 0 58 0 0 24 60 0 0 0 0 0 0 0 0 0 0 87 73 0 0 0 0 9 0 0 0 0 10 0 0 0 0 0 0 36 0 0 88 0 0 0
37 0 20 0 0 0 0 68 0 0 0 82 76 0 0 0 0 0 47 0 0 0 93 64 0 0 0 0 5 0 0 0 0 0 0 0 0 0 0 0 36 57 0 0 0 24 0 0 0 0 0 35 73 0 0 0 34 0 0 85 0 0 0 0 4 0 58 0 0 85 89 0 0 0 91 0 66 0 8 0 20 0 0 0 9 32 0 62 0 37 53 0 0 0 0 0 0 0 4 0
0 0 0 49 0 0 0 0 0 91 0 0 0 0 51 0 91 25 0 66 0 0 42 0 0 0 0 0 0 29 0 0 0 0 0 0 0 0 0 10 0 0 0 0 0 0 0 19 0 0 0 0 0 0 0 0 18 0 0 0 0 0 0 0 0 0 0 0 0 0 0 99 0 0 0 3 7 73 0 0 0 69 0 86 0 91 26 0 68 0 0 0 0 0 14 0 40 13 0 0
0 0 63 0 0 0 0 25 0 0 0 78 50 0 0 0 0 0 0 0 0 0 0 0 32 0 56 0 0 0 0 0 0 0 0 40 0 0 0 0 0 0 81 0 0 61 0 0 0 0 0 0 100 0 65 0 0 0 0 0 28 18 0 0 0 14 0 0 0 0 18 0 0 20 0 0 53 0 91 75 75 0 0 0 0 0 0 0 0 0 0 0 0 0 0 0 86 0 0 0
0 0 0 0 0 57 76 100 0 0 0 0 56 0 40 0 68 0 0 21 3 0 67 0 0 52 0 0 0 0 0 0 0 84 0 52 75 0 1 23 13 0 0 21 0 0 0 0 0 0 0 0 0 65 0 44 12 0 0 0 75 0 78 0 0 6 0 0 0 0 5 0 0 27 0 0 0 0 0 0 0 0 0 13 0 0 0 0 0 0 0 0 0 0 0 82 0 0 0 0
0 18 0 0 0 0 0 0 0 46 0 0 0 0 0 0 0 0 6 25 0 0 0 79 0 0 0 55 0 0 88 0 0 0 0 0 0 64 0 0 0 0 0 24 0 0 0 0 0 0 0 72 0 0 97 0 0 0 33 0 0 32 0 86 0 0 0 69 0 0 64 89 0 0 15 0 0 0 0 0 0 0 0 75 0 0 0 90 0 0 0 0 0 16 0 0 0 0 0 0
0 0 0 0 0 11 69 0 0 0 0 69 0 8 0 0 93 0 0 0 0 0 0 0 0 13 0 0 58 0 0 0 38 0 0 0 0 0 0 0 0 0 0 0 0 0 0 0 9 36 38 0 25 0 91 0 0 0 0 0 0 0 0 0 0 0 0 0 0 97 72 0 0 7 0 0 0 0 31 0 0 0 0 0 93 0 0 36 0 0 0 0 100 0 0 0 0 0 0 11
0 0 0 41 0 0 0 11 0 0 46 0 0 0 0 55 26 98 40 0 86 0 0 0 18 0 80 0 77 0 27 0 0 0 14 24 0 0 35 13 0 66 3 0 0 0 0 0 0 0 0 0 0 50 37 0 0 15 38 0 53 0 0 0 70 0 0 0 0 0 0 1 0 0 0 80 0 9 0 0 0 31 0 84 79 0 0 0 0 0 27 34 28 0 0 19 0 0 0 0
0 0 0 0 0 0 0 0 0 0 0 0 0 29 0 0 0 0 0 0 0 0 0 0 47 0 0 0 22 0 50 81 0 0 0 0 0 0 0 0 0 0 0 0 50 0 0 0 7 18 0 0 0 0 0 74 0 0 0 0 0 0 0 0 0 0 83 62 0 0 0 4 0 0 0 0 0 92 0 38 0 90 0 0 47 0 0 40 0 0 0 0 0 41 0 0 0 0 0 54
0 0 0 0 0 0 0 0 98 3 49 52 0 0 67 0 0 0 37 0 0 0 91 98 0 80 9 0 0 0 0 0 0 0 11 0 0 0 0 94 90 0 0 0 0 82 0 0 0 0 0 0 0 0 0 0 0 14 8 0 16 0 0 0 0 0 0 0 0 0 0 0 0 0 0 67 0 0 0 98 0 0 0 0 98 0 33 0 0 84 0 0 0 62 0 0 0 37 0 0
0 0 0 0 0 0 65 0 0 0 0 0 0 0 0 71 74 89 68 33 0 0 55 0 0 0 0 0 19 0 0 0 0 0 0 8 0 0 4 0 0 0 0 0 29 0 0 65 0 0 98 0 0 0 15 0 99 0 0 97 98 0 2 0 0 38 0 91 0 0 98 0 0 0 3 0 87 0 0 58 10 75 34 0 0 0 0 0 0 58 0 0 0 0 50 39 0 0 0 0
0 0 0 0 0 15 12 0 2 0 0 0 0 0 0 0 0 0 0 0 0 15 0 0 0 0 0 0 0 14 0 0 0 14 0 0 0 0 0 52 0 85 65 0 0 0 0 0 0 0 0 0 0 87 0 0 0 88 97 0 53 0 0 78 0 0 0 0 0 0 0 0 94 0 0 0 1 0 0 0 0 22 54 0 0 0 0 0 0 0 0 0 0 1 0 0 0 67 0 0
0 0 0 0 0 0 0 0 95 0 0 0 0 0 0 0 47 0 0 43 0 0 0 0 0 74 0 0 0 0 0 0 0 0 0 0 0 0 0 0 68 0 0 0 0 0 0 26 0 97 0 81 84 0 0 0 0 0 0 0 0 0 0 0 0 0 0 0 0 76 36 0 46 0 0 52 0 0 0 0 0 0 0 0 0 0 14 3 0 0 62 74 20 0 0 0 0 0 0 0
0 0 0 0 0 42 0 0 85 0 0 0 0 44 44 0 0 0 81 0 38 0 78 0 0 0 0 0 0 0 0 0 0 6 0 0 0 0 0 94 58 0 34 18 0 56 0 0 0 0 0 0 0 0 0 0 70 0 50 0 0 5 86 67 0 0 0 0 0 0 0 0 0 0 0 0 0 35 0 0 50 0 52 97 0 77 0 99 0 0 0 31 0 58 0 0 0 0 8 88
0 0 0 0 46 0 30 0 0 0 0 0 0 0 0 8 0 0 0 21 62 0 0 0 0 0 0 0 0 0 6 0 14 0 0 0 18 75 0 0 0 80 0 0 0 0 38 0 0 0 0 0 45 51 0 0 0 0 0 0 0 0 0 0 0 53 0 14 0 0 0 0 0 87 0 0 0 0 51 0 0 0 0 0 38 0 0 0 0 0 47 38 0 0 0 0 0 0 0 0
0 0 0 0 0 0 53 49 92 69 54 0 0 32 0 0 71 0 0 0 0 0 82 0 94 0 0 11 22 0 73 0 0 19 0 0 0 0 0 0 12 2 0 0 100 0 0 0 0 0 0 0 0 0 0 6 13 0 0 0 0 0 0 0 0 42 0 0 62 79 0 0 79 0 0 0 56 0 0 0 0 0 0 0 0 0 0 46 0 0 0 0 100 0 0 39 0 0 0 94
47 22 0 0 0 0 0 0 0 91 0 0 39 0 0 17 0 0 0 0 0 48 54 0 0 0 0 0 0 0 0 0 0 0 0 0 0 0 0 85 0 0 0 0 33 0 0 45 62 0 0 0 0 0 0 0 0 0 0 0 0 0 0 92 0 0 0 0 38 0 0 81 0 0 0 0 18 0 0 91 64 0 0 0 0 24 88 0 0 0 0 0 0 49 0 0 0 0 0 0
0 0 77 0 0 0 0 0 48 0 0 0 24 43 1 0 0 55 29 0 0 0 0 0 0 56 0 92 20 0 7 80 78 0 0 0 87 0 0 0 0 89 71 19 0 0 79 0 0 0 0 0 93 0 0 0 43 0 0 0 0 62 0 14 0 0 0 0 0 0 83 27 0 0 13 8 0 0 0 0 22 0 0 0 0 46 3 0 0 33 0 10 0 42 0 0 0 0 0 0
41 0 0 0 0 0 25 0 0 0 0 0 0 0 91 65 13 60 23 56 0 0 44 0 0 0 86 48 86 0 0 0 0 0 0 0 0 0 0 8 0 0 0 0 0 0 0 0 30 0 0 0 24 0 0 0 51 0 0 0 0 47 76 51 0 0 98 69 0 9 0 92 0 0 0 0 0 0 0 0 0 0 53 97 0 0 0 0 0 0 0 0 0 0 0 60 83 0 0 0
0 0 4 0 0 0 0 0 68 0 0 0 0 5 0 39 0 0 0 0 0 0 0 0 0 0 0 0 0 0 0 0 16 0 0 0 33 0 0 0 5 84 0 0 0 54 42 0 61 0 0 90 0 0 0 0 0 87 0 0 0 0 0 6 0 0 11 0 0 0 0 0 55 0 0 0 0 0 23 0 0 0 0 0 0 0 0 0 0 0 0 0 0 0 0 0 0 0 51 91
0 0 0 0 67 45 0 0 0 0 44 0 0 0 22 0 0 0 78 0 83 74 6 0 0 18 0 81 0 0 31 0 0 0 57 88 0 0 0 0 0 0 0 0 0 0 0 0 0 0 0 50 0 0 0 0 0 0 0 0 0 0 0 0 0 0 0 90 0 30 0 0 0 0 0 98 0 0 0 0 0 0 0 24 0 0 0 0 24 48 0 26 0 0 0 0 16 0 0 0
0 0 0 0 1 0 0 0 0 97 30 0 0 0 0 0 0 0 0 0 0 0 0 0 28 0 0 85 0 43 0 22 0 0 0 94 0 0 51 0 0 8 56 4 16 0 0 0 0 0 0 91 0 80 0 0 0 0 0 65 0 0 0 73 0 0 12 70 0 86 0 86 0 0 0 0 14 0 0 0 0 0 0 9 97 19 0 0 98 64 100 0 0 0 19 0 0 0 0 0
79 9 0 0 0 49 0 0 94 0 0 0 0 50 0 0 0 0 0 66 0 68 0 0 0 0 0 0 0 0 0 0 0 75 0 0 99 64 0 0 0 82 10 0 40 0 0 0 0 0 0 0 0 45 0 50 0 0 99 66 0 0 0 0 32 0 0 57 0 71 0 0 0 17 0 79 86 0 0 54 75 0 0 40 0 0 0 0 0 94 0 0 0 0 0 55 13 26 0 0
0 0 0 0 45 75 21 0 0 0 0 0 0 0 0 0 0 0 82 28 84 92 0 0 0 0 0 44 0 0 0 0 69 21 0 0 4 0 73 32 0 0 0 0 0 0 23 0 0 0 0 0 66 0 0 90 0 0 56 0 54 0 0 59 0 0 0 67 0 0 89 0 64 0 0 0 0 0 0 0 0 0 0 17 0 0 0 74 0 11 0 0 77 0 0 0 0 0 0 0
0 11 0 66 0 64 0 66 0 0 0 0 0 95 0 0 67 0 55 91 0 0 0 0 0 0 0 80 0 0 0 29 0 89 0 0 0 70 0 0 95 19 0 0 0 33 0 0 0 0 0 0 0 0 57 0 0 0 0 0 0 0 0 0 0 0 9 0 0 14 0 0 0 0 0 65 94 58 0 0 50 0 0 41 30 4 0 0 0 33 0 0 7 0 0 0 0 0 0 0
0 0 0 0 74 75 50 80 0 9 0 0 0 0 0 0 0 0 0 60 0 0 0 0 0 0 0 0 0 0 0 67 0 0 25 43 0 0 0 0 38 0 0 0 13 89 0 0 23 57 0 0 0 40 0 0 72 0 0 0 46 69 0 7 73 0 0 0 0 0 0 14 0 0 0 0 0 0 0 0 0 0 16 0 0 0 0 0 19 0 83 65 0 74 0 0 0 0 0 0
0 0 0 23 37 60 84 0 0 0 0 0 90 0 0 0 0 0 67 0 0 0 0 0 0 0 11 0 0 0 0 0 0 0 63 0 12 0 0 0 0 0 56 0 0 0 0 0 0 0 0 0 44 81 0 0 94 57 0 90 0 0 0 0 0 35 0 0 0 43 0 0 0 0 0 0 76 0 5 0 40 48 41 0 0 0 0 0 0 0 0 68 0 0 0 0 97 0 0 0
0 0 0 0 20 0 0 0 0 0 0 0 67 99 0 0 78 5 0 20 0 89 0 0 0 26 96 0 0 0 68 28 21 52 49 84 0 0 0 98 0 0 0 0 0 0 0 65 0 7 86 0 0 0 0 0 0 0 0 28 0 32 83 81 0 0 0 0 0 0 0 0 12 0 0 0 0 0 0 0 0 10 0 0 0 0 0 38 0 0 0 0 0 0 91 83 0 65 0 0
0 0 0 0 0 0 0 42 0 0 0 0 0 0 0 0 0 65 0 0 0 0 0 0 0 0 73 0 0 0 0 1 0 0 0 0 0 0 0 0 0 0 99 0 0 0 32 24 0 11 0 98 0 0 0 87 0 51 0 0 0 0 0 0 0 22 0 0 14 0 0 0 0 0 0 0 0 0 0 76 0 22 0 0 96 0 0 0 0 0 0 0 0 0 0 2 0 0 0 0
76 0 0 0 0 84 0 0 0 54 0 0 0 0 54 90 0 0 4 70 0 31 0 0 0 0 0 0 0 78 0 89 0 0 72 0 0 0 0 0 0 0 0 38 0 0 0 0 0 0 34 37 0 0 0 0 0 0 0 37 0 0 0 77 75 65 0 37 0 0 0 0 0 44 0 0 44 48 0 92 28 0 22 0 0 0 0 0 70 0 29 0 7 33 0 0 0 0 0 0
0 0 0 0 0 0 36 0 0 0 0 27 0 0 1 80 28 0 0 96 0 80 0 49 0 0 90 0 0 0 0 42 0 0 0 0 0 44 0 0 0 0 0 0 0 0 0 0 0 0 0 0 0 0 0 0 0 0 0 0 0 0 19 91 0 0 0 0 0 0 0 0 0 0 36 0 0 0 0 0 0 0 0 0 0 0 0 0 0 0 0 0 0 0 0 0 0 0 0 15
0 0 0 68 0 66 0 0 0 0 0 0 0 0 0 29 0 0 0 0 0 0 17 65 0 63 0 0 90 37 0 0 0 0 0 0 0 0 31 0 0 0 83 0 0 0 0 0 0 0 0 0 0 0 0 0 0 0 0 0 0 18 0 38 76 34 0 0 0 0 0 44 23 0 0 0 0 28 0 36 0 45 0 0 0 0 0 0 0 0 0 0 0 51 0 0 0 53 56 0
0 0 0 74 85 0 0 0 72 0 0 91 0 0 0 0 0 0 86 0 0 0 0 0 0 0 0 0 0 0 0 79 0 0 0 100 0 0 0 0 0 0 0 0 0 40 0 0 0 0 0 0 0 0 0 0 0 25 0 0 0 0 31 0 0 35 0 0 0 61 0 20 0 0 0 0 0 43 0 0 17 0 0 0 0 55 0 0 0 0 0 0 0 0 9 0 25 32 0 0
0 0 0 0 0 0 0 0 0 98 0 0 0 4 0 0 0 0 0 0 0 0 0 0 0 95 0 0 0 25 0 0 0 0 0 0 0 35 0 37 0 0 0 63 0 10 25 60 0 0 15 0 0 0 74 0 0 0 0 0 0 0 0 0 0 63 33 0 0 89 0 0 0 0 0 0 0 0 0 74 0 0 0 0 97 0 0 59 0 0 0 55 0 0 74 0 0 0 0 0
72 0 0 0 0 0 0 0 0 57 0 0 0 0 0 0 0 0 0 0 0 0 0 0 0 2 0 0 0 0 0 0 0 0 0 0 0 0 0 0 0 0 0 0 0 0 0 0 0 0 0 74 81 0 0 9 0 0 0 0 0 0 0 0 0 0 0 34 0 77 0 88 93 0 25 0 0 0 37 18 96 9 0 0 72 31 0 0 0 0 0 0 8 0 0 53 0 0 34 31
0 0 0 64 0 0 79 0 0 0 0 0 0 0 0 0 0 0 0 72 0 0 0 46 58 0 0 0 91 94 0 50 68 0 0 0 0 0 0 0 0 0 94 0 0 0 0 0 0 65 0 0 0 0 0 0 0 0 0 0 0 0 60 0 0 62 0 0 21 0 0 0 0 53 0 0 0 5 0 0 0 75 0 43 80 0 0 0 0 0 0 0 0 0 0 0 99 0 0 0
0 0 0 94 0 0 0 0 0 0 0 0 0 0 0 0 94 0 0 0 0 20 0 0 66 61 77 0 0 0 0 0 0 31 45 0 0 0 39 64 99 0 0 0 0 0 0 0 0 43 0 17 95 0 71 0 19 0 0 0 0 3 0 0 75 0 0 21 16 0 76 13 0 0 0 0 0 0 70 0 0 0 0 0 50 0 0 74 0 0 0 0 0 30 0 0 0 0 0 0
0 0 0 0 23 0 0 17 0 0 0 0 0 0 0 0 0 0 0 0 53 67 0 97 0 0 0 49 0 0 34 0 0 13 0 0 0 0 0 0 0 0 0 35 0 0 0 0 0 0 47 0 0 0 94 0 0 78 0 19 0 17 0 0 0 56 0 0 0 0 0 0 15 0 0 13 0 0 23 0 2 0 0 0 49 28 63 0 0 66 0 47 99 0 0 0 52 0 0 0
0 0 0 0 0 0 0 75 0 28 0 0 34 0 0 0 0 88 6 0 97 0 0 1 0 0 0 45 0 0 0 0 0 0 0 0 0 0 0 0 78 0 0 0 0 48 0 0 0 0 0 0 0 94 8 0 0 0 0 0 0 0 40 80 0 0 0 0 0 0 0 1 0 0 0 0 91 0 0 0 22 0 0 0 97 0 0 0 0 0 0 0 0 0 0 0 0 0 0 0
0 0 0 0 0 93 20 0 0 0 0 0 93 0 0 0 0 64 0 0 40 69 60 15 0 93 0 0 42 0 71 0 0 0 0 33 0 0 0 87 0 0 0 0 0 10 0 85 23 0 0 1 0 0 0 0 91 0 0 0 0 0 84 0 75 97 59 40 0 84 89 0 0 0 0 0 0 59 0 0 0 0 0 0 0 0 0 0 0 0 30 0 0 0 0 0 0 35 0 0
22 44 0 23 0 0 0 0 28 81 0 62 0 0 0 0 0 0 0 0 16 0 0 0 2 75 0 0 0 69 0 0 0 0 0 56 0 0 98 0 0 0 0 0 59 0 8 0 0 0 78 82 0 0 0 78 0 0 0 86 0 0 68 0 11 87 31 0 20 0 0 53 0 58 7 32 0 0 0 0 0 0 0 0 0 0 0 0 69 0 0 0 0 0 0 63 47 0 75 0
0 0 6 0 0 13 60 0 0 49 45 0 0 1 0 0 0 42 0 0 0 50 0 0 0 0 0 0 0 0 0 0 71 96 0 42 0 0 0 0 87 0 4 0 0 0 0 0 0 0 24 0 0 0 83 0 0 80 73 48 1 0 0 0 0 28 51 0 86 0 17 0 0 0 75 0 0 85 0 66 0 0 0 87 0 0 0 0 0 44 86 31 0 0 0 0 16 70 0 0
0 0 0 22 0 36 0 0 0 0 79 0 0 0 0 33 0 0 0 0 40 24 0 48 0 0 0 0 25 0 0 0 0 0 0 64 0 0 32 51 0 82 77 0 0 9 22 0 66 0 0 0 0 0 0 0 0 43 0 0 0 0 82 0 43 0 0 0 0 0 37 42 0 21 0 61 0 82 0 0 0 0 84 56 62 75 0 0 0 0 0 0 93 56 0 0 0 0 0 0
0 0 0 0 0 0 0 0 0 0 0 0 0 0 87 0 0 0 1 0 0 0 0 0 0 88 0 0 88 42 0 96 0 0 40 53 66 0 53 0 0 0 0 0 0 0 0 0 35 0 0 24 100 0 0 0 0 0 42 0 39 0 41 0 0 0 0 0 46 0 0 0 63 53 0 0 0 0 0 0 0 0 0 0 0 0 0 0 0 0 0 0 0 0 100 0 0 0 0 0
0 1 0 0 0 66 0 8 0 0 0 0 0 0 58 0 0 0 0 0 0 0 2 21 0 0 0 7 0 86 0 0 0 42 0 25 0 15 4 0 0 77 15 0 0 89 0 59 0 0 0 35 0 0 0 0 0 20 88 0 0 0 0 0 0 0 0 0 5 29 0 58 0 0 0 0 0 0 0 0 72 0 0 0 0 0 0 0 0 0 46 1 0 0 0 0 0 0 20 0
71 0 0 96 60 0 82 0 0 28 0 0 0 17 93 0 0 0 85 0 68 45 0 0 0 0 0 99 0 0 0 0 0 0 0 0 0 98 0 0 0 11 0 0 0 0 0 0 0 92 63 0 0 0 0 58 0 38 59 55 0 0 0 68 90 0 0 0 65 0 90 0 1 7 0 0 0 0 0 0 0 0 0 0 0 0 0 0 0 0 0 0 0 0 23 0 0 0 50 56
70 26 0 0 44 0 0 0 0 81 0 0 0 0 0 0 0 0 0 0 0 44 0 0 0 0 0 0 0 0 0 0 0 0 0 0 6 0 0 0 0 0 0 0 0 0 0 46 0 0 0 25 0 0 0 0 0 0 0 71 74 0 74 59 45 6 10 0 0 0 0 0 12 30 0 0 0 0 0 0 46 0 0 70 0 0 0 0 0 0 60 0 0 0 84 85 0 0 0 0
0 0 0 0 0 0 0 0 0 0 44 0 0 0 0 0 89 29 0 55 0 55 91 0 0 26 0 0 51 0 0 94 0 79 0 0 0 0 0 0 40 0 0 0 0 59 43 0 0 23 0 0 0 0 0 0 100 0 0 0 0 0 0 5 0 0 0 0 0 0 0 31 0 0 0 0 0 0 0 0 0 0 65 0 0 47 0 0 36 0 24 91 0 0 0 71 0 0 0 14
91 18 0 0 53 12 46 0 0 35 78 0 49 0 0 0 0 81 57 0 0 0 0 0 0 0 0 0 24 0 0 68 0 90 0 0 0 0 0 0 0 0 0 78 62 4 52 0 80 0 41 71 0 17 86 0 0 0 0 91 0 0 0 0 0 95 0 0 0 0 0 91 0 31 0 25 0 0 0 81 0 0 26 0 0 35 0 98 2 0 0 0 0 0 0 0 64 0 0 0
0 45 0 0 0 35 0 54 61 0 0 0 0 86 0 50 0 76 0 0 0 0 0 0 43 0 0 0 0 0 0 0 46 0 0 0 0 0 97 88 72 0 39 0 42 31 61 64 0 0 0 0 0 0 58 0 71 0 0 0 0 21 37 72 0 0 0 0 89 0 0 0 0 100 0 0 0 0 0 0 0 0 71 0 0 80 94 0 0 0 0 21 0 0 0 0 0 0 0 0
0 0 0 43 73 0 0 0 0 0 90 0 0 0 0 0 9 0 0 0 0 0 0 0 0 0 79 0 99 0 0 0 0 0 39 0 36 0 0 0 0 0 28 0 0 0 99 0 0 76 60 0 0 0 0 0 0 0 35 0 0 0 0 0 0 0 0 0 0 99 86 9 0 63 36 0 100 0 50 95 0 0 0 0 0 65 0 0 0 0 0 0 29 0 74 0 0 0 0 0
0 0 0 35 0 0 0 4 24 65 64 0 94 0 89 0 0 0 69 0 0 0 0 27 0 44 0 0 63 0 0 0 99 0 0 52 0 45 0 0 0 7 0 87 99 0 0 0 0 0 0 7 0 0 0 0 0 0 75 0 0 0 0 0 0 0 20 0 98 0 0 36 0 96 0 0 0 0 0 3 52 17 0 0 0 0 34 0 0 0 0 0 0 0 0 0 0 0 0 0
94 0 0 0 56 0 0 89 0 33 0 9 0 23 19 0 53 0 53 0 0 0 39 0 0 0 0 0 0 83 38 70 71 0 0 0 0 0 0 0 0 0 0 14 0 0 0 0 80 0 0 90 0 0 0 0 0 0 0 0 0 18 0 0 0 0 0 0 0 46 21 0 0 0 0 100 0 41 0 0 0 0 0 49 0 0 32 0 45 0 0 0 0 0 0 8 0 0 0 0
0 0 53 0 18 0 4 0 0 100 0 0 0 0 0 0 38 0 59 33 0 0 0 0 0 48 0 0 20 0 0 0 0 0 0 0 0 0 0 0 0 0 0 0 0 0 0 0 0 74 0 0 0 0 0 0 0 73 0 0 0 0 0 0 0 18 0 0 0 0 0 0 0 0 0 54 0 0 0 0 68 0 28 0 0 0 66 21 0 0 0 84 0 0 0 0 0 50 0 0
0 0 0 91 0 28 0 0 34 0 76 0 0 19 0 0 0 0 0 66 0 0 57 0 0 0 0 27 0 0 0 0 0 0 0 80 34 100 0 0 0 0 0 0 0 0 0 0 0 0 0 20 0 0 0 0 0 0 32 0 0 0 0 0 58 18 0 0 0 0 0 0 0 75 0 0 82 0 0 0 0 0 20 0 40 0 0 0 0 0 80 0 0 0 0 0 80 0 0 0
0 18 0 0 0 0 0 37 0 20 0 0 0 0 0 0 31 6 0 0 73 0 0 0 0 0 0 0 94 0 0 0 0 0 0 99 97 0 83 97 0 0 0 5 64 4 0 89 30 0 75 0 45 0 53 0 0 2 78 0 0 0 0 21 0 0 0 4 0 0 0 0 26 34 70 0 0 0 0 0 0 0 0 76 76 0 0 0 0 97 0 0 39 22 0 0 0 0 0 0
0 35 13 0 0 0 23 0 0 0 0 51 24 0 0 0 69 0 0 5 6 42 38 0 0 0 0 0 88 65 0 0 9 69 0 0 68 0 62 0 0 0 11 0 0 0 0 84 0 0 0 0 0 0 52 0 0 0 71 0 0 19 9 0 9 0 0 38 90 0 78 0 0 0 0 0 0 0 0 26 0 0 15 0 0 89 0 0 0 0 0 0 0 0 0 27 0 0 25 0
0 0 35 0 0 0 99 0 88 82 0 98 0 0 0 0 14 0 0 0 0 0 41 0 0 95 0 83 0 14 65 68 0 0 0 1 100 15 78 0 8 0 0 0 0 0 0 0 0 0 12 0 0 0 0 0 0 0 0 0 26 0 0 0 0 93 0 0 44 0 0 0 0 0 0 0 59 0 0 0 67 0 0 0 77 0 99 0 0 97 0 0 88 0 31 0 0 0 0 0
0 0 0 0 0 31 0 0 0 0 0 99 0 0 0 0 0 0 0 0 0 0 0 0 0 0 0 13 0 0 75 35 0 0 0 0 0 0 36 72 0 0 0 0 0 0 0 91 76 0 23 0 0 32 0 0 99 24 0 73 0 0 95 43 0 0 62 0 79 0 0 0 58 0 28 37 0 0 0 0 0 0 0 0 0 0 0 9 0 0 0 0 0 0 0 0 0 0 0 0
0 0 0 0 0 0 48 0 21 0 0 0 0 0 72 70 0 0 11 0 82 0 25 19 0 44 0 0 0 0 0 0 0 77 62 25 31 0 0 0 0 0 0 0 0 0 0 50 0 83 0 0 95 0 4 0 63 0 0 0 0 59 0 94 0 0 0 0 0 0 0 0 86 71 38 0 0 0 0 67 0 42 0 0 70 0 0 0 0 0 0 0 0 0 0 0 0 0 0 55
0 0 43 0 10 0 0 29 0 0 0 0 0 0 0 0 78 0 0 0 96 0 0 0 0 0 61 0 0 0 0 0 0 0 0 0 99 46 0 0 0 0 0 82 0 0 0 0 0 0 0 0 49 0 0 4 0 0 80 0 0 0 0 0 0 0 0 0 0 0 37 46 0 34 0 0 0 0 0 82 46 0 0 0 0 40 0 0 0 0 0 0 23 0 0 0 0 78 0 0
0 45 10 9 0 85 0 0 0 0 0 0 0 94 10 0 77 0 0 99 0 67 0 65 0 0 0 0 17 0 0 0 0 0 0 0 0 0 0 74 43 16 0 0 0 2 76 0 0 0 0 0 0 0 0 0 76 0 0 0 0 52 0 0 73 5 0 0 0 0 0 0 47 0 0 0 0 0 0 87 0 6 0 0 0 0 78 0 0 0 0 0 0 0 51 0 0 0 46 0
0 0 0 0 0 0 92 0 0 0 0 21 0 0 21 49 0 0 56 0 64 76 0 0 0 5 0 0 0 0 14 0 11 0 0 0 0 0 0 68 0 0 0 71 38 68 0 0 0 0 0 0 0 83 0 51 62 27 0 0 0 0 0 0 0 0 0 13 0 0 68 0 0 0 45 0 99 0 0 0 79 0 94 0 0 67 38 0 0 0 98 0 0 0 0 0 28 0 0 0
0 0 0 95 57 0 0 80 0 0 0 83 0 0 0 0 0 0 0 0 0 0 0 0 0 88 0 0 0 17 0 0 0 96 0 0 0 12 0 0 69 0 0 0 0 84 0 80 0 0 0 0 0 0 0 0 0 75 0 0 0 0 0 0 44 27 35 0 20 0 0 0 11 16 15 0 0 0 0 0 76 0 24 0 77 19 0 0 0 65 26 0 72 0 0 0 0 20 0 0
0 0 62 0 60 0 0 0 0 0 5 0 0 0 0 0 0 55 0 0 0 0 0 0 0 0 0 0 80 0 0 0 61 0 0 0 0 5 71 0 0 47 88 0 0 37 9 35 0 0 0 0 0 0 40 39 0 38 0 81 71 0 85 100 31 0 0 0 0 0 0 62 0 0 0 0 0 0 0 0 0 0 0 100 0 0 0 49 0 0 0 0 0 74 0 0 0 0 79 0
34 0 0 0 0 0 0 83 0 87 0 0 0 0 0 0 82 0 0 0 0 2 0 0 0 0 0 0 0 11 81 86 27 44 0 43 0 0 0 26 0 0 0 0 85 67 0 0 0 0 0 0 0 0 0 0 0 98 0 0 94 0 66 14 0 0 0 98 0 11 0 0 0 100 0 0 65 57 0 0 0 0 0 0 80 0 0 0 0 67 90 0 0 0 0 0 0 52 0 0
0 67 0 0 0 0 0 11 0 0 0 0 1 0 0 0 0 0 62 0 0 0 0 51 0 0 0 0 0 0 0 0 0 3 90 0 0 76 84 0 0 0 0 0 0 0 0 0 37 0 57 0 0 0 0 11 3 0 1 0 0 43 0 0 0 45 87 63 0 0 0 0 0 0 0 0 0 0 0 0 0 0 0 0 0 0 0 0 0 77 5 62 0 0 0 0 0 0 0 0
91 0 0 0 0 0 0 0 0 0 0 68 0 0 0 0 0 25 0 0 0 0 0 0 0 0 0 45 0 0 0 0 0 0 0 0 0 0 0 0 7 0 0 0 0 0 0 0 0 0 0 0 0 0 0 0 0 0 24 0 0 8 17 26 0 0 0 0 93 0 0 0 0 0 0 50 98 0 0 81 0 0 0 53 0 0 0 73 5 0 0 0 0 76 0 0 0 0 41 0
93 0 0 0 0 0 0 0 62 0 0 0 43 0 80 46 0 0 26 0 0 0 0 77 0 0 0 100 0 0 6 0 0 100 0 0 0 37 0 0 0 0 86 0 0 0 84 30 0 15 0 0 0 0 89 0 0 0 0 72 0 82 100 0 0 0 0 0 0 0 0 89 0 0 42 0 0 0 0 0 0 0 0 0 0 0 0 0 0 0 0 0 0 0 87 0 0 0 29 0
0 0 63 0 0 74 39 0 0 18 0 0 0 0 0 0 42 0 0 0 0 73 0 0 69 0 0 0 48 0 0 77 0 0 0 0 0 0 0 0 0 0 0 0 0 0 0 0 0 0 0 0 0 58 0 0 0 56 0 0 71 16 22 83 0 73 0 0 0 0 91 84 0 11 0 0 0 0 0 0 81 0 0 0 0 0 0 34 0 0 0 76 93 0 77 0 0 68 0 71
29 0 0 0 0 0 0 0 0 0 35 0 0 0 0 52 0 0 0 11 18 0 0 0 0 62 0 0 0 0 0 0 81 16 0 0 0 69 0 0 17 0 0 0 0 0 0 46 0 0 0 80 0 43 66 0 0 0 0 30 33 0 0 0 0 0 0 0 0 81 96 0 97 0 36 0 8 0 0 62 13 0 0 0 0 0 0 0 0 0 0 0 0 0 18 0 0 0 27 0
0 0 12 0 0 39 0 55 0 0 62 70 0 0 0 76 0 0 93 0 5 0 0 0 0 0 0 0 0 0 0 15 95 15 0 79 0 16 0 13 35 0 45 0 0 24 0 0 0 0 0 0 0 75 0 0 0 0 0 0 79 15 0 2 0 0 0 0 0 19 0 0 0 0 80 0 0 0 0 0 0 69 51 63 0 0 0 0 0 57 86 0 0 0 0 0 0 0 0 0
0 0 0 15 53 6 0 0 0 0 0 0 0 0 0 0 92 0 0 0 81 60 0 0 0 90 0 86 0 0 0 0 0 0 28 0 0 0 0 0 72 0 0 0 24 40 0 0 0 0 0 30 0 0 0 0 0 0 0 0 0 0 0 0 0 0 0 3 0 0 4 26 0 0 42 0 0 0 0 0 0 0 0 0 45 0 0 0 0 0 0 2 0 0 0 0 0 0 0 0
0 0 0 41 0 0 0 0 0 66 47 0 0 0 0 0 0 69 0 0 0 0 0 0 68 0 93 0 0 55 0 90 100 68 0 0 0 0 0 9 78 0 0 0 0 26 0 0 0 0 0 0 59 0 0 29 0 0 0 0 0 18 0 0 0 0 0 0 3 0 0 0 0 0 0 0 0 0 0 0 0 0 0 0 0 14 0 0 61 25 0 0 0 38 0 86 0 3 0 1
0 0 0 95 0 0 0 0 30 0 75 0 0 34 58 16 0 77 83 0 0 0 0 0 0 0 4 78 33 0 0 0 0 76 0 0 0 56 0 56 0 0 74 0 61 0 0 0 0 0 0 0 0 99 0 0 56 71 0 79 0 0 26 0 0 0 80 0 100 0 0 30 0 0 0 0 0 0 0 0 0 0 3 0 0 13 0 0 0 0 39 8 96 0 0 99 0 48 0 9
0 0 0 0 0 0 0 57 0 0 0 0 0 0 0 0 0 0 0 45 0 0 63 0 0 0 0 46 0 40 61 12 0 98 42 0 0 0 63 0 0 0 76 22 0 0 0 0 0 0 0 0 0 0 52 63 6 53 0 55 0 0 0 0 11 0 0 12 66 0 0 0 44 0 95 99 0 0 0 0 54 35 0 10 28 0 12 47 0 0 0 0 96 35 0 0 38 0 0 0
0 0 0 0 0 91 0 0 0 0 0 0 0 0 0 0 0 81 77 98 47 0 0 33 0 0 67 0 0 0 64 0 0 88 41 15 0 0 0 0 0 0 54 0 0 0 80 0 0 62 0 0 84 0 0 0 0 0 0 0 0 51 95 0 0 0 0 72 0 0 0 0 21 0 0 0 0 0 15 0 0 0 44 0 0 0 0 0 0 29 0 0 0 0 0 0 45 0 0 72
34 0 61 0 0 0 0 0 0 0 77 0 0 22 0 0 0 0 0 0 0 0 0 0 0 0 0 17 3 0 0 0 0 73 42 0 15 58 0 0 0 0 0 0 0 0 9 51 0 0 0 0 0 0 0 0 0 0 0 81 0 0 0 0 0 0 51 1 0 0 0 0 0 0 0 0 0 0 0 51 0 0 0 0 0 0 97 0 0 0 0 0 0 84 8 87 0 0 0 0
0 0 0 0 0 0 68 45 0 80 0 0 0 0 0 12 86 0 0 0 0 60 34 10 0 71 0 0 0 38 0 0 52 0 0 0 81 0 0 0 0 0 0 0 0 0 13 0 0 37 0 0 0 0 0 34 0 47 0 0 0 0 0 0 0 0 18 0 0 0 0 0 76 0 73 0 0 0 0 0 0 0 0 0 0 0 0 0 0 0 0 3 0 0 0 41 0 0 72 28
0 93 0 99 0 0 46 0 51 0 0 0 0 0 0 0 0 0 0 0 50 0 14 60 0 0 0 0 0 0 0 16 0 0 0 0 0 0 0 91 0 71 0 0 0 0 0 25 0 0 0 0 73 0 0 0 0 0 0 0 0 0 0 0 34 0 0 0 0 0 0 0 0 0 0 0 0 0 0 0 0 46 51 84 0 0 0 95 45 90 0 0 0 98 0 0 0 52 0 0
0 0 43 82 37 0 0 0 0 0 0 0 0 0 39 0 0 21 0 0 0 0 0 0 0 7 72 0 0 0 0 49 0 0 0 41 0 0 0 0 0 81 0 49 0 0 0 0 0 0 0 0 90 0 0 27 0 0 93 70 0 35 25 0 22 94 34 0 0 45 0 0 0 0 0 0 77 0 0 0 0 0 0 86 0 89 32 0 0 0 0 68 15 0 0 0 0 0 0 0
0 0 0 44 0 0 0 0 0 0 28 0 0 0 0 0 0 34 26 0 45 84 46 0 85 22 58 26 0 0 0 83 51 46 0 99 0 0 0 0 85 0 49 24 0 0 0 0 0 36 0 0 89 0 0 0 0 0 0 0 79 55 0 28 0 0 22 3 0 0 0 0 0 49 0 0 0 0 0 0 0 90 0 0 0 0 0 70 0 0 31 0 0 0 0 0 0 93 0 0
0 74 0 0 84 52 0 94 0 0 0 0 0 13 14 0 0 0 0 0 56 0 0 0 17 0 0 0 29 0 0 12 64 0 0 0 0 29 73 0 62 0 48 0 26 0 0 23 0 0 0 79 0 0 0 91 0 39 0 0 0 11 96 0 0 0 0 71 0 0 0 79 0 0 0 0 8 0 13 0 0 74 0 0 0 0 0 75 0 0 0 0 0 0 52 100 0 85 82 12
0 0 0 0 0 0 0 0 6 96 0 0 37 0 0 0 0 0 0 0 0 37 0 0 0 79 0 77 76 0 93 66 0 0 0 36 0 0 69 59 0 0 0 0 0 28 0 0 0 0 33 0 0 10 0 0 58 0 0 0 77 0 0 0 0 0 0 0 0 73 0 0 0 0 0 0 24 0 0 0 0 0 0 30 86 0 65 0 0 74 0 0 23 0 0 0 28 97 0 0
64 12 0 0 91 0 0 0 0 0 0 0 0 0 33 0 0 45 0 0 0 82 0 30 82 0 0 0 1 0 0 0 0 0 9 0 82 0 0 83 0 0 0 0 0 91 0 15 80 0 0 0 0 0 0 93 0 65 0 0 96 11 0 0 0 0 0 0 0 93 0 0 0 30 0 77 37 0 0 0 0 0 0 0 0 0 0 0 0 0 0 1 0 0 0 93 69 0 43 0
0 0 0 0 0 0 0 0 17 41 0 24 0 0 0 72 0 0 70 58 0 0 0 0 0 0 0 0 0 0 0 0 0 0 0 55 0 0 0 0 0 73 0 0 0 0 47 33 0 0 0 0 0 0 0 0 96 0 0 0 0 0 0 63 98 0 0 44 0 0 0 0 0 0 0 0 0 0 0 0 0 0 35 0 0 16 0 0 53 0 69 0 3 0 0 0 0 0 0 0
0 0 0 65 0 0 0 69 0 0 0 0 0 91 0 0 0 54 0 0 0 0 61 0 0 0 0 0 87 0 0 0 0 0 0 0 17 0 0 31 0 28 97 0 0 91 0 0 0 46 0 0 35 0 0 0 0 0 0 0 74 0 0 72 0 0 0 0 0 0 0 0 0 0 0 0 0 54 25 0 2 0 0 0 39 0 23 0 82 0 0 0 0 0 97 0 0 0 0 0
0 0 4 0 0 0 0 0 0 76 11 0 0 16 0 0 0 0 0 0 0 81 0 0 0 0 0 0 0 60 0 0 0 0 0 0 0 0 0 0 0 0 0 0 0 0 0 0 0 54 20 0 0 0 0 0 0 0 75 0 0 0 1 0 0 0 43 17 0 0 0 0 55 0 0 0 0 21 0 67 0 0 0 34 0 9 0 0 0 0 0 0 0 0 0 14 0 51 0 0
0 0 0 0 0 68 0 0 0 0 0 0 38 0 0 5 0 0 0 0 14 0 28 78 0 0 0 33 0 0 0 22 0 0 0 0 98 0 24 0 0 0 0 0 100 0 53 68 0 16 0 0 56 2 34 0 0 24 0 0 0 0 81 0 45 0 0 0 0 0 0 0 0 99 3 0 0 0 0 0 24 0 0 0 0 8 0 0 94 0 0 0 16 0 0 0 0 0 0 0
0 0 57 0 0 0 44 0 0 28 0 48 0 0 0 0 0 0 0 0 0 0 47 83 0 98 0 0 0 0 0 0 71 0 65 0 0 55 64 0 65 0 93 0 66 64 68 0 0 72 0 0 0 0 0 0 0 0 0 0 0 0 0 0 0 67 95 55 0 0 0 70 0 0 0 0 0 0 0 0 54 0 0 0 0 0 0 0 0 27 61 0 0 0 11 0 56 0 0 0
0 0 0 0 74 0 39 27 0 0 0 72 0 0 0 0 0 91 0 42 0 0 3 0 0 0 0 0 0 0 0 0 0 0 0 66 72 0 95 0 0 40 0 28 0 90 0 0 0 0 0 54 0 0 48 0 15 74 0 100 0 58 0 0 0 0 0 0 0 0 0 0 46 0 69 0 0 0 0 1 84 7 86 0 0 0 10 0 0 0 0 48 0 0 0 0 0 0 80 47
0 65 0 0 0 0 0 0 0 0 0 0 83 77 0 0 0 0 0 0 0 0 63 0 0 0 0 0 0 0 0 11 0 0 0 0 0 0 0 0 0 0 0 0 0 0 80 0 0 79 0 0 0 62 0 0 0 33 0 20 0 0 22 0 0 71 0 54 85 0 0 82 0 0 0 0 60 7 0 0 0 0 0 0 0 0 68 2 0 90 0 0 0 0 20 43 87 0 0 0
18 0 0 0 5 0 0 50 0 74 24 0 0 0 82 85 0 0 0 86 0 0 19 0 0 0 0 0 85 0 0 0 0 0 0 94 0 0 27 0 0 0 0 10 0 49 48 0 0 0 0 0 0 0 0 0 0 0 45 0 0 0 0 0 0 0 0 0 0 0 0 0 0 0 96 0 0 0 0 0 26 0 0 0 0 72 0 0 0 0 0 0 8 0 12 0 0 77 0 0
0 79 0 0 0 0 0 0 0 0 0 0 0 0 0 8 0 61 32 0 0 0 0 0 0 0 73 0 0 0 0 56 0 0 0 0 0 0 0 17 0 0 62 0 28 0 35 0 0 0 0 0 0 0 0 0 0 0 0 0 0 0 0 33 74 0 0 0 0 63 0 0 0 66 15 0 100 6 0 59 0 0 0 0 66 0 0 0 0 0 0 0 32 0 0 0 0 25 0 4
0 36 0 0 0 0 0 1 0 0 79 0 0 0 73 0 70 0 61 53 0 0 0 0 0 0 0 61 0 57 0 6 0 88 0 28 0 68 0 0 0 0 0 20 0 74 0 9 0 0 0 3 0 0 98 0 33 0 0 0 0 0 0 47 0 0 45 12 0 0 0 0 0 0 0 0 98 0 100 0 0 0 0 22 0 0 12 83 0 0 0 0 15 0 16 41 98 84 0 0
0 0 0 0 18 0 65 0 96 0 0 0 0 0 67 0 24 0 0 0 0 0 0 0 0 0 31 0 0 0 0 0 71 0 0 0 87 2 0 0 0 0 0 0 0 0 0 0 97 0 9 58 0 0 0 0 0 27 0 0 45 0 0 7 0 0 0 0 0 0 0 5 0 0 0 95 32 0 14 0 0 0 0 0 34 16 0 0 0 0 0 0 0 0 0 0 0 0 0 0
95 0 63 1 0 0 0 0 0 83 0 0 0 0 0 0 0 0 3 0 0 0 0 0 9 0 0 0 20 0 39 0 6 0 0 0 0 0 0 0 9 71 0 0 0 0 0 0 0 0 0 0 0 0 47 78 0 0 66 0 0 0 0 0 91 90 0 0 64 0 0 0 0 0 3 0 0 0 0 0 0 0 0 0 0 0 0 0 0 0 0 0 0 0 68 0 21 0 0 70
0 0 42 0 0 59 0 0 0 0 0 0 0 53 0 0 0 71 0 0 35 0 0 0 0 62 0 0 0 91 0 0 3 0 92 0 0 0 88 48 0 10 0 0 90 0 0 37 0 0 0 0 0 26 69 0 0 95 0 0 35 0 0 0 65 0 34 21 0 0 0 0 0 0 0 0 90 0 83 20 8 54 0 0 0 0 0 0 0 0 0 0 55 0 0 44 0 99 0 70
0 0 0 0 0 0 0 0 0 0 70 0 0 0 0 0 81 0 0 0 0 0 0 0 0 0 0 51 0 0 0 66 0 61 0 0 0 66 0 0 0 0 0 15 0 62 80 0 25 0 0 0 0 0 0 0 0 0 0 0 0 44 0 0 0 0 0 0 0 0 0 0 88 0 0 0 0 0 0 0 0 0 0 0 0 0 0 0 0 0 37 0 57 70 62 0 0 0 56 0
0 0 0 64 0 0 0 0 0 0 14 0 0 0 47 0 0 94 19 0 0 0 32 0 0 0 69 0 0 0 0 87 0 0 60 0 0 0 0 0 0 0 0 0 0 0 0 0 0 22 0 85 0 0 0 0 0 0 0 0 0 0 10 63 79 0 2 0 0 23 27 63 0 0 0 28 0 0 0 0 0 0 11 75 0 0 0 12 0 0 0 0 0 0 0 0 0 0 34 0
0 0 0 0 49 0 0 0 86 0 46 0 50 0 18 0 67 0 0 0 0 0 0 0 61 0 92 0 0 0 0 0 0 1 0 0 14 0 0 28 0 0 0 0 0 0 0 100 75 36 0 0 0 26 0 0 0 0 26 0 64 0 0 25 19 0 0 0 0 0 0 0 0 0 0 90 86 0 0 0 0 17 0 0 0 0 93 0 0 0 0 0 0 56 0 0 96 0 0 0
74 0 84 0 0 0 0 2 0 0 0 46 19 0 0 0 0 0 29 0 0 0 50 61 0 0 0 0 31 0 0 0 0 0 0 0 0 0 0 0 81 49 0 0 0 69 0 0 0 0 0 21 8 0 0 0 100 0 0 54 0 0 0 0 51 0 62 0 0 88 67 0 0 0 26 0 44 0 64 0 20 0 0 0 68 60 0 20 0 55 27 0 0 0 0 0 0 0 67 0
0 0 0 78 0 0 0 0 0 16 0 0 0 0 12 0 82 8 0 3 0 0 38 0 0 0 0 0 0 70 0 0 0 0 0 0 0 0 0 41 0 0 0 0 0 0 0 53 0 0 0 0 0 0 0 0 84 0 0 0 0 0 0 0 0 0 0 0 0 0 0 18 0 0 0 38 8 98 0 0 0 16 0 51 0 26 38 0 1 0 0 0 0 0 42 0 39 58 0 0
0 0 98 0 0 0 0 25 0 0 0 7 79 0 0 0 0 0 0 0 0 0 0 0 25 0 81 0 0 0 0 0 0 0 0 32 0 0 0 0 0 0 18 0 0 12 0 0 0 0 0 0 44 0 56 0 0 0 0 0 50 79 0 0 0 37 0 0 0 0 28 0 0 43 0 0 26 0 87 35 39 0 0 0 0 0 0 0 0 0 0 0 0 0 0 0 95 0 0 0
0 0 0 0 0 32 11 61 0 0 0 0 33 0 22 0 7 0 0 93 24 0 21 0 0 88 0 0 0 0 0 0 0 60 0 49 36 0 26 44 44 0 0 99 0 0 0 0 0 0 0 0 0 89 0 39 60 0 0 0 77 0 8 0 0 9 0 0 0 0 3 0 0 6 0 0 0 0 0 0 0 0 0 15 0 0 0 0 0 0 0 0 0 0 0 17 0 0 0 0
0 32 0 0 0 0 0 0 0 51 0 0 0 0 0 0 0 0 13 93 0 0 0 15 0 0 0 88 0 0 96 0 0 0 0 0 0 80 0 0 0 0 0 29 0 0 0 0 0 0 0 16 0 0 65 0 0 0 77 0 0 76 0 22 0 0 0 11 0 0 12 6 0 0 46 0 0 0 0 0 0 0 0 87 0 0 0 92 0 0 0 0 0 70 0 0 0 0 0 0
0 0 0 0 0 41 59 0 0 0 0 79 0 74 0 0 10 0 0 0 0 0 0 0 0 28 0 0 64 0 0 0 77 0 0 0 0 0 0 0 0 0 0 0 0 0 0 0 81 81 62 0 37 0 67 0 0 0 0 0 0 0 0 0 0 0 0 0 0 43 18 0 0 74 0 0 0 0 38 0 0 0 0 0 23 0 0 82 0 0 0 0 95 0 0 0 0 0 0 33
0 0 0 30 0 0 0 91 0 0 26 0 0 0 0 19 91 13 64 0 16 0 0 0 67 0 13 0 12 0 86 0 0 0 98 11 0 0 22 21 0 15 13 0 0 0 0 0 0 0 0 0 0 80 13 0 0 12 57 0 93 0 0 0 29 0 0 0 0 0 0 45 0 0 0 50 0 78 0 0 0 87 0 65 42 0 0 0 0 0 22 15 78 0 0 36 0 0 0 0
0 0 0 0 0 0 0 0 0 0 0 0 0 85 0 0 0 0 0 0 0 0 0 0 67 0 0 0 19 0 16 69 0 0 0 0 0 0 0 0 0 0 0 0 25 0 0 0 99 42 0 0 0 0 0 51 0 0 0 0 0 0 0 0 0 0 66 60 0 0 0 58 0 0 0 0 0 26 0 59 0 9 0 0 65 0 0 9 0 0 0 0 0 50 0 0 0 0 0 75
0 0 0 0 0 0 0 0 3 99 55 7 0 0 36 0 0 0 25 0 0 0 54 33 0 86 58 0 0 0 0 0 0 0 83 0 0 0 0 1 2 0 0 0 0 6 0 0 0 0 0 0 0 0 0 0 0 4 29 0 15 0 0 0 0 0 0 0 0 0 0 0 0 0 0 12 0 0 0 3 0 0 0 0 10 0 39 0 0 67 0 0 0 9 0 0 0 35 0 0
0 0 0 0 0 0 33 0 0 0 0 0 0 0 0 97 10 79 72 14 0 0 43 0 0 0 0 0 100 0 0 0 0 0 0 70 0 0 71 0 0 0 0 0 55 0 0 99 0 0 28 0 0 0 45 0 50 0 0 82 1 0 92 0 0 43 0 12 0 0 31 0 0 0 44 0 84 0 0 70 67 68 37 0 0 0 0 0 0 84 0 0 0 0 82 68 0 0 0 0
0 0 0 0 0 14 1 0 80 0 0 0 0 0 0 0 0 0 0 0 0 92 0 0 0 0 0 0 0 91 0 0 0 44 0 0 0 0 0 63 0 55 39 0 0 0 0 0 0 0 0 0 0 7 0 0 0 85 61 0 53 0 0 46 0 0 0 0 0 0 0 0 3 0 0 0 53 0 0 0 0 85 6 0 0 0 0 0 0 0 0 0 0 11 0 0 0 53 0 0
0 0 0 0 0 0 0 0 54 0 0 0 0 0 0 0 34 0 0 2 0 0 0 0 0 70 0 0 0 0 0 0 0 0 0 0 0 0 0 0 23 0 0 0 0 0 0 99 0 9 0 67 45 0 0 0 0 0 0 0 0 0 0 0 0 0 0 0 0 87 31 0 18 0 0 78 0 0 0 0 0 0 0 0 0 0 48 95 0 0 90 84 9 0 0 0 0 0 0 0