100
0 0 47 0 0 15 0 46 31 75 87 0 0 0 0 0 0 0 0 1 52 24 0 0 0 0 0 0 0 0 0 0 88 0 9 1 0 0 0 0 0 0 0 0 0 0 0 0 0 0 55 0 22 0 70 0 0 48 0 0 0 22 0 0 0 0 0 0 57 0 0 0 0 0 0 0 6 0 0 93 0 16 46 0 0 0 0 0 0 0 0 0 0 0 0 0 0 0 0 34
0 0 0 0 0 0 0 53 0 0 0 0 0 0 0 13 0 82 0 0 0 0 0 62 0 0 0 0 0 0 0 89 0 0 44 0 0 0 0 39 0 0 35 0 0 0 28 0 0 7 82 0 0 0 0 0 0 0 0 0 0 98 0 0 0 31 0 84 91 32 0 0 0 24 0 0 0 0 0 0 0 0 0 0 0 0 21 0 58 0 0 83 22 0 0 21 0 25 0 0
0 69 0 0 0 10 0 0 0 0 0 0 0 0 54 0 41 0 83 0 66 0 0 0 0 0 0 0 0 0 0 37 0 40 0 43 0 23 0 0 50 0 0 0 0 0 68 0 0 0 0 0 0 0 4 53 26 0 0 0 0 2 50 0 0 0 0 10 0 57 0 0 77 0 57 4 0 0 88 0 0 45 0 0 0 0 0 0 0 0 0 0 0 0 0 0 0 0 0 78
0 82 0 0 0 0 97 0 90 0 0 0 0 0 0 0 0 0 0 91 0 29 0 0 0 90 0 0 0 0 0 0 99 29 0 32 0 0 70 22 65 0 59 0 0 0 0 0 0 0 0 53 0 70 0 0 0 0 0 93 0 0 0 63 88 0 0 38 0 0 0 49 0 0 0 0 0 0 22 75 60 0 0 0 0 0 46 93 0 0 80 0 8 0 0 23 0 0 0 0
0 0 0 0 0 0 68 0 0 0 0 0 0 0 0 17 0 0 0 0 0 0 0 0 0 0 0 60 0 0 96 0 0 0 0 32 0 0 0 13 0 0 0 0 0 23 0 0 0 0 0 0 0 0 0 22 0 70 0 8 2 0 0 0 0 0 0 0 0 0 0 58 0 24 0 0 0 94 0 0 0 37 0 95 38 0 0 64 0 0 0 0 0 0 57 0 0 47 60 49
20 0 0 64 0 0 0 0 0 0 0 37 0 63 0 0 0 71 40 0 0 0 86 47 0 0 78 72 0 0 0 3 3 0 64 0 71 0 0 0 70 0 0 0 0 0 0 0 0 0 52 0 0 0 0 0 0 45 100 44 0 26 71 0 14 95 0 0 0 0 0 0 2 0 58 0 0 3 0 0 94 57 0 0 0 0 0 0 64 0 0 58 0 35 48 0 24 0 67 94
0 14 0 0 0 0 0 0 19 0 0 19 10 0 0 0 0 81 32 33 0 0 100 0 0 0 49 0 0 0 39 0 0 0 0 0 0 79 0 0 0 63 0 0 0 1 0 0 0 0 0 46 0 0 0 0 0 0 0 68 0 0 0 0 0 0 0 0 0 0 0 0 67 0 73 0 0 70 70 90 0 0 0 0 0 25 0 0 0 0 0 46 0 0 0 0 0 0 0 0
87 86 0 41 46 0 0 0 75 0 0 0 25 57 0 0 44 0 80 0 26 0 47 0 0 0 54 0 0 0 60 86 0 0 30 0 0 0 45 90 0 0 0 0 0 0 0 93 70 0 0 32 0 0 0 0 7 16 0 0 45 0 0 0 0 0 92 0 0 0 0 0 0 0 0 3 0 0 0 24 29 0 0 0 94 39 0 95 0 22 67 17 0 23 0 0 0 33 0 0
0 0 76 30 0 82 2 55 0 94 82 17 0 0 0 92 0 0 23 0 35 0 0 82 0 0 0 63 0 79 0 5 0 0 14 100 81 0 0 86 29 0 0 75 0 0 48 11 0 31 32 91 0 0 94 26 0 0 0 0 73 0 0 0 0 0 0 90 0 0 0 22 27 0 9 0 0 0 0 0 0 0 0 0 10 0 72 0 0 0 0 0 0 24 99 83 0 0 0 0
0 0 0 0 0 0 0 0 0 0 0 0 0 0 0 0 0 0 0 62 83 0 0 0 0 0 50 72 84 75 0 0 0 0 0 0 0 66 0 0 0 0 0 0 0 0 84 0 25 0 0 0 95 0 0 0 11 61 0 0 0 47 0 0 0 50 0 0 0 0 0 0 0 0 0 72 52 0 0 91 0 0 45 0 13 0 0 93 55 0 0 0 53 0 15 0 85 0 0 0
0 31 0 78 98 0 74 0 0 0 0 29 79 0 76 0 0 0 0 0 0 0 46 35 0 0 0 28 0 0 0 0 71 52 0 0 0 52 0 0 0 0 79 0 61 0 0 37 0 22 0 0 0 78 0 42 0 88 0 0 98 63 53 64 0 47 0 0 0 56 0 0 21 98 0 75 0 2 0 0 37 19 0 22 0 65 0 0 0 0 0 40 0 0 30 0 0 0 0 0
0 0 0 0 0 45 0 0 0 0 94 0 0 69 0 27 77 0 0 0 0 83 0 0 0 74 0 0 0 70 0 0 51 0 86 0 0 0 0 0 0 0 0 0 0 0 38 3 0 0 0 0 0 0 0 0 0 6 48 0 0 64 0 0 0 0 0 0 8 16 70 72 0 0 88 31 0 0 0 0 0 0 0 0 0 0 17 0 62 0 0 0 54 0 0 0 0 33 0 0
0 88 92 98 0 0 0 66 0 0 80 0 0 69 0 0 0 0 0 0 0 25 0 0 0 0 0 0 17 0 0 0 0 0 40 0 0 0 12 0 0 0 0 0 0 49 0 0 0 0 0 0 0 0 0 22 0 44 0 0 58 61 8 0 0 0 0 0 0 0 0 0 0 0 0 0 0 62 31 65 0 0 0 84 32 47 44 0 17 54 0 100 0 21 0 0 65 0 4 0
0 0 0 0 53 2 0 50 0 0 23 0 0 0 0 0 4 0 0 0 0 0 0 0 0 0 30 33 0 0 0 0 0 0 26 0 0 0 0 97 0 0 0 0 0 0 0 0 0 63 19 0 0 0 12 45 90 0 0 0 0 0 0 0 0 71 0 0 0 0 0 9 0 0 0 0 0 0 75 0 0 0 0 61 0 44 0 0 0 0 90 0 0 0 0 0 0 0 0 0
0 0 0 1 0 0 0 0 0 0 0 0 0 46 0 82 0 0 0 32 0 20 0 35 0 41 0 0 1 0 77 0 0 0 0 0 0 28 0 79 0 0 77 0 0 0 75 0 0 0 0 80 12 21 0 0 83 7 24 0 36 64 0 81 0 0 0 0 0 74 2 33 0 0 27 0 0 15 49 65 0 0 0 0 0 0 0 0 0 0 0 0 0 0 0 0 0 66 0 0
0 0 0 0 0 0 45 89 0 0 89 0 0 0 0 0 0 0 0 0 0 0 0 0 0 0 0 0 0 0 0 0 0 0 0 0 0 0 0 0 0 0 45 0 7 0 59 0 36 66 0 0 0 0 0 52 0 0 0 0 0 0 0 0 0 47 72 0 0 0 0 53 0 0 57 0 0 0 0 0 0 0 0 0 0 11 98 0 0 0 0 0 0 98 0 23 8 0 0 0
0 37 0 0 0 0 0 0 0 93 0 61 0 0 30 0 0 0 0 17 0 36 0 0 0 0 0 0 0 0 10 0 56 0 0 0 0 0 83 0 0 0 0 0 48 0 0 0 0 0 0 0 0 0 13 0 0 0 16 0 0 0 0 0 0 0 0 0 0 41 0 28 0 0 0 0 2 18 0 71 0 0 31 0 39 0 0 0 16 0 64 0 0 41 0 70 0 48 25 0
0 0 0 0 0 52 0 65 0 0 0 36 77 0 86 0 0 0 25 0 0 92 0 80 0 84 100 0 0 0 0 0 0 0 0 0 0 43 0 0 0 0 0 55 98 0 80 53 78 0 0 56 0 0 0 91 0 0 0 95 0 0 0 0 0 0 77 41 0 22 0 0 0 0 0 0 0 0 0 53 0 0 6 0 23 0 0 0 52 97 0 0 0 0 0 0 0 0 8 98
0 0 20 0 0 0 39 0 0 0 0 0 0 0 0 0 0 0 0 0 89 0 0 0 0 0 49 0 0 0 55 0 0 72 0 0 0 35 73 41 0 0 49 0 84 72 0 0 0 0 21 48 0 0 0 37 56 0 91 0 0 0 0 14 0 0 62 0 0 0 0 0 0 0 0 0 0 0 98 0 84 0 0 83 0 22 0 0 0 0 0 0 0 0 0 0 0 0 26 0
0 0 0 98 6 0 0 25 0 0 78 14 35 0 0 14 71 0 6 0 0 0 0 0 54 36 0 0 0 0 0 0 0 0 0 61 0 57 0 0 0 0 0 80 0 0 0 0 0 0 65 0 61 0 31 0 0 100 73 83 0 0 0 0 58 0 15 0 59 88 47 0 0 0 28 0 0 0 75 0 0 0 0 0 91 0 0 0 0 0 0 55 88 0 0 0 0 0 33 0
59 0 0 0 0 0 0 0 0 0 0 0 34 0 0 72 15 36 0 0 0 0 59 0 0 0 0 0 0 10 0 0 0 96 0 0 80 0 0 0 0 78 16 0 0 0 0 0 72 0 0 57 0 0 0 0 0 0 0 0 0 0 0 0 0 0 0 0 0 0 0 0 71 0 0 0 0 0 0 0 0 0 0 0 0 87 0 0 0 0 0 12 0 0 0 0 0 0 0 0
0 0 0 0 0 0 0 0 0 0 41 48 0 19 0 0 0 0 0 0 9 0 74 0 0 52 36 37 89 0 0 0 0 0 0 0 0 0 0 0 0 0 0 0 0 31 0 0 0 0 0 2 0 0 29 0 73 0 0 0 80 0 0 0 7 82 0 0 99 0 0 0 87 0 40 0 67 0 0 0 0 0 1 0 0 0 46 0 0 1 29 0 27 0 0 0 0 0 32 0
22 0 0 75 0 0 0 0 0 0 70 79 0 0 0 0 0 69 0 0 0 22 0 0 25 23 0 75 0 0 88 0 0 0 53 11 0 0 0 0 0 0 45 0 0 0 0 0 0 0 0 0 0 0 33 1 0 0 0 0 0 0 51 0 78 0 0 41 0 43 0 0 0 0 0 99 0 0 0 67 53 0 0 0 0 0 58 0 0 0 0 0 0 0 0 0 0 0 0 0
0 0 0 71 0 0 0 0 0 0 0 99 0 0 0 33 0 0 0 0 0 0 3 0 0 0 0 0 29 0 0 0 43 0 14 65 56 0 0 36 12 12 10 0 0 18 62 0 0 0 0 0 0 89 0 38 37 63 0 62 0 0 0 0 85 60 0 60 91 0 0 0 0 0 24 0 0 0 74 0 0 0 32 0 0 18 0 0 93 0 49 0 0 0 0 0 0 17 0 0
0 0 0 31 0 0 0 0 32 0 0 42 0 92 50 0 0 0 0 0 0 0 0 27 0 71 15 0 3 0 0 16 0 31 0 0 0 43 0 0 0 0 0 0 30 0 0 0 0 0 11 0 0 0 0 0 0 17 0 0 0 0 0 84 0 0 98 0 0 56 0 0 0 52 0 0 0 0 47 0 52 52 0 0 0 0 54 0 0 0 72 0 0 0 0 98 0 0 36 0
65 0 0 0 0 0 43 0 90 64 0 0 0 48 0 5 27 44 0 50 0 0 0 0 98 0 0 0 0 0 0 0 0 0 64 0 15 0 0 0 0 0 0 6 0 0 0 92 0 91 0 0 50 31 0 0 0 0 0 13 0 29 0 0 0 0 85 0 11 37 0 0 0 0 53 0 93 0 0 0 0 93 0 0 23 70 0 77 17 16 0 0 0 0 0 0 24 33 12 54
73 0 0 1 0 0 86 0 32 0 0 0 0 0 0 0 0 0 0 0 0 0 0 47 0 0 0 0 92 0 0 0 0 41 0 0 79 0 22 0 0 0 0 0 0 0 0 0 0 84 29 0 0 0 72 0 0 0 0 79 0 0 0 23 0 0 0 0 0 0 0 0 0 0 0 0 0 0 0 0 0 61 52 0 0 28 45 0 0 0 0 0 0 0 0 0 85 0 26 19
0 0 20 55 0 0 0 0 0 87 0 0 0 0 0 0 0 0 90 0 0 43 0 0 0 0 0 0 0 0 0 39 0 64 0 0 0 4 0 38 0 0 0 0 0 64 0 0 0 0 0 0 32 0 0 75 0 0 0 0 87 0 0 0 8 0 18 18 0 0 0 0 0 73 0 0 0 54 42 0 0 40 40 0 0 0 0 0 0 58 77 1 0 67 0 0 0 0 17 0
81 0 0 0 0 0 0 0 0 0 31 0 46 0 0 0 77 0 0 0 0 0 0 0 0 14 0 0 0 0 0 0 0 0 88 19 7 0 0 0 0 0 0 0 0 0 0 0 0 0 0 0 46 0 0 87 0 0 0 0 0 78 0 0 0 0 0 0 0 0 23 0 89 82 0 0 0 0 8 0 0 88 0 0 0 73 0 76 0 0 0 0 0 0 0 0 74 0 0 0
0 89 0 96 0 0 0 0 11 0 0 10 0 0 0 0 0 70 0 0 0 0 0 0 0 0 0 0 0 0 27 0 0 0 0 0 0 0 0 0 0 0 0 92 0 0 0 0 44 0 0 0 0 0 13 0 0 0 69 82 66 28 0 74 0 0 0 0 0 0 35 0 0 0 0 37 51 0 55 0 0 98 62 0 36 0 0 0 0 64 0 0 42 0 0 82 92 0 0 64
0 59 42 0 0 0 36 0 0 0 0 0 0 0 17 0 0 0 0 0 0 0 0 0 0 0 0 0 0 0 0 0 0 36 76 0 87 0 71 0 0 0 0 0 0 0 60 0 0 0 0 0 0 0 19 0 0 0 49 0 0 0 0 0 0 33 0 0 43 0 0 55 0 0 0 0 0 0 0 0 19 12 0 0 0 0 0 51 0 0 0 44 0 0 0 12 0 0 0 35
0 0 0 0 0 0 0 16 0 55 0 59 67 0 0 0 0 25 0 0 24 0 0 0 39 33 65 41 0 0 0 0 0 61 0 58 0 0 8 0 0 86 0 0 0 0 31 0 0 0 0 0 0 22 0 0 0 0 0 0 44 0 0 0 0 79 0 24 0 27 0 0 0 100 32 0 78 0 0 0 0 0 76 0 0 0 0 97 0 0 0 0 0 0 0 0 69 0 0 0
0 0 0 0 70 0 0 0 0 0 0 0 0 66 0 0 0 0 0 0 0 0 0 0 32 96 0 77 0 66 0 72 0 0 0 0 0 16 0 0 0 0 0 0 0 0 0 95 0 79 0 0 35 0 70 0 0 0 0 0 0 0 25 0 0 0 0 91 37 86 0 0 14 0 0 23 0 0 0 0 0 0 0 48 0 47 0 96 0 0 0 0 42 0 26 0 0 94 0 89
0 0 0 0 39 0 0 0 0 0 0 0 0 0 0 0 0 0 0 0 0 48 76 0 51 0 0 83 0 0 0 0 13 0 0 0 0 0 0 0 0 0 0 0 0 3 37 0 72 0 24 0 0 0 44 88 72 0 0 29 0 0 0 60 0 46 71 0 0 0 0 64 18 0 0 0 0 14 76 0 0 0 8 0 0 25 0 0 0 0 0 0 0 0 44 47 0 57 0 0
0 0 14 0 0 70 0 2 0 26 0 0 0 0 0 56 0 0 0 0 0 0 0 0 0 56 0 13 0 0 0 0 0 0 0 0 0 0 0 0 0 50 0 23 20 0 0 0 0 0 5 0 0 0 0 0 0 0 0 0 0 0 0 0 0 0 0 60 0 0 0 0 6 0 0 0 0 56 0 94 57 0 0 0 0 32 47 0 92 0 0 0 0 9 0 0 0 0 0 0
0 0 58 0 0 1 0 84 17 57 0 13 0 95 0 0 0 0 0 0 0 0 0 0 0 0 0 0 0 0 0 0 19 0 0 0 0 0 0 0 0 26 0 0 0 0 82 0 0 24 0 0 0 0 0 0 0 0 0 0 54 0 0 0 0 0 0 0 0 0 0 62 0 0 0 42 64 0 0 0 0 0 0 80 0 0 65 0 0 64 0 0 0 22 0 0 15 0 0 0
0 54 46 0 0 65 0 58 93 0 24 0 0 18 58 0 0 0 27 0 0 0 0 39 0 23 0 0 0 38 0 0 0 86 27 0 0 0 0 0 93 0 0 0 0 0 0 0 0 0 0 0 0 0 0 0 0 0 0 95 0 0 67 1 37 0 0 0 0 0 0 0 0 14 11 0 90 73 0 0 0 0 0 0 3 0 0 0 0 0 0 0 18 0 0 0 0 85 0 0
0 0 0 0 0 0 0 0 0 0 0 0 0 0 0 0 0 0 0 0 56 0 0 0 100 0 0 53 0 0 0 0 39 41 0 0 0 0 0 0 0 81 0 0 0 0 0 16 0 0 0 0 0 0 0 0 5 0 0 0 14 0 0 0 0 0 0 0 9 6 0 0 0 0 60 0 0 0 44 0 0 0 0 0 0 0 0 0 0 0 33 0 31 0 86 0 17 6 71 0
0 61 79 0 0 0 0 0 0 0 0 0 0 0 0 62 0 0 0 0 0 0 0 0 0 0 0 0 0 0 0 0 0 0 58 0 69 0 0 0 98 65 0 0 0 81 21 0 0 0 0 0 0 0 0 0 0 0 0 0 0 0 0 0 0 0 0 0 59 0 0 0 0 37 0 0 67 26 0 0 0 84 99 0 0 0 40 25 0 0 0 49 0 0 0 0 0 0 0 15
0 0 0 0 69 0 0 0 0 57 0 0 0 0 69 32 0 0 0 0 35 79 0 37 77 0 0 0 0 0 0 0 0 0 0 0 0 70 0 0 0 97 55 0 0 63 0 0 0 0 0 0 0 0 0 0 0 0 0 0 0 0 90 91 0 0 81 0 20 22 36 40 0 84 75 63 0 0 0 0 0 0 0 0 0 0 86 0 0 0 0 69 10 0 0 100 0 0 81 0
0 0 0 31 15 0 0 0 0 0 0 0 36 0 0 0 0 0 0 0 0 0 0 50 79 93 0 0 0 0 0 0 35 0 33 53 42 0 0 62 0 0 24 0 0 0 0 0 0 0 82 81 95 0 92 0 0 0 0 0 0 0 0 0 31 40 0 54 0 0 0 0 0 0 0 0 85 0 0 0 31 0 0 0 0 25 0 0 0 0 0 0 0 0 0 0 56 0 0 0
60 0 46 0 0 0 54 0 85 0 0 0 0 62 0 0 92 0 70 0 0 0 0 0 86 0 0 0 0 92 0 0 0 35 0 38 0 0 0 0 0 0 17 0 0 0 0 0 0 73 0 82 0 0 0 79 0 88 0 0 0 0 86 0 0 0 0 0 0 6 0 0 0 98 0 0 13 0 0 84 0 0 0 79 0 82 0 0 0 0 0 0 64 81 0 0 0 0 0 0
0 17 0 0 0 0 0 51 9 40 0 48 0 0 47 46 0 0 0 0 0 0 8 65 0 53 0 0 0 0 0 0 0 41 0 34 63 0 0 61 0 26 0 0 0 0 0 0 0 16 0 0 0 0 0 0 0 0 0 0 88 0 0 84 0 0 0 0 0 0 58 0 64 0 0 0 0 0 0 0 0 78 0 0 8 0 0 30 0 0 0 0 0 0 53 0 0 0 0 0
62 0 0 0 0 0 68 30 79 0 0 76 0 0 77 0 87 0 0 45 0 0 0 47 0 0 31 0 0 0 0 0 0 45 0 0 25 0 0 0 57 0 0 0 40 0 0 0 31 0 29 0 0 0 0 0 0 0 0 0 14 17 0 0 0 0 95 64 0 0 0 25 62 0 68 0 86 0 0 0 47 0 0 3 0 0 0 53 46 0 0 0 0 0 0 0 9 0 0 0
0 0 0 0 0 0 0 0 0 55 23 0 74 0 2 0 0 0 0 0 0 29 0 0 0 0 0 0 0 0 50 86 100 0 43 25 7 0 0 0 3 40 0 0 0 0 0 0 0 0 35 0 0 0 0 0 67 0 0 0 0 0 41 0 0 0 0 0 0 0 57 1 32 0 0 0 0 0 75 0 90 30 0 0 0 0 0 0 0 0 0 0 0 58 0 0 0 0 0 0
0 0 77 0 7 0 0 0 0 0 0 0 11 29 0 0 0 90 0 0 90 85 0 0 58 0 0 0 0 0 96 0 0 0 0 0 10 0 0 0 0 0 33 0 0 0 94 60 0 0 0 0 0 0 6 0 0 65 0 0 0 0 0 0 94 0 0 52 0 0 7 0 51 0 0 0 0 0 33 0 0 0 0 0 0 0 22 0 11 52 0 0 0 53 0 51 92 0 91 0
0 0 0 0 66 0 51 0 19 95 78 0 0 0 36 0 54 0 50 0 25 0 73 0 0 0 0 0 31 84 0 98 29 0 51 0 0 0 92 0 8 20 0 0 0 0 0 0 25 0 0 0 0 0 0 0 0 0 0 95 0 0 59 0 0 0 0 6 0 0 0 0 0 0 0 0 0 37 0 0 0 0 14 0 0 0 86 91 0 21 0 0 0 0 0 0 0 0 49 0
14 0 0 0 0 0 20 0 0 0 0 0 0 0 0 0 93 0 14 65 63 0 0 91 0 0 97 0 0 0 0 0 50 0 0 0 0 0 0 0 67 0 91 0 0 0 0 0 0 0 0 0 0 0 4 0 25 0 0 0 0 0 0 0 0 86 0 32 45 0 51 0 0 66 20 0 0 0 0 0 19 0 85 21 0 0 0 0 86 0 99 0 0 0 0 0 0 37 0 0
15 0 0 0 0 0 0 8 58 0 61 0 42 0 0 67 0 0 0 0 0 0 28 63 0 0 39 0 21 0 0 0 0 7 0 0 54 100 42 5 0 0 0 0 0 0 22 51 0 0 0 0 0 0 0 0 0 0 0 0 24 0 0 0 34 16 0 0 0 0 0 85 0 0 0 0 0 0 33 50 0 0 25 79 0 0 39 0 0 0 0 0 0 0 0 0 0 0 0 50
0 0 80 38 0 0 0 0 0 0 0 0 76 0 78 0 0 0 0 0 0 0 0 0 0 0 0 0 0 0 67 0 0 0 0 0 29 0 0 0 0 6 0 0 59 0 0 0 0 0 0 0 0 50 0 0 65 25 0 81 0 64 0 6 0 0 0 99 0 0 59 0 1 0 75 0 0 0 0 41 0 0 0 0 0 0 0 93 0 0 0 0 0 48 0 0 0 0 0 0
66 0 28 0 0 0 40 0 0 0 0 30 93 0 72 35 78 0 0 0 0 0 0 0 0 0 0 0 0 50 0 0 0 0 75 0 83 0 38 84 0 0 0 0 0 7 0 0 0 14 0 0 0 0 0 10 0 41 0 0 59 0 22 0 94 67 0 20 39 0 0 0 0 61 0 0 0 0 0 0 0 72 0 0 0 0 0 0 11 0 0 0 0 0 0 0 0 0 0 6
0 0 0 0 0 0 0 0 0 0 68 0 11 0 0 17 88 39 0 26 0 82 40 0 0 0 21 0 63 0 0 0 0 65 89 0 92 72 48 3 0 0 0 0 0 0 0 0 0 0 0 0 0 83 0 0 0 0 0 0 0 0 0 0 0 26 3 0 0 0 0 0 24 0 0 0 0 0 74 35 0 69 36 0 0 0 49 0 0 0 0 0 0 61 65 0 0 0 0 64
0 0 0 0 0 0 0 80 0 0 39 0 80 0 0 94 0 0 0 0 0 0 0 0 0 0 0 55 0 0 0 0 0 0 69 3 0 0 31 0 0 40 0 0 0 0 0 0 0 0 47 0 0 0 0 6 0 0 26 0 0 77 29 0 0 0 0 0 47 0 0 14 0 0 0 0 0 0 0 90 0 0 13 0 0 0 0 0 0 3 0 87 0 0 0 0 0 0 0 63
0 0 0 50 90 0 41 0 0 0 0 0 0 78 0 0 0 18 0 0 17 0 0 0 0 0 0 0 0 83 12 88 47 11 0 0 0 0 0 0 0 0 62 0 0 0 0 0 0 0 59 0 0 0 0 0 0 0 0 0 0 0 0 0 0 0 0 0 0 0 0 22 0 0 0 99 0 0 0 29 0 0 0 0 0 0 0 0 0 0 0 0 0 0 89 0 0 85 0 0
0 0 0 0 20 96 69 0 0 0 0 0 0 0 44 0 0 0 0 0 0 36 0 0 46 0 37 0 0 0 0 5 0 0 64 0 0 0 0 0 0 0 0 0 0 16 0 0 39 0 0 0 61 0 0 17 49 0 0 0 0 0 0 0 0 26 54 0 0 0 68 0 0 0 59 0 0 0 0 64 90 0 47 0 90 0 0 0 0 0 0 0 0 0 0 0 0 0 52 49
0 0 83 0 0 0 0 0 0 0 0 52 0 0 0 0 0 23 6 0 0 74 0 0 0 0 0 0 0 94 22 0 13 0 0 0 0 0 0 0 0 0 0 0 82 0 0 0 0 0 0 0 0 0 0 0 80 0 0 98 0 0 0 0 34 36 0 0 0 80 0 0 28 0 73 4 0 0 0 0 0 48 0 83 75 30 0 0 0 0 0 50 0 0 0 1 22 34 0 0
0 0 0 0 0 0 0 0 0 0 32 0 41 0 0 48 0 24 0 0 0 0 89 0 93 0 0 0 0 82 0 98 0 0 0 0 0 0 0 0 0 0 50 0 0 0 57 0 0 0 0 0 0 0 0 51 0 0 0 61 0 54 72 0 68 0 0 0 0 80 0 0 56 0 0 46 51 0 0 0 0 0 41 0 0 0 56 52 0 0 0 59 11 0 0 0 0 0 0 47
80 0 0 0 71 34 0 70 0 0 0 0 0 0 0 0 11 0 0 0 0 28 0 0 36 0 13 0 0 0 0 0 0 70 0 0 0 0 0 47 0 0 0 0 45 0 0 0 0 66 0 80 0 0 0 0 0 0 28 0 28 0 0 0 0 0 0 0 0 80 0 0 0 0 12 0 0 0 0 7 0 0 0 0 0 7 0 0 51 0 0 0 0 0 0 0 53 0 0 0
38 0 0 0 0 21 2 0 0 0 0 0 0 75 0 87 78 0 0 3 0 0 0 44 0 0 0 0 0 0 0 0 0 0 0 0 0 0 0 0 0 58 32 0 0 0 0 83 0 0 0 0 0 59 0 0 0 0 0 0 0 0 100 0 0 0 0 0 0 0 0 0 89 0 100 0 46 69 100 0 63 0 0 0 65 0 40 0 31 0 0 0 0 58 0 0 0 0 0 0
0 0 0 64 0 91 0 83 0 0 0 0 0 0 0 21 0 0 34 0 84 0 68 0 0 14 53 39 0 0 0 6 0 48 0 0 52 0 0 0 50 0 0 52 0 0 0 38 65 0 45 0 0 0 0 0 0 0 0 0 0 90 0 0 0 59 51 0 0 0 0 0 0 0 0 0 75 0 0 0 0 0 0 0 96 0 60 38 0 0 0 0 0 0 0 0 0 63 0 0
0 0 66 0 0 0 79 0 32 0 0 0 0 0 0 0 0 0 0 0 0 3 0 0 0 0 26 0 93 0 0 12 0 66 0 0 0 0 0 19 94 0 0 0 0 0 0 0 0 0 0 33 0 0 0 56 0 0 87 0 0 0 0 0 0 0 0 0 0 0 98 0 0 0 0 68 0 0 73 49 0 0 0 89 9 0 0 0 0 0 0 0 0 0 0 0 0 0 0 0
0 57 0 0 0 93 0 0 0 0 0 0 0 7 0 36 0 0 59 13 0 60 0 0 0 0 84 0 87 97 0 0 0 76 0 0 0 0 6 0 0 0 0 0 0 0 17 99 0 0 0 0 0 0 0 56 0 0 0 0 0 0 0 0 50 0 0 0 0 0 0 0 71 0 0 0 0 100 0 0 0 0 0 0 0 14 0 64 0 0 0 72 0 0 0 0 0 0 0 93
0 0 0 0 86 79 0 55 52 53 0 84 0 0 0 0 0 0 0 0 0 92 0 26 78 0 0 0 0 0 0 57 90 0 62 11 0 0 0 37 0 0 0 7 0 0 0 0 0 0 71 0 0 58 12 61 56 69 21 0 26 0 0 0 0 0 0 47 64 0 0 0 0 0 0 0 0 0 0 0 84 0 0 0 79 0 0 0 0 0 0 0 54 0 0 91 0 73 84 0
0 0 9 0 0 0 0 0 21 0 0 0 0 0 0 0 0 0 0 0 27 0 50 0 0 0 0 0 0 0 0 0 0 23 62 0 0 6 0 0 0 0 60 0 28 44 0 0 0 0 0 93 53 0 0 0 0 85 0 42 36 0 0 0 77 0 0 0 0 0 0 0 0 0 63 0 0 82 0 0 0 0 0 0 0 0 0 0 0 0 0 0 0 64 0 4 64 31 0 0
0 30 40 55 0 0 0 0 0 79 0 88 0 0 47 0 0 0 51 0 0 0 59 0 0 49 0 0 0 0 78 0 0 0 0 18 0 0 49 73 0 0 0 0 14 0 0 0 80 0 0 0 0 91 0 0 0 0 0 0 69 0 39 0 0 0 18 48 0 90 0 72 0 0 0 0 0 0 0 8 0 0 0 0 0 0 0 0 0 0 0 39 0 0 0 0 0 0 28 0
0 0 15 0 90 46 0 43 89 0 0 0 88 0 87 0 47 0 0 0 94 0 0 0 0 0 0 0 84 0 10 33 54 0 0 0 0 0 44 0 0 0 0 8 0 0 0 0 0 37 0 0 0 0 0 0 97 0 0 0 0 0 0 0 74 0 0 85 0 0 0 0 0 32 0 0 78 0 0 39 0 30 0 0 0 23 0 43 0 0 0 0 0 0 0 0 0 0 0 47
0 0 0 0 0 0 0 0 0 0 0 0 0 8 0 64 0 95 0 0 0 0 18 0 0 0 0 0 0 18 0 0 0 0 0 0 49 0 0 22 0 0 0 64 0 44 0 0 37 0 0 3 0 0 0 0 0 0 0 0 88 0 53 0 59 0 0 0 0 0 0 0 0 0 49 37 78 0 0 0 0 0 0 0 0 0 0 0 6 0 0 0 0 0 0 0 32 83 22 0
46 0 0 0 0 0 0 25 0 0 0 0 0 0 19 0 0 0 0 0 0 0 0 0 0 85 0 0 43 0 0 59 0 0 0 0 0 0 0 0 0 0 0 48 0 0 0 0 32 89 0 0 0 0 48 0 0 0 0 0 0 0 0 0 0 85 0 0 0 0 0 0 0 0 0 0 0 0 0 0 0 88 30 38 56 0 0 11 0 0 0 0 0 47 93 0 0 0 0 0
0 41 0 83 0 0 0 0 92 93 89 62 72 0 10 0 0 73 0 0 0 80 81 0 0 71 0 35 0 0 74 0 31 15 52 91 0 0 0 0 0 70 0 30 0 69 24 0 0 0 0 0 0 0 59 0 0 50 91 0 0 22 0 61 0 0 0 13 0 0 0 0 0 0 0 0 0 0 0 0 12 0 0 0 26 0 89 0 60 0 0 0 0 34 0 0 55 0 0 59
8 27 0 0 0 0 0 0 0 0 0 88 0 0 0 0 0 0 26 0 0 52 0 19 0 70 0 0 15 37 0 0 0 0 0 0 0 0 0 7 0 69 0 84 0 0 0 0 80 53 0 0 0 0 0 0 0 0 0 0 70 0 0 0 0 11 81 0 0 0 10 0 0 0 0 0 0 0 0 0 0 0 0 0 0 0 0 0 6 0 0 0 13 0 0 0 0 0 78 0
68 0 0 0 0 0 0 0 0 0 0 0 0 0 0 0 0 0 0 0 0 94 12 0 0 0 2 0 0 39 0 0 0 78 0 62 0 0 0 0 0 0 45 0 0 0 0 0 0 0 0 56 0 45 40 0 0 0 0 0 0 56 0 0 0 0 0 0 42 0 0 0 50 0 0 29 0 27 0 0 4 0 0 0 35 0 0 47 0 69 0 0 0 0 0 0 0 0 0 0
0 96 0 63 0 39 0 0 0 0 0 0 0 0 0 0 0 0 0 0 0 0 0 0 33 0 0 20 0 0 19 50 0 63 13 0 0 0 13 0 14 0 0 0 0 0 0 0 0 0 0 85 0 0 0 0 0 87 0 33 0 0 0 34 97 0 0 0 31 0 0 0 0 55 0 0 0 0 0 0 66 0 0 54 0 0 0 0 0 0 92 0 51 90 0 0 8 0 0 0
13 6 0 0 49 0 0 0 0 93 0 0 0 0 0 11 8 0 0 0 0 0 18 89 0 0 0 0 0 0 0 56 0 0 0 0 0 0 0 0 33 0 0 0 0 0 0 0 59 72 0 0 0 0 0 3 0 1 18 0 0 0 0 0 0 20 58 0 97 43 0 0 0 0 87 0 88 0 0 95 77 0 0 15 0 30 0 0 0 0 0 0 0 0 71 0 42 0 63 58
0 37 0 0 4 97 0 0 97 0 97 79 0 0 40 0 0 0 0 92 0 0 71 0 55 0 50 0 0 0 0 58 0 0 0 0 0 88 0 0 98 0 0 0 0 0 0 0 0 0 0 56 0 0 0 65 0 0 0 0 0 0 0 0 0 0 28 0 0 0 0 0 0 0 0 0 0 0 0 0 0 0 0 0 0 0 0 0 84 5 0 0 0 0 0 39 9 89 32 0
0 0 58 0 0 0 0 0 0 42 0 0 0 0 0 87 0 0 0 7 0 0 0 0 0 0 0 0 0 0 0 64 0 0 79 46 58 0 0 0 0 0 0 0 58 0 0 0 13 0 0 21 0 0 0 62 0 0 0 0 96 0 0 63 54 0 17 15 0 0 0 0 0 0 0 82 0 0 7 0 0 0 0 0 0 0 0 0 0 89 0 0 0 92 0 0 0 0 23 0
19 0 84 0 0 0 0 15 0 0 49 0 0 0 0 0 0 0 0 28 0 0 36 0 76 0 35 0 63 5 0 0 0 0 95 0 0 35 54 86 0 0 0 0 0 0 0 0 0 0 0 0 53 68 92 0 0 30 0 0 0 0 0 0 0 0 47 65 0 51 0 0 23 0 0 0 0 0 41 0 0 0 0 26 42 11 24 0 0 0 0 0 0 0 0 51 0 0 86 0
0 0 0 0 0 0 0 0 0 0 75 0 90 0 0 0 87 0 0 0 0 24 0 73 0 0 69 0 0 0 0 0 0 3 0 0 0 53 0 0 36 34 0 0 0 15 95 0 81 0 0 0 0 0 0 0 0 0 0 89 60 28 0 0 0 0 89 42 61 74 0 0 93 0 0 0 0 0 0 0 0 0 0 32 0 60 0 0 0 0 56 0 54 29 95 0 0 0 0 0
0 0 0 0 0 0 0 31 0 0 2 0 0 0 69 0 0 0 0 0 0 59 0 6 91 0 0 40 38 0 0 67 42 0 0 0 85 0 0 0 0 0 0 23 0 89 58 0 0 64 98 0 0 0 0 60 0 0 0 0 0 0 0 0 0 0 0 0 0 0 0 0 0 20 23 0 0 0 0 22 0 61 0 0 0 0 0 0 0 0 0 60 0 0 0 0 0 0 17 0
0 0 13 0 85 84 0 0 0 0 0 0 17 0 0 32 27 0 0 0 0 0 0 77 0 0 0 0 0 15 60 5 0 0 0 11 77 0 43 98 0 0 0 0 0 77 0 0 0 30 63 69 0 0 0 0 0 0 47 0 0 0 0 31 0 0 25 0 0 40 0 0 36 0 0 0 37 0 0 0 0 0 0 0 0 2 0 0 61 0 29 0 49 0 0 0 0 0 0 91
78 0 0 0 50 0 0 0 0 0 3 0 0 0 0 0 0 0 0 0 19 0 24 0 0 0 0 75 0 82 0 0 0 0 53 22 0 0 0 0 55 0 0 0 0 0 0 98 39 0 0 30 0 0 0 40 46 0 0 0 0 0 0 54 81 0 0 13 73 0 92 21 0 0 17 0 0 80 0 0 0 0 0 0 0 0 0 0 26 0 0 0 0 0 0 0 0 0 99 84
0 2 58 0 0 0 98 0 0 0 0 0 0 8 0 86 0 0 0 0 0 0 0 45 0 21 0 48 0 0 0 0 0 0 55 87 0 0 0 8 70 0 0 0 0 0 0 94 25 0 0 0 0 0 0 0 51 0 0 0 0 0 46 0 0 0 43 0 0 0 0 0 0 0 0 0 74 7 0 0 0 97 0 0 53 0 85 0 0 0 0 0 0 0 0 41 80 0 0 0
0 0 0 24 0 0 35 0 0 76 0 0 0 0 0 0 8 0 47 0 0 43 0 0 0 0 0 0 0 0 0 70 24 98 0 0 0 58 0 0 0 0 0 0 0 17 0 0 0 0 0 56 0 0 0 0 0 0 0 0 0 0 0 0 0 0 0 0 0 0 0 93 0 55 0 0 0 0 0 0 0 0 0 0 0 25 96 0 0 0 0 0 0 0 0 0 0 0 0 0
0 0 0 0 2 0 0 0 0 0 0 0 0 0 15 0 0 98 0 0 25 11 0 73 0 0 75 0 80 0 0 0 0 0 0 0 0 0 0 0 0 0 0 91 0 0 0 0 0 0 0 60 0 0 0 54 29 9 77 0 40 0 0 67 0 0 0 0 0 97 0 0 0 0 0 0 0 0 0 0 0 0 0 0 0 73 0 13 0 38 0 17 0 0 0 0 52 0 0 100
0 0 0 0 0 78 0 0 0 0 0 0 0 0 0 11 0 0 79 0 0 0 9 0 0 64 0 0 0 0 0 0 0 96 1 0 0 71 92 0 0 0 90 0 0 0 0 0 99 93 20 0 0 0 0 0 0 0 2 0 0 0 0 0 0 0 0 0 0 0 0 0 17 0 0 0 0 85 0 48 0 0 0 0 0 0 0 0 0 51 0 0 67 100 0 42 81 0 0 73
0 0 0 0 30 0 0 0 0 0 0 0 25 0 0 0 0 27 0 0 72 0 18 0 0 0 0 0 50 0 46 0 0 0 0 87 80 48 0 0 73 38 0 0 0 0 0 0 0 0 71 0 63 0 0 0 58 0 0 0 0 26 0 71 0 56 5 0 0 0 0 90 13 0 0 0 0 0 0 60 0 0 52 0 0 0 0 46 0 0 0 0 0 12 0 0 0 0 0 0
0 39 0 0 0 40 51 0 0 0 0 0 0 0 0 0 0 0 0 0 12 74 0 0 0 0 0 0 0 0 0 0 90 9 0 33 0 0 0 88 0 0 0 0 32 0 9 0 0 0 0 49 0 0 0 0 0 0 0 0 0 0 0 35 32 0 18 0 0 0 0 66 0 0 0 0 98 0 0 0 0 51 0 0 0 0 0 92 0 0 0 0 96 0 54 0 0 0 0 7
82 0 0 0 57 94 26 0 0 0 0 0 0 0 0 0 0 0 0 0 0 0 0 0 0 87 0 0 0 16 0 0 0 0 0 93 49 0 0 0 0 9 0 0 0 0 0 0 17 0 0 96 63 0 68 0 0 0 30 0 32 95 81 0 0 0 0 0 0 0 52 0 0 0 52 0 0 0 66 50 0 28 0 2 90 0 0 0 26 0 10 0 51 0 43 0 0 0 0 0
73 0 0 98 0 0 0 0 83 0 0 0 0 99 0 80 0 0 0 0 0 0 84 0 0 0 0 0 0 0 0 0 0 26 0 38 0 0 0 0 0 0 0 0 0 82 0 75 0 0 0 15 0 0 0 33 0 0 0 0 0 58 0 10 0 0 0 0 0 0 16 0 4 32 0 0 0 63 0 0 0 0 0 0 0 0 0 0 0 11 0 0 0 59 0 0 0 0 0 38
53 0 1 0 0 0 0 0 0 0 0 0 0 0 0 0 97 0 82 0 46 21 0 0 0 0 0 0 0 0 0 0 55 0 86 0 0 0 0 0 0 0 48 65 0 0 0 0 21 0 18 0 0 0 0 67 0 0 0 0 0 0 0 0 8 0 0 47 0 27 0 0 26 62 0 0 68 69 0 0 0 0 80 0 0 0 0 0 0 0 0 0 0 0 0 0 0 0 0 0
0 0 0 9 49 0 0 0 0 0 0 0 0 0 41 42 0 66 0 0 0 31 0 0 0 0 45 0 11 69 0 0 0 11 0 0 0 77 0 0 0 0 61 0 0 0 32 0 0 57 17 0 0 0 69 0 0 16 0 0 24 0 0 34 0 66 0 0 0 0 0 0 0 0 0 64 0 0 81 0 0 0 0 0 42 0 0 0 0 0 0 91 0 0 0 0 0 92 0 0
0 0 0 0 0 0 86 0 0 0 73 0 0 0 0 0 0 18 59 0 48 0 0 0 0 0 15 42 0 0 0 0 27 0 49 0 24 0 0 0 0 0 0 0 0 0 0 0 0 0 0 0 0 83 93 0 0 40 15 0 0 0 0 98 0 0 23 0 0 0 0 0 0 0 0 0 0 0 65 0 0 0 0 0 0 11 0 0 4 0 0 0 0 0 0 13 0 0 0 0
0 0 0 0 50 16 0 81 79 0 32 0 21 0 0 0 0 0 0 88 0 0 0 0 0 63 0 93 38 0 38 0 0 0 0 0 0 0 0 0 0 0 0 0 57 0 37 0 0 0 0 0 0 0 0 0 91 17 55 12 7 0 0 49 0 0 0 77 0 98 81 0 0 0 71 26 0 20 71 0 0 0 75 0 0 0 0 0 66 35 0 0 0 0 0 88 0 0 89 0
82 48 0 0 42 0 0 0 0 13 0 0 0 0 0 0 0 0 0 45 0 0 0 0 0 0 35 0 0 44 0 0 0 0 0 96 48 0 64 0 0 0 7 0 0 100 41 0 0 24 59 0 80 0 4 0 0 0 0 49 77 75 0 0 0 0 0 0 0 0 0 63 0 0 0 0 0 66 0 0 0 0 0 0 0 91 83 0 0 0 0 0 0 24 0 89 0 0 0 0
35 0 8 0 65 0 0 0 0 0 0 0 4 0 0 0 96 0 0 0 0 71 0 0 0 89 0 0 96 0 0 61 0 0 0 0 0 0 0 0 0 60 0 62 0 0 0 0 0 0 0 0 0 0 48 0 78 0 0 0 34 0 0 0 0 0 27 0 0 0 85 0 0 0 0 0 0 0 0 0 0 0 0 22 18 0 0 7 0 1 0 0 0 0 0 0 0 82 0 0
0 0 0 0 0 76 0 0 0 0 0 0 0 0 0 0 67 0 0 71 0 13 92 0 51 59 0 0 95 57 87 0 66 0 3 0 0 0 0 0 0 0 0 0 0 0 89 0 0 0 0 0 5 0 45 0 0 0 0 0 0 8 0 0 0 0 0 0 0 8 0 0 0 0 0 98 0 0 25 0 89 0 0 53 0 0 0 0 0 0 0 86 8 0 0 4 0 0 0 0
0 0 0 0 0 0 0 0 0 0 0 0 0 0 0 82 59 26 0 0 0 34 5 0 0 0 0 88 0 0 47 0 0 0 0 0 0 0 40 15 0 0 0 0 0 0 0 2 0 0 0 84 0 0 56 0 0 0 0 48 0 0 0 0 0 6 0 0 0 0 20 0 0 0 0 0 0 0 0 90 0 0 0 62 0 46 0 40 0 0 0 0 0 0 0 0 0 76 84 0
0 0 16 0 56 0 0 0 63 0 0 0 44 46 0 0 93 0 0 41 0 61 0 21 83 0 20 0 68 0 0 0 0 0 2 0 0 5 49 0 0 0 0 86 19 0 0 81 0 0 0 0 98 0 0 0 0 0 0 22 0 0 0 0 32 0 0 0 0 0 98 0 0 35 0 0 14 0 0 48 0 0 0 0 0 16 0 0 0 80 0 0 80 0 0 0 0 0 0 0
0 0 0 0 42 0 53 0 0 0 0 0 0 0 0 0 0 80 0 0 0 0 0 0 92 0 97 0 27 0 0 0 54 0 0 74 0 49 0 0 75 71 0 0 0 0 0 0 0 0 0 0 0 70 0 3 55 0 100 0 0 0 0 0 30 0 0 0 0 87 0 0 35 0 0 0 0 0 0 0 0 80 98 0 0 0 0 0 0 0 0 0 35 25 93 0 53 0 0 88
0 26 56 0 0 0 0 0 0 0 0 0 0 0 0 0 0 68 0 97 81 0 0 0 0 0 61 0 1 0 3 0 14 0 0 0 77 0 0 0 0 0 100 0 0 0 0 0 0 79 0 0 0 0 8 0 0 0 0 0 0 0 0 92 11 0 0 0 0 0 11 0 93 0 0 0 0 0 0 0 0 0 90 0 0 0 0 0 0 0 51 88 0 0 57 0 2 0 0 0
0 0 81 0 47 0 0 0 0 0 5 0 5 28 41 0 0 13 0 7 0 0 0 0 0 0 93 0 0 0 60 23 0 51 0 28 0 0 0 52 0 63 0 0 7 0 0 0 0 0 0 16 0 0 0 0 53 0 0 0 0 0 0 0 0 0 71 0 0 0 0 49 0 0 23 95 98 0 92 0 78 0 0 0 15 0 70 0 0 0 0 0 0 0 0 75 68 0 0 0
0 0 46 0 0 91 0 75 3 68 71 0 0 0 0 0 0 0 0 22 75 51 0 0 0 0 0 0 0 0 0 0 32 0 53 82 0 0 0 0 0 0 0 0 0 0 0 0 0 0 51 0 24 0 40 0 0 51 0 0 0 99 0 0 0 0 0 0 20 0 0 0 0 0 0 0 61 0 0 84 0 58 54 0 0 0 0 0 0 0 0 0 0 0 0 0 0 0 0 91
0 0 0 0 0 0 0 60 0 0 0 0 0 0 0 53 0 18 0 0 0 0 0 82 0 0 0 0 0 0 0 93 0 0 32 0 0 0 0 2 0 0 39 0 0 0 20 0 0 100 65 0 0 0 0 0 0 0 0 0 0 53 0 0 0 80 0 79 93 86 0 0 0 63 0 0 0 0 0 0 0 0 0 0 0 0 1 0 30 0 0 73 70 0 0 52 0 70 0 0
0 33 0 0 0 67 0 0 0 0 0 0 0 0 93 0 87 0 17 0 92 0 0 0 0 0 0 0 0 0 0 83 0 4 0 93 0 28 0 0 43 0 0 0 0 0 24 0 0 0 0 0 0 0 77 35 96 0 0 0 0 86 31 0 0 0 0 48 0 31 0 0 27 0 32 95 0 0 40 0 0 60 0 0 0 0 0 0 0 0 0 0 0 0 0 0 0 0 0 18
0 72 0 0 0 0 25 0 59 0 0 0 0 0 0 0 0 0 0 39 0 28 0 0 0 86 0 0 0 0 0 0 48 66 0 71 0 0 75 100 100 0 56 0 0 0 0 0 0 0 0 61 0 10 0 0 0 0 0 89 0 0 0 66 62 0 0 39 0 0 0 41 0 0 0 0 0 0 91 51 64 0 0 0 0 0 37 7 0 0 47 0 21 0 0 17 0 0 0 0
0 0 0 0 0 0 52 0 0 0 0 0 0 0 0 82 0 0 0 0 0 0 0 0 0 0 0 23 0 0 21 0 0 0 0 40 0 0 0 65 0 0 0 0 0 5 0 0 0 0 0 0 0 0 0 97 0 1 0 70 68 0 0 0 0 0 0 0 0 0 0 92 0 87 0 0 0 98 0 0 0 13 0 56 22 0 0 44 0 0 0 0 0 0 60 0 0 71 59 96
65 0 0 83 0 0 0 0 0 0 0 73 0 84 0 0 0 51 55 0 0 0 70 31 0 0 35 26 0 0 0 66 78 0 64 0 20 0 0 0 12 0 0 0 0 0 0 0 0 0 99 0 0 0 0 0 0 36 12 70 0 26 97 0 52 17 0 0 0 0 0 0 64 0 31 0 0 85 0 0 66 88 0 0 0 0 0 0 17 0 0 73 0 51 52 0 43 0 8 91
0 98 0 0 0 0 0 0 28 0 0 46 83 0 0 0 0 5 84 36 0 0 5 0 0 0 15 0 0 0 41 0 0 0 0 0 0 58 0 0 0 53 0 0 0 32 0 0 0 0 0 11 0 0 0 0 0 0 0 38 0 0 0 0 0 0 0 0 0 0 0 0 47 0 11 0 0 6 85 71 0 0 0 0 0 82 0 0 0 0 0 2 0 0 0 0 0 0 0 0
63 76 0 88 42 0 0 0 79 0 0 0 69 60 0 0 9 0 46 0 12 0 63 0 0 0 92 0 0 0 81 95 0 0 75 0 0 0 6 52 0 0 0 0 0 0 0 54 47 0 0 18 0 0 0 0 5 87 0 0 6 0 0 0 0 0 63 0 0 0 0 0 0 0 0 65 0 0 0 33 66 0 0 0 40 52 0 49 0 89 25 26 0 89 0 0 0 79 0 0
0 0 56 98 0 82 64 24 0 55 39 3 0 0 0 10 0 0 34 0 67 0 0 98 0 0 0 91 0 87 0 39 0 0 54 43 45 0 0 85 1 0 0 23 0 0 14 63 0 46 92 7 0 0 64 55 0 0 0 0 83 0 0 0 0 0 0 59 0 0 0 75 77 0 96 0 0 0 0 0 0 0 0 0 5 0 79 0 0 0 0 0 0 94 87 35 0 0 0 0
0 0 0 0 0 0 0 0 0 0 0 0 0 0 0 0 0 0 0 87 70 0 0 0 0 0 50 62 36 97 0 0 0 0 0 0 0 6 0 0 0 0 0 0 0 0 3 0 32 0 0 0 55 0 0 0 100 90 0 0 0 35 0 0 0 46 0 0 0 0 0 0 0 0 0 68 57 0 0 16 0 0 38 0 52 0 0 31 41 0 0 0 94 0 96 0 98 0 0 0
0 64 0 75 38 0 98 0 0 0 0 74 10 0 2 0 0 0 0 0 0 0 82 34 0 0 0 5 0 0 0 0 18 79 0 0 0 33 0 0 0 0 79 0 38 0 0 20 0 38 0 0 0 68 0 77 0 54 0 0 36 30 99 5 0 62 0 0 0 59 0 0 74 7 0 61 0 45 0 0 98 41 0 81 0 59 0 0 0 0 0 90 0 0 65 0 0 0 0 0
0 0 0 0 0 25 0 0 0 0 13 0 0 21 0 25 20 0 0 0 0 60 0 0 0 43 0 0 0 32 0 0 15 0 12 0 0 0 0 0 0 0 0 0 0 0 90 26 0 0 0 0 0 0 0 0 0 53 54 0 0 96 0 0 0 0 0 0 11 65 18 89 0 0 23 29 0 0 0 0 0 0 0 0 0 0 12 0 6 0 0 0 79 0 0 0 0 45 0 0
0 40 79 61 0 0 0 91 0 0 9 0 0 87 0 0 0 0 0 0 0 100 0 0 0 0 0 0 31 0 0 0 0 0 53 0 0 0 85 0 0 0 0 0 0 65 0 0 0 0 0 0 0 0 0 10 0 90 0 0 55 38 76 0 0 0 0 0 0 0 0 0 0 0 0 0 0 84 4 7 0 0 0 84 2 58 13 0 85 12 0 50 0 55 0 0 99 0 77 0
0 0 0 0 25 63 0 27 0 0 48 0 0 0 0 0 29 0 0 0 0 0 0 0 0 0 59 9 0 0 0 0 0 0 67 0 0 0 0 14 0 0 0 0 0 0 0 0 0 18 68 0 0 0 85 85 21 0 0 0 0 0 0 0 0 98 0 0 0 0 0 65 0 0 0 0 0 0 62 0 0 0 0 23 0 42 0 0 0 0 93 0 0 0 0 0 0 0 0 0
0 0 0 33 0 0 0 0 0 0 0 0 0 44 0 17 0 0 0 74 0 50 0 18 0 76 0 0 68 0 22 0 0 0 0 0 0 100 0 23 0 0 15 0 0 0 2 0 0 0 0 22 86 32 0 0 18 92 88 0 28 9 0 79 0 0 0 0 0 22 34 52 0 0 34 0 0 63 25 13 0 0 0 0 0 0 0 0 0 0 0 0 0 0 0 0 0 62 0 0
0 0 0 0 0 0 92 19 0 0 38 0 0 0 0 0 0 0 0 0 0 0 0 0 0 0 0 0 0 0 0 0 0 0 0 0 0 0 0 0 0 0 4 0 70 0 86 0 42 35 0 0 0 0 0 37 0 0 0 0 0 0 0 0 0 46 30 0 0 0 0 18 0 0 54 0 0 0 0 0 0 0 0 0 0 53 90 0 0 0 0 0 0 3 0 50 74 0 0 0
0 99 0 0 0 0 0 0 0 16 0 61 0 0 21 0 0 0 0 65 0 82 0 0 0 0 0 0 0 0 8 0 91 0 0 0 0 0 5 0 0 0 0 0 71 0 0 0 0 0 0 0 0 0 97 0 0 0 72 0 0 0 0 0 0 0 0 0 0 69 0 34 0 0 0 0 71 34 0 74 0 0 28 0 48 0 0 0 11 0 46 0 0 10 0 90 0 89 11 0
0 0 0 0 0 44 0 51 0 0 0 23 15 0 79 0 0 0 64 0 0 4 0 16 0 97 22 0 0 0 0 0 0 0 0 0 0 7 0 0 0 0 0 55 9 0 71 16 26 0 0 60 0 0 0 52 0 0 0 15 0 0 0 0 0 0 63 89 0 58 0 0 0 0 0 0 0 0 0 58 0 0 44 0 45 0 0 0 74 52 0 0 0 0 0 0 0 0 100 52
0 0 63 0 0 0 24 0 0 0 0 0 0 0 0 0 0 0 0 0 74 0 0 0 0 0 53 0 0 0 6 0 0 7 0 0 0 13 55 45 0 0 70 0 97 11 0 0 0 0 22 68 0 0 0 59 22 0 91 0 0 0 0 5 0 0 20 0 0 0 0 0 0 0 0 0 0 0 23 0 1 0 0 77 0 63 0 0 0 0 0 0 0 0 0 0 0 0 4 0
0 0 0 67 18 0 0 48 0 0 33 36 68 0 0 43 50 0 45 0 0 0 0 0 3 47 0 0 0 0 0 0 0 0 0 4 0 64 0 0 0 0 0 46 0 0 0 0 0 0 52 0 26 0 92 0 0 45 73 50 0 0 0 0 41 0 24 0 51 86 9 0 0 0 65 0 0 0 52 0 0 0 0 0 98 0 0 0 0 0 0 62 10 0 0 0 0 0 94 0
36 0 0 0 0 0 0 0 0 0 0 0 24 0 0 81 14 9 0 0 0 0 39 0 0 0 0 0 0 42 0 0 0 3 0 0 7 0 0 0 0 98 1 0 0 0 0 0 97 0 0 86 0 0 0 0 0 0 0 0 0 0 0 0 0 0 0 0 0 0 0 0 87 0 0 0 0 0 0 0 0 0 0 0 0 29 0 0 0 0 0 94 0 0 0 0 0 0 0 0
0 0 0 0 0 0 0 0 0 0 99 11 0 28 0 0 0 0 0 0 16 0 47 0 0 40 9 98 59 0 0 0 0 0 0 0 0 0 0 0 0 0 0 0 0 56 0 0 0 0 0 41 0 0 66 0 61 0 0 0 89 0 0 0 4 72 0 0 13 0 0 0 15 0 78 0 26 0 0 0 0 0 11 0 0 0 95 0 0 66 2 0 7 0 0 0 0 0 23 0
31 0 0 83 0 0 0 0 0 0 91 3 0 0 0 0 0 56 0 0 0 94 0 0 74 36 0 38 0 0 93 0 0 0 99 26 0 0 0 0 0 0 63 0 0 0 0 0 0 0 0 0 0 0 85 8 0 0 0 0 0 0 23 0 84 0 0 1 0 64 0 0 0 0 0 19 0 0 0 40 8 0 0 0 0 0 24 0 0 0 0 0 0 0 0 0 0 0 0 0
0 0 0 33 0 0 0 0 0 0 0 85 0 0 0 27 0 0 0 0 0 0 76 0 0 0 0 0 50 0 0 0 61 0 15 96 1 0 0 59 80 1 93 0 0 14 31 0 0 0 0 0 0 93 0 83 44 55 0 64 0 0 0 0 98 75 0 72 58 0 0 0 0 0 46 0 0 0 25 0 0 0 31 0 0 78 0 0 16 0 89 0 0 0 0 0 0 27 0 0
0 0 0 30 0 0 0 0 72 0 0 21 0 46 18 0 0 0 0 0 0 0 0 37 0 95 68 0 50 0 0 31 0 52 0 0 0 51 0 0 0 0 0 0 8 0 0 0 0 0 25 0 0 0 0 0 0 37 0 0 0 0 0 2 0 0 50 0 0 18 0 0 0 16 0 0 0 0 22 0 63 86 0 0 0 0 24 0 0 0 2 0 0 0 0 64 0 0 41 0
69 0 0 0 0 0 19 0 100 76 0 0 0 39 0 30 98 76 0 27 0 0 0 0 59 0 0 0 0 0 0 0 0 0 56 0 84 0 0 0 0 0 0 17 0 0 0 75 0 88 0 0 77 84 0 0 0 0 0 88 0 23 0 0 0 0 35 0 36 58 0 0 0 0 65 0 95 0 0 0 0 36 0 0 47 67 0 74 36 99 0 0 0 0 0 0 98 15 17 48
71 0 0 37 0 0 92 0 32 0 0 0 0 0 0 0 0 0 0 0 0 0 0 31 0 0 0 0 64 0 0 0 0 59 0 0 18 0 59 0 0 0 0 0 0 0 0 0 0 46 12 0 0 0 84 0 0 0 0 6 0 0 0 82 0 0 0 0 0 0 0 0 0 0 0 0 0 0 0 0 0 46 49 0 0 45 37 0 0 0 0 0 0 0 0 0 99 0 39 69
0 0 38 78 0 0 0 0 0 53 0 0 0 0 0 0 0 0 81 0 0 99 0 0 0 0 0 0 0 0 0 37 0 94 0 0 0 89 0 12 0 0 0 0 0 37 0 0 0 0 0 0 16 0 0 66 0 0 0 0 82 0 0 0 21 0 33 44 0 0 0 0 0 29 0 0 0 4 85 0 0 11 78 0 0 0 0 0 0 66 65 26 0 51 0 0 0 0 38 0
63 0 0 0 0 0 0 0 0 0 86 0 71 0 0 0 58 0 0 0 0 0 0 0 0 78 0 0 0 0 0 0 0 0 28 68 20 0 0 0 0 0 0 0 0 0 0 0 0 0 0 0 32 0 0 15 0 0 0 0 0 80 0 0 0 0 0 0 0 0 52 0 18 50 0 0 0 0 90 0 0 73 0 0 0 63 0 62 0 0 0 0 0 0 0 0 92 0 0 0
0 60 0 65 0 0 0 0 24 0 0 70 0 0 0 0 0 55 0 0 0 0 0 0 0 0 0 0 0 0 16 0 0 0 0 0 0 0 0 0 0 0 0 38 0 0 0 0 60 0 0 0 0 0 41 0 0 0 35 38 35 41 0 71 0 0 0 0 0 0 36 0 0 0 0 46 24 0 14 0 0 87 13 0 71 0 0 0 0 33 0 0 31 0 0 79 10 0 0 89
0 35 76 0 0 0 62 0 0 0 0 0 0 0 28 0 0 0 0 0 0 0 0 0 0 0 0 0 0 0 0 0 0 92 64 0 26 0 65 0 0 0 0 0 0 0 90 0 0 0 0 0 0 0 93 0 0 0 51 0 0 0 0 0 0 64 0 0 22 0 0 96 0 0 0 0 0 0 0 0 31 26 0 0 0 0 0 78 0 0 0 40 0 0 0 65 0 0 0 64
0 0 0 0 0 0 0 77 0 72 0 2 25 0 0 0 0 35 0 0 29 0 0 0 39 12 45 42 0 0 0 0 0 45 0 100 0 0 43 0 0 27 0 0 0 0 52 0 0 0 0 0 0 94 0 0 0 0 0 0 78 0 0 0 0 82 0 72 0 4 0 0 0 45 100 0 46 0 0 0 0 0 91 0 0 0 0 87 0 0 0 0 0 0 0 0 30 0 0 0
0 0 0 0 67 0 0 0 0 0 0 0 0 98 0 0 0 0 0 0 0 0 0 0 36 14 0 90 0 34 0 24 0 0 0 0 0 98 0 0 0 0 0 0 0 0 0 24 0 30 0 0 68 0 83 0 0 0 0 0 0 0 41 0 0 0 0 61 74 1 0 0 99 0 0 39 0 0 0 0 0 0 0 53 0 76 0 1 0 0 0 0 64 0 45 0 0 98 0 2
0 0 0 0 40 0 0 0 0 0 0 0 0 0 0 0 0 0 0 0 0 78 86 0 34 0 0 33 0 0 0 0 6 0 0 0 0 0 0 0 0 0 0 0 0 33 16 0 75 0 82 0 0 0 36 73 42 0 0 85 0 0 0 27 0 97 59 0 0 0 0 76 96 0 0 0 0 10 24 0 0 0 99 0 0 78 0 0 0 0 0 0 0 0 57 74 0 64 0 0
0 0 36 0 0 91 0 61 0 54 0 0 0 0 0 100 0 0 0 0 0 0 0 0 0 3 0 1 0 0 0 0 0 0 0 0 0 0 0 0 0 36 0 58 60 0 0 0 0 0 70 0 0 0 0 0 0 0 0 0 0 0 0 0 0 0 0 68 0 0 0 0 31 0 0 0 0 55 0 90 86 0 0 0 0 56 6 0 8 0 0 0 0 54 0 0 0 0 0 0
0 0 28 0 0 83 0 82 13 57 0 74 0 56 0 0 0 0 0 0 0 0 0 0 0 0 0 0 0 0 0 0 20 0 0 0 0 0 0 0 0 19 0 0 0 0 95 0 0 34 0 0 0 0 0 0 0 0 0 0 24 0 0 0 0 0 0 0 0 0 0 49 0 0 0 17 35 0 0 0 0 0 0 58 0 0 24 0 0 32 0 0 0 95 0 0 43 0 0 0
0 80 82 0 0 64 0 38 32 0 18 0 0 53 74 0 0 0 36 0 0 0 0 60 0 38 0 0 0 93 0 0 0 78 41 0 0 0 0 0 42 0 0 0 0 0 0 0 0 0 0 0 0 0 0 0 0 0 0 7 0 0 75 94 10 0 0 0 0 0 0 0 0 24 71 0 56 45 0 0 0 0 0 0 30 0 0 0 0 0 0 0 21 0 0 0 0 31 0 0
0 0 0 0 0 0 0 0 0 0 0 0 0 0 0 0 0 0 0 0 46 0 0 0 71 0 0 90 0 0 0 0 48 42 0 0 0 0 0 0 0 96 0 0 0 0 0 80 0 0 0 0 0 0 0 0 20 0 0 0 40 0 0 0 0 0 0 0 92 34 0 0 0 0 95 0 0 0 82 0 0 0 0 0 0 0 0 0 0 0 52 0 68 0 53 0 17 59 36 0
0 34 57 0 0 0 0 0 0 0 0 0 0 0 0 30 0 0 0 0 0 0 0 0 0 0 0 0 0 0 0 0 0 0 17 0 39 0 0 0 44 11 0 0 0 19 94 0 0 0 0 0 0 0 0 0 0 0 0 0 0 0 0 0 0 0 0 0 81 0 0 0 0 86 0 0 18 75 0 0 0 55 51 0 0 0 38 8 0 0 0 53 0 0 0 0 0 0 0 57
0 0 0 0 91 0 0 0 0 34 0 0 0 0 27 34 0 0 0 0 27 36 0 79 4 0 0 0 0 0 0 0 0 0 0 0 0 68 0 0 0 27 47 0 0 87 0 0 0 0 0 0 0 0 0 0 0 0 0 0 0 0 34 4 0 0 13 0 43 34 86 92 0 1 86 51 0 0 0 0 0 0 0 0 0 0 37 0 0 0 0 87 46 0 0 71 0 0 44 0
0 0 0 38 60 0 0 0 0 0 0 0 11 0 0 0 0 0 0 0 0 0 0 5 59 89 0 0 0 0 0 0 10 0 29 77 69 0 0 40 0 0 54 0 0 0 0 0 0 0 75 59 34 0 86 0 0 0 0 0 0 0 0 0 60 94 0 13 0 0 0 0 0 0 0 0 88 0 0 0 75 0 0 0 0 62 0 0 0 0 0 0 0 0 0 0 89 0 0 0
75 0 5 0 0 0 66 0 84 0 0 0 0 70 0 0 62 0 57 0 0 0 0 0 55 0 0 0 0 86 0 0 0 69 0 7 0 0 0 0 0 0 22 0 0 0 0 0 0 35 0 81 0 0 0 10 0 62 0 0 0 0 52 0 0 0 0 0 0 6 0 0 0 49 0 0 47 0 0 70 0 0 0 39 0 28 0 0 0 0 0 0 48 45 0 0 0 0 0 0
0 46 0 0 0 0 0 40 67 29 0 99 0 0 96 70 0 0 0 0 0 0 44 8 0 98 0 0 0 0 0 0 0 45 0 88 46 0 0 84 0 69 0 0 0 0 0 0 0 63 0 0 0 0 0 0 0 0 0 0 66 0 0 64 0 0 0 0 0 0 25 0 80 0 0 0 0 0 0 0 0 45 0 0 40 0 0 75 0 0 0 0 0 0 28 0 0 0 0 0
4 0 0 0 0 0 50 33 64 0 0 69 0 0 41 0 35 0 0 99 0 0 0 17 0 0 34 0 0 0 0 0 0 48 0 0 23 0 0 0 16 0 0 0 2 0 0 0 10 0 43 0 0 0 0 0 0 0 0 0 31 56 0 0 0 0 19 20 0 0 0 100 32 0 73 0 61 0 0 0 61 0 0 81 0 0 0 99 16 0 0 0 0 0 0 0 34 0 0 0
0 0 0 0 0 0 0 0 0 1 92 0 24 0 35 0 0 0 0 0 0 100 0 0 0 0 0 0 0 0 47 80 15 0 66 44 5 0 0 0 84 89 0 0 0 0 0 0 0 0 54 0 0 0 0 0 49 0 0 0 0 0 99 0 0 0 0 0 0 0 60 39 10 0 0 0 0 0 43 0 28 59 0 0 0 0 0 0 0 0 0 0 0 92 0 0 0 0 0 0
0 0 68 0 50 0 0 0 0 0 0 0 32 12 0 0 0 13 0 0 86 47 0 0 18 0 0 0 0 0 74 0 0 0 0 0 35 0 0 0 0 0 26 0 0 0 59 30 0 0 0 0 0 0 2 0 0 41 0 0 0 0 0 0 83 0 0 55 0 0 68 0 9 0 0 0 0 0 21 0 0 0 0 0 0 0 87 0 22 13 0 0 0 88 0 50 76 0 2 0
0 0 0 0 39 0 69 0 90 89 64 0 0 0 62 0 50 0 22 0 27 0 13 0 0 0 0 0 13 97 0 59 39 0 94 0 0 0 75 0 36 28 0 0 0 0 0 0 34 0 0 0 0 0 0 0 0 0 0 24 0 0 59 0 0 0 0 32 0 0 0 0 0 0 0 0 0 75 0 0 0 0 1 0 0 0 84 59 0 5 0 0 0 0 0 0 0 0 48 0
86 0 0 0 0 0 40 0 0 0 0 0 0 0 0 0 28 0 68 39 45 0 0 49 0 0 40 0 0 0 0 0 59 0 0 0 0 0 0 0 40 0 100 0 0 0 0 0 0 0 0 0 0 0 21 0 92 0 0 0 0 0 0 0 0 7 0 24 46 0 39 0 0 79 58 0 0 0 0 0 99 0 19 13 0 0 0 0 22 0 5 0 0 0 0 0 0 91 0 0
86 0 0 0 0 0 0 18 14 0 14 0 70 0 0 51 0 0 0 0 0 0 31 97 0 0 3 0 45 0 0 0 0 29 0 0 84 94 76 19 0 0 0 0 0 0 92 40 0 0 0 0 0 0 0 0 0 0 0 0 38 0 0 0 13 61 0 0 0 0 0 47 0 0 0 0 0 0 48 56 0 0 71 97 0 0 36 0 0 0 0 0 0 0 0 0 0 0 0 67
0 0 40 82 0 0 0 0 0 0 0 0 51 0 70 0 0 0 0 0 0 0 0 0 0 0 0 0 0 0 73 0 0 0 0 0 71 0 0 0 0 26 0 0 85 0 0 0 0 0 0 0 0 20 0 0 89 25 0 64 0 26 0 2 0 0 0 64 0 0 36 0 67 0 49 0 0 0 0 22 0 0 0 0 0 0 0 6 0 0 0 0 0 7 0 0 0 0 0 0
94 0 9 0 0 0 40 0 0 0 0 72 87 0 94 83 84 0 0 0 0 0 0 0 0 0 0 0 0 94 0 0 0 0 46 0 100 0 39 60 0 0 0 0 0 37 0 0 0 33 0 0 0 0 0 21 0 42 0 0 8 0 88 0 68 46 0 6 77 0 0 0 0 77 0 0 0 0 0 0 0 50 0 0 0 0 0 0 36 0 0 0 0 0 0 0 0 0 0 79
0 0 0 0 0 0 0 0 0 0 77 0 42 0 0 78 42 1 0 48 0 29 79 0 0 0 33 0 3 0 0 0 0 34 97 0 62 47 5 34 0 0 0 0 0 0 0 0 0 0 0 0 0 83 0 0 0 0 0 0 0 0 0 0 0 29 91 0 0 0 0 0 11 0 0 0 0 0 93 31 0 44 76 0 0 0 72 0 0 0 0 0 0 92 32 0 0 0 0 100
0 0 0 0 0 0 0 35 0 0 18 0 18 0 0 94 0 0 0 0 0 0 0 0 0 0 0 18 0 0 0 0 0 0 33 11 0 0 2 0 0 88 0 0 0 0 0 0 0 0 69 0 0 0 0 2 0 0 60 0 0 47 15 0 0 0 0 0 100 0 0 52 0 0 0 0 0 0 0 56 0 0 33 0 0 0 0 0 0 39 0 65 0 0 0 0 0 0 0 41
0 0 0 79 62 0 92 0 0 0 0 0 0 83 0 0 0 52 0 0 59 0 0 0 0 0 0 0 0 33 25 86 14 33 0 0 0 0 0 0 0 0 37 0 0 0 0 0 0 0 85 0 0 0 0 0 0 0 0 0 0 0 0 0 0 0 0 0 0 0 0 51 0 0 0 15 0 0 0 36 0 0 0 0 0 0 0 0 0 0 0 0 0 0 91 0 0 21 0 0
0 0 0 0 27 46 48 0 0 0 0 0 0 0 14 0 0 0 0 0 0 43 0 0 33 0 95 0 0 0 0 18 0 0 70 0 0 0 0 0 0 0 0 0 0 84 0 0 60 0 0 0 4 0 0 50 51 0 0 0 0 0 0 0 0 60 36 0 0 0 97 0 0 0 73 0 0 0 0 44 50 0 90 0 55 0 0 0 0 0 0 0 0 0 0 0 0 0 33 40
0 0 13 0 0 0 0 0 0 0 0 74 0 0 0 0 0 45 65 0 0 91 0 0 0 0 0 0 0 56 74 0 97 0 0 0 0 0 0 0 0 0 0 0 28 0 0 0 0 0 0 0 0 0 0 0 17 0 0 6 0 0 0 0 13 31 0 0 0 84 0 0 54 0 77 56 0 0 0 0 0 91 0 89 41 25 0 0 0 0 0 45 0 0 0 66 17 18 0 0
0 0 0 0 0 0 0 0 0 0 100 0 82 0 0 20 0 10 0 0 0 0 88 0 59 0 0 0 0 48 0 89 0 0 0 0 0 0 0 0 0 0 88 0 0 0 67 0 0 0 0 0 0 0 0 28 0 0 0 69 0 53 38 0 96 0 0 0 0 56 0 0 50 0 0 89 56 0 0 0 0 0 95 0 0 0 3 75 0 0 0 64 97 0 0 0 0 0 0 46
67 0 0 0 48 71 0 22 0 0 0 0 0 0 0 0 12 0 0 0 0 19 0 0 63 0 58 0 0 0 0 0 0 81 0 0 0 0 0 29 0 0 0 0 93 0 0 0 0 4 0 71 0 0 0 0 0 0 79 0 36 0 0 0 0 0 0 0 0 19 0 0 0 0 98 0 0 0 0 37 0 0 0 0 0 49 0 0 10 0 0 0 0 0 0 0 3 0 0 0
66 0 0 0 0 50 75 0 0 0 0 0 0 81 0 16 94 0 0 13 0 0 0 60 0 0 0 0 0 0 0 0 0 0 0 0 0 0 0 0 0 95 64 0 0 0 0 46 0 0 0 0 0 39 0 0 0 0 0 0 0 0 27 0 0 0 0 0 0 0 0 0 21 0 69 0 85 90 13 0 69 0 0 0 4 0 93 0 83 0 0 0 0 57 0 0 0 0 0 0
0 0 0 50 0 62 0 72 0 0 0 0 0 0 0 40 0 0 43 0 59 0 24 0 0 12 4 93 0 0 0 44 0 14 0 0 8 0 0 0 93 0 0 16 0 0 0 98 100 0 41 0 0 0 0 0 0 0 0 0 0 55 0 0 0 99 33 0 0 0 0 0 0 0 0 0 96 0 0 0 0 0 0 0 97 0 81 49 0 0 0 0 0 0 0 0 0 13 0 0
0 0 56 0 0 0 5 0 99 0 0 0 0 0 0 0 0 0 0 0 0 65 0 0 0 0 100 0 60 0 0 56 0 32 0 0 0 0 0 51 68 0 0 0 0 0 0 0 0 0 0 93 0 0 0 19 0 0 72 0 0 0 0 0 0 0 0 0 0 0 82 0 0 0 0 87 0 0 39 23 0 0 0 65 77 0 0 0 0 0 0 0 0 0 0 0 0 0 0 0
0 36 0 0 0 100 0 0 0 0 0 0 0 80 0 67 0 0 66 11 0 93 0 0 0 0 14 0 61 90 0 0 0 35 0 0 0 0 92 0 0 0 0 0 0 0 42 41 0 0 0 0 0 0 0 24 0 0 0 0 0 0 0 0 5 0 0 0 0 0 0 0 81 0 0 0 0 44 0 0 0 0 0 0 0 11 0 42 0 0 0 62 0 0 0 0 0 0 0 24
0 0 0 0 32 87 0 96 81 30 0 16 0 0 0 0 0 0 0 0 0 32 0 97 49 0 0 0 0 0 0 41 54 0 33 59 0 0 0 9 0 0 0 88 0 0 0 0 0 0 81 0 0 85 89 91 56 47 17 0 5 0 0 0 0 0 0 30 74 0 0 0 0 0 0 0 0 0 0 0 45 0 0 0 85 0 0 0 0 0 0 0 97 0 0 84 0 8 84 0
0 0 1 0 0 0 0 0 10 0 0 0 0 0 0 0 0 0 0 0 22 0 37 0 0 0 0 0 0 0 0 0 0 80 40 0 0 94 0 0 0 0 77 0 46 40 0 0 0 0 0 8 72 0 0 0 0 68 0 30 7 0 0 0 97 0 0 0 0 0 0 0 0 0 28 0 0 10 0 0 0 0 0 0 0 0 0 0 0 0 0 0 0 37 0 16 19 25 0 0
0 38 44 51 0 0 0 0 0 74 0 83 0 0 100 0 0 0 8 0 0 0 91 0 0 93 0 0 0 0 84 0 0 0 0 96 0 0 93 19 0 0 0 0 53 0 0 0 89 0 0 0 0 66 0 0 0 0 0 0 32 0 17 0 0 0 39 49 0 78 0 1 0 0 0 0 0 0 0 98 0 0 0 0 0 0 0 0 0 0 0 11 0 0 0 0 0 0 64 0
0 0 6 0 76 8 0 8 39 0 0 0 66 0 36 0 94 0 0 0 96 0 0 0 0 0 0 0 38 0 42 39 55 0 0 0 0 0 29 0 0 0 0 71 0 0 0 0 0 60 0 0 0 0 0 0 9 0 0 0 0 0 0 0 75 0 0 14 0 0 0 0 0 94 0 0 1 0 0 46 0 66 0 0 0 14 0 52 0 0 0 0 0 0 0 0 0 0 0 70
0 0 0 0 0 0 0 0 0 0 0 0 0 51 0 19 0 89 0 0 0 0 75 0 0 0 0 0 0 25 0 0 0 0 0 0 62 0 0 82 0 0 0 99 0 3 0 0 84 0 0 66 0 0 0 0 0 0 0 0 62 0 44 0 57 0 0 0 0 0 0 0 0 0 72 90 49 0 0 0 0 0 0 0 0 0 0 0 2 0 0 0 0 0 0 0 2 35 78 0
84 0 0 0 0 0 0 1 0 0 0 0 0 0 7 0 0 0 0 0 0 0 0 0 0 24 0 0 17 0 0 38 0 0 0 0 0 0 0 0 0 0 0 16 0 0 0 0 10 36 0 0 0 0 72 0 0 0 0 0 0 0 0 0 0 75 0 0 0 0 0 0 0 0 0 0 0 0 0 0 0 100 20 24 27 0 0 66 0 0 0 0 0 49 18 0 0 0 0 0
0 89 0 18 0 0 0 0 78 76 86 12 75 0 60 0 0 96 0 0 0 9 36 0 0 18 0 9 0 0 76 0 8 64 64 6 0 0 0 0 0 52 0 39 0 83 37 0 0 0 0 0 0 0 53 0 0 13 33 0 0 15 0 29 0 0 0 58 0 0 0 0 0 0 0 0 0 0 0 0 45 0 0 0 22 0 33 0 52 0 0 0 0 20 0 0 84 0 0 13
51 49 0 0 0 0 0 0 0 0 0 77 0 0 0 0 0 0 55 0 0 64 0 64 0 84 0 0 92 35 0 0 0 0 0 0 0 0 0 17 0 37 0 12 0 0 0 0 97 78 0 0 0 0 0 0 0 0 0 0 45 0 0 0 0 90 37 0 0 0 36 0 0 0 0 0 0 0 0 0 0 0 0 0 0 0 0 0 26 0 0 0 32 0 0 0 0 0 74 0
67 0 0 0 0 0 0 0 0 0 0 0 0 0 0 0 0 0 0 0 0 87 7 0 0 0 94 0 0 84 0 0 0 50 0 83 0 0 0 0 0 0 33 0 0 0 0 0 0 0 0 67 0 57 84 0 0 0 0 0 0 4 0 0 0 0 0 0 55 0 0 0 9 0 0 3 0 51 0 0 12 0 0 0 80 0 0 14 0 24 0 0 0 0 0 0 0 0 0 0
0 73 0 91 0 70 0 0 0 0 0 0 0 0 0 0 0 0 0 0 0 0 0 0 71 0 0 15 0 0 61 87 0 89 9 0 0 0 24 0 21 0 0 0 0 0 0 0 0 0 0 19 0 0 0 0 0 83 0 100 0 0 0 51 87 0 0 0 44 0 0 0 0 8 0 0 0 0 0 0 10 0 0 76 0 0 0 0 0 0 86 0 73 57 0 0 67 0 0 0
64 52 0 0 77 0 0 0 0 79 0 0 0 0 0 13 32 0 0 0 0 0 2 63 0 0 0 0 0 0 0 78 0 0 0 0 0 0 0 0 97 0 0 0 0 0 0 0 49 76 0 0 0 0 0 24 0 71 75 0 0 0 0 0 0 83 78 0 57 41 0 0 0 0 16 0 37 0 0 27 75 0 0 36 0 89 0 0 0 0 0 0 0 0 12 0 39 0 50 89
0 72 0 0 54 90 0 0 19 0 17 95 0 0 100 0 0 0 0 11 0 0 80 0 41 0 22 0 0 0 0 40 0 0 0 0 0 95 0 0 11 0 0 0 0 0 0 0 0 0 0 36 0 0 0 76 0 0 0 0 0 0 0 0 0 0 53 0 0 0 0 0 0 0 0 0 0 0 0 0 0 0 0 0 0 0 0 0 88 24 0 0 0 0 0 85 32 54 47 0
0 0 79 0 0 0 0 0 0 57 0 0 0 0 0 43 0 0 0 89 0 0 0 0 0 0 0 0 0 0 0 95 0 0 3 95 52 0 0 0 0 0 0 0 34 0 0 0 83 0 0 15 0 0 0 55 0 0 0 0 97 0 0 86 64 0 78 17 0 0 0 0 0 0 0 47 0 0 6 0 0 0 0 0 0 0 0 0 0 1 0 0 0 3 0 0 0 0 22 0
48 0 62 0 0 0 0 80 0 0 50 0 0 0 0 0 0 0 0 86 0 0 52 0 14 0 77 0 92 34 0 0 0 0 55 0 0 5 21 44 0 0 0 0 0 0 0 0 0 0 0 0 44 85 49 0 0 16 0 0 0 0 0 0 0 0 1 64 0 89 0 0 27 0 0 0 0 0 86 0 0 0 0 55 8 86 95 0 0 0 0 0 0 0 0 69 0 0 13 0
0 0 0 0 0 0 0 0 0 0 14 0 57 0 0 0 76 0 0 0 0 65 0 4 0 0 43 0 0 0 0 0 0 4 0 0 0 14 0 0 88 93 0 0 0 83 32 0 54 0 0 0 0 0 0 0 0 0 0 80 54 63 0 0 0 0 40 14 69 41 0 0 71 0 0 0 0 0 0 0 0 0 0 36 0 8 0 0 0 0 29 0 29 24 68 0 0 0 0 0
0 0 0 0 0 0 0 2 0 0 37 0 0 0 55 0 0 0 0 0 0 2 0 16 7 0 0 5 84 0 0 87 95 0 0 0 28 0 0 0 0 0 0 19 0 44 9 0 0 16 5 0 0 0 0 97 0 0 0 0 0 0 0 0 0 0 0 0 0 0 0 0 0 54 65 0 0 0 0 7 0 60 0 0 0 0 0 0 0 0 0 71 0 0 0 0 0 0 1 0
0 0 5 0 66 14 0 0 0 0 0 0 48 0 0 21 1 0 0 0 0 0 0 5 0 0 0 0 0 99 27 59 0 0 0 4 81 0 83 44 0 0 0 0 0 79 0 0 0 69 49 65 0 0 0 0 0 0 10 0 0 0 0 67 0 0 91 0 0 79 0 0 50 0 0 0 54 0 0 0 0 0 0 0 0 55 0 0 38 0 63 0 65 0 0 0 0 0 0 81
31 0 0 0 12 0 0 0 0 0 18 0 0 0 0 0 0 0 0 0 63 0 11 0 0 0 0 37 0 4 0 0 0 0 39 77 0 0 0 0 38 0 0 0 0 0 0 49 50 0 0 95 0 0 0 88 33 0 0 0 0 0 0 51 92 0 0 49 35 0 80 61 0 0 97 0 0 53 0 0 0 0 0 0 0 0 0 0 74 0 0 0 0 0 0 0 0 0 26 57
0 95 25 0 0 0 9 0 0 0 0 0 0 67 0 62 0 0 0 0 0 0 0 6 0 20 0 37 0 0 0 0 0 0 78 44 0 0 0 41 10 0 0 0 0 0 0 4 16 0 0 0 0 0 0 0 33 0 0 0 0 0 64 0 0 0 94 0 0 0 0 0 0 0 0 0 14 70 0 0 0 29 0 0 69 0 77 0 0 0 0 0 0 0 0 48 66 0 0 0
0 0 0 66 0 0 93 0 0 56 0 0 0 0 0 0 10 0 48 0 0 25 0 0 0 0 0 0 0 0 0 18 12 74 0 0 0 81 0 0 0 0 0 0 0 37 0 0 0 0 0 24 0 0 0 0 0 0 0 0 0 0 0 0 0 0 0 0 0 0 0 36 0 53 0 0 0 0 0 0 0 0 0 0 0 32 62 0 0 0 0 0 0 0 0 0 0 0 0 0
0 0 0 0 18 0 0 0 0 0 0 0 0 0 72 0 0 49 0 0 100 7 0 29 0 0 52 0 13 0 0 0 0 0 0 0 0 0 0 0 0 0 0 37 0 0 0 0 0 0 0 28 0 0 0 12 58 70 74 0 64 0 0 92 0 0 0 0 0 28 0 0 0 0 0 0 0 0 0 0 0 0 0 0 0 90 0 50 0 55 0 49 0 0 0 0 94 0 0 67
0 0 0 0 0 78 0 0 0 0 0 0 0 0 0 89 0 0 12 0 0 0 43 0 0 41 0 0 0 0 0 0 0 72 52 0 0 60 65 0 0 0 54 0 0 0 0 0 16 30 29 0 0 0 0 0 0 0 36 0 0 0 0 0 0 0 0 0 0 0 0 0 94 0 0 0 0 38 0 68 0 0 0 0 0 0 0 0 0 61 0 0 97 47 0 13 35 0 0 88
0 0 0 0 15 0 0 0 0 0 0 0 57 0 0 0 0 78 0 0 30 0 73 0 0 0 0 0 32 0 42 0 0 0 0 82 11 27 0 0 21 71 0 0 0 0 0 0 0 0 46 0 94 0 0 0 19 0 0 0 0 84 0 70 0 98 67 0 0 0 0 70 25 0 0 0 0 0 0 61 0 0 1 0 0 0 0 19 0 0 0 0 0 47 0 0 0 0 0 0
0 12 0 0 0 24 28 0 0 0 0 0 0 0 0 0 0 0 0 0 37 45 0 0 0 0 0 0 0 0 0 0 63 70 0 3 0 0 0 94 0 0 0 0 98 0 68 0 0 0 0 92 0 0 0 0 0 0 0 0 0 0 0 26 83 0 48 0 0 0 0 55 0 0 0 0 43 0 0 0 0 62 0 0 0 0 0 56 0 0 0 0 52 0 64 0 0 0 0 82
35 0 0 0 87 15 74 0 0 0 0 0 0 0 0 0 0 0 0 0 0 0 0 0 0 65 0 0 0 87 0 0 0 0 0 58 48 0 0 0 0 20 0 0 0 0 0 0 63 0 0 32 77 0 9 0 0 0 72 0 89 91 49 0 0 0 0 0 0 0 55 0 0 0 20 0 0 0 21 64 0 60 0 61 73 0 0 0 15 0 67 0 95 0 16 0 0 0 0 0
3 0 0 40 0 0 0 0 28 0 0 0 0 96 0 62 0 0 0 0 0 0 96 0 0 0 0 0 0 0 0 0 0 35 0 91 0 0 0 0 0 0 0 0 0 59 0 11 0 0 0 34 0 0 0 55 0 0 0 0 0 100 0 57 0 0 0 0 0 0 68 0 26 78 0 0 0 95 0 0 0 0 0 0 0 0 0 0 0 57 0 0 0 33 0 0 0 0 0 76
61 0 89 0 0 0 0 0 0 0 0 0 0 0 0 0 49 0 93 0 44 4 0 0 0 0 0 0 0 0 0 0 39 0 38 0 0 0 0 0 0 0 43 62 0 0 0 0 19 0 37 0 0 0 0 18 0 0 0 0 0 0 0 0 64 0 0 85 0 13 0 0 14 50 0 0 37 74 0 0 0 0 17 0 0 0 0 0 0 0 0 0 0 0 0 0 0 0 0 0
0 0 0 79 54 0 0 0 0 0 0 0 0 0 79 81 0 49 0 0 0 5 0 0 0 0 32 0 79 4 0 0 0 24 0 0 0 74 0 0 0 0 18 0 0 0 85 0 0 46 68 0 0 0 22 0 0 83 0 0 61 0 0 67 0 41 0 0 0 0 0 0 0 0 0 89 0 0 39 0 0 0 0 0 54 0 0 0 0 0 0 10 0 0 0 0 0 50 0 0
0 0 0 0 0 0 19 0 0 0 30 0 0 0 0 0 0 18 68 0 57 0 0 0 0 0 58 33 0 0 0 0 22 0 90 0 7 0 0 0 0 0 0 0 0 0 0 0 0 0 0 0 0 95 90 0 0 86 51 0 0 0 0 73 0 0 93 0 0 0 0 0 0 0 0 0 0 0 23 0 0 0 0 0 0 69 0 0 49 0 0 0 0 0 0 67 0 0 0 0
0 0 0 0 12 96 0 42 18 0 74 0 38 0 0 0 0 0 0 86 0 0 0 0 0 30 0 89 21 0 60 0 0 0 0 0 0 0 0 0 0 0 0 0 19 0 93 0 0 0 0 0 0 0 0 0 16 35 88 49 46 0 0 2 0 0 0 93 0 3 36 0 0 0 48 86 0 29 83 0 0 0 89 0 0 0 0 0 9 42 0 0 0 0 0 56 0 0 6 0
20 2 0 0 38 0 0 0 0 78 0 0 0 0 0 0 0 0 0 89 0 0 0 0 0 0 28 0 0 22 0 0 0 0 0 49 31 0 76 0 0 0 68 0 0 25 81 0 0 96 35 0 22 0 10 0 0 0 0 84 64 50 0 0 0 0 0 0 0 0 0 68 0 0 0 0 0 30 0 0 0 0 0 0 0 53 22 0 0 0 0 0 0 40 0 12 0 0 0 0
77 0 86 0 89 0 0 0 0 0 0 0 81 0 0 0 95 0 0 0 0 48 0 0 0 68 0 0 1 0 0 27 0 0 0 0 0 0 0 0 0 15 0 27 0 0 0 0 0 0 0 0 0 0 47 0 76 0 0 0 28 0 0 0 0 0 24 0 0 0 10 0 0 0 0 0 0 0 0 0 0 0 0 41 45 0 0 15 0 73 0 0 0 0 0 0 0 37 0 0
0 0 0 0 0 8 0 0 0 0 0 0 0 0 0 0 34 0 0 71 0 41 97 0 23 57 0 0 55 14 68 0 27 0 66 0 0 0 0 0 0 0 0 0 0 0 72 0 0 0 0 0 1 0 64 0 0 0 0 0 0 8 0 0 0 0 0 0 0 32 0 0 0 0 0 70 0 0 99 0 63 0 0 89 0 0 0 0 0 0 0 99 17 0 0 24 0 0 0 0
0 0 0 0 0 0 0 0 0 0 0 0 0 0 0 28 19 53 0 0 0 57 21 0 0 0 0 40 0 0 11 0 0 0 0 0 0 0 80 99 0 0 0 0 0 0 0 22 0 0 0 4 0 0 44 0 0 0 0 3 0 0 0 0 0 75 0 0 0 0 93 0 0 0 0 0 0 0 0 4 0 0 0 74 0 53 0 87 0 0 0 0 0 0 0 0 0 33 18 0
0 0 95 0 59 0 0 0 18 0 0 0 67 79 0 0 4 0 0 54 0 76 0 35 25 0 31 0 89 0 0 0 0 0 21 0 0 30 36 0 0 0 0 92 40 0 0 86 0 0 0 0 44 0 0 0 0 0 0 74 0 0 0 0 100 0 0 0 0 0 1 0 0 63 0 0 70 0 0 91 0 0 0 0 0 77 0 0 0 20 0 0 72 0 0 0 0 0 0 0
0 0 0 0 80 0 51 0 0 0 0 0 0 0 0 0 0 33 0 0 0 0 0 0 69 0 56 0 16 0 0 0 17 0 0 81 0 10 0 0 78 39 0 0 0 0 0 0 0 0 0 0 0 74 0 88 20 0 89 0 0 0 0 0 95 0 0 0 0 77 0 0 39 0 0 0 0 0 0 0 0 46 87 0 0 0 0 0 0 0 0 0 27 81 6 0 12 0 0 29
0 11 99 0 0 0 0 0 0 0 0 0 0 0 0 0 0 99 0 58 21 0 0 0 0 0 48 0 66 0 35 0 58 0 0 0 26 0 0 0 0 0 60 0 0 0 0 0 0 26 0 0 0 0 38 0 0 0 0 0 0 0 0 94 66 0 0 0 0 0 48 0 91 0 0 0 0 0 0 0 0 0 41 0 0 0 0 0 0 0 82 89 0 0 45 0 45 0 0 0
0 0 26 0 73 0 0 0 0 0 86 0 43 66 21 0 0 37 0 33 0 0 0 0 0 0 32 0 0 0 3 95 0 67 0 22 0 0 0 62 0 41 0 0 73 0 0 0 0 0 0 6 0 0 0 0 23 0 0 0 0 0 0 0 0 0 52 0 0 0 0 81 0 0 14 43 43 0 13 0 79 0 0 0 100 0 39 0 0 0 0 0 0 0 0 54 39 0 0 0