100
0 98 0 0 0 0 15 61 0 0 0 0 89 0 57 0 0 0 0 0 0 0 0 0 0 0 0 0 0 0 0 0 0 0 0 0 0 20 0 3 0 59 0 0 0 0 0 97 100 0 0 0 1 0 0 0 85 0 0 0 0 0 0 34 0 0 0 0 38 0 0 0 0 0 0 0 73 0 0 0 0 0 0 0 0 0 0 0 0 0 68 0 0 0 0 44 0 43 0 0
0 0 0 0 0 60 24 0 24 0 0 0 0 0 0 9 0 24 42 0 21 0 0 38 99 0 54 63 0 0 0 99 0 0 0 0 0 0 96 91 64 65 0 55 21 18 0 0 0 55 57 0 0 0 0 14 0 0 0 0 0 0 0 0 0 41 0 0 50 0 0 13 36 0 0 39 0 0 0 30 0 0 0 70 67 0 0 0 0 0 0 0 18 0 47 23 0 12 100 0
0 47 0 0 79 0 0 0 47 0 0 34 12 0 28 0 0 0 0 0 0 86 0 54 15 86 0 100 0 0 19 0 0 68 0 0 0 0 0 84 0 0 24 99 0 0 1 0 55 0 0 64 0 0 0 0 25 0 16 0 0 72 0 11 0 0 0 0 79 0 78 61 0 0 0 0 0 28 0 0 0 0 19 0 0 18 52 80 0 0 0 0 0 0 0 59 0 67 0 8
0 0 0 0 0 0 0 0 0 0 0 0 0 97 0 0 39 0 0 0 49 0 20 0 0 0 0 0 0 0 0 56 0 0 0 0 19 24 0 0 0 0 0 0 0 0 8 0 0 0 0 0 0 0 0 0 0 81 0 44 0 72 0 0 0 0 1 0 0 0 0 0 0 69 0 0 0 0 0 0 0 37 5 0 0 0 0 0 0 0 0 25 94 20 43 50 0 0 0 25
0 0 38 0 0 0 0 0 98 0 0 50 0 0 0 0 97 0 0 0 0 0 0 0 0 38 0 0 0 0 97 0 4 0 0 0 59 0 0 0 0 65 85 0 30 0 40 0 69 0 0 51 73 0 98 0 0 61 76 0 0 0 62 0 0 0 0 0 0 0 6 0 0 45 0 81 0 79 0 0 0 0 0 0 0 0 0 0 31 0 0 7 0 57 0 0 0 0 17 0
0 0 0 0 42 0 3 76 0 0 50 0 13 0 0 0 0 0 26 0 0 0 0 93 0 4 15 0 0 0 96 0 0 72 0 0 0 0 0 0 79 59 43 0 0 0 0 19 0 0 0 66 0 0 0 0 0 0 0 68 0 0 0 98 0 0 0 10 0 0 0 60 0 0 0 0 0 0 0 10 0 0 92 0 0 0 0 0 0 0 0 0 0 0 0 0 0 0 0 0
0 0 0 0 0 0 0 0 0 0 0 0 65 0 74 0 0 0 0 0 75 2 84 0 0 0 0 0 0 0 0 0 0 0 0 28 0 67 0 0 0 0 21 0 0 0 0 0 0 0 0 62 0 0 0 62 0 0 0 16 8 0 0 0 0 0 55 0 0 0 0 0 29 0 0 0 54 0 0 82 0 0 9 0 64 0 0 0 0 0 0 0 24 0 82 93 0 86 0 0
0 0 0 0 0 0 0 0 0 68 22 0 0 0 0 60 0 59 0 0 0 0 50 0 0 0 0 0 0 0 40 5 68 10 15 96 15 31 0 0 0 0 49 0 0 0 0 4 0 41 0 0 0 0 0 0 0 0 0 0 52 0 0 37 38 0 47 0 0 0 0 0 0 43 0 0 0 0 0 0 96 0 88 0 0 28 0 2 0 0 0 0 0 0 0 0 38 0 0 55
0 0 0 0 0 0 0 0 0 0 0 49 0 0 73 0 0 0 0 0 0 0 0 0 79 0 0 0 77 58 0 94 0 0 0 92 0 0 0 0 0 0 0 0 0 0 18 0 0 0 0 0 0 0 78 0 0 0 0 0 0 20 0 0 17 0 0 0 0 0 0 0 0 79 49 0 0 0 0 0 88 2 0 0 0 0 0 73 0 0 0 0 0 0 82 0 38 0 0 0
0 0 0 0 0 0 0 0 0 0 86 73 87 0 0 37 0 0 0 0 24 0 72 0 0 61 0 0 0 0 12 0 0 0 78 0 16 0 44 0 61 0 22 35 64 0 0 0 0 77 0 18 0 0 0 0 0 12 79 0 26 0 86 0 0 0 0 42 4 0 0 0 0 83 0 0 0 0 0 38 0 0 0 0 0 62 0 0 0 0 0 0 44 47 0 0 36 0 0 65
0 0 0 0 0 91 0 0 0 0 0 0 0 30 0 0 0 0 27 0 27 0 0 3 80 0 0 0 0 0 0 2 0 0 0 0 92 0 0 0 56 0 0 57 0 0 0 0 0 0 0 0 0 83 0 0 81 0 71 0 58 0 0 0 0 3 0 0 28 38 38 0 0 0 48 14 0 0 0 0 0 0 62 0 0 0 0 0 0 0 0 0 0 45 0 79 0 0 0 0
75 55 12 0 9 80 0 78 0 0 0 0 0 0 0 88 0 91 22 0 84 0 20 0 0 14 0 0 0 0 0 11 86 0 0 92 0 0 80 0 0 0 80 0 7 22 47 0 0 0 0 82 0 0 0 0 0 99 100 65 0 4 0 5 0 48 0 0 37 18 0 0 0 84 0 0 77 39 0 74 0 0 0 0 0 0 0 82 89 77 0 44 0 0 0 0 0 0 0 0
0 0 0 0 0 0 0 0 0 52 90 24 0 0 0 0 0 0 0 0 0 0 0 0 0 0 2 0 0 88 0 0 17 0 31 0 0 0 0 0 0 0 0 0 0 0 0 0 85 0 0 54 0 0 0 0 0 0 0 13 0 0 0 0 89 28 0 0 0 0 0 0 0 60 0 0 0 40 0 68 0 0 0 79 0 0 0 0 0 32 0 83 0 0 0 0 0 0 0 0
0 0 0 0 70 0 0 19 97 0 0 0 0 0 0 93 0 0 0 0 0 0 0 0 0 0 0 0 0 61 0 87 15 0 0 0 0 58 66 0 0 0 11 0 0 0 0 75 87 39 19 0 8 13 60 0 0 0 0 0 0 0 0 0 0 0 0 0 0 62 0 0 62 0 0 0 0 0 0 0 0 0 0 0 0 50 0 0 85 0 0 0 64 13 0 0 0 49 0 5
0 0 0 0 0 56 0 21 11 0 0 0 2 0 0 8 0 0 0 53 0 0 0 0 0 68 0 0 1 0 0 0 0 0 0 0 99 0 48 0 0 0 0 0 0 0 8 41 0 0 1 0 0 0 0 0 0 0 0 0 84 91 0 0 48 0 0 0 0 81 14 29 0 0 0 0 0 0 0 0 0 0 25 0 0 0 0 0 47 0 0 0 0 0 0 100 87 11 10 0
0 0 33 4 74 0 0 0 11 0 0 1 39 84 0 0 0 0 0 0 0 0 44 10 97 21 0 23 0 27 0 0 6 77 0 0 0 0 0 0 0 0 88 0 0 0 0 0 76 0 82 22 0 0 0 18 63 38 0 0 0 0 0 0 0 0 0 0 0 35 0 0 0 0 0 24 0 0 0 0 42 0 0 68 0 0 50 79 82 0 0 0 0 12 0 39 16 0 6 0
69 64 0 0 0 0 0 0 0 0 0 0 0 0 0 0 0 0 0 0 0 0 0 0 63 0 0 0 0 0 0 0 13 0 0 0 0 0 0 56 0 0 77 0 66 35 0 0 98 0 4 0 50 0 0 0 0 0 0 0 0 0 70 12 85 0 85 0 0 0 0 0 0 0 0 0 0 0 0 0 0 0 0 17 0 0 0 0 0 0 96 0 0 70 0 0 0 70 0 23
0 0 0 0 0 0 0 0 95 0 0 30 0 0 0 0 38 0 0 30 0 95 0 0 0 0 0 45 0 0 0 0 0 0 0 15 0 79 43 9 63 0 0 0 0 0 0 0 13 0 0 0 0 4 0 0 0 0 87 0 0 0 0 68 0 60 0 0 0 0 0 0 32 0 0 0 0 20 0 0 0 0 3 0 0 0 0 0 0 53 0 90 0 0 40 0 10 0 0 0
54 0 0 0 0 31 0 0 0 0 0 0 82 46 0 0 0 0 0 0 0 0 87 46 0 94 0 0 0 0 0 0 0 0 1 0 0 0 0 0 0 100 0 0 0 0 43 81 0 0 0 0 36 92 0 0 0 0 0 0 0 94 0 0 0 0 0 0 65 0 0 0 0 0 0 72 0 0 0 0 26 28 16 98 0 0 0 0 0 0 72 0 0 80 0 0 0 0 50 0
51 0 0 0 0 0 0 0 0 0 0 15 0 0 2 0 12 0 0 0 0 0 44 55 0 46 0 0 5 0 0 0 46 0 0 97 0 79 0 0 0 0 43 0 0 0 0 0 0 0 0 0 0 46 0 0 0 0 73 0 0 0 0 0 0 0 21 63 0 0 0 28 0 0 0 77 0 0 70 42 22 0 0 0 0 0 0 0 0 0 0 0 0 0 0 0 0 0 0 0
59 42 0 0 80 0 48 52 0 0 25 0 37 0 0 0 0 0 88 0 0 18 0 0 78 0 0 83 0 0 0 25 0 0 0 0 0 0 0 0 0 0 0 0 0 0 65 0 0 15 0 0 0 0 8 0 6 81 0 0 0 88 24 0 0 0 0 0 0 0 67 36 0 0 0 65 44 0 0 0 0 0 0 0 0 0 0 0 0 0 0 0 0 1 0 0 0 0 19 76
77 0 0 0 0 0 0 61 0 0 89 0 0 0 0 28 35 0 38 0 22 0 83 0 0 0 64 0 0 0 19 0 0 0 0 0 0 0 0 0 60 85 93 0 0 0 0 0 39 93 0 0 0 0 0 0 0 30 0 0 0 0 57 97 0 0 28 0 0 0 0 20 0 0 0 0 0 0 0 0 0 94 45 0 0 82 93 27 0 0 0 0 34 0 59 0 7 0 67 0
0 0 13 0 0 16 0 0 0 86 93 0 0 0 0 0 0 0 0 0 0 32 0 51 0 0 0 0 21 0 0 0 0 0 17 63 0 56 0 0 0 0 0 0 0 0 84 0 38 32 30 24 0 0 0 34 58 0 0 0 0 0 24 0 5 0 0 0 0 0 0 0 0 71 0 0 0 0 0 0 0 10 0 0 19 0 0 0 0 79 0 0 0 0 0 0 28 0 53 98
16 0 0 97 97 44 0 0 0 0 0 0 0 0 39 0 0 0 0 0 0 61 0 0 0 0 0 79 56 0 29 0 0 0 43 0 0 0 86 0 0 38 0 0 0 0 0 0 0 100 27 49 72 0 0 0 0 0 0 0 44 0 70 36 99 0 0 0 0 0 86 0 5 0 0 0 64 0 0 0 0 0 73 0 0 98 51 0 0 0 86 0 0 0 0 0 0 12 0 78
0 0 73 0 0 0 0 0 64 0 0 63 0 0 0 7 0 0 0 0 0 0 0 0 0 34 0 0 0 93 0 0 0 0 0 0 0 0 0 0 0 0 28 0 0 32 0 0 0 0 0 0 0 0 0 0 0 1 0 69 0 0 0 67 0 0 56 0 0 50 0 0 0 0 0 48 0 0 87 79 0 0 0 0 0 0 0 0 0 0 0 0 0 20 11 0 0 16 0 75
0 0 0 0 61 0 0 8 59 0 0 0 0 79 0 0 0 92 0 94 0 65 0 0 0 0 27 0 0 0 71 13 0 0 0 0 0 0 0 0 0 17 0 0 0 0 0 0 0 25 0 0 0 0 0 0 0 0 58 0 79 0 0 0 0 62 0 0 95 0 0 0 0 85 0 12 44 0 0 0 0 62 0 0 0 0 0 0 91 0 0 39 0 0 54 0 0 0 75 88
0 0 98 0 59 0 0 0 0 0 31 0 0 0 0 26 0 0 0 31 0 0 0 0 78 0 0 0 67 0 0 0 0 0 0 0 88 29 49 0 0 0 0 0 0 0 81 0 67 0 0 0 0 0 0 45 0 0 90 0 64 0 16 0 0 0 0 0 25 0 0 62 0 0 43 9 0 49 0 0 69 0 0 0 0 0 0 0 49 0 14 0 0 6 0 95 0 0 0 0
0 0 0 0 0 0 0 0 20 0 14 0 0 0 0 0 0 0 0 0 0 0 0 0 0 22 7 0 0 0 97 0 0 46 0 0 0 15 0 0 0 0 0 0 12 0 85 64 98 0 0 0 0 0 0 75 0 0 0 13 0 0 0 0 15 0 0 0 76 25 95 0 0 0 0 0 98 0 100 0 0 0 0 28 0 17 0 0 0 0 0 0 0 0 13 0 0 0 19 0
42 0 86 54 0 97 0 0 0 80 0 0 0 0 71 0 0 0 29 0 74 0 0 0 0 29 0 0 0 0 0 0 0 0 0 0 0 0 0 33 17 0 0 0 0 0 0 10 0 0 0 0 0 17 0 0 0 0 0 0 0 49 0 0 0 0 0 0 0 0 0 0 34 0 0 0 0 0 0 0 0 66 0 0 0 75 0 0 90 0 43 0 1 66 0 0 0 57 0 75
0 0 36 0 0 0 0 0 0 0 0 0 0 0 0 0 0 0 0 0 0 0 0 0 0 0 0 0 47 0 62 0 0 0 53 0 0 0 0 0 5 0 24 0 0 0 0 0 0 0 0 0 0 46 55 0 91 72 0 0 0 54 0 0 0 79 0 0 0 0 0 0 0 0 0 0 0 0 0 40 0 0 21 26 0 0 0 0 70 0 57 0 0 0 0 95 0 21 0 0
16 0 0 0 0 0 0 0 0 3 39 16 0 0 0 83 0 0 81 0 0 0 0 0 88 0 0 0 0 0 0 0 0 33 73 96 0 0 18 72 0 0 0 18 0 13 0 78 4 0 0 0 0 40 90 0 0 0 0 0 0 11 0 67 0 0 0 0 0 30 42 0 0 0 0 0 0 0 0 23 0 0 0 63 0 0 0 0 0 0 0 94 0 0 0 0 0 0 43 0
0 24 0 0 0 1 0 0 99 0 0 0 99 0 0 0 0 0 0 0 0 0 0 0 0 0 0 0 0 0 0 0 0 0 0 0 0 0 0 0 0 25 0 24 43 0 0 0 0 77 82 0 0 0 0 0 5 66 44 63 0 0 0 0 0 70 0 0 41 0 0 0 0 0 0 0 0 0 0 0 0 0 0 0 0 42 0 0 0 21 88 0 0 0 4 0 0 0 0 0
88 0 0 0 0 0 0 0 98 0 0 0 0 30 0 0 0 0 0 0 0 67 40 16 0 0 0 0 0 0 0 0 0 31 0 0 0 0 0 0 0 0 0 0 0 26 0 6 12 0 0 0 0 0 27 0 0 28 0 88 24 95 0 0 0 54 0 3 0 0 0 0 0 0 0 0 0 71 58 0 0 0 0 46 95 0 29 0 0 15 0 0 0 0 0 0 0 0 0 0
28 0 0 0 3 0 0 0 0 0 0 0 89 19 0 0 0 0 0 0 0 0 0 0 91 0 6 0 0 77 0 0 0 0 0 0 0 0 42 0 0 0 83 0 0 0 0 0 0 0 0 0 0 0 0 0 0 33 46 0 0 41 0 0 0 0 30 38 0 0 0 0 0 0 44 56 0 30 0 0 0 97 0 0 0 0 0 0 0 0 0 0 0 0 0 0 0 0 0 58
0 0 0 0 0 0 0 0 0 0 0 0 0 0 0 0 0 0 0 0 92 18 0 8 0 0 0 0 91 12 0 49 2 0 0 0 0 0 41 10 0 34 27 0 0 0 0 0 0 46 0 0 0 0 0 0 0 0 0 0 0 66 0 0 61 0 0 0 0 57 0 0 0 0 0 0 0 0 74 0 0 88 0 0 0 17 68 0 0 0 0 67 0 0 0 0 0 0 0 0
46 0 52 0 0 4 0 36 0 0 0 0 68 0 88 0 0 0 0 0 8 0 0 0 0 0 0 0 91 0 0 72 0 22 0 0 0 99 0 0 0 0 0 0 0 0 0 22 28 0 0 0 0 0 49 0 0 0 72 0 0 0 0 7 0 0 74 0 0 0 20 0 0 9 0 0 0 0 0 0 0 0 23 0 25 0 0 0 0 0 0 50 0 27 0 0 0 0 0 0
64 75 0 0 0 15 0 0 41 0 0 63 0 0 79 100 0 0 0 0 0 11 0 0 0 0 0 0 13 0 0 0 91 73 0 0 0 0 92 30 0 0 0 0 0 0 0 0 38 0 0 0 39 13 0 44 53 0 0 0 0 0 0 0 0 0 62 0 0 0 0 80 0 0 10 0 0 88 0 78 0 0 0 31 0 11 0 0 0 0 0 62 0 0 0 0 40 48 0 34
0 6 0 0 67 0 28 45 0 0 0 18 0 0 0 0 0 0 0 0 0 0 0 0 0 0 0 0 0 0 19 47 48 28 0 3 0 0 0 66 13 29 0 0 0 0 5 0 97 69 0 0 0 0 74 0 49 0 7 37 0 0 0 0 66 0 0 0 0 0 0 0 0 26 74 0 0 0 0 0 0 0 0 0 0 0 0 15 0 17 0 0 0 0 0 0 0 93 0 0
0 64 67 0 0 0 53 0 0 0 0 0 98 0 0 98 0 54 45 0 0 21 0 0 0 0 0 85 74 0 0 41 0 0 78 0 0 0 0 0 0 46 0 0 0 0 0 0 63 0 0 0 2 0 0 58 0 0 0 0 0 0 0 0 4 20 0 0 0 0 0 0 75 0 0 0 0 0 0 0 0 0 44 0 0 0 49 0 70 67 0 0 20 16 0 0 0 0 0 77
19 93 0 0 0 0 58 0 0 0 0 0 0 0 0 0 54 70 0 0 0 0 0 0 0 13 0 0 0 13 0 0 76 0 0 0 0 0 0 0 0 0 0 0 0 0 0 66 0 0 0 0 0 0 0 28 0 39 47 64 11 0 0 8 0 0 0 0 0 74 0 0 21 0 0 0 0 0 0 0 0 0 0 0 0 0 0 78 0 0 54 0 0 0 0 75 0 0 16 2
0 88 16 0 0 0 94 0 0 0 0 0 0 0 12 44 0 0 29 0 77 79 0 0 0 0 96 0 0 22 0 0 0 0 0 0 0 0 0 48 0 44 96 0 0 34 0 0 0 13 0 0 21 0 47 0 0 0 0 0 0 0 0 0 0 0 0 39 0 0 0 0 0 0 0 0 24 43 0 0 99 0 0 6 0 0 0 0 0 0 19 0 77 0 0 0 0 0 0 0
0 0 0 0 0 0 0 34 46 0 0 0 46 65 27 0 0 67 0 0 48 0 0 0 0 0 0 60 0 0 0 0 0 0 0 0 0 0 0 0 0 0 0 0 0 0 0 0 0 0 0 61 0 24 0 75 0 0 0 83 37 75 68 86 0 50 0 31 0 0 0 0 0 21 0 0 0 45 0 0 0 0 0 38 0 0 0 0 0 0 34 0 0 0 0 0 0 0 0 0
35 95 0 95 0 0 0 0 0 20 0 55 0 0 0 0 9 0 0 0 0 0 20 0 0 0 39 71 0 0 15 0 0 21 0 0 0 0 0 0 0 0 0 0 65 0 0 100 0 0 0 45 0 14 0 0 0 71 51 0 0 0 33 0 0 0 55 23 0 42 0 8 0 0 0 0 0 58 0 0 0 0 0 0 0 0 0 0 0 0 0 0 21 27 0 76 0 0 14 0
0 0 47 0 0 0 0 0 0 74 0 0 0 0 0 33 73 0 0 0 0 22 93 0 9 4 0 0 0 0 86 0 0 0 51 0 0 0 50 0 28 0 0 0 0 0 41 48 0 0 0 0 40 0 0 28 43 0 0 0 97 0 0 0 52 0 0 0 87 74 0 0 0 86 39 0 0 21 0 4 0 47 0 47 0 19 0 0 0 0 0 0 0 28 0 0 0 94 0 18
0 0 0 0 0 95 0 0 43 78 0 0 0 0 0 0 0 0 0 0 7 0 0 0 0 0 80 0 0 47 0 64 0 0 0 32 0 0 47 0 0 97 0 0 0 95 0 0 59 0 0 0 0 0 9 92 0 14 36 0 0 0 86 2 0 0 0 0 0 41 0 0 0 69 0 0 0 0 23 74 0 0 0 0 69 0 0 0 41 0 21 0 0 0 0 0 0 0 0 0
0 0 0 0 0 0 0 0 0 0 0 0 0 0 0 0 0 40 0 61 0 0 0 0 0 0 0 0 22 6 30 0 0 0 0 4 2 0 0 0 26 0 0 0 0 0 0 0 73 0 0 0 0 0 0 0 0 61 0 0 48 47 0 0 0 0 0 46 0 0 0 0 74 0 62 0 0 1 0 0 0 0 0 0 95 0 58 0 22 15 60 0 73 88 0 0 68 7 0 0
21 97 0 1 0 0 0 0 0 35 37 0 0 26 60 0 0 0 0 0 53 0 4 0 44 56 0 44 0 0 0 58 0 0 0 0 0 0 0 0 0 0 0 0 63 0 0 0 0 0 0 0 73 0 0 0 0 87 0 0 0 0 0 0 44 0 0 96 0 0 93 0 0 0 0 0 0 0 0 0 0 0 0 0 3 0 0 12 0 0 0 0 0 0 0 0 0 22 0 0
0 0 0 43 0 0 72 0 31 0 0 0 23 78 0 0 0 56 0 0 0 0 0 0 91 0 6 0 0 0 0 0 0 45 0 0 0 0 0 0 0 0 0 0 80 0 0 0 57 32 0 0 0 0 1 0 0 0 0 0 35 0 51 0 0 0 44 0 73 86 73 0 0 0 0 32 82 0 0 55 0 0 0 35 5 0 0 97 0 0 0 0 1 0 0 91 0 10 0 0
0 0 0 0 0 0 0 0 84 0 16 0 0 0 0 11 0 0 0 13 19 95 0 0 89 0 0 0 16 0 0 0 0 0 0 0 0 0 0 0 0 0 0 0 0 0 0 0 0 0 0 0 0 0 0 0 0 0 0 39 0 93 0 11 0 0 0 0 0 0 8 0 5 0 92 0 0 0 0 0 0 79 0 0 0 0 0 0 77 0 0 0 0 0 0 0 0 0 0 0
0 0 0 41 0 0 26 0 56 0 0 0 0 0 0 0 0 0 0 0 0 0 0 0 0 0 0 0 0 0 0 0 0 0 0 36 0 63 49 66 79 0 0 0 0 0 0 0 0 0 0 8 0 0 36 0 30 0 0 0 0 25 0 18 0 94 89 0 0 82 56 0 0 0 0 0 32 0 0 31 0 0 0 0 0 0 0 0 0 78 0 0 47 0 0 0 0 0 0 0
63 44 0 15 0 0 0 0 0 0 38 0 0 0 0 89 0 0 0 43 0 0 0 0 0 0 0 0 0 0 0 46 0 0 0 0 0 100 0 0 97 0 0 0 0 77 0 0 0 26 0 71 54 0 0 82 0 0 0 78 78 0 0 0 0 0 0 22 0 0 0 0 0 0 0 73 0 0 0 0 46 0 0 0 0 0 0 0 0 0 0 0 0 0 0 0 0 0 64 92
0 0 0 0 0 0 99 0 0 0 0 0 0 0 0 57 0 83 0 0 0 0 0 0 0 0 0 0 42 0 18 0 0 0 0 77 0 0 0 0 0 75 83 0 0 0 0 0 0 0 0 0 0 0 0 98 62 19 0 0 78 0 0 0 0 0 0 0 0 92 0 0 0 0 0 0 0 0 0 45 0 58 19 15 0 0 21 94 0 0 0 0 0 94 0 0 0 21 26 0
0 0 0 0 0 0 45 0 0 0 0 0 0 73 0 71 44 0 46 83 0 67 0 21 0 0 91 0 0 0 0 0 0 0 89 0 0 0 0 0 0 0 97 0 0 83 23 0 0 0 0 0 0 0 0 0 0 0 0 0 0 0 0 0 0 0 67 0 0 70 0 0 0 80 0 64 0 0 0 0 0 0 49 40 0 0 0 0 49 44 0 29 31 0 0 0 0 0 97 9
13 0 75 0 0 0 0 0 0 0 0 0 92 0 0 0 0 0 0 66 54 0 0 0 0 0 0 0 24 0 0 0 0 0 0 0 0 0 98 54 89 0 0 0 3 0 0 0 85 0 0 0 55 0 0 0 0 93 0 6 0 0 3 0 0 0 0 9 0 0 0 0 0 0 0 8 0 0 0 0 0 0 21 0 0 81 30 0 0 0 0 44 17 0 0 0 0 58 47 40
0 0 0 0 0 0 7 0 0 0 0 0 0 0 0 0 0 0 0 0 0 23 0 0 35 0 0 0 0 0 91 0 0 0 0 0 0 0 0 0 42 0 0 0 85 0 0 0 0 0 87 0 0 61 0 0 0 0 0 0 0 0 0 0 61 5 0 0 0 0 80 0 23 0 0 42 0 0 0 0 0 0 0 49 0 0 0 0 0 0 0 0 0 0 64 12 0 0 0 0
0 0 0 0 0 0 55 0 81 96 13 0 0 0 87 0 0 0 0 0 15 45 0 0 43 0 0 29 0 9 0 0 0 0 86 0 0 40 0 0 0 28 0 12 0 0 0 0 0 0 91 48 0 0 0 0 0 0 14 0 0 0 0 0 14 0 0 0 0 0 0 0 0 0 0 0 71 0 100 0 0 0 29 71 98 0 0 2 84 0 0 0 0 0 0 0 93 0 0 0
0 5 0 0 82 0 0 0 0 0 0 0 0 0 0 0 3 0 34 61 0 0 0 0 95 37 0 0 17 0 0 79 0 21 0 0 19 0 0 0 0 0 0 0 0 55 0 0 0 0 0 0 69 0 0 76 0 0 67 0 0 0 66 0 0 49 0 0 0 0 0 0 0 86 21 0 0 0 32 90 0 0 0 0 0 0 83 0 45 29 47 32 0 0 0 0 0 0 0 0
0 63 0 0 0 93 0 0 0 48 52 81 0 83 0 0 0 9 0 0 0 10 0 0 0 0 0 0 0 0 0 0 78 0 0 0 0 18 0 49 50 89 86 81 55 0 59 0 0 0 0 0 0 0 0 0 76 0 9 24 0 0 0 0 0 78 0 0 80 0 69 0 0 69 0 98 0 0 0 0 0 0 0 0 0 0 0 32 0 93 0 0 99 0 0 0 0 0 82 0
0 0 0 11 0 71 0 0 0 0 0 0 0 0 94 0 0 0 0 0 0 94 0 0 68 0 0 0 38 0 0 0 0 0 0 0 0 12 0 0 87 0 94 0 0 0 56 0 0 0 0 0 0 0 0 0 95 0 0 29 0 0 0 0 0 0 0 0 0 0 0 0 0 51 0 0 0 0 0 0 33 19 0 0 0 0 0 0 0 0 0 83 9 0 0 0 0 0 100 0
0 0 95 0 0 99 0 59 0 0 0 25 0 70 0 19 0 15 0 0 82 0 0 11 0 0 0 0 0 55 0 0 90 0 0 84 0 0 0 30 0 4 0 0 44 66 64 0 0 49 0 0 0 0 0 0 0 0 0 0 0 0 0 11 85 0 0 93 0 0 0 29 31 0 0 8 0 25 0 0 0 0 0 0 0 21 0 0 0 0 2 0 44 0 0 0 0 0 7 96
0 0 0 0 0 0 0 0 0 0 0 0 0 0 0 0 0 31 29 0 93 0 0 0 0 0 0 28 0 0 0 0 0 0 64 0 0 0 0 0 0 0 13 0 0 0 0 0 0 0 0 0 56 37 0 0 2 0 0 79 0 0 0 87 0 32 0 0 63 0 0 0 0 0 0 0 76 0 0 0 27 27 0 40 0 0 21 0 0 0 30 0 0 0 0 0 0 0 55 58
0 0 0 0 0 70 0 41 0 0 0 100 0 95 60 0 0 0 0 0 66 0 0 0 0 0 0 76 0 0 0 0 0 80 36 0 22 0 0 0 0 0 0 0 0 0 38 0 0 0 57 70 0 0 0 0 0 0 0 0 0 0 0 0 0 0 51 0 0 0 0 0 40 43 40 0 11 0 0 15 10 0 70 91 0 0 0 0 0 0 100 0 0 0 63 23 0 0 10 0
0 0 0 73 0 0 0 0 35 11 0 0 0 0 5 88 0 0 0 0 0 0 0 52 0 85 0 69 0 0 0 0 0 24 0 86 0 0 0 0 0 0 0 39 0 0 0 0 0 87 0 0 0 70 0 0 0 0 0 85 0 0 0 77 0 0 0 0 0 0 23 47 0 0 0 52 0 0 0 0 0 0 0 75 0 0 0 0 42 97 0 0 41 0 0 0 0 0 0 0
0 0 0 0 0 0 41 0 0 0 0 0 0 20 75 0 0 85 0 0 62 0 0 1 0 0 0 72 0 0 0 0 69 0 27 46 2 0 0 0 0 0 77 20 0 0 0 0 29 31 0 0 50 4 4 0 0 0 0 0 0 45 0 0 0 61 0 0 2 23 0 0 0 4 0 0 0 0 0 0 0 30 0 51 0 0 0 72 0 88 19 0 0 0 0 0 0 66 44 82
0 0 0 0 57 3 88 0 0 0 0 0 12 78 0 59 0 0 89 0 0 36 0 0 0 0 0 0 0 0 0 0 0 0 23 0 0 0 0 37 0 0 0 0 0 0 14 0 0 0 0 0 100 0 0 0 0 0 0 0 38 0 21 0 0 0 0 30 0 91 0 0 100 42 0 0 0 0 0 94 0 22 78 0 0 0 0 12 0 1 0 0 0 0 0 0 0 0 0 28
0 0 0 0 0 0 41 0 0 0 91 0 14 0 0 99 17 93 0 0 0 0 0 0 0 0 0 0 0 0 54 6 23 0 0 0 64 0 0 0 0 0 7 1 0 0 75 0 58 40 0 0 43 0 0 0 22 20 89 0 88 0 0 0 0 0 0 0 0 0 0 0 0 0 0 0 0 0 63 0 0 0 16 0 0 0 0 0 72 0 0 0 0 0 0 75 0 0 0 0
0 0 0 87 0 33 0 0 0 0 0 0 0 0 42 0 0 0 81 37 2 36 0 0 0 0 57 0 0 0 0 0 7 0 74 0 0 3 0 0 83 3 38 0 53 0 0 0 46 28 0 43 16 0 0 0 0 0 0 49 0 0 0 65 0 0 0 0 15 0 0 0 0 0 0 94 0 28 0 0 30 32 94 0 0 0 0 0 0 0 0 0 0 0 0 0 0 0 0 0
37 0 0 0 0 0 0 84 0 0 0 0 0 0 0 0 0 0 0 19 0 0 0 0 62 0 16 54 0 0 48 0 0 0 0 0 0 0 60 0 0 57 0 0 0 76 0 19 0 61 0 22 0 0 0 90 0 0 0 0 45 37 0 0 20 0 70 0 0 0 69 18 0 0 28 0 0 94 0 0 0 0 0 0 49 0 0 50 29 0 0 0 0 0 0 0 0 0 0 0
67 0 58 0 0 0 90 0 90 57 0 21 0 47 0 0 0 0 0 0 0 0 0 0 0 0 0 24 0 0 0 0 0 0 0 0 0 0 1 11 0 0 0 0 0 0 0 0 0 0 0 0 0 0 82 0 0 0 0 0 80 67 0 0 10 0 64 90 0 0 0 0 0 17 0 26 0 0 0 0 0 0 0 13 0 0 0 25 0 0 22 86 0 29 0 0 0 0 0 0
0 0 50 0 0 0 0 0 0 49 0 0 0 0 0 0 68 0 0 0 58 0 2 0 0 0 9 0 7 66 85 0 15 25 71 0 0 0 0 0 61 0 0 0 0 88 0 63 37 0 0 0 0 0 0 0 0 83 1 71 0 0 0 0 44 0 0 0 0 0 0 0 0 0 0 0 0 0 43 0 0 49 0 0 0 0 0 24 48 0 0 100 0 34 0 0 0 86 0 0
0 0 0 0 0 0 0 0 38 97 0 7 0 0 0 0 0 0 0 0 0 0 0 71 0 0 0 0 0 0 0 46 64 78 0 48 81 0 0 45 0 0 0 0 0 67 0 0 68 61 0 46 0 0 0 0 0 0 0 20 0 90 0 0 64 0 39 0 0 52 0 0 0 0 13 0 11 81 0 0 0 18 0 71 79 0 71 33 0 0 91 0 0 28 0 31 0 0 0 0
4 0 0 0 0 75 0 0 0 12 10 0 0 0 53 0 42 29 6 0 0 0 0 0 72 40 0 0 48 28 9 0 0 0 0 81 0 0 0 84 0 35 0 71 63 0 0 38 0 0 0 0 0 0 0 0 49 21 69 0 0 52 0 0 76 0 0 29 55 0 16 0 0 0 41 0 0 0 28 0 0 0 0 0 54 0 0 0 0 0 0 0 0 0 29 0 0 0 0 0
0 47 0 78 0 0 67 53 0 0 0 0 0 0 0 3 0 0 17 0 8 68 0 79 0 0 24 0 0 0 0 0 30 0 0 0 0 0 0 0 0 0 0 0 0 0 0 83 0 0 0 0 0 0 0 0 6 28 0 0 0 0 0 77 0 0 0 0 33 0 0 0 0 90 0 0 96 0 0 0 0 0 0 0 0 36 0 0 0 0 0 0 0 0 0 0 0 6 51 0
0 0 0 0 0 0 0 81 0 10 55 0 0 0 0 0 24 0 0 0 0 97 0 0 0 53 0 0 36 0 68 0 0 0 0 0 0 51 0 0 0 0 0 0 0 88 0 11 0 0 0 0 0 0 11 0 0 0 0 0 0 0 0 0 99 0 0 48 0 0 0 0 0 0 0 0 31 0 0 0 0 0 0 0 0 0 0 0 0 0 0 0 0 0 0 0 0 50 0 0
0 0 0 0 54 0 67 0 47 42 0 0 0 0 86 41 92 0 0 0 0 0 0 54 0 0 0 0 0 0 0 0 82 0 0 0 0 0 0 0 98 100 0 0 0 0 0 0 42 98 0 0 0 0 0 87 0 0 0 29 0 0 0 0 0 53 0 0 0 0 0 92 76 56 0 0 0 4 21 0 0 0 0 31 0 0 86 56 65 0 34 0 0 0 0 0 0 21 0 0
0 0 50 65 0 0 21 0 0 0 0 0 0 31 0 0 0 0 38 0 71 0 38 11 32 47 0 84 0 83 0 73 0 9 0 0 0 0 0 0 0 0 35 0 0 58 0 0 0 0 13 0 0 100 0 0 0 0 0 0 0 17 0 0 0 0 0 26 0 69 0 0 0 94 0 0 0 0 0 0 0 0 89 0 0 0 0 64 0 0 81 0 78 0 0 0 0 0 81 0
0 0 56 0 51 0 0 0 0 0 0 0 0 73 37 0 0 0 0 0 0 0 0 0 22 0 65 19 0 0 0 0 0 0 0 0 0 0 0 7 13 43 0 0 0 0 35 0 0 0 0 0 18 0 0 0 0 0 76 0 0 0 0 0 0 0 0 0 0 1 10 43 0 0 0 0 0 0 0 0 0 0 61 0 0 0 0 0 0 0 0 97 76 0 0 0 0 0 0 0
87 57 81 66 37 29 34 0 0 15 0 0 8 56 0 0 93 0 2 0 21 0 0 0 0 0 34 0 0 0 0 0 92 0 0 62 0 0 2 0 0 0 33 14 0 60 0 0 0 79 0 0 0 0 0 0 0 36 0 0 0 0 14 0 0 0 59 90 0 82 0 22 0 0 55 0 100 0 58 22 0 89 86 0 0 15 0 43 0 0 21 0 0 0 0 0 0 0 0 0
0 0 0 0 0 0 97 23 0 0 0 0 0 91 88 0 42 0 0 0 0 49 0 0 0 0 39 0 0 0 42 0 100 23 0 0 0 0 0 0 0 7 94 0 47 0 0 0 0 0 0 0 45 0 0 0 0 80 25 0 97 0 0 0 0 0 0 58 0 45 0 0 50 0 0 0 0 0 0 0 0 60 0 0 7 53 30 80 0 60 58 0 0 14 0 0 89 0 0 0
54 0 0 0 0 28 0 47 8 46 0 0 0 0 0 0 50 42 0 0 0 47 59 0 0 67 0 0 0 0 80 0 0 0 0 0 0 0 0 36 0 0 0 49 19 0 0 0 0 0 0 87 1 0 0 0 0 0 0 0 0 0 0 0 0 73 77 16 0 0 95 0 0 0 1 48 0 0 0 0 0 78 57 0 0 0 0 0 0 0 0 0 0 0 0 0 0 0 0 0
0 0 41 0 0 0 0 0 0 64 0 0 58 0 0 0 87 0 0 0 71 0 0 0 0 35 0 0 0 0 0 0 70 0 0 0 0 0 0 0 36 0 0 0 94 0 0 49 0 0 0 0 72 0 0 0 47 0 0 81 0 4 7 36 0 0 0 0 0 0 0 0 0 0 0 0 0 0 0 35 0 0 39 2 0 0 6 69 0 0 0 0 30 44 0 0 25 0 0 0
0 0 0 0 0 0 0 22 81 92 5 0 46 6 0 0 0 0 5 0 0 63 0 0 13 0 59 0 2 0 0 0 0 0 0 0 21 0 0 0 0 91 85 0 0 0 59 0 75 0 0 0 0 0 0 0 0 80 0 0 0 0 0 70 3 0 0 0 50 44 0 0 72 0 0 0 0 0 0 0 0 0 0 0 90 0 0 0 0 2 94 0 69 0 0 0 0 0 0 93
0 0 0 0 88 76 0 0 0 0 0 0 82 0 100 18 49 39 0 0 61 0 0 0 0 0 0 0 0 0 0 0 62 6 0 0 0 0 43 0 54 0 81 0 20 80 0 98 37 0 0 13 51 28 0 0 0 0 0 0 0 0 93 78 0 0 0 0 0 0 31 0 0 0 0 0 33 0 0 0 1 0 0 0 0 0 0 15 0 0 78 0 0 26 0 33 0 100 0 20
0 58 0 0 0 0 0 0 0 0 0 0 0 0 0 0 0 9 0 0 1 0 0 0 0 93 0 0 0 0 0 0 0 0 0 84 0 95 0 0 52 0 0 32 0 27 0 0 0 0 52 0 16 41 0 0 0 84 0 70 0 72 0 0 0 0 0 0 0 17 65 0 18 0 0 0 6 26 0 0 0 0 0 0 0 0 0 0 0 0 77 0 0 92 0 0 0 0 0 0
0 0 0 0 0 0 0 0 0 0 0 77 16 0 0 0 0 0 0 0 0 0 0 0 40 0 0 0 38 0 0 0 0 0 20 0 0 33 48 0 0 0 0 0 0 0 0 0 27 0 38 0 1 58 0 0 0 50 25 0 20 0 15 0 55 0 0 57 0 22 0 0 0 0 0 0 0 0 18 0 0 0 0 0 0 0 0 0 0 0 0 0 0 0 0 86 0 0 0 0
0 0 0 12 0 18 0 33 0 0 67 65 0 0 10 0 0 0 0 7 0 0 0 0 0 2 0 0 0 91 0 27 0 0 0 0 0 0 0 0 0 56 0 0 8 0 0 55 0 74 0 14 0 0 94 72 0 67 50 0 0 0 10 0 65 0 0 0 35 0 8 82 0 56 80 7 0 0 0 0 0 0 0 0 26 0 0 0 0 0 0 0 0 0 54 12 0 9 0 93
100 5 0 94 0 0 0 0 0 100 0 0 0 0 0 0 6 0 0 0 53 14 0 0 56 0 0 0 35 0 0 0 0 0 0 0 0 0 0 0 0 0 0 0 0 42 0 56 55 0 99 0 0 0 73 0 0 0 0 0 35 0 68 0 97 33 0 0 0 0 43 0 0 0 0 0 0 0 0 0 0 0 0 0 0 0 0 0 0 0 0 0 0 0 91 0 0 0 0 20
0 0 0 83 0 0 48 0 0 0 0 46 0 0 57 0 0 0 0 0 82 86 0 0 0 0 55 0 0 0 0 49 0 0 0 40 0 53 0 0 54 0 28 0 0 0 3 0 0 0 0 0 0 79 0 44 0 0 61 96 80 0 0 19 0 0 0 14 87 19 91 0 0 0 0 0 0 0 0 0 0 0 0 0 0 95 0 0 98 92 0 0 0 0 0 0 0 74 55 0
0 0 0 0 0 0 57 0 0 0 3 0 0 12 91 0 20 0 0 0 0 71 34 0 0 0 0 19 0 0 0 0 0 0 0 0 0 61 0 0 0 0 0 82 0 0 0 0 0 0 0 40 0 0 0 42 25 0 0 0 65 0 0 40 0 0 0 15 0 0 35 57 0 65 0 0 0 12 0 0 0 0 0 0 0 0 38 0 0 0 0 0 0 8 61 0 0 0 0 0
0 0 0 0 39 41 0 0 0 0 0 0 0 0 0 0 0 0 66 0 0 0 0 0 90 0 0 0 70 0 55 0 25 20 68 0 2 0 78 0 0 0 0 0 35 93 0 0 0 69 0 0 0 0 82 37 37 0 31 0 17 0 0 0 54 0 7 0 0 0 0 0 95 54 0 0 0 31 80 0 0 0 0 0 35 76 0 0 0 0 0 0 0 0 5 26 0 0 0 0
0 28 0 0 53 0 0 0 0 0 0 0 0 71 0 0 0 0 0 0 23 0 0 0 0 0 0 0 0 0 0 0 0 0 85 0 0 0 0 0 0 26 36 0 98 91 0 0 0 0 4 6 0 52 0 0 0 0 0 0 44 0 0 0 18 0 0 0 0 0 0 0 0 0 38 0 0 6 0 0 8 0 0 0 0 0 0 0 0 0 0 0 0 0 0 0 70 19 47 0
0 0 0 0 0 0 0 62 0 0 0 0 0 0 0 0 18 45 0 0 0 0 0 0 0 0 39 55 0 13 0 0 29 0 0 0 40 0 0 0 0 0 0 0 0 2 56 0 0 0 0 0 0 0 0 0 13 0 32 0 1 87 0 0 0 0 0 0 0 0 0 0 0 0 0 90 0 0 0 0 0 0 0 0 0 0 0 0 0 0 0 0 0 0 0 0 0 94 0 0
56 8 0 0 0 0 0 0 0 0 15 0 0 0 76 0 0 0 41 42 0 47 0 0 0 0 76 0 69 16 0 54 0 32 0 0 0 24 44 67 41 0 0 0 0 24 3 0 0 0 0 78 93 57 0 0 0 0 0 56 0 0 0 0 6 0 0 0 0 0 45 0 0 0 0 0 0 57 4 0 98 0 0 0 46 20 13 0 0 0 0 0 0 0 0 0 0 31 0 0
0 0 0 94 57 0 0 0 0 0 4 37 0 0 0 0 0 0 0 0 20 16 0 99 0 0 0 0 0 0 0 0 0 0 9 0 0 0 0 71 0 0 56 0 0 0 0 0 0 0 0 0 0 0 0 0 71 0 58 61 0 21 0 11 0 0 0 38 0 0 0 0 0 0 0 0 0 0 0 0 0 80 0 0 0 0 0 0 0 49 0 0 82 0 53 10 0 0 76 0
0 0 53 64 0 0 0 69 0 4 26 43 0 0 0 19 0 3 0 0 0 100 56 0 0 0 0 0 0 73 0 0 20 0 0 0 0 83 65 0 91 0 0 0 12 0 0 22 0 0 36 9 0 0 27 0 0 0 0 89 0 1 7 0 0 0 17 0 0 0 0 0 0 0 5 0 49 0 0 0 0 0 49 65 0 0 0 0 0 0 0 0 0 0 0 0 0 0 0 0
0 0 13 0 0 0 0 0 17 0 94 0 0 88 0 0 0 0 0 0 36 0 32 0 90 0 67 0 72 73 0 0 72 0 55 0 0 50 0 0 0 0 0 0 0 60 0 96 0 0 0 0 0 3 13 0 0 0 90 0 0 48 0 0 0 0 72 0 63 0 0 0 0 49 0 0 13 0 0 0 0 0 0 0 7 0 0 0 0 0 19 0 10 0 0 0 64 92 0 0
0 0 0 0 0 70 0 22 0 0 0 0 5 0 0 0 19 73 0 31 0 45 0 79 21 0 44 32 0 0 0 0 0 68 0 0 0 0 0 52 0 0 0 81 0 0 24 15 0 92 0 0 0 0 0 10 0 0 4 0 0 64 7 0 0 42 0 0 0 0 0 65 5 0 74 39 99 72 0 0 0 1 0 0 0 0 0 0 0 0 0 18 100 0 9 0 0 0 0 0
0 33 0 31 81 0 0 0 46 0 0 0 0 11 0 0 0 0 0 0 0 0 0 0 0 100 0 57 0 0 0 88 92 3 29 0 0 0 98 18 0 0 0 0 0 52 0 70 0 0 28 0 61 0 0 0 0 0 100 89 0 0 0 0 0 0 0 0 0 0 0 0 0 1 0 48 0 0 0 0 0 0 73 24 0 0 0 0 0 16 28 0 0 0 0 28 0 0 0 39
95 92 0 0 0 0 0 0 0 0 8 0 24 0 0 80 0 0 0 0 28 0 0 0 4 0 0 0 0 44 0 0 97 30 7 0 0 0 0 41 0 0 0 43 13 0 0 0 0 0 0 0 73 0 0 49 0 0 0 17 0 0 0 0 0 0 68 0 46 0 0 0 0 0 0 0 84 0 0 0 0 0 13 0 0 0 0 0 30 0 0 97 0 0 0 36 0 0 0 0
0 0 0 0 42 96 25 0 50 0 0 0 0 0 0 0 63 0 0 0 0 0 0 0 0 0 0 0 0 0 58 39 0 0 0 0 0 61 0 0 0 0 0 0 0 56 0 60 0 0 0 0 0 0 0 0 0 0 0 59 81 0 0 0 0 0 0 0 0 0 51 0 0 91 0 0 11 45 0 6 0 0 0 0 0 0 31 0 43 0 85 0 0 0 0 0 0 0 0 0
0 97 0 0 0 0 8 95 0 0 0 0 32 0 85 0 0 0 0 0 0 0 0 0 0 0 0 0 0 0 0 0 0 0 0 0 0 3 0 74 0 93 0 0 0 0 0 5 43 0 0 0 6 0 0 0 4 0 0 0 0 0 0 14 0 0 0 0 61 0 0 0 0 0 0 0 52 0 0 0 0 0 0 0 0 0 0 0 0 0 34 0 0 0 0 31 0 12 0 0
0 0 0 0 0 23 69 0 64 0 0 0 0 0 0 91 0 58 56 0 68 0 0 4 66 0 6 14 0 0 0 23 0 0 0 0 0 0 44 47 64 55 0 62 13 67 0 0 0 73 15 0 0 0 0 6 0 0 0 0 0 0 0 0 0 48 0 0 10 0 0 53 76 0 0 82 0 0 0 30 0 0 0 55 68 0 0 0 0 0 0 0 47 0 31 14 0 68 81 0
0 74 0 0 2 0 0 0 30 0 0 86 98 0 9 0 0 0 0 0 0 89 0 27 63 14 0 69 0 0 91 0 0 45 0 0 0 0 0 30 0 0 6 15 0 0 67 0 44 0 0 84 0 0 0 0 30 0 91 0 0 39 0 34 0 0 0 0 30 0 99 21 0 0 0 0 0 55 0 0 0 0 45 0 0 42 91 85 0 0 0 0 0 0 0 18 0 37 0 96
0 0 0 0 0 0 0 0 0 0 0 0 0 97 0 0 82 0 0 0 94 0 96 0 0 0 0 0 0 0 0 82 0 0 0 0 2 27 0 0 0 0 0 0 0 0 61 0 0 0 0 0 0 0 0 0 0 41 0 69 0 75 0 0 0 0 45 0 0 0 0 0 0 85 0 0 0 0 0 0 0 57 43 0 0 0 0 0 0 0 0 38 83 39 18 27 0 0 0 18
0 0 44 0 0 0 0 0 72 0 0 47 0 0 0 0 94 0 0 0 0 0 0 0 0 59 0 0 0 0 90 0 32 0 0 0 57 0 0 0 0 50 47 0 24 0 4 0 2 0 0 9 8 0 92 0 0 94 83 0 0 0 39 0 0 0 0 0 0 0 46 0 0 62 0 100 0 14 0 0 0 0 0 0 0 0 0 0 85 0 0 60 0 86 0 0 0 0 23 0
0 0 0 0 58 0 2 93 0 0 49 0 10 0 0 0 0 0 100 0 0 0 0 99 0 42 73 0 0 0 48 0 0 63 0 0 0 0 0 0 67 32 20 0 0 0 0 25 0 0 0 81 0 0 0 0 0 0 0 75 0 0 0 77 0 0 0 54 0 0 0 40 0 0 0 0 0 0 0 75 0 0 34 0 0 0 0 0 0 0 0 0 0 0 0 0 0 0 0 0
0 0 0 0 0 0 0 0 0 0 0 0 39 0 91 0 0 0 0 0 58 32 20 0 0 0 0 0 0 0 0 0 0 0 0 62 0 40 0 0 0 0 56 0 0 0 0 0 0 0 0 21 0 0 0 80 0 0 0 17 83 0 0 0 0 0 12 0 0 0 0 0 67 0 0 0 26 0 0 40 0 0 57 0 91 0 0 0 0 0 0 0 29 0 66 39 0 17 0 0
0 0 0 0 0 0 0 0 0 53 44 0 0 0 0 42 0 24 0 0 0 0 39 0 0 0 0 0 0 0 11 47 72 42 26 24 80 82 0 0 0 0 27 0 0 0 0 19 0 11 0 0 0 0 0 0 0 0 0 0 88 0 0 72 66 0 90 0 0 0 0 0 0 4 0 0 0 0 0 0 29 0 21 0 0 90 0 46 0 0 0 0 0 0 0 0 50 0 0 86
0 0 0 0 0 0 0 0 0 0 0 50 0 0 5 0 0 0 0 0 0 0 0 0 32 0 0 0 15 64 0 30 0 0 0 72 0 0 0 0 0 0 0 0 0 0 10 0 0 0 0 0 0 0 47 0 0 0 0 0 0 98 0 0 2 0 0 0 0 0 0 0 0 100 54 0 0 0 0 0 70 5 0 0 0 0 0 53 0 0 0 0 0 0 64 0 25 0 0 0
0 0 0 0 0 0 0 0 0 0 99 8 24 0 0 84 0 0 0 0 77 0 99 0 0 1 0 0 0 0 88 0 0 0 69 0 70 0 21 0 28 0 26 85 87 0 0 0 0 99 0 19 0 0 0 0 0 6 39 0 97 0 100 0 0 0 0 9 47 0 0 0 0 17 0 0 0 0 0 33 0 0 0 0 0 59 0 0 0 0 0 0 38 65 0 0 43 0 0 78
0 0 0 0 0 48 0 0 0 0 0 0 0 63 0 0 0 0 23 0 58 0 0 44 80 0 0 0 0 0 0 37 0 0 0 0 78 0 0 0 41 0 0 49 0 0 0 0 0 0 0 0 0 95 0 0 15 0 92 0 84 0 0 0 0 10 0 0 13 26 73 0 0 0 33 59 0 0 0 0 0 0 39 0 0 0 0 0 0 0 0 0 0 67 0 81 0 0 0 0
30 1 10 0 43 22 0 82 0 0 0 0 0 0 0 38 0 96 65 0 48 0 70 0 0 100 0 0 0 0 0 76 10 0 0 66 0 0 3 0 0 0 53 0 4 35 62 0 0 0 0 30 0 0 0 0 0 51 70 34 0 47 0 67 0 22 0 0 88 60 0 0 0 16 0 0 49 25 0 96 0 0 0 0 0 0 0 83 80 67 0 34 0 0 0 0 0 0 0 0
0 0 0 0 0 0 0 0 0 1 18 1 0 0 0 0 0 0 0 0 0 0 0 0 0 0 32 0 0 5 0 0 98 0 34 0 0 0 0 0 0 0 0 0 0 0 0 0 69 0 0 64 0 0 0 0 0 0 0 72 0 0 0 0 27 28 0 0 0 0 0 0 0 72 0 0 0 68 0 90 0 0 0 71 0 0 0 0 0 93 0 40 0 0 0 0 0 0 0 0
0 0 0 0 55 0 0 78 62 0 0 0 0 0 0 33 0 0 0 0 0 0 0 0 0 0 0 0 0 24 0 42 95 0 0 0 0 71 17 0 0 0 86 0 0 0 0 41 18 98 80 0 43 93 19 0 0 0 0 0 0 0 0 0 0 0 0 0 0 78 0 0 65 0 0 0 0 0 0 0 0 0 0 0 0 65 0 0 41 0 0 0 83 50 0 0 0 95 0 13
0 0 0 0 0 43 0 94 91 0 0 0 79 0 0 78 0 0 0 22 0 0 0 0 0 46 0 0 15 0 0 0 0 0 0 0 65 0 2 0 0 0 0 0 0 0 85 20 0 0 52 0 0 0 0 0 0 0 0 0 42 54 0 0 58 0 0 0 0 20 46 17 0 0 0 0 0 0 0 0 0 0 53 0 0 0 0 0 35 0 0 0 0 0 0 92 9 37 53 0
0 0 12 15 10 0 0 0 10 0 0 5 10 53 0 0 0 0 0 0 0 0 66 91 82 20 0 46 0 96 0 0 95 22 0 0 0 0 0 0 0 0 51 0 0 0 0 0 45 0 75 63 0 0 0 76 24 28 0 0 0 0 0 0 0 0 0 0 0 50 0 0 0 0 0 60 0 0 0 0 8 0 0 44 0 0 46 100 1 0 0 0 0 36 0 22 95 0 54 0
68 6 0 0 0 0 0 0 0 0 0 0 0 0 0 0 0 0 0 0 0 0 0 0 40 0 0 0 0 0 0 0 66 0 0 0 0 0 0 61 0 0 46 0 24 81 0 0 35 0 77 0 51 0 0 0 0 0 0 0 0 0 76 90 96 0 54 0 0 0 0 0 0 0 0 0 0 0 0 0 0 0 0 76 0 0 0 0 0 0 80 0 0 64 0 0 0 20 0 26
0 0 0 0 0 0 0 0 81 0 0 25 0 0 0 0 54 0 0 86 0 38 0 0 0 0 0 84 0 0 0 0 0 0 0 41 0 54 16 52 1 0 0 0 0 0 0 0 93 0 0 0 0 8 0 0 0 0 64 0 0 0 0 17 0 62 0 0 0 0 0 0 30 0 0 0 0 61 0 0 0 0 79 0 0 0 0 0 0 83 0 35 0 0 11 0 39 0 0 0
32 0 0 0 0 24 0 0 0 0 0 0 53 31 0 0 0 0 0 0 0 0 84 7 0 5 0 0 0 0 0 0 0 0 58 0 0 0 0 0 0 50 0 0 0 0 27 14 0 0 0 0 72 30 0 0 0 0 0 0 0 39 0 0 0 0 0 0 94 0 0 0 0 0 0 43 0 0 0 0 76 13 68 23 0 0 0 0 0 0 75 0 0 2 0 0 0 0 53 0
20 0 0 0 0 0 0 0 0 0 0 1 0 0 7 0 62 0 0 0 0 0 93 91 0 100 0 0 23 0 0 0 27 0 0 14 0 33 0 0 0 0 19 0 0 0 0 0 0 0 0 0 0 86 0 0 0 0 99 0 0 0 0 0 0 0 47 30 0 0 0 27 0 0 0 44 0 0 16 24 60 0 0 0 0 0 0 0 0 0 0 0 0 0 0 0 0 0 0 0
19 46 0 0 26 0 60 19 0 0 78 0 39 0 0 0 0 0 100 0 0 80 0 0 13 0 0 10 0 0 0 72 0 0 0 0 0 0 0 0 0 0 0 0 0 0 23 0 0 28 0 0 0 0 89 0 77 74 0 0 0 76 52 0 0 0 0 0 0 0 95 48 0 0 0 8 20 0 0 0 0 0 0 0 0 0 0 0 0 0 0 0 0 28 0 0 0 0 66 80
4 0 0 0 0 0 0 1 0 0 47 0 0 0 0 56 85 0 99 0 71 0 71 0 0 0 7 0 0 0 93 0 0 0 0 0 0 0 0 0 61 29 86 0 0 0 0 0 35 17 0 0 0 0 0 0 0 9 0 0 0 0 42 60 0 0 48 0 0 0 0 81 0 0 0 0 0 0 0 0 0 79 6 0 0 51 3 12 0 0 0 0 30 0 33 0 70 0 61 0
0 0 57 0 0 100 0 0 0 62 3 0 0 0 0 0 0 0 0 0 0 82 0 14 0 0 0 0 17 0 0 0 0 0 53 79 0 72 0 0 0 0 0 0 0 0 83 0 4 84 7 21 0 0 0 65 83 0 0 0 0 0 55 0 94 0 0 0 0 0 0 0 0 34 0 0 0 0 0 0 0 30 0 0 50 0 0 0 0 76 0 0 0 0 0 0 21 0 50 72
24 0 0 13 75 65 0 0 0 0 0 0 0 0 20 0 0 0 0 0 0 16 0 0 0 0 0 73 31 0 53 0 0 0 75 0 0 0 67 0 0 36 0 0 0 0 0 0 0 47 75 50 99 0 0 0 0 0 0 0 22 0 92 27 92 0 0 0 0 0 78 0 97 0 0 0 64 0 0 0 0 0 96 0 0 52 67 0 0 0 97 0 0 0 0 0 0 12 0 22
0 0 36 0 0 0 0 0 54 0 0 55 0 0 0 43 0 0 0 0 0 0 0 0 0 10 0 0 0 78 0 0 0 0 0 0 0 0 0 0 0 0 20 0 0 5 0 0 0 0 0 0 0 0 0 0 0 100 0 65 0 0 0 16 0 0 49 0 0 97 0 0 0 0 0 99 0 0 62 45 0 0 0 0 0 0 0 0 0 0 0 0 0 96 36 0 0 38 0 95
0 0 0 0 22 0 0 68 43 0 0 0 0 46 0 0 0 15 0 42 0 58 0 0 0 0 61 0 0 0 80 75 0 0 0 0 0 0 0 0 0 8 0 0 0 0 0 0 0 22 0 0 0 0 0 0 0 0 16 0 10 0 0 0 0 24 0 0 99 0 0 0 0 24 0 96 80 0 0 0 0 90 0 0 0 0 0 0 24 0 0 23 0 0 40 0 0 0 86 60
0 0 100 0 33 0 0 0 0 0 98 0 0 0 0 38 0 0 0 68 0 0 0 0 96 0 0 0 51 0 0 0 0 0 0 0 26 2 33 0 0 0 0 0 0 0 92 0 47 0 0 0 0 0 0 33 0 0 80 0 18 0 13 0 0 0 0 0 9 0 0 99 0 0 86 50 0 26 0 0 82 0 0 0 0 0 0 0 53 0 77 0 0 13 0 73 0 0 0 0
0 0 0 0 0 0 0 0 91 0 31 0 0 0 0 0 0 0 0 0 0 0 0 0 0 39 90 0 0 0 18 0 0 85 0 0 0 87 0 0 0 0 0 0 60 0 58 99 2 0 0 0 0 0 0 50 0 0 0 1 0 0 0 0 8 0 0 0 27 80 7 0 0 0 0 0 54 0 73 0 0 0 0 37 0 27 0 0 0 0 0 0 0 0 28 0 0 0 70 0
79 0 32 61 0 89 0 0 0 27 0 0 0 0 1 0 0 0 92 0 22 0 0 0 0 29 0 0 0 0 0 0 0 0 0 0 0 0 0 7 60 0 0 0 0 0 0 58 0 0 0 0 0 6 0 0 0 0 0 0 0 58 0 0 0 0 0 0 0 0 0 0 79 0 0 0 0 0 0 0 0 96 0 0 0 20 0 0 83 0 28 0 61 52 0 0 0 52 0 34
0 0 35 0 0 0 0 0 0 0 0 0 0 0 0 0 0 0 0 0 0 0 0 0 0 0 0 0 35 0 2 0 0 0 86 0 0 0 0 0 47 0 76 0 0 0 0 0 0 0 0 0 0 37 52 0 22 71 0 0 0 70 0 0 0 35 0 0 0 0 0 0 0 0 0 0 0 0 0 79 0 0 59 74 0 0 0 0 80 0 11 0 0 0 0 90 0 58 0 0
51 0 0 0 0 0 0 0 0 18 96 26 0 0 0 23 0 0 56 0 0 0 0 0 47 0 0 0 0 0 0 0 0 31 62 75 0 0 23 8 0 0 0 70 0 24 0 90 93 0 0 0 0 8 69 0 0 0 0 0 0 50 0 55 0 0 0 0 0 92 79 0 0 0 0 0 0 0 0 56 0 0 0 80 0 0 0 0 0 0 0 30 0 0 0 0 0 0 46 0
0 57 0 0 0 12 0 0 35 0 0 0 72 0 0 0 0 0 0 0 0 0 0 0 0 0 0 0 0 0 0 0 0 0 0 0 0 0 0 0 0 7 0 3 98 0 0 0 0 44 27 0 0 0 0 0 81 51 74 31 0 0 0 0 0 82 0 0 35 0 0 0 0 0 0 0 0 0 0 0 0 0 0 0 0 13 0 0 0 45 100 0 0 0 81 0 0 0 0 0
49 0 0 0 0 0 0 0 36 0 0 0 0 47 0 0 0 0 0 0 0 62 6 88 0 0 0 0 0 0 0 0 0 24 0 0 0 0 0 0 0 0 0 0 0 83 0 80 65 0 0 0 0 0 39 0 0 79 0 97 85 7 0 0 0 28 0 31 0 0 0 0 0 0 0 0 0 18 29 0 0 0 0 32 37 0 20 0 0 23 0 0 0 0 0 0 0 0 0 0
100 0 0 0 18 0 0 0 0 0 0 0 65 44 0 0 0 0 0 0 0 0 0 0 35 0 57 0 0 38 0 0 0 0 0 0 0 0 47 0 0 0 17 0 0 0 0 0 0 0 0 0 0 0 0 0 0 86 92 0 0 36 0 0 0 0 4 85 0 0 0 0 0 0 72 52 0 64 0 0 0 18 0 0 0 0 0 0 0 0 0 0 0 0 0 0 0 0 0 85
0 0 0 0 0 0 0 0 0 0 0 0 0 0 0 0 0 0 0 0 69 47 0 87 0 0 0 0 27 41 0 36 52 0 0 0 0 0 34 23 0 8 60 0 0 0 0 0 0 99 0 0 0 0 0 0 0 0 0 0 0 78 0 0 18 0 0 0 0 58 0 0 0 0 0 0 0 0 30 0 0 88 0 0 0 72 81 0 0 0 0 25 0 0 0 0 0 0 0 0
49 0 83 0 0 7 0 85 0 0 0 0 65 0 30 0 0 0 0 0 30 0 0 0 0 0 0 0 33 0 0 17 0 63 0 0 0 55 0 0 0 0 0 0 0 0 0 59 26 0 0 0 0 0 23 0 0 0 78 0 0 0 0 46 0 0 83 0 0 0 14 0 0 28 0 0 0 0 0 0 0 0 30 0 85 0 0 0 0 0 0 38 0 100 0 0 0 0 0 0
86 8 0 0 0 70 0 0 94 0 0 80 0 0 53 36 0 0 0 0 0 73 0 0 0 0 0 0 33 0 0 0 60 74 0 0 0 0 46 38 0 0 0 0 0 0 0 0 65 0 0 0 18 27 0 29 86 0 0 0 0 0 0 0 0 0 62 0 0 0 0 100 0 0 52 0 0 66 0 34 0 0 0 95 0 40 0 0 0 0 0 34 0 0 0 0 97 32 0 12
0 69 0 0 6 0 72 34 0 0 0 53 0 0 0 0 0 0 0 0 0 0 0 0 0 0 0 0 0 0 7 4 17 86 0 13 0 0 0 66 77 78 0 0 0 0 56 0 18 32 0 0 0 0 46 0 66 0 57 98 0 0 0 0 94 0 0 0 0 0 0 0 0 93 10 0 0 0 0 0 0 0 0 0 0 0 0 89 0 52 0 0 0 0 0 0 0 21 0 0
0 21 20 0 0 0 15 0 0 0 0 0 8 0 0 68 0 90 95 0 0 54 0 0 0 0 0 52 62 0 0 35 0 0 15 0 0 0 0 0 0 64 0 0 0 0 0 0 43 0 0 0 68 0 0 97 0 0 0 0 0 0 0 0 95 72 0 0 0 0 0 0 52 0 0 0 0 0 0 0 0 0 100 0 0 0 100 0 24 59 0 0 69 73 0 0 0 0 0 82
94 27 0 0 0 0 32 0 0 0 0 0 0 0 0 0 58 40 0 0 0 0 0 0 0 27 0 0 0 24 0 0 24 0 0 0 0 0 0 0 0 0 0 0 0 0 0 73 0 0 0 0 0 0 0 61 0 2 88 18 36 0 0 35 0 0 0 0 0 66 0 0 45 0 0 0 0 0 0 0 0 0 0 0 0 0 0 30 0 0 97 0 0 0 0 77 0 0 99 95
0 41 61 0 0 0 5 0 0 0 0 0 0 0 91 65 0 0 31 0 1 22 0 0 0 0 45 0 0 67 0 0 0 0 0 0 0 0 0 18 0 80 10 0 0 69 0 0 0 3 0 0 22 0 60 0 0 0 0 0 0 0 0 0 0 0 0 73 0 0 0 0 0 0 0 0 26 76 0 0 64 0 0 9 0 0 0 0 0 0 26 0 87 0 0 0 0 0 0 0
0 0 0 0 0 0 0 35 17 0 0 0 19 57 28 0 0 77 0 0 2 0 0 0 0 0 0 88 0 0 0 0 0 0 0 0 0 0 0 0 0 0 0 0 0 0 0 0 0 0 0 66 0 36 0 98 0 0 0 27 27 54 50 92 0 74 0 66 0 0 0 0 0 49 0 0 0 31 0 0 0 0 0 12 0 0 0 0 0 0 4 0 0 0 0 0 0 0 0 0
57 31 0 83 0 0 0 0 0 74 0 12 0 0 0 0 35 0 0 0 0 0 70 0 0 0 69 23 0 0 76 0 0 84 0 0 0 0 0 0 0 0 0 0 69 0 0 4 0 0 0 66 0 37 0 0 0 39 10 0 0 0 48 0 0 0 73 8 0 55 0 74 0 0 0 0 0 41 0 0 0 0 0 0 0 0 0 0 0 0 0 0 57 99 0 25 0 0 86 0
0 0 72 0 0 0 0 0 0 21 0 0 0 0 0 58 49 0 0 0 0 89 92 0 77 94 0 0 0 0 23 0 0 0 52 0 0 0 38 0 73 0 0 0 0 0 91 95 0 0 0 0 23 0 0 27 9 0 0 0 47 0 0 0 10 0 0 0 77 33 0 0 0 54 67 0 0 64 0 91 0 91 0 72 0 95 0 0 0 0 0 0 0 3 0 0 0 12 0 60
0 0 0 0 0 8 0 0 31 53 0 0 0 0 0 0 0 0 0 0 8 0 0 0 0 0 83 0 0 60 0 31 0 0 0 78 0 0 100 0 0 16 0 0 0 25 0 0 49 0 0 0 0 0 89 18 0 86 99 0 0 0 100 49 0 0 0 0 0 72 0 0 0 91 0 0 0 0 47 79 0 0 0 0 25 0 0 0 22 0 27 0 0 0 0 0 0 0 0 0
0 0 0 0 0 0 0 0 0 0 0 0 0 0 0 0 0 59 0 14 0 0 0 0 0 0 0 0 61 96 14 0 0 0 0 35 89 0 0 0 51 0 0 0 0 0 0 0 12 0 0 0 0 0 0 0 0 98 0 0 95 64 0 0 0 0 0 47 0 0 0 0 77 0 20 0 0 37 0 0 0 0 0 0 86 0 46 0 50 39 54 0 81 29 0 0 64 41 0 0
10 7 0 47 0 0 0 0 0 14 61 0 0 71 100 0 0 0 0 0 57 0 83 0 34 66 0 59 0 0 0 25 0 0 0 0 0 0 0 0 0 0 0 0 95 0 0 0 0 0 0 0 100 0 0 0 0 54 0 0 0 0 0 0 63 0 0 32 0 0 76 0 0 0 0 0 0 0 0 0 0 0 0 0 7 0 0 83 0 0 0 0 0 0 0 0 0 56 0 0
0 0 0 11 0 0 80 0 86 0 0 0 49 92 0 0 0 23 0 0 0 0 0 0 75 0 77 0 0 0 0 0 0 78 0 0 0 0 0 0 0 0 0 0 38 0 0 0 41 40 0 0 0 0 30 0 0 0 0 0 25 0 13 0 0 0 77 0 17 100 17 0 0 0 0 57 16 0 0 17 0 0 0 21 71 0 0 64 0 0 0 0 91 0 0 93 0 49 0 0
0 0 0 0 0 0 0 0 32 0 26 0 0 0 0 70 0 0 0 25 14 46 0 0 37 0 0 0 46 0 0 0 0 0 0 0 0 0 0 0 0 0 0 0 0 0 0 0 0 0 0 0 0 0 0 0 0 0 0 86 0 30 0 11 0 0 0 0 0 0 84 0 18 0 80 0 0 0 0 0 0 45 0 0 0 0 0 0 61 0 0 0 0 0 0 0 0 0 0 0
0 0 0 26 0 0 56 0 41 0 0 0 0 0 0 0 0 0 0 0 0 0 0 0 0 0 0 0 0 0 0 0 0 0 0 93 0 53 93 46 82 0 0 0 0 0 0 0 0 0 0 87 0 0 26 0 40 0 0 0 0 37 0 11 0 6 4 0 0 44 31 0 0 0 0 0 31 0 0 59 0 0 0 0 0 0 0 0 0 92 0 0 3 0 0 0 0 0 0 0
69 4 0 83 0 0 0 0 0 0 98 0 0 0 0 81 0 0 0 46 0 0 0 0 0 0 0 0 0 0 0 17 0 0 0 0 0 2 0 0 56 0 0 0 0 65 0 0 0 22 0 66 82 0 0 49 0 0 0 45 39 0 0 0 0 0 0 81 0 0 0 0 0 0 0 31 0 0 0 0 59 0 0 0 0 0 0 0 0 0 0 0 0 0 0 0 0 0 51 34
0 0 0 0 0 0 9 0 0 0 0 0 0 0 0 21 0 5 0 0 0 0 0 0 0 0 0 0 86 0 3 0 0 0 0 76 0 0 0 0 0 5 4 0 0 0 0 0 0 0 0 0 0 0 0 61 85 59 0 0 84 0 0 0 0 0 0 0 0 73 0 0 0 0 0 0 0 0 0 23 0 78 10 20 0 0 54 28 0 0 0 0 0 17 0 0 0 69 54 0
0 0 0 0 0 0 24 0 0 0 0 0 0 32 0 80 15 0 2 66 0 35 0 67 0 0 45 0 0 0 0 0 0 0 100 0 0 0 0 0 0 0 23 0 0 88 62 0 0 0 0 0 0 0 0 0 0 0 0 0 0 0 0 0 0 0 49 0 0 8 0 0 0 26 0 24 0 0 0 0 0 0 43 80 0 0 0 0 97 9 0 74 77 0 0 0 0 0 61 95
35 0 1 0 0 0 0 0 0 0 0 0 89 0 0 0 0 0 0 54 97 0 0 0 0 0 0 0 7 0 0 0 0 0 0 0 0 0 64 32 12 0 0 0 5 0 0 0 91 0 0 0 77 0 0 0 0 18 0 3 0 0 68 0 0 0 0 72 0 0 0 0 0 0 0 59 0 0 0 0 0 0 10 0 0 52 67 0 0 0 0 74 36 0 0 0 0 39 69 46
0 0 0 0 0 0 81 0 0 0 0 0 0 0 0 0 0 0 0 0 0 61 0 0 54 0 0 0 0 0 65 0 0 0 0 0 0 0 0 0 94 0 0 0 38 0 0 0 0 0 79 0 0 29 0 0 0 0 0 0 0 0 0 0 41 40 0 0 0 0 34 0 83 0 0 7 0 0 0 0 0 0 0 34 0 0 0 0 0 0 0 0 0 0 97 55 0 0 0 0
0 0 0 0 0 0 99 0 45 30 74 0 0 0 95 0 0 0 0 0 90 95 0 0 13 0 0 63 0 49 0 0 0 0 26 0 0 89 0 0 0 15 0 2 0 0 0 0 0 0 4 96 0 0 0 0 0 0 65 0 0 0 0 0 19 0 0 0 0 0 0 0 0 0 0 0 26 0 45 0 0 0 7 56 92 0 0 48 4 0 0 0 0 0 0 0 43 0 0 0
0 100 0 0 11 0 0 0 0 0 0 0 0 0 0 0 23 0 14 4 0 0 0 0 53 25 0 0 87 0 0 2 0 35 0 0 24 0 0 0 0 0 0 0 0 9 0 0 0 0 0 0 42 0 0 64 0 0 15 0 0 0 20 0 0 6 0 0 0 0 0 0 0 85 61 0 0 0 77 43 0 0 0 0 0 0 54 0 49 8 19 75 0 0 0 0 0 0 0 0
0 18 0 0 0 5 0 0 0 15 69 38 0 60 0 0 0 57 0 0 0 1 0 0 0 0 0 0 0 0 0 0 97 0 0 0 0 15 0 43 63 56 66 68 3 0 98 0 0 0 0 0 0 0 0 0 68 0 57 65 0 0 0 0 0 90 0 0 37 0 73 0 0 26 0 39 0 0 0 0 0 0 0 0 0 0 0 1 0 41 0 0 83 0 0 0 0 0 22 0
0 0 0 37 0 52 0 0 0 0 0 0 0 0 92 0 0 0 0 0 0 9 0 0 38 0 0 0 58 0 0 0 0 0 0 0 0 66 0 0 95 0 12 0 0 0 86 0 0 0 0 0 0 0 0 0 45 0 0 60 0 0 0 0 0 0 0 0 0 0 0 0 0 8 0 0 0 0 0 0 24 29 0 0 0 0 0 0 0 0 0 48 87 0 0 0 0 0 76 0
0 0 44 0 0 29 0 12 0 0 0 16 0 96 0 90 0 80 0 0 79 0 0 55 0 0 0 0 0 24 0 0 27 0 0 13 0 0 0 30 0 71 0 0 14 41 86 0 0 79 0 0 0 0 0 0 0 0 0 0 0 0 0 71 73 0 0 17 0 0 0 22 20 0 0 23 0 87 0 0 0 0 0 0 0 81 0 0 0 0 71 0 31 0 0 0 0 0 44 19
0 0 0 0 0 0 0 0 0 0 0 0 0 0 0 0 0 9 15 0 77 0 0 0 0 0 0 51 0 0 0 0 0 0 22 0 0 0 0 0 0 0 77 0 0 0 0 0 0 0 0 0 96 44 0 0 15 0 0 51 0 0 0 50 0 21 0 0 25 0 0 0 0 0 0 0 26 0 0 0 59 74 0 79 0 0 78 0 0 0 36 0 0 0 0 0 0 0 51 33
0 0 0 0 0 100 0 26 0 0 0 3 0 41 34 0 0 0 0 0 5 0 0 0 0 0 0 4 0 0 0 0 0 74 76 0 27 0 0 0 0 0 0 0 0 0 89 0 0 0 98 13 0 0 0 0 0 0 0 0 0 0 0 0 0 0 56 0 0 0 0 0 6 17 45 0 39 0 0 74 63 0 92 49 0 0 0 0 0 0 32 0 0 0 86 76 0 0 85 0
0 0 0 100 0 0 0 0 84 42 0 0 0 0 52 53 0 0 0 0 0 0 0 18 0 66 0 92 0 0 0 0 0 55 0 29 0 0 0 0 0 0 0 21 0 0 0 0 0 78 0 0 0 41 0 0 0 0 0 82 0 0 0 80 0 0 0 0 0 0 92 40 0 0 0 51 0 0 0 0 0 0 0 59 0 0 0 0 37 95 0 0 55 0 0 0 0 0 0 0
0 0 0 0 0 0 80 0 0 0 0 0 0 18 18 0 0 77 0 0 79 0 0 14 0 0 0 68 0 0 0 0 85 0 38 35 40 0 0 0 0 0 10 79 0 0 0 0 15 10 0 0 11 7 50 0 0 0 0 0 0 80 0 0 0 37 0 0 89 27 0 0 0 72 0 0 0 0 0 0 0 72 0 13 0 0 0 85 0 20 26 0 0 0 0 0 0 45 73 49
0 0 0 0 63 44 24 0 0 0 0 0 73 22 0 83 0 0 87 0 0 63 0 0 0 0 0 0 0 0 0 0 0 0 45 0 0 0 0 83 0 0 0 0 0 0 41 0 0 0 0 0 54 0 0 0 0 0 0 0 93 0 11 0 0 0 0 24 0 81 0 0 2 89 0 0 0 0 0 3 0 92 92 0 0 0 0 27 0 99 0 0 0 0 0 0 0 0 0 4
0 0 0 0 0 0 70 0 0 0 63 0 80 0 0 84 32 29 0 0 0 0 0 0 0 0 0 0 0 0 41 48 7 0 0 0 67 0 0 0 0 0 98 3 0 0 45 0 58 83 0 0 90 0 0 0 74 79 50 0 9 0 0 0 0 0 0 0 0 0 0 0 0 0 0 0 0 0 34 0 0 0 44 0 0 0 0 0 35 0 0 0 0 0 0 34 0 0 0 0
0 0 0 39 0 13 0 0 0 0 0 0 0 0 83 0 0 0 6 17 57 43 0 0 0 0 58 0 0 0 0 0 69 0 52 0 0 29 0 0 49 53 61 0 23 0 0 0 34 69 0 88 80 0 0 0 0 0 0 29 0 0 0 76 0 0 0 0 91 0 0 0 0 0 0 37 0 35 0 0 65 97 7 0 0 0 0 0 0 0 0 0 0 0 0 0 0 0 0 0
42 0 0 0 0 0 0 62 0 0 0 0 0 0 0 0 0 0 0 98 0 0 0 0 19 0 89 74 0 0 75 0 0 0 0 0 0 0 81 0 0 25 0 0 0 14 0 29 0 64 0 33 0 0 0 19 0 0 0 0 30 45 0 0 64 0 62 0 0 0 12 69 0 0 54 0 0 40 0 0 0 0 0 0 15 0 0 100 69 0 0 0 0 0 0 0 0 0 0 0
63 0 81 0 0 0 63 0 96 17 0 12 0 37 0 0 0 0 0 0 0 0 0 0 0 0 0 94 0 0 0 0 0 0 0 0 0 0 25 57 0 0 0 0 0 0 0 0 0 0 0 0 0 0 11 0 0 0 0 0 67 67 0 0 100 0 69 61 0 0 0 0 0 18 0 32 0 0 0 0 0 0 0 36 0 0 0 19 0 0 91 96 0 21 0 0 0 0 0 0
0 0 8 0 0 0 0 0 0 78 0 0 0 0 0 0 70 0 0 0 62 0 79 0 0 0 18 0 15 80 64 0 13 9 60 0 0 0 0 0 34 0 0 0 0 19 0 83 19 0 0 0 0 0 0 0 0 47 95 23 0 0 0 0 14 0 0 0 0 0 0 0 0 0 0 0 0 0 57 0 0 8 0 0 0 0 0 47 81 0 0 21 0 40 0 0 0 64 0 0
0 0 0 0 0 0 0 0 19 46 0 48 0 0 0 0 0 0 0 0 0 0 0 30 0 0 0 0 0 0 0 84 16 7 0 54 61 0 0 88 0 0 0 0 0 64 0 0 48 5 0 38 0 0 0 0 0 0 0 98 0 51 0 0 15 0 11 0 0 63 0 0 0 0 6 0 9 26 0 0 0 91 0 34 24 0 66 42 0 0 55 0 0 87 0 86 0 0 0 0
97 0 0 0 0 21 0 0 0 56 46 0 0 0 4 0 1 36 16 0 0 0 0 0 40 73 0 0 75 25 41 0 0 0 0 78 0 0 0 91 0 88 0 49 6 0 0 6 0 0 0 0 0 0 0 0 33 44 19 0 0 56 0 0 99 0 0 28 1 0 96 0 0 0 90 0 0 0 30 0 0 0 0 0 4 0 0 0 0 0 0 0 0 0 67 0 0 0 0 0
0 57 0 56 0 0 48 79 0 0 0 0 0 0 0 70 0 0 1 0 12 95 0 31 0 0 25 0 0 0 0 0 9 0 0 0 0 0 0 0 0 0 0 0 0 0 0 74 0 0 0 0 0 0 0 0 28 54 0 0 0 0 0 34 0 0 0 0 94 0 0 0 0 72 0 0 87 0 0 0 0 0 0 0 0 71 0 0 0 0 0 0 0 0 0 0 0 49 51 0
0 0 0 0 0 0 0 37 0 19 68 0 0 0 0 0 76 0 0 0 0 11 0 0 0 23 0 0 24 0 57 0 0 0 0 0 0 46 0 0 0 0 0 0 0 29 0 97 0 0 0 0 0 0 100 0 0 0 0 0 0 0 0 0 11 0 0 19 0 0 0 0 0 0 0 0 65 0 0 0 0 0 0 0 0 0 0 0 0 0 0 0 0 0 0 0 0 88 0 0
0 0 0 0 55 0 21 0 12 18 0 0 0 0 50 65 99 0 0 0 0 0 0 31 0 0 0 0 0 0 0 0 37 0 0 0 0 0 0 0 4 37 0 0 0 0 0 0 79 16 0 0 0 0 0 81 0 0 0 76 0 0 0 0 0 90 0 0 0 0 0 67 10 43 0 0 0 85 32 0 0 0 0 43 0 0 90 19 42 0 13 0 0 0 0 0 0 94 0 0
0 0 81 54 0 0 44 0 0 0 0 0 0 88 0 0 0 0 14 0 13 0 15 93 30 12 0 67 0 74 0 71 0 53 0 0 0 0 0 0 0 0 86 0 0 61 0 0 0 0 66 0 0 49 0 0 0 0 0 0 0 81 0 0 0 0 0 88 0 3 0 0 0 4 0 0 0 0 0 0 0 0 65 0 0 0 0 76 0 0 49 0 55 0 0 0 0 0 67 0
0 0 82 0 13 0 0 0 0 0 0 0 0 69 84 0 0 0 0 0 0 0 0 0 81 0 49 36 0 0 0 0 0 0 0 0 0 0 0 29 31 3 0 0 0 0 32 0 0 0 0 0 77 0 0 0 0 0 55 0 0 0 0 0 0 0 0 0 0 5 67 94 0 0 0 0 0 0 0 0 0 0 62 0 0 0 0 0 0 0 0 4 53 0 0 0 0 0 0 0
37 68 55 20 100 10 35 0 0 92 0 0 55 36 0 0 21 0 58 0 12 0 0 0 0 0 33 0 0 0 0 0 68 0 0 54 0 0 39 0 0 0 23 49 0 17 0 0 0 22 0 0 0 0 0 0 0 90 0 0 0 0 30 0 0 0 42 56 0 30 0 50 0 0 18 0 62 0 87 74 0 87 39 0 0 53 0 25 0 0 52 0 0 0 0 0 0 0 0 0
0 0 0 0 0 0 6 27 0 0 0 0 0 86 9 0 38 0 0 0 0 78 0 0 0 0 93 0 0 0 18 0 49 55 0 0 0 0 0 0 0 73 93 0 7 0 0 0 0 0 0 0 73 0 0 0 0 87 16 0 35 0 0 0 0 0 0 52 0 34 0 0 27 0 0 0 0 0 0 0 0 65 0 0 27 45 33 48 0 81 62 0 0 58 0 0 35 0 0 0
56 0 0 0 0 12 0 91 50 23 0 0 0 0 0 0 77 56 0 0 0 53 27 0 0 80 0 0 0 0 80 0 0 0 0 0 0 0 0 36 0 0 0 46 78 0 0 0 0 0 0 72 81 0 0 0 0 0 0 0 0 0 0 0 0 28 48 54 0 0 18 0 0 0 8 66 0 0 0 0 0 8 30 0 0 0 0 0 0 0 0 0 0 0 0 0 0 0 0 0
0 0 82 0 0 0 0 0 0 9 0 0 1 0 0 0 81 0 0 0 93 0 0 0 0 66 0 0 0 0 0 0 35 0 0 0 0 0 0 0 61 0 0 0 67 0 0 93 0 0 0 0 77 0 0 0 29 0 0 48 0 37 40 63 0 0 0 0 0 0 0 0 0 0 0 0 0 0 0 18 0 0 90 69 0 0 85 37 0 0 0 0 94 84 0 0 34 0 0 0
0 0 0 0 0 0 0 51 27 56 8 0 89 28 0 0 0 0 91 0 0 89 0 0 72 0 33 0 13 0 0 0 0 0 0 0 38 0 0 0 0 47 19 0 0 0 1 0 46 0 0 0 0 0 0 0 0 50 0 0 0 0 0 49 94 0 0 0 19 69 0 0 50 0 0 0 0 0 0 0 0 0 0 0 41 0 0 0 0 52 52 0 11 0 0 0 0 0 0 94
0 0 0 0 7 74 0 0 0 0 0 0 77 0 19 50 23 71 0 0 50 0 0 0 0 0 0 0 0 0 0 0 69 38 0 0 0 0 68 0 15 0 93 0 4 71 0 7 93 0 0 6 35 3 0 0 0 0 0 0 0 0 78 47 0 0 0 0 0 0 51 0 0 0 0 0 84 0 0 0 76 0 0 0 0 0 0 70 0 0 73 0 0 18 0 31 0 24 0 9
0 99 0 0 0 0 0 0 0 0 0 0 0 0 0 0 0 55 0 0 98 0 0 0 0 52 0 0 0 0 0 0 0 0 0 63 0 28 0 0 83 0 0 78 0 27 0 0 0 0 64 0 57 25 0 0 0 48 0 84 0 13 0 0 0 0 0 0 0 85 49 0 21 0 0 0 63 70 0 0 0 0 0 0 0 0 0 0 0 0 81 0 0 13 0 0 0 0 0 0
0 0 0 0 0 0 0 0 0 0 0 98 55 0 0 0 0 0 0 0 0 0 0 0 16 0 0 0 36 0 0 0 0 0 59 0 0 24 57 0 0 0 0 0 0 0 0 0 68 0 69 0 21 41 0 0 0 66 12 0 46 0 42 0 20 0 0 45 0 89 0 0 0 0 0 0 0 0 98 0 0 0 0 0 0 0 0 0 0 0 0 0 0 0 0 36 0 0 0 0
0 0 0 30 0 71 0 51 0 0 88 98 0 0 22 0 0 0 0 27 0 0 0 0 0 50 0 0 0 93 0 86 0 0 0 0 0 0 0 0 0 49 0 0 5 0 0 87 0 48 0 85 0 0 21 51 0 53 56 0 0 0 17 0 59 0 0 0 12 0 92 28 0 49 53 97 0 0 0 0 0 0 0 0 39 0 0 0 0 0 0 0 0 0 77 87 0 66 0 77
100 47 0 13 0 0 0 0 0 26 0 0 0 0 0 0 53 0 0 0 65 36 0 0 12 0 0 0 14 0 0 0 0 0 0 0 0 0 0 0 0 0 0 0 0 18 0 98 56 0 85 0 0 0 37 0 0 0 0 0 14 0 31 0 67 49 0 0 0 0 41 0 0 0 0 0 0 0 0 0 0 0 0 0 0 0 0 0 0 0 0 0 0 0 62 0 0 0 0 83
0 0 0 12 0 0 95 0 0 0 0 40 0 0 13 0 0 0 0 0 19 24 0 0 0 0 1 0 0 0 0 76 0 0 0 76 0 56 0 0 29 0 12 0 0 0 47 0 0 0 0 0 0 9 0 76 0 0 100 68 12 0 0 92 0 0 0 8 21 34 34 0 0 0 0 0 0 0 0 0 0 0 0 0 0 25 0 0 3 8 0 0 0 0 0 0 0 74 28 0
0 0 0 0 0 0 26 0 0 0 28 0 0 8 58 0 87 0 0 0 0 31 63 0 0 0 0 43 0 0 0 0 0 0 0 0 0 11 0 0 0 0 0 80 0 0 0 0 0 0 0 43 0 0 0 27 59 0 0 0 6 0 0 59 0 0 0 94 0 0 97 77 0 70 0 0 0 65 0 0 0 0 0 0 0 0 58 0 0 0 0 0 0 65 85 0 0 0 0 0
0 0 0 0 19 36 0 0 0 0 0 0 0 0 0 0 0 0 92 0 0 0 0 0 82 0 0 0 77 0 69 0 91 64 20 0 33 0 23 0 0 0 0 0 42 44 0 0 0 15 0 0 0 0 66 9 48 0 24 0 69 0 0 0 98 0 76 0 0 0 0 0 10 55 0 0 0 28 40 0 0 0 0 0 32 79 0 0 0 0 0 0 0 0 71 75 0 0 0 0
0 69 0 0 92 0 0 0 0 0 0 0 0 55 0 0 0 0 0 0 75 0 0 0 0 0 0 0 0 0 0 0 0 0 11 0 0 0 0 0 0 34 35 0 38 96 0 0 0 0 54 97 0 82 0 0 0 0 0 0 96 0 0 0 9 0 0 0 0 0 0 0 0 0 29 0 0 95 0 0 33 0 0 0 0 0 0 0 0 0 0 0 0 0 0 0 38 19 82 0
0 0 0 0 0 0 0 93 0 0 0 0 0 0 0 0 34 39 0 0 0 0 0 0 0 0 19 89 0 83 0 0 64 0 0 0 38 0 0 0 0 0 0 0 0 6 65 0 0 0 0 0 0 0 0 0 16 0 91 0 28 62 0 0 0 0 0 0 0 0 0 0 0 0 0 87 0 0 0 0 0 0 0 0 0 0 0 0 0 0 0 0 0 0 0 0 0 6 0 0
44 14 0 0 0 0 0 0 0 0 20 0 0 0 22 0 0 0 82 29 0 53 0 0 0 0 78 0 19 88 0 85 0 68 0 0 0 10 93 92 24 0 0 0 0 57 69 0 0 0 0 98 64 31 0 0 0 0 0 53 0 0 0 0 75 0 0 0 0 0 78 0 0 0 0 0 0 23 91 0 55 0 0 0 57 1 70 0 0 0 0 0 0 0 0 0 0 86 0 0
0 0 0 98 100 0 0 0 0 0 34 5 0 0 0 0 0 0 0 0 87 52 0 5 0 0 0 0 0 0 0 0 0 0 71 0 0 0 0 60 0 0 70 0 0 0 0 0 0 0 0 0 0 0 0 0 14 0 44 67 0 87 0 90 0 0 0 35 0 0 0 0 0 0 0 0 0 0 0 0 0 64 0 0 0 0 0 0 0 94 0 0 22 0 88 16 0 0 85 0
0 0 84 74 0 0 0 21 0 81 85 88 0 0 0 89 0 90 0 0 0 100 98 0 0 0 0 0 0 14 0 0 50 0 0 0 0 56 33 0 87 0 0 0 92 0 0 10 0 0 53 18 0 0 51 0 0 0 0 39 0 32 49 0 0 0 23 0 0 0 0 0 0 0 94 0 9 0 0 0 0 0 73 18 0 0 0 0 0 0 0 0 0 0 0 0 0 0 0 0
0 0 32 0 0 0 0 0 88 0 59 0 0 24 0 0 0 0 0 0 20 0 22 0 82 0 30 0 40 23 0 0 27 0 66 0 0 95 0 0 0 0 0 0 0 52 0 18 0 0 0 0 0 33 16 0 0 0 44 0 0 43 0 0 0 0 54 0 15 0 0 0 0 60 0 0 99 0 0 0 0 0 0 0 36 0 0 0 0 0 86 0 98 0 0 0 30 88 0 0
0 0 0 0 0 60 0 15 0 0 0 0 26 0 0 0 94 51 0 9 0 33 0 88 35 0 59 28 0 0 0 0 0 21 0 0 0 0 0 53 0 0 0 83 0 0 94 17 0 65 0 0 0 0 0 36 0 0 68 0 0 6 74 0 0 47 0 0 0 0 0 25 16 0 63 30 64 94 0 0 0 34 0 0 0 0 0 0 0 0 0 59 48 0 88 0 0 0 0 0
0 69 0 51 5 0 0 0 40 0 0 0 0 26 0 0 0 0 0 0 0 0 0 0 0 33 0 80 0 0 0 3 50 85 3 0 0 0 33 75 0 0 0 0 0 4 0 99 0 0 7 0 83 0 0 0 0 0 39 91 0 0 0 0 0 0 0 0 0 0 0 0 0 51 0 81 0 0 0 0 0 0 77 87 0 0 0 0 0 95 72 0 0 0 0 7 0 0 0 94
44 44 0 0 0 0 0 0 0 0 73 0 82 0 0 61 0 0 0 0 49 0 0 0 2 0 0 0 0 43 0 0 48 52 34 0 0 0 0 78 0 0 0 52 63 0 0 0 0 0 0 0 16 0 0 38 0 0 0 59 0 0 0 0 0 0 88 0 23 0 0 0 0 0 0 0 21 0 0 0 0 0 52 0 0 0 0 0 71 0 0 23 0 0 0 83 0 0 0 0
0 0 0 0 75 18 16 0 31 0 0 0 0 0 0 0 93 0 0 0 0 0 0 0 0 0 0 0 0 0 87 23 0 0 0 0 0 45 0 0 0 0 0 0 0 30 0 28 0 0 0 0 0 0 0 0 0 0 0 82 23 0 0 0 0 0 0 0 0 0 78 0 0 67 0 0 94 74 0 90 0 0 0 0 0 0 2 0 41 0 74 0 0 0 0 0 0 0 0 0