100
0 0 75 0 0 0 0 0 41 0 0 0 0 0 0 0 0 0 95 3 0 0 12 0 11 0 0 0 0 0 91 0 86 0 0 0 0 0 0 24 0 0 0 0 62 24 0 87 0 0 0 0 0 0 0 0 0 0 0 0 0 0 28 0 0 0 0 0 0 0 0 95 0 0 0 0 0 40 16 0 0 0 0 0 42 0 0 57 0 0 0 95 9 78 0 0 0 0 87 0
0 0 94 0 0 0 0 0 0 0 0 60 0 0 0 0 0 0 0 0 0 0 0 14 0 36 0 0 0 0 0 0 92 0 0 0 0 0 0 0 0 0 0 67 70 0 0 0 0 0 0 0 0 0 0 62 38 0 30 22 0 0 0 0 0 0 0 0 0 15 0 10 0 98 0 0 0 46 0 0 0 0 0 0 0 0 0 0 18 0 0 63 66 0 0 0 35 0 0 0
0 12 0 0 0 0 0 0 0 0 0 0 34 0 0 0 17 72 0 0 0 0 37 0 0 0 0 96 0 63 0 35 0 0 0 0 93 0 0 0 14 0 51 92 64 0 0 0 0 0 0 0 69 0 0 0 0 0 52 91 0 0 68 0 0 20 0 0 18 0 0 0 0 99 54 0 0 0 0 0 0 0 0 0 57 0 23 0 0 0 15 0 0 0 0 0 0 0 0 0
17 0 0 0 0 41 80 0 0 51 0 0 0 0 0 0 0 0 0 0 0 0 0 0 0 40 46 0 0 0 0 0 0 0 0 0 0 0 0 0 0 37 53 0 0 0 0 45 0 0 76 92 0 84 0 52 0 0 0 76 0 0 0 0 0 0 0 0 0 0 0 0 0 0 0 61 0 0 0 0 0 15 0 0 81 0 0 0 0 93 0 0 0 0 0 0 0 0 64 0
0 18 0 0 0 0 0 0 70 84 0 0 35 0 0 0 0 48 0 0 0 90 0 0 94 0 0 90 0 0 0 84 0 46 0 0 76 0 0 0 0 0 0 44 0 63 0 40 0 0 89 0 0 42 41 0 0 0 0 0 71 0 80 73 0 0 0 0 0 0 0 71 0 0 0 0 0 0 88 0 0 44 46 0 0 0 0 0 0 0 0 64 0 0 22 0 51 0 0 0
0 87 0 0 0 0 12 74 0 54 0 0 0 3 25 0 0 0 0 0 0 0 32 84 0 0 0 0 0 9 0 0 0 36 0 0 0 0 0 46 0 56 0 0 0 0 0 0 0 0 0 0 58 0 0 0 0 24 0 0 0 0 0 5 0 0 0 0 0 0 72 0 0 92 0 0 80 0 0 2 72 0 83 7 0 0 0 0 0 79 0 0 0 0 0 0 0 95 0 0
90 0 0 14 0 0 0 0 0 0 0 0 0 0 0 0 99 0 0 0 0 59 0 0 0 0 3 83 5 0 0 0 0 0 0 0 0 0 37 10 85 0 0 0 56 0 0 0 0 0 0 80 95 78 0 0 0 0 0 0 22 0 54 80 55 0 36 0 0 0 0 0 0 0 67 46 0 0 18 0 57 0 91 0 0 0 0 0 0 44 0 0 97 0 0 0 0 0 0 58
0 81 0 0 90 0 0 0 0 0 0 0 65 0 0 43 0 0 0 22 0 0 0 50 0 68 72 0 0 0 0 0 0 0 0 0 0 0 0 86 0 54 0 0 0 0 8 0 0 1 0 0 0 46 72 0 0 0 0 0 19 0 0 31 0 47 0 0 0 0 98 18 0 0 0 93 41 0 45 1 0 82 0 0 0 0 63 83 0 0 0 0 0 0 0 0 29 0 0 0
99 0 0 0 68 0 35 73 0 0 0 0 27 0 0 2 0 89 89 18 0 0 0 83 0 0 0 72 63 0 26 0 0 0 0 0 0 47 0 30 0 52 0 19 0 0 2 63 0 0 0 0 0 0 0 0 0 0 21 96 0 0 0 0 49 90 0 46 0 1 0 0 0 20 0 0 0 90 0 0 70 0 0 0 0 0 0 38 64 0 71 0 0 78 0 0 0 0 0 94
0 0 0 0 29 0 0 0 62 0 0 0 64 14 0 0 0 30 0 99 63 0 0 0 0 0 0 31 0 0 0 6 0 0 0 66 0 0 0 0 16 0 64 0 0 0 0 0 0 84 0 0 5 0 0 0 0 0 0 0 0 0 0 0 0 0 0 0 69 0 0 0 42 0 0 41 0 39 0 0 0 92 0 69 40 0 0 0 95 0 54 0 0 0 0 16 32 86 22 0
0 0 0 0 0 0 0 75 72 0 0 0 91 0 0 21 0 25 0 0 0 0 0 0 10 0 0 25 1 0 90 0 24 4 49 4 0 0 0 74 0 31 44 0 0 0 0 0 0 0 0 10 0 0 0 0 0 0 0 0 0 96 80 0 62 0 79 0 0 0 25 26 0 0 0 45 0 0 0 0 0 6 50 0 0 0 0 0 0 0 61 0 0 0 0 0 0 0 0 0
0 0 9 0 0 0 0 0 0 0 0 0 0 58 0 0 0 0 0 0 0 0 0 0 0 0 0 0 0 14 0 21 0 0 0 0 4 0 0 0 0 26 0 38 0 37 0 0 0 0 87 0 0 0 0 0 0 0 0 0 0 0 0 68 0 0 0 0 0 0 25 10 76 98 51 0 0 0 0 0 0 0 0 68 0 0 0 0 0 0 0 64 0 0 60 0 0 0 44 0
0 0 0 0 0 99 0 13 0 0 0 96 0 0 0 91 0 0 77 17 0 0 0 0 0 0 0 0 0 0 0 0 0 0 0 0 96 0 0 0 0 0 0 77 0 42 0 7 0 0 0 45 0 67 0 0 0 0 0 0 0 0 0 17 0 0 0 0 0 0 0 0 0 7 0 0 0 0 0 0 0 0 0 90 0 0 0 0 0 0 0 0 0 0 0 90 48 10 0 0
65 36 0 64 0 91 0 0 77 0 69 0 0 0 0 0 47 0 0 0 72 0 0 0 14 0 0 0 0 44 0 0 74 0 0 11 0 0 71 0 64 0 0 0 13 0 0 0 0 0 0 0 0 24 0 0 0 0 0 13 21 0 0 0 10 0 0 8 0 0 0 0 0 61 0 39 25 36 59 0 0 2 0 0 0 0 0 0 0 66 58 0 31 0 0 0 85 46 0 68
0 0 74 0 0 0 0 0 0 0 0 2 61 0 0 0 0 0 0 0 0 0 66 0 0 0 0 0 0 0 44 85 0 44 0 0 0 0 0 0 0 0 0 0 34 0 0 0 0 0 0 0 0 0 0 0 0 0 0 0 0 0 0 0 0 0 0 0 0 19 0 0 0 0 0 86 0 0 0 0 0 0 0 0 0 85 0 0 0 0 0 0 0 0 0 0 0 0 0 34
0 0 0 0 0 10 100 0 23 0 0 0 0 0 0 0 88 78 79 0 0 0 0 0 0 97 0 0 32 0 72 0 0 0 0 94 13 37 0 0 0 0 0 55 83 0 0 0 0 0 0 0 0 0 0 0 38 0 0 0 57 0 0 91 34 0 12 0 0 0 27 0 0 42 64 0 50 42 0 0 81 0 0 29 0 0 0 59 30 55 0 0 0 80 0 0 0 0 3 0
0 0 85 83 0 8 0 50 0 31 35 0 11 0 0 0 0 15 0 0 31 96 0 0 0 99 0 0 0 0 0 37 0 0 0 5 0 0 0 0 59 0 0 72 0 0 0 78 0 0 51 0 0 0 0 0 0 0 89 0 69 0 0 0 0 0 60 0 95 0 0 56 0 0 13 0 0 0 0 0 0 0 0 0 0 0 0 0 0 0 65 72 0 62 63 0 56 0 0 0
0 0 0 0 0 0 0 0 0 0 0 0 28 0 0 0 0 0 22 0 0 0 0 10 0 0 0 0 0 0 49 79 31 0 0 0 0 15 0 0 0 5 0 69 10 0 0 0 46 0 0 0 0 0 0 16 0 0 0 0 0 0 0 43 0 0 68 0 0 0 0 0 0 56 0 0 0 0 0 0 0 0 0 0 0 75 0 0 59 87 41 98 0 0 0 0 0 0 22 0
0 0 0 9 0 0 0 0 0 0 78 0 0 0 15 0 0 0 0 12 67 0 0 37 0 0 57 85 47 0 0 0 0 0 0 0 19 0 0 0 0 0 0 0 0 0 0 0 0 97 63 0 0 0 0 0 40 0 77 0 0 0 0 0 47 64 16 0 0 0 0 0 0 0 26 89 0 52 0 0 0 0 0 0 0 0 67 0 15 99 0 0 0 98 86 15 0 0 0 0
0 0 0 10 0 71 0 0 80 42 0 33 7 0 0 0 0 0 0 0 74 7 0 0 0 0 0 0 0 75 0 46 16 0 0 0 0 70 0 0 0 0 0 0 0 0 54 62 0 0 0 79 54 0 0 52 0 0 90 0 16 0 0 0 0 0 0 0 0 11 0 0 0 0 0 0 0 0 2 0 0 0 0 49 0 52 0 0 0 0 0 0 0 0 0 0 0 0 0 0
0 58 9 0 0 0 44 0 0 0 0 79 0 0 0 0 0 0 0 0 0 11 0 0 0 0 0 0 54 8 0 0 0 0 0 19 93 4 0 0 0 0 0 70 0 0 0 0 70 0 0 63 62 0 0 0 0 0 0 0 0 0 0 0 0 84 0 0 0 0 31 0 0 0 0 0 0 0 0 53 0 0 0 0 0 0 0 0 38 0 0 0 20 95 76 0 78 0 94 0
39 0 0 0 8 54 0 0 0 0 0 71 0 0 43 0 0 0 0 0 0 0 0 0 0 0 0 82 0 0 19 13 47 0 0 0 0 94 0 0 95 0 0 0 80 100 0 0 0 0 0 0 0 0 54 32 14 0 8 0 0 0 0 0 0 0 61 3 0 0 0 63 0 0 0 0 0 0 0 0 0 0 0 0 0 0 0 0 59 61 0 0 0 0 0 0 0 0 0 0
0 46 0 0 0 72 0 54 95 0 98 0 0 0 0 0 0 0 0 72 0 0 0 0 0 0 98 0 0 0 0 0 0 0 0 0 0 0 0 78 0 0 63 95 0 95 0 0 84 0 0 83 0 0 78 0 0 0 0 0 0 0 94 32 0 0 0 8 0 0 5 0 0 0 0 0 0 77 0 0 46 52 0 0 0 0 0 0 0 0 0 0 95 0 0 0 0 91 0 0
0 0 0 0 0 0 0 95 47 36 0 0 0 29 31 0 0 0 0 68 0 0 0 0 0 0 0 13 49 0 0 29 0 11 0 76 0 0 7 0 0 0 0 0 0 0 8 0 0 0 73 0 0 2 0 4 0 0 52 46 0 0 0 72 0 0 0 96 0 33 0 92 0 0 0 0 0 0 0 0 0 0 0 0 0 54 0 14 0 0 0 0 0 0 0 0 0 15 0 0
0 0 0 0 0 0 0 90 0 94 0 0 0 48 0 0 0 0 0 10 92 0 0 61 0 75 0 0 0 0 0 52 0 0 0 85 0 0 0 0 0 32 0 0 0 26 0 0 37 0 0 0 24 0 0 85 64 0 0 71 0 0 0 75 85 58 0 0 0 0 0 84 37 0 0 0 0 33 90 0 45 0 0 69 0 83 0 0 0 0 69 0 0 59 0 0 8 0 21 0
0 21 0 69 0 0 0 0 0 0 0 0 0 41 0 0 0 0 0 0 0 0 74 0 57 0 0 0 0 0 0 0 0 0 77 0 0 0 14 0 32 0 72 22 0 0 7 0 0 0 0 18 0 0 79 0 0 0 74 50 0 0 0 0 0 0 0 0 52 0 0 0 95 0 0 0 0 0 0 0 32 72 0 0 0 0 0 0 0 0 99 0 39 47 74 0 0 0 98 0
0 0 0 0 0 0 0 0 9 50 0 0 96 0 36 19 0 41 0 0 98 0 0 2 0 0 0 0 87 0 0 0 84 0 0 14 0 0 0 0 0 0 0 0 59 0 31 0 0 0 0 0 0 0 75 0 95 0 0 48 0 0 0 0 30 0 0 0 0 91 0 0 0 19 0 11 18 0 0 0 0 0 0 0 0 0 0 80 80 0 0 0 0 0 0 0 0 73 0 0
0 51 0 0 0 0 0 56 0 0 0 0 0 36 0 0 0 43 38 0 0 43 0 0 16 0 0 0 0 0 0 0 0 0 0 0 0 0 0 0 0 0 0 83 0 0 100 0 0 0 42 0 0 0 0 0 0 0 0 94 0 0 0 24 0 0 0 0 0 0 95 0 0 62 0 0 0 96 85 0 0 0 0 0 0 0 0 0 0 0 0 0 29 0 86 0 76 0 0 92
0 0 0 0 0 5 0 0 0 54 75 0 0 9 0 0 0 0 0 0 0 71 47 38 0 52 68 34 0 0 0 0 0 0 0 50 0 0 0 0 92 24 84 0 0 81 0 53 0 0 0 41 0 0 0 77 68 79 0 0 0 0 16 0 46 2 94 0 0 0 46 0 0 0 0 0 0 0 0 0 50 0 16 0 56 0 0 0 10 0 0 0 0 0 0 0 0 80 62 73
0 0 82 54 26 32 0 31 0 0 0 0 18 0 0 0 75 0 0 47 0 0 27 0 0 0 2 0 0 0 84 0 94 0 0 0 50 0 42 2 45 25 0 0 0 0 0 2 0 0 0 0 0 0 0 0 0 0 0 0 0 0 0 59 0 0 0 27 0 0 0 8 0 0 4 82 0 48 0 27 32 0 0 61 0 0 0 75 0 0 0 0 27 0 0 0 0 38 0 0
0 37 0 0 11 0 0 0 0 0 0 0 0 0 0 0 0 69 0 0 0 0 0 0 0 0 0 0 0 0 0 0 32 0 87 0 0 0 0 0 0 0 0 0 0 73 77 0 1 0 0 78 87 93 0 0 0 0 0 0 71 0 0 0 58 0 0 0 0 49 0 91 0 0 0 0 0 0 0 0 0 0 53 0 0 0 0 41 79 0 0 0 0 0 0 0 0 0 0 0
0 0 37 0 0 74 3 30 55 0 91 0 58 27 0 79 0 0 0 0 30 0 0 0 0 0 0 0 87 0 0 0 0 0 0 0 0 0 0 0 64 61 0 0 0 0 0 0 68 0 23 0 0 0 0 0 9 0 7 0 0 24 0 0 54 0 0 0 0 0 65 0 0 0 0 0 0 0 73 0 89 0 0 0 0 0 88 0 0 0 9 0 99 0 0 0 0 0 91 95
0 0 60 0 0 0 0 0 0 0 0 0 0 59 0 0 0 12 0 0 0 0 0 0 0 0 74 0 0 0 0 0 0 0 64 0 0 0 0 0 2 0 21 0 0 32 0 60 0 0 44 0 0 0 0 95 0 0 62 70 0 0 0 0 0 92 0 0 0 84 0 0 0 0 8 0 0 0 0 16 0 0 0 64 0 0 0 0 27 0 0 0 18 0 0 0 0 0 0 0
83 66 0 0 0 35 0 0 0 0 57 0 0 0 0 0 0 0 0 0 0 6 0 41 41 0 50 0 97 0 88 0 81 0 0 0 35 0 0 0 60 0 0 0 56 94 0 0 0 10 0 0 0 99 0 39 98 84 0 0 99 0 58 0 78 66 0 12 0 0 27 0 82 0 0 0 0 0 23 17 0 0 0 84 0 24 0 0 0 0 0 0 0 81 51 0 0 0 13 0
0 0 0 62 32 0 0 0 0 0 0 0 0 0 91 0 0 0 0 0 0 0 0 0 80 0 22 0 0 49 0 58 0 0 0 0 0 0 0 0 0 65 0 0 0 0 0 0 0 0 5 0 3 0 0 0 23 98 10 0 0 0 4 0 0 0 0 0 0 23 0 0 33 46 0 0 88 0 0 0 55 0 0 0 83 0 91 0 78 0 37 58 0 0 0 0 0 0 0 0
0 0 81 0 0 65 0 0 0 0 0 0 0 0 0 0 0 0 0 0 97 0 0 95 0 0 0 0 60 0 0 0 2 0 0 0 0 2 0 84 0 0 0 0 7 0 54 0 0 12 0 0 0 0 94 6 0 0 0 0 34 0 0 15 0 0 0 0 0 0 0 0 0 0 17 67 0 27 0 11 3 0 0 70 0 0 0 0 0 0 0 0 19 0 0 0 0 82 0 20
0 0 75 88 0 0 0 5 22 0 0 0 47 0 0 0 0 68 0 0 71 4 0 0 0 45 55 0 0 4 0 0 0 0 0 0 0 0 0 0 0 0 0 0 0 0 0 0 0 0 0 0 0 71 0 0 80 0 92 0 17 0 0 0 0 0 61 0 0 0 12 0 69 0 0 0 0 0 0 0 0 0 0 0 0 0 52 0 0 0 88 53 97 19 53 0 14 44 55 13
18 0 36 0 0 0 0 58 0 49 0 0 0 0 50 69 0 0 0 0 0 39 0 0 0 0 0 29 8 0 0 0 0 0 0 0 0 0 0 0 0 0 0 74 0 0 0 81 0 0 0 0 70 0 0 4 0 0 0 0 0 0 0 0 0 95 0 0 0 48 69 0 0 68 0 0 63 0 0 0 0 0 0 16 0 0 0 19 0 0 0 0 0 0 66 0 97 0 0 0
0 0 100 0 0 0 0 73 0 0 0 50 0 0 0 0 16 0 0 0 18 49 0 38 0 0 2 0 50 0 27 0 0 0 0 0 100 0 0 0 0 0 0 0 0 0 94 0 11 0 0 0 0 0 0 0 0 0 0 0 34 0 0 0 0 0 0 0 0 0 0 56 0 0 0 0 67 0 0 72 0 20 0 38 0 0 4 0 0 0 82 90 0 0 0 13 0 0 0 0
0 0 0 0 0 0 0 70 0 0 0 0 0 0 66 20 0 0 0 70 0 61 0 0 0 0 0 0 0 0 0 0 0 0 0 0 0 33 0 0 0 22 0 0 19 7 47 25 0 0 73 97 58 0 77 99 0 0 0 25 0 0 0 0 0 0 0 0 79 0 0 85 0 0 0 33 0 0 16 77 0 0 58 0 100 0 0 0 0 0 0 1 0 18 0 0 0 0 0 0
8 0 0 0 49 0 0 0 0 0 82 78 0 0 27 0 0 0 11 40 0 0 0 0 0 0 0 0 93 0 0 55 0 0 0 0 73 54 0 81 0 5 0 0 0 0 0 0 0 31 0 0 0 46 28 0 0 0 76 0 0 0 0 0 0 0 74 0 0 29 15 55 0 0 0 0 0 65 0 0 49 56 0 0 51 0 0 0 0 0 0 0 0 0 0 0 0 56 0 0
0 91 0 0 33 0 0 0 0 0 0 0 0 0 0 0 0 60 0 0 0 0 0 0 0 0 37 0 0 0 0 0 0 38 49 0 0 0 0 0 0 0 0 0 0 92 0 17 0 20 0 72 0 0 0 0 0 0 0 0 91 0 0 0 0 58 92 65 0 84 0 0 55 0 41 0 0 89 0 0 0 0 0 0 83 0 0 0 0 0 84 0 0 0 0 0 0 22 0 0
0 0 22 0 95 0 78 0 0 0 0 10 0 11 0 0 0 0 0 0 0 0 0 61 0 49 0 0 0 0 0 36 0 0 0 0 0 0 0 26 78 0 0 0 15 0 0 55 0 34 0 1 0 94 0 0 0 96 4 0 50 0 0 0 0 0 84 0 0 0 0 0 33 0 0 0 0 0 0 0 0 0 0 0 0 0 0 0 0 0 0 0 0 69 96 81 0 0 0 0
30 0 0 0 0 0 33 0 0 0 49 48 93 0 0 0 0 0 10 0 0 94 0 0 0 0 0 1 0 0 0 0 0 0 67 23 0 0 0 32 0 0 0 0 0 0 0 0 0 79 0 0 0 0 93 0 0 0 20 0 0 0 0 0 0 81 0 35 0 0 71 0 56 0 0 0 0 0 0 0 0 42 0 87 0 0 0 0 0 0 0 0 35 0 0 0 0 0 0 81
0 0 0 0 0 91 0 0 0 0 88 0 75 0 17 0 0 0 41 0 0 0 12 0 0 0 0 0 0 0 0 0 0 0 0 33 0 0 0 0 0 0 0 94 0 0 0 4 42 0 0 0 0 0 0 13 0 0 0 90 0 0 0 38 0 24 0 40 0 3 0 0 0 0 0 91 0 54 0 0 0 0 0 0 0 0 0 0 0 0 49 0 1 0 7 41 39 0 0 0
0 72 41 0 65 0 4 0 0 0 0 0 42 0 0 0 0 0 0 0 0 3 78 0 0 0 0 92 0 0 0 27 0 0 0 0 0 48 0 0 0 0 12 0 0 0 0 0 0 0 49 0 0 0 0 0 0 78 72 0 0 23 0 0 75 0 0 0 0 0 0 0 0 0 56 49 0 0 0 27 0 0 0 0 93 0 0 0 0 0 0 0 0 0 0 40 33 40 0 0
35 69 0 59 0 0 0 0 0 56 0 0 36 59 0 0 30 0 0 0 0 0 0 0 100 0 0 0 0 0 0 0 0 0 0 18 0 0 0 0 0 29 0 0 0 0 0 0 0 11 0 0 0 0 0 0 0 0 0 45 0 62 0 0 77 0 0 0 35 60 0 28 84 0 0 97 74 8 0 0 0 0 0 32 31 0 0 5 0 0 60 0 0 0 0 0 0 29 0 84
0 0 0 0 0 0 0 85 0 30 90 0 0 0 0 0 19 0 0 0 0 0 41 0 0 0 0 40 0 0 0 0 0 0 0 0 0 0 0 0 15 0 62 0 0 0 0 0 53 0 0 0 0 37 0 95 0 0 0 0 46 0 0 0 1 0 86 0 0 0 0 0 84 0 24 0 0 0 76 32 0 0 0 0 0 0 0 41 86 2 24 0 77 0 87 0 0 1 0 0
12 0 0 0 100 0 4 0 70 0 0 0 84 0 0 0 0 14 0 0 0 0 31 0 47 85 0 0 0 0 0 31 0 90 0 0 0 0 0 65 77 0 0 0 99 0 0 36 0 0 63 0 0 18 0 0 27 0 0 0 0 0 0 0 0 0 48 0 0 0 9 0 0 0 44 0 0 0 0 0 0 41 0 0 0 0 0 0 57 0 0 0 0 3 0 0 0 0 0 0
68 0 0 0 0 0 0 0 0 8 0 54 0 76 0 0 0 0 0 0 0 11 0 18 0 92 0 0 10 0 0 0 0 68 0 0 0 0 70 0 3 0 0 0 0 70 0 0 0 0 0 22 0 0 0 63 0 0 0 0 0 47 0 0 0 26 0 0 30 45 0 0 0 0 53 67 62 0 0 0 0 0 78 0 0 0 0 0 0 0 0 0 0 38 0 71 0 0 0 0
0 7 0 0 0 0 74 76 0 59 10 0 0 0 0 64 0 0 0 0 0 0 0 0 0 0 0 0 0 0 51 24 30 42 0 0 0 0 0 0 0 0 0 49 0 0 0 0 0 0 0 0 0 0 0 0 0 0 23 0 0 0 8 0 43 0 13 0 0 0 0 0 0 0 0 0 0 86 0 0 0 0 0 0 97 85 0 80 35 83 44 0 0 0 8 37 0 15 0 0
27 42 0 0 0 27 0 0 0 0 0 0 23 9 0 0 0 0 15 0 0 0 0 93 0 69 0 0 0 32 21 0 0 0 0 68 0 0 0 0 0 0 0 0 0 0 0 0 0 0 0 0 0 51 0 83 0 0 63 0 80 0 0 0 53 0 5 0 0 0 29 0 0 0 85 0 96 60 81 17 29 0 0 0 0 0 0 0 0 0 0 81 0 0 0 0 0 50 0 0
0 0 0 0 57 20 0 4 67 0 26 0 0 0 0 0 36 0 0 94 0 91 0 25 0 0 0 0 0 0 25 0 0 0 0 24 0 0 0 0 0 0 0 0 0 0 97 0 93 0 0 77 0 0 0 0 9 0 78 0 0 0 0 0 0 0 0 0 0 59 0 0 37 11 0 0 0 0 52 4 0 32 93 0 0 0 0 0 0 89 0 0 0 0 39 0 17 0 0 0
0 0 89 75 64 39 0 74 0 0 0 0 0 0 0 0 44 0 0 54 0 0 0 0 0 0 0 24 0 0 0 0 4 0 0 0 0 38 0 0 0 0 0 7 0 0 0 0 46 0 0 0 10 0 0 0 0 0 0 0 0 0 0 0 0 0 22 0 19 0 89 0 0 67 0 0 24 0 0 61 0 0 0 0 0 0 71 5 54 0 0 0 0 22 22 0 19 0 0 0
38 0 0 0 0 0 2 78 0 0 0 0 76 0 0 0 0 0 0 0 0 0 10 81 0 0 0 0 0 0 0 0 0 0 0 0 0 0 0 0 45 0 0 85 100 0 0 0 24 0 51 0 0 0 0 0 0 7 0 0 0 99 0 0 29 0 0 0 0 0 0 0 0 0 0 0 0 0 0 0 0 10 0 0 0 0 37 0 0 0 0 0 0 69 0 0 0 0 0 15
24 3 0 0 47 0 65 0 39 0 42 0 9 0 81 72 0 0 0 19 11 40 0 0 0 89 0 0 0 0 0 0 0 0 0 28 0 0 94 52 52 0 0 0 0 0 0 0 0 0 0 0 0 0 0 0 74 0 0 58 0 0 32 0 0 21 0 0 0 0 0 0 0 0 0 0 44 0 32 76 0 4 0 0 0 0 0 0 83 0 0 0 0 0 32 48 27 0 99 4
0 0 75 88 0 0 0 0 0 30 6 0 88 0 0 0 0 0 0 0 0 0 0 0 68 0 0 0 0 0 0 0 0 0 0 6 0 21 0 72 71 0 88 0 0 0 0 93 0 0 0 0 0 0 0 0 0 0 0 0 0 0 0 0 0 0 0 0 0 0 22 28 0 0 0 15 23 67 0 0 74 32 0 0 0 19 0 75 0 0 0 0 23 79 0 0 0 0 0 0
0 0 32 0 93 73 0 0 97 0 0 0 0 0 0 0 64 0 40 7 0 0 39 0 44 0 81 0 0 0 0 0 58 85 75 0 0 0 4 0 0 0 0 0 0 0 7 0 83 0 0 0 0 0 0 0 0 0 25 0 0 0 84 0 52 0 0 0 35 77 0 0 49 0 0 0 0 63 83 0 0 0 0 0 0 0 0 0 0 0 0 0 0 11 0 0 0 0 0 0
96 0 0 0 0 45 0 40 0 14 0 0 46 0 24 53 0 55 98 62 0 0 85 0 0 0 0 5 82 58 48 0 0 74 0 0 0 0 0 0 0 0 35 0 0 21 0 0 0 32 95 0 0 0 0 0 55 0 0 0 0 0 0 0 41 0 0 0 0 0 0 0 0 87 0 0 0 0 64 89 0 19 0 0 0 3 0 0 0 65 35 0 0 0 51 0 0 0 0 0
0 0 67 66 42 0 9 0 0 0 0 0 46 0 0 8 0 0 0 0 26 0 0 0 0 0 93 0 0 0 75 22 96 0 0 0 0 0 0 0 0 0 0 0 0 58 0 0 0 80 0 58 0 0 8 0 0 55 0 0 0 0 0 93 17 0 49 16 11 0 0 65 98 0 0 96 0 17 0 0 0 0 0 0 0 52 0 0 0 0 0 0 0 0 13 0 0 0 0 0
0 74 0 0 0 0 0 0 73 69 0 73 0 0 0 0 0 0 0 0 0 0 0 80 0 0 0 0 14 40 0 0 56 0 0 0 0 0 0 0 0 0 0 0 0 0 0 0 0 0 0 0 0 0 0 64 84 0 0 95 0 9 77 0 0 0 0 0 0 0 89 43 0 0 0 0 0 0 0 0 41 0 0 0 0 0 0 91 0 0 0 0 94 63 0 0 9 92 0 0
0 0 98 0 16 4 0 0 69 0 0 0 0 0 0 0 0 39 0 0 0 0 0 70 16 0 0 0 0 0 0 0 0 0 87 0 20 88 0 0 0 0 0 0 0 0 0 0 45 0 0 0 40 0 0 0 0 60 0 0 80 0 0 23 0 0 87 0 0 0 0 0 0 0 0 77 0 0 70 0 0 0 0 0 0 0 0 0 9 0 0 0 0 0 0 0 0 0 68 0
0 0 0 0 0 0 69 0 0 0 0 65 0 0 0 0 14 0 27 0 0 50 0 0 0 0 0 82 26 97 88 0 0 15 0 0 0 0 0 0 0 0 0 0 0 0 0 0 0 5 20 64 12 0 0 0 0 0 79 0 0 0 0 0 0 0 0 0 89 0 0 0 91 54 0 0 5 67 32 0 0 2 0 0 80 43 0 47 0 82 0 0 0 93 0 0 0 0 0 0
0 5 0 0 0 31 0 25 0 0 0 45 0 0 0 0 0 0 0 0 85 50 0 0 0 0 96 0 9 61 0 96 64 0 0 0 0 77 0 0 0 23 0 0 0 0 0 72 13 0 0 0 0 0 0 0 10 0 0 72 99 0 0 0 0 78 0 0 0 0 0 52 0 0 0 59 35 0 0 0 0 0 91 0 0 52 0 0 0 0 0 29 0 0 0 0 0 97 0 87
0 45 0 0 51 0 25 34 0 0 0 0 95 0 0 0 0 0 0 0 97 87 31 0 0 0 0 0 0 0 0 0 0 12 0 0 3 0 0 0 0 0 0 0 0 0 78 0 90 0 0 0 0 0 0 0 91 0 89 0 0 0 0 0 0 0 9 0 0 0 0 0 0 59 0 0 0 0 0 0 44 37 0 72 0 91 0 0 0 0 0 0 0 0 21 0 0 0 0 0
0 0 0 0 0 0 96 0 0 0 0 0 0 76 0 34 10 51 58 0 0 0 0 0 24 74 0 83 55 0 0 37 0 36 0 0 0 0 0 39 0 0 0 0 0 75 0 0 0 30 0 0 23 0 0 0 0 0 0 0 94 40 0 0 0 0 49 0 6 0 0 0 0 22 0 82 19 0 0 0 0 0 0 0 5 0 0 53 0 0 0 0 0 0 0 0 0 0 0 0
0 0 0 0 0 0 77 0 49 0 0 0 0 10 0 0 0 0 46 0 0 0 0 0 89 0 0 0 100 0 0 0 0 0 0 39 55 0 0 42 0 0 0 76 10 0 0 0 0 0 82 0 0 0 0 0 63 0 0 0 26 0 62 0 21 0 0 0 0 0 0 0 0 0 0 0 0 11 91 0 0 0 0 0 0 0 0 0 0 55 0 0 0 27 0 0 0 0 0 13
0 0 15 0 72 0 0 0 0 0 16 0 0 0 0 0 0 94 86 0 0 0 0 0 0 100 0 0 0 0 0 4 7 0 0 0 0 34 0 35 0 0 0 84 50 0 0 0 22 0 0 0 34 16 61 0 0 0 62 34 0 0 0 0 0 0 0 0 0 78 8 0 0 0 0 0 0 45 0 0 0 0 0 0 0 0 0 0 0 0 0 46 0 0 25 0 0 8 0 66
0 50 0 0 2 0 0 0 0 0 0 0 0 0 0 90 16 0 0 0 16 0 0 0 36 0 0 0 90 0 0 21 0 28 29 0 0 0 0 0 8 0 0 77 0 0 0 0 2 0 0 0 33 0 52 0 78 0 24 0 0 0 0 0 0 65 0 0 0 0 0 0 0 0 0 0 0 0 0 51 0 0 32 0 54 0 0 0 0 73 0 0 59 49 0 33 50 0 29 0
0 4 0 0 33 0 0 22 0 0 0 0 14 15 12 83 12 0 0 0 0 0 90 0 0 0 0 0 0 0 99 0 0 0 0 0 0 0 0 0 86 0 17 0 0 47 0 0 0 0 0 53 57 34 0 0 0 77 83 0 19 3 23 54 0 0 0 22 0 0 12 0 0 0 0 62 0 97 0 0 28 0 0 0 21 0 0 0 0 47 0 0 0 80 88 0 0 43 0 0
94 0 78 0 0 0 0 0 0 9 0 0 0 0 0 0 0 0 62 95 0 0 0 0 0 0 17 25 0 0 80 91 0 0 0 0 0 0 56 0 7 0 0 0 0 0 0 39 0 0 0 0 0 0 0 0 17 0 0 0 25 0 0 0 0 0 0 10 73 21 0 0 0 0 0 0 0 0 0 0 0 73 0 3 0 0 0 0 0 0 0 0 60 0 0 0 0 0 0 0
0 0 0 0 3 0 0 0 0 0 34 0 73 0 0 0 6 0 82 0 0 0 0 0 98 0 0 0 0 0 0 0 78 0 53 48 47 0 5 0 0 0 0 0 0 0 96 54 0 0 84 0 0 0 0 0 0 0 2 0 97 0 0 0 0 0 8 0 0 0 0 0 0 0 0 0 0 0 52 0 0 0 72 0 0 0 94 6 0 0 0 0 0 86 0 0 0 0 0 0
0 49 0 0 0 76 0 32 0 85 0 0 0 0 82 0 0 0 0 14 92 26 94 0 0 8 0 0 39 97 29 0 0 0 0 0 0 0 0 39 0 0 0 0 0 97 25 32 0 0 35 0 26 0 0 0 98 0 0 0 57 0 0 46 0 0 0 89 61 0 0 0 0 0 0 0 0 89 10 0 59 9 0 3 0 92 0 0 0 0 0 40 0 38 36 0 0 0 0 0
0 0 97 0 4 0 30 0 27 71 0 0 0 0 0 28 0 0 78 0 0 20 52 0 0 0 0 0 0 6 19 62 0 0 0 84 75 0 70 39 59 0 0 0 0 0 35 0 53 0 83 0 0 0 0 0 0 0 0 0 0 0 46 0 0 69 5 0 0 0 0 0 0 0 0 0 71 0 0 53 0 0 0 0 0 29 0 33 0 48 0 0 0 90 0 0 0 0 0 0
0 0 0 0 0 47 0 0 0 0 0 0 0 0 0 0 39 0 86 0 0 0 0 0 0 93 0 0 0 0 0 32 38 0 0 0 67 49 0 37 0 62 0 0 0 0 0 0 44 0 0 41 0 0 0 53 0 29 0 0 0 0 0 0 0 0 70 59 0 0 0 0 0 45 0 0 0 0 0 0 72 0 0 65 24 0 82 50 22 0 0 0 36 0 0 0 0 56 48 0
0 0 0 21 0 0 0 58 0 4 0 0 0 0 49 0 72 54 71 84 22 0 0 83 0 82 68 14 0 0 0 0 0 57 12 0 54 0 99 0 0 0 0 85 51 0 0 0 0 22 67 0 0 0 35 20 0 0 0 0 10 89 0 0 0 0 0 0 0 0 68 59 0 0 0 0 0 0 0 0 0 90 48 49 24 0 0 7 0 20 0 35 0 89 0 0 0 0 65 0
0 23 0 0 6 0 0 0 82 0 0 0 92 32 1 16 0 50 0 0 0 30 0 0 17 0 0 0 0 15 95 0 0 0 0 0 3 0 0 54 0 0 0 58 18 0 0 0 0 0 0 0 0 67 0 0 0 0 0 80 0 0 0 0 0 0 0 0 0 50 0 0 0 25 13 0 0 0 0 0 0 0 0 0 0 0 0 0 100 0 0 0 0 0 0 0 0 0 63 0
0 0 0 44 49 80 0 2 72 0 0 0 56 0 0 0 0 0 53 0 0 0 0 0 0 0 0 3 24 59 81 0 0 0 0 0 0 0 0 60 0 0 23 0 0 0 0 0 0 44 83 0 0 17 0 0 0 0 26 0 16 0 46 0 0 0 0 0 0 0 0 0 0 0 0 0 0 0 0 0 85 0 0 0 0 0 22 0 57 0 0 7 0 0 0 0 0 0 0 0
0 0 0 39 0 0 14 38 0 0 55 76 19 0 0 0 0 0 0 36 98 0 0 0 0 0 0 0 0 50 0 0 0 0 0 35 0 18 0 0 0 0 0 0 7 0 0 0 0 0 0 93 80 0 56 0 0 0 0 0 0 77 0 0 0 0 0 0 0 0 0 0 0 0 0 0 0 0 0 0 0 0 0 0 40 0 92 29 57 0 0 0 73 0 0 0 0 0 0 1
0 77 0 0 0 0 0 100 0 0 100 0 0 0 0 0 0 0 38 0 0 58 54 0 0 0 70 0 17 0 52 0 16 0 0 0 66 61 0 0 73 71 0 0 0 0 0 48 0 0 0 0 0 0 0 84 51 0 0 85 0 0 0 0 87 0 45 0 0 0 79 30 0 0 0 0 0 38 0 0 0 0 27 0 0 27 0 0 0 0 0 0 53 0 0 0 0 0 0 0
0 0 0 0 14 0 0 0 0 0 0 0 0 0 0 0 82 0 27 0 0 0 0 0 0 61 0 39 0 0 85 0 0 61 0 8 0 0 0 0 0 0 0 0 0 0 0 82 0 39 0 63 0 0 0 0 65 0 0 22 0 0 0 0 0 0 0 7 0 0 0 0 0 0 0 0 11 0 94 0 0 0 0 0 0 0 0 0 0 0 0 0 0 0 0 0 96 0 0 0
0 0 0 0 0 18 0 0 0 78 66 0 0 0 95 0 0 0 0 0 26 0 8 0 44 0 0 0 0 42 0 0 0 0 0 0 0 0 0 0 0 0 0 20 0 0 0 0 0 0 12 96 6 0 0 0 0 0 0 0 0 0 0 0 0 0 0 0 0 0 0 26 0 0 0 0 0 0 0 0 100 0 1 0 0 0 21 0 29 0 0 0 0 0 0 0 0 7 73 0
40 0 11 0 0 0 0 0 66 0 0 38 0 0 0 0 0 0 0 0 0 0 0 0 0 18 0 1 0 20 43 0 0 0 0 0 0 0 0 29 90 24 8 0 0 0 0 0 0 88 0 27 90 0 0 35 0 0 0 0 0 53 0 0 0 0 0 0 0 34 29 0 0 0 0 1 47 0 0 0 0 0 0 0 0 0 0 0 65 0 93 0 0 0 7 16 0 0 0 0
0 0 0 65 0 63 56 12 0 0 0 0 38 0 0 0 0 0 42 0 0 18 0 0 0 0 0 0 0 0 0 0 0 0 0 56 0 0 0 25 0 0 22 0 0 0 0 21 0 6 0 0 9 0 64 0 0 0 0 0 57 0 0 0 21 23 0 0 0 0 0 0 0 0 5 0 77 0 0 0 0 0 2 0 0 0 0 27 1 49 0 0 0 0 0 26 0 0 0 69
29 0 95 0 0 0 0 0 17 0 95 0 0 0 93 0 26 0 0 65 90 0 0 68 2 0 0 0 0 0 0 50 0 0 0 0 0 0 0 0 0 0 0 23 0 0 0 0 15 44 0 51 0 0 69 0 0 77 37 72 0 0 0 81 0 0 43 0 24 42 0 0 0 57 0 21 0 0 0 0 0 0 0 0 0 0 0 0 56 1 26 90 0 0 0 0 0 0 0 0
0 0 0 0 0 0 47 0 0 0 40 61 0 0 0 0 0 0 0 0 0 0 0 56 0 0 0 0 0 0 0 0 69 23 0 0 0 0 0 0 0 61 0 68 0 0 0 0 0 0 0 0 0 0 0 0 65 0 0 0 0 0 0 0 0 0 14 0 0 88 56 6 0 48 0 0 0 0 98 0 0 0 0 0 0 0 0 0 0 0 0 0 0 0 0 0 6 0 77 79
0 0 0 0 97 0 91 0 0 0 0 0 0 0 0 0 54 0 89 0 0 69 0 0 32 0 0 99 0 0 0 0 0 51 76 0 36 0 0 0 97 0 0 0 0 0 0 0 53 0 0 92 0 37 0 0 0 99 0 0 0 0 0 0 0 77 57 1 0 0 0 0 0 0 88 0 0 0 80 0 0 86 77 0 0 0 0 8 0 0 27 0 0 0 0 0 0 0 0 0
0 0 0 0 36 39 5 0 0 0 0 0 0 0 67 44 0 0 0 0 0 75 0 0 0 0 0 0 0 0 0 0 0 18 0 0 15 0 0 60 0 0 0 45 81 0 0 0 56 0 82 82 0 0 0 0 30 0 0 0 88 0 0 0 40 0 0 90 0 0 0 34 0 92 0 0 33 0 86 0 0 92 0 0 0 0 0 0 41 0 0 0 49 0 0 0 4 0 87 61
0 0 0 0 9 58 0 0 0 72 37 0 0 71 0 0 0 0 0 0 0 0 0 0 41 0 0 0 0 0 0 30 12 0 0 0 0 0 0 0 0 0 17 73 0 0 0 83 0 76 34 0 0 0 0 0 0 0 0 0 0 0 46 35 0 74 13 0 0 0 0 0 77 0 0 0 0 0 0 0 0 0 0 0 0 0 0 0 0 0 82 97 0 0 0 0 0 49 0 0
0 0 0 42 0 96 0 4 0 0 0 0 0 0 0 70 0 0 0 62 0 0 22 0 0 70 0 0 23 0 0 0 0 0 0 0 0 36 0 0 0 0 0 0 0 28 0 0 0 57 0 0 26 42 96 38 0 0 40 0 0 0 0 0 0 47 0 0 87 0 55 0 0 0 0 0 0 0 36 0 7 0 0 0 0 0 0 0 0 0 0 35 0 0 0 0 0 0 0 0
0 0 0 0 0 0 0 0 0 65 96 0 0 0 74 0 0 53 0 0 0 0 9 11 95 0 0 100 0 0 0 0 0 0 0 0 73 0 16 0 0 77 0 0 0 65 0 0 38 0 0 0 0 0 0 0 0 0 0 0 0 0 0 0 0 0 77 63 0 0 0 0 10 0 0 25 0 53 0 0 45 0 0 68 0 0 0 27 82 0 0 9 78 0 0 0 0 0 10 21
0 0 45 0 0 0 0 13 0 0 0 35 0 0 0 0 0 35 0 59 0 34 0 36 0 27 0 0 0 0 0 20 0 0 0 82 0 17 0 0 0 0 0 0 0 0 92 13 0 0 1 0 0 8 0 0 0 0 81 0 0 44 0 0 0 0 47 0 0 0 5 0 0 0 0 0 27 0 0 19 0 0 0 0 8 0 0 0 0 0 0 0 0 0 0 0 0 0 0 36
81 0 0 0 0 0 0 0 0 0 0 0 75 21 0 0 0 76 0 0 0 0 0 0 0 0 0 0 36 0 0 0 0 0 0 0 0 0 0 0 0 0 95 81 9 0 0 0 75 0 0 0 0 0 0 0 0 0 0 0 0 0 0 0 97 21 0 0 0 0 0 15 42 0 0 56 0 26 0 0 0 0 20 0 0 71 64 49 0 0 0 0 0 8 91 0 0 0 0 44
76 0 0 0 0 0 0 63 0 77 0 0 0 0 0 61 2 91 0 0 19 0 0 0 0 0 0 44 0 0 23 98 0 0 13 0 0 0 26 0 0 0 0 0 0 0 0 27 0 0 0 0 36 0 0 0 78 0 0 0 0 0 30 0 0 36 0 2 0 0 0 0 42 0 0 0 0 0 39 0 0 0 0 0 0 0 0 0 0 0 0 0 79 0 0 0 0 5 0 0
0 47 0 24 0 47 0 0 65 0 0 0 7 0 0 0 0 0 0 0 91 0 0 0 0 0 0 0 83 0 0 0 0 0 0 84 61 0 0 0 64 0 92 0 0 0 100 0 0 0 0 59 21 0 0 0 1 0 0 9 0 0 96 0 0 0 0 0 0 0 0 0 0 82 0 0 0 0 0 7 69 0 0 0 0 34 0 77 31 0 0 30 0 69 0 0 0 7 0 0
15 0 9 0 0 4 0 0 0 0 54 0 5 10 0 0 0 0 0 93 72 0 0 0 0 5 6 0 0 0 92 95 0 0 98 0 11 99 1 0 0 0 0 0 0 0 62 0 0 0 3 0 77 0 29 0 0 0 0 0 0 37 42 0 0 0 91 0 0 0 55 0 0 82 0 0 0 0 0 0 0 0 0 1 0 37 86 0 49 0 52 0 0 0 0 0 0 0 0 0
33 16 65 0 0 55 0 86 3 0 0 0 0 27 0 0 37 0 0 0 9 0 0 0 0 73 0 0 0 0 0 0 0 0 91 9 0 43 0 41 89 0 0 7 0 0 0 74 0 8 0 0 69 0 38 0 73 0 0 41 0 0 0 0 32 65 0 0 0 7 0 0 0 41 63 0 0 0 28 0 66 0 0 12 0 0 97 0 0 0 0 0 77 0 0 0 0 0 0 7
70 7 0 0 0 33 0 0 90 0 0 76 0 0 88 0 0 0 0 0 0 0 0 0 0 0 0 0 0 0 0 52 0 0 0 32 0 33 0 45 0 48 19 0 0 0 0 0 0 0 63 0 0 0 0 74 54 28 0 0 0 0 75 0 0 56 0 0 0 0 0 0 7 0 0 0 70 34 0 58 0 21 0 0 0 84 99 0 0 0 0 0 0 28 68 0 0 0 0 22
0 17 0 0 81 0 0 0 0 0 91 0 96 0 0 0 0 72 89 0 0 0 0 0 89 48 0 0 0 90 0 0 0 0 0 0 0 69 0 0 0 7 58 0 15 0 0 0 70 0 36 0 0 15 0 0 0 0 54 0 0 38 25 54 69 31 29 0 46 78 0 0 0 83 0 0 0 16 0 0 13 0 77 0 0 0 0 0 0 69 23 0 90 0 1 0 0 0 0 0
49 0 0 0 0 0 0 0 0 0 100 0 0 0 0 0 0 0 64 86 51 0 0 0 20 0 0 83 0 0 0 0 0 0 0 0 0 0 0 0 0 0 0 0 0 0 39 0 0 0 0 0 0 0 14 0 0 0 0 0 0 89 0 0 0 0 0 0 0 0 0 18 0 0 48 43 0 0 67 0 0 0 0 0 0 97 0 100 11 0 0 0 0 0 0 56 0 0 86 0
0 0 54 0 0 0 0 0 20 0 0 0 0 0 0 0 0 0 56 42 0 0 36 0 43 0 0 0 0 0 72 0 61 0 0 0 0 0 0 100 0 0 0 0 9 5 0 17 0 0 0 0 0 0 0 0 0 0 0 0 0 0 58 0 0 0 0 0 0 0 0 63 0 0 0 0 0 57 24 0 0 0 0 0 5 0 0 82 0 0 0 40 86 22 0 0 0 0 56 0
0 0 78 0 0 0 0 0 0 0 0 82 0 0 0 0 0 0 0 0 0 0 0 10 0 25 0 0 0 0 0 0 82 0 0 0 0 0 0 0 0 0 0 59 28 0 0 0 0 0 0 0 0 0 0 54 77 0 84 20 0 0 0 0 0 0 0 0 0 73 0 22 0 16 0 0 0 92 0 0 0 0 0 0 0 0 0 0 10 0 0 65 41 0 0 0 26 0 0 0
0 65 0 0 0 0 0 0 0 0 0 0 5 0 0 0 49 24 0 0 0 0 14 0 0 0 0 100 0 68 0 4 0 0 0 0 76 0 0 0 29 0 99 20 8 0 0 0 0 0 0 0 87 0 0 0 0 0 96 58 0 0 88 0 0 98 0 0 21 0 0 0 0 71 81 0 0 0 0 0 0 0 0 0 5 0 49 0 0 0 43 0 0 0 0 0 0 0 0 0
25 0 0 0 0 61 11 0 0 13 0 0 0 0 0 0 0 0 0 0 0 0 0 0 0 1 95 0 0 0 0 0 0 0 0 0 0 0 0 0 0 85 70 0 0 0 0 45 0 0 96 13 0 91 0 63 0 0 0 26 0 0 0 0 0 0 0 0 0 0 0 0 0 0 0 61 0 0 0 0 0 30 0 0 49 0 0 0 0 50 0 0 0 0 0 0 0 0 46 0
0 17 0 0 0 0 0 0 14 87 0 0 18 0 0 0 0 57 0 0 0 38 0 0 88 0 0 63 0 0 0 100 0 74 0 0 67 0 0 0 0 0 0 1 0 20 0 10 0 0 52 0 0 12 23 0 0 0 0 0 27 0 32 33 0 0 0 0 0 0 0 55 0 0 0 0 0 0 97 0 0 100 99 0 0 0 0 0 0 0 0 31 0 0 1 0 21 0 0 0
0 7 0 0 0 0 91 40 0 64 0 0 0 9 10 0 0 0 0 0 0 0 21 56 0 0 0 0 0 81 0 0 0 22 0 0 0 0 0 92 0 77 0 0 0 0 0 0 0 0 0 0 28 0 0 0 0 86 0 0 0 0 0 41 0 0 0 0 0 0 84 0 0 23 0 0 32 0 0 8 83 0 15 83 0 0 0 0 0 76 0 0 0 0 0 0 0 5 0 0
12 0 0 75 0 0 0 0 0 0 0 0 0 0 0 0 10 0 0 0 0 93 0 0 0 0 73 20 28 0 0 0 0 0 0 0 0 0 62 18 1 0 0 0 91 0 0 0 0 0 0 75 79 76 0 0 0 0 0 0 84 0 88 72 99 0 97 0 0 0 0 0 0 0 74 76 0 0 77 0 55 0 88 0 0 0 0 0 0 48 0 0 43 0 0 0 0 0 0 16
0 69 0 0 69 0 0 0 0 0 0 0 35 0 0 39 0 0 0 84 0 0 0 59 0 32 52 0 0 0 0 0 0 0 0 0 0 0 0 100 0 99 0 0 0 0 100 0 0 32 0 0 0 9 71 0 0 0 0 0 24 0 0 76 0 65 0 0 0 0 37 82 0 0 0 99 30 0 10 99 0 84 0 0 0 0 92 73 0 0 0 0 0 0 0 0 77 0 0 0
38 0 0 0 86 0 57 7 0 0 0 0 86 0 0 53 0 73 89 2 0 0 0 40 0 0 0 15 15 0 93 0 0 0 0 0 0 83 0 15 0 80 0 95 0 0 52 17 0 0 0 0 0 0 0 0 0 0 4 41 0 0 0 0 6 37 0 58 0 70 0 0 0 39 0 0 0 26 0 0 3 0 0 0 0 0 0 30 65 0 64 0 0 25 0 0 0 0 0 60
0 0 0 0 90 0 0 0 95 0 0 0 93 20 0 0 0 40 0 17 6 0 0 0 0 0 0 97 0 0 0 74 0 0 0 76 0 0 0 0 22 0 92 0 0 0 0 0 0 98 0 0 85 0 0 0 0 0 0 0 0 0 0 0 0 0 0 0 18 0 0 0 2 0 0 91 0 76 0 0 0 21 0 65 26 0 0 0 48 0 43 0 0 0 0 23 72 62 37 0
0 0 0 0 0 0 0 45 25 0 0 0 70 0 0 93 0 25 0 0 0 0 0 0 2 0 0 94 27 0 79 0 6 27 97 10 0 0 0 41 0 72 1 0 0 0 0 0 0 0 0 84 0 0 0 0 0 0 0 0 0 56 39 0 63 0 89 0 0 0 46 100 0 0 0 34 0 0 0 0 0 86 1 0 0 0 0 0 0 0 24 0 0 0 0 0 0 0 0 0
0 0 45 0 0 0 0 0 0 0 0 0 0 85 0 0 0 0 0 0 0 0 0 0 0 0 0 0 0 84 0 3 0 0 0 0 28 0 0 0 0 43 0 27 0 72 0 0 0 0 86 0 0 0 0 0 0 0 0 0 0 0 0 18 0 0 0 0 0 0 60 75 20 30 95 0 0 0 0 0 0 0 0 80 0 0 0 0 0 0 0 82 0 0 20 0 0 0 39 0
0 0 0 0 0 42 0 17 0 0 0 57 0 0 0 16 0 0 25 57 0 0 0 0 0 0 0 0 0 0 0 0 0 0 0 0 24 0 0 0 0 0 0 66 0 98 0 99 0 0 0 21 0 75 0 0 0 0 0 0 0 0 0 23 0 0 0 0 0 0 0 0 0 87 0 0 0 0 0 0 0 0 0 56 0 0 0 0 0 0 0 0 0 0 0 37 5 81 0 0
72 41 0 25 0 83 0 0 37 0 82 0 0 0 0 0 13 0 0 0 70 0 0 0 20 0 0 0 0 59 0 0 1 0 0 88 0 0 71 0 63 0 0 0 73 0 0 0 0 0 0 0 0 99 0 0 0 0 0 25 50 0 0 0 49 0 0 46 0 0 0 0 0 44 0 61 31 73 4 0 0 54 0 0 0 0 0 0 0 18 30 0 39 0 0 0 72 97 0 91
0 0 52 0 0 0 0 0 0 0 0 97 73 0 0 0 0 0 0 0 0 0 91 0 0 0 0 0 0 0 93 5 0 49 0 0 0 0 0 0 0 0 0 0 4 0 0 0 0 0 0 0 0 0 0 0 0 0 0 0 0 0 0 0 0 0 0 0 0 51 0 0 0 0 0 42 0 0 0 0 0 0 0 0 0 91 0 0 0 0 0 0 0 0 0 0 0 0 0 43
0 0 0 0 0 42 65 0 12 0 0 0 0 0 0 0 69 73 30 0 0 0 0 0 0 58 0 0 57 0 96 0 0 0 0 53 36 53 0 0 0 0 0 76 80 0 0 0 0 0 0 0 0 0 0 0 63 0 0 0 41 0 0 41 99 0 96 0 0 0 23 0 0 73 18 0 73 36 0 0 85 0 0 6 0 0 0 54 75 61 0 0 0 80 0 0 0 0 51 0
0 0 91 96 0 62 0 66 0 51 8 0 37 0 0 0 0 42 0 0 100 79 0 0 0 40 0 0 0 0 0 44 0 0 0 83 0 0 0 0 19 0 0 74 0 0 0 96 0 0 83 0 0 0 0 0 0 0 89 0 23 0 0 0 0 0 13 0 36 0 0 21 0 0 88 0 0 0 0 0 0 0 0 0 0 0 0 0 0 0 73 95 0 98 71 0 77 0 0 0
0 0 0 0 0 0 0 0 0 0 0 0 45 0 0 0 0 0 63 0 0 0 0 98 0 0 0 0 0 0 79 53 27 0 0 0 0 95 0 0 0 53 0 80 38 0 0 0 23 0 0 0 0 0 0 70 0 0 0 0 0 0 0 89 0 0 88 0 0 0 0 0 0 81 0 0 0 0 0 0 0 0 0 0 0 77 0 0 64 10 38 16 0 0 0 0 0 0 72 0
0 0 0 87 0 0 0 0 0 0 66 0 0 0 45 0 0 0 0 14 95 0 0 26 0 0 23 76 64 0 0 0 0 0 0 0 87 0 0 0 0 0 0 0 0 0 0 0 0 3 91 0 0 0 0 0 98 0 3 0 0 0 0 0 69 91 91 0 0 0 0 0 0 0 71 61 0 80 0 0 0 0 0 0 0 0 45 0 54 23 0 0 0 50 69 9 0 0 0 0
0 0 0 56 0 97 0 0 78 84 0 34 54 0 0 0 0 0 0 0 29 4 0 0 0 0 0 0 0 17 0 48 42 0 0 0 0 16 0 0 0 0 0 0 0 0 31 60 0 0 0 29 31 0 0 2 0 0 51 0 19 0 0 0 0 0 0 0 0 38 0 0 0 0 0 0 0 0 8 0 0 0 0 12 0 90 0 0 0 0 0 0 0 0 0 0 0 0 0 0
0 49 66 0 0 0 18 0 0 0 0 98 0 0 0 0 0 0 0 0 0 81 0 0 0 0 0 0 63 33 0 0 0 0 0 92 4 30 0 0 0 0 0 61 0 0 0 0 63 0 0 13 43 0 0 0 0 0 0 0 0 0 0 0 0 85 0 0 0 0 77 0 0 0 0 0 0 0 0 66 0 0 0 0 0 0 0 0 61 0 0 0 31 57 78 0 56 0 4 0
23 0 0 0 69 74 0 0 0 0 0 48 0 0 81 0 0 0 0 0 0 0 0 0 0 0 0 98 0 0 87 92 51 0 0 0 0 89 0 0 75 0 0 0 77 59 0 0 0 0 0 0 0 0 85 29 69 0 70 0 0 0 0 0 0 0 84 26 0 0 0 35 0 0 0 0 0 0 0 0 0 0 0 0 0 0 0 0 95 22 0 0 0 0 0 0 0 0 0 0
0 59 0 0 0 9 0 85 62 0 46 0 0 0 0 0 0 0 0 1 0 0 0 0 0 0 25 0 0 0 0 0 0 0 0 0 0 0 0 89 0 0 3 83 0 25 0 0 52 0 0 7 0 0 73 0 0 0 0 0 0 0 9 59 0 0 0 58 0 0 63 0 0 0 0 0 0 16 0 0 52 84 0 0 0 0 0 0 0 0 0 0 60 0 0 0 0 86 0 0
0 0 0 0 0 0 0 15 55 66 0 0 0 62 7 0 0 0 0 40 0 0 0 0 0 0 0 67 1 0 0 39 0 50 0 34 0 0 82 0 0 0 0 0 0 0 89 0 0 0 37 0 0 17 0 97 0 0 78 42 0 0 0 41 0 0 0 48 0 61 0 50 0 0 0 0 0 0 0 0 0 0 0 0 0 44 0 78 0 0 0 0 0 0 0 0 0 78 0 0
0 0 0 0 0 0 0 72 0 38 0 0 0 21 0 0 0 0 0 79 44 0 0 48 0 82 0 0 0 0 0 28 0 0 0 91 0 0 0 0 0 30 0 0 0 69 0 0 45 0 0 0 98 0 0 79 15 0 0 51 0 0 0 86 53 83 0 0 0 0 0 77 52 0 0 0 0 45 56 0 18 0 0 93 0 50 0 0 0 0 51 0 0 82 0 0 34 0 98 0
0 3 0 2 0 0 0 0 0 0 0 0 0 55 0 0 0 0 0 0 0 0 92 0 2 0 0 0 0 0 0 0 0 0 60 0 0 0 69 0 32 0 1 43 0 0 1 0 0 0 0 56 0 0 5 0 0 0 87 54 0 0 0 0 0 0 0 0 5 0 0 0 70 0 0 0 0 0 0 0 50 88 0 0 0 0 0 0 0 0 57 0 15 41 29 0 0 0 90 0
0 0 0 0 0 0 0 0 72 82 0 0 50 0 89 7 0 39 0 0 69 0 0 32 0 0 0 0 73 0 0 0 68 0 0 96 0 0 0 0 0 0 0 0 51 0 56 0 0 0 0 0 0 0 89 0 51 0 0 88 0 0 0 0 32 0 0 0 0 76 0 0 0 23 0 66 63 0 0 0 0 0 0 0 0 0 0 91 6 0 0 0 0 0 0 0 0 22 0 0
0 79 0 0 0 0 0 86 0 0 0 0 0 45 0 0 0 55 42 0 0 65 0 0 90 0 0 0 0 0 0 0 0 0 0 0 0 0 0 0 0 0 0 99 0 0 9 0 0 0 53 0 0 0 0 0 0 0 0 9 0 0 0 78 0 0 0 0 0 0 87 0 0 88 0 0 0 2 46 0 0 0 0 0 0 0 0 0 0 0 0 0 95 0 44 0 63 0 0 3
0 0 0 0 0 99 0 0 0 82 74 0 0 35 0 0 0 0 0 0 0 70 27 13 0 96 44 71 0 0 0 0 0 0 0 87 0 0 0 0 3 47 89 0 0 99 0 33 0 0 0 78 0 0 0 64 63 1 0 0 0 0 34 0 12 14 11 0 0 0 54 0 0 0 0 0 0 0 0 0 92 0 51 0 57 0 0 0 85 0 0 0 0 0 0 0 0 77 21 57
0 0 84 52 6 81 0 91 0 0 0 0 32 0 0 0 72 0 0 75 0 0 8 0 0 0 95 0 0 0 77 0 13 0 0 0 82 0 48 39 52 20 0 0 0 0 0 60 0 0 0 0 0 0 0 0 0 0 0 0 0 0 0 13 0 0 0 84 0 0 0 49 0 0 37 65 0 22 0 31 66 0 0 59 0 0 0 79 0 0 0 0 94 0 0 0 0 15 0 0
0 9 0 0 62 0 0 0 0 0 0 0 0 0 0 0 0 89 0 0 0 0 0 0 0 0 0 0 0 0 0 0 86 0 27 0 0 0 0 0 0 0 0 0 0 67 26 0 95 0 0 47 59 16 0 0 0 0 0 0 66 0 0 0 23 0 0 0 0 51 0 35 0 0 0 0 0 0 0 0 0 0 32 0 0 0 0 88 57 0 0 0 0 0 0 0 0 0 0 0
0 0 40 0 0 46 23 29 53 0 90 0 24 51 0 87 0 0 0 0 83 0 0 0 0 0 0 0 9 0 0 0 0 0 0 0 0 0 0 0 33 13 0 0 0 0 0 0 29 0 64 0 0 0 0 0 7 0 31 0 0 39 0 0 2 0 0 0 0 0 16 0 0 0 0 0 0 0 34 0 64 0 0 0 0 0 82 0 0 0 19 0 34 0 0 0 0 0 28 88
0 0 26 0 0 0 0 0 0 0 0 0 0 19 0 0 0 83 0 0 0 0 0 0 0 0 88 0 0 0 0 0 0 0 59 0 0 0 0 0 26 0 7 0 0 74 0 100 0 0 20 0 0 0 0 79 0 0 53 77 0 0 0 0 0 91 0 0 0 17 0 0 0 0 86 0 0 0 0 5 0 0 0 56 0 0 0 0 74 0 0 0 45 0 0 0 0 0 0 0
49 4 0 0 0 16 0 0 0 0 8 0 0 0 0 0 0 0 0 0 0 85 0 65 99 0 8 0 37 0 96 0 73 0 0 0 23 0 0 0 58 0 0 0 16 59 0 0 0 46 0 0 0 69 0 37 68 39 0 0 51 0 74 0 4 42 0 81 0 0 52 0 83 0 0 0 0 0 45 2 0 0 0 36 0 28 0 0 0 0 0 0 0 59 73 0 0 0 42 0
0 0 0 16 64 0 0 0 0 0 0 0 0 0 13 0 0 0 0 0 0 0 0 0 83 0 29 0 0 6 0 76 0 0 0 0 0 0 0 0 0 70 0 0 0 0 0 0 0 0 6 0 54 0 0 0 2 59 24 0 0 0 11 0 0 0 0 0 0 61 0 0 56 73 0 0 21 0 0 0 68 0 0 0 71 0 73 0 85 0 97 29 0 0 0 0 0 0 0 0
0 0 75 0 0 21 0 0 0 0 0 0 0 0 0 0 0 0 0 0 89 0 0 62 0 0 0 0 55 0 0 0 3 0 0 0 0 23 0 99 0 0 0 0 70 0 25 0 0 86 0 0 0 0 60 31 0 0 0 0 4 0 0 41 0 0 0 0 0 0 0 0 0 0 11 88 0 2 0 76 48 0 0 7 0 0 0 0 0 0 0 0 27 0 0 0 0 25 0 46
0 0 65 19 0 0 0 11 45 0 0 0 24 0 0 0 0 7 0 0 95 49 0 0 0 86 34 0 0 72 0 0 0 0 0 0 0 0 0 0 0 0 0 0 0 0 0 0 0 0 0 0 0 97 0 0 43 0 43 0 41 0 0 0 0 0 48 0 0 0 93 0 70 0 0 0 0 0 0 0 0 0 0 0 0 0 7 0 0 0 92 37 84 73 62 0 16 29 86 8
35 0 98 0 0 0 0 32 0 53 0 0 0 0 84 1 0 0 0 0 0 92 0 0 0 0 0 14 78 0 0 0 0 0 0 0 0 0 0 0 0 0 0 54 0 0 0 81 0 0 0 0 5 0 0 1 0 0 0 0 0 0 0 0 0 40 0 0 0 40 22 0 0 78 0 0 90 0 0 0 0 0 0 89 0 0 0 49 0 0 0 0 0 0 3 0 18 0 0 0
0 0 27 0 0 0 0 29 0 0 0 88 0 0 0 0 48 0 0 0 80 9 0 99 0 0 94 0 60 0 25 0 0 0 0 0 31 0 0 0 0 0 0 0 0 0 64 0 18 0 0 0 0 0 0 0 0 0 0 0 21 0 0 0 0 0 0 0 0 0 0 23 0 0 0 0 8 0 0 20 0 13 0 4 0 0 54 0 0 0 4 77 0 0 0 5 0 0 0 0
0 0 0 0 0 0 0 81 0 0 0 0 0 0 44 50 0 0 0 40 0 100 0 0 0 0 0 0 0 0 0 0 0 0 0 0 0 24 0 0 0 6 0 0 3 91 1 65 0 0 84 97 11 0 5 52 0 0 0 55 0 0 0 0 0 0 0 0 88 0 0 19 0 0 0 20 0 0 15 7 0 0 19 0 20 0 0 0 0 0 0 12 0 68 0 0 0 0 0 0
60 0 0 0 62 0 0 0 0 0 72 34 0 0 21 0 0 0 74 21 0 0 0 0 0 0 0 0 38 0 0 78 0 0 0 0 86 91 0 60 0 31 0 0 0 0 0 0 0 93 0 0 0 81 18 0 0 0 55 0 0 0 0 0 0 0 55 0 0 93 19 59 0 0 0 0 0 55 0 0 99 73 0 0 40 0 0 0 0 0 0 0 0 0 0 0 0 41 0 0
0 31 0 0 7 0 0 0 0 0 0 0 0 0 0 0 0 88 0 0 0 0 0 0 0 0 73 0 0 0 0 0 0 13 49 0 0 0 0 0 0 0 0 0 0 75 0 74 0 66 0 62 0 0 0 0 0 0 0 0 93 0 0 0 0 79 39 15 0 67 0 0 99 0 39 0 0 60 0 0 0 0 0 0 15 0 0 0 0 0 37 0 0 0 0 0 0 26 0 0
0 0 96 0 51 0 91 0 0 0 0 31 0 37 0 0 0 0 0 0 0 0 0 52 0 44 0 0 0 0 0 22 0 0 0 0 0 0 0 28 48 0 0 0 47 0 0 19 0 94 0 32 0 44 0 0 0 46 60 0 56 0 0 0 0 0 65 0 0 0 0 0 28 0 0 0 0 0 0 0 0 0 0 0 0 0 0 0 0 0 0 0 0 69 84 98 0 0 0 0
79 0 0 0 0 0 54 0 0 0 31 58 2 0 0 0 0 0 85 0 0 85 0 0 0 0 0 74 0 0 0 0 0 0 68 27 0 0 0 3 0 0 0 0 0 0 0 0 0 31 0 0 0 0 70 0 0 0 62 0 0 0 0 0 0 3 0 83 0 0 86 0 5 0 0 0 0 0 0 0 0 26 0 87 0 0 0 0 0 0 0 0 23 0 0 0 0 0 0 61
0 0 0 0 0 78 0 0 0 0 44 0 66 0 67 0 0 0 35 0 0 0 60 0 0 0 0 0 0 0 0 0 0 0 0 83 0 0 0 0 0 0 0 11 0 0 0 35 23 0 0 0 0 0 0 80 0 0 0 35 0 0 0 78 0 14 0 49 0 38 0 0 0 0 0 14 0 12 0 0 0 0 0 0 0 0 0 0 0 0 10 0 45 0 70 98 78 0 0 0
0 30 57 0 37 0 61 0 0 0 0 0 22 0 0 0 0 0 0 0 0 69 39 0 0 0 0 1 0 0 0 87 0 0 0 0 0 77 0 0 0 0 16 0 0 0 0 0 0 0 26 0 0 0 0 0 0 59 36 0 0 94 0 0 91 0 0 0 0 0 0 0 0 0 46 52 0 0 0 69 0 0 0 0 16 0 0 0 0 0 0 0 0 0 0 39 52 19 0 0
96 77 0 90 0 0 0 0 0 57 0 0 88 70 0 0 5 0 0 0 0 0 0 0 5 0 0 0 0 0 0 0 0 0 0 69 0 0 0 0 0 52 0 0 0 0 0 0 0 38 0 0 0 0 0 0 0 0 0 27 0 59 0 0 25 0 0 0 89 4 0 55 31 0 0 3 63 45 0 0 0 0 0 82 18 0 0 25 0 0 8 0 0 0 0 0 0 8 0 51
0 0 0 0 0 0 0 37 0 39 95 0 0 0 0 0 37 0 0 0 0 0 82 0 0 0 0 68 0 0 0 0 0 0 0 0 0 0 0 0 77 0 89 0 0 0 0 0 68 0 0 0 0 24 0 1 0 0 0 0 60 0 0 0 33 0 56 0 0 0 0 0 67 0 96 0 0 0 36 45 0 0 0 0 0 0 0 52 37 65 10 0 1 0 26 0 0 58 0 0
81 0 0 0 10 0 11 0 40 0 0 0 78 0 0 0 0 8 0 0 0 0 64 0 8 41 0 0 0 0 0 54 0 20 0 0 0 0 0 73 97 0 0 0 51 0 0 16 0 0 8 0 0 2 0 0 86 0 0 0 0 0 0 0 0 0 28 0 0 0 24 0 0 0 54 0 0 0 0 0 0 12 0 0 0 0 0 0 40 0 0 0 0 86 0 0 0 0 0 0
100 0 0 0 0 0 0 0 0 57 0 76 0 100 0 0 0 0 0 0 0 61 0 21 0 49 0 0 69 0 0 0 0 16 0 0 0 0 97 0 13 0 0 0 0 17 0 0 0 0 0 71 0 0 0 30 0 0 0 0 0 81 0 0 0 31 0 0 66 93 0 0 0 0 83 74 19 0 0 0 0 0 16 0 0 0 0 0 0 0 0 0 0 95 0 11 0 0 0 0
0 63 0 0 0 0 48 60 0 42 74 0 0 0 0 60 0 0 0 0 0 0 0 0 0 0 0 0 0 0 8 6 94 97 0 0 0 0 0 0 0 0 0 49 0 0 0 0 0 0 0 0 0 0 0 0 0 0 82 0 0 0 95 0 49 0 15 0 0 0 0 0 0 0 0 0 0 73 0 0 0 0 0 0 24 94 0 35 63 89 13 0 0 0 13 27 0 7 0 0
31 13 0 0 0 4 0 0 0 0 0 0 31 44 0 0 0 0 61 0 0 0 0 46 0 45 0 0 0 91 12 0 0 0 0 28 0 0 0 0 0 0 0 0 0 0 0 0 0 0 0 0 0 88 0 27 0 0 43 0 33 0 0 0 99 0 24 0 0 0 64 0 0 0 76 0 19 83 59 12 93 0 0 0 0 0 0 0 0 0 0 89 0 0 0 0 0 85 0 0
0 0 0 0 21 11 0 2 14 0 87 0 0 0 0 0 40 0 0 41 0 37 0 81 0 0 0 0 0 0 77 0 0 0 0 85 0 0 0 0 0 0 0 0 0 0 4 0 54 0 0 12 0 0 0 0 100 0 59 0 0 0 0 0 0 0 0 0 0 77 0 0 66 5 0 0 0 0 24 80 0 96 37 0 0 0 0 0 0 66 0 0 0 0 25 0 63 0 0 0
0 0 99 44 88 50 0 46 0 0 0 0 0 0 0 0 5 0 0 52 0 0 0 0 0 0 0 45 0 0 0 0 66 0 0 0 0 57 0 0 0 0 0 28 0 0 0 0 73 0 0 0 10 0 0 0 0 0 0 0 0 0 0 0 0 0 86 0 45 0 25 0 0 3 0 0 79 0 0 64 0 0 0 0 0 0 93 66 42 0 0 0 0 2 31 0 60 0 0 0
90 0 0 0 0 0 76 30 0 0 0 0 37 0 0 0 0 0 0 0 0 0 25 57 0 0 0 0 0 0 0 0 0 0 0 0 0 0 0 0 27 0 0 78 21 0 0 0 31 0 9 0 0 0 0 0 0 49 0 0 0 61 0 0 16 0 0 0 0 0 0 0 0 0 0 0 0 0 0 0 0 61 0 0 0 0 40 0 0 0 0 0 0 70 0 0 0 0 0 7
90 30 0 0 34 0 82 0 83 0 46 0 86 0 27 100 0 0 0 45 73 42 0 0 0 46 0 0 0 0 0 0 0 0 0 33 0 0 8 37 5 0 0 0 0 0 0 0 0 0 0 0 0 0 0 0 46 0 0 91 0 0 35 0 0 93 0 0 0 0 0 0 0 0 0 0 32 0 75 9 0 29 0 0 0 0 0 0 67 0 0 0 0 0 22 33 47 0 13 62
0 0 74 18 0 0 0 0 0 4 59 0 58 0 0 0 0 0 0 0 0 0 0 0 97 0 0 0 0 0 0 0 0 0 0 78 0 91 0 20 7 0 18 0 0 0 0 46 0 0 0 0 0 0 0 0 0 0 0 0 0 0 0 0 0 0 0 0 0 0 39 33 0 0 0 62 37 26 0 0 91 81 0 0 0 82 0 68 0 0 0 0 10 93 0 0 0 0 0 0
0 0 63 0 85 3 0 0 46 0 0 0 0 0 0 0 43 0 87 7 0 0 7 0 10 0 85 0 0 0 0 0 28 86 38 0 0 0 80 0 0 0 0 0 0 0 94 0 39 0 0 0 0 0 0 0 0 0 90 0 0 0 77 0 42 0 0 0 7 18 0 0 56 0 0 0 0 23 5 0 0 0 0 0 0 0 0 0 0 0 0 0 0 86 0 0 0 0 0 0
25 0 0 0 0 21 0 47 0 10 0 0 75 0 10 86 0 11 47 23 0 0 22 0 0 0 0 99 9 87 51 0 0 76 0 0 0 0 0 0 0 0 85 0 0 28 0 0 0 85 7 0 0 0 0 0 56 0 0 0 0 0 0 0 6 0 0 0 0 0 0 0 0 28 0 0 0 0 93 78 0 71 0 0 0 20 0 0 0 96 74 0 0 0 40 0 0 0 0 0
0 0 53 90 10 0 34 0 0 0 0 0 7 0 0 6 0 0 0 0 13 0 0 0 0 0 81 0 0 0 25 25 60 0 0 0 0 0 0 0 0 0 0 0 0 74 0 0 0 34 0 72 0 0 45 0 0 71 0 0 0 0 0 64 10 0 20 17 89 0 0 63 65 0 0 51 0 34 0 0 0 0 0 0 0 3 0 0 0 0 0 0 0 0 8 0 0 0 0 0
0 24 0 0 0 0 0 0 52 90 0 53 0 0 0 0 0 0 0 0 0 0 0 52 0 0 0 0 66 7 0 0 75 0 0 0 0 0 0 0 0 0 0 0 0 0 0 0 0 0 0 0 0 0 0 91 7 0 0 22 0 3 43 0 0 0 0 0 0 0 60 38 0 0 0 0 0 0 0 0 18 0 0 0 0 0 0 96 0 0 0 0 80 64 0 0 36 95 0 0
0 0 99 0 7 82 0 0 75 0 0 0 0 0 0 0 0 99 0 0 0 0 0 1 51 0 0 0 0 0 0 0 0 0 7 0 17 29 0 0 0 0 0 0 0 0 0 0 13 0 0 0 76 0 0 0 0 37 0 0 23 0 0 59 0 0 79 0 0 0 0 0 0 0 0 65 0 0 41 0 0 0 0 0 0 0 0 0 65 0 0 0 0 0 0 0 0 0 81 0
0 0 0 0 0 0 27 0 0 0 0 81 0 0 0 0 66 0 60 0 0 4 0 0 0 0 0 71 30 100 55 0 0 18 0 0 0 0 0 0 0 0 0 0 0 0 0 0 0 7 39 16 38 0 0 0 0 0 62 0 0 0 0 0 0 0 0 0 53 0 0 0 82 78 0 0 6 79 4 0 0 9 0 0 5 45 0 97 0 62 0 0 0 33 0 0 0 0 0 0
0 81 0 0 0 10 0 86 0 0 0 14 0 0 0 0 0 0 0 0 64 13 0 0 0 0 65 0 44 36 0 10 95 0 0 0 0 25 0 0 0 1 0 0 0 0 0 79 72 0 0 0 0 0 0 0 98 0 0 68 79 0 0 0 0 5 0 0 0 0 0 85 0 0 0 34 83 0 0 0 0 0 71 0 0 83 0 0 0 0 0 73 0 0 0 0 0 15 0 60
0 71 0 0 13 0 65 67 0 0 0 0 94 0 0 0 0 0 0 0 98 78 20 0 0 0 0 0 0 0 0 0 0 83 0 0 8 0 0 0 0 0 0 0 0 0 68 0 38 0 0 0 0 0 0 0 9 0 19 0 0 0 0 0 0 0 2 0 0 0 0 0 0 62 0 0 0 0 0 0 19 10 0 27 0 41 0 0 0 0 0 0 0 0 49 0 0 0 0 0
0 0 0 0 0 0 50 0 0 0 0 0 0 19 0 90 97 77 9 0 0 0 0 0 66 39 0 30 22 0 0 16 0 92 0 0 0 0 0 46 0 0 0 0 0 53 0 0 0 83 0 0 28 0 0 0 0 0 0 0 14 72 0 0 0 0 26 0 1 0 0 0 0 42 0 68 67 0 0 0 0 0 0 0 81 0 0 58 0 0 0 0 0 0 0 0 0 0 0 0
0 0 0 0 0 0 30 0 28 0 0 0 0 87 0 0 0 0 31 0 0 0 0 0 48 0 0 0 67 0 0 0 0 0 0 71 86 0 0 26 0 0 0 17 19 0 0 0 0 0 4 0 0 0 0 0 21 0 0 0 68 0 79 0 72 0 0 0 0 0 0 0 0 0 0 0 0 77 55 0 0 0 0 0 0 0 0 0 0 95 0 0 0 61 0 0 0 0 0 88
0 0 68 0 55 0 0 0 0 0 23 0 0 0 0 0 0 62 49 0 0 0 0 0 0 38 0 0 0 0 0 91 52 0 0 0 0 86 0 13 0 0 0 96 73 0 0 0 22 0 0 0 23 17 47 0 0 0 40 59 0 0 0 0 0 0 0 0 0 86 95 0 0 0 0 0 0 59 0 0 0 0 0 0 0 0 0 0 0 0 0 66 0 0 12 0 0 10 0 28
0 21 0 0 30 0 0 0 0 0 0 0 0 0 0 7 27 0 0 0 49 0 0 0 23 0 0 0 81 0 0 83 0 6 20 0 0 0 0 0 52 0 0 36 0 0 0 0 34 0 0 0 4 0 38 0 2 0 41 0 0 0 0 0 0 49 0 0 0 0 0 0 0 0 0 0 0 0 0 24 0 0 67 0 16 0 0 0 0 92 0 0 78 12 0 3 86 0 17 0
0 39 0 0 23 0 0 30 0 0 0 0 40 95 75 40 70 0 0 0 0 0 31 0 0 0 0 0 0 0 40 0 0 0 0 0 0 0 0 0 65 0 67 0 0 65 0 0 0 0 0 26 70 76 0 0 0 35 81 0 16 74 66 55 0 0 0 80 0 0 54 0 0 0 0 11 0 60 0 0 45 0 0 0 55 0 0 0 0 96 0 0 0 54 59 0 0 92 0 0
45 0 72 0 0 0 0 0 0 75 0 0 0 0 0 0 0 0 67 76 0 0 0 0 0 0 5 45 0 0 74 13 0 0 0 0 0 0 67 0 15 0 0 0 0 0 0 65 0 0 0 0 0 0 0 0 49 0 0 0 42 0 0 0 0 0 0 37 99 50 0 0 0 0 0 0 0 0 0 0 0 68 0 41 0 0 0 0 0 0 0 0 3 0 0 0 0 0 0 0
0 0 0 0 97 0 0 0 0 0 68 0 26 0 0 0 39 0 81 0 0 0 0 0 26 0 0 0 0 0 0 0 47 0 10 91 56 0 75 0 0 0 0 0 0 0 32 71 0 0 72 0 0 0 0 0 0 0 76 0 61 0 0 0 0 0 12 0 0 0 0 0 0 0 0 0 0 0 67 0 0 0 91 0 0 0 43 73 0 0 0 0 0 54 0 0 0 0 0 0
0 62 0 0 0 56 0 96 0 2 0 0 0 0 71 0 0 0 0 82 83 81 52 0 0 88 0 0 59 91 96 0 0 0 0 0 0 0 0 44 0 0 0 0 0 41 74 89 0 0 82 0 27 0 0 0 68 0 0 0 10 0 0 78 0 0 0 23 46 0 0 0 0 0 0 0 0 30 49 0 57 47 0 66 0 94 0 0 0 0 0 27 0 86 2 0 0 0 0 0
0 0 80 0 18 0 59 0 37 31 0 0 0 0 0 49 0 0 60 0 0 54 50 0 0 0 0 0 0 19 57 16 0 0 0 26 20 0 7 5 93 0 0 0 0 0 6 0 19 0 67 0 0 0 0 0 0 0 0 0 0 0 67 0 0 19 76 0 0 0 0 0 0 0 0 0 76 0 0 25 0 0 0 0 0 60 0 57 0 5 0 0 0 1 0 0 0 0 0 0
0 0 0 0 0 91 0 0 0 0 0 0 0 0 0 0 11 0 10 0 0 0 0 0 0 97 0 0 0 0 0 80 43 0 0 0 30 55 0 32 0 43 0 0 0 0 0 0 87 0 0 68 0 0 0 17 0 11 0 0 0 0 0 0 0 0 52 72 0 0 0 0 0 59 0 0 0 0 0 0 97 0 0 89 65 0 97 78 5 0 0 0 30 0 0 0 0 86 37 0
0 0 0 86 0 0 0 100 0 4 0 0 0 0 22 0 41 82 70 78 66 0 0 52 0 90 45 50 0 0 0 0 0 97 28 0 34 0 15 0 0 0 0 85 48 0 0 0 0 83 96 0 0 0 83 58 0 0 0 0 4 51 0 0 0 0 0 0 0 0 66 4 0 0 0 0 0 0 0 0 0 57 26 38 80 0 0 19 0 44 0 33 0 61 0 0 0 0 87 0
0 2 0 0 17 0 0 0 45 0 0 0 77 53 42 61 0 79 0 0 0 46 0 0 50 0 0 0 0 100 56 0 0 0 0 0 26 0 0 50 0 0 0 45 77 0 0 0 0 0 0 0 0 68 0 0 0 0 0 31 0 0 0 0 0 0 0 0 0 15 0 0 0 88 86 0 0 0 0 0 0 0 0 0 0 0 0 0 45 0 0 0 0 0 0 0 0 0 63 0
0 0 0 4 28 9 0 19 71 0 0 0 29 0 0 0 0 0 24 0 0 0 0 0 0 0 0 46 79 30 12 0 0 0 0 0 0 0 0 23 0 0 32 0 0 0 0 0 0 96 35 0 0 61 0 0 0 0 69 0 65 0 70 0 0 0 0 0 0 0 0 0 0 0 0 0 0 0 0 0 69 0 0 0 0 0 66 0 5 0 0 67 0 0 0 0 0 0 0 0
0 0 0 59 0 0 57 21 0 0 22 8 3 0 0 0 0 0 0 65 94 0 0 0 0 0 0 0 0 40 0 0 0 0 0 93 0 99 0 0 0 0 0 0 86 0 0 0 0 0 0 92 40 0 77 0 0 0 0 0 0 80 0 0 0 0 0 0 0 0 0 0 0 0 0 0 0 0 0 0 0 0 0 0 48 0 15 23 47 0 0 0 25 0 0 0 0 0 0 36
0 25 0 0 0 0 0 5 0 0 14 0 0 0 0 0 0 0 4 0 0 53 39 0 0 0 58 0 47 0 35 0 92 0 0 0 68 60 0 0 7 76 0 0 0 0 0 93 0 0 0 0 0 0 0 38 80 0 0 55 0 0 0 0 73 0 24 0 0 0 45 63 0 0 0 0 0 45 0 0 0 0 18 0 0 29 0 0 0 0 0 0 63 0 0 0 0 0 0 0
0 0 0 0 19 0 0 0 0 0 0 0 0 0 0 0 82 0 34 0 0 0 0 0 0 59 0 49 0 0 67 0 0 70 0 88 0 0 0 0 0 0 0 0 0 0 0 83 0 3 0 66 0 0 0 0 70 0 0 83 0 0 0 0 0 0 0 46 0 0 0 0 0 0 0 0 41 0 24 0 0 0 0 0 0 0 0 0 0 0 0 0 0 0 0 0 20 0 0 0
0 0 0 0 0 27 0 0 0 70 76 0 0 0 67 0 0 0 0 0 85 0 63 0 60 0 0 0 0 4 0 0 0 0 0 0 0 0 0 0 0 0 0 49 0 0 0 0 0 0 25 87 65 0 0 0 0 0 0 0 0 0 0 0 0 0 0 0 0 0 0 85 0 0 0 0 0 0 0 0 38 0 85 0 0 0 84 0 68 0 0 0 0 0 0 0 0 64 63 0
24 0 96 0 0 0 0 0 16 0 0 83 0 0 0 0 0 0 0 0 0 0 0 0 0 9 0 95 0 27 72 0 0 0 0 0 0 0 0 51 14 36 76 0 0 0 0 0 0 11 0 21 89 0 0 84 0 0 0 0 0 90 0 0 0 0 0 0 0 37 63 0 0 0 0 70 4 0 0 0 0 0 0 0 0 0 0 0 87 0 72 0 0 0 53 90 0 0 0 0
0 0 0 18 0 92 98 85 0 0 0 0 30 0 0 0 0 0 85 0 0 46 0 0 0 0 0 0 0 0 0 0 0 0 0 75 0 0 0 12 0 0 26 0 0 0 0 38 0 87 0 0 76 0 63 0 0 0 0 0 56 0 0 0 33 9 0 0 0 0 0 0 0 0 29 0 100 0 0 0 0 0 24 0 0 0 0 58 71 25 0 0 0 0 0 43 0 0 0 100
10 0 63 0 0 0 0 0 74 0 50 0 0 0 17 0 20 0 0 20 67 0 0 10 94 0 0 0 0 0 0 98 0 0 0 0 0 0 0 0 0 0 0 67 0 0 0 0 80 44 0 42 0 0 98 0 0 56 54 85 0 0 0 46 0 0 20 0 32 19 0 0 0 32 0 99 0 0 0 0 0 0 0 0 0 0 0 0 52 15 64 45 0 0 0 0 0 0 0 0
0 0 0 0 0 0 55 0 0 0 54 54 0 0 0 0 0 0 0 0 0 0 0 54 0 0 0 0 0 0 0 0 7 8 0 0 0 0 0 0 0 54 0 25 0 0 0 0 0 0 0 0 0 0 0 0 5 0 0 0 0 0 0 0 0 0 82 0 0 4 86 45 0 40 0 0 0 0 67 0 0 0 0 0 0 0 0 0 0 0 0 0 0 0 0 0 10 0 44 21
0 0 0 0 60 0 73 0 0 0 0 0 0 0 0 0 18 0 99 0 0 13 0 0 44 0 0 8 0 0 0 0 0 78 56 0 94 0 0 0 26 0 0 0 0 0 0 0 55 0 0 38 0 93 0 0 0 96 0 0 0 0 0 0 0 97 6 88 0 0 0 0 0 0 31 0 0 0 61 0 0 58 17 0 0 0 0 35 0 0 34 0 0 0 0 0 0 0 0 0
0 0 0 0 2 24 67 0 0 0 0 0 0 0 94 92 0 0 0 0 0 86 0 0 0 0 0 0 0 0 0 0 0 97 0 0 73 0 0 62 0 0 0 56 30 0 0 0 73 0 49 23 0 0 0 0 44 0 0 0 26 0 0 0 91 0 0 54 0 0 0 65 0 62 0 0 12 0 71 0 0 24 0 0 0 0 0 0 18 0 0 0 73 0 0 0 65 0 58 57
0 0 0 0 66 6 0 0 0 56 65 0 0 65 0 0 0 0 0 0 0 0 0 0 4 0 0 0 0 0 0 66 26 0 0 0 0 0 0 0 0 0 10 52 0 0 0 14 0 63 33 0 0 0 0 0 0 0 0 0 0 0 40 28 0 11 97 0 0 0 0 0 14 0 0 0 0 0 0 0 0 0 0 0 0 0 0 0 0 0 74 60 0 0 0 0 0 92 0 0
0 0 0 33 0 56 0 11 0 0 0 0 0 0 0 78 0 0 0 93 0 0 57 0 0 4 0 0 86 0 0 0 0 0 0 0 0 4 0 0 0 0 0 0 0 20 0 0 0 47 0 0 95 51 47 96 0 0 90 0 0 0 0 0 0 84 0 0 44 0 100 0 0 0 0 0 0 0 28 0 100 0 0 0 0 0 0 0 0 0 0 97 0 0 0 0 0 0 0 0
0 0 0 0 0 0 0 0 0 18 31 0 0 0 93 0 0 89 0 0 0 0 33 42 20 0 0 51 0 0 0 0 0 0 0 0 16 0 7 0 0 46 0 0 0 24 0 0 37 0 0 0 0 0 0 0 0 0 0 0 0 0 0 0 0 0 36 10 0 0 0 0 95 0 0 99 0 14 0 0 52 0 0 58 0 0 0 58 35 0 0 99 95 0 0 0 0 0 3 62
0 0 83 0 0 0 0 15 0 0 0 12 0 0 0 0 0 40 0 47 0 52 0 39 0 91 0 0 0 0 0 1 0 0 0 33 0 45 0 0 0 0 0 0 0 0 29 100 0 0 44 0 0 39 0 0 0 0 52 0 0 16 0 0 0 0 78 0 0 0 6 0 0 0 0 0 73 0 0 61 0 0 0 0 37 0 0 0 0 0 0 0 0 0 0 0 0 0 0 35
9 0 0 0 0 0 0 0 0 0 0 0 47 93 0 0 0 29 0 0 0 0 0 0 0 0 0 0 95 0 0 0 0 0 0 0 0 0 0 0 0 0 64 60 63 0 0 0 78 0 0 0 0 0 0 0 0 0 0 0 0 0 0 0 69 99 0 0 0 0 0 90 18 0 0 20 0 32 0 0 0 0 23 0 0 81 42 59 0 0 0 0 0 76 94 0 0 0 0 12
47 0 0 0 0 0 0 100 0 63 0 0 0 0 0 5 58 72 0 0 40 0 0 0 0 0 0 21 0 0 98 77 0 0 97 0 0 0 45 0 0 0 0 0 0 0 0 97 0 0 0 0 65 0 0 0 3 0 0 0 0 0 31 0 0 74 0 30 0 0 0 0 31 0 0 0 0 0 93 0 0 0 0 0 0 0 0 0 0 0 0 0 14 0 0 0 0 51 0 0
0 10 0 98 0 21 0 0 46 0 0 0 78 0 0 0 0 0 0 0 2 0 0 0 0 0 0 0 8 0 0 0 0 0 0 9 44 0 0 0 3 0 50 0 0 0 82 0 0 0 0 17 88 0 0 0 40 0 0 1 0 0 45 0 0 0 0 0 0 0 0 0 0 65 0 0 0 0 0 49 19 0 0 0 0 15 0 89 87 0 0 20 0 60 0 0 0 64 0 0
58 0 60 0 0 27 0 0 0 0 55 0 25 61 0 0 0 0 0 50 82 0 0 0 0 3 2 0 0 0 83 87 0 0 83 0 70 42 69 0 0 0 0 0 0 0 96 0 0 0 87 0 59 0 32 0 0 0 0 0 0 54 39 0 0 0 14 0 0 0 43 0 0 67 0 0 0 0 0 0 0 0 0 95 0 76 64 0 41 0 6 0 0 0 0 0 0 0 0 0
87 9 68 0 0 58 0 13 34 0 0 0 0 41 0 0 37 0 0 0 86 0 0 0 0 46 0 0 0 0 0 0 0 0 35 39 0 43 0 51 60 0 0 26 0 0 0 7 0 22 0 0 18 0 13 0 54 0 0 52 0 0 0 0 23 3 0 0 0 70 0 0 0 33 27 0 0 0 70 0 8 0 0 14 0 0 49 0 0 0 0 0 51 0 0 0 0 0 0 65
88 83 0 0 0 30 0 0 14 0 0 18 0 0 10 0 0 0 0 0 0 0 0 0 0 0 0 0 0 0 0 67 0 0 0 51 0 25 0 59 0 44 83 0 0 0 0 0 0 0 79 0 0 0 0 69 16 11 0 0 0 0 42 0 0 1 0 0 0 0 0 0 10 0 0 0 75 46 0 87 0 100 0 0 0 27 68 0 0 0 0 0 0 65 98 0 0 0 0 15
0 40 0 0 36 0 0 0 0 0 83 0 19 0 0 0 0 5 71 0 0 0 0 0 57 38 0 0 0 24 0 0 0 0 0 0 0 59 0 0 0 97 98 0 55 0 0 0 53 0 28 0 0 93 0 0 0 0 51 0 0 40 60 95 54 56 40 0 75 43 0 0 0 64 0 0 0 78 0 0 81 0 63 0 0 0 0 0 0 1 14 0 58 0 19 0 0 0 0 0
56 0 0 0 0 0 0 0 0 0 66 0 0 0 0 0 0 0 12 48 37 0 0 0 50 0 0 3 0 0 0 0 0 0 0 0 0 0 0 0 0 0 0 0 0 0 85 0 0 0 0 0 0 0 24 0 0 0 0 0 0 77 0 0 0 0 0 0 0 0 0 11 0 0 42 15 0 0 92 0 0 0 0 0 0 54 0 66 73 0 0 0 0 0 0 2 0 0 55 0