100
0 0 0 0 0 0 0 0 84 0 0 26 0 0 37 0 0 0 0 0 0 0 0 0 0 46 0 0 0 16 0 0 0 0 0 0 0 0 0 0 0 0 0 0 0 0 42 0 0 0 35 0 0 0 0 0 0 60 0 0 2 0 0 0 0 53 0 0 0 0 0 0 49 0 30 0 21 0 0 0 0 0 0 0 0 0 50 0 0 0 0 0 0 0 0 0 37 0 42 0
0 0 0 0 0 33 1 16 0 0 43 0 0 73 0 0 0 0 0 0 0 81 0 14 0 0 64 2 0 0 0 0 95 0 0 0 0 0 0 37 0 0 0 0 0 0 0 28 0 0 0 0 0 0 0 0 0 78 0 0 0 26 0 0 0 0 0 0 0 0 0 0 15 0 0 84 18 0 56 0 0 78 0 79 0 0 0 0 35 0 0 0 0 47 0 0 81 0 0 0
48 0 0 0 0 0 52 62 0 44 0 0 0 41 0 0 0 0 16 0 0 0 0 5 41 0 0 0 0 0 0 0 0 0 0 0 2 0 0 0 0 68 0 0 0 0 0 0 24 87 0 0 19 57 74 0 0 79 0 0 50 0 0 86 13 0 0 69 0 0 0 0 0 0 0 65 21 0 0 14 67 0 0 0 0 0 0 26 0 27 0 83 0 0 0 0 12 0 0 0
36 0 0 0 0 0 0 0 0 30 0 0 0 0 0 77 0 0 0 0 0 0 0 0 0 0 0 33 0 0 0 0 58 7 0 0 0 0 0 0 0 0 0 0 0 0 0 3 0 0 0 0 68 0 0 0 0 0 77 0 0 0 0 67 0 0 0 5 0 0 0 87 56 0 0 6 0 0 21 0 16 0 0 0 33 0 0 0 10 95 0 0 0 0 58 0 0 0 0 0
93 0 0 0 0 0 0 0 0 0 0 0 60 0 0 0 5 0 0 0 0 17 0 0 0 60 0 0 0 0 0 0 0 0 73 100 0 0 0 76 0 0 0 21 86 0 0 0 0 0 0 0 0 0 0 0 0 0 0 0 0 60 0 0 0 0 86 0 0 0 0 0 74 0 92 0 0 0 0 96 0 0 0 0 0 0 72 54 0 84 60 0 0 0 0 31 90 0 0 0
0 50 0 100 0 0 0 0 0 42 37 0 0 0 0 0 0 100 0 78 0 0 0 0 46 55 16 7 0 0 0 0 0 62 0 0 0 0 0 0 0 25 0 0 0 0 0 0 0 33 64 0 0 0 0 43 0 0 85 98 15 0 0 0 0 0 0 51 0 0 0 0 0 15 0 0 0 44 0 2 32 9 65 91 0 0 0 0 42 0 0 0 87 0 0 0 12 0 0 0
0 0 0 0 0 0 0 65 0 0 0 0 39 0 0 0 0 0 92 81 0 0 0 0 4 0 0 0 0 0 0 0 16 0 0 82 0 24 0 0 0 0 0 0 50 0 0 0 0 0 20 0 0 0 0 0 5 0 0 0 32 0 0 0 0 0 39 17 0 0 0 0 22 11 95 52 0 60 28 0 0 0 0 0 0 0 18 0 0 0 0 0 0 0 0 0 0 19 23 0
0 24 0 0 0 0 98 0 17 0 0 97 0 9 0 0 0 55 0 0 0 0 0 0 0 0 0 0 0 0 0 0 0 0 0 39 0 0 0 0 0 0 0 0 0 80 0 46 73 0 0 6 0 0 44 0 0 44 0 0 0 0 0 0 0 99 89 0 0 62 0 0 68 56 36 6 0 0 0 0 0 18 0 0 0 0 0 0 0 0 38 91 0 0 0 0 0 0 58 0
0 0 0 0 33 0 0 0 0 0 0 78 0 0 0 0 35 7 0 0 0 48 55 0 0 0 97 0 15 58 0 0 71 0 0 0 0 0 8 0 0 47 0 0 0 0 0 0 0 0 0 0 0 0 65 0 0 0 0 32 0 0 5 0 0 0 0 0 0 0 0 0 6 0 0 0 0 0 0 0 33 0 0 0 0 0 0 0 67 0 0 0 0 0 0 41 0 0 0 9
0 88 0 0 0 0 0 81 0 0 0 12 89 0 0 0 0 87 0 45 0 0 0 0 2 77 0 38 0 0 75 0 0 0 0 0 0 0 55 80 0 0 15 0 0 39 0 0 0 0 0 0 0 87 0 0 16 0 0 0 0 70 0 39 0 0 0 0 0 0 0 28 81 0 0 0 0 0 0 0 21 0 0 0 0 60 0 0 0 0 0 66 0 0 0 24 0 19 0 0
0 0 0 60 0 0 60 8 0 0 0 41 0 0 5 91 0 0 0 10 64 0 0 0 0 83 0 0 0 0 27 97 0 0 4 0 22 0 81 0 0 0 0 0 0 5 0 0 0 0 95 67 27 94 0 0 0 0 9 0 0 0 0 66 0 21 0 0 79 0 91 0 0 39 0 13 0 49 0 37 0 0 0 0 58 0 71 0 0 0 0 90 0 0 0 0 0 0 0 0
23 0 45 0 0 22 0 0 32 0 0 0 90 0 0 0 0 0 58 0 0 47 0 0 0 0 97 0 83 0 0 0 0 0 0 0 0 0 63 23 0 0 0 0 40 0 0 0 0 0 0 70 0 0 0 0 0 82 0 0 49 0 0 0 0 0 0 0 0 12 90 50 0 50 43 0 6 0 27 0 0 0 0 32 0 40 0 0 0 78 78 0 0 36 36 0 29 0 0 34
0 0 0 0 0 55 0 0 0 0 30 0 0 0 0 0 0 0 0 0 0 71 19 0 0 0 0 0 0 0 61 0 15 92 0 100 0 63 9 0 0 0 0 0 0 0 0 0 0 33 0 0 35 0 0 0 0 0 0 0 0 0 60 0 0 0 0 0 0 0 0 0 21 0 0 0 0 7 0 0 0 0 80 15 0 19 0 0 0 0 0 53 0 0 0 0 35 0 0 0
0 0 0 0 0 0 0 0 28 0 0 0 0 0 0 0 0 0 0 0 0 0 0 0 50 0 0 0 0 0 18 0 0 0 0 0 0 51 0 0 51 0 78 31 0 0 0 0 0 0 0 0 0 0 0 98 0 0 0 0 0 0 55 0 0 0 37 0 32 0 0 99 0 0 13 0 0 0 95 0 0 97 68 54 0 0 0 0 0 78 0 0 47 3 40 0 0 0 73 0
0 0 0 0 0 26 0 0 0 0 0 0 0 0 0 0 0 0 57 0 86 0 0 55 97 0 0 0 0 73 0 0 100 0 0 73 0 3 57 0 69 36 89 0 1 0 0 39 26 0 0 0 85 4 0 0 0 0 0 0 0 95 0 0 0 52 0 0 0 53 0 0 20 88 30 0 0 44 0 0 5 0 0 0 0 0 52 0 0 0 0 0 0 0 0 0 58 0 0 7
0 94 0 0 9 0 0 0 0 0 0 0 0 0 4 0 55 0 50 0 0 0 90 55 0 0 0 15 98 0 31 0 42 0 0 0 32 79 0 50 0 0 70 2 0 0 63 0 0 0 0 0 9 0 0 0 0 0 0 0 0 0 0 0 0 0 23 0 0 50 98 0 0 0 0 0 0 18 0 0 0 0 89 0 79 0 0 0 0 0 0 0 36 0 0 89 37 53 62 0
0 28 38 90 15 0 0 0 79 0 45 0 0 0 0 63 0 0 0 0 0 0 0 32 0 0 0 14 0 0 0 0 45 0 0 0 92 0 0 0 0 44 0 0 0 0 53 0 0 0 7 0 94 0 0 0 0 47 0 0 67 0 89 0 0 62 43 0 0 0 45 0 0 0 0 0 0 0 19 40 29 0 0 0 0 0 87 0 92 47 0 0 0 0 24 0 0 0 68 0
0 0 0 0 0 67 15 0 0 0 0 0 0 0 0 0 0 0 0 0 0 0 0 0 0 0 0 0 9 0 0 0 13 0 0 31 0 61 20 0 0 13 37 0 0 0 0 0 0 0 0 0 28 0 100 0 0 0 0 27 0 0 98 0 0 0 74 18 0 0 0 0 28 0 0 0 0 0 0 78 0 0 0 0 0 0 0 0 0 63 0 0 0 0 0 0 0 80 0 0
0 23 0 0 0 0 0 0 0 0 0 0 0 0 0 0 25 36 0 0 24 0 0 0 0 0 0 0 0 0 0 0 0 0 0 0 0 0 0 94 0 32 0 0 0 0 81 0 0 0 67 0 0 72 0 0 0 0 0 0 0 94 0 0 0 0 0 0 0 0 0 0 44 0 0 0 0 0 0 39 0 0 0 39 0 0 0 0 0 49 82 25 21 2 0 0 0 0 0 0
0 38 0 93 0 0 42 0 0 76 84 0 0 28 0 0 89 0 0 0 0 49 0 61 0 48 0 0 0 0 0 14 0 0 0 75 0 0 0 0 0 0 0 0 0 20 0 51 23 0 0 67 0 0 11 50 99 0 0 0 50 91 0 45 0 0 0 69 95 0 0 13 0 71 0 0 0 37 0 0 0 57 0 68 0 0 0 0 0 0 0 0 0 0 31 0 37 73 24 5
0 65 0 86 0 0 0 0 0 0 49 0 0 0 0 50 0 0 0 74 0 61 69 55 0 37 49 0 8 0 0 0 0 0 67 0 0 0 0 0 0 0 0 0 0 0 0 0 0 0 8 0 0 16 0 0 0 77 0 0 0 0 54 0 0 0 7 0 0 0 0 0 94 0 0 24 0 0 0 17 0 0 69 0 0 0 1 0 0 0 73 22 0 0 0 39 0 82 0 0
0 0 0 0 0 0 0 0 0 0 83 70 0 0 59 0 0 0 0 0 65 0 0 34 18 0 0 0 94 34 0 57 99 0 55 8 0 61 0 0 52 0 0 0 0 0 18 37 0 0 0 30 0 0 0 0 0 0 0 60 23 0 79 0 0 0 0 0 29 52 0 0 0 64 0 0 0 0 0 0 70 0 0 0 20 33 0 45 0 0 0 0 0 0 46 0 23 0 0 5
0 77 90 0 0 0 0 0 0 0 50 0 0 0 38 0 0 0 0 0 70 67 0 0 53 0 25 86 80 0 0 0 38 0 0 0 0 87 0 0 0 0 0 0 0 0 45 0 0 0 0 0 0 0 0 0 0 32 79 0 0 0 0 0 0 87 46 86 0 0 0 0 0 26 0 50 0 0 0 0 0 87 100 84 0 0 0 0 97 49 50 0 0 0 0 0 0 0 0 29
0 0 4 79 0 0 63 51 0 0 0 0 0 0 28 0 87 0 49 0 0 68 3 0 0 70 18 0 18 72 0 76 0 0 76 0 0 0 0 0 0 0 0 71 28 0 0 0 13 0 64 0 0 6 0 0 51 0 7 0 0 0 0 0 0 0 0 60 0 0 0 0 0 0 0 0 0 0 0 0 0 62 98 0 32 0 0 47 0 0 0 0 98 22 0 0 0 82 0 84
0 0 0 0 0 0 0 0 7 0 82 0 0 0 32 39 31 70 0 0 0 81 0 0 0 19 0 0 0 0 0 0 0 0 72 0 0 22 83 0 25 76 0 0 100 0 0 0 0 0 0 0 15 0 50 0 0 0 0 0 0 0 0 0 57 0 47 78 23 26 0 0 69 100 0 0 92 0 0 0 0 53 0 11 83 23 0 0 0 0 0 31 0 60 0 41 0 0 0 0
72 0 0 0 0 0 0 0 89 0 0 0 37 31 74 0 85 0 0 12 0 0 0 0 0 0 12 0 91 3 24 0 0 0 87 99 0 0 0 0 0 0 0 0 0 0 9 0 0 0 34 0 0 0 13 0 0 0 59 0 0 0 0 21 0 0 0 0 0 0 0 0 58 0 82 0 0 0 0 0 83 0 0 93 0 89 0 0 0 0 0 0 0 0 0 0 95 0 0 0
0 0 0 0 0 0 68 0 0 0 0 0 0 0 0 19 0 86 0 0 0 66 0 12 0 63 0 42 0 0 0 0 0 83 0 0 0 0 0 0 0 81 84 0 0 0 0 0 0 95 0 0 0 48 0 0 0 0 89 0 0 58 2 0 0 0 0 96 0 0 0 0 0 0 0 20 0 0 0 90 86 0 17 9 0 65 0 0 0 4 0 0 0 0 0 0 74 0 0 48
32 72 0 33 0 0 0 0 0 0 0 9 0 0 0 0 0 33 77 77 0 0 70 0 0 38 78 0 0 0 62 0 61 0 0 0 0 0 0 0 0 0 77 0 0 0 0 0 0 34 0 0 7 0 0 70 0 3 0 43 0 88 0 0 0 0 0 35 89 0 0 0 46 0 0 0 0 50 0 0 14 0 0 0 0 0 0 0 0 0 0 0 0 0 0 0 0 0 0 0
74 0 0 0 0 0 0 69 0 0 0 0 0 0 77 0 0 0 0 0 0 0 33 0 81 0 0 7 0 0 40 0 51 25 0 0 0 0 0 0 0 0 0 0 0 0 0 0 43 0 0 0 0 0 0 0 0 0 0 0 0 0 37 68 0 66 0 0 81 0 0 11 0 4 0 0 0 0 0 0 0 0 0 0 0 0 8 54 0 51 0 0 0 0 0 0 0 0 0 73
0 0 0 22 0 0 22 0 0 0 0 0 0 0 0 0 0 0 0 0 0 0 0 87 0 0 0 18 0 0 0 0 0 9 0 0 0 0 0 0 0 0 4 0 0 0 0 9 0 0 0 0 21 0 0 38 0 0 92 0 24 89 87 0 0 0 0 0 0 0 0 0 81 23 0 0 0 68 53 0 32 75 0 0 62 0 0 95 5 0 0 0 0 0 0 0 0 0 0 92
0 0 0 0 0 0 0 89 0 32 0 0 0 0 0 0 0 0 0 0 0 0 0 92 0 0 57 0 0 0 0 0 37 0 90 70 88 0 0 0 0 0 0 0 0 0 0 16 0 38 0 0 4 0 0 0 0 0 38 0 0 0 64 84 31 0 0 0 100 35 0 6 51 56 0 0 0 66 0 46 0 0 0 0 47 0 0 0 0 42 0 0 0 0 19 0 0 0 0 26
0 0 0 0 32 0 0 4 0 0 34 0 0 0 0 0 0 0 0 77 49 27 0 0 0 0 0 0 0 80 0 0 41 0 100 0 0 0 0 4 39 0 0 0 0 74 0 67 0 0 0 0 0 0 0 0 0 72 0 26 0 0 1 76 57 25 0 0 0 0 0 0 0 0 99 78 0 0 0 0 0 33 0 0 0 79 56 0 0 0 86 0 0 0 40 63 0 0 0 0
38 0 100 0 27 0 72 0 0 39 0 84 0 0 0 0 0 0 58 18 0 0 0 79 35 100 0 0 5 43 0 0 0 0 17 46 0 0 17 17 0 0 0 0 0 0 0 58 62 0 0 0 91 0 0 0 0 50 0 0 57 0 57 0 54 0 70 0 0 60 42 30 62 0 0 0 0 0 0 0 0 0 0 0 0 0 0 43 48 11 0 0 77 0 0 52 0 54 0 94
0 0 0 0 17 49 21 0 0 0 0 58 0 0 84 0 0 0 11 0 0 0 0 11 0 0 0 0 0 0 0 0 9 0 0 0 0 0 0 0 0 0 0 0 0 60 0 0 0 0 41 45 0 0 0 0 26 0 0 0 0 1 0 0 0 0 0 80 86 0 0 0 0 0 0 19 0 83 0 0 45 38 62 0 44 0 0 0 0 0 38 24 0 0 81 87 8 0 0 0
0 0 0 42 42 0 0 64 50 0 0 0 0 0 0 0 0 46 61 0 0 0 0 100 5 0 0 0 0 41 5 0 0 0 0 0 0 0 0 0 0 0 0 0 0 0 0 0 0 0 0 0 0 0 0 0 28 0 0 31 0 30 22 26 0 0 36 0 0 0 0 0 60 0 46 0 83 0 56 0 0 0 0 0 100 1 0 0 0 81 66 0 0 94 74 62 0 0 0 0
0 62 71 55 54 0 0 0 0 89 0 0 0 0 0 0 0 0 0 53 0 45 0 0 0 0 26 0 0 0 23 38 0 50 0 0 0 0 0 0 30 0 0 0 0 0 0 0 0 54 51 0 0 0 0 0 0 0 0 47 0 0 0 84 0 0 0 0 25 0 0 0 0 0 0 18 0 16 0 0 0 0 0 33 88 0 0 0 0 0 0 0 96 32 0 0 0 0 0 0
0 0 87 0 0 0 0 0 0 0 0 50 0 0 0 0 39 0 0 89 18 0 0 0 0 0 0 0 0 0 0 0 0 5 0 0 0 0 0 56 0 0 0 0 0 0 0 0 63 83 0 62 38 0 0 12 0 0 0 0 0 0 55 9 0 47 0 0 0 0 0 0 0 0 0 0 0 77 0 0 0 0 33 0 0 0 0 0 34 38 31 0 33 0 0 0 0 0 0 75
0 0 78 78 0 0 0 0 0 0 25 0 43 0 0 0 0 7 22 0 93 0 0 0 0 15 0 0 0 11 0 0 0 81 0 0 0 0 0 0 0 16 0 0 0 0 0 0 69 84 0 74 0 0 0 0 0 0 0 0 0 47 51 0 0 0 0 0 0 10 0 0 0 0 0 0 5 0 0 0 0 0 0 0 0 0 0 0 0 0 40 0 0 4 5 0 0 65 0 89
0 0 0 0 0 0 0 0 0 0 0 90 0 0 0 0 0 0 0 0 0 0 39 0 23 0 0 0 0 0 0 90 0 0 6 0 45 0 0 0 77 0 0 0 0 0 45 99 0 0 0 76 0 0 73 0 97 0 30 0 0 0 6 56 0 0 0 0 0 0 0 0 26 0 0 0 0 0 0 70 87 0 0 0 0 0 0 38 0 0 0 0 0 0 10 0 0 0 0 0
0 0 51 0 0 0 15 0 0 0 48 42 0 0 72 0 0 0 0 0 0 0 0 0 29 0 0 0 0 0 0 42 55 0 0 0 89 0 0 0 0 0 50 36 17 0 0 25 0 0 0 0 0 93 0 0 26 0 0 0 0 14 0 0 0 0 14 0 3 82 0 0 23 0 0 0 3 0 0 0 0 0 0 12 38 0 0 0 0 0 79 16 0 25 79 32 0 29 0 0
0 0 8 57 0 0 0 0 0 0 0 0 0 0 0 0 74 0 0 1 0 0 0 0 0 0 0 36 0 47 0 14 0 0 0 0 0 0 13 0 0 0 0 0 0 27 0 0 0 0 0 0 0 0 0 27 0 0 0 46 0 0 0 0 0 0 0 0 0 0 0 0 0 0 0 0 28 0 0 0 0 0 0 39 28 0 50 0 79 86 0 12 0 89 0 0 98 0 0 0
0 0 0 0 0 0 0 20 0 23 0 88 2 0 0 0 0 0 0 0 0 0 0 0 0 0 0 18 0 0 0 0 0 23 0 0 0 0 0 0 0 0 0 100 0 0 0 0 0 0 0 0 38 0 0 0 0 0 34 0 0 0 0 0 0 0 0 0 37 76 0 0 0 0 53 0 0 0 0 0 0 0 0 0 0 0 0 0 0 0 0 28 0 0 92 0 0 0 0 0
0 0 0 92 0 0 0 0 0 83 0 0 0 0 13 0 0 0 0 0 0 0 33 0 0 0 0 0 0 0 0 0 0 0 18 0 0 0 0 0 0 74 0 0 0 0 53 0 0 0 0 0 0 0 0 0 0 0 82 0 24 0 0 0 0 21 0 0 52 0 0 0 0 0 0 0 0 60 0 0 63 0 0 41 0 0 56 0 0 46 0 0 0 42 0 0 0 0 0 95
0 0 0 0 0 26 0 0 0 96 53 0 0 0 0 0 0 0 0 59 0 0 0 0 0 0 0 18 47 0 0 0 0 0 45 0 78 0 0 47 0 0 68 0 95 0 0 0 13 0 0 0 0 0 0 0 81 63 0 0 0 0 0 0 46 0 45 0 0 11 51 0 43 0 2 86 0 0 0 74 0 0 0 0 0 82 0 0 0 0 87 32 0 0 35 45 0 58 0 0
0 0 46 0 0 0 0 0 0 0 0 0 0 21 0 0 0 44 0 0 0 0 6 75 0 0 0 0 0 0 0 0 0 96 0 28 21 0 0 0 3 0 0 0 0 24 0 0 0 9 39 0 76 0 0 8 99 0 0 0 97 0 0 11 72 0 0 0 31 0 0 0 0 0 0 0 0 0 0 53 0 0 45 0 51 0 8 0 0 0 0 0 0 44 0 0 34 0 0 0
0 76 0 21 22 17 0 0 0 0 0 0 0 71 0 0 0 21 0 87 0 0 0 69 0 0 0 81 0 4 43 0 90 62 99 0 51 0 7 0 0 78 0 0 0 0 0 0 0 10 0 0 0 0 0 0 0 0 0 26 0 13 37 0 95 0 0 0 8 74 0 83 85 0 0 0 0 0 0 0 0 33 0 0 25 0 19 21 0 0 0 0 0 0 0 31 0 0 0 0
0 0 0 82 0 0 0 0 0 0 7 0 0 0 0 0 77 0 0 0 0 0 20 0 44 93 0 0 0 10 50 61 6 0 70 0 24 81 1 13 0 73 0 0 0 0 0 0 0 57 0 0 0 89 0 44 0 0 0 0 0 0 0 0 74 0 0 0 95 0 0 0 0 0 0 15 0 98 65 0 0 0 12 0 0 44 0 0 0 0 84 0 0 0 0 0 0 85 0 0
38 36 7 0 25 89 0 0 0 74 0 0 24 0 0 12 28 0 0 0 0 0 37 0 0 0 93 0 0 0 0 62 89 0 0 74 0 0 0 0 55 0 0 25 0 0 0 0 0 0 0 0 0 0 0 0 34 12 0 0 0 0 0 0 0 3 0 0 81 0 0 36 0 0 0 0 3 0 0 56 0 0 0 0 0 0 0 0 6 0 27 17 18 76 0 23 0 0 86 0
0 0 0 97 10 0 0 0 0 4 0 0 0 0 99 0 0 0 39 0 3 0 0 0 0 0 69 0 32 0 0 60 31 0 0 0 15 0 0 0 18 0 62 83 0 0 0 0 0 8 0 0 0 0 0 12 60 0 0 25 0 0 0 0 0 0 0 0 0 0 0 0 0 0 0 38 0 31 0 0 0 0 0 0 0 0 0 77 0 0 0 0 0 16 0 96 43 0 0 0
0 0 0 75 0 0 0 38 0 0 22 0 33 0 0 0 0 0 0 0 0 45 0 0 0 0 93 0 0 0 0 11 0 0 0 0 0 55 0 19 0 35 0 0 27 94 0 0 0 0 0 0 0 0 90 79 53 0 0 0 0 0 0 89 71 0 0 29 0 0 0 0 0 53 0 0 0 0 0 0 0 0 0 64 0 0 0 12 0 0 87 0 88 2 0 0 91 72 0 0
0 0 94 0 0 0 0 0 0 0 0 62 75 0 0 0 54 0 0 0 0 0 0 0 0 0 0 0 0 0 0 0 0 0 0 0 0 0 0 0 0 0 0 99 0 0 40 0 0 0 0 69 0 0 0 0 0 0 0 0 0 48 0 76 65 0 0 0 0 0 63 0 0 0 0 42 0 0 0 0 0 0 44 0 0 60 0 0 100 0 0 0 0 0 0 0 0 91 0 2
0 58 23 0 0 0 0 85 0 0 0 0 0 48 50 0 0 0 0 0 0 86 0 34 0 0 0 0 0 0 0 76 0 13 0 0 6 2 0 0 0 0 0 0 63 0 0 0 76 0 0 0 0 0 0 65 0 0 0 0 0 0 60 0 0 0 0 0 0 62 0 0 0 9 6 0 0 85 0 56 35 24 0 0 0 0 94 49 0 0 0 0 59 0 0 0 54 18 0 0
0 0 0 0 0 3 11 0 0 0 0 0 15 0 33 0 0 0 57 0 0 0 0 0 0 0 9 0 0 22 0 14 0 0 71 0 0 22 0 0 0 0 0 84 0 0 0 73 92 0 87 0 0 0 0 0 0 0 52 85 54 0 0 0 0 46 0 0 0 81 0 0 85 0 0 0 16 100 0 5 0 17 0 19 0 0 0 0 32 0 40 0 0 13 0 0 37 0 0 0
0 0 0 0 0 66 0 0 0 0 0 0 0 69 0 0 94 0 0 0 13 0 0 44 0 72 0 0 0 0 0 0 0 0 0 7 1 0 69 0 11 0 0 3 0 0 0 58 87 0 42 48 68 0 0 0 0 0 0 0 0 0 94 0 0 0 0 0 0 0 0 14 0 2 46 0 0 0 0 0 100 0 0 0 4 41 0 0 0 0 30 0 3 0 0 0 65 0 0 0
0 0 0 0 0 0 0 0 96 0 0 0 0 0 79 0 0 0 0 0 0 0 0 0 0 0 94 0 0 43 24 0 0 0 18 94 16 0 84 0 0 0 0 70 0 0 0 0 0 0 0 0 0 77 0 42 24 0 0 0 0 0 0 0 0 0 0 0 0 0 0 0 80 0 34 41 5 0 86 19 38 0 0 0 0 51 0 0 0 78 0 0 0 0 0 0 0 0 91 0
0 0 0 0 69 0 0 0 0 0 81 0 0 0 91 0 0 0 35 0 38 83 0 0 100 0 0 0 81 6 29 86 77 0 0 0 47 0 0 0 53 0 0 21 16 0 0 0 0 0 0 0 0 0 0 0 0 0 74 0 0 0 0 0 0 96 0 85 0 34 0 0 70 37 0 0 0 0 0 99 0 0 0 0 0 0 40 0 0 0 0 47 0 0 0 0 0 0 0 0
0 0 0 23 0 0 0 0 0 0 0 85 0 0 83 0 0 48 0 0 0 0 89 0 0 0 0 0 0 0 64 0 0 0 0 4 0 85 0 0 89 0 0 0 37 89 0 26 0 90 0 44 51 9 0 45 0 0 96 28 0 0 0 0 19 80 0 50 0 0 0 0 32 0 0 0 0 66 0 89 93 0 0 94 0 0 0 0 0 0 0 0 0 15 10 0 71 0 4 0
0 0 0 0 0 0 0 0 0 0 0 0 0 0 22 0 42 98 0 0 0 0 74 43 0 0 45 34 0 13 0 73 0 79 0 0 63 0 12 0 0 0 0 0 57 72 91 0 4 0 0 0 0 0 0 0 0 0 0 0 0 0 0 0 78 0 0 99 0 56 0 0 19 51 0 61 0 0 0 0 88 0 31 39 0 0 0 0 0 0 50 0 0 0 0 0 0 0 0 0
0 0 0 0 62 48 0 46 0 0 0 95 97 0 78 0 0 0 0 0 14 0 0 0 0 29 0 0 0 0 0 1 0 0 0 7 39 61 0 11 0 0 0 0 0 64 0 0 0 0 0 0 0 81 0 0 59 0 0 65 0 0 0 0 0 60 0 0 0 0 0 8 0 0 0 0 0 0 0 0 0 0 0 10 46 0 0 0 0 19 93 0 0 0 0 33 0 42 35 0
0 0 0 76 17 0 0 0 0 0 64 0 78 23 0 0 24 0 0 0 0 0 0 0 0 0 0 83 7 0 0 0 0 19 0 0 0 0 97 0 0 0 21 0 40 0 19 82 0 0 0 0 0 77 0 0 0 0 0 0 0 59 0 0 0 0 0 0 0 0 0 9 27 0 95 13 58 90 3 0 0 0 65 0 0 0 8 19 0 79 0 0 0 0 0 0 0 0 9 0
0 0 30 0 0 80 0 0 0 0 0 0 10 0 0 98 0 0 0 0 0 0 0 27 0 0 0 0 0 13 0 0 0 0 0 0 0 47 0 0 0 0 79 0 0 0 0 0 0 62 0 0 0 49 80 5 0 0 20 0 0 0 0 0 8 0 0 0 0 52 0 25 64 0 0 42 78 0 0 0 0 0 28 0 0 0 0 0 37 0 0 0 0 0 0 0 0 0 0 0
0 0 0 0 56 61 0 0 9 0 0 0 0 82 0 0 79 0 0 28 0 0 0 56 83 16 57 97 0 0 40 0 0 61 0 0 0 0 70 95 0 0 0 0 0 51 0 0 0 0 0 0 0 0 70 0 0 0 0 0 0 0 0 0 0 0 0 0 0 0 0 0 0 0 0 0 0 0 90 32 0 100 0 0 65 0 0 0 0 0 70 88 0 0 0 0 0 0 0 0
0 0 0 0 22 0 0 0 17 0 0 0 0 0 0 86 0 0 0 0 9 78 0 0 0 26 96 0 0 0 86 27 15 0 0 0 0 90 0 13 0 0 0 0 0 0 0 0 35 0 0 52 35 74 60 0 0 4 33 0 78 0 0 61 0 0 0 0 94 0 0 0 0 16 71 0 0 0 0 83 0 0 0 0 0 0 0 56 0 0 0 0 0 0 0 0 0 0 0 0
0 0 0 0 0 0 0 28 0 0 45 0 52 0 11 64 0 0 0 99 0 0 0 0 25 0 0 0 0 0 70 0 0 0 27 0 0 24 0 0 0 0 0 0 0 0 0 96 80 58 0 0 0 0 60 97 0 0 0 49 0 23 0 0 0 0 38 0 0 0 0 0 0 0 98 0 22 0 0 0 93 0 0 0 0 0 0 32 0 0 0 29 0 0 0 0 0 60 25 0
0 0 0 0 0 0 0 32 0 58 0 65 0 0 0 34 87 0 0 0 33 40 100 0 0 11 44 0 0 0 0 29 0 0 0 0 0 99 87 0 0 0 0 0 0 39 0 0 91 0 0 0 0 0 0 0 0 66 0 0 0 0 0 0 0 0 0 0 0 0 0 82 0 26 30 86 0 0 0 13 0 0 0 0 0 0 0 0 0 0 0 100 0 0 0 0 0 0 93 0
0 0 0 0 0 0 29 28 0 0 0 0 0 0 0 0 0 0 0 0 0 0 90 0 0 0 0 18 0 87 0 0 0 53 0 33 0 0 0 0 0 0 0 0 91 0 0 0 0 3 6 0 0 0 0 0 0 0 0 0 0 9 0 54 11 0 0 0 0 0 0 0 0 0 0 0 9 0 99 0 80 0 0 0 0 0 0 0 60 0 0 51 0 0 0 0 15 0 0 0
0 0 0 0 0 42 92 0 0 63 0 66 0 24 0 6 0 57 0 0 62 0 0 0 0 0 0 0 0 0 81 44 0 0 0 0 0 0 0 40 0 0 34 0 0 0 0 0 0 0 0 67 70 0 0 20 0 0 0 40 91 0 0 0 0 0 0 67 0 0 0 0 0 37 4 0 51 90 0 0 0 0 0 0 0 65 33 0 0 0 0 0 0 0 0 0 91 0 0 0
0 38 72 0 0 0 12 0 0 0 0 37 0 0 0 0 0 0 1 86 0 15 0 0 0 0 69 0 23 39 0 0 65 0 0 55 0 0 0 0 0 0 0 0 0 0 0 0 0 0 0 0 87 27 0 0 0 0 0 4 0 0 0 0 0 0 0 0 0 34 42 0 96 0 0 0 51 58 92 0 43 76 0 0 51 55 0 0 0 81 94 0 24 0 39 0 38 97 0 0
0 0 68 0 37 27 0 27 78 0 0 0 0 0 0 0 0 0 0 0 27 36 0 0 0 0 0 55 13 0 0 0 0 0 0 0 0 0 0 0 0 16 21 55 0 41 0 0 48 0 0 37 0 0 0 0 0 87 0 16 0 81 0 40 0 0 20 0 0 0 23 0 0 79 0 0 0 0 0 0 0 0 0 0 0 34 0 0 84 0 0 0 0 0 25 0 12 58 0 68
0 0 0 0 0 98 0 0 0 0 34 5 0 0 0 0 18 2 85 0 0 0 84 0 0 70 0 73 0 48 0 0 0 25 0 0 0 0 56 0 0 0 79 0 2 0 0 0 0 0 0 62 33 0 13 0 0 0 0 65 0 0 1 0 2 0 0 0 0 0 0 0 0 0 95 0 0 0 0 42 0 0 0 0 18 0 0 0 0 0 0 0 0 0 0 93 0 0 0 77
0 60 0 0 0 0 0 0 67 0 0 0 0 0 7 91 0 26 0 92 0 0 0 27 0 52 0 0 0 36 0 0 0 0 0 0 0 0 0 75 16 87 0 0 0 0 0 0 0 0 0 0 0 0 0 47 0 0 0 0 3 0 0 0 0 0 0 0 0 0 0 0 93 0 17 0 0 0 0 0 0 0 0 0 0 0 54 0 93 0 2 0 7 0 0 0 0 65 0 67
58 0 31 0 4 0 0 0 0 0 0 0 0 14 0 0 30 0 0 0 0 0 0 0 0 0 0 0 0 11 0 0 26 0 0 43 0 0 0 0 0 0 0 0 0 0 0 0 0 0 0 0 52 37 0 41 0 0 0 0 0 0 0 0 51 0 0 0 0 0 0 0 0 0 0 0 0 0 0 0 0 0 0 0 0 0 0 71 0 0 0 0 0 0 0 25 0 0 21 0
0 0 85 0 0 0 0 0 0 0 0 0 0 0 0 0 0 0 55 0 43 87 82 77 0 0 0 0 0 22 94 0 56 0 0 0 0 1 0 0 0 0 0 0 0 0 0 41 0 0 0 0 0 0 0 0 0 0 0 0 0 0 2 0 61 0 0 0 0 0 0 0 0 44 48 0 0 0 0 0 0 6 0 29 0 10 56 0 73 40 43 0 0 71 0 0 21 0 0 16
0 61 0 0 0 0 0 48 23 0 0 0 0 0 0 0 0 0 0 0 86 0 0 26 0 0 0 0 0 0 0 54 97 0 0 14 0 100 61 0 2 7 0 46 0 0 0 61 0 0 0 0 0 45 21 33 0 0 89 0 0 46 11 0 59 0 3 16 0 0 80 0 0 0 0 0 48 0 0 58 0 0 0 0 0 0 0 0 0 64 0 0 37 0 0 72 0 0 38 62
0 0 0 0 0 0 0 0 0 0 0 0 0 0 0 0 0 0 0 17 38 0 0 33 0 0 0 74 1 0 0 0 0 0 0 0 0 0 0 0 0 0 0 0 14 0 0 0 14 0 0 0 0 0 0 31 0 76 0 0 93 0 0 70 37 0 0 0 0 0 0 0 60 68 0 0 0 0 35 0 0 0 91 0 96 0 0 0 0 0 0 0 0 0 0 11 0 0 0 0
0 0 0 0 0 0 0 81 94 10 29 0 0 0 0 6 0 0 0 0 0 0 0 0 0 0 0 0 0 0 49 0 96 7 0 97 0 0 0 4 0 15 0 0 0 61 0 0 0 0 0 0 0 0 0 0 0 0 0 0 0 50 0 0 0 0 0 0 0 100 48 68 0 0 0 0 0 0 0 0 0 0 38 0 0 0 0 0 0 8 77 18 0 0 0 0 96 0 0 0
0 22 35 0 0 40 0 0 0 0 0 0 0 69 35 0 92 67 0 25 0 0 35 0 1 0 0 0 46 91 0 0 0 0 29 0 0 58 0 0 45 0 0 81 0 0 0 0 98 0 0 0 0 89 49 0 0 0 77 0 0 0 0 0 0 0 0 0 0 0 0 6 63 37 18 0 0 0 0 0 0 0 0 0 36 23 0 59 81 0 0 0 0 20 0 0 0 0 0 0
0 0 19 0 0 0 12 53 0 0 59 0 0 0 90 0 3 0 0 0 98 21 0 0 43 0 88 0 0 50 92 0 0 50 0 0 0 78 0 0 46 54 0 0 0 0 0 0 0 0 58 43 0 55 4 0 0 0 0 29 0 51 0 0 65 0 0 0 87 0 55 0 0 36 0 0 38 0 66 0 0 0 0 0 0 58 0 0 0 0 0 0 0 0 4 0 8 0 0 0
0 0 0 0 0 69 0 23 0 0 0 0 0 0 0 0 0 0 4 0 72 0 0 0 60 0 0 82 0 0 0 0 0 0 0 0 0 0 0 0 0 0 0 77 0 49 0 0 0 0 19 0 15 0 0 0 0 0 94 30 0 0 0 0 0 0 0 0 0 0 0 0 0 0 0 61 0 73 0 0 0 0 0 66 0 0 75 0 0 76 0 0 61 0 0 0 0 0 0 0
44 34 0 0 0 0 0 0 0 37 0 0 2 0 0 0 0 0 0 0 0 0 0 0 0 0 75 0 0 0 47 0 0 0 0 0 0 0 94 0 0 0 0 0 88 64 0 0 45 0 62 0 0 0 0 0 0 0 0 68 0 0 0 0 0 0 0 0 0 0 0 100 0 0 0 0 100 0 53 0 0 0 0 0 0 0 0 0 36 0 0 0 45 0 0 0 33 0 0 0
0 48 0 0 0 0 0 0 49 74 96 0 0 0 77 0 0 34 0 45 0 0 0 28 38 0 0 0 0 0 0 26 0 0 40 0 0 34 0 49 85 0 0 0 0 91 0 0 0 0 100 0 0 24 0 0 0 0 0 41 0 0 0 0 0 0 0 0 83 45 0 0 0 0 8 0 0 0 0 0 0 43 0 0 0 0 35 0 0 0 25 0 83 0 1 0 75 61 18 0
0 0 92 83 0 0 52 60 0 0 0 0 0 8 87 0 0 75 63 71 0 0 0 0 0 0 0 72 0 54 87 0 39 0 0 0 0 0 71 0 0 0 0 0 96 0 70 0 0 0 0 0 0 39 23 0 48 0 8 0 97 0 0 0 52 0 0 0 0 0 53 0 0 0 78 35 0 0 0 0 84 0 0 0 0 0 78 18 0 0 17 0 0 85 0 0 0 0 0 0
28 0 0 0 3 0 8 0 0 0 0 0 0 0 0 0 0 0 0 57 36 0 0 16 81 0 0 82 56 0 8 0 0 0 50 0 0 64 0 0 0 55 84 0 0 0 35 0 0 0 0 50 48 0 0 0 0 0 15 77 0 0 0 22 10 56 0 0 0 0 27 0 61 77 0 0 60 0 46 66 53 0 0 0 72 0 0 0 0 0 0 0 0 0 24 0 0 0 93 6
0 0 0 0 0 0 0 0 0 0 0 99 0 70 0 75 0 0 0 0 81 0 0 15 0 0 0 0 0 0 29 0 0 0 0 2 0 18 0 34 24 0 0 0 0 0 0 0 0 83 97 0 0 0 0 0 0 0 0 0 0 65 100 0 0 54 1 4 0 0 0 0 0 0 0 0 0 0 0 0 0 61 0 0 0 0 0 8 0 0 45 58 0 0 0 0 0 32 0 56
0 0 0 0 56 55 0 0 73 0 0 51 0 0 55 0 0 0 0 0 0 0 0 0 0 0 98 0 84 0 0 0 0 47 0 23 0 0 0 14 0 19 0 8 0 0 0 57 0 56 0 0 14 0 0 0 39 0 0 0 0 0 0 0 0 0 0 0 0 0 0 0 0 0 14 0 0 0 0 0 0 0 0 0 0 0 0 0 0 0 0 16 0 0 14 77 0 39 30 0
0 0 0 79 0 0 12 0 79 0 18 0 0 0 0 20 0 0 25 19 0 38 0 9 0 12 0 0 0 0 0 0 93 0 0 0 0 0 34 0 0 0 0 34 38 88 0 0 0 0 0 0 0 0 0 0 0 61 0 0 73 0 0 58 0 0 0 0 0 0 0 88 27 0 94 0 50 0 0 0 0 42 0 0 0 0 0 0 0 2 0 0 0 0 0 0 0 0 0 74
0 0 34 0 0 0 0 0 0 0 0 0 0 0 0 69 80 0 0 0 0 0 0 0 0 0 0 32 21 0 0 0 0 92 0 0 0 0 44 0 0 0 0 0 4 0 0 0 0 0 0 0 31 83 0 0 0 52 0 0 0 0 0 0 0 0 0 0 29 0 0 0 56 0 0 0 66 0 0 0 0 0 57 0 0 86 0 0 0 4 0 75 0 0 0 0 0 0 0 0
0 0 0 0 0 42 0 0 0 0 0 0 0 22 0 0 0 0 0 92 0 18 0 0 0 0 0 64 0 0 0 0 0 0 0 0 0 0 0 0 0 0 11 0 0 37 0 0 0 0 0 0 0 0 58 0 0 0 0 0 0 0 0 0 64 0 0 0 0 0 0 0 0 0 0 0 0 0 0 0 0 92 74 0 0 0 0 0 0 0 92 0 0 0 0 0 88 88 0 62
80 0 0 0 0 0 0 0 0 0 0 11 0 23 0 80 0 9 0 0 0 0 0 0 0 0 0 0 0 0 0 81 0 98 0 32 0 64 0 0 0 11 0 0 0 0 0 0 0 0 0 75 0 10 0 0 0 0 0 99 0 0 0 94 0 0 0 0 39 61 17 0 0 0 0 0 0 0 0 16 19 0 0 0 10 53 37 93 0 0 0 0 0 0 0 0 0 0 0 41
0 0 94 0 0 40 0 89 87 0 0 72 0 0 0 35 3 65 0 0 0 46 0 0 0 0 0 22 0 0 0 0 0 0 7 0 0 0 0 0 0 0 0 0 0 0 76 8 0 0 26 0 0 61 0 78 0 0 0 5 25 0 24 0 95 0 0 31 0 71 0 0 0 0 44 0 69 0 0 0 0 0 0 0 0 0 0 17 0 0 0 21 0 0 0 36 48 0 96 0
0 0 0 0 0 0 0 0 86 0 0 44 0 19 0 0 1 0 0 0 21 0 86 87 0 0 0 0 0 0 0 0 0 0 13 81 0 0 0 0 0 0 0 0 0 0 58 0 0 0 0 64 84 0 0 0 0 15 0 0 0 0 0 0 46 0 6 0 0 0 0 0 0 0 0 0 0 0 0 0 0 0 37 0 18 0 23 0 0 53 0 0 7 35 0 50 0 0 67 0
43 0 0 0 0 59 0 25 0 0 0 0 26 0 32 24 0 0 0 0 0 0 87 0 0 0 0 11 0 0 0 0 0 42 0 24 68 0 0 0 0 6 0 0 78 0 20 0 0 88 0 0 4 0 0 0 0 0 88 0 0 0 80 0 0 0 69 0 0 0 0 0 0 0 0 0 0 55 23 0 73 10 0 0 0 0 0 0 0 44 0 0 29 0 24 0 0 0 14 68
0 0 0 95 4 0 0 0 11 0 66 4 0 0 39 0 0 0 0 0 0 0 0 0 0 0 0 0 0 0 12 0 0 0 0 79 47 0 0 0 0 0 0 0 0 48 90 2 41 0 15 0 0 49 0 0 76 0 0 59 0 0 13 0 0 0 96 0 0 43 0 0 0 0 0 0 0 0 0 0 0 0 0 0 0 0 0 17 99 33 93 0 0 0 0 0 14 0 0 0
0 0 0 0 0 0 0 18 34 0 0 0 0 0 0 37 0 0 0 0 0 0 0 47 0 6 6 0 0 0 0 8 94 0 0 0 0 0 0 0 5 42 0 0 0 0 0 0 0 0 80 0 0 0 25 0 0 40 0 50 52 0 0 0 0 0 0 0 0 0 0 0 0 0 91 0 22 94 0 0 0 0 0 0 0 27 0 0 0 0 0 0 55 0 0 0 0 77 0 0
73 76 0 0 0 0 0 0 0 0 0 0 0 0 79 0 0 0 0 0 49 0 61 0 0 0 0 0 57 0 0 0 60 23 0 0 0 0 0 0 0 0 0 0 0 72 0 39 14 0 0 0 74 0 0 0 0 0 0 45 0 14 0 56 0 0 0 66 8 0 0 0 0 86 69 40 0 0 13 0 25 0 0 86 0 0 53 0 0 0 0 0 39 0 0 0 0 80 0 0
74 0 0 0 0 0 63 0 0 0 0 66 0 0 0 0 0 0 53 0 0 0 44 0 80 3 0 0 0 0 72 0 0 0 0 0 0 84 0 0 0 0 0 0 0 0 0 88 0 0 70 0 4 0 0 0 21 0 0 0 0 0 33 0 0 0 0 0 9 0 0 79 0 68 87 0 0 0 0 32 0 0 0 0 0 0 0 0 0 0 0 0 98 0 0 0 15 0 0 0
0 0 0 0 64 0 0 0 83 0 0 55 0 80 0 20 0 0 0 46 0 0 60 0 0 0 12 0 0 0 0 87 0 58 0 0 0 0 0 0 0 0 0 0 77 0 0 0 0 97 0 0 0 0 0 0 0 0 0 0 0 0 0 0 0 0 0 83 0 0 0 0 100 0 20 0 36 0 0 34 0 0 0 94 0 48 0 0 0 56 34 10 0 0 20 0 0 0 0 0
0 0 0 0 76 0 0 0 0 0 0 0 0 0 0 0 0 0 14 56 0 0 0 0 2 0 0 32 0 0 0 45 0 0 0 0 0 0 72 0 0 0 0 0 0 0 0 0 0 94 1 33 0 0 0 0 0 0 0 0 0 0 0 99 0 38 0 0 0 0 0 27 43 0 0 0 0 0 0 82 0 0 88 0 0 0 39 3 0 0 0 59 0 0 0 0 0 0 0 0
0 20 0 0 0 0 0 0 0 0 0 0 78 0 0 0 41 55 93 0 0 0 0 0 0 0 0 12 0 17 0 11 0 0 0 0 0 0 0 0 0 0 0 0 0 0 58 0 0 0 0 72 0 13 0 0 96 0 0 0 0 0 78 0 42 0 65 0 40 25 0 0 92 93 0 0 24 0 79 37 0 75 0 11 0 0 0 0 0 0 71 0 83 0 0 0 56 42 0 0
0 0 0 38 0 0 0 8 0 5 18 0 21 0 0 0 59 49 15 0 0 0 4 36 0 0 0 0 0 0 0 0 0 0 0 0 74 0 75 0 60 0 0 0 11 0 0 0 0 0 0 0 12 0 0 0 0 0 0 0 0 81 85 0 72 0 0 0 0 0 0 0 0 26 0 4 7 29 0 0 0 0 0 92 12 0 0 0 0 0 0 0 75 50 0 0 0 0 34 0
0 0 0 0 0 0 0 0 76 0 0 71 0 0 95 0 0 0 0 0 0 0 0 0 0 40 0 0 0 57 0 0 0 0 0 0 0 0 0 0 0 0 0 0 0 0 69 0 0 0 19 0 0 0 0 0 0 65 0 0 45 0 0 0 0 37 0 0 0 0 0 0 98 0 3 0 76 0 0 0 0 0 0 0 0 0 85 0 0 0 0 0 0 0 0 0 2 0 53 0
0 0 0 0 0 75 2 89 0 0 64 0 0 77 0 0 0 0 0 0 0 43 0 18 0 0 93 59 0 0 0 0 86 0 0 0 0 0 0 57 0 0 0 0 0 0 0 68 0 0 0 0 0 0 0 0 0 10 0 0 0 3 0 0 0 0 0 0 0 0 0 0 4 0 0 50 38 0 62 0 0 11 0 91 0 0 0 0 21 0 0 0 0 4 0 0 4 0 0 0
35 0 0 0 0 0 27 76 0 40 0 0 0 10 0 0 0 0 77 0 0 0 0 42 28 0 0 0 0 0 0 0 0 0 0 0 36 0 0 0 0 65 0 0 0 0 0 0 11 35 0 0 5 96 22 0 0 19 0 0 55 0 0 92 55 0 0 74 0 0 0 0 0 0 0 79 38 0 0 37 17 0 0 0 0 0 0 62 0 62 0 26 0 0 0 0 77 0 0 0
58 0 0 0 0 0 0 0 0 45 0 0 0 0 0 15 0 0 0 0 0 0 0 0 0 0 0 58 0 0 0 0 10 90 0 0 0 0 0 0 0 0 0 0 0 0 0 16 0 0 0 0 94 0 0 0 0 0 51 0 0 0 0 49 0 0 0 96 0 0 0 28 27 0 0 76 0 0 13 0 91 0 0 0 18 0 0 0 59 39 0 0 0 0 63 0 0 0 0 0
63 0 0 0 0 0 0 0 0 0 0 0 4 0 0 0 17 0 0 0 0 65 0 0 0 52 0 0 0 0 0 0 0 0 71 31 0 0 0 39 0 0 0 25 76 0 0 0 0 0 0 0 0 0 0 0 0 0 0 0 0 89 0 0 0 0 28 0 0 0 0 0 31 0 10 0 0 0 0 75 0 0 0 0 0 0 76 24 0 83 83 0 0 0 0 95 1 0 0 0
0 67 0 58 0 0 0 0 0 90 47 0 0 0 0 0 0 92 0 34 0 0 0 0 21 15 58 25 0 0 0 0 0 67 0 0 0 0 0 0 0 65 0 0 0 0 0 0 0 19 64 0 0 0 0 100 0 0 10 84 84 0 0 0 0 0 0 44 0 0 0 0 0 70 0 0 0 14 0 73 85 24 1 44 0 0 0 0 86 0 0 0 76 0 0 0 23 0 0 0
0 0 0 0 0 0 0 90 0 0 0 0 46 0 0 0 0 0 35 18 0 0 0 0 40 0 0 0 0 0 0 0 44 0 0 29 0 52 0 0 0 0 0 0 30 0 0 0 0 0 51 0 0 0 0 0 85 0 0 0 93 0 0 0 0 0 71 86 0 0 0 0 88 89 24 28 0 76 46 0 0 0 0 0 0 0 87 0 0 0 0 0 0 0 0 0 0 73 28 0
0 96 0 0 0 0 79 0 89 0 0 21 0 86 0 0 0 60 0 0 0 0 0 0 0 0 0 0 0 0 0 0 0 0 0 7 0 0 0 0 0 0 0 0 0 79 0 65 88 0 0 11 0 0 54 0 0 29 0 0 0 0 0 0 0 71 75 0 0 28 0 0 53 52 47 27 0 0 0 0 0 15 0 0 0 0 0 0 0 0 61 9 0 0 0 0 0 0 77 0
0 0 0 0 56 0 0 0 0 0 0 2 0 0 0 0 70 55 0 0 0 37 9 0 0 0 17 0 55 66 0 0 19 0 0 0 0 0 47 0 0 76 0 0 0 0 0 0 0 0 0 0 0 0 91 0 0 0 0 85 0 0 46 0 0 0 0 0 0 0 0 0 59 0 0 0 0 0 0 0 55 0 0 0 0 0 0 0 74 0 0 0 0 0 0 34 0 0 0 90
0 57 0 0 0 0 0 36 0 0 0 51 74 0 0 0 0 100 0 69 0 0 0 0 69 16 0 95 0 0 21 0 0 0 0 0 0 0 43 67 0 0 78 0 0 17 0 0 0 0 0 0 0 52 0 0 99 0 0 0 0 7 0 37 0 0 0 0 0 0 0 76 66 0 0 0 0 0 0 0 66 0 0 0 0 25 0 0 0 0 0 99 0 0 0 14 0 83 0 0
0 0 0 6 0 0 69 24 0 0 0 3 0 0 46 89 0 0 0 21 7 0 0 0 0 40 0 0 0 0 95 19 0 0 52 0 50 0 46 0 0 0 0 0 0 7 0 0 0 0 13 8 18 81 0 0 0 0 81 0 0 0 0 64 0 70 0 0 93 0 92 0 0 74 0 74 0 75 0 18 0 0 0 0 9 0 13 0 0 0 0 3 0 0 0 0 0 0 0 0
85 0 50 0 0 4 0 0 52 0 0 0 73 0 0 0 0 0 23 0 0 41 0 0 0 0 63 0 95 0 0 0 0 0 0 0 0 0 98 16 0 0 0 0 7 0 0 0 0 0 0 100 0 0 0 0 0 3 0 0 39 0 0 0 0 0 0 0 0 77 90 96 0 75 69 0 42 0 65 0 0 0 0 59 0 9 0 0 0 92 12 0 0 58 84 0 59 0 0 51
0 0 0 0 0 47 0 0 0 0 83 0 0 0 0 0 0 0 0 0 0 14 58 0 0 0 0 0 0 0 67 0 90 66 0 19 0 70 62 0 0 0 0 0 0 0 0 0 0 67 0 0 46 0 0 0 0 0 0 0 0 0 10 0 0 0 0 0 0 0 0 0 34 0 0 0 0 37 0 0 0 0 80 78 0 52 0 0 0 0 0 71 0 0 0 0 31 0 0 0
0 0 0 0 0 0 0 0 28 0 0 0 0 0 0 0 0 0 0 0 0 0 0 0 79 0 0 0 0 0 74 0 0 0 0 0 0 73 0 0 42 0 34 38 0 0 0 0 0 0 0 0 0 0 0 21 0 0 0 0 0 0 2 0 0 0 47 0 11 0 0 87 0 0 84 0 0 0 71 0 0 24 6 58 0 0 0 0 0 34 0 0 17 6 59 0 0 0 36 0
0 0 0 0 0 33 0 0 0 0 0 0 0 0 0 0 0 0 41 0 13 0 0 44 96 0 0 0 0 82 0 0 80 0 0 69 0 90 15 0 69 9 3 0 27 0 0 16 63 0 0 0 91 17 0 0 0 0 0 0 0 65 0 0 0 85 0 0 0 23 0 0 12 92 47 0 0 41 0 0 99 0 0 0 0 0 70 0 0 0 0 0 0 0 0 0 16 0 0 12
0 43 0 0 4 0 0 0 0 0 0 0 0 0 56 0 77 0 83 0 0 0 92 64 0 0 0 65 57 0 42 0 81 0 0 0 94 11 0 54 0 0 15 77 0 0 29 0 0 0 0 0 69 0 0 0 0 0 0 0 0 0 0 0 0 0 23 0 0 11 83 0 0 0 0 0 0 96 0 0 0 0 72 0 36 0 0 0 0 0 0 0 63 0 0 13 47 98 41 0
0 89 5 72 37 0 0 0 100 0 46 0 0 0 0 68 0 0 0 0 0 0 0 63 0 0 0 74 0 0 0 0 27 0 0 0 67 0 0 0 0 4 0 0 0 0 71 0 0 0 91 0 74 0 0 0 0 48 0 0 7 0 39 0 0 22 14 0 0 0 17 0 0 0 0 0 0 0 91 81 17 0 0 0 0 0 63 0 85 66 0 0 0 0 96 0 0 0 44 0
0 0 0 0 0 22 73 0 0 0 0 0 0 0 0 0 0 0 0 0 0 0 0 0 0 0 0 0 92 0 0 0 44 0 0 39 0 45 8 0 0 77 82 0 0 0 0 0 0 0 0 0 58 0 81 0 0 0 0 37 0 0 50 0 0 0 54 73 0 0 0 0 68 0 0 0 0 0 0 84 0 0 0 0 0 0 0 0 0 19 0 0 0 0 0 0 0 35 0 0
0 94 0 0 0 0 0 0 0 0 0 0 0 0 0 0 24 52 0 0 70 0 0 0 0 0 0 0 0 0 0 0 0 0 0 0 0 0 0 77 0 32 0 0 0 0 67 0 0 0 72 0 0 97 0 0 0 0 0 0 0 46 0 0 0 0 0 0 0 0 0 0 100 0 0 0 0 0 0 54 0 0 0 28 0 0 0 0 0 32 37 47 85 83 0 0 0 0 0 0
0 67 0 4 0 0 1 0 0 51 98 0 0 11 0 0 65 0 0 0 0 1 0 42 0 79 0 0 0 0 0 77 0 0 0 30 0 0 0 0 0 0 0 0 0 42 0 6 31 0 0 42 0 0 17 1 51 0 0 0 17 71 0 24 0 0 0 52 24 0 0 8 0 39 0 0 0 48 0 0 0 71 0 63 0 0 0 0 0 0 0 0 0 0 25 0 51 77 34 94
0 79 0 22 0 0 0 0 0 0 85 0 0 0 0 50 0 0 0 15 0 77 33 15 0 9 31 0 94 0 0 0 0 0 38 0 0 0 0 0 0 0 0 0 0 0 0 0 0 0 39 0 0 67 0 0 0 3 0 0 0 0 88 0 0 0 27 0 0 0 0 0 67 0 0 59 0 0 0 29 0 0 96 0 0 0 5 0 0 0 25 53 0 0 0 14 0 96 0 0
0 0 0 0 0 0 0 0 0 0 57 28 0 0 88 0 0 0 0 0 92 0 0 31 55 0 0 0 22 91 0 52 64 0 16 50 0 56 0 0 40 0 0 0 0 0 33 5 0 0 0 68 0 0 0 0 0 0 0 14 47 0 41 0 0 0 0 0 6 3 0 0 0 100 0 0 0 0 0 0 78 0 0 0 49 47 0 61 0 0 0 0 0 0 22 0 36 0 0 11
0 39 60 0 0 0 0 0 0 0 32 0 0 0 78 0 0 0 0 0 44 25 0 0 46 0 64 30 48 0 0 0 75 0 0 0 0 34 0 0 0 0 0 0 0 0 6 0 0 0 0 0 0 0 0 0 0 58 35 0 0 0 0 0 0 59 83 84 0 0 0 0 0 4 0 11 0 0 0 0 0 80 43 83 0 0 0 0 49 47 23 0 0 0 0 0 0 0 0 21
0 0 55 27 0 0 100 3 0 0 0 0 0 0 84 0 26 0 65 0 0 6 90 0 0 53 22 0 33 78 0 62 0 0 84 0 0 0 0 0 0 0 0 19 98 0 0 0 21 0 19 0 0 73 0 0 6 0 22 0 0 0 0 0 0 0 0 64 0 0 0 0 0 0 0 0 0 0 0 0 0 89 95 0 24 0 0 24 0 0 0 0 98 50 0 0 0 46 0 70
0 0 0 0 0 0 0 0 36 0 55 0 0 0 94 81 29 58 0 0 0 22 0 0 0 90 0 0 0 0 0 0 0 0 48 0 0 12 27 0 58 53 0 0 40 0 0 0 0 0 0 0 10 0 42 0 0 0 0 0 0 0 0 0 31 0 60 69 28 42 0 0 51 59 0 0 54 0 0 0 0 71 0 50 59 36 0 0 0 0 0 46 0 76 0 79 0 0 0 0
60 0 0 0 0 0 0 0 72 0 0 0 84 45 52 0 32 0 0 78 0 0 0 0 0 0 37 0 88 70 96 0 0 0 49 73 0 0 0 0 0 0 0 0 0 0 50 0 0 0 100 0 0 0 33 0 0 0 11 0 0 0 0 77 0 0 0 0 0 0 0 0 74 0 12 0 0 0 0 0 85 0 0 8 0 54 0 0 0 0 0 0 0 0 0 0 32 0 0 0
0 0 0 0 0 0 8 0 0 0 0 0 0 0 0 38 0 94 0 0 0 84 0 80 0 48 0 7 0 0 0 0 0 100 0 0 0 0 0 0 0 79 90 0 0 0 0 0 0 30 0 0 0 97 0 0 0 0 82 0 0 26 68 0 0 0 0 19 0 0 0 0 0 0 0 88 0 0 0 68 13 0 74 6 0 89 0 0 0 79 0 0 0 0 0 0 23 0 0 87
74 97 0 21 0 0 0 0 0 0 0 5 0 0 0 0 0 18 11 34 0 0 10 0 0 12 90 0 0 0 84 0 85 0 0 0 0 0 0 0 0 0 64 0 0 0 0 0 0 83 0 0 37 0 0 52 0 53 0 93 0 68 0 0 0 0 0 30 2 0 0 0 39 0 0 0 0 51 0 0 32 0 0 0 0 0 0 0 0 0 0 0 0 0 0 0 0 0 0 0
86 0 0 0 0 0 0 21 0 0 0 0 0 0 60 0 0 0 0 0 0 0 29 0 5 0 0 45 0 0 39 0 47 85 0 0 0 0 0 0 0 0 0 0 0 0 0 0 14 0 0 0 0 0 0 0 0 0 0 0 0 0 35 76 0 74 0 0 41 0 0 28 0 27 0 0 0 0 0 0 0 0 0 0 0 0 9 67 0 63 0 0 0 0 0 0 0 0 0 31
0 0 0 12 0 0 39 0 0 0 0 0 0 0 0 0 0 0 0 0 0 0 0 17 0 0 0 75 0 0 0 0 0 11 0 0 0 0 0 0 0 0 37 0 0 0 0 37 0 0 0 0 20 0 0 68 0 0 83 0 99 2 70 0 0 0 0 0 0 0 0 0 44 19 0 0 0 34 97 0 84 17 0 0 69 0 0 45 21 0 0 0 0 0 0 0 0 0 0 1
0 0 0 0 0 0 0 40 0 27 0 0 0 0 0 0 0 0 0 0 0 0 0 13 0 0 76 0 0 0 0 0 79 0 23 30 100 0 0 0 0 0 0 0 0 0 0 76 0 99 0 0 23 0 0 0 0 0 70 0 0 0 94 83 67 0 0 0 24 6 0 56 9 19 0 0 0 61 0 5 0 0 0 0 7 0 0 0 0 33 0 0 0 0 68 0 0 0 0 52
0 0 0 0 8 0 0 58 0 0 49 0 0 0 0 0 0 0 0 27 20 67 0 0 0 0 0 0 0 47 0 0 15 0 27 0 0 0 0 32 38 0 0 0 0 36 0 6 0 0 0 0 0 0 0 0 0 78 0 46 0 0 69 64 51 59 0 0 0 0 0 0 0 0 54 9 0 0 0 0 0 40 0 0 0 20 46 0 0 0 37 0 0 0 88 22 0 0 0 0
75 0 41 0 85 0 81 0 0 80 0 13 0 0 0 0 0 0 54 3 0 0 0 95 59 94 0 0 43 6 0 0 0 0 64 73 0 0 7 79 0 0 0 0 0 0 0 20 46 0 0 0 38 0 0 0 0 60 0 0 4 0 85 0 76 0 32 0 0 29 34 90 35 0 0 0 0 0 0 0 0 0 0 0 0 0 0 10 81 51 0 0 27 0 0 74 0 20 0 26
0 0 0 0 41 1 54 0 0 0 0 91 0 0 54 0 0 0 91 0 0 0 0 84 0 0 0 0 0 0 0 0 75 0 0 0 0 0 0 0 0 0 0 0 0 50 0 0 0 0 51 84 0 0 0 0 80 0 0 0 0 56 0 0 0 0 0 49 33 0 0 0 0 0 0 32 0 86 0 0 87 65 67 0 53 0 0 0 0 0 17 75 0 0 96 72 18 0 0 0
0 0 0 25 14 0 0 74 8 0 0 0 0 0 0 0 0 95 19 0 0 0 0 37 29 0 0 0 0 37 57 0 0 0 0 0 0 0 0 0 0 0 0 0 0 0 0 0 0 0 0 0 0 0 0 0 72 0 0 24 0 35 4 3 0 0 23 0 0 0 0 0 59 0 74 0 8 0 6 0 0 0 0 0 7 46 0 0 0 98 86 0 0 98 66 74 0 0 0 0
0 67 31 46 17 0 0 0 0 98 0 0 0 0 0 0 0 0 0 89 0 42 0 0 0 0 81 0 0 0 86 1 0 39 0 0 0 0 0 0 47 0 0 0 0 0 0 0 0 21 33 0 0 0 0 0 0 0 0 7 0 0 0 16 0 0 0 0 75 0 0 0 0 0 0 85 0 14 0 0 0 0 0 89 45 0 0 0 0 0 0 0 9 72 0 0 0 0 0 0
0 0 82 0 0 0 0 0 0 0 0 98 0 0 0 0 81 0 0 94 87 0 0 0 0 0 0 0 0 0 0 0 0 86 0 0 0 0 0 44 0 0 0 0 0 0 0 0 88 41 0 90 41 0 0 6 0 0 0 0 0 0 57 21 0 86 0 0 0 0 0 0 0 0 0 0 0 46 0 0 0 0 25 0 0 0 0 0 77 79 4 0 1 0 0 0 0 0 0 13
0 0 36 83 0 0 0 0 0 0 62 0 3 0 0 0 0 82 25 0 81 0 0 0 0 16 0 0 0 18 0 0 0 83 0 0 0 0 0 0 0 18 0 0 0 0 0 0 46 71 0 27 0 0 0 0 0 0 0 0 0 72 7 0 0 0 0 0 0 95 0 0 0 0 0 0 93 0 0 0 0 0 0 0 0 0 0 0 0 0 32 0 0 58 92 0 0 59 0 32
0 0 0 0 0 0 0 0 0 0 0 86 0 0 0 0 0 0 0 0 0 0 37 0 18 0 0 0 0 0 0 33 0 0 75 0 10 0 0 0 51 0 0 0 0 0 59 60 0 0 0 85 0 0 47 0 13 0 73 0 0 0 28 67 0 0 0 0 0 0 0 0 49 0 0 0 0 0 0 96 88 0 0 0 0 0 0 77 0 0 0 0 0 0 41 0 0 0 0 0
0 0 23 0 0 0 71 0 0 0 50 91 0 0 59 0 0 0 0 0 0 0 0 0 10 0 0 0 0 0 0 63 86 0 0 0 20 0 0 0 0 0 59 26 20 0 0 8 0 0 0 0 0 4 0 0 98 0 0 0 0 75 0 0 0 0 6 0 67 99 0 0 19 0 0 0 97 0 0 0 0 0 0 54 56 0 0 0 0 0 78 41 0 15 98 15 0 77 0 0
0 0 43 46 0 0 0 0 0 0 0 0 0 0 0 0 73 0 0 34 0 0 0 0 0 0 0 25 0 50 0 60 0 0 0 0 0 0 38 0 0 0 0 0 0 91 0 0 0 0 0 0 0 0 0 27 0 0 0 25 0 0 0 0 0 0 0 0 0 0 0 0 0 0 0 0 86 0 0 0 0 0 0 5 29 0 68 0 47 24 0 67 0 61 0 0 45 0 0 0
0 0 0 0 0 0 0 31 0 29 0 94 64 0 0 0 0 0 0 0 0 0 0 0 0 0 0 22 0 0 0 0 0 19 0 0 0 0 0 0 0 0 0 22 0 0 0 0 0 0 0 0 30 0 0 0 0 0 71 0 0 0 0 0 0 0 0 0 10 90 0 0 0 0 43 0 0 0 0 0 0 0 0 0 0 0 0 0 0 0 0 51 0 0 30 0 0 0 0 0
0 0 0 84 0 0 0 0 0 24 0 0 0 0 74 0 0 0 0 0 0 0 38 0 0 0 0 0 0 0 0 0 0 0 77 0 0 0 0 0 0 81 0 0 0 0 31 0 0 0 0 0 0 0 0 0 0 0 60 0 31 0 0 0 0 69 0 0 77 0 0 0 0 0 0 0 0 41 0 0 25 0 0 84 0 0 60 0 0 64 0 0 0 92 0 0 0 0 0 83
0 0 0 0 0 1 0 0 0 7 52 0 0 0 0 0 0 0 0 67 0 0 0 0 0 0 0 29 54 0 0 0 0 0 57 0 66 0 0 22 0 0 9 0 45 0 0 0 93 0 0 0 0 0 0 0 58 22 0 0 0 0 0 0 66 0 30 0 0 87 76 0 37 0 82 71 0 0 0 74 0 0 0 0 0 78 0 0 0 0 95 98 0 0 6 60 0 38 0 0
0 0 15 0 0 0 0 0 0 0 0 0 0 45 0 0 0 19 0 0 0 0 13 53 0 0 0 0 0 0 0 0 0 7 0 38 5 0 0 0 51 0 0 0 0 18 0 0 0 45 43 0 57 0 0 55 71 0 0 0 82 0 0 34 89 0 0 0 72 0 0 0 0 0 0 0 0 0 0 84 0 0 10 0 21 0 91 0 0 0 0 0 0 92 0 0 5 0 0 0
0 34 0 52 69 44 0 0 0 0 0 0 0 25 0 0 0 52 0 55 0 0 0 36 0 0 0 54 0 98 68 0 62 29 83 0 23 0 19 0 0 80 0 0 0 0 0 0 0 35 0 0 0 0 0 0 0 0 0 36 0 59 17 0 1 0 0 0 39 67 0 57 12 0 0 0 0 0 0 0 0 46 0 0 5 0 87 82 0 0 0 0 0 0 0 1 0 0 0 0
0 0 0 82 0 0 0 0 0 0 35 0 0 0 0 0 48 0 0 0 0 0 19 0 54 96 0 0 0 58 98 77 36 0 82 0 19 42 89 6 0 15 0 0 0 0 0 0 0 3 0 0 0 92 0 70 0 0 0 0 0 0 0 0 35 0 0 0 96 0 0 0 0 0 0 26 0 64 92 0 0 0 16 0 0 23 0 0 0 0 95 0 0 0 0 0 0 47 0 0
67 68 27 0 30 78 0 0 0 47 0 0 87 0 0 79 47 0 0 0 0 0 33 0 0 0 82 0 0 0 0 87 52 0 0 95 0 0 0 0 52 0 0 91 0 0 0 0 0 0 0 0 0 0 0 0 34 13 0 0 0 0 0 0 0 69 0 0 13 0 0 80 0 0 0 0 83 0 0 95 0 0 0 0 0 0 0 0 39 0 20 90 40 22 0 8 0 0 61 0
0 0 0 22 78 0 0 0 0 5 0 0 0 0 63 0 0 0 31 0 9 0 0 0 0 0 94 0 2 0 0 84 98 0 0 0 25 0 0 0 39 0 43 85 0 0 0 0 0 2 0 0 0 0 0 13 84 0 0 41 0 0 0 0 0 0 0 0 0 0 0 0 0 0 0 71 0 8 0 0 0 0 0 0 0 0 0 69 0 0 0 0 0 68 0 67 24 0 0 0
0 0 0 6 0 0 0 36 0 0 25 0 18 0 0 0 0 0 0 0 0 27 0 0 0 0 99 0 0 0 0 19 0 0 0 0 0 32 0 64 0 73 0 0 10 27 0 0 0 0 0 0 0 0 19 42 41 0 0 0 0 0 0 14 94 0 0 11 0 0 0 0 0 95 0 0 0 0 0 0 0 0 0 31 0 0 0 56 0 0 75 0 42 91 0 0 38 18 0 0
0 0 65 0 0 0 0 0 0 0 0 14 45 0 0 0 9 0 0 0 0 0 0 0 0 0 0 0 0 0 0 0 0 0 0 0 0 0 0 0 0 0 0 81 0 0 89 0 0 0 0 96 0 0 0 0 0 0 0 0 0 100 0 70 98 0 0 0 0 0 56 0 0 0 0 30 0 0 0 0 0 0 69 0 0 24 0 0 89 0 0 0 0 0 0 0 0 94 0 60
0 39 57 0 0 0 0 20 0 0 0 0 0 45 45 0 0 0 0 0 0 55 0 31 0 0 0 0 0 0 0 29 0 86 0 0 76 49 0 0 0 0 0 0 49 0 0 0 94 0 0 0 0 0 0 10 0 0 0 0 0 0 53 0 0 0 0 0 0 17 0 0 0 39 68 0 0 30 0 5 22 51 0 0 0 0 44 86 0 0 0 0 55 0 0 0 87 32 0 0
0 0 0 0 0 51 16 0 0 0 0 0 98 0 53 0 0 0 49 0 0 0 0 0 0 0 64 0 0 73 0 19 0 0 8 0 0 30 0 0 0 0 0 100 0 0 0 24 77 0 64 0 0 0 0 0 0 0 86 98 100 0 0 0 0 70 0 0 0 61 0 0 82 0 0 0 58 44 0 90 0 66 0 79 0 0 0 0 18 0 3 0 0 93 0 0 21 0 0 0
0 0 0 0 0 82 0 0 0 0 0 0 0 78 0 0 83 0 0 0 94 0 0 97 0 96 0 0 0 0 0 0 0 0 0 98 75 0 88 0 21 0 0 73 0 0 0 83 84 0 94 70 67 0 0 0 0 0 0 0 0 0 98 0 0 0 0 0 0 0 0 42 0 43 46 0 0 0 0 0 60 0 0 0 71 16 0 0 0 0 1 0 12 0 0 0 88 0 0 0
0 0 0 0 0 0 0 0 26 0 0 0 0 0 43 0 0 0 0 0 0 0 0 0 0 0 48 0 0 11 59 0 0 0 75 66 45 0 72 0 0 0 0 95 0 0 0 0 0 0 0 0 0 28 0 80 71 0 0 0 0 0 0 0 0 0 0 0 0 0 0 0 83 0 76 98 16 0 91 93 55 0 0 0 0 13 0 0 0 33 0 0 0 0 0 0 0 0 3 0
0 0 0 0 82 0 0 0 0 0 16 0 0 0 89 0 0 0 32 0 87 63 0 0 93 0 0 0 70 81 65 57 99 0 0 0 4 0 0 0 4 0 0 74 99 0 0 0 0 0 0 0 0 0 0 0 0 0 29 0 0 0 0 0 0 12 0 67 0 32 0 0 43 25 0 0 0 0 0 46 0 0 0 0 0 0 99 0 0 0 0 20 0 0 0 0 0 0 0 0
0 0 0 43 0 0 0 0 0 0 0 77 0 0 70 0 0 71 0 0 0 0 56 0 0 0 0 0 0 0 31 0 0 0 0 22 0 25 0 0 64 0 0 0 63 14 0 83 0 9 0 34 85 36 0 48 0 0 62 5 0 0 0 0 11 97 0 94 0 0 0 0 56 0 0 0 0 23 0 93 73 0 0 85 0 0 0 0 0 0 0 0 0 5 22 0 79 0 54 0
0 0 0 0 0 0 0 0 0 0 0 0 0 0 70 0 88 59 0 0 0 0 28 38 0 0 61 42 0 99 0 40 0 94 0 0 73 0 52 0 0 0 0 0 67 29 80 0 32 0 0 0 0 0 0 0 0 0 0 0 0 0 0 0 36 0 0 9 0 91 0 0 70 78 0 13 0 0 0 0 60 0 10 84 0 0 0 0 0 0 2 0 0 0 0 0 0 0 0 0
0 0 0 0 3 16 0 81 0 0 0 73 43 0 35 0 0 0 0 0 86 0 0 0 0 25 0 0 0 0 0 29 0 0 0 88 8 45 0 33 0 0 0 0 0 66 0 0 0 0 0 0 0 76 0 0 95 0 0 76 0 0 0 0 0 70 0 0 0 0 0 5 0 0 0 0 0 0 0 0 0 0 0 2 35 0 0 0 0 13 36 0 0 0 0 35 0 70 76 0
0 0 0 29 90 0 0 0 0 0 89 0 29 99 0 0 41 0 0 0 0 0 0 0 0 0 0 52 87 0 0 0 0 4 0 0 0 0 10 0 0 0 30 0 35 0 53 99 0 0 0 0 0 73 0 0 0 0 0 0 0 86 0 0 0 0 0 0 0 0 0 43 19 0 35 67 5 13 57 0 0 0 3 0 0 0 34 73 0 40 0 0 0 0 0 0 0 0 69 0
0 0 5 0 0 74 0 0 0 0 0 0 34 0 0 66 0 0 0 0 0 0 0 41 0 0 0 0 0 61 0 0 0 0 0 0 0 19 0 0 0 0 3 0 0 0 0 0 0 43 0 0 0 51 56 12 0 0 5 0 0 0 0 0 58 0 0 0 0 13 0 98 45 0 0 20 47 0 0 0 0 0 21 0 0 0 0 0 92 0 0 0 0 0 0 0 0 0 0 0
0 0 0 0 44 83 0 0 88 0 0 0 0 5 0 0 39 0 0 18 0 0 0 87 9 67 16 40 0 0 31 0 0 42 0 0 0 0 29 67 0 0 0 0 0 21 0 0 0 0 0 0 0 0 84 0 0 0 0 0 0 0 0 0 0 0 0 0 0 0 0 0 0 0 0 0 0 0 35 29 0 59 0 0 92 0 0 0 0 0 61 78 0 0 0 0 0 0 0 0
0 0 0 0 27 0 0 0 13 0 0 0 0 0 0 95 0 0 0 0 17 31 0 0 0 98 57 0 0 0 18 75 60 0 0 0 0 29 0 30 0 0 0 0 0 0 0 0 58 0 0 86 80 32 13 0 0 70 66 0 98 0 0 85 0 0 0 0 72 0 0 0 0 66 5 0 0 0 0 41 0 0 0 0 0 0 0 88 0 0 0 0 0 0 0 0 0 0 0 0
0 0 0 0 0 0 0 70 0 0 66 0 3 0 69 73 0 0 0 58 0 0 0 0 89 0 0 0 0 0 76 0 0 0 31 0 0 96 0 0 0 0 0 0 0 0 0 48 15 2 0 0 0 0 70 85 0 0 0 70 0 63 0 0 0 0 44 0 0 0 0 0 0 0 14 0 53 0 0 0 67 0 0 0 0 0 0 36 0 0 0 24 0 0 0 0 0 13 34 0
0 0 0 0 0 0 0 68 0 4 0 10 0 0 0 43 87 0 0 0 21 47 52 0 0 27 70 0 0 0 0 5 0 0 0 0 0 36 19 0 0 0 0 0 0 21 0 0 31 0 0 0 0 0 0 0 0 41 0 0 0 0 0 0 0 0 0 0 0 0 0 100 0 66 83 71 0 0 0 6 0 0 0 0 0 0 0 0 0 0 0 58 0 0 0 0 0 0 66 0
0 0 0 0 0 0 74 94 0 0 0 0 0 0 0 0 0 0 0 0 0 0 52 0 0 0 0 51 0 21 0 0 0 19 0 15 0 0 0 0 0 0 0 0 10 0 0 0 0 2 28 0 0 0 0 0 0 0 0 0 0 62 0 39 73 0 0 0 0 0 0 0 0 0 0 0 40 0 91 0 49 0 0 0 0 0 0 0 34 0 0 67 0 0 0 0 67 0 0 0
0 0 0 0 0 92 54 0 0 5 0 81 0 44 0 40 0 31 0 0 61 0 0 0 0 0 0 0 0 0 7 62 0 0 0 0 0 0 0 53 0 0 15 0 0 0 0 0 0 0 0 1 27 0 0 98 0 0 0 63 25 0 0 0 0 0 0 61 0 0 0 0 0 39 33 0 40 74 0 0 0 0 0 0 0 31 43 0 0 0 0 0 0 0 0 0 74 0 0 0
0 56 68 0 0 0 69 0 0 0 0 72 0 0 0 0 0 0 52 51 0 54 0 0 0 0 82 0 43 7 0 0 48 0 0 27 0 0 0 0 0 0 0 0 0 0 0 0 0 0 0 0 57 6 0 0 0 0 0 91 0 0 0 0 0 0 0 0 0 8 71 0 21 0 0 0 100 76 24 0 11 84 0 0 5 70 0 0 0 18 95 0 69 0 19 0 5 3 0 0
0 0 21 0 17 79 0 76 27 0 0 0 0 0 0 0 0 0 0 0 16 94 0 0 0 0 0 5 24 0 0 0 0 0 0 0 0 0 0 0 0 27 85 31 0 65 0 0 89 0 0 57 0 0 0 0 0 17 0 98 0 23 0 42 0 0 8 0 0 0 43 0 0 65 0 0 0 0 0 0 0 0 0 0 0 93 0 0 14 0 0 0 0 0 4 0 39 99 0 24
0 0 0 0 0 65 0 0 0 0 47 21 0 0 0 0 54 77 89 0 0 0 86 0 0 27 0 47 0 15 0 0 0 16 0 0 0 0 79 0 0 0 9 0 74 0 0 0 0 0 0 92 2 0 20 0 0 0 0 32 0 0 3 0 17 0 0 0 0 0 0 0 0 0 66 0 0 0 0 4 0 0 0 0 60 0 0 0 0 0 0 0 0 0 0 85 0 0 0 96
0 89 0 0 0 0 0 0 37 0 0 0 0 0 16 91 0 66 0 26 0 0 0 20 0 12 0 0 0 57 0 0 0 0 0 0 0 0 0 4 23 29 0 0 0 0 0 0 0 0 0 0 0 0 0 80 0 0 0 0 22 0 0 0 0 0 0 0 0 0 0 0 81 0 10 0 0 0 0 0 0 0 0 0 0 0 49 0 52 0 38 0 74 0 0 0 0 8 0 25
31 0 1 0 9 0 0 0 0 0 0 0 0 49 0 0 58 0 0 0 0 0 0 0 0 0 0 0 0 83 0 0 53 0 0 15 0 0 0 0 0 0 0 0 0 0 0 0 0 0 0 0 30 62 0 6 0 0 0 0 0 0 0 0 25 0 0 0 0 0 0 0 0 0 0 0 0 0 0 0 0 0 0 0 0 0 0 12 0 0 0 0 0 0 0 83 0 0 97 0
0 0 10 0 0 0 0 0 0 0 0 0 0 0 0 0 0 0 68 0 56 25 18 27 0 0 0 0 0 23 66 0 83 0 0 0 0 18 0 0 0 0 0 0 0 0 0 94 0 0 0 0 0 0 0 0 0 0 0 0 0 0 68 0 61 0 0 0 0 0 0 0 0 70 30 0 0 0 0 0 0 10 0 62 0 9 59 0 85 71 42 0 0 67 0 0 42 0 0 85
0 98 0 0 0 0 0 16 8 0 0 0 0 0 0 0 0 0 0 0 25 0 0 57 0 0 0 0 0 0 0 21 7 0 0 22 0 69 2 0 30 52 0 66 0 0 0 50 0 0 0 0 0 16 48 72 0 0 99 0 0 67 46 0 6 0 87 56 0 0 6 0 0 0 0 0 43 0 0 9 0 0 0 0 0 0 0 0 0 78 0 0 62 0 0 70 0 0 11 72
0 0 0 0 0 0 0 0 0 0 0 0 0 0 0 0 0 0 0 85 11 0 0 87 0 0 0 41 64 0 0 0 0 0 0 0 0 0 0 0 0 0 0 0 84 0 0 0 40 0 0 0 0 0 0 97 0 98 0 0 62 0 0 47 90 0 0 0 0 0 0 0 98 61 0 0 0 0 76 0 0 0 34 0 50 0 0 0 0 0 0 0 0 0 0 42 0 0 0 0
0 0 0 0 0 0 0 56 75 12 84 0 0 0 0 58 0 0 0 0 0 0 0 0 0 0 0 0 0 0 37 0 48 41 0 15 0 0 0 41 0 11 0 0 0 19 0 0 0 0 0 0 0 0 0 0 0 0 0 0 0 23 0 0 0 0 0 0 0 27 54 58 0 0 0 0 0 0 0 0 0 0 8 0 0 0 0 0 0 73 90 19 0 0 0 0 75 0 0 0
0 54 70 0 0 67 0 0 0 0 0 0 0 39 13 0 49 89 0 89 0 0 41 0 64 0 0 0 93 58 0 0 0 0 40 0 0 85 0 0 100 0 0 11 0 0 0 0 13 0 0 0 0 51 47 0 0 0 76 0 0 0 0 0 0 0 0 0 0 0 0 95 45 22 70 0 0 0 0 0 0 0 0 0 60 20 0 29 12 0 0 0 0 51 0 0 0 0 0 0
0 0 94 0 0 0 46 12 0 0 42 0 0 0 66 0 40 0 0 0 14 12 0 0 20 0 72 0 0 20 31 0 0 35 0 0 0 40 0 0 21 97 0 0 0 0 0 0 0 0 81 60 0 11 34 0 0 0 0 35 0 66 0 0 39 0 0 0 5 0 81 0 0 89 0 0 96 0 66 0 0 0 0 0 0 22 0 0 0 0 0 0 0 0 66 0 73 0 0 0
0 0 0 0 0 42 0 68 0 0 0 0 0 0 0 0 0 0 51 0 30 0 0 0 47 0 0 2 0 0 0 0 0 0 0 0 0 0 0 0 0 0 0 49 0 64 0 0 0 0 34 0 68 0 0 0 0 0 4 49 0 0 0 0 0 0 0 0 0 0 0 0 0 0 0 18 0 42 0 0 0 0 0 78 0 0 2 0 0 66 0 0 34 0 0 0 0 0 0 0
25 40 0 0 0 0 0 0 0 25 0 0 72 0 0 0 0 0 0 0 0 0 0 0 0 0 66 0 0 0 91 0 0 0 0 0 0 0 6 0 0 0 0 0 100 12 0 0 29 0 58 0 0 0 0 0 0 0 0 13 0 0 0 0 0 0 0 0 0 0 0 72 0 0 0 0 32 0 73 0 0 0 0 0 0 0 0 0 16 0 0 0 37 0 0 0 24 0 0 0
0 98 0 0 0 0 0 0 81 52 21 0 0 0 24 0 0 57 0 36 0 0 0 81 24 0 0 0 0 0 0 43 0 0 73 0 0 55 0 19 89 0 0 0 0 1 0 0 0 0 84 0 0 38 0 0 0 0 0 56 0 0 0 0 0 0 0 0 95 95 0 0 0 0 30 0 0 0 0 0 0 32 0 0 0 0 74 0 0 0 22 0 87 0 51 0 69 56 58 0
0 0 3 1 0 0 61 75 0 0 0 0 0 22 11 0 0 34 86 78 0 0 0 0 0 0 0 68 0 1 31 0 83 0 0 0 0 0 61 0 0 0 0 0 78 0 34 0 0 0 0 0 0 98 82 0 81 0 29 0 78 0 0 0 35 0 0 0 0 0 8 0 0 0 46 11 0 0 0 0 8 0 0 0 0 0 93 60 0 0 42 0 0 29 0 0 0 0 0 0
5 0 0 0 76 0 97 0 0 0 0 0 0 0 0 0 0 0 0 55 57 0 0 53 14 0 0 50 16 0 24 0 0 0 14 0 0 17 0 0 0 8 87 0 0 0 31 0 0 0 0 67 24 0 0 0 0 0 59 93 0 0 0 79 84 9 0 0 0 0 14 0 55 34 0 0 99 0 65 13 97 0 0 0 76 0 0 0 0 0 0 0 0 0 82 0 0 0 99 6
0 0 0 0 0 0 0 0 0 0 0 37 0 86 0 82 0 0 0 0 1 0 0 79 0 0 0 0 0 0 14 0 0 0 0 10 0 11 0 31 3 0 0 0 0 0 0 0 0 74 62 0 0 0 0 0 0 0 0 0 0 20 75 0 0 88 64 9 0 0 0 0 0 0 0 0 0 0 0 0 0 69 0 0 0 0 0 33 0 0 47 40 0 0 0 0 0 15 0 15
0 0 0 0 89 54 0 0 79 0 0 73 0 0 74 0 0 0 0 0 0 0 0 0 0 0 28 0 8 0 0 0 0 43 0 90 0 0 0 86 0 34 0 42 0 0 0 97 0 20 0 0 70 0 0 0 26 0 0 0 0 0 0 0 0 0 0 0 0 0 0 0 0 0 40 0 0 0 0 0 0 0 0 0 0 0 0 0 0 0 0 92 0 0 77 56 0 78 98 0
0 0 0 43 0 0 36 0 68 0 29 0 0 0 0 6 0 0 95 81 0 89 0 57 0 51 0 0 0 0 0 0 21 0 0 0 0 0 51 0 0 0 0 51 20 100 0 0 0 0 0 0 0 0 0 0 0 22 0 0 83 0 0 96 0 0 0 0 0 0 0 76 72 0 40 0 94 0 0 0 0 78 0 0 0 0 0 0 0 87 0 0 0 0 0 0 0 0 0 50
0 0 70 0 0 0 0 0 0 0 0 0 0 0 0 17 81 0 0 0 0 0 0 0 0 0 0 28 17 0 0 0 0 81 0 0 0 0 58 0 0 0 0 0 20 0 0 0 0 0 0 0 95 95 0 0 0 31 0 0 0 0 0 0 0 0 0 0 96 0 0 0 93 0 0 0 18 0 0 0 0 0 40 0 0 31 0 0 0 55 0 69 0 0 0 0 0 0 0 0
0 0 0 0 0 70 0 0 0 0 0 0 0 61 0 0 0 0 0 37 0 77 0 0 0 0 0 99 0 0 0 0 0 0 0 0 0 0 0 0 0 0 51 0 0 81 0 0 0 0 0 0 0 0 81 0 0 0 0 0 0 0 0 0 37 0 0 0 0 0 0 0 0 0 0 0 0 0 0 0 0 96 10 0 0 0 0 0 0 0 58 0 0 0 0 0 89 97 0 3
23 0 0 0 0 0 0 0 0 0 0 17 0 72 0 86 0 57 0 0 0 0 0 0 0 0 0 0 0 0 0 22 0 43 0 57 0 72 0 0 0 20 0 0 0 0 0 0 0 0 0 5 0 32 0 0 0 0 0 44 0 0 0 56 0 0 0 0 50 94 26 0 0 0 0 0 0 0 0 26 98 0 0 0 58 99 76 50 0 0 0 0 0 0 0 0 0 0 0 59
0 0 2 0 0 8 0 52 79 0 0 48 0 0 0 68 13 95 0 0 0 4 0 0 0 0 0 98 0 0 0 0 0 0 72 0 0 0 0 0 0 0 0 0 0 0 45 36 0 0 93 0 0 87 0 34 0 0 0 39 75 0 99 0 5 0 0 17 0 51 0 0 0 0 5 0 87 0 0 0 0 0 0 0 0 0 0 20 0 0 0 34 0 0 0 54 24 0 18 0
0 0 0 0 0 0 0 0 57 0 0 61 0 51 0 0 41 0 0 0 19 0 35 81 0 0 0 0 0 0 0 0 0 0 24 97 0 0 0 0 0 0 0 0 0 0 21 0 0 0 0 16 3 0 0 0 0 38 0 0 0 0 0 0 35 0 31 0 0 0 0 0 0 0 0 0 0 0 0 0 0 0 69 0 63 0 75 0 0 7 0 0 93 94 0 59 0 0 31 0
99 0 0 0 0 44 0 23 0 0 0 0 44 0 81 11 0 0 0 0 0 0 70 0 0 0 0 44 0 0 0 0 0 81 0 40 55 0 0 0 0 90 0 0 28 0 91 0 0 67 0 0 66 0 0 0 0 0 33 0 0 0 73 0 0 0 21 0 0 0 0 0 0 0 0 0 0 97 62 0 56 86 0 0 0 0 0 0 0 9 0 0 77 0 45 0 0 0 27 33
0 0 0 5 72 0 0 0 55 0 17 33 0 0 84 0 0 0 0 0 0 0 0 0 0 0 0 0 0 0 31 0 0 0 0 57 49 0 0 0 0 0 0 0 0 77 36 62 45 0 11 0 0 84 0 0 87 0 0 60 0 0 23 0 0 0 35 0 0 94 0 0 0 0 0 0 0 0 0 0 0 0 0 0 0 0 0 77 36 68 9 0 0 0 0 0 63 0 0 0
0 0 0 0 0 0 0 48 38 0 0 0 0 0 0 76 0 0 0 0 0 0 0 58 0 89 57 0 0 0 0 12 69 0 0 0 0 0 0 0 10 28 0 0 0 0 0 0 0 0 59 0 0 0 58 0 0 46 0 87 16 0 0 0 0 0 0 0 0 0 0 0 0 0 85 0 62 47 0 0 0 0 0 0 0 44 0 0 0 0 0 0 43 0 0 0 0 55 0 0
73 13 0 0 0 0 0 0 0 0 0 0 0 0 32 0 0 0 0 0 5 0 6 0 0 0 0 0 7 0 0 0 46 31 0 0 0 0 0 0 0 0 0 0 0 35 0 90 53 0 0 0 76 0 0 0 0 0 0 80 0 69 0 56 0 0 0 36 87 0 0 0 0 96 2 67 0 0 76 0 50 0 0 53 0 0 93 0 0 0 0 0 2 0 0 0 0 7 0 0
97 0 0 0 0 0 94 0 0 0 0 90 0 0 0 0 0 0 25 0 0 0 64 0 1 75 0 0 0 0 7 0 0 0 0 0 0 54 0 0 0 0 0 0 0 0 0 96 0 0 15 0 60 0 0 0 13 0 0 0 0 0 40 0 0 0 0 0 46 0 0 15 0 81 23 0 0 0 0 97 0 0 0 0 0 0 0 0 0 0 0 0 63 0 0 0 2 0 0 0
0 0 0 0 69 0 0 0 65 0 0 87 0 74 0 47 0 0 0 26 0 0 95 0 0 0 47 0 0 0 0 59 0 43 0 0 0 0 0 0 0 0 0 0 35 0 0 0 0 85 0 0 0 0 0 0 0 0 0 0 0 0 0 0 0 0 0 79 0 0 0 0 8 0 73 0 69 0 0 14 0 0 0 52 0 51 0 0 0 22 92 11 0 0 49 0 0 0 0 0
0 0 0 0 74 0 0 0 0 0 0 0 0 0 0 0 0 0 10 36 0 0 0 0 63 0 0 2 0 0 0 96 0 0 0 0 0 0 58 0 0 0 0 0 0 0 0 0 0 39 56 48 0 0 0 0 0 0 0 0 0 0 0 56 0 24 0 0 0 0 0 93 83 0 0 0 0 0 0 84 0 0 50 0 0 0 79 81 0 0 0 80 0 0 0 0 0 0 0 0
0 7 0 0 0 0 0 0 0 0 0 0 55 0 0 0 55 78 67 0 0 0 0 0 0 0 0 4 0 43 0 42 0 0 0 0 0 0 0 0 0 0 0 0 0 0 45 0 0 0 0 33 0 2 0 0 89 0 0 0 0 0 56 0 42 0 25 0 12 3 0 0 56 40 0 0 16 0 71 74 0 70 0 3 0 0 0 0 0 0 36 0 2 0 0 0 60 59 0 0
0 0 0 43 0 0 0 79 0 40 82 0 35 0 0 0 81 7 89 0 0 0 52 54 0 0 0 0 0 0 0 0 0 0 0 0 79 0 30 0 52 0 0 0 5 0 0 0 0 0 0 0 3 0 0 0 0 0 0 0 0 21 98 0 54 0 0 0 0 0 0 0 0 44 0 89 22 43 0 0 0 0 0 63 96 0 0 0 0 0 0 0 9 68 0 0 0 0 90 0