100
0 0 0 0 0 0 0 57 0 0 0 47 57 81 21 0 90 0 81 0 30 0 0 0 0 93 0 8 100 0 0 3 29 0 0 0 49 0 0 0 40 0 0 0 0 0 0 0 0 0 0 66 0 0 10 0 0 0 0 0 28 0 0 0 0 9 83 0 0 0 90 0 0 82 0 0 0 0 0 83 0 0 0 61 77 0 0 0 0 0 48 0 95 0 0 55 0 0 0 30
0 0 0 0 0 0 0 17 0 0 0 96 0 0 0 34 53 0 0 0 0 0 0 66 0 80 0 49 0 0 0 0 0 16 95 0 7 38 71 1 56 43 73 0 0 35 0 60 0 0 0 0 0 17 0 0 51 0 0 0 0 77 0 0 0 0 0 0 91 0 83 85 0 85 0 0 0 51 0 89 0 13 41 0 0 79 0 66 0 0 0 0 0 10 0 0 0 0 66 0
0 0 0 0 0 0 10 0 0 87 25 0 0 0 0 0 0 0 0 0 0 0 13 0 0 0 70 0 0 0 0 0 0 42 18 0 0 0 0 0 43 90 0 17 0 0 0 0 93 0 17 0 0 0 0 66 90 0 0 0 0 57 52 16 0 0 0 0 0 0 0 0 0 0 0 0 74 0 0 27 0 38 0 0 87 0 0 55 0 0 0 0 58 0 0 0 21 26 0 0
0 0 39 0 0 66 16 0 0 0 0 0 50 0 0 0 0 0 0 63 0 36 0 93 0 0 57 0 0 0 0 0 0 0 51 0 68 0 0 0 0 40 0 0 0 0 42 96 0 0 0 0 0 0 0 0 0 26 0 0 0 0 0 0 0 0 0 0 0 0 0 1 0 48 0 0 1 0 0 0 0 0 72 78 0 48 61 0 0 0 70 8 58 0 37 0 0 0 79 0
0 0 0 0 0 0 0 0 0 0 0 0 0 0 0 57 0 77 0 0 0 0 0 0 14 0 0 86 0 0 0 0 65 0 0 0 42 40 0 0 0 0 0 18 0 0 0 2 0 25 0 19 0 0 22 0 0 0 0 0 68 0 0 0 64 0 0 28 0 0 0 97 0 0 0 0 0 22 0 0 0 55 99 0 0 0 50 41 0 0 0 0 0 0 0 0 0 81 0 0
0 0 8 40 0 0 10 0 0 22 75 69 0 0 0 0 0 0 48 53 0 0 0 0 0 15 0 0 0 70 0 0 0 0 61 0 11 0 22 0 8 20 0 0 0 0 0 0 0 0 0 0 0 0 80 0 0 0 17 9 0 0 54 0 29 0 0 0 0 0 0 83 0 0 0 0 21 0 0 73 0 53 0 0 0 0 0 0 0 0 16 38 0 0 0 51 0 88 0 81
0 0 0 0 80 0 0 0 0 0 0 46 0 0 1 45 23 0 0 17 0 0 0 97 0 0 0 0 0 0 0 97 0 0 0 70 59 0 0 0 38 0 42 47 0 0 60 0 0 0 0 0 0 58 0 0 93 0 66 0 0 0 0 0 37 0 0 98 57 0 0 0 0 0 7 0 98 83 0 0 0 0 9 0 0 0 32 0 0 0 50 0 74 80 79 65 0 0 0 0
0 0 0 96 16 0 0 0 0 0 0 0 0 0 0 0 0 34 41 0 0 13 0 72 0 0 0 0 0 0 0 0 0 0 68 0 0 0 0 0 70 86 0 0 0 50 0 0 16 0 71 0 18 59 88 3 0 0 42 0 0 0 0 70 0 0 0 0 45 0 0 69 0 0 0 0 0 96 0 0 0 0 0 0 0 0 0 0 0 6 0 0 0 96 0 0 0 76 0 0
52 94 0 100 0 43 0 0 0 90 0 0 0 0 0 0 67 0 28 0 0 0 0 1 0 0 0 0 0 0 0 0 7 0 0 0 0 0 0 0 0 0 69 0 0 0 0 0 10 10 0 0 0 0 0 0 0 90 10 40 0 0 0 0 0 0 37 0 0 0 36 0 0 0 0 0 0 59 81 0 0 0 0 0 0 75 0 0 0 0 38 0 0 0 0 0 0 0 0 0
0 0 0 0 0 0 0 0 0 0 0 0 84 49 0 0 0 0 0 0 0 0 24 0 0 0 0 82 0 0 0 0 69 0 0 0 0 8 52 17 51 0 0 33 0 0 0 0 0 40 0 0 0 0 0 66 0 0 0 0 0 0 0 0 0 34 0 0 0 0 11 59 0 0 0 56 0 89 0 0 43 0 50 0 0 0 10 0 23 0 38 0 0 0 0 0 0 0 16 0
30 56 0 0 0 0 0 0 0 0 0 0 0 46 42 0 0 0 0 0 0 0 0 0 0 0 0 0 0 0 0 68 0 60 0 84 4 14 0 0 0 0 0 0 0 0 0 0 91 85 96 0 7 0 0 0 0 0 2 0 44 76 0 0 8 0 0 0 0 0 0 92 0 0 0 95 0 0 25 61 0 0 0 62 0 0 0 72 0 0 39 0 0 13 71 0 0 0 0 0
0 0 0 0 0 0 0 1 0 0 0 0 9 0 0 20 0 0 0 0 0 0 0 0 34 0 0 0 0 0 0 0 0 0 0 0 65 81 97 0 88 0 0 47 0 0 60 13 0 0 0 0 0 98 0 95 39 0 0 46 0 0 0 0 86 0 26 0 0 89 0 82 0 28 0 71 0 53 51 0 23 0 74 0 0 0 88 0 0 0 0 0 0 87 9 0 0 0 0 0
0 0 0 0 96 95 0 0 65 90 0 0 0 0 0 0 0 0 35 80 0 0 0 0 0 0 0 0 0 100 0 54 56 0 42 0 81 0 0 0 0 0 0 0 0 0 19 17 0 0 0 62 0 0 0 0 62 0 0 0 0 0 0 0 0 0 47 0 0 20 0 0 0 78 36 0 0 86 0 97 0 0 0 57 0 0 0 0 0 0 0 92 0 0 0 0 30 0 0 0
0 0 0 0 0 0 0 0 0 0 0 0 0 0 25 76 29 0 0 0 0 0 0 0 44 57 0 0 80 0 0 0 0 0 0 66 0 0 0 0 0 0 0 0 0 11 25 0 0 0 0 0 0 60 0 0 0 64 0 0 85 0 0 0 0 0 87 0 0 0 0 0 0 0 0 0 0 0 62 0 0 0 0 0 0 0 0 0 0 0 0 0 0 0 0 0 0 0 0 0
0 0 0 94 0 0 0 0 0 51 0 0 0 0 0 0 0 0 0 0 83 57 46 0 0 0 34 0 0 0 0 0 83 0 0 0 0 0 0 0 0 0 0 0 0 0 0 0 0 0 0 0 0 53 20 0 0 0 9 0 0 52 0 0 80 0 61 0 20 0 96 0 0 0 0 0 0 0 0 6 0 0 0 0 0 61 0 81 0 0 0 0 0 0 0 0 0 86 0 0
47 0 0 0 0 63 93 0 0 96 0 0 92 0 24 0 95 0 96 0 0 20 8 0 0 0 0 0 0 32 0 0 0 0 0 0 0 0 0 0 0 0 0 0 0 0 0 0 0 0 0 0 100 0 0 0 90 0 0 11 81 0 0 0 86 37 62 0 0 0 42 0 4 96 0 0 0 0 0 0 0 17 0 0 0 0 0 0 56 49 0 0 0 81 0 0 26 7 0 0
0 8 36 0 0 0 0 0 0 0 0 0 0 0 0 90 0 91 80 0 0 0 0 1 0 0 78 0 0 87 0 0 0 0 67 19 0 0 0 0 0 0 0 0 0 0 0 0 0 0 0 0 0 83 0 0 0 0 0 0 0 0 84 0 40 0 0 0 12 0 0 0 0 0 62 0 0 0 0 0 65 0 0 0 0 0 0 0 16 0 0 0 0 0 0 20 0 0 74 37
83 0 0 0 85 0 0 61 63 43 0 0 0 0 0 0 0 0 0 0 77 0 13 62 0 0 0 74 0 0 0 0 0 98 0 100 0 0 0 0 0 78 77 0 0 0 26 0 0 53 0 0 35 0 0 0 0 0 0 0 0 54 0 80 0 100 0 0 0 0 0 0 9 82 0 57 0 0 0 51 21 0 50 11 0 0 0 86 0 84 0 0 0 56 0 0 0 0 0 0
0 99 0 36 0 0 0 0 0 0 0 0 0 0 0 0 89 0 0 0 70 74 0 0 0 57 0 4 0 0 0 4 0 0 0 0 0 0 0 76 0 8 0 0 0 0 76 0 0 0 0 22 54 0 0 0 0 0 0 0 58 0 0 0 0 0 0 0 0 0 0 0 0 24 0 0 0 0 0 91 26 0 0 0 0 0 0 0 0 20 0 0 0 0 0 70 60 0 92 0
0 0 0 0 0 0 0 0 88 0 86 96 0 0 44 0 0 79 0 0 0 0 0 97 0 0 0 0 0 0 86 0 28 21 0 0 34 0 0 0 0 0 0 36 0 0 0 99 0 0 0 0 0 0 80 0 0 0 0 10 24 0 0 41 0 0 63 0 0 0 49 0 51 39 0 0 0 0 0 70 0 94 0 42 0 0 50 0 0 0 0 64 0 0 98 0 0 79 31 0
0 0 0 0 0 0 68 0 41 0 0 0 0 0 0 0 0 0 0 35 0 0 84 0 70 47 0 0 32 63 0 0 0 0 0 0 0 0 0 0 96 0 93 0 0 0 44 0 29 0 0 0 0 0 0 0 0 0 23 0 0 0 24 0 0 0 3 19 0 0 64 0 0 0 73 30 0 0 97 0 1 0 0 0 0 0 0 0 26 0 29 0 0 0 0 0 51 55 32 0
0 0 0 30 1 0 0 0 0 0 0 0 0 0 0 13 7 62 0 0 38 0 0 20 0 0 0 0 0 0 0 0 95 0 0 0 0 77 0 30 0 0 78 0 0 0 0 0 0 0 45 0 23 0 0 0 0 0 0 0 0 0 5 46 0 0 0 83 0 0 0 0 0 0 0 22 0 0 63 0 0 0 0 0 64 0 0 50 0 0 0 0 0 0 0 0 38 47 0 0
0 43 0 80 0 0 73 66 0 20 0 41 0 0 0 0 0 0 0 0 0 0 0 0 0 66 0 0 17 0 0 0 0 0 0 0 73 0 0 0 0 0 7 0 0 51 55 0 68 0 0 0 0 0 0 48 0 49 45 0 0 0 0 78 0 0 0 0 0 81 0 0 0 0 0 0 0 0 0 0 10 0 0 0 55 0 0 0 0 52 0 0 51 0 0 37 0 0 0 0
0 32 0 0 0 0 0 82 0 0 0 95 0 0 0 89 0 0 60 0 0 0 0 0 26 58 0 0 0 0 0 60 45 0 50 0 0 96 0 0 0 3 65 0 0 0 0 0 0 0 0 0 0 0 0 0 0 0 0 0 0 0 0 23 0 0 0 10 39 78 0 0 0 0 0 0 0 42 0 0 48 47 0 0 0 72 0 57 13 0 0 0 35 0 0 0 0 0 20 0
45 0 0 0 0 0 0 0 0 0 67 23 0 60 0 0 0 0 0 0 9 0 0 12 0 0 0 0 0 99 0 0 0 98 0 0 0 0 0 0 0 0 0 0 7 0 0 3 0 0 8 0 64 85 0 0 0 0 96 0 32 0 0 0 0 0 0 0 0 0 9 0 0 0 0 46 0 93 0 0 0 0 0 84 0 0 0 0 0 0 0 0 0 0 0 0 0 0 0 0
0 0 0 0 0 0 0 0 0 0 0 79 0 91 96 53 55 0 0 0 82 92 0 0 0 0 0 0 31 51 0 0 77 17 82 0 35 0 0 58 0 0 7 0 0 53 99 0 65 0 0 82 0 0 0 0 0 0 76 0 0 30 0 58 63 0 0 0 0 0 0 0 0 82 0 0 0 0 0 0 0 0 33 78 0 0 0 19 0 0 0 82 0 0 0 18 0 64 13 15
0 0 0 0 0 0 97 0 0 0 0 0 0 97 0 12 10 0 0 0 0 0 0 0 43 0 0 86 0 0 0 0 14 0 0 70 0 0 0 13 0 0 0 0 0 0 23 62 0 28 0 0 0 0 64 0 0 0 0 0 0 0 0 0 0 0 0 7 32 76 18 0 0 0 0 69 0 0 42 0 0 0 2 0 0 0 0 0 0 0 0 0 0 0 0 0 0 0 0 0
0 0 0 29 0 0 1 0 0 0 39 47 0 100 0 90 0 0 0 0 78 0 0 0 0 0 0 0 0 0 0 0 90 0 0 0 0 0 0 0 0 0 0 0 0 0 0 52 30 0 76 0 0 0 0 0 26 0 0 0 0 26 0 0 0 0 0 69 0 0 0 0 0 0 47 11 63 57 0 0 0 0 38 0 0 12 0 0 0 0 0 51 0 0 81 0 13 0 0 35
0 4 0 0 0 0 37 0 0 0 0 0 0 96 0 0 72 0 0 0 73 38 0 0 42 0 0 90 0 41 0 71 0 0 0 0 0 0 0 8 0 0 0 0 40 0 83 0 60 0 0 0 0 0 22 0 0 87 72 0 93 97 60 0 0 0 0 0 0 0 0 81 0 0 0 99 12 14 92 53 0 0 0 0 97 13 0 0 0 0 0 52 0 0 0 0 0 88 0 64
0 0 28 0 0 0 24 0 0 31 25 0 0 0 0 0 0 0 0 0 0 0 0 0 0 0 0 0 0 0 0 0 0 0 0 0 41 0 0 0 0 0 0 0 0 0 0 0 0 0 0 0 0 0 0 0 0 0 0 0 0 43 0 0 0 0 71 0 0 0 0 32 0 18 0 0 0 0 0 0 14 29 0 11 0 0 0 0 0 0 60 0 0 0 0 47 0 0 92 0
75 0 94 0 0 83 28 51 96 0 37 0 0 0 0 0 0 25 0 0 0 0 0 0 0 0 0 0 35 0 0 0 73 0 0 0 42 0 0 0 0 10 64 0 0 0 0 0 0 0 0 0 0 0 0 0 0 73 0 0 0 0 7 0 0 0 1 0 0 0 0 0 86 0 0 0 0 0 14 0 0 0 0 0 6 0 6 85 0 96 27 0 15 0 0 24 0 0 0 0
19 89 0 0 0 0 83 0 0 64 0 0 0 0 0 20 28 28 0 74 10 0 85 0 95 91 57 0 0 0 0 0 6 0 94 0 0 0 0 0 0 31 0 62 0 12 0 0 0 0 0 0 0 0 0 0 0 0 0 0 0 37 0 51 0 16 0 0 97 0 0 83 0 0 0 0 0 0 0 6 0 51 0 0 57 0 0 46 0 0 82 0 32 0 0 0 87 0 0 0
19 0 0 0 41 0 0 0 0 28 0 0 0 0 0 67 25 22 0 0 0 0 0 0 0 0 0 37 0 0 0 0 0 0 0 0 0 0 85 1 0 0 52 0 0 0 0 7 0 0 0 0 0 0 0 0 0 0 0 0 87 35 90 0 0 0 48 96 31 0 13 0 0 29 28 0 0 0 0 0 0 0 55 85 42 0 0 0 0 11 23 0 50 0 0 0 0 0 0 0
0 0 0 0 0 0 0 0 0 0 0 0 100 0 0 91 0 41 0 0 0 1 12 32 0 0 0 0 0 0 0 0 0 0 78 0 0 0 80 0 0 88 0 0 0 0 0 0 0 0 0 0 0 0 0 0 0 0 0 0 43 0 0 40 0 0 6 0 0 9 0 0 0 88 0 0 27 0 0 0 0 0 87 0 0 0 0 0 0 0 0 85 0 88 0 90 0 22 0 0
0 0 0 0 0 0 0 1 79 0 34 0 0 0 0 18 0 39 0 0 35 0 50 0 0 0 0 0 0 0 85 80 0 0 0 0 0 0 0 99 0 31 0 53 0 0 0 0 0 76 0 0 0 45 32 71 49 0 0 0 0 33 50 0 0 84 0 0 0 0 0 0 31 61 0 0 0 0 0 0 0 0 45 84 69 0 0 0 0 0 0 0 0 20 0 0 0 58 88 33
0 0 0 0 0 0 0 0 0 0 0 83 0 0 0 86 0 0 0 0 0 0 0 0 13 0 98 0 0 0 0 76 0 49 25 0 0 0 59 0 0 0 0 0 0 0 0 0 0 0 53 49 74 30 98 0 0 26 0 0 0 0 55 0 90 0 0 0 50 0 46 0 0 69 47 52 0 0 9 75 59 0 99 67 0 0 0 0 72 0 0 0 0 0 0 0 5 6 0 0
14 50 0 100 0 0 0 82 0 0 0 0 77 0 0 0 29 0 0 0 0 71 0 0 0 64 0 12 0 0 62 0 0 18 24 0 0 0 0 0 0 35 0 0 65 0 13 0 0 0 98 0 0 24 0 0 0 60 0 0 0 0 75 0 0 10 0 0 56 92 83 0 0 0 0 0 0 0 46 0 0 71 0 0 0 44 0 0 0 19 0 20 0 0 0 0 0 0 37 0
0 0 0 0 0 0 0 0 0 21 0 0 2 0 0 37 0 0 0 0 81 0 0 0 14 0 48 0 0 0 0 0 97 76 0 0 0 0 0 23 0 0 0 0 60 56 0 0 0 41 0 0 66 77 33 0 0 9 0 0 77 82 0 0 0 0 0 0 0 0 16 90 0 0 0 0 0 0 0 0 0 0 0 16 0 0 0 0 15 94 0 0 0 0 0 33 0 0 0 22
0 90 0 0 25 0 0 0 0 55 0 36 0 0 0 0 93 85 78 0 79 0 86 0 0 99 0 42 0 97 0 0 0 43 0 42 0 78 0 92 0 4 0 4 0 0 63 41 0 33 0 0 0 0 0 70 90 29 0 0 0 0 55 0 0 66 0 86 0 0 0 0 2 0 0 0 0 0 0 0 0 0 100 0 0 60 97 0 0 0 41 0 0 0 0 0 0 55 0 0
0 35 0 46 0 9 0 0 0 0 0 11 0 52 0 0 0 0 66 0 0 74 54 0 0 0 0 0 40 0 0 24 68 0 49 86 0 10 83 0 0 23 0 88 0 0 40 0 2 0 0 0 0 0 0 88 0 0 0 0 0 9 0 0 19 0 9 8 0 40 0 47 0 63 0 0 0 0 0 0 15 0 0 0 16 42 0 2 0 0 0 60 0 84 0 58 0 0 22 0
0 39 0 0 51 15 0 0 0 0 6 0 0 26 0 87 0 0 0 0 0 0 0 0 0 71 0 0 0 0 0 23 0 0 54 0 0 0 0 78 0 42 0 0 79 0 0 0 0 0 0 0 0 0 0 0 2 0 0 0 0 0 0 0 0 50 5 39 0 0 0 40 0 0 51 0 0 0 0 0 0 0 0 0 0 0 0 44 85 0 0 4 0 0 1 0 72 0 11 0
0 0 0 74 0 61 0 0 0 0 0 0 14 0 0 0 95 0 0 0 0 0 47 0 0 0 60 33 0 0 0 0 0 97 0 0 0 92 0 77 0 0 51 13 88 0 40 0 0 0 0 0 0 0 0 27 0 0 0 15 0 0 0 0 2 0 0 46 0 0 0 0 0 0 0 0 0 0 0 0 0 0 0 59 59 0 0 0 0 0 0 0 0 0 0 0 0 0 0 0
94 36 0 15 0 0 0 0 0 61 0 0 0 80 46 0 49 0 0 0 1 0 0 53 0 0 46 0 38 0 0 49 0 0 76 31 13 0 0 21 0 0 0 0 0 0 0 0 0 0 0 0 0 0 21 0 0 0 0 0 0 0 35 0 0 0 0 0 71 0 0 87 0 0 0 0 0 0 60 0 15 0 0 0 0 9 0 95 0 0 15 100 0 25 0 0 31 0 0 0
0 0 0 10 0 69 36 0 0 0 28 0 0 0 0 74 32 0 0 0 0 0 0 0 0 0 0 0 70 0 0 19 0 0 0 0 30 96 0 0 0 0 0 0 0 0 88 0 0 0 0 76 0 29 0 47 0 0 0 0 0 0 11 0 69 0 0 0 0 0 0 0 0 0 21 0 0 0 77 0 0 0 0 38 0 0 88 74 0 0 0 0 0 0 0 83 0 23 0 0
0 0 0 87 0 0 55 0 10 42 0 0 0 0 0 0 0 0 0 67 0 0 18 0 19 58 39 9 0 0 0 17 6 73 0 0 0 0 0 0 0 6 0 32 0 0 0 0 81 0 97 0 5 22 0 65 91 0 0 0 27 0 0 0 0 0 0 0 0 0 0 0 82 0 0 14 68 0 50 0 0 0 0 0 0 0 0 0 0 63 82 0 0 0 0 0 0 0 0 0
0 0 0 0 0 0 0 38 0 0 0 0 0 0 0 0 0 0 0 0 0 0 0 0 0 0 31 0 0 0 0 0 0 0 1 0 0 0 11 56 0 0 0 0 0 0 0 87 0 0 0 26 25 36 0 44 0 0 0 98 0 0 0 0 0 9 0 62 0 0 45 26 0 0 0 0 66 40 0 0 0 6 0 0 0 0 0 0 0 0 0 0 0 100 0 0 0 0 0 0
0 0 0 0 0 0 0 0 0 0 0 0 0 0 0 0 0 0 37 0 0 30 0 54 97 0 0 0 0 0 0 0 0 0 31 0 0 0 0 0 0 0 0 0 0 93 0 48 95 9 0 0 75 0 0 0 87 0 53 0 0 0 0 0 0 0 0 29 55 0 0 0 0 0 0 0 0 0 0 89 97 0 13 49 0 0 0 0 0 0 0 0 95 0 0 10 46 0 0 43
0 0 0 0 0 78 0 0 7 0 54 0 98 0 14 0 49 0 68 0 0 3 0 0 9 4 0 55 0 0 0 0 0 95 0 0 0 0 0 0 0 5 0 0 0 0 0 0 4 27 0 0 0 0 91 96 0 0 0 0 0 2 0 0 58 0 0 0 0 0 0 0 0 4 0 0 0 0 0 38 0 0 0 0 81 0 0 12 0 0 0 0 0 39 0 0 7 0 0 0
0 85 0 0 36 0 0 0 0 0 0 0 0 0 0 0 0 0 0 0 0 0 62 0 0 0 44 17 0 0 0 0 0 0 28 0 12 0 29 25 0 0 0 41 0 0 0 90 0 0 58 0 0 17 0 0 0 0 9 0 0 0 0 0 0 67 0 0 5 61 0 29 23 1 0 0 0 0 71 0 0 0 88 73 0 0 0 0 0 50 10 0 0 0 0 0 0 0 0 0
41 0 0 0 0 0 0 0 0 24 0 28 0 0 0 41 0 48 0 36 0 0 0 0 80 0 0 28 0 0 79 0 0 0 0 37 0 0 0 0 0 0 0 0 0 68 0 0 24 0 0 0 0 0 0 88 0 0 0 0 44 0 38 97 41 51 0 0 0 0 32 80 0 86 0 0 0 0 57 0 0 0 0 0 0 0 0 0 95 0 0 0 0 0 0 0 87 68 75 0
0 53 0 0 0 0 73 0 0 66 0 0 0 0 0 0 0 0 0 0 0 0 0 0 0 0 63 0 0 23 0 0 0 0 0 0 0 71 0 0 0 0 0 0 83 0 0 0 0 79 0 0 0 0 0 0 95 87 0 40 0 0 0 0 0 0 0 0 0 0 0 95 0 0 11 42 0 0 0 0 0 48 0 0 0 0 0 0 0 0 0 0 0 0 0 0 0 99 0 0
0 84 0 0 24 0 0 0 0 0 19 99 6 84 19 0 0 60 0 0 99 40 0 0 0 0 89 0 0 45 0 0 0 0 0 0 0 0 0 0 0 0 0 0 0 0 0 0 0 0 0 0 6 0 32 0 0 0 0 0 36 0 36 0 0 0 17 0 0 79 0 0 0 0 0 0 0 0 0 0 40 0 82 0 100 0 35 0 89 0 0 39 0 0 0 0 0 0 0 26
0 0 0 29 0 0 0 0 0 0 0 0 30 0 0 0 22 0 0 0 0 0 0 0 0 0 0 0 4 0 0 0 20 0 49 0 58 57 76 0 0 0 92 0 91 0 61 0 0 0 0 0 0 76 0 0 18 0 0 9 0 40 0 0 0 0 0 0 0 0 91 3 96 0 0 0 91 0 0 0 30 0 0 22 1 0 0 0 0 0 0 0 0 0 0 0 0 0 91 10
59 0 0 0 0 0 0 0 0 0 0 0 0 0 14 0 0 0 0 0 0 0 0 0 88 0 0 88 0 36 0 72 79 0 0 0 0 0 0 0 39 0 0 0 66 25 0 78 0 0 0 0 71 0 0 0 0 0 0 0 0 0 0 0 0 0 100 0 18 0 0 0 0 3 0 0 0 54 0 75 0 0 0 0 0 29 0 0 0 74 0 0 0 0 0 0 0 83 54 0
0 0 0 0 0 2 0 0 76 0 0 0 0 0 0 0 82 89 0 0 0 0 0 0 0 0 75 0 0 0 95 0 6 0 0 0 0 0 0 45 0 70 0 0 0 0 88 0 0 0 0 0 0 0 0 0 0 0 77 0 0 10 79 0 0 0 0 0 0 0 0 0 0 0 0 0 0 0 0 0 0 0 0 0 0 0 0 0 0 0 0 25 0 8 4 0 0 0 0 0
0 0 0 0 0 0 0 48 25 69 92 0 0 0 0 0 0 0 0 0 0 0 0 0 0 0 0 0 0 0 0 55 45 92 0 0 47 0 80 0 0 0 4 45 0 16 51 0 77 0 0 86 0 0 0 0 0 0 29 0 0 0 0 0 36 0 0 0 35 0 0 0 0 88 0 0 25 0 0 5 52 96 33 0 23 0 61 0 0 0 0 0 0 0 0 24 0 0 98 0
0 0 0 0 61 45 0 0 0 0 0 0 22 0 0 100 0 0 0 0 0 0 0 0 0 0 0 63 0 0 0 0 69 66 0 0 0 0 0 0 0 0 0 0 0 0 0 78 0 0 0 15 33 0 0 38 0 17 0 0 31 0 0 0 0 0 0 44 43 0 0 0 0 0 31 0 0 16 98 0 0 0 0 0 0 0 30 0 0 0 0 83 14 76 64 0 0 0 0 41
31 0 0 0 0 32 0 0 0 0 22 67 0 13 44 0 85 0 0 0 1 0 0 0 0 0 74 0 64 0 0 0 0 0 0 0 97 0 0 0 0 19 0 36 0 0 0 0 46 0 0 0 0 0 47 0 41 0 0 0 0 0 31 57 0 5 0 0 0 0 0 75 0 49 30 51 0 7 0 0 99 72 0 0 0 0 55 8 11 0 0 80 0 0 0 0 0 0 0 0
0 58 33 96 94 44 0 0 0 0 0 0 28 0 86 0 0 0 21 0 0 0 36 83 0 0 0 12 0 0 0 0 57 0 49 0 0 0 0 0 56 0 0 0 96 26 35 0 0 32 0 0 0 0 0 0 54 20 0 3 27 0 0 99 0 0 12 0 0 14 0 68 0 0 0 0 0 0 0 0 0 0 3 46 0 0 0 0 0 0 0 0 0 0 51 0 0 77 0 0
49 0 0 0 0 0 0 28 0 93 0 22 0 12 0 31 0 0 24 0 0 58 7 0 0 66 0 0 0 17 17 0 66 0 0 0 46 38 89 45 0 4 0 0 0 0 42 0 0 83 0 0 22 96 89 0 0 63 0 0 0 95 0 0 0 0 0 0 81 0 0 0 77 2 0 0 8 72 0 86 0 0 0 0 0 33 0 0 0 56 0 0 0 0 94 0 0 0 0 0
0 0 0 0 0 0 19 21 64 0 70 56 52 30 0 28 0 0 0 7 40 0 0 0 0 0 0 64 0 68 0 0 85 0 0 71 62 0 0 31 80 67 8 0 0 0 0 0 0 51 22 55 37 0 0 0 0 0 0 0 0 93 0 0 0 0 0 0 0 0 4 0 0 0 96 53 0 0 0 0 0 0 0 0 0 76 0 0 0 0 0 57 1 0 12 0 64 0 0 0
0 0 0 0 0 0 0 0 0 0 0 48 71 0 0 0 53 0 0 53 0 0 0 0 0 0 0 12 18 34 0 0 0 0 0 14 0 0 23 0 0 0 0 0 0 0 0 0 0 44 0 0 53 22 11 0 85 0 62 0 0 0 0 0 0 0 0 0 72 55 0 0 0 0 0 0 0 0 0 6 0 0 0 76 89 0 0 0 0 0 0 0 0 88 0 0 0 0 88 0
0 0 0 0 0 60 0 0 0 0 0 21 0 91 0 0 0 0 0 0 0 0 0 6 0 0 0 0 0 0 0 97 0 0 0 0 0 0 0 0 0 0 0 0 0 0 80 28 0 0 0 0 0 0 0 0 59 19 0 59 0 0 0 18 0 0 0 0 0 0 0 0 0 0 99 73 0 59 0 0 0 0 0 0 18 0 0 0 0 0 0 0 0 0 0 0 93 0 37 0
85 0 0 0 0 0 29 38 29 0 0 0 0 0 0 0 0 0 59 14 0 0 0 0 0 24 0 0 0 0 12 0 0 75 0 26 0 0 0 5 0 0 0 0 0 0 0 84 30 0 0 30 66 0 0 0 0 0 0 0 0 0 0 0 36 0 0 0 71 0 0 0 0 88 58 95 0 0 47 0 0 0 0 0 0 0 16 45 71 0 37 58 0 0 0 76 98 79 0 0
55 0 0 0 0 0 0 0 0 12 0 0 86 74 0 65 97 0 36 15 0 0 0 0 0 0 0 0 0 0 0 0 0 0 0 0 0 0 0 19 0 0 0 0 0 0 0 0 0 0 0 0 0 37 0 19 0 0 0 0 0 0 0 0 0 0 77 0 0 0 0 77 0 66 51 0 65 65 0 0 46 0 0 0 29 0 0 0 0 3 0 30 72 0 0 0 0 0 0 0
0 39 23 0 0 91 0 0 0 0 33 0 0 0 0 0 0 0 85 0 0 0 8 0 0 0 0 0 0 0 0 0 0 0 0 0 0 77 28 0 0 0 0 0 64 0 0 60 0 0 41 18 0 0 0 0 0 0 61 0 0 51 0 0 0 0 71 0 0 0 0 0 0 0 0 0 0 0 0 0 0 0 0 0 0 0 22 0 0 0 0 0 0 0 61 0 0 83 0 0
0 0 0 47 93 0 0 58 0 0 0 0 0 0 37 0 0 11 0 0 0 0 0 0 57 0 0 0 98 0 0 0 0 0 0 6 0 0 0 24 0 0 0 0 15 0 95 31 0 0 0 0 0 91 0 0 43 0 64 95 0 0 0 0 0 0 0 0 0 0 0 0 0 0 0 0 26 44 0 0 70 0 0 0 0 0 0 0 83 0 0 0 33 0 0 0 14 24 0 0
0 49 28 0 0 92 0 0 0 0 0 94 0 0 0 68 0 0 0 0 13 0 25 0 0 0 0 0 59 0 0 0 0 8 0 0 54 75 66 0 0 83 48 0 89 0 0 0 0 0 0 0 0 0 0 0 0 29 0 0 0 0 0 0 0 0 67 0 0 0 56 0 32 0 0 0 48 0 0 0 73 0 0 0 0 0 0 0 0 61 95 0 0 71 0 64 25 0 0 0
0 0 0 0 0 0 0 0 0 0 0 98 0 0 0 0 0 83 0 0 0 0 17 0 0 0 0 94 0 0 0 0 0 0 0 0 0 9 0 0 0 0 0 0 0 6 23 0 0 99 27 0 0 0 0 0 0 0 0 57 0 0 0 0 0 0 91 0 0 0 32 0 0 0 0 0 0 0 0 0 0 0 0 0 0 39 0 0 68 0 0 0 0 23 55 0 77 4 0 0
97 0 87 0 0 0 0 0 0 0 0 0 0 0 0 0 0 0 0 0 0 0 0 0 38 0 0 0 0 86 0 0 0 0 0 0 0 0 88 32 0 0 0 0 0 0 0 0 0 0 0 0 0 0 0 0 0 0 0 77 0 0 0 67 9 0 0 64 98 0 0 0 0 49 0 36 0 0 0 41 12 0 0 53 0 63 0 0 0 0 0 0 0 0 86 22 0 10 0 0
0 0 60 0 46 0 0 0 0 0 0 0 0 33 0 0 17 0 0 0 0 0 0 61 0 0 0 0 0 13 0 0 39 0 47 0 31 0 0 0 0 0 99 0 0 0 0 18 0 0 59 36 0 2 0 46 0 0 0 0 0 0 0 35 0 0 0 0 0 26 0 0 0 0 0 38 0 0 0 26 100 0 0 43 0 0 0 0 0 11 0 95 0 0 0 0 0 0 59 0
0 0 0 0 35 0 0 0 0 10 49 0 0 0 0 0 0 0 85 0 72 77 68 0 0 7 0 0 0 0 0 0 64 0 0 72 88 0 0 27 0 0 34 0 0 32 0 88 0 83 90 0 0 0 88 0 0 11 0 0 0 0 0 0 0 0 16 0 100 62 0 0 0 0 20 0 27 64 0 72 0 46 0 0 32 20 95 27 0 42 0 73 5 0 0 0 0 14 0 0
20 0 0 0 0 0 0 0 0 0 0 77 0 0 0 10 78 0 0 0 33 59 0 0 0 30 0 0 0 0 0 38 0 0 34 0 0 0 0 0 0 0 0 0 90 0 0 0 6 30 0 0 0 57 0 100 0 0 0 0 0 0 0 0 0 0 0 0 0 69 16 0 0 0 0 0 0 0 0 65 22 0 93 0 70 0 0 0 79 0 0 0 51 0 0 0 0 0 0 0
0 0 0 0 77 62 0 0 13 0 0 0 0 0 0 0 0 0 0 0 81 0 45 0 0 0 80 0 0 0 64 0 0 0 54 0 6 0 0 0 0 97 6 0 0 0 0 0 0 0 0 0 0 66 0 0 0 0 97 0 61 0 86 68 0 2 0 0 0 62 0 0 0 0 0 84 47 0 0 0 0 0 0 1 0 0 0 0 0 0 41 0 0 0 0 0 0 0 0 0
0 0 0 0 0 89 0 0 63 45 0 0 27 0 79 32 55 0 0 0 30 0 59 0 49 17 0 44 0 0 0 0 0 0 0 0 0 0 0 0 0 0 21 0 84 0 47 0 0 0 30 0 0 60 0 0 0 0 26 0 97 0 66 0 0 0 0 0 0 0 0 0 25 0 0 23 65 43 0 27 0 0 0 0 0 0 0 67 85 96 0 38 0 0 61 0 0 0 0 0
0 0 0 60 0 0 0 55 44 0 0 0 0 66 0 40 0 0 60 48 0 0 0 38 23 0 0 0 0 0 0 0 96 0 0 0 0 0 0 0 0 0 0 0 80 0 0 0 0 0 0 0 0 86 0 0 0 0 0 7 86 0 3 0 0 0 0 0 100 44 50 0 0 0 71 0 0 2 0 0 0 61 0 0 42 0 0 0 92 0 0 0 0 0 0 0 0 0 45 0
0 0 0 0 0 0 0 81 0 0 0 74 0 0 0 90 0 73 0 0 54 0 0 14 0 0 0 52 0 0 0 0 0 0 0 0 0 0 0 0 0 0 0 0 84 0 0 28 37 0 0 17 0 0 1 0 4 0 0 0 0 0 0 6 90 0 0 0 0 0 98 0 0 0 0 0 0 83 44 32 0 0 0 60 39 0 0 0 0 0 0 0 0 0 0 0 0 0 0 0
0 0 0 9 82 0 0 0 0 4 0 0 0 0 37 0 0 0 0 0 85 0 0 0 0 0 2 0 0 0 0 0 0 87 0 0 0 98 0 0 0 66 0 0 0 0 42 0 0 0 0 0 0 0 77 0 63 0 0 0 0 0 0 0 0 0 0 0 16 0 0 0 69 0 0 0 0 0 62 24 99 0 0 0 72 55 13 0 0 0 63 58 33 0 0 0 0 56 0 12
0 0 0 0 0 0 0 62 0 43 0 0 76 0 0 0 0 0 0 0 0 0 0 42 0 15 0 0 0 0 0 0 0 78 0 0 0 0 0 0 25 0 60 0 0 0 76 0 0 0 61 25 0 0 0 0 0 0 0 0 0 0 64 0 36 0 0 0 0 0 0 0 0 0 0 0 0 0 0 0 0 0 0 0 0 0 0 0 5 0 0 39 0 0 0 0 0 0 0 0
0 0 59 0 0 0 0 0 79 0 69 16 0 0 0 13 0 0 69 0 52 0 0 0 94 0 0 28 0 0 0 0 0 0 0 0 0 0 0 0 0 0 52 84 0 67 0 0 16 0 0 0 0 0 0 0 0 0 0 0 0 0 0 0 0 0 0 43 0 0 0 0 0 80 99 52 0 0 46 0 0 0 0 60 0 0 0 0 0 36 0 52 0 10 47 0 0 0 0 79
99 0 0 0 43 0 98 0 0 0 0 0 5 9 0 0 0 0 0 26 0 0 0 0 0 0 59 0 74 0 0 0 0 24 32 0 0 0 95 0 61 0 0 0 0 0 23 0 0 0 89 81 0 32 0 0 0 0 0 87 0 90 0 0 0 0 23 0 12 0 0 0 0 8 0 0 62 70 0 0 0 0 0 0 0 0 0 0 0 0 0 0 34 0 0 0 0 0 0 57
0 0 0 0 0 0 0 0 0 0 90 0 0 0 0 0 74 0 0 0 0 0 37 0 0 0 0 0 0 2 90 98 0 0 13 0 0 0 0 0 0 82 0 0 0 0 0 0 30 0 0 0 0 0 0 0 0 0 0 0 0 0 0 0 0 0 0 0 33 0 0 0 92 0 17 0 0 0 0 0 0 0 0 63 0 88 18 35 0 98 0 0 0 0 0 0 0 0 0 0
0 0 0 38 0 0 0 0 0 0 0 0 0 0 0 26 0 0 78 0 0 0 0 7 0 81 0 13 0 0 0 0 0 0 52 24 0 0 0 0 0 0 0 0 0 0 0 0 0 0 0 31 0 0 0 0 0 78 100 0 0 40 0 30 0 73 0 0 0 0 50 0 0 47 0 0 0 10 0 0 0 93 0 0 77 78 95 0 0 0 0 0 31 0 0 0 0 0 0 0
0 0 0 0 72 0 0 0 0 0 50 0 36 0 0 0 0 0 0 0 0 0 0 0 0 91 0 0 0 0 0 0 0 0 0 95 0 0 0 0 0 9 0 21 16 0 0 0 0 31 34 0 0 68 0 0 0 0 92 0 0 0 0 0 0 0 66 97 0 0 0 0 0 0 13 0 98 0 0 35 33 13 0 0 0 0 0 0 0 0 0 0 0 59 0 0 0 0 0 0
0 0 0 0 0 0 0 0 0 90 68 0 0 15 0 0 10 0 0 0 0 0 0 0 0 0 0 0 3 62 0 0 0 0 0 54 0 0 0 0 0 0 0 0 0 0 37 68 59 0 0 0 0 26 0 0 0 0 0 0 0 27 0 76 0 0 0 0 0 0 0 0 63 0 0 22 0 0 0 0 0 0 0 22 0 0 0 0 0 0 0 0 9 7 15 77 0 32 0 95
68 32 0 12 19 0 0 0 97 0 0 0 72 0 0 0 7 0 0 88 0 0 34 32 41 95 86 100 89 0 0 0 10 0 0 49 0 0 0 0 0 79 58 0 0 0 0 0 0 0 0 0 80 69 32 0 0 0 0 0 0 0 29 0 0 0 0 85 0 0 89 0 25 0 27 82 0 0 0 9 0 0 0 20 0 0 0 0 0 26 0 0 0 0 0 0 0 0 15 0
0 0 77 0 0 38 0 0 77 85 0 0 0 0 0 0 0 83 0 0 0 0 0 37 94 0 83 0 0 0 0 0 0 0 0 0 0 0 0 78 0 0 0 0 0 0 91 59 0 76 0 92 0 0 0 0 0 0 0 34 0 0 0 0 0 87 0 0 0 100 0 0 49 0 0 0 0 0 91 0 0 54 0 0 0 85 0 0 0 35 0 0 0 10 97 0 0 0 12 96
0 15 0 0 65 0 0 0 0 25 0 0 0 0 0 0 6 0 100 40 30 0 86 40 19 0 0 0 100 0 0 0 0 73 0 0 0 97 0 0 0 0 75 88 0 99 0 8 0 0 0 69 0 0 0 64 0 0 0 0 58 0 0 0 0 8 57 0 0 47 0 0 0 0 0 0 0 0 0 37 0 11 21 0 0 63 0 0 0 0 0 0 10 95 0 0 30 0 0 0
64 0 54 75 0 0 0 0 61 0 0 0 0 0 0 0 0 0 90 0 0 0 0 0 0 92 0 32 66 0 52 0 0 0 0 0 99 0 0 53 0 0 0 0 0 0 28 0 0 0 0 0 0 0 0 0 0 0 0 0 0 0 0 0 0 60 0 0 0 0 0 0 0 0 0 84 0 0 0 48 62 0 0 0 0 0 0 0 0 0 0 0 0 0 0 0 78 0 0 24
69 0 0 0 0 0 0 0 71 0 85 76 0 40 54 0 70 63 0 3 0 0 91 0 54 0 0 0 0 27 0 0 0 94 0 0 0 0 0 0 2 0 0 0 0 92 52 0 0 53 0 0 0 0 0 85 8 0 0 6 0 0 0 51 13 96 8 0 0 0 27 19 0 2 0 0 0 8 0 0 23 0 25 0 0 69 0 0 56 0 29 0 0 0 0 0 0 57 19 0
21 0 24 0 0 68 0 7 0 0 57 60 53 0 0 0 0 0 0 0 0 0 0 0 20 0 0 0 0 0 0 0 39 0 0 0 0 0 0 78 10 0 0 0 0 0 0 86 0 98 0 5 42 45 0 27 0 0 0 4 0 49 0 0 0 0 0 0 0 0 0 26 72 1 0 0 0 0 29 0 0 0 25 0 0 0 62 82 100 0 0 0 0 15 38 0 0 0 0 0
0 0 0 0 0 0 0 0 0 0 0 0 0 0 68 0 99 0 0 0 0 46 0 0 0 0 0 50 0 0 0 14 0 0 79 0 0 0 0 1 0 64 4 0 0 0 0 0 0 0 0 0 0 0 0 0 69 70 0 0 0 0 0 78 0 0 0 0 27 0 0 79 0 6 0 0 13 0 0 0 0 0 25 0 0 0 0 0 0 0 0 0 0 0 0 0 0 62 0 0
22 0 75 51 0 25 0 0 0 0 0 0 0 92 0 0 0 0 75 0 0 0 0 0 98 52 0 0 0 44 0 70 0 0 0 0 8 0 0 0 0 0 0 0 13 0 0 98 0 0 0 0 0 0 0 0 40 0 22 0 48 0 0 0 2 0 92 0 0 0 29 0 65 0 0 0 60 0 8 41 81 64 29 0 0 3 0 0 19 0 0 0 0 0 17 0 0 0 78 41
18 28 0 0 0 80 0 0 0 0 0 0 0 0 30 0 0 0 0 0 0 11 96 99 0 0 0 0 0 43 0 0 0 0 0 0 0 0 0 0 62 0 0 64 0 0 0 0 0 0 0 0 82 65 73 85 0 51 0 0 0 0 0 0 0 0 0 0 85 0 0 0 0 0 0 0 0 26 62 0 0 0 0 79 0 81 0 87 0 0 0 0 0 0 0 0 10 0 0 0
0 0 0 0 0 30 0 78 0 78 34 0 0 0 0 0 89 9 0 0 40 0 50 0 0 0 0 6 0 0 0 0 0 0 0 0 52 0 0 50 85 0 74 0 33 55 0 0 0 0 0 0 0 18 0 0 61 0 0 0 0 0 0 0 0 0 0 0 0 0 0 0 11 0 0 0 59 25 0 94 0 59 57 0 0 84 98 18 0 0 38 0 0 0 0 0 0 99 19 0
0 0 0 31 0 0 0 0 0 0 0 0 0 0 0 0 34 0 0 0 0 0 0 19 0 0 0 0 0 0 0 55 0 0 0 0 0 0 15 0 0 0 0 0 0 0 0 0 41 56 21 0 13 0 0 0 0 0 0 0 0 0 0 12 0 0 0 0 15 39 0 0 0 0 0 0 43 0 0 0 95 0 0 0 0 0 0 0 95 0 54 0 0 0 0 0 0 0 0 58
0 80 0 13 0 0 0 0 0 0 0 0 0 0 16 93 0 0 0 0 0 0 0 0 0 91 0 70 0 0 0 0 0 0 0 90 0 5 77 0 14 37 57 0 0 0 29 0 46 0 91 0 53 62 0 13 88 0 0 0 0 74 22 0 0 0 0 0 0 0 52 85 0 0 0 0 63 0 0 0 0 0 0 0 0 0 0 0 0 0 0 52 45 40 0 0 0 0 0 41
0 0 0 0 0 52 11 0 35 0 0 0 68 0 0 29 0 48 0 76 0 0 0 58 77 0 82 0 0 0 0 0 65 38 0 17 0 0 0 76 0 0 0 0 0 78 55 0 56 0 0 0 77 0 0 0 93 0 0 0 0 0 0 24 0 0 0 5 0 0 0 0 0 11 100 0 21 0 66 38 0 0 0 0 0 0 78 0 0 29 0 0 8 0 0 0 0 0 0 0
0 99 0 0 0 10 0 34 0 0 0 0 0 0 0 0 0 62 0 0 0 0 0 12 0 68 42 0 0 0 49 0 77 91 0 0 0 0 0 0 32 0 0 47 0 0 49 0 49 0 0 90 0 0 58 0 0 11 0 0 0 0 57 0 0 0 0 27 0 0 0 85 0 0 0 95 0 0 0 0 0 0 18 0 0 0 0 0 0 0 0 11 0 40 46 0 0 0 0 0
0 14 0 0 37 0 42 48 0 61 0 0 0 0 7 1 0 72 0 0 0 37 36 0 0 47 25 0 0 0 0 0 0 0 0 0 10 0 0 16 0 0 0 0 0 0 0 0 0 47 8 66 0 0 0 0 0 0 63 0 0 0 0 87 0 89 0 21 0 0 0 0 0 0 0 0 0 0 32 0 0 62 0 19 56 0 0 0 42 0 0 0 0 0 54 0 0 0 0 0
0 0 0 0 0 0 0 42 0 0 0 70 9 70 37 0 92 0 41 0 49 0 0 0 0 76 0 20 57 0 0 17 89 0 0 0 93 0 0 0 82 0 0 0 0 0 0 0 0 0 0 67 0 0 6 0 0 0 0 0 70 0 0 0 0 87 23 0 0 0 90 0 0 83 0 0 0 0 0 2 0 0 0 58 88 0 0 0 0 0 17 0 71 0 0 70 0 0 0 43
0 0 0 0 0 0 0 4 0 0 0 1 0 0 0 25 38 0 0 0 0 0 0 62 0 60 0 61 0 0 0 0 0 33 73 0 50 23 33 66 67 45 41 0 0 42 0 40 0 0 0 0 0 6 0 0 15 0 0 0 0 53 0 0 0 0 0 0 89 0 59 65 0 92 0 0 0 25 0 69 0 41 32 0 0 13 0 85 0 0 0 0 0 98 0 0 0 0 29 0
0 0 0 0 0 0 89 0 0 60 84 0 0 0 0 0 0 0 0 0 0 0 70 0 0 0 8 0 0 0 0 0 0 97 70 0 0 0 0 0 48 64 0 90 0 0 0 0 53 0 35 0 0 0 0 22 12 0 0 0 0 56 84 93 0 0 0 0 0 0 0 0 0 0 0 0 89 0 0 47 0 68 0 0 28 0 0 33 0 0 0 0 30 0 0 0 56 21 0 0
0 0 17 0 0 77 91 0 0 0 0 0 3 0 0 0 0 0 0 5 0 75 0 64 0 0 5 0 0 0 0 0 0 0 89 0 61 0 0 0 0 76 0 0 0 0 56 14 0 0 0 0 0 0 0 0 0 57 0 0 0 0 0 0 0 0 0 0 0 0 0 32 0 72 0 0 52 0 0 0 0 0 58 86 0 77 91 0 0 0 10 19 21 0 18 0 0 0 79 0
0 0 0 0 0 0 0 0 0 0 0 0 0 0 0 58 0 27 0 0 0 0 0 0 23 0 0 70 0 0 0 0 56 0 0 0 21 60 0 0 0 0 0 30 0 0 0 6 0 44 0 13 0 0 14 0 0 0 0 0 53 0 0 0 85 0 0 25 0 0 0 86 0 0 0 0 0 3 0 0 0 70 76 0 0 0 45 25 0 0 0 0 0 0 0 0 0 76 0 0
0 0 87 95 0 0 42 0 0 18 81 50 0 0 0 0 0 0 85 94 0 0 0 0 0 56 0 0 0 30 0 0 0 0 94 0 64 0 3 0 13 1 0 0 0 0 0 0 0 0 0 0 0 0 6 0 0 0 5 24 0 0 23 0 55 0 0 0 0 0 0 64 0 0 0 0 48 0 0 75 0 70 0 0 0 0 0 0 0 0 95 71 0 0 0 31 0 61 0 100
0 0 0 0 21 0 0 0 0 0 0 61 0 0 97 72 74 0 0 9 0 0 0 33 0 0 0 0 0 0 0 36 0 0 0 4 87 0 0 0 66 0 45 88 0 0 61 0 0 0 0 0 0 75 0 0 14 0 4 0 0 0 0 0 65 0 0 11 50 0 0 0 0 0 32 0 64 27 0 0 0 0 41 0 0 0 82 0 0 0 24 0 22 95 28 61 0 0 0 0
0 0 0 9 71 0 0 0 0 0 0 0 0 0 0 0 0 79 31 0 0 10 0 71 0 0 0 0 0 0 0 0 0 0 48 0 0 0 0 0 27 77 0 0 0 96 0 0 37 0 74 0 27 14 40 15 0 0 19 0 0 0 0 1 0 0 0 0 2 0 0 67 0 0 0 0 0 48 0 0 0 0 0 0 0 0 0 0 0 91 0 0 0 95 0 0 0 32 0 0
97 22 0 41 0 94 0 0 0 85 0 0 0 0 0 0 86 0 99 0 0 0 0 61 0 0 0 0 0 0 0 0 64 0 0 0 0 0 0 0 0 0 95 0 0 0 0 0 90 28 0 0 0 0 0 0 0 9 91 90 0 0 0 0 0 0 79 0 0 0 63 0 0 0 0 0 0 88 97 0 0 0 0 0 0 69 0 0 0 0 88 0 0 0 0 0 0 0 0 0
0 0 0 0 0 0 0 0 0 0 0 0 91 15 0 0 0 0 0 0 0 0 88 0 0 0 0 24 0 0 0 0 59 0 0 0 0 68 15 17 48 0 0 96 0 0 0 0 0 63 0 0 0 0 0 71 0 0 0 0 0 0 0 0 0 53 0 0 0 0 15 19 0 0 0 25 0 20 0 0 46 0 46 0 0 0 8 0 32 0 65 0 0 0 0 0 0 0 24 0
37 52 0 0 0 0 0 0 0 0 0 0 0 96 55 0 0 0 0 0 0 0 0 0 0 0 0 0 0 0 0 55 0 74 0 93 43 33 0 0 0 0 0 0 0 0 0 0 87 64 12 0 24 0 0 0 0 0 75 0 78 90 0 0 67 0 0 0 0 0 0 37 0 0 0 42 0 0 19 66 0 0 0 97 0 0 0 46 0 0 20 0 0 83 29 0 0 0 0 0
0 0 0 0 0 0 0 72 0 0 0 0 40 0 0 4 0 0 0 0 0 0 0 0 30 0 0 0 0 0 0 0 0 0 0 0 92 65 36 0 17 0 0 88 0 0 77 99 0 0 0 0 0 61 0 66 64 0 0 22 0 0 0 0 96 0 91 0 0 7 0 69 0 74 0 92 0 27 18 0 37 0 47 0 0 0 1 0 0 0 0 0 0 11 96 0 0 0 0 0
0 0 0 0 92 3 0 0 41 43 0 0 0 0 0 0 0 0 63 15 0 0 0 0 0 0 0 0 0 93 0 90 15 0 8 0 49 0 0 0 0 0 0 0 0 0 32 18 0 0 0 38 0 0 0 0 92 0 0 0 0 0 0 0 0 0 74 0 0 44 0 0 0 73 94 0 0 4 0 56 0 0 0 45 0 0 0 0 0 0 0 12 0 0 0 0 95 0 0 0
0 0 0 0 0 0 0 0 0 0 0 0 0 0 45 65 89 0 0 0 0 0 0 0 14 11 0 0 99 0 0 0 0 0 0 22 0 0 0 0 0 0 0 0 0 70 84 0 0 0 0 0 0 83 0 0 0 18 0 0 23 0 0 0 0 0 24 0 0 0 0 0 0 0 0 0 0 0 75 0 0 0 0 0 0 0 0 0 0 0 0 0 0 0 0 0 0 0 0 0
0 0 0 76 0 0 0 0 0 94 0 0 0 0 0 0 0 0 0 0 60 67 12 0 0 0 4 0 0 0 0 0 7 0 0 0 0 0 0 0 0 0 0 0 0 0 0 0 0 0 0 0 0 23 90 0 0 0 25 0 0 98 0 0 55 0 49 0 55 0 64 0 0 0 0 0 0 0 0 64 0 0 0 0 0 27 0 23 0 0 0 0 0 0 0 0 0 55 0 0
43 0 0 0 0 44 82 0 0 98 0 0 29 0 43 0 49 0 35 0 0 87 86 0 0 0 0 0 0 19 0 0 0 0 0 0 0 0 0 0 0 0 0 0 0 0 0 0 0 0 0 0 43 0 0 0 70 0 0 41 58 0 0 0 85 7 87 0 0 0 85 0 1 46 0 0 0 0 0 0 0 2 0 0 0 0 0 0 5 22 0 0 0 57 0 0 98 77 0 0
0 23 79 0 0 0 0 0 0 0 0 0 0 0 0 12 0 74 55 0 0 0 0 80 0 0 38 0 0 46 0 0 0 0 64 36 0 0 0 0 0 0 0 0 0 0 0 0 0 0 0 0 0 87 0 0 0 0 0 0 0 0 89 0 78 0 0 0 96 0 0 0 0 0 60 0 0 0 0 0 100 0 0 0 0 0 0 0 98 0 0 0 0 0 0 28 0 0 22 92
71 0 0 0 23 0 0 23 19 68 0 0 0 0 0 0 0 0 0 0 75 0 73 83 0 0 0 45 0 0 0 0 0 21 0 18 0 0 0 0 0 3 77 0 0 0 62 0 0 84 0 0 49 0 0 0 0 0 0 0 0 7 0 57 0 49 0 0 0 0 0 0 84 69 0 63 0 0 0 34 49 0 93 2 0 0 0 79 0 37 0 0 0 59 0 0 0 0 0 0
0 2 0 23 0 0 0 0 0 0 0 0 0 0 0 0 23 0 0 0 58 73 0 0 0 44 0 87 0 0 0 18 0 0 0 0 0 0 0 12 0 67 0 0 0 0 35 0 0 0 0 18 23 0 0 0 0 0 0 0 62 0 0 0 0 0 0 0 0 0 0 0 0 71 0 0 0 0 0 2 64 0 0 0 0 0 0 0 0 65 0 0 0 0 0 56 100 0 29 0
0 0 0 0 0 0 0 0 34 0 41 65 0 0 80 0 0 73 0 0 0 0 0 28 0 0 0 0 0 0 89 0 10 82 0 0 28 0 0 0 0 0 0 53 0 0 0 31 0 0 0 0 0 0 68 0 0 0 0 20 21 0 0 8 0 0 66 0 0 0 77 0 40 32 0 0 0 0 0 74 0 87 0 99 0 0 27 0 0 0 0 90 0 0 32 0 0 20 87 0
0 0 0 0 0 0 40 0 17 0 0 0 0 0 0 0 0 0 0 40 0 0 90 0 77 88 0 0 38 88 0 0 0 0 0 0 0 0 0 0 84 0 71 0 0 0 39 0 53 0 0 0 0 0 0 0 0 0 18 0 0 0 34 0 0 0 61 34 0 0 28 0 0 0 38 43 0 0 67 0 26 0 0 0 0 0 0 0 77 0 15 0 0 0 0 0 40 35 13 0
0 0 0 86 91 0 0 0 0 0 0 0 0 0 0 3 87 93 0 0 41 0 0 38 0 0 0 0 0 0 0 0 67 0 0 0 0 71 0 52 0 0 53 0 0 0 0 0 0 0 19 0 4 0 0 0 0 0 0 0 0 0 43 18 0 0 0 71 0 0 0 0 0 0 0 5 0 0 42 0 0 0 0 0 9 0 0 88 0 0 0 0 0 0 0 0 15 17 0 0
0 55 0 38 0 0 3 45 0 2 0 64 0 0 0 0 0 0 0 0 0 0 0 0 0 37 0 0 10 0 0 0 0 0 0 0 22 0 0 0 0 0 68 0 0 22 60 0 68 0 0 0 0 0 0 99 0 40 19 0 0 0 0 43 0 0 0 0 0 42 0 0 0 0 0 0 0 0 0 0 85 0 0 0 35 0 0 0 0 86 0 0 86 0 0 72 0 0 0 0
0 48 0 0 0 0 0 61 0 0 0 52 0 0 0 23 0 0 42 0 0 0 0 0 65 91 0 0 0 0 0 36 95 0 17 0 0 88 0 0 0 13 40 0 0 0 0 0 0 0 0 0 0 0 0 0 0 0 0 0 0 0 0 95 0 0 0 14 52 54 0 0 0 0 0 0 0 11 0 0 9 79 0 0 0 43 0 55 46 0 0 0 20 0 0 0 0 0 89 0
90 0 0 0 0 0 0 0 0 0 22 61 0 53 0 0 0 0 0 0 8 0 0 9 0 0 0 0 0 81 0 0 0 42 0 0 0 0 0 0 0 0 0 0 88 0 0 64 0 0 85 0 54 4 0 0 0 0 31 0 83 0 0 0 0 0 0 0 0 0 62 0 0 0 0 21 0 35 0 0 0 0 0 25 0 0 0 0 0 0 0 0 0 0 0 0 0 0 0 0
0 0 0 0 0 0 0 0 0 0 0 37 0 11 99 72 16 0 0 0 27 96 0 0 0 0 0 0 70 3 0 0 21 66 50 0 86 0 0 6 0 0 65 0 0 31 50 0 1 0 0 82 0 0 0 0 0 0 96 0 0 90 0 29 26 0 0 0 0 0 0 0 0 99 0 0 0 0 0 0 0 0 48 33 0 0 0 98 0 0 0 53 0 0 0 37 0 75 56 17
0 0 0 0 0 0 15 0 0 0 0 0 0 80 0 55 62 0 0 0 0 0 0 0 9 0 0 60 0 0 0 0 15 0 0 16 0 0 0 40 0 0 0 0 0 0 32 56 0 53 0 0 0 0 86 0 0 0 0 0 0 0 0 0 0 0 0 19 93 17 88 0 0 0 0 38 0 0 82 0 0 0 63 0 0 0 0 0 0 0 0 0 0 0 0 0 0 0 0 0
0 0 0 83 0 0 44 0 0 0 91 15 0 98 0 74 0 0 0 0 76 0 0 0 0 0 0 0 0 0 0 0 43 0 0 0 0 0 0 0 0 0 0 0 0 0 0 69 38 0 47 0 0 0 0 0 67 0 0 0 0 70 0 0 0 0 0 37 0 0 0 0 0 0 43 66 83 16 0 0 0 0 68 0 0 67 0 0 0 0 0 48 0 0 53 0 33 0 0 67
0 100 0 0 0 0 46 0 0 0 0 0 0 92 0 0 46 0 0 0 14 21 0 0 8 0 0 45 0 63 0 19 0 0 0 0 0 0 0 40 0 0 0 0 77 0 28 0 26 0 0 0 0 0 67 0 0 66 54 0 5 33 14 0 0 0 0 0 0 0 0 67 0 0 0 58 24 44 54 100 0 0 0 0 65 53 0 0 0 0 0 34 0 0 0 0 0 39 0 15
0 0 54 0 0 0 32 0 0 99 88 0 0 0 0 0 0 0 0 0 0 0 0 0 0 0 0 0 0 0 0 0 0 0 0 0 91 0 0 0 0 0 0 0 0 0 0 0 0 0 0 0 0 0 0 0 0 0 0 0 0 96 0 0 0 0 92 0 0 0 0 81 0 89 0 0 0 0 0 0 69 69 0 7 0 0 0 0 0 0 7 0 0 0 0 13 0 0 49 0
29 0 37 0 0 14 47 26 50 0 13 0 0 0 0 0 0 29 0 0 0 0 0 0 0 0 0 0 85 0 0 0 89 0 0 0 26 0 0 0 0 46 87 0 0 0 0 0 0 0 0 0 0 0 0 0 0 9 0 0 0 0 45 0 0 0 95 0 0 0 0 0 11 0 0 0 0 0 79 0 0 0 0 0 73 0 40 41 0 54 100 0 10 0 0 51 0 0 0 0
8 40 0 0 0 0 22 0 0 60 0 0 0 0 0 92 9 32 0 67 63 0 15 0 39 87 52 0 0 0 0 0 69 0 44 0 0 0 0 0 0 21 0 78 0 61 0 0 0 0 0 0 0 0 0 0 0 0 0 0 0 23 0 51 0 38 0 0 38 0 0 84 0 0 0 0 0 0 0 25 0 82 0 0 7 0 0 54 0 0 95 0 97 0 0 0 61 0 0 0
23 0 0 0 64 0 0 0 0 32 0 0 0 0 0 18 37 12 0 0 0 0 0 0 0 0 0 99 0 0 0 0 0 0 0 0 0 0 48 58 0 0 26 0 0 0 0 3 0 0 0 0 0 0 0 0 0 0 0 0 48 59 12 0 0 0 31 33 12 0 57 0 0 50 72 0 0 0 0 0 0 0 78 96 61 0 0 0 0 47 89 0 92 0 0 0 0 0 0 0
0 0 0 0 0 0 0 0 0 0 0 0 83 0 0 3 0 50 0 0 0 44 29 82 0 0 0 0 0 0 0 0 0 0 84 0 0 0 29 0 0 24 0 0 0 0 0 0 0 0 0 0 0 0 0 0 0 0 0 0 83 0 0 63 0 0 60 0 0 53 0 0 0 38 0 0 13 0 0 0 0 0 38 0 0 0 0 0 0 0 0 59 0 8 0 81 0 68 0 0
0 0 0 0 0 0 0 71 64 0 7 0 0 0 0 98 0 9 0 0 63 0 100 0 0 0 0 0 0 0 62 26 0 0 0 0 0 0 0 16 0 46 0 57 0 0 0 0 0 35 0 0 0 13 53 39 65 0 0 0 0 86 58 0 0 97 0 0 0 0 0 0 85 2 0 0 0 0 0 0 0 0 29 55 46 0 0 0 0 0 0 0 0 87 0 0 0 15 25 14
0 0 0 0 0 0 0 0 0 0 0 54 0 0 0 71 0 0 0 0 0 0 0 0 16 0 57 0 0 0 0 81 0 13 27 0 0 0 2 0 0 0 0 0 0 0 0 0 0 0 3 10 35 21 88 0 0 28 0 0 0 0 84 0 28 0 0 0 26 0 2 0 0 58 2 3 0 0 70 30 86 0 84 34 0 0 0 0 28 0 0 0 0 0 0 0 39 74 0 0
30 93 0 58 0 0 0 12 0 0 0 0 51 0 0 0 42 0 0 0 0 33 0 0 0 16 0 69 0 0 18 0 0 75 22 0 0 0 0 0 0 15 0 0 19 0 85 0 0 0 69 0 0 85 0 0 0 63 0 0 0 0 75 0 0 65 0 0 84 46 7 0 0 0 0 0 0 0 33 0 0 37 0 0 0 8 0 0 0 98 0 63 0 0 0 0 0 0 58 0
0 0 0 0 0 0 0 0 0 43 0 0 49 0 0 70 0 0 0 0 59 0 0 0 82 0 4 0 0 0 0 0 54 91 0 0 0 0 0 74 0 0 0 0 95 54 0 0 0 38 0 0 26 79 90 0 0 33 0 0 56 39 0 0 0 0 0 0 0 0 5 73 0 0 0 0 0 0 0 0 0 0 0 58 0 0 0 0 83 27 0 0 0 0 0 94 0 0 0 65
0 100 0 0 58 0 0 0 0 1 0 85 0 0 0 0 94 63 49 0 53 0 56 0 0 33 0 74 0 38 0 0 0 56 0 55 0 19 0 28 0 24 0 88 0 0 61 18 0 49 0 0 0 0 0 62 15 12 0 0 0 0 65 0 0 46 0 4 0 0 0 0 55 0 0 0 0 0 0 0 0 0 45 0 0 86 68 0 0 0 23 0 0 0 0 0 0 92 0 0
0 37 0 52 0 37 0 0 0 0 0 46 0 34 0 0 0 0 5 0 0 95 27 0 0 0 0 0 13 0 0 98 80 0 5 97 0 54 48 0 0 29 0 76 0 0 4 0 75 0 0 0 0 0 0 63 0 0 0 0 0 6 0 0 7 0 75 28 0 4 0 49 0 90 0 0 0 0 0 0 25 0 0 0 43 90 0 62 0 0 0 52 0 89 0 2 0 0 93 0
0 66 0 0 31 35 0 0 0 0 97 0 0 38 0 52 0 0 0 0 0 0 0 0 0 24 0 0 0 0 0 17 0 0 22 0 0 0 0 16 0 90 0 0 81 0 0 0 0 0 0 0 0 0 0 0 5 0 0 0 0 0 0 0 0 67 70 54 0 0 0 57 0 0 43 0 0 0 0 0 0 0 0 0 0 0 0 12 24 0 0 12 0 0 55 0 32 0 74 0
0 0 0 61 0 4 0 0 0 0 0 0 1 0 0 0 81 0 0 0 0 0 22 0 0 0 100 71 0 0 0 0 0 64 0 0 0 82 0 34 0 0 55 25 77 0 32 0 0 0 0 0 0 0 0 99 0 0 0 78 0 0 0 0 38 0 0 90 0 0 0 0 0 0 0 0 0 0 0 0 0 0 0 20 1 0 0 0 0 0 0 0 0 0 0 0 0 0 0 0
16 40 0 84 0 0 0 0 0 2 0 0 0 87 68 0 85 0 0 0 58 0 0 27 0 0 11 0 14 0 0 28 0 0 29 1 47 0 0 13 0 0 0 0 0 0 0 0 0 0 0 0 0 0 64 0 0 0 0 0 0 0 23 0 0 0 0 0 66 0 0 72 0 0 0 0 0 0 70 0 92 0 0 0 0 90 0 56 0 0 5 33 0 45 0 0 34 0 0 0
0 0 0 91 0 58 96 0 0 0 54 0 0 0 0 95 82 0 0 0 0 0 0 0 0 0 0 0 33 0 0 50 0 0 0 0 13 81 0 0 0 0 0 0 0 0 67 0 0 0 0 3 0 39 0 67 0 0 0 0 0 0 66 0 81 0 0 0 0 0 0 0 0 0 85 0 0 0 81 0 0 0 0 47 0 0 91 67 0 0 0 0 0 0 0 72 0 90 0 0
0 0 0 65 0 0 22 0 7 67 0 0 0 0 0 0 0 0 0 48 0 0 7 0 34 17 10 9 0 0 0 62 8 46 0 0 0 0 0 0 0 81 0 23 0 0 0 0 85 0 47 0 57 43 0 76 64 0 0 0 14 0 0 0 0 0 0 0 0 0 0 0 94 0 0 72 13 0 91 0 0 0 0 0 0 0 0 0 0 30 57 0 0 0 0 0 0 0 0 0
0 0 0 0 0 0 0 62 0 0 0 0 0 0 0 0 0 0 0 0 0 0 0 0 0 0 90 0 0 0 0 0 0 0 2 0 0 0 100 50 0 0 0 0 0 0 0 79 0 0 0 63 71 95 0 86 0 0 0 45 0 0 0 0 0 72 0 28 0 0 85 30 0 0 0 0 30 60 0 0 0 24 0 0 0 0 0 0 0 0 0 0 0 49 0 0 0 0 0 0
0 0 0 0 0 0 0 0 0 0 0 0 0 0 0 0 0 0 67 0 0 75 0 30 17 0 0 0 0 0 0 0 0 0 61 0 0 0 0 0 0 0 0 0 0 15 0 1 90 2 0 0 97 0 0 0 95 0 38 0 0 0 0 0 0 0 0 48 23 0 0 0 0 0 0 0 0 0 0 20 32 0 61 60 0 0 0 0 0 0 0 0 46 0 0 87 66 0 0 10
0 0 0 0 0 77 0 0 4 0 10 0 70 0 77 0 79 0 82 0 0 79 0 0 49 78 0 92 0 0 0 0 0 48 0 0 0 0 0 0 0 5 0 0 0 0 0 0 86 27 0 0 0 0 16 96 0 0 0 0 0 99 0 0 74 0 0 0 0 0 0 0 0 88 0 0 0 0 0 38 0 0 0 0 60 0 0 93 0 0 0 0 0 35 0 0 20 0 0 0
0 17 0 0 25 0 0 0 0 0 0 0 0 0 0 0 0 0 0 0 0 0 76 0 0 0 45 18 0 0 0 0 0 0 49 0 94 0 53 68 0 0 0 28 0 0 0 59 0 0 36 0 0 9 0 0 0 0 73 0 0 0 0 0 0 21 0 0 34 6 0 59 96 69 0 0 0 0 20 0 0 0 48 30 0 0 0 0 0 5 38 0 0 0 0 0 0 0 0 0
11 0 0 0 0 0 0 0 0 51 0 49 0 0 0 85 0 52 0 80 0 0 0 0 45 0 0 85 0 0 93 0 0 0 0 58 0 0 0 0 0 0 0 0 0 9 0 0 49 0 0 0 0 0 0 44 0 0 0 0 38 0 59 95 86 62 0 0 0 0 18 56 0 6 0 0 0 0 59 0 0 0 0 0 0 0 0 0 78 0 0 0 0 0 0 0 24 56 35 0
0 37 0 0 0 0 87 0 0 63 0 0 0 0 0 0 0 0 0 0 0 0 0 0 0 0 90 0 0 29 0 0 0 0 0 0 0 46 0 0 0 0 0 0 73 0 0 0 0 51 0 0 0 0 0 0 17 47 0 46 0 0 0 0 0 0 0 0 0 0 0 62 0 0 44 100 0 0 0 0 0 73 0 0 0 0 0 0 0 0 0 0 0 0 0 0 0 41 0 0
0 99 0 0 12 0 0 0 0 0 48 40 5 8 64 0 0 3 0 0 11 61 0 0 0 0 32 0 0 71 0 0 0 0 0 0 0 0 0 0 0 0 0 0 0 0 0 0 0 0 0 0 28 0 43 0 0 0 0 0 28 0 64 0 0 0 46 0 0 11 0 0 0 0 0 0 0 0 0 0 17 0 23 0 9 0 30 0 32 0 0 81 0 0 0 0 0 0 0 53
0 0 0 49 0 0 0 0 0 0 0 0 38 0 0 0 16 0 0 0 0 0 0 0 0 0 0 0 10 0 0 0 79 0 73 0 53 60 56 0 0 0 56 0 2 0 100 0 0 0 0 0 0 85 0 0 75 0 0 46 0 11 0 0 0 0 0 0 0 0 13 65 74 0 0 0 24 0 0 0 52 0 0 63 69 0 0 0 0 0 0 0 0 0 0 0 0 0 80 30
28 0 0 0 0 0 0 0 0 0 0 0 0 0 99 0 0 0 0 0 0 0 0 0 22 0 0 59 0 84 0 99 17 0 0 0 0 0 0 0 74 0 0 0 99 96 0 48 0 0 0 0 29 0 0 0 0 0 0 0 0 0 0 0 0 0 32 0 13 0 0 0 0 88 0 0 0 66 0 4 0 0 0 0 0 8 0 0 0 58 0 0 0 0 0 0 0 35 19 0
0 0 0 0 0 60 0 0 97 0 0 0 0 0 0 0 95 37 0 0 0 0 0 0 0 0 92 0 0 0 14 0 79 0 0 0 0 0 0 96 0 29 0 0 0 0 89 0 0 0 0 0 0 0 0 0 0 0 79 0 0 80 54 0 0 0 0 0 0 0 0 0 0 0 0 0 0 0 0 0 0 0 0 0 0 0 0 0 0 0 0 41 0 80 18 0 0 0 0 0
0 0 0 0 0 0 0 27 14 23 49 0 0 0 0 0 0 0 0 0 0 0 0 0 0 0 0 0 0 0 0 19 28 78 0 0 75 0 96 0 0 0 45 17 0 10 28 0 82 0 0 46 0 0 0 0 0 0 18 0 0 0 0 0 90 0 0 0 100 0 0 0 0 55 0 0 47 0 0 2 62 5 43 0 70 0 38 0 0 0 0 0 0 0 0 68 0 0 48 0
0 0 0 0 75 11 0 0 0 0 0 0 91 0 0 87 0 0 0 0 0 0 0 0 0 0 0 46 0 0 0 0 16 12 0 0 0 0 0 0 0 0 0 0 0 0 0 22 0 0 0 40 83 0 0 67 0 43 0 0 52 0 0 0 0 0 0 89 100 0 0 0 0 0 4 0 0 40 75 0 0 0 0 0 0 0 69 0 0 0 0 99 40 91 80 0 0 0 0 5
15 0 0 0 0 91 0 0 0 0 28 37 0 70 98 0 77 0 0 0 99 0 0 0 0 0 39 0 96 0 0 0 0 0 0 0 16 0 0 0 0 58 0 93 0 0 0 0 19 0 0 0 0 0 39 0 31 0 0 0 0 0 90 94 0 21 0 0 0 0 0 11 0 93 30 32 0 18 0 0 23 38 0 0 0 0 9 2 4 0 0 93 0 0 0 0 0 0 0 0
0 28 83 42 18 87 0 0 0 0 0 0 91 0 47 0 0 0 6 0 0 0 52 73 0 0 0 4 0 0 0 0 18 0 2 0 0 0 0 0 30 0 0 0 12 95 99 0 0 32 0 0 0 0 0 0 60 45 0 48 14 0 0 7 0 0 32 0 0 64 0 68 0 0 0 0 0 0 0 0 0 0 56 30 0 0 0 0 0 0 0 0 0 0 57 0 0 64 0 0
82 0 0 0 0 0 0 15 0 90 0 83 0 50 0 4 0 0 11 0 0 92 13 0 0 15 0 0 0 2 33 0 48 0 0 0 53 16 8 26 0 26 0 0 0 0 55 0 0 49 0 0 34 98 10 0 0 48 0 0 0 64 0 0 0 0 0 0 4 0 0 0 23 55 0 0 69 66 0 50 0 0 0 0 0 22 0 0 0 88 0 0 0 0 38 0 0 0 0 0
0 0 0 0 0 0 49 30 49 0 46 12 26 44 0 16 0 0 0 74 16 0 0 0 0 0 0 31 0 30 0 0 70 0 0 58 16 0 0 92 24 37 96 0 0 0 0 0 0 54 50 13 49 0 0 0 0 0 0 0 0 85 0 0 0 0 0 0 0 0 31 0 0 0 62 56 0 0 0 0 0 0 0 0 0 66 0 0 0 0 0 41 31 0 45 0 28 0 0 0
0 0 0 0 0 0 0 0 0 0 0 75 56 0 0 0 17 0 0 51 0 0 0 0 0 0 0 87 74 77 0 0 0 0 0 19 0 0 46 0 0 0 0 0 0 0 0 0 0 39 0 0 8 50 99 0 34 0 62 0 0 0 0 0 0 0 0 0 41 21 0 0 0 0 0 0 0 0 0 70 0 0 0 86 22 0 0 0 0 0 0 0 0 64 0 0 0 0 78 0
0 0 0 0 0 54 0 0 0 0 0 23 0 54 0 0 0 0 0 0 0 0 0 22 0 0 0 0 0 0 0 45 0 0 0 0 0 0 0 0 0 0 0 0 0 0 60 93 0 0 0 0 0 0 0 0 18 85 0 45 0 0 0 83 0 0 0 0 0 0 0 0 0 0 18 12 0 57 0 0 0 0 0 0 29 0 0 0 0 0 0 0 0 0 0 0 57 0 97 0
68 0 0 0 0 0 38 40 49 0 0 0 0 0 0 0 0 0 87 38 0 0 0 0 0 70 0 0 0 0 33 0 0 58 0 91 0 0 0 41 0 0 0 0 0 0 0 82 98 0 0 1 32 0 0 0 0 0 0 0 0 0 0 0 64 0 0 0 49 0 0 0 0 29 35 100 0 0 85 0 0 0 0 0 0 0 88 56 85 0 55 86 0 0 0 44 16 94 0 0
96 0 0 0 0 0 0 0 0 61 0 0 5 70 0 1 82 0 56 30 0 0 0 0 0 0 0 0 0 0 0 0 0 0 0 0 0 0 0 98 0 0 0 0 0 0 0 0 0 0 0 0 0 83 0 27 0 0 0 0 0 0 0 0 0 0 11 0 0 0 0 67 0 1 74 0 27 60 0 0 95 0 0 0 91 0 0 0 0 70 0 77 99 0 0 0 0 0 0 0
0 52 45 0 0 35 0 0 0 0 38 0 0 0 0 0 0 0 9 0 0 0 79 0 0 0 0 0 0 0 0 0 0 0 0 0 0 22 6 0 0 0 0 0 41 0 0 90 0 0 76 45 0 0 0 0 0 0 90 0 0 45 0 0 0 0 30 0 0 0 0 0 0 0 0 0 0 0 0 0 0 0 0 0 0 0 28 0 0 0 0 0 0 0 100 0 0 53 0 0
0 0 0 97 35 0 0 92 0 0 0 0 0 0 74 0 0 100 0 0 0 0 0 0 59 0 0 0 27 0 0 0 0 0 0 73 0 0 0 98 0 0 0 0 88 0 65 96 0 0 0 0 0 64 0 0 53 0 74 42 0 0 0 0 0 0 0 0 0 0 0 0 0 0 0 0 66 96 0 0 96 0 0 0 0 0 0 0 41 0 0 0 34 0 0 0 86 14 0 0
0 27 62 0 0 81 0 0 0 0 0 92 0 0 0 95 0 0 0 0 55 0 50 0 0 0 0 0 52 0 0 0 0 78 0 0 51 42 33 0 0 89 67 0 17 0 0 0 0 0 0 0 0 0 0 0 0 1 0 0 0 0 0 0 0 0 32 0 0 0 90 0 61 0 0 0 7 0 0 0 19 0 0 0 0 0 0 0 0 40 11 0 0 50 0 71 8 0 0 0
0 0 0 0 0 0 0 0 0 0 0 45 0 0 0 0 0 54 0 0 0 0 47 0 0 0 0 43 0 0 0 0 0 0 0 0 0 85 0 0 0 0 0 0 0 38 93 0 0 36 37 0 0 0 0 0 0 0 0 68 0 0 0 0 0 0 52 0 0 0 89 0 0 0 0 0 0 0 0 0 0 0 0 0 0 22 0 0 92 0 0 0 0 77 88 0 32 98 0 0
28 0 66 0 0 0 0 0 0 0 0 0 0 0 0 0 0 0 0 0 0 0 0 0 95 0 0 0 0 49 0 0 0 0 0 0 0 0 22 20 0 0 0 0 0 0 0 0 0 0 0 0 0 0 0 0 0 0 0 30 0 0 0 70 49 0 0 39 42 0 0 0 0 8 0 51 0 0 0 92 43 0 0 80 0 93 0 0 0 0 0 0 0 0 77 78 0 59 0 0
0 0 22 0 41 0 0 0 0 0 0 0 0 30 0 0 83 0 0 0 0 0 0 90 0 0 0 0 0 16 0 0 81 0 78 0 36 0 0 0 0 0 28 0 0 0 0 36 0 0 86 25 0 99 0 47 0 0 0 0 0 0 0 52 0 0 0 0 0 5 0 0 0 0 0 89 0 0 0 2 54 0 0 52 0 0 0 0 0 38 0 26 0 0 0 0 0 0 36 0
0 0 0 0 35 0 0 0 0 1 17 0 0 0 0 0 0 0 53 0 14 54 11 0 0 74 0 0 0 0 0 0 27 0 0 29 81 0 0 50 0 0 94 0 0 19 0 66 0 95 19 0 0 0 62 0 0 96 0 0 0 0 0 0 0 0 54 0 47 54 0 0 0 0 36 0 6 31 0 78 0 40 0 0 96 79 36 81 0 66 0 52 56 0 0 0 0 88 0 0
23 0 0 0 0 0 0 0 0 0 0 23 0 0 0 99 10 0 0 0 21 18 0 0 0 82 0 0 0 0 0 34 0 0 6 0 0 0 0 0 0 0 0 0 16 0 0 0 72 54 0 0 0 100 0 89 0 0 0 0 0 0 0 0 0 0 0 0 0 56 23 0 0 0 0 0 0 0 0 72 44 0 78 0 73 0 0 0 54 0 0 0 62 0 0 0 0 0 0 0
0 0 0 0 19 38 0 0 35 0 0 0 0 0 0 0 0 0 0 0 29 0 61 0 0 0 91 0 0 0 20 0 0 0 35 0 11 0 0 0 0 26 66 0 0 0 0 0 0 0 0 0 0 13 0 0 0 0 1 0 71 0 60 43 0 59 0 0 0 27 0 0 0 0 0 25 96 0 0 0 0 0 0 14 0 0 0 0 0 0 88 0 0 0 0 0 0 0 0 0
0 0 0 0 0 5 0 0 57 81 0 0 72 0 83 60 100 0 0 0 19 0 23 0 59 94 0 35 0 0 0 0 0 0 0 0 0 0 0 0 0 0 23 0 55 0 47 0 0 0 55 0 0 11 0 0 0 0 29 0 94 0 48 0 0 0 0 0 0 0 0 0 57 0 0 28 70 54 0 2 0 0 0 0 0 0 0 15 59 16 0 90 0 0 30 0 0 0 0 0
0 0 0 73 0 0 0 63 77 0 0 0 0 11 0 1 0 0 82 53 0 0 0 89 29 0 0 0 0 0 0 0 44 0 0 0 0 0 0 0 0 0 0 0 6 0 0 0 0 0 0 0 0 46 0 0 0 0 0 20 3 0 31 0 0 0 0 0 19 44 80 0 0 0 67 0 0 5 0 0 0 4 0 0 3 0 0 0 99 0 0 0 0 0 0 0 0 0 5 0
0 0 0 0 0 0 0 97 0 0 0 42 0 0 0 38 0 97 0 0 10 0 0 74 0 0 0 88 0 0 0 0 0 0 0 0 0 0 0 0 0 0 0 0 43 0 0 48 100 0 0 25 0 0 33 0 59 0 0 0 0 0 0 79 40 0 0 0 0 0 88 0 0 0 0 0 0 59 80 83 0 0 0 6 13 0 0 0 0 0 0 0 0 0 0 0 0 0 0 0
0 0 0 34 5 0 0 0 0 71 0 0 0 0 25 0 0 0 0 0 20 0 0 0 0 0 95 0 0 0 0 0 0 36 0 0 0 97 0 0 0 90 0 0 0 0 79 0 0 0 0 0 0 0 26 0 86 0 0 0 0 0 0 0 0 0 0 0 92 0 0 0 28 0 0 0 0 0 42 47 85 0 0 0 3 7 27 0 0 0 90 21 69 0 0 0 0 87 0 13
0 0 0 0 0 0 0 13 0 48 0 0 19 0 0 0 0 0 0 0 0 0 0 49 0 11 0 0 0 0 0 0 0 46 0 0 0 0 0 0 57 0 8 0 0 0 61 0 0 0 72 71 0 0 0 0 0 0 0 0 0 0 88 0 78 0 0 0 0 0 0 0 0 0 0 0 0 0 0 0 0 0 0 0 0 0 0 0 66 0 0 81 0 0 0 0 0 0 0 0
0 0 18 0 0 0 0 0 95 0 77 93 0 0 0 33 0 0 40 0 49 0 0 0 4 0 0 27 0 0 0 0 0 0 0 0 0 0 0 0 0 0 25 7 0 21 0 0 9 0 0 0 0 0 0 0 0 0 0 0 0 0 0 0 0 0 0 88 0 0 0 0 0 57 16 25 0 0 82 0 0 0 0 23 0 0 0 0 0 46 0 70 0 34 54 0 0 0 0 18
61 0 0 0 81 0 18 0 0 0 0 0 57 14 0 0 0 0 0 61 0 0 0 0 0 0 42 0 33 0 0 0 0 54 23 0 0 0 55 0 42 0 0 0 0 0 52 0 0 0 41 100 0 17 0 0 0 0 0 49 0 20 0 0 0 0 31 0 73 0 0 0 0 95 0 0 45 56 0 0 0 0 0 0 0 0 0 0 0 0 0 0 39 0 0 0 0 0 0 14
0 0 0 0 0 0 0 0 0 0 20 0 0 0 0 0 82 0 0 0 0 0 71 0 0 0 0 0 0 35 29 67 0 0 21 0 0 0 0 0 0 48 0 0 0 0 0 0 99 0 0 0 0 0 0 0 0 0 0 0 0 0 0 0 0 0 0 0 37 0 0 0 88 0 62 0 0 0 0 0 0 0 0 75 0 62 27 23 0 88 0 0 0 0 0 0 0 0 0 0
0 0 0 12 0 0 0 0 0 0 0 0 0 0 0 24 0 0 24 0 0 0 0 75 0 25 0 17 0 0 0 0 0 0 23 76 0 0 0 0 0 0 0 0 0 0 0 0 0 0 0 21 0 0 0 0 0 15 47 0 0 65 0 37 0 100 0 0 0 0 31 0 0 51 0 0 0 5 0 0 0 37 0 0 95 58 16 0 0 0 0 0 32 0 0 0 0 0 0 0
0 0 0 0 70 0 0 0 0 0 18 0 6 0 0 0 0 0 0 0 0 0 0 0 0 62 0 0 0 0 0 0 0 0 0 78 0 0 0 0 0 63 0 61 15 0 0 0 0 57 48 0 0 69 0 0 0 0 60 0 0 0 0 0 0 0 18 97 0 0 0 0 0 0 37 0 69 0 0 14 71 90 0 0 0 0 0 0 0 0 0 0 0 51 0 0 0 0 0 0
0 0 0 0 0 0 0 0 0 64 45 0 0 88 0 0 67 0 0 0 0 0 0 0 0 0 0 0 53 35 0 0 0 0 0 68 0 0 0 0 0 0 0 0 0 0 52 64 48 0 0 0 0 50 0 0 0 0 0 0 0 64 0 8 0 0 0 0 0 0 0 0 33 0 0 50 0 0 0 0 0 0 0 42 0 0 0 0 0 0 0 0 88 70 29 30 0 94 0 76
2 13 0 92 99 0 0 0 99 0 0 0 47 0 0 0 47 0 0 82 0 0 25 64 64 7 25 3 56 0 0 0 37 0 0 99 0 0 0 0 0 57 57 0 0 0 0 0 0 0 0 0 46 37 51 0 0 0 0 0 0 0 99 0 0 0 0 39 0 0 9 0 13 0 67 96 0 0 0 8 0 0 0 6 0 0 0 0 0 33 0 0 0 0 0 0 0 0 19 0
0 0 2 0 0 65 0 0 46 97 0 0 0 0 0 0 0 7 0 0 0 0 0 57 59 0 43 0 0 0 0 0 0 0 0 0 0 0 0 59 0 0 0 0 0 0 78 3 0 49 0 10 0 0 0 0 0 0 0 56 0 0 0 0 0 62 0 0 0 29 0 0 74 0 0 0 0 0 58 0 0 16 0 0 0 31 0 0 0 74 0 0 0 81 37 0 0 0 45 73
0 51 0 0 12 0 0 0 0 57 0 0 0 0 0 0 7 0 78 75 50 0 39 89 40 0 0 0 6 0 0 0 0 29 0 0 0 94 0 0 0 0 23 83 0 23 0 77 0 0 0 77 0 0 0 19 0 0 0 0 4 0 0 0 0 99 26 0 0 24 0 0 0 0 0 0 0 0 0 57 0 47 82 0 0 15 0 0 0 0 0 0 79 7 0 0 10 0 0 0
18 0 46 44 0 0 0 0 24 0 0 0 0 0 0 0 0 0 41 0 0 0 0 0 0 34 0 87 99 0 2 0 0 0 0 0 58 0 0 69 0 0 0 0 0 0 4 0 0 0 0 0 0 0 0 0 0 0 0 0 0 0 0 0 0 48 0 0 0 0 0 0 0 0 0 64 0 0 0 73 52 0 0 0 0 0 0 0 0 0 0 0 0 0 0 0 97 0 0 28
90 0 0 0 0 0 0 0 81 0 20 58 0 77 53 0 29 61 0 38 0 0 6 0 59 0 0 0 0 52 0 0 0 83 0 0 0 0 0 0 52 0 0 0 0 24 56 0 0 28 0 0 0 0 0 52 47 0 0 62 0 0 0 11 30 80 88 0 0 0 66 5 0 74 0 0 0 97 0 0 76 0 2 0 0 1 0 0 51 0 52 0 0 0 0 0 0 65 93 0
66 0 19 0 0 39 0 95 0 0 39 54 32 0 0 0 0 0 0 0 0 0 0 0 71 0 0 0 0 0 0 0 57 0 0 0 0 0 0 93 4 0 0 0 0 0 0 45 0 14 0 72 26 40 0 28 0 0 0 64 0 49 0 0 0 0 0 0 0 0 0 80 18 18 0 0 0 0 7 0 0 0 54 0 0 0 39 4 5 0 0 0 0 3 7 0 0 0 0 0
0 0 0 0 0 0 0 0 0 0 0 0 0 0 74 0 11 0 0 0 0 37 0 0 0 0 0 96 0 0 0 45 0 0 5 0 0 0 0 21 0 63 69 0 0 0 0 0 0 0 0 0 0 0 0 0 46 39 0 0 0 0 0 45 0 0 0 0 73 0 0 48 0 49 0 0 95 0 0 0 0 0 97 0 0 0 0 0 0 0 0 0 0 0 0 0 0 6 0 0
86 0 85 26 0 99 0 0 0 0 0 0 0 9 0 0 0 0 78 0 0 0 0 0 49 1 0 0 0 28 0 99 0 0 0 0 16 0 0 0 0 0 0 0 13 0 0 91 0 0 0 0 0 0 0 0 46 0 15 0 98 0 0 0 67 0 61 0 0 0 55 0 20 0 0 0 79 0 81 28 47 86 43 0 0 56 0 0 18 0 0 0 0 0 26 0 0 0 59 63
24 94 0 0 0 49 0 0 0 0 0 0 0 0 86 0 0 0 0 0 0 52 85 90 0 0 0 0 0 12 0 0 0 0 0 0 0 0 0 0 98 0 0 42 0 0 0 0 0 0 0 0 37 42 61 87 0 96 0 0 0 0 0 0 0 0 0 0 26 0 0 0 0 0 0 0 0 34 61 0 0 0 0 94 0 38 0 54 0 0 0 0 0 0 0 0 12 0 0 0
0 0 0 0 0 84 0 18 0 64 44 0 0 0 0 0 96 61 0 0 34 0 67 0 0 0 0 18 0 0 0 0 0 0 0 0 31 0 0 82 84 0 36 0 45 23 0 0 0 0 0 0 0 38 0 0 77 0 0 0 0 0 0 0 0 0 0 0 0 0 0 0 35 0 0 0 21 47 0 83 0 96 93 0 0 12 27 98 0 0 24 0 0 0 0 0 0 68 79 0
0 0 0 65 0 0 0 0 0 0 0 0 0 0 0 0 49 0 0 0 0 0 0 20 0 0 0 0 0 0 0 97 0 0 0 0 0 0 80 0 0 0 0 0 0 0 0 0 1 53 59 0 45 0 0 0 0 0 0 0 0 0 0 5 0 0 0 0 63 17 0 0 0 0 0 0 82 0 0 0 56 0 0 0 0 0 0 0 66 0 43 0 0 0 0 0 0 0 0 80
0 89 0 48 0 0 0 0 0 0 0 0 0 0 74 45 0 0 0 0 0 0 0 0 0 72 0 35 0 0 0 0 0 0 0 35 0 66 52 0 63 75 88 0 0 0 84 0 98 0 80 0 1 91 0 46 59 0 0 0 0 30 99 0 0 0 0 0 0 0 24 44 0 0 0 0 64 0 0 0 0 0 0 0 0 0 0 0 0 0 0 7 90 81 0 0 0 0 0 92
0 0 0 0 0 68 83 0 48 0 0 0 87 0 0 43 0 67 0 93 0 0 0 63 35 0 61 0 0 0 0 0 93 66 0 11 0 0 0 16 0 0 0 0 0 89 33 0 18 0 0 0 99 0 0 0 53 0 0 0 0 0 0 47 0 0 0 99 0 0 0 0 0 56 79 0 81 0 88 22 0 0 0 0 0 0 11 0 0 47 0 0 6 0 0 0 0 0 0 0
0 60 0 0 0 45 0 53 0 0 0 0 0 0 0 0 0 86 0 0 0 0 0 91 0 66 54 0 0 0 80 0 30 80 0 0 0 0 0 0 9 0 0 30 0 0 82 0 34 0 0 53 0 0 45 0 0 22 0 0 0 0 71 0 0 0 0 89 0 0 0 7 0 0 0 4 0 0 0 0 0 0 59 0 0 0 0 0 0 0 0 100 0 31 54 0 0 0 0 0
0 87 0 0 52 0 35 92 0 51 0 0 0 0 52 28 0 71 0 0 0 7 50 0 0 82 94 0 0 0 0 0 0 0 0 0 69 0 0 18 0 0 0 0 0 0 0 0 0 52 44 20 0 0 0 0 0 0 73 0 0 0 0 87 0 17 0 63 0 0 0 0 0 0 0 0 0 0 85 0 0 70 0 56 91 0 0 0 47 0 0 0 0 0 58 0 0 0 0 0