100
0 24 0 83 12 0 0 0 0 97 0 0 0 0 89 0 0 35 0 0 0 0 0 0 0 0 0 75 0 0 99 0 0 0 0 0 0 0 0 0 0 84 0 64 60 73 0 0 0 0 40 23 0 42 0 0 99 0 69 0 0 44 86 0 33 0 0 21 36 0 0 0 0 0 0 0 18 0 0 0 0 0 0 6 0 0 0 0 0 0 0 0 0 0 20 0 40 0 0 0
0 0 0 0 23 0 0 0 0 96 0 0 53 46 17 0 0 0 0 0 0 0 8 45 0 0 0 29 0 0 0 0 0 0 58 10 0 0 0 69 0 81 0 0 0 0 0 0 0 0 64 0 0 88 0 0 77 0 0 0 0 0 0 0 88 3 0 91 0 47 0 0 0 0 0 0 2 0 0 0 0 0 64 93 0 0 34 0 0 0 0 0 0 0 0 0 0 0 0 0
28 0 0 0 0 0 0 0 47 85 0 0 27 0 0 0 0 0 93 47 27 41 32 0 0 0 0 0 0 0 30 0 0 0 0 23 0 0 81 0 0 0 0 0 0 0 0 0 0 0 0 0 0 72 29 0 0 45 0 34 0 0 0 0 0 0 0 0 0 0 0 0 0 77 0 0 0 0 0 0 63 0 0 0 63 0 0 0 0 0 0 36 0 0 0 0 0 0 93 0
0 0 20 0 0 0 91 0 0 0 0 0 0 4 0 48 0 0 0 67 0 0 23 0 0 0 0 0 0 0 3 0 0 0 0 0 28 0 0 0 0 0 0 0 0 0 64 0 0 0 0 0 0 0 0 0 0 0 0 67 0 66 78 0 0 0 0 62 0 56 0 0 0 0 0 0 0 20 64 21 19 0 0 0 0 0 45 0 0 0 0 0 0 58 0 0 0 0 0 0
66 0 56 0 0 0 37 0 47 0 76 0 3 0 70 0 80 55 0 0 0 60 0 0 0 0 0 0 0 0 0 61 53 0 0 0 0 52 0 13 0 0 98 93 0 0 87 0 0 0 0 0 96 0 47 0 0 0 0 0 80 74 0 0 0 0 0 0 0 0 0 60 0 32 0 0 0 14 0 0 72 0 0 0 81 100 63 0 0 0 0 0 0 0 0 0 0 0 0 95
0 0 0 0 79 0 2 0 0 24 0 0 0 0 81 0 0 0 0 0 0 84 0 0 58 0 0 0 0 0 0 0 0 41 0 0 0 0 0 19 0 0 0 0 0 31 0 57 0 0 8 0 0 0 0 0 6 51 0 68 71 0 16 0 0 76 0 0 0 0 0 0 0 0 0 0 0 0 0 0 0 79 60 0 0 0 0 0 69 0 39 28 0 94 0 0 3 63 0 0
10 13 0 49 0 75 0 0 0 0 0 95 63 0 0 0 0 0 3 0 48 34 0 40 0 0 0 0 0 0 76 0 0 0 0 0 0 0 0 90 0 0 0 0 0 0 0 0 0 0 10 0 0 0 38 0 45 0 73 0 0 0 0 0 0 0 0 0 0 0 0 16 17 0 0 0 0 0 0 42 0 0 0 0 0 0 0 0 0 0 0 78 9 0 87 0 0 0 95 0
23 93 100 0 81 1 0 0 0 0 0 0 0 0 38 0 0 0 98 0 0 0 0 0 39 0 0 0 0 11 80 0 0 0 0 0 0 97 0 0 49 0 85 0 0 0 0 29 49 0 0 0 31 0 0 87 9 0 0 0 10 13 0 0 29 0 0 0 0 62 0 0 0 8 30 0 69 0 0 0 31 0 75 0 0 82 0 0 0 13 0 93 0 0 0 0 0 68 0 0
0 0 16 18 0 0 0 0 0 44 0 0 0 0 0 45 0 88 94 0 0 57 0 0 71 0 0 0 0 0 0 70 0 0 0 0 0 0 0 50 0 0 0 9 89 0 0 0 0 0 0 26 0 0 0 26 0 0 78 0 0 96 0 39 0 0 0 0 0 92 0 0 0 0 0 0 0 47 0 0 0 0 66 0 0 0 0 0 59 0 0 7 0 71 73 0 39 0 0 15
0 42 0 0 0 90 0 61 0 0 0 56 31 0 0 0 45 0 0 0 0 0 0 0 0 57 0 0 68 16 0 0 0 0 0 0 0 0 0 0 0 0 0 0 0 0 31 0 0 0 0 68 0 0 66 0 0 0 0 0 0 0 0 0 0 0 0 0 0 0 0 72 0 0 36 0 0 0 0 0 78 0 0 78 0 0 0 0 0 0 0 0 1 0 1 0 0 0 0 0
72 0 10 0 0 10 45 5 0 0 0 50 0 0 0 0 0 80 0 0 0 42 97 0 0 15 0 0 0 0 0 9 0 0 0 0 0 0 0 0 0 0 0 0 0 0 0 0 50 0 0 0 79 0 0 0 0 0 71 0 0 0 76 0 0 0 0 28 0 0 0 0 0 93 7 0 0 0 0 0 0 0 11 40 71 24 0 0 0 0 0 0 0 0 75 49 0 66 99 0
0 37 0 41 0 35 0 0 0 83 100 0 0 0 0 0 79 6 0 43 0 0 0 12 89 0 0 0 0 0 25 0 0 0 0 97 0 15 0 0 0 0 0 0 0 9 87 0 0 0 0 0 95 85 0 0 0 0 0 0 100 0 0 0 0 0 0 6 44 0 0 80 0 0 14 0 0 0 0 0 4 0 0 65 0 0 0 0 0 84 0 47 0 0 2 0 0 96 71 0
0 0 0 0 0 0 35 53 0 0 0 0 0 0 32 61 0 0 0 0 85 0 0 91 0 0 0 0 0 0 0 34 0 73 0 0 0 73 77 70 0 0 0 54 63 0 0 0 80 0 0 0 0 0 35 0 0 6 68 35 0 0 0 0 0 0 0 65 0 0 0 0 0 15 96 0 0 0 0 55 0 20 0 45 0 62 0 0 0 0 0 28 0 0 0 0 0 0 99 0
0 0 0 18 0 0 0 0 0 27 0 0 0 0 0 0 0 39 32 0 0 35 0 0 0 0 0 0 0 0 75 0 0 0 0 0 0 0 46 20 0 0 0 0 0 0 0 0 0 80 0 66 0 0 0 0 84 0 0 0 0 0 0 34 0 0 0 66 96 56 0 0 43 0 0 0 0 41 0 0 0 0 0 20 57 0 0 0 0 0 0 34 55 0 0 40 68 31 0 71
64 98 0 90 0 0 0 0 0 0 0 0 0 75 0 0 0 0 95 0 81 0 0 0 51 6 0 19 0 0 0 0 0 0 0 0 0 0 0 46 0 0 0 0 0 0 0 0 0 0 0 0 0 0 0 95 0 0 0 0 0 0 0 0 42 0 0 0 0 0 0 0 0 0 0 25 0 0 0 26 0 27 0 84 0 0 46 0 62 0 0 0 0 0 0 0 0 0 0 0
90 0 75 96 0 0 0 0 0 0 0 0 0 0 0 0 27 0 69 0 0 0 0 0 0 12 0 73 0 0 0 61 0 0 0 0 96 0 88 0 0 0 0 51 0 0 0 0 98 0 0 0 0 0 11 2 0 0 15 86 79 0 11 0 0 0 0 0 0 0 0 0 0 0 0 0 99 0 0 0 88 0 0 0 0 0 0 0 0 0 0 0 0 0 0 40 0 0 0 0
29 65 39 0 0 0 0 0 28 10 0 0 0 0 0 92 0 0 0 0 0 0 98 0 0 0 0 24 0 0 0 14 0 0 0 51 19 28 0 0 63 0 0 0 0 0 0 63 0 0 0 0 0 50 33 0 0 0 0 0 40 0 0 0 0 26 0 0 0 0 0 57 0 0 38 0 0 0 0 26 0 0 0 0 77 0 0 34 6 0 0 0 0 94 0 0 0 0 0 0
0 0 55 36 0 20 0 0 0 23 0 41 0 0 0 0 0 0 0 0 0 0 0 10 0 0 0 49 0 0 32 0 0 0 0 0 0 0 0 6 0 84 77 0 0 0 0 0 0 0 0 33 0 0 0 29 0 0 0 45 0 38 0 0 24 0 0 0 0 0 0 0 0 0 0 0 0 0 57 0 0 0 0 0 0 0 0 88 0 0 0 0 0 0 0 0 0 0 0 0
2 0 0 0 0 0 58 0 0 0 0 0 0 0 0 1 0 0 0 67 48 0 0 0 0 0 100 79 0 0 93 0 52 0 0 98 26 0 0 0 50 0 22 0 59 0 0 21 0 0 0 43 0 0 62 0 0 0 0 29 76 92 29 0 60 71 0 18 0 0 0 0 12 18 0 0 0 0 95 0 84 0 0 0 0 89 0 0 0 8 0 0 0 74 0 0 0 0 24 11
0 91 0 0 0 0 0 0 0 73 0 0 0 0 0 79 0 25 0 0 0 0 0 0 0 0 0 4 0 0 33 0 0 0 28 0 38 0 0 0 0 0 0 55 0 0 0 25 0 0 0 97 74 0 0 0 0 0 0 0 0 0 0 70 0 0 49 96 0 0 0 63 37 71 83 16 0 52 0 67 0 0 0 41 0 25 97 87 40 0 0 1 0 0 0 0 0 0 0 0
0 93 0 0 95 0 0 0 0 0 0 10 0 0 0 0 0 0 0 0 0 45 21 0 0 0 0 0 0 0 0 4 21 0 0 0 66 0 0 94 0 61 0 0 0 0 0 0 0 26 35 0 11 0 0 0 0 54 0 0 0 19 0 0 0 0 0 59 0 0 46 0 0 0 0 0 0 84 0 0 94 0 44 64 34 63 0 65 27 0 94 0 0 0 0 0 0 57 0 0
66 0 0 21 0 0 0 62 0 0 0 0 36 3 0 0 54 100 0 0 0 0 0 0 0 0 0 76 0 0 0 0 9 0 0 0 99 0 0 0 0 0 0 0 0 0 0 0 0 51 0 0 73 0 0 0 17 89 0 56 12 0 17 0 81 0 0 0 0 0 0 76 0 0 0 0 0 0 0 0 0 94 39 72 0 0 0 0 0 0 0 0 0 0 0 0 0 0 0 0
0 86 0 0 0 0 0 0 0 0 0 0 0 0 0 0 72 0 0 4 0 0 0 17 95 0 0 0 0 0 56 0 0 46 70 0 0 0 0 0 92 99 0 14 0 0 20 0 41 0 0 0 0 78 69 0 0 0 0 0 0 0 75 0 0 53 0 0 0 79 85 0 0 74 0 0 0 0 0 10 77 41 0 0 0 0 0 0 0 84 0 0 36 0 92 0 0 0 0 66
0 0 0 90 0 16 89 1 44 0 36 43 0 0 0 0 0 0 0 80 0 0 0 0 0 0 0 0 0 0 0 0 0 0 0 0 0 0 0 0 0 0 0 0 96 0 0 26 0 0 0 0 0 22 0 0 0 0 0 0 0 0 0 0 54 0 0 41 0 0 0 0 89 0 0 0 0 0 0 0 0 0 0 0 0 0 71 58 0 0 0 77 0 0 51 0 75 0 0 0
0 0 0 0 18 20 0 0 17 6 0 0 0 0 30 0 0 0 0 0 0 0 17 0 0 0 0 0 64 0 0 0 30 14 0 0 0 0 0 69 0 0 40 91 0 0 53 0 0 0 0 0 0 0 39 0 0 0 0 0 0 0 0 0 0 0 51 0 0 0 0 50 0 29 0 0 87 0 0 0 0 0 0 0 33 0 0 0 42 0 0 0 0 90 0 0 0 0 94 7
20 0 0 0 45 0 0 0 0 0 0 0 0 0 52 0 0 0 0 0 0 0 0 0 0 0 0 0 0 0 94 0 0 0 0 0 0 0 47 53 0 3 0 0 61 99 0 0 0 0 0 0 0 0 0 0 0 0 0 0 0 0 0 0 0 0 0 61 0 0 0 0 0 0 0 0 0 21 0 0 0 0 0 0 0 0 28 0 0 0 0 0 73 90 0 0 0 0 0 0
0 0 41 0 11 0 0 26 78 74 100 0 0 45 0 0 0 0 0 0 75 0 0 0 0 0 0 0 0 0 93 0 77 0 0 0 0 0 0 0 0 0 0 80 0 36 0 0 52 0 0 0 0 0 34 0 0 5 0 5 0 0 0 0 0 0 0 0 0 0 0 57 0 0 0 0 0 0 0 0 0 0 0 63 0 0 80 0 0 80 0 0 14 0 0 0 88 0 0 0
74 0 87 0 0 0 0 86 0 0 0 0 0 0 0 0 0 0 0 0 0 53 0 0 0 0 0 0 0 0 0 0 0 42 0 0 0 0 0 17 94 0 57 0 49 24 0 0 0 0 0 0 52 0 27 0 0 99 0 26 0 0 57 0 45 0 0 0 0 48 69 60 0 0 0 0 0 0 6 0 0 0 0 82 0 85 0 0 0 0 78 0 0 68 80 0 0 0 0 0
34 8 0 0 0 0 0 0 0 35 0 0 0 0 0 10 0 0 0 0 0 0 0 0 0 83 0 0 0 0 0 0 0 0 0 0 15 8 0 5 0 0 0 80 0 53 48 0 93 0 23 0 0 0 52 0 36 0 0 0 0 0 0 0 11 0 0 32 0 0 0 0 0 0 0 0 24 0 0 0 0 0 0 0 0 13 0 0 0 0 0 0 0 0 0 0 0 0 0 8
0 0 0 0 90 97 0 10 0 0 0 0 0 77 54 0 0 0 0 14 0 0 0 0 0 49 0 14 37 0 0 47 55 0 0 50 0 0 71 0 0 0 0 0 0 0 0 35 0 0 0 0 0 59 0 0 0 0 0 0 0 0 90 0 9 0 0 0 0 0 0 0 0 0 0 54 32 0 0 51 0 0 0 0 0 0 43 38 63 20 0 0 0 87 0 0 19 0 0 0
0 0 0 0 0 76 0 0 0 0 0 0 0 0 99 0 0 0 0 0 0 0 3 0 0 0 0 0 0 0 0 0 0 0 0 0 0 0 0 0 0 0 0 0 0 0 0 52 0 87 16 0 0 0 0 0 0 0 0 0 0 0 99 0 0 0 0 39 0 46 11 0 0 78 0 0 0 67 0 0 88 0 0 0 0 0 0 0 0 0 0 0 0 52 75 88 0 0 1 0
0 0 0 41 0 86 0 0 0 0 0 0 0 0 0 71 0 0 0 7 0 0 0 0 0 0 0 0 0 0 41 0 40 0 0 0 0 0 95 52 0 0 0 0 0 0 0 0 0 0 48 0 10 0 0 0 54 33 0 0 0 0 0 8 0 68 0 0 2 0 0 0 77 98 0 0 75 0 0 0 0 0 27 0 1 0 83 0 39 0 0 43 0 11 0 0 0 0 0 0
0 0 38 34 0 0 0 0 93 0 0 0 0 0 0 32 0 20 0 6 0 0 0 0 0 0 52 0 0 11 0 0 0 0 0 0 0 0 0 0 0 0 0 0 0 0 0 0 0 0 0 35 0 0 0 11 0 0 0 0 0 64 0 11 0 0 70 0 0 0 0 0 0 0 0 0 34 0 0 0 0 34 8 0 0 0 0 99 0 0 0 0 14 0 0 0 0 0 0 59
0 0 0 10 0 0 0 0 87 0 0 68 0 0 0 0 0 0 48 8 40 0 0 0 15 0 0 98 85 0 0 0 0 0 0 70 0 77 76 0 0 0 0 0 0 0 0 0 0 0 0 0 0 0 58 0 0 0 0 0 0 10 0 0 0 99 0 0 0 53 0 0 99 0 64 0 0 0 0 0 0 82 0 0 0 0 0 62 12 0 0 0 80 22 18 0 0 0 0 0
0 0 0 0 0 0 0 0 0 8 56 84 49 46 0 0 0 0 1 0 31 0 0 0 92 0 71 0 0 0 0 0 83 0 0 10 52 0 0 0 0 0 0 0 58 0 0 0 93 0 0 23 0 0 0 0 89 65 0 99 0 0 0 0 0 51 0 72 0 0 0 0 0 0 0 0 0 95 0 0 0 0 0 0 69 0 100 0 0 0 0 0 0 0 1 0 66 0 0 79
0 0 78 0 55 13 0 0 0 33 89 0 0 0 2 5 0 0 0 0 0 0 0 0 0 0 92 0 0 0 87 0 0 0 0 0 0 0 0 0 0 0 1 0 0 0 0 0 0 92 0 0 0 0 0 0 0 0 94 13 0 0 0 0 0 17 0 15 88 0 0 0 65 29 0 0 0 0 0 72 0 72 0 0 0 64 0 0 0 0 0 0 0 0 0 0 0 0 0 0
0 0 0 0 10 0 0 0 0 28 0 21 0 14 0 0 0 0 0 0 0 80 0 0 0 0 0 100 20 0 0 44 0 0 80 0 0 0 0 0 0 0 0 55 66 0 66 0 0 93 63 100 0 0 0 83 0 7 0 0 89 0 0 18 0 63 0 57 53 70 0 0 0 0 0 27 0 0 89 34 0 5 0 68 0 38 47 0 0 0 0 0 18 0 0 8 87 98 40 0
0 85 0 75 0 0 0 0 17 34 0 0 0 0 0 29 0 0 0 0 0 51 0 0 35 0 0 0 0 0 0 0 0 6 46 0 0 0 0 0 62 0 0 0 0 0 28 40 0 47 0 0 0 0 0 0 59 0 0 0 0 0 0 0 0 67 44 0 0 0 0 0 0 0 48 39 0 0 0 0 0 0 0 0 72 0 73 0 0 0 67 0 0 0 92 36 78 0 0 0
52 0 55 0 0 11 0 0 0 0 0 0 0 0 99 0 0 53 40 0 0 0 0 0 0 0 0 0 0 0 0 0 0 0 0 73 0 0 0 0 0 0 0 0 0 0 0 25 0 58 0 0 0 0 0 0 0 22 0 0 30 0 0 0 14 0 51 0 0 0 0 0 0 0 0 0 0 90 3 0 0 32 0 71 0 0 0 0 0 0 95 82 0 0 0 18 0 6 0 0
0 78 49 0 0 0 0 0 53 0 0 0 0 52 0 18 0 0 0 55 0 0 28 0 0 0 0 0 0 0 69 0 52 0 0 0 0 0 0 0 56 0 0 91 0 5 0 0 0 54 53 0 0 46 72 0 0 0 35 0 73 0 0 0 67 0 0 88 0 88 0 0 87 23 0 0 0 0 0 0 4 0 0 0 95 0 0 0 0 23 0 55 0 0 0 0 40 88 20 0
0 0 0 0 0 0 0 0 0 31 0 0 0 0 0 25 30 0 43 0 0 0 0 0 0 0 0 0 92 0 0 35 0 14 0 0 0 17 0 65 0 0 78 0 0 0 0 0 0 0 0 0 0 0 0 82 0 0 0 0 0 0 0 0 0 79 0 0 21 0 29 91 0 45 0 0 0 0 0 0 36 23 0 0 0 0 0 0 0 0 53 0 0 78 0 0 28 0 68 6
0 86 0 56 0 0 65 0 0 0 88 0 0 0 0 0 0 0 0 0 0 0 1 55 0 74 0 0 66 0 0 41 0 0 58 0 0 90 0 0 58 0 0 89 0 0 0 36 0 30 0 0 0 0 0 6 0 0 0 75 0 0 0 0 0 0 28 47 0 0 0 0 0 71 0 0 0 91 93 0 32 0 0 0 0 0 92 46 0 0 0 0 0 0 0 0 0 0 0 0
0 38 0 0 0 0 66 25 0 0 0 2 0 0 0 0 0 0 40 0 0 0 0 0 0 0 16 0 0 0 83 0 4 0 0 0 0 0 0 44 0 0 0 0 0 55 0 84 93 0 0 72 0 6 0 0 0 68 72 32 88 0 0 0 0 0 0 0 53 0 0 0 0 0 0 0 0 0 0 15 0 0 0 0 0 45 0 68 0 0 0 0 0 95 0 0 46 0 0 0
0 12 9 0 0 0 70 0 22 0 0 0 0 0 0 0 31 0 100 0 0 0 49 0 0 0 0 0 0 0 0 77 37 0 97 0 0 0 0 92 0 0 0 0 44 12 0 37 0 0 16 0 0 19 0 0 34 0 0 0 29 0 0 0 0 0 34 0 44 0 20 76 81 0 0 0 0 0 0 0 0 0 0 0 83 0 0 0 0 0 56 0 0 0 0 0 96 0 0 0
0 0 0 18 100 33 0 68 0 0 0 0 0 82 0 52 0 43 0 0 0 0 100 0 0 0 0 70 0 0 0 0 0 51 0 0 0 69 0 0 0 0 0 39 0 0 0 0 0 0 0 0 0 0 11 74 0 0 0 99 57 0 0 22 18 0 41 30 27 0 85 0 0 0 0 48 0 0 0 38 0 0 0 40 0 32 0 0 0 73 0 0 0 0 54 0 0 0 0 0
0 0 0 0 0 0 5 68 0 0 0 47 0 0 0 0 0 87 0 0 0 0 11 70 78 0 20 0 41 58 0 0 0 0 0 0 20 50 0 0 45 0 0 0 0 0 0 89 0 68 0 23 0 0 0 0 0 0 0 0 0 97 0 0 0 0 15 0 0 0 0 61 0 0 0 86 0 0 97 0 0 0 0 0 0 81 0 0 0 11 100 67 0 0 0 24 0 45 80 5
58 11 4 0 0 0 91 0 85 0 0 0 0 0 0 44 23 82 0 0 0 0 0 0 0 0 0 0 0 0 0 0 0 0 52 90 0 75 0 0 27 0 71 0 0 0 0 0 0 0 0 0 0 0 0 0 0 0 0 0 0 0 0 0 0 0 0 39 64 0 34 0 99 0 0 0 0 0 0 0 0 0 0 0 46 0 0 0 33 0 0 0 54 0 0 0 70 0 0 90
30 0 0 0 0 14 0 0 91 0 22 0 31 0 0 59 51 0 0 66 0 0 59 0 0 99 13 0 32 0 0 38 0 0 0 0 59 17 0 0 0 0 0 28 86 0 49 0 0 97 0 0 0 36 18 0 0 0 0 0 0 0 0 0 0 0 12 0 0 0 0 0 0 0 82 0 0 0 64 0 0 0 94 0 0 0 0 78 38 0 0 80 0 0 86 0 63 0 0 0
30 0 0 0 58 0 0 0 51 0 0 0 0 0 0 0 64 93 0 0 0 0 14 0 0 0 54 18 0 0 87 0 1 0 0 0 0 34 0 0 0 0 0 65 0 26 0 0 0 0 0 0 50 0 0 0 0 0 0 0 0 0 62 0 0 0 0 0 0 0 15 0 0 94 8 0 0 0 0 0 90 0 0 17 0 0 0 0 0 0 0 66 40 0 59 0 0 28 33 0
0 0 0 0 71 0 0 76 0 27 25 48 31 0 0 0 0 0 19 0 0 0 71 0 0 0 20 59 47 83 0 6 0 60 0 0 0 0 2 0 0 0 0 0 0 0 57 0 0 0 0 0 43 0 0 63 0 0 0 0 0 0 0 27 0 0 0 34 0 0 73 0 0 0 0 0 65 95 90 0 0 17 0 0 0 0 90 0 0 100 94 18 0 0 39 0 9 0 38 47
0 0 0 0 0 0 0 0 0 0 0 8 0 48 42 96 0 0 0 0 0 67 0 0 34 68 0 0 0 0 78 63 63 0 0 0 0 12 27 0 76 0 0 30 0 0 64 0 0 0 0 55 0 0 0 0 87 0 0 0 0 0 95 0 0 0 41 0 0 0 88 0 0 0 0 0 0 0 0 0 0 0 45 36 0 0 0 0 0 0 0 0 92 12 0 0 0 0 98 0
0 0 0 0 0 93 36 0 0 0 63 0 0 0 0 0 0 0 0 0 50 0 0 0 0 74 0 0 0 0 0 0 95 94 0 0 0 0 76 0 0 0 90 0 0 79 0 0 0 0 98 0 0 0 0 0 0 0 0 0 0 0 6 0 0 0 0 14 0 0 0 0 99 0 0 29 0 36 0 0 0 0 0 5 24 66 0 51 0 0 0 0 0 0 0 53 0 0 0 0
0 73 0 0 45 71 20 32 39 41 0 83 5 0 0 0 90 0 0 0 53 0 0 0 7 0 0 0 0 0 0 0 0 0 0 0 63 0 0 0 46 0 0 0 0 0 0 48 0 4 0 0 0 0 0 32 0 0 0 0 0 21 51 0 0 80 63 0 0 0 0 0 0 0 50 0 0 19 0 0 0 0 0 63 0 0 0 0 0 0 0 0 0 0 24 0 0 0 0 80
0 0 0 0 0 0 0 0 94 0 0 0 0 0 5 0 0 0 0 0 0 0 0 0 94 0 0 0 6 42 0 97 0 0 0 0 0 83 0 0 0 0 0 0 0 0 0 0 52 48 0 0 0 0 0 0 0 70 0 75 0 0 0 29 0 0 0 0 0 0 0 71 0 0 0 9 0 0 0 0 0 0 0 0 29 0 0 0 73 0 0 71 42 0 0 0 14 87 0 32
0 0 0 0 0 0 0 0 64 0 0 0 0 0 0 0 0 94 0 0 0 0 0 0 0 0 33 0 0 0 0 0 52 0 0 0 0 0 0 20 2 0 0 0 94 0 0 4 82 0 0 0 55 0 0 0 0 0 0 0 0 0 0 0 68 0 46 0 0 0 0 28 0 22 56 0 23 0 0 0 0 0 0 0 0 0 0 0 45 64 48 0 0 82 23 0 78 0 0 95
0 0 0 0 0 91 0 82 13 0 0 0 0 39 24 48 0 0 0 0 0 0 0 56 0 0 0 0 0 60 7 0 0 0 90 54 0 0 0 0 0 0 89 0 0 0 0 0 0 15 0 0 0 0 0 0 0 0 0 0 0 0 0 0 0 46 0 0 0 0 79 0 0 0 0 79 0 0 0 0 0 0 0 53 0 0 91 0 0 0 63 0 0 0 0 75 53 60 0 36
0 0 0 0 0 0 0 0 0 0 0 0 0 0 0 57 0 29 44 0 0 69 0 0 0 0 0 0 96 0 68 0 0 0 0 0 0 0 51 0 0 52 0 0 94 0 0 0 0 0 0 0 0 0 0 54 0 0 17 0 0 0 0 0 0 0 31 47 0 0 0 0 71 0 0 61 0 47 89 86 61 0 0 0 0 0 0 0 0 0 0 0 0 0 0 0 0 0 43 0
0 79 0 0 0 74 0 78 0 0 0 82 0 16 0 0 21 0 61 0 0 0 0 0 0 0 98 90 58 0 83 0 0 0 0 0 7 0 47 0 99 66 0 71 1 12 0 0 0 0 0 0 0 0 33 0 0 0 0 0 79 0 0 96 0 0 0 0 0 95 0 0 0 0 0 0 49 0 0 5 0 92 61 0 93 0 0 76 0 0 0 0 75 0 0 0 1 0 0 26
0 0 0 0 61 0 0 72 0 0 80 82 0 0 0 13 0 98 97 70 0 0 0 0 0 0 0 0 0 19 27 0 0 0 49 0 0 39 0 0 0 0 65 0 0 0 0 0 0 0 0 74 0 87 96 0 0 0 0 0 0 0 84 0 0 57 0 0 0 0 85 0 0 0 82 78 65 0 0 61 0 0 0 0 0 28 30 0 0 0 0 32 0 59 49 0 95 0 0 0
0 0 0 0 0 0 0 28 0 56 15 0 0 54 0 0 78 0 0 0 0 0 0 0 0 0 0 0 0 80 11 0 0 0 0 0 94 0 58 0 18 22 0 0 66 0 0 36 90 0 0 0 0 0 0 0 0 0 0 0 0 0 15 21 0 0 0 6 0 0 50 0 0 51 0 0 0 73 0 5 0 55 0 0 0 0 0 15 0 0 8 51 0 7 0 30 0 0 0 0
0 0 68 0 0 0 0 0 0 55 0 0 0 0 8 0 0 0 0 0 0 0 0 0 0 29 0 0 90 0 21 0 0 0 35 76 11 20 0 0 0 0 0 0 82 95 0 0 0 78 0 0 0 0 0 0 0 0 28 0 0 0 35 12 26 78 28 0 0 15 32 0 95 0 0 0 10 54 74 0 0 0 0 23 44 67 70 85 0 100 0 0 25 0 0 0 0 0 76 0
27 0 0 0 0 3 43 88 38 0 0 0 0 0 0 0 0 0 0 0 68 42 0 36 0 46 0 0 0 96 0 67 0 0 0 46 26 0 0 0 0 91 0 0 0 0 75 0 0 78 0 0 0 0 0 0 0 55 0 0 0 0 0 0 29 0 61 15 0 0 0 0 77 2 0 0 55 0 0 0 29 2 40 0 0 0 61 0 0 39 0 92 0 0 0 0 0 0 18 72
0 0 10 0 0 0 0 0 0 0 0 6 0 0 0 0 0 0 0 0 0 58 0 0 0 0 0 0 0 0 0 0 0 95 0 84 0 31 0 0 0 0 0 92 43 51 4 0 0 0 0 0 69 0 0 0 0 0 0 0 19 0 0 0 0 0 70 0 0 36 0 0 0 8 0 0 0 0 0 51 0 33 0 100 0 0 0 0 0 74 0 0 0 0 0 0 0 0 86 0
0 0 0 3 58 0 0 0 18 0 0 47 0 0 0 8 0 0 0 0 0 0 0 0 0 0 0 0 0 0 0 0 20 2 0 0 0 51 0 0 0 0 0 0 0 0 0 68 0 96 22 17 22 0 0 0 0 0 0 0 0 2 45 0 77 0 0 0 0 91 0 3 0 0 0 0 0 0 52 0 0 0 0 0 0 59 50 88 75 38 0 0 0 0 0 0 0 0 0 0
0 96 72 0 0 0 28 0 0 74 98 93 0 0 0 6 0 0 83 0 0 29 0 0 0 0 94 92 0 36 29 0 0 0 0 0 0 0 0 0 62 0 81 0 0 0 41 0 91 0 0 69 0 0 0 0 0 48 0 48 0 0 0 98 0 0 96 0 0 0 0 0 0 0 32 0 91 0 0 0 0 31 0 0 10 0 0 0 0 20 0 0 99 0 0 0 0 0 0 0
0 27 0 0 0 0 0 0 0 0 0 0 0 0 0 0 0 0 0 0 0 0 0 0 0 24 0 0 0 0 0 0 0 0 0 19 56 0 0 0 29 0 1 54 0 39 69 0 0 0 0 0 59 0 0 0 0 0 0 93 0 0 0 0 0 0 0 0 9 0 0 0 73 86 25 0 0 0 97 0 0 73 0 0 0 0 0 0 0 0 0 20 0 0 0 0 76 23 0 44
0 81 0 0 41 0 86 0 74 0 0 0 0 0 0 0 47 0 0 0 0 0 7 0 0 58 0 8 0 0 0 0 6 0 0 0 0 0 0 0 19 14 0 0 14 0 0 0 79 0 29 0 0 0 45 0 0 0 0 0 0 0 99 0 0 45 0 0 0 0 0 38 0 0 0 0 0 0 0 1 0 23 0 0 79 21 99 0 69 0 0 0 0 0 0 0 0 0 0 0
0 4 0 0 48 0 0 0 95 12 0 0 0 0 31 61 0 0 92 0 0 0 0 0 0 0 0 1 0 27 0 0 0 0 0 0 0 0 0 83 5 0 0 0 27 0 16 0 61 0 57 0 0 48 0 0 0 0 0 0 0 0 0 92 0 0 0 0 7 0 0 0 0 0 0 0 69 94 0 0 0 0 0 0 0 0 0 0 0 0 0 18 0 0 0 0 0 0 0 0
0 0 0 0 0 0 50 51 0 0 33 0 0 0 0 0 97 44 0 18 0 0 0 0 0 0 0 0 0 0 0 0 0 32 0 0 0 0 0 0 73 0 0 0 0 0 0 0 0 44 88 0 0 0 0 0 0 27 0 0 38 0 0 0 7 0 0 0 0 30 18 49 0 0 71 0 0 0 0 0 0 0 0 0 86 0 0 62 0 0 0 98 0 0 0 0 0 0 43 0
0 0 0 0 11 39 0 0 0 0 0 0 48 0 0 0 0 0 0 0 0 0 4 27 63 0 0 0 48 0 0 27 52 38 0 0 0 0 0 0 0 0 0 0 0 0 0 0 61 0 0 0 0 67 0 0 0 0 0 0 0 0 0 0 0 0 0 95 60 0 21 0 0 0 96 36 0 0 38 0 0 0 0 35 98 54 0 0 18 0 82 0 0 27 0 0 73 84 92 0
0 0 0 0 0 0 0 0 20 0 0 0 4 0 0 4 0 0 0 0 0 0 33 0 0 0 55 0 12 0 0 18 0 40 0 0 0 97 24 0 98 0 0 0 0 0 0 0 0 0 0 0 0 0 4 0 34 0 0 0 40 0 0 71 29 0 0 0 0 0 0 0 92 0 0 0 0 0 0 0 0 0 0 0 0 0 0 9 0 0 31 0 0 67 0 0 0 0 0 0
0 0 0 0 0 57 0 0 0 0 0 0 0 0 0 0 0 59 0 0 0 61 0 0 75 0 0 0 0 0 0 0 0 0 0 0 0 11 60 0 0 0 0 0 0 0 0 68 0 0 0 0 0 0 0 0 0 0 0 0 0 0 0 0 0 0 9 0 0 34 40 0 50 0 2 0 0 0 0 21 100 0 0 48 71 26 0 94 0 0 0 0 0 60 0 93 0 0 98 55
0 0 0 0 91 0 0 69 63 0 0 0 0 0 26 0 38 0 62 0 56 63 39 0 0 0 0 0 0 0 0 81 0 0 0 0 0 0 10 0 0 0 3 0 0 54 0 0 0 71 0 0 0 0 62 5 0 0 0 0 11 0 0 0 0 0 52 78 0 0 0 0 0 0 0 0 0 0 89 0 0 0 0 0 37 79 0 0 0 0 0 35 11 0 49 0 73 25 0 0
0 0 67 0 0 17 54 72 0 0 39 0 0 87 0 0 62 0 0 0 33 0 0 92 0 0 0 0 0 0 0 58 0 69 62 61 0 0 0 0 0 0 16 0 0 0 0 78 0 0 0 0 0 0 27 34 0 0 0 0 0 0 4 0 0 0 74 0 0 0 0 71 0 0 0 0 0 0 0 0 0 0 0 0 0 4 0 0 0 27 93 34 0 0 0 0 0 0 0 0
0 0 0 0 0 94 83 15 0 87 0 0 0 0 0 0 0 0 0 27 0 0 0 71 0 6 77 0 0 0 0 0 0 76 0 0 24 0 69 0 0 43 0 0 0 0 0 0 0 0 0 0 31 0 0 58 0 0 0 84 0 0 0 0 74 53 0 0 25 0 0 8 0 0 0 0 21 0 0 0 0 0 0 0 0 0 0 57 0 0 0 0 64 0 36 57 0 71 0 0
100 0 0 0 22 0 0 0 0 0 0 0 0 0 38 0 98 0 0 0 0 0 96 88 0 60 0 31 0 0 0 0 16 0 0 0 0 0 0 0 0 0 0 0 0 0 98 0 0 0 0 0 93 0 0 76 0 45 0 43 0 0 0 0 0 0 1 0 0 0 0 92 0 0 17 0 0 0 0 0 0 0 0 92 0 0 0 18 0 0 0 24 0 57 0 22 0 0 0 0
0 62 0 0 0 0 0 42 0 0 0 0 0 5 0 0 0 95 0 0 0 0 0 46 0 0 45 0 0 0 0 85 0 0 0 0 0 0 0 0 0 0 0 0 0 0 20 52 0 57 0 94 0 0 93 0 16 43 82 72 0 0 0 0 0 33 0 28 0 0 33 82 0 0 52 52 0 0 75 0 0 100 0 0 0 0 0 0 0 10 0 0 0 0 0 1 30 0 0 0
0 0 0 0 83 0 0 0 0 0 57 0 0 0 0 0 18 0 0 0 0 0 0 0 0 0 41 0 22 0 0 53 0 13 0 62 0 0 0 0 0 0 0 0 0 71 0 0 0 15 0 0 56 0 0 0 0 0 0 14 0 0 0 0 0 29 0 0 0 0 22 61 28 0 0 0 35 0 29 0 8 95 0 0 0 10 82 0 0 0 0 0 0 0 85 0 92 0 0 0
49 73 0 0 0 0 0 0 0 0 88 0 0 42 38 0 0 0 0 27 73 0 89 0 0 0 0 0 0 0 1 50 0 0 0 0 0 0 0 0 18 24 0 0 0 0 66 0 0 0 0 0 0 73 96 0 0 0 0 0 0 0 0 0 0 16 0 0 0 0 0 0 0 0 0 91 0 0 0 0 96 0 0 0 0 0 0 0 87 0 0 0 0 22 0 0 0 0 43 0
12 0 83 0 0 0 0 0 46 0 0 0 0 0 0 54 81 0 0 0 0 0 2 0 0 0 0 0 0 0 0 0 81 0 54 0 0 0 0 3 0 0 22 0 0 0 0 0 0 75 0 0 0 0 0 0 0 0 0 20 0 0 33 0 82 10 8 0 0 0 0 0 56 18 0 0 70 0 0 0 2 15 0 43 89 0 17 0 0 0 0 68 0 10 0 100 0 0 0 58
0 0 32 0 0 0 35 0 16 0 0 44 0 0 0 57 43 0 0 0 0 0 0 0 0 0 0 0 0 0 0 0 0 0 0 0 0 0 75 0 0 0 0 0 0 0 0 73 0 0 0 0 0 0 0 0 0 0 24 0 0 0 0 0 37 0 0 0 0 0 0 0 19 0 41 0 0 93 0 0 0 0 0 0 0 0 0 0 64 15 93 0 0 58 25 0 0 25 0 0
0 0 0 0 0 51 0 23 21 0 0 0 1 0 78 0 54 0 78 62 49 56 0 0 0 0 11 0 99 0 0 50 17 92 24 0 6 0 0 58 0 0 64 0 0 0 0 0 0 93 50 0 0 0 0 37 0 0 0 0 21 29 0 32 0 54 0 0 0 0 3 0 0 74 0 0 46 68 0 0 0 0 54 0 0 42 0 0 0 0 0 0 0 0 94 0 0 46 16 0
0 85 0 0 0 0 0 0 0 0 0 0 0 0 0 0 0 55 0 0 0 0 19 0 0 0 0 51 0 0 0 0 30 0 0 72 0 0 0 0 74 0 0 70 0 0 99 0 0 0 0 0 0 15 38 0 0 19 0 0 0 0 0 0 0 0 0 38 67 0 0 22 0 0 0 0 0 0 0 0 18 0 0 0 0 0 0 0 32 0 86 0 0 0 0 0 0 0 0 30
0 0 0 8 0 57 0 0 0 0 0 0 0 0 0 0 0 0 0 0 19 0 46 0 0 0 0 0 0 0 0 62 0 0 0 30 64 0 0 58 0 71 0 0 27 0 0 0 0 0 65 0 0 0 7 0 0 0 21 0 0 0 0 100 10 0 14 15 0 0 97 0 23 0 0 0 0 0 0 0 0 0 0 0 0 0 0 0 0 0 0 0 12 0 39 0 0 0 0 0
0 21 0 0 91 23 0 63 0 0 0 0 0 0 0 0 0 79 0 0 0 0 80 0 0 0 0 14 69 8 0 0 0 0 0 0 0 0 0 46 0 63 0 0 62 0 0 0 40 0 0 0 54 0 0 0 0 0 39 0 24 0 0 0 0 0 0 0 0 0 0 0 0 0 0 0 0 0 0 0 0 44 0 77 0 0 0 0 50 0 0 14 0 0 0 0 0 0 8 0
20 69 40 0 2 0 0 48 0 0 0 0 0 0 0 0 0 0 31 0 0 0 96 83 0 0 68 0 0 0 0 33 50 99 58 0 0 0 0 0 0 30 41 0 0 0 0 51 0 0 0 78 0 0 0 0 9 45 0 0 0 0 98 0 76 57 0 0 0 5 0 23 0 0 58 0 26 0 0 0 0 0 0 0 0 0 72 19 0 28 0 0 0 93 0 0 38 0 17 0
40 93 0 13 0 0 26 0 0 0 0 0 0 70 97 34 0 0 0 0 0 0 0 0 0 0 0 0 0 1 0 0 0 0 77 0 0 0 69 0 0 0 0 0 0 0 0 98 77 0 0 0 38 0 0 0 0 0 43 0 0 0 0 0 6 0 0 0 35 60 0 99 0 0 0 34 0 0 0 0 0 0 0 0 0 0 0 77 0 0 0 83 0 61 66 92 0 0 0 43
0 0 0 0 0 0 0 0 0 0 0 59 0 0 0 100 0 77 55 0 0 53 0 0 0 47 0 11 0 52 0 0 0 0 68 0 0 0 0 0 0 0 53 0 0 0 0 0 0 98 0 0 0 0 0 0 33 0 0 0 48 17 29 37 0 0 68 0 26 0 0 6 0 0 0 0 0 0 0 0 91 60 0 0 0 0 82 0 0 0 0 24 70 0 100 0 0 0 0 0
0 39 0 0 0 0 52 0 0 0 0 0 97 0 0 0 15 0 0 0 0 38 0 70 0 0 0 1 40 10 0 0 0 0 0 68 0 0 0 0 71 0 0 0 37 0 70 0 89 0 0 0 69 0 0 0 0 0 0 78 0 0 21 0 0 0 47 0 41 97 0 0 73 0 0 0 0 0 87 0 86 0 0 58 0 88 0 98 0 0 0 0 75 4 31 54 0 0 0 0
0 0 0 93 0 0 0 0 0 0 0 0 74 16 0 0 0 0 0 18 0 0 0 99 98 0 0 70 31 35 0 2 0 0 0 0 0 0 0 0 0 0 19 0 15 0 0 0 17 80 18 0 0 40 0 0 0 0 0 0 0 80 46 44 0 0 91 0 0 0 54 56 0 20 66 0 0 11 0 0 0 0 0 0 0 0 0 0 37 0 0 0 0 0 0 0 34 0 46 0
0 0 0 0 0 0 0 0 54 75 0 0 19 0 0 2 0 0 0 0 85 49 79 0 0 0 8 0 0 0 0 0 0 0 0 0 0 0 32 0 0 7 0 0 0 0 0 0 84 0 0 0 0 0 50 0 0 2 64 0 0 0 0 40 0 0 0 9 29 0 0 78 0 54 0 0 29 0 0 0 0 81 0 0 21 2 76 0 0 0 0 0 0 8 0 0 0 85 0 0
0 0 0 0 0 0 0 0 0 0 0 57 0 0 0 56 0 0 0 0 0 0 0 0 0 0 0 0 59 0 92 0 0 70 0 0 80 7 0 0 79 0 51 0 50 0 0 0 0 14 0 91 0 0 0 0 0 0 0 0 93 100 0 0 0 0 0 0 66 0 0 0 30 0 0 0 0 0 0 0 0 0 0 0 0 90 0 38 0 0 54 0 0 0 0 0 0 59 0 0
0 0 0 0 0 0 0 0 67 34 0 0 0 0 0 0 35 20 0 0 0 42 0 0 0 0 22 0 0 25 60 87 75 0 0 54 0 0 0 56 13 0 0 83 48 26 86 0 0 0 0 0 0 28 95 0 0 32 0 0 60 0 0 0 0 0 0 0 75 0 0 0 0 0 0 4 0 0 59 0 0 0 0 0 0 0 0 67 42 0 0 0 0 58 96 0 0 33 0 0
0 98 0 0 0 0 0 4 53 0 0 25 0 0 0 0 35 0 73 0 0 0 0 0 0 0 40 0 0 0 0 0 0 0 0 0 0 0 0 0 0 0 77 0 94 10 89 0 7 0 0 50 11 0 0 0 0 0 0 0 0 0 0 0 7 0 0 0 75 0 0 87 0 0 2 94 0 0 0 38 0 67 0 75 0 0 0 76 0 0 0 48 0 0 0 0 0 0 0 0
74 79 0 0 0 0 0 87 0 0 0 13 0 0 0 0 0 3 0 0 61 0 46 3 0 0 0 0 0 0 0 0 0 0 0 0 0 0 0 0 4 0 0 0 0 0 64 0 0 0 96 0 6 0 0 0 0 0 0 0 0 0 0 0 0 0 90 24 57 0 92 0 88 0 27 0 0 0 95 0 94 85 0 0 0 77 0 1 0 0 0 0 0 5 0 0 0 0 27 0
0 78 0 20 0 0 29 0 0 34 0 28 0 0 35 0 0 0 0 0 0 45 0 0 0 0 98 26 94 65 63 0 0 0 32 0 0 0 0 0 0 0 0 0 0 0 0 0 24 0 0 0 53 36 64 79 27 56 0 49 0 0 0 75 12 74 0 0 0 0 0 84 0 50 0 0 79 99 24 0 0 94 0 0 0 0 0 0 0 0 96 0 0 0 0 0 0 0 0 67
0 0 16 0 0 86 85 0 0 88 0 0 0 38 0 35 59 0 76 0 0 11 0 17 86 0 0 57 0 0 11 0 0 0 0 0 0 0 0 0 0 0 89 0 40 0 4 0 29 16 0 39 0 0 97 0 0 93 13 0 0 0 0 0 0 0 76 9 74 0 0 0 0 0 22 8 0 0 95 10 0 0 0 0 0 0 0 0 0 0 0 0 0 0 3 0 0 13 0 0
0 0 0 0 0 0 0 0 0 0 0 0 0 83 0 14 0 0 0 0 76 0 0 0 26 30 0 0 0 60 0 0 0 0 0 0 0 70 0 0 21 0 46 0 70 0 0 0 0 0 42 0 0 37 0 0 54 0 0 0 65 67 0 0 41 0 0 34 0 0 40 0 47 0 0 92 0 0 0 43 0 0 88 0 0 0 92 0 0 0 0 94 0 0 0 0 23 0 0 0
0 0 0 0 0 0 51 0 79 16 49 0 93 0 0 0 0 0 2 0 0 0 35 0 46 85 0 0 0 6 0 0 0 0 12 46 0 0 51 29 0 0 92 0 0 0 0 0 0 30 0 81 0 0 0 0 0 0 7 25 88 0 0 35 0 0 0 0 0 0 0 0 0 0 86 0 40 0 0 0 0 0 0 87 0 67 0 0 0 8 0 0 56 2 81 0 0 0 0 32
0 77 0 0 0 0 0 0 0 0 0 0 41 0 82 0 44 0 0 0 0 37 0 0 2 0 71 0 91 0 0 0 0 0 85 0 78 0 0 0 0 0 0 22 0 0 0 0 0 0 58 0 0 0 0 0 0 0 0 76 0 0 0 47 0 0 0 21 0 0 0 0 0 29 96 0 0 0 0 0 0 0 0 26 16 0 0 0 0 0 0 0 0 0 0 0 0 0 0 0
0 38 0 34 22 0 0 0 0 59 0 0 0 0 23 0 0 44 0 0 0 0 0 0 0 0 0 27 0 0 16 0 0 0 0 0 0 0 0 0 0 69 0 34 6 36 0 0 0 0 35 57 0 100 0 0 36 0 19 0 0 1 44 0 69 0 0 3 53 0 0 0 0 0 0 0 62 0 0 0 0 0 0 57 0 0 0 0 0 0 0 0 0 0 3 0 15 0 0 0
0 0 0 0 79 0 0 0 0 25 0 0 68 4 74 0 0 0 0 0 0 0 69 37 0 0 0 100 0 0 0 0 0 0 77 62 0 0 0 55 0 75 0 0 0 0 0 0 0 0 10 0 0 36 0 0 97 0 0 0 0 0 0 0 99 10 0 60 0 38 0 0 0 0 0 0 9 0 0 0 0 0 94 32 0 0 21 0 0 0 0 0 0 0 0 0 0 0 0 0
81 0 0 0 0 0 0 0 20 70 0 0 56 0 0 0 0 0 59 54 98 43 91 0 0 0 0 0 0 0 44 0 0 0 0 66 0 0 57 0 0 0 0 0 0 0 0 0 0 0 0 0 0 29 80 0 0 47 0 34 0 0 0 0 0 0 0 0 0 0 0 0 0 18 0 0 0 0 0 0 59 0 0 0 54 0 0 0 0 0 0 70 0 0 0 0 0 0 80 0
0 0 14 0 0 0 57 0 0 0 0 0 0 55 0 75 0 0 0 58 0 0 34 0 0 0 0 0 0 0 3 0 0 0 0 0 68 0 0 0 0 0 0 0 0 0 42 0 0 0 0 0 0 0 0 0 0 0 0 5 0 66 20 0 0 0 0 19 0 2 0 0 0 0 0 0 0 4 42 12 46 0 0 0 0 0 60 0 0 0 0 0 0 80 0 0 0 0 0 0
19 0 38 0 0 0 2 0 97 0 47 0 50 0 36 0 5 31 0 0 0 64 0 0 0 0 0 0 0 0 0 97 10 0 0 0 0 10 0 12 0 0 91 57 0 0 64 0 0 0 0 0 80 0 39 0 0 0 0 0 30 51 0 0 0 0 0 0 0 0 0 63 0 11 0 0 0 1 0 0 52 0 0 0 43 43 61 0 0 0 0 0 0 0 0 0 0 0 0 35
0 0 0 0 24 0 12 0 0 76 0 0 0 0 9 0 0 0 0 0 0 46 0 0 67 0 0 0 0 0 0 0 0 50 0 0 0 0 0 29 0 0 0 0 0 82 0 33 0 0 86 0 0 0 0 0 15 2 0 38 100 0 12 0 0 79 0 0 0 0 0 0 0 0 0 0 0 0 0 0 0 43 27 0 0 0 0 0 35 0 38 63 0 4 0 0 81 64 0 0
45 66 0 54 0 28 0 0 0 0 0 45 89 0 0 0 0 0 4 0 2 65 0 44 0 0 0 0 0 0 34 0 0 0 0 0 0 0 0 47 0 0 0 0 0 0 0 0 0 0 71 0 0 0 38 0 49 0 72 0 0 0 0 0 0 0 0 0 0 0 0 63 34 0 0 0 0 0 0 99 0 0 0 0 0 0 0 0 0 0 0 100 85 0 29 0 0 0 90 0
21 63 61 0 36 31 0 0 0 0 0 0 0 0 25 0 0 0 73 0 0 0 0 0 76 0 0 0 0 70 13 0 0 0 0 0 0 48 0 0 55 0 73 0 0 0 0 35 3 0 0 0 15 0 0 74 53 0 0 0 74 52 0 0 58 0 0 0 0 26 0 0 0 62 41 0 54 0 0 0 46 0 79 0 0 87 0 0 0 84 0 82 0 0 0 0 0 66 0 0
0 0 78 44 0 0 0 0 0 100 0 0 0 0 0 19 0 11 58 0 0 63 0 0 49 0 0 0 0 0 0 62 0 0 0 0 0 0 0 51 0 0 0 32 66 0 0 0 0 0 0 93 0 0 0 49 0 0 59 0 0 35 0 28 0 0 0 0 0 75 0 0 0 0 0 0 0 28 0 0 0 0 52 0 0 0 0 0 74 0 0 10 0 8 5 0 92 0 0 40
0 19 0 0 0 19 0 52 0 0 0 66 17 0 0 0 89 0 0 0 0 0 0 0 0 14 0 0 70 2 0 0 0 0 0 0 0 0 0 0 0 0 0 0 0 0 90 0 0 0 0 70 0 0 11 0 0 0 0 0 0 0 0 0 0 0 0 0 0 0 0 36 0 0 81 0 0 0 0 0 82 0 0 55 0 0 0 0 0 0 0 0 34 0 32 0 0 0 0 0
64 0 22 0 0 17 36 8 0 0 0 29 0 0 0 0 0 39 0 0 0 56 64 0 0 78 0 0 0 0 0 69 0 0 0 0 0 0 0 0 0 0 0 0 0 0 0 0 53 0 0 0 18 0 0 0 0 0 6 0 0 0 96 0 0 0 0 75 0 0 0 0 0 9 73 0 0 0 0 0 0 0 81 90 42 46 0 0 0 0 0 0 0 0 5 38 0 44 57 0
0 32 0 47 0 35 0 0 0 41 55 0 0 0 0 0 38 51 0 21 0 0 0 67 73 0 0 0 0 0 89 0 0 0 0 82 0 60 0 0 0 0 0 0 0 55 62 0 0 0 0 0 21 73 0 0 0 0 0 0 22 0 0 0 0 0 0 62 46 0 0 9 0 0 7 0 0 0 0 0 67 0 0 63 0 0 0 0 0 94 0 43 0 0 44 0 0 83 83 0
0 0 0 0 0 0 19 74 0 0 0 0 0 0 15 57 0 0 0 0 63 0 0 98 0 0 0 0 0 0 0 21 0 61 0 0 0 17 14 89 0 0 0 23 8 0 0 0 3 0 0 0 0 0 26 0 0 8 49 33 0 0 0 0 0 0 0 55 0 0 0 0 0 46 90 0 0 0 0 83 0 78 0 47 0 97 0 0 0 0 0 70 0 0 0 0 0 0 27 0
0 0 0 94 0 0 0 0 0 54 0 0 0 0 0 0 0 99 49 0 0 3 0 0 0 0 0 0 0 0 77 0 0 0 0 0 0 0 13 33 0 0 0 0 0 0 0 0 0 74 0 39 0 0 0 0 90 0 0 0 0 0 0 70 0 0 0 62 24 93 0 0 2 0 0 0 0 22 0 0 0 0 0 90 98 0 0 0 0 0 0 8 25 0 0 42 90 69 0 41
10 40 0 24 0 0 0 0 0 0 0 0 0 75 0 0 0 0 1 0 94 0 0 0 99 3 0 20 0 0 0 0 0 0 0 0 0 0 0 100 0 0 0 0 0 0 0 0 0 0 0 0 0 0 0 51 0 0 0 0 0 0 0 0 56 0 0 0 0 0 0 0 0 0 0 22 0 0 0 24 0 63 0 13 0 0 70 0 9 0 0 0 0 0 0 0 0 0 0 0
83 0 31 31 0 0 0 0 0 0 0 0 0 0 0 0 42 0 75 0 0 0 0 0 0 83 0 98 0 0 0 77 0 0 0 0 17 0 16 0 0 0 0 86 0 0 0 0 49 0 0 0 0 0 69 60 0 0 94 55 82 0 97 0 0 0 0 0 0 0 0 0 0 0 0 0 54 0 0 0 49 0 0 0 0 0 0 0 0 0 0 0 0 0 0 55 0 0 0 0
34 76 76 0 0 0 0 0 11 55 0 0 0 0 0 54 0 0 0 0 0 0 19 0 0 0 0 57 0 0 0 51 0 0 0 6 38 62 0 0 87 0 0 0 0 0 0 81 0 0 0 0 0 2 76 0 0 0 0 0 27 0 0 0 0 88 0 0 0 0 0 19 0 0 96 0 0 0 0 32 0 0 0 0 93 0 0 68 28 0 0 0 0 35 0 0 0 0 0 0
0 0 7 67 0 36 0 0 0 99 0 56 0 0 0 0 0 0 0 0 0 0 0 76 0 0 0 14 0 0 87 0 0 0 0 0 0 0 0 74 0 34 89 0 0 0 0 0 0 0 0 80 0 0 0 72 0 0 0 42 0 96 0 0 60 0 0 0 0 0 0 0 0 0 0 0 0 0 60 0 0 0 0 0 0 0 0 56 0 0 0 0 0 0 0 0 0 0 0 0
92 0 0 0 0 0 96 0 0 0 0 0 0 0 0 56 0 0 0 53 81 0 0 0 0 0 53 55 0 0 47 0 90 0 0 15 3 0 0 0 48 0 38 0 78 0 0 36 0 0 0 10 0 0 6 0 0 0 0 78 96 99 76 0 1 53 0 58 0 0 0 0 22 12 0 0 0 0 37 0 18 0 0 0 0 59 0 0 0 57 0 0 0 33 0 0 0 0 64 70
0 30 0 0 0 0 0 0 0 39 0 0 0 0 0 96 0 33 0 0 0 0 0 0 0 0 0 72 0 0 66 0 0 0 12 0 16 0 0 0 0 0 0 17 0 0 0 22 0 0 0 99 12 0 0 0 0 0 0 0 0 0 0 29 0 0 67 74 0 0 0 51 72 89 97 69 0 87 0 66 0 0 0 11 0 31 21 97 56 0 0 52 0 0 0 0 0 0 0 0
0 7 0 0 68 0 0 0 0 0 0 37 0 0 0 0 0 0 0 0 0 59 24 0 0 0 0 0 0 0 0 64 38 0 0 0 39 0 0 66 0 84 0 0 0 0 0 0 0 38 90 0 71 0 0 0 0 4 0 0 0 66 0 0 0 0 0 11 0 0 8 0 0 0 0 0 0 69 0 0 55 0 80 6 4 85 0 85 96 0 13 0 0 0 0 0 0 56 0 0
98 0 0 38 0 0 0 10 0 0 0 0 94 46 0 0 92 30 0 0 0 0 0 0 0 0 0 15 0 0 0 0 47 0 0 0 8 0 0 0 0 0 0 0 0 0 0 0 0 72 0 0 78 0 0 0 66 79 0 60 95 0 70 0 85 0 0 0 0 0 0 85 0 0 0 0 0 0 0 0 0 91 32 80 0 0 0 0 0 0 0 0 0 0 0 0 0 0 0 0
0 94 0 0 0 0 0 0 0 0 0 0 0 0 0 0 59 0 0 82 0 0 0 40 29 0 0 0 0 0 50 0 0 43 59 0 0 0 0 0 94 67 0 18 0 0 80 0 98 0 0 0 0 74 42 0 0 0 0 0 0 0 85 0 0 27 0 0 0 56 31 0 0 74 0 0 0 0 0 57 28 55 0 0 0 0 0 0 0 64 0 0 60 0 72 0 0 0 0 38
0 0 0 45 0 8 7 9 31 0 95 10 0 0 0 0 0 0 0 48 0 0 0 0 0 0 0 0 0 0 0 0 0 0 0 0 0 0 0 0 0 0 0 0 85 0 0 95 0 0 0 0 0 33 0 0 0 0 0 0 0 0 0 0 95 0 0 64 0 0 0 0 47 0 0 0 0 0 0 0 0 0 0 0 0 0 31 46 0 0 0 15 0 0 11 0 85 0 0 0
0 0 0 0 49 99 0 0 17 57 0 0 0 0 96 0 0 0 0 0 0 0 14 0 0 0 0 0 62 0 0 0 22 43 0 0 0 0 0 28 0 0 24 19 0 0 78 0 0 0 0 0 0 0 2 0 0 0 0 0 0 0 0 0 0 0 51 0 0 0 0 62 0 57 0 0 96 0 0 0 0 0 0 0 88 0 0 0 14 0 0 0 0 49 0 0 0 0 48 28
61 0 0 0 8 0 0 0 0 0 0 0 0 0 89 0 0 0 0 0 0 0 0 0 0 0 0 0 0 0 77 0 0 0 0 0 0 0 8 55 0 2 0 0 65 16 0 0 0 0 0 0 0 0 0 0 0 0 0 0 0 0 0 0 0 0 0 69 0 0 0 0 0 0 0 0 0 70 0 0 0 0 0 0 0 0 62 0 0 0 0 0 53 47 0 0 0 0 0 0
0 0 85 0 25 0 0 33 81 47 98 0 0 28 0 0 0 0 0 0 19 0 0 0 0 0 0 0 0 0 7 0 29 0 0 0 0 0 0 0 0 0 0 44 0 25 0 0 85 0 0 0 0 0 19 0 0 100 0 71 0 0 0 0 0 0 0 0 0 0 0 1 0 0 0 0 0 0 0 0 0 0 0 46 0 0 60 0 0 8 0 0 65 0 0 0 38 0 0 0
21 0 88 0 0 0 0 57 0 0 0 0 0 0 0 0 0 0 0 0 0 40 0 0 0 0 0 0 0 0 0 0 0 61 0 0 0 0 0 30 68 0 18 0 4 48 0 0 0 0 0 0 31 0 44 0 0 24 0 65 0 0 97 0 44 0 0 0 0 79 29 56 0 0 0 0 0 0 28 0 0 0 0 45 0 7 0 0 0 0 6 0 0 68 15 0 0 0 0 0
62 59 0 0 0 0 0 0 0 88 0 0 0 0 0 98 0 0 0 0 0 0 0 0 0 31 0 0 0 0 0 0 0 0 0 0 92 32 0 95 0 0 0 2 0 15 77 0 7 0 59 0 0 0 33 0 89 0 0 0 0 0 0 0 100 0 0 21 0 0 0 0 0 0 0 0 77 0 0 0 0 0 0 0 0 37 0 0 0 0 0 0 0 0 0 0 0 0 0 45
0 0 0 0 1 46 0 17 0 0 0 0 0 66 75 0 0 0 0 51 0 0 0 0 0 12 0 44 47 0 0 92 86 0 0 32 0 0 96 0 0 0 0 0 0 0 0 99 0 0 0 0 0 85 0 0 0 0 0 0 0 0 71 0 39 0 0 0 0 0 0 0 0 0 0 77 35 0 0 60 0 0 0 0 0 0 62 24 45 26 0 0 0 81 0 0 69 0 0 0
0 0 0 0 0 37 0 0 0 0 0 0 0 0 66 0 0 0 0 0 0 0 91 0 0 0 0 0 0 0 0 0 0 0 0 0 0 0 0 0 0 0 0 0 0 0 0 93 0 3 76 0 0 0 0 0 0 0 0 0 0 0 38 0 0 0 0 50 0 1 46 0 0 91 0 0 0 23 0 0 64 0 0 0 0 0 0 0 0 0 0 0 0 59 42 22 0 0 57 0
0 0 0 63 0 63 0 0 0 0 0 0 0 0 0 22 0 0 0 26 0 0 0 0 0 0 0 0 0 0 20 0 65 0 0 0 0 0 61 68 0 0 0 0 0 0 0 0 0 0 45 0 17 0 0 0 79 50 0 0 0 0 0 49 0 78 0 0 65 0 0 0 30 1 0 0 12 0 0 0 0 0 69 0 99 0 88 0 96 0 0 95 0 74 0 0 0 0 0 0
0 0 38 50 0 0 0 0 12 0 0 0 0 0 0 71 0 12 0 52 0 0 0 0 0 0 61 0 0 38 0 0 0 0 0 0 0 0 0 0 0 0 0 0 0 0 0 0 0 0 0 3 0 0 0 82 0 0 0 0 0 4 0 5 0 0 73 0 0 0 0 0 0 0 0 0 53 0 0 0 0 41 42 0 0 0 0 57 0 0 0 0 76 0 0 0 0 0 0 47
0 0 0 11 0 0 0 0 55 0 0 99 0 0 0 0 0 0 100 7 30 0 0 0 83 0 0 65 40 0 0 0 0 0 0 45 0 19 96 0 0 0 0 0 0 0 0 0 0 0 0 0 0 0 4 0 0 0 0 0 0 3 0 0 0 56 0 0 0 3 0 0 10 0 51 0 0 0 0 0 0 24 0 0 0 0 0 23 20 0 0 0 20 71 49 0 0 0 0 0
0 0 0 0 0 0 0 0 0 79 82 32 15 70 0 0 0 0 78 0 96 0 0 0 64 0 90 0 0 0 0 0 82 0 0 87 41 0 0 0 0 0 0 0 82 0 0 0 47 0 0 35 0 0 0 0 93 98 0 91 0 0 0 0 0 35 0 32 0 0 0 0 0 0 0 0 0 20 0 0 0 0 0 0 71 0 11 0 0 0 0 0 0 0 52 0 46 0 0 51
0 0 60 0 72 35 0 0 0 89 25 0 0 0 7 67 0 0 0 0 0 0 0 0 0 0 33 0 0 0 42 0 0 0 0 0 0 0 0 0 0 0 54 0 0 0 0 0 0 25 0 0 0 0 0 0 0 0 6 73 0 0 0 0 0 14 0 87 21 0 0 0 11 99 0 0 0 0 0 71 0 49 0 0 0 33 0 0 0 0 0 0 0 0 0 0 0 0 0 0
0 0 0 0 75 0 0 0 0 25 0 71 0 52 0 0 0 0 0 0 0 77 0 0 0 0 0 99 54 0 0 85 0 0 55 0 0 0 0 0 0 0 0 45 57 0 34 0 0 48 41 60 0 0 0 54 0 99 0 0 27 0 0 57 0 9 0 38 13 72 0 0 0 0 0 40 0 0 84 45 0 83 0 1 0 77 29 0 0 0 0 0 68 0 0 98 23 51 8 0
0 84 0 38 0 0 0 0 75 1 0 0 0 0 0 22 0 0 0 0 0 55 0 0 26 0 0 0 0 0 0 0 0 55 55 0 0 0 0 0 74 0 0 0 0 0 7 32 0 89 0 0 0 0 0 0 36 0 0 0 0 0 0 0 0 64 15 0 0 0 0 0 0 0 96 29 0 0 0 0 0 0 0 0 9 0 42 0 0 0 10 0 0 0 33 39 18 0 0 0
90 0 3 0 0 82 0 0 0 0 0 0 0 0 62 0 0 31 99 0 0 0 0 0 0 0 0 0 0 0 0 0 0 0 0 77 0 0 0 0 0 0 0 0 0 0 0 92 0 49 0 0 0 0 0 0 0 43 0 0 23 0 0 0 13 0 98 0 0 0 0 0 0 0 0 0 0 88 62 0 0 87 0 70 0 0 0 0 0 0 62 70 0 0 0 99 0 65 0 0
0 75 26 0 0 0 0 0 41 0 0 0 0 60 0 1 0 0 0 17 0 0 11 0 0 0 0 0 0 0 62 0 57 0 0 0 0 0 0 0 18 0 0 84 0 97 0 0 0 26 26 0 0 27 27 0 0 0 98 0 59 0 0 0 2 0 0 80 0 55 0 0 93 21 0 0 0 0 0 0 100 0 0 0 61 0 0 0 0 72 0 23 0 0 0 0 72 1 71 0
0 0 0 0 0 0 0 0 0 67 0 0 0 0 0 24 19 0 91 0 0 0 0 0 0 0 0 0 85 0 0 90 0 32 0 0 0 50 0 59 0 0 36 0 0 0 0 0 0 0 0 0 0 0 0 95 0 0 0 0 0 0 0 0 0 10 0 0 8 0 96 90 0 21 0 0 0 0 0 0 31 32 0 0 0 0 0 0 0 0 23 0 0 33 0 0 97 0 92 97
0 81 0 86 0 0 59 0 0 0 75 0 0 0 0 0 0 0 0 0 0 0 53 19 0 67 0 0 41 0 0 21 0 0 12 0 0 55 0 0 43 0 0 69 0 0 0 88 0 1 0 0 0 0 0 31 0 0 0 92 0 0 0 0 0 0 26 1 0 0 0 0 0 40 0 0 0 66 98 0 45 0 0 0 0 0 40 27 0 0 0 0 0 0 0 0 0 0 0 0
0 5 0 0 0 0 62 38 0 0 0 68 0 0 0 0 0 0 26 0 0 0 0 0 0 0 54 0 0 0 35 0 69 0 0 0 0 0 0 36 0 0 0 0 0 92 0 88 44 0 0 46 0 99 0 0 0 39 85 23 33 0 0 0 0 0 0 0 33 0 0 0 0 0 0 0 0 0 0 46 0 0 0 0 0 11 0 93 0 0 0 0 0 100 0 0 65 0 0 0
0 19 89 0 0 0 90 0 74 0 0 0 0 0 0 0 24 0 51 0 0 0 26 0 0 0 0 0 0 0 0 78 42 0 10 0 0 0 0 5 0 0 0 0 62 74 0 38 0 0 30 0 0 83 0 0 15 0 0 0 80 0 0 0 0 0 49 0 44 0 61 71 85 0 0 0 0 0 0 0 0 0 0 0 97 0 0 0 0 0 5 0 0 0 0 0 48 0 0 0
0 0 0 46 67 42 0 50 0 0 0 0 0 21 0 72 0 63 0 0 0 0 13 0 0 0 0 43 0 0 0 0 0 41 0 0 0 22 0 0 0 0 0 15 0 0 0 0 0 0 0 0 0 0 72 32 0 0 0 12 9 0 0 93 70 0 74 80 75 0 4 0 0 0 0 12 0 0 0 37 0 0 0 100 0 21 0 0 0 77 0 0 0 0 31 0 0 0 0 0
0 0 0 0 0 0 43 40 0 0 0 86 0 0 0 0 0 69 0 0 0 0 26 58 41 0 44 0 30 18 0 0 0 0 0 0 89 24 0 0 13 0 0 0 0 0 0 99 0 81 0 41 0 0 0 0 0 0 0 0 0 52 0 0 0 0 82 0 0 0 0 10 0 0 0 63 0 0 19 0 0 0 0 0 0 84 0 0 0 69 56 32 0 0 0 90 0 63 3 15
37 54 23 0 0 0 5 0 16 0 0 0 0 0 0 54 79 62 0 0 0 0 0 0 0 0 0 0 0 0 0 0 0 0 51 34 0 44 0 0 20 0 51 0 0 0 0 0 0 0 0 0 0 0 0 0 0 0 0 0 0 0 0 0 0 0 0 2 10 0 76 0 75 0 0 0 0 0 0 0 0 0 0 0 40 0 0 0 31 0 0 0 48 0 0 0 9 0 0 53
89 0 0 0 0 19 0 0 76 0 98 0 66 0 0 3 72 0 0 52 0 0 12 0 0 49 31 0 89 0 0 21 0 0 0 0 25 72 0 0 0 0 0 19 87 0 66 0 0 89 0 0 0 15 28 0 0 0 0 0 0 0 0 0 0 0 64 0 0 0 0 0 0 0 4 0 0 0 91 0 0 0 31 0 0 0 0 75 60 0 0 99 0 0 3 0 87 0 0 0
14 0 0 0 48 0 0 0 23 0 0 0 0 0 0 0 10 79 0 0 0 0 32 0 0 0 88 36 0 0 87 0 49 0 0 0 0 43 0 0 0 0 0 36 0 80 0 0 0 0 0 0 35 0 0 0 0 0 0 0 0 0 36 0 0 0 0 0 0 0 43 0 0 65 71 0 0 0 0 0 64 0 0 47 0 0 0 0 0 0 0 96 67 0 66 0 0 24 80 0
0 0 0 0 15 0 0 27 0 84 61 28 7 0 0 0 0 0 37 0 0 0 61 0 0 0 54 2 67 9 0 21 0 29 0 0 0 0 84 0 0 0 0 0 0 0 98 0 0 0 0 0 9 0 0 83 0 0 0 0 0 0 0 73 0 0 0 32 0 0 76 0 0 0 0 0 54 55 25 0 0 16 0 0 0 0 44 0 0 35 89 100 0 0 58 0 67 0 20 93
0 0 0 0 0 0 0 0 0 0 0 51 0 100 62 79 0 0 0 0 0 46 0 0 38 52 0 0 0 0 76 11 48 0 0 0 0 95 3 0 30 0 0 76 0 0 66 0 0 0 0 56 0 0 0 0 52 0 0 0 0 0 2 0 0 0 97 0 0 0 83 0 0 0 0 0 0 0 0 0 0 0 68 58 0 0 0 0 0 0 0 0 98 61 0 0 0 0 61 0
0 0 0 0 0 79 37 0 0 0 80 0 0 0 0 0 0 0 0 0 60 0 0 0 0 87 0 0 0 0 0 0 18 25 0 0 0 0 81 0 0 0 56 0 0 77 0 0 0 0 75 0 0 0 0 0 0 0 0 0 0 0 6 0 0 0 0 35 0 0 0 0 92 0 0 15 0 55 0 0 0 0 0 100 55 16 0 13 0 0 0 0 0 0 0 29 0 0 0 0
0 49 0 0 17 65 30 14 33 56 0 87 58 0 0 0 69 0 0 0 2 0 0 0 68 0 0 0 0 0 0 0 0 0 0 0 48 0 0 0 95 0 0 0 0 0 0 83 0 66 0 0 0 0 0 14 0 0 0 0 0 39 48 0 0 36 19 0 0 0 0 0 0 0 36 0 0 5 0 0 0 0 0 33 0 0 0 0 0 0 0 0 0 0 77 0 0 0 0 2
0 0 0 0 0 0 0 0 66 0 0 0 0 0 23 0 0 0 0 0 0 0 0 0 54 0 0 0 69 26 0 86 0 0 0 0 0 33 0 0 0 0 0 0 0 0 0 0 6 93 0 0 0 0 0 0 0 15 0 61 0 0 0 9 0 0 0 0 0 0 0 53 0 0 0 83 0 0 0 0 0 0 0 0 59 0 0 0 31 0 0 37 19 0 0 0 37 39 0 5
0 0 0 0 0 0 0 0 94 0 0 0 0 0 0 0 0 56 0 0 0 0 0 0 0 0 2 0 0 0 0 0 4 0 0 0 0 0 0 57 47 0 0 0 33 0 0 48 96 0 0 0 65 0 0 0 0 0 0 0 0 0 0 0 98 0 48 0 0 0 0 11 0 19 80 0 65 0 0 0 0 0 0 0 0 0 0 0 19 44 66 0 0 99 56 0 46 0 0 79
0 0 0 0 0 14 0 11 72 0 0 0 0 7 69 1 0 0 0 0 0 0 0 82 0 0 0 0 0 99 76 0 0 0 15 74 0 0 0 0 0 0 35 0 0 0 0 0 0 61 0 0 0 0 0 0 0 0 0 0 0 0 0 0 0 62 0 0 0 0 54 0 0 0 0 31 0 0 0 0 0 0 0 49 0 0 50 0 0 0 15 0 0 0 0 36 58 2 0 34
0 0 0 0 0 0 0 0 0 0 0 0 0 0 0 3 0 43 15 0 0 8 0 0 0 0 0 0 79 0 39 0 0 0 0 0 0 0 19 0 0 81 0 0 66 0 0 0 0 0 0 0 0 0 0 28 0 0 17 0 0 0 0 0 0 0 35 17 0 0 0 0 25 0 0 59 0 84 28 50 45 0 0 0 0 0 0 0 0 0 0 0 0 0 0 0 0 0 42 0
0 53 0 0 0 68 0 9 0 0 0 52 0 69 0 0 51 0 25 0 0 0 0 0 0 0 94 73 78 0 60 0 0 0 0 0 63 0 17 0 65 84 0 99 71 84 0 0 0 0 0 0 0 0 98 0 0 0 0 0 57 0 0 54 0 0 0 0 0 51 0 0 0 0 0 0 62 0 0 82 0 85 38 0 63 0 0 80 0 0 0 0 15 0 0 0 39 0 0 61
0 0 0 0 76 0 0 14 0 0 61 85 0 0 0 40 0 66 2 1 0 0 0 0 0 0 0 0 0 53 70 0 0 0 76 0 0 77 0 0 0 0 70 0 0 0 0 0 0 0 0 94 0 80 4 0 0 0 0 0 0 0 19 0 0 94 0 0 0 0 21 0 0 0 80 42 81 0 0 56 0 0 0 0 0 50 18 0 0 0 0 70 0 72 87 0 65 0 0 0
0 0 0 0 0 0 0 62 0 100 19 0 0 12 0 0 16 0 0 0 0 0 0 0 0 0 0 0 0 6 39 0 0 0 0 0 58 0 64 0 17 93 0 0 79 0 0 63 23 0 0 0 0 0 0 0 0 0 0 0 0 0 100 65 0 0 0 30 0 0 84 0 0 94 0 0 0 47 0 83 0 31 0 0 0 0 0 40 0 0 96 70 0 86 0 77 0 0 0 0
0 0 40 0 0 0 0 0 0 34 0 0 0 0 95 0 0 0 0 0 0 0 0 0 0 13 0 0 95 0 4 0 0 0 31 36 30 4 0 0 0 0 0 0 48 97 0 0 0 17 0 0 0 0 0 0 0 0 16 0 0 0 62 2 88 20 3 0 0 10 49 0 79 0 0 0 76 22 56 0 0 0 0 15 16 44 4 40 0 4 0 0 36 0 0 0 0 0 19 0
71 0 0 0 0 90 19 72 40 0 0 0 0 0 0 0 0 0 0 0 96 39 0 38 0 28 0 0 0 100 0 13 0 0 0 4 26 0 0 0 0 40 0 0 0 0 55 0 0 100 0 0 0 0 0 0 0 86 0 0 0 0 0 0 57 0 83 88 0 0 0 0 75 95 0 0 34 0 0 0 13 51 22 0 0 0 76 0 0 40 0 13 0 0 0 0 0 0 87 38
0 0 84 0 0 0 0 0 0 0 0 11 0 0 0 0 0 0 0 0 0 94 0 0 0 0 0 0 0 0 0 0 0 32 0 59 0 64 0 0 0 0 0 46 10 81 96 0 0 0 0 0 96 0 0 0 0 0 0 0 58 0 0 0 0 0 49 0 0 3 0 0 0 78 0 0 0 0 0 22 0 72 0 37 0 0 0 0 0 74 0 0 0 0 0 0 0 0 55 0
0 0 0 98 18 0 0 0 89 0 0 6 0 0 0 72 0 0 0 0 0 0 0 0 0 0 0 0 0 0 0 0 6 81 0 0 0 50 0 0 0 0 0 0 0 0 0 58 0 64 96 48 92 0 0 0 0 0 0 0 0 77 40 0 76 0 0 0 0 46 0 3 0 0 0 0 0 0 35 0 0 0 0 0 0 26 7 22 82 92 0 0 0 0 0 0 0 0 0 0
0 68 60 0 0 0 88 0 0 98 20 6 0 0 0 48 0 0 73 0 0 25 0 0 0 0 3 72 0 74 56 0 0 0 0 0 0 0 0 0 37 0 10 0 0 0 24 0 54 0 0 35 0 0 0 0 0 84 0 98 0 0 0 8 0 0 47 0 0 0 0 0 0 0 48 0 91 0 0 0 0 41 0 0 97 0 0 0 0 46 0 0 71 0 0 0 0 0 0 0
0 5 0 0 0 0 0 0 0 0 0 0 0 0 0 0 0 0 0 0 0 0 0 0 0 19 0 0 0 0 0 0 0 0 0 85 58 0 0 0 55 0 68 45 0 70 59 0 0 0 0 0 84 0 0 0 0 0 0 66 0 0 0 0 0 0 0 0 62 0 0 0 18 36 81 0 0 0 96 0 0 65 0 0 0 0 0 0 0 0 0 32 0 0 0 0 47 9 0 51
0 11 0 0 70 0 7 0 65 0 0 0 0 0 0 0 20 0 0 0 0 0 37 0 0 35 0 24 0 0 0 0 31 0 0 0 0 0 0 0 35 87 0 0 36 0 0 0 6 0 20 0 0 0 79 0 0 0 0 0 0 0 46 0 0 11 0 0 0 0 0 72 0 0 0 0 0 0 0 87 0 44 0 0 67 31 27 0 44 0 0 0 0 0 0 0 0 0 0 0
0 75 0 0 91 0 0 0 46 75 0 0 0 0 81 54 0 0 39 0 0 0 0 0 0 0 0 18 0 25 0 0 0 0 0 0 0 0 0 34 15 0 0 0 4 0 38 0 76 0 11 0 0 2 0 0 0 0 0 0 0 0 0 83 0 0 0 0 79 0 0 0 0 0 0 0 19 19 0 0 0 0 0 0 0 0 0 0 0 0 0 93 0 0 0 0 0 0 0 0
0 0 0 0 0 0 17 69 0 0 98 0 0 0 0 0 19 19 0 49 0 0 0 0 0 0 0 0 0 0 0 0 0 48 0 0 0 0 0 0 46 0 0 0 0 0 0 0 0 4 98 0 0 0 0 0 0 31 0 0 20 0 0 0 29 0 0 0 0 18 36 4 0 0 95 0 0 0 0 0 0 0 0 0 83 0 0 48 0 0 0 31 0 0 0 0 0 0 21 0
0 0 0 0 39 71 0 0 0 0 0 0 90 0 0 0 0 0 0 0 0 0 36 26 99 0 0 0 17 0 0 32 94 48 0 0 0 0 0 0 0 0 0 0 0 0 0 0 40 0 0 0 0 59 0 0 0 0 0 0 0 0 0 0 0 0 0 86 58 0 79 0 0 0 58 57 0 0 66 0 0 0 0 21 66 13 0 0 62 0 92 0 0 17 0 0 22 57 37 0
0 0 0 0 0 0 0 0 64 0 0 0 20 0 0 58 0 0 0 0 0 0 69 0 0 0 89 0 99 0 0 66 0 43 0 0 0 26 68 0 77 0 0 0 0 0 0 0 0 0 0 0 0 0 32 0 80 0 0 0 35 0 0 53 25 0 0 0 0 0 0 0 44 0 0 0 0 0 0 0 0 0 0 0 0 0 0 3 0 0 6 0 0 41 0 0 0 0 0 0
0 0 0 0 0 40 0 0 0 0 0 0 0 0 0 0 0 36 0 0 0 77 0 0 6 0 0 0 0 0 0 0 0 0 0 0 0 78 36 0 0 0 0 0 0 0 0 58 0 0 0 0 0 0 0 0 0 0 0 0 0 0 0 0 0 0 5 0 0 95 36 0 98 0 32 0 0 0 0 90 59 0 0 61 51 25 0 6 0 0 0 0 0 9 0 6 0 0 82 97
0 0 0 0 22 0 0 69 51 0 0 0 0 0 52 0 16 0 85 0 1 57 69 0 0 0 0 0 0 0 0 15 0 0 0 0 0 0 49 0 0 0 96 0 0 12 0 0 0 95 0 0 0 0 42 10 0 0 0 0 23 0 0 0 0 0 92 10 0 0 0 0 0 0 0 0 0 0 72 0 0 0 0 0 84 86 0 0 0 0 0 9 4 0 23 0 99 100 0 0
0 0 51 0 0 24 76 7 0 0 18 0 0 96 0 0 12 0 0 0 61 0 0 98 0 0 0 0 0 0 0 93 0 48 53 49 0 0 0 0 0 0 35 0 0 0 0 59 0 0 0 0 0 0 94 7 0 0 0 0 0 0 30 0 0 0 76 0 0 0 0 22 0 0 0 0 0 0 0 0 0 0 0 0 0 55 0 0 0 92 39 12 0 0 0 0 0 0 0 0
0 0 0 0 0 59 13 44 0 35 0 0 0 0 0 0 0 0 0 33 0 0 0 85 0 29 95 0 0 0 0 0 0 94 0 0 11 0 21 0 0 57 0 0 0 0 0 0 0 0 0 0 29 0 0 80 0 0 0 21 0 0 0 0 26 50 0 0 69 0 0 44 0 0 0 0 36 0 0 0 0 0 0 0 0 0 0 83 0 0 0 0 4 0 2 31 0 50 0 0
51 0 0 0 69 0 0 0 0 0 0 0 0 0 39 0 52 0 0 0 0 0 66 26 0 65 0 98 0 0 0 0 67 0 0 0 0 0 0 0 0 0 0 0 0 0 45 0 0 0 0 0 38 0 0 33 0 95 0 65 0 0 0 0 0 0 23 0 0 0 0 61 0 0 23 0 0 0 0 0 0 0 0 52 0 0 0 47 0 0 0 8 0 99 0 90 0 0 0 0
0 3 0 0 0 0 0 97 0 0 0 0 0 40 0 0 0 59 0 0 0 0 0 14 0 0 87 0 0 0 0 55 0 0 0 0 0 0 0 0 0 0 0 0 0 0 21 95 0 22 0 7 0 0 62 0 91 57 37 25 0 0 0 0 0 18 0 72 0 0 78 16 0 0 42 15 0 0 80 0 0 27 0 0 0 0 0 0 0 26 0 0 0 0 0 49 59 0 0 0
0 0 0 0 87 0 0 0 0 0 90 0 0 0 0 0 89 0 0 0 0 0 0 0 0 0 33 0 75 0 0 1 0 74 0 96 0 0 0 0 0 0 0 0 0 41 0 0 0 8 0 0 68 0 0 0 0 0 0 65 0 0 0 0 0 76 0 0 0 0 84 28 58 0 0 0 2 0 1 0 37 29 0 0 0 47 47 0 0 0 0 0 0 0 40 0 23 0 0 0
63 48 0 0 0 0 0 0 0 0 10 0 0 69 64 0 0 0 0 7 69 0 53 0 0 0 0 0 0 0 75 36 0 0 0 0 0 0 0 0 59 46 0 0 0 0 85 0 0 0 0 0 0 34 75 0 0 0 0 0 0 0 0 0 0 94 0 0 0 0 0 0 0 0 0 8 0 0 0 0 34 0 0 0 0 0 0 0 69 0 0 0 0 9 0 0 0 0 32 0
64 0 55 0 0 0 0 0 4 0 0 0 0 0 0 99 67 0 0 0 0 0 80 0 0 0 0 0 0 0 0 0 96 0 86 0 0 0 0 63 0 0 20 0 0 0 0 0 0 64 0 0 0 0 0 0 0 0 0 33 0 0 44 0 31 38 2 0 0 0 0 0 84 48 0 0 95 0 0 0 29 79 0 9 52 0 44 0 0 0 0 85 0 65 0 25 0 0 0 100
0 0 91 0 0 0 91 0 87 0 0 47 0 0 0 35 22 0 0 0 0 0 0 0 0 0 0 0 0 0 0 0 0 0 0 0 0 0 82 0 0 0 0 0 0 0 0 100 0 0 0 0 0 0 0 0 0 0 84 0 0 0 0 0 96 0 0 0 0 0 0 0 83 0 33 0 0 68 0 0 0 0 0 0 0 0 0 0 87 13 29 0 0 60 19 0 0 51 0 0
0 0 0 0 0 30 0 67 65 0 0 0 39 0 55 0 23 0 56 91 43 83 0 0 0 0 78 0 23 0 0 88 74 59 69 0 6 0 0 69 0 0 24 0 0 0 0 0 0 19 54 0 0 0 0 30 0 0 0 0 70 69 0 69 0 56 0 0 0 0 22 0 0 51 0 0 72 82 0 0 0 0 43 0 0 55 0 0 0 0 0 0 0 0 28 0 0 94 3 0
0 69 0 0 0 0 0 0 0 0 0 0 0 0 0 0 0 79 0 0 0 0 19 0 0 0 0 9 0 0 0 0 27 0 0 69 0 0 0 0 68 0 0 80 0 0 14 0 0 0 0 0 0 63 51 0 0 50 0 0 0 0 0 0 0 0 0 91 7 0 0 57 0 0 0 0 0 0 0 0 60 0 0 0 0 0 0 0 53 0 40 0 0 0 0 0 0 0 0 91
0 0 0 75 0 19 0 0 0 0 0 0 0 0 0 0 0 0 0 0 48 0 64 0 0 0 0 0 0 0 0 95 0 0 0 65 36 0 0 90 0 13 0 0 20 0 0 0 0 0 62 0 0 0 96 0 0 0 47 0 0 0 0 47 59 0 41 11 0 0 65 0 28 0 0 0 0 0 0 0 0 0 0 0 0 0 0 0 0 0 0 0 67 0 37 0 0 0 0 0
0 68 0 0 43 36 0 51 0 0 0 0 0 0 0 0 0 42 0 0 0 0 60 0 0 0 0 32 82 54 0 0 0 0 0 0 0 0 0 48 0 37 0 0 68 0 0 0 13 0 0 0 62 0 0 0 0 0 3 0 96 0 0 0 0 0 0 0 0 0 0 0 0 0 0 0 0 0 0 0 0 35 0 16 0 0 0 0 89 0 0 18 0 0 0 0 0 0 51 0
39 8 6 0 5 0 0 58 0 0 0 0 0 0 0 0 0 0 61 0 0 0 45 75 0 0 12 0 0 0 0 36 92 11 88 0 0 0 0 0 0 51 7 0 0 0 0 44 0 0 0 18 0 0 0 0 4 49 0 0 0 0 36 0 80 13 0 0 0 22 0 13 0 0 58 0 73 0 0 0 0 0 0 0 0 0 93 9 0 34 0 0 0 35 0 0 12 0 4 0
27 8 0 95 0 0 8 0 0 0 0 0 0 47 69 45 0 0 0 0 0 0 0 0 0 0 0 0 0 7 0 0 0 0 70 0 0 0 62 0 0 0 0 0 0 0 0 13 20 0 0 0 54 0 0 0 0 0 79 0 0 0 0 0 20 0 0 0 5 19 0 48 0 0 0 73 0 0 0 0 0 0 0 0 0 0 0 74 0 0 0 12 0 23 57 10 0 0 0 9
0 0 0 0 0 0 0 0 0 0 0 76 0 0 0 12 0 62 39 0 0 10 0 0 0 25 0 8 0 58 0 0 0 0 42 0 0 0 0 0 0 0 39 0 0 0 0 0 0 90 0 0 0 0 0 0 14 0 0 0 81 40 36 95 0 0 91 0 1 0 0 61 0 0 0 0 0 0 0 0 38 31 0 0 0 0 70 0 0 0 0 73 59 0 42 0 0 0 0 0
0 90 0 0 0 0 20 0 0 0 0 0 31 0 0 0 71 0 0 0 0 69 0 65 0 0 0 3 87 84 0 0 0 0 0 31 0 0 0 0 53 0 0 0 64 0 9 0 33 0 0 0 35 0 0 0 0 0 0 14 0 0 24 0 0 0 59 0 4 92 0 0 83 0 0 0 0 0 32 0 43 0 0 85 0 79 0 53 0 0 0 0 100 88 14 5 0 0 0 0
0 0 0 49 0 0 0 0 0 0 0 0 18 21 0 0 0 0 0 47 0 0 0 33 77 0 0 100 78 15 0 100 0 0 0 0 0 0 0 0 0 0 85 0 46 0 0 0 53 65 45 0 0 26 0 0 0 0 0 0 0 24 37 95 0 0 85 0 0 0 17 44 0 12 25 0 0 59 0 0 0 0 0 0 0 0 0 0 62 0 0 0 0 0 0 0 6 0 49 0
0 0 0 0 0 0 0 0 60 24 0 0 42 0 0 79 0 0 0 0 8 33 63 0 0 0 1 0 0 0 0 0 0 0 0 0 0 0 60 0 0 3 0 0 0 0 0 0 76 0 0 0 0 0 69 0 0 32 42 0 0 0 0 50 0 0 0 49 2 0 0 61 0 50 0 0 79 0 0 0 0 40 0 0 98 52 33 0 0 0 0 0 0 54 0 0 0 11 0 0
0 0 0 0 0 0 0 0 0 0 0 16 0 0 0 63 0 0 0 0 0 0 0 0 0 0 0 0 58 0 26 0 0 73 0 0 49 8 0 0 53 0 61 0 65 0 0 0 0 3 0 9 0 0 0 0 0 0 0 0 88 86 0 0 0 0 0 0 98 0 0 0 23 0 0 0 0 0 0 0 0 0 0 0 0 41 0 56 0 0 28 0 0 0 0 0 0 10 0 0
0 0 0 0 0 0 0 0 77 20 0 0 0 0 0 0 84 43 0 0 0 57 0 0 0 0 86 0 0 85 98 83 37 0 0 1 0 0 0 19 22 0 0 25 21 26 83 0 0 0 0 0 0 67 44 0 0 80 0 0 35 0 0 0 0 0 0 0 68 0 0 0 0 0 0 96 0 0 24 0 0 0 0 0 0 0 0 38 43 0 0 0 0 20 13 0 0 90 0 0
0 78 0 0 0 0 0 30 69 0 0 11 0 0 0 0 9 0 8 0 0 0 0 0 0 0 1 0 0 0 0 0 0 0 0 0 0 0 0 0 0 0 61 0 24 51 81 0 81 0 0 96 76 0 0 0 0 0 0 0 0 0 0 0 5 0 0 0 79 0 0 4 0 0 14 9 0 0 0 96 0 57 0 10 0 0 0 93 0 0 0 70 0 0 0 0 0 0 0 0
8 25 0 0 0 0 0 7 0 0 0 82 0 0 0 0 0 24 0 0 7 0 58 75 0 0 0 0 0 0 0 0 0 0 0 0 0 0 0 0 49 0 0 0 0 0 74 0 0 0 79 0 55 0 0 0 0 0 0 0 0 0 0 0 0 0 50 73 92 0 9 0 23 0 29 0 0 0 84 0 52 41 0 0 0 11 0 66 0 0 0 0 0 41 0 0 0 0 7 0
0 65 0 36 0 0 4 0 0 11 0 31 0 0 92 0 0 0 0 0 0 13 0 0 0 0 15 78 66 56 62 0 0 0 87 0 0 0 0 0 0 0 0 0 0 0 0 0 71 0 0 0 85 52 14 51 32 20 0 60 0 0 0 36 72 56 0 0 0 0 0 81 0 24 0 0 24 59 51 0 0 65 0 0 0 0 0 0 0 0 98 0 0 0 0 0 0 0 0 16
0 0 57 0 0 5 34 0 0 5 0 0 0 45 0 63 12 0 45 0 0 63 0 48 50 0 0 21 0 0 28 0 0 0 0 0 0 0 0 0 0 0 14 0 71 0 84 0 19 87 0 50 0 0 52 0 0 46 17 0 0 0 0 0 0 0 50 46 41 0 0 0 0 0 53 11 0 0 7 91 0 0 0 0 0 0 0 0 0 0 0 0 0 0 39 0 0 36 0 0
0 0 0 0 0 0 0 0 0 0 0 0 0 58 0 2 0 0 0 0 70 0 0 0 96 74 0 0 0 49 0 0 0 0 0 0 0 71 0 0 83 0 33 0 73 0 0 0 0 0 5 0 0 23 0 0 58 0 0 0 14 58 0 0 32 0 0 86 0 0 65 0 79 0 0 1 0 0 0 75 0 0 7 0 0 0 19 0 0 0 0 16 0 0 0 0 21 0 0 0
0 0 0 0 0 0 72 0 89 95 91 0 1 0 0 0 0 0 61 0 0 0 80 0 46 60 0 0 0 63 0 0 0 0 78 42 0 0 58 67 0 0 48 0 0 0 0 0 0 22 0 66 0 0 0 0 0 0 30 87 100 0 0 83 0 0 0 0 0 0 0 0 0 0 86 0 72 0 0 0 0 0 0 9 0 86 0 0 0 34 0 0 10 59 65 0 0 0 0 58
0 75 0 0 0 0 0 0 0 0 0 0 40 0 12 0 25 0 0 0 0 31 0 0 13 0 51 0 95 0 0 0 0 0 64 0 59 0 0 0 0 0 0 66 0 0 0 0 0 0 48 0 0 0 0 0 0 0 0 17 0 0 0 6 0 0 0 47 0 0 0 0 0 1 56 0 0 0 0 0 0 0 0 30 93 0 0 0 0 0 0 0 0 0 0 0 0 0 0 0