100
0 0 0 0 0 0 34 0 0 0 24 0 0 0 0 0 0 0 0 0 0 0 0 0 0 0 0 0 0 0 0 0 59 2 0 0 0 0 0 0 16 0 45 0 0 0 0 0 0 0 57 0 0 0 0 0 0 0 0 0 78 0 32 0 0 0 0 42 0 78 0 0 0 0 0 0 0 0 0 38 0 88 0 0 0 15 64 0 0 0 0 0 43 0 0 11 0 0 0 59
0 0 0 3 0 50 1 0 0 11 53 44 0 0 0 0 0 5 0 0 44 35 0 85 0 94 12 87 0 0 0 51 37 0 64 73 25 92 11 0 0 0 0 20 1 0 0 71 61 78 0 0 0 0 11 0 0 97 16 0 95 24 73 0 0 0 15 37 0 33 0 89 0 0 0 0 70 0 0 0 8 0 0 0 0 64 43 0 0 0 0 0 64 37 0 0 36 0 0 7
0 0 0 0 0 0 0 0 0 21 0 0 0 0 0 100 0 0 0 66 43 0 0 0 0 74 0 0 0 0 0 0 0 0 7 55 0 0 8 0 0 0 0 0 66 0 0 0 0 16 0 0 0 0 0 46 0 0 0 0 70 7 45 0 0 46 0 93 0 0 0 0 0 85 75 0 0 0 0 0 0 7 0 0 0 0 7 0 0 45 0 0 0 0 0 65 0 0 0 0
97 0 0 0 0 64 0 0 0 0 0 0 0 0 0 54 65 0 0 0 0 0 0 93 0 49 58 20 0 0 0 0 0 0 63 0 0 0 0 0 0 0 38 0 0 28 0 0 0 0 17 0 2 35 0 0 0 0 0 57 0 0 0 0 0 0 0 0 0 7 0 0 0 0 0 0 0 98 24 67 0 0 0 0 0 0 0 43 76 0 0 56 0 0 77 78 0 0 0 29
0 42 42 0 0 0 0 27 0 0 0 0 28 0 0 0 0 0 0 63 0 0 0 0 0 79 0 0 0 0 0 0 0 0 0 0 0 0 6 0 0 0 0 0 0 0 0 0 0 0 69 0 0 0 0 49 0 56 75 0 0 0 0 0 0 0 0 43 0 87 52 0 0 63 0 0 0 0 0 0 0 0 0 0 0 0 0 0 0 0 17 61 0 0 0 0 0 55 54 0
0 0 0 0 0 0 26 0 0 66 0 90 0 86 78 0 0 0 0 0 0 0 0 0 0 0 0 0 44 8 0 41 0 0 0 48 82 0 50 95 97 0 0 0 0 0 0 0 0 0 0 0 0 0 0 0 0 0 85 0 0 0 0 0 0 0 0 42 0 82 36 0 0 0 89 0 77 0 0 0 60 0 0 0 0 16 0 60 0 40 0 0 0 49 87 0 0 82 0 0
45 0 0 89 0 0 0 0 0 32 0 0 0 0 77 0 0 0 0 0 0 0 0 0 0 0 0 0 0 0 0 23 0 0 0 0 66 26 0 0 62 0 29 0 22 0 0 0 0 0 38 0 0 8 0 62 0 97 0 0 0 0 43 58 31 7 0 0 0 33 0 0 0 0 0 0 0 0 0 13 75 0 85 24 0 0 0 0 0 0 0 0 57 9 0 0 0 0 71 0
30 0 0 1 55 0 92 0 0 25 0 9 0 0 0 0 0 0 0 0 0 29 0 0 0 0 0 0 0 0 0 0 56 44 0 0 0 0 0 0 0 0 0 0 0 0 0 0 25 0 1 37 0 2 0 0 0 0 99 5 41 0 0 0 0 6 40 0 0 0 0 0 67 69 0 19 0 0 0 0 9 0 77 0 0 96 0 0 0 0 0 0 0 0 0 0 0 70 0 0
0 0 0 0 0 0 0 16 0 0 51 32 0 0 0 0 0 0 0 0 0 0 0 0 0 0 0 0 28 0 0 0 0 0 71 0 7 91 22 0 0 0 70 0 0 0 0 0 0 0 70 9 0 0 27 0 0 35 0 0 0 33 0 0 0 94 62 0 0 0 0 0 0 0 98 64 0 0 21 63 0 0 0 29 68 0 0 0 0 0 0 0 0 0 0 0 0 0 54 0
0 0 0 0 0 0 28 0 0 0 0 0 0 43 0 0 0 0 0 0 0 0 0 0 0 0 0 49 0 0 0 0 0 0 0 0 0 0 0 0 0 0 0 9 0 0 0 0 0 0 0 0 64 91 0 0 0 0 0 0 0 70 0 0 0 26 51 0 6 0 0 0 0 0 0 90 29 80 0 0 0 0 0 0 0 0 0 0 0 0 0 0 3 88 0 0 94 0 0 0
10 0 76 0 0 0 52 0 77 0 0 0 0 0 0 0 0 0 0 0 0 0 0 0 26 0 0 62 0 0 0 0 20 0 92 0 0 70 25 0 86 0 0 0 0 0 0 0 0 52 0 0 0 0 11 0 78 0 0 78 63 26 0 0 0 0 0 60 0 0 0 0 56 0 73 0 0 0 0 57 0 64 43 38 0 0 0 0 6 79 0 0 57 0 0 0 37 0 0 0
60 0 0 0 0 0 0 0 20 4 28 0 0 0 0 0 0 0 0 0 0 0 58 0 17 0 0 0 0 0 59 23 0 0 0 0 0 0 11 0 0 0 1 0 0 0 1 0 0 90 0 0 0 10 0 0 62 0 60 0 0 0 0 0 0 0 0 0 0 0 0 0 39 0 78 31 61 0 0 0 0 0 0 0 0 0 0 0 0 0 63 58 0 0 68 0 0 57 0 23
0 0 0 0 0 0 0 0 0 0 0 0 0 26 19 70 0 0 0 13 0 87 0 0 0 0 0 0 0 0 0 0 0 0 0 47 24 0 0 0 0 0 0 0 0 0 0 0 0 0 0 0 0 0 0 0 0 19 0 0 0 0 0 40 0 0 0 0 0 5 0 0 0 0 0 0 0 0 0 66 75 0 0 65 0 0 0 0 0 69 0 0 0 0 0 0 0 91 0 0
0 0 67 0 0 42 5 57 0 99 3 0 0 0 0 0 0 0 0 6 0 0 0 0 0 75 0 0 32 0 0 0 0 0 0 0 86 72 0 0 0 1 0 10 0 0 0 0 0 0 0 0 0 6 0 0 85 11 0 0 0 0 82 0 73 56 0 0 54 97 67 4 0 2 0 0 0 0 66 0 0 0 0 0 0 0 1 0 0 0 0 18 0 20 0 0 0 0 0 0
0 93 0 0 0 27 0 0 59 0 0 0 0 0 0 0 0 73 0 0 0 0 0 0 0 0 0 0 16 0 0 0 57 0 0 0 0 0 0 0 0 0 10 0 0 1 0 0 0 0 0 0 99 0 0 0 0 0 0 57 84 0 0 0 0 0 0 78 0 0 86 0 9 0 0 11 0 0 74 0 0 0 0 0 0 0 0 0 0 0 0 0 0 0 0 0 0 76 0 0
71 0 0 0 0 0 0 0 100 88 65 89 79 0 0 0 0 0 0 0 0 0 0 0 44 0 0 0 0 0 14 0 14 0 0 0 29 79 0 0 88 0 0 0 0 0 0 45 0 0 0 0 0 0 0 98 0 0 0 78 28 0 0 86 0 0 0 0 0 0 0 0 0 0 0 0 0 0 0 19 0 0 24 0 0 0 0 0 0 0 9 0 0 0 0 0 0 0 0 0
12 0 0 94 0 71 0 0 34 0 0 79 0 0 25 0 0 0 0 0 0 0 0 0 0 0 77 0 0 49 0 0 88 10 50 0 0 97 0 59 0 0 0 48 0 72 0 0 0 0 0 0 0 0 23 0 0 81 0 91 63 80 0 0 0 0 0 0 0 0 23 0 0 0 0 0 70 0 0 0 48 0 0 40 16 0 0 7 0 0 71 0 0 100 0 0 0 0 0 0
90 0 0 98 0 0 73 0 0 74 0 0 0 0 0 0 0 0 0 0 7 0 0 0 0 0 0 0 0 0 33 98 51 0 0 0 0 0 0 93 0 0 0 29 99 0 0 0 0 0 0 0 0 0 0 0 0 17 0 17 0 0 0 99 0 0 17 0 91 0 0 0 0 22 0 0 0 0 0 0 0 0 17 36 0 0 29 89 4 0 0 1 0 0 46 0 20 0 23 0
0 0 0 83 0 56 0 0 0 0 0 0 7 0 0 0 0 0 0 3 0 0 0 0 0 0 0 0 0 85 0 0 0 15 0 6 0 0 45 0 0 0 0 0 69 0 0 76 90 0 0 0 0 0 50 0 0 0 0 0 0 83 0 0 47 0 0 0 0 0 0 0 0 0 0 0 0 0 0 0 8 0 0 85 0 0 0 0 40 68 0 0 0 95 3 0 82 0 0 0
0 0 0 0 0 66 0 0 0 0 0 7 91 0 99 37 75 0 0 0 63 0 0 0 0 94 0 0 54 0 44 73 0 18 0 0 0 0 0 0 0 0 0 71 72 0 0 0 0 0 0 40 0 0 0 46 0 0 0 0 0 41 0 0 0 0 12 0 0 0 0 0 0 0 15 23 0 0 11 67 85 0 0 0 52 0 0 0 0 0 0 0 0 0 0 0 53 0 0 0
0 0 87 0 0 0 0 0 0 0 39 0 94 0 0 94 74 0 40 15 0 86 0 0 89 54 0 0 59 0 0 0 0 0 0 76 0 0 0 0 0 0 0 0 0 0 0 0 0 63 42 23 0 0 0 0 0 0 0 0 0 0 0 0 0 42 0 80 0 53 0 81 94 0 0 29 49 0 0 0 0 0 0 0 30 15 0 0 21 0 93 0 0 39 16 0 0 28 0 0
0 50 6 0 0 0 0 0 0 0 0 0 0 0 21 0 0 0 0 0 0 0 18 0 0 0 60 21 0 0 0 0 0 67 0 0 0 27 0 0 0 0 78 0 0 0 0 0 0 25 0 0 0 0 0 1 11 0 0 0 69 0 70 55 0 99 0 0 0 17 80 0 0 0 0 39 0 0 0 2 0 0 0 0 0 0 67 0 0 27 0 0 91 27 0 94 68 0 0 18
78 44 0 0 0 0 0 0 31 0 0 0 0 0 0 0 63 0 0 0 72 29 0 79 0 0 86 0 0 0 0 35 0 0 0 0 0 0 0 44 0 0 75 37 0 91 0 0 0 0 0 0 0 0 45 82 93 0 0 0 0 0 0 0 71 43 0 0 88 0 0 0 0 0 69 0 0 0 29 0 0 0 0 0 0 0 88 0 0 0 0 0 79 76 0 0 25 0 0 0
0 0 0 0 0 0 0 0 0 0 0 0 0 0 0 5 0 0 0 0 0 0 0 0 79 0 0 65 93 0 97 0 0 100 0 0 0 0 0 0 0 0 0 0 0 0 7 0 0 0 100 0 0 0 0 0 0 0 0 0 0 0 0 85 0 0 0 0 0 0 0 0 0 96 0 0 0 0 0 30 0 70 0 0 0 0 0 0 0 88 93 0 0 0 0 0 0 47 0 0
0 0 95 15 45 0 0 0 0 49 87 0 0 90 0 0 12 0 0 0 0 81 0 0 0 75 91 0 0 0 0 48 0 24 0 83 43 0 33 0 0 2 0 0 0 0 0 0 43 0 93 0 0 0 0 18 0 0 0 0 0 0 0 0 0 0 41 0 0 50 0 0 0 0 0 0 0 0 13 0 0 92 0 19 0 74 0 0 0 81 0 0 0 0 0 0 0 0 0 12
0 0 0 0 0 0 74 0 0 0 0 0 0 0 66 31 0 0 0 0 0 0 0 0 71 0 0 0 0 0 0 0 0 0 76 0 0 0 0 0 0 0 0 93 54 0 0 0 0 0 23 39 0 0 0 0 0 0 0 0 27 20 0 80 0 0 0 0 41 0 0 0 0 0 0 0 0 0 0 0 0 0 97 0 47 0 0 0 5 0 0 0 0 0 66 0 0 78 0 0
0 0 0 0 0 0 0 0 54 29 0 0 0 15 0 16 0 0 84 0 0 0 0 0 36 0 0 0 4 0 3 27 0 0 0 0 98 0 0 0 0 80 49 0 1 0 0 0 0 0 0 0 0 0 0 0 0 0 0 50 1 93 0 68 0 34 99 47 0 85 50 19 0 88 0 0 0 0 0 0 0 0 0 0 0 0 30 0 0 0 0 99 0 0 0 0 0 0 0 0
83 0 0 0 0 0 0 46 0 0 46 0 0 0 0 0 0 0 47 0 83 0 0 0 0 0 0 0 0 0 0 0 0 0 0 41 50 0 0 0 0 88 0 18 0 0 0 0 19 85 0 74 30 92 0 0 0 0 0 0 0 0 13 0 85 0 0 75 0 0 0 0 0 0 0 0 0 0 29 0 25 67 16 0 43 0 0 0 0 0 0 0 0 26 0 0 0 0 0 0
0 0 61 0 83 0 0 0 0 0 0 0 0 0 18 49 76 0 0 0 0 0 37 0 0 0 0 0 0 0 0 0 0 0 0 0 0 31 0 0 0 0 42 34 0 29 0 0 0 0 0 0 0 0 0 0 0 0 67 20 0 0 0 0 0 0 87 0 0 0 0 0 0 0 3 0 0 93 0 0 0 0 0 16 0 94 0 0 17 24 62 0 40 56 0 0 0 0 68 0
46 66 0 85 0 0 0 0 54 94 0 100 0 57 23 0 64 81 0 74 0 37 0 0 3 89 0 0 0 0 0 97 0 0 12 0 39 0 0 0 93 0 0 0 0 0 0 0 47 0 0 0 100 0 0 0 97 0 44 0 0 0 0 0 83 0 0 22 0 0 0 0 0 0 0 0 0 47 72 42 0 0 98 0 0 0 0 0 0 0 0 0 0 0 0 0 0 0 0 0
0 0 52 0 13 0 0 27 0 0 0 0 0 0 0 0 0 63 0 0 0 0 0 0 56 0 0 16 0 0 0 97 0 0 0 0 0 0 0 0 0 0 13 0 0 63 46 0 31 43 100 0 30 46 0 0 0 0 24 0 0 7 0 0 0 48 0 39 0 0 0 0 0 0 0 0 0 0 0 0 0 0 0 0 0 0 0 3 0 0 0 32 0 32 35 19 0 0 0 0
51 0 0 0 0 0 0 0 0 0 53 0 0 0 0 0 0 0 0 0 0 0 0 0 0 0 0 39 0 0 0 0 0 0 40 58 70 15 0 89 0 0 0 0 0 0 0 82 23 0 0 31 0 0 0 0 0 0 85 0 0 46 56 0 0 5 0 0 0 0 0 42 0 0 0 0 0 0 36 0 0 83 0 0 0 0 0 86 79 13 0 0 0 0 0 0 0 84 0 68
7 5 59 0 0 0 41 0 0 0 0 0 0 0 3 0 0 0 0 0 90 0 0 0 0 92 0 0 0 75 0 0 0 0 0 0 89 0 0 27 0 0 0 69 0 14 24 0 0 22 0 75 39 0 0 0 0 53 0 0 0 0 0 0 38 0 0 0 0 0 0 0 0 0 44 0 0 13 0 0 54 0 0 0 0 0 92 0 0 37 56 0 0 0 0 14 0 0 0 0
0 42 0 0 0 0 0 0 0 89 64 64 64 0 0 0 0 0 0 0 0 0 0 0 80 57 0 73 0 0 0 66 0 0 0 0 0 0 0 0 0 0 0 65 0 0 0 0 0 0 0 0 0 0 0 0 96 0 0 0 0 0 0 0 0 0 0 0 0 0 43 0 0 0 0 0 0 0 80 0 23 0 0 0 0 0 0 0 84 0 0 0 0 0 0 0 0 72 0 0
0 0 41 0 0 0 23 0 0 0 0 82 47 0 0 0 0 0 0 0 0 0 0 0 21 0 0 0 86 41 0 0 0 0 0 0 0 0 0 0 0 0 0 2 0 36 0 0 0 0 0 99 0 0 55 0 0 0 62 0 7 0 0 73 0 0 0 0 0 23 0 0 0 0 28 0 94 0 0 0 0 0 10 0 66 61 0 0 0 43 0 0 88 0 0 0 0 0 0 84
0 59 0 0 0 0 0 27 69 0 0 0 0 0 30 0 21 0 0 24 0 0 0 0 0 0 0 0 0 0 0 0 0 94 0 0 65 0 74 43 0 0 0 45 0 0 0 0 0 0 0 0 93 0 95 26 93 0 32 0 0 0 0 0 0 0 0 0 1 82 0 0 0 0 0 0 0 0 0 0 0 0 0 0 0 0 0 31 75 0 0 0 0 0 0 40 0 11 0 0
0 51 0 0 0 0 0 0 59 26 0 0 0 23 48 0 0 0 0 56 76 0 57 0 0 0 0 15 39 0 0 0 0 72 0 0 0 0 0 16 0 0 10 0 0 0 52 0 0 0 0 89 0 0 3 7 47 0 41 0 0 0 0 49 0 0 0 0 0 11 22 0 0 0 0 93 58 0 48 0 0 0 4 0 0 0 32 0 0 0 0 0 0 0 68 37 0 0 20 5
0 0 0 0 0 0 19 0 0 0 0 25 0 0 0 90 0 0 0 0 0 58 69 0 1 6 6 13 0 0 0 0 0 0 0 0 0 0 0 0 6 0 0 0 0 0 0 0 0 0 0 12 0 34 0 0 81 0 0 0 0 0 0 0 50 68 0 0 0 10 0 0 0 0 0 0 0 0 23 0 93 0 0 44 1 0 90 0 0 0 0 0 0 33 0 16 0 0 0 90
0 0 49 0 78 54 0 0 17 0 0 0 0 30 0 0 0 0 0 0 0 0 0 0 0 68 0 0 0 0 77 0 0 0 0 0 62 0 0 0 0 80 0 18 0 0 0 0 0 10 0 0 65 64 23 0 0 22 0 0 22 0 66 0 0 0 0 0 44 0 43 51 56 39 0 86 65 0 0 40 0 0 0 0 0 0 0 0 0 0 0 0 0 0 0 0 0 0 0 0
0 0 0 0 0 0 0 0 0 0 0 0 0 0 79 0 82 0 0 0 0 0 0 0 0 0 0 98 0 0 31 0 0 0 0 0 77 76 0 0 0 0 0 0 0 0 0 40 0 0 0 0 0 0 0 0 0 0 0 17 45 92 40 57 0 0 0 0 0 0 0 0 0 28 0 26 0 0 42 0 0 0 0 22 0 0 0 0 0 100 24 0 0 70 0 0 47 77 0 0
0 0 0 0 4 49 40 0 77 0 0 0 0 64 21 0 35 22 0 9 47 77 0 0 0 0 0 30 0 16 80 0 0 0 0 0 97 0 0 33 0 0 0 0 0 0 0 0 0 0 42 0 0 0 0 48 0 54 0 0 8 0 0 0 0 0 10 0 0 0 0 47 0 0 26 0 0 0 0 0 0 0 0 0 0 0 0 29 0 95 93 0 0 0 0 0 0 42 0 0
0 0 0 0 0 0 30 0 29 53 72 0 4 0 0 0 0 0 0 7 85 0 51 0 0 0 0 0 0 0 0 0 54 0 0 0 0 0 18 0 0 0 0 0 0 0 0 0 0 0 0 0 0 0 0 0 0 0 0 0 0 0 93 0 0 0 0 0 0 0 0 0 79 0 98 0 0 0 0 0 0 0 36 0 3 0 92 0 0 0 3 0 0 0 86 0 57 0 0 0
84 48 93 0 0 0 0 0 68 0 0 0 0 0 0 0 3 0 0 0 0 12 0 0 0 76 0 0 0 0 46 0 8 0 0 74 0 0 0 4 88 0 0 69 0 30 77 0 0 0 0 0 57 6 0 0 0 63 0 0 0 90 0 0 0 0 0 0 0 83 0 0 0 82 0 0 0 0 0 19 18 8 0 0 0 88 0 0 0 0 0 0 0 77 0 0 0 0 0 0
0 72 0 0 0 0 61 92 91 22 0 47 0 0 0 0 0 17 0 0 0 0 57 0 0 0 64 0 84 0 0 0 0 0 46 0 0 0 0 0 0 0 0 0 0 0 0 0 36 67 0 0 0 0 0 0 0 0 0 0 0 0 0 0 0 0 0 0 0 100 0 0 0 0 23 0 0 0 0 49 0 0 0 0 0 0 0 6 0 0 0 0 0 0 0 0 0 14 0 0
0 0 0 0 5 0 0 0 0 0 0 0 0 0 92 39 13 0 0 0 0 0 0 0 29 0 0 5 0 0 0 0 0 0 50 50 60 0 0 0 0 0 0 0 0 0 0 17 0 0 23 0 30 0 0 0 42 0 0 0 0 0 0 0 0 0 0 0 0 0 0 0 2 0 0 0 0 0 0 0 0 0 0 0 0 0 0 7 0 0 78 0 2 0 0 0 0 37 0 0
0 0 0 0 7 79 0 85 0 0 99 60 0 0 99 0 0 0 0 0 0 0 30 0 0 0 0 0 43 0 0 0 65 0 0 0 61 0 0 76 0 0 0 0 0 0 0 0 0 0 0 0 0 0 0 18 0 43 55 67 0 0 0 33 0 40 0 0 0 0 0 0 88 0 0 55 51 0 0 0 0 0 0 52 13 0 15 0 0 0 0 39 0 0 0 31 0 48 0 0
0 0 0 44 0 0 0 0 0 10 0 83 78 39 0 65 42 0 0 75 53 0 0 0 95 0 0 0 0 0 0 0 0 0 0 0 13 61 0 41 0 0 0 0 99 27 0 0 0 0 65 0 0 0 0 64 0 8 0 0 0 0 2 0 0 37 0 97 0 0 70 0 0 58 1 0 83 0 0 77 0 0 0 0 0 75 0 0 0 0 86 0 7 5 0 0 0 0 0 0
0 0 0 19 0 0 0 0 50 0 0 0 70 0 15 0 0 67 0 0 92 0 0 29 0 0 0 0 0 0 0 0 0 31 0 0 0 0 66 0 0 0 62 0 0 0 0 0 20 0 0 0 0 50 0 71 93 0 0 0 0 0 80 0 0 0 0 26 0 28 0 0 0 0 94 82 0 0 0 7 0 83 0 0 16 0 0 32 0 72 0 0 0 0 0 15 61 0 0 0
62 52 0 0 0 0 0 32 0 0 0 0 0 57 0 91 0 0 0 0 0 0 0 54 22 91 0 0 0 76 96 35 0 0 0 0 0 67 0 0 0 82 0 30 0 45 0 0 0 0 0 0 34 91 0 57 0 0 0 0 73 82 26 0 0 0 0 0 0 0 61 0 0 71 0 0 63 0 0 0 0 49 0 91 0 94 31 0 0 0 0 18 0 0 0 0 29 0 0 0
0 52 89 0 0 0 0 0 0 0 0 0 0 0 0 0 48 0 13 23 0 0 0 81 0 3 77 0 0 0 0 69 0 0 0 0 0 0 12 0 90 0 0 0 0 68 0 17 0 0 0 0 0 100 0 0 85 0 0 0 62 0 0 0 0 0 0 0 0 33 0 69 0 0 0 0 0 0 0 0 21 0 100 0 0 0 0 1 0 38 0 0 90 0 82 0 0 0 0 0
0 0 0 0 0 52 0 21 1 0 0 0 0 78 0 0 0 0 13 0 0 0 0 0 83 0 76 0 0 0 12 0 0 64 78 0 0 0 0 0 0 0 44 64 0 89 0 0 0 0 0 0 0 0 46 0 81 0 0 0 0 0 0 0 0 0 0 0 0 90 73 0 0 0 0 0 0 0 24 0 0 0 0 0 0 0 0 62 0 0 0 88 0 0 0 0 0 0 0 0
0 33 0 81 0 0 0 81 0 0 0 0 66 0 0 0 0 0 0 0 0 0 0 0 0 0 0 0 0 0 0 36 90 69 0 30 75 0 0 0 0 99 99 0 0 0 0 0 0 0 0 0 0 0 0 100 0 0 0 0 0 0 0 0 0 69 0 0 83 0 44 0 0 9 0 0 40 0 9 0 86 0 0 0 0 30 0 20 82 0 0 0 9 0 0 0 0 83 0 0
0 0 0 37 0 0 47 0 0 0 0 0 0 0 0 0 0 0 33 0 0 22 0 0 0 0 0 0 0 0 92 0 0 0 0 0 0 0 0 25 72 0 0 0 0 0 40 0 0 6 11 67 0 0 0 0 0 0 41 0 0 0 0 0 0 0 0 73 0 0 31 0 0 42 26 0 0 88 0 0 0 0 0 0 99 91 0 80 0 0 7 0 0 0 0 0 0 0 46 0
0 0 0 0 0 16 0 0 0 0 0 0 44 0 0 0 0 0 0 0 0 0 0 0 23 0 0 0 94 0 0 0 0 67 0 0 0 93 10 0 10 77 0 0 0 0 27 0 0 31 18 0 0 0 0 0 0 0 0 0 83 0 0 0 0 0 0 0 0 0 0 0 0 0 18 0 83 0 0 33 0 53 0 0 0 0 43 45 0 0 87 0 0 0 0 0 0 0 74 0
6 0 0 0 0 0 50 89 0 65 0 100 0 84 0 0 0 27 0 10 0 0 0 0 0 0 9 87 0 0 0 0 0 0 0 0 7 0 0 41 54 0 0 0 0 0 0 0 0 0 0 0 0 0 0 74 0 47 41 0 3 0 0 0 0 0 0 0 0 0 0 0 0 0 0 0 0 91 0 35 0 82 0 0 63 0 0 0 0 0 0 32 11 96 0 0 5 0 61 0
0 0 31 96 59 0 0 0 44 54 0 0 0 81 0 0 0 0 65 0 0 8 13 0 0 22 0 3 0 0 22 0 62 0 0 0 0 0 34 41 0 8 0 0 0 42 19 0 68 0 0 0 0 0 0 0 0 84 5 0 0 0 0 0 0 0 0 0 0 72 0 0 0 99 0 0 0 0 46 0 0 55 0 0 16 0 0 0 0 0 0 0 0 0 0 40 51 0 75 0
0 0 70 0 0 0 64 34 0 0 86 0 39 0 37 0 24 0 6 92 0 0 0 0 0 0 4 55 0 0 0 0 0 38 0 0 69 0 0 61 0 10 6 0 34 0 0 0 0 0 0 0 0 0 0 0 0 0 0 0 0 0 83 0 0 87 0 0 0 0 0 99 69 51 0 0 0 0 0 0 0 38 0 0 0 19 0 97 0 0 0 0 0 0 0 0 0 0 0 0
0 90 0 0 0 2 6 94 0 0 0 0 0 0 0 0 89 39 0 0 14 0 87 0 0 0 0 0 9 38 0 0 0 0 63 79 0 0 0 0 0 9 16 0 29 0 35 0 0 9 0 20 51 59 0 0 0 0 21 0 6 0 0 0 0 0 0 0 0 100 0 69 0 0 20 0 35 0 0 32 82 0 0 0 70 57 53 0 0 62 78 10 98 88 0 0 0 0 56 0
0 0 0 22 0 0 0 0 89 0 0 0 0 0 0 0 0 0 0 0 0 0 0 0 0 71 56 59 0 0 0 0 0 0 0 0 0 0 14 0 0 0 0 0 0 0 9 0 0 0 0 0 0 0 71 0 0 0 0 0 0 0 0 0 0 96 19 0 0 0 0 5 0 0 75 69 0 0 0 89 12 0 54 80 0 0 0 0 0 50 0 17 0 13 40 0 0 0 0 0
0 0 0 0 0 0 0 0 56 22 59 0 0 7 0 0 73 14 0 0 52 0 53 0 59 0 88 0 0 0 0 0 0 0 0 0 0 0 0 0 0 0 0 0 0 35 0 0 0 74 0 0 0 0 0 26 0 0 68 0 0 0 0 0 0 0 0 0 0 0 0 0 0 0 0 0 0 80 0 0 65 53 0 44 0 47 74 0 0 0 0 0 0 0 16 0 0 0 0 0
0 72 22 0 0 0 43 0 0 0 11 0 0 47 19 0 0 0 22 0 0 0 0 0 0 0 0 98 28 0 47 0 0 0 0 0 0 0 0 47 25 0 51 0 71 0 37 0 0 0 0 0 0 0 0 0 0 0 0 0 0 0 0 0 0 94 33 45 0 66 0 48 0 11 0 35 0 0 0 0 0 23 0 0 0 0 0 49 10 0 0 0 96 0 93 0 0 54 5 0
0 0 0 0 54 0 0 0 0 3 0 0 0 0 0 0 0 0 6 66 0 0 0 50 0 0 97 0 0 0 61 0 10 0 75 0 0 47 0 18 0 67 0 35 1 0 0 60 0 7 0 0 8 93 0 0 0 0 64 0 0 0 0 0 0 0 0 55 0 0 0 51 0 0 0 98 3 0 0 0 0 17 79 0 0 0 66 0 0 72 0 0 96 2 35 16 0 0 0 35
0 0 0 0 0 1 0 0 0 0 0 88 66 0 53 0 0 0 100 41 0 76 60 8 61 73 0 0 0 0 0 0 0 0 35 0 0 46 0 0 0 0 0 50 0 0 0 0 23 0 0 58 0 30 55 79 0 0 0 35 0 0 0 0 0 0 0 0 0 0 0 16 0 98 0 35 0 0 59 0 0 24 95 0 0 0 0 0 0 42 0 0 0 4 16 0 0 43 0 0
0 75 0 0 34 0 0 0 55 0 0 0 0 99 0 0 0 0 95 40 0 0 0 0 0 0 10 0 0 0 0 0 0 0 0 0 0 0 15 0 98 0 0 0 0 0 86 0 0 0 15 0 0 0 12 0 38 0 0 0 0 0 100 0 0 0 77 78 0 61 0 0 0 0 10 13 54 0 0 0 0 24 0 16 33 0 0 0 0 0 0 40 0 0 84 0 0 0 0 0
0 0 0 41 0 55 0 0 0 0 0 25 0 0 60 48 0 0 20 64 46 0 0 0 0 5 0 0 0 0 0 0 0 61 0 0 0 0 67 0 0 0 23 0 0 0 0 0 0 0 0 48 34 21 0 12 0 0 60 73 0 0 0 42 0 98 60 0 0 0 0 0 0 0 0 0 0 0 14 38 79 0 0 0 0 98 0 0 0 94 0 0 71 0 0 0 0 83 0 0
0 0 89 68 49 0 0 0 0 34 0 88 0 0 27 0 0 10 0 54 0 0 0 47 0 0 0 0 0 0 0 0 0 0 0 0 0 0 0 0 0 0 0 19 93 2 56 0 0 91 0 20 0 0 0 0 0 0 20 70 76 0 0 71 0 0 0 0 0 0 0 0 46 86 0 0 61 0 0 0 0 0 0 76 0 0 0 0 0 0 0 0 0 0 87 0 0 0 0 0
0 0 0 0 0 0 0 0 29 100 0 33 13 0 0 0 0 0 92 0 86 0 0 59 0 0 0 0 90 0 32 0 0 35 0 0 0 67 0 0 0 0 0 0 0 0 0 0 0 49 0 45 0 0 23 0 0 0 0 0 0 0 85 0 0 98 0 0 0 0 1 0 0 0 0 0 0 0 38 0 0 0 0 66 0 0 0 0 0 13 65 0 0 38 0 0 0 0 0 37
0 0 0 0 0 0 0 0 0 0 0 0 0 0 0 19 0 58 0 17 0 0 0 0 0 39 0 0 14 0 0 0 68 0 0 0 0 0 0 0 56 0 65 0 0 0 0 0 0 0 0 0 0 40 74 0 0 17 0 0 72 0 0 0 0 0 0 0 0 44 0 1 81 0 0 0 80 0 0 92 0 46 0 0 0 59 0 18 0 0 0 0 36 0 0 0 0 0 0 0
0 0 0 0 0 0 0 96 0 24 0 0 0 0 43 12 0 0 0 0 25 0 0 0 0 0 6 0 0 0 0 97 0 44 0 0 0 0 0 45 0 85 0 0 64 33 0 0 0 0 0 0 0 0 34 0 54 0 0 61 0 0 0 79 0 0 0 11 0 0 0 0 40 0 0 0 0 82 0 0 75 0 0 0 0 28 99 0 47 0 33 0 0 20 0 0 49 0 0 0
0 86 89 23 51 0 0 0 0 0 0 0 64 0 0 63 0 0 0 0 0 0 0 0 0 0 52 87 0 0 0 0 0 0 0 0 72 0 0 0 0 0 17 0 0 0 0 0 0 0 17 0 0 0 16 0 0 0 0 0 0 0 0 0 0 0 9 0 95 0 0 0 0 0 49 0 0 58 0 50 0 70 0 15 0 0 0 0 0 0 0 0 0 54 0 0 0 0 0 0
0 0 0 0 0 0 0 0 0 0 0 0 39 0 0 18 0 4 0 0 0 0 37 0 89 0 0 32 0 0 0 0 0 0 18 83 0 99 0 76 0 0 0 0 0 0 2 0 0 8 0 0 0 0 0 0 0 0 93 52 0 0 0 0 29 0 0 0 0 0 0 4 0 0 0 5 0 0 0 0 0 93 0 0 0 0 0 8 0 0 28 0 0 0 0 36 0 0 4 0
0 0 48 43 45 92 0 0 0 0 0 51 58 0 0 67 0 61 0 89 0 53 0 0 0 0 0 17 47 35 76 0 0 57 0 0 0 0 0 0 0 0 0 0 0 53 0 24 0 0 0 0 84 0 64 0 0 25 90 0 78 98 82 0 0 61 79 0 0 0 73 0 18 16 0 0 0 0 0 0 26 74 0 0 77 0 0 0 0 0 41 0 0 0 0 72 95 0 0 0
87 96 0 0 64 9 0 32 52 2 0 0 0 0 11 78 0 0 0 0 0 0 45 0 0 43 0 83 0 0 65 0 56 0 0 11 0 0 0 56 0 0 0 0 6 0 0 0 0 0 0 0 0 40 0 0 0 0 0 0 0 0 0 0 28 55 0 92 0 0 0 0 0 0 0 0 0 0 0 0 0 0 57 0 94 72 0 0 0 0 50 0 0 0 0 0 0 0 0 88
0 3 14 0 0 0 0 0 0 4 5 0 0 0 100 0 10 0 0 96 0 0 0 49 0 0 0 0 0 0 0 0 0 0 0 0 0 0 0 80 71 0 0 0 33 0 0 52 0 86 0 47 0 0 8 0 0 0 0 0 57 0 0 95 0 0 0 35 0 0 0 47 0 0 0 59 0 0 0 53 0 0 0 0 0 0 0 94 0 0 0 0 20 0 0 50 0 0 0 0
0 0 0 0 24 39 0 0 0 0 0 17 0 20 0 0 0 7 0 40 22 0 52 0 0 0 87 0 0 0 0 0 0 35 0 100 43 0 0 0 0 0 0 0 0 0 0 0 0 48 0 0 0 0 0 0 0 5 0 65 0 0 0 0 0 0 17 0 64 32 0 0 14 0 0 0 0 26 0 0 0 0 0 0 0 0 0 45 0 67 0 15 0 0 0 9 91 0 26 0
0 50 33 0 61 0 0 52 0 93 0 93 0 35 0 0 0 0 0 0 0 0 6 0 0 94 0 33 0 0 0 68 0 0 0 97 0 0 1 63 0 78 83 0 0 0 0 96 0 64 0 0 0 63 0 0 0 62 0 82 0 84 10 85 0 0 0 0 69 52 0 0 0 0 0 0 72 0 0 0 99 0 0 0 100 0 41 0 5 0 0 24 0 0 0 0 31 0 0 0
0 0 74 56 0 0 0 0 0 0 0 0 0 0 0 48 0 0 0 3 16 0 81 0 0 0 45 0 0 29 98 0 0 0 0 0 0 0 0 0 0 0 0 88 0 62 0 15 0 0 61 0 0 0 0 0 0 0 0 0 0 0 0 0 100 0 42 0 65 0 0 0 0 94 0 83 0 95 0 100 0 0 0 14 0 0 0 0 0 0 0 0 0 0 0 0 0 0 0 0
3 44 0 75 0 0 0 0 0 0 0 71 0 0 0 0 0 0 0 0 0 0 0 97 0 0 100 0 0 52 71 36 0 0 60 0 0 0 0 34 0 0 11 83 14 0 0 0 0 0 0 0 0 0 0 0 76 0 0 0 0 0 0 0 60 0 0 0 0 0 0 0 0 33 0 51 0 0 0 0 0 74 0 54 0 52 94 0 25 0 69 19 0 14 0 0 0 0 0 0
0 0 0 0 77 92 64 0 35 0 0 0 0 0 0 0 0 0 0 0 0 0 41 0 0 0 96 0 87 0 0 0 0 0 5 90 73 0 61 0 28 0 0 0 0 0 0 0 0 0 0 0 0 0 10 0 0 0 0 55 0 0 76 0 0 0 27 60 62 0 0 0 0 0 0 63 0 98 0 0 0 80 0 0 0 19 0 0 97 0 0 0 11 0 0 0 97 0 0 0
0 11 0 0 0 0 0 0 35 5 0 0 0 72 0 0 0 0 31 30 0 0 0 0 0 28 0 0 99 0 0 24 0 0 0 0 0 31 0 0 0 0 0 0 0 2 49 58 0 40 0 0 0 0 0 0 42 34 0 89 0 0 0 0 0 0 0 0 0 0 0 50 0 64 0 0 0 0 0 0 79 0 0 0 0 0 0 0 0 0 0 36 0 0 0 0 49 0 6 0
68 0 0 0 0 0 91 9 0 0 0 18 0 0 0 0 0 0 0 0 0 0 56 91 0 42 0 0 67 0 0 0 0 94 0 48 0 0 0 62 86 0 67 0 93 0 0 0 0 0 0 0 0 0 0 45 0 94 0 0 75 0 81 56 0 0 0 34 0 0 0 80 0 0 0 0 0 0 62 0 0 0 0 0 0 65 98 66 0 0 94 63 0 0 0 0 0 0 12 64
0 0 0 13 0 0 0 40 0 0 0 0 0 0 0 0 0 0 0 0 0 90 21 0 25 5 0 0 0 0 0 0 0 0 0 0 0 0 0 0 0 0 0 0 47 0 0 77 0 0 37 5 75 0 0 0 76 0 0 0 0 0 0 0 0 0 43 0 77 25 0 0 0 0 0 0 0 31 0 89 0 0 0 95 0 10 0 19 40 0 0 0 0 0 0 0 0 56 0 0
0 0 74 54 26 0 0 0 42 31 0 72 72 0 44 0 0 0 0 32 0 0 0 0 0 0 0 0 0 0 53 17 0 0 0 0 0 0 0 0 0 0 0 0 16 0 0 74 0 0 0 0 0 0 0 0 0 15 0 0 17 80 0 0 0 0 20 0 52 0 0 0 68 0 0 0 0 0 0 75 0 95 0 0 0 0 0 0 84 35 0 0 0 0 0 91 70 24 0 0
0 0 0 0 5 0 78 0 15 0 0 0 0 66 59 0 54 0 0 0 0 0 0 0 91 0 24 0 50 0 52 0 0 0 75 0 4 0 0 0 0 0 0 92 0 48 0 0 0 0 6 72 0 0 0 0 14 0 55 0 38 0 0 0 73 0 1 0 0 0 0 0 0 0 93 0 0 0 0 0 0 0 42 0 57 0 0 0 91 0 0 0 0 0 0 0 0 0 34 12
0 98 0 0 0 0 0 22 0 0 0 56 5 0 0 0 60 0 0 0 0 48 49 0 34 69 0 0 0 0 96 0 0 0 8 30 58 76 0 0 0 0 79 0 0 0 77 0 0 0 0 20 0 0 0 0 0 0 0 0 0 59 0 0 0 0 81 100 0 0 0 0 0 0 0 0 0 17 0 11 0 89 79 0 0 0 84 35 0 0 0 0 85 0 0 49 0 0 42 0
0 0 0 0 0 0 34 36 0 12 0 0 0 0 95 0 0 0 0 0 0 0 60 0 45 0 0 0 76 52 49 0 28 0 42 0 0 0 0 0 95 0 0 0 0 84 0 91 0 23 0 0 0 0 0 81 0 0 0 0 0 0 0 0 86 61 0 0 0 1 0 32 0 36 37 0 0 1 20 0 0 0 0 0 0 0 0 0 0 25 0 15 0 0 0 0 0 0 0 48
0 0 58 0 81 38 26 0 0 0 0 0 0 0 0 0 0 57 54 0 0 0 0 0 0 5 71 0 55 0 0 0 76 0 0 0 0 0 0 77 0 0 0 0 0 0 0 86 0 0 0 0 0 44 0 0 0 0 0 0 0 86 0 25 10 40 0 76 0 0 78 0 0 0 0 0 0 77 0 0 0 0 57 0 0 0 0 0 0 0 19 84 0 24 0 0 0 0 20 0
14 0 0 0 0 0 0 0 7 0 74 0 0 0 0 89 0 0 0 18 0 0 0 0 0 0 63 0 0 0 0 0 0 0 0 0 0 97 0 0 0 0 66 0 0 0 0 22 0 0 0 0 0 0 0 92 0 73 72 0 0 0 0 0 0 0 27 7 0 0 78 0 0 0 84 0 0 0 9 0 0 0 0 13 0 0 14 0 0 95 0 0 0 0 0 0 0 0 0 0
0 0 0 0 0 0 41 0 62 0 68 0 0 0 0 0 0 0 0 0 5 0 0 89 0 0 0 0 16 98 0 66 0 0 31 0 0 0 0 0 0 0 0 0 0 0 0 0 0 63 0 0 0 0 66 0 0 0 0 14 0 0 56 0 0 0 43 0 0 0 48 0 70 28 0 0 60 0 0 0 0 87 0 0 60 0 0 0 0 63 0 32 0 0 77 0 0 0 0 14
0 0 35 0 0 0 18 0 32 0 0 88 0 75 0 0 0 0 99 0 0 0 0 54 0 0 66 0 0 0 0 0 0 23 27 0 0 83 47 0 62 0 0 0 76 0 4 0 69 0 0 0 0 43 0 0 40 0 0 54 19 45 0 0 0 65 0 0 0 0 68 0 0 51 0 0 7 33 0 0 0 0 14 0 0 0 97 0 0 0 0 0 0 0 0 0 0 62 0 0
0 0 0 0 0 80 33 0 79 0 37 0 0 0 0 0 0 0 0 31 0 0 0 0 0 0 0 0 0 0 0 0 0 0 0 83 0 0 0 76 84 0 0 0 0 40 0 0 0 76 0 6 0 0 64 0 0 0 0 0 0 0 60 0 92 0 0 0 81 0 0 0 0 47 0 0 0 0 0 0 0 88 0 0 0 0 24 0 93 0 0 0 0 0 0 0 0 0 0 0
79 0 84 12 0 22 70 0 0 0 0 0 47 0 0 0 47 0 0 92 0 0 68 0 0 0 0 0 0 0 100 0 0 13 0 0 0 0 0 0 54 7 57 8 0 0 0 0 0 0 0 0 0 0 0 0 0 0 40 0 6 80 0 0 100 0 89 0 0 0 0 5 13 0 0 0 8 0 0 6 0 37 0 0 0 0 98 0 0 0 0 0 0 0 0 16 0 0 0 0
0 0 60 0 0 0 0 80 93 0 0 0 56 0 0 53 42 0 59 0 0 0 0 0 0 21 13 0 92 0 28 0 0 0 0 0 0 0 33 0 0 60 0 0 0 0 0 0 0 2 0 0 1 0 0 6 0 27 0 43 0 0 0 23 68 0 0 0 0 0 61 34 0 0 0 0 0 0 0 0 0 0 32 0 0 0 0 0 0 72 0 10 0 0 0 0 0 0 0 0
0 3 0 0 0 0 0 31 0 0 0 0 44 0 0 63 0 0 0 0 9 88 0 0 75 0 0 0 0 19 0 84 0 0 0 0 85 0 0 0 0 0 0 79 0 0 0 0 0 26 0 0 0 91 0 0 0 92 0 0 0 72 0 0 0 0 0 92 0 0 0 0 0 0 0 0 0 0 0 0 0 86 0 92 0 0 91 39 0 0 0 0 0 0 0 37 0 6 0 0
0 50 61 0 0 0 43 61 52 0 0 67 0 0 0 0 0 0 40 0 65 38 96 0 73 89 0 0 0 0 0 0 0 13 0 0 0 0 0 86 0 65 96 0 0 52 0 97 0 0 98 30 7 0 0 0 0 0 0 0 0 0 0 5 31 0 0 0 48 0 0 38 0 12 0 0 0 0 0 70 0 41 0 15 0 98 0 0 5 0 0 0 0 0 0 30 24 0 0 0
73 0 0 0 0 0 0 0 0 0 0 0 6 0 0 0 0 0 0 0 7 20 55 35 0 0 0 100 0 0 9 0 0 0 0 0 0 30 0 0 0 0 0 0 0 0 0 63 0 0 0 0 12 0 75 52 0 0 0 0 0 0 0 0 0 59 31 56 0 86 0 98 0 0 0 0 0 0 0 0 0 0 0 0 0 0 0 0 0 0 0 27 27 0 0 0 0 0 0 17
0 0 0 0 0 0 0 0 5 0 0 0 0 49 0 13 0 0 0 0 0 0 0 42 0 0 0 0 0 54 99 85 0 0 0 0 0 0 0 0 0 3 0 0 0 52 0 15 0 73 75 0 97 0 13 65 9 87 0 0 96 0 0 0 0 0 0 0 0 97 76 93 0 0 0 0 0 0 0 0 0 0 0 0 0 0 0 0 5 0 0 0 25 0 74 0 0 0 80 0
0 0 0 0 43 15 0 0 12 0 57 15 0 0 0 0 0 0 24 0 0 0 0 0 0 0 0 0 15 0 9 0 0 60 0 0 0 0 0 59 0 14 37 0 7 0 71 0 0 95 0 0 1 88 5 95 0 0 0 0 0 0 84 0 58 47 0 53 35 0 0 74 0 50 0 79 0 71 0 95 0 0 0 70 43 0 9 95 0 0 35 0 0 0 0 0 0 0 0 77
53 63 0 68 0 72 0 0 0 0 22 0 0 0 26 38 74 0 0 0 0 0 94 0 0 0 6 19 68 0 0 0 0 0 0 53 0 0 16 0 0 0 0 0 0 85 0 0 39 0 0 0 0 0 0 33 70 0 0 0 0 0 0 0 0 0 0 89 0 0 0 0 0 0 16 0 0 0 0 59 0 0 0 0 72 74 0 66 3 0 0 77 35 53 91 0 0 0 0 0
81 0 0 0 0 66 94 0 0 0 0 82 0 0 0 0 0 0 87 0 81 87 0 0 0 0 44 0 0 92 0 0 0 61 0 0 0 27 0 0 0 11 26 0 0 0 0 0 0 0 0 0 0 0 89 0 0 0 0 0 0 0 33 0 0 80 0 0 0 99 0 0 0 0 0 0 0 13 0 77 19 40 0 0 0 0 0 0 0 0 0 0 0 0 17 0 0 0 0 0
0 0 0 0 0 0 70 0 0 0 69 0 0 0 0 0 0 0 0 0 0 0 0 0 0 0 0 0 0 0 0 0 87 46 0 0 0 0 0 0 3 0 70 0 0 0 0 0 0 0 55 0 0 0 0 0 0 0 0 0 9 0 84 0 0 0 0 19 0 62 0 0 0 0 0 0 0 0 0 87 0 63 0 0 0 50 4 0 0 0 0 0 86 0 0 46 0 0 0 32
0 0 0 35 0 82 96 0 0 52 64 83 0 0 0 0 0 52 0 0 83 81 0 65 0 70 4 34 0 0 0 57 44 0 76 13 63 48 26 0 0 0 0 70 94 0 0 14 80 73 0 0 0 0 89 0 0 66 18 0 29 79 49 0 0 0 28 38 0 85 0 49 0 0 0 0 91 0 0 0 2 0 0 0 0 92 73 0 0 0 0 0 65 50 0 0 11 0 0 67
0 0 0 0 0 0 0 0 0 80 0 0 0 0 0 92 0 0 0 3 1 0 0 0 0 48 0 0 0 0 0 0 0 0 35 65 0 0 74 0 0 0 0 0 25 0 0 0 0 63 0 0 0 0 0 34 0 0 0 0 27 87 96 0 0 37 0 55 0 0 0 0 0 77 9 0 0 0 0 0 0 59 0 0 0 0 80 0 0 8 0 0 0 0 0 93 0 0 0 0
56 0 0 0 0 69 0 0 0 0 0 0 0 0 0 22 61 0 0 0 0 0 0 65 0 47 71 56 0 0 0 0 0 0 80 0 0 0 0 0 0 0 19 0 0 3 0 0 0 0 38 0 46 34 0 0 0 0 0 100 0 0 0 0 0 0 0 0 0 1 0 0 0 0 0 0 0 44 53 85 0 0 0 0 0 0 0 16 65 0 0 4 0 0 18 81 0 0 0 32
0 57 97 0 0 0 0 96 0 0 0 0 5 0 0 0 0 0 0 52 0 0 0 0 0 60 0 0 0 0 0 0 0 0 0 0 0 0 12 0 0 0 0 0 0 0 0 0 0 0 87 0 0 0 0 98 0 95 11 0 0 0 0 0 0 0 0 100 0 37 97 0 0 19 0 0 0 0 0 0 0 0 0 0 0 0 0 0 0 0 33 15 0 0 0 0 0 37 10 0
0 0 0 0 0 0 18 0 0 66 0 77 0 93 52 0 0 0 0 0 0 0 0 0 0 0 0 0 2 15 0 79 0 0 0 39 50 0 46 66 96 0 0 0 0 0 0 0 0 0 0 0 0 0 0 0 0 0 65 0 0 0 0 0 0 0 0 36 0 24 8 0 0 0 15 0 75 0 0 0 71 0 0 0 0 98 0 3 0 46 0 0 0 100 98 0 0 15 0 0
74 0 0 2 0 0 0 0 0 73 0 0 0 0 45 0 0 0 0 0 0 0 0 0 0 0 0 0 0 0 0 62 0 0 0 0 16 41 0 0 67 0 95 0 30 0 0 0 0 0 54 0 0 14 0 15 0 85 0 0 0 0 41 82 70 53 0 0 0 1 0 0 0 0 0 0 0 0 0 50 18 0 62 69 0 0 0 0 0 0 0 0 31 85 0 0 0 0 60 0
66 0 0 7 62 0 53 0 0 67 0 55 0 0 0 0 0 0 0 0 0 91 0 0 0 0 0 0 0 0 0 0 87 36 0 0 0 0 0 0 0 0 0 0 0 0 0 0 78 0 2 85 0 88 0 0 0 0 57 51 100 0 0 0 0 29 38 0 0 0 0 0 93 52 0 92 0 0 0 0 11 0 40 0 0 46 0 0 0 0 0 0 0 0 0 0 0 81 0 0
0 0 0 0 0 0 0 17 0 0 56 67 0 0 0 0 0 0 0 0 0 0 0 0 0 0 0 0 78 0 0 0 0 0 92 0 47 84 70 0 0 0 55 0 0 0 0 0 0 0 51 17 0 0 38 0 0 70 0 0 0 88 0 0 0 29 4 0 0 0 0 0 0 0 55 2 0 0 37 76 0 0 0 1 46 0 0 0 0 0 0 0 0 0 0 0 0 0 72 0
0 0 0 0 0 0 71 0 0 0 0 0 0 39 0 0 0 0 0 0 0 0 0 0 0 0 0 87 0 0 0 0 0 0 0 0 0 0 0 0 0 0 0 61 0 0 0 0 0 0 0 0 59 6 0 0 0 0 0 0 0 62 0 0 0 76 38 0 11 0 0 0 0 0 0 87 54 25 0 0 0 0 0 0 0 0 0 0 0 0 0 0 78 46 0 0 86 0 0 0
33 0 28 0 0 0 9 0 25 0 0 0 0 0 0 0 0 0 0 0 0 0 0 0 68 0 0 46 0 0 0 0 60 0 100 0 0 92 70 0 7 0 0 0 0 0 0 0 0 83 0 0 0 0 33 0 95 0 0 75 86 90 0 0 0 0 0 89 0 0 0 0 46 0 60 0 0 0 0 23 0 7 58 6 0 0 0 0 35 65 0 0 25 0 0 0 26 0 0 0
76 0 0 0 0 0 0 0 29 90 96 0 0 0 0 0 0 0 0 0 0 0 28 0 49 0 0 0 0 0 54 11 0 0 0 0 0 0 86 0 0 0 89 0 0 0 100 0 0 62 0 0 0 44 0 0 62 0 21 0 0 0 0 0 0 0 0 0 0 0 0 0 21 0 55 23 82 0 0 0 0 0 0 0 0 0 0 0 0 0 65 83 0 0 49 0 0 21 0 5
0 0 0 0 0 0 0 0 0 0 0 0 0 1 17 60 0 0 0 67 0 83 0 0 0 0 0 0 0 0 0 0 0 0 0 34 39 0 0 0 0 0 0 0 0 0 0 0 0 0 0 0 0 0 0 0 0 93 0 0 0 0 0 57 0 0 0 0 0 2 0 0 0 0 0 0 0 0 0 19 82 0 0 45 0 0 0 0 0 62 0 0 0 0 0 0 0 53 0 0
0 0 59 0 0 21 13 74 0 1 63 0 0 0 0 0 0 0 0 78 0 0 0 0 0 62 0 0 49 0 0 0 0 0 0 0 72 54 0 0 0 69 0 64 0 0 0 0 0 0 0 0 0 93 0 0 99 25 0 0 0 0 34 0 45 1 0 0 24 3 8 23 0 68 0 0 0 0 98 0 0 0 0 0 0 0 93 0 0 0 0 12 0 1 0 0 0 0 0 0
0 14 0 0 0 24 0 0 78 0 0 0 0 0 0 0 0 28 0 0 0 0 0 0 0 0 0 0 21 0 0 0 35 0 0 0 0 0 0 0 0 0 65 0 0 86 0 0 0 0 0 0 90 0 0 0 0 0 0 40 4 0 0 0 0 0 0 4 0 0 28 0 52 0 0 14 0 0 67 0 0 0 0 0 0 0 0 0 0 0 0 0 0 0 0 0 0 17 0 0
38 0 0 0 0 0 0 0 69 25 72 100 30 0 0 0 0 0 0 0 0 0 0 0 3 0 0 0 0 0 57 0 41 0 0 0 93 66 0 0 57 0 0 0 0 0 0 94 0 0 0 0 0 0 0 10 0 0 0 37 43 0 0 71 0 0 0 0 0 0 0 0 0 0 0 0 0 0 0 72 0 0 77 0 0 0 0 0 0 0 44 0 0 0 0 0 0 0 0 0
42 0 0 7 0 1 0 0 76 0 0 66 0 0 48 0 0 0 0 0 0 0 0 0 0 0 34 0 0 42 0 0 14 46 73 0 0 92 0 60 0 0 0 48 0 50 0 0 0 0 0 0 0 0 39 0 0 48 0 32 35 41 0 0 0 0 0 0 0 0 39 0 0 0 0 0 49 0 0 0 72 0 0 92 69 0 0 23 0 0 70 0 0 58 0 0 0 0 0 0
80 0 0 49 0 0 63 0 0 13 0 0 0 0 0 0 0 0 0 0 33 0 0 0 0 0 0 0 0 0 27 37 92 0 0 0 0 0 0 47 0 0 0 39 88 0 0 0 0 0 0 0 0 0 0 0 0 83 0 41 0 0 0 15 0 0 65 0 44 0 0 0 0 13 0 0 0 0 0 0 0 0 33 68 0 0 29 8 87 0 0 37 0 0 68 0 24 0 1 0
0 0 0 32 0 3 0 0 0 0 0 0 43 0 0 0 0 0 0 72 0 0 0 0 0 0 0 0 0 23 0 0 0 65 0 45 0 0 24 0 0 0 0 0 19 0 0 48 29 0 0 0 0 0 26 0 0 0 0 0 0 91 0 0 99 0 0 0 0 0 0 0 0 0 0 0 0 0 0 0 18 0 0 93 0 0 0 0 48 92 0 0 0 36 66 0 39 0 0 0
0 0 0 0 0 70 0 0 0 0 0 24 41 0 11 68 78 0 0 0 32 0 0 0 0 24 0 0 52 0 84 65 0 38 0 0 0 0 0 0 0 0 0 94 2 0 0 0 0 0 0 15 0 0 0 44 0 0 0 0 0 29 0 0 0 0 55 0 0 0 0 0 0 0 16 4 0 0 73 11 96 0 0 0 84 0 0 0 0 0 0 0 0 0 0 0 16 0 0 0
0 0 13 0 0 0 0 0 0 0 68 0 47 0 0 80 65 0 14 12 0 3 0 0 70 44 0 0 76 0 0 0 0 0 0 32 0 0 0 0 0 0 0 0 0 0 0 0 0 2 54 50 0 0 0 0 0 0 0 0 0 0 0 0 0 53 0 12 0 68 0 44 84 0 0 35 57 0 0 0 0 0 0 0 54 30 0 0 44 0 23 0 0 9 84 0 0 43 0 0
0 10 60 0 0 0 0 0 0 0 0 0 0 0 63 0 0 0 0 0 0 0 20 0 0 0 44 85 0 0 0 0 0 68 0 0 0 44 0 0 0 0 56 0 0 0 0 0 0 68 0 0 0 0 0 47 38 0 0 0 3 0 65 63 0 55 0 0 0 87 72 0 0 0 0 49 0 0 0 64 0 0 0 0 0 0 29 0 0 52 0 0 36 90 0 45 80 0 0 10
87 47 0 0 0 0 0 0 5 0 0 0 0 0 0 0 62 0 0 0 89 14 0 47 0 0 11 0 0 0 0 20 0 0 0 0 0 0 0 65 0 0 12 20 0 67 0 0 0 0 0 0 0 0 42 37 5 0 0 0 0 0 0 0 45 80 0 0 20 0 0 0 0 0 2 0 0 0 23 0 0 0 0 0 0 0 92 0 0 0 0 0 70 7 0 0 21 0 0 0
0 0 0 0 0 0 0 0 0 0 0 0 0 0 0 91 0 0 0 0 0 0 0 0 30 0 0 43 32 0 41 0 0 1 0 0 0 0 0 0 0 0 0 0 0 0 6 0 0 0 56 0 0 0 0 0 0 0 0 0 0 0 0 83 0 0 0 0 0 0 0 0 0 58 0 0 0 0 0 30 0 95 0 0 0 0 0 0 0 98 15 0 0 0 0 0 0 82 0 0
0 0 19 14 40 0 0 0 0 41 5 0 0 76 0 0 68 0 0 0 0 95 0 0 0 83 93 0 0 0 0 33 0 53 0 33 41 0 72 0 0 32 0 0 0 0 0 0 17 0 83 0 0 0 0 80 0 0 0 0 0 0 0 0 0 0 91 0 0 32 0 0 0 0 0 0 0 0 14 0 0 77 0 36 0 26 0 0 0 8 0 0 0 0 0 0 0 0 0 10
0 0 0 0 0 0 68 0 0 0 0 0 0 0 49 54 0 0 0 0 0 0 0 0 89 0 0 0 0 0 0 0 0 0 64 0 0 0 0 0 0 0 0 92 98 0 0 0 0 0 52 45 0 0 0 0 0 0 0 0 5 39 0 23 0 0 0 0 5 0 0 0 0 0 0 0 0 0 0 0 0 0 18 0 96 0 0 0 51 0 0 0 0 0 100 0 0 18 0 0
0 0 0 0 0 0 0 0 62 76 0 0 0 63 0 51 0 0 27 0 0 0 0 0 73 0 0 0 69 0 42 84 0 0 0 0 67 0 0 0 0 41 56 0 85 0 0 0 0 0 0 0 0 0 0 0 0 0 0 14 14 77 0 90 0 61 70 14 0 24 42 61 0 6 0 0 0 0 0 0 0 0 0 0 0 0 10 0 0 0 0 41 0 0 0 0 0 0 0 0
57 0 0 0 0 0 0 19 0 0 80 0 0 0 0 0 0 0 78 0 62 0 0 0 0 0 0 0 0 0 0 0 0 0 0 80 18 0 0 0 0 96 0 16 0 0 0 0 22 45 0 97 22 1 0 0 0 0 0 0 0 0 89 0 49 0 0 89 0 0 0 0 0 0 0 0 0 0 70 0 16 65 7 0 21 0 0 0 0 0 0 0 0 38 0 0 0 0 0 0
0 0 98 0 8 0 0 0 0 0 0 0 0 0 62 2 39 0 0 0 0 0 26 0 0 0 0 0 0 0 0 0 0 0 0 0 0 21 0 0 0 0 45 53 0 44 0 0 0 0 0 0 0 0 0 0 0 0 23 64 0 0 0 0 0 0 21 0 0 0 0 0 0 0 79 0 0 62 0 0 0 0 0 49 0 10 0 0 64 79 1 0 89 69 0 0 0 0 35 0
10 48 0 87 0 0 0 0 62 87 0 100 0 50 37 0 52 83 0 74 0 37 0 0 70 38 0 0 0 0 0 28 0 0 71 0 87 0 0 0 47 0 0 0 0 0 0 0 15 0 0 0 6 0 0 0 56 0 61 0 0 0 0 0 16 0 0 61 0 0 0 0 0 0 0 0 0 33 4 84 0 0 66 0 0 0 0 0 0 0 0 0 0 0 0 0 0 0 0 0
0 0 98 0 69 0 0 4 0 0 0 0 0 0 0 0 0 27 0 0 0 0 0 0 76 0 0 89 0 0 0 32 0 0 0 0 0 0 0 0 0 0 24 0 0 58 41 0 4 20 70 0 13 58 0 0 0 0 77 0 0 10 0 0 0 73 0 50 0 0 0 0 0 0 0 0 0 0 0 0 0 0 0 0 0 0 0 9 0 0 0 87 0 32 22 41 0 0 0 0
1 0 0 0 0 0 0 0 0 0 97 0 0 0 0 0 0 0 0 0 0 0 0 0 0 0 0 8 0 0 0 0 0 0 62 19 51 5 0 7 0 0 0 0 0 0 0 64 32 0 0 74 0 0 0 0 0 0 23 0 0 24 49 0 0 96 0 0 0 0 0 83 0 0 0 0 0 0 34 0 0 21 0 0 0 0 0 34 32 86 0 0 0 0 0 0 0 62 0 85
70 29 42 0 0 0 86 0 0 0 0 0 0 0 45 0 0 0 0 0 86 0 0 0 0 5 0 0 0 20 0 0 0 0 0 0 98 0 0 61 0 0 0 6 0 7 100 0 0 6 0 89 79 0 0 0 0 12 0 0 0 0 0 0 18 0 0 0 0 0 0 0 0 0 93 0 0 92 0 0 20 0 0 0 0 0 57 0 0 33 85 0 0 0 0 23 0 0 0 0
0 96 0 0 0 0 0 0 0 48 93 97 82 0 0 0 0 0 0 0 0 0 0 0 32 4 0 31 0 0 0 6 0 0 0 0 0 0 0 0 0 0 0 46 0 0 0 0 0 0 0 0 0 0 0 0 9 0 0 0 0 0 0 0 0 0 0 0 0 0 11 0 0 0 0 0 0 0 33 0 84 0 0 0 0 0 0 0 88 0 0 0 0 0 0 0 0 18 0 0
0 0 37 0 0 0 82 0 0 0 0 25 45 0 0 0 0 0 0 0 0 0 0 0 92 0 0 0 78 63 0 0 0 0 0 0 0 0 0 0 0 0 0 79 0 70 0 0 0 0 0 6 0 0 13 0 0 0 64 0 78 0 0 16 0 0 0 0 0 44 0 0 0 0 3 0 19 0 0 0 0 0 8 0 2 40 0 0 0 13 0 0 67 0 0 0 0 0 0 82
0 9 0 0 0 0 0 20 13 0 0 0 0 0 49 0 92 0 0 39 0 0 0 0 0 0 0 0 0 0 0 0 0 51 0 0 45 0 18 98 0 0 0 12 0 0 0 0 0 0 0 0 21 0 29 17 52 0 89 0 0 0 0 0 0 0 0 0 64 100 0 0 0 0 0 0 0 0 0 0 0 0 0 0 0 0 0 62 76 0 0 0 0 0 0 1 0 52 0 0
0 68 0 0 0 0 0 0 34 57 0 0 0 50 28 0 0 0 0 59 36 0 32 0 0 0 0 31 64 0 0 0 0 64 0 0 0 0 0 74 0 0 100 0 0 0 42 0 0 0 0 61 0 0 90 93 61 0 37 0 0 0 0 100 0 0 0 0 0 43 61 0 0 0 0 19 44 0 24 0 0 0 85 0 0 0 96 0 0 0 0 0 0 0 25 86 0 0 43 30
0 0 0 0 0 0 25 0 0 0 0 98 0 0 0 16 0 0 0 0 0 93 46 0 20 72 42 72 0 0 0 0 0 0 0 0 0 0 0 0 14 0 0 0 0 0 0 0 0 0 0 71 0 20 0 0 22 0 0 0 0 0 0 0 43 95 0 0 0 40 0 0 0 0 0 0 0 0 10 0 8 0 0 1 83 0 16 0 0 0 0 0 0 20 0 26 0 0 0 80
0 0 89 0 38 85 0 0 71 0 0 0 0 83 0 0 0 0 0 0 0 0 0 0 0 57 0 0 0 0 75 0 0 0 0 0 88 0 0 0 0 49 0 23 0 0 0 0 0 78 0 0 70 50 94 0 0 27 0 0 47 0 39 0 0 0 0 0 68 0 85 74 72 14 0 14 30 0 0 70 0 0 0 0 0 0 0 0 0 0 0 0 0 0 0 0 0 0 0 0
0 0 0 0 0 0 0 0 0 0 0 0 0 0 79 0 13 0 0 0 0 0 0 0 0 0 0 13 0 0 51 0 0 0 0 0 30 53 0 0 0 0 0 0 0 0 0 25 0 0 0 0 0 0 0 0 0 0 0 34 50 47 44 59 0 0 0 0 0 0 0 0 0 93 0 50 0 0 58 0 0 0 0 20 0 0 0 0 0 42 97 0 0 5 0 0 81 16 0 0
0 0 0 0 49 75 34 0 44 0 0 0 0 24 43 0 70 75 0 77 98 39 0 0 0 0 0 8 0 49 39 0 0 0 0 0 33 0 0 71 0 0 0 0 0 0 0 0 0 0 13 0 0 0 0 82 0 49 0 0 56 0 0 0 0 0 36 0 0 0 0 7 0 0 94 0 0 0 0 0 0 0 0 0 0 0 0 8 0 54 49 0 0 0 0 0 0 86 0 0
0 0 0 0 0 0 90 0 91 89 17 0 69 0 0 0 0 0 0 71 53 0 19 0 0 0 0 0 0 0 0 0 12 0 0 0 0 0 78 0 0 0 0 0 0 0 0 0 0 0 0 0 0 0 0 0 0 0 0 0 0 0 58 0 0 0 0 0 0 0 0 0 38 0 34 0 0 0 0 0 0 0 57 0 19 0 57 0 0 0 92 0 0 0 84 0 89 0 0 0
42 47 12 0 0 0 0 0 25 0 0 0 0 0 0 0 33 0 0 0 0 32 0 0 0 51 0 0 0 0 17 0 63 0 0 52 0 0 0 32 67 0 0 24 0 28 75 0 0 0 0 0 87 87 0 0 0 94 0 0 0 27 0 0 0 0 0 0 0 77 0 0 0 84 0 0 0 0 0 84 20 69 0 0 0 60 0 0 0 0 0 0 0 17 0 0 0 0 0 0
0 67 0 0 0 0 98 72 13 48 0 37 0 0 0 0 0 51 0 0 0 0 100 0 0 0 40 0 90 0 0 0 0 0 20 0 0 0 0 0 0 0 0 0 0 0 0 0 28 79 0 0 0 0 0 0 0 0 0 0 0 0 0 0 0 0 0 0 0 29 0 0 0 0 91 0 0 0 0 69 0 0 0 0 0 0 0 40 0 0 0 0 0 0 0 0 0 7 0 0
0 0 0 0 54 0 0 0 0 0 0 0 0 0 68 81 97 0 0 0 0 0 0 0 3 0 0 8 0 0 0 0 0 0 74 42 95 0 0 0 0 0 0 0 0 0 0 82 0 0 2 0 60 0 0 0 75 0 0 0 0 0 0 0 0 0 0 0 0 0 0 0 78 0 0 0 0 0 0 0 0 0 0 0 0 0 0 46 0 0 69 0 61 0 0 0 0 76 0 0
0 0 0 0 78 16 0 4 0 0 65 13 0 0 50 0 0 0 0 0 0 0 25 0 0 0 0 0 57 0 0 0 90 0 0 0 51 0 0 15 0 0 0 0 0 0 0 0 0 0 0 0 0 0 0 53 0 38 2 31 0 0 0 36 0 67 0 0 0 0 0 0 68 0 0 29 99 0 0 0 0 0 0 94 54 0 4 0 0 0 0 6 0 0 0 24 0 87 0 0
0 0 0 24 0 0 0 0 0 25 0 64 30 96 0 94 58 0 0 42 65 0 0 0 67 0 0 0 0 0 0 0 0 0 0 0 55 3 0 20 0 0 0 0 19 74 0 0 0 0 83 0 0 0 0 40 0 72 0 0 0 0 72 0 0 27 0 13 0 0 35 0 0 91 99 0 74 0 0 14 0 0 0 0 0 1 0 0 0 0 7 0 61 83 0 0 0 0 0 0
0 0 0 81 0 0 0 0 1 0 0 0 14 0 1 0 0 85 0 0 44 0 0 59 0 0 0 0 0 0 0 0 0 4 0 0 0 0 74 0 0 0 54 0 0 0 0 0 63 0 0 0 0 34 0 28 69 0 0 0 0 0 2 0 0 0 0 75 0 2 0 0 0 0 70 97 0 0 0 64 0 74 0 0 73 0 0 4 0 74 0 0 0 0 0 11 25 0 0 0
89 2 0 0 0 0 0 74 0 0 0 0 0 95 0 43 0 0 0 0 0 0 0 96 72 25 0 0 0 12 54 60 0 0 0 0 0 55 0 0 0 59 0 10 0 46 0 0 0 0 0 0 71 62 0 26 0 0 0 0 74 96 38 0 0 0 0 0 0 0 71 0 0 100 0 0 53 0 0 0 0 64 0 31 0 92 90 0 0 0 0 69 0 0 0 0 26 0 0 0
0 58 100 0 0 0 0 0 0 0 0 0 0 0 0 0 56 0 1 3 0 0 0 22 0 67 1 0 0 0 0 6 0 0 0 0 0 0 36 0 76 0 0 0 0 51 0 64 0 0 0 0 0 49 0 0 92 0 0 0 66 0 0 0 0 0 0 0 0 51 0 90 0 0 0 0 0 0 0 0 32 0 33 0 0 0 0 67 0 22 0 0 10 0 12 0 0 0 0 0
0 0 0 0 0 87 0 55 93 0 0 0 0 77 0 0 0 0 25 0 0 0 0 0 3 0 76 0 0 0 29 0 0 31 23 0 0 0 0 0 0 0 79 38 0 75 0 0 0 0 0 0 0 0 74 0 50 0 0 0 0 0 0 0 0 0 0 0 0 78 72 0 0 0 0 0 0 0 91 0 0 0 0 0 0 0 0 29 0 0 0 1 0 0 0 0 0 0 0 0
0 70 0 82 0 0 0 29 0 0 0 0 30 0 0 0 0 0 0 0 0 0 0 0 0 0 0 0 0 0 0 54 29 24 0 37 13 0 0 0 0 28 55 0 0 0 0 0 0 0 0 0 0 0 0 70 0 0 0 0 0 0 0 0 0 1 0 0 80 0 40 0 0 26 0 0 95 0 50 0 58 0 0 0 0 29 0 81 17 0 0 0 64 0 0 0 0 10 0 0
0 0 0 32 0 0 52 0 0 0 0 0 0 0 0 0 0 0 93 0 0 36 0 0 0 0 0 0 0 0 31 0 0 0 0 0 0 0 0 16 65 0 0 0 0 0 100 0 0 78 19 61 0 0 0 0 0 0 10 0 0 0 0 0 0 0 0 100 0 0 23 0 0 2 52 0 0 39 0 0 0 0 0 0 79 55 0 18 0 0 100 0 0 0 0 0 0 0 25 0
0 0 0 0 0 46 0 0 0 0 0 0 75 0 0 0 0 0 0 0 0 0 0 0 95 0 0 0 97 0 0 0 0 14 0 0 0 7 51 0 29 63 0 0 0 0 25 0 0 30 35 0 0 0 0 0 0 0 0 0 23 0 0 0 0 0 0 0 0 0 0 0 0 0 11 0 22 0 0 73 0 6 0 0 0 0 76 3 0 0 20 0 0 0 0 0 0 0 89 0
57 0 0 0 0 0 19 64 0 11 0 2 0 48 0 0 0 72 0 25 0 0 0 0 0 0 6 3 0 0 0 0 0 0 0 0 45 0 0 80 50 0 0 0 0 0 0 0 0 0 0 0 0 0 0 12 0 18 1 0 66 0 0 0 0 0 0 0 0 0 0 0 0 0 0 0 0 29 0 97 0 99 0 0 92 0 0 0 0 0 0 50 48 31 0 0 33 0 23 0
0 0 2 74 32 0 0 0 76 34 0 0 0 98 0 0 0 0 82 0 0 28 29 0 0 64 0 70 0 0 5 0 85 0 0 0 0 0 90 46 0 82 0 0 0 67 6 0 94 0 0 0 0 0 0 0 0 14 31 0 0 0 0 0 0 0 0 0 0 62 0 0 0 97 0 0 0 0 53 0 0 27 0 0 86 0 0 0 0 0 0 0 0 0 0 28 69 0 80 0
0 0 99 0 0 0 1 87 0 0 61 0 78 0 97 0 77 0 86 40 0 0 0 0 0 0 95 91 0 0 0 0 0 24 0 0 38 0 0 49 0 2 48 0 22 0 0 0 0 0 0 0 0 0 0 0 0 0 0 0 0 0 89 0 0 90 0 0 0 0 0 2 69 84 0 0 0 0 0 0 0 16 0 0 0 79 0 35 0 0 0 0 0 0 0 0 0 0 0 0
0 27 0 0 0 99 83 45 0 0 0 0 0 0 0 0 4 85 0 0 10 0 71 0 0 0 0 0 82 32 0 0 0 0 30 74 0 0 0 0 0 95 31 0 7 0 98 0 0 61 0 4 34 54 0 0 0 0 61 0 67 0 0 0 0 0 0 0 0 68 0 31 0 0 57 0 91 0 0 51 36 0 0 0 2 25 32 0 0 48 10 44 49 14 0 0 0 0 5 0
0 0 0 20 0 0 0 0 90 0 0 0 0 0 0 0 0 0 0 0 0 0 0 0 0 51 36 91 0 0 0 0 0 0 0 0 0 0 10 0 0 0 0 0 0 0 41 0 0 0 0 0 0 0 73 0 0 0 0 0 0 0 0 0 0 19 41 0 0 0 0 49 0 0 91 10 0 0 0 60 56 0 33 95 0 0 0 0 0 34 0 41 0 97 3 0 0 0 0 0
0 0 0 0 0 0 0 0 32 66 55 0 0 11 0 0 98 87 0 0 70 0 87 0 35 0 74 0 0 0 0 0 0 0 0 0 0 0 0 0 0 0 0 0 0 10 0 0 0 63 0 0 0 0 0 66 0 0 81 0 0 0 0 0 0 0 0 0 0 0 0 0 0 0 0 0 0 97 0 0 34 6 0 52 0 92 28 0 0 0 0 0 0 0 57 0 0 0 0 0
0 75 7 0 0 0 33 0 0 0 31 0 0 92 37 0 0 0 24 0 0 0 0 0 0 0 0 82 22 0 98 0 0 0 0 0 0 0 0 3 51 0 28 0 65 0 71 0 0 0 0 0 0 0 0 0 0 0 0 0 0 0 0 0 0 67 30 99 0 96 0 43 0 11 0 95 0 0 0 0 0 85 0 0 0 0 0 89 90 0 0 0 54 0 61 0 0 39 19 0
0 0 0 0 12 0 0 0 0 22 0 0 0 0 0 0 0 0 67 71 0 0 0 82 0 0 41 0 0 0 75 0 83 0 76 0 0 82 0 68 0 47 0 81 4 0 0 98 0 42 0 0 20 63 0 0 0 0 71 0 0 0 0 0 0 0 0 9 0 0 0 92 0 0 0 91 43 0 0 0 0 31 83 0 0 0 48 0 0 47 0 0 10 78 69 66 0 0 0 53
0 0 0 0 0 51 0 0 0 0 0 92 93 0 12 0 0 0 3 65 0 76 48 66 17 98 0 0 0 0 0 0 0 0 94 0 0 46 0 0 0 0 0 34 0 0 0 0 10 0 0 65 0 31 77 67 0 0 0 16 0 0 0 0 0 0 0 0 0 0 0 69 0 26 0 32 0 0 41 0 0 68 47 0 0 0 0 0 0 25 0 0 0 51 4 0 0 92 0 0
0 13 0 0 3 0 0 0 49 0 0 0 0 63 0 0 0 0 99 56 0 0 0 0 0 0 15 0 0 0 0 0 0 0 0 0 0 0 64 0 83 0 0 0 0 0 65 0 0 0 16 0 0 0 83 0 98 0 0 0 0 0 53 0 0 0 19 55 0 9 0 0 0 0 37 13 76 0 0 0 0 78 0 35 65 0 0 0 0 0 0 81 0 0 92 0 0 0 0 0
0 0 0 21 0 30 0 0 0 0 0 86 0 0 25 62 0 0 97 71 33 0 0 0 0 42 0 0 0 0 0 0 0 19 0 0 0 0 4 0 0 0 86 0 0 0 0 0 0 0 0 57 76 94 0 55 0 0 30 72 0 0 0 11 0 13 98 0 0 0 0 0 0 0 0 0 0 0 92 97 80 0 0 0 0 4 0 0 0 84 0 0 55 0 0 0 0 55 0 0
0 0 98 56 97 0 0 0 0 47 0 62 0 0 52 0 0 74 0 50 0 0 0 74 0 0 0 0 0 0 0 0 0 0 0 0 0 0 0 0 0 0 0 1 54 15 30 0 0 94 0 37 0 0 0 0 0 0 72 5 86 0 0 51 0 0 0 0 0 0 0 0 43 80 0 0 100 0 0 0 0 0 0 26 0 0 0 0 0 0 0 0 0 0 18 0 0 0 0 0
0 0 0 0 0 0 0 0 91 95 0 8 62 0 0 0 0 0 88 0 23 0 0 99 0 0 0 0 1 0 64 0 0 35 0 0 0 56 0 0 0 0 0 0 0 0 0 0 0 93 0 99 0 0 33 0 0 0 0 0 0 0 42 0 0 46 0 0 0 0 97 0 0 0 0 0 0 0 35 0 0 0 0 15 0 0 0 0 0 79 30 0 0 95 0 0 0 0 0 42
0 0 0 0 0 0 0 0 0 0 0 0 0 0 0 18 0 93 0 18 0 0 0 0 0 47 0 0 80 0 0 0 49 0 0 0 0 0 0 0 75 0 4 0 0 0 0 0 0 0 0 0 0 68 22 0 0 49 0 0 60 0 0 0 0 0 0 0 0 78 0 13 97 0 0 0 30 0 0 87 0 29 0 0 0 15 0 10 0 0 0 0 57 0 0 0 0 0 0 0
0 0 0 0 0 0 0 13 0 87 0 0 0 0 38 73 0 0 0 0 36 0 0 0 0 0 84 0 0 0 0 57 0 93 0 0 0 0 0 98 0 24 0 0 2 61 0 0 0 0 0 0 0 0 86 0 96 0 0 73 0 0 0 42 0 0 0 46 0 0 0 0 38 0 0 0 0 77 0 0 38 0 0 0 0 51 7 0 73 0 35 0 0 67 0 0 52 0 0 0
0 47 58 72 3 0 0 0 0 0 0 0 59 0 0 97 0 0 0 0 0 0 0 0 0 0 82 78 0 0 0 0 0 0 0 0 56 0 0 0 0 0 27 0 0 0 0 0 0 0 90 0 0 0 5 0 0 0 0 0 0 0 0 0 0 0 9 0 72 0 0 0 0 0 60 0 0 40 0 15 0 68 0 28 0 0 0 0 0 0 0 0 0 100 0 0 0 0 0 0
0 0 0 0 0 0 0 0 0 0 0 0 100 0 0 99 0 10 0 0 0 0 33 0 44 0 0 89 0 0 0 0 0 0 36 37 0 62 0 84 0 0 0 0 0 0 59 0 0 82 0 0 0 0 0 0 0 0 36 39 0 0 0 0 31 0 0 0 0 0 0 75 0 0 0 50 0 0 0 0 0 92 0 0 0 0 0 20 0 0 13 0 0 0 0 7 0 0 2 0
0 0 93 66 22 58 0 0 0 0 0 13 64 0 0 17 0 75 0 17 0 13 0 0 0 0 0 60 22 18 59 0 0 43 0 0 0 0 0 0 0 0 0 0 0 59 0 93 0 0 0 0 24 0 2 0 0 65 44 0 34 32 16 0 0 53 77 0 0 0 71 0 75 72 0 0 0 0 0 0 67 78 0 0 1 0 0 0 0 0 83 0 0 0 0 53 15 0 0 0
54 45 0 0 37 58 0 60 79 94 0 0 0 0 18 7 0 0 0 0 0 0 14 0 0 35 0 70 0 0 78 0 35 0 0 78 0 0 0 93 0 0 0 0 18 0 0 0 0 0 0 0 0 5 0 0 0 0 0 0 0 0 0 0 54 63 0 41 0 0 0 0 0 0 0 0 0 0 0 0 0 0 17 0 91 100 0 0 0 0 81 0 0 0 0 0 0 0 0 31
0 26 61 0 0 0 0 0 0 10 94 0 0 0 30 0 3 0 0 9 0 0 0 8 0 0 0 0 0 0 0 0 0 0 0 0 0 0 0 26 49 0 0 0 86 0 0 48 0 74 0 60 0 0 58 0 0 0 0 0 52 0 0 33 0 0 0 48 0 0 0 75 0 0 0 4 0 0 0 45 0 0 0 0 0 0 0 35 0 0 0 0 57 0 0 42 0 0 0 0
0 0 0 0 30 76 0 0 0 0 0 77 0 3 0 0 0 23 0 7 5 0 13 0 0 0 38 0 0 0 0 0 0 22 0 90 81 0 0 0 0 0 0 0 0 0 0 0 0 19 0 0 0 0 0 0 0 60 0 16 0 0 0 0 0 0 1 0 64 31 0 0 46 0 0 0 0 5 0 0 0 0 0 0 0 0 0 24 0 53 0 35 0 0 0 15 88 0 94 0
0 72 78 0 58 0 0 52 0 77 0 52 0 19 0 0 0 0 0 0 0 0 53 0 0 14 0 34 0 0 0 95 0 0 0 69 0 0 73 53 0 39 66 0 0 0 0 63 0 99 0 0 0 76 0 0 0 5 0 34 0 26 72 25 0 0 0 0 2 70 0 0 0 0 0 0 25 0 0 0 2 0 0 0 72 0 94 0 61 0 0 26 0 0 0 0 7 0 0 0
0 0 7 62 0 0 0 0 0 0 0 0 0 0 0 10 0 0 0 90 99 0 14 0 0 0 100 0 0 75 56 0 0 0 0 0 0 0 0 0 0 0 0 6 0 60 0 78 0 0 13 0 0 0 0 0 0 0 0 0 0 0 0 0 39 0 84 0 85 0 0 0 0 39 0 87 0 16 0 18 0 0 0 75 0 0 0 0 0 0 0 0 0 0 0 0 0 0 0 0
75 16 0 27 0 0 0 0 0 0 0 70 0 0 0 0 0 0 0 0 0 0 0 24 0 0 32 0 0 43 65 67 0 0 79 0 0 0 0 55 0 0 64 58 78 0 0 0 0 0 0 0 0 0 0 0 33 0 0 0 0 0 0 0 90 0 0 0 0 0 0 0 0 7 0 13 0 0 0 0 0 4 0 71 0 98 97 0 83 0 38 87 0 23 0 0 0 0 0 0
0 0 0 0 34 90 49 0 4 0 0 0 0 0 0 0 0 0 0 0 0 0 74 0 0 0 99 0 7 0 0 0 0 0 63 53 52 0 66 0 14 0 0 0 0 0 0 0 0 0 0 0 0 0 64 0 0 0 0 33 0 0 1 0 0 0 55 39 84 0 0 0 0 0 0 95 0 21 0 0 0 3 0 0 0 97 0 0 21 0 0 0 41 0 0 0 61 0 0 0
0 16 0 0 0 0 0 0 62 44 0 0 0 95 0 0 0 0 93 44 0 0 0 0 0 49 0 0 15 0 0 16 0 0 0 0 0 38 0 0 0 0 0 0 0 67 92 33 0 2 0 0 0 0 0 0 38 91 0 33 0 0 0 0 0 0 0 0 0 0 0 76 0 38 0 0 0 0 0 0 89 0 0 0 0 0 0 0 0 0 0 60 0 0 0 0 21 0 53 0
20 0 0 0 0 0 21 7 0 0 0 11 0 0 0 0 0 0 0 0 0 0 64 90 0 88 0 0 93 0 0 0 0 23 0 72 0 0 0 66 89 0 56 0 68 0 0 0 0 0 0 0 0 0 0 72 0 100 0 0 98 0 61 95 0 0 0 39 0 0 0 59 0 0 0 0 0 0 12 0 0 0 0 0 0 71 97 90 0 0 1 19 0 0 0 0 0 0 13 83
0 0 0 49 0 0 0 4 0 0 0 0 0 0 0 0 0 0 0 0 0 52 22 0 91 77 0 0 0 0 0 0 0 0 0 0 0 0 0 0 0 0 0 0 82 0 0 25 0 0 34 68 52 0 0 0 65 0 0 0 0 0 0 0 0 0 93 0 91 74 0 0 0 0 0 0 0 40 0 70 0 0 0 76 0 96 0 22 59 0 0 0 0 0 0 0 0 50 0 0
0 0 49 39 58 0 0 0 36 95 0 72 51 0 49 0 0 0 0 52 0 0 0 0 0 0 0 0 0 0 90 34 0 0 0 0 0 0 0 0 0 0 0 0 66 0 0 69 0 0 0 0 0 0 0 0 0 17 0 0 83 66 0 0 0 0 24 0 51 0 0 0 42 0 0 0 0 0 0 93 0 91 0 0 0 0 0 0 53 37 0 0 0 0 0 35 56 65 0 0
0 0 0 0 85 0 38 0 40 0 0 0 0 83 89 0 76 0 0 0 0 0 0 0 84 0 78 0 68 0 14 0 0 0 87 0 51 0 0 0 0 0 0 49 0 78 0 0 0 0 84 68 0 0 0 0 87 0 75 0 25 0 0 0 13 0 21 0 0 0 0 0 0 0 83 0 0 0 0 0 0 0 18 0 8 0 0 0 71 0 0 0 0 0 0 0 0 0 51 98
0 86 0 0 0 0 0 62 0 0 0 83 28 0 0 0 49 0 0 0 0 54 91 0 68 16 0 0 0 0 60 0 0 0 55 60 3 56 0 0 0 0 8 0 0 0 37 0 0 0 0 23 0 0 0 0 0 0 0 0 0 71 0 0 0 0 36 34 0 0 0 0 0 0 0 0 0 14 0 19 0 62 9 0 0 0 82 62 0 0 0 0 13 0 0 87 0 0 75 0
0 0 0 0 0 0 67 57 0 16 0 0 0 0 29 0 0 0 0 0 0 0 1 0 5 0 0 0 58 64 87 0 13 0 28 0 0 0 0 0 52 0 0 0 0 92 0 52 0 17 0 0 0 0 0 2 0 0 0 0 0 0 0 0 73 85 0 0 0 81 0 34 0 39 92 0 0 40 97 0 0 0 0 0 0 0 0 0 0 48 0 80 0 0 0 0 0 0 0 100
0 0 33 0 76 89 13 0 0 0 0 0 0 0 0 0 0 36 35 0 0 0 0 0 0 30 33 0 37 0 0 0 39 0 0 0 0 0 0 71 0 0 0 0 0 0 0 14 0 0 0 0 0 80 0 0 0 0 0 0 0 31 0 30 5 61 0 67 0 0 14 0 0 0 0 0 0 98 0 0 0 0 93 0 0 0 0 0 0 0 86 21 0 80 0 0 0 0 54 0
49 0 0 0 0 0 0 0 98 0 63 0 0 0 0 20 0 0 0 10 0 0 0 0 0 0 12 0 0 0 0 0 0 0 0 0 0 26 0 0 0 0 49 0 0 0 0 33 0 0 0 0 0 0 0 3 0 98 19 0 0 0 0 0 0 0 55 53 0 0 26 0 0 0 29 0 0 0 32 0 0 0 0 24 0 0 28 0 0 72 0 0 0 0 0 0 0 0 0 0
0 0 0 0 0 0 96 0 91 0 60 0 0 0 0 0 0 0 0 0 75 0 0 23 0 0 0 0 83 4 0 37 0 0 69 0 0 0 0 0 0 0 0 0 0 0 0 0 0 91 0 0 0 0 38 0 0 0 0 34 0 0 22 0 0 0 62 0 0 0 1 0 96 66 0 0 29 0 0 0 0 46 0 0 58 0 0 0 0 8 0 53 0 0 88 0 0 0 0 50
0 0 93 0 0 0 55 0 98 0 0 43 0 37 0 0 0 0 36 0 0 0 0 69 0 0 92 0 0 0 0 0 0 52 8 0 0 77 28 0 87 0 0 0 28 0 69 0 41 0 0 0 0 43 0 0 32 0 0 54 81 22 0 0 0 85 0 0 0 0 71 0 0 9 0 0 93 88 0 0 0 0 76 0 0 0 88 0 0 0 0 0 0 0 0 0 0 26 0 0
0 0 0 0 0 1 72 0 32 0 15 0 0 0 0 0 0 0 0 56 0 0 0 0 0 0 0 0 0 0 0 0 0 0 0 2 0 0 0 45 19 0 0 0 0 9 0 0 0 97 0 55 0 0 7 0 0 0 0 0 0 0 25 0 94 0 0 0 44 0 0 0 0 92 0 0 0 0 0 0 0 98 0 0 0 0 1 0 10 0 0 0 0 0 0 0 0 0 0 0
74 0 77 82 0 52 56 0 0 0 0 0 34 0 0 0 4 0 0 50 0 0 51 0 0 0 0 0 0 0 4 0 0 58 0 0 0 0 0 0 39 3 28 99 0 0 0 0 0 0 0 0 0 0 0 0 0 0 63 0 18 13 0 0 51 0 23 0 0 0 0 15 99 0 0 0 42 0 0 12 0 15 0 0 0 0 63 0 0 0 0 0 0 0 0 5 0 0 0 0
0 0 89 0 0 0 0 16 47 0 0 0 60 0 0 31 76 0 45 0 0 0 0 0 0 99 44 0 97 0 76 0 0 0 0 0 0 0 58 0 0 10 0 0 0 0 0 0 0 5 0 0 57 0 0 11 0 72 0 70 0 0 0 4 56 0 0 0 0 0 63 86 0 0 0 0 0 0 0 0 0 0 53 0 0 0 0 0 0 65 0 63 0 0 0 0 0 0 0 0
0 18 0 0 0 0 0 51 0 0 0 0 70 0 0 48 0 0 0 0 97 11 0 0 37 0 0 0 0 89 0 16 0 0 0 0 53 0 0 0 0 0 0 84 0 0 0 0 0 55 0 0 0 41 0 0 0 11 0 0 0 2 0 0 0 0 0 62 0 0 0 0 0 0 0 0 0 0 0 0 0 15 0 5 0 0 76 12 0 0 0 0 0 0 0 52 0 1 0 0
0 24 58 0 0 0 59 100 22 0 0 5 0 0 0 0 0 0 12 0 51 50 39 0 43 78 0 0 0 0 0 0 0 44 0 0 0 0 0 22 0 52 27 0 0 51 0 91 0 0 43 71 10 0 0 0 0 0 0 0 0 0 0 51 65 0 0 0 66 0 0 16 0 80 0 0 0 0 0 68 0 80 0 31 0 27 0 0 28 0 0 0 0 0 0 29 8 0 0 0
88 0 0 0 0 0 0 0 0 0 0 0 65 0 0 0 0 0 0 0 44 73 94 60 0 0 0 94 0 0 26 0 0 0 0 0 0 72 0 0 0 0 0 0 0 0 0 43 0 0 0 0 76 0 14 7 0 0 0 0 0 0 0 0 0 54 46 52 0 61 0 87 0 0 0 0 0 0 0 0 0 0 0 0 0 0 0 0 0 0 0 8 91 0 0 0 0 0 0 63
0 0 0 0 0 0 0 0 45 0 0 0 0 65 0 9 0 0 0 0 0 0 0 52 0 0 0 0 0 91 91 99 0 0 0 0 0 0 0 0 0 65 0 0 0 86 0 43 0 80 87 0 30 0 60 92 21 4 0 0 39 0 0 0 0 0 0 0 0 22 39 70 0 0 0 0 0 0 0 0 0 0 0 0 0 0 0 0 80 0 0 0 22 0 30 0 0 0 100 0
0 0 0 0 86 45 0 0 7 0 54 83 0 0 0 0 0 0 11 0 0 0 0 0 0 0 0 0 54 0 82 0 0 85 0 0 0 0 0 80 0 5 91 0 40 0 50 0 0 24 0 0 56 77 40 5 0 0 0 0 0 0 5 0 70 62 0 70 93 0 0 36 0 61 0 54 0 12 0 57 0 0 0 63 33 0 61 22 0 0 19 0 0 0 0 0 0 0 0 41
97 62 0 35 0 77 0 0 0 0 43 0 0 0 44 97 81 0 0 0 0 0 87 0 0 0 91 22 53 0 0 0 0 0 0 15 0 0 60 0 0 0 0 0 0 89 0 0 81 0 0 0 0 0 0 25 64 0 0 0 0 0 0 0 0 0 0 77 0 0 0 0 0 0 13 0 0 0 0 64 0 0 0 0 2 34 0 27 93 0 0 29 23 100 82 0 0 0 0 0
69 0 0 0 0 71 97 0 0 0 0 40 0 0 0 0 0 0 98 0 64 15 0 0 0 0 5 0 0 100 0 0 0 89 0 0 0 82 0 0 0 5 82 0 0 0 0 0 0 0 0 0 0 0 50 0 0 0 0 0 0 0 92 0 0 21 0 0 0 7 0 0 0 0 0 0 0 80 0 62 61 45 0 0 0 0 0 0 0 0 0 0 0 0 40 0 0 0 0 0