100
0 0 0 0 0 0 26 25 0 0 0 0 0 0 0 0 26 0 0 0 0 0 0 0 0 0 0 0 14 0 0 0 87 0 0 0 0 0 39 0 79 0 0 0 33 0 16 0 0 0 0 0 0 0 77 0 92 0 0 0 0 0 0 0 0 0 0 0 0 0 0 7 30 35 32 0 63 0 0 0 0 0 0 0 0 0 0 0 0 0 0 0 0 0 0 0 0 0 0 0
0 0 0 0 42 12 0 0 0 0 0 52 0 0 16 31 7 10 0 0 85 0 0 75 0 0 0 0 0 0 0 0 0 2 33 0 86 0 0 29 0 0 82 0 31 0 0 86 0 51 0 79 0 95 0 0 0 0 0 0 0 0 63 0 83 0 0 0 0 0 0 0 0 0 0 0 0 0 0 0 79 0 0 0 0 49 0 77 0 0 0 0 0 0 0 0 0 0 0 0
0 0 0 0 0 0 45 0 0 0 0 0 0 0 0 0 0 0 0 0 0 0 56 0 66 0 0 0 0 0 0 0 0 0 0 0 0 0 0 0 0 48 0 0 24 0 0 7 0 0 0 0 37 49 0 0 0 0 0 0 100 0 0 0 0 0 0 0 36 0 0 0 25 0 0 0 46 0 16 35 0 0 0 0 0 0 0 0 0 0 24 0 0 0 0 0 0 0 30 0
26 0 82 0 0 0 0 0 0 0 0 0 0 25 0 0 85 61 73 0 58 0 32 0 0 0 0 0 0 0 38 0 0 75 0 81 47 20 0 0 0 0 0 1 0 15 0 0 0 0 0 0 0 0 0 0 0 0 0 0 0 0 0 0 47 0 0 5 95 0 0 0 100 0 0 3 0 0 0 0 0 0 56 0 0 0 0 0 20 0 0 0 0 0 81 0 0 35 0 0
48 0 0 0 0 0 0 0 0 60 0 0 0 0 0 98 0 0 76 0 7 0 72 0 0 91 0 0 7 0 0 0 62 12 0 0 0 0 0 80 49 0 28 56 13 0 0 0 28 0 0 0 0 0 0 0 65 0 53 0 0 0 0 0 0 0 0 0 0 0 27 0 0 0 96 0 0 0 0 0 0 0 89 0 0 0 0 32 0 0 0 62 0 0 0 0 0 61 0 0
0 21 0 0 0 0 0 0 0 0 97 0 27 0 73 53 85 0 0 0 61 0 13 27 0 0 33 0 0 18 0 0 0 53 0 0 28 64 0 0 0 7 0 23 0 0 0 19 0 32 0 17 0 0 0 0 0 0 40 0 0 30 15 0 0 0 19 25 17 35 0 0 0 89 0 98 0 0 0 0 0 0 0 0 8 0 0 69 7 46 0 0 0 0 0 91 0 0 32 0
0 33 0 66 0 0 0 0 0 0 0 0 0 0 0 0 0 0 0 0 0 0 0 0 0 0 0 0 0 33 0 11 0 0 0 0 25 85 0 10 5 29 58 0 0 20 0 0 0 0 0 0 0 0 0 98 0 0 0 0 81 0 0 0 0 0 0 0 24 0 0 0 0 0 0 73 0 0 0 0 20 0 91 0 0 0 0 0 0 0 0 0 62 0 0 0 0 0 0 22
62 0 43 0 0 0 0 0 0 0 0 0 0 86 0 53 93 0 0 0 0 0 90 0 0 19 0 0 37 0 0 0 0 0 0 0 0 50 59 0 0 0 0 87 0 0 0 5 0 0 80 0 16 0 0 85 0 0 0 0 0 0 0 0 0 0 46 51 0 0 0 0 0 0 0 0 0 0 33 0 42 0 0 73 0 0 82 0 0 0 0 0 0 0 0 0 0 26 0 0
0 0 0 0 0 71 0 0 0 0 0 0 0 94 0 0 0 0 0 0 81 0 0 6 0 0 0 77 0 2 18 0 0 26 22 0 0 0 0 0 0 0 2 0 62 0 0 0 0 0 0 0 0 0 30 0 47 0 50 2 0 0 0 0 11 0 41 0 0 18 0 47 0 92 0 0 48 0 0 0 39 80 0 0 0 0 0 20 0 0 19 0 0 0 0 0 0 0 0 0
0 22 0 0 0 0 0 0 0 0 0 0 0 53 0 0 0 0 0 0 42 0 0 0 0 95 0 91 29 0 0 0 0 37 0 0 93 0 0 0 100 0 0 0 64 0 27 5 82 0 0 0 0 0 70 1 90 54 0 0 0 76 76 0 16 0 0 0 0 68 0 0 19 0 62 0 0 0 0 0 47 60 0 39 0 0 9 0 0 0 0 0 0 38 3 0 1 0 0 0
0 0 0 0 2 20 42 96 0 0 0 0 0 0 0 0 2 52 71 0 0 0 99 18 0 0 0 0 0 0 0 0 0 0 8 82 0 0 64 0 78 30 9 0 0 0 0 0 0 0 0 56 13 0 0 0 0 0 0 0 0 0 0 0 0 47 0 0 0 0 0 0 0 14 0 0 79 0 40 0 0 0 0 63 0 44 0 0 0 0 0 0 0 0 0 34 0 0 72 0
0 23 0 0 0 0 0 0 0 0 0 0 0 0 0 0 48 0 0 2 0 0 0 0 0 0 0 36 0 0 0 59 0 0 0 0 0 0 0 0 87 0 59 0 38 0 0 0 0 0 0 0 19 0 34 0 0 0 47 100 99 77 0 64 0 0 0 0 67 0 0 91 0 0 15 0 0 10 0 0 53 32 0 78 81 48 72 42 34 66 0 0 0 9 0 0 0 0 0 0
99 0 0 0 0 0 0 0 38 0 0 0 0 0 71 0 0 0 0 0 96 0 28 0 0 11 0 70 0 97 0 86 0 27 0 0 31 0 0 0 0 0 0 0 0 0 0 0 0 0 30 41 0 0 21 0 20 30 24 0 0 0 0 32 0 0 0 0 0 0 40 0 66 5 0 0 67 91 48 0 41 0 26 0 90 0 73 0 0 91 84 0 0 17 0 0 32 79 0 0
0 0 0 0 0 0 60 0 0 0 0 0 0 0 0 0 0 3 0 0 0 0 0 0 0 0 0 0 0 0 0 0 0 25 65 0 82 35 0 0 59 53 0 96 0 0 0 0 0 3 0 0 12 0 0 0 0 0 16 47 0 46 72 80 0 0 0 0 0 0 38 0 0 0 0 0 52 0 0 0 0 0 0 0 93 0 0 90 74 0 81 0 0 0 11 96 0 93 0 0
0 0 0 0 77 0 28 0 0 0 0 32 0 0 0 0 75 0 0 0 63 0 63 0 45 0 0 0 0 0 34 0 0 0 0 0 0 54 0 44 25 74 35 0 0 0 0 0 0 25 0 58 96 66 0 0 86 0 0 10 0 27 10 0 0 0 0 0 0 0 0 0 0 73 37 30 84 8 0 0 0 0 0 77 0 0 0 63 0 0 0 0 0 0 3 0 88 0 0 20
0 14 0 0 81 0 0 0 0 41 0 0 0 0 73 0 0 0 0 0 0 0 0 95 0 57 28 0 78 0 0 0 0 0 0 0 0 14 60 0 0 70 0 0 0 0 0 37 0 0 0 0 0 55 0 0 0 0 52 0 0 26 10 0 64 0 0 0 0 0 0 0 0 0 0 51 0 0 0 0 0 0 2 0 0 52 0 0 0 3 0 84 8 0 52 0 0 0 0 0
0 0 36 40 0 0 88 44 54 0 0 0 87 0 0 35 0 100 0 0 0 39 0 78 72 0 76 0 27 65 0 0 28 0 0 0 0 0 0 8 25 0 0 24 0 0 0 81 0 44 0 87 15 0 0 91 63 0 0 93 57 0 0 0 0 0 0 78 89 0 0 0 98 8 0 0 0 49 0 0 0 66 0 0 0 37 0 0 0 0 0 98 31 0 0 0 0 15 0 0
0 0 0 0 0 0 40 0 0 19 0 17 0 0 0 0 75 0 0 0 0 0 0 0 11 0 0 0 0 0 0 0 0 0 0 0 0 0 0 39 56 0 17 0 22 0 0 0 0 0 39 0 84 51 0 0 69 0 0 0 93 0 0 15 0 0 0 0 20 43 0 0 0 0 0 0 0 0 0 0 0 0 93 0 0 0 0 0 0 0 26 31 0 0 0 40 0 0 0 0
0 0 0 0 0 0 0 0 0 55 10 0 0 0 0 0 4 30 0 0 0 55 14 0 92 0 0 0 0 0 0 0 79 78 0 0 7 27 0 0 0 2 0 25 0 0 0 0 0 0 0 0 0 0 0 0 0 0 0 0 0 0 90 0 0 94 0 36 0 100 0 39 0 0 42 28 0 0 0 0 49 0 0 0 0 0 0 0 0 0 90 0 0 25 0 0 0 0 0 0
0 0 0 0 0 0 0 0 0 0 0 3 0 32 0 0 0 0 0 0 0 0 0 72 0 69 0 47 82 82 0 0 0 88 0 0 37 0 0 0 0 0 0 0 0 86 0 0 0 0 13 0 0 0 8 0 0 0 0 48 0 27 0 0 0 0 0 0 0 0 0 78 0 0 31 0 81 56 0 99 0 0 79 0 0 0 74 0 0 0 41 0 0 0 0 0 0 0 7 0
0 0 0 0 0 49 81 0 0 0 59 0 0 0 0 32 0 44 14 0 0 0 40 0 38 0 0 0 0 41 0 66 0 0 0 0 0 0 0 63 0 0 0 0 30 0 0 0 0 22 0 45 0 0 0 0 0 0 61 0 0 0 0 0 0 0 0 0 0 0 0 0 0 49 52 0 0 80 0 0 0 0 0 0 0 0 0 0 0 0 46 0 45 81 0 17 86 0 0 0
0 6 0 83 0 0 93 43 0 0 0 0 40 0 0 0 0 78 0 0 0 0 0 11 0 0 0 86 0 0 0 0 0 25 0 0 0 0 4 0 36 86 0 64 97 86 0 0 0 88 0 47 93 0 0 13 98 0 0 70 86 26 0 0 0 0 0 0 0 53 0 0 0 30 0 0 0 76 20 80 0 0 0 0 21 86 0 0 0 0 0 0 0 0 0 0 0 47 0 0
0 0 0 0 27 99 0 0 0 0 2 0 0 30 0 0 0 64 0 0 0 12 0 0 96 0 0 0 0 0 0 0 0 98 0 0 0 43 0 0 0 37 0 0 0 0 0 100 0 0 0 65 75 0 39 64 0 0 0 0 28 0 0 0 0 0 43 87 16 8 0 0 0 0 0 33 98 12 0 0 42 0 0 41 38 0 63 34 44 1 0 0 0 0 0 0 0 13 0 22
65 0 0 0 0 0 0 0 0 0 0 35 0 0 0 0 61 0 95 76 0 0 47 0 0 96 0 86 0 85 0 22 0 0 0 0 0 0 0 0 0 61 0 0 0 0 71 0 96 0 0 0 0 0 35 0 0 0 0 0 0 0 0 0 0 0 0 12 0 0 0 0 0 51 77 0 27 0 0 0 0 0 0 0 0 38 0 0 39 0 0 0 0 2 24 38 0 99 0 69
0 0 0 0 0 67 0 0 0 0 0 0 0 4 13 8 55 0 4 0 0 0 0 0 0 0 64 0 0 0 0 51 0 0 53 0 41 88 50 0 32 0 0 0 0 87 0 0 0 0 70 18 0 0 23 0 0 0 0 0 7 58 0 0 73 55 0 0 31 0 98 0 0 0 0 0 34 0 0 0 0 0 0 0 0 0 16 0 0 0 0 0 0 0 23 0 0 0 0 0
85 60 0 0 0 0 82 0 0 33 0 3 0 0 26 0 0 0 0 56 99 21 0 0 2 0 0 0 0 0 0 0 0 0 0 0 0 0 0 0 0 70 0 0 0 71 62 0 0 0 0 0 0 0 88 0 0 0 0 89 0 0 0 0 0 0 0 0 0 0 0 68 0 0 26 92 64 0 0 0 57 0 0 0 0 0 97 0 0 0 0 32 0 0 99 0 0 8 0 0
0 0 71 0 89 0 0 0 54 0 0 0 0 0 0 33 0 0 0 0 0 0 0 0 4 0 0 0 12 0 56 0 13 0 0 44 0 0 0 0 0 0 33 0 0 0 0 0 0 0 0 0 0 0 0 35 0 0 0 52 0 0 0 0 0 0 0 0 8 0 0 24 0 78 0 0 0 0 0 0 59 0 0 0 0 0 80 0 0 0 0 0 0 0 0 0 0 1 0 0
0 0 0 0 0 0 0 0 0 0 0 0 0 0 0 49 0 0 7 0 0 0 0 0 57 0 0 0 0 0 0 34 0 0 0 0 0 0 27 0 45 0 0 0 0 12 0 0 0 0 52 0 0 0 0 0 0 0 44 33 0 87 0 47 0 48 0 0 64 0 0 0 0 0 0 0 3 62 0 0 30 0 0 0 0 0 0 25 7 0 62 0 98 0 100 0 0 0 0 0
0 0 0 0 0 0 0 0 6 0 0 0 29 0 0 0 19 0 0 24 0 0 68 0 64 0 0 0 0 0 0 0 55 50 0 0 0 0 0 0 0 78 0 0 80 94 0 80 0 63 69 0 0 0 14 0 0 58 67 0 0 38 91 0 0 0 0 0 77 0 0 0 0 0 0 0 0 97 0 3 0 0 0 0 0 0 0 0 0 0 0 13 0 0 0 45 0 29 0 0
0 0 70 0 96 0 30 0 0 0 0 0 0 0 95 0 0 0 0 0 0 69 0 0 47 100 41 90 0 0 0 0 60 0 0 0 0 0 0 0 86 0 0 0 0 0 0 33 0 89 0 0 0 0 0 0 7 0 0 0 0 0 0 0 0 0 0 0 0 30 0 0 32 0 0 0 0 0 26 0 0 0 0 0 0 0 0 0 0 0 0 0 0 0 0 0 2 28 0 0
0 7 86 72 17 0 40 75 0 0 0 62 0 0 0 0 0 0 0 0 40 0 0 65 0 37 66 0 16 92 0 0 0 0 0 95 0 0 28 0 0 0 0 67 6 0 0 51 0 0 0 0 80 0 31 0 0 0 0 0 90 0 0 0 0 48 12 0 36 61 0 0 0 0 0 0 39 0 89 0 7 0 0 0 0 0 0 0 0 0 11 37 0 0 0 0 0 0 0 7
5 0 0 0 0 0 0 8 0 0 0 0 0 0 0 51 0 43 0 90 0 0 0 0 0 0 0 0 0 46 0 0 0 0 0 0 0 0 0 0 0 0 0 0 0 6 0 0 0 0 0 0 0 0 72 85 0 0 0 0 0 0 0 50 0 88 0 0 0 25 29 0 0 64 0 0 0 0 47 0 0 0 0 0 0 0 0 0 65 0 0 0 0 0 0 0 0 0 49 60
0 61 0 8 16 0 75 0 0 0 0 0 0 0 0 0 0 0 66 42 89 0 0 0 100 0 0 0 0 0 0 0 0 0 0 0 55 27 45 0 0 0 0 0 0 0 0 0 0 0 69 0 0 0 0 0 0 0 0 0 26 0 0 0 0 0 0 0 0 0 0 0 48 48 0 0 0 0 0 0 75 75 0 0 0 5 39 0 0 0 73 0 0 54 0 0 0 0 0 77
0 0 7 0 0 0 0 0 98 40 0 0 0 0 0 0 0 5 0 0 60 60 0 0 0 54 69 0 60 0 0 0 0 0 0 0 0 29 0 56 0 100 0 0 0 0 0 32 0 0 42 0 0 0 0 0 27 0 0 0 90 87 0 0 0 10 0 0 40 0 0 0 0 0 0 0 29 0 0 0 0 0 0 0 0 0 17 0 0 0 85 53 0 0 0 0 65 27 0 0
0 0 0 75 0 0 0 34 0 0 0 55 0 0 0 0 0 93 0 0 85 34 70 14 0 19 0 0 0 0 0 0 0 0 0 0 77 0 0 0 0 11 40 0 0 14 0 32 0 0 0 57 84 0 50 0 0 0 0 0 0 0 0 0 0 52 82 37 0 0 0 65 0 0 0 0 60 0 0 0 0 18 18 0 76 0 0 0 0 0 0 0 0 0 0 0 54 0 80 0
99 0 0 0 0 33 0 0 0 0 0 0 0 0 0 0 0 0 42 0 0 0 68 0 0 0 0 22 0 0 36 0 0 0 0 0 0 0 0 0 0 0 0 0 0 0 0 0 0 0 0 0 0 31 0 0 0 0 0 0 0 0 84 87 0 0 93 40 0 0 0 0 0 14 0 0 0 67 0 79 0 0 0 0 0 43 0 0 0 0 0 27 0 0 0 0 22 0 0 0
31 20 0 0 0 0 0 48 0 91 0 98 0 0 60 0 0 0 0 0 49 0 0 0 0 0 0 0 0 0 0 0 0 0 0 0 0 0 0 0 0 0 12 47 0 0 46 56 73 0 43 0 0 35 0 0 0 0 69 0 0 0 0 0 0 0 0 0 91 1 0 40 0 0 0 0 0 0 0 0 41 0 2 0 0 0 32 0 0 0 0 0 0 0 0 25 0 0 0 0
38 0 0 0 27 0 0 0 0 0 0 0 0 0 0 0 40 23 48 0 76 0 65 0 49 0 0 36 0 0 0 41 0 0 0 0 0 0 0 0 0 0 0 0 0 99 0 0 45 24 81 0 0 54 0 11 0 33 0 0 98 0 0 0 0 15 0 0 0 0 0 0 0 0 0 0 0 32 0 0 23 28 0 0 28 45 0 0 0 0 0 0 0 0 0 59 99 0 0 74
0 0 0 39 0 97 0 0 0 0 0 0 0 0 0 53 1 0 0 0 0 0 16 0 0 0 63 0 0 0 0 3 0 0 0 0 13 0 0 0 0 88 0 0 96 0 64 0 0 0 0 0 85 0 0 0 0 0 14 0 0 0 0 0 0 42 0 0 0 0 0 0 0 0 0 0 0 0 0 19 0 0 0 0 0 0 88 0 0 29 19 0 0 0 0 0 0 76 37 0
28 22 0 0 41 0 21 30 0 0 0 80 0 0 80 0 0 0 16 41 0 0 0 0 0 23 0 0 0 0 0 0 0 0 0 0 0 0 0 0 0 97 0 100 0 17 0 0 91 0 18 0 0 12 0 0 59 0 0 0 0 0 0 0 0 0 0 0 26 0 0 0 0 0 0 0 0 0 0 0 0 0 0 0 50 0 0 0 0 0 0 0 0 30 3 0 0 0 38 0
0 31 19 0 0 0 0 0 67 0 88 0 0 0 0 0 0 0 0 0 0 0 0 0 0 0 0 0 0 5 0 0 0 0 61 0 0 0 0 0 0 0 0 0 0 0 60 3 0 0 0 0 0 0 33 0 0 0 0 38 0 16 0 0 96 0 0 2 0 0 0 0 0 12 0 0 0 7 0 91 0 25 0 42 55 0 9 2 0 0 43 14 0 24 0 0 0 0 70 56
0 2 0 0 0 0 0 88 0 93 0 0 19 0 0 0 90 13 40 0 34 0 0 0 82 0 0 0 0 0 0 17 89 0 0 0 0 0 0 0 0 0 0 99 0 0 0 0 0 1 100 0 38 97 16 0 75 0 0 0 42 46 0 0 0 80 81 53 48 0 0 0 0 0 0 85 0 0 0 0 0 66 0 0 33 12 0 0 0 0 0 0 0 0 91 43 0 0 0 18
0 0 0 54 0 0 0 0 47 62 0 87 1 0 0 0 0 0 0 0 0 0 0 0 0 0 0 85 0 0 0 0 0 87 23 0 19 0 0 0 0 0 0 0 0 0 11 0 1 0 0 0 0 0 7 93 65 0 0 0 92 0 0 0 0 0 0 31 0 0 0 0 80 0 22 0 73 0 0 56 0 0 0 49 0 0 0 0 0 0 0 0 0 0 0 63 0 0 0 59
0 0 0 27 0 0 0 82 0 0 0 0 0 0 0 0 0 0 62 47 0 0 0 100 66 0 0 0 42 0 66 0 68 0 0 0 0 0 0 75 0 0 0 0 0 0 0 0 0 99 4 0 0 85 0 0 43 0 0 92 0 78 0 0 0 0 67 0 0 0 0 0 0 0 0 0 0 60 0 0 0 0 0 0 0 0 0 60 0 0 0 0 0 0 0 0 0 6 0 64
49 0 38 62 48 0 0 0 0 0 0 0 61 0 0 0 0 0 0 0 0 6 60 0 58 0 0 0 0 0 0 88 0 26 0 0 0 43 0 0 0 64 0 0 0 87 93 74 0 0 0 51 0 0 0 0 0 0 0 90 0 0 0 0 0 0 0 92 0 39 0 0 87 47 0 0 0 0 0 75 9 64 0 0 12 38 0 0 0 49 0 0 0 0 0 0 0 81 18 0
8 0 0 0 62 0 0 0 49 0 0 0 24 0 40 0 0 0 0 0 0 50 0 0 0 0 0 0 14 0 0 0 0 0 0 0 65 0 0 26 41 0 11 19 0 0 0 45 0 0 38 0 18 0 0 0 0 0 0 0 0 0 0 17 0 56 41 0 0 0 20 0 0 0 0 0 0 0 0 0 0 50 0 0 0 2 39 0 37 0 0 27 0 0 20 0 81 0 0 44
0 0 0 0 91 0 0 0 99 0 0 0 0 0 0 0 0 0 0 0 0 23 0 0 0 53 0 0 0 0 24 0 0 0 0 0 0 0 0 82 0 0 0 0 43 0 0 0 52 0 0 0 0 0 0 0 64 0 0 70 53 0 13 0 0 38 0 0 0 83 0 0 0 0 28 89 29 0 0 0 82 0 0 0 79 27 0 0 59 0 43 0 0 0 0 0 0 82 0 0
0 0 0 0 49 0 0 0 63 0 0 0 0 0 0 0 5 78 0 100 0 0 0 21 27 92 23 74 10 0 0 0 0 0 0 0 0 0 0 0 93 0 0 0 0 0 0 0 0 0 25 7 0 0 0 0 0 0 0 87 0 0 0 0 0 69 0 0 37 0 0 0 0 0 0 0 0 0 50 0 47 0 0 66 0 0 0 40 0 0 0 37 0 59 0 0 0 0 0 52
0 0 0 90 0 0 0 0 0 0 0 0 0 0 59 83 0 0 0 0 36 0 0 0 0 41 21 0 0 0 0 0 0 39 0 0 0 9 11 0 0 0 0 0 74 0 0 0 0 0 64 0 73 9 0 67 4 98 37 0 0 0 50 0 0 0 95 0 0 0 0 0 12 0 47 0 0 22 0 0 0 30 0 0 0 66 0 81 0 0 0 34 0 0 44 0 67 83 0 0
63 88 9 0 0 0 0 0 0 16 0 0 22 2 0 0 0 0 0 17 0 0 0 0 0 0 0 0 94 0 0 0 0 29 0 0 0 0 0 0 0 0 0 0 0 0 18 63 0 0 0 45 0 0 0 0 0 0 0 0 0 50 0 0 0 50 0 0 0 0 0 0 0 0 0 0 0 0 58 0 0 0 0 0 0 0 0 0 0 0 66 0 86 0 0 0 35 54 0 0
23 0 0 18 0 0 0 40 21 0 13 0 0 0 71 0 0 0 0 0 0 0 45 0 52 52 0 0 0 0 0 0 0 0 38 74 0 0 0 0 0 0 0 0 0 0 90 0 0 0 0 0 27 42 0 0 0 0 0 0 0 0 0 0 9 73 0 83 0 68 60 0 34 87 0 0 0 94 0 0 0 0 0 0 0 0 44 0 0 29 0 94 0 29 22 0 0 43 0 0
0 0 0 0 0 0 0 0 0 0 0 0 0 0 0 0 8 74 0 0 46 2 0 47 78 0 61 0 0 78 71 0 0 0 66 0 0 0 0 0 0 0 0 73 0 0 0 99 0 0 88 0 0 0 0 87 0 0 1 0 41 0 0 0 0 30 0 19 0 0 0 0 0 6 0 46 0 90 14 37 0 41 68 0 0 16 0 0 0 6 0 0 0 0 0 0 0 0 32 0
0 98 0 0 54 0 0 0 0 0 0 0 0 16 0 0 0 0 0 10 0 67 44 0 0 0 29 0 0 0 99 0 0 97 0 50 62 52 0 0 0 0 63 0 75 0 0 0 0 20 0 0 0 0 0 0 0 0 11 0 0 46 0 0 0 0 0 0 0 0 0 0 0 0 0 0 0 0 0 0 0 44 0 83 0 59 0 0 0 0 0 0 95 0 0 0 0 0 0 36
86 0 0 0 0 0 0 0 0 0 0 0 0 0 0 0 0 2 0 0 0 0 0 0 0 0 0 0 90 0 0 0 0 78 0 0 0 0 0 0 0 68 0 0 0 0 0 85 18 0 0 0 0 0 0 80 0 0 0 0 0 0 0 0 0 0 0 0 0 49 56 0 0 0 0 0 25 0 0 0 0 0 0 0 0 48 0 43 0 0 0 0 0 0 0 0 0 91 0 0
100 0 60 0 0 65 0 0 85 0 0 0 75 0 0 0 0 0 0 0 0 0 0 0 0 14 96 0 0 0 0 21 39 0 64 0 28 0 0 0 90 0 0 0 0 0 0 82 46 0 70 0 0 0 0 84 0 94 78 23 0 0 17 94 0 0 0 0 0 0 7 0 0 0 56 32 0 0 28 0 0 0 0 0 0 0 0 0 0 0 0 0 0 0 0 0 0 0 34 0
73 0 0 21 0 94 0 0 66 0 0 7 0 0 0 0 0 0 0 0 0 49 87 0 0 0 0 0 0 0 0 0 0 0 14 0 0 0 0 0 0 0 0 63 0 0 97 0 0 0 0 0 0 0 0 0 0 0 0 62 0 0 0 5 0 0 0 0 89 0 0 69 0 0 22 0 0 0 0 58 0 0 0 0 0 0 0 26 23 56 85 0 92 0 0 0 0 11 0 98
0 0 0 56 0 0 0 7 0 86 0 85 0 11 73 61 0 0 59 0 87 0 62 62 0 0 0 0 0 0 0 0 0 41 11 50 0 18 100 0 0 81 0 74 0 7 0 87 0 60 48 0 0 31 0 0 0 0 67 0 0 0 0 0 30 0 0 0 0 0 95 0 0 0 0 0 73 0 0 0 0 76 0 0 88 89 0 0 63 47 0 0 0 0 0 0 0 0 0 36
0 89 0 0 0 0 22 73 0 0 12 62 0 91 0 0 0 0 0 83 42 0 0 0 62 16 0 69 7 0 0 81 0 0 27 0 0 0 0 0 0 0 0 40 0 0 0 0 0 63 0 0 80 0 64 0 0 0 57 0 0 88 0 62 0 0 72 0 18 99 0 93 0 62 34 10 0 0 0 0 0 0 72 0 93 0 0 0 0 0 0 0 0 0 0 0 0 0 0 0
0 6 0 0 0 0 0 53 0 27 41 0 0 0 19 0 0 0 0 0 0 58 25 100 0 76 0 0 0 0 0 60 67 0 0 0 0 93 0 0 0 0 0 0 0 0 0 0 0 0 0 42 0 0 0 0 0 0 0 0 0 0 46 0 0 9 0 0 72 0 0 0 0 53 0 0 0 0 0 25 0 0 51 0 0 81 0 0 50 0 91 0 92 78 59 0 0 0 0 0
0 0 0 0 51 0 0 0 0 0 53 31 0 0 0 0 1 0 0 0 16 0 0 0 0 0 0 0 39 0 58 0 0 35 0 0 0 0 0 0 0 0 0 0 0 50 0 0 0 0 0 41 0 0 0 0 0 0 60 0 0 0 0 0 0 78 0 0 0 0 0 0 59 0 0 53 75 0 0 0 34 0 0 0 0 0 0 0 0 9 87 0 5 0 22 29 0 0 0 0
18 0 0 0 0 0 37 0 17 0 66 0 0 86 0 12 51 0 0 0 0 0 0 0 6 0 0 66 0 0 0 35 0 0 0 0 0 0 0 0 0 0 0 0 0 0 0 0 0 0 52 27 0 0 76 0 0 0 0 0 0 16 88 94 0 25 0 0 0 0 1 42 64 0 0 0 0 0 8 0 0 0 0 17 63 0 0 0 0 0 0 0 0 0 0 0 0 0 0 0
0 0 0 0 0 0 0 0 0 0 0 14 0 0 0 0 0 0 0 0 0 0 20 60 0 0 0 0 0 0 0 26 0 0 0 35 0 4 0 0 0 0 0 0 0 40 63 0 0 0 0 57 39 0 72 38 0 0 62 0 0 0 0 0 0 0 0 0 0 0 0 0 0 0 0 63 0 1 0 0 31 0 62 72 0 0 0 97 0 0 0 20 0 0 0 0 0 64 0 0
17 0 0 0 22 0 0 65 0 0 92 0 93 0 0 0 0 0 0 0 0 0 0 0 0 0 0 0 67 0 0 45 0 92 0 16 0 0 37 0 0 0 14 0 0 0 73 36 65 0 0 0 0 0 0 0 0 0 0 0 30 0 0 0 0 0 0 0 0 0 0 0 0 0 0 18 0 0 15 0 0 0 0 0 48 24 0 0 25 0 38 0 94 0 0 0 0 0 0 0
0 0 0 0 0 0 0 0 0 19 0 0 0 50 0 0 0 0 0 0 0 0 0 88 0 0 0 67 0 0 58 0 23 0 0 41 0 0 0 0 0 0 0 0 0 0 0 0 0 0 0 0 0 0 95 72 73 0 0 89 0 0 35 0 0 0 0 0 0 82 0 0 0 0 97 0 0 0 0 0 54 0 0 0 0 82 0 0 0 0 11 0 0 0 34 0 22 0 0 0
0 86 0 0 0 0 0 0 0 99 0 0 0 0 0 72 97 0 0 0 0 0 0 0 42 0 0 0 0 37 95 0 0 0 34 0 0 0 0 0 0 82 0 0 16 0 0 0 0 63 0 0 0 0 0 0 63 22 81 0 0 0 11 67 0 51 0 0 0 0 0 0 0 0 0 75 7 87 0 0 0 0 0 0 0 0 0 0 0 0 0 0 38 0 0 0 0 0 0 18
33 0 0 0 0 0 0 0 0 0 0 0 73 0 47 2 0 0 0 0 0 0 23 69 0 0 0 0 43 0 0 0 0 0 94 0 0 0 0 68 0 27 37 0 0 0 0 0 0 0 0 88 0 0 0 0 0 0 0 46 0 14 0 0 0 0 0 0 0 0 23 0 53 0 0 56 0 0 0 0 67 0 0 0 0 0 0 0 14 0 15 5 0 95 94 0 0 0 0 73
9 0 66 42 7 0 0 0 0 24 72 0 0 0 0 0 0 72 0 0 0 0 0 0 22 0 0 0 99 0 0 0 0 0 0 45 0 13 0 0 0 0 0 0 58 90 0 0 0 0 0 0 0 0 0 100 75 0 0 0 13 34 0 0 0 0 0 0 0 0 0 29 0 0 0 0 35 19 0 0 0 0 0 47 84 0 0 35 0 0 0 19 0 0 8 0 0 0 0 95
0 42 0 0 0 0 12 0 0 0 0 0 60 68 100 0 0 0 72 30 0 0 0 95 28 0 84 0 0 0 0 0 0 0 0 13 0 0 0 0 81 0 0 69 0 0 45 91 0 67 0 0 0 0 27 0 0 75 0 0 0 0 0 0 64 74 86 0 0 46 84 7 91 14 31 0 29 0 0 0 0 0 74 0 0 92 0 0 0 0 0 75 36 0 0 0 0 46 0 0
0 0 0 0 0 48 0 35 0 0 0 0 29 0 0 0 0 0 0 0 0 0 0 0 0 0 0 0 49 0 67 100 0 64 0 0 0 49 0 57 0 0 0 0 0 21 0 0 0 13 98 0 0 0 29 22 0 46 0 69 0 39 0 0 0 0 0 0 0 0 0 0 0 0 66 0 0 0 0 0 0 0 0 0 0 27 0 55 0 0 0 0 0 0 0 0 0 0 59 0
0 0 1 0 0 0 38 10 0 0 0 0 0 0 44 0 0 64 0 0 14 13 0 0 0 0 0 0 0 0 4 0 0 0 3 36 0 84 0 33 0 0 1 0 0 58 0 0 0 0 0 0 0 0 46 0 0 0 0 0 0 0 48 0 49 0 0 0 0 0 75 52 0 0 0 0 0 0 0 0 0 0 0 0 0 0 0 68 0 68 0 5 0 78 0 0 0 0 0 0
0 0 0 11 0 28 0 0 0 71 0 0 97 0 0 0 67 0 35 49 0 0 0 0 0 0 0 16 0 0 0 0 0 0 52 0 0 68 0 0 48 0 0 0 98 0 34 0 0 0 0 1 29 0 0 8 0 0 22 0 0 21 67 0 0 0 0 61 0 0 0 39 0 0 0 84 49 0 78 0 0 0 0 0 0 0 84 0 0 0 0 41 0 0 26 53 0 0 58 52
73 81 0 0 0 0 0 0 0 0 0 24 54 0 0 0 0 0 0 0 0 62 0 0 0 0 42 62 0 0 0 0 0 0 0 0 0 93 0 0 96 0 0 0 0 0 23 0 89 14 0 0 0 11 18 0 12 0 0 0 0 0 94 0 13 43 0 57 0 0 0 0 81 0 35 47 0 0 0 24 98 1 12 0 0 0 0 0 0 0 0 0 0 0 0 88 0 0 0 0
0 0 38 0 0 0 0 0 5 0 0 0 0 0 0 0 0 0 0 0 43 59 0 0 55 36 0 0 0 0 0 28 0 0 0 0 0 29 0 0 79 24 14 6 93 0 0 0 0 0 0 0 0 0 0 0 0 0 0 0 34 75 0 0 63 0 0 0 1 0 0 0 0 84 0 0 0 0 67 56 0 0 0 0 0 20 35 0 0 60 62 0 0 93 0 0 95 0 0 0
0 0 45 0 0 0 0 85 0 0 0 0 30 0 0 0 0 0 16 0 0 0 0 0 0 0 63 0 0 0 0 0 0 0 0 0 0 0 0 0 87 0 39 0 0 0 0 0 0 90 0 25 0 0 0 0 99 0 0 81 0 4 0 58 0 0 0 0 0 79 0 0 12 0 94 26 0 0 0 0 0 0 0 0 16 0 0 0 0 79 0 0 18 0 0 76 0 0 0 70
0 0 0 0 0 0 90 23 0 0 0 0 0 39 0 83 82 11 0 0 0 0 0 90 0 52 0 0 2 22 0 0 0 0 0 0 0 0 0 0 0 0 0 0 0 0 0 0 0 74 0 0 64 0 72 0 86 40 0 0 75 42 0 100 52 0 89 0 0 28 0 0 0 0 0 70 95 57 0 0 0 0 0 0 0 0 0 0 0 0 0 0 52 0 0 0 0 0 0 89
0 82 0 0 25 0 0 59 0 78 22 79 72 41 97 0 17 0 0 0 0 12 0 7 0 0 0 0 0 0 0 51 0 0 0 0 0 0 0 0 0 0 0 0 45 0 0 0 0 55 21 0 56 0 0 0 0 0 0 0 0 0 40 0 0 0 0 0 0 0 0 24 0 0 69 0 12 0 0 0 0 0 42 92 0 0 11 0 0 47 0 0 0 0 0 0 0 34 0 0
19 0 0 19 0 64 0 0 0 28 0 0 0 0 0 78 3 0 0 59 0 0 0 0 0 0 0 80 0 0 0 17 91 91 65 89 0 0 92 0 34 0 0 0 0 7 0 0 0 0 0 0 83 0 0 17 0 5 88 0 0 0 0 66 0 0 69 39 0 0 0 0 0 0 100 12 0 0 0 0 0 0 0 0 0 0 0 0 0 0 35 0 0 0 0 68 0 0 0 0
0 0 87 0 0 0 0 0 0 0 0 0 62 33 0 0 55 25 0 0 0 0 0 0 0 0 0 61 0 0 0 0 0 0 0 0 82 0 26 0 28 0 0 0 0 0 0 0 0 0 6 0 0 67 84 0 0 0 0 52 0 0 0 88 0 0 0 0 77 70 0 0 0 0 0 0 0 0 0 0 0 0 0 0 15 80 0 88 0 0 0 0 48 0 0 0 0 0 0 22
0 0 0 0 0 0 71 43 0 0 0 0 0 0 0 0 7 0 0 0 0 0 0 0 0 0 0 37 0 52 42 0 0 0 0 93 0 0 0 0 0 62 95 0 0 0 0 29 0 12 39 0 44 0 41 0 0 0 0 89 0 0 0 0 0 0 0 0 0 0 0 0 84 0 0 0 0 0 0 0 0 0 0 0 0 0 9 0 0 0 0 62 0 0 0 0 0 0 0 0
0 0 0 0 0 42 30 12 64 0 0 0 0 0 0 0 0 89 0 60 12 63 73 0 6 0 0 0 0 0 70 0 0 0 0 80 0 0 0 0 0 0 0 0 25 0 0 0 0 0 0 0 0 0 0 6 0 0 0 0 0 0 0 0 0 11 0 3 0 0 46 47 0 55 0 27 0 0 0 0 0 0 0 85 0 0 0 0 11 0 0 0 0 0 0 0 95 0 0 0
0 0 0 0 0 0 0 0 0 0 75 47 0 0 0 64 0 47 83 63 0 0 0 0 17 0 0 0 0 0 91 0 0 0 0 0 91 0 0 0 0 100 69 0 0 84 0 31 0 0 16 0 0 54 0 82 0 0 69 0 0 0 0 93 0 0 0 0 0 0 0 0 68 0 0 0 21 0 0 0 0 0 0 0 0 0 0 69 0 0 0 0 0 73 0 0 31 0 84 40
0 0 0 0 0 60 0 0 0 0 0 0 0 0 6 0 0 0 0 60 0 0 0 11 64 0 0 82 0 0 0 54 0 34 0 0 0 93 0 9 0 0 0 61 0 31 64 0 22 87 88 24 0 81 0 0 0 17 12 0 0 0 0 23 0 0 0 0 54 16 27 58 0 54 0 0 0 55 0 0 0 0 88 0 0 0 65 0 27 0 0 0 0 0 0 0 0 89 0 0
0 0 0 32 0 89 0 27 0 0 28 0 0 0 0 0 0 78 25 36 0 13 0 44 34 0 49 0 0 0 0 0 0 0 45 0 14 66 13 0 55 29 0 0 0 0 0 21 0 0 0 0 0 0 0 0 93 47 0 0 0 0 0 0 0 0 0 0 0 0 0 0 0 0 0 0 0 0 0 99 78 0 0 0 0 0 0 94 0 0 0 59 0 0 0 0 36 0 84 0
0 0 0 0 98 0 57 0 4 0 0 0 0 35 0 0 1 0 0 1 0 0 0 0 0 0 0 0 0 18 31 0 0 0 0 0 0 94 0 0 0 0 7 0 0 0 0 0 0 0 15 0 0 0 5 66 0 0 0 86 0 9 0 0 76 0 88 0 0 0 0 0 0 0 100 0 0 0 0 0 34 0 99 0 0 0 0 0 0 0 0 0 25 0 18 0 0 0 0 0
13 0 100 68 0 22 0 0 0 59 0 0 0 0 0 0 76 0 0 51 23 70 0 12 0 75 26 0 44 28 0 0 0 0 0 0 0 0 0 0 24 0 50 0 62 9 0 0 0 0 0 0 0 0 0 0 0 54 0 0 0 93 0 0 0 5 0 0 0 0 0 0 18 0 0 0 0 0 74 0 0 0 0 71 0 78 0 85 0 11 0 0 0 0 0 94 55 12 0 0
0 0 0 0 0 15 0 0 58 0 0 0 0 0 0 0 0 0 0 26 0 0 99 0 0 66 0 0 0 0 33 0 0 0 0 60 0 0 0 43 96 2 0 53 41 0 0 0 0 0 0 0 0 0 0 0 0 77 91 0 0 30 98 74 0 0 0 0 74 0 0 0 0 0 0 0 0 22 0 0 0 0 0 38 0 0 0 68 0 0 0 0 0 0 0 0 0 0 23 86
0 0 0 0 71 0 0 0 0 0 0 0 3 0 0 0 0 0 69 0 67 0 0 0 0 40 0 62 0 0 0 0 0 0 0 0 0 0 72 0 50 0 66 24 0 0 0 0 0 0 88 0 99 0 0 0 1 44 0 0 0 90 0 0 0 34 74 0 0 0 13 0 0 58 13 66 0 0 0 54 0 0 0 0 0 0 0 0 0 39 0 0 0 0 2 0 0 0 46 0
79 0 0 0 96 0 63 0 0 0 0 0 44 0 0 0 100 0 0 0 16 0 0 0 0 0 0 27 90 0 58 0 0 0 0 0 34 0 53 0 0 0 0 0 0 0 0 0 0 100 0 0 0 25 0 0 0 0 0 20 49 88 0 0 0 0 4 0 0 0 0 0 67 74 58 0 0 0 38 22 0 0 0 89 0 0 0 0 0 0 0 0 0 0 0 83 0 96 0 0
0 0 0 1 0 25 0 0 86 0 1 0 0 0 0 0 0 0 0 43 71 0 32 0 0 67 0 0 0 80 0 12 0 0 0 0 28 0 0 0 0 0 0 0 0 0 0 0 0 0 0 0 0 0 0 25 0 0 0 90 0 45 0 0 0 0 0 0 0 34 0 0 0 71 0 0 0 0 0 0 15 0 0 0 0 55 0 0 0 0 0 25 0 0 0 0 0 0 0 40
0 0 0 53 0 0 91 74 0 0 0 4 0 0 0 0 0 0 0 86 41 66 0 0 0 0 0 0 0 78 40 44 32 0 0 8 71 0 0 0 0 42 62 0 0 0 0 0 75 0 0 0 0 0 0 0 0 0 48 0 18 0 0 0 0 20 0 0 95 66 0 0 0 20 0 0 0 0 0 11 0 0 0 0 0 0 88 0 0 0 0 0 29 0 7 79 0 98 0 0
0 0 0 0 0 77 99 0 0 0 0 0 96 0 0 0 12 0 0 0 0 0 0 0 0 0 76 0 0 0 0 30 0 0 0 0 0 0 79 0 0 76 0 80 0 9 47 0 0 76 0 0 17 0 0 26 0 0 0 0 0 0 0 17 0 0 0 0 24 0 0 0 0 72 54 0 0 0 0 0 90 0 0 0 0 49 0 0 0 0 0 0 0 0 100 0 0 0 0 0
53 0 10 0 0 0 0 13 0 0 87 0 0 0 0 0 0 97 0 28 0 0 88 0 0 0 0 0 64 0 0 0 0 47 26 0 0 0 0 0 0 81 0 0 0 0 0 0 80 52 0 74 0 0 0 0 0 0 99 0 68 0 0 85 0 0 0 0 0 0 0 0 4 21 0 68 17 0 0 64 0 32 0 51 0 38 0 0 0 0 0 0 0 0 0 0 10 0 0 0
0 0 0 0 0 99 0 97 23 0 0 0 5 0 0 0 49 73 0 0 0 0 58 0 60 85 0 0 0 0 0 0 0 0 71 0 0 0 0 0 0 0 0 70 27 0 0 0 54 91 0 0 0 0 0 0 0 0 5 45 0 0 63 0 0 0 76 98 0 0 0 0 0 0 0 0 0 91 0 0 0 38 82 67 0 0 69 0 0 0 0 0 0 0 0 0 0 0 0 0
0 21 0 0 0 0 0 0 39 92 0 0 0 87 0 23 71 60 0 0 0 0 0 0 0 0 72 0 0 0 0 0 0 86 0 72 0 0 0 0 0 60 0 0 0 0 37 22 0 0 0 0 0 0 28 0 0 0 0 38 91 0 66 0 0 0 0 0 0 0 0 0 98 0 0 0 0 0 0 0 0 8 0 0 0 0 0 0 81 0 52 0 17 0 27 0 0 0 0 0
0 0 0 0 0 0 0 0 0 0 0 0 0 0 0 0 38 0 0 0 0 88 47 0 71 0 0 0 0 0 0 73 8 0 16 0 39 16 0 0 0 0 0 0 29 0 8 0 0 83 0 0 0 0 0 0 98 0 0 85 36 29 0 0 0 63 28 0 0 0 39 0 31 76 0 14 62 6 60 0 0 0 0 18 0 0 0 72 28 86 0 0 54 0 0 0 0 0 82 0
31 29 0 0 15 0 0 0 0 31 7 0 0 0 47 0 0 71 0 0 0 0 0 0 77 13 0 2 0 0 0 0 0 0 54 0 0 0 0 87 0 0 0 0 0 0 0 2 0 0 0 0 0 0 79 0 87 0 9 13 0 0 0 43 0 0 0 0 1 0 0 9 5 0 0 0 0 41 0 0 0 74 15 92 0 0 0 0 0 0 0 0 82 0 0 0 0 0 0 63
18 0 0 0 0 16 0 0 29 73 97 0 0 0 0 9 15 0 0 86 0 0 87 0 43 49 0 78 19 0 74 0 30 0 0 76 0 0 0 0 0 0 0 0 66 0 72 0 0 0 0 0 0 0 0 0 90 0 0 43 0 0 0 0 90 0 0 0 0 15 0 0 0 0 0 0 0 0 0 58 0 0 0 100 0 0 0 15 50 0 0 78 0 0 0 0 0 0 0 0
48 0 0 24 13 0 94 0 0 0 0 0 0 0 0 0 72 0 0 13 97 0 6 0 0 0 57 0 29 0 5 0 53 0 0 0 0 0 0 32 0 90 0 0 80 0 0 0 62 36 0 0 0 0 52 0 0 0 0 43 0 0 0 0 0 0 0 0 0 0 0 75 64 0 0 0 0 0 0 27 0 0 0 0 0 0 0 0 0 36 0 0 0 74 0 0 0 0 24 0
87 0 72 0 12 28 0 0 0 0 20 0 0 68 58 0 37 61 18 72 0 0 58 75 0 0 99 0 24 0 0 0 0 80 0 0 0 0 35 52 0 0 0 0 0 0 0 0 77 0 0 0 97 0 0 0 94 0 0 0 0 0 25 0 68 0 0 0 0 0 0 0 0 0 0 0 0 78 0 0 59 0 0 0 16 59 0 0 0 24 1 1 0 0 25 0 0 0 0 0
34 0 0 0 0 0 0 0 0 81 6 0 0 0 0 0 0 0 0 0 0 7 0 0 0 0 0 18 0 0 0 0 45 0 73 0 0 0 47 21 97 0 0 0 0 0 0 0 0 6 0 0 0 0 0 25 0 92 0 0 0 23 0 0 44 16 18 15 0 0 0 0 0 0 0 0 15 0 0 0 0 0 0 0 0 0 0 0 84 0 0 0 0 52 6 0 0 0 82 0
0 0 0 0 0 0 34 83 0 0 0 0 0 0 0 0 44 0 0 0 0 0 0 0 0 0 0 0 68 0 0 0 99 0 0 0 0 0 58 0 10 0 0 0 11 0 69 0 0 0 0 0 0 0 50 0 48 0 0 0 0 0 0 0 0 0 0 0 0 0 0 75 27 5 28 0 60 0 0 0 0 0 0 0 0 0 0 0 0 0 0 0 0 0 0 0 0 0 0 0
0 0 0 0 74 98 0 0 0 0 0 3 0 0 39 63 10 46 0 0 44 0 0 80 0 0 0 0 0 0 0 0 0 32 10 0 90 0 0 17 0 0 33 0 39 0 0 46 0 78 0 98 0 86 0 0 0 0 0 0 0 0 16 0 93 0 0 0 0 0 0 0 0 0 0 0 0 0 0 0 38 0 0 0 0 42 0 43 0 0 0 0 0 0 0 0 0 0 0 0
0 0 0 0 0 0 24 0 0 0 0 0 0 0 0 0 0 0 0 0 0 0 24 0 36 0 0 0 0 0 0 0 0 0 0 0 0 0 0 0 0 91 0 0 11 0 0 15 0 0 0 0 31 10 0 0 0 0 0 0 65 0 0 0 0 0 0 0 100 0 0 0 89 0 0 0 55 0 56 49 0 0 0 0 0 0 0 0 0 0 82 0 0 0 0 0 0 0 31 0
45 0 41 0 0 0 0 0 0 0 0 0 0 30 0 0 52 69 10 0 60 0 22 0 0 0 0 0 0 0 65 0 0 3 0 33 59 76 0 0 0 0 0 37 0 47 0 0 0 0 0 0 0 0 0 0 0 0 0 0 0 0 0 0 78 0 0 12 9 0 0 0 28 0 0 24 0 0 0 0 0 0 58 0 0 0 0 0 63 0 0 0 0 0 2 0 0 37 0 0
88 0 0 0 0 0 0 0 0 91 0 0 0 0 0 35 0 0 4 0 14 0 44 0 0 54 0 0 45 0 0 0 21 90 0 0 0 0 0 36 12 0 98 44 34 0 0 0 82 0 0 0 0 0 0 0 46 0 65 0 0 0 0 0 0 0 0 0 0 0 12 0 0 0 78 0 0 0 0 0 0 0 67 0 0 0 0 29 0 0 0 45 0 0 0 0 0 49 0 0
0 70 0 0 0 0 0 0 0 0 92 0 83 0 13 71 89 0 0 0 41 0 1 48 0 0 82 0 0 53 0 0 0 88 0 0 54 97 0 0 0 60 0 5 0 0 0 77 0 65 0 34 0 0 0 0 0 0 78 0 0 81 66 0 0 0 47 72 31 92 0 0 0 85 0 95 0 0 0 0 0 0 0 0 22 0 0 75 84 52 0 0 0 0 0 39 0 0 79 0
0 49 0 64 0 0 0 0 0 0 0 0 0 0 0 0 0 0 0 0 0 0 0 0 0 0 0 0 0 56 0 27 0 0 0 0 54 6 0 77 68 14 50 0 0 10 0 0 0 0 0 0 0 0 0 62 0 0 0 0 58 0 0 0 0 0 0 0 72 0 0 0 0 0 0 76 0 0 0 0 51 0 72 0 0 0 0 0 0 0 0 0 41 0 0 0 0 0 0 82
70 0 76 0 0 0 0 0 0 0 0 0 0 98 0 41 95 0 0 0 0 0 52 0 0 6 0 0 51 0 0 0 0 0 0 0 0 28 11 0 0 0 0 32 0 0 0 78 0 0 42 0 67 0 0 92 0 0 0 0 0 0 0 0 0 0 77 82 0 0 0 0 0 0 0 0 0 0 64 0 73 0 0 35 0 0 9 0 0 0 0 0 0 0 0 0 0 77 0 0
0 0 0 0 0 4 0 0 0 0 0 0 0 28 0 0 0 0 0 0 45 0 0 80 0 0 0 26 0 66 40 0 0 84 54 0 0 0 0 0 0 0 73 0 50 0 0 0 0 0 0 0 0 0 10 0 38 0 97 55 0 0 0 0 53 0 27 0 0 14 0 13 0 51 0 0 20 0 0 0 93 9 0 0 0 0 0 44 0 0 86 0 0 0 0 0 0 0 0 0
0 23 0 0 0 0 0 0 0 0 0 0 0 68 0 0 0 0 0 0 23 0 0 0 0 14 0 21 33 0 0 0 0 29 0 0 54 0 0 0 7 0 0 0 50 0 2 44 63 0 0 0 0 0 31 83 3 14 0 0 0 38 64 0 39 0 0 0 0 53 0 0 97 0 45 0 0 0 0 0 54 58 0 70 0 0 33 0 0 0 0 0 0 57 84 0 55 0 0 0
0 0 0 0 20 48 85 78 0 0 0 0 0 0 0 0 89 95 37 0 0 0 80 100 0 0 0 0 0 0 0 0 0 0 99 79 0 0 100 0 54 70 51 0 0 0 0 0 0 0 0 72 12 0 0 0 0 0 0 0 0 0 0 0 0 30 0 0 0 0 0 0 0 1 0 0 69 0 16 0 0 0 0 30 0 24 0 0 0 0 0 0 0 0 0 98 0 0 32 0
0 41 0 0 0 0 0 0 0 0 0 0 0 0 0 0 5 0 0 5 0 0 0 0 0 0 0 42 0 0 0 69 0 0 0 0 0 0 0 0 13 0 20 0 20 0 0 0 0 0 0 0 54 0 31 0 0 0 41 87 15 93 0 53 0 0 0 0 96 0 0 62 0 0 1 0 0 76 0 0 14 34 0 39 3 90 99 80 29 64 0 0 0 73 0 0 0 0 0 0
53 0 0 0 0 0 0 0 76 0 0 0 0 0 91 0 0 0 0 0 68 0 5 0 0 8 0 36 0 32 0 9 0 20 0 0 27 0 0 0 0 0 0 0 0 0 0 0 0 0 74 21 0 0 75 0 83 58 71 0 0 0 0 32 0 0 0 0 0 0 66 0 60 27 0 0 29 54 56 0 66 0 85 0 62 0 2 0 0 12 10 0 0 18 0 0 70 95 0 0
0 0 0 0 0 0 30 0 0 0 0 0 0 0 0 0 0 26 0 0 0 0 0 0 0 0 0 0 0 0 0 0 0 87 88 0 4 26 0 0 82 81 0 2 0 0 0 0 0 70 0 0 32 0 0 0 0 0 7 86 0 68 12 79 0 0 0 0 0 0 43 0 0 0 0 0 26 0 0 0 0 0 0 0 25 0 0 11 1 0 35 0 0 0 6 56 0 78 0 0
0 0 0 0 100 0 19 0 0 0 0 94 0 0 0 0 80 0 0 0 58 0 52 0 39 0 0 0 0 0 91 0 0 0 0 0 0 3 0 49 57 99 42 0 0 0 0 0 0 32 0 67 50 20 0 0 18 0 0 85 0 47 52 0 0 0 0 0 0 0 0 0 0 34 35 32 31 18 0 0 0 0 0 92 0 0 0 34 0 0 0 0 0 0 19 0 14 0 0 43
0 63 0 0 91 0 0 0 0 40 0 0 0 0 91 0 0 0 0 0 0 0 0 29 0 59 28 0 2 0 0 0 0 0 0 0 0 42 61 0 0 85 0 0 0 0 0 25 0 0 0 0 0 9 0 0 0 0 48 0 0 72 61 0 28 0 0 0 0 0 0 0 0 0 0 12 0 0 0 0 0 0 97 0 0 38 0 0 0 5 0 72 38 0 64 0 0 0 0 0
0 0 49 55 0 0 40 4 31 0 0 0 50 0 0 92 0 70 0 0 0 4 0 17 92 0 21 0 81 87 0 0 72 0 0 0 0 0 0 25 76 0 0 100 0 0 0 18 0 8 0 20 51 0 0 45 69 0 0 43 83 0 0 0 0 0 0 6 61 0 0 0 62 75 0 0 0 50 0 0 0 36 0 0 0 22 0 0 0 0 0 27 6 0 0 0 0 39 0 0
0 0 0 0 0 0 51 0 0 96 0 76 0 0 0 0 6 0 0 0 0 0 0 0 21 0 0 0 0 0 0 0 0 0 0 0 0 0 0 17 36 0 6 0 7 0 0 0 0 0 77 0 22 6 0 0 66 0 0 0 56 0 0 54 0 0 0 0 67 79 0 0 0 0 0 0 0 0 0 0 0 0 28 0 0 0 0 0 0 0 39 78 0 0 0 9 0 0 0 0
0 0 0 0 0 0 0 0 0 56 37 0 0 0 0 0 79 44 0 0 0 64 70 0 15 0 0 0 0 0 0 0 90 34 0 0 33 80 0 0 0 83 0 58 0 0 0 0 0 0 0 0 0 0 0 0 0 0 0 0 0 0 70 0 0 67 0 52 0 79 0 73 0 0 57 41 0 0 0 0 81 0 0 0 0 0 0 0 0 0 27 0 0 69 0 0 0 0 0 0
0 0 0 0 0 0 0 0 0 0 0 32 0 91 0 0 0 0 0 0 0 0 0 15 0 6 0 35 3 74 0 0 0 1 0 0 25 0 0 0 0 0 0 0 0 51 0 0 0 0 41 0 0 0 95 0 0 0 0 72 0 55 0 0 0 0 0 0 0 0 0 63 0 0 20 0 54 22 0 56 0 0 30 0 0 0 66 0 0 0 89 0 0 0 0 0 0 0 5 0
0 0 0 0 0 9 51 0 0 0 34 0 0 0 0 70 0 44 85 0 0 0 14 0 64 0 0 0 0 62 0 17 0 0 0 0 0 0 0 81 0 0 0 0 9 0 0 0 0 92 0 84 0 0 0 0 0 0 59 0 0 0 0 0 0 0 0 0 0 0 0 0 0 57 66 0 0 23 0 0 0 0 0 0 0 0 0 0 0 0 28 0 30 46 0 18 57 0 0 0
0 88 0 68 0 0 99 82 0 0 0 0 46 0 0 0 0 58 0 0 0 0 0 41 0 0 0 25 0 0 0 0 0 32 0 0 0 0 5 0 43 100 0 34 32 72 0 0 0 52 0 68 42 0 0 69 90 0 0 72 90 89 0 0 0 0 0 0 0 94 0 0 0 77 0 0 0 22 26 86 0 0 0 0 74 53 0 0 0 0 0 0 0 0 0 0 0 68 0 0
0 0 0 0 88 9 0 0 0 0 26 0 0 5 0 0 0 28 0 0 0 72 0 0 44 0 0 0 0 0 0 0 0 76 0 0 0 11 0 0 0 21 0 0 0 0 0 74 0 0 0 90 42 0 58 50 0 0 0 0 53 0 0 0 0 0 34 95 85 70 0 0 0 0 0 53 59 9 0 0 24 0 0 33 23 0 95 89 46 43 0 0 0 0 0 0 0 32 0 61
48 0 0 0 0 0 0 0 0 0 0 3 0 0 0 0 53 0 39 91 0 0 88 0 0 71 0 7 0 8 0 26 0 0 0 0 0 0 0 0 0 100 0 0 0 0 77 0 95 0 0 0 0 0 47 0 0 0 0 0 0 0 0 0 0 0 0 62 0 0 0 0 0 87 42 0 43 0 0 0 0 0 0 0 0 22 0 0 70 0 0 0 0 20 96 39 0 66 0 56
0 0 0 0 0 29 0 0 0 0 0 0 0 48 6 61 41 0 9 0 0 0 0 0 0 0 2 0 0 0 0 32 0 0 59 0 72 60 29 0 46 0 0 0 0 92 0 0 0 0 58 70 0 0 32 0 0 0 0 0 97 84 0 0 5 10 0 0 89 0 61 0 0 0 0 0 61 0 0 0 0 0 0 0 0 0 52 0 0 0 0 0 0 0 89 0 0 0 0 0
46 12 0 0 0 0 54 0 0 58 0 68 0 0 12 0 0 0 0 72 77 18 0 0 18 0 0 0 0 0 0 0 0 0 0 0 0 0 0 0 0 10 0 0 0 1 23 0 0 0 0 0 0 0 53 0 0 0 0 77 0 0 0 0 0 0 0 0 0 0 0 47 0 0 55 64 64 0 0 0 98 0 0 0 0 0 84 0 0 0 0 53 0 0 74 0 0 84 0 0
0 0 26 0 92 0 0 0 65 0 0 0 0 0 0 57 0 0 0 0 0 0 0 0 63 0 0 0 39 0 95 0 91 0 0 90 0 0 0 0 0 0 34 0 0 0 0 0 0 0 0 0 0 0 0 26 0 0 0 1 0 0 0 0 0 0 0 0 24 0 0 30 0 22 0 0 0 0 0 0 41 0 0 0 0 0 92 0 0 0 0 0 0 0 0 0 0 25 0 0
0 0 0 0 0 0 0 0 0 0 0 0 0 0 0 61 0 0 49 0 0 0 0 0 62 0 0 0 0 0 0 35 0 0 0 0 0 0 34 0 40 0 0 0 0 59 0 0 0 0 11 0 0 0 0 0 0 0 2 9 0 52 0 53 0 47 0 0 39 0 0 0 0 0 0 0 84 16 0 0 9 0 0 0 0 0 0 97 91 0 56 0 6 0 23 0 0 0 0 0
0 0 0 0 0 0 0 0 56 0 0 0 18 0 0 0 56 0 0 34 0 0 80 0 19 0 0 0 0 0 0 0 22 73 0 0 0 0 0 0 0 34 0 0 70 12 0 4 0 40 52 0 0 0 97 0 0 34 35 0 0 76 65 0 0 0 0 0 37 0 0 0 0 0 0 0 0 98 0 29 0 0 0 0 0 0 0 0 0 0 0 52 0 0 0 36 0 53 0 0
0 0 19 0 40 0 24 0 0 0 0 0 0 0 41 0 0 0 0 0 0 90 0 0 74 27 19 55 0 0 0 0 61 0 0 0 0 0 0 0 90 0 0 0 0 0 0 34 0 23 0 0 0 0 0 0 59 0 0 0 0 0 0 0 0 0 0 0 0 5 0 0 91 0 0 0 0 0 67 0 0 0 0 0 0 0 0 0 0 0 0 0 0 0 0 0 83 70 0 0
0 71 76 94 81 0 47 1 0 0 0 22 0 0 0 0 0 0 0 0 53 0 0 30 0 1 98 0 62 69 0 0 0 0 0 100 0 0 90 0 0 0 0 58 74 0 0 97 0 0 0 0 89 0 15 0 0 0 0 0 14 0 0 0 0 64 95 0 40 29 0 0 0 0 0 0 34 0 83 0 3 0 0 0 0 0 0 0 0 0 77 83 0 0 0 0 0 0 0 76
49 0 0 0 0 0 0 34 0 0 0 0 0 0 0 2 0 70 0 29 0 0 0 0 0 0 0 0 0 56 0 0 0 0 0 0 0 0 0 0 0 0 0 0 0 51 0 0 0 0 0 0 0 0 80 51 0 0 0 0 0 0 0 35 0 81 0 0 0 98 71 0 0 71 0 0 0 0 69 0 0 0 0 0 0 0 0 0 91 0 0 0 0 0 0 0 0 0 9 23
0 74 0 17 51 0 5 0 0 0 0 0 0 0 0 0 0 0 99 95 83 0 0 0 13 0 0 0 0 0 0 0 0 0 0 0 10 91 19 0 0 0 0 0 0 0 0 0 0 0 21 0 0 0 0 0 0 0 0 0 100 0 0 0 0 0 0 0 0 0 0 0 82 78 0 0 0 0 0 0 63 19 0 0 0 30 89 0 0 0 37 0 0 38 0 0 0 0 0 62
0 0 9 0 0 0 0 0 75 2 0 0 0 0 0 0 0 91 0 0 52 92 0 0 0 33 64 0 42 0 0 0 0 0 0 0 0 74 0 84 0 8 0 0 0 0 0 59 0 0 91 0 0 0 0 0 2 0 0 0 51 98 0 0 0 15 0 0 99 0 0 0 0 0 0 0 51 0 0 0 0 0 0 0 0 0 36 0 0 0 95 31 0 0 0 0 24 63 0 0
0 0 0 59 0 0 0 23 0 0 0 85 0 0 0 0 0 38 0 0 39 70 87 2 0 55 0 0 0 0 0 0 0 0 0 0 93 0 0 0 0 57 21 0 0 79 0 9 0 0 0 20 87 0 45 0 0 0 0 0 0 0 0 0 0 72 13 77 0 0 0 76 0 0 0 0 49 0 0 0 0 6 86 0 27 0 0 0 0 0 0 0 0 0 0 0 84 0 16 0
69 0 0 0 0 7 0 0 0 0 0 0 0 0 0 0 0 0 23 0 0 0 2 0 0 0 0 67 0 0 22 0 0 0 0 0 0 0 0 0 0 0 0 0 0 0 0 0 0 0 0 0 0 61 0 0 0 0 0 0 0 0 91 61 0 0 31 20 0 0 0 0 0 55 0 0 0 75 0 28 0 0 0 0 0 18 0 0 0 0 0 59 0 0 0 0 73 0 0 0
28 56 0 0 0 0 0 88 0 13 0 14 0 0 10 0 0 0 0 0 69 0 0 0 0 0 0 0 0 0 0 0 0 0 0 0 0 0 0 0 0 0 41 46 0 0 66 20 84 0 22 0 0 51 0 0 0 0 66 0 0 0 0 0 0 0 0 0 40 97 0 56 0 0 0 0 0 0 0 0 100 0 16 0 0 0 88 0 0 0 0 0 0 0 0 87 0 0 0 0
38 0 0 0 91 0 0 0 0 0 0 0 0 0 0 0 91 17 100 0 50 0 7 0 94 0 0 19 0 0 0 36 0 0 0 0 0 0 0 0 0 0 0 0 0 81 0 0 6 45 75 0 0 65 0 83 0 61 0 0 96 0 0 0 0 40 0 0 0 0 0 0 0 0 0 0 0 2 0 0 6 66 0 0 5 36 0 0 0 0 0 0 0 0 0 69 60 0 0 53
0 0 0 18 0 16 0 0 0 0 0 0 0 0 0 35 53 0 0 0 0 0 96 0 0 0 26 0 0 0 0 45 0 0 0 0 19 0 0 0 0 64 0 0 60 0 3 0 0 0 0 0 41 0 0 0 0 0 31 0 0 0 0 0 0 84 0 0 0 0 0 0 0 0 0 0 0 0 0 91 0 0 0 0 0 0 71 0 0 80 53 0 0 0 0 0 0 96 40 0
50 80 0 0 40 0 8 47 0 0 0 30 0 0 39 0 0 0 57 95 0 0 0 0 0 69 0 0 0 0 0 0 0 0 0 0 0 0 0 0 0 34 0 71 0 79 0 0 19 0 52 0 0 53 0 0 91 0 0 0 0 0 0 0 0 0 0 0 100 0 0 0 0 0 0 0 0 0 0 0 0 0 0 0 61 0 0 0 0 0 0 0 0 12 65 0 0 0 31 0
0 54 40 0 0 0 0 0 11 0 94 0 0 0 0 0 0 0 0 0 0 0 0 0 0 0 0 0 0 56 0 0 0 0 32 0 0 0 0 0 0 0 0 0 0 0 87 17 0 0 0 0 0 0 13 0 0 0 0 4 0 89 0 0 83 0 0 54 0 0 0 0 0 41 0 0 0 65 0 23 0 40 0 29 7 0 88 98 0 0 70 72 0 60 0 0 0 0 15 43
0 50 0 0 0 0 0 91 0 38 0 0 2 0 0 0 88 14 93 0 78 0 0 0 98 0 0 0 0 0 0 66 15 0 0 0 0 0 0 0 0 0 0 15 0 0 0 0 0 18 21 0 52 93 65 0 68 0 0 0 23 50 0 0 0 31 25 32 90 0 0 0 0 0 0 69 0 0 0 0 0 14 0 0 46 73 0 0 0 0 0 0 0 0 40 13 0 0 0 26
0 0 0 35 0 0 0 0 11 59 0 6 14 0 0 0 0 0 0 0 0 0 0 0 0 0 0 100 0 0 0 0 0 9 72 0 8 0 0 0 0 0 0 0 0 0 38 0 31 0 0 0 0 0 21 80 51 0 0 0 91 0 0 0 0 0 0 10 0 0 0 0 47 0 7 0 75 0 0 51 0 0 0 36 0 0 0 0 0 0 0 0 0 0 0 22 0 0 0 76
0 0 0 5 0 0 0 8 0 0 0 0 0 0 0 0 0 0 59 11 0 0 0 67 4 0 0 0 47 0 35 0 88 0 0 0 0 0 0 98 0 0 0 0 0 0 0 0 0 64 74 0 0 64 0 0 73 0 0 8 0 36 0 0 0 0 100 0 0 0 0 0 0 0 0 0 0 49 0 0 0 0 0 0 0 0 0 7 0 0 0 0 0 0 0 0 0 69 0 69
49 0 99 40 40 0 0 0 0 0 0 0 88 0 0 0 0 0 0 0 0 71 73 0 31 0 0 0 0 0 0 47 0 14 0 0 0 41 0 0 0 42 0 0 0 40 62 70 0 0 0 70 0 0 0 0 0 0 0 22 0 0 0 0 0 0 0 46 0 1 0 0 6 86 0 0 0 0 0 29 70 34 0 0 26 11 0 0 0 29 0 0 0 0 0 0 0 91 38 0
47 0 0 0 12 0 0 0 12 0 0 0 81 0 39 0 0 0 0 0 0 35 0 0 0 0 0 0 36 0 0 0 0 0 0 0 52 0 0 38 1 0 79 38 0 0 0 58 0 0 21 0 15 0 0 0 0 0 0 0 0 0 0 48 0 4 54 0 0 0 84 0 0 0 0 0 0 0 0 0 0 63 0 0 0 66 73 0 1 0 0 17 0 0 86 0 91 0 0 85
0 0 0 0 48 0 0 0 73 0 0 0 0 0 0 0 0 0 0 0 0 78 0 0 0 54 0 0 0 0 83 0 0 0 0 0 0 0 0 22 0 0 0 0 36 0 0 0 73 0 0 0 0 0 0 0 63 0 0 95 70 0 75 0 0 75 0 0 0 100 0 0 0 0 11 64 64 0 0 0 24 0 0 0 70 38 0 0 31 0 13 0 0 0 0 0 0 9 0 0
0 0 0 0 10 0 0 0 78 0 0 0 0 0 0 0 63 33 0 10 0 0 0 93 69 94 72 25 9 0 0 0 0 0 0 0 0 0 0 0 1 0 0 0 0 0 0 0 0 0 87 4 0 0 0 0 0 0 0 94 0 0 0 0 0 41 0 0 20 0 0 0 0 0 0 0 0 0 32 0 99 0 0 93 0 0 0 5 0 0 0 63 0 39 0 0 0 0 0 90
0 0 0 97 0 0 0 0 0 0 0 0 0 0 8 14 0 0 0 0 29 0 0 0 0 18 71 0 0 0 0 0 0 60 0 0 0 3 71 0 0 0 0 0 2 0 0 0 0 0 22 0 64 65 0 38 79 46 93 0 0 0 36 0 0 0 63 0 0 0 0 0 40 0 44 0 0 57 0 0 0 65 0 0 0 31 0 25 0 0 0 92 0 0 45 0 64 43 0 0
94 30 47 0 0 0 0 0 0 80 0 0 61 51 0 0 0 0 0 77 0 0 0 0 0 0 0 0 100 0 0 0 0 47 0 0 0 0 0 0 0 0 0 0 0 0 45 12 0 0 0 84 0 0 0 0 0 0 0 0 0 71 0 0 0 69 0 0 0 0 0 0 0 0 0 0 0 0 45 0 0 0 0 0 0 0 0 0 0 0 51 0 95 0 0 0 70 89 0 0
94 0 0 17 0 0 0 22 79 0 8 0 0 0 13 0 0 0 0 0 0 0 18 0 79 67 0 0 0 0 0 0 0 0 44 81 0 0 0 0 0 0 0 0 0 0 1 0 0 0 0 0 85 38 0 0 0 0 0 0 0 0 0 0 20 71 0 68 0 29 89 0 45 90 0 0 0 28 0 0 0 0 0 0 0 0 24 0 0 78 0 83 0 33 66 0 0 52 0 0
0 0 0 0 0 0 0 0 0 0 0 0 0 0 0 0 44 97 0 0 44 69 0 44 85 0 58 0 0 35 39 0 0 0 35 0 0 0 0 0 0 0 0 38 0 0 0 74 0 0 55 0 0 0 0 95 0 0 22 0 3 0 0 0 0 89 0 99 0 0 0 0 0 79 0 35 0 44 24 46 0 13 47 0 0 15 0 0 0 53 0 0 0 0 0 0 0 0 74 0
0 100 0 0 83 0 0 0 0 0 0 0 0 21 0 0 0 0 0 16 0 92 2 0 0 0 39 0 0 0 11 0 0 58 0 56 64 97 0 0 0 0 11 0 63 0 0 0 0 7 0 0 0 0 0 0 0 0 43 0 0 19 0 0 0 0 0 0 0 0 0 0 0 0 0 0 0 0 0 0 0 66 0 80 0 100 0 0 0 0 0 0 12 0 0 0 0 0 0 26
78 0 0 0 0 0 0 0 0 0 0 0 0 0 0 0 0 42 0 0 0 0 0 0 0 0 0 0 42 0 0 0 0 80 0 0 0 0 0 0 0 55 0 0 0 0 0 30 72 0 0 0 0 0 0 7 0 0 0 0 0 0 0 0 0 0 0 0 0 69 53 0 0 0 0 0 12 0 0 0 0 0 0 0 0 16 0 17 0 0 0 0 0 0 0 0 0 16 0 0
62 0 99 0 0 12 0 0 40 0 0 0 30 0 0 0 0 0 0 0 0 0 0 0 0 4 79 0 0 0 0 94 96 0 88 0 88 0 0 0 91 0 0 0 0 0 0 14 51 0 8 0 0 0 0 44 0 61 15 77 0 0 82 70 0 0 0 0 0 0 41 0 0 0 94 18 0 0 53 0 0 0 0 0 0 0 0 0 0 0 0 0 0 0 0 0 0 0 23 0
13 0 0 11 0 70 0 0 11 0 0 70 0 0 0 0 0 0 0 0 0 3 4 0 0 0 0 0 0 0 0 0 0 0 65 0 0 0 0 0 0 0 0 38 0 0 84 0 0 0 0 0 0 0 0 0 0 0 0 84 0 0 0 96 0 0 0 0 62 0 0 99 0 0 20 0 0 0 0 10 0 0 0 0 0 0 0 6 95 68 45 0 63 0 0 0 0 27 0 68
0 0 0 26 0 0 0 61 0 14 0 3 0 54 62 42 0 0 79 0 75 0 100 89 0 0 0 0 0 0 0 0 0 25 66 10 0 38 12 0 0 19 0 88 0 3 0 71 0 15 48 0 0 77 0 0 0 0 94 0 0 0 0 0 26 0 0 0 0 0 43 0 0 0 0 0 31 0 0 0 0 89 0 0 48 39 0 0 39 6 0 0 0 0 0 0 0 0 0 32
0 68 0 0 0 0 60 22 0 0 81 41 0 91 0 0 0 0 0 64 6 0 0 0 96 39 0 71 74 0 0 66 0 0 36 0 0 0 0 0 0 0 0 70 0 0 0 0 0 72 0 0 47 0 20 0 0 0 81 0 0 33 0 95 0 0 71 0 99 83 0 16 0 19 91 91 0 0 0 0 0 0 26 0 96 0 0 0 0 0 0 0 0 0 0 0 0 0 0 0
0 53 0 0 0 0 0 50 0 4 49 0 0 0 76 0 0 0 0 0 0 99 78 66 0 35 0 0 0 0 0 71 90 0 0 0 0 20 0 0 0 0 0 0 0 0 0 0 0 0 0 40 0 0 0 0 0 0 0 0 0 0 24 0 0 1 0 0 1 0 0 0 0 8 0 0 0 0 0 98 0 0 87 0 0 66 0 0 68 0 26 0 10 79 50 0 0 0 0 0
0 0 0 0 44 0 0 0 0 0 17 66 0 0 0 0 74 0 0 0 84 0 0 0 0 0 0 0 26 0 19 0 0 89 0 0 0 0 0 0 0 0 0 0 0 63 0 0 0 0 0 60 0 0 0 0 0 0 14 0 0 0 0 0 0 81 0 0 0 0 0 0 97 0 0 17 11 0 0 0 51 0 0 0 0 0 0 0 0 35 83 0 91 0 75 43 0 0 0 0
31 0 0 0 0 0 31 0 4 0 49 0 0 78 0 39 62 0 0 0 0 0 0 0 51 0 0 100 0 0 0 8 0 0 0 0 0 0 0 0 0 0 0 0 0 0 0 0 0 0 99 63 0 0 37 0 0 0 0 0 0 98 62 88 0 67 0 0 0 0 70 67 1 0 0 0 0 0 50 0 0 0 0 43 97 0 0 0 0 0 0 0 0 0 0 0 0 0 0 0
0 0 0 0 0 0 0 0 0 0 0 93 0 0 0 0 0 0 0 0 0 0 92 43 0 0 0 0 0 0 0 15 0 0 0 77 0 64 0 0 0 0 0 0 0 81 68 0 0 0 0 21 1 0 87 24 0 0 61 0 0 0 0 0 0 0 0 0 0 0 0 0 0 0 0 10 0 32 0 0 81 0 80 18 0 0 0 79 0 0 0 93 0 0 0 0 0 95 0 0
83 0 0 0 68 0 0 40 0 0 47 0 61 0 0 0 0 0 0 0 0 0 0 0 0 0 0 0 85 0 0 86 0 21 0 25 0 0 19 0 0 0 5 0 0 0 44 20 47 0 0 0 0 0 0 0 0 0 0 0 68 0 0 0 0 0 0 0 0 0 0 0 0 0 0 44 0 0 58 0 0 0 0 0 66 73 0 0 43 0 65 0 60 0 0 0 0 0 0 0
0 0 0 0 0 0 0 0 0 75 0 0 0 97 0 0 0 0 0 0 0 0 0 21 0 0 0 54 0 0 70 0 9 0 0 75 0 0 0 0 0 0 0 0 0 0 0 0 0 0 0 0 0 0 90 47 9 0 0 82 0 0 27 0 0 0 0 0 0 53 0 0 0 0 72 0 0 0 0 0 53 0 0 0 0 59 0 0 0 0 67 0 0 0 67 0 60 0 0 0
0 29 0 0 0 0 0 0 0 84 0 0 0 0 0 60 60 0 0 0 0 0 0 0 33 0 0 0 0 93 88 0 0 0 79 0 0 0 0 0 0 72 0 0 29 0 0 0 0 92 0 0 0 0 0 0 50 62 64 0 0 0 59 31 0 34 0 0 0 0 0 0 0 0 0 12 63 81 0 0 0 0 0 0 0 0 0 0 0 0 0 0 22 0 0 0 0 0 0 69
78 0 0 0 0 0 0 0 0 0 0 0 37 0 38 53 0 0 0 0 0 0 53 46 0 0 0 0 44 0 0 0 0 0 94 0 0 0 0 61 0 65 88 0 0 0 0 0 0 0 0 13 0 0 0 0 0 0 0 96 0 2 0 0 0 0 0 0 0 0 60 0 40 0 0 71 0 0 0 0 9 0 0 0 0 0 0 0 10 0 5 20 0 52 32 0 0 0 0 37
72 0 93 40 17 0 0 0 0 91 50 0 0 0 0 0 0 46 0 0 0 0 0 0 48 0 0 0 20 0 0 0 0 0 0 81 0 78 0 0 0 0 0 0 85 70 0 0 0 0 0 0 0 0 0 90 34 0 0 0 98 23 0 0 0 0 0 0 0 0 0 82 0 0 0 0 61 32 0 0 0 0 0 75 31 0 0 31 0 0 0 43 0 0 28 0 0 0 0 82
0 30 0 0 0 0 88 0 0 0 0 0 2 26 94 0 0 0 61 50 0 0 0 25 77 0 48 0 0 0 0 0 0 0 0 71 0 0 0 0 78 0 0 12 0 0 10 49 0 65 0 0 0 0 73 0 0 84 0 0 0 0 0 0 61 67 27 0 0 7 75 41 66 95 17 0 85 0 0 0 0 0 60 0 0 5 0 0 0 0 0 68 85 0 0 0 0 13 0 0
0 0 0 0 0 61 0 42 0 0 0 0 55 0 0 0 0 0 0 0 0 0 0 0 0 0 0 0 74 0 39 25 0 6 0 0 0 59 0 1 0 0 0 0 0 62 0 0 0 77 84 0 0 0 15 75 0 32 0 92 0 51 0 0 0 0 0 0 0 0 0 0 0 0 46 0 0 0 0 0 0 0 0 0 0 4 0 52 0 0 0 0 0 0 0 0 0 0 32 0
0 0 26 0 0 0 37 78 0 0 0 0 0 0 24 0 0 66 0 0 37 55 0 0 0 0 0 0 0 0 85 0 0 0 37 77 0 60 0 84 0 0 5 0 0 55 0 0 0 0 0 0 0 0 22 0 0 0 0 0 0 0 60 0 20 0 0 0 0 0 31 89 0 0 0 0 0 0 0 0 0 0 0 0 0 0 0 33 0 76 0 57 0 73 0 0 0 0 0 0
0 0 0 36 0 15 0 0 0 18 0 0 63 0 0 0 99 0 65 93 0 0 0 0 0 0 0 40 0 0 0 0 0 0 64 0 0 39 0 0 80 0 0 0 50 0 93 0 0 0 0 87 93 0 0 100 0 0 1 0 0 81 73 0 0 0 0 11 0 0 0 27 0 0 0 5 53 0 42 0 0 0 0 0 0 0 92 0 0 0 0 28 0 0 81 12 0 0 26 94
99 60 0 0 0 0 0 0 0 0 0 42 70 0 0 0 0 0 0 0 0 23 0 0 0 0 9 61 0 0 0 0 0 0 0 0 0 52 0 0 13 0 0 0 0 0 12 0 44 77 0 0 0 6 94 0 26 0 0 0 0 0 28 0 44 24 0 91 0 0 0 0 57 0 53 100 0 0 0 3 78 3 50 0 0 0 0 0 0 0 0 0 0 0 0 98 0 0 0 0
0 0 38 0 0 0 0 0 86 0 0 0 0 0 0 0 0 0 0 0 56 23 0 0 80 1 0 0 0 0 0 83 0 0 0 0 0 29 0 0 89 52 40 90 79 0 0 0 0 0 0 0 0 0 0 0 0 0 0 0 29 57 0 0 46 0 0 0 81 0 0 0 0 26 0 0 0 0 99 28 0 0 0 0 0 25 56 0 0 98 36 0 0 40 0 0 59 0 0 0
0 0 24 0 0 0 0 66 0 0 0 0 6 0 0 0 0 0 20 0 0 0 0 0 0 0 77 0 0 0 0 0 0 0 0 0 0 0 0 0 8 0 48 0 0 0 0 0 0 51 0 63 0 0 0 0 6 0 0 48 0 66 0 91 0 0 0 0 0 39 0 0 57 0 51 84 0 0 0 0 0 0 0 0 81 0 0 0 0 91 0 0 9 0 0 80 0 0 0 99
0 0 0 0 0 0 42 13 0 0 0 0 0 18 0 80 58 39 0 0 0 0 0 45 0 35 0 0 25 39 0 0 0 0 0 0 0 0 0 0 0 0 0 0 0 0 0 0 0 98 0 0 1 0 99 0 35 63 0 0 39 84 0 63 26 0 91 0 0 76 0 0 0 0 0 53 17 23 0 0 0 0 0 0 0 0 0 0 0 0 0 0 24 0 0 0 0 0 0 41
0 100 0 0 21 0 0 96 0 5 89 6 89 83 60 0 51 0 0 0 0 39 0 83 0 0 0 0 0 0 0 86 0 0 0 0 0 0 0 0 0 0 0 0 32 0 0 0 0 98 91 0 49 0 0 0 0 0 0 0 0 0 90 0 0 0 0 0 0 0 0 43 0 0 10 0 91 0 0 0 0 0 6 26 0 0 92 0 0 49 0 0 0 0 0 0 0 76 0 0
53 0 0 23 0 1 0 0 0 96 0 0 0 0 0 14 96 0 0 79 0 0 0 0 0 0 0 64 0 0 0 44 83 98 27 44 0 0 72 0 22 0 0 0 0 60 0 0 0 0 0 0 7 0 0 24 0 97 34 0 0 0 0 13 0 0 91 64 0 0 0 0 0 0 71 57 0 0 0 0 0 0 0 0 0 0 0 0 0 0 28 0 0 0 0 69 0 0 0 0
0 0 61 0 0 0 0 0 0 0 0 0 56 62 0 0 63 87 0 0 0 0 0 0 0 0 0 26 0 0 0 0 0 0 0 0 18 0 50 0 47 0 0 0 0 0 0 0 0 0 42 0 0 54 58 0 0 0 0 45 0 0 0 33 0 0 0 0 31 61 0 0 0 0 0 0 0 0 0 0 0 0 0 0 39 69 0 82 0 0 0 0 29 0 0 0 0 0 0 55
0 0 0 0 0 0 100 68 0 0 0 0 0 0 0 0 94 0 0 0 0 0 0 0 0 0 0 63 0 3 74 0 0 0 0 79 0 0 0 0 0 83 56 0 0 0 0 23 0 66 64 0 83 0 71 0 0 0 0 97 0 0 0 0 0 0 0 0 0 0 0 0 29 0 0 0 0 0 0 0 0 0 0 0 0 0 63 0 0 0 0 68 0 0 0 0 0 0 0 0
0 0 0 0 0 53 6 58 79 0 0 0 0 0 0 0 0 96 0 33 2 68 23 0 73 0 0 0 0 0 17 0 0 0 0 65 0 0 0 0 0 0 0 0 75 0 0 0 0 0 0 0 0 0 0 76 0 0 0 0 0 0 0 0 0 46 0 98 0 0 75 25 0 54 0 75 0 0 0 0 0 0 0 50 0 0 0 0 74 0 0 0 0 0 0 0 75 0 0 0
0 0 0 0 0 0 0 0 0 0 71 69 0 0 0 90 0 68 36 30 0 0 0 0 2 0 0 0 0 0 46 0 0 0 0 0 95 0 0 0 0 55 94 0 0 67 0 50 0 0 31 0 0 4 0 14 0 0 49 0 0 0 0 72 0 0 0 0 0 0 0 0 78 0 0 0 80 0 0 0 0 0 0 0 0 0 0 33 0 0 0 0 0 2 0 0 82 0 48 12
0 0 0 0 0 88 0 0 0 0 0 0 0 0 92 0 0 0 0 41 0 0 0 27 6 0 0 2 0 0 0 15 0 43 0 0 0 69 0 56 0 0 0 84 0 34 65 0 65 67 77 41 0 78 0 0 0 42 11 0 0 0 0 32 0 0 0 0 51 86 57 55 0 86 0 0 0 67 0 0 0 0 65 0 0 0 81 0 84 0 0 0 0 0 0 0 0 91 0 0
0 0 0 37 0 44 0 38 0 0 67 0 0 0 0 0 0 9 32 91 0 54 0 27 96 0 11 0 0 0 0 0 0 0 72 0 9 14 74 0 30 22 0 0 0 0 0 11 0 0 0 0 0 0 0 0 61 100 0 0 0 0 0 0 0 0 0 0 0 0 0 0 0 0 0 0 0 0 0 4 27 0 0 0 0 0 0 61 0 0 0 90 0 0 0 0 48 0 80 0
0 0 0 0 77 0 28 0 18 0 0 0 0 71 0 0 16 0 0 4 0 0 0 0 0 0 0 0 0 88 66 0 0 0 0 0 0 60 0 0 0 0 99 0 0 0 0 0 0 0 100 0 0 0 35 19 0 0 0 80 0 16 0 0 81 0 94 0 0 0 0 0 0 0 18 0 0 0 0 0 55 0 15 0 0 0 0 0 0 0 0 0 91 0 49 0 0 0 0 0
23 0 88 92 0 47 0 0 0 38 0 0 0 0 0 0 61 0 0 60 65 27 0 97 0 13 12 0 78 19 0 0 0 0 0 0 0 0 0 0 64 0 22 0 56 71 0 0 0 0 0 0 0 0 0 0 0 57 0 0 0 58 0 0 0 19 0 0 0 0 0 0 8 0 0 0 0 0 38 0 0 0 0 68 0 37 0 3 0 70 0 0 0 0 0 74 60 18 0 0
0 0 0 0 0 89 0 0 29 0 0 0 0 0 0 0 0 0 0 23 0 0 54 0 0 78 0 0 0 0 99 0 0 0 0 81 0 0 0 12 45 46 0 36 98 0 0 0 0 0 0 0 0 0 0 0 0 73 10 0 0 80 4 37 0 0 0 0 7 0 0 0 0 0 0 0 0 7 0 0 0 0 0 20 0 0 0 79 0 0 0 0 0 0 0 0 0 0 47 9
0 0 0 0 46 0 0 0 0 0 0 0 1 0 0 0 0 0 72 0 26 0 0 0 0 32 0 35 0 0 0 0 0 0 0 0 0 0 37 0 65 0 46 93 0 0 0 0 0 0 74 0 95 0 0 0 53 68 0 0 0 97 0 0 0 93 32 0 0 0 28 0 0 20 72 71 0 0 0 68 0 0 0 0 0 0 0 0 0 63 0 0 0 0 9 0 0 0 71 0
31 0 0 0 23 0 83 0 0 0 0 0 74 0 0 0 60 0 0 0 26 0 0 0 0 0 0 71 19 0 85 0 0 0 0 0 44 0 78 0 0 0 0 0 0 0 0 0 0 53 0 0 0 14 0 0 0 0 0 84 7 70 0 0 0 0 62 0 0 0 0 0 30 91 56 0 0 0 20 54 0 0 0 34 0 0 0 0 0 0 0 0 0 0 0 22 0 62 0 0
0 0 0 20 0 92 0 0 75 0 28 0 0 0 0 0 0 0 0 70 81 0 81 0 0 37 0 0 0 26 0 23 0 0 0 0 14 0 0 0 0 0 0 0 0 0 0 0 0 0 0 0 0 0 0 81 0 0 0 99 0 57 0 0 0 0 0 0 0 42 0 0 0 34 0 0 0 0 0 0 100 0 0 0 0 44 0 0 0 0 0 74 0 0 0 0 0 0 0 17
0 0 0 86 0 0 36 48 0 0 0 9 0 0 0 0 0 0 0 52 78 1 0 0 0 0 0 0 0 34 26 12 80 0 0 26 14 0 0 0 0 36 94 0 0 0 0 0 88 0 0 0 0 0 0 0 0 0 6 0 53 0 0 0 0 71 0 0 91 30 0 0 0 78 0 0 0 0 0 87 0 0 0 0 0 0 34 0 0 0 0 0 21 0 99 55 0 83 0 0
0 0 0 0 0 60 14 0 0 0 0 0 21 0 0 0 49 0 0 0 0 0 0 0 0 0 69 0 0 0 0 86 0 0 0 0 0 0 8 0 0 59 0 33 0 9 16 0 0 90 0 0 29 0 0 20 0 0 0 0 0 0 0 45 0 0 0 0 64 0 0 0 0 57 6 0 0 0 0 0 83 0 0 0 0 79 0 0 0 0 0 0 0 0 38 0 0 0 0 0
45 0 42 0 0 0 0 13 0 0 30 0 0 0 0 0 0 80 0 14 0 0 49 0 0 0 0 0 60 0 0 0 0 66 67 0 0 0 0 0 0 9 0 0 0 0 0 0 61 95 0 9 0 0 0 0 0 0 6 0 44 0 0 75 0 0 0 0 0 0 0 0 1 91 0 16 58 0 0 12 0 98 0 47 0 88 0 0 0 0 0 0 0 0 0 0 95 0 0 0
0 0 0 0 0 16 0 22 89 0 0 0 20 0 0 0 32 75 0 0 0 0 8 0 53 72 0 0 0 0 0 0 0 0 14 0 0 0 0 0 0 0 0 2 90 0 0 0 45 63 0 0 0 0 0 0 0 0 47 22 0 0 87 0 0 0 77 33 0 0 0 0 0 0 0 0 0 2 0 0 0 52 83 94 0 0 73 0 0 0 0 0 0 0 0 0 0 0 0 0
0 63 0 0 0 0 0 0 31 71 0 0 0 77 0 35 46 87 0 0 0 0 0 0 0 0 41 0 0 0 0 0 0 10 0 99 0 0 0 0 0 57 0 0 0 0 35 53 0 0 0 0 0 0 30 0 0 0 0 4 90 0 31 0 0 0 0 0 0 0 0 0 22 0 0 0 0 0 0 0 0 89 0 0 0 0 0 0 37 0 3 0 100 0 50 0 0 0 0 0
0 0 0 0 0 0 0 0 0 0 0 0 0 0 0 0 42 0 0 0 0 94 42 0 41 0 0 0 0 0 0 4 75 0 92 0 77 85 0 0 0 0 0 0 93 0 75 0 0 70 0 0 0 0 0 0 77 0 0 73 95 99 0 0 0 42 38 0 0 0 30 0 35 36 0 91 66 61 99 0 0 0 0 7 0 0 0 22 44 85 0 0 86 0 0 0 0 0 61 0
99 64 0 0 27 0 0 0 0 76 88 0 0 0 5 0 0 47 0 0 0 0 0 0 31 24 0 51 0 0 0 0 0 0 66 0 0 0 0 85 0 0 0 0 0 0 0 76 0 0 0 0 0 0 33 0 63 0 44 40 0 0 0 10 0 0 0 0 61 0 0 33 54 0 0 0 0 95 0 0 0 3 52 69 0 0 0 0 0 0 0 0 78 0 0 0 0 0 0 28
94 0 0 0 0 7 0 0 2 29 85 0 0 0 0 61 91 0 0 79 0 0 35 0 46 98 0 30 33 0 78 0 49 0 0 16 0 0 0 0 0 0 0 0 80 0 65 0 0 0 0 0 0 0 0 0 95 0 0 85 0 0 0 0 3 0 0 0 0 29 0 0 0 0 0 0 0 0 0 56 0 0 0 37 0 0 0 93 47 0 0 37 0 0 0 0 0 0 0 0
82 0 0 23 69 0 28 0 0 0 0 0 0 0 0 0 20 0 0 70 81 0 85 0 0 0 57 0 45 0 26 0 80 0 0 0 0 0 0 55 0 19 0 0 26 0 0 0 39 12 0 0 0 0 70 0 0 0 0 49 0 0 0 0 0 0 0 0 0 0 0 43 67 0 0 0 0 0 0 10 0 0 0 0 0 0 0 0 0 14 0 0 0 17 0 0 0 0 96 0
1 0 88 0 61 82 0 0 0 0 24 0 0 84 11 0 92 52 21 51 0 0 99 66 0 0 41 0 77 0 0 0 0 71 0 0 0 0 84 93 0 0 0 0 0 0 0 0 69 0 0 0 28 0 0 0 15 0 0 0 0 0 78 0 6 0 0 0 0 0 0 0 0 0 0 0 0 99 0 0 7 0 0 0 47 80 0 0 0 84 84 26 0 0 53 0 0 0 0 0
80 0 0 0 0 0 0 0 0 6 94 0 0 0 0 0 0 0 0 0 0 1 0 0 0 0 0 23 0 0 0 0 34 0 65 0 0 0 46 7 6 0 0 0 0 0 0 0 0 89 0 0 0 0 0 67 0 62 0 0 0 71 0 0 91 75 24 66 0 0 0 0 0 0 0 0 2 0 0 0 0 0 0 0 0 0 0 0 74 0 0 0 0 25 62 0 0 0 71 0