100
0 64 0 0 23 0 0 0 0 0 0 20 0 0 0 0 72 0 0 0 0 87 0 10 0 0 0 33 0 0 0 98 0 45 0 0 0 0 0 0 0 0 0 0 30 0 0 0 73 0 0 0 86 0 0 0 0 57 0 0 0 0 56 0 79 55 0 0 89 0 0 0 0 0 0 77 67 0 0 0 0 0 0 0 0 25 0 54 4 16 85 34 42 0 0 0 76 66 0 0
0 0 0 11 26 0 0 0 0 9 0 0 14 17 0 0 0 0 0 8 0 0 0 0 0 0 0 0 4 0 0 0 0 34 0 0 0 0 0 0 44 0 0 0 7 0 0 0 0 0 74 0 0 9 0 0 0 0 0 0 67 0 38 60 13 0 83 0 0 0 0 64 0 0 5 2 0 0 0 0 38 0 0 24 0 0 93 0 0 0 79 0 0 0 49 9 12 0 0 0
53 64 0 0 20 0 39 0 0 0 0 0 0 0 0 0 0 0 0 0 0 0 0 0 0 87 76 20 0 0 65 0 76 0 42 72 0 0 0 0 0 0 0 0 0 0 39 0 34 0 96 0 0 0 50 0 35 0 0 0 0 0 52 0 45 0 56 38 0 0 0 0 32 0 0 0 0 0 0 0 90 0 0 0 0 68 0 0 0 29 0 0 0 66 38 0 0 0 0 0
0 0 65 0 0 0 88 0 25 0 28 0 0 0 28 0 0 33 74 56 0 0 0 0 0 0 0 0 0 0 0 0 0 0 29 0 0 0 0 0 25 89 0 0 52 32 0 0 92 0 0 0 0 0 0 0 0 8 42 99 32 0 28 67 0 0 0 0 0 5 0 62 0 0 0 53 0 0 0 0 0 0 0 0 0 0 0 0 0 0 87 0 0 0 0 10 97 20 0 75
0 0 0 33 0 0 0 0 63 0 0 0 0 0 0 70 0 0 0 0 99 0 73 0 72 0 0 0 0 0 0 0 0 56 5 41 0 0 0 0 0 0 0 97 94 0 33 96 0 0 0 0 0 0 0 63 0 84 0 0 4 16 0 0 0 0 0 0 58 0 0 0 0 32 13 27 0 0 0 0 86 0 0 3 77 0 0 0 0 0 8 84 0 0 0 0 0 0 63 0
0 0 0 50 0 0 0 0 0 0 35 0 7 0 0 0 0 16 0 32 0 0 0 0 0 0 0 10 0 0 0 10 36 0 0 51 62 0 0 0 0 0 0 0 0 0 0 0 0 10 0 81 2 0 0 0 0 0 0 0 0 0 0 0 0 0 0 33 5 0 5 0 0 40 0 0 43 0 0 0 22 93 0 36 0 0 0 0 0 0 0 0 0 0 0 81 88 0 44 52
0 10 64 0 0 30 0 0 0 0 0 0 29 0 0 0 76 26 29 0 0 47 0 0 0 0 88 0 0 0 70 0 82 0 0 99 74 0 0 0 0 0 0 5 0 64 0 0 61 0 0 27 28 0 0 0 0 0 0 50 0 0 0 100 0 0 0 52 0 0 27 0 0 0 0 0 0 44 0 0 0 91 0 34 0 0 0 0 0 0 0 69 0 15 0 0 0 0 52 53
55 0 0 74 0 0 13 0 0 0 0 0 0 0 0 0 0 0 4 0 18 0 0 56 78 0 0 0 30 0 0 0 0 0 0 0 62 0 0 70 81 0 43 0 0 0 0 0 0 0 15 0 0 0 0 96 0 0 0 30 0 0 70 0 0 0 0 0 0 0 0 0 0 0 0 27 0 0 0 0 0 0 67 0 91 0 0 0 0 100 0 0 0 0 0 0 0 0 0 0
0 0 98 0 81 0 0 0 0 0 15 29 0 0 0 0 0 0 0 0 0 0 0 80 79 0 0 0 0 0 19 74 0 0 17 0 46 0 11 0 0 0 0 0 0 0 0 0 0 0 0 0 33 0 68 0 0 0 65 0 0 0 75 26 0 0 31 80 30 0 0 0 0 0 0 0 0 0 0 0 0 0 0 0 52 0 0 62 21 0 36 0 0 11 0 0 28 0 0 0
0 86 0 0 0 0 0 0 0 0 0 85 39 0 0 28 0 37 39 39 0 0 0 0 0 0 0 0 0 0 0 0 0 0 0 0 0 0 0 0 0 0 0 0 0 0 0 0 0 0 0 0 0 0 54 0 0 0 83 0 0 0 91 0 0 0 0 0 0 32 0 0 0 73 0 0 0 0 0 0 0 96 0 0 0 0 0 0 0 74 0 0 0 37 0 0 35 0 0 0
0 0 61 97 0 73 0 0 0 0 0 0 57 0 0 0 0 40 0 0 4 0 65 0 50 0 0 64 0 0 0 0 0 0 14 0 0 34 0 34 0 0 0 0 0 57 60 14 57 0 0 89 12 0 0 0 0 54 0 12 0 0 0 0 0 0 76 0 0 0 0 0 0 0 0 0 0 0 0 0 0 0 0 22 0 83 0 0 0 0 0 69 23 47 58 91 0 77 0 15
50 0 23 0 96 0 0 5 4 0 0 0 0 0 0 0 83 0 91 0 0 0 0 47 0 38 81 0 0 0 0 0 0 76 0 51 0 0 0 0 35 0 0 0 0 0 44 0 0 0 0 0 0 0 0 0 0 0 0 0 0 0 0 0 0 32 0 0 0 0 51 0 0 0 67 0 0 0 0 0 0 0 0 0 0 0 0 97 0 0 0 0 26 0 0 48 0 0 0 0
0 0 0 93 0 0 0 0 0 0 0 0 0 51 77 0 0 0 45 0 0 75 0 0 0 73 47 13 26 0 0 42 9 0 0 0 74 86 20 0 77 0 0 0 0 0 0 0 0 0 0 0 0 0 0 0 0 0 0 0 0 0 0 0 16 0 81 0 0 24 0 0 42 0 0 0 0 19 0 0 0 0 0 0 0 0 70 0 0 0 0 0 0 34 0 27 0 0 63 0
0 37 77 0 0 32 48 0 89 59 45 0 76 0 0 22 48 20 0 0 0 0 54 0 0 0 0 0 0 0 81 0 0 0 0 0 0 0 0 0 0 0 0 52 47 0 0 17 0 0 0 65 4 0 16 0 0 0 0 0 32 59 0 0 28 3 0 29 47 0 0 0 0 5 0 21 38 0 0 0 0 0 74 6 0 0 63 98 0 100 34 0 0 0 0 0 0 0 0 35
0 28 75 0 0 27 0 0 89 0 0 0 69 0 0 94 64 0 0 0 56 25 0 0 0 11 0 0 0 0 0 0 0 0 76 0 19 18 0 0 0 0 0 20 0 0 34 0 0 0 0 8 0 0 0 0 7 0 0 0 87 74 0 0 89 19 0 0 7 0 97 0 40 57 0 0 0 80 0 79 0 0 0 58 0 0 13 17 22 0 0 50 0 0 69 0 0 0 0 0
0 0 53 42 0 0 0 0 0 0 0 88 0 0 61 0 0 0 0 0 0 99 0 73 0 0 46 0 0 59 14 0 13 0 0 0 0 0 0 12 54 0 0 0 0 0 48 0 0 0 29 0 0 7 0 68 0 0 0 0 15 0 0 0 90 0 0 1 0 0 0 0 0 100 41 0 0 0 0 0 0 0 0 0 0 0 0 0 71 97 0 0 0 0 69 0 0 0 0 87
0 0 0 0 0 0 95 0 0 0 0 0 0 0 3 0 0 0 0 7 0 0 0 0 0 0 0 0 0 0 0 0 0 0 29 0 0 0 0 0 0 0 0 0 0 91 11 88 0 0 0 0 0 0 0 22 0 0 0 0 0 0 24 0 0 0 0 0 0 0 0 54 0 0 0 0 0 0 0 0 0 0 0 0 0 0 0 0 0 0 83 0 0 0 0 0 63 0 0 66
0 13 0 0 0 70 0 0 0 0 0 0 0 0 0 0 0 0 0 0 0 0 0 97 70 96 0 64 0 0 0 99 0 0 35 0 0 0 0 0 0 0 0 0 0 0 100 0 0 4 0 46 0 31 34 0 0 84 0 0 0 0 70 0 0 0 0 72 0 39 0 72 0 0 0 0 0 0 29 0 31 0 0 0 0 0 0 0 0 0 0 90 46 0 26 0 3 0 0 0
0 0 0 0 0 0 0 73 0 0 0 49 0 0 58 0 0 0 0 0 0 0 0 0 0 0 0 0 0 0 0 8 0 0 0 32 0 0 0 0 0 0 0 0 0 83 0 58 0 0 0 0 0 54 100 0 0 0 79 0 0 0 0 0 0 0 0 0 0 0 0 0 0 0 2 0 0 0 0 53 29 0 80 33 54 0 0 0 0 0 0 0 0 0 0 21 0 65 0 0
28 0 0 43 0 54 0 0 0 0 96 57 0 0 0 17 0 0 0 0 0 0 0 0 0 0 66 0 0 0 19 0 0 0 0 0 0 0 0 0 0 0 98 9 23 0 44 74 0 0 0 0 0 0 40 29 51 0 0 0 89 0 24 41 0 72 0 0 0 0 0 0 0 0 0 0 0 0 0 0 0 21 0 0 0 11 0 0 27 0 0 92 0 0 0 0 0 0 0 0
76 0 0 0 0 0 0 0 0 0 0 0 0 0 0 0 0 0 0 0 0 0 0 0 0 0 35 0 0 7 0 0 0 0 4 0 0 0 0 0 1 0 0 49 0 0 53 0 0 0 0 0 0 0 0 0 49 17 20 0 0 0 5 0 0 0 0 77 0 0 70 32 15 70 0 0 0 34 75 0 66 0 0 24 56 0 0 71 0 0 57 75 0 0 78 0 0 0 0 1
0 49 0 16 0 0 0 0 90 0 0 0 0 0 0 0 0 40 0 0 0 0 0 0 0 0 72 54 66 0 0 24 0 0 0 0 11 0 0 76 0 19 32 0 31 0 0 0 97 0 0 0 0 0 0 0 56 0 0 0 0 0 66 0 35 0 0 21 0 0 0 0 0 0 0 0 0 79 0 0 3 0 0 84 0 0 0 0 0 1 0 29 0 0 0 0 0 0 0 0
45 0 79 62 13 0 54 0 100 0 0 0 0 0 0 96 0 8 0 0 0 73 0 47 3 0 0 26 0 9 0 35 0 0 37 0 0 10 0 9 0 58 0 0 0 0 0 0 51 0 0 0 0 0 0 53 0 0 0 0 0 9 0 0 0 7 0 82 0 0 0 0 0 0 0 0 0 0 0 0 77 0 0 0 0 0 0 0 0 52 0 54 89 0 7 0 0 0 0 0
96 0 16 0 0 0 0 0 0 0 0 0 0 0 0 47 0 0 0 0 60 77 0 0 0 56 0 0 0 0 0 0 32 0 0 79 77 82 0 0 0 0 0 0 0 0 0 0 18 0 0 0 0 0 0 0 0 55 0 0 0 0 0 0 5 0 0 0 97 0 0 0 0 0 0 0 0 0 84 72 0 0 0 7 0 0 0 38 0 0 0 0 0 0 0 0 0 85 0 0
0 68 0 0 0 12 13 0 0 0 0 0 0 36 0 77 0 0 32 0 0 0 0 0 0 0 0 0 0 30 0 0 0 0 51 0 16 82 87 0 67 0 0 52 0 0 0 0 0 62 0 0 0 0 0 0 34 78 0 0 0 0 68 68 27 0 0 62 0 0 0 0 13 0 0 0 3 78 0 0 0 0 0 0 35 0 0 33 0 0 84 94 0 0 0 0 0 0 30 0
0 0 38 0 0 67 0 0 0 0 0 0 0 0 0 0 52 0 0 0 0 0 66 40 68 0 0 40 0 0 41 0 0 0 0 0 0 0 0 0 0 0 0 0 0 42 59 0 0 94 57 0 0 0 0 0 0 0 0 0 61 0 0 0 0 60 0 42 0 0 0 0 0 0 0 72 57 0 0 63 0 0 9 0 48 0 0 86 0 0 0 53 0 28 0 0 0 18 0 63
0 0 22 90 0 0 0 0 0 0 0 0 0 19 46 0 0 0 0 0 0 11 0 0 0 0 0 10 0 0 91 5 0 0 0 0 0 0 0 0 21 0 0 0 16 0 0 32 0 100 0 64 0 74 0 97 0 0 0 0 0 46 0 49 0 0 0 49 0 92 33 92 11 0 0 0 0 0 0 0 0 48 0 30 0 0 0 0 0 0 0 0 0 74 0 0 0 0 60 0
0 50 0 0 0 0 0 49 0 0 0 0 0 0 0 0 0 89 0 46 0 0 0 54 4 52 0 0 0 0 0 0 0 0 0 0 0 0 0 0 0 0 0 51 0 0 0 53 0 0 36 0 0 24 0 0 0 0 0 86 0 66 0 0 0 51 0 0 0 0 0 0 28 0 0 0 0 0 0 12 0 0 0 0 0 0 0 0 82 0 0 0 0 41 50 0 0 56 0 0
28 0 86 0 0 0 0 1 0 0 95 0 0 0 0 0 0 3 0 0 29 0 0 0 0 0 0 0 0 0 0 0 0 0 0 12 0 0 0 0 0 0 0 0 0 0 0 87 0 0 0 0 73 33 23 0 93 0 0 0 0 0 0 0 0 11 0 0 0 0 0 8 50 75 0 0 13 0 54 0 0 0 0 0 0 0 0 15 90 0 27 49 19 0 0 61 0 0 0 73
0 89 0 0 0 13 0 0 0 0 0 0 88 65 0 94 0 0 0 9 0 0 0 0 0 42 0 0 0 0 94 0 0 13 0 0 0 22 0 0 0 0 0 0 4 0 0 0 0 0 0 0 0 30 0 0 0 50 55 0 0 81 0 13 76 51 0 0 0 0 41 0 0 0 0 97 0 0 0 0 0 0 0 0 0 0 0 0 0 0 0 0 13 0 0 0 0 0 0 0
0 0 16 11 0 0 0 68 0 28 0 0 0 0 0 47 0 29 0 54 0 0 4 0 27 0 12 0 0 0 0 0 0 0 0 6 0 0 0 0 0 0 0 0 0 0 0 0 0 85 0 0 0 0 0 0 0 0 0 0 0 85 0 0 0 87 0 54 38 0 14 0 0 0 0 55 52 0 0 0 0 0 0 68 0 81 0 55 0 28 0 9 0 38 14 0 25 0 0 0
30 0 0 64 0 0 0 0 0 62 0 0 0 0 0 0 0 0 0 20 0 74 0 0 57 0 0 0 0 0 0 0 0 66 0 0 0 0 51 0 22 0 0 24 0 30 0 0 0 0 0 0 0 0 0 0 0 0 0 0 0 0 70 49 0 0 0 0 74 0 0 0 0 0 0 0 0 12 0 0 99 0 0 0 0 8 0 13 0 0 0 16 0 0 24 0 0 0 0 68
0 0 20 0 0 0 0 0 0 0 0 92 97 33 0 0 0 0 0 40 0 85 0 14 0 0 0 0 0 0 2 0 0 0 8 66 0 16 0 13 0 0 0 0 0 76 0 0 0 38 0 23 0 0 0 0 0 0 0 0 97 64 0 0 0 0 0 0 0 0 95 0 0 0 0 95 0 0 0 0 0 65 0 0 72 94 0 0 77 0 0 0 90 88 55 0 5 0 94 0
18 45 33 0 0 49 0 0 0 17 0 11 0 0 0 0 0 0 90 0 0 0 0 40 98 0 0 0 0 0 0 0 0 0 0 0 23 0 0 0 0 0 0 0 0 0 0 44 0 0 58 0 0 33 0 0 0 15 0 0 86 0 0 0 0 0 24 0 0 8 0 0 86 0 52 0 0 0 0 27 0 56 0 0 0 86 0 0 0 0 0 0 12 0 0 0 0 0 0 0
0 61 0 0 0 0 0 0 0 0 55 0 0 0 0 76 0 0 0 0 87 0 14 0 0 0 0 71 13 51 0 0 0 15 0 66 0 51 0 97 0 0 0 16 53 0 15 0 0 0 0 0 0 0 0 93 0 0 0 0 0 29 0 0 45 60 97 73 0 0 0 51 0 0 7 12 0 39 24 0 0 0 0 0 0 0 0 0 0 0 0 0 0 0 73 28 0 0 0 45
0 9 0 7 0 61 65 0 0 33 2 0 0 0 85 0 0 0 0 0 0 75 9 0 0 85 0 0 0 0 0 54 0 0 0 0 46 0 0 0 0 0 0 0 0 0 31 0 0 0 0 0 0 0 0 0 0 0 0 0 0 0 0 0 0 0 37 0 90 81 0 0 0 0 0 78 0 16 0 0 61 0 20 0 0 38 8 0 0 0 0 65 0 0 0 0 0 30 0 79
0 0 98 28 0 0 0 0 0 0 0 0 0 0 0 0 30 0 75 0 0 0 0 0 0 0 0 47 7 0 0 0 0 70 0 0 0 0 24 0 0 0 0 0 0 0 0 51 0 0 0 0 0 66 18 50 0 0 0 0 0 0 0 0 0 82 53 0 33 0 0 0 0 0 82 0 0 62 88 0 0 9 0 0 0 0 0 0 0 0 0 0 0 0 66 37 72 0 48 0
0 17 0 9 65 0 0 0 46 0 45 45 0 50 0 0 32 0 0 0 0 82 0 0 90 0 62 0 0 13 0 0 0 100 0 25 66 0 59 0 90 0 0 0 47 0 0 0 77 0 0 34 62 5 65 0 80 0 0 0 50 0 0 0 0 0 10 2 0 0 30 0 48 0 0 0 60 0 83 0 0 0 0 0 53 81 0 76 0 0 0 75 16 0 0 45 0 0 0 0
28 0 0 0 16 0 3 0 0 0 0 0 98 5 0 0 0 65 0 0 0 0 0 0 0 38 80 0 0 82 0 0 0 0 67 0 0 0 0 0 0 0 0 0 83 0 0 0 0 0 25 96 0 0 0 75 0 0 0 0 0 51 0 0 0 0 0 0 0 0 0 0 9 0 83 0 0 75 46 96 0 0 0 36 0 75 0 0 26 0 0 0 0 69 0 0 0 0 0 0
0 0 0 0 0 0 73 0 39 8 0 0 0 0 82 0 0 0 0 0 0 0 0 0 34 0 0 0 0 0 49 0 0 15 0 0 0 0 0 0 41 88 0 0 0 54 0 0 90 0 0 54 0 91 94 75 0 19 0 26 0 0 64 0 0 0 0 74 0 0 0 0 0 0 83 0 0 95 0 0 0 79 0 0 0 0 28 36 0 50 30 0 5 0 0 0 0 23 0 0
0 94 0 0 35 0 13 29 0 0 0 26 19 0 0 0 79 41 0 0 0 0 0 0 0 0 0 2 0 0 0 0 0 0 0 58 0 0 0 6 0 50 0 0 0 0 0 0 12 33 0 0 0 0 38 0 0 0 0 0 72 0 0 0 0 29 0 0 0 76 0 0 0 0 6 69 0 24 0 0 0 0 31 0 0 0 0 0 0 87 0 0 0 0 0 0 43 0 0 0
0 0 0 0 0 0 0 48 29 0 0 0 0 0 0 0 0 0 0 0 5 0 0 0 0 0 0 76 0 86 88 0 0 67 0 0 15 0 0 0 0 0 23 71 27 50 0 0 0 0 0 0 0 0 0 0 0 0 0 0 0 79 0 0 0 0 55 0 0 0 0 83 92 0 0 75 0 0 0 0 0 0 28 0 0 0 0 0 84 2 0 0 50 59 0 0 0 0 0 0
0 0 0 0 59 5 0 0 25 0 0 100 0 60 65 0 0 0 0 37 0 44 0 51 0 0 30 0 0 0 0 0 84 19 0 0 69 0 0 0 0 0 0 9 0 0 0 61 5 100 0 0 0 0 0 0 66 47 0 0 0 82 0 0 96 0 21 0 0 0 0 0 0 0 0 0 0 0 0 48 0 0 0 85 86 0 62 0 0 0 90 0 0 0 0 4 87 0 0 0
0 87 0 0 0 0 0 0 0 0 0 7 0 0 19 0 0 0 0 0 0 0 40 0 22 0 0 0 0 0 0 0 0 0 0 0 0 0 0 91 0 30 0 0 0 0 78 0 0 0 0 0 0 0 95 0 0 0 0 57 0 56 47 0 0 0 67 0 0 0 0 0 94 5 0 53 0 0 75 0 0 0 0 0 79 0 0 0 84 97 0 85 57 0 0 10 0 0 0 0
0 73 0 0 65 0 0 0 67 0 89 0 0 0 0 0 0 0 27 4 0 0 0 0 46 0 55 0 0 94 0 0 0 28 0 0 0 0 0 47 0 0 0 0 0 0 0 72 0 53 0 76 98 0 0 92 9 0 0 0 0 0 25 0 0 0 0 0 81 25 0 14 0 0 0 5 54 0 0 0 0 0 0 0 0 0 0 0 17 0 58 0 0 0 0 0 0 0 0 0
0 0 0 17 0 70 0 0 0 71 0 96 0 0 14 0 78 0 0 68 0 0 0 22 0 0 0 28 0 0 0 0 0 0 0 76 0 0 0 0 0 73 0 84 0 0 0 3 0 68 0 85 0 42 0 59 0 0 0 0 0 0 95 0 0 53 67 12 73 0 0 79 0 0 60 0 0 0 0 0 0 9 0 0 0 0 0 27 0 0 0 0 0 0 0 54 0 61 0 0
0 0 67 0 0 0 0 0 0 0 0 83 0 0 0 0 0 0 0 61 0 0 10 0 0 51 0 0 0 30 15 95 0 0 0 0 0 72 0 0 0 0 77 19 11 88 0 0 0 0 0 0 63 64 0 0 74 0 44 0 5 0 0 0 0 0 75 55 0 7 11 0 0 0 0 0 0 50 0 0 0 100 0 0 0 0 31 0 0 0 0 0 0 0 0 0 0 62 0 0
0 59 0 0 0 0 0 0 0 92 0 0 0 0 0 0 0 0 9 24 0 0 0 55 0 0 15 26 45 0 0 0 0 0 0 0 0 53 0 0 32 0 0 0 40 0 0 0 0 0 0 0 86 0 66 0 50 0 0 0 0 0 0 0 0 0 0 0 48 0 0 34 0 0 0 0 58 81 35 0 0 0 0 0 0 47 0 57 8 0 0 0 0 0 0 0 0 0 0 50
0 0 0 0 0 0 0 0 0 0 0 0 0 0 0 0 0 96 28 0 0 0 0 42 0 0 0 0 0 0 0 0 0 0 59 0 0 0 0 0 0 0 0 86 0 0 0 0 0 0 0 0 0 0 96 0 0 0 0 0 0 10 0 0 0 0 12 27 0 0 41 0 0 62 90 0 51 0 0 0 72 0 0 0 85 0 0 0 0 0 0 72 0 0 0 0 0 0 0 0
0 0 0 0 17 0 0 0 0 0 0 0 0 0 0 73 0 0 0 0 0 0 2 0 0 0 0 0 0 0 52 47 0 0 0 0 0 0 0 69 0 0 0 0 0 0 0 0 44 0 0 0 8 59 0 0 0 72 0 0 0 20 37 0 0 0 0 0 0 0 0 0 37 0 22 0 0 0 0 0 9 0 0 0 0 0 0 0 0 0 0 87 77 13 0 44 75 0 0 0
0 0 0 0 0 0 0 0 0 0 71 0 19 64 0 0 0 0 0 86 0 0 0 0 71 0 0 0 0 0 0 0 0 0 0 0 0 22 0 0 0 0 0 0 0 0 0 0 0 0 0 0 36 0 99 0 3 0 0 0 0 21 0 0 0 45 0 34 87 69 0 96 8 100 0 0 0 0 49 0 0 0 0 0 0 2 0 76 0 0 0 53 0 0 0 0 0 34 0 0
0 0 0 0 0 0 0 36 12 0 0 0 0 0 0 26 0 0 33 0 12 0 0 0 0 0 0 0 67 59 24 0 0 100 0 0 0 0 0 76 0 0 0 0 73 40 0 0 0 0 55 0 0 0 0 0 0 0 23 0 0 0 42 88 0 0 35 0 84 0 0 0 0 0 10 26 0 0 0 60 0 0 0 34 0 0 0 0 13 36 0 0 0 24 0 0 0 0 0 0
0 0 42 0 0 0 0 0 0 0 0 0 0 100 0 0 0 0 0 0 0 0 0 0 0 0 0 20 0 0 5 0 0 0 0 0 0 0 0 0 0 0 0 28 0 0 47 0 0 0 0 0 0 0 0 0 97 0 0 0 0 0 90 0 0 0 0 0 0 58 0 0 0 0 79 0 0 0 0 0 0 0 0 70 37 0 0 84 0 0 0 29 91 7 0 0 0 0 0 0
0 0 98 0 0 0 0 0 0 0 0 0 0 0 0 0 0 0 0 0 0 67 0 0 0 0 12 16 0 0 14 63 0 0 0 0 0 10 0 70 0 0 52 0 0 0 0 0 96 0 0 0 0 0 0 56 0 0 0 0 0 0 62 0 81 0 0 14 0 0 0 0 0 0 80 54 0 0 0 45 0 0 0 0 0 10 0 0 0 0 0 0 28 0 0 0 0 0 0 0
0 0 0 40 0 0 62 100 0 0 0 0 0 48 0 0 49 0 0 0 0 41 0 0 76 0 0 91 0 81 0 0 1 0 0 0 98 0 0 0 0 0 49 0 79 15 0 0 18 0 0 0 0 0 0 0 37 0 21 0 0 42 0 85 0 64 0 0 0 0 0 0 0 0 0 56 0 87 0 0 0 74 0 0 0 91 48 56 0 0 0 42 0 0 0 0 0 0 0 0
45 89 0 0 0 84 0 0 20 0 0 0 0 0 0 0 0 53 0 0 48 82 86 0 0 0 0 0 0 0 39 0 0 53 0 0 0 0 83 84 0 60 0 0 0 32 0 0 0 0 0 79 0 50 0 0 0 0 0 0 0 67 29 0 0 0 0 52 0 42 0 0 0 0 0 43 0 0 0 0 31 0 0 0 0 0 0 63 0 0 0 0 91 75 0 0 0 0 0 35
85 0 87 10 0 0 0 21 0 0 73 51 0 0 0 0 0 87 27 0 0 0 0 19 0 0 0 2 95 0 72 0 64 0 0 0 0 29 0 0 0 55 0 0 11 11 58 27 0 0 99 11 0 0 0 55 0 0 0 0 90 0 0 0 0 51 0 0 0 29 0 60 50 31 0 0 19 0 0 0 0 70 0 0 0 63 0 0 0 0 0 52 0 0 0 0 0 0 0 27
85 0 70 0 0 0 0 0 14 100 3 0 0 0 40 0 0 0 0 0 0 0 0 0 66 0 0 0 0 0 0 31 0 0 0 0 8 0 0 0 13 0 1 15 48 0 0 0 4 0 0 0 0 0 0 90 0 0 45 0 0 0 0 0 0 0 41 4 0 0 0 0 0 5 0 0 75 0 63 0 0 3 0 0 0 74 0 0 0 27 0 0 0 0 0 0 0 0 0 0
0 0 39 0 0 3 0 49 25 0 0 71 0 0 57 0 0 0 0 0 0 85 0 0 0 47 97 33 0 0 0 0 0 40 0 83 0 0 0 0 66 0 48 0 0 0 0 0 13 0 0 0 0 0 0 0 99 0 0 0 0 0 0 95 0 0 31 9 0 0 0 0 0 25 0 0 0 0 0 0 0 0 0 59 0 0 0 1 47 0 55 0 0 66 0 0 20 0 0 0
0 1 24 0 43 16 54 0 0 0 0 31 0 0 0 0 0 0 14 0 33 85 0 40 29 0 25 0 0 0 76 0 0 0 0 24 31 0 51 63 30 0 0 0 0 47 0 48 0 0 0 0 0 0 0 74 0 89 0 0 0 71 58 0 0 0 27 0 0 0 0 0 0 0 0 0 0 0 0 0 0 0 0 85 0 14 0 0 0 0 0 0 0 0 0 0 0 32 91 0
85 52 0 0 0 0 0 94 0 96 0 52 0 0 72 0 48 58 0 35 0 0 82 67 89 0 23 0 0 0 36 60 0 0 0 46 14 0 0 0 0 0 0 0 0 86 49 0 0 0 0 0 0 0 0 5 76 50 0 0 0 29 3 0 0 0 0 0 0 0 63 0 0 0 44 0 0 0 0 0 0 97 28 0 0 3 0 0 59 91 0 0 2 0 0 0 0 54 0 26
0 0 61 0 0 0 60 0 0 51 2 0 0 0 73 0 93 0 0 0 0 0 0 87 0 43 55 0 0 0 61 0 0 0 0 67 23 82 0 88 0 19 0 0 95 0 0 0 0 0 0 0 0 46 0 0 0 0 0 0 0 0 0 0 0 0 0 0 0 0 0 46 0 0 0 0 0 55 0 0 0 0 0 0 85 0 0 0 0 0 29 73 0 12 0 0 0 0 6 91
0 0 32 0 0 0 0 0 26 0 0 0 76 0 0 78 0 0 53 0 0 93 0 0 0 0 0 0 0 0 0 94 0 0 0 31 0 18 0 0 0 0 33 0 0 0 21 0 39 0 0 95 0 28 0 0 73 37 0 0 0 0 0 0 0 0 0 0 68 29 0 39 0 33 0 0 83 0 0 0 0 0 40 0 0 0 0 0 23 72 0 0 0 91 34 0 42 0 0 0
0 0 0 0 0 0 0 8 0 0 0 0 0 7 30 91 0 0 0 60 0 34 0 97 88 35 0 0 53 0 0 79 0 0 27 0 0 0 0 0 0 0 0 0 0 0 0 0 0 0 0 83 0 0 0 37 0 0 0 0 90 0 0 0 0 0 0 0 47 0 0 0 50 0 0 0 0 77 0 0 0 0 0 0 56 47 0 10 63 0 0 46 0 0 10 0 0 0 0 71
98 29 0 0 71 99 0 0 0 0 0 0 0 0 0 0 0 0 0 0 0 0 36 0 0 0 0 0 0 0 15 0 0 0 0 22 0 74 0 54 0 0 99 0 0 7 0 0 0 0 0 0 0 0 0 0 0 0 16 38 0 0 0 49 0 0 26 0 0 0 0 0 29 0 8 0 42 0 97 0 73 71 0 0 30 77 0 0 0 0 0 0 0 30 33 0 0 0 3 0
0 63 0 0 0 0 0 0 88 33 0 0 0 45 0 0 0 2 14 0 0 0 0 47 0 65 0 0 0 0 0 0 0 0 0 0 42 0 0 0 0 92 0 0 0 0 0 0 0 0 56 66 0 0 0 0 0 0 0 0 25 58 0 61 0 0 0 0 0 0 0 0 0 0 0 0 30 0 0 0 0 0 0 0 0 0 0 0 0 86 0 0 0 0 0 0 0 0 0 0
0 0 0 0 0 0 0 0 0 0 0 0 0 92 0 0 0 0 0 0 0 0 0 14 50 6 0 0 0 0 51 58 0 0 0 93 0 0 0 0 0 0 0 0 95 0 0 72 0 41 0 60 0 0 0 0 0 0 0 8 87 0 0 12 0 0 0 0 0 18 30 0 95 0 0 0 0 0 0 0 0 0 0 0 0 27 0 54 0 0 0 0 0 0 0 0 73 0 0 0
0 0 96 0 84 0 0 61 0 0 0 0 0 67 0 48 0 95 0 0 0 0 0 0 0 0 0 45 0 0 0 0 18 0 0 0 0 0 75 0 0 95 0 0 0 0 0 0 0 0 0 78 27 0 100 61 0 0 0 0 53 90 0 13 0 0 61 0 6 0 0 88 0 0 0 0 0 0 0 0 0 35 0 57 0 0 0 36 40 0 0 0 0 0 0 0 0 0 31 0
22 0 0 7 0 0 0 0 83 0 34 0 0 0 0 48 21 77 0 0 0 0 0 67 0 0 0 0 61 0 0 0 0 0 0 0 0 0 0 0 0 0 0 0 65 0 0 9 0 21 66 0 0 0 0 0 13 56 0 0 0 0 17 0 0 0 0 0 0 62 0 0 69 74 0 0 0 20 0 0 0 0 19 0 0 0 0 0 24 0 0 0 0 19 0 0 41 0 0 0
0 0 0 0 92 64 0 0 39 0 0 0 0 0 0 0 23 87 0 81 0 0 0 0 68 0 92 0 0 0 37 52 0 78 0 69 46 0 0 0 0 60 0 0 72 0 27 0 0 0 12 0 0 38 0 87 3 0 0 0 0 0 0 0 0 0 0 0 0 0 31 0 0 0 0 0 0 0 0 0 0 0 29 84 0 0 57 0 0 10 39 64 93 0 0 0 0 0 0 0
18 0 0 0 86 77 92 42 3 0 0 0 0 0 30 0 0 0 0 0 0 81 99 0 10 0 0 76 0 0 57 0 32 0 0 81 86 46 40 0 0 0 0 10 96 0 0 0 91 17 0 0 56 0 0 0 18 0 0 0 93 54 0 0 0 0 0 21 0 0 0 36 19 0 0 0 0 0 0 0 0 0 0 0 0 0 0 0 0 0 1 0 0 99 0 0 0 0 9 0
0 0 42 0 0 0 0 0 44 0 0 0 0 0 0 0 0 77 0 41 0 0 69 0 0 0 0 91 61 82 97 0 0 0 0 0 0 0 87 0 0 0 0 50 0 0 8 0 0 0 69 0 0 0 0 0 56 0 100 0 0 0 0 0 0 0 0 0 0 0 0 0 33 0 0 0 0 0 0 0 46 0 35 0 0 0 0 0 0 40 16 0 0 78 0 0 0 0 0 0
0 39 0 0 69 0 0 0 0 83 0 78 0 0 0 0 16 17 0 0 0 0 1 96 16 0 83 52 0 84 0 3 2 0 0 0 0 29 0 80 0 0 62 61 0 0 0 0 0 7 0 61 0 0 0 0 0 0 68 0 0 0 0 36 0 0 0 0 0 0 0 79 0 0 0 63 0 96 0 77 0 6 0 55 0 0 0 95 63 0 26 0 0 0 0 0 0 0 0 60
98 90 0 0 97 0 0 0 0 0 0 55 0 0 0 89 0 0 0 0 0 0 0 0 0 0 0 0 0 95 98 0 0 0 5 0 0 0 71 35 88 0 0 0 3 0 0 0 0 0 0 0 0 36 0 0 0 0 85 0 23 0 0 0 0 2 0 0 0 0 19 0 0 0 0 15 0 0 0 0 0 85 0 73 0 0 0 0 0 0 0 50 0 45 0 0 0 0 0 0
59 0 0 0 0 0 0 0 99 0 0 15 0 0 0 28 0 0 80 0 0 0 0 66 0 0 26 96 0 0 93 0 0 0 0 0 10 0 0 0 0 0 0 0 0 0 0 0 0 0 0 81 0 0 0 0 0 0 0 0 0 0 0 0 12 0 46 0 0 96 17 0 0 2 0 0 0 1 0 0 0 81 0 46 74 46 0 0 0 0 0 0 0 0 0 0 11 82 0 0
0 0 0 0 100 0 34 0 37 0 96 0 0 0 0 0 35 92 0 19 5 0 5 0 34 0 11 2 0 0 0 89 90 0 0 0 0 0 90 67 75 0 0 0 78 0 0 0 0 74 0 0 92 0 4 0 0 69 0 0 34 0 89 0 86 0 0 0 0 0 0 0 0 0 0 0 0 39 0 0 0 0 0 0 0 0 73 94 0 0 0 0 0 0 0 0 0 0 0 0
75 0 0 59 0 9 84 0 0 0 0 41 0 17 16 0 93 0 87 0 0 0 0 0 0 0 0 80 0 0 0 0 0 40 6 0 0 18 61 33 0 15 0 0 0 0 0 74 0 0 0 0 0 0 0 36 0 0 0 0 0 63 0 0 0 0 0 0 28 0 0 0 0 0 0 0 0 0 0 0 0 99 79 0 0 0 0 33 0 0 94 24 66 0 0 0 0 0 0 0
0 10 0 32 29 0 0 74 80 0 0 0 47 0 0 0 0 17 68 30 0 81 0 0 0 0 0 0 0 44 0 0 0 74 92 0 0 92 0 0 0 0 0 0 0 0 0 29 0 0 44 0 0 0 58 0 0 0 0 0 0 0 0 0 0 0 0 0 0 0 0 0 0 0 0 0 0 0 0 0 0 0 0 0 0 0 0 66 88 31 0 0 99 63 72 83 0 9 0 0
0 14 0 0 0 0 0 0 65 0 85 0 0 0 88 0 0 14 0 0 0 0 0 0 0 45 0 0 0 0 0 39 0 0 34 0 0 0 0 0 49 76 0 69 0 0 0 89 0 0 0 0 0 0 64 99 24 0 0 0 64 0 0 0 0 0 0 0 18 0 0 11 0 0 0 0 83 0 0 82 0 0 0 0 0 0 0 0 0 0 74 0 0 82 0 16 62 88 0 0
77 64 82 70 0 34 0 0 0 0 43 0 0 0 0 0 0 0 7 17 0 99 0 0 0 97 32 0 0 0 0 51 0 0 0 0 0 0 0 0 0 0 15 40 0 0 14 0 0 0 0 0 0 0 0 0 0 49 0 0 0 0 0 0 52 0 0 0 0 78 0 0 74 0 0 0 41 0 0 0 0 0 0 0 0 52 0 0 91 69 0 0 0 0 0 0 40 0 0 0
0 0 0 0 6 0 74 0 0 60 55 0 0 0 62 0 0 44 87 0 0 0 0 0 0 18 0 0 0 0 0 0 0 89 0 0 0 9 0 0 83 0 0 0 0 0 0 10 48 0 0 0 0 0 0 0 56 0 0 49 0 0 0 0 0 0 69 45 0 0 0 0 55 0 73 88 0 0 0 99 0 0 0 0 80 0 0 0 48 0 0 35 0 0 0 0 97 0 0 0
0 10 0 0 58 0 0 0 75 0 0 52 2 0 0 0 0 0 0 31 0 99 21 8 0 87 9 0 0 0 32 56 73 4 0 0 0 24 60 0 0 0 0 0 0 71 0 0 0 0 0 0 46 0 2 0 0 0 0 0 74 88 90 0 0 0 0 72 0 33 14 0 0 0 89 0 6 0 94 77 0 0 0 0 0 0 0 0 82 0 0 0 0 0 0 0 38 44 0 0
53 13 99 9 0 0 0 0 0 0 0 76 69 0 0 0 0 40 16 85 0 0 0 0 0 0 3 0 0 32 21 0 0 75 0 0 21 0 0 0 52 0 0 21 0 0 0 0 66 0 0 14 0 74 52 0 0 0 65 69 0 0 0 16 0 0 0 0 0 0 0 0 0 0 20 0 0 0 0 0 55 0 0 56 0 0 0 0 0 4 0 0 0 47 0 0 0 0 4 0
0 0 0 0 0 0 48 37 0 0 85 0 0 0 0 0 0 0 0 0 0 0 0 34 0 26 0 0 0 0 0 0 0 0 0 56 0 0 0 0 0 0 0 0 0 62 0 0 0 0 0 68 0 0 0 0 11 73 0 22 0 0 0 0 25 0 91 0 0 0 0 0 14 0 0 0 64 0 0 0 0 0 0 0 93 0 93 0 0 0 0 0 0 0 0 0 0 70 0 0
0 0 0 0 0 0 43 0 0 71 0 7 0 0 94 0 0 0 9 0 0 67 0 0 0 0 0 47 0 11 8 0 0 0 0 0 0 60 94 0 0 0 0 0 0 0 0 0 0 0 0 0 0 0 0 75 0 0 0 15 9 14 0 0 0 0 0 0 0 75 0 0 0 0 0 0 0 0 0 0 0 0 35 0 0 0 0 90 15 0 67 0 0 31 0 0 0 16 0 0
0 0 86 0 36 0 17 0 22 0 0 0 66 0 0 0 0 19 0 0 0 0 0 0 0 0 0 0 43 15 0 96 0 0 0 0 0 0 0 0 34 0 73 0 74 0 0 0 99 25 0 0 0 0 0 0 0 0 41 0 0 2 0 0 0 0 0 0 0 0 0 0 19 0 30 0 0 37 58 0 0 0 0 0 0 0 36 0 0 0 40 0 0 4 0 0 0 0 0 0
0 9 0 0 73 0 72 0 54 33 0 0 37 0 0 0 0 0 0 0 0 0 0 0 0 47 0 0 83 0 0 0 0 0 0 83 29 0 0 0 0 0 0 0 0 0 0 0 0 0 0 0 0 0 0 0 0 40 0 0 60 32 0 0 0 13 0 0 0 0 0 0 0 23 0 0 0 63 0 0 32 0 0 0 0 0 0 0 1 25 0 21 13 10 0 0 0 0 15 0
0 0 46 19 0 0 0 90 0 0 0 0 0 0 0 0 53 0 0 0 0 21 16 50 0 60 0 0 0 0 0 0 53 95 0 91 90 0 0 89 0 0 0 0 0 79 95 0 0 0 0 0 0 0 0 58 0 94 54 0 95 0 74 0 0 0 0 78 88 0 0 0 0 67 0 88 49 0 0 0 2 81 0 0 0 0 0 0 0 0 0 0 71 0 0 0 0 0 0 0
0 0 0 0 0 0 0 0 0 0 0 0 0 0 76 0 0 0 0 0 40 0 0 0 0 0 0 0 0 0 0 0 0 78 0 0 0 0 0 0 0 0 0 33 9 0 0 34 42 0 0 30 0 0 42 0 73 0 0 0 0 14 0 0 0 0 0 0 88 0 0 0 0 96 0 67 0 0 0 19 0 0 0 92 0 13 0 0 0 0 0 0 0 0 32 0 0 0 0 0
94 13 0 0 0 0 0 0 0 0 0 0 0 0 0 0 0 36 0 0 0 0 0 96 0 0 0 0 0 16 0 0 48 33 0 0 0 0 0 0 0 6 86 0 97 0 4 0 0 0 57 53 0 0 0 0 0 0 0 83 0 0 0 0 0 8 0 2 0 0 0 70 57 79 0 0 97 0 0 0 0 77 70 0 0 0 0 0 0 0 0 0 0 0 15 0 0 61 26 0
0 0 0 0 0 0 0 0 0 55 0 95 89 0 0 20 95 0 0 0 0 0 32 0 0 0 0 0 0 0 0 0 0 0 0 14 0 0 0 0 0 0 30 0 0 0 83 0 0 0 0 0 0 0 81 0 0 74 0 0 92 25 0 96 0 32 0 0 18 0 63 0 0 0 0 0 0 0 0 63 89 0 32 0 0 0 0 0 0 0 0 0 33 0 0 59 98 0 0 0
0 25 0 0 0 20 0 0 0 0 0 0 0 0 0 6 0 0 0 0 43 0 0 0 27 0 33 0 0 0 83 85 0 0 0 49 0 0 0 11 0 0 0 0 0 0 80 0 0 65 0 68 0 0 0 0 0 0 0 0 0 71 0 15 0 0 68 0 24 0 93 0 0 0 0 99 0 0 0 0 14 0 0 70 0 0 0 0 0 46 0 0 0 0 0 0 0 11 91 65
0 0 0 90 0 6 0 0 0 0 0 93 0 0 0 0 0 15 0 0 0 0 0 0 0 85 28 0 81 0 0 0 0 0 0 0 67 0 0 0 0 0 63 0 0 0 0 0 0 0 85 0 0 41 55 47 0 32 24 0 0 0 0 0 0 0 84 0 0 0 0 0 0 0 0 0 0 10 0 18 0 0 0 0 0 6 0 0 0 0 0 0 0 0 0 39 0 59 0 0
0 0 0 0 0 97 0 0 0 99 24 0 0 0 73 0 0 0 82 0 0 2 0 0 0 0 24 0 75 0 0 0 3 0 0 0 27 22 0 0 0 0 0 42 0 0 29 0 0 80 0 0 0 0 0 0 0 4 3 0 0 0 0 0 86 0 0 78 0 0 96 0 78 0 0 0 0 0 38 0 0 0 91 0 14 0 0 88 0 71 0 0 85 0 0 0 0 0 49 70
64 0 0 0 0 0 0 0 0 0 0 0 13 0 0 0 0 0 66 0 0 0 0 17 0 0 0 0 0 0 46 61 0 47 0 0 0 15 0 0 0 0 0 0 0 0 0 0 0 70 0 0 22 0 0 8 0 0 91 0 0 26 0 59 0 6 0 0 0 2 0 0 0 0 0 0 0 0 91 0 0 41 0 0 24 69 0 94 0 41 0 48 0 49 0 19 0 0 0 0
0 0 0 0 58 0 73 0 0 0 0 0 0 0 0 2 0 71 0 58 0 67 0 43 100 0 0 13 0 0 0 0 0 0 0 0 0 0 0 0 0 23 0 0 0 0 0 0 0 0 0 0 0 93 0 0 0 0 55 0 0 71 22 0 0 0 0 0 0 0 0 0 0 0 44 32 0 0 76 0 0 0 0 0 0 0 0 0 0 0 0 0 0 0 0 0 0 0 0 0
0 0 0 0 0 97 71 0 0 0 0 0 76 86 0 0 0 0 0 0 0 0 0 0 0 0 90 0 0 43 26 0 0 0 0 48 0 77 0 0 0 7 0 0 0 0 0 0 0 60 0 0 51 0 87 0 66 0 0 0 0 0 0 0 0 40 0 0 7 0 0 0 0 0 27 0 0 0 90 9 0 0 0 0 9 0 22 0 0 0 0 0 74 0 0 39 0 8 0 0
0 0 0 70 0 0 0 0 0 0 0 0 0 69 0 0 16 0 0 0 0 0 0 0 0 90 0 0 97 38 41 40 0 94 0 0 0 0 0 0 0 55 0 0 0 0 0 0 0 0 0 0 0 0 0 0 15 0 0 0 0 82 0 0 0 0 0 0 6 0 5 36 0 0 0 0 0 0 0 0 0 0 0 0 0 0 15 81 0 0 40 0 0 76 0 0 0 0 0 0
58 0 67 0 0 0 0 48 0 0 0 0 0 80 0 0 0 0 40 54 70 0 59 11 0 34 0 0 0 0 0 0 0 0 0 30 0 12 0 0 0 0 0 0 10 0 72 0 89 0 0 0 0 0 33 0 53 0 0 0 38 0 0 0 0 0 0 0 0 0 17 60 65 0 0 0 22 0 0 0 67 8 96 0 0 44 0 0 2 0 0 0 0 0 0 0 0 27 0 0
45 0 0 0 0 0 0 0 82 0 0 70 0 36 0 18 96 0 0 0 14 52 21 0 0 0 0 0 0 0 47 0 0 71 0 0 41 76 0 0 86 0 0 0 0 0 0 0 0 0 0 0 0 21 0 0 0 0 0 0 91 0 0 0 0 70 0 0 0 0 43 0 0 0 0 63 0 99 56 80 0 0 0 0 0 0 0 41 0 0 0 0 0 50 69 26 25 0 0 0
0 94 0 0 87 0 0 0 0 0 0 37 0 0 0 0 10 0 0 0 0 81 0 43 0 0 0 81 0 0 0 64 0 88 0 0 0 0 0 0 0 0 0 0 61 0 0 0 46 0 0 0 79 0 0 0 0 7 0 0 0 0 87 0 100 26 0 0 75 0 0 0 0 0 0 37 68 0 0 0 0 0 0 0 0 64 0 47 98 87 44 25 39 0 0 0 14 1 0 0
0 0 0 47 36 0 0 0 0 93 0 0 62 3 0 0 0 0 0 73 0 0 0 0 0 0 0 0 6 0 0 0 0 97 0 0 0 0 0 0 59 0 0 0 29 0 0 0 0 0 44 0 0 11 0 0 0 0 0 0 44 0 87 79 34 0 91 0 0 0 0 63 0 0 45 57 0 0 0 0 80 0 0 67 0 0 2 0 0 0 51 0 0 0 61 31 2 0 0 0
56 46 0 0 79 0 78 0 0 0 0 0 0 0 0 0 0 0 0 0 0 0 0 0 0 87 83 3 0 0 33 0 94 0 71 84 0 0 0 0 0 0 0 0 0 0 85 0 79 0 53 0 0 0 44 0 5 0 0 0 0 0 39 0 1 0 35 33 0 0 0 0 54 0 0 0 0 0 0 0 56 0 0 0 0 79 0 0 0 20 0 0 0 53 63 0 0 0 0 0
0 0 80 0 0 0 87 0 59 0 64 0 0 0 8 0 0 48 67 24 0 0 0 0 0 0 0 0 0 0 0 0 0 0 61 0 0 0 0 0 76 97 0 0 72 29 0 0 25 0 0 0 0 0 0 0 0 93 72 37 6 0 75 3 0 0 0 0 0 8 0 55 0 0 0 54 0 0 0 0 0 0 0 0 0 0 0 0 0 0 19 0 0 0 0 69 29 98 0 36
0 0 0 24 0 0 0 0 13 0 0 0 0 0 0 21 0 0 0 0 30 0 87 0 20 0 0 0 0 0 0 0 0 59 35 44 0 0 0 0 0 0 0 15 97 0 3 81 0 0 0 0 0 0 0 10 0 99 0 0 2 55 0 0 0 0 0 0 60 0 0 0 0 15 44 38 0 0 0 0 17 0 0 13 66 0 0 0 0 0 45 89 0 0 0 0 0 0 51 0
0 0 0 12 0 0 0 0 0 0 97 0 40 0 0 0 0 65 0 94 0 0 0 0 0 0 0 73 0 0 0 16 97 0 0 30 95 0 0 0 0 0 0 0 0 0 0 0 0 66 0 82 21 0 0 0 0 0 0 0 0 0 0 0 0 0 0 2 23 0 67 0 0 15 0 0 99 0 0 0 92 88 0 30 0 0 0 0 0 0 0 0 0 0 0 78 98 0 16 19
0 72 31 0 0 87 0 0 0 0 0 0 37 0 0 0 44 30 2 0 0 87 0 0 0 0 46 0 0 0 48 0 6 0 0 3 37 0 0 0 0 0 0 19 0 29 0 0 53 0 0 100 93 0 0 0 0 0 0 27 0 0 0 57 0 0 0 90 0 0 94 0 0 0 0 0 0 65 0 0 0 80 0 46 0 0 0 0 0 0 0 35 0 78 0 0 0 0 4 29
71 0 0 9 0 0 12 0 0 0 0 0 0 0 0 0 0 0 26 0 52 0 0 3 83 0 0 0 73 0 0 0 0 0 0 0 57 0 0 59 68 0 29 0 0 0 0 0 0 0 71 0 0 0 0 44 0 0 0 78 0 0 39 0 0 0 0 0 0 0 0 0 0 0 0 3 0 0 0 0 0 0 40 0 27 0 0 0 0 81 0 0 0 0 0 0 0 0 0 0
0 0 41 0 2 0 0 0 0 0 97 31 0 0 0 0 0 0 0 0 0 0 0 20 50 0 0 0 0 0 42 61 0 0 69 0 77 0 25 0 0 0 0 0 0 0 0 0 0 0 0 0 74 0 64 0 0 0 44 0 0 0 77 91 0 0 96 99 86 0 0 0 0 0 0 0 0 0 0 0 0 0 0 0 24 0 0 64 63 0 42 0 0 60 0 0 91 0 0 0
0 85 0 0 0 0 0 0 0 0 0 94 88 0 0 11 0 6 53 59 0 0 0 0 0 0 0 0 0 0 0 0 0 0 0 0 0 0 0 0 0 0 0 0 0 0 0 0 0 0 0 0 0 0 49 0 0 0 96 0 0 0 29 0 0 0 0 0 0 97 0 0 0 22 0 0 0 0 0 0 0 71 0 0 0 0 0 0 0 54 0 0 0 16 0 0 97 0 0 0
0 0 62 88 0 41 0 0 0 0 0 0 34 0 0 0 0 53 0 0 42 0 7 0 23 0 0 53 0 0 0 0 0 0 48 0 0 93 0 83 0 0 0 0 0 99 3 84 68 0 0 85 61 0 0 0 0 76 0 81 0 0 0 0 0 0 77 0 0 0 0 0 0 0 0 0 0 0 0 0 0 0 0 79 0 43 0 0 0 0 0 87 2 45 79 79 0 4 0 11
8 0 63 0 91 0 0 45 50 0 0 0 0 0 0 0 68 0 11 0 0 0 0 27 0 65 72 0 0 0 0 0 0 86 0 98 0 0 0 0 100 0 0 0 0 0 8 0 0 0 0 0 0 0 0 0 0 0 0 0 0 0 0 0 0 1 0 0 0 0 68 0 0 0 21 0 0 0 0 0 0 0 0 0 0 0 0 69 0 0 0 0 37 0 0 57 0 0 0 0
0 0 0 21 0 0 0 0 0 0 0 0 0 76 83 0 0 0 18 0 0 80 0 0 0 100 55 77 24 0 0 59 90 0 0 0 43 27 46 0 39 0 0 0 0 0 0 0 0 0 0 0 0 0 0 0 0 0 0 0 0 0 0 0 15 0 24 0 0 93 0 0 98 0 0 0 0 59 0 0 0 0 0 0 0 0 6 0 0 0 0 0 0 60 0 9 0 0 17 0
0 45 51 0 0 57 79 0 84 92 28 0 45 0 0 96 88 9 0 0 0 0 83 0 0 0 0 0 0 0 70 0 0 0 0 0 0 0 0 0 0 0 0 95 100 0 0 7 0 0 0 74 63 0 10 0 0 0 0 0 49 15 0 0 13 41 0 52 47 0 0 0 0 23 0 10 80 0 0 0 0 0 27 73 0 0 99 26 0 19 55 0 0 0 0 0 0 0 0 99
0 12 87 0 0 22 0 0 19 0 0 0 96 0 0 25 44 0 0 0 100 29 0 0 0 48 0 0 0 0 0 0 0 0 71 0 48 37 0 0 0 0 0 56 0 0 31 0 0 0 0 14 0 0 0 0 2 0 0 0 25 77 0 0 68 45 0 0 91 0 1 0 83 55 0 0 0 23 0 50 0 0 0 1 0 0 53 4 43 0 0 98 0 0 26 0 0 0 0 0
0 0 2 74 0 0 0 0 0 0 0 80 0 0 24 0 0 0 0 0 0 64 0 100 0 0 76 0 0 97 69 0 53 0 0 0 0 0 0 88 97 0 0 0 0 0 53 0 0 0 40 0 0 25 0 35 0 0 0 0 20 0 0 0 48 0 0 33 0 0 0 0 0 77 56 0 0 0 0 0 0 0 0 0 0 0 0 0 87 93 0 0 0 0 47 0 0 0 0 41
0 0 0 0 0 0 30 0 0 0 0 0 0 0 36 0 0 0 0 20 0 0 0 0 0 0 0 0 0 0 0 0 0 0 12 0 0 0 0 0 0 0 0 0 0 73 65 80 0 0 0 0 0 0 0 34 0 0 0 0 0 0 21 0 0 0 0 0 0 0 0 75 0 0 0 0 0 0 0 0 0 0 0 0 0 0 0 0 0 0 83 0 0 0 0 0 29 0 0 59
0 31 0 0 0 7 0 0 0 0 0 0 0 0 0 0 0 0 0 0 0 0 0 22 37 84 0 96 0 0 0 73 0 0 74 0 0 0 0 0 0 0 0 0 0 0 5 0 0 71 0 58 0 57 89 0 0 81 0 0 0 0 54 0 0 0 0 92 0 83 0 92 0 0 0 0 0 0 69 0 79 0 0 0 0 0 0 0 0 0 0 8 6 0 38 0 16 0 0 0
0 0 0 0 0 0 0 43 0 0 0 40 0 0 43 0 0 0 0 0 0 0 0 0 0 0 0 0 0 0 0 86 0 0 0 49 0 0 0 0 0 0 0 0 0 84 0 17 0 0 0 0 0 18 39 0 0 0 62 0 0 0 0 0 0 0 0 0 0 0 0 0 0 0 50 0 0 0 0 10 15 0 11 53 37 0 0 0 0 0 0 0 0 0 0 59 0 96 0 0
70 0 0 77 0 64 0 0 0 0 14 17 0 0 0 24 0 0 0 0 0 0 0 0 0 0 63 0 0 0 39 0 0 0 0 0 0 0 0 0 0 0 28 99 61 0 69 96 0 0 0 0 0 0 26 19 75 0 0 0 99 0 76 83 0 85 0 0 0 0 0 0 0 0 0 0 0 0 0 0 0 12 0 0 0 62 0 0 17 0 0 64 0 0 0 0 0 0 0 0
16 0 0 0 0 0 0 0 0 0 0 0 0 0 0 0 0 0 0 0 0 0 0 0 0 0 48 0 0 81 0 0 0 0 37 0 0 0 0 0 16 0 0 9 0 0 59 0 0 0 0 0 0 0 0 0 96 42 27 0 0 0 66 0 0 0 0 44 0 0 59 50 12 12 0 0 0 60 62 0 72 0 0 56 35 0 0 68 0 0 82 43 0 0 37 0 0 0 0 77
0 40 0 68 0 0 0 0 22 0 0 0 0 0 0 0 0 72 0 0 0 0 0 0 0 0 98 86 39 0 0 97 0 0 0 0 16 0 0 89 0 100 33 0 29 0 0 0 10 0 0 0 0 0 0 0 2 0 0 0 0 0 47 0 62 0 0 22 0 0 0 0 0 0 0 0 0 33 0 0 28 0 0 84 0 0 0 0 0 11 0 81 0 0 0 0 0 0 0 0
40 0 85 96 12 0 72 0 45 0 0 0 0 0 0 8 0 61 0 0 0 65 0 26 71 0 0 85 0 22 0 75 0 0 87 0 0 20 0 32 0 58 0 0 0 0 0 0 91 0 0 0 0 0 0 45 0 0 0 0 0 38 0 0 0 52 0 13 0 0 0 0 0 0 0 0 0 0 0 0 39 0 0 0 0 0 0 0 0 48 0 85 87 0 14 0 0 0 0 0
7 0 8 0 0 0 0 0 0 0 0 0 0 0 0 77 0 0 0 0 98 25 0 0 0 69 0 0 0 0 0 0 76 0 0 84 35 7 0 0 0 0 0 0 0 0 0 0 65 0 0 0 0 0 0 0 0 82 0 0 0 0 0 0 35 0 0 0 16 0 0 0 0 0 0 0 0 0 7 39 0 0 0 40 0 0 0 35 0 0 0 0 0 0 0 0 0 92 0 0
0 95 0 0 0 100 55 0 0 0 0 0 0 2 0 56 0 0 19 0 0 0 0 0 0 0 0 0 0 40 0 0 0 0 1 0 100 51 79 0 21 0 0 8 0 0 0 0 0 44 0 0 0 0 0 0 52 61 0 0 0 0 96 51 56 0 0 54 0 0 0 0 79 0 0 0 97 44 0 0 0 0 0 0 25 0 0 61 0 0 88 72 0 0 0 0 0 0 20 0
0 0 50 0 0 59 0 0 0 0 0 0 0 0 0 0 91 0 0 0 0 0 91 95 86 0 0 15 0 0 47 0 0 0 0 0 0 0 0 0 0 0 0 0 0 20 91 0 0 93 93 0 0 0 0 0 0 0 0 0 42 0 0 0 0 61 0 31 0 0 0 0 0 0 0 39 67 0 0 50 0 0 34 0 57 0 0 6 0 0 0 67 0 83 0 0 0 88 0 70
0 0 1 99 0 0 0 0 0 0 0 0 0 88 17 0 0 0 0 0 0 51 0 0 0 0 0 30 0 0 78 79 0 0 0 0 0 0 0 0 69 0 0 0 88 0 0 3 0 56 0 68 0 29 0 82 0 0 0 0 0 50 0 79 0 0 0 37 0 67 47 34 57 0 0 0 0 0 0 0 0 83 0 56 0 0 0 0 0 0 0 0 0 52 0 0 0 0 31 0
0 3 0 0 0 0 0 67 0 0 0 0 0 0 0 0 0 83 0 29 0 0 0 72 72 98 0 0 0 0 0 0 0 0 0 0 0 0 0 0 0 0 0 91 0 0 0 46 0 0 88 0 0 38 0 0 0 0 0 59 0 80 0 0 0 17 0 0 0 0 0 0 92 0 0 0 0 0 0 55 0 0 0 0 0 0 0 0 17 0 0 0 0 1 43 0 0 22 0 0
38 0 77 0 0 0 0 47 0 0 38 0 0 0 0 0 0 69 0 0 46 0 0 0 0 0 0 0 0 0 0 0 0 0 0 11 0 0 0 0 0 0 0 0 0 0 0 61 0 0 0 0 51 59 29 0 37 0 0 0 0 0 0 0 0 46 0 0 0 0 0 43 12 91 0 0 38 0 31 0 0 0 0 0 0 0 0 64 49 0 82 52 54 0 0 73 0 0 0 11
0 34 0 0 0 89 0 0 0 0 0 0 39 37 0 70 0 0 0 47 0 0 0 0 0 76 0 0 0 0 59 0 0 35 0 0 0 17 0 0 0 0 0 0 85 0 0 0 0 0 0 0 0 61 0 0 0 68 23 0 0 81 0 8 68 15 0 0 0 0 91 0 0 0 0 70 0 0 0 0 0 0 0 0 0 0 0 0 0 0 0 0 27 0 0 0 0 0 0 0
0 0 18 89 0 0 0 80 0 76 0 0 0 0 0 44 0 94 0 45 0 0 8 0 9 0 89 0 0 0 0 0 0 0 0 52 0 0 0 0 0 0 0 0 0 0 0 0 0 52 0 0 0 0 0 0 0 0 0 0 0 40 0 0 0 35 0 78 15 0 45 0 0 0 0 29 99 0 0 0 0 0 0 86 0 11 0 92 0 51 0 13 0 29 59 0 62 0 0 0
69 0 0 54 0 0 0 0 0 34 0 0 0 0 0 0 0 0 0 14 0 14 0 0 58 0 0 0 0 0 0 0 0 84 0 0 0 0 83 0 99 0 0 22 0 1 0 0 0 0 0 0 0 0 0 0 0 0 0 0 0 0 62 23 0 0 0 0 8 0 0 0 0 0 0 0 0 86 0 0 44 0 0 0 0 91 0 8 0 0 0 46 0 0 87 0 0 0 0 79
0 0 75 0 0 0 0 0 0 0 0 55 28 31 0 0 0 0 0 85 0 34 0 83 0 0 0 0 0 0 93 0 0 0 56 8 0 67 0 66 0 0 0 0 0 27 0 0 0 7 0 4 0 0 0 0 0 0 0 0 53 23 0 0 0 0 0 0 0 0 72 0 0 0 0 50 0 0 0 0 0 25 0 0 79 54 0 0 41 0 0 0 88 39 61 0 75 0 81 0
25 24 13 0 0 27 0 0 0 33 0 30 0 0 0 0 0 0 24 0 0 0 0 71 34 0 0 0 0 0 0 0 0 0 0 0 50 0 0 0 0 0 0 0 0 0 0 1 0 0 91 0 0 62 0 0 0 90 0 0 24 0 0 0 0 0 98 0 0 62 0 0 69 0 88 0 0 0 0 4 0 70 0 0 0 76 0 0 0 0 0 0 40 0 0 0 0 0 0 0
0 60 0 0 0 0 0 0 0 0 96 0 0 0 0 40 0 0 0 0 81 0 30 0 0 0 0 29 23 93 0 0 0 88 0 51 0 37 0 89 0 0 0 77 86 0 17 0 0 0 0 0 0 0 0 80 0 0 0 0 0 22 0 0 68 61 44 100 0 0 0 74 0 0 3 40 0 23 56 0 0 0 0 0 0 0 0 0 0 0 0 0 0 0 86 94 0 0 0 87
0 89 0 87 0 98 40 0 0 87 40 0 0 0 68 0 0 0 0 0 0 63 85 0 0 51 0 0 0 0 0 40 0 0 0 0 56 0 0 0 0 0 0 0 0 0 96 0 0 0 0 0 0 0 0 0 0 0 0 0 0 0 0 0 0 0 32 0 13 58 0 0 0 0 0 23 0 26 0 0 1 0 87 0 0 96 35 0 0 0 0 47 0 0 0 0 0 77 0 63
0 0 24 70 0 0 0 0 0 0 0 0 0 0 0 0 62 0 63 0 0 0 0 0 0 0 0 45 97 0 0 0 0 90 0 0 0 0 57 0 0 0 0 0 0 0 0 51 0 0 0 0 0 24 20 59 0 0 0 0 0 0 0 0 0 18 99 0 94 0 0 0 0 0 72 0 0 62 15 0 0 44 0 0 0 0 0 0 0 0 0 0 0 0 9 69 69 0 42 0
0 87 0 66 71 0 0 0 51 0 20 82 0 29 0 0 40 0 0 0 0 4 0 0 29 0 4 0 0 8 0 0 0 15 0 64 13 0 46 0 78 0 0 0 28 0 0 0 33 0 0 81 26 32 76 0 1 0 0 0 9 0 0 0 0 0 92 33 0 0 18 0 98 0 0 0 77 0 32 0 0 0 0 0 6 74 0 20 0 0 0 32 21 0 0 100 0 0 0 0
51 0 0 0 10 0 96 0 0 0 0 0 12 66 0 0 0 69 0 0 0 0 0 0 0 94 90 0 0 58 0 0 0 0 73 0 0 0 0 0 0 0 0 0 24 0 0 0 0 0 66 26 0 0 0 54 0 0 0 0 0 69 0 0 0 0 0 0 0 0 0 0 51 0 57 0 0 85 87 57 0 0 0 60 0 75 0 0 72 0 0 0 0 18 0 0 0 0 0 0
0 0 0 0 0 0 11 0 66 78 0 0 0 0 66 0 0 0 0 0 0 0 0 0 62 0 0 0 0 0 15 0 0 79 0 0 0 0 0 0 81 63 0 0 0 1 0 0 79 0 0 9 0 24 84 93 0 53 0 54 0 0 64 0 0 0 0 94 0 0 0 0 0 0 35 0 0 92 0 0 0 24 0 0 0 0 47 87 0 26 63 0 9 0 0 0 0 68 0 0
0 54 0 0 93 0 94 51 0 0 0 28 64 0 0 0 98 62 0 0 0 0 0 0 0 0 0 86 0 0 0 0 0 0 0 45 0 0 0 56 0 92 0 0 0 0 0 0 86 90 0 0 0 0 7 0 0 0 0 0 15 0 0 0 0 86 0 0 0 87 0 0 0 0 13 61 0 43 0 0 0 0 49 0 0 0 0 0 0 18 0 0 0 0 0 0 78 0 0 0
0 0 0 0 0 0 0 81 18 0 0 0 0 0 0 0 0 0 0 0 9 0 0 0 0 0 0 46 0 44 89 0 0 99 0 0 80 0 0 0 0 0 42 50 25 64 0 0 0 0 0 0 0 0 0 0 0 0 0 0 0 64 0 0 0 0 86 0 0 0 0 85 96 0 0 61 0 0 0 0 0 0 36 0 0 0 0 0 41 55 0 0 69 35 0 0 0 0 0 0
0 0 0 0 65 16 0 0 44 0 0 94 0 61 37 0 0 0 0 85 0 53 0 72 0 0 24 0 0 0 0 0 42 19 0 0 1 0 0 0 0 0 0 10 0 0 0 100 48 10 0 0 0 0 0 0 22 21 0 0 0 52 0 0 35 0 85 0 0 0 0 0 0 0 0 0 0 0 0 77 0 0 0 36 64 0 39 0 0 0 50 0 0 0 0 25 64 0 0 0
0 34 0 0 0 0 0 0 0 0 0 66 0 0 60 0 0 0 0 0 0 0 23 0 73 0 0 0 0 0 0 0 0 0 0 0 0 0 0 14 0 75 0 0 0 0 59 0 0 0 0 0 0 0 44 0 0 0 0 95 0 51 31 0 0 0 4 0 0 0 0 0 86 89 0 69 0 0 2 0 0 0 0 0 61 0 0 0 79 34 0 24 4 0 0 61 0 0 0 0
0 100 0 0 20 0 0 0 85 0 23 0 0 0 0 0 0 0 29 63 0 0 0 0 11 0 89 0 0 1 0 0 0 37 0 0 0 0 0 87 0 0 0 0 0 0 0 69 0 48 0 83 39 0 0 8 69 0 0 0 0 0 60 0 0 0 0 0 83 89 0 92 0 0 0 29 26 0 0 0 0 0 0 0 0 0 0 0 45 0 84 0 0 0 0 0 0 0 0 0
0 0 0 20 0 21 0 0 0 28 0 86 0 0 99 0 51 0 0 10 0 0 0 64 0 0 0 100 0 0 0 0 0 0 0 40 0 0 0 0 0 81 0 23 0 0 0 90 0 52 0 37 0 16 0 19 0 0 0 0 0 0 85 0 0 45 51 44 13 0 0 68 0 0 96 0 0 0 0 0 0 76 0 0 0 0 0 20 0 0 0 0 0 0 0 30 0 6 0 0
0 0 43 0 0 0 0 0 0 0 0 56 0 0 0 0 0 0 0 61 0 0 78 0 0 81 0 0 0 25 14 12 0 0 0 0 0 77 0 0 0 0 77 52 35 37 0 0 0 0 0 0 53 95 0 0 35 0 16 0 89 0 0 0 0 0 93 74 0 51 9 0 0 0 0 0 0 98 0 0 0 12 0 0 0 0 27 0 0 0 0 0 0 0 0 0 0 95 0 0
0 13 0 0 0 0 0 0 0 68 0 0 0 0 0 0 0 0 24 65 0 0 0 100 0 0 99 5 11 0 0 0 0 0 0 0 0 82 0 0 61 0 0 0 28 0 0 0 0 0 0 0 21 0 73 0 60 0 0 0 0 0 0 0 0 0 0 0 83 0 0 23 0 0 0 0 14 6 62 0 0 0 0 0 0 52 0 71 4 0 0 0 0 0 0 0 0 0 0 71
0 0 0 0 0 0 0 0 0 0 0 0 0 0 0 0 0 3 43 0 0 0 0 99 0 0 0 0 0 0 0 0 0 0 66 0 0 0 0 0 0 0 0 20 0 0 0 0 0 0 0 0 0 0 33 0 0 0 0 0 0 30 0 0 0 0 27 80 0 0 31 0 0 80 34 0 82 0 0 0 40 0 0 0 23 0 0 0 0 0 0 36 0 0 0 0 0 0 0 0
0 0 0 0 59 0 0 0 0 0 0 0 0 0 0 56 0 0 0 0 0 0 72 0 0 0 0 0 0 0 42 57 0 0 0 0 0 0 0 100 0 0 0 0 0 0 0 0 6 0 0 0 3 30 0 0 0 47 0 0 0 30 29 0 0 0 0 0 0 0 0 0 17 0 84 0 0 0 0 0 30 0 0 0 0 0 0 0 0 0 0 17 74 20 0 95 48 0 0 0
0 0 0 0 0 0 0 0 0 0 91 0 25 91 0 0 0 0 0 88 0 0 0 0 56 0 0 0 0 0 0 0 0 0 0 0 0 26 0 0 0 0 0 0 0 0 0 0 0 0 0 0 72 0 84 0 10 0 0 0 0 73 0 0 0 28 0 70 100 86 0 7 75 30 0 0 0 0 49 0 0 0 0 0 0 64 0 91 0 0 0 9 0 0 0 0 0 53 0 0
0 0 0 0 0 0 0 37 15 0 0 0 0 0 0 77 0 0 47 0 16 0 0 0 0 0 0 0 49 37 21 0 0 73 0 0 0 0 0 89 0 0 0 0 73 74 0 0 0 0 22 0 0 0 0 0 0 0 37 0 0 0 93 58 0 0 25 0 88 0 0 0 0 0 37 3 0 0 0 43 0 0 0 84 0 0 0 0 44 94 0 0 0 61 0 0 0 0 0 0
0 0 5 0 0 0 0 0 0 0 0 0 0 24 0 0 0 0 0 0 0 0 0 0 0 0 0 45 0 0 43 0 0 0 0 0 0 0 0 0 0 0 0 50 0 0 28 0 0 0 0 0 0 0 0 0 87 0 0 0 0 0 39 0 0 0 0 0 0 61 0 0 0 0 60 0 0 0 0 0 0 0 0 64 33 0 0 40 0 0 0 16 54 23 0 0 0 0 0 0
0 0 1 0 0 0 0 0 0 0 0 0 0 0 0 0 0 0 0 0 0 66 0 0 0 0 61 48 0 0 48 35 0 0 0 0 0 90 0 2 0 0 22 0 0 0 0 0 7 0 0 0 0 0 0 84 0 0 0 0 0 0 96 0 34 0 0 48 0 0 0 0 0 0 77 50 0 0 0 84 0 0 0 0 0 81 0 0 0 0 0 0 8 0 0 0 0 0 0 0
0 0 0 26 0 0 91 83 0 0 0 0 0 87 0 0 76 0 0 0 0 47 0 0 38 0 0 29 0 76 0 0 88 0 0 0 17 0 0 0 0 0 83 0 83 79 0 0 65 0 0 0 0 0 0 0 65 0 36 0 0 20 0 25 0 40 0 0 0 0 0 0 0 0 0 12 0 36 0 0 0 65 0 0 0 11 30 12 0 0 0 41 0 0 0 0 0 0 0 0
29 92 0 0 0 35 0 0 60 0 0 0 0 0 0 0 0 53 0 0 19 81 34 0 0 0 0 0 0 0 28 0 0 18 0 0 0 0 21 10 0 62 0 0 0 96 0 0 0 0 0 32 0 93 0 0 0 0 0 0 0 97 29 0 0 0 0 40 0 57 0 0 0 0 0 34 0 0 0 0 39 0 0 0 0 0 0 92 0 0 0 0 94 47 0 0 0 0 0 91
27 0 69 52 0 0 0 41 0 0 69 34 0 0 0 0 0 29 85 0 0 0 0 98 0 0 0 97 83 0 13 0 93 0 0 0 0 47 0 0 0 85 0 0 42 61 18 1 0 0 79 69 0 0 0 32 0 0 0 0 97 0 0 0 0 54 0 0 0 81 0 77 30 98 0 0 72 0 0 0 0 98 0 0 0 63 0 0 0 0 0 41 0 0 0 0 0 0 0 99
73 0 39 0 0 0 0 0 100 27 1 0 0 0 16 0 0 0 0 0 0 0 0 0 95 0 0 0 0 0 0 30 0 0 0 0 90 0 0 0 93 0 91 61 18 0 0 0 51 0 0 0 0 0 0 72 0 0 85 0 0 0 0 0 0 0 17 62 0 0 0 0 0 69 0 0 56 0 32 0 0 96 0 0 0 72 0 0 0 87 0 0 0 0 0 0 0 0 0 0
0 0 18 0 0 84 0 73 64 0 0 38 0 0 72 0 0 0 0 0 0 73 0 0 0 10 46 38 0 0 0 0 0 23 0 17 0 0 0 0 62 0 27 0 0 0 0 0 90 0 0 0 0 0 0 0 63 0 0 0 0 0 0 93 0 0 100 17 0 0 0 0 0 6 0 0 0 0 0 0 0 0 0 96 0 0 0 13 42 0 21 0 0 6 0 0 15 0 0 0
0 16 15 0 47 17 35 0 0 0 0 65 0 0 0 0 0 0 25 0 70 32 0 14 81 0 48 0 0 0 33 0 0 0 0 53 70 0 49 92 52 0 0 0 0 99 0 64 0 0 0 0 0 0 0 87 0 74 0 0 0 67 69 0 0 0 26 0 0 0 0 0 0 0 0 0 0 0 0 0 0 0 0 47 0 22 0 0 0 0 0 0 0 0 0 0 0 29 68 0
25 36 0 0 0 0 0 63 0 85 0 99 0 0 32 0 82 89 0 74 0 0 33 32 79 0 33 0 0 0 78 79 0 0 0 67 99 0 0 0 0 0 0 0 0 63 67 0 0 0 0 0 0 0 0 55 29 63 0 0 0 84 59 0 0 0 0 0 0 0 53 0 0 0 23 0 0 0 0 0 0 60 84 0 0 11 0 0 4 4 0 0 11 0 0 0 0 2 0 44
0 0 24 0 0 0 98 0 0 11 74 0 0 0 67 0 62 0 0 0 0 0 0 65 0 90 91 0 0 0 26 0 0 0 0 70 33 19 0 69 0 64 0 0 88 0 0 0 0 0 0 0 0 58 0 0 0 0 0 0 0 0 0 0 0 0 0 0 0 0 0 21 0 0 0 0 0 4 0 0 0 0 0 0 15 0 0 0 0 0 44 1 0 86 0 0 0 0 83 86
0 0 40 0 0 0 0 0 70 0 0 0 44 0 0 57 0 0 12 0 0 68 0 0 0 0 0 0 0 0 0 86 0 0 0 55 0 31 0 0 0 0 69 0 0 0 53 0 86 0 0 19 0 44 0 0 10 60 0 0 0 0 0 0 0 0 0 0 83 59 0 6 0 5 0 0 98 0 0 0 0 0 76 0 0 0 0 0 5 86 0 0 0 63 53 0 63 0 0 0
0 0 0 0 0 0 0 96 0 0 0 0 0 18 21 32 0 0 0 66 0 18 0 88 98 76 0 0 33 0 0 46 0 0 59 0 0 0 0 0 0 0 0 0 0 0 0 0 0 0 0 76 0 0 0 37 0 0 0 0 38 0 0 0 0 0 0 0 44 0 0 0 35 0 0 0 0 50 0 0 0 0 0 0 99 41 0 40 59 0 0 67 0 0 39 0 0 0 0 11
47 59 0 0 55 14 0 0 0 0 0 0 0 0 0 0 0 0 0 0 0 0 26 0 0 0 0 0 0 0 29 0 0 0 0 75 0 78 0 52 0 0 53 0 0 30 0 0 0 0 0 0 0 0 0 0 0 0 64 98 0 0 0 5 0 0 34 0 0 0 0 0 83 0 58 0 47 0 16 0 64 65 0 0 51 59 0 0 0 0 0 0 0 79 80 0 0 0 52 0
0 11 0 0 0 0 0 0 9 86 0 0 0 42 0 0 0 11 17 0 0 0 0 17 0 28 0 0 0 0 0 0 0 0 0 0 72 0 0 0 0 52 0 0 0 0 0 0 0 0 56 52 0 0 0 0 0 0 0 0 15 3 0 29 0 0 0 0 0 0 0 0 0 0 0 0 45 0 0 0 0 0 0 0 0 0 0 0 0 47 0 0 0 0 0 0 0 0 0 0
0 0 0 0 0 0 0 0 0 0 0 0 0 32 0 0 0 0 0 0 0 0 0 9 33 42 0 0 0 0 91 39 0 0 0 84 0 0 0 0 0 0 0 0 98 0 0 48 0 97 0 49 0 0 0 0 0 0 0 29 38 0 0 1 0 0 0 0 0 4 69 0 74 0 0 0 0 0 0 0 0 0 0 0 0 9 0 81 0 0 0 0 0 0 0 0 25 0 0 0
0 0 76 0 1 0 0 30 0 0 0 0 0 83 0 23 0 22 0 0 0 0 0 0 0 0 0 88 0 0 0 0 11 0 0 0 0 0 40 0 0 42 0 0 0 0 0 0 0 0 0 7 91 0 72 61 0 0 0 0 79 7 0 9 0 0 41 0 7 0 0 39 0 0 0 0 0 0 0 0 0 31 0 72 0 0 0 72 44 0 0 0 0 0 0 0 0 0 66 0
7 0 0 4 0 0 0 0 26 0 91 0 0 0 0 95 65 7 0 0 0 0 0 44 0 0 0 0 27 0 0 0 0 0 0 0 0 0 0 0 0 0 0 0 55 0 0 96 0 3 90 0 0 0 0 0 19 38 0 0 0 0 47 0 0 0 0 0 0 3 0 0 96 80 0 0 0 14 0 0 0 0 58 0 0 0 0 0 19 0 0 0 0 39 0 0 6 0 0 0
0 0 0 0 50 81 0 0 99 0 0 0 0 0 0 0 68 35 0 77 0 0 0 0 5 0 63 0 0 0 71 92 0 3 0 59 14 0 0 0 0 46 0 0 20 0 85 0 0 0 2 0 0 42 0 75 82 0 0 0 0 0 0 0 0 0 0 0 0 0 48 0 0 0 0 0 0 0 0 0 0 0 53 53 0 0 14 0 0 40 79 83 16 0 0 0 0 0 0 0
28 0 0 0 33 100 33 1 91 0 0 0 0 0 10 0 0 0 0 0 0 18 23 0 56 0 0 81 0 0 90 0 36 0 0 86 51 11 52 0 0 0 0 70 67 0 0 0 10 48 0 0 40 0 0 0 22 0 0 0 73 38 0 0 0 0 0 95 0 0 0 56 67 0 0 0 0 0 0 0 0 0 0 0 0 0 0 0 0 0 82 0 0 3 0 0 0 0 46 0
0 0 31 0 0 0 0 0 53 0 0 0 0 0 0 0 0 50 0 56 0 0 9 0 0 0 0 74 64 1 52 0 0 0 0 0 0 0 28 0 0 0 0 2 0 0 51 0 0 0 57 0 0 0 0 0 57 0 23 0 0 0 0 0 0 0 0 0 0 0 0 0 85 0 0 0 0 0 0 0 64 0 94 0 0 0 0 0 0 75 29 0 0 84 0 0 0 0 0 0
0 45 0 0 92 0 0 0 0 36 0 32 0 0 0 0 79 37 0 0 0 0 82 87 50 0 23 49 0 8 0 67 50 0 0 0 0 50 0 92 0 0 16 44 0 0 0 0 0 54 0 65 0 0 0 0 0 0 20 0 0 0 0 12 0 0 0 0 0 0 0 80 0 0 0 34 0 80 0 43 0 48 0 76 0 0 0 86 86 0 37 0 0 0 0 0 0 0 0 46
48 21 0 0 78 0 0 0 0 0 0 31 0 0 0 53 0 0 0 0 0 0 0 0 0 0 0 0 0 68 16 0 0 0 35 0 0 0 86 85 63 0 0 0 57 0 0 0 0 0 0 0 0 26 0 0 0 0 26 0 86 0 0 0 0 55 0 0 0 0 69 0 0 0 0 96 0 0 0 0 0 69 0 19 0 0 0 0 0 0 0 100 0 41 0 0 0 0 0 0
19 0 0 0 0 0 0 0 100 0 0 35 0 0 0 6 0 0 95 0 0 0 0 16 0 0 61 60 0 0 90 0 0 0 0 0 87 0 0 0 0 0 0 0 0 0 0 0 0 0 0 42 0 0 0 0 0 0 0 0 0 0 0 0 33 0 18 0 0 34 47 0 0 12 0 0 0 49 0 0 0 76 0 22 40 29 0 0 0 0 0 0 0 0 0 0 20 9 0 0
0 0 0 0 87 0 95 0 19 0 24 0 0 0 0 0 75 35 0 45 78 0 23 0 56 0 74 53 0 0 0 98 22 0 0 0 0 0 81 93 79 0 0 0 19 0 0 0 0 32 0 0 2 0 6 0 0 14 0 0 74 0 93 0 78 0 0 0 0 0 0 0 0 0 0 0 0 22 0 0 0 0 0 0 0 0 90 15 0 0 0 0 0 0 0 0 0 0 0 0
23 0 0 98 0 13 37 0 0 0 0 30 0 42 45 0 67 0 65 0 0 0 0 0 0 0 0 91 0 0 0 0 0 57 100 0 0 78 86 48 0 96 0 0 0 0 0 71 0 0 0 0 0 0 0 70 0 0 0 0 0 24 0 0 0 0 0 0 8 0 0 0 0 0 0 0 0 0 0 0 0 46 68 0 0 0 0 90 0 0 2 73 82 0 0 0 0 0 0 0
0 86 0 91 25 0 0 62 70 0 0 0 83 0 0 0 0 93 59 97 0 67 0 0 0 0 0 0 0 97 0 0 0 97 83 0 0 43 0 0 0 0 0 0 0 0 0 42 0 0 54 0 0 0 24 0 0 0 0 0 0 0 0 0 0 0 0 0 0 0 0 0 0 0 0 0 0 0 0 0 0 0 0 0 0 0 0 13 69 97 0 0 60 45 21 94 0 64 0 0
0 2 0 0 0 0 0 0 29 0 21 0 0 0 60 0 0 98 0 0 0 0 0 0 0 82 0 0 0 0 0 85 0 0 96 0 0 0 0 0 31 31 0 25 0 0 0 76 0 0 0 0 0 0 34 21 8 0 0 0 20 0 0 0 0 0 0 0 16 0 0 11 0 0 0 0 8 0 0 6 0 0 0 0 0 0 0 0 0 0 87 0 0 83 0 32 69 21 0 0
49 95 56 19 0 87 0 0 0 0 86 0 0 0 0 0 0 0 16 19 0 6 0 0 0 58 8 0 0 0 0 46 0 0 0 0 0 0 0 0 0 0 43 3 0 0 89 0 0 0 0 0 0 0 0 0 0 36 0 0 0 0 0 0 20 0 0 0 0 17 0 0 48 0 0 0 91 0 0 0 0 0 0 0 0 3 0 0 19 16 0 0 0 0 0 0 8 0 0 0
0 0 0 0 29 0 63 0 0 68 2 0 0 0 8 0 0 83 99 0 0 0 0 0 0 17 0 0 0 0 0 0 0 78 0 0 0 56 0 0 97 0 0 0 0 0 0 14 70 0 0 0 0 0 0 0 6 0 0 50 0 0 0 0 0 0 16 84 0 0 0 0 16 0 54 74 0 0 0 69 0 0 0 0 67 0 0 0 51 0 0 29 0 0 0 0 33 0 0 0
0 48 0 0 67 0 0 0 65 0 0 44 78 0 0 0 0 0 0 57 0 80 3 77 0 55 18 0 0 0 49 84 49 52 0 0 0 57 43 0 0 0 0 0 0 19 0 0 0 0 0 0 3 0 20 0 0 0 0 0 40 87 46 0 0 0 0 56 0 28 42 0 0 0 50 0 39 0 87 32 0 0 0 0 0 0 0 0 72 0 0 0 0 0 0 0 20 20 0 0
16 50 56 80 0 0 0 0 0 0 0 16 21 0 0 0 0 86 57 7 0 0 0 0 0 0 14 0 0 82 87 0 0 33 0 0 43 0 0 0 35 0 0 85 0 0 0 0 68 0 0 57 0 77 98 0 0 0 45 38 0 0 0 4 0 0 0 0 0 0 0 0 0 0 63 0 0 0 0 0 54 0 0 2 0 0 0 0 0 24 0 0 0 60 0 0 0 0 62 0
0 0 0 0 0 0 45 18 0 0 99 0 0 0 0 0 0 0 0 0 0 0 0 63 0 96 0 0 0 0 0 0 0 0 0 75 0 0 0 0 0 0 0 0 0 22 0 0 0 0 0 66 0 0 0 0 14 77 0 67 0 0 0 0 34 0 70 0 0 0 0 0 72 0 0 0 99 0 0 0 0 0 0 0 46 0 14 0 0 0 0 0 0 0 0 0 0 54 0 0
0 0 0 0 0 0 39 0 0 40 0 64 0 0 91 0 0 0 9 0 0 2 0 0 0 0 0 46 0 53 75 0 0 0 0 0 0 20 64 0 0 0 0 0 0 0 0 0 0 0 0 0 0 0 0 43 0 0 0 51 71 83 0 0 0 0 0 0 0 37 0 0 0 0 0 0 0 0 0 0 0 0 73 0 0 0 0 63 93 0 75 0 0 62 0 0 0 28 0 0
0 0 50 0 25 0 8 0 6 0 0 0 21 0 0 0 0 57 0 0 0 0 0 0 0 0 0 0 67 3 0 88 0 0 0 0 0 0 0 0 10 0 93 0 45 0 0 0 37 94 0 0 0 0 0 0 0 0 83 0 0 54 0 0 0 0 0 0 0 0 0 0 31 0 14 0 0 57 75 0 0 0 0 0 0 0 44 0 0 0 13 0 0 57 0 0 0 0 0 0
0 58 0 0 67 0 56 0 99 4 0 0 61 0 0 0 0 0 0 0 0 0 0 0 0 86 0 0 91 0 0 0 0 0 0 67 91 0 0 0 0 0 0 0 0 0 0 0 0 0 0 0 0 0 0 0 0 2 0 0 39 39 0 0 0 88 0 0 0 0 0 0 0 55 0 0 0 46 0 0 36 0 0 0 0 0 0 0 55 23 0 82 59 95 0 0 0 0 48 0
0 0 100 76 0 0 0 41 0 0 0 0 0 0 0 0 72 0 0 0 0 60 14 1 0 32 0 0 0 0 0 0 73 2 0 80 2 0 0 58 0 0 0 0 0 23 30 0 0 0 0 0 0 0 0 45 0 12 43 0 31 0 46 0 0 0 0 28 71 0 0 0 0 7 0 57 53 0 0 0 57 92 0 0 0 0 0 0 0 0 0 0 77 0 0 0 0 0 0 0
0 0 0 0 0 0 0 0 0 0 0 0 0 0 59 0 0 0 0 0 34 0 0 0 0 0 0 0 0 0 0 0 0 58 0 0 0 0 0 0 0 0 0 83 78 0 0 96 51 0 0 35 0 0 80 0 83 0 0 0 0 55 0 0 0 0 0 0 74 0 0 0 0 85 0 47 0 0 0 62 0 0 0 7 0 17 0 0 0 0 0 0 0 0 1 0 0 0 0 0
29 83 0 0 0 0 0 0 0 0 0 0 0 0 0 0 0 12 0 0 0 0 0 59 0 0 0 0 0 55 0 0 54 38 0 0 0 0 0 0 0 5 98 0 54 0 38 0 0 0 12 21 0 0 0 0 0 0 0 1 0 0 0 0 0 63 0 51 0 0 0 54 32 12 0 0 72 0 0 0 0 100 91 0 0 0 0 0 0 0 0 0 0 0 89 0 0 9 13 0
0 0 0 0 0 0 0 0 0 26 0 14 21 0 0 91 22 0 0 0 0 0 55 0 0 0 0 0 0 0 0 0 0 0 0 36 0 0 0 0 0 0 11 0 0 0 13 0 0 0 0 0 0 0 92 0 0 6 0 0 76 43 0 99 0 84 0 0 42 0 73 0 0 0 0 0 0 0 0 15 67 0 10 0 0 0 0 0 0 0 0 0 100 0 0 90 18 0 0 0
0 70 0 0 0 65 0 0 0 0 0 0 0 0 0 49 0 0 0 0 28 0 0 0 23 0 95 0 0 0 63 52 0 0 0 52 0 0 0 11 0 0 0 0 0 0 99 0 0 42 0 60 0 0 0 0 0 0 0 0 0 40 0 48 0 0 47 0 32 0 45 0 0 0 0 80 0 0 0 0 83 0 0 20 0 0 0 0 0 31 0 0 0 0 0 0 0 57 50 34
0 0 0 77 0 55 0 0 0 0 0 51 0 0 0 0 0 39 0 0 0 0 0 0 0 33 24 0 39 0 0 0 0 0 0 0 83 0 0 0 0 0 82 0 0 0 0 0 0 0 43 0 0 43 70 67 0 30 28 0 0 0 0 0 0 0 87 0 0 0 0 0 0 0 0 0 0 72 0 77 0 0 0 0 0 6 0 0 0 0 0 0 0 0 0 55 0 57 0 0
0 0 0 0 0 39 0 0 0 89 68 0 0 0 65 0 0 0 67 0 0 58 0 0 0 0 97 0 84 0 0 0 7 0 0 0 36 73 0 0 0 0 0 35 0 0 3 0 0 33 0 0 0 0 0 0 0 18 12 0 0 0 0 0 85 0 0 50 0 0 75 0 74 0 0 0 0 0 23 0 0 0 55 0 28 0 0 42 0 75 0 0 29 0 0 0 0 0 92 2
60 0 0 0 0 0 0 0 0 0 0 0 26 0 0 0 0 0 32 0 0 0 0 98 0 0 0 0 0 0 87 1 0 2 0 0 0 5 0 0 0 0 0 0 0 0 0 0 0 90 0 0 100 0 0 84 0 0 8 0 0 39 0 18 0 31 0 0 0 6 0 0 0 0 0 0 0 0 74 0 0 42 0 0 5 19 0 54 0 67 0 81 0 88 0 27 0 0 0 0
0 0 0 0 2 0 42 0 0 0 0 0 0 0 0 88 0 36 0 17 0 89 0 94 30 0 0 50 0 0 0 0 0 0 0 0 0 0 0 0 0 10 0 0 0 0 0 0 0 0 0 0 0 17 0 0 0 0 18 0 0 100 18 0 0 0 0 0 0 0 0 0 0 0 57 68 0 0 34 0 0 0 0 0 0 0 0 0 0 0 0 0 0 0 0 0 0 0 0 0
0 0 0 0 0 73 22 0 0 0 0 0 23 4 0 0 0 0 0 0 0 0 0 0 0 0 2 0 0 29 87 0 0 0 0 99 0 24 0 0 0 76 0 0 0 0 0 0 0 4 0 0 42 0 100 0 33 0 0 0 0 0 0 0 0 29 0 0 40 0 0 0 0 0 49 0 0 0 57 2 0 0 0 0 27 0 13 0 0 0 0 0 47 0 0 95 0 36 0 0
0 0 0 29 0 0 0 0 0 0 0 0 0 2 0 0 78 0 0 0 0 0 0 0 0 16 0 0 73 24 50 74 0 54 0 0 0 0 0 0 0 78 0 0 0 0 0 0 0 0 0 0 0 0 0 0 97 0 0 0 0 64 0 0 0 0 0 0 71 0 97 71 0 0 0 0 0 0 0 0 0 0 0 0 0 0 70 99 0 0 16 0 0 60 0 0 0 0 0 0
27 0 38 0 0 0 0 76 0 0 0 0 0 30 0 0 0 0 35 87 59 0 79 100 0 27 0 0 0 0 0 0 0 0 0 13 0 92 0 0 0 0 0 0 19 0 68 0 56 0 0 0 0 0 44 0 41 0 0 0 57 0 0 0 0 0 0 0 0 0 16 20 37 0 0 0 23 0 0 0 51 33 11 0 0 19 0 0 20 0 0 0 0 0 0 0 0 78 0 0
39 0 0 0 0 0 0 0 57 0 0 41 0 24 0 86 50 0 0 0 1 61 48 0 0 0 0 0 0 0 19 0 0 8 0 0 87 74 0 0 51 0 0 0 0 0 0 0 0 0 0 0 0 80 0 0 0 0 0 0 25 0 0 0 0 11 0 0 0 0 53 0 0 0 0 98 0 48 85 21 0 0 0 0 0 0 0 13 0 0 0 0 0 76 56 47 63 0 0 0