100
0 34 0 0 43 0 0 20 0 0 95 0 98 0 0 0 0 100 0 0 37 0 0 77 0 2 0 0 0 0 0 0 0 0 0 0 0 39 50 0 0 0 0 0 0 0 0 0 87 0 29 0 0 0 0 0 54 0 0 0 53 21 0 0 78 0 0 0 0 0 24 0 0 0 0 97 0 0 0 0 0 0 83 0 0 61 0 0 0 0 0 0 0 0 0 48 0 0 13 0
0 0 0 0 58 8 0 0 0 0 0 0 0 0 0 33 88 43 0 87 0 0 0 0 0 0 0 0 0 0 0 0 18 0 0 0 0 0 61 0 88 0 38 36 5 6 0 0 0 0 0 0 0 0 0 26 0 54 3 0 55 14 0 0 0 0 0 0 0 67 17 23 10 0 23 0 0 63 0 0 0 0 0 90 0 0 0 0 0 53 0 0 0 0 0 0 1 6 0 0
71 28 0 0 40 0 0 0 0 0 0 66 0 0 0 0 72 0 0 90 0 0 75 97 70 0 0 23 51 1 35 0 0 0 0 99 0 47 0 0 0 97 0 41 0 0 0 0 0 63 16 0 17 0 51 0 0 0 0 17 0 64 0 0 96 9 0 0 0 0 2 0 0 0 24 0 0 0 0 0 0 52 0 0 1 0 0 14 0 0 0 0 80 0 0 0 0 0 91 61
0 0 47 0 0 0 63 0 0 54 0 0 0 0 0 40 80 81 85 0 0 0 0 82 0 0 18 0 81 80 0 0 0 4 0 65 99 0 0 0 90 0 0 0 0 0 43 0 0 0 0 40 0 0 0 0 0 52 0 0 51 0 0 0 0 20 0 0 0 0 0 3 45 0 0 0 0 0 0 0 0 0 79 0 0 0 0 4 0 65 0 0 91 0 33 0 0 47 0 0
0 0 0 23 0 0 0 0 30 0 0 0 78 67 0 0 0 75 0 93 0 0 0 73 0 0 0 0 0 43 0 0 86 0 0 0 45 0 85 0 0 0 0 0 0 0 0 0 0 80 22 0 0 0 0 0 0 0 0 0 0 0 0 0 0 0 0 39 25 0 0 0 33 0 0 11 0 0 1 0 52 0 4 0 0 10 0 0 0 0 0 0 0 0 0 0 0 0 0 0
37 0 0 32 0 0 0 26 22 0 0 0 11 0 0 0 0 0 0 69 94 18 0 65 73 0 0 0 0 0 0 0 0 67 19 66 0 0 0 91 42 0 0 91 0 65 59 0 0 43 0 0 0 10 0 0 0 98 0 0 0 0 0 63 43 0 1 0 0 0 59 0 0 0 0 0 0 0 2 0 0 0 0 0 0 0 0 0 0 0 3 0 47 0 0 49 0 0 0 0
0 0 0 0 40 68 0 0 0 0 24 0 0 0 0 0 12 12 0 0 18 0 0 0 59 0 0 66 79 8 0 0 0 0 0 0 0 0 0 0 0 0 0 0 0 0 0 59 0 0 0 0 46 0 0 0 87 0 0 0 0 13 0 0 0 0 89 0 0 0 0 0 66 0 0 0 46 67 77 0 0 0 0 0 0 0 0 22 82 0 0 0 0 29 0 8 0 0 0 0
35 0 0 0 0 0 0 0 0 0 0 0 0 0 0 99 0 6 24 0 0 74 86 0 0 0 0 0 47 87 0 0 46 0 0 0 0 0 0 0 59 0 0 0 0 0 0 0 41 0 0 0 93 0 0 0 0 0 46 79 0 0 0 0 0 0 0 0 0 37 22 0 0 0 0 0 49 0 0 0 0 0 0 0 0 0 0 0 82 0 45 31 48 0 30 0 0 0 0 0
0 0 0 62 0 0 0 0 0 0 0 0 0 96 0 0 0 93 0 0 0 38 0 0 0 0 81 12 0 0 0 0 28 0 0 0 0 8 42 0 0 0 0 0 35 0 0 0 60 0 0 0 11 0 0 49 38 0 2 45 0 0 0 18 0 42 0 87 0 0 0 0 0 4 0 88 0 0 23 0 0 0 74 41 0 0 0 0 0 0 10 0 9 0 0 44 93 0 1 0
0 0 0 0 0 0 0 73 0 0 0 0 0 0 0 0 0 95 0 0 0 0 0 0 0 0 31 0 10 45 0 0 0 0 86 0 2 0 38 0 81 0 0 0 0 0 7 0 0 96 84 0 0 93 0 0 0 0 0 0 0 0 0 0 19 0 0 15 31 55 0 0 0 0 30 0 0 0 0 0 0 18 0 0 0 0 67 0 0 0 0 0 31 0 94 0 0 35 0 0
0 4 0 0 0 0 0 0 0 0 0 0 0 0 0 0 0 0 0 0 0 0 0 28 88 0 0 0 0 0 12 0 63 0 65 0 0 49 0 0 0 0 0 0 0 0 0 0 79 0 0 0 23 0 0 0 0 0 0 0 81 0 0 22 0 94 0 0 86 0 0 0 0 0 0 0 83 0 0 0 0 0 0 0 77 31 0 0 0 0 0 7 0 0 0 0 20 0 83 0
82 55 0 0 0 0 88 0 0 0 0 0 0 0 15 50 0 0 0 0 0 0 0 48 0 78 0 0 0 0 0 0 53 0 0 0 41 0 0 9 44 0 0 0 73 91 3 0 0 0 0 0 0 66 0 1 0 0 0 0 0 47 0 0 0 0 0 0 0 0 6 0 0 0 45 69 6 0 0 0 91 0 0 0 0 0 0 11 43 0 45 22 0 0 0 0 0 0 0 0
88 19 0 27 0 0 31 96 0 0 0 0 0 0 0 0 0 0 0 0 0 0 35 86 86 0 0 0 0 0 0 0 0 0 0 32 0 0 0 0 0 55 0 0 0 42 0 0 66 0 0 0 0 0 0 0 0 0 58 0 0 0 0 0 0 0 0 0 72 0 0 9 0 49 0 0 0 0 0 4 0 0 0 0 0 45 61 57 0 2 0 25 0 14 31 0 0 0 2 0
0 0 76 0 37 0 0 16 0 26 0 0 0 0 0 0 27 62 0 88 0 0 97 41 0 0 0 0 0 0 29 0 0 67 0 0 0 0 0 0 0 0 0 0 0 92 0 0 92 37 13 0 0 0 0 0 0 0 0 0 0 0 0 23 0 0 0 0 8 0 0 0 0 0 0 0 0 0 0 0 0 0 0 0 15 0 0 0 0 42 5 0 22 0 0 0 0 33 75 0
0 0 0 0 0 0 0 0 0 0 37 0 0 0 0 0 0 12 16 0 0 0 0 0 0 0 62 0 0 0 0 0 0 0 0 80 95 0 0 0 55 0 0 80 0 0 0 58 0 0 0 100 20 0 64 0 88 24 0 0 0 0 0 0 0 95 0 0 0 0 64 52 0 0 0 0 17 20 95 0 0 0 0 35 0 0 0 0 0 0 92 25 0 0 0 0 79 0 0 0
0 0 0 0 0 0 0 86 0 54 0 0 11 0 0 0 0 0 0 96 0 11 59 0 0 0 0 0 0 0 0 0 0 0 0 0 52 72 0 0 0 63 71 5 0 0 0 0 0 0 0 0 0 0 0 0 0 0 0 0 0 43 0 0 11 72 0 0 97 0 0 0 0 50 0 0 0 0 36 0 32 0 29 0 31 92 96 0 0 0 0 0 0 0 0 1 64 0 0 17
0 0 0 43 14 91 0 0 0 0 95 0 0 0 0 0 0 0 0 0 0 0 90 80 0 0 61 0 0 0 0 0 3 0 0 0 0 0 0 0 73 0 84 0 0 0 0 9 0 0 0 0 0 0 58 0 0 0 30 0 0 0 92 0 0 0 0 64 0 0 0 0 0 0 21 14 0 0 0 0 42 0 0 62 0 0 0 0 0 0 0 54 55 16 0 0 0 51 60 0
25 31 0 71 0 0 0 0 11 0 0 76 0 0 86 78 0 0 0 43 0 1 0 19 0 21 4 0 0 0 0 25 0 7 0 4 7 0 0 0 0 0 0 0 19 47 0 0 88 73 46 0 88 0 0 0 96 0 0 0 0 56 55 0 0 10 17 0 95 61 99 0 0 0 42 0 0 56 53 46 0 0 0 0 0 0 0 0 0 0 0 0 0 16 94 0 0 0 0 21
86 0 43 0 35 0 0 0 23 0 0 0 0 0 97 0 0 51 0 0 0 51 0 0 0 0 0 64 0 0 0 0 42 0 0 0 36 0 0 74 0 31 0 0 0 0 58 81 6 0 0 0 0 0 18 0 42 0 81 0 0 0 0 0 22 0 68 0 0 0 0 23 0 78 70 86 0 30 38 0 0 13 68 0 16 0 0 31 87 21 0 31 0 0 76 0 0 0 0 0
0 0 81 0 96 0 72 0 55 0 17 0 4 0 0 0 0 0 0 0 0 0 0 0 0 0 0 0 0 53 0 0 0 76 39 0 2 0 0 0 81 0 0 0 0 0 0 0 0 0 0 81 0 0 0 0 0 0 0 13 0 0 0 0 0 0 0 33 0 0 0 0 0 0 0 0 44 41 0 6 0 0 84 0 0 9 0 0 56 0 0 0 0 0 71 0 78 10 53 0
0 0 0 0 0 0 0 0 0 0 0 0 0 0 40 54 0 0 0 0 0 79 0 53 0 17 5 0 0 0 0 0 0 0 0 0 0 0 20 0 0 90 0 59 79 0 0 0 69 0 0 7 0 0 42 0 0 0 63 0 0 0 0 0 0 0 42 0 87 0 0 0 0 0 0 14 0 34 0 53 0 0 1 0 64 0 0 0 0 22 0 0 0 0 0 17 0 0 0 81
0 52 0 0 0 0 0 0 0 0 0 0 0 0 0 0 0 0 0 0 0 0 0 40 0 6 0 0 0 0 0 0 0 0 0 38 86 0 27 7 0 0 0 0 88 47 0 0 0 0 0 80 0 44 0 0 0 0 0 0 0 32 0 0 7 0 0 42 0 69 66 0 0 0 0 0 0 0 68 0 0 46 0 91 0 0 0 41 58 0 0 0 0 0 0 0 0 96 64 0
0 0 0 0 99 0 0 0 4 25 1 0 0 0 0 0 0 71 0 0 32 14 0 0 0 0 0 0 84 0 0 0 0 0 0 24 0 0 0 0 0 0 0 0 48 0 0 0 0 0 46 0 0 0 99 0 0 0 0 0 0 0 0 82 0 0 93 0 0 0 17 97 82 0 66 0 0 20 32 0 0 60 43 61 0 0 0 0 0 0 0 0 0 0 0 0 0 0 0 96
0 0 0 0 0 0 0 0 0 0 0 0 81 0 0 0 0 7 31 13 27 0 0 0 0 0 0 55 0 0 0 31 0 0 0 0 0 0 0 0 0 0 85 0 0 0 0 0 0 0 0 52 0 0 96 0 0 0 0 0 59 0 0 99 88 0 76 2 0 0 0 0 0 0 0 0 0 0 0 0 0 35 0 0 31 87 0 40 25 0 0 0 0 0 0 0 0 0 9 0
0 0 0 0 0 0 0 0 0 0 0 0 83 0 0 0 0 0 100 0 3 0 0 0 0 0 0 0 0 0 0 0 0 86 0 0 95 0 0 0 49 0 82 0 0 0 0 84 0 0 0 0 0 0 0 0 0 0 0 36 0 48 0 33 12 0 40 0 0 0 0 0 0 0 0 0 0 0 0 0 0 0 0 0 0 31 0 0 41 0 95 11 0 0 0 47 3 0 7 61
0 0 0 0 36 0 0 0 0 0 73 0 84 80 0 0 0 55 81 0 78 0 0 0 0 0 0 0 13 0 0 0 0 0 0 0 88 0 0 0 0 0 0 0 0 0 0 0 0 0 0 0 0 0 49 0 0 0 0 0 0 0 0 13 15 0 0 0 0 0 0 0 0 0 0 0 0 0 99 0 0 0 0 61 82 0 13 3 0 0 0 53 0 0 0 53 0 94 62 0
66 0 0 0 0 98 28 0 0 0 90 0 0 57 29 0 30 0 0 1 0 0 0 0 0 0 0 0 0 0 0 9 9 91 0 0 0 12 0 0 0 0 18 32 0 0 53 0 0 0 0 95 21 0 0 0 65 0 0 9 0 0 81 0 0 98 47 0 0 0 0 0 0 0 0 0 0 0 65 0 0 0 0 8 0 71 32 0 0 0 5 0 0 0 0 0 0 0 0 0
24 0 0 0 72 0 0 0 0 0 0 0 0 0 0 0 0 0 0 0 0 0 0 0 0 29 0 0 53 0 0 0 0 0 0 0 0 0 31 0 0 83 0 0 0 0 98 34 0 0 0 0 0 0 30 0 0 0 0 13 24 0 0 0 67 0 0 0 94 0 0 0 0 0 35 0 38 43 0 38 0 0 0 0 0 96 0 0 0 0 0 0 0 0 0 0 0 0 68 0
0 66 0 0 0 78 93 0 0 0 0 0 0 0 0 35 30 0 0 0 60 0 0 0 0 0 0 0 0 29 0 0 0 22 0 0 0 0 0 0 28 0 0 0 0 0 0 0 85 0 0 25 0 0 0 0 0 0 91 49 0 0 14 0 0 0 0 28 96 0 0 0 0 0 77 20 60 32 28 0 0 0 0 0 0 46 87 61 0 0 0 15 42 0 0 15 0 0 0 50
0 0 0 0 0 0 82 0 0 0 0 0 14 0 0 0 0 0 0 0 0 0 17 0 0 0 0 0 0 0 0 0 0 69 0 0 0 0 0 0 0 0 0 0 64 0 0 0 0 0 0 0 31 0 6 0 0 0 0 55 0 10 0 0 0 11 0 0 0 0 0 30 0 0 0 0 0 0 55 0 0 0 0 7 0 19 0 4 0 0 0 0 0 23 0 17 12 0 66 0
40 0 0 35 0 0 0 0 0 0 0 0 0 73 99 0 0 34 0 0 0 0 0 86 43 80 0 0 0 70 0 88 0 0 0 0 40 0 0 0 0 0 8 0 0 0 0 0 0 0 0 65 0 0 88 0 0 0 0 0 0 0 0 0 93 0 0 50 40 0 0 0 0 0 0 58 0 0 0 0 0 87 0 0 42 0 0 0 0 0 0 60 0 57 75 0 0 0 50 0
0 0 0 0 0 0 0 0 0 0 0 0 0 0 0 0 0 39 0 0 0 0 0 100 0 0 0 0 0 0 72 0 0 10 0 27 77 29 0 45 0 0 26 66 0 0 0 0 0 0 0 0 84 0 0 0 0 0 0 0 0 0 0 0 0 93 12 0 0 0 0 0 29 0 0 0 0 0 0 78 0 0 0 20 18 31 0 0 0 0 0 36 0 0 0 0 0 0 0 55
19 0 0 15 77 0 0 67 0 36 0 0 0 0 0 0 0 0 27 0 0 0 0 0 0 0 43 0 64 11 25 86 0 0 0 0 73 0 0 0 0 34 0 21 0 0 29 0 0 0 69 0 0 0 100 0 0 0 0 23 0 0 95 0 0 0 0 36 0 0 89 0 0 0 0 98 0 2 10 0 0 0 1 0 0 0 46 0 43 0 0 0 0 0 0 0 45 0 0 0
66 0 2 0 0 0 41 0 0 0 0 0 0 0 0 0 0 0 0 49 21 53 0 0 0 0 0 0 0 0 0 0 0 0 96 0 0 6 0 0 0 0 38 0 0 0 0 0 0 95 0 3 0 45 3 0 0 0 0 0 90 90 0 0 81 65 92 0 0 0 0 0 0 0 0 0 60 19 0 0 0 0 0 0 0 18 0 13 1 0 0 0 0 83 0 92 0 52 0 0
0 6 0 0 26 0 12 0 19 0 88 0 0 0 28 0 0 0 0 0 97 0 28 89 77 0 0 47 0 0 0 0 0 0 0 0 0 0 0 0 0 0 9 0 0 0 53 0 0 48 0 0 0 0 0 80 0 0 0 0 4 0 0 0 0 0 0 0 88 0 0 100 0 0 30 0 0 0 0 0 0 0 0 0 0 0 0 0 0 0 0 39 0 98 0 0 88 0 97 0
0 0 0 0 0 0 21 0 0 0 0 0 0 37 0 22 0 0 0 0 0 35 0 0 12 0 0 0 0 0 0 68 0 56 0 0 0 0 0 24 0 64 60 0 80 40 0 61 0 0 0 0 0 0 0 21 0 0 0 0 57 0 0 0 0 0 0 19 0 0 0 89 0 32 0 99 0 70 0 48 88 0 0 0 0 0 30 28 0 0 0 40 0 0 0 0 0 0 0 61
60 0 0 0 0 30 30 78 0 35 0 0 0 88 0 0 0 49 100 0 0 0 32 71 74 0 0 0 92 87 0 0 0 78 26 0 0 0 92 0 0 0 25 34 48 0 93 0 0 0 0 0 21 0 0 7 0 9 0 0 15 0 0 0 1 0 0 0 79 93 0 0 96 0 0 6 0 0 81 0 0 0 0 27 0 0 0 0 0 0 68 0 0 0 0 0 0 4 0 0
0 6 0 45 0 20 0 0 0 0 0 0 0 0 0 0 0 0 0 0 56 0 84 0 18 0 94 0 0 0 17 0 0 0 0 0 0 0 41 0 0 0 0 0 0 0 0 0 0 0 0 0 37 0 0 42 0 0 0 0 13 29 0 0 80 0 48 37 0 0 27 55 0 0 0 0 0 81 0 0 79 0 0 0 60 0 0 0 0 0 22 49 6 21 76 0 78 0 0 43
0 100 0 0 44 69 6 87 0 0 0 0 78 0 0 0 0 91 0 0 44 0 0 0 0 0 57 0 0 65 0 0 0 23 40 0 0 35 0 100 0 86 0 0 0 0 0 0 0 72 0 0 0 0 0 0 0 54 0 0 0 0 0 0 0 0 0 0 0 93 0 0 0 36 0 0 0 12 0 68 0 80 0 0 0 0 0 0 0 0 75 0 92 0 0 0 79 0 90 19
0 0 18 0 21 0 0 0 0 0 0 0 1 0 0 0 0 0 0 0 0 83 0 0 0 0 0 99 0 10 0 0 0 0 0 70 0 43 0 0 77 0 0 0 0 0 0 0 0 0 0 54 75 0 30 0 0 0 0 0 0 39 0 48 9 0 80 38 0 0 0 69 0 0 0 0 0 0 0 0 0 0 0 9 0 0 0 98 0 41 0 0 0 0 0 57 26 0 0 0
0 0 51 0 21 0 0 90 0 0 11 0 0 43 0 0 0 0 0 45 0 0 64 0 87 0 0 10 90 80 0 0 0 0 0 0 0 0 0 51 0 0 0 0 0 43 0 0 0 33 0 0 0 0 0 27 0 0 0 88 50 0 56 0 0 0 77 0 0 0 0 0 0 0 0 0 0 20 0 0 0 0 0 63 73 0 72 0 0 0 0 0 0 0 0 0 0 0 66 0
57 0 36 0 0 0 86 0 0 0 0 0 0 0 16 0 100 65 0 0 0 0 77 0 0 0 0 0 0 0 0 0 0 0 0 0 34 29 85 38 5 0 0 0 0 2 25 0 0 0 90 0 66 0 56 0 0 0 0 0 0 0 0 0 28 44 0 0 96 0 28 0 0 0 0 0 0 0 0 67 0 0 77 89 0 55 0 0 86 0 38 48 0 0 24 0 0 0 0 0
0 0 0 0 0 0 41 0 73 0 34 0 0 0 0 0 0 0 0 0 0 0 0 53 95 0 0 0 0 48 0 0 0 0 0 0 0 6 0 0 0 0 0 0 0 0 0 0 0 0 0 19 0 0 41 0 4 96 0 0 0 0 0 0 0 0 0 0 0 0 0 0 0 0 33 0 82 0 0 0 0 10 0 0 0 0 0 0 58 0 0 0 0 25 0 0 7 0 0 0
0 0 0 0 0 7 44 17 40 0 0 0 76 77 0 0 0 0 0 0 56 98 0 46 0 0 0 0 0 0 49 0 65 0 82 0 0 0 0 0 0 0 0 0 0 0 0 0 33 0 0 0 16 4 55 0 0 0 0 66 43 22 0 0 52 0 0 0 0 33 86 0 0 89 0 0 0 17 78 0 0 0 0 0 39 0 0 0 0 0 0 0 0 0 0 52 68 0 0 0
0 0 0 72 0 0 80 0 0 0 0 0 0 0 0 7 0 0 48 6 0 0 19 0 0 0 0 77 0 0 0 25 74 0 18 0 0 0 0 0 0 6 84 0 0 0 0 56 0 0 62 4 77 0 0 0 0 99 0 0 0 0 0 0 0 0 0 0 0 0 0 18 76 0 0 18 98 40 0 0 0 0 0 89 0 63 0 0 32 0 0 0 0 0 46 0 0 0 0 0
0 0 0 54 0 54 0 0 0 0 0 0 0 0 0 0 0 0 93 0 0 0 0 0 0 0 85 0 0 0 0 53 0 0 25 0 43 0 0 0 0 0 0 40 0 0 0 0 0 0 0 0 31 0 2 0 0 0 0 0 0 85 0 0 66 0 0 98 23 0 0 0 0 0 0 0 0 0 0 0 0 0 0 0 0 0 0 0 0 0 98 0 0 0 38 0 0 0 0 0
0 0 0 0 0 0 0 0 0 0 0 0 62 22 0 0 0 0 38 0 0 0 0 0 0 0 0 0 0 0 78 0 77 0 52 9 0 0 0 0 0 0 0 0 55 0 0 0 0 0 0 0 0 0 0 0 0 80 0 0 70 66 0 60 0 51 0 38 20 0 0 0 0 0 0 0 0 40 0 0 0 0 0 0 33 0 0 0 14 33 0 0 0 20 0 0 59 47 0 0
72 0 0 0 40 39 0 0 0 0 85 48 0 94 63 79 18 0 0 99 0 0 0 0 90 32 67 0 0 0 0 0 0 0 0 0 0 0 0 0 0 0 0 40 2 17 0 0 0 0 0 63 0 0 18 0 82 0 81 0 0 0 0 0 0 0 5 86 42 25 0 0 0 0 0 0 98 0 21 0 0 0 0 6 9 0 98 96 0 0 0 0 0 0 100 94 23 0 0 0
0 0 0 0 0 0 0 0 0 0 0 7 0 0 0 0 0 13 0 0 0 0 0 0 0 0 0 0 0 0 0 63 36 60 23 11 0 32 0 0 0 0 46 0 0 0 0 0 0 0 0 0 0 78 0 0 79 95 0 0 0 0 51 0 0 0 0 0 0 0 0 57 12 0 0 34 0 0 0 96 0 37 0 0 0 49 0 0 0 0 20 49 0 0 0 0 78 0 0 49
8 0 0 0 0 0 0 0 0 74 0 0 77 0 0 0 62 91 0 0 0 0 0 0 0 0 0 0 0 0 78 0 0 0 52 0 0 0 52 46 0 39 0 0 0 0 0 0 56 0 0 74 0 0 0 92 10 0 0 41 0 31 0 28 0 0 0 66 0 0 0 72 0 0 0 94 99 59 93 0 0 0 0 0 0 0 0 70 0 66 0 0 0 0 45 0 27 0 0 0
0 0 0 0 61 73 0 5 0 21 39 77 0 0 0 0 65 0 0 0 79 0 0 94 0 0 92 0 0 0 38 0 0 0 18 0 16 84 0 0 83 0 49 0 26 0 0 0 0 62 0 0 89 0 0 0 37 0 0 0 0 0 0 0 0 0 0 0 0 76 18 0 0 2 49 0 0 0 0 0 0 0 0 0 26 0 0 0 0 38 0 0 0 16 0 0 0 0 0 0
0 0 0 0 0 0 0 100 80 0 0 0 0 0 96 0 0 35 0 0 0 0 0 0 0 1 0 0 0 0 0 19 88 0 0 0 0 0 0 0 0 0 0 18 0 0 0 0 0 0 0 0 0 0 45 0 0 0 0 0 0 0 0 0 0 0 95 0 0 20 0 8 0 21 0 0 0 0 0 0 0 0 91 0 0 93 0 35 0 88 0 0 0 1 34 0 0 29 0 0
0 0 0 0 0 82 0 0 69 0 52 0 0 0 0 6 69 0 0 0 0 0 37 0 31 0 0 0 0 0 0 0 0 0 33 0 100 0 0 0 0 99 2 0 0 0 45 0 0 0 0 0 0 0 0 0 0 0 0 0 0 0 0 0 0 0 0 0 0 0 0 26 0 0 0 0 0 39 0 0 0 0 0 0 0 0 0 0 0 0 0 0 0 0 0 0 0 0 0 100
0 0 0 45 0 0 77 0 0 89 0 0 64 0 0 83 0 0 0 4 64 0 0 0 33 93 51 70 0 0 24 0 0 0 0 15 0 77 13 0 5 0 0 91 0 22 92 34 0 0 57 0 0 0 0 0 0 0 0 0 0 0 0 60 25 0 93 0 0 0 0 0 0 76 0 0 0 0 39 0 0 0 0 86 30 0 0 0 10 3 0 91 0 0 0 0 0 0 0 0
8 0 66 0 0 0 74 0 0 0 0 82 0 0 0 76 12 66 0 0 0 0 0 0 0 69 0 0 0 0 0 0 0 16 8 55 0 0 89 0 0 15 0 0 0 0 77 27 0 0 100 0 82 0 0 0 0 5 0 41 98 0 0 0 0 0 67 30 91 0 0 82 0 0 0 0 0 0 66 0 0 0 0 0 12 0 0 0 0 0 0 0 0 0 0 0 0 28 0 28
0 45 73 0 84 0 95 0 55 0 0 22 0 0 56 0 0 20 0 56 49 0 0 5 0 0 36 0 0 0 0 66 0 0 16 3 98 0 82 0 0 0 0 0 0 0 0 87 0 0 5 46 0 0 0 0 0 0 69 0 0 0 58 0 77 97 62 90 0 0 61 0 96 0 0 0 0 0 17 0 51 0 76 0 0 0 0 0 0 0 0 15 0 0 0 0 15 0 0 0
80 41 0 0 0 0 0 0 0 0 0 0 0 0 0 0 0 67 0 0 0 32 35 28 0 0 0 0 0 0 0 0 0 0 0 68 0 100 73 0 12 0 3 0 0 0 0 0 0 57 0 86 90 0 82 0 0 0 0 0 0 0 81 0 0 0 69 84 0 93 0 0 0 0 0 0 0 0 49 0 0 0 0 0 0 0 0 0 35 0 0 0 0 26 0 73 0 0 0 0
0 0 0 0 28 0 57 0 0 0 0 0 82 86 0 54 0 91 0 0 0 0 19 0 0 0 0 0 0 0 0 0 0 0 14 0 0 0 0 0 0 0 0 0 0 0 0 0 0 42 0 76 0 0 0 0 0 0 0 0 0 0 83 0 0 0 0 0 0 36 0 81 0 19 0 52 0 0 26 0 0 11 0 0 0 0 0 32 0 91 50 86 88 0 0 0 0 0 0 0
0 0 0 0 0 0 0 0 0 0 0 51 0 0 0 0 0 0 0 0 0 0 0 0 34 0 0 91 0 0 0 0 0 0 0 0 0 66 0 0 1 3 0 0 0 23 0 0 0 0 54 0 0 38 0 0 0 0 0 0 0 0 99 0 0 0 98 0 97 81 0 11 0 0 0 0 0 0 0 0 0 0 8 0 0 69 0 0 0 0 0 0 0 0 0 50 100 0 28 0
0 73 0 0 0 33 0 0 18 0 0 0 0 0 0 0 0 0 84 0 0 0 69 0 23 0 0 98 0 0 0 0 3 0 63 0 0 75 0 0 0 0 0 0 0 0 59 0 0 47 0 0 0 0 0 0 0 0 31 0 0 0 57 9 87 0 0 0 59 91 0 0 0 0 0 0 0 52 0 0 0 0 0 0 0 0 0 96 56 0 0 26 0 0 0 64 41 17 0 0
91 0 47 0 0 0 0 0 0 0 99 0 0 0 0 0 0 98 0 28 0 43 0 71 0 86 0 15 0 0 0 0 5 0 83 25 4 0 0 55 0 15 0 0 60 0 41 0 0 0 0 0 0 0 10 0 52 78 0 0 0 0 0 0 66 0 0 0 0 0 0 0 0 0 35 96 74 0 0 0 0 0 0 1 31 0 0 0 0 0 0 0 0 44 54 0 32 0 63 17
0 43 0 0 0 23 0 57 0 0 0 66 0 0 0 0 0 0 0 0 0 0 0 2 92 0 0 60 60 0 0 0 0 61 68 0 0 95 0 15 0 0 0 0 0 0 0 0 0 0 0 0 15 0 0 0 0 0 81 24 0 0 0 0 0 58 0 75 10 0 0 12 0 0 0 0 0 0 62 0 0 0 0 43 0 0 81 0 57 0 50 0 0 0 0 96 0 0 0 0
0 0 0 0 73 0 77 95 0 96 0 67 0 0 0 0 0 0 0 0 0 0 0 0 0 0 0 0 0 0 0 0 0 0 0 16 0 30 0 95 0 0 0 35 1 0 0 0 61 0 0 64 6 0 0 0 40 0 0 0 0 0 0 0 0 0 56 0 71 0 0 0 15 0 0 0 8 0 0 60 96 0 0 0 76 0 7 0 0 0 0 0 0 0 0 0 0 0 0 0
0 0 90 0 0 0 9 0 0 0 0 0 0 0 0 52 0 0 0 0 0 4 0 0 0 0 0 0 0 39 0 0 0 0 0 0 59 10 0 0 46 0 76 0 21 0 0 0 0 0 0 0 19 0 0 0 58 0 0 0 0 0 0 0 0 0 0 0 0 0 0 84 0 31 0 0 0 92 0 0 35 0 0 0 0 0 34 34 0 0 0 0 0 0 0 0 15 0 41 0
0 42 0 0 0 59 0 62 0 0 0 0 0 0 0 0 0 0 0 81 28 0 7 63 0 54 9 0 0 18 0 86 0 51 0 0 0 0 0 0 51 0 0 0 0 0 0 0 0 0 82 0 0 0 0 0 0 0 0 83 0 0 0 0 0 0 0 0 0 0 0 0 98 78 0 46 0 0 0 10 0 62 0 0 22 88 0 0 0 0 3 0 0 0 0 0 0 0 0 15
22 0 0 0 0 51 0 0 47 96 2 0 0 0 0 0 0 52 63 0 0 0 72 76 0 0 0 39 8 0 0 0 0 0 0 0 0 51 0 0 3 71 55 91 2 0 0 0 0 77 0 9 0 0 80 0 38 75 47 0 38 0 0 0 0 0 94 0 67 0 0 0 0 0 21 56 0 0 0 45 0 0 0 0 0 47 0 79 0 0 0 0 0 0 0 0 0 0 0 55
95 0 0 0 0 56 0 0 0 0 47 0 68 8 0 0 0 73 62 0 0 0 0 0 0 0 0 0 93 0 0 0 0 9 0 0 0 46 0 0 84 63 0 96 38 0 0 0 0 0 0 0 0 72 0 0 0 67 0 0 0 0 3 0 0 0 0 0 0 65 0 0 17 0 0 0 0 44 0 0 0 0 0 37 0 0 0 0 62 0 0 96 0 0 0 0 64 0 0 0
92 41 11 0 0 0 23 0 0 85 0 0 0 0 15 10 0 0 0 0 94 0 0 0 0 0 0 0 61 0 0 0 0 37 40 0 93 0 0 18 0 0 0 0 0 85 85 0 0 0 0 0 0 0 0 0 0 0 0 14 0 0 18 0 0 0 7 0 0 0 0 0 0 0 0 0 0 0 0 29 0 0 0 0 0 0 0 0 23 0 0 48 78 0 0 0 0 0 72 0
0 0 0 0 0 0 100 0 40 0 72 0 0 0 0 0 0 0 58 100 0 89 30 0 0 0 0 0 98 0 0 0 0 0 0 0 0 0 0 0 2 0 0 0 34 0 94 33 0 0 0 0 16 0 90 43 0 0 0 0 0 0 0 0 0 57 0 37 0 65 79 0 0 0 0 0 0 14 35 0 0 0 0 0 0 0 0 0 14 0 0 0 79 0 0 0 0 0 0 49
0 70 0 55 0 64 0 23 0 23 25 0 0 0 0 17 0 27 21 0 0 0 0 0 0 0 48 0 0 0 0 29 0 0 91 0 0 55 0 93 0 0 0 62 0 0 0 0 0 66 0 71 0 0 0 0 0 71 0 49 0 0 0 25 0 13 0 0 0 0 0 0 14 0 0 96 0 32 0 0 0 0 0 0 72 0 0 48 0 0 24 0 0 0 86 0 0 72 0 0
0 0 0 54 0 0 39 0 0 0 0 11 0 0 86 0 0 92 61 0 0 0 0 87 0 62 0 0 0 0 0 98 0 70 0 0 0 39 20 0 0 0 0 0 32 0 0 0 0 0 0 74 0 0 4 0 0 0 0 0 0 0 0 100 88 0 0 72 0 40 0 0 0 0 0 0 56 0 0 0 0 0 0 0 6 72 0 0 0 0 0 0 0 0 0 0 0 0 0 0
0 0 0 0 18 0 0 0 69 0 49 88 0 0 0 0 0 0 91 0 0 38 0 0 0 0 0 0 0 0 94 0 3 0 0 0 85 0 0 34 43 0 0 0 0 0 0 43 0 0 0 0 0 0 0 87 0 0 5 0 73 0 0 0 0 0 0 62 89 0 3 0 0 0 0 0 0 58 4 0 0 69 96 0 0 0 0 0 60 0 0 0 0 98 61 0 63 0 0 92
34 0 0 0 0 0 0 0 0 0 13 0 0 34 0 0 0 0 0 0 0 0 0 100 0 0 0 0 0 0 0 0 36 0 0 48 85 0 0 6 69 0 0 28 33 21 0 0 0 0 0 55 0 0 0 0 76 95 0 36 0 0 0 29 0 0 0 2 0 0 0 0 0 0 0 0 18 0 0 0 0 0 17 0 0 9 0 0 0 31 41 0 0 0 0 27 0 0 0 0
0 75 0 80 0 46 0 69 0 98 0 0 0 0 0 0 0 0 0 0 0 0 98 0 0 0 0 0 0 0 25 0 53 0 0 44 0 100 47 0 0 28 12 0 77 0 21 0 0 0 0 2 0 0 0 53 0 0 0 15 0 0 0 98 17 0 0 0 0 0 0 0 73 0 0 0 0 0 0 0 1 0 0 0 99 0 0 0 0 0 0 0 52 76 0 11 0 14 0 0
0 54 0 0 66 0 0 0 0 0 0 0 0 0 0 0 0 0 0 0 0 0 0 0 0 0 0 0 0 62 0 0 96 0 0 4 0 0 0 0 56 0 0 0 45 0 0 0 0 0 0 70 0 0 68 0 0 0 0 0 0 51 0 0 0 74 0 0 0 48 0 0 56 10 0 0 0 23 0 0 0 0 0 15 52 0 0 0 0 0 5 32 73 0 0 0 0 61 77 87
0 0 76 0 43 22 44 54 0 0 0 59 0 0 0 0 72 0 81 0 0 0 0 0 0 0 0 0 0 0 0 31 0 6 13 96 0 0 0 0 0 73 0 0 0 0 30 0 0 0 0 0 32 0 0 0 0 0 0 88 48 8 9 0 0 0 0 43 10 0 0 0 0 0 0 0 56 0 0 0 0 0 0 0 0 0 0 0 0 0 0 0 0 0 18 0 23 0 0 0
0 0 0 0 0 66 0 0 0 0 0 0 20 30 0 0 0 0 67 0 0 0 0 0 0 0 0 0 0 0 0 0 0 0 0 0 0 0 0 0 0 0 0 77 77 0 34 0 57 5 0 0 0 93 0 0 0 92 0 64 0 0 0 0 0 0 0 0 0 0 85 0 0 0 29 0 0 0 0 12 0 0 22 0 0 72 0 0 0 0 87 0 18 50 0 0 20 0 45 0
0 27 0 82 10 0 0 0 0 0 69 0 0 0 75 0 0 0 0 0 0 0 0 56 56 0 0 0 0 0 49 0 0 0 0 0 0 0 0 0 4 0 0 0 0 0 0 0 0 0 0 0 0 83 0 88 76 0 0 0 30 0 54 0 0 0 0 63 2 0 0 0 0 0 0 39 0 0 0 48 0 22 67 0 10 0 0 0 0 24 0 0 0 0 0 93 0 0 0 0
0 44 76 0 0 10 0 0 0 16 0 0 99 94 0 81 0 0 0 0 18 0 19 0 0 0 0 0 64 63 0 0 0 12 0 0 0 0 0 93 95 96 65 43 0 0 0 54 82 0 10 87 0 0 0 0 55 0 0 0 0 0 0 16 0 0 0 93 0 0 0 0 0 0 0 36 0 0 0 29 0 4 91 0 0 0 0 0 22 0 14 33 47 0 82 0 0 0 0 0
0 94 0 0 0 0 0 0 0 0 0 0 0 87 0 70 0 61 0 0 0 0 0 34 14 0 0 0 18 0 0 19 0 0 0 0 0 0 0 0 0 0 68 66 0 0 0 0 0 0 0 0 0 0 0 0 52 0 0 1 0 0 35 0 0 0 0 0 0 27 0 0 81 24 22 0 0 0 0 0 0 52 0 42 0 63 0 0 66 0 0 17 0 55 0 0 51 0 0 0
0 74 0 43 0 32 0 0 0 0 0 0 49 29 59 0 0 0 0 0 0 0 57 0 0 0 0 0 0 0 0 0 0 0 0 95 11 0 0 0 69 0 28 0 0 90 0 0 0 0 0 0 0 0 0 33 0 26 0 0 0 0 0 0 0 0 0 0 0 0 0 0 22 34 0 0 0 0 0 0 0 0 0 90 100 0 0 0 49 23 2 0 0 45 30 0 0 0 6 0
22 0 0 0 0 0 87 71 0 0 0 0 0 0 0 0 0 0 0 0 48 71 0 0 0 0 0 0 0 0 0 34 0 0 0 0 0 39 0 68 0 25 0 87 0 14 0 0 0 0 0 0 38 0 6 0 0 79 23 0 0 0 0 0 0 0 0 0 0 0 0 47 0 28 0 0 0 0 0 0 0 0 0 0 17 73 50 0 89 0 0 64 0 20 0 0 0 0 0 41
0 0 0 0 0 0 0 92 73 0 0 0 0 0 0 0 12 0 0 0 0 0 0 0 88 0 24 0 0 0 0 95 0 0 0 73 96 37 0 0 81 0 0 0 31 0 0 0 38 0 0 0 0 0 12 0 0 0 0 0 99 69 23 14 0 0 0 0 0 0 0 0 13 0 4 36 0 19 0 0 0 0 0 0 0 0 0 0 0 0 0 0 0 0 0 0 0 0 0 0
0 83 0 0 0 0 0 83 0 0 17 0 0 64 0 0 0 0 0 0 80 0 72 0 0 29 62 89 0 95 0 0 85 0 0 0 0 0 0 0 0 0 0 0 0 10 0 0 0 47 0 0 0 0 0 79 0 0 0 0 20 0 0 0 0 0 0 0 0 0 0 0 0 0 55 0 71 0 0 0 0 19 0 0 0 0 0 88 0 0 0 0 0 0 94 39 62 0 0 0
0 47 0 4 22 0 0 0 0 0 0 50 0 0 0 0 35 69 72 0 64 0 0 0 83 0 0 0 98 0 0 63 89 88 0 0 0 0 0 0 0 0 0 0 4 0 0 0 59 0 0 0 62 0 0 0 0 81 40 0 0 54 2 33 0 0 54 0 60 0 0 91 0 0 0 32 0 0 39 0 0 0 43 73 0 0 0 0 59 9 0 0 0 0 0 0 22 0 0 26
0 0 0 0 76 0 0 57 23 0 0 0 0 0 21 2 0 10 0 0 20 85 24 0 0 0 2 0 76 0 89 0 0 100 0 0 0 43 0 0 0 0 0 0 33 31 0 0 0 17 0 0 0 0 0 0 0 72 0 81 0 0 0 0 0 0 0 54 76 0 76 0 0 0 0 64 0 0 0 15 0 39 0 0 0 0 0 0 89 0 73 0 71 0 0 0 25 2 0 37
27 0 0 0 0 0 0 28 0 0 90 0 0 0 44 0 0 0 0 0 0 0 0 0 0 0 0 0 0 0 0 19 0 42 91 38 4 0 69 0 0 0 0 85 0 0 7 0 0 0 0 0 0 94 42 0 57 1 0 0 0 14 8 23 0 3 0 0 0 0 0 0 0 30 0 0 0 0 0 0 0 0 18 1 0 0 0 0 0 90 45 57 0 0 0 0 0 48 0 0
0 0 19 0 0 21 39 37 0 0 23 0 0 0 0 0 63 33 0 0 0 0 0 0 0 10 42 0 0 0 0 0 0 0 0 61 0 0 0 0 65 0 0 0 0 0 0 43 0 18 16 55 0 0 19 94 0 0 0 0 0 0 0 89 0 0 0 61 0 0 0 0 0 35 24 0 0 0 0 0 0 16 0 0 0 14 0 0 0 0 0 0 0 0 0 0 0 94 35 0
0 0 0 0 0 79 0 0 27 0 0 0 0 100 0 12 17 0 0 0 0 14 0 0 33 0 0 91 0 0 0 7 0 0 0 0 48 0 0 0 95 0 0 0 0 67 0 0 0 86 0 9 0 0 0 0 57 0 0 16 0 0 28 0 88 0 0 0 0 96 0 0 52 0 39 0 0 0 39 0 0 0 0 0 0 45 0 95 0 49 0 0 0 0 0 0 0 0 0 0
0 0 0 89 61 69 0 83 15 0 0 11 25 0 74 0 53 78 0 36 0 0 0 0 0 0 0 0 32 0 0 0 0 0 0 0 0 0 0 0 0 0 0 0 0 4 0 0 0 0 0 0 0 0 0 0 0 0 66 43 0 0 0 24 0 30 0 0 0 0 25 0 0 57 0 0 0 0 0 0 0 0 29 12 88 100 0 58 0 0 0 0 0 0 84 48 0 0 0 58
0 0 46 0 87 0 0 0 0 0 0 0 0 0 97 0 21 0 0 0 0 0 73 0 0 0 0 0 0 97 0 0 0 62 0 38 0 20 0 0 0 0 0 72 0 0 0 0 82 0 0 0 0 97 0 0 0 0 0 0 58 0 0 76 0 44 99 0 0 0 93 73 0 0 27 96 0 0 0 0 0 0 6 0 0 96 0 0 0 0 0 0 0 3 0 0 0 56 0 0
0 0 17 0 0 0 0 0 0 29 0 0 0 0 0 37 0 0 0 66 0 82 0 0 0 0 72 70 0 0 0 0 0 0 0 81 0 17 0 0 98 0 0 0 94 95 0 0 0 3 0 0 0 33 39 0 0 0 0 0 0 0 0 0 0 0 3 2 0 0 0 74 0 0 0 0 0 33 0 0 0 0 0 0 0 30 0 37 0 0 0 0 9 69 0 0 0 63 23 0
91 0 0 28 0 0 0 57 0 62 74 0 0 0 0 0 0 95 0 0 0 0 52 60 0 0 0 0 20 97 0 0 0 79 57 0 73 0 0 0 0 0 65 0 0 0 0 0 0 0 43 0 0 0 0 0 0 0 0 2 94 0 0 15 14 0 0 0 0 0 0 0 100 0 58 28 86 0 0 29 0 0 0 9 22 28 0 0 0 83 0 0 0 0 29 0 57 0 48 0
0 0 51 65 0 0 0 0 0 0 29 44 0 0 0 0 0 5 17 0 83 0 0 0 0 0 3 0 0 55 41 0 0 0 39 0 0 0 0 96 0 0 0 0 45 0 0 0 0 44 0 0 0 0 0 0 70 0 0 0 0 0 0 0 0 0 0 47 0 0 0 0 0 0 0 0 0 0 0 0 0 0 0 0 39 0 0 0 0 0 0 0 0 0 71 0 3 16 0 43
92 76 0 0 0 0 0 0 0 0 0 0 20 0 0 0 0 0 20 0 0 0 0 0 0 0 0 0 0 40 0 24 0 0 0 0 0 0 2 0 0 0 22 0 0 0 0 0 0 0 0 0 0 0 0 0 0 0 26 17 0 0 32 0 0 0 69 0 8 0 0 0 0 60 0 0 0 0 0 76 0 0 0 0 0 18 0 0 30 88 0 0 76 0 0 0 0 0 0 35
0 0 0 0 0 0 59 0 0 0 0 0 0 0 40 0 0 0 0 0 0 0 75 0 0 9 0 0 0 0 0 0 0 0 20 0 0 5 0 0 0 0 76 0 52 79 0 0 0 0 0 89 0 84 0 0 0 0 0 0 0 54 0 0 0 0 0 0 52 0 0 0 0 0 0 0 0 0 0 0 0 0 0 0 0 1 0 0 0 0 0 0 0 81 0 0 0 0 42 0
0 0 0 0 20 0 0 0 0 0 0 0 0 0 0 0 0 0 0 0 0 0 0 0 82 0 0 0 0 100 0 30 0 0 60 0 77 59 0 0 0 0 0 0 0 0 0 68 0 0 0 81 76 0 0 73 0 55 0 88 0 0 0 0 0 0 0 0 0 0 0 0 32 0 80 0 0 38 0 81 0 0 0 0 0 0 70 87 0 97 86 0 31 0 19 0 0 0 0 0
0 0 0 0 0 0 0 0 0 0 70 0 0 52 0 0 99 0 0 0 0 0 0 0 0 0 0 0 15 0 0 0 0 0 0 0 0 0 0 0 0 90 0 0 0 0 0 0 0 89 0 0 0 0 0 0 58 96 0 0 84 0 0 0 0 0 0 0 0 0 0 0 0 0 0 0 0 0 0 0 83 0 0 0 0 0 88 0 0 0 75 35 0 82 0 0 0 0 0 0
0 97 0 0 52 0 59 0 0 0 0 42 0 0 0 0 0 0 0 23 0 0 0 82 0 0 0 0 0 0 0 0 0 18 34 63 0 0 0 9 0 0 0 0 0 69 0 0 51 0 0 0 18 0 0 13 0 77 0 0 0 1 0 0 0 0 74 0 0 0 0 14 0 76 0 0 42 0 99 0 74 0 91 0 0 2 0 92 0 0 0 0 0 0 26 0 0 0 0 6
0 0 34 10 0 0 0 0 0 0 0 0 0 0 0 0 0 0 0 0 0 0 67 59 0 65 0 0 0 0 12 0 0 0 0 0 0 60 0 0 0 0 59 0 0 0 0 0 0 5 0 0 0 0 1 28 62 0 0 28 0 0 0 37 0 0 0 0 35 0 0 0 39 0 72 70 0 0 0 0 0 0 0 0 0 65 0 0 0 0 0 0 96 0 0 0 0 0 0 0
0 73 0 0 5 0 0 39 0 0 29 0 63 0 0 0 0 73 0 0 31 0 0 43 0 5 0 0 0 0 0 0 0 0 0 0 0 1 21 0 0 0 0 0 0 0 0 0 15 0 51 0 0 0 0 0 99 0 0 0 70 98 0 0 79 0 0 0 0 0 76 0 0 0 0 63 0 0 0 0 0 0 2 0 0 99 0 0 0 0 0 0 0 0 0 75 0 0 61 0
0 0 0 0 16 52 0 0 0 0 0 0 0 0 0 20 1 9 0 49 0 0 0 0 0 0 0 0 0 0 0 0 55 0 0 0 0 0 88 0 79 0 55 3 60 59 0 0 0 0 0 0 0 0 0 28 0 38 64 0 96 14 0 0 0 0 0 0 0 91 35 8 3 0 71 0 0 50 0 0 0 0 0 81 0 0 0 0 0 33 0 0 0 0 0 0 78 81 0 0
1 71 0 0 45 0 0 0 0 0 0 42 0 0 0 0 88 0 0 57 0 0 35 98 22 0 0 100 70 69 86 0 0 0 0 29 0 16 0 0 0 2 0 77 0 0 0 0 0 28 13 0 83 0 96 0 0 0 0 97 0 82 0 0 92 25 0 0 0 0 18 0 0 0 58 0 0 0 0 0 0 95 0 0 68 0 0 28 0 0 0 0 43 0 0 0 0 0 35 5
0 0 19 0 0 0 48 0 0 44 0 0 0 0 0 67 58 87 34 0 0 0 0 19 0 0 93 0 34 74 0 0 0 14 0 4 90 0 0 0 30 0 0 0 0 0 56 0 0 0 0 58 0 0 0 0 0 30 0 0 22 0 0 0 0 8 0 0 0 0 0 83 97 0 0 0 0 0 0 0 0 0 58 0 0 0 0 70 0 46 0 0 56 0 54 0 0 2 0 0
0 0 0 82 0 0 0 0 65 0 0 0 69 45 0 0 0 63 0 41 0 0 0 1 0 0 0 0 0 23 0 0 70 0 0 0 31 0 74 0 0 0 0 0 0 0 0 0 0 69 53 0 0 0 0 0 0 0 0 0 0 0 0 0 0 0 0 23 33 0 0 0 98 0 0 63 0 0 73 0 67 0 30 0 0 65 0 0 0 0 0 0 0 0 0 0 0 0 0 0
32 0 0 85 0 0 0 25 14 0 0 0 20 0 0 0 0 0 0 85 94 46 0 87 18 0 0 0 0 0 0 0 0 1 88 50 0 0 0 57 65 0 0 17 0 1 83 0 0 67 0 0 0 37 0 0 0 34 0 0 0 0 0 32 60 0 11 0 0 0 10 0 0 0 0 0 0 0 17 0 0 0 0 0 0 0 0 0 0 0 44 0 55 0 0 87 0 0 0 0
0 0 0 0 77 84 0 0 0 0 50 0 0 0 0 0 51 44 0 0 60 0 0 0 91 0 0 84 95 98 0 0 0 0 0 0 0 0 0 0 0 0 0 0 0 0 0 6 0 0 0 0 63 0 0 0 19 0 0 0 0 46 0 0 0 0 61 0 0 0 0 0 30 0 0 0 55 92 92 0 0 0 0 0 0 0 0 36 67 0 0 0 0 10 0 24 0 0 0 0
90 0 0 0 0 0 0 0 0 0 0 0 0 0 0 12 0 93 64 0 0 17 88 0 0 0 0 0 89 82 0 0 50 0 0 0 0 0 0 0 86 0 0 0 0 0 0 0 8 0 0 0 78 0 0 0 0 0 1 87 0 0 0 0 0 0 0 0 0 56 54 0 0 0 0 0 56 0 0 0 0 0 0 0 0 0 0 0 81 0 71 22 42 0 89 0 0 0 0 0
0 0 0 31 0 0 0 0 0 0 0 0 0 36 0 0 0 8 0 0 0 55 0 0 0 0 32 92 0 0 0 0 59 0 0 0 0 50 84 0 0 0 0 0 7 0 0 0 55 0 0 0 75 0 0 99 18 0 92 61 0 0 0 35 0 25 0 74 0 0 0 0 0 54 0 54 0 0 88 0 0 0 83 62 0 0 0 0 0 0 34 0 68 0 0 63 28 0 42 0
0 0 0 0 0 0 0 14 0 0 0 0 0 0 0 0 0 87 0 0 0 0 0 0 0 0 86 0 89 18 0 0 0 0 20 0 12 0 14 0 95 0 0 0 0 0 2 0 0 74 45 0 0 86 0 0 0 0 0 0 0 0 0 0 43 0 0 24 8 56 0 0 0 0 61 0 0 0 0 0 0 12 0 0 0 0 66 0 0 0 0 0 72 0 9 0 0 14 0 0
0 28 0 0 0 0 0 0 0 0 0 0 0 0 0 0 0 0 0 0 0 0 0 23 93 0 0 0 0 0 10 0 16 0 32 0 0 98 0 0 0 0 0 0 0 0 0 0 9 0 0 0 49 0 0 0 0 0 0 0 26 0 0 24 0 51 0 0 15 0 0 0 0 0 0 0 59 0 0 0 0 0 0 0 22 12 0 0 0 0 0 16 0 0 0 0 91 0 96 0
70 44 0 0 0 0 32 0 0 0 0 0 0 0 13 2 0 0 0 0 0 0 0 86 0 7 0 0 0 0 0 0 63 0 0 0 44 0 0 47 100 0 0 0 20 43 95 0 0 0 0 0 0 42 0 46 0 0 0 0 0 81 0 0 0 0 0 0 0 0 19 0 0 0 68 18 81 0 0 0 84 0 0 0 0 0 0 27 51 0 15 81 0 0 0 0 0 0 0 0
80 86 0 50 0 0 50 46 0 0 0 0 0 0 0 0 0 0 0 0 0 0 48 63 76 0 0 0 0 0 0 0 0 0 0 7 0 0 0 0 0 1 0 0 0 6 0 0 78 0 0 0 0 0 0 0 0 0 31 0 0 0 0 0 0 0 0 0 2 0 0 34 0 40 0 0 0 0 0 38 0 0 0 0 0 75 73 51 0 4 0 38 0 50 10 0 0 0 36 0
0 0 100 0 18 0 0 24 0 36 0 0 0 0 0 0 89 65 0 61 0 0 96 7 0 0 0 0 0 0 96 0 0 52 0 0 0 0 0 0 0 0 0 0 0 16 0 0 2 5 14 0 0 0 0 0 0 0 0 0 0 0 0 93 0 0 0 0 22 0 0 0 0 0 0 0 0 0 0 0 0 0 0 0 37 0 0 0 0 72 64 0 30 0 0 0 0 2 42 0
0 0 0 0 0 0 0 0 0 0 69 0 0 0 0 0 0 94 97 0 0 0 0 0 0 0 58 0 0 0 0 0 0 0 0 99 86 0 0 0 83 0 0 4 0 0 0 50 0 0 0 42 53 0 95 0 47 10 0 0 0 0 0 0 0 77 0 0 0 0 40 36 0 0 0 0 37 82 56 0 0 0 0 64 0 0 0 0 0 0 43 23 0 0 0 0 95 0 0 0
0 0 0 0 0 0 0 94 0 69 0 0 77 0 0 0 0 0 0 44 0 30 21 0 0 0 0 0 0 0 0 0 0 0 0 0 71 81 0 0 0 3 12 61 0 0 0 0 0 0 0 0 0 0 0 0 0 0 0 0 0 86 0 0 99 52 0 0 62 0 0 0 0 9 0 0 0 0 77 0 58 0 82 0 75 50 77 0 0 0 0 0 0 0 0 55 86 0 0 68
0 0 0 27 4 39 0 0 0 0 59 0 0 0 0 0 0 0 0 0 0 0 85 10 0 0 18 0 0 0 0 0 71 0 0 0 0 0 0 0 65 0 5 0 0 0 0 84 0 0 0 0 0 0 5 0 0 0 73 0 0 0 89 0 0 0 0 6 0 0 0 0 0 0 82 75 0 0 0 0 48 0 0 31 0 0 0 0 0 0 0 57 44 14 0 0 0 29 24 0
76 66 0 9 0 0 0 0 36 0 0 13 0 0 27 59 0 0 0 100 0 12 0 98 0 19 64 0 0 0 0 62 0 25 0 91 25 0 0 0 0 0 0 0 72 4 0 0 35 14 23 0 38 0 0 0 31 0 0 0 0 14 51 0 0 84 61 0 25 32 16 0 0 0 60 0 0 84 58 27 0 0 0 0 0 0 0 0 0 0 0 0 0 16 1 0 0 0 0 42
23 0 49 0 16 0 0 0 33 0 0 0 0 0 61 0 0 79 0 0 0 100 0 0 0 0 0 75 0 0 0 0 78 0 0 0 1 0 0 33 0 73 0 0 0 0 7 90 89 0 0 0 0 0 42 0 23 0 100 0 0 0 0 0 35 0 64 0 0 0 0 46 0 66 28 30 0 50 23 0 0 32 2 0 23 0 0 2 38 92 0 61 0 0 46 0 0 0 0 0
0 0 62 0 86 0 43 0 93 0 98 0 12 0 0 0 0 0 0 0 0 0 0 0 0 0 0 0 0 62 0 0 0 24 12 0 44 0 0 0 38 0 0 0 0 0 0 0 0 0 0 99 0 0 0 0 0 0 0 25 0 0 0 0 0 0 0 48 0 0 0 0 0 0 0 0 15 22 0 69 0 0 38 0 0 7 0 0 71 0 0 0 0 0 27 0 69 11 66 0
0 0 0 0 0 0 0 0 0 0 0 0 0 0 71 74 0 0 0 0 0 53 0 58 0 88 40 0 0 0 0 0 0 0 0 0 0 0 72 0 0 82 0 25 60 0 0 0 45 0 0 40 0 0 67 0 0 0 76 0 0 0 0 0 0 0 95 0 73 0 0 0 0 0 0 53 0 88 0 51 0 0 11 0 37 0 0 0 0 70 0 0 0 0 0 44 0 0 0 19
0 18 0 0 0 0 0 0 0 0 0 0 0 0 0 0 0 0 0 0 0 0 0 2 0 38 0 0 0 0 0 0 0 0 0 93 100 0 62 89 0 0 0 0 48 58 0 0 0 0 0 51 0 1 0 0 0 0 0 0 0 11 0 0 18 0 0 99 0 64 62 0 0 0 0 0 0 0 94 0 0 88 0 39 0 0 0 86 82 0 0 0 0 0 0 0 0 15 13 0
0 0 0 0 94 0 0 0 54 63 90 0 0 0 0 0 0 40 0 0 8 31 0 0 0 0 0 0 18 0 0 0 0 0 0 88 0 0 0 0 0 0 0 0 65 0 0 0 0 0 11 0 0 0 96 0 0 0 0 0 0 0 0 93 0 0 77 0 0 0 27 50 24 0 66 0 0 52 7 0 0 44 41 18 0 0 0 0 0 0 0 0 0 0 0 0 0 0 0 75
0 0 0 0 0 0 0 0 0 0 0 0 9 0 0 0 0 73 88 85 61 0 0 0 0 0 0 68 0 0 0 2 0 0 0 0 0 0 0 0 0 0 24 0 0 0 0 0 0 0 0 90 0 0 92 0 0 0 0 0 16 0 0 88 40 0 15 58 0 0 0 0 0 0 0 0 0 0 0 0 0 43 0 0 44 12 0 88 72 0 0 0 0 0 0 0 0 0 17 0
0 0 0 0 0 0 0 0 0 0 0 0 9 0 0 0 0 0 42 0 85 0 0 0 0 0 0 0 0 0 0 0 0 19 0 0 37 0 0 0 69 0 87 0 0 0 0 74 0 0 0 0 0 0 0 0 0 0 0 78 0 40 0 64 87 0 46 0 0 0 0 0 0 0 0 0 0 0 0 0 0 0 0 0 0 30 0 0 49 0 94 55 0 0 0 14 20 0 76 64
0 0 0 0 72 0 0 0 0 0 77 0 70 71 0 0 0 36 100 0 20 0 0 0 0 0 0 0 68 0 0 0 0 0 0 0 47 0 0 0 0 0 0 0 0 0 0 0 0 0 0 0 0 0 78 0 0 0 0 0 0 0 0 41 46 0 0 0 0 0 0 0 0 0 0 0 0 0 88 0 0 0 0 7 80 0 20 87 0 0 0 74 0 0 0 41 0 51 64 0
5 0 0 0 0 36 44 0 0 0 52 0 0 40 83 0 72 0 0 98 0 0 0 0 0 0 0 0 0 0 0 21 84 57 0 0 0 4 0 0 0 0 34 75 0 0 54 0 0 0 0 20 77 0 0 0 17 0 0 42 0 0 93 0 0 9 78 0 0 0 0 0 0 0 0 0 0 0 72 0 0 0 0 100 0 38 92 0 0 0 51 0 0 0 0 0 0 0 0 0
46 0 0 0 81 0 0 0 0 0 0 0 0 0 0 0 0 0 0 0 0 0 0 0 0 77 0 0 37 0 0 0 0 0 0 0 0 0 97 0 0 53 0 0 0 0 55 42 0 0 0 0 0 0 47 0 0 0 0 58 94 0 0 0 61 0 0 0 78 0 0 0 0 0 77 0 82 90 0 51 0 0 0 0 0 43 0 0 0 0 0 0 0 0 0 0 0 0 94 0
0 85 0 0 0 52 71 0 0 0 0 0 0 0 0 99 33 0 0 0 23 0 0 0 0 0 0 0 0 64 0 0 0 12 0 0 0 0 0 0 11 0 0 0 0 0 0 0 38 0 0 55 0 0 0 0 0 0 42 56 0 0 56 0 0 0 0 34 55 0 0 0 0 0 58 54 93 4 17 0 0 0 0 0 0 92 6 79 0 0 0 29 21 0 0 19 0 0 0 81
0 0 0 0 0 0 62 0 0 0 0 0 50 0 0 0 0 0 0 0 0 0 54 0 0 0 0 0 0 0 0 0 0 87 0 0 0 0 0 0 0 0 0 0 73 0 0 0 0 0 0 0 13 0 79 0 0 0 0 94 0 79 0 0 0 79 0 0 0 0 0 27 0 0 0 0 0 0 45 0 0 0 0 11 0 17 0 87 0 0 0 0 0 29 0 82 43 0 62 0
67 0 0 99 0 0 0 0 0 0 0 0 0 73 22 0 0 56 0 0 0 0 0 86 46 47 0 0 0 59 0 21 0 0 0 0 68 0 0 0 0 0 68 0 0 0 0 0 0 0 0 82 0 0 65 0 0 0 0 0 0 0 0 0 3 0 0 71 52 0 0 0 0 0 0 16 0 0 0 0 0 86 0 0 5 0 0 0 0 0 0 22 0 35 20 0 0 0 59 0
0 0 0 0 0 0 0 0 0 0 0 0 0 0 0 0 0 96 0 0 0 0 0 38 0 0 0 0 0 0 100 0 0 6 0 62 85 68 0 97 0 0 62 57 0 0 0 0 0 0 0 0 96 0 0 0 0 0 0 0 0 0 0 0 0 82 10 0 0 0 0 0 29 0 0 0 0 0 0 50 0 0 0 95 59 51 0 0 0 0 0 64 0 0 0 0 0 0 0 65
70 0 0 65 73 0 0 97 0 97 0 0 0 0 0 0 0 0 54 0 0 0 0 0 0 0 57 0 83 11 28 21 0 0 0 0 26 0 0 0 0 68 0 58 0 0 93 0 0 0 17 0 0 0 95 0 0 0 0 92 0 0 30 0 0 0 0 15 0 0 92 0 0 0 0 14 0 19 43 0 0 0 59 0 0 0 69 0 94 0 0 0 0 0 0 0 61 0 0 0
78 0 97 0 0 0 44 0 0 0 0 0 0 0 0 0 0 0 0 62 89 24 0 0 0 0 0 0 0 0 0 0 0 0 57 0 0 65 0 0 0 0 74 0 0 0 0 0 0 8 0 79 0 4 17 0 0 0 0 0 89 51 0 0 89 62 58 0 0 0 0 0 0 0 0 0 96 83 0 0 0 0 0 0 0 87 0 61 47 0 0 0 0 100 0 34 0 100 0 0
0 6 0 0 55 0 30 0 8 0 76 0 0 0 1 0 0 0 0 0 35 0 97 76 99 0 0 11 0 0 0 0 0 0 0 0 0 0 0 0 0 0 49 0 0 0 69 0 0 9 0 0 0 0 0 98 0 0 0 0 60 0 0 0 0 0 0 0 56 0 0 61 0 0 6 0 0 0 0 0 0 0 0 0 0 0 0 0 0 0 0 41 0 14 0 0 44 0 96 0
0 0 0 0 0 0 16 0 0 0 0 0 0 54 0 66 0 0 0 0 0 33 0 0 42 0 0 0 0 0 0 40 0 1 0 0 0 0 0 90 0 93 72 0 53 62 0 91 0 0 0 0 0 0 0 21 0 0 0 0 32 0 0 0 0 0 0 36 0 0 0 81 0 1 0 10 0 11 0 77 28 0 0 0 0 0 92 93 0 0 0 95 0 0 0 0 0 0 0 28
41 0 0 0 0 39 20 88 0 64 0 0 0 78 0 0 0 61 87 0 0 0 94 53 30 0 0 0 66 87 0 0 0 25 6 0 0 0 35 0 0 0 49 87 23 0 75 0 0 0 0 0 36 0 0 93 0 15 0 0 39 0 0 0 54 0 0 0 9 80 0 0 70 0 0 10 0 0 30 0 0 0 0 19 0 0 0 0 0 0 17 0 0 0 0 0 0 82 0 0
0 10 0 73 0 83 0 0 0 0 0 0 0 0 0 0 0 0 0 0 83 0 17 0 17 0 39 0 0 0 25 0 0 0 0 0 0 0 87 0 0 0 0 0 0 0 0 0 0 0 0 0 61 0 0 99 0 0 0 0 17 1 0 0 6 0 7 86 0 0 62 68 0 0 0 0 0 87 0 0 94 0 0 0 22 0 0 0 0 0 93 15 72 13 80 0 19 0 0 20
0 84 0 0 41 51 20 88 0 0 0 0 98 0 0 0 0 93 0 0 94 0 0 0 0 0 5 0 0 8 0 0 0 43 6 0 0 45 0 12 0 96 0 0 0 0 0 0 0 53 0 0 0 0 0 0 0 10 0 0 0 0 0 0 0 0 0 0 0 67 0 0 0 42 0 0 0 56 0 91 0 4 0 0 0 0 0 0 0 0 84 0 76 0 0 0 24 0 86 31
0 0 63 0 72 0 0 0 0 0 0 0 22 0 0 0 0 0 0 0 0 92 0 0 0 0 0 32 0 80 0 0 0 0 0 8 0 48 0 0 71 0 0 0 0 0 0 0 0 0 0 49 57 0 24 0 0 0 0 0 0 39 0 73 90 0 54 6 0 0 0 50 0 0 0 0 0 0 0 0 0 0 0 80 0 0 0 79 0 73 0 0 0 0 0 79 93 0 0 0
0 0 14 0 88 0 0 93 0 0 95 0 0 98 0 0 0 0 0 97 0 0 23 0 91 0 0 47 78 53 0 0 0 0 0 0 0 0 0 25 0 0 0 0 0 27 0 0 0 76 0 0 0 0 0 89 0 0 0 92 99 0 65 0 0 0 74 0 0 0 0 0 0 0 0 0 0 61 0 0 0 0 0 35 94 0 70 0 0 0 0 0 0 0 0 0 0 0 32 0
10 0 96 0 0 0 9 0 0 0 0 0 0 0 59 0 7 6 0 0 0 0 51 0 0 0 0 0 0 0 0 0 0 0 0 0 70 82 23 77 8 0 0 0 0 60 76 0 0 0 76 0 12 0 45 0 0 0 0 0 0 0 0 0 56 59 0 0 85 0 30 0 0 0 0 0 0 0 0 73 0 0 51 77 0 99 0 0 56 0 93 7 0 0 84 0 0 0 0 0
0 0 0 0 0 0 21 0 9 0 14 0 0 0 0 0 0 0 0 0 0 0 0 96 48 0 0 0 0 50 0 0 0 0 0 0 0 73 0 0 0 0 0 0 0 0 0 0 0 0 0 24 0 0 87 0 73 3 0 0 0 0 0 0 0 0 0 0 0 0 0 0 0 0 22 0 47 0 0 0 0 98 0 0 0 0 0 0 67 0 0 0 0 46 0 0 92 0 0 0
0 0 0 0 0 90 49 97 17 0 0 0 82 88 0 0 0 0 0 0 62 30 0 8 0 0 0 0 0 0 6 0 31 0 27 0 0 0 0 0 0 0 0 0 0 0 0 0 18 0 0 0 72 85 100 0 0 0 0 29 42 52 0 0 41 0 0 0 0 86 79 0 0 12 0 0 0 57 51 0 0 0 0 0 45 0 0 0 0 0 0 0 0 0 0 13 81 0 0 0
0 0 0 21 0 0 9 0 0 0 0 0 0 0 0 21 0 0 33 23 0 0 91 0 0 0 0 92 0 0 0 30 93 0 77 0 0 0 0 0 0 72 63 0 0 0 0 45 0 0 86 83 37 0 0 0 0 70 0 0 0 0 0 0 0 0 0 0 0 0 0 12 13 0 0 18 45 6 0 0 0 0 0 48 0 35 0 0 31 0 0 0 0 0 37 0 0 0 0 0
0 0 0 57 0 56 0 0 0 0 0 0 0 0 0 0 0 0 80 0 0 0 0 0 0 0 25 0 0 0 0 26 0 0 61 0 71 0 0 0 0 0 0 20 0 0 0 0 0 0 0 0 36 0 79 0 0 0 0 0 0 43 0 0 20 0 0 47 1 0 0 0 0 0 0 0 0 0 0 0 0 0 0 0 0 0 0 0 0 0 9 0 0 0 10 0 0 0 0 0
0 0 0 0 0 0 0 0 0 0 0 0 100 92 0 0 0 0 93 0 0 0 0 0 0 0 0 0 0 0 75 0 91 0 60 31 0 0 0 0 0 0 0 0 61 0 0 0 0 0 0 0 0 0 0 0 0 33 0 0 34 22 0 90 0 27 0 33 6 0 0 0 0 0 0 0 0 2 0 0 0 0 0 0 60 0 0 0 63 34 0 0 0 83 0 0 21 10 0 0
93 0 0 0 34 18 0 0 0 0 63 81 0 28 9 99 2 0 0 46 0 0 0 0 7 32 24 0 0 0 0 0 0 0 0 0 0 0 0 0 0 0 0 31 50 10 0 0 0 0 0 27 0 0 92 0 50 0 77 0 0 0 0 0 0 0 49 8 98 1 0 0 0 0 0 0 3 0 93 0 0 0 0 52 89 0 97 52 0 0 0 0 0 0 9 23 92 0 0 0
0 0 0 0 0 0 0 0 0 0 0 75 0 0 0 0 0 58 0 0 0 0 0 0 0 0 0 0 0 0 0 5 11 24 17 1 0 90 0 0 0 0 3 0 0 0 0 0 0 0 0 0 0 99 0 0 65 99 0 0 0 0 34 0 0 0 0 0 0 0 0 51 98 0 0 11 0 0 0 64 0 60 0 0 0 84 0 0 0 0 30 9 0 0 0 0 39 0 0 55
31 0 0 0 0 0 0 0 0 10 0 0 89 0 0 0 90 87 0 0 0 0 0 0 0 0 0 0 0 0 86 0 0 0 62 0 0 0 85 41 0 33 0 0 0 0 0 0 73 0 0 85 0 0 0 19 32 0 0 61 0 18 0 14 0 0 0 84 0 0 0 65 0 0 0 75 9 83 24 0 0 0 0 0 0 0 0 91 0 45 0 0 0 0 17 0 15 0 0 0
0 0 0 0 97 70 0 83 0 93 75 53 0 0 0 0 28 0 0 0 14 0 0 94 0 0 43 0 0 0 66 0 0 0 63 0 95 93 0 0 62 0 6 0 57 0 0 0 0 48 0 0 22 0 0 0 13 0 0 0 0 0 0 0 0 0 0 0 0 50 34 0 0 86 42 0 0 0 0 0 0 0 0 0 100 0 0 0 0 4 0 0 0 29 0 0 0 0 0 0
0 0 0 0 0 0 0 48 58 0 0 0 0 0 87 0 0 37 0 0 0 0 0 0 0 57 0 0 0 0 0 56 99 0 0 0 0 0 0 0 0 0 0 47 0 0 0 0 0 0 0 0 0 0 25 0 0 0 0 0 0 0 0 0 0 0 66 0 0 85 0 58 0 98 0 0 0 0 0 0 0 0 40 0 0 9 0 57 0 30 0 0 0 82 2 0 0 77 0 0
0 0 0 0 0 72 0 0 57 0 21 0 0 0 0 77 60 0 0 0 0 0 29 0 76 0 0 0 0 0 0 0 0 0 85 0 10 0 0 0 0 92 96 0 0 0 61 0 0 0 0 0 0 0 0 0 0 0 0 0 0 0 0 0 0 0 0 0 0 0 0 91 0 0 0 0 0 61 0 0 0 0 0 0 0 0 0 0 0 0 0 0 0 0 0 0 0 0 0 9
0 0 0 56 0 0 45 0 0 68 0 0 44 0 0 1 0 0 0 47 98 0 0 0 63 44 24 28 0 0 61 0 0 0 0 84 0 31 9 0 17 0 0 94 0 74 68 26 0 0 14 0 0 0 0 0 0 0 0 0 0 0 0 39 18 0 26 0 0 0 0 0 0 65 0 0 0 0 46 0 0 0 0 93 55 0 0 0 90 56 0 99 0 0 0 0 0 0 0 0
44 0 7 0 0 0 23 0 0 0 0 4 0 0 0 92 8 21 0 0 0 0 0 0 0 86 0 0 0 0 0 0 0 28 40 27 0 0 98 0 0 26 0 0 0 0 65 10 0 0 69 0 92 0 0 0 0 17 0 14 35 0 0 0 0 0 10 33 8 0 0 46 0 0 0 0 0 0 51 0 0 0 0 0 46 0 0 0 0 0 0 0 0 0 0 0 0 3 0 27
0 93 23 0 82 0 42 0 80 0 0 18 0 0 11 0 0 28 0 3 27 0 0 36 0 0 44 0 0 0 0 81 0 0 7 96 25 0 17 0 0 0 0 0 0 0 0 86 0 0 91 98 0 0 0 0 0 0 29 0 0 0 90 0 28 63 71 79 0 0 30 0 68 0 0 0 0 0 59 0 20 0 28 0 0 0 0 0 0 0 0 54 0 0 0 0 66 0 0 0
3 41 0 0 0 0 0 0 0 0 0 0 0 0 0 0 0 65 0 0 0 19 27 71 0 0 0 0 0 0 0 0 0 0 0 92 0 59 13 0 20 0 38 0 0 0 0 0 0 38 0 100 60 0 94 0 0 0 0 0 0 0 41 0 0 0 71 61 0 55 0 0 0 0 0 0 0 0 74 0 0 0 0 0 0 0 0 0 28 0 0 0 0 17 0 67 0 0 0 0
0 0 0 0 43 0 52 0 0 0 0 0 95 57 0 34 0 62 0 0 0 0 69 0 0 0 0 0 0 0 0 0 0 0 42 0 0 0 0 0 0 0 0 0 0 0 0 0 0 79 0 97 0 0 0 0 0 0 0 0 0 0 56 0 0 0 0 0 0 37 0 57 0 18 0 39 0 0 18 0 0 89 0 0 0 0 0 86 0 61 60 55 46 0 0 0 0 0 0 0
0 0 0 0 0 0 0 0 0 0 0 37 0 0 0 0 0 0 0 0 0 0 0 0 44 0 0 88 0 0 0 0 0 0 0 0 0 13 0 0 55 85 0 0 0 13 0 0 0 0 67 0 0 74 0 0 0 0 0 0 0 0 71 0 0 0 60 0 67 32 0 90 0 0 0 0 0 0 0 0 0 0 31 0 0 72 0 0 0 0 0 0 0 0 0 90 86 0 75 0
0 95 0 0 0 41 0 0 10 0 0 0 0 0 0 0 0 0 14 0 0 0 10 0 59 0 0 85 0 0 0 0 97 0 63 0 0 89 0 0 0 0 0 0 0 0 20 0 0 8 0 0 0 0 0 0 0 0 42 0 0 0 39 59 6 0 0 0 74 65 0 0 0 0 0 0 0 93 0 0 0 0 0 0 0 0 0 28 62 0 0 4 0 0 0 35 49 89 0 0
54 0 83 0 0 0 0 0 0 0 75 0 0 0 0 0 0 83 0 29 0 19 0 31 0 9 0 33 0 0 0 0 16 0 30 53 20 0 0 86 0 61 0 0 87 0 60 0 0 0 0 0 0 0 11 0 38 75 0 0 0 0 0 0 13 0 0 0 0 0 0 0 0 0 98 52 8 0 0 0 0 0 0 28 59 0 0 0 0 0 0 0 0 6 5 0 6 0 62 94
0 20 0 0 0 89 0 26 0 0 0 80 0 0 0 0 0 0 0 0 0 0 0 30 53 0 0 55 47 0 0 0 0 17 46 0 0 99 0 67 0 0 0 0 0 0 0 0 0 0 0 0 58 0 0 0 0 0 96 96 0 0 0 0 0 17 0 53 17 0 0 43 0 0 0 0 0 0 89 0 0 0 0 1 0 0 18 0 69 0 86 0 0 0 0 16 0 0 0 0
0 0 0 0 43 0 24 48 0 10 0 33 0 0 0 0 0 0 0 0 0 0 0 0 0 0 0 0 0 0 0 0 0 0 0 79 0 20 0 22 0 0 0 47 11 0 0 0 68 0 0 36 46 0 0 0 50 0 0 0 0 0 0 0 0 0 59 0 15 0 0 0 33 0 0 0 64 0 0 89 12 0 0 0 11 0 25 0 0 0 0 0 0 0 0 0 0 0 0 0
0 0 3 0 0 0 47 0 0 0 0 0 0 0 0 36 0 0 0 0 0 77 0 0 0 0 0 0 0 39 0 0 0 0 0 0 15 75 0 0 20 0 78 0 91 0 0 0 0 0 0 0 15 0 0 0 39 0 0 0 0 0 0 0 0 0 0 0 0 0 0 70 0 84 0 0 0 58 0 0 84 0 0 0 0 0 23 17 0 0 0 0 0 0 0 0 49 0 16 0
0 33 0 0 0 64 0 20 0 0 0 0 0 0 0 0 0 0 0 14 67 0 43 48 0 70 62 0 0 80 0 89 0 9 0 0 0 0 0 0 93 0 0 0 0 0 0 0 0 0 43 0 0 0 0 0 0 0 0 54 0 0 0 0 0 0 0 0 0 0 0 0 38 3 0 94 0 0 0 72 0 24 0 0 36 58 0 0 0 0 87 0 0 0 0 0 0 0 0 64
17 0 0 0 0 98 0 0 30 90 78 0 0 0 0 0 0 33 71 0 0 0 49 77 0 0 0 4 58 0 0 0 0 0 0 0 0 95 0 0 77 36 89 6 20 0 0 0 0 83 0 90 0 0 88 0 90 84 15 0 87 0 0 0 0 0 67 0 19 0 0 0 0 0 36 18 0 0 0 30 0 0 0 0 0 92 0 92 0 0 0 0 0 0 0 0 0 0 0 42
32 0 0 0 0 87 0 0 0 0 16 0 26 88 0 0 0 80 47 0 0 0 0 0 0 0 0 0 25 0 0 0 0 42 0 0 0 67 0 0 59 58 0 91 69 0 0 0 0 0 0 0 0 73 0 0 0 75 0 0 0 0 10 0 0 0 0 0 0 9 0 0 47 0 0 0 0 18 0 0 0 0 0 25 0 0 0 0 51 0 0 82 0 0 0 0 30 0 0 0
10 66 87 0 0 0 1 0 0 32 0 0 0 0 46 18 0 0 0 0 82 0 0 0 0 0 0 0 27 0 0 0 0 24 39 0 8 0 0 91 0 0 0 0 0 25 14 0 0 0 0 0 0 0 0 0 0 0 0 94 0 0 54 0 0 0 44 0 0 0 0 0 0 0 0 0 0 0 0 72 0 0 0 0 0 0 0 0 34 0 0 22 78 0 0 0 0 0 17 0
0 0 0 0 0 0 36 0 47 0 23 0 0 0 0 0 0 0 20 55 0 40 16 0 0 0 0 0 72 0 0 0 0 0 0 0 0 0 0 0 18 0 0 0 19 0 1 62 0 0 0 0 45 0 12 82 0 0 0 0 0 0 0 0 0 85 0 93 0 6 19 0 0 0 0 0 0 67 99 0 0 0 0 0 0 0 0 0 98 0 0 0 61 0 0 0 0 0 0 53
0 7 0 83 0 83 0 99 0 1 85 0 0 0 0 4 0 4 80 0 0 0 0 0 0 0 59 0 0 0 0 79 0 0 7 0 0 96 0 70 0 0 0 47 0 0 0 0 0 70 0 11 0 0 0 0 0 16 0 33 0 0 0 93 0 13 0 0 0 0 0 0 38 0 0 16 0 52 0 0 0 0 0 0 42 0 0 73 0 0 61 0 0 0 27 0 0 31 0 0
0 0 0 95 0 0 47 0 0 0 0 70 0 0 32 0 0 57 9 0 0 0 0 7 0 68 0 0 0 0 0 17 0 60 0 0 0 90 77 0 0 0 0 0 14 0 0 0 0 0 0 31 0 0 84 0 0 0 0 0 0 0 0 54 42 0 0 37 0 16 0 0 0 0 0 0 32 0 0 0 0 0 0 0 66 3 0 0 0 0 0 0 0 0 0 0 0 0 0 0
0 0 0 0 18 0 0 0 14 0 27 1 0 0 0 0 0 0 24 0 0 6 0 0 0 0 0 0 0 0 96 0 40 0 0 0 2 0 0 65 12 0 0 0 0 0 0 33 0 0 0 0 0 0 0 19 0 0 99 0 4 0 0 0 0 0 0 49 55 0 45 0 0 0 0 0 0 91 69 0 0 17 81 0 0 0 0 0 50 0 0 0 0 79 72 0 98 0 0 99
13 0 0 0 0 0 0 0 0 0 59 0 0 18 0 0 0 0 0 0 0 0 0 46 0 0 0 0 0 0 0 0 2 0 0 100 76 0 0 10 80 0 0 75 93 2 0 0 0 0 0 88 0 0 0 0 96 41 0 79 0 0 0 77 0 0 0 59 0 0 0 0 0 0 0 0 52 0 0 0 0 0 49 0 0 54 0 0 0 73 17 0 0 0 0 29 0 0 0 0
0 65 0 48 0 25 0 54 0 50 0 0 0 0 0 0 0 0 0 0 0 0 43 0 0 0 0 0 0 0 76 0 36 0 0 71 0 45 91 0 0 1 3 0 73 0 9 0 0 0 0 14 0 0 0 85 0 0 0 75 0 0 0 21 87 0 0 0 0 0 0 0 23 0 0 0 0 0 0 0 37 0 0 0 23 0 0 0 0 0 0 0 64 54 0 75 0 98 0 0
0 8 0 0 34 0 0 0 0 0 0 0 0 0 0 0 0 0 0 0 0 0 0 0 0 0 0 0 0 28 0 0 4 0 0 81 0 0 0 0 89 0 0 0 22 0 0 0 0 0 0 51 0 0 81 0 0 0 0 0 0 22 0 0 0 89 0 0 0 96 0 0 14 51 0 0 0 57 0 0 0 0 0 79 95 0 0 0 0 0 55 42 24 0 0 0 0 81 69 23
0 0 54 0 34 75 26 76 0 0 0 7 0 0 0 0 27 0 37 0 0 0 0 0 0 0 0 0 0 0 0 8 0 97 80 93 0 0 0 0 0 100 0 0 0 0 20 0 0 0 0 0 1 0 0 0 0 0 0 21 24 81 40 0 0 0 0 84 33 0 0 0 0 0 0 0 21 0 0 0 0 0 0 0 0 0 0 0 0 0 0 0 0 0 7 0 25 0 0 0
0 0 0 0 0 67 0 0 0 0 0 0 67 96 0 0 0 0 52 0 0 0 0 0 0 0 0 0 0 0 0 0 0 0 0 0 0 0 0 0 0 0 0 16 27 0 99 0 61 58 0 0 0 84 0 0 0 98 0 77 0 0 0 0 0 0 0 0 0 0 60 0 0 0 49 0 0 0 0 76 0 0 33 0 0 45 0 0 0 0 26 0 49 11 0 0 71 0 89 0
0 93 0 68 70 0 0 0 0 0 87 0 0 0 69 0 0 0 0 0 0 0 0 83 7 0 0 0 0 0 41 0 0 0 0 0 0 0 0 0 64 0 0 0 0 0 0 0 0 0 0 0 0 65 0 23 63 0 0 0 35 0 28 0 0 0 0 80 79 0 0 0 0 0 0 70 0 0 0 27 0 86 99 0 100 0 0 0 0 37 0 0 0 0 0 100 0 0 0 0
0 66 94 0 0 75 0 0 0 56 0 0 83 20 0 34 0 0 0 0 16 0 97 0 0 0 0 0 26 89 0 0 0 30 0 0 0 0 0 43 45 78 81 63 0 0 0 23 36 0 43 84 0 0 0 0 58 0 0 0 0 0 0 64 0 0 0 15 0 0 0 0 0 0 0 86 0 0 0 71 0 96 71 0 0 0 0 0 34 0 41 92 21 0 1 0 0 0 0 0
0 18 0 0 0 0 0 0 0 0 0 0 0 53 0 57 0 26 0 0 0 0 0 70 94 0 0 0 64 0 0 7 0 0 0 0 0 0 0 0 0 0 43 12 0 0 0 0 0 0 0 0 0 0 0 0 19 0 0 46 0 0 69 0 0 0 0 0 0 80 0 0 94 12 9 0 0 0 0 0 0 57 0 30 0 13 0 0 64 0 0 22 0 73 0 0 31 0 0 0
0 72 0 29 0 79 0 0 0 0 0 0 5 66 69 0 0 0 0 0 0 0 72 0 0 0 0 0 0 0 0 0 0 0 0 26 39 0 0 0 62 0 25 0 0 80 0 0 0 0 0 0 0 0 0 26 0 23 0 0 0 0 0 0 0 0 0 0 0 0 0 0 22 10 0 0 0 0 0 0 0 0 0 42 91 0 0 0 81 38 51 0 0 51 63 0 0 0 65 0
70 0 0 0 0 0 93 27 0 0 0 0 0 0 0 0 0 0 0 0 13 32 0 0 0 0 0 0 0 0 0 91 0 0 0 0 0 69 0 90 0 70 0 19 0 34 0 0 0 0 0 0 39 0 60 0 0 31 17 0 0 0 0 0 0 0 0 0 0 0 0 8 0 32 0 0 0 0 0 0 0 0 0 0 55 14 45 0 67 0 0 56 0 2 0 0 0 0 0 62
0 0 0 0 0 0 0 45 21 0 0 0 0 0 0 0 35 0 0 0 0 0 0 0 74 0 74 0 0 0 0 55 0 0 0 28 6 34 0 0 53 0 0 0 55 0 0 0 95 0 0 0 0 0 78 0 0 0 0 0 13 63 52 94 0 0 0 0 0 0 0 0 8 0 48 20 0 45 0 0 0 0 0 0 0 0 0 0 0 0 0 0 0 0 0 0 0 0 0 0
0 34 0 0 0 0 0 91 0 0 95 0 0 10 0 0 0 0 0 0 36 0 2 0 0 93 17 82 0 39 0 0 49 0 0 0 0 0 0 0 0 0 0 0 0 41 0 0 0 61 0 0 0 0 0 98 0 0 0 0 62 0 0 0 0 0 0 0 0 0 0 0 0 0 41 0 38 0 0 0 0 72 0 0 0 0 0 85 0 0 0 0 0 0 42 77 7 0 0 0
0 91 0 71 73 0 0 0 0 0 0 6 0 0 0 0 78 1 90 0 14 0 0 0 21 0 0 0 49 0 0 21 77 21 0 0 0 0 0 0 0 0 0 0 23 0 0 0 6 0 0 0 84 0 0 0 0 3 1 0 0 51 82 30 0 0 13 0 22 0 0 19 0 0 0 72 0 0 59 0 0 0 16 13 0 0 0 0 15 8 0 0 0 0 0 0 18 0 0 92
0 0 0 0 22 0 0 97 75 0 0 0 0 0 3 90 0 83 0 0 86 87 25 0 0 0 53 0 43 0 98 0 0 17 0 0 0 91 0 0 0 0 0 0 63 39 0 0 0 63 0 0 0 0 0 0 0 16 0 19 0 0 0 0 0 0 0 46 97 0 58 0 0 0 0 74 0 0 0 21 0 34 0 0 0 0 0 0 98 0 16 0 17 0 0 0 91 52 0 68
58 0 0 0 0 0 0 30 0 0 93 0 0 0 3 0 0 0 0 0 0 0 0 0 0 0 0 0 0 0 0 76 0 20 93 87 47 0 26 0 0 0 0 2 0 0 12 0 0 0 0 0 0 55 30 0 68 100 0 0 0 26 15 41 0 89 0 0 0 0 0 0 0 28 0 0 0 0 0 0 0 0 53 13 0 0 0 0 0 13 38 44 0 0 0 0 0 26 0 0
0 0 67 0 0 14 65 60 0 0 55 0 0 0 0 0 48 79 0 0 0 0 0 0 0 98 60 0 0 0 0 0 0 0 0 68 0 0 0 0 10 0 0 0 0 0 0 23 0 63 64 24 0 0 13 16 0 0 0 0 0 0 0 6 0 0 0 82 0 0 0 0 0 72 49 0 0 0 0 0 0 38 0 0 0 28 0 0 0 0 0 0 0 0 0 0 0 3 34 0
0 0 0 0 0 84 0 0 2 0 0 0 0 3 0 80 65 0 0 0 0 99 0 0 91 0 0 77 0 0 0 87 0 0 0 0 62 0 0 0 66 0 0 0 0 6 0 0 0 5 0 9 0 0 0 0 53 0 0 92 0 0 45 0 3 0 0 0 0 96 0 0 80 0 77 0 0 0 77 0 0 0 0 0 0 25 0 75 0 35 0 0 0 0 0 0 0 0 0 0
0 0 0 58 34 10 0 87 25 0 0 81 9 0 7 0 70 27 0 77 0 0 0 0 0 0 0 0 46 0 0 0 0 0 0 0 0 0 0 0 0 0 0 0 0 54 0 0 0 0 0 0 0 0 0 0 0 0 3 15 0 0 0 46 0 83 0 0 0 0 36 0 0 93 0 0 0 0 0 0 0 0 75 1 45 27 0 33 0 0 0 0 0 0 45 81 0 0 0 95
0 0 71 0 69 0 0 0 0 0 0 0 0 0 56 0 6 0 0 0 0 0 81 0 0 0 0 0 0 40 0 0 0 54 0 84 0 48 0 0 0 0 0 44 0 0 0 0 41 0 0 0 0 28 0 0 0 0 0 0 64 0 0 2 0 40 75 0 0 0 14 60 0 0 8 69 0 0 0 0 0 0 49 0 0 65 0 0 0 0 0 0 0 11 0 0 0 27 0 0
0 0 98 0 0 0 0 0 0 68 0 0 0 0 0 58 0 0 0 65 0 92 0 0 0 0 14 68 0 0 0 0 0 0 0 70 0 41 0 0 99 0 0 0 25 64 0 0 0 15 0 0 0 34 8 0 0 0 0 0 0 0 0 0 0 0 48 13 0 0 0 96 0 0 0 0 0 26 0 0 0 0 0 0 0 97 0 24 0 0 0 0 20 26 0 0 0 39 97 0
18 0 0 79 0 0 0 36 0 19 12 0 0 0 0 0 0 51 0 0 0 0 76 14 0 0 0 0 89 12 0 0 0 50 13 0 85 0 0 0 0 0 63 0 0 0 0 0 0 0 53 0 0 0 0 0 0 0 0 50 40 0 0 40 65 0 0 0 0 0 0 0 5 0 97 7 19 0 0 94 0 0 0 68 69 82 0 0 0 53 0 0 0 0 7 0 17 0 88 0
0 0 26 15 0 0 0 0 0 0 56 70 0 0 0 0 0 25 68 0 20 0 0 0 0 0 92 0 0 10 91 0 0 0 77 0 0 0 0 43 0 0 0 0 3 0 0 0 0 64 0 0 0 0 0 0 76 0 0 0 0 0 0 0 0 0 0 63 0 0 0 0 0 0 0 0 0 0 0 0 0 0 0 0 98 0 0 0 0 0 0 0 0 0 68 0 56 41 0 94
97 74 0 0 0 0 0 0 0 0 0 0 31 0 0 0 0 0 76 0 0 0 0 0 0 0 0 0 0 67 0 88 0 0 0 0 0 0 71 0 0 0 24 0 0 0 0 0 0 0 0 0 0 0 0 0 0 0 15 94 0 0 94 0 0 0 92 0 38 0 0 0 0 95 0 0 0 0 0 69 0 0 0 0 0 76 0 0 72 2 0 0 33 0 0 0 0 0 0 9
0 0 0 0 0 0 67 0 0 0 0 0 0 0 13 0 0 0 0 0 0 0 86 0 0 80 0 0 0 0 0 0 0 0 38 0 0 73 0 0 0 0 72 0 90 12 0 0 0 0 0 70 0 62 0 0 0 0 0 0 0 72 0 0 0 0 0 0 21 0 0 0 0 0 0 0 0 0 0 0 0 0 0 0 0 47 0 0 0 0 0 0 0 74 0 0 0 0 26 0
0 0 0 0 73 0 0 0 0 0 0 0 0 0 0 0 0 0 0 0 0 0 0 0 63 0 0 0 0 15 0 18 0 0 70 0 74 62 0 0 0 0 0 0 0 0 0 35 0 0 0 43 23 0 0 58 0 21 0 82 0 0 0 0 0 0 0 0 0 0 0 0 37 0 83 0 0 62 0 68 0 0 0 0 0 0 75 33 0 66 42 0 38 0 45 0 0 0 0 0
0 0 0 0 0 0 0 0 0 0 33 0 0 78 0 0 87 0 0 0 0 0 0 0 0 0 0 0 56 0 0 0 0 0 0 0 0 0 0 0 0 58 0 0 0 0 0 0 0 2 0 0 0 0 0 0 81 18 0 0 75 0 0 0 0 0 0 0 0 0 0 0 0 0 0 0 0 0 0 0 51 0 0 0 0 0 52 0 0 0 1 88 0 64 0 0 0 0 0 0
0 23 0 0 8 0 2 0 0 0 0 76 0 0 0 0 0 0 0 33 0 0 0 58 0 0 0 0 0 0 0 0 0 78 60 24 0 0 0 44 0 0 0 0 0 44 0 0 87 0 0 0 34 0 0 62 0 17 0 0 0 53 0 0 0 0 21 0 0 0 0 55 0 40 0 0 38 0 17 0 98 0 80 0 0 71 0 17 0 0 0 0 0 0 96 0 0 0 0 3
0 0 77 55 0 0 0 0 0 0 0 0 0 0 0 0 0 0 0 0 0 0 36 6 0 41 0 0 0 0 48 0 0 0 0 0 0 59 0 0 0 0 60 0 0 0 0 0 0 21 0 0 0 0 38 13 90 0 0 86 0 0 0 99 0 0 0 0 86 0 0 0 9 0 49 51 0 0 0 0 0 0 0 0 0 48 0 0 0 0 0 0 73 0 0 0 0 0 0 0