100
0 0 0 0 0 0 0 29 0 0 0 0 0 0 0 0 0 0 0 0 17 0 0 65 0 0 84 0 0 0 0 84 0 48 0 0 0 0 37 38 0 19 0 0 0 98 0 0 0 0 0 0 0 0 0 19 25 0 0 0 0 0 0 0 0 0 0 4 0 0 0 0 0 0 0 0 31 0 0 0 0 0 0 0 0 0 44 0 34 0 0 79 87 0 52 79 0 0 29 65
94 0 0 0 0 57 0 0 0 0 0 0 0 0 0 0 0 0 4 93 0 0 0 0 0 2 0 0 79 0 0 0 0 0 9 0 0 0 0 44 61 0 17 0 59 0 0 0 0 0 0 0 0 0 0 0 0 0 21 55 0 0 0 0 0 51 60 27 28 0 0 0 0 0 0 0 0 0 0 0 0 0 0 0 60 0 0 68 0 0 0 30 83 0 0 0 44 0 0 0
0 73 0 82 0 47 75 0 0 0 0 30 0 16 0 0 0 0 0 26 0 16 0 57 0 0 1 0 51 0 0 37 0 0 0 0 66 0 0 83 29 61 0 0 0 0 0 0 84 0 0 0 25 63 0 0 0 0 93 26 0 0 35 91 0 0 0 0 0 0 0 68 0 0 0 0 68 0 0 0 0 0 0 40 0 0 79 0 1 0 0 72 0 57 0 0 32 0 0 0
0 0 0 0 0 0 0 0 0 79 0 0 0 0 78 9 0 0 0 0 61 27 0 0 95 0 0 0 0 42 0 49 0 23 0 0 0 84 90 0 0 0 0 94 0 0 0 0 96 0 0 0 78 0 0 0 0 31 0 0 0 0 6 0 0 0 0 0 0 0 80 0 0 0 0 0 0 66 0 26 5 0 0 0 0 0 0 0 75 0 0 0 0 0 0 0 0 38 0 33
0 0 0 0 0 11 0 0 7 0 0 0 0 0 0 0 62 0 0 50 0 0 0 0 0 0 0 0 0 0 59 0 1 57 94 0 58 38 0 0 0 0 0 0 0 0 0 0 0 0 0 0 0 0 0 90 0 0 0 0 0 0 11 0 0 0 0 0 0 0 0 0 0 0 0 0 0 0 50 0 0 0 0 0 0 28 0 0 0 64 0 81 0 0 12 33 0 0 99 0
0 65 0 72 0 0 72 85 0 0 26 0 0 0 0 0 10 64 0 36 0 0 0 0 0 0 0 0 33 3 0 18 0 68 58 0 0 38 34 0 0 0 0 77 0 49 0 71 0 0 0 0 0 0 0 0 0 0 0 0 68 30 87 57 0 42 79 0 0 0 0 56 43 0 84 31 0 7 0 0 94 0 0 0 0 0 97 0 0 0 62 35 0 0 91 0 0 30 0 0
0 0 0 43 0 0 0 0 0 62 0 0 0 0 96 51 0 28 0 0 15 0 0 0 0 0 0 0 0 0 0 6 0 0 0 0 0 0 0 0 87 10 0 0 0 0 0 0 0 0 0 0 0 0 0 88 0 0 0 16 10 32 83 0 65 0 0 0 0 0 0 86 0 43 0 0 0 33 0 0 0 0 65 0 0 0 94 0 0 0 0 0 0 0 0 0 23 85 0 15
0 0 0 0 0 90 0 0 0 0 0 1 0 0 38 0 0 0 0 0 0 0 0 0 0 0 0 93 0 0 0 0 73 0 0 0 0 0 0 0 0 0 0 45 0 0 0 0 0 0 0 0 0 92 0 0 9 0 25 0 82 8 0 0 0 60 0 89 0 36 72 88 0 0 0 0 0 0 0 0 0 0 0 0 0 0 71 0 51 0 0 0 4 34 0 86 0 0 2 0
0 0 0 70 0 16 0 0 0 0 0 41 0 0 0 0 0 0 19 0 0 61 0 0 0 0 0 0 0 0 0 0 75 0 67 0 0 0 0 0 43 0 0 0 0 0 0 34 0 0 0 0 0 0 0 0 0 0 7 0 0 0 0 33 0 0 0 0 0 96 0 0 0 0 0 0 0 0 0 0 0 74 0 0 89 0 0 0 0 0 0 0 20 9 0 0 0 0 0 0
94 0 0 89 0 0 0 0 0 0 0 0 0 0 0 0 0 0 61 0 54 0 0 0 0 98 0 6 27 33 0 0 0 0 0 0 83 0 0 17 0 0 0 0 0 56 0 0 0 0 0 0 56 0 0 0 0 0 0 27 4 0 0 0 80 0 0 0 4 0 0 0 35 0 0 0 0 0 0 28 0 0 0 0 0 0 87 49 12 0 30 0 0 0 0 6 0 0 0 0
0 14 0 0 0 0 37 0 0 0 0 0 0 0 0 0 0 0 1 0 0 0 0 0 0 0 0 0 0 96 0 60 0 0 0 0 0 0 0 0 0 0 0 0 52 0 0 15 58 65 31 0 99 0 0 0 0 0 80 0 83 76 0 0 57 0 0 0 0 0 0 0 0 0 0 0 0 0 0 0 0 5 0 0 0 0 0 0 86 0 0 0 0 81 70 0 0 0 80 60
0 0 96 0 35 0 55 52 72 90 0 0 0 0 0 0 0 25 0 0 0 0 54 92 0 0 0 98 0 0 0 0 0 0 0 0 0 0 0 0 59 0 93 0 0 0 0 95 27 0 0 94 0 0 0 78 0 0 0 0 0 65 0 0 0 0 0 0 0 57 0 34 66 0 0 0 0 59 39 86 0 0 0 72 0 0 0 0 0 0 0 0 0 0 0 0 0 0 0 44
0 31 0 0 30 0 0 0 82 61 41 0 0 0 0 0 0 0 0 75 43 0 0 53 0 34 74 0 59 0 0 0 0 0 0 0 0 0 0 0 0 85 0 0 0 0 0 0 0 97 0 0 0 34 0 0 0 0 0 0 0 0 0 0 0 0 40 0 39 0 0 0 0 36 0 0 20 60 0 0 0 94 10 0 0 0 0 100 0 0 0 0 0 71 0 0 0 0 0 29
0 0 0 0 0 0 0 0 0 0 0 0 0 0 0 0 0 84 0 0 0 0 0 0 0 0 0 0 0 0 0 0 0 0 0 31 5 0 0 0 0 8 0 0 0 93 0 93 55 0 0 15 0 25 60 0 38 0 0 0 0 0 0 0 0 0 0 76 0 81 0 76 81 0 0 0 0 0 0 0 0 80 0 55 0 0 0 0 81 0 0 54 0 0 0 1 0 0 0 0
71 34 0 84 0 6 0 0 0 0 0 0 0 0 0 60 0 0 32 0 0 16 0 0 0 0 0 0 0 0 0 0 0 0 0 0 0 0 40 0 0 0 62 0 0 0 0 44 0 0 18 0 0 0 19 59 10 0 0 27 0 91 12 0 0 25 81 96 61 0 0 0 0 43 77 0 88 0 4 0 87 0 94 0 0 66 0 0 62 0 91 0 0 0 86 0 0 0 0 0
0 95 0 0 72 0 52 0 0 0 32 0 0 0 0 0 4 0 0 0 0 0 0 0 0 0 0 0 37 0 0 59 0 0 0 0 0 0 0 0 0 0 0 0 0 96 38 0 0 0 82 98 5 0 0 0 0 0 73 0 72 0 0 0 98 25 0 0 0 13 0 82 0 68 0 0 64 41 0 0 0 65 0 62 0 0 0 5 0 77 0 0 0 0 33 0 0 0 28 0
0 90 0 16 0 0 25 0 41 0 0 0 0 90 56 0 0 0 0 0 99 0 0 0 38 0 94 0 0 0 0 0 0 0 55 0 0 0 71 0 0 0 55 10 0 7 0 0 0 0 0 63 0 0 0 0 0 0 29 0 70 14 22 0 75 27 0 0 0 74 0 0 0 0 0 0 0 0 0 0 0 81 0 0 45 48 0 0 0 0 0 0 0 0 0 0 0 0 0 0
0 0 0 0 0 0 0 0 52 0 0 97 0 0 0 87 0 0 0 0 0 0 7 0 32 0 0 13 0 0 0 0 0 0 0 52 0 0 0 0 0 0 0 30 2 0 0 98 43 0 0 0 0 0 0 0 78 27 44 18 85 0 0 0 0 0 42 0 78 0 80 47 0 0 10 83 3 0 0 0 0 0 37 0 0 0 53 0 0 0 0 0 0 0 0 0 0 0 80 0
25 9 0 28 0 0 0 43 0 51 13 0 12 0 0 0 0 89 0 0 0 0 0 0 0 0 0 0 0 0 0 0 0 0 0 0 0 0 0 0 56 0 0 0 47 0 0 0 0 0 0 0 12 0 0 0 0 59 16 0 0 0 0 0 9 0 0 34 99 0 61 0 0 30 0 0 0 79 0 0 0 0 0 58 0 0 78 0 0 0 0 0 0 0 46 0 0 0 0 0
0 0 0 0 0 20 0 0 0 39 0 44 13 0 0 0 4 0 0 0 0 0 0 0 0 29 99 0 0 26 0 0 55 81 0 0 0 0 0 85 10 57 0 52 0 21 0 64 37 0 0 0 0 0 0 0 64 29 0 0 0 0 0 0 61 0 99 0 0 0 0 0 0 0 0 0 0 0 0 0 0 0 18 0 0 23 6 0 0 0 0 0 0 0 0 20 0 0 0 0
50 0 0 0 0 0 0 38 0 0 0 45 0 0 5 0 0 0 43 0 0 0 0 0 0 0 51 13 67 0 0 0 0 6 0 0 0 16 0 0 0 0 0 0 0 0 0 0 0 51 0 0 10 0 0 0 16 0 0 62 0 59 0 0 0 0 36 0 0 0 0 0 88 0 0 0 0 0 0 0 0 0 53 0 0 0 0 0 0 0 0 0 77 58 0 0 0 0 89 0
0 0 0 0 0 48 0 0 0 0 0 0 0 0 0 0 0 0 0 0 0 0 7 0 64 0 0 0 0 56 0 0 0 64 0 13 20 0 0 20 0 0 0 0 0 44 0 0 30 0 42 0 0 0 0 0 0 0 0 89 0 0 0 0 0 0 0 0 0 39 0 0 0 0 77 35 0 57 0 0 0 50 96 0 0 63 0 0 0 0 0 0 20 98 0 0 0 8 0 0
0 0 0 0 5 0 6 18 0 27 0 0 0 39 0 68 0 0 0 0 65 0 0 35 0 0 0 0 0 0 15 0 0 0 0 0 92 0 0 0 19 0 0 0 93 0 57 0 0 0 0 0 0 0 0 13 87 0 0 0 98 0 85 0 0 0 0 0 0 47 0 0 0 0 0 0 0 0 0 44 0 0 0 0 0 0 0 42 0 0 0 0 39 0 0 0 26 26 0 0
0 0 47 0 0 0 81 0 0 0 0 0 0 0 0 0 41 0 60 0 0 32 0 0 0 54 6 0 32 0 0 0 32 0 0 0 0 0 0 0 0 6 0 0 82 0 73 0 0 0 0 0 0 62 69 0 59 0 22 0 0 67 0 52 0 0 0 0 0 0 0 0 0 98 0 69 44 0 0 0 0 0 0 78 0 0 0 0 0 42 12 71 0 6 0 0 0 55 0 0
0 0 0 0 0 0 24 0 0 0 0 86 89 0 0 0 0 38 29 36 0 0 0 0 0 66 0 92 0 22 0 0 0 0 0 0 0 33 0 0 47 69 59 0 0 0 0 4 0 66 0 0 10 86 60 0 0 0 0 0 0 87 0 0 0 0 54 12 0 0 51 0 0 0 68 0 0 0 91 65 55 28 75 68 0 34 0 0 42 0 0 0 0 37 0 0 0 0 0 59
0 0 0 0 0 0 0 0 0 43 0 0 52 0 0 54 73 0 0 0 0 0 0 0 75 0 0 0 0 17 17 0 78 6 0 33 85 0 0 61 0 12 0 0 0 0 0 0 17 0 0 0 0 73 0 6 45 0 0 66 27 81 63 0 97 0 0 0 2 0 0 82 81 83 0 63 0 0 0 0 92 0 0 0 0 0 0 0 99 0 0 0 0 0 93 54 57 0 0 0
0 0 0 0 0 0 0 0 0 0 0 0 0 0 0 0 0 33 0 0 0 0 0 77 0 0 0 0 0 0 0 0 0 62 0 0 0 0 93 0 0 0 0 0 0 0 0 0 0 0 0 0 0 0 0 0 0 0 0 0 39 0 0 1 0 27 0 0 0 0 0 0 0 0 0 0 0 0 0 0 99 0 0 0 0 34 0 0 43 30 0 0 0 0 0 0 0 69 0 11
0 0 0 0 0 0 0 0 0 49 0 0 0 0 0 0 35 0 93 9 4 0 19 0 52 0 0 0 0 0 0 0 0 0 4 0 0 0 0 0 0 31 0 0 53 0 0 58 0 0 0 53 0 0 0 0 0 0 65 0 0 0 52 0 13 0 19 0 0 97 0 0 0 0 0 0 0 0 82 0 34 0 0 0 47 62 100 0 60 16 0 0 0 0 0 0 0 0 2 0
0 0 97 0 22 0 0 0 0 0 0 0 0 0 0 0 0 0 0 0 0 69 0 0 32 0 0 17 0 0 0 48 0 0 0 0 0 0 64 0 0 94 0 0 78 0 89 0 58 0 0 0 0 92 0 0 0 0 0 0 0 0 0 3 0 0 28 0 97 0 25 19 0 0 0 0 0 0 0 19 0 81 0 70 0 0 0 80 0 0 0 0 0 0 0 18 0 0 0 22
0 0 0 5 0 0 40 0 0 0 0 0 0 23 0 0 0 0 16 0 46 70 92 0 0 43 43 0 71 0 21 0 0 0 0 41 38 0 83 0 19 0 58 33 95 0 79 99 68 0 67 0 0 0 0 0 15 0 0 0 0 0 0 0 0 82 12 85 88 0 0 0 0 40 0 72 86 78 0 41 0 0 48 0 75 0 0 0 0 89 0 0 75 0 0 0 0 0 7 0
0 10 0 57 22 29 0 0 0 0 0 0 0 0 0 0 0 14 3 0 0 56 0 0 99 0 0 0 0 0 0 0 17 40 0 0 0 0 0 0 0 0 0 0 0 0 21 0 0 0 0 3 0 0 0 0 0 0 0 0 0 79 62 0 0 46 0 0 0 9 74 0 0 0 0 0 0 0 0 0 64 0 16 27 0 0 0 0 31 65 0 76 0 39 0 0 46 0 0 0
0 27 0 0 0 0 0 0 63 0 0 0 0 0 0 0 0 0 0 0 0 1 0 0 0 0 0 0 0 39 0 0 34 0 0 0 0 0 93 0 0 0 0 56 97 0 0 34 0 0 25 0 0 0 7 0 0 0 20 0 1 0 0 17 0 0 0 0 0 0 31 0 0 0 0 0 0 0 15 19 0 14 12 66 69 0 0 0 90 72 0 0 0 0 0 24 0 0 0 0
0 0 0 56 0 81 52 0 0 0 0 0 78 0 0 0 0 0 47 0 0 0 0 0 0 0 0 0 78 0 0 0 0 0 0 99 79 0 37 0 0 0 0 0 0 64 0 0 0 0 0 0 68 45 48 0 0 0 0 0 0 44 57 0 0 0 0 0 0 0 55 23 30 0 0 0 0 47 84 0 97 0 0 0 0 96 24 0 0 0 6 0 11 0 0 0 0 0 0 0
0 13 0 0 0 0 0 0 56 0 0 99 0 0 0 0 0 0 75 3 0 0 0 0 1 0 0 0 0 0 100 7 0 0 0 0 0 0 45 0 47 61 0 0 0 0 92 0 0 0 12 0 0 0 26 0 0 0 0 0 57 41 0 0 0 0 0 0 0 0 0 0 0 0 71 9 29 0 35 0 48 31 0 93 40 85 0 0 0 0 0 0 0 0 0 0 0 0 0 0
50 0 0 0 0 0 91 0 0 15 0 0 0 53 0 11 0 0 0 0 0 0 17 10 83 0 0 0 0 0 0 0 0 0 0 49 0 0 0 0 0 0 0 0 0 0 0 96 0 0 0 0 39 0 0 58 17 0 0 99 0 0 0 0 0 92 23 13 0 0 84 14 51 0 0 0 0 0 0 0 0 0 0 0 85 18 0 42 84 0 0 0 0 0 0 0 0 0 18 0
0 51 0 0 88 0 0 0 0 97 0 0 8 0 57 0 0 0 0 0 0 0 0 0 0 21 29 0 0 0 71 0 0 97 0 0 34 33 69 0 0 0 0 0 70 0 0 45 0 0 0 19 0 0 0 0 0 19 92 28 0 0 0 87 0 0 0 43 84 0 50 0 0 60 0 0 1 0 52 0 0 0 0 31 49 0 0 0 0 0 51 32 51 0 43 0 0 35 33 0
0 35 0 0 0 0 0 0 0 0 39 0 54 25 0 66 0 0 0 0 0 87 0 0 0 37 0 0 0 0 0 0 0 0 0 0 0 0 91 0 0 56 100 0 0 0 79 41 0 0 0 0 0 0 0 0 0 35 0 0 0 0 99 0 0 0 0 0 95 0 100 0 0 0 0 0 0 17 0 7 0 0 0 24 52 90 0 0 0 86 0 0 76 64 0 29 0 0 0 0
69 0 0 0 0 0 0 0 0 0 0 8 0 0 0 34 0 0 0 0 0 0 52 0 0 0 0 0 0 0 0 0 0 0 0 0 0 0 0 0 0 0 21 0 0 76 0 0 0 65 98 0 0 0 99 0 49 76 0 78 0 76 33 0 0 17 0 0 0 0 0 57 0 0 0 0 0 0 86 87 0 8 3 0 0 84 0 79 0 0 0 9 6 0 27 0 0 0 0 0
0 91 0 0 0 0 0 0 0 0 0 55 0 43 84 0 0 0 29 0 0 0 0 78 0 0 0 0 39 66 0 10 0 0 35 0 0 17 0 65 0 0 22 0 0 0 0 0 0 0 0 0 0 0 18 0 0 0 0 28 0 2 0 0 0 0 0 0 0 0 0 0 0 0 0 98 0 10 0 9 0 0 0 0 45 0 8 0 63 0 0 74 0 0 0 61 0 0 0 0
0 20 12 0 0 0 66 0 0 0 14 0 0 88 0 0 0 73 0 0 0 44 6 0 0 47 0 0 0 34 0 0 0 0 0 0 22 41 78 0 0 0 0 0 0 0 0 83 0 91 1 0 0 0 0 0 38 98 0 0 0 75 26 93 0 21 0 94 5 19 0 0 0 0 0 0 0 0 0 0 0 0 0 0 0 0 0 0 0 84 0 0 0 0 42 79 0 0 0 19
0 0 77 51 0 79 0 25 0 31 38 0 0 0 0 0 0 79 62 0 0 0 0 79 35 70 0 27 0 0 0 49 0 0 0 0 8 0 0 0 0 0 36 0 0 0 0 34 0 0 60 0 95 0 0 0 88 0 0 0 97 0 43 0 0 0 0 83 0 0 0 0 85 0 16 0 28 0 0 0 41 23 0 0 0 0 0 14 0 0 10 0 0 0 0 0 0 0 28 0
59 0 0 0 5 0 67 0 0 0 0 0 0 0 0 52 0 0 0 30 24 90 0 0 0 53 81 0 0 27 0 0 1 0 0 0 0 0 0 0 0 0 0 0 0 0 83 70 0 0 54 0 11 0 0 0 0 30 0 47 0 0 45 0 0 30 0 0 0 15 34 7 0 0 16 0 3 0 0 0 19 0 11 0 9 0 0 0 0 22 0 0 0 0 0 0 98 0 56 0
26 0 0 0 0 0 0 0 0 0 41 74 0 0 0 0 49 0 33 0 0 0 0 0 57 57 77 18 42 0 0 0 0 44 0 99 86 0 0 0 26 0 0 0 0 61 0 0 0 0 0 0 0 0 0 0 0 0 0 0 0 22 0 0 0 0 56 0 0 0 13 0 0 0 0 53 0 31 0 0 0 63 0 0 0 0 0 0 74 7 81 0 0 0 0 0 0 0 0 0
0 53 0 0 0 0 28 0 0 79 0 0 0 0 42 0 0 0 0 0 0 8 0 0 87 0 22 0 0 0 0 0 0 45 0 0 0 0 70 0 0 0 0 0 0 0 0 32 0 0 0 0 0 0 0 11 75 0 0 0 0 0 0 82 0 16 48 0 28 6 23 0 0 0 0 0 0 0 0 61 0 0 1 0 0 0 0 0 0 0 0 0 0 0 0 0 45 0 0 82
73 83 0 0 0 0 0 0 53 38 0 99 0 0 0 61 0 0 0 0 0 88 0 0 0 0 77 74 98 0 40 0 0 0 39 0 0 0 78 0 0 0 0 0 0 0 0 0 0 65 0 0 0 0 0 0 0 0 77 0 0 0 72 13 0 0 0 0 0 95 0 0 0 66 0 0 0 0 91 0 0 0 0 37 54 0 0 0 0 0 0 0 0 0 0 0 0 0 57 0
0 100 0 0 0 0 0 0 0 0 0 0 0 7 0 0 0 0 0 0 4 50 6 53 0 0 0 0 0 0 0 0 0 0 9 5 52 0 0 0 0 0 0 0 0 0 5 0 0 75 91 0 0 0 0 0 0 0 0 0 0 0 0 0 0 95 30 0 0 8 0 0 0 0 93 0 0 0 0 43 0 0 0 31 0 0 43 0 91 0 0 0 0 0 60 0 64 0 0 0
0 0 0 0 40 48 0 0 0 43 0 0 77 0 76 0 0 0 0 0 0 0 0 1 0 0 0 0 0 1 3 94 0 25 0 0 0 0 53 0 0 0 0 0 0 0 0 53 0 71 0 0 0 0 0 0 0 55 0 81 0 0 0 0 0 0 0 0 0 0 19 0 54 0 59 100 27 14 0 0 0 0 0 3 0 0 0 0 0 0 70 0 0 65 0 14 0 0 29 0
0 0 0 0 0 0 0 0 0 0 0 35 0 34 0 0 0 0 3 0 0 0 0 0 0 67 0 74 0 0 0 0 0 79 0 85 97 68 63 0 27 73 0 69 0 0 15 0 0 0 0 0 0 0 84 0 0 0 0 0 0 0 0 0 0 0 0 61 0 0 0 38 0 47 0 70 0 0 0 0 0 0 0 0 0 0 0 0 0 0 0 0 0 0 26 0 0 0 0 0
74 0 0 0 0 28 41 0 0 0 0 72 0 0 50 7 0 0 0 0 0 0 0 0 0 27 0 0 0 0 0 0 0 0 52 0 0 0 1 0 0 39 0 0 0 0 0 0 0 0 80 0 29 9 0 0 37 0 0 0 0 0 0 29 0 0 0 0 0 0 40 58 0 0 0 0 0 0 0 0 0 0 0 0 0 22 17 31 0 0 56 0 0 7 0 0 15 0 0 0
0 0 0 0 0 0 0 0 0 0 0 0 0 0 14 0 0 0 0 93 0 0 0 17 0 0 0 15 48 72 0 0 51 0 0 0 16 94 0 0 0 0 0 0 0 0 73 0 37 0 0 0 0 0 0 0 0 0 0 31 0 0 0 0 3 0 0 0 0 0 0 0 93 0 0 0 45 0 0 0 41 0 0 0 0 0 1 0 0 54 0 44 0 0 44 20 62 0 0 0
0 15 0 0 0 0 25 0 0 0 5 0 0 0 0 0 0 0 14 0 59 0 0 0 0 0 0 0 0 0 0 0 0 54 0 0 0 0 46 0 0 0 0 0 0 55 0 0 0 0 0 0 0 0 0 0 0 0 0 0 0 80 46 0 0 0 0 4 0 0 0 0 0 0 0 66 41 45 0 0 63 0 0 0 6 0 0 50 34 0 0 0 0 0 81 0 23 0 0 0
0 12 0 0 0 0 0 55 38 39 71 0 0 0 59 0 5 0 0 0 0 0 6 0 0 0 0 0 33 0 0 0 85 0 0 0 62 99 0 0 0 63 0 0 5 36 0 0 0 0 0 0 0 0 0 24 0 0 87 0 0 0 0 66 51 51 0 78 0 65 0 0 0 0 0 0 0 0 0 0 0 0 0 24 65 0 0 0 0 0 0 41 41 0 0 3 0 0 0 34
0 0 0 48 0 0 0 0 0 47 0 57 0 27 65 49 74 51 0 0 0 0 32 57 0 0 0 0 0 0 0 0 0 0 33 0 71 0 0 0 0 0 0 0 0 0 0 0 72 0 0 0 0 0 0 0 0 0 49 69 0 0 0 0 0 0 0 0 0 0 0 0 57 0 0 0 0 0 0 0 32 0 9 0 0 0 0 0 0 0 0 0 0 0 0 0 0 0 0 0
33 0 9 67 0 0 0 0 0 0 0 0 0 0 0 0 0 0 87 0 0 0 0 0 0 0 0 0 0 4 0 0 0 0 11 0 0 0 0 0 20 0 0 77 0 0 0 0 0 29 42 78 86 0 31 40 0 0 88 93 0 0 0 0 0 0 48 0 0 0 0 0 0 0 0 0 0 81 34 0 0 0 0 0 0 0 0 0 99 0 0 0 0 0 0 0 0 0 27 63
0 0 77 0 0 76 0 0 84 14 0 50 0 40 39 0 0 0 53 0 0 78 0 67 0 0 0 0 0 44 0 0 10 0 0 0 0 0 0 68 0 0 0 0 30 0 0 62 0 46 0 63 0 0 0 98 38 0 0 0 89 0 0 0 0 62 0 0 34 0 32 0 0 0 0 0 45 0 0 45 93 0 0 0 0 0 0 0 0 0 0 35 0 0 0 11 0 0 0 0
0 0 0 0 0 0 0 0 0 0 0 0 0 91 0 0 98 0 93 0 0 58 0 38 0 62 0 0 0 0 0 53 0 0 94 0 0 20 0 0 0 0 0 0 86 0 89 0 0 0 0 0 74 0 0 0 0 0 0 0 65 47 0 0 0 27 0 0 0 0 0 0 99 0 18 0 0 0 0 0 11 60 0 0 0 59 74 3 44 0 0 0 0 0 0 0 0 0 0 0
0 0 86 0 0 0 0 0 0 0 0 0 40 0 47 0 0 0 0 30 0 0 0 0 0 0 82 0 0 0 0 0 0 0 0 94 0 0 0 37 0 0 0 19 0 91 0 75 0 0 0 0 0 0 9 0 0 38 0 49 8 0 85 0 92 0 97 72 41 0 9 0 18 0 0 88 0 0 52 0 0 0 0 0 20 0 83 95 0 1 0 0 0 81 0 0 0 0 0 0
0 0 0 0 0 79 0 0 76 0 14 0 0 0 0 0 0 5 0 60 0 11 0 0 6 0 0 79 0 0 0 54 0 41 0 36 70 0 4 0 93 18 0 54 0 0 0 0 0 0 36 0 0 100 21 0 0 0 20 0 0 0 0 0 24 0 0 0 71 0 30 0 73 0 0 0 0 0 0 0 0 0 0 74 0 94 0 0 73 98 0 57 0 0 89 0 0 0 0 78
13 0 0 0 30 0 0 0 99 0 71 0 6 33 20 0 0 0 89 0 0 90 0 0 0 0 0 99 0 0 0 0 0 0 51 0 74 0 0 0 0 0 23 0 0 89 59 0 0 4 0 0 0 0 0 0 39 75 0 0 0 0 0 0 0 0 54 0 0 52 0 0 0 0 0 0 99 0 53 30 0 0 0 0 7 0 26 0 69 0 96 0 21 0 84 0 0 0 0 0
0 0 0 0 80 0 0 0 0 0 100 53 29 0 0 0 38 48 0 71 0 63 0 0 0 0 0 44 0 16 0 0 0 0 0 0 89 0 11 74 0 0 0 0 0 0 0 100 16 0 0 0 0 0 0 0 0 63 0 0 0 0 0 28 0 0 0 0 63 0 0 0 0 64 0 38 0 0 32 0 0 0 0 0 0 0 0 0 0 0 0 0 0 0 0 0 0 0 0 0
87 0 96 76 0 0 22 0 0 57 0 0 0 0 50 0 21 14 7 0 0 0 0 0 86 0 33 75 0 62 0 0 0 0 0 47 0 0 0 0 0 0 0 0 0 0 0 63 29 0 0 0 0 58 21 87 0 0 45 0 0 40 83 0 65 10 6 0 0 0 0 0 0 0 0 0 0 0 0 77 0 0 0 0 0 6 94 0 0 41 0 100 0 0 0 0 36 0 0 0
77 0 0 0 0 0 0 0 0 0 0 54 26 0 35 0 74 0 0 0 0 4 0 0 0 0 0 0 0 0 0 0 0 87 0 0 0 0 0 37 0 0 0 0 0 0 0 4 0 0 0 48 0 0 0 75 0 0 0 0 0 0 0 0 97 0 41 0 0 0 0 0 0 0 0 0 0 0 8 0 0 0 0 0 0 69 22 0 0 0 0 0 34 0 0 0 0 0 0 0
0 0 0 44 0 0 8 0 71 0 28 0 0 37 0 0 0 0 8 0 0 0 0 0 0 0 0 0 33 0 0 0 42 0 0 0 47 0 0 83 0 0 0 19 13 86 0 94 88 19 0 0 0 76 0 0 0 30 0 0 0 0 0 0 0 0 61 74 0 0 31 27 0 0 6 0 0 0 0 39 0 0 37 80 21 0 0 0 0 0 0 0 0 0 0 0 0 0 49 0
0 0 0 0 0 35 0 59 0 0 0 0 0 0 0 0 0 26 0 0 40 0 0 0 0 0 0 0 0 60 0 90 28 56 0 48 0 0 0 31 0 0 86 58 73 97 0 0 0 0 0 0 18 0 0 0 0 0 0 0 0 0 0 0 0 0 0 0 0 99 0 67 0 0 0 0 0 0 0 0 0 0 37 12 0 0 0 0 0 0 0 0 46 0 0 42 0 0 0 29
0 0 0 0 60 0 0 0 0 0 41 0 0 0 0 0 0 65 0 24 0 0 0 0 0 0 0 70 0 0 0 82 73 0 0 0 0 0 0 0 0 0 88 0 5 9 0 0 51 0 0 0 0 0 0 0 77 0 0 0 13 0 0 28 0 0 8 0 0 0 0 0 0 0 0 69 0 0 0 100 0 0 0 0 0 74 0 0 68 0 0 0 0 0 65 0 0 94 44 0
0 0 0 0 0 0 0 0 0 0 0 0 0 0 0 0 0 56 0 0 0 98 0 0 73 0 0 74 0 0 83 0 38 0 0 0 0 0 0 0 0 0 0 42 48 0 69 42 34 0 0 0 0 26 0 0 0 20 0 36 0 27 0 62 0 0 51 0 0 0 0 0 0 57 0 0 0 0 0 21 0 0 0 0 32 20 0 0 0 0 71 0 0 0 0 0 0 0 0 0
0 0 87 0 75 0 37 0 74 0 0 0 0 0 0 31 0 0 24 0 15 55 0 0 0 0 73 0 45 0 16 0 0 0 0 0 0 0 14 0 74 0 0 52 0 0 72 0 0 0 0 0 0 70 0 0 98 0 0 0 0 0 0 0 0 45 0 0 0 0 0 0 0 0 0 29 0 94 0 0 0 0 0 0 0 0 0 0 0 0 0 0 0 0 0 0 44 0 0 0
0 0 0 0 0 29 79 17 25 0 0 0 74 98 0 82 0 0 0 96 65 0 0 0 0 0 0 99 0 0 0 0 0 0 0 0 0 0 0 0 0 48 0 0 15 0 53 76 0 0 0 0 25 0 53 42 0 33 0 0 17 0 70 0 0 0 0 0 38 0 0 0 0 0 64 0 0 0 0 0 88 0 0 0 0 0 82 0 0 0 0 44 0 0 0 14 0 0 0 0
0 5 18 13 0 0 0 85 0 0 0 0 14 0 0 0 35 0 75 50 0 82 68 0 0 0 0 0 0 0 0 0 26 0 98 0 0 46 47 0 11 50 0 0 26 0 0 0 0 0 75 86 0 57 0 0 0 0 0 21 0 0 0 76 0 0 36 0 0 0 0 0 0 0 0 0 0 0 0 10 0 0 0 0 0 0 0 40 0 0 0 0 69 0 81 0 0 0 0 0
0 0 0 0 50 79 0 79 69 0 0 0 0 56 0 26 0 0 0 0 0 80 0 0 0 0 0 0 0 0 0 0 0 0 0 11 65 0 0 0 0 55 0 0 0 0 78 0 0 0 31 0 0 57 43 0 0 0 21 0 0 91 0 0 0 0 0 24 0 0 0 0 0 0 0 0 83 0 0 0 0 0 0 0 0 0 0 97 0 62 91 14 0 0 0 0 0 50 0 0
66 0 0 5 0 0 0 39 0 0 0 23 0 14 0 0 0 0 0 0 0 0 0 0 1 0 0 83 0 29 0 0 0 0 0 0 0 89 34 0 0 0 51 0 0 0 0 93 0 0 0 0 34 0 87 0 0 0 0 0 0 0 0 0 0 0 0 0 0 0 0 0 1 0 0 0 0 0 0 41 0 24 0 75 0 0 0 0 50 87 0 0 0 0 0 0 17 0 0 36
0 0 99 0 0 0 0 0 0 0 0 0 0 0 37 0 0 0 81 0 7 0 44 0 0 0 0 0 0 0 0 0 54 0 0 0 0 44 0 0 0 0 0 0 0 82 0 0 0 0 0 0 87 14 0 69 13 0 100 0 0 94 0 0 0 0 100 0 0 0 0 0 0 0 14 0 0 0 0 0 0 0 0 41 0 66 0 0 0 0 0 54 0 0 76 0 0 0 0 70
0 48 0 0 0 0 0 0 0 0 0 0 0 0 0 3 13 0 0 0 0 0 0 69 50 0 0 4 0 0 0 0 0 0 34 0 0 0 0 0 74 0 0 0 36 31 0 0 100 0 0 0 0 0 91 0 23 0 0 0 0 0 0 0 0 0 0 32 0 0 0 52 0 0 22 0 0 70 0 42 0 0 0 77 77 13 0 30 0 2 0 0 0 0 0 0 0 0 0 29
0 0 0 51 0 0 0 0 0 0 0 78 0 73 36 0 0 0 0 26 4 0 0 0 0 15 0 65 0 0 0 63 0 0 0 0 64 0 0 16 15 0 68 0 0 99 0 0 0 62 0 0 0 0 0 0 6 0 67 0 0 0 0 30 0 0 96 0 0 89 0 0 0 0 0 0 62 0 86 62 0 0 0 0 0 13 0 0 72 0 0 91 0 0 0 0 65 0 0 45
0 82 85 25 0 0 58 0 0 0 0 0 0 0 0 0 70 84 0 0 0 27 0 0 0 0 30 67 0 38 0 0 0 0 0 0 0 0 0 0 0 52 77 0 0 0 0 0 0 0 0 17 0 71 0 98 87 0 0 70 92 0 5 0 26 16 0 0 0 0 0 0 0 0 0 0 0 0 0 0 0 0 0 0 14 0 0 0 0 0 89 0 0 0 62 0 43 0 0 16
78 0 0 15 54 0 0 0 93 0 0 25 0 0 70 0 0 12 0 0 0 0 0 0 0 0 39 0 0 40 0 0 0 0 3 0 0 0 0 0 0 0 0 0 10 36 0 0 97 0 0 0 0 0 50 0 0 29 0 0 0 0 0 0 0 0 20 70 27 89 0 0 67 0 0 0 0 8 37 0 2 80 0 0 45 0 12 0 15 0 0 85 0 0 85 0 0 0 0 0
22 0 0 0 0 26 0 0 0 45 0 0 0 0 0 0 0 0 0 0 100 19 10 0 0 0 0 69 19 0 12 0 0 0 38 0 98 47 0 0 0 0 0 86 0 0 0 0 0 0 0 36 54 0 0 0 0 0 0 9 0 0 32 0 0 60 0 0 98 0 13 0 0 82 29 0 0 0 61 41 0 0 0 0 0 0 44 0 0 0 0 0 0 0 0 20 0 0 0 0
0 56 0 0 0 0 0 0 100 0 0 53 0 0 0 0 0 0 0 89 0 59 0 23 0 0 26 24 0 0 0 0 11 0 0 0 0 40 0 0 22 0 0 0 0 0 0 0 0 20 0 0 0 0 5 0 0 55 0 0 0 32 0 0 0 0 78 0 0 88 0 0 0 78 0 54 0 0 0 50 0 0 0 0 0 0 0 38 0 0 0 70 0 0 0 76 0 0 53 0
44 0 0 68 82 0 0 0 0 0 0 0 0 0 0 0 0 0 0 0 75 9 34 90 28 0 0 0 0 0 0 0 40 43 0 0 0 26 0 0 34 0 14 0 0 45 0 0 0 87 0 0 0 0 0 0 0 82 0 0 0 0 0 0 0 0 0 0 0 22 0 0 0 3 70 0 0 0 0 0 0 0 0 0 0 0 0 0 0 0 0 0 0 0 67 5 0 19 0 28
0 48 0 0 0 0 0 0 0 0 0 0 0 0 0 0 0 0 34 30 85 14 0 0 0 0 0 0 32 0 56 0 0 55 0 92 50 0 0 0 0 0 0 0 0 0 0 0 61 10 0 0 0 0 0 0 0 60 0 0 0 0 0 0 0 5 41 87 0 0 0 0 0 0 0 0 61 0 0 0 0 0 6 100 33 0 0 0 0 0 0 0 0 0 0 24 0 0 45 0
97 0 0 0 0 0 0 0 0 0 0 0 0 0 0 0 0 41 1 0 0 22 98 0 0 0 0 0 0 0 0 95 0 0 0 24 0 0 0 87 0 0 0 0 0 88 0 0 0 90 0 0 0 9 0 0 0 0 42 0 0 29 0 0 0 0 0 0 0 81 0 0 5 0 0 41 0 0 87 37 0 0 65 0 0 0 0 0 0 17 0 0 0 0 95 94 96 0 80 0
0 0 0 39 53 0 0 22 0 0 95 85 0 0 0 0 0 0 0 95 0 0 20 69 0 0 0 0 0 0 0 0 0 0 0 0 0 0 0 0 0 0 32 0 0 0 0 0 0 0 0 66 0 0 0 0 50 0 0 0 0 0 0 0 98 0 0 74 0 0 0 0 0 0 74 0 0 0 0 0 0 0 0 86 0 0 0 51 28 37 0 0 0 0 0 0 0 0 0 15
0 0 0 94 0 0 0 0 0 61 0 0 55 0 0 21 0 0 0 69 0 0 0 0 0 0 0 0 0 50 0 34 0 4 3 0 0 0 0 12 0 8 58 0 0 0 0 0 0 0 95 25 0 0 32 0 0 0 0 0 0 0 0 0 0 52 0 0 0 0 0 14 62 0 0 0 22 100 0 0 0 0 0 0 0 0 0 0 0 0 0 0 0 91 0 0 0 0 0 0
0 0 0 0 0 0 47 0 0 68 39 0 74 0 0 92 33 20 0 0 0 0 0 0 0 0 0 0 5 0 0 0 86 0 0 0 0 0 0 11 0 0 0 0 0 0 0 78 0 0 0 2 0 22 47 0 0 0 0 34 1 0 0 61 0 0 0 0 0 58 0 0 75 0 0 0 92 0 69 0 0 0 0 0 0 74 0 0 0 0 0 0 0 0 4 7 0 42 0 0
0 0 0 0 0 63 0 0 0 4 0 0 0 0 0 0 0 88 0 0 0 66 0 0 0 0 0 61 0 0 0 0 0 0 0 0 0 0 0 0 0 9 0 6 0 0 0 0 0 74 0 61 0 0 0 0 0 75 64 0 0 0 59 0 0 0 0 60 0 39 0 0 78 2 0 0 0 0 0 0 0 0 0 0 0 53 0 0 79 0 0 0 0 51 0 20 46 73 0 83
66 0 0 0 17 69 0 0 0 20 0 0 0 60 0 0 0 0 15 0 61 0 63 0 0 0 0 0 0 0 0 0 0 0 0 46 41 1 0 0 76 0 1 0 0 0 0 0 32 0 41 0 0 0 0 8 0 0 87 80 0 81 0 0 67 0 21 0 46 0 0 0 0 0 0 12 0 0 0 0 88 0 0 0 0 0 0 0 0 75 0 0 51 0 0 75 0 0 0 92
0 0 0 0 89 0 0 0 0 49 87 0 0 19 0 0 0 0 0 0 85 1 0 0 61 0 0 0 0 0 42 0 0 41 0 0 0 30 0 0 0 0 0 97 0 0 0 76 0 0 53 43 0 0 95 0 0 0 95 0 52 0 0 0 0 0 78 0 0 0 0 0 0 0 0 0 0 0 23 0 0 0 0 5 0 0 0 0 0 0 87 0 0 0 13 0 0 98 0 0
0 51 0 0 53 0 0 0 0 0 0 0 0 92 11 0 0 0 0 0 0 0 0 0 0 20 14 0 11 0 0 96 0 0 0 0 84 0 0 32 0 0 0 0 0 0 86 0 0 0 0 0 0 0 36 72 67 49 0 0 0 0 0 59 0 13 0 0 9 0 0 25 0 0 94 0 0 0 69 93 0 0 5 0 0 0 0 0 0 1 71 33 0 0 80 0 0 0 52 88
0 0 0 0 0 0 0 0 0 75 85 0 0 0 0 0 0 61 0 0 0 0 0 0 0 35 0 38 18 0 0 0 0 0 0 0 0 0 0 0 0 80 81 0 0 0 0 31 0 0 0 0 72 0 0 75 0 27 0 0 0 4 0 0 0 0 37 0 47 0 0 0 0 5 0 0 99 0 0 0 0 0 47 0 29 0 0 79 0 93 94 0 39 81 98 0 0 0 59 38
0 0 49 0 0 0 0 0 0 80 60 0 0 36 0 0 0 5 6 99 0 0 26 81 0 0 65 0 0 75 0 0 0 0 0 98 0 0 59 0 0 0 0 0 18 68 0 0 11 0 0 89 43 0 0 0 0 0 0 38 0 0 100 0 0 48 0 0 87 0 0 0 0 0 0 0 0 0 0 0 31 0 0 0 0 0 0 0 0 0 96 0 0 0 0 2 0 0 41 0
0 0 0 0 51 0 0 39 0 62 0 38 0 0 0 0 52 0 25 0 0 0 0 0 0 0 0 91 0 0 0 0 0 83 0 0 0 0 0 0 0 0 0 0 59 0 58 0 0 0 90 10 85 0 0 0 0 0 17 0 88 0 68 0 0 21 0 0 4 0 0 0 45 72 0 72 0 0 0 0 0 0 0 4 0 59 0 59 0 0 0 0 0 0 0 0 0 0 14 33
0 0 83 0 0 0 38 0 87 0 12 0 0 0 0 0 99 0 0 39 0 0 64 0 0 0 38 0 0 0 0 0 0 0 0 0 0 10 0 65 83 0 0 0 0 0 16 0 0 0 0 0 91 0 0 65 0 0 0 0 0 0 0 0 0 0 61 53 0 0 0 0 0 0 9 77 53 0 63 0 53 0 0 0 0 0 0 0 19 0 0 0 25 0 0 0 40 0 0 0
33 0 0 0 0 0 75 0 37 0 0 0 7 100 0 0 6 0 0 37 52 0 0 0 0 83 0 31 43 0 0 98 0 84 0 0 0 0 0 0 99 0 53 0 83 0 0 0 0 77 0 0 97 0 51 0 0 0 0 0 0 0 0 0 74 97 0 13 0 0 0 0 54 0 44 0 61 0 97 0 0 0 78 0 0 0 0 0 0 0 0 0 0 38 0 0 0 0 0 0
0 0 1 2 0 21 0 29 0 0 0 0 0 0 0 98 0 0 0 0 0 18 0 94 0 0 0 51 3 24 0 0 0 0 86 0 0 0 0 0 64 0 0 0 0 0 0 0 22 0 73 90 95 87 0 0 0 0 0 0 0 0 0 35 74 0 0 0 0 0 0 0 0 0 0 0 0 51 0 39 13 0 0 0 26 0 0 0 0 77 0 0 0 0 0 0 0 0 0 0
11 55 0 0 0 0 0 0 25 95 0 54 0 0 0 0 0 0 76 0 0 0 0 46 0 0 0 12 0 2 0 0 0 74 0 0 30 0 0 0 0 43 0 0 0 68 0 74 0 0 16 95 30 48 0 0 0 0 0 23 0 0 0 0 0 43 0 0 0 0 0 22 0 0 25 0 0 0 0 0 0 0 45 0 0 0 78 24 0 0 7 0 53 0 0 0 94 0 0 57
19 0 0 0 0 0 37 0 0 58 0 0 0 0 0 0 0 22 0 0 0 34 0 0 0 0 0 0 0 0 0 98 75 28 0 0 0 0 85 0 0 0 0 0 0 0 35 0 0 44 0 13 0 0 66 0 0 26 0 0 0 33 0 0 0 65 0 100 0 0 0 66 0 17 0 0 70 0 0 0 0 4 43 0 0 76 0 0 81 0 0 0 0 0 0 0 0 6 0 0
0 65 0 0 39 20 0 10 0 0 0 0 0 0 0 0 0 0 64 0 85 0 0 0 0 0 0 0 0 19 0 0 6 99 95 26 0 0 0 0 0 0 0 0 0 62 45 0 0 87 0 0 38 70 0 0 0 0 0 0 0 0 0 0 0 0 0 0 0 0 0 0 0 0 0 66 0 0 0 0 47 0 0 0 0 0 0 0 11 0 99 0 0 46 0 0 0 0 56 0
8 0 19 0 0 0 0 0 0 1 0 58 2 0 52 0 0 0 0 0 46 0 92 38 0 0 0 0 0 82 0 0 0 0 0 0 46 0 0 0 0 0 90 0 0 0 0 0 0 70 0 0 0 0 35 0 88 19 0 0 0 0 79 6 0 6 0 0 0 0 94 0 0 0 89 86 8 61 0 0 0 63 0 0 0 0 0 84 0 51 0 0 29 0 0 0 0 0 0 0
0 0 0 0 0 0 0 83 0 0 85 0 0 0 95 0 0 0 0 0 0 0 0 0 0 0 0 0 0 0 0 20 0 0 63 0 0 86 0 0 0 13 0 0 0 0 0 0 9 88 56 95 0 0 22 0 95 0 0 59 39 0 30 0 0 0 0 0 0 0 0 0 0 0 0 0 0 0 0 0 0 0 0 0 17 0 96 0 0 0 13 0 94 0 0 0 0 40 0 0
0 0 0 0 38 90 1 0 0 1 44 49 0 0 0 0 0 59 0 0 0 26 0 0 50 94 0 0 22 0 0 0 85 0 0 54 0 0 28 96 0 0 58 0 0 0 32 0 0 0 97 29 0 14 0 0 0 0 46 0 0 0 17 0 0 99 0 0 24 0 0 0 0 0 39 20 0 0 77 0 0 95 0 0 0 0 0 0 0 0 0 0 0 60 4 10 0 0 0 0
0 0 0 0 0 0 0 30 0 0 0 0 0 0 0 0 0 0 0 0 61 0 0 93 0 0 84 0 0 0 0 84 0 4 0 0 0 0 33 48 0 55 0 0 0 53 0 0 0 0 0 0 0 0 0 71 60 0 0 0 0 0 0 0 0 0 0 90 0 0 0 0 0 0 0 0 9 0 0 0 0 0 0 0 0 0 84 0 73 0 0 54 51 0 36 93 0 0 11 50
73 0 0 0 0 51 0 0 0 0 0 0 0 0 0 0 0 0 98 27 0 0 0 0 0 30 0 0 31 0 0 0 0 0 65 0 0 0 0 58 75 0 82 0 75 0 0 0 0 0 0 0 0 0 0 0 0 0 8 16 0 0 0 0 0 99 92 83 66 0 0 0 0 0 0 0 0 0 0 0 0 0 0 0 65 0 0 15 0 0 0 73 42 0 0 0 80 0 0 0
0 84 0 7 0 47 91 0 0 0 0 44 0 72 0 0 0 0 0 90 0 51 0 55 0 0 41 0 20 0 0 4 0 0 0 0 61 0 0 98 40 81 0 0 0 0 0 0 71 0 0 0 93 16 0 0 0 0 19 69 0 0 28 83 0 0 0 0 0 0 0 13 0 0 0 0 1 0 0 0 0 0 0 58 0 0 56 0 3 0 0 3 0 72 0 0 42 0 0 0
0 0 0 0 0 0 0 0 0 90 0 0 0 0 72 21 0 0 0 0 78 3 0 0 5 0 0 0 0 97 0 41 0 78 0 0 0 15 41 0 0 0 0 95 0 0 0 0 99 0 0 0 78 0 0 0 0 29 0 0 0 0 48 0 0 0 0 0 0 0 93 0 0 0 0 0 0 82 0 44 60 0 0 0 0 0 0 0 90 0 0 0 0 0 0 0 0 31 0 45
0 0 0 0 0 29 0 0 56 0 0 0 0 0 0 0 73 0 0 78 0 0 0 0 0 0 0 0 0 0 64 0 87 82 16 0 8 100 0 0 0 0 0 0 0 0 0 0 0 0 0 0 0 0 0 44 0 0 0 0 0 0 72 0 0 0 0 0 0 0 0 0 0 0 0 0 0 0 21 0 0 0 0 0 0 54 0 0 0 74 0 12 0 0 65 42 0 0 94 0
0 31 0 9 0 0 95 80 0 0 41 0 0 0 0 0 4 76 0 42 0 0 0 0 0 0 0 0 63 39 0 39 0 77 39 0 0 25 3 0 0 0 0 84 0 20 0 90 0 0 0 0 0 0 0 0 0 0 0 0 98 7 51 87 0 28 96 0 0 0 0 83 33 0 1 16 0 5 0 0 20 0 0 0 0 0 90 0 0 0 71 93 0 0 6 0 0 67 0 0
0 0 0 11 0 0 0 0 0 85 0 0 0 0 96 2 0 91 0 0 63 0 0 0 0 0 0 0 0 0 0 46 0 0 0 0 0 0 0 0 87 79 0 0 0 0 0 0 0 0 0 0 0 0 0 84 0 0 0 16 30 65 39 0 34 0 0 0 0 0 0 29 0 89 0 0 0 58 0 0 0 0 91 0 0 0 79 0 0 0 0 0 0 0 0 0 32 25 0 80
0 0 0 0 0 14 0 0 0 0 0 50 0 0 74 0 0 0 0 0 0 0 0 0 0 0 0 65 0 0 0 0 8 0 0 0 0 0 0 0 0 0 0 14 0 0 0 0 0 0 0 0 0 80 0 0 41 0 46 0 81 63 0 0 0 10 0 95 0 71 69 39 0 0 0 0 0 0 0 0 0 0 0 0 0 0 86 0 5 0 0 0 28 97 0 43 0 0 83 0
0 0 0 65 0 81 0 0 0 0 0 54 0 0 0 0 0 0 38 0 0 23 0 0 0 0 0 0 0 0 0 0 15 0 65 0 0 0 0 0 72 0 0 0 0 0 0 40 0 0 0 0 0 0 0 0 0 0 75 0 0 0 0 73 0 0 0 0 0 77 0 0 0 0 0 0 0 0 0 0 0 55 0 0 13 0 0 0 0 0 0 0 59 35 0 0 0 0 0 0
64 0 0 69 0 0 0 0 0 0 0 0 0 0 0 0 0 0 8 0 99 0 0 0 0 99 0 77 54 78 0 0 0 0 0 0 36 0 0 38 0 0 0 0 0 56 0 0 0 0 0 0 99 0 0 0 0 0 0 2 23 0 0 0 24 0 0 0 14 0 0 0 80 0 0 0 0 0 0 44 0 0 0 0 0 0 70 72 43 0 96 0 0 0 0 32 0 0 0 0
0 10 0 0 0 0 4 0 0 0 0 0 0 0 0 0 0 0 31 0 0 0 0 0 0 0 0 0 0 84 0 85 0 0 0 0 0 0 0 0 0 0 0 0 32 0 0 97 19 6 44 0 4 0 0 0 0 0 45 0 49 10 0 0 34 0 0 0 0 0 0 0 0 0 0 0 0 0 0 0 0 3 0 0 0 0 0 0 58 0 0 0 0 17 1 0 0 0 38 55
0 0 43 0 59 0 19 30 43 34 0 0 0 0 0 0 0 96 0 0 0 0 44 5 0 0 0 59 0 0 0 0 0 0 0 0 0 0 0 0 92 0 21 0 0 0 0 38 89 0 0 95 0 0 0 70 0 0 0 0 0 40 0 0 0 0 0 0 0 65 0 42 72 0 0 0 0 50 94 69 0 0 0 40 0 0 0 0 0 0 0 0 0 0 0 0 0 0 0 7
0 91 0 0 80 0 0 0 24 69 85 0 0 0 0 0 0 0 0 98 41 0 0 76 0 68 100 0 35 0 0 0 0 0 0 0 0 0 0 0 0 57 0 0 0 0 0 0 0 25 0 0 0 73 0 0 0 0 0 0 0 0 0 0 0 0 47 0 52 0 0 0 0 33 0 0 41 2 0 0 0 100 84 0 0 0 0 95 0 0 0 0 0 26 0 0 0 0 0 65
0 0 0 0 0 0 0 0 0 0 0 0 0 0 0 0 0 21 0 0 0 0 0 0 0 0 0 0 0 0 0 0 0 0 0 15 69 0 0 0 0 60 0 0 0 25 0 35 74 0 0 40 0 60 96 0 41 0 0 0 0 0 0 0 0 0 0 64 0 83 0 51 51 0 0 0 0 0 0 0 0 5 0 61 0 0 0 0 76 0 0 89 0 0 0 2 0 0 0 0
84 76 0 63 0 47 0 0 0 0 0 0 0 0 0 82 0 0 22 0 0 80 0 0 0 0 0 0 0 0 0 0 0 0 0 0 0 0 43 0 0 0 93 0 0 0 0 76 0 0 34 0 0 0 26 100 93 0 0 15 0 35 82 0 0 80 16 52 81 0 0 0 0 43 47 0 96 0 4 0 6 0 78 0 0 97 0 0 83 0 47 0 0 0 54 0 0 0 0 0
0 63 0 0 56 0 84 0 0 0 76 0 0 0 0 0 9 0 0 0 0 0 0 0 0 0 0 0 14 0 0 27 0 0 0 0 0 0 0 0 0 0 0 0 0 82 88 0 0 0 18 11 81 0 0 0 0 0 74 0 15 0 0 0 3 37 0 0 0 21 0 93 0 73 0 0 3 38 0 0 0 39 0 23 0 0 0 63 0 36 0 0 0 0 53 0 0 0 50 0
0 51 0 32 0 0 48 0 12 0 0 0 0 67 5 0 0 0 0 0 49 0 0 0 65 0 57 0 0 0 0 0 0 0 59 0 0 0 56 0 0 0 97 62 0 79 0 0 0 0 0 81 0 0 0 0 0 0 46 0 52 73 21 0 69 90 0 0 0 18 0 0 0 0 0 0 0 0 0 0 0 89 0 0 38 29 0 0 0 0 0 0 0 0 0 0 0 0 0 0
0 0 0 0 0 0 0 0 79 0 0 44 0 0 0 71 0 0 0 0 0 0 10 0 48 0 0 60 0 0 0 0 0 0 0 15 0 0 0 0 0 0 0 33 82 0 0 83 2 0 0 0 0 0 0 0 35 55 55 15 14 0 0 0 0 0 12 0 37 0 23 1 0 0 68 91 68 0 0 0 0 0 66 0 0 0 91 0 0 0 0 0 0 0 0 0 0 0 77 0
75 42 0 25 0 0 0 25 0 74 74 0 99 0 0 0 0 8 0 0 0 0 0 0 0 0 0 0 0 0 0 0 0 0 0 0 0 0 0 0 57 0 0 0 54 0 0 0 0 0 0 0 91 0 0 0 0 17 14 0 0 0 0 0 10 0 0 50 91 0 17 0 0 24 0 0 0 28 0 0 0 0 0 64 0 0 91 0 0 0 0 0 0 0 59 0 0 0 0 0
0 0 0 0 0 9 0 0 0 59 0 55 73 0 0 0 16 0 0 0 0 0 0 0 0 38 74 0 0 71 0 0 66 98 0 0 0 0 0 4 42 60 0 5 0 58 0 72 84 0 0 0 0 0 0 0 89 65 0 0 0 0 0 0 97 0 26 0 0 0 0 0 0 0 0 0 0 0 0 0 0 0 7 0 0 70 84 0 0 0 0 0 0 0 0 36 0 0 0 0
18 0 0 0 0 0 0 80 0 0 0 14 0 0 6 0 0 0 78 0 0 0 0 0 0 0 84 39 50 0 0 0 0 55 0 0 0 11 0 0 0 0 0 0 0 0 0 0 0 70 0 0 62 0 0 0 42 0 0 86 0 49 0 0 0 0 67 0 0 0 0 0 36 0 0 0 0 0 0 0 0 0 19 0 0 0 0 0 0 0 0 0 40 36 0 0 0 0 76 0
0 0 0 0 0 84 0 0 0 0 0 0 0 0 0 0 0 0 0 0 0 0 64 0 4 0 0 0 0 40 0 0 0 95 0 25 56 0 0 84 0 0 0 0 0 27 0 0 1 0 93 0 0 0 0 0 0 0 0 53 0 0 0 0 0 0 0 0 0 11 0 0 0 0 28 87 0 94 0 0 0 68 24 0 0 71 0 0 0 0 0 0 94 10 0 0 0 33 0 0
0 0 0 0 76 0 7 41 0 73 0 0 0 7 0 29 0 0 0 0 67 0 0 65 0 0 0 0 0 0 14 0 0 0 0 0 25 0 0 0 87 0 0 0 6 0 3 0 0 0 0 0 0 0 0 59 92 0 0 0 74 0 77 0 0 0 0 0 0 63 0 0 0 0 0 0 0 0 0 55 0 0 0 0 0 0 0 30 0 0 0 0 11 0 0 0 98 99 0 0
0 0 72 0 0 0 96 0 0 0 0 0 0 0 0 0 63 0 99 0 0 92 0 0 0 3 44 0 56 0 0 0 98 0 0 0 0 0 0 0 0 75 0 0 79 0 31 0 0 0 0 0 0 4 80 0 97 0 23 0 0 72 0 95 0 0 0 0 0 0 0 0 0 10 0 16 50 0 0 0 0 0 0 40 0 0 0 0 0 1 22 65 0 2 0 0 0 92 0 0
0 0 0 0 0 0 23 0 0 0 0 19 8 0 0 0 0 98 86 36 0 0 0 0 0 68 0 95 0 84 0 0 0 0 0 0 0 26 0 0 34 36 71 0 0 0 0 92 0 85 0 0 4 38 15 0 0 0 0 0 0 56 0 0 0 0 62 27 0 0 82 0 0 0 16 0 0 0 27 87 54 93 3 30 0 9 0 0 68 0 0 0 0 72 0 0 0 0 0 29
0 0 0 0 0 0 0 0 0 48 0 0 81 0 0 34 22 0 0 0 0 0 0 0 46 0 0 0 0 25 49 0 100 42 0 79 2 0 0 22 0 20 0 0 0 0 0 0 88 0 0 0 0 60 0 27 20 0 0 16 80 72 91 0 43 0 0 0 7 0 0 94 98 28 0 99 0 0 0 0 73 0 0 0 0 0 0 0 28 0 0 0 0 0 30 100 100 0 0 0
0 0 0 0 0 0 0 0 0 0 0 0 0 0 0 0 0 73 0 0 0 0 0 83 0 0 0 0 0 0 0 0 0 48 0 0 0 0 49 0 0 0 0 0 0 0 0 0 0 0 0 0 0 0 0 0 0 0 0 0 23 0 0 5 0 53 0 0 0 0 0 0 0 0 0 0 0 0 0 0 15 0 0 0 0 50 0 0 75 30 0 0 0 0 0 0 0 76 0 7
0 0 0 0 0 0 0 0 0 49 0 0 0 0 0 0 34 0 55 41 99 0 1 0 25 0 0 0 0 0 0 0 0 0 8 0 0 0 0 0 0 49 0 0 87 0 0 100 0 0 0 93 0 0 0 0 0 0 41 0 0 0 12 0 17 0 7 0 0 48 0 0 0 0 0 0 0 0 88 0 7 0 0 0 3 17 47 0 55 83 0 0 0 0 0 0 0 0 82 0
0 0 70 0 80 0 0 0 0 0 0 0 0 0 0 0 0 0 0 0 0 45 0 0 40 0 0 70 0 0 0 62 0 0 0 0 0 0 26 0 0 39 0 0 98 0 51 0 51 0 0 0 0 13 0 0 0 0 0 0 0 0 0 38 0 0 42 0 32 0 61 65 0 0 0 0 0 0 0 97 0 41 0 100 0 0 0 61 0 0 0 0 0 0 0 80 0 0 0 41
0 0 0 90 0 0 2 0 0 0 0 0 0 26 0 0 0 0 33 0 26 70 71 0 0 40 31 0 71 0 24 0 0 0 0 13 49 0 1 0 7 0 7 54 78 0 41 93 68 0 93 0 0 0 0 0 16 0 0 0 0 0 0 0 0 65 51 82 67 0 0 0 0 86 0 50 24 4 0 96 0 0 23 0 48 0 0 0 0 5 0 0 12 0 0 0 0 0 40 0
0 92 0 38 96 30 0 0 0 0 0 0 0 0 0 0 0 91 83 0 0 66 0 0 24 0 0 0 0 0 0 0 99 50 0 0 0 0 0 0 0 0 0 0 0 0 15 0 0 0 0 2 0 0 0 0 0 0 0 0 0 37 45 0 0 89 0 0 0 93 68 0 0 0 0 0 0 0 0 0 50 0 48 33 0 0 0 0 60 43 0 50 0 45 0 0 32 0 0 0
0 13 0 0 0 0 0 0 57 0 0 0 0 0 0 0 0 0 0 0 0 79 0 0 0 0 0 0 0 64 0 0 44 0 0 0 0 0 75 0 0 0 0 46 68 0 0 93 0 0 56 0 0 0 48 0 0 0 25 0 21 0 0 73 0 0 0 0 0 0 20 0 0 0 0 0 0 0 65 53 0 84 3 6 42 0 0 0 9 71 0 0 0 0 0 95 0 0 0 0
0 0 0 68 0 56 96 0 0 0 0 0 77 0 0 0 0 0 64 0 0 0 0 0 0 0 0 0 80 0 0 0 0 0 0 59 84 0 72 0 0 0 0 0 0 72 0 0 0 0 0 0 7 2 26 0 0 0 0 0 0 84 4 0 0 0 0 0 0 0 48 62 13 0 0 0 0 65 92 0 35 0 0 0 0 46 63 0 0 0 53 0 42 0 0 0 0 0 0 0
0 9 0 0 0 0 0 0 13 0 0 49 0 0 0 0 0 0 87 63 0 0 0 0 79 0 0 0 0 0 36 94 0 0 0 0 0 0 90 0 42 78 0 0 0 0 61 0 0 0 60 0 0 0 91 0 0 0 0 0 11 2 0 0 0 0 0 0 0 0 0 0 0 0 55 47 46 0 3 0 2 50 0 80 92 81 0 0 0 0 0 0 0 0 0 0 0 0 0 0
57 0 0 0 0 0 79 0 0 34 0 0 0 72 0 86 0 0 0 0 0 0 78 43 14 0 0 0 0 0 0 0 0 0 0 44 0 0 0 0 0 0 0 0 0 0 0 61 0 0 0 0 34 0 0 4 62 0 0 51 0 0 0 0 0 30 11 37 0 0 9 67 96 0 0 0 0 0 0 0 0 0 0 0 78 3 0 3 65 0 0 0 0 0 0 0 0 0 18 0
0 13 0 0 75 0 0 0 0 21 0 0 96 0 96 0 0 0 0 0 0 0 0 0 0 89 36 0 0 0 42 0 0 45 0 0 58 85 9 0 0 0 0 0 90 0 0 16 0 0 0 1 0 0 0 0 0 13 71 13 0 0 0 57 0 0 0 85 67 0 81 0 0 87 0 0 22 0 80 0 0 0 0 62 12 0 0 0 0 0 87 47 44 0 92 0 0 94 37 0
0 84 0 0 0 0 0 0 0 0 52 0 28 22 0 100 0 0 0 0 0 32 0 0 0 82 0 0 0 0 0 0 0 0 0 0 0 0 46 0 0 65 6 0 0 0 17 48 0 0 0 0 0 0 0 0 0 73 0 0 0 0 53 0 0 0 0 0 18 0 44 0 0 0 0 0 0 2 0 68 0 0 0 78 32 81 0 0 0 77 0 0 27 65 0 5 0 0 0 0
91 0 0 0 0 0 0 0 0 0 0 8 0 0 0 19 0 0 0 0 0 0 78 0 0 0 0 0 0 0 0 0 0 0 0 0 0 0 0 0 0 0 52 0 0 55 0 0 0 4 57 0 0 0 58 0 99 17 0 77 0 28 9 0 0 39 0 0 0 0 0 37 0 0 0 0 0 0 70 26 0 50 34 0 0 56 0 91 0 0 0 99 11 0 14 0 0 0 0 0
0 34 0 0 0 0 0 0 0 0 0 25 0 4 39 0 0 0 21 0 0 0 0 72 0 0 0 0 48 6 0 18 0 0 97 0 0 20 0 53 0 0 66 0 0 0 0 0 0 0 0 0 0 0 43 0 0 0 0 49 0 62 0 0 0 0 0 0 0 0 0 0 0 0 0 67 0 23 0 3 0 0 0 0 70 0 18 0 22 0 0 45 0 0 0 66 0 0 0 0
0 74 34 0 0 0 39 0 0 0 76 0 0 96 0 0 0 67 0 0 0 63 11 0 0 82 0 0 0 85 0 0 0 0 0 0 63 35 78 0 0 0 0 0 0 0 0 28 0 70 29 0 0 0 0 0 82 55 0 0 0 13 45 74 0 64 0 54 45 50 0 0 0 0 0 0 0 0 0 0 0 0 0 0 0 0 0 0 0 88 0 0 0 0 52 35 0 0 0 43
0 0 12 38 0 4 0 47 0 75 51 0 0 0 0 0 0 96 56 0 0 0 0 21 10 78 0 24 0 0 0 54 0 0 0 0 98 0 0 0 0 0 64 0 0 0 0 24 0 0 14 0 3 0 0 0 17 0 0 0 46 0 61 0 0 0 0 51 0 0 0 0 91 0 67 0 50 0 0 0 16 71 0 0 0 0 0 22 0 0 4 0 0 0 0 0 0 0 58 0
94 0 0 0 32 0 3 0 0 0 0 0 0 0 0 16 0 0 0 83 51 40 0 0 0 58 69 0 0 82 0 0 45 0 0 0 0 0 0 0 0 0 0 0 0 0 41 71 0 0 14 0 40 0 0 0 0 99 0 97 0 0 72 0 0 73 0 0 0 50 85 35 0 0 85 0 6 0 0 0 89 0 16 0 18 0 0 0 0 60 0 0 0 0 0 0 65 0 2 0
29 0 0 0 0 0 0 0 0 0 53 69 0 0 0 0 61 0 50 0 0 0 0 0 20 5 95 75 27 0 0 0 0 96 0 42 96 0 0 0 42 0 0 0 0 22 0 0 0 0 0 0 0 0 0 0 0 0 0 0 0 18 0 0 0 0 57 0 0 0 7 0 0 0 0 82 0 9 0 0 0 89 0 0 0 0 0 0 30 33 85 0 0 0 0 0 0 0 0 0
0 40 0 0 0 0 18 0 0 68 0 0 0 0 22 0 0 0 0 0 0 31 0 0 19 0 92 0 0 0 0 0 0 89 0 0 0 0 84 0 0 0 0 0 0 0 0 60 0 0 0 0 0 0 0 9 52 0 0 0 0 0 0 57 0 55 6 0 14 57 34 0 0 0 0 0 0 0 0 88 0 0 21 0 0 0 0 0 0 0 0 0 0 0 0 0 86 0 0 37
35 16 0 0 0 0 0 0 5 23 0 59 0 0 0 90 0 0 0 0 0 65 0 0 0 0 4 94 41 0 37 0 0 0 39 0 0 0 41 0 0 0 0 0 0 0 0 0 0 65 0 0 0 0 0 0 0 0 53 0 0 0 42 48 0 0 0 0 0 37 0 0 0 87 0 0 0 0 33 0 0 0 0 15 82 0 0 0 0 0 0 0 0 0 0 0 0 0 93 0
0 46 0 0 0 0 0 0 0 0 0 0 0 4 0 0 0 0 0 0 19 1 61 91 0 0 0 0 0 0 0 0 0 0 78 95 17 0 0 0 0 0 0 0 0 0 85 0 0 61 38 0 0 0 0 0 0 0 0 0 0 0 0 0 0 22 47 0 0 62 0 0 0 0 91 0 0 0 0 100 0 0 0 15 0 0 84 0 22 0 0 0 0 0 9 0 67 0 0 0
0 0 0 0 90 63 0 0 0 44 0 0 58 0 30 0 0 0 0 0 0 0 0 35 0 0 0 0 0 1 34 8 0 73 0 0 0 0 8 0 0 0 0 0 0 0 0 77 0 10 0 0 0 0 0 0 0 1 0 82 0 0 0 0 0 0 0 0 0 0 45 0 18 0 62 86 24 20 0 0 0 0 0 39 0 0 0 0 0 0 58 0 0 14 0 34 0 0 38 0
0 0 0 0 0 0 0 0 0 0 0 6 0 77 0 0 0 0 82 0 0 0 0 0 0 44 0 64 0 0 0 0 0 24 0 59 69 96 2 0 73 55 0 52 0 0 43 0 0 0 0 0 0 0 3 0 0 0 0 0 0 0 0 0 0 0 0 68 0 0 0 29 0 8 0 28 0 0 0 0 0 0 0 0 0 0 0 0 0 0 0 0 0 0 80 0 0 0 0 0
38 0 0 0 0 21 8 0 0 0 0 73 0 0 59 59 0 0 0 0 0 0 0 0 0 20 0 0 0 0 0 0 0 0 65 0 0 0 88 0 0 14 0 0 0 0 0 0 0 0 4 0 91 9 0 0 33 0 0 0 0 0 0 85 0 0 0 0 0 0 97 85 0 0 0 0 0 0 0 0 0 0 0 0 0 58 82 44 0 0 17 0 0 85 0 0 10 0 0 0
0 0 0 0 0 0 0 0 0 0 0 0 0 0 36 0 0 0 0 69 0 0 0 93 0 0 0 97 24 14 0 0 61 0 0 0 36 80 0 0 0 0 0 0 0 0 52 0 6 0 0 0 0 0 0 0 0 0 0 87 0 0 0 0 91 0 0 0 0 0 0 0 37 0 0 0 82 0 0 0 93 0 0 0 0 0 1 0 0 31 0 65 0 0 87 82 59 0 0 0
0 13 0 0 0 0 32 0 0 0 44 0 0 0 0 0 0 0 20 0 3 0 0 0 0 0 0 0 0 0 0 0 0 49 0 0 0 0 48 0 0 0 0 0 0 58 0 0 0 0 0 0 0 0 0 0 0 0 0 0 0 45 56 0 0 0 0 50 0 0 0 0 0 0 0 58 81 80 0 0 60 0 0 0 51 0 0 93 74 0 0 0 0 0 78 0 30 0 0 0
0 70 0 0 0 0 0 91 39 16 60 0 0 0 24 0 60 0 0 0 0 0 64 0 0 0 0 0 100 0 0 0 93 0 0 0 25 97 0 0 0 99 0 0 10 21 0 0 0 0 0 0 0 0 0 46 0 0 15 0 0 0 0 43 23 11 0 18 0 71 0 0 0 0 0 0 0 0 0 0 0 0 0 63 93 0 0 0 0 0 0 27 86 0 0 25 0 0 0 58
0 0 0 71 0 0 0 0 0 38 0 30 0 12 4 2 93 59 0 0 0 0 32 99 0 0 0 0 0 0 0 0 0 0 48 0 13 0 0 0 0 0 0 0 0 0 0 0 86 0 0 0 0 0 0 0 0 0 81 83 0 0 0 0 0 0 0 0 0 0 0 0 29 0 0 0 0 0 0 0 51 0 31 0 0 0 0 0 0 0 0 0 0 0 0 0 0 0 0 0
83 0 68 63 0 0 0 0 0 0 0 0 0 0 0 0 0 0 9 0 0 0 0 0 0 0 0 0 0 88 0 0 0 0 28 0 0 0 0 0 92 0 0 58 0 0 0 0 0 88 90 11 23 0 65 94 0 0 9 91 0 0 0 0 0 0 54 0 0 0 0 0 0 0 0 0 0 1 14 0 0 0 0 0 0 0 0 0 41 0 0 0 0 0 0 0 0 0 38 26
0 0 69 0 0 93 0 0 5 90 0 74 0 60 96 0 0 0 79 0 0 14 0 46 0 0 0 0 0 22 0 0 19 0 0 0 0 0 0 39 0 0 0 0 68 0 0 29 0 60 0 1 0 0 0 16 64 0 0 0 69 0 0 0 0 83 0 0 39 0 66 0 0 0 0 0 88 0 0 93 21 0 0 0 0 0 0 0 0 0 0 27 0 0 0 5 0 0 0 0
0 0 0 0 0 0 0 0 0 0 0 0 0 50 0 0 35 0 35 0 0 80 0 19 0 75 0 0 0 0 0 2 0 0 24 0 0 67 0 0 0 0 0 0 39 0 34 0 0 0 0 0 49 0 0 0 0 0 0 0 85 27 0 0 0 33 0 0 0 0 0 0 71 0 1 0 0 0 0 0 85 19 0 0 0 50 86 87 56 0 0 0 0 0 0 0 0 0 0 0
0 0 70 0 0 0 0 0 0 0 0 0 21 0 13 0 0 0 0 40 0 0 0 0 0 0 91 0 0 0 0 0 0 0 0 5 0 0 0 39 0 0 0 76 0 87 0 56 0 0 0 0 0 0 76 0 0 2 0 19 65 0 14 0 79 0 69 11 38 0 67 0 5 0 0 59 0 0 66 0 0 0 0 0 96 0 11 85 0 70 0 0 0 37 0 0 0 0 0 0
0 0 0 0 0 20 0 0 55 0 82 0 0 0 0 0 0 77 0 87 0 48 0 0 100 0 0 42 0 0 0 30 0 33 0 44 82 0 72 0 89 93 0 23 0 0 0 0 0 0 62 0 0 1 90 0 0 0 68 0 0 0 0 0 8 0 0 0 28 0 59 0 19 0 0 0 0 0 0 0 0 0 0 57 0 62 0 0 17 14 0 66 0 0 24 0 0 0 0 96
86 0 0 0 5 0 0 0 92 0 43 0 2 66 29 0 0 0 16 0 0 91 0 0 0 0 0 67 0 0 0 0 0 0 68 0 91 0 0 0 0 0 51 0 0 71 65 0 0 25 0 0 0 0 0 0 81 26 0 0 0 0 0 0 0 0 95 0 0 75 0 0 0 0 0 0 33 0 90 17 0 0 0 0 10 0 52 0 49 0 13 0 76 0 8 0 0 0 0 0
0 0 0 0 17 0 0 0 0 0 7 86 6 0 0 0 45 64 0 92 0 4 0 0 0 0 0 60 0 34 0 0 0 0 0 0 97 0 93 14 0 0 0 0 0 0 0 44 55 0 0 0 0 0 0 0 0 6 0 0 0 0 0 74 0 0 0 0 46 0 0 0 0 21 0 98 0 0 84 0 0 0 0 0 0 0 0 0 0 0 0 0 0 0 0 0 0 0 0 0
68 0 88 49 0 0 43 0 0 64 0 0 0 0 24 0 90 19 98 0 0 0 0 0 58 0 78 23 0 81 0 0 0 0 0 87 0 0 0 0 0 0 0 0 0 0 0 41 83 0 0 0 0 41 37 70 0 0 48 0 0 15 86 0 80 14 75 0 0 0 0 0 0 0 0 0 0 0 0 45 0 0 0 0 0 91 82 0 0 73 0 28 0 0 0 0 58 0 0 0
1 0 0 0 0 0 0 0 0 0 0 22 47 0 96 0 89 0 0 0 0 64 0 0 0 0 0 0 0 0 0 0 0 48 0 0 0 0 0 37 0 0 0 0 0 0 0 69 0 0 0 51 0 0 0 9 0 0 0 0 0 0 0 0 4 0 35 0 0 0 0 0 0 0 0 0 0 0 10 0 0 0 0 0 0 23 86 0 0 0 0 0 24 0 0 0 0 0 0 0
0 0 0 17 0 0 51 0 91 0 92 0 0 56 0 0 0 0 82 0 0 0 0 0 0 0 0 0 46 0 0 0 83 0 0 0 22 0 0 75 0 0 0 53 69 41 0 95 32 53 0 0 0 80 0 0 0 15 0 0 0 0 0 0 0 0 32 40 0 0 84 19 0 0 20 0 0 0 0 60 0 0 33 64 19 0 0 0 0 0 0 0 0 0 0 0 0 0 79 0
0 0 0 0 0 4 0 11 0 0 0 0 0 0 0 0 0 5 0 0 53 0 0 0 0 0 0 0 0 22 0 76 53 82 0 46 0 0 0 35 0 0 30 29 50 29 0 0 0 0 0 0 34 0 0 0 0 0 0 0 0 0 0 0 0 0 0 0 0 97 0 63 0 0 0 0 0 0 0 0 0 0 37 57 0 0 0 0 0 0 0 0 31 0 0 53 0 0 0 98
0 0 0 0 18 0 0 0 0 0 52 0 0 0 0 0 0 70 0 33 0 0 0 0 0 0 0 24 0 0 0 76 92 0 0 0 0 0 0 0 0 0 94 0 86 88 0 0 82 0 0 0 0 0 0 0 52 0 0 0 58 0 0 17 0 0 11 0 0 0 0 0 0 0 0 93 0 0 0 32 0 0 0 0 0 31 0 0 59 0 0 0 0 0 30 0 0 32 52 0
0 0 0 0 0 0 0 0 0 0 0 0 0 0 0 0 0 69 0 0 0 50 0 0 3 0 0 26 0 0 82 0 34 0 0 0 0 0 0 0 0 0 0 50 87 0 55 74 25 0 0 0 0 60 0 0 0 50 0 94 0 5 0 98 0 0 29 0 0 0 0 0 0 91 0 0 0 0 0 52 0 0 0 0 73 68 0 0 0 0 88 0 0 0 0 0 0 0 0 0
0 0 61 0 100 0 50 0 35 0 0 0 0 0 0 41 0 0 54 0 41 47 0 0 0 0 83 0 5 0 39 0 0 0 0 0 0 0 53 0 68 0 0 35 0 0 68 0 0 0 0 0 0 69 0 0 100 0 0 0 0 0 0 0 0 39 0 0 0 0 0 0 0 0 0 91 0 46 0 0 0 0 0 0 0 0 0 0 0 0 0 0 0 0 0 0 24 0 0 0
0 0 0 0 0 73 30 66 71 0 0 0 98 28 0 11 0 0 0 15 49 0 0 0 0 0 0 33 0 0 0 0 0 0 0 0 0 0 0 0 0 85 0 0 65 0 43 93 0 0 0 0 55 0 85 17 0 14 0 0 80 0 52 0 0 0 0 0 4 0 0 0 0 0 45 0 0 0 0 0 68 0 0 0 0 0 53 0 0 0 0 17 0 0 0 82 0 0 0 0
0 34 40 61 0 0 0 34 0 0 0 0 67 0 0 0 92 0 95 26 0 99 92 0 0 0 0 0 0 0 0 0 88 0 88 0 0 26 61 0 8 32 0 0 85 0 0 0 0 0 15 77 0 79 0 0 0 0 0 27 0 0 0 73 0 0 25 0 0 0 0 0 0 0 0 0 0 0 0 1 0 0 0 0 0 0 0 35 0 0 0 0 3 0 44 0 0 0 0 0
0 0 0 0 9 58 0 62 19 0 0 0 0 45 0 19 0 0 0 0 0 61 0 0 0 0 0 0 0 0 0 0 0 0 0 59 22 0 0 0 0 31 0 0 0 0 22 0 0 0 51 0 0 13 77 0 0 0 92 0 0 86 0 0 0 0 0 10 0 0 0 0 0 0 0 0 35 0 0 0 0 0 0 0 0 0 0 95 0 94 46 81 0 0 0 0 0 21 0 0
35 0 0 39 0 0 0 2 0 0 0 34 0 85 0 0 0 0 0 0 0 0 0 0 73 0 0 20 0 7 0 0 0 0 0 0 0 61 40 0 0 0 73 0 0 0 0 53 0 0 0 0 80 0 71 0 0 0 0 0 0 0 0 0 0 0 0 0 0 0 0 0 21 0 0 0 0 0 0 74 0 43 0 80 0 0 0 0 57 49 0 0 0 0 0 0 85 0 0 46
0 0 84 0 0 0 0 0 0 0 0 0 0 0 14 0 0 0 10 0 9 0 50 0 0 0 0 0 0 0 0 0 47 0 0 0 0 28 0 0 0 0 0 0 0 27 0 0 0 0 0 0 49 15 0 95 43 0 50 0 0 4 0 0 0 0 30 0 0 0 0 0 0 0 8 0 0 0 0 0 0 0 0 86 0 77 0 0 0 0 0 10 0 0 82 0 0 0 0 1
0 100 0 0 0 0 0 0 0 0 0 0 0 0 0 10 53 0 0 0 0 0 0 70 66 0 0 85 0 0 0 0 0 0 58 0 0 0 0 0 23 0 0 0 19 91 0 0 62 0 0 0 0 0 76 0 79 0 0 0 0 0 0 0 0 0 0 56 0 0 0 63 0 0 62 0 0 11 0 75 0 0 0 93 98 82 0 4 0 15 0 0 0 0 0 0 0 0 0 65
0 0 0 74 0 0 0 0 0 0 0 35 0 22 68 0 0 0 0 66 28 0 0 0 0 25 0 24 0 0 0 71 0 0 0 0 13 0 0 14 30 0 47 0 0 20 0 0 0 10 0 0 0 0 0 0 56 0 26 0 0 0 0 70 0 0 9 0 0 96 0 0 0 0 0 0 41 0 3 26 0 0 0 0 0 93 0 0 81 0 0 49 0 0 0 0 55 0 0 55
0 32 43 95 0 0 9 0 0 0 0 0 0 0 0 0 65 98 0 0 0 4 0 0 0 0 51 91 0 11 0 0 0 0 0 0 0 0 0 0 0 26 29 0 0 0 0 0 0 0 0 63 0 46 0 17 24 0 0 31 98 0 59 0 53 66 0 0 0 0 0 0 0 0 0 0 0 0 0 0 0 0 0 0 60 0 0 0 0 0 25 0 0 0 35 0 87 0 0 76
100 0 0 53 84 0 0 0 10 0 0 86 0 0 62 0 0 18 0 0 0 0 0 0 0 0 21 0 0 42 0 0 0 0 85 0 0 0 0 0 0 0 0 0 48 46 0 0 12 0 0 0 0 0 31 0 0 40 0 0 0 0 0 0 0 0 28 32 52 77 0 0 46 0 0 0 0 49 84 0 87 86 0 0 47 0 11 0 56 0 0 99 0 0 78 0 0 0 0 0
57 0 0 0 0 96 0 0 0 32 0 0 0 0 0 0 0 0 0 0 46 29 87 0 0 0 0 62 42 0 88 0 0 0 73 0 96 21 0 0 0 0 0 49 0 0 0 0 0 0 0 25 66 0 0 0 0 0 0 42 0 0 100 0 0 6 0 0 42 0 10 0 0 6 47 0 0 0 93 31 0 0 0 0 0 0 42 0 0 0 0 0 0 0 0 91 0 0 0 0
0 96 0 0 0 0 0 0 75 0 0 38 0 0 0 0 0 0 0 53 0 89 0 21 0 0 16 86 0 0 0 0 58 0 0 0 0 72 0 0 70 0 0 0 0 0 0 0 0 2 0 0 0 0 47 0 0 36 0 0 0 83 0 0 0 0 72 0 0 18 0 0 0 36 0 85 0 0 0 99 0 0 0 0 0 0 0 14 0 0 0 70 0 0 0 90 0 0 65 0
14 0 0 20 27 0 0 0 0 0 0 0 0 0 0 0 0 0 0 0 77 59 52 26 59 0 0 0 0 0 0 0 69 35 0 0 0 95 0 0 59 0 62 0 0 66 0 0 0 35 0 0 0 0 0 0 0 32 0 0 0 0 0 0 0 0 0 0 0 50 0 0 0 81 16 0 0 0 0 0 0 0 0 0 0 0 0 0 0 0 0 0 0 0 55 12 0 3 0 71
0 21 0 0 0 0 0 0 0 0 0 0 0 0 0 0 0 0 26 4 25 35 0 0 0 0 0 0 2 0 8 0 0 28 0 19 71 0 0 0 0 0 0 0 0 0 0 0 49 48 0 0 0 0 0 0 0 46 0 0 0 0 0 0 0 12 43 6 0 0 0 0 0 0 0 0 34 0 0 0 0 0 25 52 95 0 0 0 0 0 0 0 0 0 0 76 0 0 92 0
7 0 0 0 0 0 0 0 0 0 0 0 0 0 0 0 0 99 68 0 0 68 10 0 0 0 0 0 0 0 0 9 0 0 0 86 0 0 0 75 0 0 0 0 0 81 0 0 0 71 0 0 0 35 0 0 0 0 84 0 0 90 0 0 0 0 0 0 0 68 0 0 40 0 0 65 0 0 91 63 0 0 97 0 0 0 0 0 0 27 0 0 0 0 61 13 89 0 49 0
0 0 0 2 49 0 0 24 0 0 5 57 0 0 0 0 0 0 0 25 0 0 47 97 0 0 0 0 0 0 0 0 0 0 0 0 0 0 0 0 0 0 19 0 0 0 0 0 0 0 0 99 0 0 0 0 72 0 0 0 0 0 0 0 56 0 0 71 0 0 0 0 0 0 96 0 0 0 0 0 0 0 0 28 0 0 0 3 74 89 0 0 0 0 0 0 0 0 0 37
0 0 0 86 0 0 0 0 0 84 0 0 51 0 0 83 0 0 0 31 0 0 0 0 0 0 0 0 0 3 0 66 0 87 65 0 0 0 0 56 0 38 41 0 0 0 0 0 0 0 53 45 0 0 60 0 0 0 0 0 0 0 0 0 0 12 0 0 0 0 0 24 51 0 0 0 21 24 0 0 0 0 0 0 0 0 0 0 0 0 0 0 0 1 0 0 0 0 0 0
0 0 0 0 0 0 42 0 0 19 10 0 76 0 0 63 81 57 0 0 0 0 0 0 0 0 0 0 76 0 0 0 39 0 0 0 0 0 0 50 0 0 0 0 0 0 0 42 0 0 0 83 0 37 23 0 0 0 0 76 52 0 0 6 0 0 0 0 0 44 0 0 56 0 0 0 3 0 73 0 0 0 0 0 0 52 0 0 0 0 0 0 0 0 43 59 0 47 0 0
0 0 0 0 0 42 0 0 0 66 0 0 0 0 0 0 0 47 0 0 0 78 0 0 0 0 0 36 0 0 0 0 0 0 0 0 0 0 0 0 0 31 0 43 0 0 0 0 0 42 0 91 0 0 0 0 0 82 59 0 0 0 62 0 0 0 0 28 0 83 0 0 9 75 0 0 0 0 0 0 0 0 0 0 0 29 0 0 88 0 0 0 0 14 0 67 8 100 0 78
32 0 0 0 21 95 0 0 0 68 0 0 0 100 0 0 0 0 40 0 8 0 34 0 0 0 0 0 0 0 0 0 0 0 0 77 83 8 0 0 60 0 86 0 0 0 0 0 65 0 93 0 0 0 0 53 0 0 5 77 0 13 0 0 44 0 28 0 5 0 0 0 0 0 0 18 0 0 0 0 1 0 0 0 0 0 0 0 0 83 0 0 9 0 0 26 0 0 0 44
0 0 0 0 85 0 0 0 0 47 34 0 0 69 0 0 0 0 0 0 22 32 0 0 38 0 0 0 0 0 28 0 0 94 0 0 0 40 0 0 0 0 0 99 0 0 0 41 0 0 51 41 0 0 70 0 0 0 84 0 11 0 0 0 0 0 69 0 0 0 0 0 0 0 0 0 0 0 86 0 0 0 0 19 0 0 0 0 0 0 67 0 0 0 93 0 0 82 0 0
0 67 0 0 60 0 0 0 0 0 0 0 0 15 99 0 0 0 0 0 0 0 0 0 0 32 83 0 41 0 0 85 0 0 0 0 41 0 0 98 0 0 0 0 0 0 93 0 0 0 0 0 0 0 75 87 30 56 0 0 0 0 0 95 0 18 0 0 43 0 0 70 0 0 3 0 0 0 97 14 0 0 81 0 0 0 0 0 0 26 52 87 0 0 26 0 0 0 91 52
0 0 0 0 0 0 0 0 0 78 71 0 0 0 0 0 0 42 0 0 0 0 0 0 0 59 0 49 57 0 0 0 0 0 0 0 0 0 0 0 0 74 94 0 0 0 0 69 0 0 0 0 21 0 0 20 0 72 0 0 0 66 0 0 0 0 84 0 63 0 0 0 0 5 0 0 97 0 0 0 0 0 49 0 71 0 0 63 0 91 20 0 35 86 61 0 0 0 24 55
0 0 14 0 0 0 0 0 0 82 87 0 0 28 0 0 0 64 23 15 0 0 90 49 0 0 31 0 0 69 0 0 0 0 0 3 0 0 97 0 0 0 0 0 68 97 0 0 71 0 0 22 48 0 0 0 0 0 0 93 0 0 82 0 0 21 0 0 8 0 0 0 0 0 0 0 0 0 0 0 29 0 0 0 0 0 0 0 0 0 72 0 0 0 0 55 0 0 12 0
0 0 0 0 79 0 0 33 0 37 0 72 0 0 0 0 94 0 30 0 0 0 0 0 0 0 0 15 0 0 0 0 0 34 0 0 0 0 0 0 0 0 0 0 23 0 39 0 0 0 16 6 11 0 0 0 0 0 42 0 44 0 84 0 0 49 0 0 72 0 0 0 57 62 0 16 0 0 0 0 0 0 0 14 0 64 0 15 0 0 0 0 0 0 0 0 0 0 70 68
0 0 9 0 0 0 30 0 16 0 43 0 0 0 0 0 74 0 0 78 0 0 83 0 0 0 54 0 0 0 0 0 0 0 0 0 0 35 0 63 21 0 0 0 0 0 96 0 0 0 0 0 74 0 0 3 0 0 0 0 0 0 0 0 0 0 74 48 0 0 0 0 0 0 80 44 60 0 46 0 21 0 0 0 0 0 0 0 76 0 0 0 88 0 0 0 86 0 0 0
95 0 0 0 0 0 13 0 6 0 0 0 43 24 0 0 82 0 0 55 71 0 0 0 0 2 0 100 6 0 0 65 0 94 0 0 0 0 0 0 43 0 46 0 2 0 0 0 0 99 0 0 31 0 48 0 0 0 0 0 0 0 0 0 67 20 0 36 0 0 0 0 49 0 37 0 39 0 28 0 0 0 70 0 0 0 0 0 0 0 0 0 0 3 0 0 0 0 0 0
0 0 18 86 0 100 0 74 0 0 0 0 0 0 0 40 0 0 0 0 0 17 0 70 0 0 0 56 12 31 0 0 0 0 14 0 0 0 0 0 14 0 0 0 0 0 0 0 42 0 34 32 13 70 0 0 0 0 0 0 0 0 0 55 89 0 0 0 0 0 0 0 0 0 0 0 0 55 0 44 99 0 0 0 30 0 0 0 0 58 0 0 0 0 0 0 0 0 0 0
30 15 0 0 0 0 0 0 54 79 0 30 0 0 0 0 0 0 50 0 0 0 0 27 0 0 0 74 0 53 0 0 0 57 0 0 66 0 0 0 0 78 0 0 0 7 0 28 0 0 66 80 94 23 0 0 0 0 0 54 0 0 0 0 0 90 0 0 0 0 0 30 0 0 34 0 0 0 0 0 0 0 3 0 0 0 22 28 0 0 74 0 1 0 0 0 55 0 0 85
46 0 0 0 0 0 30 0 0 60 0 0 0 0 0 0 0 54 0 0 0 62 0 0 0 0 0 0 0 0 0 3 15 61 0 0 0 0 39 0 0 0 0 0 0 0 49 0 0 91 0 20 0 0 36 0 0 62 0 0 0 70 0 0 0 91 0 74 0 0 0 10 0 42 0 0 66 0 0 0 0 46 1 0 0 51 0 0 83 0 0 0 0 0 0 0 0 83 0 0
0 45 0 0 46 64 0 48 0 0 0 0 0 0 0 0 0 0 81 0 71 0 0 0 0 0 0 0 0 3 0 0 49 33 17 63 0 0 0 0 0 0 0 0 0 5 85 0 0 22 0 0 83 2 0 0 0 0 0 0 0 0 0 0 0 0 0 0 0 0 0 0 0 0 0 27 0 0 0 0 22 0 0 0 0 0 0 0 82 0 83 0 0 89 0 0 0 0 64 0
15 0 36 0 0 0 0 0 0 87 0 9 31 0 37 0 0 0 0 0 5 0 22 19 0 0 0 0 0 63 0 0 0 0 0 0 39 0 0 0 0 0 88 0 0 0 0 0 0 48 0 0 0 0 34 0 22 86 0 0 0 0 44 59 0 45 0 0 0 0 10 0 0 0 69 67 78 5 0 0 0 69 0 0 0 0 0 6 0 14 0 0 92 0 0 0 0 0 0 0
0 0 0 0 0 0 0 64 0 0 78 0 0 0 35 0 0 0 0 0 0 0 0 0 0 0 0 0 0 0 0 63 0 0 18 0 0 20 0 0 0 49 0 0 0 0 0 0 36 90 31 69 0 0 15 0 30 0 0 69 34 0 99 0 0 0 0 0 0 0 0 0 0 0 0 0 0 0 0 0 0 0 0 0 13 0 5 0 0 0 72 0 55 0 0 0 0 62 0 0
0 0 0 0 62 34 90 0 0 4 55 53 0 0 0 0 0 71 0 0 0 90 0 0 97 77 0 0 90 0 0 0 98 0 0 64 0 0 42 85 0 0 84 0 0 0 93 0 0 0 28 66 0 16 0 0 0 0 99 0 0 0 29 0 0 14 0 0 37 0 0 0 0 0 85 8 0 0 49 0 0 62 0 0 0 0 0 0 0 0 0 0 0 62 19 56 0 0 0 0