100
0 0 0 0 0 0 0 0 100 0 83 0 0 0 0 0 0 0 72 90 0 0 0 40 0 38 0 0 17 0 26 0 0 42 0 0 0 0 0 0 0 0 0 81 0 84 0 0 0 58 0 0 0 0 41 0 0 0 0 0 0 0 0 27 63 0 0 96 0 34 0 0 0 0 0 0 0 64 0 0 0 0 0 5 0 0 21 0 0 0 0 0 0 0 0 0 0 0 0 0
7 0 0 0 0 0 0 0 0 53 0 0 0 0 0 0 0 63 0 71 50 0 19 0 0 0 0 21 14 0 0 0 55 0 51 0 0 0 9 0 0 69 0 0 0 59 0 0 100 23 0 0 0 0 0 0 32 0 0 0 0 0 0 21 0 0 0 0 0 0 0 0 0 0 14 0 67 0 0 0 0 0 0 0 0 0 0 0 0 38 0 0 0 0 0 0 0 0 0 91
45 0 0 0 65 0 0 0 0 0 0 12 0 0 0 0 0 0 0 0 37 4 0 0 73 0 0 0 0 15 39 0 0 44 0 0 60 0 0 21 0 0 34 0 0 0 46 0 0 0 0 0 0 0 0 72 0 0 0 39 0 83 0 0 0 0 0 0 0 0 0 12 89 49 0 0 17 54 0 0 0 0 0 0 0 0 0 0 0 0 61 0 0 0 34 0 54 0 0 40
63 0 0 0 0 0 0 61 35 61 0 0 0 0 0 0 0 0 0 17 0 0 0 0 0 10 0 5 0 0 0 0 0 0 0 0 17 0 0 0 52 3 0 73 0 0 0 0 0 0 0 0 61 0 0 0 0 0 0 72 0 0 0 0 6 0 0 0 19 0 54 0 87 0 0 31 21 0 0 0 0 0 0 0 0 53 0 25 26 0 0 0 0 0 0 0 0 0 0 0
48 19 0 0 0 21 0 0 0 0 0 0 0 0 0 0 0 37 0 0 0 0 0 0 0 0 0 0 0 64 0 60 0 32 1 0 0 0 57 91 66 0 0 0 0 0 47 0 0 86 93 0 0 0 0 0 0 0 0 0 0 35 0 4 11 0 76 19 0 0 0 0 0 0 0 98 90 0 2 0 0 68 0 0 84 0 0 0 0 0 0 26 0 0 0 0 0 0 22 0
0 0 11 0 0 0 0 0 0 0 0 0 65 0 0 21 0 0 0 0 0 0 18 0 0 0 0 0 0 0 0 0 0 0 0 0 0 0 33 7 0 99 0 14 35 0 0 0 0 0 0 0 0 0 0 0 0 0 0 0 0 0 0 0 0 0 0 94 83 0 82 5 99 0 0 0 3 0 0 66 55 50 0 0 0 31 0 0 0 0 0 0 0 0 0 0 92 0 0 0
0 0 0 0 0 0 0 72 0 0 0 0 0 0 0 0 0 0 0 0 0 0 0 61 0 100 0 0 48 0 0 0 0 0 0 0 0 0 0 0 0 0 0 0 0 0 0 0 0 0 0 50 0 0 0 0 0 0 0 0 0 0 0 0 0 0 82 0 0 13 0 0 0 0 0 0 0 0 0 0 0 0 0 0 0 0 0 0 44 0 0 0 38 0 56 0 0 0 48 0
0 0 0 38 0 33 0 0 0 0 20 8 94 0 0 0 0 62 80 0 0 0 0 97 0 46 0 0 53 0 16 0 0 0 25 0 41 28 0 12 0 0 0 0 0 0 0 0 0 0 0 0 96 53 0 0 0 0 0 0 0 83 0 0 38 0 74 0 95 0 0 0 87 0 13 0 0 0 0 0 52 0 0 0 0 0 0 0 22 0 77 0 0 0 0 0 0 0 44 0
0 0 49 0 0 0 0 0 0 0 0 0 0 0 0 0 0 54 0 0 0 0 0 3 0 0 0 0 0 0 0 0 15 0 96 0 0 0 0 0 0 70 0 0 83 0 0 0 0 0 0 0 12 0 89 29 0 0 91 29 0 0 0 0 0 0 0 0 0 0 0 12 0 52 1 83 0 62 55 0 0 0 0 0 42 0 0 53 0 0 0 0 40 6 55 0 0 86 0 0
0 0 0 0 0 0 0 0 62 0 0 23 0 0 0 96 0 0 66 88 0 36 76 0 0 0 0 48 0 0 76 0 48 0 57 90 0 47 0 0 0 81 0 0 15 0 0 0 0 0 0 0 0 67 71 0 0 0 0 0 0 0 0 0 0 0 0 81 0 0 19 79 0 0 0 0 0 0 29 0 0 24 0 0 10 0 0 0 0 91 0 96 0 0 40 0 0 0 39 0
0 0 0 0 0 0 0 0 0 0 0 0 0 0 0 89 0 0 0 38 0 0 78 0 0 73 0 0 0 0 0 0 0 0 0 0 27 0 0 0 0 0 0 0 0 0 74 0 61 0 0 0 0 61 0 51 40 92 53 0 58 30 14 0 0 29 56 0 0 0 0 0 0 0 64 0 0 60 25 67 0 0 0 55 14 0 0 95 0 0 0 0 71 0 0 0 0 0 0 38
0 0 0 0 0 0 0 0 0 30 0 0 0 0 0 0 0 0 0 0 0 0 0 0 54 6 0 11 48 0 0 0 0 0 0 0 0 0 80 0 0 12 0 0 0 0 77 0 0 7 0 17 0 0 0 70 49 0 70 0 0 0 21 0 28 0 0 0 4 0 0 0 0 0 0 0 0 0 0 83 29 0 0 0 0 32 0 91 0 0 0 0 0 0 0 0 0 0 84 0
0 6 0 0 0 0 13 0 0 0 0 0 0 0 0 58 0 0 0 15 0 0 0 51 0 0 26 0 0 0 0 0 0 0 0 0 0 0 0 0 0 0 0 2 24 0 0 0 94 0 0 0 0 29 0 0 0 0 17 15 0 0 0 0 0 0 0 0 0 0 0 82 0 82 0 0 46 0 0 100 0 0 0 0 0 0 0 0 0 0 0 0 0 0 77 0 0 0 0 0
0 0 19 0 0 84 0 0 37 0 0 0 0 0 0 0 0 0 0 0 0 0 0 0 36 2 44 89 44 84 0 0 0 31 61 50 0 0 0 38 0 0 0 0 0 0 0 0 0 0 0 96 0 0 0 0 0 0 0 0 0 0 61 85 0 0 99 0 0 0 45 96 0 0 14 0 0 78 0 0 0 68 0 0 0 0 0 77 0 0 0 0 0 39 60 0 27 90 0 0
0 43 0 39 71 65 99 0 17 0 0 61 0 55 0 0 0 18 0 0 0 0 46 0 80 0 0 68 0 0 25 0 0 65 4 0 0 0 0 0 0 0 0 0 0 0 0 0 0 0 0 92 95 0 0 0 0 0 55 31 0 0 0 0 0 0 0 0 41 67 0 87 0 0 0 0 0 0 0 0 0 0 0 86 0 0 0 0 0 0 0 4 0 57 0 0 84 13 74 0
0 0 0 0 0 0 76 0 0 0 0 0 23 0 20 0 0 0 0 0 0 4 84 0 0 0 0 0 0 0 0 0 0 0 95 55 0 0 0 0 0 89 0 0 85 0 0 0 0 0 0 47 58 0 0 0 0 0 0 0 0 0 0 0 0 0 0 0 0 0 0 0 0 0 0 0 0 80 0 0 0 0 0 0 0 83 80 0 0 26 0 89 55 60 0 0 0 0 0 0
70 0 0 0 0 0 0 0 95 0 0 0 0 0 71 54 0 0 0 0 0 4 0 0 96 0 79 74 0 0 0 0 0 0 0 0 0 0 43 0 0 20 2 0 0 0 9 0 0 0 0 38 95 0 49 0 0 54 0 0 0 0 0 81 95 0 0 20 0 0 91 0 71 96 0 0 0 10 0 0 39 0 86 0 0 0 0 63 9 79 0 0 87 0 0 45 0 67 0 84
0 0 0 0 0 0 72 0 0 0 0 86 0 0 0 0 0 0 0 0 0 0 0 0 5 0 0 0 0 0 0 18 0 0 0 0 0 66 0 45 17 0 0 0 0 8 0 0 0 0 0 0 7 0 0 0 0 49 0 0 67 0 0 0 62 0 0 0 0 0 0 0 89 0 0 0 0 0 0 0 0 0 0 0 0 72 0 0 0 100 30 0 0 13 0 0 0 0 0 56
0 0 0 0 0 0 88 0 0 0 0 0 35 0 0 0 23 15 0 0 95 0 18 0 0 64 0 43 3 0 0 0 0 0 93 0 0 0 0 0 0 0 0 0 0 0 0 0 0 64 0 0 84 0 0 0 80 0 0 0 28 69 0 25 5 0 0 0 43 0 19 0 0 0 0 0 71 0 16 31 0 0 0 0 44 0 0 0 0 0 18 0 0 0 0 6 49 0 0 0
27 0 0 10 66 0 0 0 0 33 0 0 0 37 87 0 0 0 0 0 49 0 0 0 0 0 0 0 0 9 0 0 22 0 0 37 96 3 0 0 96 0 0 0 45 0 0 0 0 44 0 0 68 0 62 0 93 14 0 70 0 0 28 92 28 46 29 0 0 0 0 0 0 0 85 0 0 0 0 88 0 0 0 0 47 88 0 0 0 0 0 27 0 0 0 0 0 0 0 89
0 0 50 0 0 97 0 31 0 0 0 53 16 0 0 0 0 0 0 0 0 37 0 0 0 19 0 0 0 0 81 0 79 0 0 0 0 0 0 0 0 76 0 0 0 0 0 30 0 0 0 0 0 0 11 0 46 0 9 73 1 0 71 0 0 10 6 10 87 0 0 0 0 0 0 61 47 0 83 18 0 81 0 57 0 0 0 0 0 0 60 0 86 0 0 0 0 0 0 66
0 0 0 0 0 0 0 0 0 72 0 0 89 0 0 49 0 4 0 0 10 0 0 3 61 64 0 0 0 0 0 0 0 0 0 0 20 0 0 0 0 0 0 0 0 0 0 14 0 0 85 84 24 0 0 0 0 0 0 0 85 0 0 0 0 0 0 0 0 0 0 40 0 81 0 0 0 0 0 0 75 0 0 0 0 0 0 17 95 0 0 55 0 0 0 0 33 51 0 48
0 78 0 0 0 0 0 0 33 0 24 0 71 0 0 39 60 0 0 0 0 0 0 0 74 56 0 14 0 0 0 0 0 0 42 0 0 0 0 0 0 0 0 0 0 0 17 0 0 0 79 0 0 0 0 0 0 0 0 0 0 83 0 0 0 0 33 0 0 0 0 0 12 0 0 92 0 0 0 39 0 0 0 0 0 0 0 84 0 0 0 0 0 0 0 77 0 0 0 0
0 0 0 0 0 0 0 0 0 0 0 0 0 26 92 0 0 0 0 0 0 0 0 0 0 22 46 0 0 0 0 0 0 0 0 0 0 0 8 0 0 0 23 21 69 0 0 0 0 0 0 0 0 0 0 0 0 14 0 0 46 2 0 0 55 0 0 0 0 0 0 0 0 0 0 0 0 9 0 0 39 61 0 73 0 0 27 0 0 0 0 93 0 0 0 0 0 0 0 0
49 51 0 0 0 0 0 0 0 0 52 40 0 0 99 0 0 0 18 0 28 0 38 0 0 0 4 31 0 0 13 0 0 0 10 0 85 0 0 0 95 15 86 21 62 26 0 14 0 51 41 0 0 2 0 0 0 0 0 0 0 53 0 30 0 0 0 0 0 38 0 0 0 84 0 55 0 0 49 0 0 0 0 0 0 0 0 0 72 0 0 76 0 0 32 90 28 0 8 0
0 0 46 0 0 0 0 0 0 0 0 0 39 0 0 48 0 0 0 0 87 0 0 100 56 0 0 0 0 22 0 0 0 0 0 0 31 0 0 0 92 72 0 56 0 0 0 0 92 0 0 0 0 0 47 0 0 0 0 3 0 0 0 0 16 0 0 36 0 88 45 6 0 0 0 0 0 0 68 0 0 0 0 0 0 0 0 0 0 0 0 0 0 0 0 49 0 0 68 0
0 0 0 0 0 0 0 0 0 0 0 85 12 47 0 89 0 0 0 24 64 0 2 0 92 0 0 0 16 0 0 0 6 39 0 0 0 57 0 0 0 0 0 0 0 0 15 72 0 0 0 0 0 72 0 0 45 0 0 70 0 0 0 0 0 0 0 0 0 0 17 0 0 0 0 0 0 0 18 0 70 0 91 87 97 0 0 20 0 83 0 0 75 0 82 0 0 68 0 0
0 0 0 44 0 1 0 0 86 0 54 0 0 89 72 0 50 0 0 96 0 0 0 83 0 0 54 0 34 14 0 0 0 0 0 0 56 0 0 0 0 0 0 0 0 0 0 19 0 0 0 0 10 50 0 8 0 0 0 0 45 0 0 0 35 0 0 0 0 0 0 31 0 0 57 0 0 0 0 41 77 0 0 0 86 0 0 0 69 0 0 50 0 0 0 0 0 0 0 0
0 0 0 0 0 0 0 0 0 35 0 0 0 0 63 0 54 0 0 0 27 0 8 53 69 0 72 0 0 0 0 0 0 0 0 0 0 0 0 0 0 0 71 0 93 0 49 0 28 0 38 75 0 7 0 0 0 0 0 0 63 0 0 0 0 0 0 0 99 0 0 0 0 0 0 8 0 2 0 76 27 25 0 10 0 0 0 0 0 36 72 66 56 0 0 0 0 92 0 0
0 0 0 98 0 0 0 0 0 96 15 0 0 0 0 0 0 0 0 61 20 0 0 0 0 15 0 46 0 0 0 0 0 0 83 53 0 0 0 0 0 0 0 0 0 0 0 0 0 0 46 0 14 38 0 25 0 0 0 91 0 0 0 0 0 0 0 0 0 0 0 0 93 0 3 0 62 5 25 0 0 88 0 0 31 0 14 0 0 0 0 0 72 0 86 0 0 6 0 36
0 0 0 26 0 0 0 0 0 0 0 0 67 0 0 0 100 0 0 0 0 0 0 49 0 0 0 0 0 13 0 73 0 0 94 0 0 0 0 34 0 6 0 0 0 0 0 0 0 0 40 27 0 0 0 0 0 0 0 0 22 94 0 0 0 80 97 0 0 0 0 0 97 0 86 0 67 39 0 0 42 0 0 0 0 0 99 0 42 0 0 0 0 0 53 97 79 0 0 0
0 0 0 0 100 0 0 62 87 0 0 0 0 0 99 0 0 86 0 0 0 0 84 74 0 21 0 0 0 0 0 0 93 0 0 0 0 83 0 25 0 5 0 0 0 25 0 0 0 0 0 6 26 0 0 50 0 0 0 0 33 0 74 0 0 0 0 87 0 0 0 48 0 0 0 0 0 12 0 0 0 44 0 61 0 92 0 87 0 0 90 0 0 13 0 0 84 20 51 79
52 0 0 0 0 0 0 0 0 0 0 0 3 0 0 0 14 0 0 0 0 0 0 63 26 0 54 0 0 0 1 0 0 0 0 28 0 90 0 39 0 0 36 0 0 0 0 0 55 91 0 0 0 94 0 0 0 97 78 0 0 0 0 16 0 24 0 0 0 0 4 0 0 0 0 0 0 92 0 99 61 82 0 0 0 40 20 0 0 0 0 60 0 0 0 0 0 0 0 0
0 0 0 0 0 0 0 68 0 0 0 0 0 0 3 89 0 58 55 0 0 90 63 67 21 0 0 98 0 0 44 0 0 0 0 0 0 0 0 0 0 42 0 0 58 0 0 85 0 0 65 0 28 0 0 83 40 68 0 0 48 0 0 0 69 0 0 0 0 0 0 0 0 0 0 0 0 0 0 0 0 0 0 0 82 76 99 0 0 0 0 0 0 0 0 0 80 24 0 0
57 76 98 0 0 8 0 0 0 0 94 0 0 0 0 0 18 0 0 0 0 0 0 48 0 11 0 0 0 0 0 0 0 0 0 88 0 0 0 0 0 0 0 0 0 0 0 0 0 0 12 0 38 0 0 0 0 0 0 3 0 0 0 0 0 0 0 0 0 0 0 0 29 0 0 0 0 0 42 72 0 0 0 64 0 0 0 0 0 0 0 0 0 0 0 34 0 0 0 0
0 75 0 98 43 0 65 29 0 0 0 0 0 0 0 48 0 0 0 21 0 0 0 0 0 0 0 0 0 0 0 0 0 47 0 0 0 8 63 0 0 0 92 0 24 0 0 18 40 33 0 0 13 0 0 0 47 0 26 0 0 87 75 79 0 0 0 0 0 56 0 0 0 0 0 0 28 0 0 0 0 0 0 0 0 0 0 0 4 0 6 0 0 0 0 0 0 34 0 0
98 72 21 0 0 45 0 0 0 0 0 92 0 0 0 0 9 0 0 0 0 0 0 0 0 0 87 0 0 0 0 0 0 1 0 95 0 0 0 0 0 0 0 34 0 0 45 0 0 0 0 0 0 0 17 0 48 0 0 96 0 0 0 0 0 0 0 0 23 0 0 0 0 50 44 0 92 0 0 0 0 18 41 0 0 89 0 0 0 0 0 0 0 0 9 23 0 1 18 0
0 79 0 0 0 0 0 43 16 0 0 0 0 0 95 54 0 0 0 0 0 0 0 0 32 0 4 0 23 0 75 46 0 0 0 0 62 0 0 0 0 0 0 0 38 0 19 0 0 0 0 0 33 0 25 60 0 0 28 0 44 0 0 0 89 0 0 0 71 0 0 0 0 0 0 0 0 0 0 7 0 0 0 0 6 7 33 0 46 0 0 16 79 0 0 0 0 0 0 57
0 0 0 0 55 0 11 0 0 0 72 53 0 0 0 0 0 0 25 0 0 0 0 0 0 0 87 100 20 0 0 0 59 0 100 0 0 0 0 0 0 0 0 0 0 63 0 0 0 0 0 0 0 0 16 0 40 0 0 85 0 0 43 0 0 0 0 0 0 0 0 0 0 78 0 0 0 0 0 64 0 27 7 0 88 0 0 0 0 0 0 0 7 0 0 0 0 5 28 0
45 0 41 0 0 40 13 0 0 0 74 0 0 0 0 0 60 0 46 0 0 0 0 0 0 0 0 0 0 0 0 0 0 0 85 0 66 27 55 0 41 11 54 0 44 0 34 0 11 9 0 0 0 0 0 0 0 0 0 0 4 0 0 0 0 0 0 0 0 33 0 0 0 0 0 0 0 0 0 0 0 0 0 0 0 72 0 0 0 0 0 0 74 0 14 0 0 0 94 0
0 0 0 66 87 0 61 0 0 83 65 0 0 23 0 0 88 0 0 0 0 16 0 0 0 0 0 0 45 35 0 0 0 0 44 0 0 0 18 0 0 2 0 0 0 0 65 0 0 0 0 0 0 0 0 44 0 71 0 0 0 0 98 0 43 67 0 0 0 0 0 42 0 0 0 0 0 94 0 0 21 0 40 0 27 0 0 0 0 0 72 0 13 0 0 0 0 0 0 51
0 0 0 0 18 0 0 75 0 0 0 0 54 0 0 64 0 42 0 0 0 83 0 0 0 0 0 0 0 0 0 83 0 0 65 0 0 0 0 0 0 0 0 60 33 0 0 95 0 40 0 0 0 0 0 0 0 0 0 58 82 0 28 0 69 36 15 0 78 0 0 0 61 74 0 0 0 0 44 0 0 0 0 0 0 7 0 0 0 0 0 38 0 0 74 0 0 0 0 0
0 0 0 0 0 0 0 64 0 0 0 0 0 0 0 38 7 0 0 50 87 0 73 0 24 0 0 0 0 6 3 0 58 0 0 0 0 0 0 56 0 0 0 0 92 7 0 11 0 0 0 78 0 0 0 32 0 0 0 0 92 12 0 0 0 0 0 0 0 50 70 0 46 0 47 0 0 77 0 0 0 48 0 84 0 52 74 0 0 0 0 31 0 0 0 0 0 45 0 0
6 0 0 0 0 0 68 0 0 0 0 0 0 0 0 54 0 0 0 0 0 31 0 0 0 0 0 14 0 0 0 0 0 0 32 0 0 0 0 0 0 0 0 0 57 0 0 0 0 0 0 0 0 13 0 0 0 0 0 0 84 0 0 0 0 37 0 85 0 63 70 0 0 68 0 0 0 45 0 0 0 0 36 0 0 73 0 0 72 99 10 0 0 74 0 0 0 0 0 0
0 0 99 0 0 0 0 0 0 0 0 0 5 0 0 0 30 0 0 22 29 0 0 0 57 0 0 0 0 0 0 0 0 0 0 0 0 0 26 0 0 0 0 0 0 0 91 0 0 0 0 0 0 0 0 0 0 0 0 0 30 0 0 77 0 0 20 0 0 0 0 0 0 0 0 0 0 0 0 0 0 0 0 0 0 0 0 0 0 0 0 63 0 0 78 8 0 10 0 0
0 59 48 0 31 0 0 74 0 93 0 0 0 0 0 0 0 0 0 0 0 0 15 0 0 0 0 6 0 0 0 97 0 84 0 0 0 57 0 0 0 0 0 0 0 0 16 70 0 0 0 26 0 0 0 0 0 87 0 0 0 0 0 0 0 0 0 0 0 0 0 0 0 0 0 0 0 24 0 0 63 0 0 0 0 0 0 0 0 0 0 0 0 18 94 75 59 0 0 75
0 61 0 41 92 0 60 25 89 0 0 0 0 79 0 0 0 0 6 0 0 31 0 83 0 0 0 0 0 0 77 50 0 69 0 20 0 0 0 90 0 78 0 0 0 0 0 0 0 91 23 0 0 30 0 0 0 0 0 0 0 42 0 0 0 0 0 97 0 0 0 0 83 0 0 0 0 0 0 85 50 0 7 0 0 0 0 0 0 0 78 66 0 0 0 31 0 1 0 0
0 0 0 0 82 0 0 0 0 0 0 0 0 93 83 49 11 0 12 0 0 0 0 0 0 3 74 0 56 0 18 0 0 0 0 0 0 0 0 0 33 48 0 0 0 0 23 0 0 0 0 0 49 0 0 97 36 0 0 0 0 0 0 80 0 17 0 0 31 87 0 0 0 0 0 0 0 0 0 0 86 4 0 0 1 0 46 0 0 0 0 43 0 0 0 0 0 0 0 0
0 0 46 0 0 0 59 41 0 100 13 0 0 0 75 0 0 0 50 0 0 47 0 0 63 0 38 0 0 0 31 0 92 95 0 0 0 0 0 0 3 80 0 0 0 0 69 0 0 0 0 0 0 0 7 0 52 0 0 0 94 0 0 0 0 0 4 0 89 64 0 70 0 10 51 69 0 94 0 0 28 0 0 0 0 0 0 0 0 0 0 0 0 32 54 0 0 0 0 99
33 0 0 0 0 15 52 0 0 0 0 0 0 0 73 0 17 52 0 0 0 0 0 0 0 0 0 0 57 0 0 0 0 11 0 0 0 0 0 0 0 0 0 0 0 7 20 97 0 0 0 0 0 0 0 0 0 0 92 0 35 0 0 26 0 0 0 0 65 70 0 90 9 0 0 0 0 0 0 0 0 0 66 0 0 9 64 0 0 19 73 0 0 73 51 0 0 13 0 76
0 0 0 0 0 0 49 0 0 0 0 0 0 0 0 0 92 0 0 0 0 0 0 0 0 0 0 0 0 98 66 0 0 28 0 0 0 0 0 0 0 0 0 0 0 0 44 0 0 0 0 0 0 0 0 73 0 0 0 29 0 5 0 0 19 0 0 0 0 0 0 20 0 0 81 0 0 41 67 0 0 0 0 75 0 0 0 0 0 30 0 0 0 0 0 0 0 0 0 0
95 0 0 76 98 87 75 86 42 19 0 0 44 0 88 0 0 0 0 0 0 0 100 0 0 76 0 0 92 0 0 0 0 0 0 0 0 1 0 77 83 7 0 0 0 0 0 0 0 0 0 0 0 7 0 42 73 0 0 0 0 6 0 0 99 0 0 0 0 0 50 23 12 0 77 0 0 0 0 0 0 0 38 0 0 0 0 0 0 0 0 0 81 0 0 0 0 82 78 0
0 0 0 0 0 0 0 95 0 31 87 0 0 71 0 0 36 0 11 98 42 0 0 0 54 48 0 0 65 0 0 0 0 7 0 0 0 61 0 0 0 88 0 0 0 20 0 0 0 41 0 0 0 0 0 0 0 18 0 0 57 89 0 0 0 0 0 0 0 49 0 54 0 0 47 0 0 0 0 0 0 0 0 0 0 32 69 0 52 19 0 0 0 25 0 0 7 0 0 0
26 0 31 0 90 0 0 63 0 0 0 0 0 0 0 0 0 0 97 0 0 32 0 0 0 66 0 0 0 0 0 93 0 0 0 0 3 0 0 17 0 0 0 0 0 18 0 0 43 0 0 0 0 0 0 24 0 0 0 0 0 67 0 39 0 22 30 0 93 0 0 0 21 0 21 0 0 0 0 0 0 0 0 0 0 38 0 0 0 0 0 0 0 0 0 0 0 2 25 0
0 0 0 61 0 0 0 4 0 0 100 0 91 80 0 0 0 0 0 0 67 0 0 0 0 0 0 0 0 0 0 8 0 0 0 0 0 72 47 0 0 46 0 0 45 0 0 0 0 0 0 0 0 95 0 0 0 0 0 5 82 0 0 0 0 31 0 0 0 0 0 0 0 43 39 0 85 94 0 0 0 0 0 0 53 60 66 0 0 17 0 0 0 28 0 83 94 49 0 0
56 0 95 97 79 0 25 0 31 100 0 0 0 0 0 0 0 0 0 61 7 0 0 0 0 0 0 73 0 0 0 87 0 0 0 0 0 0 21 0 0 0 0 0 91 24 0 0 0 87 0 0 0 0 0 0 99 0 81 0 0 0 0 0 0 0 60 0 0 0 64 0 54 0 85 2 0 0 0 0 0 80 0 0 0 90 0 9 0 77 0 0 35 0 0 0 0 0 0 0
0 0 27 0 0 0 0 0 9 23 0 0 0 0 0 0 0 0 13 11 0 0 52 83 0 63 66 0 0 0 90 0 0 0 0 0 0 0 0 0 0 44 0 54 37 0 0 0 0 0 0 0 0 0 0 0 0 0 54 59 38 0 0 0 44 0 0 0 0 0 0 0 0 82 2 0 0 68 0 0 0 4 0 85 0 0 0 82 0 89 0 0 0 19 0 0 0 0 97 0
48 0 0 0 0 0 0 15 65 48 0 0 0 86 0 0 0 0 0 0 0 0 0 0 0 0 0 0 0 39 0 0 0 0 0 0 0 63 0 0 0 0 0 0 0 0 42 69 0 0 0 0 67 0 0 0 0 0 88 0 0 0 0 0 36 12 0 0 64 0 0 0 23 45 0 0 0 64 0 0 58 19 0 0 0 0 0 0 0 50 0 0 0 4 0 0 0 0 0 0
0 0 0 0 0 0 69 36 0 0 8 0 0 0 23 56 0 0 0 0 78 0 0 0 0 83 0 0 2 0 0 0 0 0 0 0 20 0 98 0 0 79 0 0 0 0 0 0 0 0 0 0 40 0 0 0 0 0 0 81 0 0 0 0 0 0 0 25 0 0 29 99 0 0 84 6 0 0 0 61 0 0 0 35 0 0 0 0 0 0 52 0 0 0 8 26 0 0 0 0
93 35 90 0 64 56 0 0 0 0 0 88 0 0 0 0 0 0 0 0 95 0 0 0 0 0 0 0 0 0 0 0 0 0 0 0 0 0 0 0 0 0 0 0 0 0 0 0 0 0 75 42 0 0 0 0 0 0 35 0 0 0 55 51 6 0 0 0 0 0 0 83 0 86 14 0 68 47 0 29 0 0 0 0 69 0 0 0 0 0 0 0 0 0 0 0 0 97 0 0
0 0 0 0 81 0 0 0 0 0 27 0 2 89 0 0 0 0 0 0 0 0 16 84 0 0 43 0 43 0 0 46 0 0 0 0 0 0 0 0 0 13 69 0 0 0 0 0 0 0 0 0 0 0 35 44 55 0 36 0 0 0 18 0 0 0 45 6 80 72 0 0 0 0 0 0 0 79 0 0 95 0 11 0 20 18 89 0 0 39 8 0 0 0 0 0 0 5 92 0
0 0 0 0 0 0 100 12 0 0 0 1 0 0 0 0 0 0 0 0 0 0 0 12 17 0 0 0 0 81 0 0 0 0 0 0 0 0 0 0 0 0 0 0 0 0 0 0 91 0 0 92 70 0 0 0 0 0 0 0 0 0 0 38 0 0 0 0 0 0 0 0 94 39 0 0 0 0 0 0 37 0 0 67 0 0 88 0 0 58 0 38 0 0 0 0 0 0 60 0
19 0 0 0 0 47 0 0 79 78 0 0 0 0 0 0 0 0 0 0 0 82 60 0 0 0 94 0 0 57 0 0 0 0 63 3 0 0 0 24 0 37 73 0 0 0 0 61 27 98 40 0 0 0 0 0 0 85 79 0 0 0 0 0 41 0 0 0 0 0 26 51 30 0 0 0 33 0 0 0 33 5 0 68 0 0 0 0 33 0 83 0 0 36 0 0 0 0 0 64
0 0 0 0 0 0 0 0 0 0 52 0 0 0 65 0 0 0 94 0 0 0 0 0 0 0 0 0 0 98 71 0 0 0 0 6 77 0 0 23 25 0 0 0 0 79 0 40 53 0 0 46 0 24 0 0 0 0 0 65 18 0 0 0 93 0 0 0 0 0 77 95 0 0 0 0 35 0 0 0 0 79 0 0 0 0 55 0 24 0 0 27 0 0 0 80 37 0 0 0
17 0 3 66 0 0 0 31 0 0 0 29 0 0 0 0 0 0 0 0 0 37 0 0 0 0 0 0 0 0 0 0 0 0 0 2 0 0 0 0 0 0 0 0 0 19 0 0 0 0 0 14 0 0 0 0 11 0 0 0 93 61 0 0 0 0 0 0 0 0 28 0 0 0 0 30 0 0 0 0 0 0 46 0 0 0 0 22 0 31 13 0 0 76 0 0 82 75 0 0
0 0 0 0 61 0 0 0 0 0 0 0 0 74 0 0 0 0 0 0 0 0 0 72 0 0 69 4 28 0 0 56 0 0 0 38 0 94 0 0 0 0 0 14 74 0 0 0 0 0 0 0 24 0 0 33 0 0 0 0 56 0 44 0 0 0 0 0 3 51 0 0 62 0 0 0 0 0 0 74 0 0 0 17 0 0 0 0 0 0 71 42 72 0 0 0 0 0 0 62
77 0 0 0 76 0 0 0 0 0 0 0 0 0 0 0 0 0 0 0 0 0 84 97 0 0 0 0 0 0 64 0 28 0 0 0 0 75 0 0 0 57 71 0 0 0 72 0 85 0 0 0 0 0 0 92 0 13 0 0 0 4 0 0 0 0 0 41 0 0 0 98 0 89 81 0 0 0 0 0 0 0 69 99 0 0 0 0 41 0 39 46 0 0 0 0 100 0 30 19
0 26 17 9 47 0 0 86 0 0 0 0 0 0 0 0 0 97 21 86 32 0 0 0 0 0 89 0 0 39 82 0 0 0 0 0 0 0 0 0 0 0 0 0 10 0 0 17 0 0 0 0 0 0 0 0 0 0 0 0 0 95 0 0 74 3 0 0 0 0 0 0 33 0 0 0 0 0 38 20 0 0 0 0 74 0 50 0 0 0 0 0 58 0 33 0 0 0 15 61
0 28 0 0 0 0 0 0 0 0 0 0 0 0 0 0 0 13 0 0 0 0 45 0 21 0 0 0 0 0 0 91 0 0 27 26 15 0 0 4 70 79 0 0 0 43 0 0 0 0 0 0 0 0 0 70 0 0 0 9 93 0 60 0 92 58 0 0 0 54 0 0 97 0 42 0 0 30 0 0 0 0 0 0 0 0 0 54 0 0 0 0 0 0 0 0 0 0 0 0
0 0 4 92 0 0 35 0 0 0 69 23 2 22 0 0 0 48 0 0 87 16 0 0 0 0 39 0 0 0 0 62 24 0 0 21 0 0 16 0 0 0 0 0 0 0 100 0 0 0 0 0 0 0 96 68 62 0 0 0 0 0 12 0 0 72 0 0 0 0 0 48 0 23 0 0 0 0 0 0 0 0 0 99 0 12 0 0 0 0 0 0 0 16 0 0 0 0 0 97
0 0 32 0 0 67 80 42 0 99 0 0 0 0 0 0 74 0 0 0 0 33 0 90 59 63 4 20 0 0 0 0 0 0 0 0 0 0 76 0 35 0 50 45 0 23 0 27 12 0 67 0 0 0 6 0 0 0 29 0 41 87 77 0 0 0 0 0 0 0 0 0 0 0 0 0 0 0 86 33 74 0 0 94 0 0 0 0 69 88 0 0 54 0 0 0 0 53 0 0
51 0 0 26 0 93 0 37 0 0 0 0 0 0 0 80 0 10 0 77 27 0 0 0 0 16 0 0 26 54 87 59 0 0 0 0 48 0 0 0 0 0 98 0 22 0 0 0 0 0 0 0 0 0 0 45 23 0 0 0 0 0 81 33 0 0 0 0 65 0 0 0 17 69 0 0 0 97 0 96 0 0 18 29 0 0 0 0 0 0 90 0 0 0 59 0 0 0 0 0
0 0 0 0 45 43 0 84 0 91 0 0 22 0 21 0 0 0 68 0 0 0 0 0 0 0 0 0 0 0 0 0 0 0 24 0 26 0 0 81 0 11 0 0 0 0 0 84 0 32 85 0 0 71 0 69 0 0 0 0 0 0 0 0 20 0 0 0 4 0 0 0 0 0 0 27 0 0 83 87 0 0 60 42 0 0 0 49 0 0 0 0 0 0 22 0 64 55 0 0
0 0 65 0 0 0 0 0 0 0 0 0 0 0 0 67 0 0 57 25 88 0 0 52 0 38 0 0 0 0 60 0 2 0 0 59 0 0 49 0 0 0 0 0 0 0 0 21 0 0 49 0 8 0 0 0 0 0 0 0 0 0 87 0 0 46 41 53 50 0 0 2 45 0 0 0 0 92 63 33 0 98 30 0 0 0 0 0 0 0 0 0 0 0 0 0 83 0 0 0
71 0 0 0 87 0 0 0 0 0 0 0 0 0 58 0 94 0 0 0 0 0 47 0 92 0 0 28 0 0 0 0 0 0 0 0 0 0 0 0 0 0 6 0 86 69 0 0 0 0 0 0 0 0 0 0 75 0 0 0 0 0 0 0 0 0 0 0 0 0 0 0 0 0 0 0 0 0 0 0 0 0 0 0 0 0 0 24 0 0 22 0 86 0 0 0 0 96 0 0
10 0 0 44 0 0 0 0 0 0 0 0 0 47 0 0 58 0 0 0 0 0 0 0 0 0 0 0 0 0 0 0 0 0 0 0 0 0 0 0 0 0 0 0 42 0 0 59 17 0 0 0 68 41 0 0 0 0 83 0 0 47 0 63 0 0 0 0 0 0 0 0 0 0 0 0 0 0 0 0 0 0 0 43 0 0 68 0 0 0 0 0 0 0 0 0 35 3 87 0
0 78 0 0 0 0 0 0 10 0 0 0 37 0 0 1 0 1 0 95 0 0 6 90 37 0 0 0 0 0 0 0 97 0 0 0 80 0 6 15 0 45 0 94 0 51 0 0 0 0 74 0 0 0 0 0 7 11 0 0 13 0 0 0 0 0 0 0 0 25 0 0 0 23 1 0 0 52 0 0 0 0 0 0 0 0 0 0 0 0 0 0 56 0 43 0 0 0 0 0
0 0 0 0 0 0 1 11 0 0 6 95 0 0 0 66 0 0 0 0 0 0 32 0 0 0 0 0 0 37 0 0 0 0 0 0 48 0 0 0 0 41 0 0 81 0 0 0 0 0 0 35 0 20 6 91 0 0 0 33 0 33 0 0 0 0 0 0 0 0 0 0 0 0 0 21 22 0 64 71 0 67 100 0 0 50 81 0 31 65 0 0 0 12 0 48 0 0 0 0
0 0 0 0 0 0 0 3 0 20 0 35 32 0 0 0 0 0 0 0 0 0 0 70 0 0 0 69 0 79 0 0 54 0 0 0 0 55 0 0 0 85 0 0 0 0 92 0 0 0 0 0 0 0 0 0 0 0 0 0 79 16 0 0 0 0 0 0 2 20 0 36 0 92 7 6 18 0 0 0 0 19 0 0 37 38 0 0 0 0 0 68 0 0 0 0 0 0 0 81
0 29 0 45 12 0 0 0 0 98 0 2 100 0 0 0 0 0 0 0 0 0 0 71 25 0 0 15 94 0 0 0 0 0 0 96 0 0 0 0 0 10 0 0 0 0 0 26 0 85 0 0 0 0 71 0 26 0 85 0 0 0 0 0 0 5 0 0 0 0 0 0 80 64 0 0 0 0 0 0 0 0 17 0 0 0 0 0 0 0 0 79 73 50 0 34 0 0 0 0
18 0 70 0 0 0 0 0 0 61 0 0 94 0 62 51 0 0 0 0 0 80 0 0 1 51 0 0 0 0 0 95 0 0 0 0 0 0 79 0 0 0 38 0 0 0 0 0 57 0 0 0 0 0 0 0 0 0 69 0 39 0 0 93 53 0 0 0 0 0 0 0 43 0 0 0 50 39 0 0 0 0 0 0 0 83 0 13 25 0 17 0 0 0 46 0 0 0 0 85
0 64 0 0 64 0 0 0 0 0 0 0 0 70 0 71 0 18 0 0 0 0 49 0 0 0 0 78 61 0 0 55 0 0 0 0 0 0 0 0 0 0 0 22 85 0 0 90 0 0 30 0 68 0 0 0 0 0 0 0 0 0 0 30 0 43 0 0 0 0 0 0 0 94 0 0 0 0 70 34 36 0 0 0 0 0 0 0 27 0 0 0 0 0 0 0 0 0 0 63
0 0 0 48 0 0 0 0 47 0 4 40 21 0 0 0 0 74 0 0 0 0 0 0 82 0 0 0 48 0 71 11 0 0 0 0 0 0 0 0 0 0 0 9 18 0 0 46 94 72 65 0 6 0 0 0 0 0 0 0 2 37 0 0 0 54 0 0 0 66 0 86 0 38 0 16 0 0 13 0 10 72 0 25 37 16 0 0 0 0 0 0 0 0 41 0 10 0 0 0
0 0 0 39 0 0 36 0 0 0 0 0 0 0 0 0 0 0 0 0 0 26 0 0 0 65 14 47 0 0 39 0 0 0 0 20 0 47 30 0 0 0 0 0 0 0 73 0 0 0 0 0 0 0 0 0 0 96 0 0 0 0 0 0 0 0 0 0 22 0 84 0 0 0 0 0 5 0 0 0 0 10 0 0 0 0 21 60 0 0 0 0 0 0 0 0 29 0 0 0
56 0 0 0 0 0 0 66 0 0 0 0 71 0 86 0 36 0 17 79 0 8 61 54 0 0 0 0 0 0 62 0 0 0 0 0 43 0 74 0 0 57 0 0 0 0 0 31 41 0 0 0 99 0 0 0 35 75 49 0 0 0 0 0 18 0 0 0 0 34 95 0 0 0 0 27 0 0 81 0 0 31 10 0 0 0 0 27 64 0 0 0 0 21 0 0 0 18 0 0
0 0 0 7 0 0 0 0 0 0 0 1 86 0 70 10 0 0 0 0 0 1 0 0 0 95 33 0 0 0 66 0 0 0 0 0 0 44 0 0 0 0 0 0 0 0 0 60 52 61 0 88 0 0 86 0 0 0 56 0 0 0 0 0 0 0 0 0 0 32 0 0 43 0 0 39 0 92 0 0 0 61 0 0 0 0 89 0 0 55 0 0 0 0 0 0 0 0 0 0
0 0 0 0 50 53 0 0 0 32 0 0 0 0 28 0 0 0 0 0 0 0 0 42 38 0 0 0 0 0 13 0 29 0 0 0 0 0 0 62 0 70 0 0 0 0 99 95 0 0 0 49 32 0 0 0 0 0 0 0 75 0 26 0 0 48 0 0 70 0 0 0 0 45 0 12 11 17 0 0 0 0 0 0 0 32 0 0 0 84 0 0 0 0 0 54 59 0 34 0
0 0 0 0 0 72 0 0 93 48 0 0 39 0 0 0 0 0 0 0 0 0 0 0 0 0 0 0 0 18 0 0 0 0 26 0 0 0 0 0 0 94 11 0 0 0 0 0 70 0 11 0 0 0 0 0 0 16 0 86 0 41 0 0 0 20 0 0 0 0 0 0 0 0 0 0 0 0 0 0 0 0 0 0 66 0 0 0 0 0 56 0 0 0 0 0 0 83 0 0
0 0 0 2 0 0 0 0 0 0 0 0 0 0 53 0 46 0 0 0 0 0 0 50 0 0 0 0 0 0 0 0 0 0 19 0 67 0 81 0 0 0 70 37 0 0 0 0 0 0 17 0 51 0 0 0 0 0 0 0 0 0 0 100 0 0 0 0 28 0 0 0 0 0 0 0 0 0 0 0 0 0 41 66 10 0 23 0 0 0 0 30 0 0 0 65 0 0 96 0
0 3 0 0 0 62 0 44 0 0 0 0 22 0 0 0 95 0 96 0 0 0 0 0 0 0 0 16 0 69 0 0 0 0 35 0 0 97 0 0 0 0 0 0 83 0 0 94 0 0 0 97 0 0 0 0 0 0 25 0 0 0 6 0 58 0 0 2 0 0 0 0 0 0 0 59 0 0 15 0 0 33 0 0 0 0 8 0 0 0 0 49 0 56 0 0 0 0 0 76
0 0 0 0 21 0 0 0 0 0 31 84 0 0 0 0 0 0 24 0 0 0 0 0 0 0 0 53 0 0 0 0 0 0 0 0 0 0 3 21 0 0 0 89 36 45 0 0 0 0 5 0 66 0 0 8 86 0 0 0 0 0 60 0 0 0 0 0 66 0 100 0 81 0 0 0 0 0 0 42 16 96 93 44 0 0 45 0 40 0 0 0 80 17 0 0 0 0 0 64
0 0 73 0 0 4 0 59 0 0 36 0 80 0 0 0 0 0 0 0 0 1 0 0 0 0 0 6 0 8 0 61 0 0 0 0 4 0 0 0 76 77 0 0 0 0 72 0 0 0 0 0 0 0 0 0 0 0 0 0 0 0 0 0 47 0 0 0 0 0 0 0 0 0 69 0 0 0 0 0 0 37 86 0 0 0 0 88 99 0 0 0 0 0 0 0 0 0 0 27
0 53 50 29 0 0 0 0 0 64 0 0 0 0 89 84 0 0 0 0 90 0 17 0 0 0 0 0 24 0 0 0 0 0 0 0 40 0 0 0 0 0 0 0 19 0 0 0 25 0 0 0 0 0 94 30 96 0 35 0 0 0 60 0 81 83 0 0 0 0 0 0 3 0 61 0 25 76 0 0 0 0 50 34 80 67 0 71 0 0 0 43 0 0 0 0 0 0 0 0
0 30 0 0 81 80 0 0 63 72 44 0 0 2 0 0 0 37 0 0 0 0 0 0 0 0 0 0 0 0 0 0 0 0 3 0 17 0 0 0 99 88 0 0 40 0 0 0 57 0 0 0 0 0 0 0 0 2 0 0 0 0 0 0 0 0 0 7 0 23 0 0 0 16 0 0 0 0 0 49 22 40 43 0 0 0 0 0 0 0 0 0 0 0 39 0 0 0 0 0
0 0 52 18 59 0 0 0 13 0 0 80 78 0 0 66 0 0 81 0 0 55 0 85 0 0 0 16 26 0 0 35 0 18 93 0 70 0 94 0 0 79 0 0 0 0 0 0 0 0 72 0 62 0 24 43 18 0 0 8 0 0 84 0 0 2 0 20 5 0 0 0 0 0 0 12 61 47 0 0 1 83 0 0 0 0 0 0 0 0 0 0 0 74 0 0 0 0 80 5
0 0 100 73 12 0 0 0 0 0 14 34 0 0 0 38 0 24 37 0 69 0 88 0 0 83 50 0 61 0 0 52 33 0 0 0 0 0 0 0 51 0 0 0 66 11 27 0 53 0 97 0 0 0 0 0 0 14 0 0 0 85 18 95 0 0 0 0 48 0 79 0 46 0 0 0 0 0 6 0 53 0 97 29 0 0 0 28 0 0 39 0 78 67 0 0 0 0 0 0
89 0 47 0 0 100 0 48 0 0 20 0 0 63 0 0 0 0 0 0 0 0 34 0 0 0 0 0 0 0 0 0 0 0 0 0 0 0 0 0 0 0 0 0 0 0 0 81 29 48 0 0 0 0 64 0 0 0 38 0 0 0 0 0 0 0 0 0 21 0 0 0 0 0 0 0 0 0 0 0 0 0 0 0 0 0 0 0 0 0 0 77 87 0 0 95 0 23 75 0
0 21 0 32 0 84 9 0 49 68 0 0 0 15 51 46 0 0 0 0 93 0 0 0 0 0 0 0 0 0 0 0 0 0 0 46 0 0 17 0 15 0 0 0 80 23 97 0 0 0 0 14 0 0 0 44 0 87 0 53 0 100 0 1 0 0 0 0 0 0 0 0 0 0 0 0 0 35 0 0 80 0 78 31 84 0 0 0 16 0 20 73 25 0 0 0 0 0 65 7
0 0 0 0 0 0 0 0 0 0 69 0 0 0 0 0 0 0 77 0 66 0 92 0 2 0 0 21 46 0 0 5 0 0 0 0 0 0 0 0 0 18 0 0 0 0 94 0 83 0 0 60 91 87 0 0 0 0 0 72 0 0 0 0 54 79 0 0 69 0 0 0 0 0 0 0 0 0 0 0 0 0 0 0 0 0 0 0 0 0 0 0 0 56 0 0 0 0 0 0
0 0 0 0 0 71 75 0 0 0 0 0 37 0 0 0 0 0 6 0 0 0 0 0 0 0 0 43 34 22 0 0 0 0 0 0 49 0 0 0 0 0 0 0 22 0 23 0 0 0 0 27 55 0 31 0 0 0 67 0 0 0 69 90 0 0 0 1 0 0 0 100 81 0 44 0 0 0 0 0 23 0 0 0 0 0 0 0 0 0 90 61 0 0 0 0 0 0 0 0
0 0 0 0 0 0 0 0 60 0 94 0 0 0 0 0 0 0 46 52 0 0 0 40 0 44 0 0 21 0 19 0 0 89 0 0 0 0 0 0 0 0 0 88 0 70 0 0 0 35 0 0 0 0 88 0 0 0 0 0 0 0 0 11 38 0 0 66 0 25 0 0 0 0 0 0 0 58 0 0 0 0 0 76 0 0 29 0 0 0 0 0 0 0 0 0 0 0 0 0
74 0 0 0 0 0 0 0 0 15 0 0 0 0 0 0 0 29 0 82 35 0 60 0 0 0 0 94 84 0 0 0 5 0 79 0 0 0 21 0 0 62 0 0 0 37 0 0 13 50 0 0 0 0 0 0 70 0 0 0 0 0 0 86 0 0 0 0 0 0 0 0 0 0 27 0 35 0 0 0 0 0 0 0 0 0 0 0 0 26 0 0 0 0 0 0 0 0 0 87
62 0 0 0 94 0 0 0 0 0 0 64 0 0 0 0 0 0 0 0 3 37 0 0 55 0 0 0 0 4 98 0 0 75 0 0 29 0 0 20 0 0 75 0 0 0 4 0 0 0 0 0 0 0 0 76 0 0 0 83 0 53 0 0 0 0 0 0 0 0 0 78 15 73 0 0 41 34 0 0 0 0 0 0 0 0 0 0 0 0 27 0 0 0 78 0 14 0 0 75
25 0 0 0 0 0 0 90 93 10 0 0 0 0 0 0 0 0 0 11 0 0 0 0 0 18 0 61 0 0 0 0 0 0 0 0 15 0 0 0 19 4 0 76 0 0 0 0 0 0 0 0 49 0 0 0 0 0 0 95 0 0 0 0 45 0 0 0 92 0 98 0 46 0 0 7 89 0 0 0 0 0 0 0 0 60 0 75 49 0 0 0 0 0 0 0 0 0 0 0
41 84 0 0 0 2 0 0 0 0 0 0 0 0 0 0 0 80 0 0 0 0 0 0 0 0 0 0 0 47 0 36 0 28 78 0 0 0 28 9 44 0 0 0 0 0 40 0 0 57 28 0 0 0 0 0 0 0 0 0 0 36 0 15 77 0 23 84 0 0 0 0 0 0 0 47 15 0 38 0 0 10 0 0 49 0 0 0 0 0 0 4 0 0 0 0 0 0 83 0
0 0 44 0 0 0 0 0 0 0 0 0 63 0 0 88 0 0 0 0 0 0 45 0 0 0 0 0 0 0 0 0 0 0 0 0 0 0 62 25 0 29 0 8 30 0 0 0 0 0 0 0 0 0 0 0 0 0 0 0 0 0 0 0 0 0 0 54 37 0 98 42 32 0 0 0 27 0 0 22 54 34 0 0 0 37 0 0 0 0 0 0 0 0 0 0 57 0 0 0
0 0 0 0 0 0 0 26 0 0 0 0 0 0 0 0 0 0 0 0 0 0 0 81 0 5 0 0 31 0 0 0 0 0 0 0 0 0 0 0 0 0 0 0 0 0 0 0 0 0 0 99 0 0 0 0 0 0 0 0 0 0 0 0 0 0 9 0 0 61 0 0 0 0 0 0 0 0 0 0 0 0 0 0 0 0 0 0 80 0 0 0 17 0 7 0 0 0 88 0
0 0 0 89 0 71 0 0 0 0 51 48 88 0 0 0 0 55 75 0 0 0 0 83 0 75 0 0 63 0 66 0 0 0 93 0 57 24 0 96 0 0 0 0 0 0 0 0 0 0 0 0 34 16 0 0 0 0 0 0 0 59 0 0 54 0 25 0 28 0 0 0 29 0 36 0 0 0 0 0 47 0 0 0 0 0 0 0 57 0 1 0 0 0 0 0 0 0 11 0
0 0 29 0 0 0 0 0 0 0 0 0 0 0 0 0 0 18 0 0 0 0 0 45 0 0 0 0 0 0 0 0 65 0 70 0 0 0 0 0 0 84 0 0 38 0 0 0 0 0 0 0 98 0 48 19 0 0 49 58 0 0 0 0 0 0 0 0 0 0 0 31 0 49 93 31 0 35 89 0 0 0 0 0 31 0 0 73 0 0 0 0 30 51 35 0 0 40 0 0
0 0 0 0 0 0 0 0 56 0 0 39 0 0 0 19 0 0 61 87 0 18 87 0 0 0 0 38 0 0 85 0 67 0 57 58 0 88 0 0 0 86 0 0 55 0 0 0 0 0 0 0 0 16 17 0 0 0 0 0 0 0 0 0 0 0 0 56 0 0 33 29 0 0 0 0 0 0 81 0 0 13 0 0 14 0 0 0 0 27 0 13 0 0 73 0 0 0 62 0
0 0 0 0 0 0 0 0 0 0 0 0 0 0 0 73 0 0 0 37 0 0 24 0 0 14 0 0 0 0 0 0 0 0 0 0 28 0 0 0 0 0 0 0 0 0 91 0 87 0 0 0 0 2 0 45 89 10 3 0 14 100 2 0 0 8 99 0 0 0 0 0 0 0 57 0 0 94 93 47 0 0 0 55 11 0 0 23 0 0 0 0 39 0 0 0 0 0 0 12
0 0 0 0 0 0 0 0 0 28 0 0 0 0 0 0 0 0 0 0 0 0 0 0 74 11 0 13 55 0 0 0 0 0 0 0 0 0 96 0 0 86 0 0 0 0 17 0 0 26 0 21 0 0 0 54 56 0 96 0 0 0 97 0 30 0 0 0 72 0 0 0 0 0 0 0 0 0 0 4 95 0 0 0 0 61 0 63 0 0 0 0 0 0 0 0 0 0 46 0
0 12 0 0 0 0 54 0 0 0 0 0 0 0 0 44 0 0 0 7 0 0 0 60 0 0 91 0 0 0 0 0 0 0 0 0 0 0 0 0 0 0 0 28 30 0 0 0 9 0 0 0 0 4 0 0 0 0 50 19 0 0 0 0 0 0 0 0 0 0 0 99 0 43 0 0 22 0 0 43 0 0 0 0 0 0 0 0 0 0 0 0 0 0 92 0 0 0 0 0
0 0 73 0 0 26 0 0 78 0 0 0 0 0 0 0 0 0 0 0 0 0 0 0 88 99 38 55 36 12 0 0 0 7 96 76 0 0 0 19 0 0 0 0 0 0 0 0 0 0 0 91 0 0 0 0 0 0 0 0 0 0 49 44 0 0 46 0 0 0 71 48 0 0 38 0 0 27 0 0 0 15 0 0 0 0 0 22 0 0 0 0 0 39 68 0 41 82 0 0
0 54 0 79 56 39 17 0 18 0 0 9 0 64 0 0 0 97 0 0 0 0 91 0 59 0 0 7 0 0 60 0 0 53 95 0 0 0 0 0 0 0 0 0 0 0 0 0 0 0 0 17 82 0 0 0 0 0 95 40 0 0 0 0 0 0 0 0 75 42 0 13 0 0 0 0 0 0 0 0 0 0 0 37 0 0 0 0 0 0 0 24 0 94 0 0 40 95 48 0
0 0 0 0 0 0 77 0 0 0 0 0 15 0 68 0 0 0 0 0 0 39 24 0 0 0 0 0 0 0 0 0 0 0 82 35 0 0 0 0 0 70 0 0 47 0 0 0 0 0 0 2 35 0 0 0 0 0 0 0 0 0 0 0 0 0 0 0 0 0 0 0 0 0 0 0 0 21 0 0 0 0 0 0 0 90 96 0 0 7 0 29 24 24 0 0 0 0 0 0
95 0 0 0 0 0 0 0 40 0 0 0 0 0 79 98 0 0 0 0 0 20 0 0 49 0 31 77 0 0 0 0 0 0 0 0 0 0 16 0 0 30 20 0 0 0 31 0 0 0 0 5 51 0 17 0 0 15 0 0 0 0 0 17 95 0 0 21 0 0 1 0 5 64 0 0 0 57 0 0 96 0 24 0 0 0 0 89 23 21 0 0 75 0 0 70 0 57 0 3
0 0 0 0 0 0 68 0 0 0 0 50 0 0 0 0 0 0 0 0 0 0 0 0 61 0 0 0 0 0 0 3 0 0 0 0 0 35 0 99 26 0 0 0 0 48 0 0 0 0 0 0 66 0 0 0 0 86 0 0 81 0 0 0 97 0 0 0 0 0 0 0 60 0 0 0 0 0 0 0 0 0 0 0 0 67 0 0 0 1 60 0 0 97 0 0 0 0 0 55
0 0 0 0 0 0 19 0 0 0 0 0 6 0 0 0 41 18 0 0 2 0 69 0 0 46 0 93 19 0 0 0 0 0 1 0 0 0 0 0 0 0 0 0 0 0 0 0 0 92 0 0 3 0 0 0 50 0 0 0 23 63 0 13 48 0 0 0 79 0 53 0 0 0 0 0 76 0 49 73 0 0 0 0 49 0 0 0 0 0 89 0 0 0 0 16 55 0 0 0
16 0 0 52 57 0 0 0 0 11 0 0 0 40 10 0 0 0 0 0 98 0 0 0 0 0 0 0 0 65 0 0 64 0 0 33 12 87 0 0 35 0 0 0 71 0 0 0 0 14 0 0 19 0 96 0 47 83 0 55 0 0 9 21 1 23 8 0 0 0 0 0 0 0 20 0 0 0 0 24 0 0 0 0 79 46 0 0 0 0 0 27 0 0 0 0 0 0 0 62
0 0 7 0 0 8 0 74 0 0 0 8 8 0 0 0 0 0 0 0 0 100 0 0 0 72 0 0 0 0 41 0 99 0 0 0 0 0 0 0 0 3 0 0 0 0 0 64 0 0 0 0 0 0 63 0 36 0 7 34 9 0 48 0 0 63 6 72 21 0 0 0 0 0 0 60 74 0 13 10 0 96 0 60 0 0 0 0 0 0 54 0 16 0 0 0 0 0 0 86
0 0 0 0 0 0 0 0 0 34 0 0 72 0 0 21 0 8 0 0 84 0 0 1 39 99 0 0 0 0 0 0 0 0 0 0 31 0 0 0 0 0 0 0 0 0 0 98 0 0 23 12 20 0 0 0 0 0 0 0 32 0 0 0 0 0 0 0 0 0 0 87 0 61 0 0 0 0 0 0 56 0 0 0 0 0 0 88 64 0 0 70 0 0 0 0 43 48 0 34
0 91 0 0 0 0 0 0 100 0 18 0 57 0 0 83 33 0 0 0 0 0 0 0 27 2 0 8 0 0 0 0 0 0 4 0 0 0 0 0 0 0 0 0 0 0 77 0 0 0 65 0 0 0 0 0 0 0 0 0 0 9 0 0 0 0 42 0 0 0 0 0 50 0 0 79 0 0 0 26 0 0 0 0 0 0 0 23 0 0 0 0 0 0 0 98 0 0 0 0
0 0 0 0 0 0 0 0 0 0 0 0 0 2 66 0 0 0 0 0 0 0 0 0 0 56 72 0 0 0 0 0 0 0 0 0 0 0 74 0 0 0 71 3 83 0 0 0 0 0 0 0 0 0 0 0 0 79 0 0 93 27 0 0 75 0 0 0 0 0 0 0 0 0 0 0 0 82 0 0 46 2 0 54 0 0 91 0 0 0 0 77 0 0 0 0 0 0 0 0
97 88 0 0 0 0 0 0 0 0 31 8 0 0 76 0 0 0 63 0 98 0 73 0 0 0 76 71 0 0 36 0 0 0 19 0 32 0 0 0 62 30 90 18 66 19 0 34 0 27 46 0 0 68 0 0 0 0 0 0 0 70 0 36 0 0 0 0 0 90 0 0 0 84 0 37 0 0 46 0 0 0 0 0 0 0 0 0 72 0 0 81 0 0 22 76 80 0 8 0
0 0 24 0 0 0 0 0 0 0 0 0 40 0 0 68 0 0 0 0 95 0 0 71 97 0 0 0 0 20 0 0 0 0 0 0 98 0 0 0 91 99 0 6 0 0 0 0 76 0 0 0 0 0 32 0 0 0 0 87 0 0 0 0 58 0 0 42 0 68 59 12 0 0 0 0 0 0 11 0 0 0 0 0 0 0 0 0 0 0 0 0 0 0 0 49 0 0 54 0
0 0 0 0 0 0 0 0 0 0 0 14 89 2 0 86 0 0 0 11 89 0 100 0 10 0 0 0 67 0 0 0 4 81 0 0 0 85 0 0 0 0 0 0 0 0 80 63 0 0 0 0 0 81 0 0 99 0 0 89 0 0 0 0 0 0 0 0 0 0 91 0 0 0 0 0 0 0 76 0 42 0 75 69 71 0 0 64 0 10 0 0 62 0 99 0 0 91 0 0
0 0 0 38 0 78 0 0 10 0 34 0 0 23 70 0 44 0 0 92 0 0 0 95 0 0 50 0 28 98 0 0 0 0 0 0 52 0 0 0 0 0 0 0 0 0 0 27 0 0 0 0 88 95 0 93 0 0 0 0 43 0 0 0 39 0 0 0 0 0 0 96 0 0 40 0 0 0 0 85 94 0 0 0 72 0 0 0 96 0 0 38 0 0 0 0 0 0 0 0
0 0 0 0 0 0 0 0 0 45 0 0 0 0 12 0 71 0 0 0 83 0 63 30 51 0 51 0 0 0 0 0 0 0 0 0 0 0 0 0 0 0 76 0 19 0 20 0 64 0 29 83 0 94 0 0 0 0 0 0 92 0 0 0 0 0 0 0 27 0 0 0 0 0 0 5 0 39 0 89 35 26 0 35 0 0 0 0 0 64 33 51 53 0 0 0 0 80 0 0
0 0 0 45 0 0 0 0 0 83 70 0 0 0 0 0 0 0 0 28 40 0 0 0 0 92 0 48 0 0 0 0 0 0 45 87 0 0 0 0 0 0 0 0 0 0 0 0 0 0 57 0 93 72 0 92 0 0 0 95 0 0 0 0 0 0 0 0 0 0 0 0 47 0 30 0 27 37 34 0 0 12 0 0 25 0 91 0 0 0 0 0 91 0 51 0 0 80 0 40
0 0 0 77 0 0 0 0 0 0 0 0 22 0 0 0 68 0 0 0 0 0 0 68 0 0 0 0 0 25 0 34 0 0 47 0 0 0 0 50 0 11 0 0 0 0 0 0 0 0 44 67 0 0 0 0 0 0 0 0 100 52 0 0 0 51 21 0 0 0 0 0 84 0 8 0 48 74 0 0 3 0 0 0 0 0 93 0 10 0 0 0 0 0 19 58 61 0 0 0
0 0 0 0 26 0 0 60 1 0 0 0 0 0 88 0 0 88 0 0 0 0 57 2 0 21 0 0 0 0 0 0 90 0 0 0 0 72 0 82 0 45 0 0 0 56 0 0 0 0 0 88 9 0 0 33 0 0 0 0 99 0 8 0 0 0 0 93 0 0 0 39 0 0 0 0 0 1 0 0 0 42 0 75 0 23 0 1 0 0 63 0 0 1 0 0 97 22 63 43
83 0 0 0 0 0 0 0 0 0 0 0 67 0 0 0 65 0 0 0 0 0 0 1 63 0 56 0 0 0 19 0 0 0 0 16 0 63 0 34 0 0 93 0 0 0 0 0 20 63 0 0 0 43 0 0 0 69 90 0 0 0 0 35 0 11 0 0 0 0 54 0 0 0 0 0 0 4 0 65 41 47 0 0 0 63 99 0 0 0 0 70 0 0 0 0 0 0 0 0
0 0 0 0 0 0 0 36 0 0 0 0 0 0 45 88 0 51 91 0 0 94 9 11 46 0 0 64 0 0 32 0 0 0 0 0 0 0 0 0 0 93 0 0 60 0 0 68 0 0 40 0 36 0 0 28 17 50 0 0 11 0 0 0 41 0 0 0 0 0 0 0 0 0 0 0 0 0 0 0 0 0 0 0 81 81 26 0 0 0 0 0 0 0 0 0 14 31 0 0
97 18 14 0 0 86 0 0 0 0 67 0 0 0 0 0 99 0 0 0 0 0 0 33 0 55 0 0 0 0 0 0 0 0 0 53 0 0 0 0 0 0 0 0 0 0 0 0 0 0 72 0 85 0 0 0 0 0 0 10 0 0 0 0 0 0 0 0 0 0 0 0 54 0 0 0 0 0 64 70 0 0 0 71 0 0 0 0 0 0 0 0 0 0 0 68 0 0 0 0
0 96 0 42 47 0 15 85 0 0 0 0 0 0 0 28 0 0 0 76 0 0 0 0 0 0 0 0 0 0 0 0 0 27 0 0 0 18 53 0 0 0 66 0 99 0 0 52 99 5 0 0 93 0 0 0 19 0 42 0 0 82 30 26 0 0 0 0 0 79 0 0 0 0 0 0 46 0 0 0 0 0 0 0 0 0 0 0 40 0 66 0 0 0 0 0 0 67 0 0
44 33 94 0 0 62 0 0 0 0 0 8 0 0 0 0 43 0 0 0 0 0 0 0 0 0 46 0 0 0 0 0 0 28 0 33 0 0 0 0 0 0 0 58 0 0 90 0 0 0 0 0 0 0 75 0 46 0 0 37 0 0 0 0 0 0 0 0 88 0 0 0 0 20 59 0 41 0 0 0 0 91 75 0 0 70 0 0 0 0 0 0 0 0 1 69 0 80 20 0
0 95 0 0 0 0 0 63 41 0 0 0 0 0 76 60 0 0 0 0 0 0 0 0 65 0 20 0 51 0 45 44 0 0 0 0 98 0 0 0 0 0 0 0 52 0 52 0 0 0 0 0 79 0 19 5 0 0 47 0 17 0 0 0 94 0 0 0 9 0 0 0 0 0 0 0 0 0 0 87 0 0 0 0 13 64 89 0 45 0 0 77 62 0 0 0 0 0 0 24
0 0 0 0 40 0 43 0 0 0 24 78 0 0 0 0 0 0 90 0 0 0 0 0 0 0 15 49 1 0 0 0 3 0 95 0 0 0 0 0 0 0 0 0 0 40 0 0 0 0 0 0 0 0 99 0 27 0 0 72 0 0 3 0 0 0 0 0 0 0 0 0 0 63 0 0 0 0 0 33 0 75 100 0 45 0 0 0 0 0 0 0 84 0 0 0 0 97 37 0
5 0 11 0 0 37 64 0 0 0 33 0 0 0 0 0 2 0 53 0 0 0 0 0 0 0 0 0 0 0 0 0 0 0 69 0 41 25 57 0 92 90 81 0 64 0 72 0 35 59 0 0 0 0 0 0 0 0 0 0 94 0 0 0 0 0 0 0 0 3 0 0 0 0 0 0 0 0 0 0 0 0 0 0 0 3 0 0 0 0 0 0 15 0 24 0 0 0 8 0
0 0 0 68 8 0 86 0 0 62 19 0 0 77 0 0 83 0 0 0 0 97 0 0 0 0 0 0 47 44 0 0 0 0 96 0 0 0 93 0 0 39 0 0 0 0 8 0 0 0 0 0 0 0 0 6 0 35 0 0 0 0 2 0 14 94 0 0 0 0 0 54 0 0 0 0 0 42 0 0 58 0 54 0 71 0 0 0 0 0 72 0 63 0 0 0 0 0 0 77
0 0 0 0 27 0 0 68 0 0 0 0 82 0 0 98 0 67 0 0 0 44 0 0 0 0 0 0 0 0 0 44 0 0 17 0 0 0 0 0 0 0 0 12 74 0 0 54 0 61 0 0 0 0 0 0 0 0 0 69 67 0 23 0 38 89 18 0 47 0 0 0 93 80 0 0 0 0 23 0 0 0 0 0 0 2 0 0 0 0 0 46 0 0 13 0 0 0 0 0
0 0 0 0 0 0 0 51 0 0 0 0 0 0 0 77 10 0 0 69 66 0 42 0 71 0 0 0 0 22 75 0 35 0 0 0 0 0 0 36 0 0 0 0 71 49 0 46 0 0 0 70 0 0 0 70 0 0 0 0 79 20 0 0 0 0 0 0 0 5 33 0 19 0 64 0 0 56 0 0 0 91 0 61 0 27 91 0 0 0 0 2 0 0 0 0 0 32 0 0
92 0 0 0 0 0 3 0 0 0 0 0 0 0 0 56 0 0 0 0 0 79 0 0 0 0 0 53 0 0 0 0 0 0 93 0 0 0 0 0 0 0 0 0 97 0 0 0 0 0 0 0 0 55 0 0 0 0 0 0 88 0 0 0 0 27 0 85 0 2 97 0 0 39 0 0 0 32 0 0 0 0 49 0 0 72 0 0 57 50 43 0 0 80 0 0 0 0 0 0
0 0 83 0 0 0 0 0 0 0 0 0 82 0 0 0 81 0 0 62 44 0 0 0 64 0 0 0 0 0 0 0 0 0 0 0 0 0 54 0 0 0 0 0 0 0 30 0 0 0 0 0 0 0 0 0 0 0 0 0 77 0 0 72 0 0 87 0 0 0 0 0 0 0 0 0 0 0 0 0 0 0 0 0 0 0 0 0 0 0 0 19 0 0 7 93 0 60 0 0
0 46 22 0 90 0 0 78 0 15 0 0 0 0 0 0 0 0 0 0 0 0 94 0 0 0 0 68 0 0 0 88 0 92 0 0 0 94 0 0 0 0 0 0 0 0 93 90 0 0 0 34 0 0 0 0 0 68 0 0 0 0 0 0 0 0 0 0 0 0 0 0 0 0 0 0 0 25 0 0 17 0 0 0 0 0 0 0 0 0 0 0 0 72 57 87 95 0 0 26
0 16 0 23 23 0 55 70 7 0 0 0 0 20 0 0 0 0 8 0 0 62 0 35 0 0 0 0 0 0 45 73 0 80 0 13 0 0 0 69 0 83 0 0 0 0 0 0 0 28 91 0 0 27 0 0 0 0 0 0 0 41 0 0 0 0 0 79 0 0 0 0 65 0 0 0 0 0 0 86 63 0 74 0 0 0 0 0 0 0 60 81 0 0 0 3 0 2 0 0
0 0 0 0 75 0 0 0 0 0 0 0 0 66 74 42 83 0 70 0 0 0 0 0 0 94 86 0 19 0 5 0 0 0 0 0 0 0 0 0 79 14 0 0 0 0 88 0 0 0 0 0 58 0 0 85 17 0 0 0 0 0 0 32 0 57 0 0 96 77 0 0 0 0 0 0 0 0 0 0 6 32 0 0 86 0 94 0 0 0 0 35 0 0 0 0 0 0 0 0
0 0 83 0 0 0 13 68 0 99 8 0 0 0 59 0 0 0 54 0 0 5 0 0 10 0 86 0 0 0 81 0 75 7 0 0 0 0 0 0 10 63 0 0 0 0 3 0 0 0 0 0 0 0 14 0 68 0 0 0 47 0 0 0 0 0 19 0 44 1 0 7 0 29 88 67 0 87 0 0 80 0 0 0 0 0 0 0 0 0 0 0 0 58 52 0 0 0 0 69
55 0 0 0 0 84 35 0 0 0 0 0 0 0 32 0 5 96 0 0 0 0 0 0 0 0 0 0 25 0 0 0 0 19 0 0 0 0 0 0 0 0 0 0 0 57 40 13 0 0 0 0 0 0 0 0 0 0 33 0 91 0 0 70 0 0 0 0 17 15 0 73 17 0 0 0 0 0 0 0 0 0 13 0 0 2 57 0 0 76 88 0 0 40 5 0 0 55 0 62
0 0 0 0 0 0 90 0 0 0 0 0 0 0 0 0 55 0 0 0 0 0 0 0 0 0 0 0 0 26 56 0 0 21 0 0 0 0 0 0 0 0 0 0 0 0 39 0 0 0 0 0 0 0 0 39 0 0 0 22 0 79 0 0 61 0 0 0 0 0 0 5 0 0 8 0 0 2 18 0 0 0 0 81 0 0 0 0 0 79 0 0 0 0 0 0 0 0 0 0
35 0 0 99 71 9 97 35 37 16 0 0 20 0 51 0 0 0 0 0 0 0 39 0 0 100 0 0 92 0 0 0 0 0 0 0 0 53 0 12 33 47 0 0 0 0 0 0 0 0 0 0 0 35 0 81 23 0 0 0 0 56 0 0 97 0 0 0 0 0 46 63 61 0 4 0 0 0 0 0 0 0 94 0 0 0 0 0 0 0 0 0 9 0 0 0 0 79 64 0
0 0 0 0 0 0 0 16 0 36 49 0 0 74 0 0 80 0 11 8 76 0 0 0 31 83 0 0 3 0 0 0 0 90 0 0 0 70 0 0 0 56 0 0 0 43 0 0 0 69 0 0 0 0 0 0 0 69 0 0 56 21 0 0 0 0 0 0 0 98 0 25 0 0 18 0 0 0 0 0 0 0 0 0 0 14 86 0 54 10 0 0 0 2 0 0 51 0 0 0
50 0 46 0 34 0 0 70 0 0 0 0 0 0 0 0 0 0 91 0 0 86 0 0 0 7 0 0 0 0 0 90 0 0 0 0 43 0 0 56 0 0 0 0 0 23 0 0 33 0 0 0 0 0 0 99 0 0 0 0 0 99 0 64 0 18 45 0 69 0 0 0 2 0 3 0 0 0 0 0 0 0 0 0 0 100 0 0 0 0 0 0 0 0 0 0 0 49 49 0
0 0 0 44 0 0 0 19 0 0 33 0 48 80 0 0 0 0 0 0 92 0 0 0 0 0 0 0 0 0 0 100 0 0 0 0 0 48 45 0 0 30 0 0 79 0 0 0 0 0 0 0 0 70 0 0 0 0 0 1 98 0 0 0 0 49 0 0 0 0 0 0 0 76 35 0 50 68 0 0 0 0 0 0 34 98 66 0 0 49 0 0 0 82 0 90 13 25 0 0
99 0 67 71 97 0 74 0 26 86 0 0 0 0 0 0 0 0 0 26 51 0 0 0 0 0 0 10 0 0 0 61 0 0 0 0 0 0 86 0 0 0 0 0 67 96 0 0 0 12 0 0 0 0 0 0 83 0 99 0 0 0 0 0 0 0 3 0 0 0 84 0 4 0 94 67 0 0 0 0 0 33 0 0 0 95 0 11 0 32 0 0 26 0 0 0 0 0 0 0
0 0 91 0 0 0 0 0 11 49 0 0 0 0 0 0 0 0 10 94 0 0 22 62 0 25 8 0 0 0 71 0 0 0 0 0 0 0 0 0 0 16 0 3 7 0 0 0 0 0 0 0 0 0 0 0 0 0 55 23 23 0 0 0 79 0 0 0 0 0 0 0 0 92 12 0 0 88 0 0 0 73 0 81 0 0 0 5 0 49 0 0 0 20 0 0 0 0 81 0
26 0 0 0 0 0 0 64 84 61 0 0 0 32 0 0 0 0 0 0 0 0 0 0 0 0 0 0 0 82 0 0 0 0 0 0 0 51 0 0 0 0 0 0 0 0 100 89 0 0 0 0 40 0 0 0 0 0 100 0 0 0 0 0 2 17 0 0 33 0 0 0 76 13 0 0 0 41 0 0 40 92 0 0 0 0 0 0 0 86 0 0 0 69 0 0 0 0 0 0
0 0 0 0 0 0 24 87 0 0 98 0 0 0 35 11 0 0 0 0 32 0 0 0 0 34 0 0 86 0 0 0 0 0 0 0 49 0 74 0 0 98 0 0 0 0 0 0 0 0 0 0 35 0 0 0 0 0 0 81 0 0 0 0 0 0 0 17 0 0 62 29 0 0 86 6 0 0 0 49 0 0 0 1 0 0 0 0 0 0 90 0 0 0 94 62 0 0 0 0
35 13 67 0 87 6 0 0 0 0 0 83 0 0 0 0 0 0 0 0 89 0 0 0 0 0 0 0 0 0 0 0 0 0 0 0 0 0 0 0 0 0 0 0 0 0 0 0 0 0 95 76 0 0 0 0 0 0 98 0 0 0 84 85 16 0 0 0 0 0 0 92 0 69 58 0 30 94 0 76 0 0 0 0 99 0 0 0 0 0 0 0 0 0 0 0 0 38 0 0
0 0 0 0 34 0 0 0 0 0 33 0 23 33 0 0 0 0 0 0 0 0 35 11 0 0 14 0 96 0 0 79 0 0 0 0 0 0 0 0 0 24 2 0 0 0 0 0 0 0 0 0 0 0 66 13 66 0 8 0 0 0 5 0 0 0 75 21 95 43 0 0 0 0 0 0 0 75 0 0 75 0 64 0 16 50 97 0 0 43 27 0 0 0 0 0 0 10 13 0
0 0 0 0 0 0 75 62 0 0 0 36 0 0 0 0 0 0 0 0 0 0 0 52 41 0 0 0 0 61 0 0 0 0 0 0 0 0 0 0 0 0 0 0 0 0 0 0 66 0 0 93 59 0 0 0 0 0 0 0 0 0 0 73 0 0 0 0 0 0 0 0 19 84 0 0 0 0 0 0 11 0 0 77 0 0 9 0 0 14 0 6 0 0 0 0 0 0 89 0
93 0 0 0 0 77 0 0 41 47 0 0 0 0 0 0 0 0 0 0 0 64 26 0 0 0 6 0 0 4 0 0 0 0 37 50 0 0 0 38 0 91 91 0 0 0 0 80 14 51 87 0 0 0 0 0 0 47 35 0 0 0 0 0 28 0 0 0 0 0 31 4 68 0 0 0 26 0 0 0 34 29 0 33 0 0 0 0 13 0 92 0 0 88 0 0 0 0 0 22
0 0 0 0 0 0 0 0 0 0 37 0 0 0 49 0 0 0 21 0 0 0 0 0 0 0 0 0 0 35 33 0 0 0 0 66 46 0 0 83 24 0 0 0 0 85 0 15 21 0 0 30 0 13 0 0 0 0 0 23 44 0 0 0 82 0 0 0 0 0 68 71 0 0 0 0 81 0 0 0 0 86 0 0 0 0 55 0 33 0 0 29 0 0 0 44 44 0 0 0
33 0 71 93 0 0 0 84 0 0 0 79 0 0 0 0 0 0 0 0 0 100 0 0 0 0 0 0 0 0 0 0 0 0 0 45 0 0 0 0 0 0 0 0 0 58 0 0 0 0 0 81 0 0 0 0 61 0 0 0 22 70 0 0 0 0 0 0 0 0 67 0 0 0 0 27 0 0 0 0 0 0 62 0 0 0 0 96 0 45 81 0 0 31 0 0 76 75 0 0
0 0 0 0 68 0 0 0 0 0 0 0 0 85 0 0 0 0 0 0 0 0 0 42 0 0 58 30 90 0 0 35 0 0 0 13 0 32 0 0 0 0 0 91 27 0 0 0 0 0 0 0 73 0 0 71 0 0 0 0 51 0 43 0 0 0 0 0 62 88 0 0 43 0 0 0 0 0 0 15 0 0 0 4 0 0 0 0 0 0 18 33 39 0 0 0 0 0 0 61
57 0 0 0 1 0 0 0 0 0 0 0 0 0 0 0 0 0 0 0 0 0 80 72 0 0 0 0 0 0 46 0 16 0 0 0 0 40 0 0 0 91 15 0 0 0 93 0 10 0 0 0 0 0 0 24 0 72 0 0 0 4 0 0 0 0 0 55 0 0 0 90 0 41 34 0 0 0 0 0 0 0 46 53 0 0 0 0 91 0 47 15 0 0 0 0 37 0 43 86
0 23 48 27 30 0 0 90 0 0 0 0 0 0 0 0 0 36 38 46 76 0 0 0 0 0 86 0 0 49 98 0 0 0 0 0 0 0 0 0 0 0 0 0 83 0 0 97 0 0 0 0 0 0 0 0 0 0 0 0 0 52 0 0 95 14 0 0 0 0 0 0 2 0 0 0 0 0 80 63 0 0 0 0 90 0 97 0 0 0 0 0 7 0 60 0 0 0 86 60
0 100 0 0 0 0 0 0 0 0 0 0 0 0 0 0 0 38 0 0 0 0 26 0 80 0 0 0 0 0 0 37 0 0 39 75 61 0 0 58 54 23 0 0 0 57 0 0 0 0 0 0 0 0 0 43 0 0 0 76 49 0 55 0 34 69 0 0 0 3 0 0 16 0 65 0 0 46 0 0 0 0 0 0 0 0 0 18 0 0 0 0 0 0 0 0 0 0 0 0
0 0 96 76 0 0 78 0 0 0 11 14 11 13 0 0 0 35 0 0 76 98 0 0 0 0 74 0 0 0 0 14 24 0 0 26 0 0 9 0 0 0 0 0 0 0 13 0 0 0 0 0 0 0 40 10 47 0 0 0 0 0 63 0 0 30 0 0 0 0 0 45 0 94 0 0 0 0 0 0 0 0 0 74 0 46 0 0 0 0 0 0 0 31 0 0 0 0 0 47
0 0 24 0 0 97 86 17 0 14 0 0 0 0 0 0 76 0 0 0 0 89 0 12 76 94 73 38 0 0 0 0 0 0 0 0 0 0 78 0 71 0 53 13 0 79 0 23 66 0 89 0 0 0 11 0 0 0 26 0 98 58 97 0 0 0 0 0 0 0 0 0 0 0 0 0 0 0 58 29 31 0 0 32 0 0 0 0 4 37 0 0 17 0 0 0 0 94 0 0
78 0 0 61 0 1 0 39 0 0 0 0 0 0 0 47 0 45 0 38 32 0 0 0 0 70 0 0 29 78 25 56 0 0 0 0 81 0 0 0 0 0 70 0 45 0 0 0 0 0 0 0 0 0 0 28 24 0 0 0 0 0 95 49 0 0 0 0 94 0 0 0 16 96 0 0 0 74 0 18 0 0 70 85 0 0 0 0 0 0 93 0 0 0 6 0 0 0 0 0
0 0 0 0 39 85 0 89 0 17 0 0 75 0 62 0 0 0 7 0 0 0 0 0 0 0 0 0 0 0 0 0 0 0 45 0 47 0 0 39 0 32 0 0 0 0 0 47 0 6 86 0 0 73 0 33 0 0 0 0 0 0 0 0 65 0 0 0 6 0 0 0 0 0 0 94 0 0 42 55 0 0 23 21 0 0 0 61 0 0 0 0 0 0 73 0 29 84 0 0
0 0 53 0 0 0 0 0 0 0 0 0 0 0 0 7 0 0 85 16 26 0 0 46 0 34 0 0 0 0 49 0 64 0 0 67 0 0 68 0 0 0 0 0 0 0 0 35 0 0 17 0 36 0 0 0 0 0 0 0 0 0 1 0 0 70 74 34 82 0 0 72 31 0 0 0 0 18 87 4 0 18 78 0 0 0 0 0 0 0 0 0 0 0 0 0 66 0 0 0
22 0 0 0 20 0 0 0 0 0 0 0 0 0 23 0 51 0 0 0 0 0 69 0 33 0 0 96 0 0 0 0 0 0 0 0 0 0 0 0 0 0 52 0 15 64 0 0 0 0 0 0 0 0 0 0 39 0 0 0 0 0 0 0 0 0 0 0 0 0 0 0 0 0 0 0 0 0 0 0 0 0 0 0 0 0 0 2 0 0 9 0 85 0 0 0 0 45 0 0
49 0 0 20 0 0 0 0 0 0 0 0 0 74 0 0 41 0 0 0 0 0 0 0 0 0 0 0 0 0 0 0 0 0 0 0 0 0 0 0 0 0 0 0 34 0 0 41 98 0 0 0 82 16 0 0 0 0 39 0 0 23 0 86 0 0 0 0 0 0 0 0 0 0 0 0 0 0 0 0 0 0 0 73 0 0 15 0 0 0 0 0 0 0 0 0 11 61 37 0
0 82 0 0 0 0 0 0 92 0 0 0 92 0 0 54 0 76 0 60 0 0 18 49 75 0 0 0 0 0 0 0 44 0 0 0 55 0 53 27 0 40 0 69 0 33 0 0 0 0 85 0 0 0 0 0 52 7 0 0 90 0 0 0 0 0 0 0 0 49 0 0 0 38 52 0 0 60 0 0 0 0 0 0 0 0 0 0 0 0 0 0 22 0 55 0 0 0 0 0
0 0 0 0 0 0 24 14 0 0 35 14 0 0 0 49 0 0 0 0 0 0 90 0 0 0 0 0 0 99 0 0 0 0 0 0 41 0 0 0 0 90 0 0 46 0 0 0 0 0 0 31 0 66 30 36 0 0 0 74 0 78 0 0 0 0 0 0 0 0 0 0 0 0 0 2 74 0 92 39 0 78 42 0 0 29 40 0 100 35 0 0 0 67 0 49 0 0 0 0
0 0 0 0 0 0 0 62 0 100 0 70 32 0 0 0 0 0 0 0 0 0 0 32 0 0 0 84 0 10 0 0 11 0 0 0 0 55 0 0 0 87 0 0 0 0 39 0 0 0 0 0 0 0 0 0 0 0 0 0 23 22 0 0 0 0 0 0 1 100 0 46 0 55 53 33 81 0 0 0 0 70 0 0 76 11 0 0 0 0 0 35 0 0 0 0 0 0 0 97
0 83 0 37 54 0 0 0 0 65 0 63 64 0 0 0 0 0 0 0 0 0 0 74 9 0 0 92 20 0 0 0 0 0 0 4 0 0 0 0 0 35 0 0 0 0 0 91 0 51 0 0 0 0 10 0 26 0 79 0 0 0 0 0 0 53 0 0 0 0 0 0 31 93 0 0 0 0 0 0 0 0 99 0 0 0 0 0 0 0 0 11 33 56 0 23 0 0 0 0
57 0 78 0 0 0 0 0 0 66 0 0 72 0 67 68 0 0 0 0 0 62 0 0 53 38 0 0 0 0 0 47 0 0 0 0 0 0 74 0 0 0 100 0 0 0 0 0 24 0 0 0 0 0 0 0 0 0 45 0 34 0 0 26 59 0 0 0 0 0 0 0 36 0 0 0 87 6 0 0 0 0 0 0 0 29 0 26 99 0 18 0 0 0 4 0 0 0 0 92
0 25 0 0 98 0 0 0 0 0 0 0 0 11 0 11 0 15 0 0 0 0 99 0 0 0 0 14 83 0 0 82 0 0 0 0 0 0 0 0 0 0 0 82 39 0 0 1 0 0 43 0 33 0 0 0 0 0 0 0 0 0 0 32 0 47 0 0 0 0 0 0 0 23 0 0 0 0 55 29 25 0 0 0 0 0 0 0 28 0 0 0 0 0 0 0 0 0 0 35
0 0 0 15 0 0 0 0 22 0 17 22 61 0 0 0 0 92 0 0 0 0 0 0 25 0 0 0 18 0 63 52 0 0 0 0 0 0 0 0 0 0 0 35 81 0 0 4 43 64 32 0 75 0 0 0 0 0 0 0 43 33 0 0 0 64 0 0 0 88 0 24 0 80 0 34 0 0 35 0 11 49 0 98 69 42 0 0 0 0 0 0 0 0 68 0 53 0 0 0
0 0 0 70 0 0 12 0 0 0 0 0 0 0 0 0 0 0 0 0 0 96 0 0 0 33 66 42 0 0 75 0 0 0 0 30 0 48 96 0 0 0 0 0 0 0 2 0 0 0 0 0 0 0 0 0 0 12 0 0 0 0 0 0 0 0 0 0 20 0 62 0 0 0 0 0 28 0 0 0 0 37 0 0 0 0 4 78 0 0 0 0 0 0 0 0 93 0 0 0
53 0 0 0 0 0 0 65 0 0 0 0 79 0 75 0 4 0 3 22 0 16 66 93 0 0 0 0 0 0 1 0 0 0 0 0 21 0 20 0 0 8 0 0 0 0 0 47 7 0 0 0 81 0 0 0 1 38 26 0 0 0 0 0 55 0 0 0 0 29 92 0 0 0 0 14 0 0 74 0 0 36 47 0 0 0 0 100 82 0 0 0 0 86 0 0 0 31 0 0
0 0 0 7 0 0 0 0 0 0 0 85 19 0 33 54 0 0 0 0 0 74 0 0 0 88 8 0 0 0 27 0 0 0 0 0 0 28 0 0 0 0 0 0 0 0 0 70 3 22 0 71 0 0 44 0 0 0 88 0 0 0 0 0 0 0 0 0 0 63 0 0 43 0 0 9 0 86 0 0 0 7 0 0 0 0 97 0 0 66 0 0 0 0 0 0 0 0 0 0
0 0 0 0 13 45 0 0 0 81 0 0 0 0 97 0 0 0 0 0 0 0 0 63 29 0 0 0 0 0 88 0 47 0 0 0 0 0 0 47 0 21 0 0 0 0 32 47 0 0 0 17 74 0 0 0 0 0 0 0 79 0 92 0 0 19 0 0 86 0 0 0 0 13 0 56 88 69 0 0 0 0 0 0 0 10 0 0 0 2 0 0 0 0 0 95 33 0 18 0
0 0 0 0 0 91 0 0 83 80 0 0 57 0 0 0 0 0 0 0 0 0 0 0 0 0 0 0 0 32 0 0 0 0 91 0 0 0 0 0 0 15 90 0 0 0 0 0 100 0 54 0 0 0 0 0 0 62 0 17 0 89 0 0 0 68 0 0 0 0 0 0 0 0 0 0 0 0 0 0 0 0 0 0 92 0 0 0 0 0 70 0 0 0 0 0 0 56 0 0
0 0 0 58 0 0 0 0 0 0 0 0 0 0 30 0 16 0 0 0 0 0 0 91 0 0 0 0 0 0 0 0 0 0 87 0 93 0 52 0 0 0 36 83 0 0 0 0 0 0 33 0 65 0 0 0 0 0 0 0 0 0 0 42 0 0 0 0 34 0 0 0 0 0 0 0 0 0 0 0 0 0 38 80 23 0 51 0 0 0 0 81 0 0 0 96 0 0 16 0
0 33 0 0 0 52 0 20 0 0 0 0 96 0 0 0 29 0 41 0 0 0 0 0 0 0 0 29 0 87 0 0 0 0 20 0 0 64 0 0 0 0 0 0 75 0 0 99 0 0 0 76 0 0 0 0 0 0 60 0 0 0 47 0 71 0 0 84 0 0 0 0 0 0 0 42 0 0 79 0 0 82 0 0 0 0 84 0 0 0 0 95 0 99 0 0 0 0 0 80
0 0 0 0 2 0 0 0 0 0 38 49 0 0 0 0 0 0 79 0 0 0 0 0 0 0 0 99 0 0 0 0 0 0 0 0 0 0 93 3 0 0 0 79 26 92 0 0 0 0 37 0 51 0 0 21 3 0 0 0 0 0 7 0 0 0 0 0 95 0 17 0 25 0 0 0 0 0 0 14 69 99 27 95 0 0 88 0 76 0 0 0 81 11 0 0 0 0 0 29
0 0 87 0 0 3 0 87 0 0 22 0 32 0 0 0 0 0 0 0 0 1 0 0 0 0 0 18 0 73 0 52 0 0 0 0 52 0 0 0 21 42 0 0 0 0 7 0 0 0 0 0 0 0 0 0 0 0 0 0 0 0 0 0 94 0 0 0 0 0 0 0 0 0 48 0 0 0 0 0 0 99 29 0 0 0 0 48 42 0 0 0 0 0 0 0 0 0 0 47
0 3 48 1 0 0 0 0 0 22 0 0 0 0 99 59 0 0 0 0 100 0 46 0 0 0 0 0 2 0 0 0 0 0 0 0 23 0 0 0 0 0 0 0 6 0 0 0 86 0 0 0 0 0 99 34 98 0 35 0 0 0 1 0 29 68 0 0 0 0 0 0 56 0 41 0 8 77 0 0 0 0 35 2 37 69 0 25 0 0 0 7 0 0 0 0 0 0 0 0
0 87 0 0 83 97 0 0 36 26 91 0 0 92 0 0 0 59 0 0 0 0 0 0 0 0 0 0 0 0 0 0 0 0 65 0 100 0 0 0 45 98 0 0 3 0 0 0 5 0 0 0 0 0 0 0 0 58 0 0 0 0 0 0 0 0 0 45 0 84 0 0 0 41 0 0 0 0 0 32 94 93 51 0 0 0 0 0 0 0 0 0 0 0 21 0 0 0 0 0
0 0 10 66 31 0 0 0 54 0 0 19 26 0 0 35 0 0 73 0 0 2 0 78 0 0 0 72 15 0 0 60 0 17 62 0 64 0 18 0 0 15 0 0 0 0 0 0 0 0 93 0 13 0 62 23 91 0 0 18 0 0 68 0 0 39 0 39 39 0 0 0 0 0 0 78 66 41 0 0 29 28 0 0 0 0 0 0 0 0 0 0 0 51 0 0 0 0 22 40
0 0 1 50 84 0 0 0 0 0 46 65 0 0 0 55 0 32 39 0 57 0 96 0 0 19 3 0 76 0 0 42 55 0 0 0 0 0 0 0 79 0 0 0 15 24 62 0 49 0 81 0 0 0 0 0 0 5 0 0 0 5 84 98 0 0 0 0 77 0 29 0 85 0 0 0 0 0 43 0 7 0 94 9 0 0 0 86 0 0 47 0 15 31 0 0 0 0 0 0
29 0 43 0 0 28 0 30 0 0 82 0 0 74 0 0 0 0 0 0 0 0 91 0 0 0 0 0 0 0 0 0 0 0 0 0 0 0 0 0 0 0 0 0 0 0 0 85 43 33 0 0 0 0 73 0 0 0 21 0 0 0 0 0 0 0 0 0 14 0 0 0 0 0 0 0 0 0 0 0 0 0 0 0 0 0 0 0 0 0 0 17 22 0 0 54 0 97 45 0
0 9 0 63 0 30 6 0 61 79 0 0 0 95 18 72 0 0 0 0 94 0 0 0 0 0 0 0 0 0 0 0 0 0 0 18 0 0 76 0 5 0 0 0 3 27 76 0 0 0 0 86 0 0 0 69 0 4 0 93 0 1 0 50 0 0 0 0 0 0 0 0 0 0 0 0 0 85 0 0 37 0 84 87 64 0 0 0 77 0 4 50 96 0 0 0 0 0 12 19
0 0 0 0 0 0 0 0 0 0 13 0 0 0 0 0 0 0 55 0 3 0 75 0 60 0 0 5 64 0 0 61 0 0 0 0 0 0 0 0 0 52 0 0 0 0 52 0 81 0 0 48 1 61 0 0 0 0 0 58 0 0 0 0 43 91 0 0 72 0 0 0 0 0 0 0 0 0 0 0 0 0 0 0 0 0 0 0 0 0 0 0 0 92 0 0 0 0 0 0
0 0 0 0 0 66 79 0 0 0 0 0 73 0 0 0 0 0 40 0 0 0 0 0 0 0 0 58 64 79 0 0 0 0 0 0 44 0 0 0 0 0 0 0 58 0 35 0 0 0 0 32 55 0 65 0 0 0 30 0 0 0 12 23 0 0 0 72 0 0 0 97 52 0 37 0 0 0 0 0 9 0 0 0 0 0 0 0 0 0 85 11 0 0 0 0 0 0 0 0