100
0 0 0 30 0 0 88 0 48 45 0 29 0 36 25 86 0 0 0 0 0 0 0 0 0 0 0 0 0 91 0 11 0 0 0 0 0 0 0 74 0 0 0 0 0 0 30 0 64 0 0 0 15 0 0 0 0 0 0 0 0 82 8 0 0 0 0 0 100 0 0 0 0 0 0 0 0 0 56 65 0 0 88 15 0 0 0 0 0 0 0 0 0 0 0 0 42 0 0 0
0 0 81 0 0 0 0 0 0 42 0 0 0 14 0 0 0 0 0 0 0 0 0 47 0 0 0 0 0 0 0 0 54 0 0 95 0 0 0 0 19 0 0 9 0 0 59 0 0 23 0 0 0 75 0 79 0 0 74 0 0 0 0 93 0 86 0 0 34 0 0 0 0 18 0 0 34 0 0 0 0 0 0 0 0 0 0 73 0 0 0 0 53 0 0 0 0 0 0 0
0 0 0 0 0 60 54 3 0 0 60 3 32 0 0 0 34 0 0 0 0 35 0 0 0 63 97 0 0 0 30 0 0 89 0 0 0 0 0 0 0 0 4 45 0 0 0 68 0 95 0 0 0 3 0 0 0 0 0 0 0 0 0 92 0 0 0 0 0 0 0 0 0 0 0 0 0 0 0 0 77 0 0 33 0 0 0 28 0 0 0 0 0 0 57 0 0 0 0 0
0 0 0 0 0 0 0 0 0 80 53 0 0 0 0 0 0 0 0 0 0 0 0 0 0 0 0 0 0 0 0 1 66 0 0 0 0 0 0 0 80 9 0 0 0 0 0 77 48 43 0 0 0 0 15 0 99 0 70 0 0 100 0 0 0 0 0 0 0 0 0 0 68 0 5 0 73 0 0 0 0 36 0 14 0 91 18 0 68 0 0 71 0 0 0 0 0 0 0 0
0 0 14 0 0 70 32 49 33 0 0 86 0 0 0 0 0 0 0 39 0 0 0 0 0 0 0 0 0 0 0 0 0 47 0 0 0 0 88 0 0 0 0 64 0 0 0 0 96 0 0 0 0 25 0 0 0 0 0 0 0 0 73 39 0 0 0 0 37 0 82 0 5 45 52 30 0 0 0 0 0 0 27 0 0 0 0 0 0 0 52 0 0 0 88 0 0 0 0 92
0 0 0 0 0 0 0 63 75 0 0 0 97 0 0 0 0 0 0 0 0 0 0 0 0 0 50 81 0 0 0 0 0 0 52 57 0 31 81 0 0 23 0 17 0 0 0 19 60 52 0 0 0 96 0 0 0 18 34 0 0 26 88 0 0 0 0 0 0 0 0 0 0 0 73 60 0 0 0 41 0 0 0 0 0 0 0 3 90 0 11 36 54 0 0 0 0 0 0 0
24 0 0 10 0 68 0 0 80 0 0 0 0 0 0 0 0 0 0 0 0 0 22 43 0 0 0 0 0 0 64 0 0 0 83 0 44 0 36 18 0 0 65 0 0 14 3 0 0 35 0 43 0 92 0 50 78 81 0 0 0 0 0 4 0 0 33 0 95 0 0 6 51 0 4 0 0 0 0 0 72 0 52 0 96 0 93 47 0 0 0 0 33 0 0 0 41 0 0 0
0 0 0 33 80 68 0 0 0 0 0 0 0 0 0 16 0 32 0 31 0 21 35 60 61 11 39 0 88 0 0 12 0 0 0 0 0 0 0 0 46 0 0 6 0 0 0 4 100 0 0 21 0 0 37 0 0 40 98 0 0 0 0 0 0 0 0 83 0 22 0 0 0 0 0 0 0 0 0 0 0 0 0 0 0 54 0 0 59 0 0 27 0 0 37 0 0 0 0 0
0 0 0 0 13 0 18 61 0 0 0 62 0 0 96 68 45 42 0 5 0 0 0 0 83 0 96 0 0 0 0 0 5 0 0 0 0 0 0 0 0 0 69 0 0 0 0 0 90 0 0 0 0 0 0 100 0 0 0 73 0 28 0 94 88 0 33 98 0 0 0 0 0 0 97 0 0 49 0 0 12 0 59 0 0 39 0 0 59 0 0 6 0 0 0 0 0 0 60 0
0 0 0 0 0 0 0 0 80 0 0 0 0 0 0 0 0 0 0 0 0 0 0 0 0 0 0 0 0 20 0 0 0 0 0 0 0 75 0 0 0 90 0 19 0 11 0 15 0 0 0 22 0 0 96 0 0 98 0 0 80 0 0 0 0 0 0 0 0 16 0 0 0 0 0 42 0 57 0 0 0 0 0 0 19 24 0 0 0 0 0 32 0 74 0 89 51 0 0 0
11 0 0 70 0 4 0 0 77 0 0 0 58 0 52 82 81 0 0 0 0 95 0 0 0 0 0 0 0 0 0 37 0 0 0 0 0 0 0 0 0 0 16 0 69 0 58 0 0 7 82 0 0 64 0 0 0 0 0 0 88 0 0 0 0 0 0 10 0 0 0 0 0 67 0 0 0 64 0 0 0 0 0 0 0 40 0 0 4 0 55 0 0 0 0 0 0 0 0 0
0 0 0 93 0 0 0 92 0 0 18 0 0 90 0 0 0 52 0 0 38 0 0 20 95 0 0 0 0 0 0 0 0 0 0 0 21 0 0 0 0 0 0 26 40 0 0 0 0 0 0 0 0 43 0 79 0 0 3 0 23 0 0 0 0 0 0 76 0 34 0 0 0 0 0 0 0 0 92 0 0 0 0 0 71 0 0 32 32 0 0 0 94 22 0 0 0 0 0 0
0 0 0 0 0 0 0 0 57 0 0 0 0 0 4 0 0 71 0 0 37 0 0 0 0 23 0 0 0 0 0 0 0 0 71 64 26 94 0 0 5 0 70 0 0 91 0 0 0 0 0 7 78 0 68 0 0 0 73 19 0 0 91 0 0 4 22 43 98 0 0 0 0 16 0 0 0 0 29 0 0 0 0 0 0 0 0 0 14 86 0 0 9 0 0 64 0 0 0 0
0 0 19 0 0 0 58 96 0 0 0 0 0 0 19 0 0 0 0 0 0 0 81 0 0 48 0 82 0 0 0 0 18 0 0 0 0 0 73 0 0 0 0 0 0 0 46 0 87 0 0 0 0 84 0 0 0 0 0 0 2 0 0 88 0 0 79 67 0 62 0 0 98 0 13 0 41 0 0 0 0 0 0 48 6 29 12 0 94 0 0 0 0 16 0 0 95 0 0 0
0 49 0 0 0 0 0 0 0 0 0 0 0 0 0 37 0 0 0 38 0 0 0 0 0 0 95 22 22 33 0 0 0 0 0 88 0 0 0 0 0 2 0 0 38 0 0 0 77 0 0 75 0 0 0 0 78 0 0 97 91 0 0 70 0 99 44 0 0 0 0 0 0 0 41 0 0 0 14 69 0 0 65 0 0 0 23 0 12 0 0 0 0 0 0 44 0 0 0 0
0 0 1 44 0 0 0 0 0 80 0 12 10 0 0 0 0 51 0 0 0 0 0 0 0 0 94 0 0 0 0 0 0 0 0 88 0 40 0 0 0 0 0 89 54 0 36 33 0 0 0 0 0 52 0 0 0 0 0 0 0 0 0 0 20 0 0 99 0 0 0 0 51 0 0 0 0 0 0 72 0 0 79 0 0 0 0 0 0 0 0 0 0 98 78 0 0 0 36 0
0 0 51 52 79 0 0 0 0 70 0 77 0 0 0 70 0 0 0 0 0 0 0 88 83 85 28 99 0 0 0 63 66 82 55 30 0 0 56 0 46 0 0 28 0 3 0 34 79 0 0 41 0 0 0 3 64 0 0 4 0 0 0 68 0 0 0 92 0 0 9 0 0 0 0 0 0 34 0 58 0 39 0 0 19 0 2 0 0 94 0 0 0 0 0 0 0 0 0 93
81 80 0 0 0 0 0 0 0 0 0 0 0 66 0 0 0 0 0 0 68 0 34 0 0 0 19 0 0 0 0 0 45 64 0 0 0 77 0 0 0 69 0 32 0 70 0 0 56 19 0 0 0 21 0 0 96 0 0 0 0 0 68 0 0 67 0 0 0 0 4 0 7 0 0 78 0 0 0 0 0 0 0 0 0 0 48 0 0 0 0 16 0 0 0 0 75 0 0 12
35 0 97 0 0 0 4 0 75 0 0 0 21 0 0 0 80 0 0 0 0 0 0 0 90 0 22 84 0 0 56 0 0 0 0 0 0 0 0 0 0 0 0 92 0 0 0 0 0 0 37 0 0 0 0 0 0 0 0 0 14 0 91 0 0 0 62 73 0 0 0 0 2 0 0 0 0 0 0 0 0 0 0 0 0 99 56 0 0 0 0 0 0 0 0 74 0 0 16 0
9 8 0 0 56 0 0 0 0 0 0 0 0 25 0 0 28 0 0 0 0 3 0 0 0 0 0 100 0 0 55 32 0 0 0 19 0 0 0 47 96 29 0 0 84 0 0 0 53 0 48 0 0 8 0 0 0 0 0 0 16 0 0 59 0 0 0 83 0 0 21 0 0 60 0 0 54 28 0 0 0 0 0 0 0 0 0 0 86 0 0 0 0 68 0 0 0 0 0 0
0 28 0 0 77 64 76 0 0 0 99 0 0 0 0 0 0 0 0 0 0 0 0 0 0 0 0 0 0 0 0 0 0 0 0 0 0 0 0 0 0 0 58 0 0 0 0 0 66 0 0 85 0 0 55 0 0 0 0 0 0 31 0 31 18 0 61 91 0 50 92 41 62 0 0 0 93 54 85 0 71 0 0 15 15 0 0 6 0 0 0 0 0 0 0 0 0 0 27 0
0 0 0 0 95 0 0 13 90 0 0 0 0 0 0 0 0 89 0 0 0 0 0 0 0 0 0 0 1 0 0 0 0 0 0 0 0 100 0 0 0 0 0 0 0 0 0 0 0 0 0 0 0 84 0 0 0 0 0 0 0 0 0 0 0 0 0 0 0 79 89 0 0 0 0 0 24 0 4 99 0 14 0 0 0 46 36 0 41 72 0 0 0 0 99 0 0 0 0 0
76 71 0 0 0 0 0 0 49 0 0 31 0 0 0 0 0 0 0 0 0 0 0 0 0 0 0 0 0 0 0 0 81 0 38 69 0 0 0 0 66 0 0 0 0 0 0 50 0 0 81 75 58 25 0 0 0 0 0 0 67 24 0 0 0 77 0 0 0 0 0 0 68 0 0 0 0 0 53 0 30 0 0 95 0 39 88 61 0 0 41 0 30 0 0 14 0 0 0 0
0 0 0 0 0 0 0 0 0 0 0 0 77 87 0 0 0 0 0 0 0 0 0 0 0 0 32 0 28 0 0 0 0 33 0 0 53 0 0 0 0 0 75 0 0 0 0 23 0 0 0 0 0 0 0 99 77 0 0 90 0 0 0 0 0 0 0 60 0 0 0 41 0 0 28 0 0 0 63 0 0 0 0 0 0 0 0 65 28 0 0 0 0 0 0 84 0 0 0 91
0 0 0 75 0 48 19 0 58 0 0 0 15 0 0 0 0 0 0 0 0 0 0 52 0 0 0 0 86 0 73 0 0 0 0 78 97 0 59 0 0 81 17 0 0 0 0 0 0 0 0 0 0 58 0 11 0 0 0 0 0 0 0 0 0 33 35 0 0 20 14 0 60 0 41 52 0 0 55 0 0 0 23 30 0 0 0 0 0 0 0 0 63 0 0 0 0 0 0 0
55 0 76 0 0 0 0 0 0 0 0 0 0 27 74 0 0 0 0 0 0 0 0 0 65 0 0 0 8 0 0 0 0 33 0 0 0 0 0 39 0 22 39 0 0 0 0 0 0 0 0 0 86 0 0 0 6 0 4 73 0 0 0 0 16 60 0 0 0 38 14 0 54 0 0 0 81 0 91 0 0 71 0 66 0 0 0 0 0 0 0 61 33 0 16 91 0 0 0 0
0 0 0 66 0 0 0 0 0 41 0 0 40 29 0 0 0 0 23 0 83 0 73 0 0 0 0 77 0 0 0 39 44 0 0 0 0 0 0 0 0 0 0 0 92 0 0 0 22 33 0 0 0 0 0 0 95 0 0 91 0 0 93 0 0 0 0 0 0 36 0 89 0 0 92 30 0 0 0 0 86 0 0 0 68 0 0 6 0 0 0 47 55 0 0 0 0 64 0 0
55 0 26 0 0 0 0 0 0 0 54 0 0 79 0 0 0 0 0 68 0 0 0 0 0 0 0 0 0 0 0 0 0 70 0 0 0 54 0 0 0 0 0 0 10 80 0 0 78 16 0 0 0 0 0 0 30 0 0 93 0 0 0 0 88 73 0 0 0 0 0 0 0 0 0 0 0 0 20 0 12 0 0 0 0 0 0 0 83 20 0 27 16 0 0 0 0 36 0 0
0 33 0 90 0 0 0 0 0 0 0 93 0 74 0 94 0 3 0 0 0 0 0 22 0 0 0 0 0 6 0 0 0 0 0 0 6 90 9 32 0 0 0 38 0 2 76 0 92 0 0 0 0 0 0 0 0 0 0 0 0 47 39 0 0 0 0 56 0 0 0 0 0 86 0 0 0 97 79 0 0 0 61 85 0 56 0 0 0 0 0 0 0 0 0 0 45 0 0 0
0 100 0 0 0 0 0 83 11 11 0 0 10 0 0 49 16 0 0 5 0 0 0 0 5 0 0 0 0 0 0 0 0 0 0 91 0 0 0 65 71 0 0 0 47 0 0 0 86 0 0 4 0 0 0 0 87 0 0 0 94 0 0 2 0 0 0 96 0 4 0 0 0 18 0 0 82 72 0 0 0 0 0 0 0 38 65 0 0 0 0 0 5 0 0 11 0 0 0 0
78 0 67 0 37 0 0 0 77 0 30 3 0 0 0 0 71 0 0 0 0 17 0 0 0 19 45 0 0 0 0 65 59 0 90 0 0 0 0 0 0 0 4 82 0 0 0 93 51 0 0 0 0 0 0 0 53 23 9 65 0 0 0 0 0 0 0 0 0 0 0 0 4 0 0 0 0 0 0 0 0 0 0 0 0 0 0 0 84 47 0 0 0 0 0 0 0 0 0 0
0 0 0 9 71 49 0 0 0 57 52 24 76 0 0 8 0 0 76 0 0 0 0 0 0 0 0 0 8 0 0 0 0 0 0 0 0 97 0 93 0 0 86 0 0 0 67 0 0 0 0 51 58 40 0 0 0 0 62 0 81 0 0 66 0 0 0 0 0 0 0 0 0 20 0 0 0 0 0 0 0 0 35 0 0 0 60 0 0 0 53 0 0 61 0 0 6 78 0 0
18 0 0 0 0 0 0 0 0 0 0 0 23 0 0 99 0 92 0 0 0 28 0 0 63 47 0 0 0 0 60 4 0 2 0 75 0 0 0 0 31 0 54 0 0 0 0 0 0 0 37 0 0 0 3 83 83 0 0 0 0 47 0 0 0 60 21 0 0 0 0 0 0 95 0 26 0 0 0 21 0 0 0 0 0 0 0 0 0 0 0 0 65 0 0 0 45 0 0 11
0 0 43 0 0 0 0 0 0 0 0 0 0 0 67 43 0 0 0 0 0 0 0 0 0 88 17 0 44 0 0 0 0 0 0 0 0 0 0 0 96 0 65 0 0 0 59 0 0 62 0 0 0 0 0 0 64 29 0 0 0 0 61 0 0 0 0 96 0 0 0 0 0 50 0 0 95 4 0 0 0 0 0 0 27 0 0 0 0 100 95 0 0 0 18 68 0 35 0 0
0 0 0 0 39 0 0 0 0 0 0 0 0 73 41 0 0 92 0 0 0 0 0 0 1 0 53 0 0 66 12 0 0 0 0 0 78 0 0 62 0 0 0 0 0 0 0 85 0 0 0 0 56 0 94 0 0 0 0 0 0 97 77 0 73 13 27 0 0 24 0 0 0 0 0 12 0 0 79 0 0 55 78 0 0 0 28 0 0 0 71 0 0 0 0 77 0 96 0 42
0 0 0 0 0 0 0 0 0 0 0 0 0 0 22 0 0 0 0 0 39 0 0 0 5 0 0 0 0 0 75 50 0 0 0 0 0 0 0 0 0 0 0 0 0 0 0 99 89 0 0 0 36 0 0 0 0 0 0 0 0 0 0 0 0 65 0 0 0 0 0 0 0 0 6 0 0 0 0 90 0 0 0 0 81 0 0 0 0 0 12 0 0 22 0 0 23 26 0 0
0 0 0 53 0 0 15 0 18 0 98 7 0 0 98 0 0 0 0 0 0 0 52 0 0 0 0 0 0 0 0 84 0 0 4 0 0 0 0 0 0 0 0 0 0 0 0 73 0 51 0 0 0 0 45 0 0 0 0 0 0 0 0 81 0 46 0 0 0 0 76 0 20 0 0 0 0 58 0 65 0 0 0 0 72 0 61 0 0 0 30 90 0 99 70 0 0 18 14 0
0 0 8 0 0 0 4 0 90 72 0 93 0 0 64 0 0 0 0 0 68 0 0 0 0 0 0 71 0 0 0 0 0 0 12 0 0 0 56 61 0 0 43 9 0 0 0 0 0 0 49 0 0 24 0 0 0 0 0 0 49 7 46 0 0 0 0 0 0 0 50 0 58 66 80 0 40 0 0 0 85 0 12 0 0 0 0 0 11 94 28 25 0 0 0 0 0 0 0 85
13 88 0 0 0 27 82 0 70 0 34 0 0 0 0 0 32 94 0 0 0 0 0 56 0 52 0 77 23 100 0 14 0 0 13 0 0 83 0 0 0 39 0 0 0 0 0 0 0 0 0 0 0 40 0 0 0 67 10 0 0 0 0 0 0 0 0 0 0 0 0 0 19 0 0 20 0 0 0 0 32 0 0 38 0 70 64 0 0 34 0 13 0 0 0 0 0 0 0 0
0 58 90 0 0 0 0 91 0 73 0 30 0 0 0 0 9 46 0 0 0 0 52 0 0 0 0 0 0 0 0 0 0 0 0 0 0 54 0 0 0 0 0 0 0 0 0 0 0 79 0 60 0 0 0 0 0 0 68 0 0 34 0 0 0 99 0 21 0 0 0 53 0 0 36 20 92 0 72 0 0 0 0 0 0 0 0 0 0 0 61 0 0 0 0 0 46 0 0 80
0 0 0 69 0 0 0 67 0 0 0 0 0 0 98 0 0 61 0 6 0 0 0 42 0 0 0 40 0 0 0 0 0 0 0 30 0 0 79 0 0 35 0 87 0 0 87 0 0 0 0 0 0 0 23 0 85 0 0 0 0 90 0 0 87 0 0 52 0 0 0 0 0 0 0 0 0 0 0 0 0 0 0 0 0 0 0 0 0 18 0 0 8 0 65 37 0 33 0 0
0 0 39 0 0 0 0 69 0 61 0 2 0 33 0 0 0 0 0 40 0 0 0 0 100 0 52 0 0 0 0 62 4 71 0 0 0 0 0 0 0 0 52 40 0 0 81 0 0 74 0 23 9 0 0 0 0 12 0 0 33 95 0 0 0 81 0 7 0 0 81 0 0 0 0 0 0 0 0 0 0 0 0 0 0 0 12 3 0 0 0 0 0 0 0 0 0 49 0 15
0 0 11 0 0 0 0 0 0 0 0 0 0 0 0 0 0 74 0 0 0 87 0 0 0 0 0 0 19 0 0 0 0 0 0 0 0 0 39 0 0 0 0 0 0 40 4 0 0 0 0 0 84 24 0 35 0 70 0 0 0 0 0 78 0 0 51 0 0 0 87 64 0 0 0 0 0 0 0 32 0 0 0 0 37 0 0 85 0 0 0 0 0 47 0 0 0 0 24 0
0 0 0 0 0 0 0 0 0 86 5 95 0 0 96 0 0 0 92 0 0 0 0 0 0 28 35 0 84 0 0 0 0 93 0 35 0 0 0 0 0 87 0 0 0 0 0 0 24 0 98 0 0 0 0 0 0 0 0 68 41 28 73 0 0 0 0 0 59 0 0 0 14 0 27 0 0 83 0 0 59 87 0 0 0 68 0 0 0 85 0 0 0 0 0 53 0 0 0 96
98 0 0 0 89 0 0 6 0 0 0 0 0 0 0 57 0 56 0 0 0 0 0 47 0 0 50 0 0 0 0 0 35 13 41 0 0 0 0 6 15 0 0 35 0 0 0 0 7 0 0 97 0 67 0 0 0 86 0 0 0 0 0 0 100 83 0 0 0 0 0 0 0 0 0 0 0 0 0 0 63 0 0 0 0 0 83 0 0 0 0 0 54 0 0 73 0 0 31 0
0 0 0 0 0 0 0 0 0 0 0 0 0 0 72 0 64 0 0 0 0 33 0 0 0 0 0 0 0 77 0 0 0 0 75 0 0 84 0 12 48 0 0 0 0 0 0 0 14 0 0 66 0 0 0 0 84 0 0 0 0 0 69 13 0 0 0 0 0 0 31 0 0 1 0 0 27 0 15 33 54 23 32 0 0 0 0 38 0 94 0 0 0 0 0 0 21 0 87 0
33 0 0 99 0 0 0 0 0 0 98 0 0 77 0 83 0 0 0 0 80 0 0 0 0 0 0 0 57 14 0 0 0 0 0 20 76 0 9 0 89 0 0 19 26 0 0 0 0 0 0 0 0 0 72 0 0 0 0 37 0 0 0 0 0 0 0 0 0 0 0 0 0 0 0 0 0 0 0 0 78 0 73 24 48 44 0 0 0 24 19 80 0 0 0 0 2 43 0 0
0 0 0 4 0 0 0 0 0 52 0 9 60 0 0 0 0 0 0 0 0 0 0 0 55 0 0 0 41 20 0 0 43 0 0 0 15 0 0 22 0 0 75 0 0 0 32 0 78 0 0 0 0 0 0 0 0 7 0 0 0 29 0 0 0 0 0 6 0 0 0 0 1 1 0 0 47 0 0 0 24 0 17 36 0 85 0 0 0 0 0 0 0 58 0 0 0 67 0 0
0 49 0 0 0 21 0 0 97 0 0 0 0 0 91 0 0 0 0 2 0 0 0 0 0 28 79 38 33 18 0 0 65 29 0 63 96 0 100 0 0 0 66 0 0 0 0 0 0 97 0 97 0 0 0 0 27 0 0 0 41 0 28 0 60 21 45 0 0 0 0 0 0 0 0 0 0 0 89 0 37 0 0 0 0 0 0 0 0 91 65 0 49 0 0 0 0 0 0 0
0 0 82 0 0 0 41 78 0 0 27 0 0 0 24 0 0 0 0 0 23 0 0 0 78 0 0 84 54 34 0 0 69 0 0 0 0 0 0 0 0 0 0 0 0 0 0 0 0 0 0 0 0 0 0 0 0 0 0 0 13 5 84 95 0 0 69 0 0 0 12 1 13 0 0 0 0 14 0 0 0 88 0 0 0 0 0 0 0 80 0 72 0 0 0 0 0 0 49 0
61 0 46 85 0 15 0 0 0 0 0 14 38 0 0 0 56 0 0 0 0 0 0 0 0 4 78 0 0 0 0 0 0 37 0 0 0 73 82 0 88 0 0 0 0 0 0 0 0 0 0 55 75 84 94 0 76 0 28 0 0 0 49 0 0 0 0 15 0 0 0 0 87 0 0 23 0 36 0 0 0 0 40 22 0 0 53 0 0 0 0 0 0 0 55 0 0 0 0 0
0 0 0 0 33 0 0 0 49 0 0 0 58 16 0 22 0 0 0 77 78 0 0 0 0 0 0 0 0 0 0 0 0 15 0 0 0 0 0 0 0 0 36 0 26 0 0 8 0 0 5 0 0 0 0 10 0 56 76 0 0 0 0 0 20 0 0 0 0 0 0 0 0 0 35 72 21 0 0 0 0 0 0 94 0 54 0 0 36 87 0 0 0 56 82 0 12 0 0 22
0 14 89 0 0 47 34 0 0 0 0 50 0 26 0 0 0 0 0 0 0 0 76 0 0 77 0 0 56 0 0 0 0 0 0 0 94 87 24 0 0 1 0 0 0 0 0 30 0 0 0 0 0 0 0 0 0 0 0 0 0 0 0 0 0 92 98 90 0 0 0 0 0 0 57 0 0 0 0 35 0 0 0 0 11 0 58 0 0 0 0 0 0 0 0 32 0 0 0 75
0 0 0 0 0 0 0 0 73 0 0 0 0 0 0 73 0 0 0 0 0 0 1 0 22 0 0 0 0 0 20 0 0 0 36 0 0 0 42 0 0 1 53 0 0 33 0 0 0 90 0 0 81 0 0 0 0 1 0 0 0 0 0 36 0 0 0 0 0 0 0 0 0 0 0 0 0 92 0 0 17 0 0 89 0 51 0 0 19 0 0 95 0 74 0 94 58 35 0 44
0 0 0 37 0 0 0 40 14 12 0 50 0 0 0 0 66 0 0 0 0 0 0 0 0 0 0 39 0 0 0 0 0 4 0 0 0 2 0 65 0 0 0 0 0 29 0 0 0 25 0 0 0 30 0 18 0 0 0 0 0 0 71 0 0 0 78 0 0 0 1 0 76 0 0 0 0 0 0 0 0 0 0 0 0 0 0 43 0 0 15 0 65 36 0 0 0 0 19 0
0 0 0 0 0 0 0 0 35 0 44 0 0 0 0 0 0 53 35 0 0 0 0 77 0 0 0 0 13 74 0 0 0 0 0 0 43 0 0 76 0 0 0 78 0 51 6 0 0 76 57 0 0 21 0 0 0 0 31 0 0 44 0 0 0 44 99 0 0 58 49 44 0 0 25 0 0 0 10 63 0 0 0 0 0 0 0 41 0 70 0 0 0 0 0 0 0 0 0 0
0 41 0 0 0 0 0 0 93 0 11 0 23 0 0 0 29 0 0 0 62 0 0 0 96 18 0 0 39 0 0 0 0 0 0 0 0 0 0 0 0 77 0 0 0 0 0 0 86 0 0 89 0 0 0 0 0 0 0 37 0 0 0 0 0 0 0 0 67 0 0 0 44 0 0 0 94 24 0 70 0 0 0 0 3 0 0 0 0 0 0 0 0 0 0 0 20 100 0 0
0 0 20 0 0 3 79 0 0 73 49 61 0 0 0 0 0 0 0 0 0 0 49 0 0 0 19 37 0 0 0 0 0 0 0 0 0 41 0 25 0 0 63 29 0 0 54 13 0 16 0 0 0 0 0 0 47 0 0 0 0 0 0 84 0 0 0 0 0 0 0 0 60 10 37 0 0 0 0 0 0 0 0 0 0 0 0 0 0 0 0 0 0 0 0 0 83 0 0 100
0 87 37 0 86 0 0 0 33 0 0 0 0 0 0 0 44 0 0 0 0 0 0 0 35 0 0 0 0 0 0 0 0 0 0 0 7 0 0 0 0 0 0 0 0 0 0 0 0 0 0 0 0 0 0 0 75 87 0 0 0 0 61 0 37 0 0 21 0 0 0 87 0 0 0 0 0 0 0 0 45 0 0 76 0 0 0 31 0 0 0 0 0 0 0 90 22 0 79 0
0 16 0 8 0 47 40 0 0 0 0 0 0 0 0 0 45 0 0 0 0 0 0 0 40 0 0 0 0 31 0 0 0 0 80 25 0 4 65 0 0 0 0 29 0 0 0 0 0 0 0 0 0 0 0 47 0 0 61 0 0 0 23 2 0 0 0 43 0 43 36 6 0 49 0 0 67 0 0 0 0 0 75 0 0 0 0 0 0 0 0 0 17 25 0 92 0 17 0 0
0 0 0 0 0 95 0 76 0 0 0 0 0 0 0 0 0 81 0 64 0 0 0 0 0 79 0 0 22 0 69 0 57 0 0 0 0 71 0 19 0 17 83 0 69 76 0 0 0 40 0 0 0 0 37 0 0 0 0 0 0 91 0 0 33 0 0 0 5 0 0 77 0 0 27 0 0 0 0 0 0 0 0 0 0 0 0 0 62 0 65 21 0 0 0 0 1 36 0 0
4 0 28 0 11 0 0 0 0 0 0 0 0 0 20 0 0 0 0 0 0 0 22 0 0 0 0 0 0 0 53 0 0 58 0 46 0 24 0 99 0 76 0 10 89 95 97 0 42 0 0 0 88 0 0 0 0 0 39 0 0 0 0 3 0 97 0 0 0 0 0 44 0 7 0 66 0 0 0 87 0 0 0 0 90 0 44 58 48 54 0 0 0 0 0 0 0 0 38 0
0 92 0 0 0 0 0 0 92 0 0 0 0 0 0 0 0 0 0 0 0 0 57 0 0 0 79 0 78 0 7 0 0 68 37 60 0 0 0 0 0 0 0 0 33 0 0 0 0 0 0 0 22 0 0 0 40 0 46 0 0 0 0 76 0 63 0 0 0 0 0 49 0 0 0 0 0 0 89 83 0 18 0 13 0 5 0 64 0 0 0 0 78 0 17 0 0 13 90 23
0 0 0 0 0 89 0 0 3 0 0 0 0 47 0 0 0 0 0 0 75 77 7 47 0 0 0 0 0 0 0 0 43 0 1 0 41 0 0 0 0 80 12 0 20 0 0 0 0 0 0 76 59 0 34 0 0 0 0 0 0 87 0 0 0 47 0 65 0 0 26 0 0 0 0 0 26 0 0 83 0 0 0 0 0 0 14 24 0 0 0 0 0 0 0 0 0 0 16 0
31 0 0 0 0 0 0 0 0 0 49 0 0 33 82 96 82 0 0 0 0 0 38 0 68 0 0 0 0 0 0 0 0 0 34 0 46 0 0 0 84 0 0 0 0 0 0 95 0 0 0 0 0 86 0 15 0 0 67 92 40 0 0 0 0 0 0 0 0 0 43 36 0 0 0 0 0 0 0 0 0 0 0 5 0 0 0 3 0 31 73 0 0 41 0 31 0 0 0 48
0 0 0 0 0 0 0 0 0 0 29 0 0 0 0 0 0 0 0 81 0 0 53 0 0 29 0 1 0 0 56 90 0 88 0 0 0 0 0 0 79 0 23 0 0 0 0 0 0 0 0 0 0 0 0 0 0 0 0 0 0 0 0 55 32 0 0 0 32 48 0 0 38 0 0 0 0 0 0 77 0 0 0 78 65 0 92 0 0 0 0 34 0 0 0 23 0 0 0 0
0 0 31 0 0 0 0 75 0 0 0 0 0 30 0 0 90 0 0 0 0 0 0 0 0 0 57 0 0 0 78 0 0 0 0 0 47 0 57 0 0 0 0 0 68 36 0 0 0 0 0 0 0 0 0 77 0 55 79 0 0 5 0 0 0 26 0 0 0 49 0 0 37 0 18 0 0 49 0 0 0 0 72 0 0 0 0 84 0 0 0 0 78 0 0 0 0 0 72 76
61 0 0 0 0 0 0 0 0 34 0 0 0 0 0 93 98 0 0 0 30 0 52 0 0 0 0 0 0 11 0 0 8 0 0 0 0 0 0 0 0 0 11 0 0 0 0 0 21 0 0 0 50 31 0 0 0 0 0 0 60 0 0 31 0 0 0 0 0 0 0 78 55 0 18 0 0 0 0 0 0 0 0 0 0 0 0 0 43 86 82 0 0 0 0 0 24 0 0 0
0 0 0 0 0 42 0 0 30 0 89 35 0 0 0 0 0 0 37 0 0 0 0 0 73 33 0 0 0 0 0 0 0 0 28 99 0 0 99 83 8 0 0 0 0 83 0 0 59 0 95 0 0 0 0 91 0 0 0 0 0 0 82 0 15 0 0 0 0 0 0 69 0 100 0 0 0 0 11 0 87 0 0 0 0 0 0 0 0 0 5 46 0 0 0 0 0 0 0 0
0 0 0 0 0 1 85 0 0 73 0 0 0 43 0 0 0 0 0 0 0 72 0 0 0 0 0 0 20 0 0 0 24 0 0 0 0 0 0 0 0 0 0 46 0 74 0 0 0 0 0 43 0 0 0 0 0 0 0 0 0 0 29 0 0 0 0 0 0 0 0 0 0 0 0 0 46 0 95 40 69 0 0 0 0 90 0 0 0 0 0 0 0 0 0 0 0 0 80 43
0 0 28 21 0 0 0 0 0 0 0 30 0 0 0 0 0 0 85 0 0 0 83 0 8 0 0 0 0 0 0 0 0 0 73 67 0 0 0 0 0 0 0 0 0 0 0 0 0 0 0 0 0 0 0 0 0 0 0 0 0 0 0 0 0 0 0 0 39 0 0 0 0 0 0 0 0 0 59 0 59 0 0 95 92 0 0 0 0 0 4 0 0 23 0 0 0 0 13 0
0 0 0 35 3 0 0 75 9 0 0 22 21 0 0 0 38 0 0 0 0 0 50 0 51 0 0 10 76 0 53 0 0 28 0 0 0 37 0 19 0 6 0 0 0 33 0 0 0 43 56 30 0 0 0 0 0 7 0 0 0 0 0 34 98 86 0 0 0 0 0 0 80 0 0 1 2 0 0 0 90 0 0 0 50 0 58 0 0 0 0 0 0 0 0 0 68 0 0 0
0 0 13 0 0 0 0 50 0 0 0 0 0 0 0 0 0 0 0 33 0 0 0 0 0 0 0 0 0 1 50 0 0 0 6 0 0 0 30 0 0 95 0 46 0 0 92 48 0 0 0 95 84 0 0 87 0 0 0 37 71 0 20 0 0 0 0 28 0 70 42 0 0 0 0 9 0 0 0 0 96 0 0 2 42 0 0 0 0 0 0 0 0 0 84 0 7 0 0 49
0 0 0 0 24 0 0 0 2 0 0 30 0 0 32 0 0 0 0 43 93 0 0 37 0 0 0 0 0 0 0 0 0 76 0 0 100 0 17 96 48 0 0 0 0 0 0 0 0 0 0 92 0 5 0 0 51 0 0 13 100 79 0 0 25 0 0 18 45 0 6 1 0 0 83 90 0 0 0 0 0 0 0 0 0 0 34 0 0 10 74 94 0 0 64 0 0 0 0 0
0 0 76 74 84 0 0 0 0 0 0 0 60 0 0 0 0 0 0 48 64 11 0 0 23 0 25 0 53 0 8 0 0 90 0 0 0 0 0 0 0 10 0 0 0 0 0 0 0 0 0 0 79 0 32 0 0 0 0 67 0 0 37 0 0 0 0 0 0 0 0 0 0 0 0 0 0 0 0 0 0 52 0 0 0 9 99 0 0 0 0 0 0 49 8 34 0 19 0 58
99 0 8 0 35 0 0 94 0 0 8 0 0 0 0 0 0 73 0 0 5 45 0 0 93 17 0 0 0 0 52 0 0 0 0 39 0 57 86 0 64 0 0 0 70 75 0 34 0 0 0 0 0 0 0 0 0 0 0 38 81 0 0 100 100 0 0 0 6 77 0 0 24 0 48 0 0 0 0 0 16 85 16 0 0 0 10 0 0 0 19 89 0 1 76 0 0 0 0 91
0 0 0 0 0 98 0 0 0 0 63 0 0 0 0 0 59 0 9 0 0 0 0 0 0 3 0 4 0 0 61 83 0 44 0 0 0 0 24 0 86 0 0 0 0 0 0 0 0 50 2 0 0 0 82 26 0 0 0 98 24 0 55 0 63 0 0 71 0 68 0 0 0 0 0 0 0 0 87 0 0 0 0 0 0 16 0 0 0 0 0 0 37 0 0 0 79 56 0 0
0 0 0 0 0 0 0 0 0 0 0 0 0 0 0 0 0 0 0 0 0 0 37 85 0 78 24 0 68 0 0 37 0 0 0 44 0 83 0 0 74 0 0 0 0 0 0 0 0 83 39 60 0 13 28 0 7 0 0 0 0 52 83 0 0 0 0 0 0 0 0 85 0 0 0 0 0 0 40 0 0 0 0 34 55 0 88 50 0 0 0 38 33 41 0 48 0 41 0 0
0 0 0 89 0 0 0 0 0 46 0 0 0 94 0 79 27 0 0 0 0 0 0 0 0 0 0 47 0 24 0 0 0 0 0 0 0 0 47 0 0 0 0 0 0 10 0 0 72 0 0 0 0 0 0 0 0 0 0 0 0 0 0 0 0 0 0 90 0 0 49 0 0 28 37 0 15 0 0 0 0 0 0 45 43 0 0 19 0 0 0 63 0 0 0 0 0 0 78 0
0 0 6 70 0 0 0 0 0 0 0 77 0 38 0 0 7 0 0 0 0 20 0 0 0 0 0 0 0 68 24 64 0 0 0 0 0 0 53 0 0 0 14 0 0 0 0 0 17 0 0 16 0 0 0 0 0 43 0 0 66 0 0 0 0 0 0 0 0 0 0 0 0 100 0 0 0 48 0 0 0 0 0 8 0 26 0 31 0 0 68 0 0 0 0 0 0 16 7 28
10 0 0 0 0 0 0 0 39 0 0 0 16 0 0 0 42 0 0 0 58 0 0 0 0 0 0 35 0 33 39 0 63 78 84 0 0 0 23 0 0 0 69 0 0 0 0 0 32 0 0 0 0 0 0 0 15 0 0 0 0 71 36 0 0 89 0 0 0 0 64 0 0 0 74 0 0 0 58 21 0 0 59 0 0 0 0 0 0 0 0 0 0 0 85 0 0 0 0 0
0 0 0 0 39 0 0 0 0 97 0 59 20 0 0 0 0 0 0 0 0 0 0 0 0 69 0 0 0 0 0 0 0 0 88 31 0 12 0 48 0 0 0 0 0 1 0 0 63 0 0 18 0 0 0 0 0 77 85 0 0 0 0 0 0 0 0 0 1 0 0 38 0 0 0 41 28 0 0 0 29 0 0 11 0 0 0 0 0 7 0 54 0 0 0 95 0 0 66 63
31 0 0 0 0 0 76 13 0 0 0 0 0 0 0 30 0 11 0 0 0 0 0 0 0 0 0 0 31 0 0 0 67 0 0 0 0 0 0 0 0 21 0 0 0 99 0 0 0 0 0 0 83 0 0 0 0 0 0 0 85 0 0 0 0 0 0 57 79 0 0 0 80 0 0 0 0 32 33 0 79 60 0 0 0 0 0 0 56 0 0 0 0 0 9 0 0 0 0 0
0 0 0 0 0 0 38 88 56 45 43 0 33 0 0 0 0 84 0 97 0 30 0 0 0 79 54 52 0 72 0 76 0 0 0 0 44 0 0 0 0 89 0 0 0 0 0 0 0 0 56 87 0 0 0 0 0 0 0 0 0 31 0 0 0 0 0 91 0 89 0 0 0 0 0 0 26 6 81 0 0 0 0 0 4 0 0 0 0 0 0 0 0 0 0 0 87 0 0 0
0 0 2 0 0 0 0 0 0 0 0 0 0 0 0 0 42 0 0 0 0 0 0 0 0 0 0 0 0 0 0 22 0 0 0 83 0 8 0 74 0 0 52 0 0 0 36 0 21 82 0 0 0 0 0 6 0 0 0 0 41 0 0 0 83 87 0 0 0 0 0 0 0 37 0 25 0 0 0 0 0 87 0 0 0 0 0 22 0 0 0 52 0 14 100 0 0 27 81 0
0 0 22 13 0 0 0 0 0 0 0 0 88 0 59 0 57 61 95 0 0 0 0 0 0 0 0 0 0 80 43 0 0 75 0 12 30 0 0 0 0 0 87 0 0 0 0 0 0 0 65 0 0 0 29 48 0 0 0 0 88 0 71 0 0 0 0 0 0 1 69 0 0 0 43 0 62 0 0 0 0 0 0 0 0 0 0 36 0 0 0 0 0 0 0 0 46 0 39 0
27 0 0 0 70 4 81 0 0 0 0 0 0 0 0 13 39 0 0 0 0 0 0 81 0 0 69 0 0 34 0 0 59 0 0 0 0 0 0 0 0 0 0 49 60 41 0 39 0 0 82 92 0 51 0 0 0 81 69 0 0 0 97 0 0 16 0 0 0 0 0 7 0 0 0 94 68 0 0 0 0 0 0 46 0 0 0 0 0 77 0 58 56 0 0 6 0 0 0 0
0 5 0 60 0 0 0 45 0 23 0 0 0 58 0 0 0 0 0 0 0 0 0 0 15 0 0 0 0 88 0 0 0 3 42 0 0 0 0 0 0 0 0 0 0 0 0 0 0 27 0 0 0 0 0 0 0 0 0 0 0 0 0 92 51 0 47 15 0 0 0 0 68 39 89 0 0 92 0 0 0 0 56 0 0 0 0 0 0 30 0 0 0 0 30 0 9 0 0 0
0 0 0 0 0 0 0 40 0 0 0 0 0 0 0 0 0 0 7 0 55 0 0 0 0 0 0 0 0 27 0 0 57 0 0 0 0 51 0 0 0 0 0 100 75 0 70 0 0 0 81 95 0 0 41 0 50 63 0 0 0 0 0 0 0 0 0 0 0 0 0 58 0 0 0 0 0 97 0 0 0 0 0 0 0 0 0 36 0 0 0 0 0 0 0 0 0 0 0 0
0 0 0 0 0 0 0 0 0 54 0 0 0 0 0 0 0 0 0 0 0 0 78 0 0 0 0 0 16 85 0 0 0 0 0 0 0 72 0 0 44 0 0 0 0 0 0 0 0 0 0 0 0 92 0 0 0 29 0 0 0 0 62 61 0 0 0 80 0 0 0 0 0 0 0 0 0 0 0 0 74 93 92 0 0 0 0 0 21 0 0 0 0 0 0 0 0 81 0 0
0 0 0 0 94 0 0 0 0 0 0 71 67 0 0 0 0 0 16 0 27 0 0 0 0 0 83 0 0 0 96 22 0 0 0 88 0 0 0 37 0 0 49 0 0 0 0 0 0 0 0 0 48 74 0 0 0 0 0 0 96 0 0 0 0 0 0 0 0 0 0 0 15 0 7 0 0 0 35 0 0 31 0 46 0 0 0 0 53 0 0 0 0 0 0 0 0 0 0 0
0 20 66 5 64 0 63 0 0 0 0 0 10 92 78 0 0 0 0 0 0 85 0 0 0 0 0 0 41 0 0 0 0 0 0 0 0 0 0 0 34 0 0 0 0 67 0 0 0 0 0 0 0 0 0 95 0 0 13 0 0 0 0 0 0 0 0 0 0 0 43 0 0 0 0 0 30 0 32 0 0 80 0 0 0 0 0 0 0 27 0 0 0 0 0 80 0 0 40 0
0 0 0 0 27 30 0 0 0 0 0 0 0 0 0 0 0 0 0 42 3 91 0 0 0 0 0 41 0 0 0 0 0 57 0 0 0 0 0 10 0 0 0 0 41 0 0 0 0 0 0 17 0 87 62 0 0 0 0 0 0 88 0 0 0 55 0 86 0 0 0 37 0 0 0 0 0 0 28 4 0 0 0 0 0 0 0 52 0 0 0 33 0 0 0 0 0 0 0 0
79 0 34 0 0 0 0 0 0 6 0 0 0 35 0 0 53 0 0 0 0 0 8 77 37 0 28 0 0 0 0 0 0 37 54 0 77 0 0 95 3 92 5 0 64 41 57 0 0 0 0 0 55 62 16 0 0 0 0 25 42 0 41 0 90 0 58 0 0 1 0 64 0 0 29 74 0 0 0 51 0 0 0 0 91 13 0 0 0 0 0 0 0 0 0 0 0 0 0 0
0 0 0 78 0 25 0 0 0 78 0 0 0 0 0 13 0 0 0 28 0 0 0 0 0 0 39 0 0 81 4 0 0 0 27 0 0 0 60 0 0 0 17 0 0 0 29 68 0 52 38 0 0 0 0 0 0 0 0 46 0 27 0 39 0 0 0 48 0 0 0 0 74 0 0 0 0 69 0 0 77 0 24 0 0 0 20 0 0 0 0 0 7 40 0 0 0 0 0 0
0 84 58 0 0 61 0 0 0 0 0 0 0 0 0 0 0 0 0 0 0 0 0 52 0 0 0 0 0 0 0 21 16 0 0 0 0 0 0 0 0 5 0 19 20 0 89 0 0 0 47 0 6 69 0 0 0 0 0 0 42 0 0 0 23 0 0 0 71 72 0 0 0 0 0 0 0 0 0 0 0 0 0 16 75 0 4 0 0 0 0 0 34 0 0 0 0 0 0 68
0 12 0 0 0 10 11 0 87 0 53 0 25 0 0 0 39 0 12 0 0 32 0 93 0 30 0 68 0 0 0 12 0 0 54 29 6 0 0 22 0 0 26 0 0 71 0 0 29 28 0 0 79 0 0 0 0 0 0 0 52 0 42 0 0 0 0 13 23 89 0 0 0 0 0 0 84 0 0 0 0 46 18 0 0 37 0 52 0 60 0 18 0 0 42 0 0 0 0 29
0 0 0 0 42 0 0 0 3 43 0 0 2 0 30 39 0 18 21 0 0 0 0 79 0 0 0 11 0 0 0 49 0 0 0 0 0 0 70 0 0 0 0 0 0 17 0 0 0 0 0 0 64 0 0 84 0 0 0 0 0 63 0 0 62 0 0 0 74 49 0 0 0 8 0 0 0 91 78 0 0 79 26 47 0 0 0 0 0 0 0 82 0 0 0 0 98 0 87 0
0 0 0 53 0 0 0 0 0 0 0 0 0 7 0 91 0 83 7 80 0 0 0 0 99 0 0 0 0 0 66 0 0 14 75 0 0 0 0 10 0 11 0 0 0 0 53 73 0 0 0 0 0 0 0 0 90 49 0 71 0 84 0 92 0 0 0 99 0 30 0 73 0 0 97 0 44 1 0 0 7 0 0 0 0 0 0 0 0 0 0 0 0 0 0 0 0 0 0 0
0 0 0 77 0 99 0 22 0 28 0 0 0 0 77 0 0 0 0 0 0 89 0 0 0 0 0 18 0 0 0 0 0 0 0 40 0 0 0 0 0 0 0 0 0 0 0 63 73 43 0 0 0 1 28 0 0 0 0 0 0 0 0 0 0 0 0 24 90 48 0 0 0 0 0 0 87 96 0 0 0 0 0 0 0 0 67 0 70 0 0 0 0 0 0 0 34 17 0 0
0 0 0 83 0 0 34 0 92 76 0 93 0 12 89 26 0 0 0 0 0 0 0 0 0 0 0 0 0 68 0 97 0 0 0 0 0 0 0 14 0 0 0 0 0 0 47 0 7 0 0 0 95 0 0 0 0 0 0 0 0 8 4 0 0 0 0 0 54 0 0 0 0 0 0 0 0 0 49 7 0 0 69 100 0 0 0 0 0 0 0 0 0 0 0 0 88 0 0 0
0 0 100 0 0 0 0 0 0 75 0 0 0 8 0 0 0 0 0 0 0 0 0 89 0 0 0 0 0 0 0 0 45 0 0 73 0 0 0 0 79 0 0 96 0 0 47 0 0 65 0 0 0 31 0 84 0 0 23 0 0 0 0 84 0 63 0 0 32 0 0 0 0 91 0 0 7 0 0 0 0 0 0 0 0 0 0 62 0 0 0 0 40 0 0 0 0 0 0 0
0 0 0 0 0 44 86 43 0 0 45 7 27 0 0 0 36 0 0 0 0 18 0 0 0 82 41 0 0 0 52 0 0 65 0 0 0 0 0 0 0 0 74 1 0 0 0 32 0 38 0 0 0 17 0 0 0 0 0 0 0 0 0 45 0 0 0 0 0 0 0 0 0 0 0 0 0 0 0 0 2 0 0 72 0 0 0 58 0 0 0 0 0 0 73 0 0 0 0 0
0 0 0 0 0 0 0 0 0 77 5 0 0 0 0 0 0 0 0 0 0 0 0 0 0 0 0 0 0 0 0 19 89 0 0 0 0 0 0 0 78 56 0 0 0 0 0 100 67 15 0 0 0 0 67 0 76 0 2 0 0 82 0 0 0 0 0 0 0 0 0 0 18 0 16 0 11 0 0 0 0 49 0 49 0 10 30 0 59 0 0 91 0 0 0 0 0 0 0 0
0 0 82 0 0 5 87 77 45 0 0 65 0 0 0 0 0 0 0 69 0 0 0 0 0 0 0 0 0 0 0 0 0 21 0 0 0 0 21 0 0 0 0 66 0 0 0 0 98 0 0 0 0 28 0 0 0 0 0 0 0 0 18 63 0 0 0 0 31 0 90 0 19 31 67 23 0 0 0 0 0 0 2 0 0 0 0 0 0 0 42 0 0 0 55 0 0 0 0 39
0 0 0 0 0 0 0 77 31 0 0 0 94 0 0 0 0 0 0 0 0 0 0 0 0 0 12 25 0 0 0 0 0 0 45 92 0 18 59 0 0 65 0 60 0 0 0 74 57 80 0 0 0 60 0 0 0 75 55 0 0 39 100 0 0 0 0 0 0 0 0 0 0 0 46 55 0 0 0 92 0 0 0 0 0 0 0 95 41 0 73 85 22 0 0 0 0 0 0 0
66 0 0 2 0 83 0 0 50 0 0 0 0 0 0 0 0 0 0 0 0 0 97 4 0 0 0 0 0 0 69 0 0 0 92 0 79 0 67 39 0 0 52 0 0 7 47 0 0 19 0 61 0 42 0 48 41 1 0 0 0 0 0 28 0 0 42 0 43 0 0 23 55 0 71 0 0 0 0 0 53 0 40 0 94 0 60 91 0 0 0 0 67 0 0 0 82 0 0 0
0 0 0 98 63 50 0 0 0 0 0 0 0 0 0 84 0 57 0 29 0 40 31 67 38 87 50 0 19 0 0 31 0 0 0 0 0 0 0 0 35 0 0 15 0 0 0 45 56 0 0 87 0 0 66 0 0 28 79 0 0 0 0 0 0 0 0 99 0 84 0 0 0 0 0 0 0 0 0 0 0 0 0 0 0 78 0 0 81 0 0 98 0 0 95 0 0 0 0 0
0 0 0 0 83 0 48 88 0 0 0 21 0 0 17 34 3 98 0 18 0 0 0 0 37 0 11 0 0 0 0 0 36 0 0 0 0 0 0 0 0 0 54 0 0 0 0 0 25 0 0 0 0 0 0 33 0 0 0 32 0 82 0 61 46 0 49 92 0 0 0 0 0 0 90 0 0 59 0 0 78 0 84 0 0 66 0 0 100 0 0 55 0 0 0 0 0 0 51 0
0 0 0 0 0 0 0 0 58 0 0 0 0 0 0 0 0 0 0 0 0 0 0 0 0 0 0 0 0 60 0 0 0 0 0 0 0 35 0 0 0 10 0 42 0 10 0 49 0 0 0 58 0 0 35 0 0 84 0 0 17 0 0 0 0 0 0 0 0 88 0 0 0 0 0 65 0 37 0 0 0 0 0 0 2 20 0 0 0 0 0 33 0 85 0 40 18 0 0 0
56 0 0 70 0 9 0 0 100 0 0 0 45 0 86 68 89 0 0 0 0 99 0 0 0 0 0 0 0 0 0 42 0 0 0 0 0 0 0 0 0 0 74 0 99 0 75 0 0 20 11 0 0 6 0 0 0 0 0 0 71 0 0 0 0 0 0 64 0 0 0 0 0 96 0 0 0 4 0 0 0 0 0 0 0 95 0 0 63 0 5 0 0 0 0 0 0 0 0 0
0 0 0 51 0 0 0 85 0 0 27 0 0 86 0 0 0 50 0 0 66 0 0 21 87 0 0 0 0 0 0 0 0 0 0 0 83 0 0 0 0 0 0 89 84 0 0 0 0 0 0 0 0 5 0 93 0 0 34 0 61 0 0 0 0 0 0 34 0 34 0 0 0 0 0 0 0 0 76 0 0 0 0 0 74 0 0 72 82 0 0 0 44 18 0 0 0 0 0 0
0 0 0 0 0 0 0 0 43 0 0 0 0 0 32 0 0 58 0 0 42 0 0 0 0 75 0 0 0 0 0 0 0 0 36 7 23 40 0 0 45 0 41 0 0 77 0 0 0 0 0 7 62 0 57 0 0 0 47 86 0 0 67 0 0 34 24 46 37 0 0 0 0 36 0 0 0 0 89 0 0 0 0 0 0 0 0 0 43 26 0 0 55 0 0 64 0 0 0 0
0 0 4 0 0 0 14 13 0 0 0 0 0 0 42 0 0 0 0 0 0 0 88 0 0 64 0 31 0 0 0 0 86 0 0 0 0 0 48 0 0 0 0 0 0 0 85 0 64 0 0 0 0 72 0 0 0 0 0 0 18 0 0 27 0 0 52 17 0 35 0 0 45 0 88 0 74 0 0 0 0 0 0 20 56 91 21 0 3 0 0 0 0 88 0 0 84 0 0 0
0 6 0 0 0 0 0 0 0 0 0 0 0 0 0 11 0 0 0 30 0 0 0 0 0 0 30 8 34 39 0 0 0 0 0 9 0 0 0 0 0 58 0 0 7 0 0 0 83 0 0 44 0 0 0 0 22 0 0 47 75 0 0 4 0 81 78 0 0 0 0 0 0 0 72 0 0 0 33 59 0 0 70 0 0 0 48 0 99 0 0 0 0 0 0 62 0 0 0 0
0 0 4 81 0 0 0 0 0 4 0 40 55 0 0 0 0 14 0 0 0 0 0 0 0 0 88 0 0 0 0 0 0 0 0 32 0 86 0 0 0 0 0 41 46 0 45 62 0 0 0 0 0 86 0 0 0 0 0 0 0 0 0 0 93 0 0 1 0 0 0 0 94 0 0 0 0 0 0 19 0 0 13 0 0 0 0 0 0 0 0 0 0 19 32 0 0 0 3 0
0 0 14 37 28 0 0 0 0 11 0 21 0 0 0 71 0 0 0 0 0 0 0 52 50 37 83 74 0 0 0 55 26 20 30 80 0 0 18 0 66 0 0 23 0 77 0 78 47 0 0 98 0 0 0 28 16 0 0 47 0 0 0 10 0 0 0 80 0 0 6 0 0 0 0 0 0 12 0 14 0 85 0 0 62 0 99 0 0 72 0 0 0 0 0 0 0 0 0 70
24 24 0 0 0 0 0 0 0 0 0 0 0 86 0 0 0 0 0 0 84 0 72 0 0 0 55 0 0 0 0 0 10 97 0 0 0 2 0 0 0 49 0 96 0 90 0 0 3 39 0 0 0 81 0 0 50 0 0 0 0 0 38 0 0 73 0 0 0 0 62 0 29 0 0 10 0 0 0 0 0 0 0 0 0 0 75 0 0 0 0 30 0 0 0 0 31 0 0 44
25 0 45 0 0 0 33 0 72 0 0 0 15 0 0 0 63 0 0 0 0 0 0 0 22 0 21 58 0 0 88 0 0 0 0 0 0 0 0 0 0 0 0 31 0 0 0 0 0 0 40 0 0 0 0 0 0 0 0 0 89 0 16 0 0 0 66 39 0 0 0 0 95 0 0 0 0 0 0 0 0 0 0 0 0 56 53 0 0 0 0 0 0 0 0 45 0 0 7 0
84 45 0 0 8 0 0 0 0 0 0 0 0 70 0 0 43 0 0 0 0 99 0 0 0 0 0 75 0 0 98 99 0 0 0 19 0 0 0 92 71 27 0 0 11 0 0 0 59 0 69 0 0 94 0 0 0 0 0 0 69 0 0 23 0 0 0 6 0 0 66 0 0 59 0 0 37 35 0 0 0 0 0 0 0 0 0 0 39 0 0 0 0 34 0 0 0 0 0 0
0 99 0 0 89 5 39 0 0 0 83 0 0 0 0 0 0 0 0 0 0 0 0 0 0 0 0 0 0 0 0 0 0 0 0 0 0 0 0 0 0 0 57 0 0 0 0 0 59 0 0 64 0 0 74 0 0 0 0 0 0 25 0 93 43 0 22 1 0 77 62 49 66 0 0 0 67 59 6 0 95 0 0 78 18 0 0 54 0 0 0 0 0 0 0 0 0 0 91 0
0 0 0 0 32 0 0 39 98 0 0 0 0 0 0 0 0 34 0 0 0 0 0 0 0 0 0 0 49 0 0 0 0 0 0 0 0 31 0 0 0 0 0 0 0 0 0 0 0 0 0 0 0 91 0 0 0 0 0 0 0 0 0 0 0 0 0 0 0 22 73 0 0 0 0 0 19 0 97 99 0 76 0 0 0 84 99 0 3 97 0 0 0 0 93 0 0 0 0 0
25 8 0 0 0 0 0 0 76 0 0 32 0 0 0 0 0 0 0 0 0 0 0 0 0 0 0 0 0 0 0 0 95 0 15 84 0 0 0 0 82 0 0 0 0 0 0 23 0 0 71 50 99 98 0 0 0 0 0 0 45 71 0 0 0 52 0 0 0 0 0 0 83 0 0 0 0 0 17 0 13 0 0 52 0 41 97 58 0 0 76 0 24 0 0 93 0 0 0 0
0 0 0 0 0 0 0 0 0 0 0 0 10 10 0 0 0 0 0 0 0 0 0 0 0 0 88 0 88 0 0 0 0 35 0 0 18 0 0 0 0 0 16 0 0 0 0 50 0 0 0 0 0 0 0 57 12 0 0 58 0 0 0 0 0 0 0 40 0 0 0 78 0 0 44 0 0 0 56 0 0 0 0 0 0 0 0 87 76 0 0 0 0 0 0 60 0 0 0 29
0 0 0 40 0 45 12 0 11 0 0 0 24 0 0 0 0 0 0 0 0 0 0 92 0 0 0 0 35 0 87 0 0 0 0 13 49 0 12 0 0 34 58 0 0 0 0 0 0 0 0 0 0 28 0 72 0 0 0 0 0 0 0 0 0 61 43 0 0 100 8 0 42 0 54 97 0 0 95 0 0 0 22 61 0 0 0 0 0 0 0 0 21 0 0 0 0 0 0 0
85 0 17 0 0 0 0 0 0 0 0 0 0 56 39 0 0 0 0 0 0 0 0 0 73 0 0 0 99 0 0 0 0 54 0 0 0 0 0 59 0 77 92 0 0 0 0 0 0 0 0 0 16 0 0 0 88 0 73 66 0 0 0 0 73 70 0 0 0 25 96 0 65 0 0 0 3 0 14 0 0 6 0 95 0 0 0 0 0 0 0 37 76 0 10 1 0 0 0 0
0 0 0 76 0 0 0 0 0 53 0 0 56 84 0 0 0 0 31 0 7 0 90 0 0 0 0 60 0 0 0 66 86 0 0 0 0 0 0 0 0 0 0 0 54 0 0 0 62 13 0 0 0 0 0 0 41 0 0 50 0 0 69 0 0 0 0 0 0 82 0 8 0 0 74 5 0 0 0 0 63 0 0 0 35 0 0 64 0 0 0 100 50 0 0 0 0 69 0 0
93 0 28 0 0 0 0 0 0 0 56 0 0 31 0 0 0 0 0 1 0 0 0 0 0 0 0 0 0 0 0 0 0 75 0 0 0 78 0 0 0 0 0 0 93 24 0 0 4 98 0 0 0 0 0 0 44 0 0 57 0 0 0 0 27 95 0 0 0 0 0 0 0 0 0 0 0 0 36 0 36 0 0 0 0 0 0 0 44 87 0 76 28 0 0 0 0 3 0 0
0 99 0 24 0 0 0 0 0 0 0 51 0 83 0 20 0 87 0 0 0 0 0 4 0 0 0 0 0 91 0 0 0 0 0 0 81 31 53 97 0 0 0 28 0 55 53 0 100 0 0 0 0 0 0 0 0 0 0 0 0 4 38 0 0 0 0 17 0 0 0 0 0 11 0 0 0 10 61 0 0 0 74 67 0 38 0 0 0 0 0 0 0 0 0 0 95 0 0 0
0 28 0 0 0 0 0 24 44 79 0 0 2 0 0 98 54 0 0 17 0 0 0 0 78 0 0 0 0 0 0 0 0 0 0 79 0 0 0 77 63 0 0 0 62 0 0 0 58 0 0 21 0 0 0 0 34 0 0 0 68 0 0 80 0 0 0 78 0 81 0 0 0 15 0 0 80 97 0 0 0 0 0 0 0 80 75 0 0 0 0 0 98 0 0 17 0 0 0 0
62 0 95 0 77 0 0 0 55 0 79 22 0 0 0 0 18 0 0 0 0 47 0 0 0 63 47 0 0 0 0 100 97 0 3 0 0 0 0 0 0 0 99 47 0 0 0 31 48 0 0 0 0 0 0 0 39 29 9 17 0 0 0 0 0 0 0 0 0 0 0 0 32 0 0 0 0 0 0 0 0 0 0 0 0 0 0 0 74 15 0 0 0 0 0 0 0 0 0 0
0 0 0 36 6 47 0 0 0 17 4 4 87 0 0 78 0 0 32 0 0 0 0 0 0 0 0 0 27 0 0 0 0 0 0 0 0 73 0 71 0 0 26 0 0 0 87 0 0 0 0 71 81 49 0 0 0 0 52 0 99 0 0 69 0 0 0 0 0 0 0 0 0 63 0 0 0 0 0 0 0 0 80 0 0 0 96 0 0 0 40 0 0 1 0 0 20 37 0 0
98 0 0 0 0 0 0 0 0 0 0 0 76 0 0 90 0 35 0 0 0 16 0 0 58 15 0 0 0 0 12 22 0 89 0 85 0 0 0 0 59 0 12 0 0 0 0 0 0 0 42 0 0 0 8 94 99 0 0 0 0 48 0 0 0 62 7 0 0 0 0 0 0 44 0 38 0 0 0 77 0 0 0 0 0 0 0 0 0 0 0 0 92 0 0 0 56 0 0 13
0 0 42 0 0 0 0 0 0 0 0 0 0 0 39 13 0 0 0 0 0 0 0 0 0 2 79 0 86 0 0 0 0 0 0 0 0 0 0 0 100 0 9 0 0 0 86 0 0 99 0 0 0 0 0 0 88 75 0 0 0 0 50 0 0 0 0 94 0 0 0 0 0 1 0 0 96 38 0 0 0 0 0 0 79 0 0 0 0 3 76 0 0 0 99 73 0 63 0 0
0 0 0 0 25 0 0 0 0 0 0 0 0 42 70 0 0 79 0 0 0 0 0 0 43 0 30 0 0 35 41 0 0 0 0 0 33 0 0 53 0 0 0 0 0 0 0 51 0 0 0 0 69 0 77 0 0 0 0 0 0 46 39 0 46 34 6 0 0 72 0 0 0 0 0 48 0 0 34 0 0 83 54 0 0 0 55 0 0 0 4 0 0 0 0 83 0 70 0 26
0 0 0 0 0 0 0 0 0 0 0 0 0 0 67 0 0 0 0 0 27 0 0 0 75 0 0 0 0 0 62 53 0 0 0 0 0 0 0 0 0 0 0 0 0 0 0 34 74 0 0 0 84 0 0 0 0 0 0 0 0 0 0 0 0 55 0 0 0 0 0 0 0 0 35 0 0 0 0 8 0 0 0 0 34 0 0 0 0 0 74 0 0 95 0 0 94 98 0 0
0 0 0 36 0 0 5 0 8 0 34 65 0 0 29 0 0 0 0 0 0 0 38 0 0 0 0 0 0 0 0 31 0 0 32 0 0 0 0 0 0 0 0 0 0 0 0 2 0 34 0 0 0 0 1 0 0 0 0 0 0 0 0 84 0 36 0 0 0 0 3 0 22 0 0 0 0 64 0 53 0 0 0 0 9 0 27 0 0 0 89 37 0 79 4 0 0 62 5 0
0 0 17 0 0 0 70 0 91 95 0 54 0 0 68 0 0 0 0 0 96 0 0 0 0 0 0 97 0 0 0 0 0 0 43 0 0 0 77 21 0 0 48 62 0 0 0 0 0 0 54 0 0 23 0 0 0 0 0 0 5 67 98 0 0 0 0 0 0 0 21 0 19 52 46 0 50 0 0 0 35 0 43 0 0 0 0 0 92 91 74 26 0 0 0 0 0 0 0 15
36 22 0 0 0 26 17 0 60 0 54 0 0 0 0 0 40 37 0 0 0 0 0 41 0 87 0 43 7 39 0 87 0 0 18 0 0 84 0 0 0 82 0 0 0 0 0 0 0 0 0 0 0 79 0 0 0 53 72 0 0 0 0 0 0 0 0 0 0 0 0 0 27 0 0 47 0 0 0 0 63 0 0 71 0 35 56 0 0 60 0 49 0 0 0 0 0 0 0 0
0 1 86 0 0 0 0 64 0 21 0 8 0 0 0 0 40 59 0 0 0 0 15 0 0 0 0 0 0 0 0 0 0 0 0 0 0 34 0 0 0 0 0 0 0 0 0 0 0 98 0 11 0 0 0 0 0 0 70 0 0 50 0 0 0 66 0 68 0 0 0 96 0 0 29 92 65 0 13 0 0 0 0 0 0 0 0 0 0 0 33 0 0 0 0 0 64 0 0 60
0 0 0 87 0 0 0 76 0 0 0 0 0 0 77 0 0 22 0 31 0 0 0 40 0 0 0 45 0 0 0 0 0 0 0 40 0 0 14 0 0 44 0 48 0 0 74 0 0 0 0 0 0 0 8 0 42 0 0 0 0 55 0 0 16 0 0 47 0 0 0 0 0 0 0 0 0 0 0 0 0 0 0 0 0 0 0 0 0 54 0 0 92 0 96 71 0 25 0 0
0 0 100 0 0 0 0 46 0 12 0 88 0 81 0 0 0 0 0 42 0 0 0 0 62 0 82 0 0 0 0 81 13 63 0 0 0 0 0 0 0 0 66 64 0 0 57 0 0 33 0 95 21 0 0 0 0 97 0 0 96 80 0 0 0 5 0 51 0 0 97 0 0 0 0 0 0 0 0 0 0 0 0 0 0 0 27 2 0 0 0 0 0 0 0 0 0 27 0 38
0 0 98 0 0 0 0 0 0 0 0 0 0 0 0 0 0 4 0 0 0 44 0 0 0 0 0 0 40 0 0 0 0 0 0 0 0 0 27 0 0 0 0 0 0 7 65 0 0 0 0 0 60 70 0 55 0 89 0 0 0 0 0 57 0 0 45 0 0 0 10 3 0 0 0 0 0 0 0 26 0 0 0 0 20 0 0 29 0 0 0 0 0 12 0 0 0 0 83 0
0 0 0 0 0 0 0 0 0 24 21 75 0 0 4 0 0 0 24 0 0 0 0 0 0 80 67 0 41 0 0 0 0 78 0 28 0 0 0 0 0 75 0 0 0 0 0 0 51 0 96 0 0 0 0 0 0 0 0 83 84 67 28 0 0 0 0 0 54 0 0 0 43 0 96 0 0 99 0 0 10 71 0 0 0 20 0 0 0 8 0 0 0 0 0 49 0 0 0 52
89 0 0 0 33 0 0 50 0 0 0 0 0 0 0 89 0 17 0 0 0 0 0 39 0 0 75 0 0 0 0 0 23 44 20 0 0 0 0 67 78 0 0 83 0 0 0 0 51 0 0 22 0 7 0 0 0 67 0 0 0 0 0 0 81 92 0 0 0 0 0 0 0 0 0 0 0 0 0 0 40 0 0 0 0 0 46 0 0 0 0 0 61 0 0 89 0 0 89 0
0 0 0 0 0 0 0 0 0 0 0 0 0 0 43 0 81 0 0 0 0 86 0 0 0 0 0 0 0 43 0 0 0 0 55 0 0 97 0 1 69 0 0 0 0 0 0 0 59 0 0 96 0 0 0 0 85 0 0 0 0 0 31 8 0 0 0 0 0 0 33 0 0 85 0 0 48 0 15 26 55 68 11 0 0 0 0 6 0 87 0 0 0 0 0 0 94 0 21 0
43 0 0 63 0 0 0 0 0 0 90 0 0 77 0 98 0 0 0 0 49 0 0 0 0 0 0 0 69 96 0 0 0 0 0 33 35 0 35 0 65 0 0 49 40 0 0 0 0 0 0 0 0 0 5 0 0 0 0 11 0 0 0 0 0 0 0 0 0 0 0 0 0 0 0 0 0 0 0 0 80 0 67 75 15 60 0 0 0 36 82 67 0 0 0 0 74 93 0 0
0 0 0 25 0 0 0 0 0 61 0 61 69 0 0 0 0 0 0 0 0 0 0 0 67 0 0 0 8 54 0 0 10 0 0 0 43 0 0 89 0 0 93 0 0 0 31 0 6 0 0 0 0 0 0 0 0 7 0 0 0 58 0 0 0 0 0 99 0 0 0 0 9 71 0 0 26 0 0 0 75 0 38 46 0 74 0 0 0 0 0 0 0 75 0 0 0 34 0 0
0 26 0 0 0 74 0 0 29 0 0 0 0 0 17 0 0 0 0 59 0 0 0 0 0 60 50 60 92 3 0 0 67 7 0 47 77 0 64 0 0 0 91 0 0 0 0 0 0 59 0 24 0 0 0 0 2 0 0 0 29 0 2 0 71 52 28 0 0 0 0 0 0 0 0 0 0 0 68 0 70 0 0 0 0 0 0 0 0 16 9 0 24 0 0 0 0 0 0 0
0 0 95 0 0 0 70 98 0 0 5 0 0 0 73 0 0 0 0 0 63 0 0 0 1 0 0 18 50 27 0 0 84 0 0 0 0 0 0 0 0 0 0 0 0 0 0 0 0 0 0 0 0 0 0 0 0 0 0 0 87 54 5 93 0 0 20 0 0 0 100 44 61 0 0 0 0 52 0 0 0 22 0 0 0 0 0 0 0 20 0 90 0 0 0 0 0 0 22 0
72 0 13 53 0 85 0 0 0 0 0 47 94 0 0 0 15 0 0 0 0 0 0 0 0 27 69 0 0 0 0 0 0 17 0 0 0 50 20 0 77 0 0 0 0 0 0 0 0 0 0 66 44 82 23 0 12 0 42 0 0 0 1 0 0 0 0 98 0 0 0 0 68 0 0 21 0 30 0 0 0 0 65 31 0 0 42 0 0 0 0 0 0 0 2 0 0 0 0 0
0 0 0 0 47 0 0 0 71 0 0 0 22 39 0 99 0 0 0 46 6 0 0 0 0 0 0 0 0 0 0 0 0 27 0 0 0 0 0 0 0 0 33 0 97 0 0 38 0 0 3 0 0 0 0 13 0 80 22 0 0 0 0 0 88 0 0 0 0 0 0 0 0 0 3 9 27 0 0 0 0 0 0 10 0 20 0 0 42 59 0 0 0 24 43 0 54 0 0 86
0 51 32 0 0 42 6 0 0 0 0 89 0 58 0 0 0 0 0 0 0 0 19 0 0 82 0 0 16 0 0 0 0 0 0 0 72 69 29 0 0 84 0 0 0 0 0 11 0 0 0 0 0 0 0 0 0 0 0 0 0 0 0 0 0 27 50 50 0 0 0 0 0 0 71 0 0 0 0 59 0 0 0 0 32 0 81 0 0 0 0 0 0 0 0 81 0 0 0 100
0 0 0 0 0 0 0 0 10 0 0 0 0 0 0 91 0 0 0 0 0 0 57 0 81 0 0 0 0 0 89 0 0 0 69 0 0 0 67 0 0 10 42 0 0 5 0 0 0 42 0 0 48 0 0 0 0 31 0 0 0 0 0 60 0 0 0 0 0 0 0 0 0 0 0 0 0 71 0 0 53 0 0 15 0 76 0 0 13 0 0 81 0 44 0 4 13 34 0 21
0 0 0 69 0 0 0 66 97 77 0 5 0 0 0 0 50 0 0 0 0 0 0 0 0 0 0 38 0 0 0 0 0 29 0 0 0 9 0 87 0 0 0 0 0 40 0 0 0 68 0 0 0 86 0 90 0 0 0 0 0 0 69 0 0 0 29 0 0 0 93 0 31 0 0 0 0 0 0 0 0 0 0 0 0 0 0 60 0 0 76 0 99 28 0 0 0 0 79 0
0 0 0 0 0 0 0 0 56 0 50 0 0 0 0 0 0 22 81 0 0 0 0 8 0 0 0 0 17 88 0 0 0 0 0 0 21 0 0 86 0 0 0 78 0 71 33 0 0 3 8 0 0 61 0 0 0 0 74 0 0 94 0 0 0 14 20 0 0 17 86 64 0 0 74 0 0 0 92 17 0 0 0 0 0 0 0 42 0 36 0 0 0 0 0 0 0 0 0 0
0 92 0 0 0 0 0 0 95 0 61 0 26 0 0 0 21 0 0 0 72 0 0 0 37 80 0 0 11 0 0 0 0 0 0 0 0 0 0 0 0 20 0 0 0 0 0 0 56 0 0 27 0 0 0 0 0 0 0 74 0 0 0 0 0 0 0 0 35 0 0 0 32 0 0 0 98 49 0 60 0 0 0 0 76 0 0 0 0 0 0 0 0 0 0 0 86 50 0 0
0 0 58 0 0 36 34 0 0 38 91 48 0 0 0 0 0 0 0 0 0 0 73 0 0 0 37 21 0 0 0 0 0 0 0 0 0 18 0 16 0 0 33 50 0 0 39 5 0 25 0 0 0 0 0 0 34 0 0 0 0 0 0 50 0 0 0 0 0 0 0 0 40 52 57 0 0 0 0 0 0 0 0 0 0 0 0 0 0 0 0 0 0 0 0 0 30 0 0 83
0 26 21 0 38 0 0 0 23 0 0 0 0 0 0 0 25 0 0 0 0 0 0 0 97 0 0 0 0 0 0 0 0 0 0 0 94 0 0 0 0 0 0 0 0 0 0 0 0 0 0 0 0 0 0 0 94 77 0 0 0 0 7 0 63 0 0 9 0 0 0 50 0 0 0 0 0 0 0 0 63 0 0 54 0 0 0 92 0 0 0 0 0 0 0 43 98 0 58 0
0 56 0 15 0 13 36 0 0 0 0 0 0 0 0 0 54 0 0 0 0 0 0 0 5 0 0 0 0 40 0 0 0 0 27 17 0 74 25 0 0 0 0 95 0 0 0 0 0 0 0 0 0 0 0 60 0 0 86 0 0 0 29 87 0 0 0 2 0 77 35 85 0 4 0 0 53 0 0 0 0 0 56 0 0 0 0 0 0 0 0 0 43 20 0 1 0 10 0 0
0 0 0 0 0 38 0 71 0 0 0 0 0 0 0 0 0 28 0 34 0 0 0 0 0 50 0 0 78 0 59 0 70 0 0 0 0 39 0 76 0 30 95 0 87 61 0 0 0 42 0 0 0 0 23 0 0 0 0 0 0 50 0 0 94 0 0 0 75 0 0 27 0 0 41 0 0 0 0 0 0 0 0 0 0 0 0 0 42 0 17 81 0 0 0 0 58 76 0 0
25 0 54 0 11 0 0 0 0 0 0 0 0 0 19 0 0 0 0 0 0 0 70 0 0 0 0 0 0 0 94 0 0 91 0 22 0 15 0 44 0 47 0 17 72 59 94 0 37 0 0 0 23 0 0 0 0 0 26 0 0 0 0 4 0 51 0 0 0 0 0 36 0 97 0 86 0 0 0 49 0 0 0 0 1 0 83 70 100 96 0 0 0 0 0 0 0 0 32 0
0 51 0 0 0 0 0 0 11 0 0 0 0 0 0 0 0 0 0 0 0 0 49 0 0 0 27 0 96 0 76 0 0 78 73 40 0 0 0 0 0 0 0 0 61 0 0 0 0 0 0 0 66 0 0 0 44 0 99 0 0 0 0 79 0 89 0 0 0 0 0 67 0 0 0 0 0 0 11 44 0 47 0 18 0 63 0 46 0 0 0 0 100 0 60 0 0 40 93 11
0 0 0 0 0 91 0 0 67 0 0 0 0 16 0 0 0 0 0 0 29 49 56 32 0 0 0 0 0 0 0 0 76 0 47 0 39 0 0 0 0 7 56 0 99 0 0 0 0 0 0 44 91 0 80 0 0 0 0 0 0 64 0 0 0 34 0 15 0 0 51 0 0 0 0 0 44 0 0 72 0 0 0 0 0 0 62 35 0 0 0 0 0 0 0 0 0 0 95 0
61 0 0 0 0 0 0 0 0 0 68 0 0 7 76 57 52 0 0 0 0 0 50 0 11 0 0 0 0 0 0 0 0 0 54 0 100 0 0 0 3 0 0 0 0 0 0 52 0 0 0 0 0 22 0 50 0 0 54 98 8 0 0 0 0 0 0 0 0 0 70 68 0 0 0 0 0 0 0 0 0 0 0 89 0 0 0 33 0 70 88 0 0 42 0 4 0 0 0 96
0 0 0 0 0 0 0 0 0 0 89 0 0 0 0 0 0 0 0 83 0 0 53 0 0 50 0 73 0 0 74 75 0 75 0 0 0 0 0 0 87 0 12 0 0 0 0 0 0 0 0 0 0 0 0 0 0 0 0 0 0 0 0 47 86 0 0 0 60 23 0 0 50 0 0 0 0 0 0 10 0 0 0 72 11 0 58 0 0 0 0 92 0 0 0 12 0 0 0 0
0 0 94 0 0 0 0 60 0 0 0 0 0 25 0 0 61 0 0 0 0 0 0 0 0 0 84 0 0 0 11 0 0 0 0 0 43 0 27 0 0 0 0 0 91 65 0 0 0 0 0 0 0 0 0 39 0 89 95 0 0 62 0 0 0 53 0 0 0 52 0 0 64 0 37 0 0 100 0 0 0 0 85 0 0 0 0 43 0 0 0 0 63 0 0 0 0 0 7 60
26 0 0 0 0 0 0 0 0 51 0 0 0 0 0 78 88 0 0 0 23 0 42 0 0 0 0 0 0 35 0 0 56 0 0 0 0 0 0 0 0 0 17 0 0 0 0 0 67 0 0 0 50 91 0 0 0 0 0 0 34 0 0 59 0 0 0 0 0 0 0 36 33 0 29 0 0 0 0 0 0 0 0 0 0 0 0 0 92 78 32 0 0 0 0 0 43 0 0 0
0 0 0 0 0 24 0 0 49 0 47 86 0 0 0 0 0 0 37 0 0 0 0 0 27 74 0 0 0 0 0 0 0 0 11 92 0 0 56 85 62 0 0 0 0 4 0 0 45 0 45 0 0 0 0 41 0 0 0 0 0 0 33 0 9 0 0 0 0 0 0 47 0 79 0 0 0 0 5 0 38 0 0 0 0 0 0 0 0 0 20 17 0 0 0 0 0 0 0 0
0 0 0 0 0 17 71 0 0 87 0 0 0 5 0 0 0 0 0 0 0 44 0 0 0 0 0 0 18 0 0 0 32 0 0 0 0 0 0 0 0 0 0 41 0 14 0 0 0 0 0 46 0 0 0 0 0 0 0 0 0 0 15 0 0 0 0 0 0 0 0 0 0 0 0 0 40 0 78 16 35 0 0 0 0 84 0 0 0 0 0 0 0 0 0 0 0 0 66 19
0 0 64 34 0 0 0 0 0 0 0 24 0 0 0 0 0 0 44 0 0 0 1 0 71 0 0 0 0 0 0 0 0 0 16 94 0 0 0 0 0 0 0 0 0 0 0 0 0 0 0 0 0 0 0 0 0 0 0 0 0 0 0 0 0 0 0 0 94 0 0 0 0 0 0 0 0 0 42 0 25 0 0 84 46 0 0 0 0 0 65 0 0 83 0 0 0 0 16 0
0 0 0 82 96 0 0 21 37 0 0 10 87 0 0 0 8 0 0 0 0 0 58 0 92 0 0 34 24 0 22 0 0 31 0 0 0 81 0 47 0 73 0 0 0 33 0 0 0 74 32 20 0 0 0 0 0 100 0 0 0 0 0 14 49 28 0 0 0 0 0 0 46 0 0 2 24 0 0 0 8 0 0 0 64 0 15 0 0 0 0 0 0 0 0 0 72 0 0 0
0 0 54 0 0 0 0 58 0 0 0 0 0 0 0 0 0 0 0 37 0 0 0 0 0 0 0 0 0 82 11 0 0 0 10 0 0 0 51 0 0 47 0 62 0 0 16 11 0 0 0 82 71 0 0 15 0 0 0 59 56 0 68 0 0 0 0 77 0 16 2 0 0 0 0 90 0 0 0 0 95 0 0 81 38 0 0 0 0 0 0 0 0 0 27 0 31 0 0 32
0 0 0 0 98 0 0 0 19 0 0 50 0 0 99 0 0 0 0 51 39 0 0 25 0 0 0 0 0 0 0 0 0 29 0 0 97 0 6 41 76 0 0 0 0 0 0 0 0 0 0 94 0 44 0 0 22 0 0 91 45 65 0 0 69 0 0 57 12 0 96 52 0 0 85 60 0 0 0 0 0 0 0 0 0 0 80 0 0 81 86 88 0 0 16 0 0 0 0 0
0 0 36 54 66 0 0 0 0 0 0 0 17 0 0 0 0 0 0 46 24 23 0 0 82 0 74 0 88 0 84 0 0 20 0 0 0 0 0 0 0 92 0 0 0 0 0 0 0 0 0 0 11 0 45 0 0 0 0 98 0 0 24 0 0 0 0 0 0 0 0 0 0 0 0 0 0 0 0 0 0 82 0 0 0 97 76 0 0 0 0 0 0 74 90 74 0 40 0 46
94 0 67 0 44 0 0 71 0 0 36 0 0 0 0 0 0 75 0 0 34 44 0 0 8 40 0 0 0 0 98 0 0 0 0 85 0 99 93 0 61 0 0 0 9 71 0 82 0 0 0 0 0 0 0 0 0 0 0 50 54 0 0 14 83 0 0 0 100 7 0 0 90 0 28 0 0 0 0 0 39 55 77 0 0 0 50 0 0 0 95 20 0 60 97 0 0 0 0 10
0 0 0 0 0 92 0 0 0 0 4 0 0 0 0 0 17 0 81 0 0 0 0 0 0 7 0 17 0 0 5 10 0 51 0 0 0 0 28 0 81 0 0 0 0 0 0 0 0 96 25 0 0 0 28 88 0 0 0 55 5 0 75 0 3 0 0 25 0 97 0 0 0 0 0 0 0 0 39 0 0 0 0 0 0 18 0 0 0 0 0 0 2 0 0 0 22 67 0 0
0 0 0 0 0 0 0 0 0 0 0 0 0 0 0 0 0 0 0 0 0 0 92 66 0 40 42 0 86 0 0 38 0 0 0 79 0 3 0 0 90 0 0 0 0 0 0 0 0 43 94 47 0 46 100 0 61 0 0 0 0 16 57 0 0 0 0 0 0 0 0 80 0 0 0 0 0 0 86 0 0 0 0 76 66 0 96 51 0 0 0 49 89 1 0 67 0 82 0 0
0 0 0 66 0 0 0 0 0 26 0 0 0 33 0 31 84 0 0 0 0 0 0 0 0 0 0 30 0 62 0 0 0 0 0 0 0 0 3 0 0 0 0 0 0 56 0 0 38 0 0 0 0 0 0 0 0 0 0 0 0 0 0 0 0 0 0 16 0 0 50 0 0 15 7 0 7 0 0 0 0 0 0 89 76 0 0 74 0 0 0 76 0 0 0 0 0 0 35 0
0 0 82 75 0 0 0 0 0 0 0 55 0 62 0 0 10 0 0 0 0 26 0 0 0 0 0 0 0 30 52 63 0 0 0 0 0 0 89 0 0 0 82 0 0 0 0 0 62 0 0 34 0 0 0 0 0 49 0 0 89 0 0 0 0 0 0 0 0 0 0 0 0 92 0 0 0 62 0 0 0 0 0 23 0 98 0 60 0 0 62 0 0 0 0 0 0 25 98 14
100 0 0 0 0 0 0 0 87 0 0 0 80 0 0 0 3 0 0 0 100 0 0 0 0 0 0 64 0 88 84 0 18 55 18 0 0 0 27 0 0 0 3 0 0 0 0 0 75 0 0 0 0 0 0 0 52 0 0 0 0 94 2 0 0 93 0 0 0 0 7 0 0 0 32 0 0 0 82 93 0 0 98 0 0 0 0 0 0 0 0 0 0 0 13 0 0 0 0 0
0 0 0 0 72 0 0 0 0 35 0 21 56 0 0 0 0 0 0 0 0 0 0 0 0 85 0 0 0 0 0 0 0 0 6 33 0 59 0 86 0 0 0 0 0 12 0 0 15 0 0 54 0 0 0 0 0 88 35 0 0 0 0 0 0 0 0 0 97 0 0 8 0 0 0 89 13 0 0 0 68 0 0 91 0 0 0 0 0 3 0 20 0 0 0 17 0 0 7 61
37 0 0 0 0 0 28 95 0 0 0 0 0 0 0 52 0 56 0 0 0 0 0 0 0 0 0 0 86 0 0 0 20 0 0 0 0 0 0 0 0 44 0 0 0 38 0 0 0 0 0 0 44 0 0 0 0 0 0 0 4 0 0 0 0 0 0 93 46 0 0 0 8 0 0 0 0 24 93 0 84 10 0 0 0 0 0 0 55 0 0 0 0 0 90 0 0 0 0 0
0 0 0 0 0 0 5 93 39 97 49 0 44 0 0 0 0 3 0 28 0 79 0 0 0 81 12 75 0 47 0 70 0 0 0 0 52 0 0 0 0 80 0 0 0 0 0 0 0 0 22 29 0 0 0 0 0 0 0 0 0 20 0 0 0 0 0 88 0 79 0 0 0 0 0 0 100 7 84 0 0 0 0 0 45 0 0 0 0 0 0 0 0 0 0 0 100 0 0 0
0 0 92 0 0 0 0 0 0 0 0 0 0 0 0 0 23 0 0 0 0 0 0 0 0 0 0 0 0 0 0 5 0 0 0 4 0 74 0 60 0 0 42 0 0 0 8 0 49 36 0 0 0 0 0 58 0 0 0 0 51 0 0 0 38 70 0 0 0 0 0 0 0 80 0 48 0 0 0 0 0 95 0 0 0 0 0 76 0 0 0 90 0 99 61 0 0 46 33 0
0 0 74 18 0 0 0 0 0 0 0 0 16 0 85 0 94 52 45 0 0 0 0 0 0 0 0 0 0 41 39 0 0 70 0 98 20 0 0 0 0 0 47 0 0 0 0 0 0 0 68 0 0 0 78 55 0 0 0 0 86 0 26 0 0 0 0 0 0 65 99 0 0 0 98 0 5 0 0 0 0 0 0 0 0 0 0 7 0 0 0 0 0 0 0 0 32 0 63 0
20 0 0 0 60 81 37 0 0 0 0 0 0 0 0 28 58 0 0 0 0 0 0 3 0 0 40 0 0 35 0 0 80 0 0 0 0 0 0 0 0 0 0 8 75 35 0 25 0 0 79 87 0 35 0 0 0 13 79 0 0 0 96 0 0 69 0 0 0 0 0 45 0 0 0 73 49 0 0 0 0 0 0 59 0 0 0 0 0 1 0 82 77 0 0 59 0 0 0 0
0 39 0 88 0 0 0 44 0 41 0 0 0 100 0 0 0 0 0 0 0 0 0 0 19 0 0 0 0 15 0 0 0 80 97 0 0 0 0 0 0 0 0 0 0 0 0 0 0 92 0 0 0 0 0 0 0 0 0 0 0 0 0 66 54 0 59 98 0 0 0 0 63 47 23 0 0 25 0 0 0 0 94 0 0 0 0 0 0 77 0 0 0 0 93 0 6 0 0 0
0 0 0 0 0 0 0 31 0 0 0 0 0 0 0 0 0 0 75 0 11 0 0 0 0 0 0 0 0 40 0 0 45 0 0 0 0 46 0 0 0 0 0 23 47 0 90 0 0 0 68 71 0 0 89 0 83 100 0 0 0 0 0 0 0 0 0 0 0 0 0 84 0 0 0 0 0 55 0 0 0 0 0 0 0 0 0 10 0 0 0 0 0 0 0 0 0 0 0 0
0 0 0 0 0 0 0 0 0 88 0 0 0 0 0 0 0 0 0 0 0 0 48 0 0 0 0 0 16 37 0 0 0 0 0 0 0 96 0 0 43 0 0 0 0 0 0 0 0 0 0 0 0 20 0 0 0 62 0 0 0 0 10 94 0 0 0 65 0 0 0 0 0 0 0 0 0 0 0 0 89 3 44 0 0 0 0 0 98 0 0 0 0 0 0 0 0 24 0 0
0 0 0 0 89 0 0 0 0 0 0 10 70 0 0 0 0 0 92 0 46 0 0 0 0 0 26 0 0 0 97 48 0 0 0 38 0 0 0 59 0 0 31 0 0 0 0 0 0 0 0 0 8 1 0 0 0 0 0 0 32 0 0 0 0 0 0 0 0 0 0 0 67 0 86 0 0 0 36 0 0 58 0 4 0 0 0 0 60 0 0 0 0 0 0 0 0 0 0 0
0 64 2 15 59 0 57 0 0 0 0 0 55 63 57 0 0 0 0 0 0 98 0 0 0 0 0 0 82 0 0 0 0 0 0 0 0 0 0 0 10 0 0 0 0 43 0 0 0 0 0 0 0 0 0 90 0 0 86 0 0 0 0 0 0 0 0 0 0 0 60 0 0 0 0 0 17 0 95 0 0 80 0 0 0 0 0 0 0 4 0 0 0 0 0 73 0 0 37 0
0 0 0 0 95 91 0 0 0 0 0 0 0 0 0 0 0 0 0 24 51 88 0 0 0 0 0 50 0 0 0 0 0 73 0 0 0 0 0 4 0 0 0 0 13 0 0 0 0 0 0 43 0 55 79 0 0 0 0 0 0 41 0 0 0 17 0 2 0 0 0 6 0 0 0 0 0 0 26 88 0 0 0 0 0 0 0 5 0 0 0 74 0 0 0 0 0 0 0 0
63 0 90 0 0 0 0 0 0 21 0 0 0 71 0 0 39 0 0 0 0 0 77 77 4 0 35 0 0 0 0 0 0 70 11 0 76 0 0 26 95 28 76 0 54 46 61 0 0 0 0 0 13 100 15 0 0 0 0 77 88 0 84 0 42 0 81 0 0 22 0 57 0 0 78 71 0 0 0 25 0 0 0 0 57 90 0 0 0 0 0 0 0 0 0 0 0 0 0 0
0 0 0 40 0 94 0 0 0 43 0 0 0 0 0 65 0 0 0 15 0 0 0 0 0 0 98 0 0 70 71 0 0 0 69 0 0 0 65 0 0 0 73 0 0 0 52 93 0 24 63 0 0 0 0 0 0 0 0 55 0 12 0 52 0 0 0 97 0 0 0 0 71 0 0 0 0 44 0 0 10 0 45 0 0 0 68 0 0 0 0 0 93 37 0 0 0 0 0 0
0 61 91 0 0 28 0 0 0 0 0 0 0 0 0 0 0 0 0 0 0 0 0 59 0 0 0 0 0 0 0 50 81 0 0 0 0 0 0 0 0 68 0 20 53 0 39 0 0 0 54 0 56 100 0 0 0 0 0 0 11 0 0 0 21 0 0 0 90 48 0 0 0 0 0 0 0 0 0 0 0 0 0 1 52 0 35 0 0 0 0 0 45 0 0 0 0 0 0 43
0 15 0 0 0 47 58 0 13 0 25 0 31 0 0 0 65 0 88 0 0 93 0 72 0 21 0 58 0 0 0 88 0 0 51 90 63 0 0 98 0 0 50 0 0 58 0 0 33 44 0 0 67 0 0 0 0 0 0 0 56 0 85 0 0 0 0 95 75 22 0 0 0 0 0 0 90 0 0 0 0 80 68 0 0 54 0 51 0 27 0 25 0 0 64 0 0 0 0 54
0 0 0 0 86 0 0 0 31 39 0 0 98 0 56 92 0 57 69 0 0 0 0 24 0 0 0 28 0 0 0 73 0 0 0 0 0 0 1 0 0 0 0 0 0 65 0 0 0 0 0 0 89 0 0 18 0 0 0 0 0 56 0 0 17 0 0 0 42 20 0 0 0 95 0 0 0 28 32 0 0 43 8 66 0 0 0 0 0 0 0 60 0 0 0 0 16 0 85 0
0 0 0 16 0 0 0 0 0 0 0 0 0 46 0 40 0 38 52 16 0 0 0 0 24 0 0 0 0 0 77 0 0 17 18 0 0 0 0 36 0 36 0 0 0 0 12 76 0 0 0 0 0 0 0 0 16 56 0 91 0 97 0 10 0 0 0 50 0 92 0 8 0 0 47 0 26 95 0 0 93 0 0 0 0 0 0 0 0 0 0 0 0 0 0 0 0 0 0 0
0 0 0 9 0 47 0 2 0 66 0 0 0 0 84 0 0 0 0 0 0 47 0 0 0 0 0 42 0 0 0 0 0 0 0 79 0 0 0 0 0 0 0 0 0 0 0 79 94 46 0 0 0 92 11 0 0 0 0 0 0 0 0 0 0 0 0 34 65 58 0 0 0 0 0 0 18 26 0 0 0 0 0 0 0 0 82 0 10 0 0 0 0 0 0 0 52 63 0 0