100
0 0 0 0 68 0 0 0 0 0 0 0 0 0 0 83 0 0 32 0 0 0 0 0 0 0 0 0 29 0 0 0 0 0 31 0 0 75 0 0 36 0 0 56 0 0 0 36 0 85 0 0 14 0 0 0 0 0 12 0 52 0 74 34 0 0 0 0 0 35 0 0 68 0 0 0 0 92 0 0 0 0 0 0 8 0 0 0 0 0 44 0 0 41 61 0 48 43 0 67
0 0 62 26 0 0 0 9 0 22 0 0 0 0 33 0 22 0 0 22 93 0 0 33 80 0 0 0 0 0 0 0 0 0 0 27 0 0 0 0 58 0 56 0 0 0 0 0 0 0 0 0 5 52 33 0 0 27 0 0 0 0 0 0 0 0 0 0 48 0 45 0 0 0 0 0 33 25 88 77 0 0 0 88 0 0 0 0 58 0 0 0 0 0 0 0 0 0 1 0
0 0 0 0 0 0 0 0 0 72 46 0 0 0 0 0 0 56 0 0 0 98 0 77 0 0 0 0 0 0 0 0 0 0 74 0 0 66 0 0 0 51 0 0 44 0 88 0 0 0 0 0 0 0 0 0 0 0 31 0 0 0 0 0 0 0 0 16 0 91 0 91 0 0 0 0 0 67 82 0 48 0 0 0 0 0 0 0 55 0 0 52 0 0 0 27 0 0 0 0
0 0 0 0 20 0 63 0 0 0 0 0 3 0 0 0 0 0 0 77 0 66 0 72 0 76 0 92 0 0 0 14 0 0 24 0 0 0 91 0 0 74 0 0 0 0 38 87 0 0 0 0 39 0 0 0 0 88 0 0 65 25 48 0 0 0 0 0 63 0 21 72 77 27 0 19 85 0 0 0 0 0 0 47 0 91 0 0 66 0 0 0 0 0 0 0 0 0 0 0
0 0 0 0 0 0 61 0 0 88 0 5 0 0 0 0 0 0 0 0 0 0 0 0 0 0 0 0 0 0 0 0 0 0 0 0 0 0 0 0 0 59 0 0 0 0 30 0 0 0 0 0 0 0 0 6 0 0 24 72 0 0 0 56 0 0 0 0 0 0 0 0 0 0 0 0 0 0 0 49 87 0 0 0 0 0 0 5 0 0 65 0 23 0 0 0 0 0 0 0
0 0 0 68 76 0 0 0 0 0 0 0 0 61 0 0 45 0 0 25 0 22 34 0 0 84 73 0 0 0 8 0 0 0 10 22 0 32 0 0 0 0 0 0 0 0 0 0 0 0 0 0 0 46 0 0 0 0 58 0 0 95 0 0 0 0 0 0 0 0 0 0 0 78 96 0 0 30 0 0 57 0 21 20 0 0 0 0 0 0 0 0 0 0 57 0 0 0 0 0
0 0 0 0 0 75 0 0 0 0 0 44 0 0 0 0 0 85 1 50 77 0 0 0 0 0 58 0 0 0 0 80 0 48 0 80 0 0 0 0 0 0 0 24 0 0 0 0 61 0 83 0 0 0 82 0 0 13 0 0 56 0 0 38 6 0 0 0 0 0 0 1 0 68 27 0 0 0 0 0 0 0 0 35 0 61 0 0 47 0 0 0 0 0 0 0 0 0 99 0
0 0 53 0 0 60 0 0 0 0 0 0 0 0 0 0 55 59 50 0 22 0 16 82 0 48 0 0 0 0 0 0 0 53 80 0 0 37 0 0 0 52 0 0 0 0 63 0 0 0 5 0 0 0 61 0 0 0 0 38 0 0 0 0 0 0 0 0 0 0 0 27 0 0 0 0 30 0 0 0 0 0 0 53 36 98 0 31 64 0 0 100 0 0 0 0 0 0 80 20
92 0 0 0 0 50 0 0 0 77 0 56 70 0 41 0 0 0 0 32 19 81 58 0 0 89 0 96 0 0 0 0 28 33 51 0 0 60 0 67 0 0 0 5 0 0 0 0 0 0 55 0 0 72 0 0 0 87 54 0 0 0 33 0 0 0 0 32 0 0 0 0 0 63 0 0 0 0 0 0 0 0 88 55 0 0 0 0 67 0 0 0 0 0 0 0 0 0 13 0
95 31 34 91 3 0 0 73 98 0 0 0 0 0 0 0 0 0 0 0 0 0 0 0 0 0 46 0 0 0 0 0 34 0 15 37 26 0 0 0 0 0 0 0 59 0 0 0 0 0 0 71 0 0 0 22 0 0 0 0 0 0 0 0 0 0 37 53 0 76 0 0 0 0 0 0 0 0 0 0 73 0 20 0 0 48 58 0 0 0 0 54 21 0 0 84 0 26 0 0
0 0 0 0 0 0 0 70 0 67 0 0 0 0 0 91 0 0 89 66 21 98 0 0 0 0 0 0 0 0 0 89 0 58 0 0 80 0 0 1 0 0 0 0 0 0 27 0 0 28 0 0 0 0 0 0 0 0 0 29 0 0 0 1 0 0 87 0 0 0 0 0 56 0 95 0 31 0 0 63 0 21 0 0 0 0 0 0 89 0 0 0 0 4 0 80 0 0 0 0
82 0 11 0 0 31 2 0 0 0 85 0 89 0 0 0 0 0 0 0 0 0 36 50 0 0 0 14 0 74 0 0 0 3 0 0 0 8 0 0 0 78 0 0 0 0 62 0 14 0 0 82 0 36 27 0 0 0 0 0 0 0 0 0 95 0 6 0 0 0 0 0 0 0 0 0 0 60 0 55 2 0 0 0 100 0 14 50 0 0 0 0 15 0 0 0 64 0 0 3
83 0 8 39 83 6 41 0 0 0 0 0 0 0 0 0 39 66 0 0 0 84 0 0 24 0 0 0 0 17 0 22 0 0 0 0 0 3 0 0 0 0 37 0 0 0 0 0 0 99 12 0 0 0 0 0 0 0 0 0 0 0 0 0 0 15 0 0 0 0 0 0 99 86 0 0 0 58 0 94 53 0 0 61 70 0 0 0 99 39 84 0 0 0 0 0 0 0 0 55
0 0 0 0 0 0 0 0 0 0 47 0 0 0 16 0 0 37 0 36 0 76 0 12 0 0 22 0 0 0 0 0 0 0 0 0 3 0 0 0 0 0 22 0 0 0 0 60 0 99 0 0 0 80 0 0 45 0 0 0 0 0 95 0 38 0 0 0 0 41 0 0 8 0 0 0 16 0 0 0 0 0 0 2 0 0 0 93 38 0 0 0 0 0 0 57 0 0 0 0
0 39 0 28 2 17 0 27 0 58 0 69 0 0 0 0 0 0 17 44 0 31 0 0 0 0 76 0 0 44 0 0 0 0 0 0 0 0 0 0 0 0 5 0 25 34 0 0 0 0 0 0 0 0 25 0 0 0 0 0 20 0 69 0 0 56 0 0 0 0 0 0 0 0 0 0 0 0 0 0 59 84 0 51 0 0 0 0 0 99 98 0 0 0 0 0 0 0 0 37
41 0 39 71 0 43 0 0 49 0 69 3 0 58 24 0 0 0 0 0 0 64 0 0 0 9 0 76 0 90 0 0 37 45 0 0 54 0 0 0 0 0 0 95 0 0 22 48 0 0 0 0 0 0 0 0 0 0 0 0 0 0 0 0 0 0 0 29 0 81 0 0 0 0 0 0 0 0 0 0 0 0 0 0 42 0 0 81 0 0 10 0 74 0 29 0 0 0 39 0
0 0 15 67 6 0 11 61 56 0 0 0 0 0 0 0 0 79 0 0 73 0 1 5 0 0 0 47 0 0 0 0 57 0 0 0 0 0 0 0 77 0 52 0 0 0 0 0 0 23 0 3 0 0 0 0 0 6 79 59 0 92 0 0 0 0 0 12 0 0 69 0 74 88 0 0 0 0 0 0 0 0 0 0 0 64 98 0 0 0 51 0 0 12 0 0 0 85 0 67
0 0 0 28 93 0 0 6 0 0 32 25 0 0 54 0 0 0 0 0 0 0 0 9 31 43 9 0 0 0 0 0 0 0 0 0 0 0 0 0 0 39 0 0 0 0 23 24 0 0 0 0 0 0 38 0 75 0 0 79 0 46 0 0 44 47 99 0 71 22 0 0 0 0 90 0 0 0 89 0 34 0 4 34 0 0 0 0 0 19 0 0 0 0 0 0 0 0 8 0
0 0 0 0 0 61 0 0 0 0 0 0 0 0 0 0 0 0 0 0 0 0 0 0 59 0 0 0 47 0 0 0 0 0 71 0 0 0 0 0 0 0 0 0 0 10 0 0 0 84 0 0 26 74 0 0 0 51 0 0 0 0 0 0 0 0 0 0 74 61 0 0 16 0 0 69 0 0 0 27 0 18 0 0 81 0 0 26 0 11 61 0 0 0 0 0 0 0 0 0
0 0 0 0 0 26 0 0 0 0 48 58 7 0 0 72 0 0 0 0 0 0 0 0 0 20 22 0 0 0 0 0 39 0 0 0 4 0 0 34 0 0 20 0 0 0 0 0 57 0 0 46 0 0 0 0 0 8 92 0 0 0 13 73 0 0 55 25 0 0 0 0 0 0 0 0 0 0 0 0 0 0 0 0 0 0 0 0 21 0 0 0 12 0 0 0 41 0 0 0
0 0 55 43 0 9 0 0 0 0 0 0 0 50 0 0 0 0 0 0 0 0 91 0 0 24 0 0 0 0 70 0 0 0 0 0 96 63 0 0 0 0 36 0 0 0 37 0 24 0 15 0 0 0 0 0 0 0 0 0 0 0 0 38 0 0 0 0 0 57 0 0 99 0 0 0 0 0 0 0 0 0 0 0 0 0 0 0 0 0 55 82 0 0 0 0 0 0 21 0
0 0 70 29 0 0 0 72 48 54 0 0 0 78 0 0 67 71 0 0 0 0 0 51 25 0 0 89 0 0 63 52 0 0 0 0 0 46 0 0 0 0 0 59 82 42 0 0 0 23 0 0 0 0 0 0 0 0 0 0 67 0 0 8 0 76 0 0 0 43 0 0 0 0 77 0 0 0 0 0 61 0 0 0 0 0 0 0 0 89 0 13 0 0 0 0 0 0 0 99
0 0 0 24 0 10 27 0 51 0 0 0 37 0 0 0 0 76 0 0 69 0 0 0 0 1 0 0 0 0 0 0 0 0 0 65 0 0 0 0 0 0 0 0 0 0 0 88 26 0 0 0 94 80 0 0 0 0 87 0 0 0 5 0 0 0 0 0 0 0 37 0 0 0 0 36 74 0 0 0 0 87 0 0 0 0 0 72 0 0 6 35 0 0 0 0 40 0 0 0
0 0 7 0 45 0 0 0 0 0 0 0 0 0 0 0 0 0 44 66 64 0 0 0 0 0 37 0 0 0 0 0 36 0 0 0 0 0 0 0 0 77 27 0 0 0 0 0 0 54 53 0 0 0 0 49 0 0 0 40 0 0 24 0 0 0 0 0 0 0 57 0 48 100 0 68 0 0 40 0 0 0 0 0 0 0 0 23 0 0 98 0 0 0 0 0 0 0 0 11
0 0 0 0 0 0 6 0 0 0 0 39 0 0 34 0 78 9 61 0 0 0 0 0 0 52 0 0 0 0 0 0 0 20 0 0 17 0 0 0 0 0 0 0 0 46 0 0 0 0 0 0 0 25 60 0 0 0 33 0 0 0 0 0 0 0 0 0 0 95 0 0 0 0 0 0 0 0 0 0 0 0 31 0 11 0 0 0 0 33 0 0 0 0 0 0 0 0 0 0
0 0 0 92 0 0 0 0 67 0 34 0 4 0 0 0 15 0 0 0 0 28 0 0 0 0 0 0 34 0 0 80 0 0 0 0 10 0 0 97 0 0 0 0 0 0 0 0 23 0 47 0 20 0 74 0 61 0 0 0 0 29 55 0 0 0 0 0 0 0 0 0 0 0 0 42 0 0 0 0 0 0 0 62 17 0 0 0 0 98 80 0 0 16 0 87 0 0 55 0
0 81 0 0 0 42 0 86 0 0 0 0 81 0 0 0 0 0 0 0 38 0 0 0 33 0 0 70 28 0 0 0 0 0 0 17 0 78 0 0 0 0 0 0 0 16 0 42 0 1 78 0 0 0 18 72 29 0 98 83 0 0 0 0 0 0 0 0 0 0 0 0 0 0 0 0 0 0 0 0 0 0 0 20 0 0 0 48 65 0 63 0 67 0 0 0 0 0 0 0
0 0 0 0 0 0 0 0 0 0 0 28 0 0 0 0 58 28 0 82 0 0 0 0 0 0 0 0 0 0 0 1 0 0 0 0 0 0 0 75 0 73 0 0 0 12 81 57 67 0 0 0 0 0 97 0 0 73 0 0 0 0 0 0 0 0 0 0 0 0 93 68 0 0 42 0 0 15 0 0 0 0 38 61 0 42 0 0 0 47 0 0 0 93 0 0 0 0 0 0
0 60 0 63 0 0 0 0 0 0 87 0 0 0 72 0 0 0 0 0 15 57 92 0 0 0 0 0 0 0 0 0 0 0 0 0 0 0 0 0 0 26 0 0 26 0 84 0 0 0 69 41 0 0 0 100 25 3 22 0 25 90 82 0 0 0 0 0 62 0 0 41 0 0 0 3 0 0 0 8 0 93 0 0 0 0 0 0 23 0 65 39 0 26 70 30 0 0 0 94
0 0 0 0 0 30 24 0 69 0 0 0 0 0 66 33 13 0 0 99 22 0 0 0 0 0 91 0 0 0 0 12 0 0 0 0 0 27 0 0 0 20 0 0 28 91 0 0 0 0 17 0 0 13 38 41 16 0 0 0 66 0 0 0 0 0 0 0 0 0 0 74 0 25 0 7 0 0 0 85 0 0 0 31 0 0 0 0 0 0 12 0 0 0 0 0 0 0 0 0
0 0 0 0 0 0 0 0 0 0 0 0 0 68 17 0 0 0 0 0 39 54 0 0 0 0 0 0 0 0 0 0 0 13 0 0 96 0 0 0 0 0 0 79 0 0 0 92 0 0 0 0 0 25 0 0 0 94 0 0 0 0 0 51 0 73 0 0 82 0 4 0 0 80 0 0 0 100 0 0 97 0 0 0 0 32 0 36 0 0 68 0 12 0 0 0 0 0 0 0
0 0 0 0 0 0 0 0 0 0 0 0 0 0 22 0 61 0 0 0 51 0 76 0 0 0 0 0 0 36 0 0 53 0 0 0 0 0 0 0 0 0 0 22 0 12 0 91 0 0 0 0 0 0 0 26 2 89 0 0 100 76 5 0 0 0 0 34 0 0 0 0 0 0 0 0 0 0 0 0 0 0 0 0 0 18 36 0 0 30 0 77 1 34 0 0 0 0 0 0
0 0 5 61 0 12 0 38 0 0 68 0 0 0 66 0 19 0 0 47 0 0 88 0 99 0 0 0 0 44 0 0 0 91 93 0 0 84 0 0 0 61 0 0 0 0 0 0 0 0 0 0 92 0 0 90 0 0 0 0 0 0 0 84 14 0 7 0 0 0 0 0 96 42 0 0 0 0 6 43 65 0 40 0 0 0 37 0 48 0 0 0 26 0 95 0 95 0 0 0
0 0 0 0 30 0 0 0 0 5 0 73 0 48 0 0 0 0 0 0 83 0 0 0 0 0 0 0 0 34 0 0 0 0 0 0 0 84 0 14 0 51 0 0 69 0 0 0 0 0 0 0 0 90 0 0 0 0 0 0 0 0 0 23 0 0 0 17 0 71 14 0 62 30 0 0 0 0 39 0 0 79 0 71 41 0 72 0 0 0 47 0 43 0 0 0 64 17 0 0
0 0 0 0 4 0 0 0 0 0 0 0 0 0 0 0 96 0 41 0 0 0 0 0 0 0 0 0 0 2 0 88 51 0 0 0 6 0 0 0 0 65 0 0 0 0 0 0 0 88 0 0 0 0 95 0 0 50 0 0 0 0 0 0 0 0 0 0 72 0 0 0 0 0 0 0 0 48 0 0 0 0 0 19 0 0 0 0 0 0 0 96 82 82 27 89 37 0 0 0
0 46 0 0 0 63 0 0 0 0 86 0 0 0 7 0 49 0 0 0 0 0 16 16 0 0 0 65 0 0 0 0 0 79 0 0 0 0 0 0 0 68 0 0 0 4 92 73 0 83 0 0 0 0 0 0 0 0 0 50 0 0 30 0 0 0 0 64 0 44 5 0 92 0 91 0 0 0 0 93 0 80 88 0 0 0 70 0 19 0 0 0 0 0 5 0 68 0 0 0
0 42 80 0 70 0 66 0 0 0 0 0 91 0 0 0 0 64 0 73 0 0 0 0 0 0 0 0 84 0 95 0 0 85 0 32 0 0 45 0 32 0 0 0 0 0 0 69 0 0 23 0 0 0 0 87 0 76 0 0 0 37 0 17 0 0 0 0 36 52 0 0 0 0 0 30 0 23 0 0 0 0 0 0 100 45 0 96 0 3 0 0 19 0 0 0 0 0 0 0
0 0 95 0 0 79 0 55 0 26 75 0 50 0 0 0 0 0 0 66 0 0 0 0 0 0 0 19 0 0 0 16 7 0 0 6 19 0 0 0 0 0 0 0 0 69 0 0 0 0 0 73 0 0 0 0 0 0 0 0 0 0 91 0 0 30 0 0 0 0 0 0 0 0 40 99 0 0 16 0 0 0 84 0 53 0 0 0 0 99 0 0 5 0 0 0 41 0 99 0
0 0 59 0 94 0 0 0 57 0 96 0 0 43 0 0 0 0 0 4 0 0 0 0 0 0 0 38 74 0 0 0 0 90 0 0 0 0 0 0 0 21 0 0 78 0 24 0 0 8 8 0 0 39 5 0 91 0 0 59 0 0 75 0 0 0 0 14 0 0 85 0 0 0 0 0 0 0 0 0 43 0 79 0 0 75 0 0 0 0 0 0 0 0 0 0 0 0 25 0
44 0 50 0 0 0 0 0 0 0 0 69 0 0 0 73 0 9 0 0 0 0 0 0 0 0 41 31 20 0 0 0 22 0 0 0 28 58 0 0 18 0 0 0 0 91 95 0 64 0 0 67 0 0 0 78 0 0 0 96 0 0 0 0 0 0 4 46 0 0 0 0 0 0 25 0 0 0 0 0 0 0 51 0 0 0 84 0 2 0 0 0 0 0 53 44 0 0 0 0
0 0 0 0 63 60 0 0 0 0 0 0 35 0 0 0 45 0 0 0 0 0 86 0 0 0 1 0 0 0 3 0 0 0 0 28 0 99 0 0 0 0 29 0 0 0 0 0 0 100 84 0 0 0 0 0 0 73 0 0 0 38 0 0 0 0 0 37 0 0 0 0 70 94 52 0 0 0 0 0 82 0 0 0 0 26 0 0 0 0 0 0 28 26 0 0 0 0 0 0
0 0 64 0 0 0 0 0 0 95 0 0 0 0 0 0 0 0 0 0 0 47 88 0 21 0 49 0 17 0 54 0 0 0 0 0 0 68 39 0 0 0 0 19 0 0 0 0 0 0 0 0 77 0 0 0 0 0 0 0 0 0 29 0 34 7 0 0 0 33 0 0 0 0 0 0 0 34 0 0 0 99 0 0 0 0 76 39 0 0 29 0 0 0 50 0 0 8 48 0
0 40 0 0 0 0 0 0 0 0 0 0 0 0 0 0 0 0 0 0 0 0 0 88 0 32 0 88 48 0 20 0 96 0 0 76 0 0 30 0 37 0 0 0 0 0 0 0 0 0 35 60 0 0 0 0 0 0 0 54 0 0 0 55 0 11 12 0 0 0 0 0 0 0 0 86 95 63 0 0 0 49 0 0 0 0 80 100 0 0 0 0 85 0 62 0 97 0 0 84
0 0 0 0 13 0 0 0 0 68 5 96 98 0 0 0 59 0 0 49 0 57 0 0 0 0 18 0 0 82 86 0 0 0 0 0 0 70 0 0 0 47 0 0 89 0 47 0 8 69 0 63 53 0 0 0 97 0 0 0 0 62 0 58 0 0 0 0 0 0 34 0 0 0 0 64 0 65 68 0 0 0 0 0 0 0 0 0 0 0 0 0 0 0 0 0 0 30 0 85
0 36 0 30 0 0 0 0 0 0 36 0 0 26 0 27 0 0 0 0 0 0 90 68 47 80 32 63 69 38 0 0 0 36 0 0 27 31 0 25 0 0 50 0 0 0 0 0 0 0 28 100 0 0 0 0 0 0 0 0 0 0 0 0 0 0 38 0 0 0 0 0 0 0 31 0 26 0 0 0 37 23 0 13 0 0 0 24 79 0 0 69 0 66 0 0 0 0 84 0
3 0 0 0 0 0 95 0 0 0 0 0 0 0 0 18 0 0 0 0 0 0 0 37 60 0 0 0 92 0 0 0 0 0 0 0 0 0 63 39 0 0 98 0 0 0 0 0 0 0 0 0 0 64 0 61 61 0 46 0 0 14 0 74 0 0 0 92 37 0 0 0 0 0 0 0 0 0 0 0 12 90 0 0 0 37 0 47 0 0 0 0 0 0 2 0 0 0 0 0
0 0 17 0 0 38 15 0 59 63 0 49 0 0 21 78 79 0 0 50 0 0 0 0 0 0 0 0 0 0 0 60 0 0 0 0 0 2 11 0 0 20 0 0 0 0 0 0 0 23 22 0 84 0 56 0 0 0 33 0 4 0 0 0 0 0 0 0 0 0 0 1 0 0 0 61 0 0 0 0 0 0 8 0 0 80 0 0 0 0 0 0 11 0 0 0 0 0 83 78
58 0 0 0 0 45 0 0 0 0 0 0 75 0 0 8 0 0 0 0 0 0 0 46 0 8 92 0 0 0 0 0 0 92 0 0 0 0 0 0 0 0 0 66 0 0 0 0 0 0 53 0 0 0 6 48 0 0 0 95 0 98 0 0 84 0 0 0 56 0 0 10 0 0 41 96 0 0 0 0 0 95 0 92 0 0 35 6 0 0 0 0 0 0 0 32 0 0 0 0
0 0 0 0 0 0 0 0 0 0 0 0 0 0 80 0 14 0 0 0 0 0 64 0 0 0 0 0 69 0 0 0 0 0 0 0 7 0 74 0 0 18 96 0 42 0 0 20 0 0 0 21 0 0 0 0 0 0 0 0 0 10 0 0 43 0 0 0 0 42 0 0 0 0 0 0 91 3 0 0 0 0 0 0 0 0 31 0 0 0 97 0 0 0 0 0 0 0 0 0
0 0 0 77 0 0 0 0 0 0 0 0 0 0 0 0 0 0 93 46 0 0 0 0 0 0 0 64 2 0 41 0 0 0 0 0 14 0 41 0 84 75 70 52 0 19 0 0 35 0 54 96 0 0 48 0 0 0 0 0 21 0 11 0 94 0 0 0 93 0 0 0 0 0 0 0 0 0 0 0 0 0 0 44 0 58 0 0 0 0 0 0 15 100 3 0 0 0 0 0
0 0 0 0 0 0 0 98 0 31 79 0 0 10 0 62 0 0 0 0 0 93 0 0 35 0 0 72 0 0 0 0 7 0 65 0 0 0 0 0 82 0 0 0 6 0 0 64 0 5 0 0 0 0 0 0 77 96 0 0 0 0 77 0 22 0 0 0 0 0 0 0 92 0 0 0 0 74 51 0 0 31 0 12 0 0 0 0 0 14 0 0 0 0 0 16 50 0 0 0
0 0 0 22 20 47 0 0 0 77 0 0 0 0 0 0 77 0 0 14 41 98 0 0 0 0 93 17 0 2 0 0 0 89 70 0 0 0 0 0 0 0 0 0 0 0 57 62 0 32 91 0 0 0 0 0 0 0 0 0 0 0 0 0 0 0 0 0 0 0 29 35 0 0 0 97 88 0 0 0 0 82 0 30 16 60 0 0 57 49 0 0 0 22 0 0 0 0 0 27
0 0 0 0 0 0 0 0 0 0 0 0 0 0 100 0 0 0 45 39 52 0 49 0 0 0 0 0 0 0 0 51 0 0 0 0 0 0 0 0 51 41 0 0 0 0 0 0 21 40 0 23 0 0 42 69 49 0 65 0 0 74 0 53 0 0 0 0 42 97 0 0 0 0 59 0 0 0 21 0 0 33 4 92 0 0 0 68 0 0 0 0 82 96 0 0 0 0 0 0
0 79 0 0 0 0 0 0 0 0 0 12 0 0 0 0 0 0 0 0 79 0 0 0 0 0 0 0 50 0 0 0 0 0 36 45 0 55 0 0 62 0 0 0 30 0 0 0 20 0 0 86 0 0 0 0 43 26 0 0 0 0 76 0 0 0 0 0 0 0 0 0 20 0 0 0 0 95 56 0 0 0 0 0 0 0 0 12 0 0 68 0 0 0 0 0 0 0 71 0
0 18 0 14 0 0 0 0 19 0 53 0 0 0 14 1 0 0 12 0 0 72 35 0 3 0 0 0 0 68 0 0 57 14 36 0 0 0 0 0 0 0 0 0 0 0 24 14 57 0 0 0 0 18 0 80 0 0 0 0 0 0 25 0 0 0 0 0 52 0 4 0 0 5 1 0 0 53 0 0 0 71 0 74 0 0 0 64 0 0 0 18 48 0 0 0 0 0 0 0
0 0 0 91 0 0 90 6 0 0 0 0 0 0 0 0 51 0 33 0 0 0 86 0 0 0 0 0 66 6 0 33 0 0 84 0 0 0 0 0 0 0 0 18 35 0 89 0 0 16 0 0 15 83 21 0 0 0 0 0 0 0 0 0 0 79 0 0 0 12 0 0 0 0 0 0 0 85 0 0 0 0 0 0 0 89 0 0 0 0 33 0 95 0 0 0 0 0 0 64
25 30 0 0 0 71 62 72 0 92 0 64 0 0 0 0 0 36 9 0 0 16 0 0 0 18 0 0 0 0 0 0 0 0 0 0 53 0 0 0 0 60 0 0 0 0 0 0 95 0 22 0 96 0 0 46 0 0 0 0 0 0 0 0 0 0 0 0 0 0 0 0 0 54 0 90 0 88 38 0 0 100 0 0 0 0 12 0 0 0 0 38 0 7 0 0 0 0 0 87
0 74 0 0 0 51 0 0 0 45 0 0 0 0 0 0 0 0 20 0 0 0 0 79 0 0 0 0 0 0 0 0 0 6 0 0 0 71 0 43 0 3 0 0 93 0 0 0 0 0 0 0 0 27 0 95 0 0 0 0 0 0 0 55 0 0 0 58 0 0 0 0 0 0 0 0 0 0 0 0 0 0 0 0 0 0 0 0 0 0 0 0 0 15 0 0 0 0 76 0
0 3 34 65 0 0 0 0 49 0 0 0 0 0 0 0 0 0 0 0 53 82 0 0 0 0 0 0 0 0 73 0 0 0 0 0 0 0 0 33 0 84 0 0 0 0 0 48 0 18 0 0 52 0 0 0 96 0 0 0 0 0 0 0 0 21 0 5 0 0 0 0 0 0 0 0 1 0 0 0 0 0 0 53 64 0 22 78 0 82 0 0 29 0 0 0 54 0 0 0
77 69 0 0 0 0 0 0 0 0 0 0 93 0 97 0 0 0 6 0 0 0 0 0 0 0 0 0 0 0 0 0 0 0 6 40 0 0 0 0 0 64 68 0 0 0 25 0 12 0 0 0 0 0 0 0 0 59 0 0 0 0 0 0 0 0 0 0 30 0 0 0 0 14 40 0 0 0 81 0 95 0 0 46 0 20 0 0 0 0 0 0 0 80 0 0 0 0 37 97
0 0 0 0 0 0 0 0 0 7 0 0 0 0 0 73 0 0 0 18 0 0 22 0 0 0 38 0 88 0 0 0 0 0 34 0 0 0 0 0 30 0 0 0 0 0 87 0 0 0 0 0 93 0 0 96 0 71 0 0 0 0 97 0 0 91 0 0 0 0 0 0 69 0 0 22 0 0 0 18 92 0 0 89 0 0 0 0 0 0 65 99 90 0 0 0 0 0 0 1
35 0 63 0 0 11 68 0 0 0 0 0 0 10 92 0 28 89 0 0 0 0 0 0 0 0 0 0 0 0 59 0 98 0 0 60 18 0 0 90 0 78 5 0 0 0 0 99 0 0 63 0 0 0 71 0 5 0 0 0 0 0 0 0 0 0 0 0 35 59 24 32 0 0 0 0 0 0 0 0 0 0 13 0 0 0 0 0 0 10 0 0 0 61 0 0 0 0 78 0
12 0 0 49 0 0 0 59 0 24 84 0 18 0 76 0 0 0 98 0 18 42 0 59 0 3 0 0 0 0 0 32 0 0 0 0 0 0 0 0 14 82 0 0 0 0 0 68 0 0 0 0 0 6 0 0 93 0 41 0 88 0 0 0 0 0 0 66 0 0 99 0 0 0 0 0 90 54 96 0 0 53 0 18 0 0 0 0 0 0 0 0 0 0 0 37 0 0 23 0
0 0 0 38 0 0 0 0 0 92 0 0 0 0 0 0 0 0 0 0 0 0 0 22 0 0 0 0 0 0 0 0 0 0 86 0 0 0 0 0 0 68 0 0 0 94 0 0 0 0 0 55 96 0 0 0 0 37 0 0 0 0 0 0 0 63 0 0 45 0 0 40 0 0 0 0 0 28 0 43 0 0 7 46 59 0 0 65 0 0 0 0 0 0 0 68 0 0 0 0
0 0 0 0 52 21 0 0 0 40 0 20 74 0 0 41 63 0 0 0 0 0 0 0 48 0 0 2 16 0 0 0 57 0 0 29 0 52 0 22 15 0 0 0 0 43 0 0 3 0 0 0 0 0 0 0 0 37 0 0 0 0 0 0 0 0 38 0 0 0 0 0 0 100 0 14 0 0 0 100 0 0 0 0 0 0 58 3 0 36 63 100 0 90 0 38 42 99 0 0
96 0 0 0 0 0 55 0 26 99 66 0 0 0 0 0 0 0 73 0 97 0 0 0 0 0 0 0 88 0 72 0 0 0 69 0 46 0 0 48 0 0 16 0 0 0 0 0 0 6 0 0 42 22 0 0 0 58 50 0 66 15 25 24 49 0 0 28 0 0 0 0 0 0 0 0 58 0 42 74 0 0 0 0 0 31 0 0 86 0 0 0 0 0 0 0 0 0 0 91
0 41 30 0 24 0 62 0 58 0 0 0 0 2 0 0 24 0 0 100 0 0 0 0 39 30 0 0 0 0 0 0 0 0 0 87 0 0 0 0 0 0 23 0 0 48 0 0 49 0 0 0 0 0 0 0 0 0 0 100 88 0 0 0 65 0 0 9 2 79 0 0 11 0 0 0 0 100 69 0 57 0 0 0 0 0 83 84 0 19 80 26 0 0 0 89 0 0 0 0
0 28 46 2 0 0 0 0 0 0 0 17 0 0 0 0 71 0 0 0 0 0 0 0 0 0 0 76 0 0 0 76 0 0 49 21 81 0 0 0 0 0 0 0 0 0 90 0 0 0 0 0 0 90 0 0 0 0 0 0 93 0 0 0 53 0 0 0 0 0 0 0 0 0 69 0 0 46 0 0 78 0 0 0 0 0 0 13 0 0 0 93 0 99 0 0 0 0 0 25
0 0 53 0 10 96 0 0 0 65 0 0 0 0 0 0 0 0 0 0 0 0 0 0 0 0 0 0 0 0 0 0 0 0 0 0 0 0 0 0 0 0 0 0 0 0 4 0 30 0 90 14 62 0 0 0 0 0 0 0 0 0 0 0 0 0 0 0 0 0 91 11 0 0 0 0 0 0 0 0 0 0 0 18 0 0 0 13 0 0 0 0 0 0 0 0 0 70 62 0
0 0 98 0 0 0 33 0 65 34 0 26 0 0 0 0 8 0 0 78 0 0 55 0 0 64 0 0 0 0 0 0 0 9 0 50 75 49 0 0 0 33 22 0 0 96 0 0 0 0 0 0 23 0 0 0 33 76 91 75 0 0 0 86 0 0 0 0 0 0 58 0 0 0 0 0 76 0 67 0 0 0 0 0 0 0 92 0 0 81 94 0 0 0 0 0 0 0 0 67
21 0 12 0 0 0 0 0 23 0 1 0 0 0 0 84 0 62 0 0 0 0 0 3 0 0 0 0 0 0 0 0 0 0 0 97 92 0 72 54 0 4 0 1 7 3 71 21 64 76 3 0 0 0 0 0 0 0 0 0 0 26 0 0 0 0 0 0 0 48 0 0 0 0 99 0 73 66 0 0 23 0 0 0 0 0 0 0 29 0 0 0 0 53 0 5 0 0 18 0
22 31 0 0 0 0 13 0 38 0 0 0 0 0 0 0 0 0 67 27 0 0 30 0 15 51 0 0 0 0 0 0 0 0 0 76 72 0 28 0 0 58 0 0 93 0 0 0 51 0 0 0 0 29 0 0 0 76 0 0 0 47 0 0 0 0 0 0 100 0 0 0 0 0 0 82 47 0 0 0 0 0 0 0 86 0 0 75 1 45 0 0 0 77 46 0 0 0 0 0
0 0 31 57 0 0 0 0 0 0 0 53 42 0 35 83 0 0 0 0 0 0 0 0 0 0 0 0 0 52 30 85 0 69 93 0 0 39 0 0 0 2 0 0 2 73 0 0 0 83 91 0 0 31 94 0 0 0 0 0 0 79 0 0 0 0 0 25 0 2 19 31 0 27 0 0 31 0 0 0 0 83 0 0 0 0 0 77 0 0 68 29 0 33 0 0 0 0 74 0
26 92 58 0 0 0 0 28 0 0 0 0 0 95 64 0 0 13 0 0 0 0 0 3 0 87 0 0 0 59 0 0 0 57 0 0 0 0 0 69 0 0 0 0 0 0 0 0 0 84 10 0 0 96 0 0 67 0 64 0 0 0 1 0 0 0 51 0 67 0 0 0 0 0 0 0 91 0 0 42 0 32 77 0 0 0 0 0 47 0 0 52 0 0 0 0 0 0 0 2
0 8 7 0 0 0 0 0 0 0 0 0 63 0 41 0 0 0 0 0 0 0 0 0 21 70 0 75 11 0 0 0 0 0 0 0 0 0 0 0 0 0 0 80 68 0 91 77 0 0 37 0 80 0 0 0 0 0 85 0 0 81 60 0 0 0 0 0 0 25 43 94 0 0 0 0 0 0 72 0 0 0 0 0 6 0 26 0 0 0 0 0 0 30 0 0 0 0 32 0
0 0 0 0 88 0 0 0 0 46 0 0 0 0 15 66 0 0 0 0 0 0 0 39 35 0 0 80 12 0 0 0 84 85 0 0 0 13 0 0 0 0 0 0 0 0 0 0 0 0 0 0 0 15 0 0 0 82 66 0 0 38 57 0 0 0 43 0 0 0 4 0 0 12 70 0 0 0 88 0 63 0 0 0 0 0 0 44 68 0 0 0 0 0 61 0 0 0 20 33
66 52 0 0 0 0 0 37 62 0 0 0 0 0 0 0 0 0 0 0 0 0 0 0 97 0 0 0 0 0 34 0 0 0 72 0 0 0 0 0 0 0 48 6 0 18 0 0 0 0 36 0 0 0 0 49 0 0 0 0 0 53 0 0 0 0 0 86 0 33 0 0 0 0 0 0 0 0 0 0 16 87 18 0 0 33 0 0 0 46 0 93 0 0 65 0 0 0 0 0
0 0 0 0 0 70 0 56 0 84 0 0 69 0 0 0 81 0 18 0 0 0 0 0 0 0 0 0 0 19 0 0 78 0 0 0 0 12 0 0 0 0 0 0 0 0 0 99 0 0 0 0 0 0 50 0 0 0 37 0 0 0 0 0 0 0 0 0 94 70 0 57 0 43 13 0 9 0 0 0 0 18 0 0 60 0 0 0 77 0 14 0 66 0 0 0 44 0 0 0
0 73 0 0 0 67 0 0 0 0 0 0 0 0 0 0 0 0 0 39 81 91 0 39 0 0 0 0 0 39 0 57 43 39 96 0 0 0 0 6 0 45 68 0 46 80 0 0 0 0 0 0 0 0 88 0 7 85 0 0 1 77 0 0 0 35 83 0 78 0 0 0 0 0 0 0 0 0 0 0 0 0 0 0 0 0 0 0 27 42 0 95 0 0 0 0 0 0 0 0
0 0 0 0 0 0 0 96 97 0 38 0 0 55 0 0 98 76 32 0 0 0 0 0 10 0 0 82 0 0 0 39 5 43 0 0 0 0 0 78 0 0 0 0 0 0 0 3 74 0 0 0 0 0 0 52 0 0 0 0 0 23 0 0 90 78 0 0 0 0 0 0 0 0 0 0 14 7 0 0 39 49 0 80 0 0 0 0 0 95 0 0 0 41 0 0 0 0 0 0
1 0 0 79 0 0 0 0 0 0 0 0 0 0 0 0 78 0 0 0 0 0 0 33 0 28 46 0 0 0 69 0 0 0 31 0 0 0 0 0 24 6 0 34 0 1 17 0 0 0 0 0 0 0 0 0 0 0 73 0 1 0 64 0 0 0 98 0 0 0 7 7 0 24 0 0 0 0 0 0 0 0 0 37 36 0 0 0 52 79 1 0 0 82 0 97 41 0 0 70
30 0 0 0 0 0 0 0 0 0 78 0 0 0 11 0 0 0 0 0 0 7 0 13 0 0 30 0 40 0 32 75 0 0 6 0 0 0 0 0 59 66 0 0 79 0 36 0 0 0 0 0 0 0 0 64 35 0 0 95 0 0 76 91 0 0 0 0 0 0 0 0 0 0 0 0 85 0 0 0 0 0 24 0 0 0 0 0 33 0 0 0 0 0 0 0 0 0 57 0
88 0 0 0 0 90 0 0 0 0 0 0 0 40 0 0 0 0 0 87 30 0 2 0 0 0 0 0 54 0 0 0 94 62 0 0 0 0 0 0 0 0 68 9 62 0 12 0 0 0 0 0 0 2 36 81 0 0 0 0 0 0 0 0 37 0 44 0 0 0 0 0 0 0 0 0 0 0 0 90 0 0 0 0 0 21 57 96 0 36 0 0 0 0 0 23 0 0 0 6
0 6 0 0 0 0 0 0 0 0 0 0 0 51 0 0 0 65 0 85 0 0 23 0 0 0 0 81 0 0 0 0 0 0 2 0 0 0 16 0 0 0 0 0 0 16 32 77 0 0 0 0 0 0 0 0 0 0 0 0 5 0 100 0 0 0 0 0 0 75 7 0 0 48 0 0 57 0 0 0 0 0 0 0 42 37 0 0 86 0 0 0 84 31 0 0 5 0 0 0
0 89 0 47 0 0 0 51 0 68 0 0 65 0 0 0 0 0 0 0 54 0 0 0 85 0 0 0 0 0 0 100 0 0 0 0 0 0 0 0 0 0 3 80 0 0 0 0 0 0 78 0 0 58 0 53 63 0 0 0 96 60 0 0 0 0 0 0 0 0 0 0 0 0 96 0 18 49 0 42 0 38 0 0 0 23 27 0 0 0 0 0 0 0 0 0 0 0 56 0
0 80 0 0 0 0 0 0 0 0 0 0 0 28 0 0 0 0 0 0 5 0 0 0 9 0 27 0 91 0 17 58 0 0 0 0 0 92 0 0 0 0 0 57 0 0 0 0 0 0 0 44 50 0 96 0 0 0 0 0 0 0 0 0 0 0 0 0 0 0 0 0 0 0 47 0 0 0 0 0 0 0 0 0 0 0 0 0 0 39 0 59 0 12 0 0 0 0 0 0
0 0 0 0 3 0 0 0 0 0 0 0 0 0 0 23 0 0 0 0 0 0 0 0 0 9 13 0 0 59 0 55 0 0 78 0 0 0 0 0 0 0 91 0 59 0 0 0 64 0 38 0 45 0 0 0 0 0 0 0 0 42 0 42 0 0 97 36 0 0 0 0 0 90 91 0 0 73 0 0 0 11 0 0 0 0 0 0 0 0 0 0 0 0 15 0 0 0 13 0
0 0 40 0 0 0 35 0 0 0 0 0 0 0 0 0 0 0 0 91 15 0 0 0 0 0 0 0 51 0 10 0 0 0 0 0 27 97 0 0 0 90 0 0 0 0 0 0 0 0 0 0 0 0 32 2 53 0 26 0 0 0 0 0 51 10 0 0 0 0 0 76 0 0 86 0 0 0 0 0 0 0 0 0 72 0 0 0 0 0 0 0 0 0 57 48 34 6 0 0
71 0 0 0 0 66 0 0 0 0 0 63 0 0 0 40 94 0 0 0 92 76 0 0 0 0 0 0 0 0 32 0 0 69 0 0 57 0 0 0 0 0 0 78 0 0 0 0 0 57 0 0 93 0 0 0 0 0 0 0 0 0 28 0 0 73 61 67 32 0 0 0 0 0 0 0 0 0 0 0 0 0 0 0 0 0 0 0 0 0 0 87 0 0 0 3 0 14 0 0
0 0 19 59 0 0 0 0 0 19 57 0 0 0 52 0 0 0 79 0 0 0 60 80 0 0 0 24 0 0 0 0 81 0 0 0 0 0 0 0 0 0 0 0 0 0 0 0 0 0 0 12 51 0 0 0 0 5 0 65 0 0 0 46 0 62 0 0 0 0 5 0 0 0 57 45 62 0 0 0 0 0 0 0 0 0 76 91 0 0 0 0 0 58 0 0 83 0 0 0
0 17 0 0 0 0 0 0 0 0 0 25 0 16 0 0 10 0 0 0 86 31 14 0 0 0 9 0 81 0 35 48 60 0 18 0 0 0 0 0 0 58 0 0 88 0 0 44 0 6 0 0 0 0 0 0 0 0 0 0 0 0 0 0 0 0 0 0 0 0 0 0 90 43 32 0 69 0 0 0 29 0 0 0 29 88 0 0 56 0 0 0 0 0 0 10 0 0 53 0
0 52 0 91 0 42 0 0 0 0 90 0 0 0 0 0 0 0 13 0 0 0 0 0 0 0 68 0 0 89 83 0 0 0 0 0 0 24 0 62 0 0 0 0 83 0 0 0 0 0 0 0 37 0 0 0 14 6 0 46 0 0 35 85 0 85 0 0 54 0 0 0 0 0 30 0 45 32 93 0 0 85 0 69 0 0 0 0 5 0 0 0 0 0 0 90 0 0 0 68
33 0 0 0 0 78 0 0 0 0 0 0 0 0 39 0 0 55 0 0 78 46 90 0 0 0 11 0 29 3 0 0 0 0 0 0 0 0 54 56 17 0 0 0 46 0 0 48 0 0 0 41 0 0 0 0 0 0 42 0 0 45 0 57 0 81 0 33 0 88 0 0 0 0 0 0 0 56 0 57 0 0 49 0 0 0 0 44 0 0 0 0 0 55 0 0 0 45 0 0
84 25 0 0 0 0 96 61 6 0 0 0 0 0 0 60 45 0 14 0 0 0 0 0 50 0 0 86 0 0 67 0 0 0 0 0 0 12 10 0 0 0 0 0 0 40 25 0 24 57 4 0 0 0 0 0 0 0 64 1 0 0 0 0 0 0 82 11 0 0 40 0 0 30 0 35 5 0 0 0 0 51 64 0 0 0 0 0 1 0 84 76 0 0 0 0 0 0 0 0
0 0 0 0 0 41 0 0 7 0 0 0 0 0 96 0 0 0 0 5 59 0 0 76 0 0 0 0 0 59 0 0 0 0 0 0 88 0 73 0 0 31 93 0 10 54 0 0 88 0 0 0 0 0 0 0 0 0 0 0 100 0 0 51 0 71 0 0 0 0 83 33 28 0 0 0 0 0 0 0 0 0 0 0 0 0 0 30 0 0 0 0 0 96 0 0 0 6 0 0
0 0 0 27 0 0 0 0 0 0 0 0 0 0 0 0 0 0 0 25 48 35 0 0 0 25 0 0 0 0 73 25 0 0 0 0 37 0 0 0 65 0 0 24 0 0 57 0 0 0 0 0 0 0 0 0 27 0 0 0 59 0 0 0 0 0 0 0 0 0 0 0 0 36 19 0 0 33 0 0 0 0 7 0 0 0 0 30 0 0 0 0 0 0 0 0 0 0 0 0
0 0 80 0 0 0 0 0 0 0 0 0 0 0 0 75 0 0 0 0 0 0 0 0 0 0 0 0 0 0 32 0 0 0 0 0 0 0 0 0 0 0 0 0 0 0 0 0 0 43 0 0 0 2 0 0 0 0 0 26 0 81 0 0 26 0 0 0 0 0 76 0 0 0 81 0 0 0 0 0 0 0 0 48 0 0 0 37 0 15 0 0 0 0 61 0 0 0 0 0
0 0 0 32 0 5 47 0 0 0 0 0 0 78 0 0 0 0 0 0 0 0 0 0 89 28 49 0 0 81 0 59 0 0 40 0 0 0 32 0 0 0 0 0 0 0 0 0 80 0 7 0 0 0 0 0 0 0 0 0 0 0 51 0 0 5 0 0 0 0 0 18 0 0 81 92 24 0 0 0 0 0 0 0 0 0 19 4 8 0 0 0 0 0 92 0 0 0 0 0
14 0 0 0 93 0 0 96 0 0 0 0 0 0 0 0 0 0 0 64 0 86 0 13 0 0 0 0 62 36 0 0 0 0 0 0 0 0 7 0 0 0 8 0 34 0 0 0 0 0 0 36 0 0 0 23 0 85 72 0 0 0 70 0 82 0 0 27 0 94 70 24 0 0 0 0 0 0 2 0 0 0 0 0 0 0 0 21 0 0 0 0 78 55 0 0 0 0 0 0
0 0 28 0 0 0 0 0 81 0 0 26 0 82 0 0 0 93 0 0 0 75 0 0 0 0 83 40 0 22 0 0 62 0 0 0 0 0 32 74 0 0 16 0 43 0 0 0 34 0 36 40 0 0 38 71 7 0 0 0 0 0 45 0 34 35 26 0 0 0 0 0 0 0 0 0 0 0 0 0 0 0 0 0 0 0 2 0 57 0 0 0 19 30 0 16 0 0 0 0
0 0 0 0 14 0 0 0 0 0 0 0 0 0 0 43 0 0 47 0 0 0 0 0 0 0 0 0 94 0 0 0 0 0 2 0 0 67 0 0 28 0 0 78 0 0 0 82 0 63 0 0 8 0 0 0 0 0 22 0 48 0 11 11 0 0 0 0 0 95 0 0 83 0 0 0 0 89 0 0 0 0 0 0 5 0 0 0 0 0 92 0 0 58 57 0 12 25 0 65
0 0 10 24 0 0 0 59 0 44 0 0 0 0 2 0 86 0 0 86 69 0 0 55 27 0 0 0 0 0 0 0 0 0 0 72 0 0 0 0 24 0 45 0 0 0 0 0 0 0 0 0 27 8 39 0 0 35 0 0 0 0 0 0 0 0 0 0 55 0 75 0 0 0 0 0 31 73 85 33 0 0 0 86 0 0 0 0 44 0 0 0 0 0 0 0 0 0 41 0
0 0 0 0 0 0 0 0 0 4 61 0 0 0 0 0 0 53 0 0 0 73 0 64 0 0 0 0 0 0 0 0 0 0 69 0 0 19 0 0 0 51 0 0 75 0 66 0 0 0 0 0 0 0 0 0 0 0 14 0 0 0 0 0 0 0 0 43 0 1 0 70 0 0 0 0 0 6 6 0 2 0 0 0 0 0 0 0 26 0 0 21 0 0 0 4 0 0 0 0
0 0 0 0 90 0 6 0 0 0 0 0 56 0 0 0 0 0 0 2 0 60 0 88 0 95 0 79 0 0 0 83 0 0 73 0 0 0 5 0 0 70 0 0 0 0 98 40 0 0 0 0 13 0 0 0 0 58 0 0 25 73 11 0 0 0 0 0 88 0 17 7 4 82 0 79 98 0 0 0 0 0 0 82 0 75 0 0 95 0 0 0 0 0 0 0 0 0 0 0
0 0 0 0 0 0 89 0 0 76 0 96 0 0 0 0 0 0 0 0 0 0 0 0 0 0 0 0 0 0 0 0 0 0 0 0 0 0 0 0 0 83 0 0 0 0 22 0 0 0 0 0 0 0 0 65 0 0 28 66 0 0 0 62 0 0 0 0 0 0 0 0 0 0 0 0 0 0 0 62 61 0 0 0 0 0 0 77 0 0 96 0 28 0 0 0 0 0 0 0
0 0 0 40 98 0 0 0 0 0 0 0 0 42 0 0 66 0 0 8 0 75 7 0 0 27 77 0 0 0 95 0 0 0 60 15 0 39 0 0 0 0 0 0 0 0 0 0 0 0 0 0 0 88 0 0 0 0 69 0 0 22 0 0 0 0 0 0 0 0 0 0 0 24 84 0 0 29 0 0 65 0 29 47 0 0 0 0 0 0 0 0 0 0 79 0 0 0 0 0
0 0 0 0 0 81 0 0 0 0 0 41 0 0 0 0 0 45 33 17 100 0 0 0 0 0 75 0 0 0 0 91 0 98 0 63 0 0 0 0 0 0 0 24 0 0 0 0 10 0 79 0 0 0 41 0 0 83 0 0 77 0 0 85 27 0 0 0 0 0 0 43 0 58 82 0 0 0 0 0 0 0 0 94 0 75 0 0 84 0 0 0 0 0 0 0 0 0 97 0
0 0 53 0 0 31 0 0 0 0 0 0 0 0 0 0 5 78 88 0 14 0 18 42 0 92 0 0 0 0 0 0 0 93 11 0 0 7 0 0 0 41 0 0 0 0 95 0 0 0 7 0 0 0 4 0 0 0 0 66 0 0 0 0 0 0 0 0 0 0 0 69 0 0 0 0 80 0 0 0 0 0 0 37 78 93 0 21 59 0 0 10 0 0 0 0 0 0 57 4
99 0 0 0 0 35 0 0 0 27 0 56 50 0 70 0 0 0 0 59 43 74 63 0 0 16 0 13 0 0 0 0 60 61 14 0 0 82 0 21 0 0 0 24 0 0 0 0 0 0 63 0 0 70 0 0 0 44 96 0 0 0 69 0 0 0 0 37 0 0 0 0 0 75 0 0 0 0 0 0 0 0 9 38 0 0 0 0 45 0 0 0 0 0 0 0 0 0 72 0
65 43 43 27 36 0 0 90 59 0 0 0 0 0 0 0 0 0 0 0 0 0 0 0 0 0 85 0 0 0 0 0 51 0 85 69 76 0 0 0 0 0 0 0 51 0 0 0 0 0 0 22 0 0 0 79 0 0 0 0 0 0 0 0 0 0 67 18 0 30 0 0 0 0 0 0 0 0 0 0 6 0 47 0 0 20 18 0 0 0 0 97 44 0 0 99 0 13 0 0
0 0 0 0 0 0 0 59 0 75 0 0 0 0 0 15 0 0 16 7 49 66 0 0 0 0 0 0 0 0 0 85 0 12 0 0 65 0 0 99 0 0 0 0 0 0 70 0 0 39 0 0 0 0 0 0 0 0 0 99 0 0 0 37 0 0 58 0 0 0 0 0 39 0 69 0 94 0 0 7 0 22 0 0 0 0 0 0 11 0 0 0 0 92 0 77 0 0 0 0
86 0 22 0 0 97 66 0 0 0 8 0 69 0 0 0 0 0 0 0 0 0 45 70 0 0 0 69 0 23 0 0 0 38 0 0 0 77 0 0 0 59 0 0 0 0 20 0 93 0 0 76 0 70 58 0 0 0 0 0 0 0 0 0 69 0 89 0 0 0 0 0 0 0 0 0 0 6 0 25 61 0 0 0 8 0 32 51 0 0 0 0 42 0 0 0 82 0 0 55
62 0 58 55 4 24 90 0 0 0 0 0 0 0 0 0 79 61 0 0 0 46 0 0 54 0 0 0 0 81 0 94 0 0 0 0 0 88 0 0 0 0 2 0 0 0 0 0 0 44 56 0 0 0 0 0 0 0 0 0 0 0 0 0 0 100 0 0 0 0 0 0 75 69 0 0 0 23 0 59 13 0 0 85 46 0 0 0 35 33 27 0 0 0 0 0 0 0 0 92
0 0 0 0 0 0 0 0 0 0 53 0 0 0 96 0 0 73 0 74 0 77 0 71 0 0 26 0 0 0 0 0 0 0 0 0 32 0 0 0 0 0 20 0 0 0 0 52 0 34 0 0 0 82 0 0 10 0 0 0 0 0 55 0 85 0 0 0 0 32 0 0 13 0 0 0 67 0 0 0 0 0 0 19 0 0 0 58 13 0 0 0 0 0 0 99 0 0 0 0
0 47 0 63 65 13 0 14 0 82 0 18 0 0 0 0 0 0 44 58 0 80 0 0 0 0 42 0 0 57 0 0 0 0 0 0 0 0 0 0 0 0 73 0 40 41 0 0 0 0 0 0 0 0 96 0 0 0 0 0 31 0 72 0 0 28 0 0 0 0 0 0 0 0 0 0 0 0 0 0 39 67 0 71 0 0 0 0 0 96 61 0 0 0 0 0 0 0 0 7
57 0 2 39 0 8 0 0 13 0 89 10 0 4 50 0 0 0 0 0 0 55 0 0 0 64 0 16 0 68 0 0 85 99 0 0 82 0 0 0 0 0 0 20 0 0 32 45 0 0 0 0 0 0 0 0 0 0 0 0 0 0 0 0 0 0 0 20 0 20 0 0 0 0 0 0 0 0 0 0 0 0 0 0 62 0 0 51 0 0 69 0 24 0 59 0 0 0 59 0
0 0 8 96 80 0 50 1 49 0 0 0 0 0 0 0 0 5 0 0 83 0 58 81 0 0 0 90 0 0 0 0 50 0 0 0 0 0 0 0 54 0 97 0 0 0 0 0 0 73 0 85 0 0 0 0 0 15 55 48 0 19 0 0 0 0 0 7 0 0 27 0 3 13 0 0 0 0 0 0 0 0 0 0 0 49 64 0 0 0 10 0 0 96 0 0 0 5 0 11
0 0 0 61 76 0 0 62 0 0 10 51 0 0 71 0 0 0 0 0 0 0 0 70 95 6 19 0 0 0 0 0 0 0 0 0 0 0 0 0 0 50 0 0 0 0 92 6 0 0 0 0 0 0 73 0 63 0 0 15 0 56 0 0 47 25 13 0 99 20 0 0 0 0 69 0 0 0 89 0 39 0 58 45 0 0 0 0 0 34 0 0 0 0 0 0 0 0 62 0
0 0 0 0 0 14 0 0 0 0 0 0 0 0 0 0 0 0 0 0 0 0 0 0 88 0 0 0 95 0 0 0 0 0 42 0 0 0 0 0 0 0 0 0 0 94 0 0 0 72 0 0 70 23 0 0 0 56 0 0 0 0 0 0 0 0 0 0 57 41 0 0 76 0 0 13 0 0 0 78 0 40 0 0 4 0 0 10 0 72 42 0 0 0 0 0 0 0 0 0
0 0 0 0 0 31 0 0 0 0 59 97 100 0 0 94 0 0 0 0 0 0 0 0 0 86 43 0 0 0 0 0 88 0 0 0 23 0 0 6 0 0 11 0 0 0 0 0 80 0 0 48 0 0 0 0 0 93 37 0 0 0 48 34 0 0 11 41 0 0 0 0 0 0 0 0 0 0 0 0 0 0 0 0 0 0 0 0 99 0 0 0 22 0 0 0 72 0 0 0
0 0 94 47 0 52 0 0 0 0 0 0 0 49 0 0 0 0 0 0 0 0 15 0 0 96 0 0 0 0 62 0 0 0 0 0 86 46 0 0 0 0 16 0 0 0 33 0 82 0 70 0 0 0 0 0 0 0 0 0 0 0 0 30 0 0 0 0 0 50 0 0 15 0 0 0 0 0 0 0 0 0 0 0 0 0 0 0 0 0 3 59 0 0 0 0 0 0 80 0
0 0 66 43 0 0 0 15 69 48 0 0 0 26 0 0 20 19 0 0 0 0 0 69 3 0 0 41 0 0 12 46 0 0 0 0 0 24 0 0 0 0 0 64 20 83 0 0 0 100 0 0 0 0 0 0 0 0 0 0 24 0 0 96 0 3 0 0 0 47 0 0 0 0 82 0 0 0 0 0 6 0 0 0 0 0 0 0 0 94 0 49 0 0 0 0 0 0 0 22
0 0 0 61 0 51 88 0 88 0 0 0 97 0 0 0 0 31 0 0 44 0 0 0 0 9 0 0 0 0 0 0 0 0 0 70 0 0 0 0 0 0 0 0 0 0 0 32 99 0 0 0 53 22 0 0 0 0 36 0 0 0 78 0 0 0 0 0 0 0 60 0 0 0 0 63 43 0 0 0 0 47 0 0 0 0 0 27 0 0 35 6 0 0 0 0 99 0 0 0
0 0 24 0 46 0 0 0 0 0 0 0 0 0 0 0 0 0 20 10 54 0 0 0 0 0 19 0 0 0 0 0 85 0 0 0 0 0 0 0 0 60 63 0 0 0 0 0 0 6 57 0 0 0 0 87 0 0 0 9 0 0 65 0 0 0 0 0 0 0 57 0 69 12 0 33 0 0 100 0 0 0 0 0 0 0 0 85 0 0 83 0 0 0 0 0 0 0 0 72
0 0 0 0 0 0 79 0 0 0 0 23 0 0 10 0 34 25 80 0 0 0 0 0 0 98 0 0 0 0 0 0 0 43 0 0 23 0 0 0 0 0 0 0 0 8 0 0 0 0 0 0 0 64 52 0 0 0 14 0 0 0 0 0 0 0 0 0 0 79 0 0 0 0 0 0 0 0 0 0 0 0 8 0 99 0 0 0 0 97 0 0 0 0 0 0 0 0 0 0
0 0 0 8 0 0 0 0 85 0 32 0 84 0 0 0 56 0 0 0 0 7 0 0 0 0 0 0 66 0 0 7 0 0 0 0 65 0 0 3 0 0 0 0 0 0 0 0 22 0 63 0 75 0 62 0 85 0 0 0 0 28 77 0 0 0 0 0 0 0 0 0 0 0 0 35 0 0 0 0 0 0 0 26 99 0 0 0 0 85 52 0 0 23 0 84 0 0 26 0
0 59 0 0 0 97 0 66 0 0 0 0 80 0 0 0 0 0 0 0 27 0 0 0 88 0 0 2 30 0 0 0 0 0 0 84 0 8 0 0 0 0 0 0 0 90 0 28 0 77 85 0 0 0 89 73 1 0 66 48 0 0 0 0 0 0 0 0 0 0 0 0 0 0 0 0 0 0 0 0 0 0 0 79 0 0 0 39 68 0 93 0 91 0 0 0 0 0 0 0
0 0 0 0 0 0 0 0 0 0 0 15 0 0 0 0 55 9 0 69 0 0 0 0 0 0 0 0 0 0 0 84 0 0 0 0 0 0 0 56 0 68 0 0 0 21 36 46 94 0 0 0 0 0 85 0 0 64 0 0 0 0 0 0 0 0 0 0 0 0 47 75 0 0 83 0 0 97 0 0 0 0 52 47 0 55 0 0 0 77 0 0 0 20 0 0 0 0 0 0
0 11 0 36 0 0 0 0 0 0 43 0 0 0 5 0 0 0 0 0 20 22 45 0 0 0 0 0 0 0 0 0 0 0 0 0 0 0 0 0 0 66 0 0 64 0 12 0 0 0 86 11 0 0 0 54 54 37 92 0 95 91 48 0 0 0 0 0 29 0 0 73 0 0 0 5 0 0 0 92 0 35 0 0 0 0 0 0 29 0 50 60 0 66 96 26 0 0 0 77
0 0 0 0 0 6 75 0 53 0 0 0 0 0 61 94 42 0 0 34 51 0 0 0 0 0 25 0 0 0 0 65 0 0 0 0 0 6 0 0 0 9 0 0 52 13 0 0 0 0 10 0 0 62 68 10 35 0 0 0 76 0 0 0 0 0 0 0 0 0 0 19 0 91 0 80 0 0 0 87 0 0 0 36 0 0 0 0 0 0 99 0 0 0 0 0 0 0 0 0
0 0 0 0 0 0 0 0 0 0 0 0 0 62 88 0 0 0 0 0 95 63 0 0 0 0 0 0 0 0 0 0 0 7 0 0 58 0 0 0 0 0 0 91 0 0 0 54 0 0 0 0 0 87 0 0 0 3 0 0 0 0 0 5 0 62 0 0 98 0 80 0 0 24 0 0 0 69 0 0 48 0 0 0 0 84 0 8 0 0 51 0 47 0 0 0 0 0 0 0
0 0 0 0 0 0 0 0 0 0 0 0 0 0 47 0 87 0 0 0 90 0 47 0 0 0 0 0 0 51 0 0 99 0 0 0 0 0 0 0 0 0 0 75 0 62 0 7 0 0 0 0 0 0 0 69 70 87 0 0 78 42 83 0 0 0 0 66 0 0 0 0 0 0 0 0 0 0 0 0 0 0 0 0 0 95 67 0 0 18 0 93 56 100 0 0 0 0 0 0
0 0 26 31 0 98 0 67 0 0 91 0 0 0 78 0 42 0 0 68 0 0 40 0 20 0 0 0 0 9 0 0 0 97 59 0 0 20 0 0 0 90 0 0 0 0 0 0 0 0 0 0 99 0 0 64 0 0 0 0 0 0 0 57 47 0 51 0 0 0 0 0 76 9 0 0 0 0 15 35 11 0 27 0 0 0 77 0 17 0 0 0 29 0 11 0 8 0 0 0
0 0 0 0 56 0 0 0 0 81 0 23 0 31 0 0 0 0 0 0 69 0 0 0 0 0 0 0 0 42 0 0 0 0 0 0 0 95 0 99 0 5 0 0 34 0 0 0 0 0 0 0 0 96 0 0 0 0 0 0 0 0 0 29 0 0 0 95 0 82 2 0 9 51 0 0 0 0 6 0 0 95 0 25 55 0 20 0 0 0 32 0 82 0 0 0 75 36 0 0
0 0 0 0 37 0 0 0 0 0 0 0 0 0 0 0 36 0 88 0 0 0 0 0 0 0 0 0 0 50 0 97 13 0 0 0 58 0 0 0 0 72 0 0 0 0 0 0 0 82 0 0 0 0 65 0 0 67 0 0 0 0 0 0 0 0 0 0 93 0 0 0 0 0 0 0 0 4 0 0 0 0 0 98 0 0 0 0 0 0 0 56 15 8 43 77 100 0 0 0
0 74 0 0 0 73 0 0 0 0 89 0 0 0 96 0 57 0 0 0 0 0 6 78 0 0 0 85 0 0 0 0 0 39 0 0 0 0 0 0 0 12 0 0 0 51 56 29 0 63 0 0 0 0 0 0 0 0 0 9 0 0 36 0 0 0 0 63 0 63 13 0 15 0 59 0 0 0 0 35 0 65 40 0 0 0 3 0 85 0 0 0 0 0 30 0 54 0 0 0
0 15 17 0 4 0 39 0 0 0 0 0 2 0 0 0 0 41 0 71 0 0 0 0 0 0 0 0 62 0 31 0 0 42 0 90 0 0 39 0 46 0 0 0 0 0 0 94 0 0 44 0 0 0 0 22 0 11 0 0 0 68 0 58 0 0 0 0 35 27 0 0 0 0 0 90 0 80 0 0 0 0 0 0 43 47 0 10 0 81 0 0 83 0 0 0 0 0 0 0
0 0 3 0 0 50 0 18 0 32 11 0 70 0 0 0 0 0 0 36 0 0 0 0 0 0 0 5 0 0 0 83 16 0 0 3 6 0 0 0 0 0 0 0 0 32 0 0 0 0 0 61 0 0 0 0 0 0 0 0 0 0 64 0 0 3 0 0 0 0 0 0 0 0 66 92 0 0 45 0 0 0 43 0 84 0 0 0 0 48 0 0 15 0 0 0 31 0 43 0
0 0 25 0 84 0 0 0 100 0 58 0 0 53 0 0 0 0 0 79 0 0 0 0 0 0 0 43 86 0 0 0 0 60 0 0 0 0 0 0 0 46 0 0 22 0 83 0 0 19 82 0 0 84 9 0 32 0 0 59 0 0 10 0 0 0 0 97 0 0 29 0 0 0 0 0 0 0 0 0 5 0 51 0 0 80 0 0 0 0 0 0 0 0 0 0 0 0 77 0
29 0 65 0 0 0 0 0 0 0 0 70 0 0 0 37 0 57 0 0 0 0 0 0 0 0 97 58 100 0 0 0 55 0 0 0 98 38 0 0 46 0 0 0 0 39 51 0 53 0 0 35 0 0 0 74 0 0 0 66 0 0 0 0 0 0 86 90 0 0 0 0 0 0 28 0 0 0 0 0 0 0 94 0 0 0 78 0 87 0 0 0 0 0 32 91 0 0 0 0
0 0 0 0 93 65 0 0 0 0 0 0 35 0 0 0 12 0 0 0 0 0 43 0 0 0 87 0 0 0 98 0 0 0 0 58 0 39 0 0 0 0 82 0 0 0 0 0 0 49 85 0 0 0 0 0 0 72 0 0 0 90 0 0 0 0 0 40 0 0 0 0 65 22 22 0 0 0 0 0 27 0 0 0 0 91 0 0 0 0 0 0 69 23 0 0 0 0 0 0
0 0 95 0 0 0 0 0 0 86 0 0 0 0 0 0 0 0 0 0 0 89 95 0 63 0 97 0 68 0 61 0 0 0 0 0 0 10 26 0 0 0 0 20 0 0 0 0 0 0 0 0 95 0 0 0 0 0 0 0 0 0 89 0 15 89 0 0 0 99 0 0 0 0 0 0 0 33 0 0 0 38 0 0 0 0 68 80 0 0 98 0 0 0 8 0 0 73 62 0
0 98 0 0 0 0 0 0 0 0 0 0 0 0 0 0 0 0 0 0 0 0 0 71 0 89 0 50 37 0 48 0 25 0 0 71 0 0 97 0 94 0 0 0 0 0 0 0 0 0 34 20 0 0 0 0 0 0 0 62 0 0 0 37 0 50 30 0 0 0 0 0 0 0 0 5 9 41 0 0 0 35 0 0 0 0 23 30 0 0 0 0 71 0 100 0 46 0 0 18
0 0 0 0 58 0 0 0 0 65 33 32 76 0 0 0 1 0 0 62 0 31 0 0 0 0 63 0 0 17 17 0 0 0 0 0 0 50 0 0 0 18 0 0 67 0 69 0 76 31 0 38 86 0 0 0 81 0 0 0 0 59 0 17 0 0 0 0 0 0 8 0 0 0 0 17 0 43 49 0 0 0 0 0 0 0 0 0 0 0 0 0 0 0 0 0 0 12 0 7
0 49 0 23 0 0 0 0 0 0 37 0 0 27 0 79 0 0 0 0 0 0 42 72 64 70 63 40 6 95 0 0 0 83 0 0 9 29 0 55 0 0 58 0 0 0 0 0 0 0 78 69 0 0 0 0 0 0 0 0 0 0 0 0 0 0 11 0 0 0 0 0 0 0 55 0 63 0 0 0 37 77 0 84 0 0 0 29 85 0 0 70 0 11 0 0 0 0 50 0
10 0 0 0 0 0 85 0 0 0 0 0 0 0 0 50 0 0 0 0 0 0 0 79 48 0 0 0 100 0 0 0 0 0 0 0 0 0 83 10 0 0 35 0 0 0 0 0 0 0 0 0 0 67 0 6 78 0 58 0 0 19 0 33 0 0 0 29 17 0 0 0 0 0 0 0 0 0 0 0 24 32 0 0 0 17 0 90 0 0 0 0 0 0 69 0 0 0 0 0
0 0 46 0 0 3 66 0 5 65 0 46 0 0 60 31 4 0 0 50 0 0 0 0 0 0 0 0 0 0 0 55 0 0 0 0 0 23 73 0 0 19 0 0 0 0 0 0 0 84 23 0 9 0 13 0 0 0 37 0 80 0 0 0 0 0 0 0 0 0 0 66 0 0 0 15 0 0 0 0 0 0 39 0 0 41 0 0 0 0 0 0 31 0 0 0 0 0 71 82
72 0 0 0 0 25 0 0 0 0 0 0 72 0 0 92 0 0 0 0 0 0 0 85 0 8 39 0 0 0 0 0 0 70 0 0 0 0 0 0 0 0 0 37 0 0 0 0 0 0 83 0 0 0 70 98 0 0 0 57 0 38 0 0 81 0 0 0 48 0 0 29 0 0 75 97 0 0 0 0 0 2 0 74 0 0 32 95 0 0 0 0 0 0 0 13 0 0 0 0
0 0 0 0 0 0 0 0 0 0 0 0 0 0 16 0 73 0 0 0 0 0 35 0 0 0 0 0 11 0 0 0 0 0 0 0 69 0 17 0 0 27 76 0 15 0 0 2 0 0 0 44 0 0 0 0 0 0 0 0 0 21 0 0 60 0 0 0 0 89 0 0 0 0 0 0 51 20 0 0 0 0 0 0 0 0 23 0 0 0 16 0 0 0 0 0 0 0 0 0
0 0 0 87 0 0 0 0 0 0 0 0 0 0 0 0 0 0 76 20 0 0 0 0 0 0 0 10 80 0 38 0 0 0 0 0 32 0 18 0 44 55 45 91 0 27 0 0 51 0 14 76 0 0 4 0 0 0 0 0 53 0 27 0 7 0 0 0 96 0 0 0 0 0 0 0 0 0 0 0 0 0 0 52 0 96 0 0 0 0 0 0 70 86 20 0 0 0 0 0
0 0 0 0 0 0 0 8 0 84 28 0 0 26 0 78 0 0 0 0 0 73 0 0 74 0 0 48 0 0 0 0 10 0 31 0 0 0 0 0 14 0 0 0 46 0 0 22 0 31 0 0 0 0 0 0 50 43 0 0 0 0 27 0 91 0 0 0 0 0 0 0 68 0 0 0 0 48 39 0 0 94 0 9 0 0 0 0 0 75 0 0 0 0 0 32 74 0 0 0
0 0 0 82 91 9 0 0 0 91 0 0 0 0 0 0 54 0 0 81 29 46 0 0 0 0 89 61 0 68 0 0 0 94 1 0 0 0 0 0 0 0 0 0 0 0 30 71 0 14 95 0 0 0 0 0 0 0 0 0 0 0 0 0 0 0 0 0 0 0 90 16 0 0 0 97 98 0 0 0 0 36 0 74 94 56 0 0 86 95 0 0 0 99 0 0 0 0 0 95
0 0 0 0 0 0 0 0 0 0 0 0 0 0 48 0 0 0 5 97 69 0 9 0 0 0 0 0 0 0 0 75 0 0 0 0 0 0 0 0 94 65 0 0 0 0 0 0 11 90 0 97 0 0 39 72 55 0 12 0 0 31 0 36 0 0 0 0 81 2 0 0 0 0 7 0 0 0 62 0 0 80 66 3 0 0 0 75 0 0 0 0 98 62 0 0 0 0 0 0
0 48 0 0 0 0 0 0 0 0 0 93 0 0 0 0 0 0 0 0 94 0 0 0 0 0 0 0 63 0 0 0 0 0 13 1 0 83 0 0 16 0 0 0 63 0 0 0 93 0 0 46 0 0 0 0 59 90 0 0 0 0 59 0 0 0 0 0 0 0 0 0 72 0 0 0 0 7 88 0 0 0 0 0 0 0 0 95 0 0 59 0 0 0 0 0 0 0 77 0
0 52 0 69 0 0 0 0 51 0 72 0 0 0 15 41 0 0 70 0 0 81 97 0 38 0 0 0 0 83 0 0 28 71 71 0 0 0 0 0 0 0 0 0 0 0 40 89 69 0 0 0 0 33 0 59 0 0 0 0 0 0 58 0 0 0 0 0 36 0 73 0 0 94 8 0 0 2 0 0 0 9 0 84 0 0 0 66 0 0 0 36 44 0 0 0 0 0 0 0
0 0 0 40 0 0 22 57 0 0 0 0 0 0 0 0 86 0 29 0 0 0 35 0 0 0 0 0 52 23 0 95 0 0 82 0 0 0 0 0 0 0 0 81 84 0 52 0 0 51 0 0 4 23 28 0 0 0 0 0 0 0 0 0 0 78 0 0 0 28 0 0 0 0 0 0 0 13 0 0 0 0 0 0 0 91 0 0 0 0 72 0 93 0 0 0 0 0 0 78
21 31 0 0 0 52 88 23 0 43 0 71 0 0 0 0 0 71 59 0 0 15 0 0 0 33 0 0 0 0 0 0 0 0 0 0 91 0 0 0 0 50 0 0 0 0 0 0 7 0 18 0 32 0 0 62 0 0 0 0 0 0 0 0 0 0 0 0 0 0 0 0 0 47 0 80 0 40 100 0 0 16 0 0 0 0 72 0 0 0 0 55 0 51 0 0 0 0 0 74
0 45 0 0 0 29 0 0 0 88 0 0 0 0 0 0 0 0 14 0 0 0 0 13 0 0 0 0 0 0 0 0 0 48 0 0 0 31 0 82 0 87 0 0 49 0 0 0 0 0 0 0 0 50 0 58 0 0 0 0 0 0 0 62 0 0 0 98 0 0 0 0 0 0 0 0 0 0 0 0 0 0 0 0 0 0 0 0 0 0 0 0 0 36 0 0 0 0 16 0
0 71 51 61 0 0 0 0 36 0 0 0 0 0 0 0 0 0 0 0 61 85 0 0 0 0 0 0 0 0 2 0 0 0 0 0 0 0 0 43 0 82 0 0 0 0 0 63 0 13 0 0 35 0 0 0 86 0 0 0 0 0 0 0 0 10 0 57 0 0 0 0 0 0 0 0 91 0 0 0 0 0 0 31 36 0 3 56 0 98 0 0 86 0 0 0 16 0 0 0
67 47 0 0 0 0 0 0 0 0 0 0 98 0 21 0 0 0 81 0 0 0 0 0 0 0 0 0 0 0 0 0 0 0 12 75 0 0 0 0 0 33 19 0 0 0 78 0 35 0 0 0 0 0 0 0 0 8 0 0 0 0 0 0 0 0 0 0 38 0 0 0 0 12 62 0 0 0 7 0 5 0 0 93 0 88 0 0 0 0 0 0 0 49 0 0 0 0 48 79
0 0 0 0 0 0 0 0 0 71 0 0 0 0 0 15 0 0 0 62 0 0 87 0 0 0 81 0 49 0 0 0 0 0 2 0 0 0 0 0 62 0 0 0 0 0 46 0 0 0 0 0 54 0 0 33 0 99 0 0 0 0 34 0 0 10 0 0 0 0 0 0 22 0 0 81 0 0 0 82 19 0 0 50 0 0 0 0 0 0 46 66 10 0 0 0 0 0 0 39
19 0 5 0 0 5 1 0 0 0 0 0 0 72 4 0 91 13 0 0 0 0 0 0 0 0 0 0 0 0 88 0 59 0 0 97 91 0 0 23 0 61 78 0 0 0 0 51 0 0 39 0 0 0 60 0 87 0 0 0 0 0 0 0 0 0 0 0 77 29 83 39 0 0 0 0 0 0 0 0 0 0 25 0 0 0 0 0 0 28 0 0 0 83 0 0 0 0 83 0
35 0 0 62 0 0 0 30 0 10 7 0 14 0 64 0 0 0 53 0 3 47 0 63 0 61 0 0 0 0 0 18 0 0 0 0 0 0 0 0 95 80 0 0 0 0 0 4 0 0 0 0 0 13 0 0 52 0 89 0 56 0 0 0 0 0 0 60 0 0 59 0 0 0 0 0 56 85 6 0 0 62 0 83 0 0 0 0 0 0 0 0 0 0 0 50 0 0 82 0
0 0 0 45 0 0 0 0 0 46 0 0 0 0 0 0 0 0 0 0 0 0 0 13 0 0 0 0 0 0 0 0 0 0 87 0 0 0 0 0 0 97 0 0 0 86 0 0 0 0 0 4 62 0 0 0 0 83 0 0 0 0 0 0 0 57 0 0 2 0 0 93 0 0 0 0 0 66 0 39 0 0 18 29 69 0 0 83 0 0 0 0 0 0 0 49 0 0 0 0
0 0 0 0 62 57 0 0 0 20 0 2 40 0 0 36 28 0 0 0 0 0 0 0 99 0 0 22 97 0 0 0 58 0 0 56 0 11 0 6 86 0 0 0 0 50 0 0 60 0 0 0 0 0 0 0 0 60 0 0 0 0 0 0 0 0 100 0 0 0 0 0 0 76 0 44 0 0 0 100 0 0 0 0 0 0 50 29 0 66 77 76 0 52 0 83 52 12 0 0
66 0 0 0 0 0 26 0 100 78 10 0 0 0 0 0 0 0 11 0 87 0 0 0 0 0 0 0 3 0 86 0 0 0 36 0 2 0 0 30 0 0 38 0 0 0 0 0 0 83 0 0 56 11 0 0 0 17 61 0 28 84 90 85 34 0 0 46 0 0 0 0 0 0 0 0 48 0 79 84 0 0 0 0 0 35 0 0 1 0 0 0 0 0 0 0 0 0 0 3
0 82 78 0 3 0 30 0 35 0 0 0 0 54 0 0 11 0 0 17 0 0 0 0 67 43 0 0 0 0 0 0 0 0 0 17 0 0 0 0 0 0 49 0 0 58 0 0 96 0 0 0 0 0 0 0 0 0 0 54 95 0 0 0 53 0 0 67 14 34 0 0 37 0 0 0 0 84 23 0 94 0 0 0 0 0 22 81 0 17 18 72 0 0 0 78 0 0 0 0
0 69 71 49 0 0 0 0 0 0 0 34 0 0 0 0 90 0 0 0 0 0 0 0 0 0 0 96 0 0 0 89 0 0 3 53 84 0 0 0 0 0 0 0 0 0 18 0 0 0 0 0 0 68 0 0 0 0 0 0 11 0 0 0 87 0 0 0 0 0 0 0 0 0 93 0 0 29 0 0 51 0 0 0 0 0 0 42 0 0 0 54 0 14 0 0 0 0 0 16
0 0 7 0 38 36 0 0 0 76 0 0 0 0 0 0 0 0 0 0 0 0 0 0 0 0 0 0 0 0 0 0 0 0 0 0 0 0 0 0 0 0 0 0 0 0 83 0 25 0 95 29 49 0 0 0 0 0 0 0 0 0 0 0 0 0 0 0 0 0 5 65 0 0 0 0 0 0 0 0 0 0 0 43 0 0 0 45 0 0 0 0 0 0 0 0 0 98 18 0
0 0 44 0 0 0 26 0 67 56 0 14 0 0 0 0 4 0 0 65 0 0 6 0 0 99 0 0 0 0 0 0 0 2 0 82 23 19 0 0 0 99 54 0 0 72 0 0 0 0 0 0 46 0 0 0 70 5 77 99 0 0 0 92 0 0 0 0 0 0 85 0 0 0 0 0 20 0 35 0 0 0 0 0 0 0 14 0 0 11 29 0 0 0 0 0 0 0 0 31
11 0 10 0 0 0 0 0 17 0 25 0 0 0 0 29 0 67 0 0 0 0 0 75 0 0 0 0 0 0 0 0 0 0 0 91 19 0 15 31 0 89 0 84 9 10 82 50 2 70 75 0 0 0 0 0 0 0 0 0 0 19 0 0 0 0 0 0 0 27 0 0 0 0 68 0 43 11 0 0 86 0 0 0 0 0 0 0 79 0 0 0 0 83 0 97 0 0 56 0
48 85 0 0 0 0 27 0 69 0 0 0 0 0 0 0 0 0 70 25 0 0 17 0 30 35 0 0 0 0 0 0 0 0 0 9 27 0 66 0 0 85 0 0 7 0 0 0 75 0 0 0 0 74 0 0 0 87 0 0 0 28 0 0 0 0 0 0 46 0 0 0 0 0 0 56 76 0 0 0 0 0 0 0 74 0 0 27 94 16 0 0 0 72 82 0 0 0 0 0
0 0 45 54 0 0 0 0 0 0 0 28 59 0 30 3 0 0 0 0 0 0 0 0 0 0 0 0 0 57 82 77 0 43 48 0 0 75 0 0 0 17 0 0 42 30 0 0 0 18 18 0 0 72 21 0 0 0 0 0 0 46 0 0 0 0 0 94 0 67 74 8 0 11 0 0 92 0 0 0 0 7 0 0 0 0 0 18 0 0 29 10 0 90 0 0 0 0 44 0
14 36 35 0 0 0 0 85 0 0 0 0 0 90 15 0 0 100 0 0 0 0 0 7 0 42 0 0 0 71 0 0 0 52 0 0 0 0 0 27 0 0 0 0 0 0 0 0 0 62 91 0 0 84 0 0 75 0 49 0 0 0 82 0 0 0 83 0 1 0 0 0 0 0 0 0 22 0 0 87 0 77 31 0 0 0 0 0 31 0 0 51 0 0 0 0 0 0 0 82
0 39 60 0 0 0 0 0 0 0 0 0 9 0 34 0 0 0 0 0 0 0 0 0 48 74 0 81 61 0 0 0 0 0 0 0 0 0 0 0 0 0 0 4 66 0 32 33 0 0 54 0 98 0 0 0 0 0 64 0 0 70 39 0 0 0 0 0 0 57 40 88 0 0 0 0 0 0 96 0 0 0 0 0 88 0 71 0 0 0 0 0 0 11 0 0 0 0 95 0
0 0 0 0 99 0 0 0 0 95 0 0 0 0 29 41 0 0 0 0 0 0 0 93 68 0 0 37 12 0 0 0 1 63 0 0 0 48 0 0 0 0 0 0 0 0 0 0 0 0 0 0 0 69 0 0 0 9 85 0 0 13 88 0 0 0 75 0 0 0 83 0 0 9 60 0 0 0 38 0 76 0 0 0 0 0 0 82 74 0 0 0 0 0 70 0 0 0 49 99
39 40 0 0 0 0 0 61 2 0 0 0 0 0 0 0 0 0 0 0 0 0 0 0 26 0 0 0 0 0 9 0 0 0 49 0 0 0 0 0 0 0 5 68 0 69 0 0 0 0 10 0 0 0 0 29 0 0 0 0 0 95 0 0 0 0 0 38 0 37 0 0 0 0 0 0 0 0 0 0 48 25 66 0 0 65 0 0 0 20 0 79 0 0 85 0 0 0 0 0
0 0 0 0 0 28 0 14 0 55 0 0 67 0 0 0 38 0 7 0 0 0 0 0 0 0 0 0 0 42 0 0 98 0 0 0 0 42 0 0 0 0 0 0 0 0 0 85 0 0 0 0 0 0 7 0 0 0 2 0 0 0 0 0 0 0 0 0 29 11 0 75 0 3 46 0 56 0 0 0 0 55 0 0 91 0 0 0 39 0 74 0 36 0 0 0 97 0 0 0
0 8 0 0 0 45 0 0 0 0 0 0 0 0 0 0 0 0 0 71 47 56 0 31 0 0 0 0 0 40 0 70 3 40 98 0 0 0 0 52 0 11 46 0 33 66 0 0 0 0 0 0 0 0 66 0 65 12 0 0 43 62 0 0 0 79 3 0 35 0 0 0 0 0 0 0 0 0 0 0 0 0 0 0 0 0 0 0 64 20 0 82 0 0 0 0 0 0 0 0
0 0 0 0 0 0 0 1 9 0 61 0 0 32 0 0 77 75 58 0 0 0 0 0 50 0 0 89 0 0 0 92 41 42 0 0 0 0 0 44 0 0 0 0 0 0 0 91 15 0 0 0 0 0 0 21 0 0 0 0 0 87 0 0 7 57 0 0 0 0 0 0 0 0 0 0 13 90 0 0 57 55 0 4 0 0 0 0 0 7 0 0 0 17 0 0 0 0 0 0
18 0 0 86 0 0 0 0 0 0 0 0 0 0 0 0 36 0 0 0 0 0 0 87 0 71 42 0 0 0 18 0 0 0 62 0 0 0 0 0 97 83 0 70 0 85 80 0 0 0 0 0 0 0 0 0 0 0 66 0 57 0 12 0 0 0 33 0 0 0 65 44 0 35 0 0 0 0 0 0 0 0 0 35 65 0 0 0 84 31 75 0 0 88 0 11 40 0 0 46
35 0 0 0 0 0 0 0 0 0 38 0 0 0 100 0 0 0 0 0 0 75 0 9 0 0 10 0 80 0 84 48 0 0 68 0 0 0 0 0 49 78 0 0 70 0 100 0 0 0 0 0 0 0 0 14 57 0 0 58 0 0 52 20 0 0 0 0 0 0 0 0 0 0 0 0 72 0 0 0 0 0 52 0 0 0 0 0 92 0 0 0 0 0 0 0 0 0 79 0
43 0 0 0 0 63 0 0 0 0 0 0 0 23 0 0 0 0 0 38 58 0 74 0 0 0 0 0 75 0 0 0 1 25 0 0 0 0 0 0 0 0 81 53 47 0 95 0 0 0 0 0 0 46 63 16 0 0 0 0 0 0 0 0 66 0 56 0 0 0 0 0 0 0 0 0 0 0 0 4 0 0 0 0 0 100 29 79 0 54 0 0 0 0 0 7 0 0 0 94
0 15 0 0 0 0 0 0 0 0 0 0 0 10 0 0 0 76 0 19 0 0 95 0 0 0 0 48 0 0 0 0 0 0 77 0 0 0 48 0 0 0 0 0 0 83 73 85 0 0 0 0 0 0 0 0 0 0 0 0 70 0 74 0 0 0 0 0 0 32 66 0 0 37 0 0 86 0 0 0 0 0 0 0 20 45 0 0 13 0 0 0 47 43 0 0 61 0 0 0
0 16 0 71 0 0 0 27 0 94 0 0 22 0 0 0 0 0 0 0 84 0 0 0 4 0 0 0 0 0 0 35 0 0 0 0 0 0 0 0 0 0 95 78 0 0 0 0 0 0 30 0 0 25 0 73 16 0 0 0 1 51 0 0 0 0 0 0 0 0 0 0 0 0 92 0 55 96 0 89 0 70 0 0 0 83 22 0 0 0 0 0 0 0 0 0 0 0 18 0
0 94 0 0 0 0 0 0 0 0 0 0 0 53 0 0 0 0 0 0 28 0 0 0 11 0 69 0 51 0 76 40 0 0 0 0 0 12 0 0 0 0 0 82 0 0 0 0 0 0 0 59 19 0 43 0 0 0 0 0 0 0 0 0 0 0 0 0 0 0 0 0 0 0 90 0 0 0 0 0 0 0 0 0 0 0 0 0 0 86 0 35 0 7 0 0 0 0 0 0
0 0 0 0 75 0 0 0 0 0 0 0 0 0 0 28 0 0 0 0 0 0 0 0 0 88 63 0 0 76 0 40 0 0 42 0 0 0 0 0 0 0 31 0 7 0 0 0 99 0 2 0 1 0 0 0 0 0 0 0 0 15 0 37 0 0 31 71 0 0 0 0 0 88 15 0 0 80 0 0 0 65 0 0 0 0 0 0 0 0 0 0 0 0 37 0 0 0 20 0
0 0 99 0 0 0 79 0 0 0 0 0 0 0 0 0 0 0 0 24 66 0 0 0 0 0 0 0 50 0 96 0 0 0 0 0 66 87 0 0 0 43 0 0 0 0 0 0 0 0 0 0 0 0 12 63 24 0 53 0 0 0 0 0 35 91 0 0 0 0 0 5 0 0 29 0 0 0 0 0 0 0 0 0 28 0 0 0 0 0 0 0 0 0 15 98 2 89 0 0
38 0 0 0 0 10 0 0 0 0 0 63 0 0 0 51 86 0 0 0 31 2 0 0 0 0 0 0 0 0 81 0 0 30 0 0 30 0 0 0 0 0 0 21 0 0 0 0 0 40 0 0 21 0 0 0 0 0 0 0 0 0 78 0 0 89 69 83 42 0 0 0 0 0 0 0 0 0 0 0 0 0 0 0 0 0 0 0 0 0 0 45 0 0 0 56 0 22 0 0
0 0 31 7 0 0 0 0 0 66 30 0 0 0 19 0 0 0 11 0 0 0 66 52 0 0 0 63 0 0 0 0 43 0 0 0 0 0 0 0 0 0 0 0 0 0 0 0 0 0 0 37 20 0 0 0 0 28 0 38 0 0 0 83 0 37 0 0 0 0 22 0 0 0 64 2 13 0 0 0 0 0 0 0 0 0 54 43 0 0 0 0 0 68 0 0 50 0 0 0
0 33 0 0 0 0 0 0 0 0 0 59 0 42 0 0 27 0 0 0 89 61 39 0 0 0 57 0 67 0 57 13 14 0 69 0 0 0 0 0 0 33 0 0 87 0 0 8 0 77 0 0 0 0 0 0 0 0 0 0 0 0 0 0 0 0 0 0 0 0 0 0 20 6 2 0 60 0 0 0 10 0 0 0 58 68 0 0 78 0 0 0 0 0 0 90 0 0 4 0
0 76 0 44 0 95 0 0 0 0 8 0 0 0 0 0 0 0 17 0 0 0 0 0 0 0 62 0 0 29 89 0 0 0 0 0 0 50 0 58 0 0 0 0 7 0 0 0 0 0 0 0 4 0 0 0 57 50 0 23 0 0 47 76 0 72 0 0 66 0 0 0 0 0 84 0 10 47 18 0 0 81 0 67 0 0 0 0 42 0 0 0 0 0 0 87 0 0 0 10
87 0 0 0 0 65 0 0 0 0 0 0 0 0 69 0 0 15 0 0 69 77 5 0 0 0 39 0 94 61 0 0 0 0 0 0 0 0 79 21 30 0 0 0 2 0 0 81 0 0 0 54 0 0 0 0 0 0 43 0 0 63 0 86 0 44 0 93 0 51 0 0 0 0 0 0 0 40 0 37 0 0 1 0 0 0 0 35 0 0 0 0 0 55 0 0 0 87 0 0
10 7 0 0 0 0 96 57 29 0 0 0 0 0 0 66 89 0 97 0 0 0 0 0 24 0 0 59 0 0 61 0 0 0 0 0 0 36 9 0 0 0 0 0 0 69 46 0 81 89 28 0 0 0 0 0 0 0 29 12 0 0 0 0 0 0 45 75 0 0 65 0 0 55 0 64 19 0 0 0 0 88 21 0 0 0 0 0 62 0 30 13 0 0 0 0 0 0 0 0
0 0 0 0 0 16 0 0 97 0 0 0 0 0 95 0 0 0 0 44 54 0 0 77 0 0 0 0 0 80 0 0 0 0 0 0 60 0 50 0 0 32 52 0 8 77 0 0 55 0 0 0 0 0 0 0 0 0 0 0 74 0 0 62 0 56 0 0 0 0 15 89 67 0 0 0 0 0 0 0 0 0 0 0 0 0 0 77 0 0 0 0 0 23 0 0 0 76 0 0
0 0 0 98 0 0 0 0 0 0 0 0 0 0 0 0 0 0 0 69 61 28 0 0 0 71 0 0 0 0 92 7 0 0 0 0 75 0 0 0 47 0 0 5 0 0 98 0 0 0 0 0 0 0 0 0 6 0 0 0 87 0 0 0 0 0 0 0 0 0 0 0 0 71 36 0 0 97 0 0 0 0 9 0 0 0 0 68 0 0 0 0 0 0 0 0 0 0 0 0
0 0 42 0 0 0 0 0 0 0 0 0 0 0 0 34 0 0 0 0 0 0 0 0 0 0 0 0 0 0 90 0 0 0 0 0 0 0 0 0 0 0 0 0 0 0 0 0 0 27 0 0 0 31 0 0 0 0 0 24 0 9 0 0 63 0 0 0 0 0 18 0 0 0 53 0 0 0 0 0 0 0 0 4 0 0 0 82 0 19 0 0 0 0 83 0 0 0 0 0
0 0 0 82 0 21 68 0 0 0 0 0 0 1 0 0 0 0 0 0 0 0 0 0 35 100 53 0 0 14 0 19 0 0 26 0 0 0 8 0 0 0 0 0 0 0 0 0 59 0 41 0 0 0 0 0 0 0 0 0 0 0 38 0 0 14 0 0 0 0 0 11 0 0 27 39 65 0 0 0 0 0 0 0 0 0 49 68 29 0 0 0 0 0 18 0 0 0 0 0
99 0 0 0 24 0 0 59 0 0 0 0 0 0 0 0 0 0 0 78 0 68 0 5 0 0 0 0 81 96 0 0 0 0 0 0 0 0 92 0 0 0 33 0 78 0 0 0 0 0 0 41 0 0 0 1 0 56 47 0 0 0 70 0 42 0 0 82 0 21 36 12 0 0 0 0 0 0 90 0 0 0 0 0 0 0 0 11 0 0 0 0 28 92 0 0 0 0 0 0
0 0 28 0 0 0 0 0 24 0 0 69 0 9 0 0 0 73 0 0 0 25 0 0 0 0 82 62 0 39 0 0 87 0 0 0 0 0 100 45 0 0 57 0 84 0 0 0 4 0 52 68 0 0 20 15 74 0 0 0 0 0 22 0 23 76 27 0 0 0 0 0 0 0 0 0 0 0 0 0 0 0 0 0 0 0 43 0 18 0 0 0 55 17 0 12 0 0 0 0