100
0 0 0 41 0 0 0 0 0 0 0 0 0 86 54 0 6 0 0 0 0 0 18 0 0 0 0 0 0 0 51 0 0 0 0 0 0 0 13 0 0 0 0 0 68 85 0 0 0 0 0 46 0 0 0 0 0 0 0 0 0 97 0 0 0 0 74 0 0 0 60 0 0 0 41 0 14 0 0 69 52 86 0 0 30 60 0 0 0 0 0 81 0 0 0 0 0 25 0 0
0 0 34 0 96 14 0 0 0 53 0 0 96 66 59 0 37 96 0 0 0 0 0 93 0 33 0 0 0 0 5 68 0 94 0 0 0 39 0 0 67 0 0 0 20 27 0 48 0 0 0 0 0 2 0 0 0 0 0 73 21 0 0 0 0 0 0 71 0 0 0 0 76 0 0 0 0 0 69 0 0 0 0 0 0 0 0 0 0 0 0 54 0 0 0 0 0 0 67 11
18 37 0 95 0 0 65 0 64 0 0 33 59 82 0 68 0 0 0 41 0 0 61 0 0 0 0 0 77 0 66 0 0 0 26 0 99 0 37 75 0 0 0 0 3 0 5 0 0 0 0 88 13 0 97 62 0 27 0 0 0 0 0 0 0 0 0 0 0 0 3 1 0 0 0 0 0 0 0 0 0 0 0 0 0 0 0 0 0 0 76 90 24 0 96 0 89 0 88 77
0 4 0 0 0 0 0 43 0 0 0 0 0 0 71 67 0 0 18 31 0 18 73 0 89 0 75 49 0 36 0 0 64 0 0 0 0 0 0 9 0 0 0 0 0 0 0 0 0 0 0 0 17 0 0 10 0 0 99 0 0 0 0 74 0 45 0 0 0 0 0 0 0 0 0 0 0 42 0 13 14 0 0 0 0 0 0 0 0 0 0 0 0 0 0 0 0 0 0 0
0 0 0 0 0 22 68 0 0 0 0 79 0 96 0 0 0 0 0 0 0 0 0 0 0 23 0 0 0 0 0 96 0 0 59 0 0 0 0 0 0 0 0 0 53 0 0 0 17 0 0 0 0 0 0 40 0 0 0 5 0 0 0 0 0 0 0 0 95 0 51 25 0 0 0 82 23 0 0 0 0 0 42 0 99 0 52 0 0 39 0 0 0 0 0 0 0 7 80 0
87 87 0 0 0 0 80 0 86 58 0 0 0 32 0 0 10 0 0 0 0 0 29 0 48 0 0 0 0 0 0 0 0 0 0 0 0 0 2 19 31 0 0 65 0 0 0 99 0 0 0 0 72 0 0 82 0 23 0 0 0 0 6 25 93 89 72 0 0 83 30 0 0 0 0 0 46 0 0 24 0 47 97 0 0 0 0 0 43 0 0 0 94 0 0 0 0 0 0 0
0 0 0 0 0 0 0 0 0 0 0 0 0 0 0 0 0 6 0 0 93 0 0 90 0 0 0 0 79 92 0 0 0 0 41 0 0 99 0 83 0 0 0 0 0 0 0 40 0 0 82 0 84 0 0 28 20 0 0 0 0 0 0 0 0 27 2 0 0 12 0 0 0 0 0 0 0 0 21 70 0 99 0 0 0 31 0 0 61 0 0 0 0 0 0 0 0 0 0 0
0 0 0 0 81 0 70 0 0 0 0 0 5 0 99 0 0 0 0 88 33 0 0 39 0 33 81 67 67 34 0 0 0 0 0 0 0 0 0 0 53 0 33 0 30 57 0 0 0 29 0 40 0 0 0 0 0 0 0 0 100 0 0 0 0 0 41 0 0 0 0 0 67 0 0 32 0 6 0 0 0 0 46 0 2 0 0 0 80 0 0 0 0 0 0 0 81 0 0 73
0 0 0 0 0 0 0 0 0 44 0 47 0 0 0 0 0 11 0 0 0 0 0 0 37 0 0 0 0 61 0 0 0 91 0 0 0 66 69 0 0 75 0 0 0 0 0 49 0 0 0 0 0 51 0 64 0 0 0 0 75 0 52 85 0 100 0 0 0 0 0 0 0 0 0 0 68 0 0 0 0 0 0 0 45 0 0 0 15 37 62 15 11 0 0 0 0 38 0 0
0 0 0 27 0 43 0 0 19 0 16 0 0 0 0 0 0 0 0 0 0 50 0 0 0 10 0 0 0 0 0 0 0 0 0 0 0 2 0 0 0 6 0 0 0 0 0 0 95 0 0 59 0 0 0 0 0 0 0 0 0 100 0 0 15 0 12 0 0 0 0 45 0 40 0 0 0 72 0 0 0 5 0 0 0 0 0 0 0 0 0 0 17 0 0 0 0 76 46 0
0 0 0 0 0 0 0 0 0 0 0 0 0 12 21 30 0 0 0 0 0 17 14 0 1 0 0 0 0 0 0 0 0 0 61 0 0 0 0 0 0 3 0 0 0 87 0 0 0 67 0 0 0 0 0 0 0 0 0 0 0 0 71 56 0 33 0 0 0 0 0 0 13 64 22 59 0 0 0 0 0 0 0 0 0 0 97 0 0 0 33 54 44 0 25 0 99 0 10 0
0 0 0 0 30 0 0 0 0 0 0 0 0 0 13 66 0 5 0 65 36 0 55 0 82 0 89 0 0 0 78 0 14 0 38 15 0 0 0 0 0 0 84 64 0 0 0 0 0 31 8 0 94 0 0 0 0 0 0 0 0 0 0 0 0 0 72 62 0 0 0 0 70 0 0 0 55 0 0 0 0 1 59 0 0 0 0 0 40 0 86 80 0 0 0 0 0 0 23 0
0 0 8 0 0 0 7 0 0 0 0 28 0 0 0 26 0 0 0 0 50 0 0 0 0 82 0 0 0 40 0 87 0 37 84 91 0 37 0 0 0 53 0 0 35 34 0 0 37 44 10 31 0 0 0 61 0 0 0 54 0 0 0 16 0 42 0 76 0 0 42 0 8 78 0 0 0 0 0 0 0 0 69 0 0 0 0 0 36 0 0 0 0 75 0 0 86 0 0 0
0 0 50 0 0 0 0 0 0 0 0 33 36 0 0 0 0 77 0 0 30 82 0 59 0 15 0 0 0 0 21 0 57 55 20 0 0 0 0 0 3 100 0 76 0 0 0 0 0 0 0 0 0 0 0 75 0 0 0 79 0 0 0 0 99 0 0 34 45 0 0 0 58 0 0 0 0 6 0 63 0 0 80 0 0 64 0 0 0 0 0 0 0 0 0 0 0 0 0 97
0 0 0 0 0 0 32 0 19 75 0 63 0 0 0 0 65 0 100 0 79 0 0 31 0 0 0 0 0 0 0 0 59 70 65 0 98 0 16 0 0 0 0 0 0 0 0 32 0 0 0 0 36 0 23 21 0 0 0 0 0 0 0 0 0 0 49 64 0 86 0 0 0 44 0 20 14 24 61 0 60 0 0 0 0 0 0 73 0 0 0 0 0 0 0 0 0 21 49 0
0 0 0 0 0 0 0 0 0 65 54 0 0 0 49 0 0 28 0 0 0 0 61 0 0 0 0 85 0 0 0 0 0 0 0 0 0 0 0 68 0 0 0 31 0 0 0 0 0 0 0 0 0 0 0 0 26 0 0 0 0 27 0 0 0 67 0 0 17 0 67 0 0 46 0 0 0 0 0 0 0 0 12 54 0 0 43 0 0 0 0 0 0 0 0 0 0 0 0 0
88 0 0 0 78 0 0 18 0 79 51 32 0 0 0 0 0 89 0 0 0 0 0 0 0 0 0 0 51 19 0 0 0 0 0 0 0 1 0 53 0 0 0 0 0 0 11 0 0 71 0 0 0 86 0 0 0 0 15 0 0 0 95 4 0 0 68 43 25 0 0 0 0 0 0 0 0 0 0 0 0 0 0 0 0 0 37 0 0 0 0 0 0 0 0 0 32 0 0 57
72 99 0 0 0 0 0 0 0 74 68 0 0 0 0 0 61 0 0 0 0 0 0 0 0 82 80 19 0 0 0 18 0 0 0 0 77 0 0 0 0 0 63 0 57 0 76 0 0 0 0 0 0 0 33 0 55 0 0 34 0 0 0 23 0 0 0 0 13 0 0 0 0 0 0 0 0 0 0 0 0 0 24 0 0 0 0 0 0 76 90 0 0 0 0 38 0 0 0 0
0 0 58 0 59 0 93 0 0 0 96 0 0 0 50 0 22 0 0 41 0 0 0 95 29 81 86 52 0 45 0 0 0 0 0 0 0 0 0 0 0 6 0 0 0 0 80 0 0 0 43 0 0 0 0 0 0 0 0 0 19 0 87 17 68 0 0 0 0 0 0 90 56 0 0 0 0 0 87 63 24 0 0 0 68 0 0 0 0 0 41 67 0 2 0 0 10 0 0 59
52 0 0 0 76 0 0 78 0 0 0 85 0 0 0 0 0 0 0 0 0 0 10 0 0 0 0 0 66 0 18 68 0 0 0 0 0 0 7 0 84 0 0 0 0 0 0 0 0 0 0 26 11 0 0 0 0 0 0 20 64 0 0 0 0 0 49 38 0 27 0 25 0 0 0 0 95 0 57 0 0 0 0 0 98 0 37 0 61 0 42 65 0 0 0 9 0 0 20 0
0 0 5 62 0 0 0 0 0 72 1 0 0 79 0 0 0 20 0 0 0 0 0 0 0 0 0 0 0 0 0 0 0 0 46 90 0 1 33 0 84 0 11 0 63 58 0 0 0 0 0 52 0 16 0 0 0 0 0 0 98 0 0 0 0 0 58 0 0 1 63 0 0 95 88 0 0 0 55 0 89 0 44 0 0 0 0 0 0 94 0 0 31 0 0 0 0 0 0 0
3 0 0 0 0 0 0 0 31 0 20 0 0 0 0 0 0 0 0 86 0 0 0 0 0 0 0 0 0 0 4 0 0 0 0 41 0 23 0 59 0 0 0 93 0 0 93 0 0 50 0 27 0 60 0 0 0 0 70 0 0 0 2 0 0 0 0 0 0 0 0 0 0 0 0 0 81 0 0 0 62 57 0 0 20 0 0 68 0 0 87 0 0 0 0 0 0 0 0 0
0 0 90 86 0 0 76 0 0 14 0 0 0 0 0 45 0 0 0 0 0 0 0 0 0 5 0 0 12 0 72 0 0 0 0 0 0 0 0 0 0 0 0 22 20 0 0 0 92 48 0 0 0 0 0 0 0 0 0 0 73 0 25 0 86 0 0 0 0 63 0 0 15 52 0 48 0 87 0 0 48 46 0 0 0 0 0 65 0 29 0 0 0 0 0 0 0 86 0 69
0 0 33 0 0 83 0 13 0 0 0 0 0 0 24 67 0 0 9 0 0 0 0 0 0 0 40 0 43 0 0 0 1 0 0 0 0 0 0 0 0 68 18 0 0 0 42 0 0 0 0 82 9 30 81 0 0 67 42 93 0 0 33 0 31 0 0 0 0 0 0 51 0 30 0 0 0 25 0 0 0 0 0 0 0 44 0 9 0 26 0 0 96 0 34 77 0 0 0 29
0 33 0 0 0 29 7 0 0 0 17 0 0 33 31 0 0 0 34 0 0 0 0 0 0 0 23 3 0 0 0 0 0 48 0 0 0 0 0 0 0 0 0 75 90 0 0 60 10 0 58 0 95 0 13 22 0 8 0 0 0 0 0 0 0 0 0 0 0 0 0 63 81 0 0 0 0 0 82 56 0 0 29 0 0 0 0 0 0 0 0 0 0 72 80 43 44 0 90 0
0 0 0 0 0 0 0 0 0 10 0 0 0 99 0 0 42 0 0 0 37 23 0 0 39 0 0 0 43 0 0 39 0 0 0 100 0 88 0 0 0 0 0 0 90 0 72 0 0 0 0 0 20 0 99 0 17 0 0 0 61 0 0 100 30 71 0 0 0 3 79 0 0 0 0 3 0 0 0 0 0 0 84 35 0 0 84 0 0 0 0 27 0 65 0 0 0 0 9 0
0 0 0 48 0 0 0 0 0 0 0 60 0 0 0 0 0 0 0 0 0 0 95 0 0 0 0 0 0 0 0 0 13 0 0 7 0 0 0 0 0 64 0 59 0 0 0 0 0 0 83 0 0 0 0 25 0 0 0 0 0 0 0 0 0 0 0 0 73 0 0 0 0 0 0 59 0 74 0 0 0 0 0 0 0 0 0 0 0 0 0 0 83 0 0 97 0 38 40 0
0 70 0 48 0 0 0 0 0 0 0 0 60 0 0 0 0 0 0 0 0 89 0 54 0 0 0 0 0 0 0 0 0 0 17 0 0 0 1 0 40 0 0 0 43 0 0 0 0 0 0 0 0 0 0 0 0 61 64 0 29 0 0 10 0 46 0 0 0 67 0 42 28 100 0 0 0 47 0 0 0 7 0 0 0 0 0 35 0 80 0 77 100 0 0 0 0 0 69 92
0 0 66 0 0 0 0 0 57 0 76 0 0 28 0 0 81 0 0 0 0 0 98 80 13 0 0 0 0 0 0 31 58 0 0 0 0 0 0 0 0 87 0 0 0 61 0 13 0 0 86 22 40 0 0 0 0 0 0 71 0 47 0 0 0 22 65 77 0 0 0 0 0 0 0 0 0 0 0 0 0 0 66 0 0 13 14 87 0 0 0 0 0 75 0 0 0 0 0 0
0 42 0 0 0 92 0 0 0 0 75 0 0 0 22 0 38 0 0 0 0 0 59 0 0 84 0 0 0 0 0 0 0 0 0 0 0 0 38 0 0 43 0 85 88 0 0 0 0 0 0 88 8 0 0 0 0 0 29 0 30 58 64 39 0 0 0 0 48 0 0 0 82 0 0 0 0 8 0 0 0 0 0 0 54 0 0 36 0 0 63 0 84 0 0 0 18 0 0 0
0 0 0 0 1 0 66 77 0 0 68 0 100 18 0 0 0 0 0 0 0 0 0 53 0 0 0 0 0 0 0 0 0 0 0 0 0 0 52 0 83 0 0 0 0 0 0 95 0 47 0 0 0 0 0 0 0 0 0 98 0 0 0 9 0 0 0 0 0 0 0 0 0 0 0 0 0 28 0 0 0 0 0 92 78 0 0 89 25 1 0 27 0 0 0 0 72 11 0 0
49 0 0 17 0 0 4 100 71 0 0 84 0 0 0 0 0 0 0 0 0 0 0 0 0 0 0 0 0 26 0 0 0 0 0 65 61 83 12 0 90 0 0 39 0 0 0 0 0 0 0 0 55 7 0 0 0 0 0 0 0 40 0 0 0 92 0 0 36 0 0 0 0 0 0 15 0 4 0 0 0 0 0 0 96 0 0 0 0 66 0 0 0 0 27 0 0 89 90 0
0 0 0 0 0 0 0 0 0 0 11 0 0 0 23 47 0 0 29 0 0 72 0 0 0 53 0 68 0 0 0 0 0 0 33 0 51 0 0 0 93 66 0 0 0 0 49 74 0 0 65 0 0 0 74 34 0 0 0 0 0 0 0 0 0 0 0 0 80 0 0 0 0 19 0 0 28 32 0 14 0 34 0 0 0 58 0 0 0 0 58 0 68 0 0 1 15 0 0 0
0 0 0 0 17 35 32 69 0 0 0 31 30 53 0 0 0 0 0 43 0 0 0 26 33 97 11 11 0 90 0 44 0 0 0 19 0 0 0 0 92 0 0 0 0 0 0 0 0 19 0 0 0 0 0 83 0 0 0 0 18 0 81 0 81 67 0 0 0 0 0 85 0 0 0 86 58 0 78 0 0 48 0 0 7 0 91 0 0 0 29 0 0 0 0 0 0 0 0 94
0 79 0 74 0 0 100 0 0 0 0 0 33 0 0 0 91 0 69 0 0 0 0 0 0 41 0 0 0 0 0 0 0 0 0 0 0 0 0 32 0 16 0 0 0 0 0 0 0 45 0 0 0 0 0 56 18 0 0 0 0 25 0 0 23 0 0 0 0 0 90 0 40 75 6 62 0 0 83 0 94 7 0 0 0 0 0 0 0 0 0 0 0 52 0 0 83 91 39 95
19 99 0 46 67 0 0 0 0 0 0 0 0 0 0 0 99 0 0 0 0 0 35 0 0 0 0 0 0 94 1 58 0 95 91 0 0 75 86 0 55 0 20 57 0 0 0 0 0 0 0 0 0 0 0 0 0 0 0 0 0 0 0 0 0 0 0 0 0 64 0 0 0 0 0 33 0 65 0 0 0 47 0 0 39 0 0 0 0 0 67 7 0 0 0 0 0 79 0 7
76 0 0 0 97 0 0 76 0 37 77 0 0 38 0 0 12 0 0 77 0 0 18 0 0 0 18 0 65 0 0 0 58 0 0 0 0 0 0 0 98 46 65 0 0 0 0 0 0 0 0 0 0 0 0 0 0 0 0 58 0 0 30 0 37 0 0 0 12 0 0 61 0 0 0 0 0 18 67 0 0 0 0 48 16 27 0 89 0 0 0 0 0 0 0 0 0 2 0 59
0 55 45 0 0 0 0 62 0 0 0 0 0 0 17 63 0 27 0 0 0 69 0 0 0 0 26 0 0 49 25 0 0 0 75 0 11 0 86 0 5 0 0 0 0 0 0 0 0 8 54 0 0 74 0 0 0 86 0 0 0 10 0 0 0 0 0 0 0 0 0 0 65 0 32 0 0 0 43 0 0 0 0 0 0 0 0 0 0 0 43 0 0 0 90 0 0 0 0 0
0 0 0 72 0 0 0 32 0 0 0 0 0 0 0 0 0 0 0 0 30 0 0 0 0 0 0 0 19 11 0 56 0 0 94 78 0 0 0 0 0 0 0 0 0 24 88 0 89 67 46 0 79 71 0 0 0 18 0 62 0 0 37 0 0 0 0 0 0 0 0 0 0 0 41 0 16 0 0 0 0 0 0 0 0 0 0 0 0 0 0 0 0 2 0 29 71 0 37 48
0 0 0 35 0 0 0 0 90 0 0 0 0 14 49 0 0 0 0 0 0 0 0 36 0 0 0 0 0 9 47 0 68 0 0 0 57 0 0 0 29 0 0 0 0 0 0 0 0 51 0 0 0 0 0 0 64 0 86 0 0 0 8 0 0 0 0 0 0 0 0 0 0 0 46 0 0 0 0 0 0 0 0 0 0 0 92 0 0 0 0 0 0 0 0 0 0 0 0 38
0 0 0 0 0 0 0 0 0 0 0 0 0 0 0 23 0 0 0 0 55 0 58 0 0 12 0 0 0 0 63 0 0 0 0 0 0 0 0 0 0 3 0 0 55 0 0 0 0 0 0 0 0 0 0 88 0 0 84 0 62 0 85 0 0 0 95 0 90 0 0 0 19 0 0 99 0 0 32 0 0 55 0 61 0 91 0 0 0 0 0 0 0 0 0 0 10 0 0 0
13 0 0 0 0 0 18 33 0 0 0 74 30 35 0 0 0 0 78 0 0 88 0 96 0 0 10 0 0 70 0 0 0 0 0 0 0 15 0 0 0 0 0 0 70 0 83 47 0 0 0 0 0 0 51 0 32 4 0 0 0 0 0 0 0 49 0 0 0 0 0 0 0 0 0 61 78 0 0 0 0 0 0 85 0 0 83 0 0 0 0 0 0 0 0 0 0 5 0 0
0 0 75 0 0 55 0 0 0 6 0 0 0 0 0 0 64 0 0 0 38 0 50 19 0 0 0 0 0 57 0 0 0 22 0 0 0 0 10 24 29 0 0 0 14 0 0 0 0 0 0 0 0 0 52 0 0 0 0 0 87 0 58 0 75 44 0 0 0 0 0 84 0 70 0 0 0 78 0 0 0 74 32 9 0 0 19 0 21 0 15 0 0 0 0 90 0 0 0 0
68 62 0 31 0 66 56 0 0 18 0 0 0 0 0 0 12 0 0 46 30 0 0 95 0 0 0 0 0 0 0 0 90 0 0 0 0 0 0 0 52 19 0 0 0 0 0 85 0 33 0 0 29 31 0 0 0 51 0 83 0 0 0 0 0 0 0 0 61 51 0 0 58 50 28 10 0 91 0 0 0 18 0 0 0 0 0 0 48 4 0 0 19 0 0 0 0 35 0 0
60 0 0 0 0 37 90 31 0 0 0 0 0 0 0 0 26 12 0 0 0 0 14 0 25 0 0 97 0 0 0 93 0 29 0 0 0 0 94 0 19 0 19 0 0 0 0 0 26 0 0 0 0 0 0 0 0 3 0 0 51 0 0 19 0 0 0 0 0 31 0 0 0 0 0 0 0 0 0 33 35 80 83 6 0 0 0 0 68 0 0 0 0 0 0 0 30 0 0 0
0 0 78 40 0 0 0 46 0 0 0 0 0 91 0 0 0 43 0 0 83 0 0 0 0 0 0 0 0 0 89 0 0 0 0 0 2 69 19 0 0 0 12 0 0 0 0 0 0 0 60 0 48 16 0 0 0 0 0 0 0 0 0 0 93 25 43 0 0 0 0 0 0 0 0 90 0 0 0 0 0 48 93 21 24 41 61 0 4 0 0 0 0 0 0 21 91 0 0 0
0 40 0 85 0 0 0 52 0 0 8 0 0 0 0 0 0 0 0 0 0 0 42 0 0 26 0 0 46 0 0 75 33 53 0 0 57 47 0 25 77 88 0 16 0 0 0 0 0 0 0 0 0 0 0 0 23 0 0 2 0 0 0 0 0 0 0 0 0 12 0 0 0 0 0 0 0 0 0 33 0 0 0 0 67 33 0 91 0 0 61 0 0 0 0 0 0 0 0 59
0 0 70 0 0 0 0 0 33 0 0 0 0 40 0 91 0 0 0 0 0 0 0 0 0 0 0 0 0 0 31 9 0 0 0 0 35 24 0 0 0 0 0 0 71 0 0 0 44 81 0 0 6 90 0 0 0 0 0 0 0 0 0 0 86 0 0 5 41 0 0 0 24 0 0 70 0 74 68 0 0 79 0 0 13 0 0 0 0 0 75 10 0 0 0 0 70 0 0 0
61 0 0 0 0 0 0 0 0 0 0 22 0 0 0 55 0 0 0 0 0 86 44 0 0 0 0 0 0 0 0 17 0 0 0 0 0 10 0 0 0 0 0 68 0 0 21 70 0 0 0 53 0 0 0 0 0 0 0 0 57 0 0 0 55 0 0 0 0 0 99 0 0 0 32 0 0 0 0 0 0 2 0 0 0 0 0 0 0 20 0 0 68 0 98 0 0 0 72 22
42 0 0 0 0 0 0 0 0 0 0 54 0 66 49 0 0 0 0 84 0 0 0 0 0 8 0 0 0 0 0 16 19 0 0 0 0 0 0 0 74 0 8 0 60 0 0 0 33 0 0 0 0 0 36 0 0 0 0 2 38 0 0 0 0 0 0 0 74 0 0 0 0 0 0 0 18 0 27 0 0 92 0 0 0 0 0 0 0 29 0 85 0 0 1 0 0 0 0 0
9 0 0 0 0 35 0 0 0 0 0 0 66 0 0 0 0 0 0 0 0 0 0 0 0 0 41 0 0 0 11 10 0 0 0 0 0 0 31 0 93 0 0 0 0 0 0 0 0 0 0 0 0 7 0 0 0 0 49 0 0 0 0 73 0 0 0 0 0 0 0 0 48 49 0 0 5 0 0 0 0 0 0 0 0 0 0 9 0 0 0 0 0 0 0 0 44 0 0 0
0 0 0 0 0 0 73 0 0 0 0 0 0 0 0 0 0 57 0 0 89 0 0 0 0 0 0 0 0 74 0 0 10 29 0 0 0 0 0 0 43 83 0 0 0 86 27 0 0 0 0 0 53 0 0 0 50 0 0 0 0 0 45 75 0 49 0 0 0 0 52 0 0 0 0 0 0 0 58 20 0 0 0 0 85 0 0 6 0 0 0 57 0 0 92 0 0 46 2 0
0 0 0 0 75 0 55 0 90 0 94 0 0 0 0 29 0 0 0 0 0 0 0 0 0 0 64 0 0 0 0 0 48 95 0 0 0 0 0 82 0 94 68 0 0 0 0 0 0 80 0 51 0 0 75 0 45 0 0 0 67 0 100 0 0 0 0 0 0 0 0 0 0 0 0 0 0 87 0 45 0 35 0 0 0 90 0 0 0 88 0 0 0 0 0 0 0 0 0 0
0 0 14 45 0 59 72 86 0 1 0 0 0 12 0 0 0 55 0 0 0 0 0 0 0 93 75 0 0 0 8 0 0 0 0 0 67 0 26 0 46 0 0 0 94 0 0 0 0 0 0 10 0 0 0 0 0 94 0 0 0 20 0 0 0 0 0 0 0 0 0 0 0 0 0 0 95 0 0 0 0 0 0 0 27 0 0 0 0 0 0 54 90 0 0 0 28 0 0 0
0 99 0 0 0 0 0 0 0 0 0 0 0 0 20 0 0 0 0 87 0 0 0 0 0 0 77 0 0 14 0 0 0 25 7 0 0 0 0 0 0 0 0 100 88 16 0 0 0 0 0 0 0 0 0 2 0 0 14 0 61 0 0 0 0 55 81 0 0 91 49 0 60 4 0 0 87 0 0 54 0 29 12 0 0 0 92 0 0 87 0 0 0 92 66 0 0 0 0 25
0 0 60 0 0 18 0 0 0 0 59 0 0 0 0 0 0 0 0 0 0 0 0 0 0 0 0 0 0 0 0 0 0 0 0 0 0 0 0 25 90 41 0 0 0 0 0 0 0 0 30 0 0 0 21 0 0 0 0 0 0 0 19 0 82 95 62 34 0 27 0 0 22 0 85 0 0 0 0 0 24 0 0 0 0 0 0 0 0 0 0 0 0 0 0 0 87 45 0 36
44 0 0 37 0 85 0 33 0 0 0 0 0 0 0 46 0 0 0 0 0 69 0 0 0 0 0 0 43 0 0 75 69 0 0 0 0 42 93 36 91 0 0 0 0 0 0 0 0 17 0 2 0 0 0 0 0 34 60 0 0 0 59 0 0 0 0 0 94 0 70 0 21 0 0 0 0 0 0 0 0 78 45 0 0 0 42 0 0 27 0 0 0 0 0 0 0 0 0 0
0 0 0 0 0 0 0 0 0 0 44 0 37 0 0 93 0 0 0 0 0 70 0 0 0 0 72 0 0 0 0 13 0 0 45 0 65 0 0 0 0 0 0 0 35 0 0 0 18 0 13 0 0 0 0 83 0 0 0 0 51 78 0 0 0 0 0 0 52 0 0 93 0 31 0 0 0 87 0 66 0 0 49 0 98 31 0 0 0 0 0 0 0 0 0 0 4 0 83 56
0 68 0 40 0 0 61 69 0 0 0 0 0 0 0 0 0 0 0 0 0 0 0 0 0 0 0 14 0 0 0 27 0 0 0 0 12 0 27 0 0 0 0 0 0 0 0 30 82 59 0 0 0 93 0 0 0 0 0 0 0 0 0 0 0 21 0 71 0 26 0 0 0 4 63 0 68 0 0 18 0 0 97 0 0 0 33 0 0 0 0 0 0 0 0 42 0 0 0 0
59 0 0 0 0 0 60 0 0 0 0 0 0 64 27 0 0 0 0 0 0 0 0 0 85 12 0 0 0 0 0 0 0 15 0 0 75 0 4 0 0 0 0 0 62 0 0 82 0 0 0 0 0 0 0 0 0 0 0 0 0 0 0 19 0 28 15 0 23 0 66 0 91 0 0 0 25 26 0 0 0 7 0 0 32 28 0 100 99 0 0 22 0 78 0 0 0 0 0 0
87 68 0 0 0 0 0 80 0 0 33 0 0 0 0 0 62 23 0 58 0 0 0 69 30 76 5 61 0 0 0 0 67 0 0 0 0 0 0 99 0 0 0 0 0 80 83 0 0 0 57 0 0 0 0 0 0 0 0 0 0 0 0 16 0 0 0 69 0 0 0 0 52 0 0 0 23 0 0 0 76 39 1 0 0 61 0 0 0 0 0 35 0 0 0 25 27 0 0 0
25 71 0 0 13 0 7 0 24 0 0 0 0 0 0 79 0 0 0 0 0 85 17 0 0 0 0 0 23 0 0 0 0 0 0 0 0 0 14 70 5 0 0 0 0 0 0 0 73 0 0 0 0 0 0 29 47 12 0 0 0 0 0 96 87 41 0 0 0 39 0 0 0 0 0 44 0 0 0 0 9 0 63 0 0 15 0 0 8 77 70 0 84 0 0 0 0 1 0 86
95 0 0 0 0 0 0 84 0 0 70 0 12 0 0 0 0 0 0 0 97 0 0 0 0 0 0 32 0 51 59 0 62 81 0 26 0 0 0 0 0 0 0 37 28 0 0 0 0 0 0 0 54 81 0 0 70 16 95 57 0 0 0 20 0 0 0 0 0 0 0 0 56 89 0 0 0 7 0 48 0 0 90 0 0 20 0 0 0 20 0 94 64 0 0 0 0 0 0 0
0 0 0 0 0 0 8 0 0 0 98 0 0 0 71 0 0 0 0 0 0 0 3 0 0 0 64 97 0 0 0 0 38 0 0 0 0 0 93 0 0 32 77 0 0 67 24 0 0 0 0 31 0 0 0 0 0 64 0 0 0 0 0 0 11 0 0 0 0 0 0 0 0 0 25 0 0 44 0 0 0 0 0 50 0 0 0 0 0 0 0 0 0 60 18 0 0 0 0 0
0 0 0 0 0 0 0 0 98 63 56 0 0 14 65 0 0 0 0 0 0 0 0 0 0 0 0 0 0 58 0 0 0 0 0 0 66 0 0 0 0 0 0 0 68 0 0 0 0 0 0 0 75 0 46 91 0 0 0 0 0 0 0 0 0 0 25 0 0 0 66 0 0 10 0 45 51 0 0 0 0 13 94 78 0 0 19 0 0 0 0 0 0 98 0 0 0 0 0 0
0 0 0 27 0 0 0 0 0 0 78 60 0 0 0 0 0 0 0 0 0 84 98 0 72 0 30 0 0 0 0 0 0 22 0 0 0 0 0 0 0 0 0 77 39 71 0 30 7 0 0 0 0 16 0 0 0 30 0 0 0 0 79 36 0 0 84 0 0 0 0 0 0 0 13 0 0 94 0 85 0 27 0 0 0 0 0 0 78 17 73 0 1 0 0 29 65 0 0 0
0 19 0 41 0 0 0 61 0 0 0 0 59 0 30 65 0 0 0 0 0 0 50 0 40 0 0 0 0 0 0 35 0 39 0 0 3 49 92 0 63 0 0 52 91 46 46 0 0 0 0 0 0 0 82 0 0 0 0 0 22 0 0 93 0 57 0 0 63 0 0 18 0 48 0 0 0 14 6 0 88 72 0 0 0 0 0 0 52 100 0 0 0 3 2 0 0 0 0 0
0 14 0 0 0 0 0 0 0 0 0 0 0 0 0 28 0 0 18 0 0 0 82 58 0 2 0 0 0 22 29 0 98 0 0 78 100 0 0 0 31 21 0 0 0 0 0 21 0 0 0 14 58 0 0 0 14 25 77 0 0 0 95 0 0 0 0 0 0 0 0 0 0 0 0 0 96 100 0 0 0 0 87 0 0 0 0 0 0 0 0 0 61 0 65 59 0 0 0 39
0 60 0 0 0 0 0 0 0 75 0 0 0 0 0 0 0 25 0 0 0 0 0 0 0 0 0 0 75 0 0 0 0 68 0 0 0 70 0 0 62 0 0 0 0 0 0 0 14 0 0 0 0 0 0 0 0 0 0 0 0 0 0 0 0 0 0 86 0 0 0 0 0 0 0 0 0 0 83 0 0 0 57 0 0 0 82 0 0 0 0 0 0 0 0 0 0 0 0 18
0 0 0 0 0 0 0 0 0 0 0 0 0 0 0 83 0 0 13 0 93 0 0 0 59 0 100 0 76 0 67 0 0 0 50 0 0 0 0 98 0 0 0 0 51 0 30 0 0 0 0 86 0 40 0 0 0 0 82 28 0 25 0 0 1 0 11 91 0 0 38 89 0 58 0 0 0 0 0 0 0 0 60 60 0 13 0 0 74 0 0 0 0 3 0 0 0 0 0 0
0 61 0 79 0 0 0 98 0 0 0 0 0 37 0 0 0 0 0 70 0 0 64 0 0 0 94 0 0 0 0 0 0 48 0 0 0 0 0 0 0 0 0 79 87 94 0 14 0 0 0 0 0 46 0 0 0 0 0 0 0 0 33 0 0 0 0 0 43 0 0 18 0 0 0 0 95 90 0 0 0 0 0 0 3 0 0 0 0 0 0 66 0 0 0 0 0 0 0 0
0 0 6 0 0 0 0 0 46 0 72 0 33 0 0 0 0 10 0 11 0 0 0 0 0 14 60 32 71 0 0 0 78 0 51 0 0 0 0 0 90 0 0 0 0 0 0 0 0 0 0 0 0 0 0 92 0 36 0 78 0 53 64 0 0 0 74 0 0 91 14 0 0 0 0 0 71 0 0 0 0 0 0 0 0 3 0 69 0 0 0 19 0 70 0 0 0 0 0 0
33 0 0 0 0 0 47 0 0 13 68 0 0 0 0 0 92 40 49 0 0 0 0 0 0 0 0 0 0 0 0 0 83 0 10 100 0 37 0 0 26 74 0 0 0 0 56 0 0 0 0 15 58 0 0 66 0 0 53 0 0 15 0 0 0 0 0 0 0 0 0 0 0 0 48 4 0 83 0 0 0 0 0 0 0 77 0 0 0 86 0 0 0 24 0 0 0 0 10 0
0 0 0 0 0 0 11 0 0 0 0 0 0 88 0 0 0 0 20 0 0 0 6 0 0 0 0 0 0 69 0 0 0 14 0 0 0 13 0 1 0 0 0 0 16 81 0 0 0 40 0 0 0 0 21 0 0 0 0 0 0 13 0 0 0 77 0 0 0 84 36 0 0 0 0 0 0 0 61 0 0 0 100 0 0 0 0 0 0 0 0 24 0 0 60 0 59 0 73 0
0 0 56 94 0 0 0 56 0 0 0 0 0 0 0 41 0 0 26 0 0 47 0 80 69 77 95 0 0 0 0 0 0 0 0 0 0 0 0 0 0 0 0 76 0 0 42 0 0 98 0 0 0 0 0 60 0 0 0 0 0 22 0 0 0 0 0 38 30 0 0 0 79 0 0 0 0 0 0 0 0 0 24 0 0 0 39 60 0 0 0 0 26 0 3 0 0 47 0 0
0 0 0 94 0 0 87 0 0 90 0 0 92 0 0 72 31 0 0 38 93 0 0 0 0 0 35 0 0 0 0 0 94 0 0 0 0 0 19 68 0 0 0 0 90 0 0 0 0 0 0 43 76 31 0 0 0 0 0 0 0 0 97 0 16 0 51 0 0 0 0 43 48 0 0 0 0 90 58 12 0 0 0 66 0 0 0 0 0 92 13 0 0 0 0 0 0 0 9 81
0 87 0 0 62 0 0 0 0 67 0 0 0 0 0 0 0 0 80 0 74 0 83 86 44 31 0 71 0 0 0 0 0 0 0 0 0 0 84 0 0 0 0 0 0 0 0 0 0 0 0 71 0 0 0 16 0 0 0 0 0 0 0 0 0 0 0 0 0 0 0 0 0 0 0 0 0 0 0 0 0 0 0 56 99 0 0 0 0 69 0 65 0 0 67 0 0 0 0 20
42 0 0 30 72 0 0 11 0 0 0 0 0 80 27 0 0 0 70 0 0 44 70 0 0 0 81 49 0 0 94 0 0 21 10 0 0 0 0 0 0 0 0 0 0 0 0 0 0 0 0 0 0 0 0 0 0 0 0 0 0 0 0 0 0 0 0 53 0 0 0 43 0 0 81 0 0 0 0 0 0 0 0 45 0 0 0 0 4 19 0 82 0 84 0 0 0 0 0 0
0 73 0 0 0 0 56 0 0 0 0 0 0 0 0 0 0 57 0 0 0 0 0 0 0 0 0 24 0 0 0 0 0 90 0 0 23 0 0 0 0 0 0 86 0 0 0 0 61 0 0 8 12 0 0 8 0 0 0 0 0 0 0 0 88 88 0 0 6 0 0 64 0 0 0 0 0 87 0 0 0 47 51 0 72 0 0 99 0 40 0 0 0 0 0 0 0 0 0 25
0 0 0 0 10 0 0 0 0 0 0 0 0 0 0 64 0 0 0 0 0 0 0 95 35 19 0 0 0 0 0 0 0 0 0 0 16 22 0 69 0 0 0 89 0 27 21 0 0 0 0 0 0 0 0 0 85 0 76 0 0 0 46 71 0 39 100 0 0 0 32 75 0 0 0 0 0 0 0 0 75 0 0 0 99 0 0 0 0 0 0 0 0 0 0 0 0 0 0 0
0 0 0 0 0 0 0 4 0 94 0 0 0 0 0 0 0 96 0 0 0 0 0 0 0 0 0 56 0 48 40 0 0 0 87 0 0 0 0 0 0 0 12 0 0 0 0 0 0 0 0 80 0 8 0 0 0 20 0 0 0 0 0 0 0 0 35 0 0 0 0 100 0 0 0 24 84 0 0 0 0 0 0 0 71 0 0 60 0 0 0 0 0 0 16 0 0 0 0 0
0 18 0 67 62 29 0 0 0 0 0 0 0 0 0 28 0 0 0 37 0 0 0 0 0 47 0 0 6 0 0 0 0 64 0 0 0 0 0 0 0 97 10 0 0 86 0 0 0 73 41 0 37 0 46 0 48 0 4 0 34 0 45 67 0 0 63 11 0 80 100 84 88 0 0 91 38 66 0 0 0 0 0 55 0 10 12 67 0 36 0 0 0 0 0 0 93 92 0 0
0 0 0 0 0 39 83 0 0 15 0 72 13 81 0 0 0 0 0 72 0 0 0 57 0 0 0 0 0 0 0 79 0 0 0 43 0 0 0 0 65 0 0 0 0 0 0 0 0 3 0 0 0 0 0 0 0 76 0 0 0 60 85 0 0 0 0 0 0 0 0 54 0 0 0 0 0 0 0 0 0 0 0 0 0 0 52 0 90 0 0 0 0 0 85 0 0 0 0 0
94 0 0 0 0 55 0 0 0 0 0 0 0 0 61 0 0 0 0 0 0 0 0 10 0 0 0 88 0 30 91 0 0 0 0 0 0 0 65 0 0 86 0 0 0 0 0 0 0 0 61 43 0 0 0 0 0 79 0 0 0 44 0 38 69 0 91 0 62 55 0 0 0 41 0 0 0 0 0 7 0 73 0 0 24 52 47 0 0 0 82 0 9 0 46 0 0 0 0 0
0 0 0 0 5 0 0 0 20 0 0 0 0 0 0 0 0 62 0 0 0 0 0 0 0 0 0 18 52 49 0 0 0 62 0 0 12 0 0 0 0 0 74 0 0 0 0 0 0 75 82 0 0 0 0 0 0 0 0 0 87 76 0 0 0 0 0 22 100 0 32 0 0 0 0 36 0 0 0 0 0 0 0 0 0 3 0 0 0 0 0 36 0 0 0 0 0 87 0 0
0 0 0 0 16 0 0 0 0 54 0 0 0 0 0 0 94 0 0 95 0 0 18 0 0 0 0 0 0 9 0 0 0 0 30 0 0 0 0 0 0 0 0 0 0 0 0 0 65 74 0 0 0 14 0 0 37 0 0 67 0 0 0 0 0 0 0 10 0 0 0 0 51 0 0 0 58 0 0 25 0 0 29 0 0 0 0 0 49 0 0 0 0 73 0 91 0 0 30 95
0 0 0 0 0 0 30 0 0 0 0 6 0 79 0 0 0 0 0 0 0 0 0 0 0 28 19 0 0 0 59 83 0 95 85 0 0 12 0 40 19 0 0 0 10 46 0 0 0 0 0 0 0 0 0 65 0 0 0 19 0 0 66 0 0 0 0 0 0 0 0 33 0 0 0 0 0 100 0 0 0 0 0 0 0 76 0 0 0 0 0 27 23 0 0 0 86 0 91 0
0 44 11 24 0 0 0 54 0 0 0 0 0 0 84 59 0 0 18 0 0 0 0 0 0 0 0 0 0 0 0 0 0 0 72 0 0 35 73 83 0 0 0 0 0 75 0 0 0 0 0 0 0 0 38 0 0 0 74 0 61 73 69 0 5 0 0 0 0 0 0 0 35 42 0 0 0 0 0 0 30 0 0 0 77 0 47 0 0 0 0 0 0 0 0 0 95 45 0 0
0 0 0 0 0 0 100 79 0 0 0 0 0 0 78 0 0 0 24 35 0 0 0 0 57 0 12 0 0 0 0 0 0 20 0 0 90 0 0 74 0 0 0 0 0 60 0 0 10 0 0 22 0 0 0 0 0 0 0 0 0 81 0 0 0 0 0 0 0 17 0 0 83 0 0 0 0 0 0 0 0 34 0 0 15 92 0 0 0 0 0 0 0 0 10 0 0 0 0 0
97 0 0 0 0 0 0 0 62 27 64 0 78 0 0 0 0 0 84 61 50 0 0 0 0 16 36 18 0 0 10 0 0 0 0 0 0 0 55 0 0 43 4 0 0 0 0 13 23 71 18 70 0 0 17 0 0 0 0 0 10 0 0 50 0 59 0 0 0 0 0 49 0 0 0 0 52 0 0 0 42 0 93 0 0 99 0 0 0 0 0 0 0 0 0 0 0 0 0 0
0 0 0 0 0 17 81 0 0 0 0 0 0 0 0 0 0 0 0 0 0 32 56 0 0 86 0 16 0 41 59 0 0 63 0 0 0 0 0 0 0 67 0 51 0 0 0 0 27 0 70 0 0 0 0 0 70 0 0 41 0 0 0 0 0 98 0 0 0 25 0 0 0 0 0 0 26 0 0 0 0 0 0 0 0 0 0 0 8 11 0 0 0 0 0 0 0 52 0 0
0 0 0 0 30 6 0 0 0 87 0 0 0 0 0 0 0 77 0 0 0 0 0 0 0 0 0 0 40 0 0 0 80 0 93 0 0 24 0 0 0 0 0 0 0 0 0 67 0 12 0 9 0 4 0 0 0 0 0 75 90 0 0 89 0 0 0 0 0 0 0 0 81 0 0 0 0 0 0 0 0 0 0 0 39 0 0 0 0 0 0 0 0 0 11 40 0 71 0 0
97 0 0 47 0 0 0 19 0 0 35 0 0 0 58 84 0 0 0 0 0 0 0 0 0 0 0 0 0 0 93 0 0 0 0 0 0 0 0 20 0 87 0 0 0 0 0 0 64 0 31 0 0 0 0 0 0 0 0 0 0 0 0 0 0 0 0 93 0 0 0 0 0 0 0 0 0 51 0 70 0 92 0 94 0 66 0 0 0 0 0 0 0 79 0 0 81 0 0 30
0 0 0 92 0 68 0 73 55 75 12 0 0 0 0 85 0 0 59 0 0 56 63 0 0 0 0 0 0 24 46 18 11 72 0 32 0 0 0 0 0 0 0 0 0 0 0 0 71 0 85 0 74 0 0 0 0 0 0 0 38 0 57 0 0 0 0 0 0 2 0 55 0 60 0 0 0 0 0 33 54 0 0 0 33 0 0 56 0 51 0 0 0 0 0 0 7 0 29 0
0 0 0 0 0 0 54 0 99 0 0 73 0 0 0 92 93 0 0 100 27 2 43 0 0 16 0 0 0 0 0 86 0 0 38 0 0 0 0 30 5 0 0 0 0 97 81 0 0 0 0 0 93 0 0 0 0 36 0 0 0 0 0 0 0 0 0 0 0 96 0 0 82 0 45 0 0 0 68 0 98 0 0 60 79 0 0 0 0 0 0 78 0 0 0 3 0 0 96 43
40 0 0 0 0 60 0 21 49 0 0 29 0 0 64 0 64 0 1 0 89 0 0 0 0 0 98 0 0 0 0 0 0 0 0 55 0 77 32 0 84 20 0 91 55 19 0 0 0 0 0 2 0 0 8 0 1 0 0 0 0 87 0 81 0 0 0 0 0 16 44 0 0 8 0 62 77 82 0 0 0 0 0 0 0 0 0 0 0 56 63 0 0 39 16 0 0 0 0 0
0 0 0 0 0 0 0 0 85 0 0 0 83 85 0 0 0 0 0 0 0 0 0 0 0 0 0 0 34 74 23 0 0 0 0 0 41 0 0 0 0 0 85 0 0 85 0 0 0 0 0 0 85 0 0 0 0 0 0 0 0 0 0 0 66 95 0 75 0 0 0 65 86 0 26 0 11 0 0 0 7 72 0 43 0 89 0 0 0 0 0 0 71 53 0 0 0 0 44 0
23 0 0 0 0 0 78 0 0 0 0 0 73 0 0 0 0 0 53 0 0 0 0 0 0 8 84 0 0 0 45 45 37 0 0 0 0 56 53 20 0 0 76 79 51 0 0 0 0 0 0 0 36 0 0 0 0 0 30 0 0 0 0 0 0 2 52 0 0 35 88 86 16 0 0 0 0 0 42 0 0 0 0 100 0 44 0 0 13 87 0 0 0 0 0 0 0 0 78 34
0 0 0 0 0 0 2 0 0 0 0 0 0 0 0 0 0 78 0 0 0 0 0 86 0 0 0 0 0 0 59 0 35 0 0 46 0 0 0 0 0 0 0 0 0 0 0 0 0 0 0 0 60 0 0 0 10 92 0 0 97 73 0 0 0 0 76 0 0 0 0 0 4 0 0 0 0 0 0 0 0 0 0 0 0 0 54 0 13 49 0 0 0 0 16 0 0 0 0 55
38 83 0 45 0 0 0 0 0 0 0 0 99 85 32 94 0 0 0 0 0 0 39 0 0 0 0 0 0 0 0 0 0 100 0 0 0 0 0 0 0 0 0 0 0 0 0 0 0 0 0 0 63 0 0 0 0 0 49 0 0 73 0 0 0 37 21 96 0 39 0 0 0 0 61 0 0 0 68 0 51 85 0 0 0 0 0 0 0 0 12 0 24 0 0 6 71 45 0 0
0 0 0 81 0 0 0 0 0 0 0 0 0 6 24 0 12 0 0 0 0 0 22 0 0 0 0 0 0 0 57 0 0 0 0 0 0 0 67 0 0 0 0 0 100 48 0 0 0 0 0 100 0 0 0 0 0 0 0 0 0 27 0 0 0 0 8 0 0 0 34 0 0 0 2 0 39 0 0 21 69 15 0 0 35 100 0 0 0 0 0 93 0 0 0 0 0 53 0 0
0 0 71 0 5 37 0 0 0 19 0 0 43 27 17 0 50 70 0 0 0 0 0 29 0 61 0 0 0 0 31 30 0 90 0 0 0 12 0 0 27 0 0 0 67 56 0 100 0 0 0 0 0 98 0 0 0 0 0 95 76 0 0 0 0 0 0 85 0 0 0 0 81 0 0 0 0 0 22 0 0 0 0 0 0 0 0 0 0 0 0 82 0 0 0 0 0 0 14 47
3 45 0 95 0 0 93 0 27 0 0 6 97 59 0 18 0 0 0 82 0 0 17 0 0 0 0 0 21 0 21 0 0 0 48 0 83 0 98 63 0 0 0 0 9 0 24 0 0 0 0 85 7 0 93 50 0 90 0 0 0 0 0 0 0 0 0 0 0 0 12 81 0 0 0 0 0 0 0 0 0 0 0 0 0 0 0 0 0 0 1 9 56 0 31 0 84 0 75 33
0 28 0 0 0 0 0 66 0 0 0 0 0 0 49 22 0 0 49 6 0 65 43 0 98 0 53 76 0 90 0 0 27 0 0 0 0 0 0 36 0 0 0 0 0 0 0 0 0 0 0 0 42 0 0 93 0 0 12 0 0 0 0 98 0 64 0 0 0 0 0 0 0 0 0 0 0 20 0 21 18 0 0 0 0 0 0 0 0 0 0 0 0 0 0 0 0 0 0 0
0 0 0 0 0 77 82 0 0 0 0 49 0 36 0 0 0 0 0 0 0 0 0 0 0 71 0 0 0 0 0 93 0 0 81 0 0 0 0 0 0 0 0 0 74 0 0 0 30 0 0 0 0 0 0 75 0 0 0 5 0 0 0 0 0 0 0 0 51 0 11 45 0 0 0 32 67 0 0 0 0 0 35 0 100 0 68 0 0 77 0 0 0 0 0 0 0 10 1 0
100 14 0 0 0 0 14 0 21 96 0 0 0 33 0 0 23 0 0 0 0 0 2 0 5 0 0 0 0 0 0 0 0 0 0 0 0 0 68 15 45 0 0 23 0 0 0 23 0 0 0 0 2 0 0 75 0 79 0 0 0 0 45 79 83 69 78 0 0 85 3 0 0 0 0 0 57 0 0 26 0 47 74 0 0 0 0 0 22 0 0 0 45 0 0 0 0 0 0 0
0 0 0 0 0 0 0 0 0 0 0 0 0 0 0 0 0 5 0 0 12 0 0 47 0 0 0 0 81 19 0 0 0 0 76 0 0 14 0 83 0 0 0 0 0 0 0 22 0 0 47 0 44 0 0 33 19 0 0 0 0 0 0 0 0 13 39 0 0 39 0 0 0 0 0 0 0 0 84 25 0 67 0 0 0 80 0 0 67 0 0 0 0 0 0 0 0 0 0 0
0 0 0 0 53 0 14 0 0 0 0 0 35 0 40 0 0 0 0 11 48 0 0 63 0 7 52 98 41 21 0 0 0 0 0 0 0 0 0 0 12 0 49 0 32 86 0 0 0 77 0 15 0 0 0 0 0 0 0 0 72 0 0 0 0 0 86 0 0 0 0 0 23 0 0 70 0 85 0 0 0 0 44 0 36 0 0 0 44 0 0 0 0 0 0 0 61 0 0 22
0 0 0 0 0 0 0 0 0 5 0 10 0 0 0 0 0 71 0 0 0 0 0 0 56 0 0 0 0 22 0 0 0 3 0 0 0 4 7 0 0 24 0 0 0 0 0 47 0 0 0 0 0 5 0 100 0 0 0 0 51 0 71 14 0 94 0 0 0 0 0 0 0 0 0 0 21 0 0 0 0 0 0 0 12 0 0 0 58 49 10 25 80 0 0 0 0 32 0 0
0 0 0 97 0 19 0 0 67 0 46 0 0 0 0 0 0 0 0 0 0 92 0 0 0 52 0 0 0 0 0 0 0 0 0 0 0 50 0 0 0 55 0 0 0 0 0 0 12 0 0 80 0 0 0 0 0 0 0 0 0 59 0 0 39 0 88 0 0 0 0 99 0 69 0 0 0 20 0 0 0 35 0 0 0 0 0 0 0 0 0 0 8 0 0 0 0 24 27 0
0 0 0 0 0 0 0 0 0 0 0 0 0 71 3 40 0 0 0 0 0 64 47 0 85 0 0 0 0 0 0 0 0 0 79 0 0 0 0 0 0 100 0 0 0 40 0 0 0 20 0 0 0 0 0 0 0 0 0 0 0 0 4 58 0 6 0 0 0 0 0 0 78 14 81 50 0 0 0 0 0 0 0 0 0 0 22 0 0 0 63 34 17 0 23 0 26 0 35 0
0 0 0 0 7 0 0 0 0 0 0 0 0 0 25 77 0 46 0 91 82 0 56 0 75 0 48 0 0 0 51 0 15 0 74 40 0 0 0 0 0 0 2 84 0 0 0 0 0 42 74 0 84 0 0 0 0 0 0 0 0 0 0 0 0 0 62 89 0 0 0 0 44 0 0 0 19 0 0 0 0 8 46 0 0 0 0 0 28 0 66 32 0 0 0 0 0 0 58 0
0 0 5 0 0 0 83 0 0 0 0 95 0 0 0 48 0 0 0 0 33 0 0 0 0 82 0 0 0 34 0 93 0 73 100 48 0 89 0 0 0 55 0 0 51 17 0 0 59 38 10 97 0 0 0 30 0 0 0 62 0 0 0 18 0 25 0 94 0 0 80 0 1 65 0 0 0 0 0 0 0 0 18 0 0 0 0 0 71 0 0 0 0 88 0 0 3 0 0 0
0 0 50 0 0 0 0 0 0 0 0 26 85 0 0 0 0 86 0 0 51 69 0 19 0 65 0 0 0 0 60 0 43 44 22 0 0 0 0 0 41 47 0 42 0 0 0 0 0 0 0 0 0 0 0 98 0 0 0 24 0 0 0 0 69 0 0 42 49 0 0 0 12 0 0 0 0 55 0 83 0 0 95 0 0 71 0 0 0 0 0 0 0 0 0 0 0 0 0 14
0 0 0 0 0 0 22 0 40 16 0 48 0 0 0 0 48 0 72 0 88 0 0 71 0 0 0 0 0 0 0 0 94 13 35 0 3 0 13 0 0 0 0 0 0 0 0 100 0 0 0 0 86 0 19 56 0 0 0 0 0 0 0 0 0 0 53 29 0 17 0 0 0 40 0 91 5 80 37 0 34 0 0 0 0 0 0 19 0 0 0 0 0 0 0 0 0 53 42 0
0 0 0 0 0 0 0 0 0 72 25 0 0 0 9 0 0 54 0 0 0 0 1 0 0 0 0 82 0 0 0 0 0 0 0 0 0 0 0 83 0 0 0 99 0 0 0 0 0 0 0 0 0 0 0 0 21 0 0 0 0 51 0 0 0 76 0 0 38 0 52 0 0 77 0 0 0 0 0 0 0 0 81 43 0 0 46 0 0 0 0 0 0 0 0 0 0 0 0 0
57 0 0 0 27 0 0 79 0 54 49 89 0 0 0 0 0 35 0 0 0 0 0 0 0 0 0 0 41 45 0 0 0 0 0 0 0 9 0 59 0 0 0 0 0 0 82 0 0 11 0 0 0 89 0 0 0 0 9 0 0 0 67 75 0 0 100 67 50 0 0 0 0 0 0 0 0 0 0 0 0 0 0 0 0 0 52 0 0 0 0 0 0 0 0 0 25 0 0 46
6 64 0 0 0 0 0 0 0 24 65 0 0 0 0 0 33 0 0 0 0 0 0 0 0 88 18 27 0 0 0 58 0 0 0 0 64 0 0 0 0 0 32 0 58 0 8 0 0 0 0 0 0 0 96 0 71 0 0 95 0 0 0 89 0 0 0 0 38 0 0 0 0 0 0 0 0 0 0 0 0 0 48 0 0 0 0 0 0 39 18 0 0 0 0 26 0 0 0 0
0 0 100 0 26 0 16 0 0 0 89 0 0 0 52 0 70 0 0 89 0 0 0 87 79 21 75 81 0 88 0 0 0 0 0 0 0 0 0 0 0 74 0 0 0 0 71 0 0 0 7 0 0 0 0 0 0 0 0 0 56 0 61 45 74 0 0 0 0 0 0 25 49 0 0 0 0 0 42 17 4 0 0 0 100 0 0 0 0 0 67 15 0 79 0 0 20 0 0 3
100 0 0 0 2 0 0 73 0 0 0 72 0 0 0 0 0 0 0 0 0 0 8 0 0 0 0 0 45 0 2 16 0 0 0 0 0 0 67 0 100 0 0 0 0 0 0 0 0 0 0 14 45 0 0 0 0 0 0 20 91 0 0 0 0 0 15 1 0 20 0 48 0 0 0 0 22 0 36 0 0 0 0 0 8 0 50 0 98 0 78 21 0 0 0 52 0 0 98 0
0 0 2 12 0 0 0 0 0 16 89 0 0 93 0 0 0 89 0 0 0 0 0 0 0 0 0 0 0 0 0 0 0 0 82 63 0 42 72 0 11 0 30 0 44 75 0 0 0 0 0 23 0 51 0 0 0 0 0 0 60 0 0 0 0 0 32 0 0 73 53 0 0 95 41 0 0 0 41 0 73 0 65 0 0 0 0 0 0 100 0 0 6 0 0 0 0 0 0 0
58 0 0 0 0 0 0 0 100 0 82 0 0 0 0 0 0 0 0 65 0 0 0 0 0 0 0 0 0 0 45 0 0 0 0 17 0 97 0 10 0 0 0 71 0 0 61 0 0 78 0 17 0 26 0 0 0 0 37 0 0 0 35 0 0 0 0 0 0 0 0 0 0 0 0 0 20 0 0 0 58 64 0 0 54 0 0 2 0 0 51 0 0 0 0 0 0 0 0 0
0 0 29 75 0 0 10 0 0 80 0 0 0 0 0 89 0 0 0 0 0 0 0 0 0 47 0 0 44 0 39 0 0 0 0 0 0 0 0 0 0 0 0 97 39 0 0 0 51 6 0 0 0 0 0 0 0 0 0 0 99 0 6 0 36 0 0 0 0 91 0 0 76 87 0 62 0 32 0 0 49 23 0 0 0 0 0 78 0 13 0 0 0 0 0 0 0 34 0 59
0 0 36 0 0 25 0 51 0 0 0 0 0 0 42 17 0 0 47 0 0 0 0 0 0 0 72 0 35 0 0 0 69 0 0 0 0 0 0 0 0 34 20 0 0 0 14 0 0 0 0 47 80 43 48 0 0 48 91 11 0 0 19 0 64 0 0 0 0 0 0 7 0 77 0 0 0 39 0 0 0 0 0 0 0 63 0 25 0 18 0 0 98 0 58 47 0 0 0 48
0 2 0 0 0 19 61 0 0 0 74 0 0 62 74 0 0 0 96 0 0 0 0 0 0 0 57 11 0 0 0 0 0 42 0 0 0 0 0 0 0 0 0 74 24 0 0 89 89 0 44 0 68 0 13 50 0 14 0 0 0 0 0 0 0 0 0 0 0 0 0 52 55 0 0 0 0 0 73 7 0 0 8 0 0 0 0 0 0 0 0 0 0 45 24 100 6 0 12 0
0 0 0 0 0 0 0 0 0 65 0 0 0 29 0 0 34 0 0 0 26 9 0 0 97 0 0 0 26 0 0 2 0 0 0 27 0 79 0 0 0 0 0 0 85 0 12 0 0 0 0 0 44 0 8 0 77 0 0 0 36 0 0 90 84 21 0 0 0 39 79 0 0 0 0 64 0 0 0 0 0 0 97 59 0 0 59 0 0 0 0 68 0 5 0 0 0 0 86 0
0 0 0 22 0 0 0 0 0 0 0 26 0 0 0 0 0 0 0 0 0 0 98 0 0 0 0 0 0 0 0 0 1 0 0 4 0 0 0 0 0 70 0 78 0 0 0 0 0 0 85 0 0 0 0 39 0 0 0 0 0 0 0 0 0 0 0 0 36 0 0 0 0 0 0 62 0 60 0 0 0 0 0 0 0 0 0 0 0 0 0 0 79 0 0 4 0 38 79 0
0 2 0 39 0 0 0 0 0 0 0 0 58 0 0 0 0 0 0 0 0 83 0 32 0 0 0 0 0 0 0 0 0 0 71 0 0 0 49 0 46 0 0 0 92 0 0 0 0 0 0 0 0 0 0 0 0 61 68 0 41 0 0 42 0 50 0 0 0 37 0 16 43 4 0 0 0 19 0 0 0 12 0 0 0 0 0 96 0 80 0 4 29 0 0 0 0 0 24 33
0 0 100 0 0 0 0 0 26 0 91 0 0 3 0 0 43 0 0 0 0 0 56 44 90 0 0 0 0 0 0 68 47 0 0 0 0 0 0 0 0 97 0 0 0 61 0 4 0 0 94 25 11 0 0 0 0 0 0 77 0 75 0 0 0 13 25 21 0 0 0 0 0 0 0 0 0 0 0 0 0 0 68 0 0 55 69 1 0 0 0 0 0 26 0 0 0 0 0 0
0 73 0 0 0 31 0 0 0 0 24 0 0 0 32 0 54 0 0 0 0 0 52 0 0 37 0 0 0 0 0 0 0 0 0 0 0 0 76 0 0 62 0 90 44 0 0 0 0 0 0 71 68 0 0 0 0 0 31 0 23 95 17 94 0 0 0 0 34 0 0 0 25 0 0 0 0 81 0 0 0 0 0 0 75 0 0 1 0 0 22 0 91 0 0 0 10 0 0 0
0 0 0 0 98 0 37 9 0 0 81 0 36 55 0 0 0 0 0 0 0 0 0 90 0 0 0 0 0 0 0 0 0 0 0 0 0 0 17 0 48 0 0 0 0 0 0 95 0 56 0 0 0 0 0 0 0 0 0 98 0 0 0 62 0 0 0 0 0 0 0 0 0 0 0 0 0 57 0 0 0 0 0 33 38 0 0 49 40 6 0 38 0 0 0 0 54 26 0 0
6 0 0 38 0 0 40 36 22 0 0 4 0 0 0 0 0 0 0 0 0 0 0 0 0 0 0 0 0 70 0 0 0 0 0 17 38 94 92 0 60 0 0 59 0 0 0 0 0 0 0 0 82 14 0 0 0 0 0 0 0 34 0 0 0 43 0 0 13 0 0 0 0 0 0 64 0 52 0 0 0 0 0 0 73 0 0 0 0 66 0 0 0 0 100 0 0 95 82 0
0 0 0 0 0 0 0 0 0 0 87 0 0 0 57 95 0 0 87 0 0 50 0 0 0 19 0 98 0 0 0 0 0 0 14 0 89 0 0 0 2 15 0 0 0 0 81 21 0 0 87 0 0 0 85 80 0 0 0 0 0 0 0 0 0 0 0 0 94 0 0 0 0 35 0 0 22 53 0 8 0 44 0 0 0 25 0 0 0 0 43 0 42 0 0 35 80 0 0 0
0 0 0 0 63 48 92 53 0 0 0 95 68 43 0 0 0 0 0 75 0 0 0 22 28 73 1 5 0 59 0 30 0 0 0 68 0 0 0 0 52 0 0 0 0 0 0 0 0 90 0 0 0 0 0 43 0 0 0 0 8 0 9 0 19 55 0 0 0 0 0 59 0 0 0 33 58 0 84 0 0 52 0 0 47 0 11 0 0 0 9 0 0 0 0 0 0 0 0 47
0 89 0 52 0 0 64 0 0 0 0 0 22 0 0 0 27 0 77 0 0 0 0 0 0 37 0 0 0 0 0 0 0 0 0 0 0 0 0 93 0 4 0 0 0 0 0 0 0 57 0 0 0 0 0 39 37 0 0 0 0 62 0 0 22 0 0 0 0 0 79 0 16 12 31 88 0 0 43 0 95 92 0 0 0 0 0 0 0 0 0 0 0 28 0 0 19 90 23 75
87 90 0 68 44 0 0 0 0 0 0 0 0 0 0 0 86 0 0 0 0 0 72 0 0 0 0 0 0 69 2 91 0 70 81 0 0 23 4 0 37 0 22 74 0 0 0 0 0 0 0 0 0 0 0 0 0 0 0 0 0 0 0 0 0 0 0 0 0 93 0 0 0 0 0 65 0 24 0 0 0 21 0 0 68 0 0 0 0 0 89 7 0 0 0 0 0 92 0 72
32 0 0 0 79 0 0 47 0 95 1 0 0 60 0 0 89 0 0 29 0 0 26 0 0 0 40 0 51 0 0 0 35 0 0 0 0 0 0 0 60 55 87 0 0 0 0 0 0 0 0 0 0 0 0 0 0 0 0 65 0 0 59 0 99 0 0 0 65 0 0 16 0 0 0 0 0 88 76 0 0 0 0 78 14 46 0 70 0 0 0 0 0 0 0 0 0 27 0 37
0 70 82 0 0 0 0 56 0 0 0 0 0 0 90 28 0 53 0 0 0 67 0 0 0 0 18 0 0 16 83 0 0 0 8 0 21 0 15 0 72 0 0 0 0 0 0 0 0 90 22 0 0 82 0 0 0 36 0 0 0 40 0 0 0 0 0 0 0 0 0 0 91 0 57 0 0 0 100 0 0 0 0 0 0 0 0 0 0 0 78 0 0 0 61 0 0 0 0 0
0 0 0 86 0 0 0 54 0 0 0 0 0 0 0 0 0 0 0 0 72 0 0 0 0 0 0 0 56 77 0 94 0 0 33 56 0 0 0 0 0 0 0 0 0 36 55 0 59 45 90 0 69 16 0 0 0 15 0 21 0 0 60 0 0 0 0 0 0 0 0 0 0 0 84 0 97 0 0 0 0 0 0 0 0 0 0 0 0 0 0 0 0 89 0 2 30 0 55 2
0 0 0 21 0 0 0 0 57 0 0 0 0 85 48 0 0 0 0 0 0 0 0 53 0 0 0 0 0 99 66 0 38 0 0 0 60 0 0 0 4 0 0 0 0 0 0 0 0 37 0 0 0 0 0 0 81 0 47 0 0 0 81 0 0 0 0 0 0 0 0 0 0 0 49 0 0 0 0 0 0 0 0 0 0 0 94 0 0 0 0 0 0 0 0 0 0 0 0 56
0 0 0 0 0 0 0 0 0 0 0 0 0 0 0 38 0 0 0 0 91 0 11 0 0 95 0 0 0 0 92 0 0 0 0 0 0 0 0 0 0 68 0 0 63 0 0 0 0 0 0 0 0 0 0 98 0 0 99 0 63 0 57 0 0 0 12 0 81 0 0 0 95 0 0 56 0 0 96 0 0 30 0 51 0 32 0 0 0 0 0 0 0 0 0 0 35 0 0 0
22 0 0 0 0 0 9 63 0 0 0 49 13 18 0 0 0 0 33 0 0 25 0 100 0 0 43 0 0 51 0 0 0 0 0 0 0 4 0 0 0 0 0 0 57 0 49 39 0 0 0 0 0 0 73 0 33 15 0 0 0 0 0 0 0 63 0 0 0 0 0 0 0 0 0 25 42 0 0 0 0 0 0 28 0 0 67 0 0 0 0 0 0 0 0 0 0 2 0 0
0 0 15 0 0 4 0 0 0 12 0 0 0 0 0 0 63 0 0 0 77 0 8 9 0 0 0 0 0 47 0 0 0 15 0 0 0 0 63 69 55 0 0 0 57 0 0 0 0 0 0 0 0 0 100 0 0 0 0 0 90 0 54 0 2 5 0 0 0 0 0 4 0 96 0 0 0 13 0 0 0 94 37 94 0 0 69 0 47 0 2 0 0 0 0 5 0 0 0 0
50 52 0 55 0 36 27 0 0 69 0 0 0 0 0 0 63 0 0 56 22 0 0 20 0 0 0 0 0 0 0 0 56 0 0 0 0 0 0 0 99 14 0 0 0 0 0 55 0 64 0 0 35 11 0 0 0 62 0 95 0 0 0 0 0 0 0 0 75 51 0 0 2 89 36 27 0 80 0 0 0 85 0 0 0 0 0 0 5 46 0 0 82 0 0 0 0 46 0 0
56 0 0 0 0 46 18 83 0 0 0 0 0 0 0 0 62 96 0 0 0 0 3 0 68 0 0 67 0 0 0 21 0 23 0 0 0 0 14 0 57 0 60 0 0 0 0 0 76 0 0 0 0 0 0 0 0 96 0 0 46 0 0 91 0 0 0 0 0 87 0 0 0 0 0 0 0 0 0 20 35 34 14 32 0 0 0 0 95 0 0 0 0 0 0 0 62 0 0 0
0 0 13 50 0 0 0 88 0 0 0 0 0 51 0 0 0 42 0 0 31 0 0 0 0 0 0 0 0 0 62 0 0 0 0 0 21 25 42 0 0 0 2 0 0 0 0 0 0 0 87 0 72 60 0 0 0 0 0 0 0 0 0 0 32 76 13 0 0 0 0 0 0 0 0 66 0 0 0 0 0 5 16 44 9 49 31 0 41 0 0 0 0 0 0 97 40 0 0 0
0 53 0 75 0 0 0 35 0 0 39 0 0 0 0 0 0 0 0 0 0 0 71 0 0 72 0 0 70 0 0 51 49 52 0 0 36 99 0 22 82 60 0 36 0 0 0 0 0 0 0 0 0 0 0 0 51 0 0 74 0 0 0 0 0 0 0 0 0 18 0 0 0 0 0 0 0 0 0 88 0 0 0 0 3 18 0 80 0 0 73 0 0 0 0 0 0 0 0 57
0 0 88 0 0 0 0 0 94 0 0 0 0 23 0 12 0 0 0 0 0 0 0 0 0 0 0 0 0 0 27 51 0 0 0 0 86 44 0 0 0 0 0 0 66 0 0 0 78 88 0 0 60 91 0 0 0 0 0 0 0 0 0 0 85 0 0 54 96 0 0 0 69 0 0 58 0 75 71 0 0 51 0 0 12 0 0 0 0 0 42 94 0 0 0 0 89 0 0 0
85 0 0 0 0 0 0 0 0 0 0 92 0 0 0 26 0 0 0 0 0 92 35 0 0 0 0 0 0 0 0 37 0 0 0 0 0 32 0 0 0 0 0 80 0 0 99 62 0 0 0 58 0 0 0 0 0 0 0 0 67 0 0 0 1 0 0 0 0 0 76 0 0 0 19 0 0 0 0 0 0 45 0 0 0 0 0 0 0 92 0 0 95 0 17 0 0 0 1 78
77 0 0 0 0 0 0 0 0 0 0 12 0 73 76 0 0 0 0 13 0 0 0 0 0 75 0 0 0 0 0 93 75 0 0 0 0 0 0 0 69 0 85 0 3 0 0 0 11 0 0 0 0 0 31 0 0 0 0 36 93 0 0 0 0 0 0 0 3 0 0 0 0 0 0 0 21 0 51 0 0 21 0 0 0 0 0 0 0 15 0 33 0 0 1 0 0 0 0 0
21 0 0 0 0 28 0 0 0 0 0 0 11 0 0 0 0 0 0 0 0 0 0 0 0 0 65 0 0 0 56 92 0 0 0 0 0 0 52 0 42 0 0 0 0 0 0 0 0 0 0 0 0 81 0 0 0 0 26 0 0 0 0 22 0 0 0 0 0 0 0 0 76 38 0 0 65 0 0 0 0 0 0 0 0 0 0 16 0 0 0 0 0 0 0 0 66 0 0 0
0 0 0 0 0 0 84 0 0 0 0 0 0 0 0 0 0 52 0 0 61 0 0 0 0 0 0 0 0 49 0 0 49 84 0 0 0 0 0 0 54 16 0 0 0 75 36 0 0 0 0 0 65 0 0 0 96 0 0 0 0 0 3 8 0 11 0 0 0 0 43 0 0 0 0 0 0 0 27 3 0 0 0 0 27 0 0 15 0 0 0 33 0 0 25 0 0 16 81 0
0 0 0 0 42 0 86 0 87 0 10 0 0 0 0 32 0 0 0 0 0 0 0 0 0 0 32 0 0 0 0 0 81 47 0 0 0 0 0 54 0 22 39 0 0 0 0 0 0 86 0 47 0 0 57 0 20 0 0 0 89 0 44 0 0 0 0 0 0 0 0 0 0 0 0 0 0 27 0 23 0 36 0 0 0 30 0 0 0 15 0 0 0 0 0 0 0 0 0 0
0 0 77 26 0 38 82 14 0 71 0 0 0 12 0 0 0 58 0 0 0 0 0 0 0 66 81 0 0 0 32 0 0 0 0 0 41 0 96 0 52 0 0 0 34 0 0 0 0 0 0 89 0 0 0 0 0 3 0 0 0 53 0 0 0 0 0 0 0 0 0 0 0 0 0 0 62 0 0 0 0 0 0 0 60 0 0 0 0 0 0 29 22 0 0 0 33 0 0 0
0 83 0 0 0 0 0 0 0 0 0 0 0 0 51 0 0 0 0 12 0 0 0 0 0 0 3 0 0 31 0 0 0 19 80 0 0 0 0 0 0 0 0 20 68 89 0 0 0 0 0 0 0 0 0 18 0 0 24 0 13 0 0 0 0 86 95 0 0 41 81 0 27 15 0 0 27 0 0 28 0 81 47 0 0 0 30 0 0 16 0 0 0 11 63 0 0 0 0 65
0 0 12 0 0 95 0 0 0 0 78 0 0 0 0 0 0 0 0 0 0 0 0 0 0 0 0 0 0 0 0 0 0 0 0 0 0 0 0 1 72 62 0 0 0 0 0 0 0 0 56 0 0 0 79 0 0 0 0 0 0 0 78 0 81 99 99 11 0 33 0 0 4 0 55 0 0 0 0 0 100 0 0 0 0 0 0 0 0 0 0 0 0 0 0 0 15 57 0 51
99 0 0 64 0 56 0 35 0 0 0 0 0 0 0 50 0 0 0 0 0 3 0 0 0 0 0 0 43 0 0 44 62 0 0 0 0 99 26 97 41 0 0 0 0 0 0 0 0 85 0 87 0 0 0 0 0 44 26 0 0 0 6 0 0 0 0 0 50 0 2 0 82 0 0 0 0 0 0 0 0 3 67 0 0 0 3 0 0 58 0 0 0 0 0 0 0 0 0 0
0 0 0 0 0 0 0 0 0 0 64 0 8 0 0 53 0 0 0 0 0 23 0 0 0 0 16 0 0 0 0 39 0 0 40 0 72 0 0 0 0 0 0 0 1 0 0 0 89 0 4 0 0 0 0 75 0 0 0 0 5 17 0 0 0 0 0 0 37 0 0 26 0 33 0 0 0 90 0 97 0 0 32 0 24 74 0 0 0 0 0 0 0 0 0 0 95 0 28 77
0 54 0 44 0 0 58 25 0 0 0 0 0 0 0 0 0 0 0 0 0 0 0 0 0 0 0 23 0 0 0 81 0 0 0 0 96 0 82 0 0 0 0 0 0 0 0 78 89 43 0 0 0 37 0 0 0 0 0 0 0 0 0 0 0 94 0 29 0 90 0 0 0 91 51 0 49 0 0 72 0 0 56 0 0 0 42 0 0 0 0 0 0 0 0 93 0 0 0 0
98 0 0 0 0 0 73 0 0 0 0 0 0 43 57 0 0 0 0 0 0 0 0 0 49 70 0 0 0 0 0 0 0 65 0 0 36 0 68 0 0 0 0 0 84 0 0 96 0 0 0 0 0 0 0 0 0 0 0 0 0 0 0 100 0 25 76 0 4 0 3 0 97 0 0 0 70 67 0 0 0 15 0 0 92 45 0 88 39 0 0 87 0 78 0 0 0 0 0 0
48 22 0 0 0 0 0 18 0 0 89 0 0 0 0 0 55 42 0 43 0 0 0 75 31 30 48 24 0 0 0 0 57 0 0 0 0 0 0 93 0 0 0 0 0 33 91 0 0 0 60 0 0 0 0 0 0 0 0 0 0 0 0 67 0 0 0 49 0 0 0 0 6 0 0 0 80 0 0 0 60 44 29 0 0 91 0 0 0 0 0 7 0 0 0 43 83 0 0 0
65 49 0 0 34 0 23 0 1 0 0 0 0 0 0 4 0 0 0 0 0 53 70 0 0 0 0 0 84 0 0 0 0 0 0 0 0 0 76 73 8 0 0 0 0 0 0 0 15 0 0 0 0 0 0 67 88 57 0 0 0 0 0 66 93 30 0 0 0 86 0 0 0 0 0 39 0 0 0 0 43 0 85 0 0 36 0 0 70 32 85 0 31 0 0 0 0 57 0 94
40 0 0 0 0 0 0 61 0 0 75 0 72 0 0 0 0 0 0 0 63 0 0 0 0 0 0 90 0 64 10 0 61 72 0 65 0 0 0 0 0 0 0 4 20 0 0 0 0 0 0 0 13 84 0 0 74 20 99 92 0 0 0 62 0 0 0 0 0 0 0 0 92 29 0 0 0 2 0 87 0 0 70 0 0 33 0 0 0 65 0 86 66 0 0 0 0 0 0 0
0 0 0 0 0 0 15 0 0 0 15 0 0 0 76 0 0 0 0 0 0 0 22 0 0 0 76 98 0 0 0 0 58 0 0 0 0 0 87 0 0 100 42 0 0 78 86 0 0 0 0 79 0 0 0 0 0 55 0 0 0 0 0 0 44 0 0 0 0 0 0 0 0 0 68 0 0 58 0 0 0 0 0 75 0 0 0 0 0 0 0 0 0 46 39 0 0 0 0 0
0 0 0 0 0 0 0 0 21 31 1 0 0 100 95 0 0 0 0 0 0 0 0 0 0 0 0 0 0 24 0 0 0 0 0 0 35 0 0 0 0 0 0 0 28 0 0 0 0 0 0 0 98 0 92 47 0 0 0 0 0 0 0 0 0 0 6 0 0 0 93 0 0 71 0 4 11 0 0 0 0 52 57 92 0 0 13 0 0 0 0 0 0 5 0 0 0 0 0 0
0 0 0 42 0 0 0 0 0 0 3 6 0 0 0 0 0 0 0 0 0 30 100 0 97 0 43 0 0 0 0 0 0 78 0 0 0 0 0 0 0 0 0 25 21 6 0 24 99 0 0 0 0 37 0 0 0 24 0 0 0 0 20 89 0 0 37 0 0 0 0 0 0 0 31 0 0 57 0 16 0 76 0 0 0 0 0 0 5 89 94 0 68 0 0 51 87 0 0 0
0 87 0 92 0 0 0 8 0 0 0 0 20 0 78 3 0 0 0 0 0 0 21 0 69 0 0 0 0 0 0 9 0 41 0 0 83 89 11 0 73 0 0 3 21 40 45 0 0 0 0 0 0 0 42 0 0 0 0 0 29 0 0 78 0 11 0 0 57 0 0 84 0 36 0 0 0 11 13 0 87 31 0 0 0 0 0 0 84 34 0 0 0 11 82 0 0 0 0 0
0 10 0 0 0 0 0 0 0 0 0 0 0 0 0 31 0 0 95 0 0 0 9 81 0 63 0 0 0 9 19 0 1 0 0 17 73 0 0 0 25 64 0 0 0 0 0 69 0 0 0 86 37 0 0 0 79 17 90 0 0 0 43 0 0 0 0 0 0 0 0 0 0 0 0 0 6 2 0 0 0 0 37 0 0 0 0 0 0 0 0 0 91 0 88 83 0 0 0 13
0 87 0 0 0 0 0 0 0 22 0 0 0 0 0 0 0 71 0 0 0 0 0 0 0 0 0 0 19 0 0 0 0 57 0 0 0 96 0 0 70 0 0 0 0 0 0 0 42 0 0 0 0 0 0 0 0 0 0 0 0 0 0 0 0 0 0 91 0 0 0 0 0 0 0 0 0 0 32 0 0 0 52 0 0 0 21 0 0 0 0 0 0 0 0 0 0 0 0 16
0 0 0 0 0 0 0 0 0 0 0 0 0 0 0 48 0 0 56 0 11 0 0 0 49 0 53 0 30 0 29 0 0 0 85 0 0 0 0 52 0 0 0 0 56 0 82 0 0 0 0 42 0 67 0 0 0 0 51 58 0 56 0 0 4 0 22 60 0 0 40 91 0 69 0 0 0 0 0 0 0 0 49 16 0 8 0 0 43 0 0 0 0 45 0 0 0 0 0 0
0 88 0 38 0 0 0 16 0 0 0 0 0 61 0 0 0 0 0 36 0 0 31 0 0 0 12 0 0 0 0 0 0 93 0 0 0 0 0 0 0 0 0 19 57 71 0 74 0 0 0 0 0 28 0 0 0 0 0 0 0 0 34 0 0 0 0 0 26 0 0 18 0 0 0 0 27 63 0 0 0 0 0 0 55 0 0 0 0 0 0 19 0 0 0 0 0 0 0 0
0 0 69 0 0 0 0 0 16 0 85 0 67 0 0 0 0 77 0 92 0 0 0 0 0 96 60 57 16 0 0 0 20 0 30 0 0 0 0 0 94 0 0 0 0 0 0 0 0 0 0 0 0 0 0 52 0 2 0 80 0 70 19 0 0 0 99 0 0 31 93 0 0 0 0 0 39 0 0 0 0 0 0 0 0 13 0 50 0 0 0 98 0 90 0 0 0 0 0 0
49 0 0 0 0 0 57 0 0 91 59 0 0 0 0 0 54 6 83 0 0 0 0 0 0 0 0 0 0 0 0 0 44 0 36 91 0 74 0 0 80 19 0 0 0 0 33 0 0 0 0 86 43 0 0 91 0 0 93 0 0 60 0 0 0 0 0 0 0 0 0 0 0 0 82 17 0 99 0 0 0 0 0 0 0 45 0 0 0 65 0 0 0 85 0 0 0 0 75 0
0 0 0 0 0 0 38 0 0 0 0 0 0 85 0 0 0 0 34 0 0 0 36 0 0 0 0 0 0 6 0 0 0 60 0 0 0 43 0 36 0 0 0 0 20 90 0 0 0 57 0 0 0 0 48 0 0 0 0 0 0 83 0 0 0 61 0 0 0 61 84 0 0 0 0 0 0 0 93 0 0 0 75 0 0 0 0 0 0 0 0 59 0 0 49 0 70 0 65 0
0 0 8 61 0 0 0 72 0 0 0 0 0 0 0 11 0 0 20 0 0 60 0 75 14 69 10 0 0 0 0 0 0 0 0 0 0 0 0 0 0 0 0 72 0 0 70 0 0 52 0 0 0 0 0 97 0 0 0 0 0 31 0 0 0 0 0 35 31 0 0 0 29 0 0 0 0 0 0 0 0 0 17 0 0 0 50 51 0 0 0 0 68 0 24 0 0 75 0 0
0 0 0 57 0 0 32 0 0 77 0 0 74 0 0 70 26 0 0 88 63 0 0 0 0 0 40 0 0 0 0 0 87 0 0 0 0 0 70 66 0 0 0 0 19 0 0 0 0 0 0 32 40 19 0 0 0 0 0 0 0 0 68 0 66 0 15 0 0 0 0 35 34 0 0 0 0 29 20 95 0 0 0 84 0 0 0 0 0 74 90 0 0 0 0 0 0 0 50 61
0 27 0 0 61 0 0 0 0 56 0 0 0 0 0 0 0 0 82 0 57 0 94 60 47 73 0 90 0 0 0 0 0 0 0 0 0 0 57 0 0 0 0 0 0 0 0 0 0 0 0 74 0 0 0 46 0 0 0 0 0 0 0 0 0 0 0 0 0 0 0 0 0 0 0 0 0 0 0 0 0 0 0 70 78 0 0 0 0 87 0 25 0 0 23 0 0 0 0 88
2 0 0 52 32 0 0 84 0 0 0 0 0 43 31 0 0 0 13 0 0 8 79 0 0 0 77 1 0 0 70 0 0 14 4 0 0 0 0 0 0 0 0 0 0 0 0 0 0 0 0 0 0 0 0 0 0 0 0 0 0 0 0 0 0 0 0 30 0 0 0 54 0 0 75 0 0 0 0 0 0 0 0 29 0 0 0 0 14 83 0 32 0 64 0 0 0 0 0 0
0 100 0 0 0 0 61 0 0 0 0 0 0 0 0 0 0 70 0 0 0 0 0 0 0 0 0 17 0 0 0 0 0 24 0 0 64 0 0 0 0 0 0 70 0 0 0 0 77 0 0 71 9 0 0 32 0 0 0 0 0 0 0 0 49 29 0 0 98 0 0 14 0 0 0 0 0 40 0 0 0 15 48 0 3 0 0 22 0 30 0 0 0 0 0 0 0 0 0 5
0 0 0 0 77 0 0 0 0 0 0 0 0 0 0 47 0 0 0 0 0 0 0 78 31 60 0 0 0 0 0 0 0 0 0 0 12 72 0 57 0 0 0 78 0 46 50 0 0 0 0 0 0 0 0 0 12 0 44 0 0 0 57 26 0 91 2 0 0 0 10 3 0 0 0 0 0 0 0 0 89 0 0 0 24 0 0 0 0 0 0 0 0 0 0 0 0 0 0 0
0 0 0 0 0 0 0 6 0 7 0 0 0 0 0 0 0 28 0 0 0 0 0 0 0 0 0 87 0 41 74 0 0 0 13 0 0 0 0 0 0 0 59 0 0 0 0 0 0 0 0 3 0 62 0 0 0 3 0 0 0 0 0 0 0 0 79 0 0 0 0 80 0 0 0 79 6 0 0 0 0 0 0 0 54 0 0 28 0 0 0 0 0 0 20 0 0 0 0 0
0 27 0 49 63 51 0 0 0 0 0 0 0 0 0 39 0 0 0 50 0 0 0 0 0 11 0 0 21 0 0 0 0 82 0 0 0 0 0 0 0 12 86 0 0 77 0 0 0 85 77 0 35 0 79 0 86 0 68 0 72 0 34 87 0 0 45 29 0 68 11 95 37 0 0 7 1 71 0 0 0 0 0 32 0 19 5 90 0 18 0 0 0 0 0 0 61 33 0 0
0 0 0 0 0 80 32 0 0 42 0 76 49 7 0 0 0 0 0 82 0 0 0 54 0 0 0 0 0 0 0 35 0 0 0 65 0 0 0 0 23 0 0 0 0 0 0 0 0 75 0 0 0 0 0 0 0 50 0 0 0 67 36 0 0 0 0 0 0 0 0 27 0 0 0 0 0 0 0 0 0 0 0 0 0 0 28 0 5 0 0 0 0 0 4 0 0 0 0 0
35 0 0 0 0 57 0 0 0 0 0 0 0 0 18 0 0 0 0 0 0 0 0 53 0 0 0 68 0 45 51 0 0 0 0 0 0 0 44 0 0 36 0 0 0 0 0 0 0 0 53 12 0 0 0 0 0 44 0 0 0 39 0 41 63 0 40 0 100 95 0 0 0 19 0 0 0 0 0 92 0 51 0 0 34 10 21 0 0 0 53 0 4 0 72 0 0 0 0 0
0 0 0 0 7 0 0 0 29 0 0 0 0 0 0 0 0 90 0 0 0 0 0 0 0 0 0 80 95 97 0 0 0 64 0 0 72 0 0 0 0 0 88 0 0 0 0 0 0 31 90 0 0 0 0 0 0 0 0 0 96 94 0 0 0 0 0 11 63 0 58 0 0 0 0 10 0 0 0 0 0 0 0 0 0 48 0 0 0 0 0 75 0 0 0 0 0 95 0 0
0 0 0 0 7 0 0 0 0 70 0 0 0 0 0 0 58 0 0 18 0 0 8 0 0 0 0 0 0 87 0 0 0 0 40 0 0 0 0 0 0 0 0 0 0 0 0 0 72 32 0 0 0 13 0 0 56 0 0 9 0 0 0 0 0 0 0 73 0 0 0 0 93 0 0 0 25 0 0 68 0 0 4 0 0 0 0 0 96 0 0 0 0 14 0 63 0 0 27 74
0 0 0 0 0 0 69 0 0 0 0 99 0 68 0 0 0 0 0 0 0 0 0 0 0 49 49 0 0 0 62 24 0 33 35 0 0 43 0 78 48 0 0 0 23 83 0 0 0 0 0 0 0 0 0 49 0 0 0 60 0 0 3 0 0 0 0 0 0 0 0 6 0 0 0 0 0 76 0 0 0 0 0 0 0 99 0 0 0 0 0 62 65 0 0 0 100 0 87 0
0 79 32 36 0 0 0 43 0 0 0 0 0 0 62 8 0 0 86 0 0 0 0 0 0 0 0 0 0 0 0 0 0 0 21 0 0 70 70 45 0 0 0 0 0 42 0 0 0 0 0 0 0 0 87 0 0 0 54 0 1 63 2 0 92 0 0 0 0 0 0 0 97 31 0 0 0 0 0 0 18 0 0 0 46 0 79 0 0 0 0 0 0 0 0 0 20 20 0 0
0 0 0 0 0 0 5 80 0 0 0 0 0 0 29 0 0 0 47 61 0 0 0 0 71 0 80 0 0 0 0 0 0 2 0 0 50 0 0 79 0 0 0 0 0 61 0 0 51 0 0 64 0 0 0 0 0 0 0 0 0 95 0 0 0 0 0 0 0 63 0 0 6 0 0 0 0 0 0 0 0 60 0 0 19 93 0 0 0 0 0 0 0 0 3 0 0 0 0 0
36 0 0 0 0 0 0 0 93 26 46 0 22 0 0 0 0 0 97 65 76 0 0 0 0 76 88 64 0 0 23 0 0 0 0 0 0 0 15 0 0 70 43 0 0 0 0 35 54 52 51 2 0 0 28 0 0 0 0 0 98 0 0 16 0 18 0 0 0 0 0 75 0 0 0 0 89 0 0 0 82 0 81 0 0 48 0 0 0 0 0 0 0 0 0 0 0 0 0 0
0 0 0 0 0 100 38 0 0 0 0 0 0 0 0 0 0 0 0 0 0 30 45 0 0 20 0 37 0 30 12 0 0 30 0 0 0 0 0 0 0 30 0 61 0 0 0 0 87 0 56 0 0 0 0 0 42 0 0 9 0 0 0 0 0 17 0 0 0 56 0 0 0 0 0 0 51 0 0 0 0 0 0 0 0 0 0 0 15 40 0 0 0 0 0 0 0 45 0 0
0 0 0 0 56 39 0 0 0 90 0 0 0 0 0 0 0 26 0 0 0 0 0 0 0 0 0 0 1 0 0 0 63 0 6 0 0 89 0 0 0 0 0 0 0 0 0 90 0 72 0 97 0 24 0 0 0 0 0 29 76 0 0 39 0 0 0 0 0 0 0 0 79 0 0 0 0 0 0 0 0 0 0 0 26 0 0 0 0 0 0 0 0 0 89 42 0 77 0 0
51 0 0 64 0 0 0 34 0 0 29 0 0 0 98 49 0 0 0 0 0 0 0 0 0 0 0 0 0 0 64 0 0 0 0 0 0 0 0 87 0 92 0 0 0 0 0 0 41 0 60 0 0 0 0 0 0 0 0 0 0 0 0 0 0 0 0 41 0 0 0 0 0 0 0 0 0 1 0 79 0 59 0 62 0 37 0 0 0 0 0 0 0 59 0 0 85 0 0 62
0 0 0 25 0 38 0 37 25 36 8 0 0 0 0 3 0 0 87 0 0 71 33 0 0 0 0 0 0 75 87 100 78 37 0 47 0 0 0 0 0 0 0 0 0 0 0 0 65 0 4 0 60 0 0 0 0 0 0 0 67 0 10 0 0 0 0 0 0 85 0 19 0 89 0 0 0 0 0 65 60 0 0 0 59 0 0 37 0 5 0 0 0 0 0 0 21 0 23 0
0 0 0 0 0 0 59 0 83 0 0 80 0 0 0 38 81 0 0 97 15 19 8 0 0 99 0 0 0 0 0 15 0 0 14 0 0 0 0 79 45 0 0 0 0 80 29 0 0 0 0 0 62 0 0 0 0 63 0 0 0 0 0 0 0 0 0 0 0 70 0 0 1 0 81 0 0 0 85 0 78 0 0 78 96 0 0 0 0 0 0 93 0 0 0 72 0 0 14 45
53 0 0 0 0 28 0 93 1 0 0 40 0 0 5 0 13 0 17 0 59 0 0 0 0 0 85 0 0 0 0 0 0 0 0 27 0 17 2 0 68 6 0 83 25 66 0 0 0 0 0 83 0 0 52 0 71 0 0 0 0 10 0 62 0 0 0 0 0 24 80 0 0 63 0 19 11 11 0 0 0 0 0 0 0 0 0 0 0 18 73 0 0 31 95 0 0 0 0 0
0 0 0 0 0 0 0 0 19 0 0 0 78 99 0 0 0 0 0 0 0 0 0 0 0 0 0 0 100 48 71 0 0 0 0 0 51 0 0 0 0 0 49 0 0 46 0 0 0 0 0 0 42 0 0 0 0 0 0 0 0 0 0 0 84 79 0 53 0 0 0 84 73 0 80 0 47 0 0 0 4 60 0 95 0 17 0 0 0 0 0 0 66 34 0 0 0 0 16 0
23 0 0 0 0 0 61 0 0 0 0 0 49 0 0 0 0 0 39 0 0 0 0 0 0 75 79 0 0 0 88 22 40 0 0 0 0 50 42 33 0 0 38 34 1 0 0 0 0 0 0 0 22 0 0 0 0 0 25 0 0 0 0 0 0 35 24 0 0 70 99 20 58 0 0 0 0 0 58 0 0 0 0 36 0 26 0 0 32 10 0 0 0 0 0 0 0 0 75 18
0 0 0 0 0 0 29 0 0 0 0 0 0 0 0 0 0 26 0 0 0 0 0 51 0 0 0 0 0 0 25 0 10 0 0 86 0 0 0 0 0 0 0 0 0 0 0 0 0 0 0 0 42 0 0 0 12 78 0 0 89 97 0 0 0 0 54 0 0 0 0 0 90 0 0 0 0 0 0 0 0 0 0 0 0 0 60 0 11 53 0 0 0 0 4 0 0 0 0 86
63 4 0 47 0 0 0 0 0 0 0 0 3 65 41 31 0 0 0 0 0 0 87 0 0 0 0 0 0 0 0 0 0 89 0 0 0 0 0 0 0 0 0 0 0 0 0 0 0 0 0 0 43 0 0 0 0 0 43 0 0 5 0 0 0 89 87 61 0 64 0 0 0 0 67 0 0 0 80 0 66 46 0 0 0 0 0 0 0 0 91 0 53 0 0 36 2 88 0 0