100
0 0 0 0 31 0 0 0 0 0 0 0 0 0 0 0 15 0 0 0 56 0 16 0 0 51 0 0 93 0 0 0 5 0 87 0 0 0 0 0 0 29 0 0 13 0 63 8 0 0 0 0 0 0 0 0 0 0 0 71 0 92 0 0 0 0 4 77 0 0 0 0 0 0 34 0 0 0 5 0 2 0 0 0 0 0 97 0 0 0 0 0 0 0 0 0 0 0 0 57
0 0 0 0 0 0 18 0 0 0 0 0 0 15 0 0 0 0 0 0 0 31 0 0 48 0 0 0 0 92 0 0 0 0 0 0 18 0 0 0 0 0 18 89 0 56 0 94 0 22 0 39 0 57 0 0 0 98 0 0 0 0 0 0 0 0 0 0 0 0 0 98 0 44 0 39 0 0 0 0 91 0 0 74 48 0 0 0 0 0 0 0 14 31 0 0 0 0 0 0
0 0 0 56 0 0 0 0 0 0 37 0 0 0 46 55 0 0 0 41 19 0 0 0 54 0 0 0 0 71 0 0 0 0 0 0 15 12 0 34 0 0 0 43 49 0 0 0 0 0 0 0 0 93 0 0 0 43 16 0 0 0 0 0 0 0 0 0 79 80 0 0 0 70 0 97 0 0 0 0 0 0 0 0 0 0 0 0 0 0 0 38 0 0 0 99 99 0 8 0
0 0 0 0 0 56 0 0 41 91 0 0 0 0 0 0 24 0 0 16 0 0 0 0 31 0 0 0 0 0 80 23 0 0 9 47 0 0 0 0 0 0 0 0 0 0 0 0 0 0 0 0 0 0 0 27 0 0 0 0 0 0 0 0 0 0 0 0 0 98 1 0 0 0 0 0 0 0 0 0 0 0 77 82 79 0 0 0 0 0 32 65 64 13 0 0 0 0 0 0
0 0 30 0 0 0 0 0 0 0 0 30 0 0 0 0 0 26 24 0 7 2 0 0 0 21 0 0 0 0 87 0 0 0 0 0 0 25 0 0 0 0 8 0 0 0 1 0 0 0 0 0 0 0 0 18 96 0 0 0 0 0 0 0 0 0 0 0 48 0 29 0 0 4 0 0 0 100 61 14 0 0 0 41 0 0 0 87 0 0 22 51 0 0 0 28 0 0 0 0
0 0 0 13 0 0 0 0 0 0 0 11 0 0 7 0 0 78 61 27 0 0 72 0 83 89 0 0 0 0 0 0 0 9 29 0 0 25 0 0 77 8 0 0 0 0 0 64 0 98 50 79 0 0 0 74 0 0 0 0 0 0 0 54 0 0 68 0 75 0 0 46 85 0 0 0 0 0 63 0 0 0 0 0 0 0 0 0 0 0 0 0 87 0 0 64 50 31 0 0
0 0 73 0 0 0 0 0 40 0 0 0 0 0 19 0 0 0 0 0 54 0 0 0 0 13 0 0 0 0 100 0 9 0 0 0 0 0 0 0 0 0 0 0 13 0 0 96 0 0 0 0 0 94 0 0 0 89 20 0 0 0 0 78 0 0 45 82 0 0 0 0 0 0 60 0 0 0 0 60 0 76 71 0 0 0 27 0 0 0 0 0 0 0 0 0 44 0 0 45
25 0 0 0 0 0 0 0 0 0 0 36 0 0 51 0 0 61 0 0 0 38 0 0 97 0 0 0 23 7 33 71 0 32 0 0 73 0 0 2 55 0 0 35 11 0 0 38 0 0 0 0 0 0 0 100 0 0 0 0 0 63 0 0 55 0 57 0 0 0 0 0 0 0 78 28 0 0 0 0 0 0 0 0 96 0 0 10 0 0 0 0 71 0 17 1 0 0 0 0
0 64 0 0 0 0 0 0 0 0 0 0 0 0 0 0 43 59 0 0 36 0 0 0 4 0 0 83 0 76 56 0 0 0 45 0 0 0 0 0 0 0 0 55 0 0 0 0 0 0 0 0 0 11 0 0 0 0 0 0 0 17 54 0 0 0 0 0 0 0 33 0 0 0 6 78 0 0 0 32 0 0 0 0 0 0 0 0 0 0 0 37 0 0 0 82 0 0 0 0
0 36 21 0 21 0 0 0 0 0 0 0 0 0 0 0 92 17 0 0 11 0 49 0 88 0 0 78 0 0 59 0 0 0 0 0 0 0 0 58 0 88 0 0 0 0 0 0 0 0 0 0 0 0 0 0 0 0 8 0 95 14 17 96 78 73 2 0 61 19 83 0 0 0 0 62 0 0 0 0 0 0 95 0 12 0 0 0 78 0 0 100 0 0 0 0 0 86 0 15
33 0 99 43 100 0 0 0 0 83 0 0 0 0 0 0 45 0 0 0 0 0 0 0 0 0 0 0 0 0 88 0 0 0 0 0 27 0 0 0 34 0 0 0 0 0 0 0 0 0 0 16 5 13 13 0 0 0 0 0 0 0 0 0 0 0 44 0 68 0 0 0 0 0 0 81 0 44 81 0 0 0 0 25 0 0 0 11 42 0 83 64 0 96 0 0 0 88 12 0
0 0 0 0 0 0 0 91 0 0 0 0 0 0 0 88 0 56 0 0 0 0 0 0 0 0 0 0 0 0 0 0 2 0 0 82 0 43 53 0 0 10 0 0 0 0 0 0 0 25 27 0 40 53 0 0 0 33 0 0 0 57 56 68 0 0 0 0 0 0 0 0 57 44 0 0 0 6 96 96 0 38 0 0 0 0 0 0 0 0 100 79 0 0 0 0 0 0 0 24
0 0 0 0 0 0 0 32 82 0 6 0 0 0 0 0 0 39 0 0 47 0 42 0 0 0 0 0 0 0 0 0 2 0 0 0 0 0 71 0 0 0 0 0 0 44 0 0 0 32 0 0 0 0 0 0 0 0 94 0 0 0 0 40 0 0 0 0 94 0 0 0 0 0 0 0 0 0 0 0 0 100 0 0 0 0 0 0 0 6 0 0 0 0 0 0 0 0 0 0
0 0 0 0 0 0 91 0 0 0 0 0 0 0 0 0 0 0 66 0 0 0 0 0 0 0 0 0 0 0 0 0 0 77 0 0 0 45 0 0 0 99 0 0 0 0 0 0 0 0 0 0 0 0 79 0 69 61 55 12 0 8 0 0 40 0 0 48 0 0 0 0 0 17 0 2 0 0 29 0 0 0 89 0 0 0 0 92 0 0 12 0 0 0 0 0 0 87 0 0
6 0 0 0 79 0 0 0 0 0 22 0 84 0 0 11 83 0 0 44 0 0 0 0 69 41 58 0 0 0 0 4 0 0 0 0 0 0 69 90 0 0 0 0 0 0 0 0 0 0 35 0 27 0 0 0 0 0 0 19 40 0 0 73 0 37 64 55 0 0 0 0 0 58 0 0 0 0 0 0 0 0 0 71 0 0 0 57 1 0 0 0 0 0 0 0 0 16 0 0
0 0 0 87 0 0 0 0 0 0 0 0 0 0 57 0 0 0 0 0 0 0 0 0 57 0 0 20 0 0 0 0 0 0 0 64 0 60 0 0 0 0 74 0 0 0 0 0 0 24 0 0 0 0 0 0 0 0 0 0 0 77 49 11 0 0 0 11 67 0 0 0 0 0 0 50 76 0 0 0 0 0 0 0 71 0 91 0 0 0 0 39 0 0 8 0 40 0 0 0
42 22 69 0 0 0 0 0 0 0 67 43 0 0 0 0 0 0 0 75 0 59 0 0 0 0 0 0 0 45 0 10 0 0 0 0 80 0 0 0 78 0 45 0 27 0 0 0 0 0 0 55 22 28 0 16 70 0 0 0 0 0 32 0 0 68 20 0 0 0 0 20 11 12 51 0 0 0 0 0 0 0 0 66 0 0 65 0 0 95 0 0 0 0 91 96 0 0 56 0
5 90 0 36 0 0 0 0 0 84 0 0 0 0 0 97 0 0 0 92 0 0 7 0 0 0 0 83 79 0 0 89 27 0 69 0 51 0 0 6 5 0 87 0 0 0 0 49 0 0 0 0 94 0 97 7 0 0 0 15 0 0 0 0 3 0 0 10 0 0 28 0 0 0 0 0 0 0 30 0 66 0 0 0 0 0 0 0 0 0 0 0 0 0 0 0 0 84 0 0
0 0 0 23 12 0 25 73 0 77 0 0 26 15 45 0 0 34 0 0 0 0 0 0 0 0 0 38 0 0 0 0 74 0 0 0 0 0 0 0 0 0 19 0 0 0 74 0 10 0 0 36 42 0 0 0 3 82 0 0 0 0 0 0 0 0 100 0 0 0 0 0 0 1 0 89 0 77 0 0 0 91 98 6 30 49 0 0 0 0 0 54 0 0 31 0 0 0 45 44
0 38 61 7 0 15 0 0 0 0 0 0 14 0 0 65 0 0 0 0 35 1 0 98 0 79 0 0 0 0 0 0 0 0 69 82 7 0 0 0 96 0 0 0 0 0 20 0 0 0 0 32 45 0 0 0 0 0 0 0 12 0 6 0 0 38 0 15 0 72 0 36 0 0 0 0 32 0 0 0 0 0 0 0 0 0 0 0 0 0 0 0 0 29 0 48 0 0 47 0
0 0 20 0 4 70 87 67 7 0 0 55 0 0 0 0 60 0 0 0 0 0 0 0 15 0 68 0 0 0 0 15 0 0 2 26 33 0 13 0 0 0 0 0 0 0 0 0 95 43 0 0 0 0 0 27 100 59 0 0 0 0 0 0 49 70 0 84 0 39 32 0 0 0 0 0 0 0 0 0 0 0 0 0 63 28 38 0 0 0 23 0 0 0 0 14 0 0 0 20
97 0 0 13 0 63 0 0 0 0 19 0 0 0 0 0 37 0 0 32 0 0 0 0 0 58 0 0 37 0 0 0 0 0 0 0 0 43 34 0 0 0 0 0 55 0 0 0 0 31 0 0 76 0 0 0 100 0 0 79 0 0 0 0 0 0 0 53 0 0 0 0 0 0 0 36 0 47 0 0 0 0 0 0 47 0 0 0 0 100 0 0 0 52 0 0 32 0 17 0
0 45 0 0 0 0 81 0 0 0 0 0 21 0 84 0 87 0 0 98 0 0 0 0 0 92 0 0 0 0 0 0 0 0 100 0 0 0 0 15 0 0 0 0 0 0 0 96 0 0 28 0 0 0 66 0 0 0 0 0 84 0 0 89 0 0 47 0 0 0 0 90 15 0 0 0 77 0 0 82 0 0 0 0 0 0 0 79 0 0 61 0 0 0 0 0 81 0 0 0
0 23 0 0 0 0 0 0 0 0 0 0 0 0 0 0 0 91 0 0 0 0 0 0 52 0 0 0 0 69 0 0 0 14 0 0 0 0 0 0 0 0 0 0 93 0 81 41 0 0 0 0 0 0 100 69 26 0 0 0 0 0 0 0 85 0 0 0 0 0 0 72 0 0 0 0 0 0 0 38 2 0 0 0 0 0 0 19 0 16 0 0 0 0 46 0 47 0 0 0
0 0 0 16 62 0 7 0 0 0 0 0 0 51 0 0 0 0 27 0 63 0 0 52 0 0 73 63 0 0 0 55 0 0 45 0 0 0 0 1 0 0 0 0 0 0 0 0 0 0 0 0 0 0 0 64 0 0 0 74 0 0 0 0 31 0 79 0 0 0 0 61 0 44 26 0 0 0 0 0 94 0 0 66 0 0 0 31 0 0 42 0 90 0 0 0 26 0 0 0
53 0 2 38 43 0 0 0 18 16 0 95 0 0 79 0 0 0 0 0 90 59 92 0 8 0 0 0 0 0 0 0 0 0 0 20 0 0 0 0 0 0 96 0 0 65 0 75 0 0 0 0 0 16 0 0 0 9 23 0 0 41 0 0 0 0 0 0 0 0 92 0 49 80 66 0 0 0 0 0 0 0 0 0 88 60 38 27 42 70 0 0 0 0 0 0 41 44 0 0
89 73 55 0 0 89 0 0 0 0 0 17 0 77 0 0 0 0 99 2 0 0 0 0 99 0 0 0 0 0 0 0 82 0 0 42 0 0 46 0 0 71 0 0 0 0 0 0 98 12 0 0 0 0 0 0 0 0 46 94 55 0 0 92 0 0 0 0 0 0 15 0 0 0 32 6 0 0 0 37 0 84 57 0 34 0 0 7 0 40 0 0 0 0 0 0 0 48 0 0
23 0 0 78 0 0 0 0 0 0 0 0 0 84 0 0 0 0 0 43 6 7 92 0 97 0 0 0 0 0 0 0 0 0 2 0 5 42 0 0 0 0 0 0 0 0 70 0 0 86 89 0 10 75 57 0 52 0 48 90 0 0 7 0 0 0 0 65 0 0 38 56 0 0 0 22 100 20 27 64 0 0 2 0 0 0 0 0 0 50 81 18 0 30 0 0 54 0 69 0
0 0 0 63 0 0 0 0 64 0 23 0 0 0 0 0 0 0 0 0 0 0 14 68 0 0 0 0 0 0 0 0 0 0 0 0 0 0 0 0 0 74 0 0 0 0 0 0 0 0 0 23 56 71 0 0 71 0 17 0 0 99 55 0 27 7 0 0 0 22 0 0 82 0 0 0 0 0 0 0 0 0 24 23 96 0 6 0 0 0 0 0 64 0 0 17 0 0 0 0
26 0 82 0 20 0 0 26 0 0 0 0 80 0 23 0 0 42 65 0 0 50 0 0 84 49 0 0 0 0 0 0 0 0 0 0 0 0 0 0 0 0 0 0 0 0 14 0 0 0 0 0 0 45 0 0 0 0 0 0 0 0 0 0 0 0 0 0 0 0 0 0 0 0 86 9 0 0 48 0 57 21 0 58 0 0 90 53 55 0 0 0 0 0 0 84 56 0 0 0
73 0 0 0 0 0 0 0 0 0 0 0 0 81 0 0 0 0 75 18 0 0 0 0 60 0 27 0 0 0 0 76 0 0 0 38 40 57 76 67 0 60 0 0 0 0 0 0 76 0 0 0 0 0 11 59 63 0 7 0 0 0 58 0 0 0 31 77 0 0 0 0 0 0 0 0 0 0 40 0 0 0 90 46 0 0 0 0 0 0 0 45 0 0 0 0 14 0 0 84
70 0 0 0 0 0 0 31 0 0 45 0 0 25 10 0 0 0 0 81 0 0 0 0 0 63 0 0 49 0 0 0 73 0 0 68 0 0 0 0 0 73 13 40 0 0 0 0 0 6 0 63 0 0 0 0 0 0 49 0 19 0 0 0 0 0 0 65 0 10 0 0 0 0 0 18 0 0 0 78 39 0 0 0 31 0 80 59 0 48 0 0 0 19 0 0 0 0 0 0
74 33 0 0 0 0 0 0 0 0 0 64 0 57 0 91 0 92 8 0 37 0 0 33 0 0 0 0 68 0 0 88 0 36 0 0 0 0 0 0 23 0 0 0 0 0 0 0 0 0 0 0 0 0 0 0 0 0 0 0 0 0 0 0 0 0 0 0 23 39 0 0 0 0 0 0 0 0 0 0 34 0 0 75 14 56 0 0 0 0 87 0 0 13 0 0 0 0 0 0
0 94 66 0 0 0 23 0 0 0 41 0 0 62 0 58 0 0 73 98 0 0 0 71 0 37 0 0 0 91 91 0 23 0 0 68 0 0 0 10 48 0 0 49 10 0 0 0 75 6 0 0 0 0 0 0 0 93 0 0 54 0 29 0 77 0 0 0 3 0 0 16 62 2 0 0 0 88 0 0 0 0 0 0 0 66 0 0 0 0 0 0 0 54 35 0 94 0 0 0
0 75 0 33 0 0 11 0 0 0 18 0 0 0 0 0 49 0 0 0 0 0 0 28 0 50 0 0 0 9 0 0 82 0 0 0 0 0 34 97 0 0 24 0 4 41 86 0 0 75 30 17 0 0 0 0 0 0 0 0 0 0 0 0 0 54 0 0 57 0 0 0 0 10 0 0 0 0 90 0 0 0 84 0 0 0 25 97 41 0 62 0 0 0 0 63 82 0 0 0
0 0 0 19 0 0 0 0 0 97 0 80 0 0 0 0 0 0 0 0 0 0 0 0 31 0 6 0 0 0 89 0 0 69 0 0 68 5 0 100 0 0 0 4 0 0 0 0 0 40 0 0 0 0 26 85 0 0 68 0 0 0 0 0 0 0 0 0 0 0 0 33 0 0 34 89 0 0 0 0 0 0 56 0 0 0 0 0 73 0 0 37 0 78 0 0 0 0 0 0
0 0 0 0 0 87 0 0 17 0 0 0 0 0 0 19 0 11 62 0 0 70 0 0 0 0 0 0 19 0 0 0 39 0 0 0 0 0 89 94 0 0 61 83 0 67 0 0 0 72 0 0 0 30 0 0 0 0 0 0 17 0 0 0 0 0 0 38 0 0 0 8 0 0 91 100 0 0 0 48 34 0 0 0 94 0 0 0 0 0 0 0 0 0 0 0 0 0 0 0
11 0 0 0 0 0 17 0 14 0 0 0 0 0 52 43 0 0 19 0 40 26 0 0 0 0 0 70 1 0 0 0 0 0 0 28 0 0 0 83 0 6 0 54 33 25 0 0 0 1 0 78 0 79 65 0 0 0 0 0 89 0 0 0 0 0 39 19 0 0 0 0 0 0 0 0 0 0 0 88 0 0 57 0 0 95 0 0 0 0 0 0 0 3 0 0 0 0 5 0
0 0 0 0 78 0 0 0 0 0 0 0 61 0 53 0 0 18 0 0 0 0 0 0 0 0 0 0 0 0 44 0 0 39 0 0 0 0 0 2 0 0 0 68 0 31 7 19 0 0 0 80 0 0 0 0 0 67 0 5 0 0 0 0 0 0 0 0 40 0 57 0 6 0 0 0 0 0 0 0 0 0 0 0 0 0 0 0 0 0 27 0 0 0 0 0 0 57 0 0
82 0 0 0 0 41 0 58 100 0 0 0 74 0 0 100 13 0 51 8 90 0 0 0 25 76 0 9 0 0 0 0 0 0 0 0 0 0 0 0 0 27 0 14 0 0 80 0 0 0 59 33 0 0 0 0 0 0 0 0 26 0 0 96 0 10 0 0 37 0 0 50 0 86 26 99 73 0 0 0 0 0 0 0 0 0 74 36 0 12 77 0 0 0 0 0 94 0 0 16
49 0 0 0 0 0 0 0 86 81 49 0 0 0 0 5 43 0 42 0 0 0 0 0 0 0 0 23 0 0 0 0 84 0 0 0 0 0 72 0 0 0 0 38 0 95 0 0 0 0 19 0 0 0 0 0 0 42 77 0 52 0 0 0 0 0 0 84 0 0 0 0 0 99 0 0 0 0 96 0 0 0 0 13 53 0 0 0 98 0 0 0 0 86 0 6 0 0 7 0
0 71 0 0 0 47 0 30 0 0 0 34 0 0 0 12 0 0 0 0 94 70 56 0 0 0 0 0 65 0 0 0 0 85 22 70 14 0 73 0 0 0 55 0 17 0 0 0 0 95 0 0 0 83 0 0 39 0 0 30 0 83 0 0 0 0 51 70 0 55 0 50 0 0 0 0 0 0 0 47 0 0 0 0 0 0 0 0 0 0 74 0 54 0 36 0 0 0 0 13
0 35 0 0 0 61 17 0 0 0 0 43 0 48 0 0 0 10 0 55 0 29 58 50 0 0 0 0 34 0 0 26 0 45 0 0 0 49 97 0 37 0 0 88 0 0 0 65 0 0 6 24 0 45 95 0 0 98 0 0 0 0 0 0 83 0 0 0 0 0 0 0 0 0 0 0 12 31 0 0 0 0 0 0 16 0 46 0 0 0 0 0 34 76 0 0 0 0 0 57
0 89 0 12 0 0 49 0 0 0 0 0 0 8 75 0 0 20 0 43 0 0 0 0 0 0 47 0 0 18 0 0 0 0 0 0 0 72 0 0 0 0 0 0 0 0 49 44 0 17 0 0 0 0 0 0 0 0 0 0 0 0 0 3 0 89 0 0 0 68 23 0 0 0 0 0 0 82 0 0 0 0 0 0 65 0 0 0 0 0 0 0 0 0 0 2 0 0 0 0
0 0 0 0 0 0 0 0 0 0 0 0 70 0 9 77 0 0 0 0 0 0 0 0 0 0 0 0 0 36 68 16 0 89 0 0 0 0 0 0 0 0 51 0 0 0 15 0 0 0 0 0 0 0 0 8 0 0 76 0 0 3 0 0 49 65 98 20 0 0 0 0 0 73 0 0 0 0 0 17 0 93 0 0 0 85 0 0 66 0 0 0 0 0 0 0 0 0 0 6
0 11 0 0 2 43 0 0 0 87 0 0 0 0 0 0 0 0 0 0 0 0 0 57 32 0 32 0 0 0 0 0 0 59 33 0 0 0 0 30 0 77 0 0 0 0 0 0 68 57 0 0 97 0 0 0 0 0 0 48 0 0 0 0 0 0 92 0 0 0 0 0 21 0 0 0 0 0 0 0 0 0 80 0 0 0 25 0 0 0 0 0 0 0 0 69 99 0 0 0
0 0 16 0 95 0 0 8 15 46 0 0 0 0 0 53 27 0 0 0 31 0 0 0 0 71 12 0 0 0 0 16 0 0 39 54 71 0 69 0 0 65 0 0 0 33 0 0 0 0 54 0 77 0 48 25 20 16 0 0 78 86 87 0 80 0 0 0 0 0 0 0 0 22 0 0 13 0 20 63 0 0 0 0 0 53 61 18 0 0 0 0 0 0 0 0 0 61 0 0
86 7 0 90 91 1 0 0 0 0 0 0 0 0 0 0 0 0 52 20 7 0 0 51 0 0 0 0 0 0 0 0 0 99 0 0 0 0 0 19 0 0 0 0 25 0 0 0 5 15 0 0 0 0 59 31 34 26 0 0 0 0 0 0 24 0 0 0 0 0 0 0 80 0 0 76 48 0 94 64 97 0 0 23 0 13 0 0 0 0 67 0 0 0 0 26 75 0 0 0
0 0 7 44 0 0 0 0 0 85 75 0 24 24 42 0 0 0 0 0 0 0 0 0 0 0 97 0 0 0 0 58 0 0 6 0 0 0 0 0 0 0 21 0 0 0 5 0 0 46 25 0 0 0 0 0 0 67 0 83 0 67 0 0 0 0 80 39 0 47 0 0 11 0 57 0 0 0 0 0 0 0 0 74 0 14 0 61 0 0 0 0 0 0 5 65 76 52 0 0
0 70 16 0 0 0 0 0 0 0 0 0 0 0 0 0 0 0 0 0 84 0 0 0 0 0 51 0 0 45 36 0 37 0 0 0 0 0 0 36 0 0 0 0 0 0 47 0 0 0 84 0 0 0 0 0 55 29 0 76 0 0 9 0 0 0 0 0 0 0 0 0 0 0 0 0 8 0 0 0 0 0 0 0 8 0 0 0 35 0 0 0 97 39 0 0 0 0 0 99
0 0 85 83 0 0 84 0 0 0 0 8 0 0 0 1 0 0 0 0 0 19 0 0 0 0 99 0 0 0 0 0 0 62 35 0 0 0 0 0 0 87 64 0 23 0 0 0 0 93 0 0 0 94 0 0 0 66 0 25 0 0 0 75 0 14 80 0 20 0 25 64 55 0 0 0 89 0 0 0 56 0 79 0 65 0 51 0 96 60 0 0 0 0 0 0 0 0 0 30
0 0 41 0 23 0 0 70 1 0 0 0 0 0 0 0 0 100 0 7 0 0 0 0 0 0 0 0 57 97 0 13 0 0 0 0 0 62 0 0 0 0 0 0 97 0 30 0 0 0 90 0 0 0 28 0 21 0 0 0 0 12 0 7 0 0 35 0 0 0 0 0 0 0 0 27 54 61 0 64 0 78 18 34 35 0 6 98 0 0 32 0 0 37 15 0 0 0 0 9
0 0 0 0 0 0 0 0 0 58 78 0 0 0 0 44 0 0 0 43 0 0 0 0 0 0 0 0 0 85 0 0 0 0 0 0 0 16 0 15 9 97 0 49 0 0 0 72 90 86 0 0 0 58 0 0 41 99 0 0 93 0 82 0 0 0 44 0 0 0 0 0 0 100 0 0 70 0 0 0 92 0 0 0 0 0 0 33 0 50 79 51 0 0 0 0 58 0 0 92
63 0 0 0 0 0 0 0 0 0 84 3 0 0 0 44 41 0 0 82 0 99 11 0 58 0 55 0 0 0 0 0 0 0 0 0 46 0 0 0 0 90 0 0 50 5 0 79 0 0 0 0 0 0 0 0 0 7 99 0 64 0 0 0 0 0 0 0 0 0 0 0 0 0 0 0 0 0 93 0 0 0 95 0 97 10 59 99 71 0 0 0 68 0 73 0 0 0 0 0
0 0 0 0 0 0 0 17 0 0 16 22 0 0 0 13 0 0 0 35 36 0 0 0 88 0 0 61 0 0 0 0 0 0 0 0 0 0 0 0 16 0 0 0 81 0 0 0 0 0 0 0 52 0 0 0 54 59 0 14 0 0 0 0 0 0 40 62 35 0 0 0 18 0 0 0 0 0 0 0 0 0 0 0 6 56 0 0 9 0 0 0 0 0 0 0 0 0 0 0
0 0 0 2 0 0 15 0 0 0 24 0 0 73 0 0 0 0 0 0 0 0 29 9 0 0 2 0 0 0 0 0 0 0 0 31 0 0 48 92 54 0 0 19 0 54 0 0 0 0 20 0 0 0 53 0 0 0 0 4 0 96 0 0 0 0 0 0 81 0 3 0 0 12 0 65 18 0 0 0 0 0 0 47 0 0 0 0 0 0 0 0 28 0 0 95 55 0 0 0
0 64 87 0 0 0 98 97 0 0 0 0 0 100 59 0 0 0 0 0 0 0 0 0 0 0 46 32 0 92 0 35 0 0 40 0 0 0 0 62 0 0 0 0 0 0 0 38 38 95 0 19 0 0 55 0 0 29 45 0 0 35 0 0 19 0 96 89 0 0 0 53 0 0 0 0 0 0 0 0 37 0 43 0 0 0 7 0 0 0 41 0 77 0 0 59 0 0 0 0
0 25 86 0 0 15 0 0 71 0 58 0 0 0 0 0 0 81 0 0 86 0 0 0 0 0 0 52 0 0 0 0 0 1 0 0 0 0 0 0 84 0 0 0 0 0 0 0 0 0 0 0 13 0 45 0 40 0 0 87 0 0 0 0 0 0 0 0 0 44 0 0 0 0 0 0 0 62 0 56 58 0 0 0 0 0 0 80 0 0 0 0 0 0 0 0 0 0 0 0
0 14 0 0 0 0 0 0 0 0 0 1 0 0 0 0 27 84 49 96 0 0 74 20 0 74 0 0 0 0 0 0 0 4 0 86 97 97 0 21 33 57 0 0 18 0 0 0 0 0 0 21 98 0 0 79 0 0 0 0 80 0 0 0 0 0 61 0 0 0 0 3 44 73 0 0 0 59 0 16 0 0 0 0 0 0 0 84 0 10 0 31 0 0 0 0 0 0 0 85
66 0 0 0 0 10 15 0 0 0 50 94 0 0 0 54 0 0 0 0 0 0 85 0 0 0 0 42 53 0 49 77 0 0 0 63 0 0 0 0 0 0 0 0 50 64 0 5 77 0 0 0 0 0 84 0 0 0 34 0 0 0 0 47 0 0 0 0 60 0 71 0 0 61 100 0 0 0 0 0 94 0 0 0 70 0 0 0 30 0 0 0 80 0 0 0 0 32 0 92
0 0 74 0 63 0 1 0 58 0 95 0 0 0 0 0 0 0 0 0 0 0 67 47 0 0 0 56 0 0 0 0 0 0 0 0 0 15 0 0 0 0 0 0 0 0 54 0 92 0 56 0 0 0 0 0 0 0 0 0 0 0 0 6 0 0 41 89 0 0 0 73 0 8 0 0 0 99 0 0 0 0 0 0 0 0 0 0 62 21 0 0 0 45 0 0 0 0 0 0
82 19 26 19 0 66 0 0 31 0 0 0 43 0 41 0 0 1 0 0 0 0 0 0 0 0 0 0 52 0 0 0 21 0 65 0 38 61 0 0 0 6 36 0 0 0 0 0 0 0 88 0 0 22 0 0 0 0 0 0 46 0 0 98 0 0 0 0 0 0 74 0 0 3 0 0 0 53 0 0 18 0 0 0 0 0 2 0 0 95 0 0 0 0 0 0 0 0 92 0
55 0 0 81 96 0 0 0 4 0 0 0 0 39 2 0 0 0 0 0 46 0 71 23 0 0 0 94 0 0 0 0 0 63 0 0 0 0 0 3 96 0 0 13 0 0 30 0 0 0 0 0 0 0 0 0 0 0 97 0 0 0 0 0 0 0 0 0 0 0 92 0 0 0 0 0 0 0 92 5 0 20 0 0 52 28 0 0 0 0 0 0 0 24 0 0 0 0 0 52
34 0 0 0 0 0 0 0 0 0 92 0 92 0 30 0 40 0 0 0 0 0 0 0 0 0 34 76 0 0 75 0 0 0 0 0 0 0 0 0 0 0 0 0 0 68 0 42 0 0 0 0 6 0 8 0 0 5 0 0 0 0 0 0 0 0 0 55 0 1 0 0 26 82 23 0 72 0 0 20 0 0 0 0 90 0 0 0 0 0 0 0 0 5 0 0 0 0 2 0
10 0 0 25 28 0 0 59 0 0 0 0 0 0 0 0 0 0 0 0 75 0 0 31 0 0 80 88 0 0 0 0 0 0 0 0 75 0 0 0 0 0 0 89 58 98 0 14 0 0 95 0 0 0 0 93 0 0 32 0 0 0 0 0 0 0 0 0 0 0 56 0 0 0 0 0 0 0 0 60 0 0 0 0 0 0 0 99 0 67 0 0 52 72 0 11 0 0 0 0
54 0 78 0 0 0 0 75 0 0 0 92 0 33 0 0 0 22 97 45 0 94 0 0 18 0 0 0 0 68 0 0 0 0 0 0 89 82 0 0 0 0 0 0 40 0 0 47 0 0 28 28 3 0 0 52 0 73 62 0 0 0 73 50 0 0 0 0 0 90 0 0 0 0 0 0 0 0 0 98 0 0 0 0 0 0 14 68 0 0 87 0 0 78 0 0 91 0 0 5
0 36 0 77 0 0 0 0 9 0 0 0 0 81 0 0 0 0 0 1 0 0 0 0 33 0 30 0 0 71 0 0 0 4 0 14 0 0 0 93 0 0 0 0 13 0 0 61 0 0 0 0 33 0 92 22 0 0 0 0 81 0 0 0 0 13 0 0 0 0 0 0 0 0 0 0 0 0 0 0 49 64 0 0 14 0 0 0 0 0 0 0 0 77 0 26 0 61 90 0
0 0 0 0 0 0 0 45 0 0 0 0 72 100 0 0 0 0 0 0 0 44 0 0 0 0 0 0 0 0 21 4 0 0 99 0 0 0 0 56 0 0 0 16 0 0 0 0 0 78 33 67 85 0 0 0 32 0 62 0 0 0 0 0 5 0 0 0 0 90 0 0 0 30 0 0 0 0 0 0 0 0 0 0 0 0 0 0 40 0 0 43 0 0 0 0 92 0 0 60
88 0 0 0 65 10 91 31 0 0 50 0 0 69 0 0 0 0 45 90 0 62 0 0 0 0 0 0 0 0 0 88 18 0 0 0 62 0 0 0 0 0 56 99 0 94 0 0 0 0 0 0 63 0 0 56 0 0 0 0 0 0 0 0 0 0 0 0 0 0 0 0 0 0 0 76 30 0 0 0 0 0 0 0 0 0 0 0 42 0 0 0 0 0 0 71 3 0 14 0
0 0 0 0 0 0 0 0 0 0 0 0 0 0 0 0 0 0 0 28 0 0 0 87 0 10 0 38 0 0 0 0 0 0 0 0 0 0 83 0 0 25 0 0 0 0 0 0 0 0 96 22 0 61 59 0 0 99 0 19 0 0 0 0 0 0 0 0 0 0 25 0 0 0 0 0 0 0 0 0 35 0 0 0 0 33 0 0 0 0 0 0 79 0 0 0 0 0 0 0
0 0 0 0 0 0 26 0 38 0 0 86 0 0 0 0 0 0 0 0 80 0 0 59 0 0 0 0 0 0 57 0 97 0 0 0 0 93 0 43 89 32 42 0 89 0 0 0 0 0 52 0 7 0 0 0 0 0 0 43 0 0 0 0 0 81 0 96 0 0 0 0 0 10 0 51 0 0 0 4 0 0 0 0 0 0 0 0 22 0 0 0 0 75 85 0 0 0 19 0
15 7 0 67 0 0 0 51 0 0 92 0 0 0 50 0 0 0 0 0 0 0 0 0 0 0 56 0 0 0 0 26 0 0 0 0 14 96 0 0 0 0 0 0 0 0 0 0 0 80 0 0 0 87 78 0 0 0 0 0 0 0 0 4 0 0 0 0 0 0 86 0 0 64 24 0 0 39 0 14 0 56 0 0 0 0 0 64 0 0 0 0 0 0 0 0 0 0 0 0
61 39 0 0 0 0 0 0 0 0 25 97 0 0 0 0 18 0 0 68 3 0 10 0 0 0 0 0 0 0 0 42 0 0 0 0 21 0 0 0 0 57 97 0 0 0 0 90 0 0 0 0 0 0 0 0 0 25 0 0 0 95 24 0 0 57 0 0 0 0 0 0 0 0 0 0 0 0 0 96 0 0 0 86 0 0 0 0 83 25 88 90 0 0 0 0 27 0 0 0
0 72 0 0 0 0 34 0 80 0 0 0 0 0 0 8 0 0 0 0 0 14 4 0 0 0 0 95 0 0 85 0 0 84 0 67 0 97 26 59 0 0 0 0 0 82 0 0 0 92 0 83 0 0 0 0 0 0 0 0 0 69 0 19 0 0 0 100 0 0 0 0 0 0 0 0 69 93 0 0 98 0 40 0 0 0 0 0 0 0 0 0 0 0 0 0 82 0 0 0
0 0 0 27 0 0 0 0 0 0 0 62 0 0 0 60 0 0 0 0 25 0 0 0 48 0 0 0 3 0 0 0 0 0 0 64 0 0 0 12 0 0 0 0 0 0 0 0 0 0 0 0 0 0 0 0 0 0 0 0 0 0 32 0 87 0 0 0 0 0 0 52 0 0 0 0 0 0 0 0 0 0 52 97 0 0 0 0 0 0 0 78 0 0 0 62 7 0 67 0
0 0 0 0 0 0 0 85 0 31 0 0 0 0 0 0 61 0 0 0 0 0 95 0 0 0 0 0 0 0 0 0 77 81 88 0 0 0 0 0 0 0 0 17 0 33 0 5 0 0 0 94 0 0 0 0 0 0 0 0 0 0 0 9 0 0 47 0 25 0 0 0 0 0 0 0 82 0 0 0 77 0 80 58 0 0 17 0 0 0 0 91 0 0 0 18 0 0 0 0
68 0 0 78 21 0 23 0 0 0 0 0 49 0 52 0 0 86 0 0 3 0 0 0 0 0 0 4 0 67 0 0 48 0 57 44 0 0 0 0 0 0 0 0 0 0 0 48 0 0 37 0 52 0 36 14 0 0 0 0 77 0 39 0 0 0 0 0 0 0 65 0 0 0 0 0 0 0 0 0 0 0 0 0 14 0 0 0 0 0 0 0 0 0 0 86 0 0 96 91
61 96 55 0 0 0 0 0 0 0 0 10 0 39 0 0 42 0 0 0 0 0 0 0 13 0 40 0 0 0 0 0 0 0 0 40 0 45 0 68 0 0 9 0 0 0 0 3 0 32 0 0 0 0 0 0 84 0 0 0 0 21 0 0 0 28 0 0 0 0 0 0 6 77 0 0 23 0 0 0 0 0 85 98 0 78 0 0 0 0 0 0 0 0 0 0 0 0 54 21
53 0 0 0 0 0 0 0 43 0 12 0 0 0 0 0 43 0 0 0 0 0 0 0 0 0 0 0 0 0 60 0 78 0 0 46 0 0 0 0 0 0 0 0 76 0 0 80 0 0 0 65 0 69 0 0 0 0 0 56 0 0 0 25 0 0 0 0 0 0 0 0 0 52 0 0 0 11 0 24 0 46 0 0 0 8 38 0 0 2 41 0 0 0 92 55 27 0 0 0
40 0 26 0 0 0 0 6 0 0 0 0 0 0 0 0 0 98 0 0 0 0 0 0 0 0 0 0 72 0 11 0 0 0 0 0 0 0 0 0 0 0 0 0 22 35 13 0 0 0 0 27 0 0 0 0 78 0 0 0 27 0 0 0 0 41 72 0 0 74 0 0 0 0 6 0 54 0 0 0 0 0 0 0 0 0 0 85 0 0 20 0 0 0 0 0 81 0 0 0
0 82 0 24 0 0 66 0 0 21 0 0 0 22 0 0 71 0 0 0 0 0 0 0 96 0 0 0 78 0 0 84 6 22 0 0 0 0 0 0 0 0 0 0 0 53 0 0 32 0 0 0 97 0 0 43 0 0 32 0 0 0 0 0 0 99 83 0 0 0 0 0 0 0 18 0 0 0 59 0 0 0 68 0 0 0 0 0 0 0 0 0 0 0 0 0 0 0 0 0
0 0 0 0 92 0 0 0 77 0 79 0 0 0 0 44 0 0 88 53 76 0 0 0 7 0 0 51 0 0 0 74 0 0 0 0 0 0 0 0 0 0 0 0 0 0 0 0 0 0 0 0 0 59 0 0 0 3 0 0 62 26 0 0 0 0 0 0 0 67 0 0 0 0 22 0 0 0 0 0 54 0 0 0 0 0 0 0 0 0 0 0 0 0 89 2 0 0 0 0
0 0 27 71 0 43 0 0 0 0 90 14 0 0 0 95 0 0 70 0 0 0 0 0 0 0 92 0 0 0 0 0 89 0 0 65 0 0 0 0 0 0 0 0 0 0 0 53 0 0 0 0 0 98 0 0 19 0 66 0 0 0 0 0 0 0 41 25 0 0 0 0 0 0 0 0 0 0 0 0 0 0 0 0 0 0 0 0 0 97 0 17 0 19 0 0 0 80 0 73
34 46 18 0 0 9 0 0 0 66 0 18 0 0 0 90 0 0 0 0 0 0 0 0 0 0 0 0 80 58 0 0 81 0 6 0 0 0 0 0 86 0 0 0 0 96 0 46 0 0 0 0 0 0 0 0 20 62 0 0 0 0 0 47 0 11 0 0 0 0 0 0 19 0 81 0 0 0 0 0 0 0 41 0 69 0 0 0 0 0 0 0 0 67 0 0 0 40 0 0
0 0 77 0 0 0 0 0 12 30 0 0 0 0 0 0 81 1 0 55 79 0 65 52 59 0 0 0 0 63 0 52 0 0 0 0 0 0 0 0 0 0 0 0 24 57 88 0 0 0 30 84 0 0 0 91 0 0 0 47 0 33 0 62 0 0 0 0 77 0 0 12 0 0 0 0 0 0 0 0 0 0 0 36 0 0 0 0 0 0 0 82 0 66 0 53 0 29 0 25
47 0 0 0 94 0 0 66 0 0 0 0 40 87 0 0 0 0 0 0 0 0 100 0 0 0 0 63 71 0 0 0 94 0 0 0 0 29 0 0 70 25 0 0 0 24 0 83 0 0 0 0 0 7 0 0 0 0 76 0 59 0 19 0 0 0 0 0 41 0 0 0 0 60 90 40 0 0 0 0 0 0 0 0 0 0 0 0 0 0 0 0 0 0 0 0 0 0 0 42
0 0 0 0 0 0 0 0 0 0 12 0 55 0 81 0 4 0 31 0 84 0 0 0 0 0 0 0 0 33 0 0 0 38 0 0 0 0 0 0 0 0 0 0 17 0 0 0 0 0 0 21 0 44 0 0 94 0 0 0 0 0 0 0 0 57 0 6 85 0 39 0 0 0 0 0 0 0 0 0 42 0 0 0 0 0 0 0 0 0 0 0 24 0 0 0 0 0 0 0
0 92 0 0 0 0 0 0 0 0 0 0 0 78 0 31 0 3 0 0 0 0 0 0 0 0 0 0 47 0 61 0 46 0 0 12 0 0 0 0 0 0 0 0 0 0 0 0 0 0 0 0 41 0 53 98 0 0 0 0 0 0 0 0 0 37 65 0 12 0 0 0 0 0 66 58 0 0 0 0 0 0 64 81 0 0 0 0 0 0 0 65 37 0 0 0 0 0 0 0
0 0 83 56 68 0 0 0 0 0 47 97 0 0 45 20 0 0 1 75 0 0 0 0 0 0 0 0 2 16 0 0 82 0 0 0 0 0 0 80 52 0 0 0 0 0 0 0 0 0 0 24 0 1 0 70 98 20 0 0 61 0 0 0 25 52 0 0 0 0 0 0 0 0 0 0 18 0 0 0 0 0 0 54 0 0 36 0 0 25 0 0 0 0 0 24 22 0 0 0
0 0 52 0 0 0 0 0 0 0 0 0 0 0 85 25 0 0 0 0 0 0 63 0 0 0 37 0 99 74 0 0 88 30 74 0 0 0 0 21 0 0 49 0 0 38 0 0 0 0 0 0 0 0 0 5 0 99 0 0 0 0 0 0 0 0 0 0 0 0 0 0 0 22 0 0 0 0 0 94 0 0 95 0 0 0 0 0 0 0 0 24 0 0 0 0 48 53 0 0
0 77 0 0 0 0 0 65 0 95 48 0 0 40 0 0 0 0 77 0 0 0 0 34 0 0 0 0 89 0 12 0 0 0 0 88 0 0 0 0 0 0 72 0 86 0 0 0 0 0 0 49 0 0 0 8 13 21 0 0 0 0 75 0 62 0 80 72 30 0 0 88 0 0 0 0 0 0 0 0 82 0 0 0 41 47 98 0 0 41 0 1 7 0 0 0 0 0 0 0
0 0 0 0 0 0 12 0 0 0 8 0 0 0 66 0 0 66 0 79 0 6 0 0 0 0 0 0 0 73 0 0 0 39 0 0 0 0 66 0 88 1 0 0 0 0 100 62 21 0 0 0 53 0 0 0 79 0 18 0 22 0 0 0 0 57 0 0 0 75 0 0 0 17 0 0 0 0 0 0 0 0 0 66 0 0 21 0 91 0 0 0 0 0 0 96 0 0 0 0
19 64 6 30 0 0 0 0 0 0 56 0 0 0 0 0 0 8 0 0 26 0 0 0 0 0 0 0 0 0 94 0 0 19 0 0 69 0 0 0 0 91 0 61 0 0 0 53 0 0 0 0 2 0 0 6 0 0 83 85 54 0 0 0 0 0 0 29 37 0 0 0 0 0 91 0 0 0 0 0 0 0 15 22 0 0 0 37 99 0 0 0 0 0 0 0 0 0 0 0
0 0 46 0 0 0 20 78 0 70 7 0 32 0 22 0 0 0 4 24 0 0 75 0 0 0 0 21 0 42 0 0 0 39 0 0 0 0 0 64 0 0 0 0 23 0 0 0 52 0 0 53 0 0 92 0 46 0 0 0 0 0 0 0 75 0 0 0 50 0 0 3 0 65 86 96 0 0 0 0 0 47 0 0 0 0 0 0 0 0 50 0 0 0 0 0 0 0 0 0
81 0 0 91 0 68 0 0 0 0 0 0 18 0 0 0 0 0 0 0 0 72 0 0 0 0 84 0 19 25 55 0 0 0 0 0 0 0 0 0 0 0 0 0 0 0 46 69 0 0 0 0 0 0 0 0 0 0 0 65 0 0 27 0 33 0 35 0 0 0 0 0 0 88 0 0 82 31 38 37 53 86 0 0 0 0 0 49 83 11 0 0 0 0 0 0 0 0 0 0
30 0 49 9 0 54 51 93 0 0 0 56 0 0 46 0 0 0 0 54 0 0 0 0 69 0 0 64 0 0 0 0 0 0 0 0 0 0 0 0 0 0 56 0 28 0 65 29 0 0 0 2 0 27 0 0 0 0 7 0 18 0 0 0 0 0 0 89 0 0 0 0 45 0 0 0 24 0 0 0 0 0 0 0 0 0 0 0 0 0 80 0 0 29 94 0 0 0 0 95
0 88 1 95 0 0 0 0 0 0 57 10 0 0 0 0 87 0 0 35 0 0 50 92 0 0 0 88 47 0 37 0 2 26 46 64 0 72 0 0 0 0 0 0 11 0 60 35 0 79 0 0 0 0 0 0 0 0 0 0 47 97 0 0 0 0 0 0 0 0 58 0 0 2 0 0 45 0 0 28 0 0 0 0 0 0 0 83 0 0 0 0 0 0 63 0 0 0 15 0
0 0 0 0 0 0 0 0 0 0 0 0 0 0 0 0 0 0 0 0 0 0 0 44 59 0 0 0 61 0 0 43 0 0 0 0 0 0 0 82 0 74 0 0 20 57 0 15 0 0 0 0 0 48 24 0 0 0 0 98 0 92 0 0 0 47 0 0 0 0 0 0 0 0 3 0 7 0 0 58 0 80 0 0 0 0 0 0 49 0 0 51 0 0 53 0 0 0 67 4
0 0 0 0 0 0 0 0 0 0 0 2 0 0 0 2 15 0 0 31 0 0 0 0 0 0 0 0 0 0 0 0 0 0 0 48 0 0 0 0 0 0 0 0 0 0 41 0 0 0 0 38 0 0 0 0 0 0 0 0 4 0 0 0 0 0 76 0 0 0 0 0 0 0 0 0 0 32 0 0 0 44 0 0 0 0 0 0 0 0 0 0 0 0 0 0 0 0 0 36
0 0 0 0 0 86 0 34 60 93 0 0 0 0 0 0 0 0 0 0 0 0 0 0 0 0 14 85 23 0 64 0 0 0 0 0 0 66 67 0 59 0 0 0 0 0 0 0 0 98 0 14 0 0 0 0 0 5 0 0 80 0 0 0 0 0 0 0 0 0 0 0 0 0 0 0 0 0 0 0 0 0 79 0 0 0 0 7 0 0 0 0 0 0 0 0 0 0 0 0
0 0 0 0 55 0 0 0 0 0 0 0 0 0 0 0 48 0 0 0 75 0 61 0 0 87 0 0 76 0 0 0 56 0 75 0 0 0 0 0 0 91 0 0 23 0 47 24 0 0 0 0 0 0 0 0 0 0 0 36 0 7 0 0 0 0 51 51 0 0 0 0 0 0 86 0 0 0 49 0 50 0 0 0 0 0 17 0 0 0 0 0 0 0 0 0 0 0 0 81
0 0 0 0 0 0 13 0 0 0 0 0 0 40 0 0 0 0 0 0 0 47 0 0 28 0 0 0 0 55 0 0 0 0 0 0 36 0 0 0 0 0 46 95 0 71 0 27 0 22 0 77 0 44 0 0 0 76 0 0 0 0 0 0 0 0 0 0 0 0 0 50 0 96 0 77 0 0 0 0 53 0 0 44 77 0 0 0 0 0 0 0 22 66 0 0 0 0 0 0
0 0 0 3 0 0 0 0 0 0 61 0 0 0 23 91 0 0 0 99 47 0 0 0 2 0 0 0 0 55 0 0 0 0 0 0 100 28 0 29 0 0 0 17 29 0 0 0 0 0 0 0 0 73 0 0 0 50 66 0 0 0 0 0 0 0 0 0 65 5 0 0 0 73 0 22 0 0 0 0 0 0 0 0 0 0 0 0 0 0 0 62 0 0 0 58 29 0 83 0
0 0 0 0 0 2 0 0 43 97 0 0 0 0 0 0 71 0 0 73 0 0 0 0 71 0 0 0 0 0 39 94 0 0 15 37 0 0 0 0 0 0 0 0 0 0 0 0 0 0 0 0 0 0 0 94 0 0 0 0 0 0 0 0 0 0 0 0 0 29 66 0 0 0 0 0 0 0 0 0 0 0 10 62 19 0 0 0 0 0 25 51 48 38 0 0 0 0 0 0
0 0 25 0 0 0 0 0 0 0 0 14 0 0 0 0 0 78 16 0 82 52 0 0 0 50 0 0 0 0 45 0 0 0 0 0 0 77 0 0 0 0 20 0 0 0 42 0 0 0 0 0 0 0 0 13 6 0 0 0 0 0 0 0 0 0 0 0 73 0 65 0 0 44 0 0 0 17 14 38 0 0 0 44 0 0 0 60 0 0 64 6 0 0 0 50 0 0 0 0
0 0 0 99 0 0 0 0 0 0 0 17 0 0 69 0 0 64 72 43 0 0 4 0 22 16 0 0 0 0 0 0 0 80 62 0 0 88 0 0 34 79 0 0 0 0 0 74 0 67 57 86 0 0 0 49 0 0 0 0 0 0 0 11 0 0 9 0 75 0 0 21 25 0 0 0 0 0 100 0 0 0 0 0 0 0 0 0 0 0 0 0 54 0 0 10 87 42 0 0
0 0 37 0 0 0 0 0 30 0 0 0 0 0 42 0 0 0 0 0 92 0 0 0 0 10 0 0 0 0 6 0 81 0 0 0 0 0 0 0 0 0 0 0 84 0 0 95 0 0 0 0 0 12 0 0 0 5 74 0 0 0 0 75 0 0 34 28 0 0 0 0 0 0 48 0 0 0 0 52 0 8 69 0 0 0 3 0 0 0 0 0 0 0 0 0 3 0 0 9
21 0 0 0 0 0 0 0 0 0 0 63 0 0 30 0 0 95 0 0 0 92 0 0 8 0 0 0 84 45 37 16 0 82 0 0 31 0 0 30 96 0 0 87 63 0 0 100 0 0 0 0 0 0 0 20 0 0 0 0 0 58 0 0 61 0 58 0 0 0 0 0 0 0 49 59 0 0 0 0 0 0 0 0 66 0 0 95 0 0 0 0 77 0 26 45 0 0 0 0
0 4 0 0 0 0 0 0 0 0 0 0 0 0 0 0 3 22 0 0 53 0 0 0 5 0 0 29 0 60 61 0 0 0 76 0 0 0 0 0 0 0 0 34 0 0 0 0 0 0 0 0 0 22 0 0 0 0 0 0 0 18 93 0 0 0 0 0 0 0 76 0 0 0 90 87 0 0 0 88 0 0 0 0 0 0 0 0 0 0 0 45 0 0 0 21 0 0 0 0
0 84 92 0 35 0 0 0 0 0 0 0 0 0 0 0 73 23 0 0 30 0 98 0 5 0 0 13 0 0 8 0 0 0 0 0 0 0 0 71 0 65 0 0 0 0 0 0 0 0 0 0 0 0 0 0 0 0 100 0 94 15 26 53 60 65 82 0 9 7 24 0 0 0 0 73 0 0 0 0 0 0 94 0 74 0 0 0 8 0 0 74 0 0 0 0 0 65 0 61
34 0 59 60 92 0 0 0 0 97 0 0 0 0 0 0 83 0 0 0 0 0 0 0 0 0 0 0 0 0 78 0 0 0 0 0 41 0 0 0 41 0 0 0 0 0 0 0 0 0 0 86 64 27 59 0 0 0 0 0 0 0 0 0 0 0 37 0 89 0 0 0 0 0 0 45 0 12 78 0 0 0 0 66 0 0 0 20 16 0 44 64 0 7 0 0 0 43 95 0
0 0 0 0 0 0 0 15 0 0 0 0 0 0 0 65 0 9 0 0 0 0 0 0 0 0 0 0 0 0 0 0 16 0 0 82 0 4 1 0 0 59 0 0 0 0 0 0 0 92 20 0 32 87 0 0 0 45 0 0 0 63 5 54 0 0 0 0 0 0 0 0 38 4 0 0 0 49 3 54 0 60 0 0 0 0 0 0 0 0 52 98 0 0 0 0 0 0 0 30
0 0 0 0 0 0 0 87 70 0 7 0 0 0 0 0 0 52 0 0 9 0 58 0 0 0 0 0 0 0 0 0 5 0 0 0 0 0 100 0 0 0 0 0 0 93 0 0 0 99 0 0 0 0 0 0 0 0 9 0 0 0 0 51 0 0 0 0 68 0 0 0 0 0 0 0 0 0 0 0 0 35 0 0 0 0 0 0 0 51 0 0 0 0 0 0 0 0 0 0
0 0 0 0 0 0 61 0 0 0 0 0 0 0 0 0 0 0 13 0 0 0 0 0 0 0 0 0 0 0 0 0 0 46 0 0 0 69 0 0 0 13 0 0 0 0 0 0 0 0 0 0 0 0 57 0 87 6 16 28 0 51 0 0 10 0 0 31 0 0 0 0 0 16 0 91 0 0 100 0 0 0 19 0 0 0 0 82 0 0 13 0 0 0 0 0 0 92 0 0
77 0 0 0 78 0 0 0 0 0 98 0 16 0 0 52 61 0 0 9 0 0 0 0 93 39 69 0 0 0 0 92 0 0 0 0 0 0 83 75 0 0 0 0 0 0 0 0 0 0 78 0 49 0 0 0 0 0 0 69 85 0 0 37 0 90 70 41 0 0 0 0 0 97 0 0 0 0 0 0 0 0 0 40 0 0 0 79 4 0 0 0 0 0 0 0 0 18 0 0
0 0 0 57 0 0 0 0 0 0 0 0 0 0 71 0 0 0 0 0 0 0 0 0 20 0 0 82 0 0 0 0 0 0 0 85 0 57 0 0 0 0 70 0 0 0 0 0 0 87 0 0 0 0 0 0 0 0 0 0 0 68 18 52 0 0 0 11 55 0 0 0 0 0 0 49 46 0 0 0 0 0 0 0 88 0 28 0 0 0 0 86 0 0 64 0 46 0 0 0
53 27 61 0 0 0 0 0 0 0 86 53 0 0 0 0 0 0 0 18 0 56 0 0 0 0 0 0 0 60 0 89 0 0 0 0 32 0 0 0 26 0 85 0 19 0 0 0 0 0 0 79 21 35 0 86 2 0 0 0 0 0 55 0 0 34 46 0 0 0 0 23 65 24 74 0 0 0 0 0 0 0 0 29 0 0 23 0 0 62 0 0 0 0 20 60 0 0 7 0
52 11 0 97 0 0 0 0 0 76 0 0 0 0 0 67 0 0 0 67 0 0 32 0 0 0 0 100 70 0 0 78 53 0 69 0 29 0 0 27 25 0 61 0 0 0 0 22 0 0 0 0 92 0 30 16 0 0 0 24 0 0 0 0 43 0 0 75 0 0 75 0 0 0 0 0 0 0 5 0 98 0 0 0 0 0 0 0 0 0 0 0 0 0 0 0 0 77 0 0
0 0 0 40 54 0 18 88 0 48 0 0 44 84 14 0 0 95 0 0 0 0 0 0 0 0 0 81 0 0 0 0 82 0 0 0 0 0 0 0 0 0 53 0 0 0 73 0 54 0 0 43 17 0 0 0 90 90 0 0 0 0 0 0 0 0 69 0 0 0 0 0 0 83 0 31 0 37 0 0 0 25 27 30 81 4 0 0 0 0 0 96 0 0 77 0 0 0 82 63
0 28 68 43 0 3 0 0 0 0 0 0 46 0 0 72 0 0 0 0 42 38 0 13 0 28 0 0 0 0 0 0 0 0 17 80 50 0 0 0 57 0 0 0 0 0 100 0 0 0 0 72 28 0 0 0 0 0 0 0 44 0 62 0 0 48 0 28 0 15 0 44 0 0 0 0 37 0 0 0 0 0 0 0 0 0 0 0 0 0 0 0 0 97 0 31 0 0 45 0
0 0 59 0 42 34 8 71 72 0 0 35 0 0 0 0 37 0 0 0 0 0 0 0 20 0 25 0 0 0 0 59 0 0 95 50 17 0 97 0 0 0 0 0 0 0 0 0 21 40 0 0 0 0 0 86 93 53 0 0 0 0 0 0 87 1 0 98 0 25 95 0 0 0 0 0 0 0 0 0 0 0 0 0 25 62 81 0 0 0 74 0 0 0 0 14 0 0 0 70
5 0 0 46 0 28 0 0 0 0 65 0 0 0 0 0 69 0 0 97 0 0 0 0 0 64 0 0 44 0 0 0 0 0 0 0 0 11 35 0 0 0 0 0 68 0 0 0 0 28 0 0 41 0 0 0 17 0 0 30 0 0 0 0 0 0 0 23 0 0 0 0 0 0 0 100 0 45 0 0 0 0 0 0 11 0 0 0 0 40 0 0 0 57 0 0 55 0 22 0
0 30 0 0 0 0 31 0 0 0 0 0 78 0 17 0 86 0 0 9 0 0 0 0 0 53 0 0 0 0 0 0 0 0 24 0 0 0 0 73 0 0 0 0 0 0 0 13 0 0 5 0 0 0 69 0 0 0 0 0 64 0 0 72 0 0 92 0 0 0 0 24 38 0 0 0 21 0 0 28 0 0 0 0 0 0 0 52 0 0 82 0 0 0 0 0 49 0 0 0
0 12 0 0 0 0 0 0 0 0 0 0 0 0 0 0 0 98 0 0 0 0 0 0 54 0 0 0 0 11 0 0 0 40 0 0 0 0 0 0 0 0 0 0 49 0 3 83 0 0 0 0 0 0 90 56 13 0 0 0 0 0 0 0 12 0 0 0 0 0 0 3 0 0 0 0 0 0 0 82 51 0 0 0 0 0 0 67 0 24 0 0 0 0 74 0 54 0 0 0
0 0 0 98 67 0 39 0 0 0 0 0 0 55 0 0 0 0 77 0 44 0 0 14 0 0 98 6 0 0 0 81 0 0 87 0 0 0 0 95 0 0 0 0 0 0 0 0 0 0 0 0 0 0 0 9 0 0 0 4 0 0 0 0 99 0 71 0 0 0 0 29 0 79 6 0 0 0 0 0 100 0 0 46 0 0 0 31 0 0 44 0 62 0 0 0 17 0 0 0
20 0 28 94 71 0 0 0 90 92 0 7 0 0 19 0 0 0 0 0 89 65 89 0 22 0 0 0 0 0 0 0 0 0 0 27 0 0 0 0 0 0 29 0 0 53 0 35 0 0 0 0 0 84 0 0 0 55 41 0 0 85 0 0 0 0 0 0 0 0 92 0 74 19 44 0 0 0 0 0 0 0 0 0 48 17 22 74 88 52 0 0 0 0 0 0 45 27 0 0
97 14 13 0 0 80 0 0 0 0 0 85 0 76 0 0 0 0 3 17 0 0 0 0 30 0 0 0 0 0 0 0 73 0 0 55 0 0 67 0 0 32 0 0 0 0 0 0 50 17 0 0 0 0 0 0 0 0 65 50 82 0 0 18 0 0 0 0 0 0 1 0 0 0 97 71 0 0 0 77 0 22 77 0 28 0 0 64 0 1 0 0 0 0 0 0 0 15 0 0
60 0 0 59 0 0 0 0 0 0 0 0 0 16 0 0 0 0 0 6 90 15 26 0 58 0 0 0 0 0 0 0 0 0 2 0 16 23 0 0 0 0 0 0 0 0 88 0 0 69 48 0 5 91 81 0 4 0 93 35 0 0 93 0 0 0 0 96 0 0 30 97 0 0 0 4 17 93 2 96 0 0 37 0 0 0 0 0 0 32 26 98 0 81 0 0 43 0 96 0
0 0 0 62 0 0 0 0 31 0 37 0 0 0 0 0 0 0 0 0 0 0 59 37 0 0 0 0 0 0 0 0 0 0 0 0 0 0 0 0 0 38 0 0 0 0 0 0 0 0 0 14 30 69 0 0 8 0 82 0 0 15 42 0 64 61 0 0 0 36 0 0 6 0 0 0 0 0 0 0 0 0 43 22 55 0 39 0 0 0 0 0 99 0 0 35 0 0 0 0
73 0 5 0 53 0 0 51 0 0 0 0 93 0 48 0 0 68 91 0 0 25 0 0 39 44 0 0 0 0 0 0 0 0 0 0 0 0 0 0 0 0 0 0 0 0 94 0 0 0 0 0 0 46 0 0 0 0 0 0 0 0 0 0 0 0 0 0 0 0 0 0 0 0 62 79 0 0 16 0 85 20 0 81 0 0 78 11 13 0 0 0 0 0 0 53 43 0 0 0
67 0 0 0 0 0 0 0 0 0 0 0 0 3 0 0 0 0 28 57 0 0 0 0 64 0 12 0 0 0 0 49 0 0 0 55 46 51 18 9 0 82 0 0 0 0 0 0 81 0 0 0 0 0 42 30 78 0 99 0 0 0 56 0 0 0 4 51 0 0 0 0 0 0 0 0 0 0 72 0 0 0 96 28 0 0 0 0 0 0 0 87 0 0 0 0 48 0 0 35
60 0 0 0 0 0 0 62 0 0 76 0 0 86 9 0 0 0 0 32 0 0 0 0 0 74 0 0 13 0 0 0 37 0 0 70 0 0 0 0 0 63 76 86 0 0 0 0 0 36 0 16 0 0 0 0 0 0 46 0 60 0 0 0 0 0 0 27 0 60 0 0 0 0 0 73 0 0 0 77 20 0 0 0 53 0 56 79 0 25 0 0 0 12 0 0 0 0 0 0
43 91 0 0 0 0 0 0 0 0 0 21 0 90 0 80 0 32 9 0 88 0 0 16 0 0 0 0 70 0 0 11 0 85 0 0 0 0 0 0 5 0 0 0 0 0 0 0 0 0 0 0 0 0 0 0 0 0 0 0 0 0 0 0 0 0 0 0 100 79 0 0 0 0 0 0 0 0 0 0 23 0 0 22 85 81 0 0 0 0 42 0 0 27 0 0 0 0 0 0
0 69 47 0 0 0 10 0 0 0 30 0 0 11 0 80 0 0 64 8 0 0 0 25 0 33 0 0 0 19 69 0 60 0 0 56 0 0 0 78 5 0 0 67 49 0 0 0 54 41 0 0 0 0 0 0 0 91 0 0 79 0 1 0 43 0 0 0 47 0 0 6 47 51 0 0 0 51 0 0 0 0 0 0 0 70 0 0 0 0 0 0 0 69 69 0 60 0 0 0
0 22 0 41 0 0 38 0 0 0 7 0 0 0 0 0 19 0 0 0 0 0 0 86 0 90 0 0 0 42 0 0 37 0 0 0 0 0 36 20 0 0 39 0 98 25 55 0 0 5 82 21 0 0 0 0 0 0 0 0 0 0 0 0 0 44 0 0 64 0 0 0 0 93 0 0 0 0 64 0 0 0 72 0 0 0 26 35 42 0 75 0 0 0 0 80 50 0 0 0
0 0 0 4 0 0 0 0 0 63 0 72 0 0 0 0 0 0 0 0 0 0 0 0 20 0 11 0 0 0 33 0 0 41 0 0 93 13 0 68 0 0 0 91 0 0 0 0 0 85 0 0 0 0 80 31 0 0 82 0 0 0 0 0 0 0 0 0 0 0 0 44 0 0 97 46 0 0 0 0 0 0 31 0 0 0 0 0 40 0 0 2 0 89 0 0 0 0 0 0
0 0 0 0 0 52 0 0 28 0 0 0 0 0 0 100 0 25 78 0 0 58 0 0 0 0 0 0 63 0 0 0 48 0 0 0 0 0 52 63 0 0 30 97 0 67 0 0 0 31 0 0 0 79 0 0 0 0 0 0 1 0 0 0 0 0 0 6 0 0 0 23 0 0 1 31 0 0 0 82 22 0 0 0 85 0 0 0 0 0 0 0 0 0 0 0 0 0 0 0
60 0 0 0 0 0 23 0 22 0 0 0 0 0 24 38 0 0 64 0 99 12 0 0 0 0 0 80 46 0 0 0 0 0 0 1 0 0 0 19 0 85 0 100 48 55 0 0 0 73 0 65 0 18 35 0 0 0 0 0 21 0 0 0 0 0 82 40 0 0 0 0 0 0 0 0 0 0 0 17 0 0 17 0 0 92 0 0 0 0 0 0 0 31 0 0 0 0 14 0
0 0 0 0 67 0 0 0 0 0 0 0 24 0 7 0 0 1 0 0 0 0 0 0 0 0 0 0 0 0 61 0 0 62 0 0 0 0 0 28 0 0 0 18 0 43 18 65 0 0 0 65 0 0 0 0 0 17 0 7 0 0 0 0 0 0 0 0 57 0 15 0 27 0 0 0 0 0 0 0 0 0 0 0 0 0 0 0 0 0 6 0 0 0 0 0 0 80 0 0
7 0 0 0 0 58 0 32 20 0 0 0 95 0 0 66 74 0 54 12 58 0 0 0 94 11 0 30 0 0 0 0 0 0 0 0 0 0 0 0 0 41 0 92 0 0 79 0 0 0 11 57 0 0 0 0 0 0 0 0 96 0 0 16 0 93 0 0 50 0 0 37 0 52 41 27 8 0 0 0 0 0 0 0 0 0 44 81 0 94 62 0 0 0 0 0 4 0 0 53
68 0 0 0 0 0 0 0 45 64 23 0 0 0 0 48 100 0 49 0 0 0 0 0 0 0 0 40 0 0 0 0 75 0 0 0 0 0 26 0 0 0 0 54 0 96 0 0 0 0 3 0 0 0 0 0 0 53 3 0 35 0 0 0 0 0 0 2 0 0 0 0 0 63 0 0 0 0 89 0 0 0 0 85 77 0 0 0 48 0 0 0 0 64 0 12 0 0 85 0
0 43 0 0 0 58 0 21 0 0 0 34 0 0 0 46 0 0 0 0 23 60 10 0 0 0 0 0 30 0 0 0 0 24 50 34 11 0 92 0 0 0 36 0 68 0 0 0 0 94 0 0 0 94 0 0 74 0 0 33 0 95 0 0 0 0 62 95 0 85 0 23 0 0 0 0 0 0 0 78 0 0 0 0 0 0 0 0 0 0 96 0 9 0 62 0 0 0 0 99
0 40 0 0 0 61 62 0 0 0 0 100 0 13 0 0 0 78 0 24 0 24 39 69 0 0 0 0 20 0 0 28 0 25 0 0 0 33 36 0 85 0 0 96 0 0 0 41 0 0 89 29 0 74 36 0 0 95 0 0 0 0 0 0 59 0 0 0 0 0 0 0 0 0 0 0 65 35 0 0 0 0 0 0 43 0 34 0 0 0 0 0 95 31 0 0 0 0 0 64
0 21 0 83 0 0 30 0 0 0 0 0 0 35 28 0 0 42 0 1 0 0 0 0 0 0 73 0 0 3 0 0 0 0 0 0 0 49 0 0 0 0 0 0 0 0 13 95 0 25 0 0 0 0 0 0 0 0 0 0 0 0 0 38 0 28 0 0 0 55 88 0 0 0 0 0 0 51 0 0 0 0 0 0 97 0 0 0 0 0 0 0 0 0 0 81 0 0 0 0
0 0 0 0 0 0 0 0 0 0 0 0 81 0 35 2 0 0 0 0 0 0 0 0 0 0 0 0 0 91 75 54 0 76 0 0 0 0 0 0 0 0 59 0 0 0 40 0 0 0 0 0 0 0 0 11 0 0 36 0 0 62 0 0 11 28 30 27 0 0 0 0 0 12 0 0 0 0 0 16 0 2 0 0 0 60 0 0 59 0 0 0 0 0 0 0 0 0 0 42
0 38 0 0 62 94 0 0 0 60 0 0 0 0 0 0 0 0 0 0 0 0 0 14 35 0 18 0 0 0 0 0 0 97 30 0 0 0 0 73 0 76 0 0 0 0 0 0 27 55 0 0 52 0 0 0 0 0 0 21 0 0 0 0 0 0 23 0 0 0 0 0 96 0 0 0 0 0 0 0 0 0 16 0 0 0 79 0 0 0 0 0 0 0 0 7 53 0 0 0
0 0 68 0 17 0 0 89 78 90 0 0 0 0 0 39 89 0 0 0 87 0 0 0 0 91 38 0 0 0 0 34 0 0 77 50 24 0 96 0 0 68 0 0 0 74 0 0 0 0 92 0 50 0 86 17 30 90 0 0 43 43 52 0 54 0 0 0 0 0 0 0 0 23 0 0 64 0 17 8 0 0 0 0 0 67 52 42 0 0 0 0 0 0 0 0 0 63 0 0
78 79 0 71 16 32 0 0 0 0 0 0 0 0 0 0 0 0 91 41 94 0 0 53 0 0 0 0 0 0 0 0 0 35 0 0 0 0 0 10 0 0 0 0 60 0 0 0 32 89 0 0 0 0 32 29 7 68 0 0 0 0 0 0 94 0 0 0 0 0 0 0 93 0 0 50 22 0 2 49 88 0 0 17 0 94 0 0 0 0 16 0 0 0 0 8 66 0 0 0
0 0 57 87 0 0 0 0 0 74 28 0 14 60 13 0 0 0 0 0 0 0 0 0 0 0 70 0 0 0 0 4 0 0 4 0 0 0 0 0 0 0 78 0 0 0 43 0 0 79 56 0 0 0 0 0 0 89 0 49 0 63 0 0 0 0 58 3 0 22 0 0 34 0 31 0 0 0 0 0 0 0 0 85 0 50 0 42 0 0 0 0 0 0 36 11 31 73 0 0
0 97 61 0 0 0 0 0 0 0 0 0 0 0 0 0 0 0 0 0 88 0 0 0 0 0 11 0 0 73 6 0 52 0 0 0 0 0 0 91 0 0 0 0 0 0 53 0 0 0 98 0 0 0 0 0 57 51 0 31 0 0 50 0 0 0 0 0 0 0 0 0 0 0 0 0 14 0 0 0 0 0 0 0 5 0 0 0 90 0 0 0 8 32 0 0 0 0 0 84
0 0 82 86 0 0 46 0 0 0 0 98 0 0 0 3 0 0 0 0 0 93 0 0 0 0 98 0 0 0 0 0 0 23 37 0 0 0 0 0 0 4 59 0 13 0 0 0 0 27 0 0 0 75 0 0 0 95 0 83 0 0 0 88 0 58 51 0 54 0 41 37 82 0 0 0 25 0 0 0 96 0 25 0 48 0 58 0 36 71 0 0 0 0 0 0 0 0 0 50
0 0 79 0 89 0 0 56 73 0 0 0 0 0 0 0 0 7 0 43 0 0 0 0 0 0 0 0 4 30 0 31 0 0 0 0 0 77 0 0 0 0 0 0 99 0 39 0 0 0 74 0 0 0 32 0 19 0 0 0 0 49 0 89 0 0 82 0 0 0 0 0 0 0 0 76 34 17 0 83 0 87 48 1 42 0 40 59 0 0 50 0 0 48 26 0 0 0 0 95
0 0 0 0 0 0 0 0 0 97 28 0 0 0 0 76 0 0 0 95 0 0 0 0 0 0 0 0 0 28 0 0 0 0 0 0 0 77 0 42 7 15 0 7 0 0 0 9 58 88 0 0 0 62 0 0 6 3 0 0 8 0 59 0 0 0 93 0 0 0 0 0 0 96 0 0 20 0 0 0 79 0 0 0 0 0 0 85 0 74 84 34 0 0 0 0 24 0 0 52
61 0 0 0 0 0 0 0 0 0 95 100 0 0 0 14 51 0 0 88 0 34 84 0 5 0 92 0 0 0 0 0 0 0 0 0 46 0 0 0 0 16 0 0 79 67 0 57 0 0 0 0 0 0 0 0 0 14 12 0 96 0 0 0 0 0 0 0 0 0 0 0 0 0 0 0 0 0 1 0 0 0 39 0 41 81 58 29 58 0 0 0 50 0 32 0 0 0 0 0
0 0 0 0 0 0 0 2 0 0 41 55 0 0 0 74 0 0 0 96 38 0 0 0 2 0 0 13 0 0 0 0 0 0 0 0 0 0 0 0 21 0 0 0 76 0 0 0 0 0 0 0 11 0 0 0 77 10 0 73 0 0 0 0 0 0 80 21 5 0 0 0 59 0 0 0 0 0 0 0 0 0 0 0 43 73 0 0 15 0 0 0 0 0 0 0 0 0 0 0
0 0 0 31 0 0 60 0 0 0 13 0 0 35 0 0 0 0 0 0 0 0 54 28 0 0 61 0 0 0 0 0 0 0 0 39 0 0 20 85 51 0 0 59 0 18 0 0 0 0 33 0 0 0 95 0 0 0 0 86 0 75 0 0 0 0 0 0 80 0 84 0 0 53 0 66 99 0 0 0 0 0 0 57 0 0 0 0 0 0 0 0 72 0 0 91 80 0 0 0
0 16 76 0 0 0 90 9 0 0 0 0 0 53 14 0 0 0 0 0 0 0 0 0 0 0 96 86 0 44 0 3 0 0 75 0 0 0 0 12 0 0 0 0 0 0 0 5 4 52 0 3 0 0 45 0 0 57 10 0 0 51 0 0 14 0 21 63 0 0 0 11 0 0 0 0 0 0 0 0 71 0 31 0 0 0 61 0 0 0 19 0 49 0 0 63 0 0 0 0
0 16 63 0 0 42 0 0 20 0 87 0 0 0 0 0 0 16 0 0 26 0 0 0 0 0 0 64 0 0 0 0 0 70 0 0 0 0 0 0 33 0 0 0 0 0 0 0 0 0 0 0 1 0 73 0 11 0 0 5 0 0 0 0 0 0 0 0 0 84 0 0 0 0 0 0 0 1 0 32 47 0 0 0 0 0 0 61 0 0 0 0 0 0 0 0 0 0 0 0
0 45 0 0 0 0 0 0 0 0 0 86 0 0 0 0 62 95 62 86 0 0 87 33 0 81 0 0 0 0 0 0 0 33 0 88 96 31 0 70 26 81 0 0 8 0 0 0 0 0 0 11 81 0 0 13 0 0 0 0 7 0 0 0 0 0 10 0 0 0 0 64 82 24 0 0 0 60 0 77 0 0 0 0 0 0 0 84 0 20 0 23 0 0 0 0 0 0 0 66
78 0 0 0 0 9 40 0 0 0 52 81 0 0 0 93 0 0 0 0 0 0 27 0 0 0 0 79 10 0 75 57 0 0 0 91 0 0 0 0 0 0 0 0 91 86 0 72 23 0 0 0 0 0 52 0 0 0 80 0 0 0 0 90 0 0 0 0 41 0 31 0 0 50 39 0 0 0 0 0 73 0 0 0 10 0 0 0 20 0 0 0 42 0 0 0 0 69 0 42
0 0 11 0 42 0 64 0 89 0 91 0 0 0 0 0 0 0 0 0 0 0 56 28 0 0 0 42 0 0 0 0 0 0 0 0 0 90 0 0 0 0 0 0 0 0 93 0 69 0 21 0 0 0 0 0 0 0 0 0 0 0 0 36 0 0 52 22 0 0 0 28 0 46 0 0 0 59 0 0 0 0 0 0 0 0 0 0 47 17 0 0 0 6 0 0 0 0 0 0
13 63 19 21 0 49 0 0 91 0 0 0 1 0 21 0 0 33 0 0 0 0 0 0 0 0 0 0 42 0 0 0 62 0 99 0 28 49 0 0 0 8 15 0 0 0 0 0 0 0 25 0 0 45 0 0 0 0 0 0 14 0 0 41 0 0 0 0 0 0 24 0 0 61 0 0 0 58 0 0 16 0 0 0 0 0 56 0 0 28 0 0 0 0 0 0 0 0 98 0
17 0 0 50 49 0 0 0 50 0 0 0 0 71 99 0 0 0 0 0 72 0 17 40 0 0 0 72 0 0 0 0 0 13 0 0 0 0 0 98 74 0 0 22 0 0 92 0 0 0 0 0 0 0 0 0 0 0 10 0 0 0 0 0 0 0 0 0 0 0 85 0 0 0 0 0 0 0 44 24 0 61 0 0 95 70 0 0 0 0 0 0 0 87 0 0 0 0 0 85
78 0 0 0 0 0 0 0 0 0 90 0 26 0 54 0 95 0 0 0 0 0 0 0 0 0 56 16 0 0 73 0 0 0 0 0 0 0 0 0 0 0 0 0 0 54 0 89 0 0 0 0 50 0 78 0 0 9 0 0 0 0 0 0 0 0 0 98 0 29 0 0 15 20 70 0 83 0 0 62 0 0 0 0 12 0 0 0 0 0 0 0 0 95 0 0 0 0 74 0
25 0 0 83 10 0 0 35 0 0 0 0 0 0 0 0 0 0 0 0 61 0 0 33 0 0 62 80 0 0 0 0 0 0 0 0 31 0 0 0 0 0 0 66 24 1 0 3 0 0 87 0 0 0 0 98 0 0 63 0 0 0 0 0 0 0 0 0 0 0 4 0 0 0 0 0 0 0 0 83 0 0 0 0 0 0 0 60 0 84 0 0 25 4 0 4 0 0 0 0
45 0 98 0 0 0 0 49 0 0 0 20 0 48 0 0 0 16 36 76 0 30 0 0 6 0 0 0 0 58 0 0 0 0 0 0 19 91 0 0 0 0 0 0 56 0 0 62 0 0 27 99 64 0 0 55 0 29 54 0 0 0 92 56 0 0 0 0 0 94 0 0 0 0 0 0 0 0 0 29 0 0 0 0 0 0 17 17 0 0 81 0 0 14 0 0 57 0 0 55
0 13 0 25 0 0 0 0 41 0 0 0 0 7 0 0 0 0 0 22 0 0 0 0 50 0 31 0 0 20 0 0 0 71 0 100 0 0 0 66 0 0 0 0 16 0 0 21 0 0 0 0 51 0 21 84 0 0 0 0 97 0 0 0 0 99 0 0 0 0 0 0 0 0 0 0 0 0 0 0 44 35 0 0 47 0 0 0 0 0 0 0 0 30 0 6 0 74 77 0
0 0 0 0 0 0 0 89 0 0 0 0 63 80 0 0 0 0 0 0 0 60 0 0 0 0 0 0 0 0 80 53 0 0 60 0 0 0 0 20 0 0 0 97 0 0 0 0 0 72 71 50 55 0 0 0 35 0 9 0 0 0 0 0 12 0 0 0 0 46 0 0 0 42 0 0 0 0 0 0 0 0 0 0 0 0 0 0 72 0 0 83 0 0 0 0 80 0 0 79
31 0 0 0 87 84 23 11 0 0 96 0 0 45 0 0 0 0 84 8 0 37 0 0 0 0 0 0 0 0 0 8 8 0 0 0 53 0 0 0 0 0 34 6 0 9 0 0 0 0 0 0 88 0 0 35 0 0 0 0 0 0 0 0 0 0 0 0 0 0 0 0 0 0 0 30 40 0 0 0 0 0 0 0 0 0 0 0 90 0 0 0 0 0 0 48 89 0 57 0
0 0 0 0 0 0 0 0 0 0 0 0 0 0 0 0 0 0 0 41 0 0 0 33 0 79 0 60 0 0 0 0 0 0 0 0 0 0 9 0 0 78 0 0 0 0 0 0 0 0 60 4 0 57 84 0 0 95 0 90 0 0 0 0 0 0 0 0 0 0 87 0 0 0 0 0 0 0 0 0 12 0 0 0 0 64 0 0 0 0 0 0 95 0 0 0 0 0 0 0
0 0 0 0 0 0 27 0 58 0 0 1 0 0 0 0 0 0 0 0 15 0 0 49 0 0 0 0 0 0 98 0 25 0 0 0 0 74 0 3 24 92 60 0 88 0 0 0 0 0 7 0 66 0 0 0 0 0 0 5 0 0 0 0 0 26 0 29 0 0 0 0 0 63 0 43 0 0 0 91 0 0 0 0 0 0 0 0 77 0 0 0 0 39 31 0 0 0 15 0
92 72 0 15 0 0 0 59 0 0 9 0 0 0 99 0 0 0 0 0 0 0 0 0 0 0 84 0 0 0 0 56 0 0 0 0 8 71 0 0 0 0 0 0 0 0 0 0 0 28 0 0 0 19 89 0 0 0 0 0 0 0 0 22 0 0 0 0 0 0 23 0 0 10 43 0 0 86 0 65 0 89 0 0 0 0 0 46 0 0 0 0 0 0 0 0 0 0 0 0
2 61 0 0 0 0 0 0 0 0 78 77 0 0 0 0 8 0 0 66 42 0 37 0 0 0 0 0 0 0 0 17 0 0 0 0 15 0 0 0 0 13 58 0 0 0 0 49 0 0 0 0 0 0 0 0 0 74 0 0 0 79 37 0 0 93 0 0 0 0 0 0 0 0 0 0 0 0 0 71 0 0 0 77 0 0 0 0 70 33 22 50 0 0 0 0 62 0 0 0
0 78 0 0 0 0 8 0 96 0 0 0 0 0 0 27 0 0 0 0 0 35 40 0 0 0 0 43 0 0 9 0 0 16 0 26 0 100 4 25 0 0 0 0 0 48 0 0 0 69 0 57 0 0 0 0 0 0 0 0 0 89 0 84 0 0 0 40 0 0 0 0 0 0 0 0 69 99 0 0 34 0 90 0 0 0 0 0 0 0 0 0 0 0 0 0 1 0 0 0
0 0 0 67 0 0 0 0 0 0 0 45 0 0 0 93 0 0 0 0 7 0 0 0 19 0 0 0 10 0 0 0 0 0 0 18 0 0 0 56 0 0 0 0 0 0 0 0 0 0 0 0 0 0 0 0 0 0 0 0 0 0 68 0 97 0 0 0 0 0 0 75 0 0 0 0 0 0 0 0 0 0 16 4 0 0 0 0 0 0 0 26 0 0 0 50 56 0 90 0
0 0 0 0 0 0 0 53 0 1 0 0 0 0 0 0 80 0 0 0 0 0 57 0 0 0 0 0 0 0 0 0 68 8 70 0 0 0 0 0 0 0 0 68 0 30 0 17 0 0 0 5 0 0 0 0 0 0 0 0 0 0 0 82 0 0 94 0 7 0 0 0 0 0 0 0 63 0 0 0 49 0 83 62 0 0 70 0 0 0 0 77 0 0 0 90 0 0 0 0
69 0 0 73 55 0 68 0 0 0 0 0 72 0 47 0 0 42 0 0 22 0 0 0 0 0 0 23 0 44 0 0 15 0 42 31 0 0 0 0 0 0 0 0 0 0 0 92 0 0 35 0 29 0 23 12 0 0 0 0 56 0 83 0 0 0 0 0 0 0 32 0 0 0 0 0 0 0 0 0 0 0 0 0 59 0 0 0 0 0 0 0 0 0 0 51 0 0 10 50
10 77 76 0 0 0 0 0 0 0 0 5 0 15 0 0 83 0 0 0 0 0 0 0 50 0 25 0 0 0 0 0 0 0 0 79 0 91 0 24 0 0 17 0 0 0 0 3 0 37 0 0 0 0 0 0 31 0 0 0 0 78 0 0 0 34 0 0 0 0 0 0 49 19 0 0 68 0 0 0 0 0 37 49 0 97 0 0 0 0 0 0 0 0 0 0 0 0 51 38
12 0 0 0 0 0 0 0 3 0 21 0 0 0 0 0 23 0 0 0 0 0 0 0 0 0 0 0 0 0 13 0 2 0 0 57 0 0 0 0 0 0 0 0 77 0 0 19 0 0 0 54 0 98 0 0 0 0 0 6 0 0 0 21 0 0 0 0 0 0 0 0 0 72 0 0 0 54 0 20 0 22 0 0 0 51 97 0 0 30 13 0 0 0 26 4 17 0 0 0
15 0 61 0 0 0 0 78 0 0 0 0 0 0 0 0 0 92 0 0 0 0 0 0 0 0 0 0 88 0 73 0 0 0 0 0 0 0 0 0 0 0 0 0 73 74 33 0 0 0 0 34 0 0 0 0 25 0 0 0 48 0 0 0 0 33 20 0 0 72 0 0 0 0 19 0 26 0 0 0 0 0 0 0 0 0 0 71 0 0 94 0 0 0 0 0 84 0 0 0
0 32 0 86 0 0 58 0 0 36 0 0 0 80 0 0 20 0 0 0 0 0 0 0 100 0 0 0 10 0 0 11 14 87 0 0 0 0 0 0 0 0 0 0 0 68 0 0 88 0 0 0 19 0 0 41 0 0 64 0 0 0 0 0 0 95 7 0 0 0 0 0 0 0 35 0 0 0 45 0 0 0 100 0 0 0 0 0 0 0 0 0 0 0 0 0 0 0 0 0
0 0 0 0 27 0 0 0 26 0 19 0 0 0 0 77 0 0 32 7 31 0 0 0 37 0 0 45 0 0 0 28 0 0 0 0 0 0 0 0 0 0 0 0 0 0 0 0 0 0 0 0 0 38 0 0 0 66 0 0 44 48 0 0 0 0 0 0 0 17 0 0 0 0 54 0 0 0 0 0 74 0 0 0 0 0 0 0 0 0 0 0 0 0 28 76 0 0 0 0
0 0 70 84 0 40 0 0 0 0 53 85 0 0 0 67 0 0 44 0 0 0 0 0 0 0 57 0 0 0 0 0 94 0 0 92 0 0 0 0 0 0 0 0 0 0 0 99 0 0 0 0 0 93 0 0 55 0 90 0 0 0 0 0 0 0 26 15 0 0 0 0 0 0 0 0 0 0 0 0 0 0 0 0 0 0 0 0 0 35 0 65 0 66 0 0 0 100 0 12
2 72 6 0 0 70 0 0 0 69 0 83 0 0 0 85 0 0 0 0 0 0 0 0 0 0 0 0 69 63 0 0 75 0 6 0 0 0 0 0 75 0 0 0 0 54 0 43 0 0 0 0 0 0 0 0 7 10 0 0 0 0 0 88 0 6 0 0 0 0 0 0 27 0 100 0 0 0 0 0 0 0 8 0 91 0 0 0 0 0 0 0 0 20 0 0 0 24 0 0
0 0 70 0 0 0 0 0 7 79 0 0 0 0 0 0 93 69 0 66 23 0 95 93 10 0 0 0 0 26 0 84 0 0 0 0 0 0 0 0 0 0 0 0 4 47 6 0 0 0 39 45 0 0 0 36 0 0 0 44 0 9 0 58 0 0 0 0 4 0 0 87 0 0 0 0 0 0 0 0 0 0 0 23 0 0 0 0 0 0 0 92 0 69 0 29 0 24 0 34
87 0 0 0 25 0 0 23 0 0 0 0 73 93 0 0 0 0 0 0 0 0 15 0 0 0 0 43 13 0 0 0 19 0 0 0 0 36 0 0 31 44 0 0 0 32 0 59 0 0 0 0 0 93 0 0 0 0 68 0 41 0 39 0 0 0 0 0 47 0 0 0 0 76 78 11 0 0 0 0 0 0 0 0 0 0 0 0 0 0 0 0 0 0 0 0 0 0 0 94
0 0 0 0 0 0 0 0 0 0 8 0 93 0 17 0 37 0 5 0 15 0 0 0 0 0 0 0 0 52 0 0 0 93 0 0 0 0 0 0 0 0 0 0 26 0 0 0 0 0 0 32 0 94 0 0 17 0 0 0 0 0 0 0 0 17 0 26 76 0 11 0 0 0 0 0 0 0 0 0 26 0 0 0 0 0 0 0 0 0 0 0 20 0 0 0 0 0 0 0
0 90 0 0 0 0 0 0 0 0 0 0 0 77 0 2 0 46 0 0 0 0 0 0 0 0 0 0 64 0 45 0 34 0 0 31 0 0 0 0 0 0 0 0 0 0 0 0 0 0 0 0 84 0 61 33 0 0 0 0 0 0 0 0 0 8 89 0 10 0 0 0 0 0 9 86 0 0 0 0 0 0 60 10 0 0 0 0 0 0 0 92 28 0 0 0 0 0 0 0
0 0 94 97 64 0 0 0 0 0 93 33 0 0 97 45 0 0 14 90 0 0 0 0 0 0 0 0 85 54 0 0 18 0 0 0 0 0 0 84 25 0 0 0 0 0 0 0 0 0 0 71 0 29 0 40 14 23 0 0 81 0 0 0 82 56 0 0 0 0 0 0 0 0 0 0 55 0 0 0 0 0 0 11 0 0 10 0 0 68 0 0 0 0 0 19 74 0 0 0
0 0 15 0 0 0 0 0 0 0 0 0 0 0 7 87 0 0 0 0 0 0 10 0 0 0 84 0 93 63 0 0 26 19 9 0 0 0 0 20 0 0 60 0 0 78 0 0 0 0 0 0 0 0 0 17 0 85 0 0 0 0 0 0 0 0 0 0 0 0 0 0 0 32 0 0 0 0 0 43 0 0 58 0 0 0 0 0 0 0 0 31 0 0 0 0 80 43 0 0
0 90 0 0 0 0 0 32 0 69 88 0 0 59 0 0 0 0 41 0 0 0 0 84 0 0 0 0 80 0 71 0 0 0 0 87 0 0 0 0 0 0 78 0 84 0 0 0 0 0 0 5 0 0 0 67 14 30 0 0 0 0 66 0 13 0 5 90 11 0 0 28 0 0 0 0 0 0 0 0 46 0 0 0 70 26 72 0 0 55 0 100 18 0 0 0 0 0 0 0
0 0 0 0 0 0 17 0 0 0 59 0 0 0 100 0 0 26 0 87 0 37 0 0 0 0 0 0 0 13 0 0 0 66 0 0 0 0 34 0 23 8 0 0 0 0 6 53 30 0 0 0 43 0 0 0 47 0 56 0 51 0 0 0 0 31 0 0 0 6 0 0 0 65 0 0 0 0 0 0 0 0 0 49 0 0 64 0 44 0 0 0 0 0 0 56 0 0 0 0
40 45 99 21 0 0 0 0 0 0 20 0 0 0 0 0 0 99 0 0 40 0 0 0 0 0 0 0 0 0 68 0 0 7 0 0 56 0 0 0 0 7 0 90 0 0 0 62 0 0 0 0 29 0 0 51 0 0 72 86 93 0 0 0 0 0 0 27 49 0 0 0 0 0 79 0 0 0 0 0 0 0 52 25 0 0 0 80 24 0 0 0 0 0 0 0 0 0 0 0
0 0 37 0 0 0 10 90 0 73 88 0 57 0 12 0 0 0 59 99 0 0 8 0 0 0 0 95 0 23 0 0 0 93 0 0 0 0 0 45 0 0 0 0 41 0 0 0 17 0 0 55 0 0 92 0 70 0 0 0 0 0 0 0 24 0 0 0 50 0 0 66 0 6 94 33 0 0 0 0 0 88 0 0 0 0 0 0 0 0 43 0 0 0 0 0 0 0 0 0
27 0 0 65 0 43 0 0 0 0 0 0 62 0 0 0 0 0 0 0 0 29 0 0 0 0 35 0 93 6 18 0 0 0 0 0 0 0 0 0 0 0 0 0 0 0 76 52 0 0 0 0 0 0 0 0 0 0 0 79 0 0 36 0 31 0 15 0 0 0 0 0 0 14 0 0 100 44 41 25 60 27 0 0 0 0 0 94 83 79 0 0 0 0 0 0 0 0 0 0
87 0 46 94 0 94 87 53 0 0 0 41 0 0 31 0 0 0 0 16 0 0 0 0 97 0 0 78 0 0 0 0 0 0 0 0 0 0 0 0 0 0 43 0 76 0 85 66 0 0 0 56 0 53 0 0 0 0 1 0 63 0 0 0 0 0 0 56 0 0 0 0 27 0 0 0 44 0 0 0 0 0 0 0 0 0 0 0 0 0 48 0 0 100 70 0 0 0 0 83
0 16 96 39 0 0 0 0 0 0 85 45 0 0 0 0 23 0 0 48 0 0 93 59 0 0 0 81 87 0 12 0 19 44 8 97 0 17 0 0 0 0 0 0 35 0 32 75 0 58 0 0 0 0 0 0 0 0 0 0 26 31 0 0 0 0 0 0 0 0 83 0 0 47 0 0 51 0 0 68 0 0 0 0 0 0 0 32 0 0 0 0 0 0 99 0 0 0 89 0
0 0 0 0 0 0 0 0 0 0 0 0 0 0 0 0 0 0 0 0 0 0 0 87 11 0 0 0 45 0 0 6 0 0 0 0 0 0 0 42 0 2 0 0 78 70 0 22 0 0 0 0 0 48 91 0 0 0 0 77 0 99 0 0 0 38 0 0 0 0 0 0 0 0 95 0 2 0 0 33 0 52 0 0 0 0 0 0 95 0 0 87 0 0 9 0 0 0 75 99
0 0 0 0 0 0 0 0 0 0 0 45 0 0 0 90 86 0 0 35 0 0 0 0 0 0 0 0 0 0 0 0 0 0 0 23 0 0 0 0 0 0 0 0 0 0 6 0 0 0 0 56 0 0 0 0 0 0 0 0 54 0 0 0 0 0 48 0 0 0 0 0 0 0 0 0 0 32 0 0 0 39 0 0 0 0 0 0 0 0 0 0 0 0 0 0 0 0 0 91
0 0 0 0 0 48 0 9 38 14 0 0 0 0 0 0 0 0 0 0 0 0 0 0 0 0 7 73 37 0 22 0 0 0 0 0 0 14 33 0 92 0 0 0 0 0 0 0 0 23 0 61 0 0 0 0 0 27 0 0 97 0 0 0 0 0 0 0 0 0 0 0 0 0 0 0 0 0 0 0 0 0 1 0 0 0 0 83 0 0 0 0 0 0 0 0 0 0 0 0