100
0 0 0 0 0 0 84 0 0 0 0 0 0 0 0 26 15 0 0 0 99 0 0 85 0 64 0 25 18 0 0 0 0 0 0 0 9 0 0 0 0 23 0 0 0 48 0 0 0 0 0 0 0 29 0 38 0 0 9 36 0 0 0 0 0 0 94 29 0 0 0 28 0 0 45 0 0 0 42 36 0 0 0 82 0 93 0 0 0 59 0 28 0 0 18 66 0 0 0 0
0 0 0 0 0 0 73 0 75 0 0 0 74 74 0 0 94 0 0 0 0 0 0 35 0 0 0 0 0 0 0 0 0 78 0 0 0 46 0 0 0 2 15 0 0 93 0 0 0 0 0 0 0 0 0 0 0 0 0 0 0 0 0 22 0 22 0 46 0 35 0 0 0 0 0 0 0 0 0 0 0 0 54 66 0 60 26 0 42 15 0 0 0 0 0 0 0 0 0 0
0 0 0 0 0 0 0 0 13 0 0 0 0 0 0 0 0 0 51 0 0 0 63 0 57 0 13 0 45 29 0 0 0 0 0 0 0 0 86 0 0 0 0 0 0 0 0 0 0 0 0 0 0 0 0 0 0 0 0 0 0 0 0 0 1 0 74 0 0 0 0 0 0 0 0 75 0 0 96 0 0 0 0 0 0 0 0 0 0 0 60 0 0 25 100 13 0 0 0 0
24 37 0 0 81 0 0 0 18 0 0 0 0 0 0 0 0 4 0 68 0 0 0 0 0 0 100 0 0 0 0 0 0 0 0 57 32 27 0 0 0 0 0 80 0 0 90 0 14 0 0 0 68 64 0 0 0 98 0 70 0 17 0 0 0 0 0 47 0 0 0 0 0 28 0 0 0 0 0 0 0 0 0 0 0 0 0 0 0 4 10 0 0 29 0 29 8 0 19 53
31 39 0 71 0 0 0 20 17 23 0 0 4 0 0 48 0 47 4 0 0 0 0 32 0 0 0 20 0 92 2 0 0 22 0 0 0 0 0 0 0 0 0 0 0 0 0 0 81 15 0 0 0 79 0 0 81 44 0 0 0 0 0 0 50 0 69 0 43 0 0 0 0 0 0 0 28 0 0 0 0 0 0 0 44 0 0 0 38 0 0 0 63 0 0 6 0 0 0 0
25 12 0 0 0 0 0 0 0 69 0 0 0 18 0 0 0 0 81 90 0 0 0 0 0 0 90 0 0 32 0 91 0 0 0 0 35 0 0 78 0 82 0 0 0 0 0 0 12 54 0 13 86 0 19 0 0 0 93 22 0 0 87 0 0 0 0 0 0 0 0 0 0 86 0 72 0 11 45 0 0 3 36 0 0 0 0 0 0 27 37 0 0 0 0 0 0 0 0 0
0 0 0 0 0 0 0 0 0 0 0 36 0 0 98 0 0 0 0 0 80 0 0 81 0 0 0 75 84 0 0 0 0 57 0 0 0 0 4 0 28 0 0 0 0 0 49 0 0 16 12 0 0 0 74 0 0 0 61 53 0 0 0 0 0 0 0 0 0 0 0 0 0 0 0 78 0 0 0 0 0 36 0 63 0 7 0 23 0 0 0 0 0 94 51 0 0 0 0 0
96 0 0 0 75 0 40 0 33 0 19 0 49 0 0 0 0 0 0 29 65 0 0 60 68 0 0 92 0 40 0 0 0 0 0 0 0 0 0 0 48 0 0 35 70 0 0 0 0 0 0 0 96 0 0 0 0 0 0 0 0 0 62 75 0 0 78 43 0 0 29 0 0 0 0 0 0 0 0 0 30 36 0 40 0 24 56 99 0 0 0 0 0 0 0 0 22 0 0 83
0 5 0 24 96 0 0 94 0 0 0 97 42 0 0 0 87 75 97 0 0 0 0 0 0 0 0 99 0 95 0 0 76 0 0 44 0 58 0 26 0 0 17 0 0 0 0 0 0 0 0 80 1 0 0 0 0 29 0 54 0 0 0 0 0 92 0 61 0 0 0 0 52 0 0 33 0 0 0 0 0 0 0 98 41 35 62 0 0 0 13 0 0 0 0 0 0 0 0 0
45 96 65 87 0 39 0 0 0 0 0 52 0 0 0 0 0 0 0 0 79 0 0 0 59 0 0 0 0 0 24 0 19 0 0 0 0 0 0 0 22 0 0 0 0 9 0 0 0 0 0 74 0 0 94 0 0 0 88 0 99 0 0 0 0 0 0 69 0 0 0 0 0 0 0 0 0 62 0 0 0 19 0 0 0 4 14 0 0 0 0 0 0 5 20 66 0 51 0 75
0 0 34 19 0 0 0 0 0 0 0 0 0 0 0 0 0 74 0 0 30 0 0 0 0 0 0 97 0 0 0 0 99 0 0 0 26 0 0 0 0 0 0 0 0 0 0 0 0 0 0 0 0 0 0 99 0 0 0 0 45 0 0 20 0 0 40 0 0 68 0 19 56 17 0 0 0 0 0 0 35 48 0 0 0 0 0 0 0 0 0 0 16 0 0 0 99 0 0 0
0 0 19 0 0 0 0 0 7 51 0 0 0 0 0 0 0 60 0 0 12 0 0 0 0 0 0 0 0 35 0 97 0 0 0 0 0 0 73 0 0 40 0 0 0 71 0 0 0 0 0 0 0 0 0 0 53 0 0 0 0 0 74 0 0 0 0 0 69 0 0 0 0 98 0 0 7 0 0 0 0 0 0 0 0 0 0 0 0 0 0 0 0 28 0 0 0 0 0 0
0 0 0 0 0 12 0 64 0 0 0 89 0 0 0 0 0 0 0 0 51 0 0 0 0 49 0 0 1 0 0 0 71 0 0 0 0 0 99 49 0 0 0 0 0 3 26 0 0 0 0 0 28 0 0 0 0 0 0 0 50 0 0 0 0 0 0 0 0 0 34 57 84 55 0 0 0 0 48 37 0 0 0 88 0 0 0 0 0 0 0 0 0 0 0 77 0 0 0 0
0 0 0 0 87 72 0 0 7 0 27 85 4 0 0 0 0 0 79 0 0 0 0 0 0 0 0 0 0 98 0 0 0 81 4 0 0 0 0 0 0 0 0 0 0 0 85 0 0 0 0 58 0 24 0 57 0 0 57 54 0 0 0 41 0 0 48 82 0 0 0 88 0 0 0 0 45 0 0 0 0 0 0 0 0 0 0 0 0 0 0 37 0 0 0 0 0 0 60 69
59 78 0 29 0 40 2 0 70 0 27 0 0 0 0 0 0 0 0 0 0 0 0 0 3 0 0 0 0 0 88 0 0 0 0 0 0 0 100 0 0 0 0 0 0 0 59 39 0 0 0 0 0 0 16 0 53 63 0 0 0 0 0 0 0 0 0 0 0 37 0 0 75 0 0 38 8 13 0 0 0 0 0 0 0 35 0 0 0 0 0 0 0 0 0 9 0 99 0 0
0 44 0 68 0 0 30 0 20 100 0 0 82 0 0 0 0 0 0 0 59 0 0 0 80 0 47 80 0 0 0 0 0 0 0 0 0 0 0 0 0 0 0 0 53 0 18 0 0 31 0 0 0 0 0 0 0 0 0 57 0 0 0 0 0 0 0 0 0 0 11 0 0 0 0 0 0 0 0 0 0 49 6 27 49 0 48 0 0 0 0 0 0 0 0 0 0 0 0 0
95 77 0 94 0 0 0 0 0 0 0 88 65 0 0 0 0 0 0 90 0 83 0 0 89 0 0 0 76 76 0 8 0 0 0 0 0 86 0 0 84 0 0 0 0 0 0 0 0 88 0 0 0 0 0 0 0 100 0 0 0 0 10 0 0 0 0 0 88 0 37 0 0 0 0 0 0 0 0 0 0 0 0 36 0 0 0 0 0 0 0 0 0 0 0 0 0 0 0 0
0 0 0 0 87 0 0 0 0 0 0 0 0 0 40 44 97 0 0 0 0 0 0 2 0 0 62 0 0 0 0 65 0 0 0 0 0 0 0 0 0 0 0 41 0 82 0 0 14 0 100 0 0 27 0 0 0 10 0 0 0 84 95 0 59 57 18 0 0 91 0 0 0 0 67 0 0 45 0 0 0 0 0 0 31 0 0 0 21 0 0 0 0 0 0 0 0 0 0 0
0 0 2 0 0 0 0 0 48 43 47 0 0 0 18 0 0 0 0 0 0 0 24 76 0 0 0 0 0 99 0 0 0 0 79 0 37 0 94 0 0 0 0 0 0 0 13 89 0 0 0 46 0 45 9 0 28 0 56 0 0 0 0 0 0 0 0 58 0 0 0 0 48 0 0 0 0 80 0 0 0 0 0 0 0 0 0 0 92 0 0 0 0 11 0 0 0 0 0 31
0 9 0 0 0 23 0 70 0 48 5 5 76 0 46 0 70 0 0 0 44 79 0 0 0 0 78 0 0 0 0 0 0 0 0 40 0 0 0 9 0 0 0 87 25 0 0 0 0 0 0 14 0 0 23 0 0 0 0 0 35 0 80 0 0 0 0 53 0 0 93 0 19 43 0 0 0 0 0 0 0 32 0 0 14 0 0 0 0 0 0 15 0 0 0 0 0 0 60 91
55 0 0 0 0 4 97 0 0 0 0 0 0 0 0 1 85 0 0 46 0 76 24 0 0 0 99 0 0 0 0 70 0 47 23 0 0 0 0 64 96 0 0 0 0 0 0 39 45 0 0 0 86 0 46 0 22 0 0 0 94 0 58 0 28 0 0 0 0 56 0 17 0 86 0 92 0 0 80 0 0 0 0 0 0 0 0 0 0 0 0 0 0 0 97 0 0 92 88 0
0 0 0 32 0 78 27 49 0 0 81 0 0 91 0 89 0 17 55 30 73 0 0 0 93 0 9 0 75 17 0 72 49 0 0 93 0 0 0 0 0 0 0 0 0 0 0 0 38 0 0 0 0 0 0 0 73 0 11 0 45 94 88 9 0 0 0 0 0 0 0 0 0 0 0 0 0 0 39 0 0 0 0 55 0 79 0 0 0 6 0 0 98 0 0 0 0 56 0 0
0 16 0 0 0 0 0 0 16 0 0 100 0 0 0 0 0 45 0 0 8 0 0 0 0 0 0 0 0 0 0 0 0 0 0 0 0 0 0 0 0 91 0 0 0 0 0 0 0 56 0 61 10 0 0 0 0 0 0 0 0 0 0 59 0 0 0 0 0 18 98 0 0 0 0 77 63 61 0 0 37 0 0 83 0 59 56 0 95 0 0 0 0 0 52 74 0 0 0 0
0 0 43 0 0 0 0 0 0 87 0 0 0 0 0 0 30 0 0 0 59 0 0 0 0 13 0 0 0 0 76 0 0 0 0 85 0 34 0 0 22 0 0 0 0 0 0 0 0 0 0 44 0 0 0 0 38 0 0 0 0 21 0 71 0 4 85 11 9 73 0 0 0 0 0 88 78 0 0 0 0 0 0 0 0 0 0 0 0 0 0 0 0 0 79 0 1 0 0 0
0 0 34 0 98 0 50 0 0 0 0 0 0 0 0 0 0 0 0 0 0 0 0 0 0 0 0 87 0 0 0 0 0 0 9 0 0 0 0 0 0 0 0 0 0 0 8 0 0 0 0 0 31 0 0 0 92 0 95 0 57 0 0 89 0 0 77 0 92 0 0 0 0 0 0 99 0 0 95 0 0 0 0 5 0 0 0 0 0 32 0 0 0 0 26 0 0 92 0 0
37 0 0 22 0 0 0 11 0 0 0 0 76 66 0 0 0 0 0 0 41 94 0 0 0 0 0 0 0 47 0 0 0 91 85 0 0 17 0 0 56 0 53 0 0 31 0 0 32 0 0 0 0 0 0 0 7 0 0 22 19 0 0 34 0 83 0 0 78 0 39 0 0 8 0 0 0 0 0 71 0 0 29 0 87 0 0 0 0 0 0 0 0 0 0 0 0 0 0 0
0 0 8 0 84 0 0 0 0 0 72 0 0 17 0 77 0 0 0 0 0 0 0 0 0 0 0 0 32 0 0 0 0 0 0 0 0 96 0 0 0 0 0 12 0 0 0 0 0 0 0 0 0 0 0 87 0 0 0 0 81 0 0 0 0 40 0 0 0 0 0 0 0 0 0 68 65 0 95 0 0 0 0 0 0 0 56 76 96 0 0 0 74 0 92 0 0 0 0 0
13 0 11 0 0 0 0 0 0 33 0 65 0 0 0 0 0 0 90 81 0 8 0 0 30 0 21 0 71 19 0 0 0 0 0 0 8 0 4 0 37 95 0 0 11 0 0 0 0 70 0 0 0 0 16 0 0 23 0 0 0 0 0 0 0 0 0 95 33 0 0 0 0 65 0 77 0 0 0 0 0 0 0 0 0 0 0 0 0 0 0 90 0 0 21 24 0 96 0 0
0 14 0 0 0 0 49 0 0 0 0 0 0 0 0 0 89 13 0 0 0 0 0 0 0 0 0 0 0 0 0 0 0 0 32 42 0 0 0 0 0 64 0 0 0 0 0 0 0 63 0 0 0 0 0 60 77 0 0 6 0 0 0 0 0 2 0 0 0 0 0 0 0 0 78 0 0 0 0 0 36 62 0 0 0 0 0 90 25 21 0 0 17 87 32 78 72 0 0 0
0 49 0 79 0 0 0 75 70 0 0 0 0 0 73 0 0 0 0 0 25 0 0 0 0 62 0 67 39 0 22 26 0 70 0 0 0 2 30 0 14 0 0 0 0 54 0 0 26 0 0 31 0 0 0 8 0 0 0 0 0 0 79 0 0 0 0 0 0 0 0 0 0 0 0 0 0 0 0 0 33 0 93 74 0 0 0 0 0 0 0 0 0 0 59 47 0 0 0 0
0 0 28 0 0 0 0 55 0 68 0 0 0 0 0 95 0 13 48 0 0 33 0 46 0 51 0 0 20 0 0 0 0 0 0 0 0 0 0 53 0 0 0 0 0 0 21 0 0 0 32 0 0 0 0 0 0 0 0 0 0 0 0 0 0 0 0 0 0 0 0 83 2 0 0 0 89 0 0 0 0 9 0 0 6 0 0 0 37 0 0 0 0 0 86 6 0 50 0 16
0 0 0 0 0 74 0 0 0 0 0 33 0 0 0 0 0 0 0 0 0 0 0 0 0 0 0 0 0 15 0 0 0 0 0 0 0 0 0 0 0 0 0 0 73 0 0 0 0 0 0 0 0 0 0 0 36 0 0 0 0 0 0 0 0 97 0 0 53 0 0 0 0 0 0 15 0 0 0 0 28 0 0 0 0 5 0 0 0 0 0 0 0 0 80 0 0 80 0 0
0 71 0 75 0 0 15 0 44 0 0 0 0 6 0 0 0 0 0 10 0 0 0 0 0 0 10 0 0 0 97 0 0 68 0 0 0 0 55 0 0 0 0 0 0 92 0 10 0 11 0 100 46 33 0 0 47 0 0 0 0 0 0 0 0 0 0 0 0 38 0 0 0 0 0 31 0 0 0 0 0 0 21 0 0 15 0 0 0 0 0 0 0 0 0 0 0 0 32 37
0 0 0 0 0 0 0 0 0 0 74 48 0 0 59 85 0 52 0 0 6 0 0 0 0 0 40 0 55 0 0 17 60 0 0 0 0 0 0 0 0 0 0 0 0 0 0 18 0 0 30 38 0 0 16 78 0 0 0 0 5 0 0 0 0 61 0 0 56 0 0 68 0 13 0 0 0 79 0 0 0 0 0 29 0 0 0 0 34 0 90 0 69 0 0 0 0 0 0 0
0 0 0 0 0 0 0 54 43 0 0 0 66 86 89 0 79 0 0 92 0 0 97 77 0 0 0 0 0 0 12 0 0 75 0 0 0 0 0 0 0 0 0 23 0 35 65 0 85 0 0 73 0 0 0 0 0 0 0 0 0 0 0 0 0 86 0 0 0 0 0 49 37 36 0 0 0 0 0 0 0 0 44 0 0 0 0 0 0 80 0 0 0 0 0 0 0 73 75 0
0 0 0 0 77 0 0 0 0 0 33 0 78 82 0 30 0 0 0 0 0 0 0 0 0 0 0 42 50 29 0 0 0 0 42 0 0 0 0 0 0 32 0 83 0 0 0 0 0 83 0 0 0 0 0 0 0 0 7 26 0 0 0 12 0 80 0 0 0 0 23 0 62 67 0 0 0 0 3 77 0 0 68 1 0 0 0 0 0 0 0 0 0 35 0 0 0 0 0 82
0 75 48 0 0 0 0 0 31 0 0 12 0 0 0 0 0 0 76 0 0 0 76 0 0 0 0 0 0 49 0 0 14 7 0 0 0 0 0 0 0 0 0 0 0 0 0 0 78 33 0 1 0 0 0 0 0 0 0 0 0 55 88 28 0 0 15 0 0 0 23 0 0 0 0 0 0 0 0 83 81 95 73 0 0 0 0 0 0 5 0 42 0 0 41 0 0 94 0 0
0 0 0 0 0 0 62 0 0 0 0 0 0 81 0 0 0 18 0 0 0 0 92 0 39 0 0 0 26 0 0 0 0 26 0 84 87 0 0 0 0 85 0 0 0 92 0 0 46 0 0 0 41 0 80 0 0 0 0 0 84 0 0 0 86 78 0 0 0 0 15 0 0 7 28 0 84 0 0 80 0 0 67 70 0 0 0 0 0 0 0 0 0 0 0 0 47 0 0 0
0 78 0 0 0 98 0 0 70 95 0 0 54 0 7 0 0 0 20 0 0 13 0 82 0 0 53 0 0 0 0 0 54 0 0 0 0 0 0 0 6 0 0 0 0 0 0 78 0 0 0 0 0 0 0 0 7 39 92 0 0 0 0 0 0 49 0 55 0 0 38 0 94 97 75 47 0 12 0 0 0 0 75 32 0 0 87 98 78 0 61 0 0 26 0 0 0 0 0 0
22 0 52 0 82 0 0 0 0 49 0 41 0 0 0 10 15 0 0 0 0 0 0 0 0 39 0 0 0 0 0 0 73 0 0 0 0 0 0 0 0 0 0 0 0 0 0 0 0 0 5 0 0 18 0 0 0 0 92 0 46 0 0 0 0 95 6 67 0 0 0 51 18 0 0 0 0 0 0 0 0 32 0 28 43 0 0 0 0 63 0 72 33 0 0 100 97 91 0 0
0 0 0 0 0 0 28 0 0 0 0 0 0 53 62 0 0 0 0 37 83 0 73 0 0 0 0 0 0 0 0 0 0 0 0 0 73 0 0 61 0 0 97 41 70 0 55 0 0 0 0 0 0 0 22 0 0 0 0 0 0 0 0 0 0 76 67 0 0 0 0 0 0 0 0 0 64 0 0 0 0 0 0 0 55 0 0 0 0 0 0 93 0 63 66 0 89 0 46 5
0 0 0 0 0 12 52 0 0 0 0 0 0 13 0 0 0 0 0 0 0 68 0 0 0 0 0 0 0 82 90 0 0 0 88 0 0 0 0 0 0 0 26 0 0 73 0 0 0 43 0 37 0 0 0 91 20 0 0 0 0 0 0 0 0 68 0 0 0 0 0 0 0 0 34 0 0 0 0 0 0 0 0 0 0 0 0 0 44 0 0 0 0 0 28 87 0 0 0 29
0 8 0 0 0 0 0 0 0 41 0 0 44 40 66 0 0 0 10 0 85 0 0 0 0 0 0 0 0 93 0 0 51 0 0 0 0 0 53 0 0 0 0 0 88 0 0 93 0 0 24 66 0 0 0 0 0 0 71 0 0 0 0 0 0 0 0 0 0 16 0 0 0 0 0 0 0 0 51 58 0 0 0 0 0 0 77 0 13 0 0 42 0 0 0 0 0 0 0 0
0 0 0 0 91 47 0 0 0 0 48 92 0 0 0 0 39 0 0 11 0 27 0 0 40 0 0 0 0 80 0 0 0 0 0 80 0 0 0 0 0 0 42 0 0 0 0 0 99 0 0 0 0 0 0 67 0 0 17 0 0 0 57 0 0 13 0 0 0 0 0 0 0 0 0 0 0 0 0 0 0 75 20 40 0 0 0 0 0 0 0 0 0 41 0 0 0 0 0 0
0 28 0 0 0 54 0 37 0 0 25 0 0 0 0 0 0 0 52 0 0 10 0 0 0 28 0 0 25 0 99 0 81 0 0 0 0 43 0 86 0 28 0 35 0 5 3 66 78 0 0 0 0 78 0 0 0 17 78 0 0 0 0 0 0 0 0 0 8 0 100 0 0 0 0 0 13 93 64 0 0 12 0 0 0 0 0 0 0 26 0 0 55 0 0 19 0 0 37 37
54 8 0 0 0 0 0 0 0 0 0 0 0 0 0 0 0 0 0 0 55 0 72 0 0 5 0 89 0 0 0 0 0 17 0 0 0 0 0 0 0 0 0 0 0 0 0 0 0 0 72 76 0 0 0 0 0 66 0 0 70 17 36 0 0 20 0 0 0 0 0 0 0 0 0 44 0 0 0 0 0 0 3 0 0 0 0 0 0 0 0 0 0 91 55 0 0 92 0 0
0 0 64 66 0 37 0 4 0 37 0 22 0 0 43 0 0 0 0 0 0 0 51 0 0 0 0 0 0 52 94 0 0 0 70 0 0 0 0 0 0 81 0 0 32 0 0 0 0 0 20 0 24 0 0 76 0 0 0 0 0 0 0 0 0 0 0 34 0 0 0 0 56 0 0 0 0 6 0 0 0 0 0 0 0 0 0 0 76 0 0 6 0 0 12 0 0 39 0 0
29 0 0 0 71 0 0 84 2 0 0 0 0 0 87 15 0 0 0 0 0 0 0 0 0 35 66 84 44 0 0 0 98 0 1 0 53 29 0 0 0 0 0 0 0 0 0 0 0 84 32 0 0 0 0 4 0 0 0 0 0 0 0 0 0 0 45 0 0 0 74 0 0 0 0 0 0 0 0 0 0 63 0 0 0 0 0 0 0 0 23 0 0 0 0 33 0 0 0 0
18 0 0 0 29 0 41 0 0 80 84 0 0 0 20 0 91 0 0 40 0 0 7 10 51 0 0 0 0 0 0 0 0 14 0 0 72 0 0 0 0 0 30 27 0 0 0 0 0 0 0 38 0 74 0 0 0 0 0 0 54 6 8 0 0 0 0 0 0 89 0 54 0 0 0 0 0 0 0 0 88 21 0 0 88 0 54 0 87 0 0 0 0 0 0 12 71 98 0 0
4 33 0 0 0 86 0 0 0 0 41 27 0 0 0 0 0 0 0 0 0 0 71 0 0 9 0 0 0 0 0 0 0 52 90 0 90 0 0 0 0 16 0 0 0 15 0 66 0 0 0 0 0 42 0 0 0 0 0 0 77 0 29 0 36 0 0 0 0 68 0 0 0 82 62 0 0 0 0 78 0 0 0 45 0 0 0 0 0 0 0 0 0 26 47 27 0 0 32 0
0 64 0 0 0 0 0 0 66 19 0 0 0 0 39 0 0 69 0 0 20 0 0 0 84 17 0 76 0 0 0 0 0 0 0 0 0 0 21 0 0 0 0 0 0 0 0 0 14 0 0 75 0 68 0 0 0 0 27 0 0 15 0 0 51 18 0 68 21 0 0 0 0 0 0 0 0 71 0 0 0 0 0 0 0 85 32 28 79 0 0 0 0 0 0 0 0 20 0 0
43 0 0 0 55 0 28 0 0 0 0 37 64 0 55 46 0 0 0 0 0 0 0 58 52 0 0 3 0 37 39 0 0 0 0 0 0 0 0 0 81 0 0 0 0 35 0 0 0 0 0 0 0 0 0 51 0 0 84 70 36 0 69 0 0 0 0 0 0 0 0 0 0 0 0 0 0 0 0 0 0 0 0 40 0 0 0 0 0 61 91 0 0 0 0 0 55 0 98 0
0 0 0 0 0 30 0 64 0 0 13 0 0 0 67 12 61 38 0 0 0 0 80 0 0 0 0 0 0 0 0 67 0 92 0 0 0 0 0 0 75 5 43 0 90 29 73 0 0 0 0 88 0 39 0 0 0 0 0 0 0 69 49 31 0 0 0 0 0 0 4 26 0 0 0 0 0 0 0 0 0 0 0 0 0 61 100 61 0 0 0 47 21 0 94 0 0 0 0 0
0 24 0 0 2 0 44 0 0 0 0 0 0 0 0 0 0 0 2 0 0 67 0 22 0 0 0 0 0 0 76 0 5 71 0 0 0 62 0 0 0 98 0 40 0 0 0 0 0 0 58 78 77 0 4 0 77 0 0 0 0 85 0 0 0 0 0 0 0 0 0 73 0 0 0 78 0 51 11 0 0 0 0 0 0 0 0 71 0 0 0 0 0 0 0 0 0 0 0 0
0 0 0 12 0 0 82 0 0 89 0 0 0 95 0 0 0 0 60 0 0 0 0 0 0 0 0 0 0 0 0 74 0 0 18 0 0 0 0 0 0 0 0 0 0 0 0 0 0 0 0 0 0 0 0 36 0 0 0 0 0 0 79 64 0 0 0 0 0 0 0 0 74 45 0 0 0 52 0 80 0 9 0 0 0 33 69 0 0 54 0 0 0 0 0 25 63 0 0 0
0 0 0 0 0 42 0 0 28 0 0 61 88 0 94 83 23 0 11 61 0 20 0 32 0 0 0 0 100 0 34 0 0 0 64 0 0 0 0 0 0 0 0 14 75 0 10 0 30 0 34 90 0 0 49 0 0 0 0 29 0 0 0 0 0 8 0 46 0 0 0 85 0 0 0 0 94 0 20 0 0 0 0 0 0 0 0 0 0 10 0 8 0 0 0 0 0 31 0 70
0 0 0 27 44 0 0 6 0 0 0 0 0 54 0 0 0 0 0 68 0 0 73 96 0 0 0 0 0 82 0 45 0 0 0 0 0 0 0 0 41 0 0 0 0 0 0 0 2 0 0 0 0 73 57 21 0 29 0 0 84 0 0 43 0 0 0 35 97 0 84 0 45 0 0 0 67 0 0 0 0 0 0 0 0 0 0 34 0 0 0 0 0 0 8 81 0 0 0 68
0 79 44 62 0 0 0 38 0 0 0 100 0 0 0 0 0 2 0 7 18 0 0 0 0 0 82 0 0 0 81 0 0 0 0 40 99 0 89 0 0 0 0 28 0 0 0 29 0 0 0 0 0 0 27 35 0 0 0 0 21 0 71 0 0 0 0 0 33 0 90 0 0 0 0 66 0 0 0 0 0 0 0 0 25 16 0 0 16 42 49 0 50 0 0 53 0 0 41 0
0 0 0 0 88 53 0 0 0 0 0 61 0 0 85 80 0 0 0 0 0 0 0 78 0 0 60 0 0 0 0 0 0 0 0 0 0 0 0 0 0 0 0 0 0 27 0 0 0 0 7 57 0 0 0 12 5 0 0 0 0 0 6 0 0 0 0 0 0 54 70 0 38 92 95 0 0 19 0 95 0 0 0 18 0 0 0 0 0 0 0 86 0 0 47 0 0 83 49 29
0 0 0 0 90 0 19 0 74 0 47 94 0 0 0 15 0 0 0 0 94 85 0 0 0 30 0 0 0 0 0 0 0 88 0 0 0 51 0 23 0 0 71 0 0 0 97 0 0 71 0 0 39 0 0 0 6 0 0 0 0 0 0 0 19 0 51 0 78 0 85 0 0 72 0 0 0 0 0 0 0 0 14 0 0 0 5 0 0 83 0 0 74 0 53 0 0 0 0 29
88 0 0 0 0 0 36 0 0 0 92 90 92 0 0 0 0 0 0 0 0 0 0 0 0 0 0 0 85 0 0 0 23 0 0 0 0 0 0 29 67 0 64 0 0 42 0 38 0 0 0 32 0 46 0 0 93 29 0 0 0 0 0 0 0 0 21 0 0 0 62 17 0 0 0 0 66 0 84 0 82 94 85 0 0 79 0 0 0 0 64 53 0 0 0 6 0 0 97 87
0 0 0 75 35 0 0 8 0 0 0 0 57 0 0 49 98 0 69 0 0 11 31 0 0 73 0 0 0 29 0 0 0 0 0 0 0 0 0 0 0 32 52 0 11 0 0 0 0 0 0 0 0 0 24 83 0 0 0 0 36 0 0 0 21 11 0 0 17 0 0 0 12 29 0 0 0 27 81 0 0 53 0 0 0 0 0 0 0 0 0 0 0 36 0 0 0 0 63 0
0 0 0 0 12 0 0 0 69 0 0 0 25 0 0 0 32 0 0 0 51 0 0 0 0 0 96 53 84 12 0 27 0 0 0 0 0 0 82 0 8 0 0 0 0 45 0 0 0 0 0 0 54 5 0 0 0 97 0 0 0 75 0 0 81 0 0 0 0 0 0 0 30 47 0 0 0 0 0 0 0 0 0 91 3 0 0 0 0 2 0 0 0 0 0 0 0 0 0 9
49 0 56 17 0 24 0 0 0 0 0 0 95 64 0 0 0 0 18 0 0 0 87 84 0 0 0 0 47 0 0 0 0 88 19 0 9 0 0 0 0 25 80 0 0 0 0 99 0 0 0 77 72 0 0 0 0 0 62 0 86 0 0 0 0 61 0 76 0 0 0 0 0 0 0 85 0 0 21 0 49 28 0 0 91 49 0 0 0 0 39 0 37 0 0 0 0 0 56 0
0 0 0 0 0 35 0 0 25 0 0 0 10 38 0 0 65 0 0 0 0 0 0 69 66 0 9 0 0 0 7 0 0 0 0 44 2 0 0 3 19 0 0 0 54 73 9 0 0 0 0 0 0 0 35 0 47 0 0 43 0 0 0 0 0 0 33 0 0 0 0 0 49 61 0 0 0 40 0 0 0 0 0 0 2 81 0 0 0 0 44 0 0 0 51 0 0 0 0 0
0 0 22 0 0 70 0 0 81 0 0 0 33 19 0 0 0 24 0 0 37 41 75 50 0 0 0 45 0 0 100 0 90 0 0 40 0 0 0 78 0 20 51 0 0 0 0 0 89 0 0 0 0 87 0 55 0 0 0 0 82 0 0 0 0 0 0 0 0 0 0 14 75 0 0 28 0 0 0 0 87 0 0 0 3 15 0 0 0 0 0 0 74 0 0 0 0 0 48 0
0 0 0 0 0 0 18 0 5 0 0 0 0 76 0 0 0 0 0 0 52 0 47 50 0 89 0 0 0 70 12 0 0 0 0 0 0 0 72 0 0 0 0 0 13 0 0 5 0 0 4 0 0 0 44 0 0 0 0 84 9 0 0 23 0 0 0 0 96 0 44 0 38 0 0 67 0 0 0 0 0 0 0 56 20 18 0 0 62 0 0 30 48 0 73 0 0 0 51 0
0 0 55 0 0 0 0 0 0 90 0 0 0 81 85 0 7 0 0 0 0 0 98 54 0 0 0 0 0 0 0 30 85 0 0 0 0 0 0 0 0 0 31 0 0 86 20 0 0 32 0 0 0 0 0 0 99 0 0 0 45 0 0 0 0 46 0 0 28 0 0 0 0 0 0 25 0 0 77 98 0 0 47 0 0 0 0 75 0 0 0 0 0 43 0 0 91 68 0 0
0 0 0 0 0 0 0 70 0 0 37 0 0 0 0 0 58 0 0 0 0 0 0 0 0 0 0 0 0 0 8 0 88 51 1 0 0 0 94 0 60 0 63 0 0 31 53 0 0 31 100 0 60 0 41 26 0 0 98 0 88 0 0 0 17 0 0 0 0 50 0 0 0 0 59 99 0 0 0 54 0 81 0 0 0 0 0 53 0 0 0 84 0 1 0 0 25 0 0 0
0 4 72 0 0 99 0 0 0 0 0 0 0 0 0 0 0 0 0 0 0 0 6 0 0 0 0 70 0 0 0 0 0 0 0 0 0 0 81 24 0 0 0 0 0 8 0 75 0 0 0 0 0 0 0 66 0 44 0 0 70 0 0 0 0 6 93 0 0 0 57 0 0 83 0 0 0 0 0 52 0 0 0 100 0 0 0 0 0 0 0 83 0 0 0 0 68 0 0 0
63 0 41 0 0 0 0 91 41 0 0 0 0 0 0 0 17 0 35 0 0 0 22 0 0 0 0 0 0 0 0 0 0 0 0 0 71 0 0 0 0 0 0 0 22 0 0 0 0 0 72 0 0 0 44 24 74 0 0 0 0 60 0 0 0 43 0 96 67 0 0 0 0 0 93 0 0 0 0 0 0 0 9 4 0 0 0 0 0 48 0 0 46 0 0 0 0 0 63 0
8 0 0 0 0 0 33 0 0 87 0 0 2 0 0 0 0 0 31 0 64 0 0 0 74 0 0 22 0 0 68 0 0 75 9 0 0 0 0 0 0 0 0 0 0 0 71 0 0 58 0 7 0 0 25 62 0 0 0 19 0 0 66 58 0 0 88 0 82 0 0 0 0 0 9 5 33 0 13 20 75 0 0 0 0 0 0 0 0 0 0 55 0 0 0 0 0 0 0 0
26 0 0 0 90 0 0 0 0 0 0 0 38 44 0 0 80 0 78 0 0 0 0 0 0 12 0 0 19 0 29 0 0 0 2 0 0 6 0 0 0 28 0 0 0 0 22 0 0 0 0 81 0 0 3 0 0 0 0 0 0 0 0 0 0 0 4 0 25 67 32 0 0 0 0 6 0 0 0 0 83 0 0 0 0 0 0 0 0 0 0 0 0 100 0 0 6 0 0 0
0 0 0 50 0 0 0 0 0 0 0 0 82 22 0 21 0 0 0 0 6 0 4 0 0 0 0 0 0 21 0 0 0 37 0 0 0 0 21 0 0 0 0 0 0 4 0 0 0 89 0 0 65 62 0 0 0 38 0 5 1 56 6 0 0 0 0 0 0 0 0 20 0 0 0 0 9 0 40 19 0 0 38 0 0 0 0 0 23 0 0 66 0 64 0 0 0 50 0 23
0 0 0 0 0 0 0 0 0 0 0 0 0 0 0 0 0 34 0 82 0 0 0 21 38 0 0 82 10 92 0 0 95 0 72 0 0 67 0 0 22 89 0 0 81 0 0 0 0 0 0 0 0 0 0 76 0 0 0 12 0 0 37 0 0 89 0 0 0 93 0 0 0 82 0 72 0 0 0 96 0 0 0 30 0 61 0 0 0 79 0 0 0 0 0 75 33 93 0 30
75 0 0 0 2 0 0 0 0 0 0 0 0 0 0 0 0 0 0 0 0 0 0 0 0 0 0 0 0 0 0 0 0 0 0 0 0 0 0 0 94 32 0 0 0 0 0 0 0 0 0 18 0 0 67 0 0 0 58 0 0 26 0 0 0 0 54 25 0 0 0 0 0 0 0 0 0 0 59 17 0 0 92 0 0 0 0 48 0 0 0 0 38 0 8 0 61 0 93 0
0 0 0 0 0 0 0 0 94 0 0 0 10 0 0 0 0 100 0 6 0 0 0 0 0 0 0 0 0 0 0 0 0 0 0 0 0 0 20 0 0 0 67 0 0 0 0 56 0 97 38 17 0 0 0 33 88 41 0 22 0 0 0 0 0 0 0 0 0 0 98 0 0 0 0 0 0 62 79 0 0 0 0 39 0 0 0 0 0 0 68 0 0 0 0 0 11 0 96 0
0 88 0 69 0 52 0 0 73 0 0 0 0 0 63 0 0 2 0 4 0 95 0 0 0 0 0 0 0 0 10 74 0 98 0 0 0 80 0 98 55 0 66 0 0 80 0 0 0 0 0 0 0 0 0 0 0 0 0 0 0 0 0 0 0 0 0 0 65 0 0 0 0 0 0 0 0 0 78 0 0 0 0 0 0 0 0 0 91 13 34 0 0 67 0 73 88 0 13 34
0 0 19 98 0 74 0 0 0 0 0 0 0 0 0 0 14 41 0 0 32 0 0 0 0 0 0 0 0 95 26 53 0 0 0 0 35 0 0 0 33 0 67 0 0 0 0 40 0 0 0 0 0 0 42 0 12 31 0 0 0 0 0 0 0 54 0 0 0 0 0 0 0 0 0 0 3 0 0 0 0 0 58 93 0 0 0 0 0 47 0 0 0 0 67 0 0 0 21 0
48 0 0 29 0 78 0 0 0 0 0 0 0 0 41 0 0 0 31 0 0 0 0 0 83 0 0 0 0 0 66 0 38 0 0 13 0 0 97 65 0 26 0 0 0 0 0 0 0 0 0 0 0 85 0 0 0 0 27 54 81 0 0 0 0 0 0 0 90 0 60 0 0 0 0 1 63 0 0 0 40 0 0 0 0 0 42 89 0 0 96 0 0 49 0 60 37 0 44 62
0 10 0 0 0 0 0 9 0 0 0 0 0 0 0 0 0 0 0 0 0 0 0 0 0 0 0 0 0 47 100 0 46 0 0 0 0 0 0 0 84 0 0 0 0 0 6 0 17 0 0 0 0 0 0 0 0 0 0 0 0 0 0 0 0 100 5 0 97 0 0 0 0 0 0 0 0 94 0 0 0 0 0 63 0 0 0 0 0 0 0 67 60 0 0 0 0 0 0 0
0 0 0 53 73 0 0 0 0 76 0 0 0 0 0 86 0 0 0 0 0 77 0 0 0 0 85 0 23 53 0 0 84 21 0 69 0 0 0 0 0 0 0 49 0 0 0 69 0 0 0 0 0 0 0 0 70 11 0 0 0 0 0 38 0 0 0 40 69 0 0 0 0 0 29 0 0 35 83 0 41 0 0 0 17 0 3 0 0 0 56 0 31 82 0 0 0 0 0 0
0 0 0 0 0 0 0 0 89 0 0 47 0 70 17 0 0 40 0 0 68 0 0 0 39 0 0 0 0 0 6 0 0 61 0 0 4 0 85 0 0 0 0 12 61 0 61 0 0 8 0 47 0 0 0 0 0 86 0 59 61 0 57 51 0 0 0 0 28 100 0 93 91 0 52 0 0 0 0 32 26 0 0 0 0 0 0 0 0 0 0 0 0 0 87 0 30 0 0 0
0 0 0 0 0 0 94 14 0 88 53 0 0 0 0 39 0 0 0 0 56 0 38 31 0 0 0 0 0 0 0 0 0 0 0 0 0 0 0 0 50 0 0 87 22 0 0 0 0 0 89 0 0 0 55 0 0 0 24 0 0 42 0 0 87 0 57 0 0 0 0 43 0 63 0 0 0 94 79 0 0 0 40 0 0 0 0 48 96 0 0 7 0 62 0 0 0 0 0 98
76 0 0 0 0 0 0 0 0 77 0 0 0 0 0 0 55 0 29 0 0 0 71 0 4 0 0 0 0 0 0 54 0 0 0 0 0 0 0 0 63 0 0 74 0 0 0 0 0 0 0 31 84 0 16 0 0 0 0 90 0 0 0 0 40 0 0 0 0 35 0 0 0 0 0 0 0 0 13 0 24 0 0 0 0 0 0 0 0 0 0 0 0 0 0 48 0 0 0 0
0 0 0 0 0 38 0 0 0 29 0 75 0 34 0 0 0 0 0 0 47 0 0 0 0 0 62 0 0 0 36 0 0 0 85 0 0 0 0 13 47 0 0 0 0 0 0 0 0 0 72 0 0 0 0 0 8 0 30 0 2 0 0 0 0 0 78 0 90 86 0 0 0 0 0 33 0 0 0 79 0 99 0 0 0 0 0 0 0 12 0 0 0 0 0 23 0 0 0 94
0 0 97 0 0 0 0 0 25 86 50 0 63 0 0 0 0 79 0 0 0 0 0 0 80 45 0 79 47 0 0 0 0 38 0 0 0 0 0 0 0 0 0 0 0 0 0 0 0 54 0 0 0 0 0 0 0 0 0 0 0 0 0 77 0 6 92 0 0 40 0 0 67 0 54 0 0 100 0 42 0 0 0 0 0 35 0 0 0 0 0 0 0 0 0 0 0 0 65 0
0 0 0 0 77 0 0 0 0 66 0 0 0 81 0 0 12 0 0 0 0 0 0 0 0 0 0 0 0 0 0 8 0 83 10 0 36 80 0 0 40 0 6 0 0 0 0 0 0 74 0 0 4 0 3 0 0 30 0 0 20 0 0 0 0 0 46 0 0 0 0 0 0 0 0 0 0 0 0 16 0 36 0 38 0 0 66 0 0 0 0 0 91 0 4 0 0 68 0 0
63 0 0 0 0 0 82 17 0 27 0 16 0 0 56 0 0 0 0 0 0 0 0 7 0 0 0 30 0 0 0 0 15 0 0 0 5 0 29 0 0 0 0 0 0 0 6 0 0 0 0 0 0 71 0 0 0 0 0 96 0 0 45 0 0 0 0 0 0 45 27 76 0 0 3 0 0 56 0 0 0 0 0 0 0 0 0 87 0 0 0 0 0 17 0 0 0 32 0 0
23 0 0 0 0 0 0 75 0 51 0 0 46 0 0 0 0 0 41 75 0 0 45 0 0 0 0 0 49 0 0 0 0 0 42 0 0 11 3 53 26 0 0 0 0 0 62 0 0 0 0 0 85 0 0 6 0 0 0 0 0 63 0 0 0 0 48 87 65 0 0 0 0 0 0 0 0 0 68 0 11 0 0 0 51 43 5 0 0 0 0 0 0 0 0 92 0 0 0 0
67 60 0 66 0 0 0 0 0 78 0 0 0 71 0 0 11 0 0 73 14 36 0 0 24 0 0 0 44 50 80 0 0 68 92 0 0 0 23 76 0 0 0 0 65 0 0 0 0 0 0 0 85 0 0 0 58 21 73 0 0 0 0 0 92 6 0 60 76 0 0 0 0 0 0 0 91 0 0 0 0 0 28 55 21 0 85 0 0 0 0 0 96 0 0 0 0 0 0 0
0 0 0 0 0 0 0 0 21 0 53 33 0 0 0 0 0 0 0 0 0 0 0 48 0 0 0 70 36 33 5 0 0 21 0 0 0 5 0 0 91 0 9 0 0 0 0 0 92 0 0 0 0 0 0 37 0 0 0 27 10 97 0 58 0 41 0 0 0 0 93 0 0 0 0 60 0 42 0 0 0 77 0 34 79 0 26 0 0 0 0 0 0 92 11 0 0 27 0 0
0 0 84 87 0 0 33 0 0 0 0 49 0 0 0 48 8 0 0 1 0 34 0 0 0 2 0 0 0 0 97 0 0 20 45 0 0 13 0 0 72 29 0 0 76 0 65 0 48 0 0 0 5 0 0 0 0 0 4 0 75 0 0 0 0 23 0 25 0 0 91 0 0 44 0 0 0 0 0 0 39 0 0 5 0 0 0 0 0 0 65 8 0 0 0 0 41 0 0 0
0 19 0 0 0 85 0 0 0 0 0 0 0 0 32 0 26 0 0 92 0 0 3 0 0 52 0 0 0 0 0 0 0 0 0 50 0 0 0 0 0 33 46 92 0 0 28 0 0 86 0 0 31 0 0 0 98 0 75 51 54 0 0 0 29 0 0 59 0 0 0 0 0 0 0 0 82 0 0 33 45 0 0 0 0 71 17 0 0 0 0 0 0 0 0 81 0 0 0 0
82 0 2 0 0 0 0 1 0 0 0 0 0 0 61 0 0 0 58 30 0 0 0 0 0 0 0 0 0 22 0 0 0 0 0 96 75 0 0 0 0 0 0 0 49 43 0 72 0 0 0 0 0 0 79 0 51 0 0 0 0 20 41 0 0 0 0 0 0 87 0 17 0 0 0 0 0 0 0 36 84 0 19 85 0 0 0 0 0 0 0 0 0 78 0 0 0 0 35 0
0 0 0 0 0 0 0 0 44 0 0 0 86 0 38 95 0 0 0 53 0 0 0 22 92 0 91 49 57 64 68 0 78 0 0 0 0 0 0 0 0 0 0 10 84 0 0 0 0 0 0 19 0 0 88 0 34 0 80 0 24 0 0 78 0 0 0 0 0 0 94 0 50 0 25 0 56 0 13 0 0 31 0 0 0 26 0 94 0 0 0 0 0 32 0 0 0 0 0 0
0 16 0 34 0 0 37 0 0 0 0 0 0 0 0 0 0 0 0 0 9 0 0 26 0 43 22 0 0 0 0 0 0 0 0 24 0 0 0 0 0 0 0 0 0 0 0 0 0 56 0 0 0 15 0 0 0 91 64 0 0 0 0 0 0 0 75 0 0 0 37 0 0 0 0 71 0 0 0 0 48 40 0 0 98 77 0 0 0 0 0 27 15 0 62 0 0 46 0 0
0 0 0 0 27 0 0 0 0 0 0 3 0 0 0 63 0 0 0 62 72 0 0 0 0 0 0 36 0 72 0 6 0 0 87 0 56 66 0 0 0 0 0 0 0 89 0 0 0 0 0 0 0 0 0 0 0 0 14 28 0 0 0 78 0 67 70 0 0 0 0 0 0 0 0 0 13 54 0 0 0 14 0 77 0 0 77 70 41 0 75 0 0 0 0 24 0 0 48 0
37 0 42 0 0 27 6 0 0 0 16 0 95 0 0 0 0 0 0 33 16 0 0 0 0 21 0 0 0 0 0 0 0 9 0 0 0 0 14 0 78 0 0 0 0 0 0 0 23 0 0 0 0 0 0 17 50 0 0 0 0 0 97 0 0 0 0 0 0 0 0 0 0 0 0 0 0 0 0 0 0 0 55 0 0 40 86 0 0 47 0 0 78 0 87 0 67 27 0 0
0 0 12 0 0 0 15 69 0 0 0 0 6 16 0 0 0 0 0 0 0 0 0 0 0 0 0 0 0 0 0 0 20 16 6 0 0 0 30 0 0 0 0 0 17 71 0 0 0 0 0 0 78 0 0 70 35 0 0 0 0 75 0 84 23 0 0 55 0 0 0 0 0 0 20 0 4 0 83 0 77 0 40 0 14 0 0 0 0 0 0 0 0 0 74 0 0 0 0 0
0 0 0 0 0 0 24 0 0 0 0 0 0 0 0 67 15 0 0 0 38 0 0 95 0 12 0 69 88 0 0 0 0 0 0 0 82 0 0 0 0 35 0 0 0 81 0 0 0 0 0 0 0 52 0 35 0 0 4 86 0 0 0 0 0 0 86 87 0 0 0 94 0 0 5 0 0 0 54 6 0 0 0 32 0 47 0 0 0 15 0 97 0 0 86 70 0 0 0 0
0 0 0 0 0 0 65 0 97 0 0 0 31 71 0 0 50 0 0 0 0 0 0 42 0 0 0 0 0 0 0 0 0 9 0 0 0 100 0 0 0 65 43 0 0 34 0 0 0 0 0 0 0 0 0 0 0 0 0 0 0 0 0 46 0 14 0 87 0 78 0 0 0 0 0 0 0 0 0 0 0 0 75 23 0 34 91 0 79 56 0 0 0 0 0 0 0 0 0 0
0 0 0 0 0 0 0 0 52 0 0 0 0 0 0 0 0 0 84 0 0 0 8 0 96 0 50 0 96 4 0 0 0 0 0 0 0 0 34 0 0 0 0 0 0 0 0 0 0 0 0 0 0 0 0 0 0 0 0 0 0 0 0 0 97 0 10 0 0 0 0 0 0 0 0 24 0 0 75 0 0 0 0 0 0 0 0 0 0 0 31 0 0 34 34 5 0 0 0 0
56 9 0 0 73 0 0 0 33 0 0 0 0 0 0 0 0 88 0 76 0 0 0 0 0 0 75 0 0 0 0 0 0 0 0 66 51 65 0 0 0 0 0 32 0 0 58 0 2 0 0 0 81 94 0 0 0 36 0 5 0 46 0 0 0 0 0 26 0 0 0 0 0 44 0 0 0 0 0 0 0 0 0 0 0 0 0 0 0 63 20 0 0 91 0 5 16 0 39 26
56 40 0 100 0 0 0 33 85 64 0 0 48 0 0 62 0 90 33 0 0 0 0 80 0 0 0 76 0 51 23 0 0 84 0 0 0 0 0 0 0 0 0 0 0 0 0 0 22 15 0 0 0 30 0 0 80 3 0 0 0 0 0 0 57 0 67 0 45 0 0 0 0 0 0 0 67 0 0 0 0 0 0 0 65 0 0 0 26 0 0 0 77 0 0 71 0 0 0 0
85 57 0 0 0 0 0 0 0 47 0 0 0 86 0 0 0 0 1 31 0 0 0 0 0 0 3 0 0 99 0 53 0 0 0 0 15 0 0 35 0 50 0 0 0 0 0 0 40 70 0 77 63 0 35 0 0 0 70 11 0 0 46 0 0 0 0 0 0 0 0 0 0 37 0 46 0 83 48 0 0 55 57 0 0 0 0 0 0 48 59 0 0 0 0 0 0 0 0 0
0 0 0 0 0 0 0 0 0 0 0 82 0 0 6 0 0 0 0 0 59 0 0 83 0 0 0 59 39 0 0 0 0 3 0 0 0 0 4 0 93 0 0 0 0 0 88 0 0 37 99 0 0 0 77 0 0 0 62 17 0 0 0 0 0 0 0 0 0 0 0 0 0 0 0 79 0 0 0 0 0 28 0 8 0 35 0 47 0 0 0 0 0 30 91 0 0 0 0 0
75 0 0 0 73 0 93 0 21 0 62 0 71 0 0 0 0 0 0 68 29 0 0 32 16 0 0 13 0 60 0 0 0 0 0 0 0 0 0 0 12 0 0 43 48 0 0 0 0 0 0 0 40 0 0 0 0 0 0 0 0 0 47 9 0 0 72 57 0 0 7 0 0 0 0 0 0 0 0 0 60 60 0 74 0 92 97 46 0 0 0 0 0 0 0 0 52 0 0 32
0 58 0 91 91 0 0 67 0 0 0 23 20 0 0 0 41 5 64 0 0 0 0 0 0 0 0 8 0 81 0 0 60 0 0 49 0 59 0 54 0 0 49 0 0 0 0 0 0 0 0 49 98 0 0 0 0 12 0 7 0 0 0 0 0 67 0 15 0 0 0 0 94 0 0 82 0 0 0 0 0 0 0 51 89 73 61 0 0 0 26 0 0 0 0 0 0 0 0 0
44 59 54 26 0 52 0 0 0 0 0 99 0 0 0 0 0 0 0 0 88 0 0 0 24 0 0 0 0 0 28 0 45 0 0 0 0 0 0 0 40 0 0 0 0 93 0 0 0 0 0 85 0 0 17 0 0 0 80 0 75 0 0 0 0 0 0 77 0 0 0 0 0 0 0 0 0 27 0 0 0 46 0 0 0 67 86 0 0 0 0 0 0 69 56 19 0 50 0 48
0 0 10 50 0 0 0 0 0 0 0 0 0 0 0 0 0 51 0 0 68 0 0 0 0 0 0 35 0 0 0 0 92 0 0 0 6 0 0 0 0 0 0 0 0 0 0 0 0 0 0 0 0 0 0 100 0 0 0 0 50 0 0 40 0 0 16 0 0 5 0 58 33 56 0 0 0 0 0 0 18 79 0 0 0 0 0 0 0 0 0 0 92 0 0 0 53 0 0 0
0 0 84 0 0 0 0 0 6 23 0 0 0 0 0 0 0 60 0 0 30 0 0 0 0 0 0 0 0 12 0 5 0 0 0 0 0 0 84 0 0 90 0 0 0 61 0 0 0 0 0 0 0 0 0 0 76 0 0 0 0 0 1 0 0 0 0 0 99 0 0 0 0 58 0 0 43 0 0 0 0 0 0 0 0 0 0 0 0 0 0 0 0 50 0 0 0 0 0 0
0 0 0 0 0 100 0 37 0 0 0 72 0 0 0 0 0 0 0 0 62 0 0 0 0 29 0 0 76 0 0 0 35 0 0 0 0 0 28 5 0 0 0 0 0 17 99 0 0 0 0 0 20 0 0 0 0 0 0 0 89 0 0 0 0 0 0 0 0 0 55 94 15 47 0 0 0 0 22 30 0 0 0 98 0 0 0 0 0 0 0 0 0 0 0 37 0 0 0 0
0 0 0 0 19 39 0 0 72 0 25 66 43 0 0 0 0 0 37 0 0 0 0 0 0 0 0 0 0 21 0 0 0 84 89 0 0 0 0 0 0 0 0 0 0 0 74 0 0 0 0 67 0 27 0 73 0 0 16 68 0 0 0 15 0 0 20 64 0 0 0 8 0 0 0 0 76 0 0 0 0 0 0 0 0 0 0 0 0 0 0 39 0 0 0 0 0 0 1 81
12 49 0 22 0 52 30 0 92 0 12 0 0 0 0 0 0 0 0 0 0 0 0 0 92 0 0 0 0 0 45 0 0 0 0 0 0 0 61 0 0 0 0 0 0 0 45 59 0 0 0 0 0 0 11 0 92 15 0 0 0 0 0 0 0 0 0 0 0 55 0 0 96 0 0 30 53 62 0 0 0 0 0 0 0 64 0 0 0 0 0 0 0 0 0 54 0 47 0 0
0 56 0 75 0 0 16 0 55 11 0 0 84 0 0 0 0 0 0 0 95 0 0 0 61 0 75 26 0 0 0 0 0 0 0 0 0 0 0 0 0 0 0 0 4 0 96 0 0 6 0 0 0 0 0 0 0 0 0 67 0 0 0 0 0 0 0 0 0 0 32 0 0 0 0 0 0 0 0 0 0 35 33 71 93 0 43 0 0 0 0 0 0 0 0 0 0 0 0 0
56 5 0 33 0 0 0 0 0 0 0 81 93 0 0 0 0 0 0 67 0 91 0 0 34 0 0 0 43 59 0 52 0 0 0 0 0 48 0 0 2 0 0 0 0 0 0 0 0 78 0 0 0 0 0 0 0 49 0 0 0 0 50 0 0 0 0 0 85 0 5 0 0 0 0 0 0 0 0 0 0 0 0 58 0 0 0 0 0 0 0 0 0 0 0 0 0 0 0 0
0 0 0 0 81 0 0 0 0 0 0 0 0 0 43 10 52 0 0 0 0 0 0 8 0 0 89 0 0 0 0 60 0 0 0 0 0 0 0 0 0 0 0 9 0 21 0 0 17 0 42 0 0 22 0 0 0 42 0 0 0 34 15 0 52 46 65 0 0 98 0 0 0 0 92 0 0 44 0 0 0 0 0 0 44 0 0 0 5 0 0 0 0 0 0 0 0 0 0 0
0 0 92 0 0 0 0 0 96 13 66 0 0 0 36 0 0 0 0 0 0 0 3 44 0 0 0 0 0 34 0 0 0 0 38 0 69 0 67 0 0 0 0 0 0 0 88 50 0 0 0 95 0 3 72 0 35 0 93 0 0 0 0 0 0 0 0 13 0 0 0 0 56 0 0 0 0 47 0 0 0 0 0 0 0 0 0 0 35 0 0 0 0 60 0 0 0 0 0 13
0 17 0 0 0 95 0 85 0 100 55 81 11 0 83 0 3 0 0 0 71 15 0 0 0 0 23 0 0 0 0 0 0 0 0 100 0 0 0 5 0 0 0 55 29 0 0 0 0 0 0 52 0 0 70 0 0 0 0 0 19 0 29 0 0 0 0 73 0 0 87 0 29 38 0 0 0 0 0 0 0 31 0 0 72 0 0 0 0 0 0 82 0 0 0 0 0 0 32 91
16 0 0 0 0 33 67 0 0 0 0 0 0 0 0 59 7 0 0 33 0 70 90 0 0 0 30 0 0 0 0 30 0 34 61 0 0 0 0 34 78 0 0 0 0 0 0 59 80 0 0 0 45 0 88 0 33 0 0 0 30 0 7 0 100 0 0 0 0 98 0 26 0 7 0 34 0 0 11 0 0 0 0 0 0 0 0 0 0 0 0 0 0 0 60 0 0 52 34 0
0 0 0 8 0 6 58 93 0 0 22 0 0 16 0 64 0 31 65 73 53 0 0 0 38 0 25 0 4 42 0 44 65 0 0 88 0 0 0 0 0 0 0 0 0 0 0 0 47 0 0 0 0 0 0 0 65 0 55 0 47 44 11 24 0 0 0 0 0 0 0 0 0 0 0 0 0 0 96 0 0 0 0 6 0 34 0 0 0 21 0 0 30 0 0 0 0 65 0 0
0 59 0 0 0 0 0 0 94 0 0 77 0 0 0 0 0 95 0 0 31 0 0 0 0 0 0 0 0 0 0 0 0 0 0 0 0 0 0 0 0 5 0 0 0 0 0 0 0 68 0 33 59 0 0 0 0 0 0 0 0 0 0 21 0 0 0 0 0 100 81 0 0 0 0 21 1 20 0 0 8 0 0 45 0 82 24 0 19 0 0 0 0 0 94 33 0 0 0 0
0 0 31 0 0 0 0 0 0 26 0 0 0 0 0 0 31 0 0 0 54 0 0 0 0 96 0 0 0 0 36 0 0 0 0 60 0 70 0 0 51 0 0 0 0 0 0 0 0 0 0 93 0 0 0 0 67 0 0 0 0 56 0 16 0 43 42 80 40 12 0 0 0 0 0 66 63 0 0 0 0 0 0 0 0 0 0 0 0 0 0 0 0 0 67 0 60 0 0 0
0 0 35 0 30 0 78 0 0 0 0 0 0 0 0 0 0 0 0 0 0 0 0 0 0 0 0 18 0 0 0 0 0 0 23 0 0 0 0 0 0 0 0 0 0 0 26 0 0 0 0 0 95 0 0 0 19 0 57 0 99 0 0 20 0 0 64 0 76 0 0 0 0 0 0 37 0 0 37 0 0 0 0 74 0 0 0 0 0 17 0 0 0 0 33 0 0 67 0 0
58 0 0 50 0 0 0 100 0 0 0 0 59 68 0 0 0 0 0 0 8 43 0 0 0 0 0 0 0 54 0 0 0 87 84 0 0 79 0 0 94 0 15 0 0 78 0 0 30 0 0 0 0 0 0 0 65 0 0 41 81 0 0 52 0 58 0 0 11 0 31 0 0 65 0 0 0 0 0 9 0 0 42 0 95 0 0 0 0 0 0 0 0 0 0 0 0 0 0 0
0 0 13 0 58 0 0 0 0 0 27 0 0 53 0 20 0 0 0 0 0 0 0 0 0 0 0 0 52 0 0 0 0 0 0 0 0 60 0 0 0 0 0 51 0 0 0 0 0 0 0 0 0 0 0 13 0 0 0 0 81 0 0 0 0 94 0 0 0 0 0 0 0 0 0 61 6 0 33 0 0 0 0 0 0 0 69 30 22 0 0 0 1 0 36 0 0 0 0 0
34 0 96 0 0 0 0 0 0 82 0 6 0 0 0 0 0 0 79 37 0 70 0 0 80 0 24 0 30 34 0 0 0 0 0 0 92 0 13 0 2 36 0 0 86 0 0 0 0 22 0 0 0 0 90 0 0 74 0 0 0 0 0 0 0 0 0 24 65 0 0 0 0 99 0 16 0 0 0 0 0 0 0 0 0 0 0 0 0 0 0 88 0 0 48 14 0 72 0 0
0 4 0 0 0 0 39 0 0 0 0 0 0 0 0 0 10 30 0 0 0 0 0 0 0 0 0 0 0 0 0 0 0 0 63 60 0 0 0 0 0 11 0 0 0 0 0 0 0 9 0 0 0 0 0 4 61 0 0 59 0 0 0 0 0 20 0 0 0 0 0 0 0 0 32 0 0 0 0 0 59 88 0 0 0 0 0 10 77 67 0 0 6 95 76 86 9 0 0 0
0 20 0 25 0 0 0 67 15 0 0 0 0 0 80 0 0 0 0 0 30 0 0 0 0 83 0 43 11 0 58 49 0 96 0 0 0 74 84 0 78 0 0 0 0 69 0 0 16 0 0 84 0 0 0 41 0 0 0 0 0 0 28 0 0 0 0 0 0 0 0 0 0 0 0 0 0 0 0 0 73 0 16 52 0 0 0 0 0 0 0 0 0 0 29 77 0 0 0 0
0 0 27 0 0 0 0 82 0 69 0 0 0 0 0 17 0 13 42 0 0 96 0 70 0 75 0 0 26 0 0 0 0 0 0 0 0 0 0 30 0 0 0 0 0 0 21 0 0 0 74 0 0 0 0 0 0 0 0 0 0 0 0 0 0 0 0 0 0 0 0 48 18 0 0 0 15 0 0 0 0 10 0 0 57 0 0 0 81 0 0 0 0 0 25 71 0 95 0 6
0 0 0 0 0 68 0 0 0 0 0 7 0 0 0 0 0 0 0 0 0 0 0 0 0 0 0 0 0 42 0 0 0 0 0 0 0 0 0 0 0 0 0 0 55 0 0 0 0 0 0 0 0 0 0 0 36 0 0 0 0 0 0 0 0 58 0 0 84 0 0 0 0 0 0 88 0 0 0 0 9 0 0 0 0 65 0 0 0 0 0 0 0 0 46 0 0 75 0 0
0 29 0 17 0 0 5 0 76 0 0 0 0 43 0 0 0 0 0 87 0 0 0 0 0 0 11 0 0 0 23 0 0 56 0 0 0 0 31 0 0 0 0 0 0 24 0 91 0 47 0 79 1 20 0 0 5 0 0 0 0 0 0 0 0 0 0 0 0 18 0 0 0 0 0 51 0 0 0 0 0 0 27 0 0 49 0 0 0 0 0 0 0 0 0 0 0 0 92 15
0 0 0 0 0 0 0 0 0 0 35 73 0 0 98 83 0 47 0 0 35 0 0 0 0 0 20 0 73 0 0 90 56 0 0 0 0 0 0 0 0 0 0 0 0 0 0 83 0 0 37 52 0 0 73 70 0 0 0 0 82 0 0 0 0 86 0 0 36 0 0 64 0 21 0 0 0 9 0 0 0 0 0 52 0 0 0 0 78 0 5 0 84 0 0 0 0 0 0 0
0 0 0 0 0 0 0 31 32 0 0 0 58 31 25 0 32 0 0 52 0 0 66 26 0 0 0 0 0 0 99 0 0 97 0 0 0 0 0 0 0 0 0 88 0 31 35 0 91 0 0 48 0 0 0 0 0 0 0 0 0 0 0 0 0 4 0 0 0 0 0 45 64 45 0 0 0 0 0 0 0 0 31 0 0 0 0 0 0 30 0 0 0 0 0 0 0 29 94 0
0 0 0 0 99 0 0 0 0 0 6 0 37 52 0 35 0 0 0 0 0 0 0 0 0 0 0 73 11 62 0 0 0 0 76 0 0 0 0 0 0 24 0 18 0 0 0 0 0 20 0 0 0 0 0 0 0 0 41 70 0 0 0 99 0 80 0 0 0 0 31 0 92 10 0 0 0 0 83 91 0 0 33 19 0 0 0 0 0 0 0 0 0 51 0 0 0 0 0 11
0 90 48 0 0 0 0 0 53 0 0 72 0 0 0 0 0 0 29 0 0 0 27 0 0 0 0 0 0 62 0 0 48 42 0 0 0 0 0 0 0 0 0 0 0 0 0 0 94 78 0 41 0 0 0 0 0 0 0 0 0 53 4 89 0 0 2 0 0 0 7 0 0 0 0 0 0 0 0 31 69 80 2 0 0 0 0 0 0 64 0 21 0 0 7 0 0 76 0 0
0 0 0 0 0 0 66 0 0 0 0 0 0 56 0 0 0 11 0 0 0 0 87 0 72 0 0 0 84 0 0 0 0 69 0 96 99 0 0 0 0 94 0 0 0 99 0 0 10 0 0 0 53 0 44 0 0 0 0 0 16 0 0 0 31 33 0 0 0 0 94 0 0 32 32 0 98 0 0 52 0 0 41 8 0 0 0 0 0 0 0 0 0 0 0 0 54 0 0 0
0 50 0 0 0 53 0 0 86 95 0 0 48 0 7 0 0 0 75 0 0 72 0 49 0 0 76 0 0 0 0 0 76 0 0 0 0 0 0 0 10 0 0 0 0 0 0 56 0 0 0 0 0 0 0 0 19 71 33 0 0 0 0 0 0 70 0 43 0 0 57 0 36 88 56 32 0 78 0 0 0 0 4 75 0 0 39 34 62 0 91 0 0 31 0 0 0 0 0 0
35 0 4 0 46 0 0 0 0 86 0 80 0 0 0 72 15 0 0 0 0 0 0 0 0 73 0 0 0 0 0 0 18 0 0 0 0 0 0 0 0 0 0 0 0 0 0 0 0 0 96 0 0 41 0 0 0 0 10 0 17 0 0 0 0 62 31 49 0 0 0 17 13 0 0 0 0 0 0 0 0 77 0 9 20 0 0 0 0 70 0 56 33 0 0 29 63 58 0 0
0 0 0 0 0 0 97 0 0 0 0 0 0 41 99 0 0 0 0 11 5 0 82 0 0 0 0 0 0 0 0 0 0 0 0 0 44 0 0 40 0 0 11 96 93 0 73 0 0 0 0 0 0 0 90 0 0 0 0 0 0 0 0 0 0 82 44 0 0 0 0 0 0 0 0 0 57 0 0 0 0 0 0 0 64 0 0 0 0 0 0 95 0 16 100 0 96 0 70 22
0 0 0 0 0 84 12 0 0 0 0 0 0 6 0 0 0 0 0 0 0 18 0 0 0 0 0 0 0 96 11 0 0 0 32 0 0 0 0 0 0 0 13 0 0 2 0 0 0 39 0 34 0 0 0 7 49 0 0 0 0 0 0 0 0 64 0 0 0 0 0 0 0 0 25 0 0 0 0 0 0 0 0 0 0 0 0 0 60 0 0 0 0 0 70 56 0 0 0 13
0 43 0 0 0 0 0 0 0 92 0 0 18 18 28 0 0 0 87 0 86 0 0 0 0 0 0 0 0 17 0 0 84 0 0 0 0 0 98 0 0 0 0 0 19 0 0 84 0 0 85 86 0 0 0 0 0 0 8 0 0 0 0 0 0 0 0 0 0 100 0 0 0 0 0 0 0 0 40 10 0 0 0 0 0 0 19 0 90 0 0 46 0 0 0 0 0 0 0 0
0 0 0 0 50 12 0 0 0 0 26 37 0 0 0 0 66 0 0 54 0 25 0 0 23 0 0 0 0 10 0 0 0 0 0 26 0 0 0 0 0 0 58 0 0 0 0 0 36 0 0 0 0 0 0 88 0 0 62 0 0 0 48 0 0 19 0 0 0 0 0 0 0 0 0 0 0 0 0 0 0 46 95 11 0 0 0 0 0 0 0 0 0 73 0 0 0 0 0 0
0 72 0 0 0 25 0 61 0 0 11 0 0 0 0 0 0 0 35 0 0 12 0 0 0 88 0 0 59 0 81 0 70 0 0 0 0 78 0 24 0 68 0 99 0 93 21 66 26 0 0 0 0 31 0 0 0 17 45 0 0 0 0 0 0 0 0 0 58 0 85 0 0 0 0 0 76 55 66 0 0 76 0 0 0 0 0 0 0 83 0 0 64 0 0 44 0 0 6 100
44 2 0 0 0 0 0 0 0 0 0 0 0 0 0 0 0 0 0 0 76 0 21 0 0 90 0 38 0 0 0 0 0 36 0 0 0 0 0 0 0 0 0 0 0 0 0 0 0 0 75 91 0 0 0 0 0 93 0 0 11 98 73 0 0 11 0 0 0 0 0 0 0 0 0 15 0 0 0 0 0 0 32 0 0 0 0 0 0 0 0 0 0 47 70 0 0 73 0 0
0 0 36 72 0 60 0 9 0 35 0 75 0 0 67 0 0 0 0 0 0 0 5 0 0 0 0 0 0 30 59 0 0 0 6 0 0 0 0 0 0 49 0 0 29 0 0 0 0 0 4 0 62 0 0 90 0 0 0 0 0 0 0 0 0 0 0 63 0 0 0 0 97 0 0 0 0 94 0 0 0 0 0 0 0 0 0 0 66 0 0 64 0 0 16 0 0 40 0 0
34 0 0 0 56 0 0 83 28 0 0 0 0 0 98 98 0 0 0 0 0 0 0 0 0 6 24 15 17 0 0 0 56 0 65 0 37 43 0 0 0 0 0 0 0 0 0 0 0 37 36 0 0 0 0 21 0 0 0 0 0 0 0 0 0 0 50 0 0 0 98 0 0 0 0 0 0 0 0 0 0 74 0 0 0 0 0 0 0 0 1 0 0 0 0 31 0 0 0 0
23 0 0 0 88 0 15 0 0 59 77 0 0 0 16 0 54 0 0 64 0 0 72 77 85 0 0 0 0 0 0 0 0 13 0 0 50 0 0 0 0 0 56 8 0 0 0 0 0 0 0 97 0 4 0 0 0 0 0 0 28 28 61 0 0 0 0 0 0 50 0 10 0 0 0 0 0 0 0 0 50 47 0 0 32 0 58 0 26 0 0 0 0 0 0 73 13 95 0 0
99 100 0 0 0 74 0 0 0 0 4 61 0 0 0 0 0 0 0 0 0 0 77 0 0 62 0 0 0 0 0 0 0 59 59 0 28 0 0 0 0 62 0 0 0 11 0 37 0 0 0 0 0 86 0 0 0 0 0 0 75 0 14 0 94 0 0 0 0 56 0 0 0 46 12 0 0 0 0 20 0 0 0 7 0 0 0 0 0 0 0 0 0 87 67 47 0 0 39 0
0 82 0 0 0 0 0 0 40 64 0 0 0 0 85 0 0 89 0 0 82 0 0 0 72 91 0 14 0 0 0 0 0 0 0 0 0 0 8 0 0 0 0 0 0 0 0 0 24 0 0 88 0 29 0 0 0 0 83 0 0 82 0 0 47 79 0 19 25 0 0 0 0 0 0 0 0 92 0 0 0 0 0 0 0 14 61 34 30 0 0 0 0 0 0 0 0 82 0 0
9 0 0 0 50 0 2 0 0 0 0 40 73 0 68 57 0 0 0 0 0 0 0 20 16 0 0 64 0 80 7 0 0 0 0 0 0 0 0 0 3 0 0 0 0 47 0 0 0 0 0 0 0 0 0 57 0 0 57 93 92 0 71 0 0 0 0 0 0 0 0 0 0 0 0 0 0 0 0 0 0 0 0 14 0 0 0 0 0 93 48 0 0 0 0 0 2 0 32 0
0 0 0 0 0 41 0 65 0 0 12 0 0 0 10 2 41 61 0 0 0 0 57 0 0 0 0 0 0 0 0 5 0 60 0 0 0 0 0 0 76 51 55 0 84 57 28 0 0 0 0 26 0 64 0 0 0 0 0 0 0 8 13 66 0 0 0 0 0 0 20 25 0 0 0 0 0 0 0 0 0 0 0 0 0 84 88 85 0 0 0 21 25 0 56 0 0 0 0 0
0 85 0 0 83 0 19 0 0 0 0 0 0 0 0 0 0 0 65 0 0 23 0 90 0 0 0 0 0 0 29 0 13 22 0 0 0 72 0 0 0 75 0 21 0 0 0 0 0 0 34 78 80 0 12 0 43 0 0 0 0 69 0 0 0 0 0 0 0 0 0 96 0 0 0 28 0 38 70 0 0 0 0 0 0 0 0 79 0 0 0 0 0 0 0 0 0 0 0 0
0 0 0 80 0 0 59 0 0 20 0 0 0 17 0 0 0 0 68 0 0 0 0 0 0 0 0 0 0 0 0 33 0 0 6 0 0 0 0 0 0 0 0 0 0 0 0 0 0 0 0 0 0 0 0 41 0 0 0 0 0 0 8 30 0 0 0 0 0 0 0 0 91 78 0 0 0 1 0 66 0 21 0 0 0 11 31 0 0 2 0 0 0 0 0 51 72 0 0 0
0 0 0 0 0 96 0 0 7 0 0 16 11 0 3 17 72 0 60 63 0 66 0 10 0 0 0 0 63 0 74 0 0 0 72 0 0 0 0 0 0 0 0 79 45 0 78 0 1 0 16 79 0 0 60 0 0 0 0 47 0 0 0 0 0 11 0 88 0 0 0 5 0 0 0 0 63 0 64 0 0 0 0 0 0 0 0 0 0 53 0 84 0 0 0 0 0 29 0 13
0 0 0 41 83 0 0 23 0 0 0 0 0 82 0 0 0 0 0 75 0 0 83 21 0 0 0 0 0 24 0 34 0 0 0 0 0 0 0 0 49 0 0 0 0 0 0 0 41 0 0 0 0 94 18 21 0 39 0 0 52 0 0 100 0 0 0 65 61 0 37 0 9 0 0 0 30 0 0 0 0 0 0 0 0 0 0 96 0 0 0 0 0 0 35 18 0 0 0 88
0 1 35 72 0 0 0 24 0 0 0 29 0 0 0 0 0 93 0 64 64 0 0 0 0 0 71 0 0 0 32 0 0 0 0 9 38 0 24 0 0 0 0 1 0 0 0 47 0 0 0 0 0 0 62 13 0 0 0 0 86 0 15 0 0 0 0 0 20 0 34 0 0 0 0 58 0 0 0 0 0 0 0 0 65 56 0 0 97 96 38 0 18 0 0 67 0 0 19 0
0 0 0 0 51 2 0 0 0 0 0 23 0 0 7 55 0 0 0 0 0 0 0 41 0 0 96 0 0 0 0 0 0 0 0 0 0 0 0 0 0 0 0 0 0 33 0 0 0 0 28 87 0 0 0 99 13 0 0 0 0 0 44 0 0 0 0 0 0 12 49 0 89 56 20 0 0 53 0 80 0 0 0 60 0 0 0 0 0 0 0 95 0 0 26 0 0 11 56 1
0 0 0 0 67 0 3 0 37 0 94 11 0 0 0 51 0 0 0 0 87 15 0 0 0 1 0 0 0 0 0 0 0 61 0 0 0 28 0 15 0 0 92 0 0 0 24 0 0 65 0 0 86 0 0 0 13 0 0 0 0 0 0 0 84 0 22 0 16 0 78 0 0 47 0 0 0 0 0 0 0 0 23 0 0 0 9 0 0 12 0 0 97 0 23 0 0 0 0 56
47 0 0 0 0 0 98 0 0 0 45 59 51 0 0 0 0 0 0 0 0 0 0 0 0 0 0 0 74 0 0 0 82 0 0 0 0 0 0 46 90 0 93 0 0 1 0 31 0 0 0 85 0 65 0 0 47 17 0 0 0 0 0 0 0 0 28 0 0 0 71 48 0 0 0 0 9 0 21 0 45 84 64 0 0 84 0 0 0 0 43 50 0 0 0 49 0 0 28 79
0 0 0 91 82 0 0 98 0 0 0 0 60 0 0 8 90 0 21 0 0 91 77 0 0 57 0 0 0 54 0 0 0 0 0 0 0 0 0 0 0 12 88 0 29 0 0 0 0 0 0 0 0 0 37 68 0 0 0 0 52 0 0 0 76 47 0 0 6 0 0 0 15 83 0 0 0 97 51 0 0 56 0 0 0 0 0 0 0 0 0 0 0 68 0 0 0 0 82 0
0 0 0 0 36 0 0 0 49 0 0 0 58 0 0 0 38 0 0 0 65 0 0 0 0 0 45 52 61 78 0 25 0 0 0 0 0 0 13 0 91 0 0 0 0 21 0 0 0 0 0 0 73 38 0 0 0 1 0 0 0 15 0 0 99 0 0 0 0 0 0 0 40 72 0 0 0 0 0 0 0 0 0 39 58 0 0 0 0 53 0 0 0 0 0 0 0 0 0 20
20 0 17 47 0 20 0 0 0 0 0 0 72 19 0 0 0 0 43 0 0 0 26 22 0 0 0 0 51 0 0 0 0 57 30 0 68 0 0 0 0 27 83 0 0 0 0 78 0 0 0 35 100 0 0 0 0 0 3 0 65 0 0 0 0 98 0 94 0 0 0 0 0 0 0 86 0 0 71 0 79 89 0 0 68 64 0 0 0 0 100 0 86 0 0 0 0 0 60 0
0 0 0 0 0 25 0 0 48 0 0 0 54 17 0 0 38 0 0 0 0 0 0 92 67 0 88 0 0 0 55 0 0 0 0 57 37 0 0 51 46 0 0 0 26 80 81 0 0 0 0 0 0 0 16 0 77 0 0 67 0 0 0 0 0 0 86 0 0 0 0 0 8 93 0 0 0 91 0 0 0 0 0 0 27 99 0 0 0 0 81 0 0 0 48 0 0 0 0 0
0 0 75 0 0 61 0 0 82 0 0 0 80 53 0 0 0 100 0 0 5 98 21 78 0 0 0 23 0 0 54 0 36 0 0 3 0 0 0 73 0 26 64 0 0 0 0 0 41 0 0 0 0 4 0 27 0 0 0 0 2 0 0 0 0 0 0 0 0 0 0 69 96 0 0 59 0 0 0 0 61 0 0 0 97 33 0 0 0 0 0 0 84 0 0 0 0 0 36 0
0 0 0 0 0 0 4 0 27 0 0 0 0 8 0 0 0 0 0 0 89 0 35 23 0 15 0 0 0 98 27 0 0 0 0 0 0 0 58 0 0 0 0 0 27 0 0 12 0 0 12 0 0 0 78 0 0 0 0 86 36 0 0 51 0 0 0 0 1 0 54 0 47 0 0 40 0 0 0 0 0 0 0 91 52 54 0 0 49 0 0 45 11 0 54 0 0 0 27 0
0 0 24 0 0 0 0 0 0 81 0 0 0 96 78 0 12 0 0 0 0 0 40 65 0 0 0 0 0 0 0 92 13 0 0 0 0 0 0 0 0 0 43 0 0 18 19 0 0 1 0 0 0 0 0 0 81 0 0 0 61 0 0 0 0 54 0 0 44 0 0 0 0 0 0 99 0 0 2 12 0 0 61 0 0 0 0 60 0 0 0 0 0 84 0 0 68 4 0 0
0 0 0 0 0 0 0 69 0 0 2 0 0 0 0 0 63 0 0 0 0 0 0 0 0 0 0 0 0 0 2 0 84 21 74 0 0 0 76 0 73 0 82 0 0 44 36 0 0 9 3 0 53 0 18 36 0 0 59 0 49 0 0 0 34 0 0 0 0 5 0 0 0 0 36 30 0 0 0 4 0 4 0 0 0 0 0 34 0 0 0 94 0 54 0 0 4 0 0 0
0 54 32 0 0 35 0 0 0 0 0 0 0 0 0 0 0 0 0 0 0 0 16 0 0 0 0 54 0 0 0 0 0 0 0 0 0 0 33 25 0 0 0 0 0 22 0 24 0 0 0 0 0 0 0 7 0 77 0 0 12 0 0 0 0 65 75 0 0 0 8 0 0 5 0 0 0 0 0 36 0 0 0 50 0 0 0 0 0 0 0 26 0 0 0 0 10 0 0 0
97 0 52 0 0 0 0 5 93 0 0 0 0 0 0 0 63 0 49 0 0 0 30 0 0 0 0 0 0 0 0 0 0 0 0 0 61 0 0 0 0 0 0 0 24 0 0 0 0 0 76 0 0 0 69 14 33 0 0 0 0 4 0 0 0 87 0 58 80 0 0 0 0 0 68 0 0 0 0 0 0 0 3 37 0 0 0 0 0 70 0 0 89 0 0 0 0 0 89 0
54 0 0 0 0 0 70 0 0 85 0 0 4 0 0 0 0 0 69 0 82 0 0 0 16 0 0 82 0 0 44 0 0 39 50 0 0 0 0 0 0 0 0 0 0 0 78 0 0 19 0 57 0 0 13 78 0 0 0 2 0 0 48 1 0 0 74 0 95 0 0 0 0 0 47 51 53 0 63 63 90 0 0 0 0 0 0 0 0 0 0 99 0 0 0 0 0 0 0 0
88 0 0 0 37 0 0 0 0 0 0 0 100 100 0 0 73 0 51 0 0 0 0 0 0 54 0 0 6 0 14 0 0 0 34 0 0 36 0 0 0 28 0 0 0 0 24 0 0 0 0 21 0 0 36 0 0 0 0 0 0 0 0 0 0 0 94 0 10 42 98 0 0 0 0 20 0 0 0 0 26 0 0 0 0 0 0 0 0 0 0 0 0 31 0 0 76 0 0 0
0 0 0 34 0 0 0 0 0 0 0 0 6 98 0 73 0 0 0 0 21 0 53 0 0 0 0 0 0 91 0 0 0 48 0 0 0 0 79 0 0 0 0 0 0 38 0 0 0 51 0 0 78 29 0 0 0 16 0 62 62 62 11 0 0 0 0 0 0 0 0 21 0 0 0 0 73 0 77 83 0 0 18 0 0 0 0 0 59 0 0 15 0 19 0 0 0 81 0 25
0 0 0 0 0 0 0 0 0 0 0 0 0 0 0 0 0 75 0 86 0 0 0 41 42 0 0 49 2 12 0 0 78 0 91 0 0 88 0 0 39 54 0 0 90 0 0 0 0 0 0 0 0 0 0 36 0 0 0 10 0 0 80 0 0 43 0 0 0 52 0 0 0 36 0 33 0 0 0 31 0 0 0 22 0 78 0 0 0 86 0 0 0 0 0 44 72 9 0 51
4 0 0 0 46 0 0 0 0 0 0 0 0 0 0 0 0 0 0 0 0 0 0 0 0 0 0 0 0 0 0 0 0 0 0 0 0 0 0 0 2 57 0 0 0 0 0 0 0 0 0 49 0 0 18 0 0 0 94 0 0 41 0 0 0 0 39 99 0 0 0 0 0 0 0 0 0 0 89 40 0 0 84 0 0 0 0 32 0 0 0 0 60 0 95 0 54 0 87 0
0 0 0 0 0 0 0 0 22 0 0 0 91 0 0 0 0 18 0 95 0 0 0 0 0 0 0 0 0 0 0 0 0 0 0 0 0 0 80 0 0 0 72 0 0 0 0 31 0 90 15 40 0 0 0 11 57 20 0 3 0 0 0 0 0 0 0 0 0 0 82 0 0 0 0 0 0 31 57 0 0 0 0 69 0 0 0 0 0 0 54 0 0 0 0 0 5 0 67 0
0 91 0 25 0 45 0 0 82 0 0 0 0 0 99 0 0 7 0 8 0 36 0 0 0 0 0 0 0 0 21 22 0 71 0 0 0 87 0 63 39 0 63 0 0 16 0 0 0 0 0 0 0 0 0 0 0 0 0 0 0 0 0 0 0 0 0 0 86 0 0 0 0 0 0 0 0 0 27 0 0 0 0 0 0 0 0 0 87 6 7 0 0 49 0 47 84 0 2 78
0 0 62 31 0 4 0 0 0 0 0 0 0 0 0 0 13 61 0 0 82 0 0 0 0 0 0 0 0 80 42 94 0 0 0 0 49 0 0 0 35 0 16 0 0 0 0 2 0 0 0 0 0 0 37 0 87 41 0 0 0 0 0 0 0 31 0 0 0 0 0 0 0 0 0 0 72 0 0 0 0 0 17 84 0 0 0 0 0 73 0 0 0 0 78 0 0 0 96 0
19 0 0 91 0 21 0 0 0 0 0 0 0 0 15 0 0 0 81 0 0 0 0 0 33 0 0 0 0 0 64 0 43 0 0 6 0 0 93 42 0 26 0 0 0 0 0 0 0 0 0 0 0 55 0 0 0 0 63 42 57 0 0 0 0 0 0 0 68 0 89 0 0 0 0 65 92 0 0 0 88 0 0 0 0 0 75 35 0 0 96 0 0 70 0 91 45 0 70 89
0 84 0 0 0 0 0 49 0 0 0 0 0 0 0 0 0 0 0 0 0 0 0 0 0 0 0 0 0 14 42 0 58 0 0 0 0 0 0 0 5 0 0 0 0 0 66 0 2 0 0 0 0 0 0 0 0 0 0 0 0 0 0 0 0 83 19 0 28 0 0 0 0 0 0 0 0 81 0 0 0 0 0 4 0 0 0 0 0 0 0 18 60 0 0 0 0 0 0 0
0 0 0 70 95 0 0 0 0 38 0 0 0 0 0 5 0 0 0 0 0 87 0 0 0 0 51 0 18 46 0 0 11 78 0 89 0 0 0 0 0 0 0 3 0 0 0 24 0 0 0 0 0 0 0 0 43 54 0 0 0 0 0 1 0 0 0 32 5 0 0 0 0 0 75 0 0 75 28 0 96 0 0 0 13 0 16 0 0 0 10 0 88 64 0 0 0 0 0 0
0 0 0 0 0 0 0 0 2 0 0 26 0 28 99 0 0 70 0 0 16 0 0 0 31 0 0 0 0 0 4 0 0 67 0 0 8 0 36 0 0 0 0 12 6 0 55 0 0 29 0 63 0 0 0 0 0 15 0 88 96 0 23 3 0 0 0 0 31 5 0 58 66 0 73 0 0 0 0 36 20 0 0 0 0 0 0 0 0 0 0 0 0 0 32 0 80 0 0 0
0 0 0 0 0 0 26 69 0 75 18 0 0 0 0 68 0 0 0 0 35 0 88 50 0 0 0 0 0 0 0 0 0 0 0 0 0 0 0 0 44 0 0 97 92 0 0 0 0 0 6 0 0 0 49 0 0 0 61 0 0 85 0 0 62 0 35 0 0 0 0 95 0 3 0 0 0 47 27 0 0 0 93 0 0 0 0 8 4 0 0 32 0 26 0 0 0 0 0 58
5 0 0 0 0 0 0 0 0 21 0 0 0 0 0 0 4 0 54 0 0 0 34 0 21 0 0 0 0 0 0 52 0 0 0 0 0 0 0 0 67 0 0 96 0 0 0 0 0 0 0 19 73 0 82 0 0 0 0 33 0 0 0 0 7 0 0 0 0 35 0 0 0 0 0 0 0 0 51 0 44 0 0 0 0 0 0 0 0 0 0 0 0 0 0 81 0 0 0 0
0 0 0 0 0 64 0 0 0 2 0 35 0 20 0 0 0 0 0 0 30 0 0 0 0 0 38 0 0 0 21 0 0 0 56 0 0 0 0 49 97 0 0 0 0 0 0 0 0 0 19 0 0 0 0 0 52 0 56 0 88 0 0 0 0 0 52 0 45 68 0 0 0 0 0 13 0 0 0 40 0 100 0 0 0 0 0 0 0 59 0 0 0 0 0 5 0 0 0 18
0 0 79 0 0 0 0 0 9 83 76 0 90 0 0 0 0 71 0 0 0 0 0 0 80 88 0 20 76 0 0 0 0 85 0 0 0 0 0 0 0 0 0 0 0 0 0 0 0 20 0 0 0 0 0 0 0 0 0 0 0 0 0 59 0 100 10 0 0 85 0 0 100 0 88 0 0 13 0 93 0 0 0 0 0 58 0 0 0 0 0 0 0 0 0 0 0 0 35 0
0 0 0 0 72 0 0 0 0 47 0 0 0 15 0 0 93 0 0 0 0 0 0 0 0 0 0 0 0 0 0 27 0 1 22 0 42 92 0 0 60 0 38 0 0 0 0 0 0 58 0 0 17 0 22 0 0 43 0 0 31 0 0 0 0 0 91 0 0 0 0 0 0 0 0 0 0 0 0 96 0 2 0 45 0 0 59 0 0 0 0 0 63 0 87 0 0 16 0 0
70 0 0 0 0 0 18 20 0 28 0 85 0 0 21 0 0 0 0 0 0 0 0 55 0 0 0 28 0 0 0 0 16 0 0 0 67 0 7 0 0 0 0 0 0 0 25 0 0 0 0 0 0 81 0 0 0 0 0 52 0 0 34 0 0 0 0 0 0 63 64 24 0 0 81 0 0 52 0 0 0 0 0 0 0 0 0 72 0 0 0 0 0 10 0 0 0 55 0 0
5 0 0 0 0 0 0 67 0 18 0 0 75 0 0 0 0 0 41 36 0 0 63 0 0 0 0 0 12 0 0 0 0 0 19 0 0 89 63 76 12 0 0 0 0 0 37 0 0 0 0 0 4 0 0 92 0 0 0 0 0 8 0 0 0 0 11 63 80 0 0 0 0 0 0 0 0 0 91 0 100 0 0 0 59 53 51 0 0 0 0 0 0 0 0 12 0 0 0 0
49 40 0 20 0 0 0 0 0 83 0 0 0 79 0 0 28 0 0 2 55 73 0 0 53 0 0 0 71 45 69 0 0 84 86 0 0 0 54 8 0 0 0 0 82 0 0 0 0 0 0 0 8 0 0 0 47 71 90 0 0 0 0 0 24 99 0 90 3 0 0 0 0 0 0 0 67 0 0 0 0 0 64 20 99 0 21 0 0 0 0 0 72 0 0 0 0 0 0 0
0 0 0 0 0 0 0 0 39 0 27 22 0 0 0 0 0 0 0 0 0 0 0 73 0 0 0 3 66 72 98 0 0 23 0 0 0 25 0 0 38 0 26 0 0 0 0 0 93 0 0 0 0 0 0 62 0 0 0 3 42 62 0 17 0 22 0 0 0 0 59 0 0 0 0 60 0 41 0 0 0 14 0 22 17 0 65 0 0 0 0 0 0 48 59 0 0 41 0 0
0 0 86 73 0 0 18 0 0 0 0 9 0 0 0 31 8 0 0 89 0 69 0 0 0 91 0 0 0 0 39 0 0 41 70 0 0 64 0 0 17 28 0 0 31 0 44 0 78 0 0 0 87 0 0 0 0 0 46 0 35 0 0 0 0 15 0 97 0 0 81 0 0 50 0 0 0 0 0 0 13 0 0 24 0 0 0 0 0 0 93 58 0 0 0 0 51 0 0 0
0 23 0 0 0 61 0 0 0 0 0 0 0 0 56 0 30 0 0 83 0 0 74 0 0 12 0 0 0 0 0 0 0 0 0 22 0 0 0 0 0 6 65 90 0 0 72 0 0 61 0 0 66 0 0 0 54 0 77 67 32 0 0 0 12 0 0 100 0 0 0 0 0 0 0 0 19 0 0 57 66 0 0 0 0 81 56 0 0 0 0 0 0 0 0 98 0 0 0 0
50 0 89 0 0 0 0 68 0 0 0 0 0 0 8 0 0 0 33 52 0 0 0 0 0 0 0 0 0 54 0 0 0 0 0 38 24 0 0 0 0 0 0 0 41 68 0 38 0 0 0 0 0 0 90 0 23 0 0 0 0 16 72 0 0 0 0 0 0 4 0 91 0 0 0 0 0 0 0 59 23 0 9 76 0 0 0 0 0 0 0 0 0 83 0 0 0 0 59 0
0 0 0 0 0 0 0 0 7 0 0 0 89 0 15 99 0 0 0 98 0 0 0 96 50 0 70 55 26 79 31 0 8 0 0 0 0 0 0 0 0 0 0 3 68 0 0 0 0 0 0 77 0 0 5 0 10 0 41 0 28 0 0 37 0 0 0 0 0 0 33 0 40 0 25 0 75 0 25 0 0 14 0 0 0 40 0 93 0 0 0 0 0 91 0 0 0 0 0 0
0 36 0 84 0 0 62 0 0 0 0 0 0 0 0 0 0 0 0 0 26 0 0 98 0 73 21 0 0 0 0 0 0 0 0 46 0 0 0 0 0 0 0 0 0 0 0 0 0 44 0 0 0 46 0 0 0 42 99 0 0 0 0 0 0 0 8 0 0 0 58 0 0 0 0 78 0 0 0 0 59 18 0 0 12 16 0 0 0 0 0 11 91 0 73 0 0 62 0 0
0 0 0 0 73 0 0 0 0 0 0 50 0 0 0 58 0 0 0 33 61 0 0 0 0 0 0 53 0 82 0 93 0 0 26 0 67 6 0 0 0 0 0 0 0 80 0 0 0 0 0 0 0 0 0 0 0 0 67 100 0 0 0 95 0 17 40 0 0 0 0 0 0 0 0 0 39 8 0 0 0 78 0 42 0 0 30 58 74 0 77 0 0 0 0 35 0 0 11 0
97 0 71 0 0 95 56 0 0 0 42 0 41 0 0 0 0 0 0 83 57 0 0 0 0 43 0 0 0 0 0 0 0 44 0 0 0 0 36 0 44 0 0 0 0 0 0 0 60 0 0 0 0 0 0 34 100 0 0 0 0 0 6 0 0 0 0 0 0 0 0 0 0 0 0 0 0 0 0 0 0 0 25 0 0 65 33 0 0 90 0 0 45 0 48 0 35 100 0 0
0 0 15 0 0 0 27 67 0 0 0 0 44 7 0 0 0 0 0 0 0 0 0 0 0 0 0 0 0 0 0 0 82 93 1 0 0 0 22 0 0 0 0 0 18 37 0 0 0 0 0 0 96 0 0 27 92 0 0 0 0 94 0 65 57 0 0 42 0 0 0 0 0 0 74 0 40 0 67 0 7 0 70 0 43 0 0 0 0 0 0 0 0 0 36 0 0 0 0 0