100
0 0 0 0 0 0 0 0 0 0 0 0 100 0 0 0 0 0 0 33 48 0 0 21 0 0 0 0 0 48 0 27 0 0 0 0 0 87 0 0 0 0 0 0 0 0 0 12 16 0 71 0 0 95 0 0 0 0 49 0 0 0 0 0 19 70 0 0 0 0 0 0 2 0 0 0 74 0 0 0 47 0 0 0 47 0 68 90 0 0 0 0 6 0 0 0 0 0 0 0
0 0 0 0 0 0 30 6 15 0 0 48 0 0 0 0 0 0 0 62 0 0 0 0 32 0 84 95 0 0 0 0 0 0 0 87 0 0 0 21 0 0 0 0 0 65 0 0 0 71 0 0 65 8 0 48 67 40 0 0 33 0 99 0 0 0 0 0 0 0 94 0 0 0 10 0 0 0 0 96 0 0 0 0 0 0 58 0 0 0 0 0 0 68 0 80 55 0 0 0
0 0 0 16 54 78 0 0 0 72 0 0 0 0 0 22 0 0 0 0 0 0 76 0 65 69 0 29 0 0 33 0 0 19 0 54 0 0 0 8 0 58 0 71 0 0 0 0 0 0 0 30 50 5 0 34 85 57 84 0 36 0 61 49 0 0 0 0 70 0 0 0 0 0 0 20 88 0 0 22 0 9 0 85 0 0 0 0 0 99 0 0 0 0 0 72 0 0 0 0
0 72 0 0 0 0 0 0 0 0 49 0 95 0 44 0 0 0 0 0 47 0 0 0 72 0 66 0 0 0 0 0 0 0 0 0 0 38 0 3 0 0 43 0 0 0 0 0 0 0 0 0 0 0 72 91 0 0 0 0 0 94 0 0 22 24 68 0 93 0 0 0 53 55 0 0 0 44 0 0 48 0 78 0 0 0 0 0 0 69 21 96 0 25 0 0 0 0 80 0
0 18 94 0 0 0 0 0 0 0 76 76 0 0 52 0 15 100 0 0 26 66 0 71 0 0 17 0 0 0 0 0 0 0 0 0 15 0 0 0 0 0 0 0 0 8 0 0 0 0 0 70 61 0 0 0 0 0 0 0 0 0 88 36 90 0 0 0 0 58 0 0 0 0 0 67 0 0 0 0 0 0 0 0 0 0 63 0 0 0 0 0 0 0 99 19 0 12 39 0
0 13 48 0 0 0 0 0 0 0 32 37 0 0 0 0 0 0 69 0 0 0 0 0 48 0 91 67 8 0 0 0 0 40 0 0 0 0 0 0 72 0 0 0 0 0 61 0 0 0 70 68 0 59 0 0 0 0 0 0 2 0 0 0 14 0 0 0 0 0 0 75 17 93 0 0 0 0 54 0 0 0 86 0 0 0 27 0 0 0 0 0 32 0 0 0 85 0 0 0
0 0 0 56 0 0 0 0 0 9 88 0 0 0 35 0 46 0 0 0 19 0 0 0 0 0 0 0 0 26 0 0 0 7 0 0 0 0 0 0 0 0 29 0 19 0 0 0 0 0 44 79 0 76 22 33 21 0 0 0 0 0 37 48 84 0 0 28 0 0 0 70 100 0 38 0 66 0 84 0 0 0 0 0 10 0 0 0 24 60 0 0 0 0 0 0 0 0 0 0
0 0 0 0 0 0 0 0 43 0 0 0 0 0 0 0 0 0 0 21 0 0 87 0 0 0 0 0 0 0 23 0 0 0 0 0 0 75 0 0 0 0 64 0 0 0 17 0 0 33 0 0 0 0 0 0 0 0 0 0 71 0 0 49 0 15 22 64 0 0 0 0 0 67 0 38 0 31 0 0 0 0 0 0 0 0 0 0 22 0 72 0 78 0 0 0 72 60 0 0
0 0 0 0 0 0 48 0 0 69 0 0 0 0 11 0 91 14 0 0 0 0 0 0 0 0 0 58 59 0 22 0 0 0 0 4 0 88 0 0 0 86 0 0 0 0 0 0 0 0 74 0 93 0 0 0 0 0 85 0 0 0 0 0 0 38 0 0 0 0 77 0 0 59 0 0 0 52 10 0 0 0 0 51 0 0 0 47 0 0 0 0 0 0 76 0 0 0 0 90
83 12 0 0 2 0 0 82 0 0 90 0 0 0 0 95 0 0 0 0 12 61 0 0 0 0 73 0 0 0 0 45 0 0 0 71 78 0 0 0 0 0 0 0 0 0 0 0 0 0 0 0 0 0 0 0 0 0 0 0 0 0 0 0 0 0 0 0 0 62 0 90 0 0 90 0 0 0 0 0 0 55 0 0 0 0 57 90 14 0 6 0 0 0 0 0 0 94 0 0
84 0 64 69 17 0 65 0 0 44 0 51 0 0 0 0 0 0 0 0 0 0 0 0 24 0 0 0 0 0 0 41 0 74 0 77 0 0 4 12 83 0 0 70 0 72 0 0 97 0 0 0 0 0 58 0 0 20 0 0 0 0 0 0 0 95 0 0 0 0 0 0 0 34 0 0 0 0 0 3 37 0 79 0 89 0 0 0 22 0 75 0 0 42 36 0 0 0 58 88
0 0 0 0 0 0 0 0 0 0 94 0 0 0 0 65 0 0 0 0 0 0 0 0 0 0 0 0 0 0 8 0 0 0 31 0 35 0 0 0 0 0 0 0 0 89 9 99 0 0 0 0 0 0 49 40 67 0 0 46 0 4 0 89 8 0 0 76 0 98 0 0 0 0 0 0 0 0 0 6 13 0 99 0 78 0 36 0 0 0 0 0 0 86 0 0 47 0 28 59
0 0 9 0 0 0 0 0 0 0 0 0 0 0 0 0 6 0 6 0 0 23 0 0 62 47 0 10 0 91 0 0 7 0 1 15 0 0 0 52 76 0 0 0 0 0 13 0 0 0 0 0 0 0 12 0 0 0 0 0 0 0 0 0 0 0 56 6 71 0 0 0 0 0 41 90 0 0 0 0 0 0 0 0 0 84 0 64 0 0 16 0 0 0 0 33 0 0 0 0
74 0 75 94 0 0 0 0 0 80 0 0 0 0 0 0 0 0 0 0 0 0 85 0 0 0 49 0 0 63 0 0 0 0 0 99 0 0 0 0 0 0 26 0 0 0 0 0 0 0 0 0 0 0 0 35 0 98 62 0 0 0 0 0 0 0 0 85 4 0 80 0 49 0 10 0 0 0 0 0 0 0 13 0 56 0 0 0 0 0 0 90 0 0 0 0 0 0 0 0
0 0 0 0 0 0 0 0 37 0 53 9 0 9 0 0 0 0 0 81 0 0 0 0 0 0 14 46 0 66 53 73 0 0 0 0 0 0 63 0 9 0 0 76 0 0 0 0 0 23 0 0 29 0 0 0 0 0 30 0 0 0 0 0 65 0 0 0 5 0 0 51 20 0 0 0 0 13 0 0 3 0 0 0 0 0 0 0 0 0 87 0 0 0 0 0 0 0 0 0
0 15 0 32 0 0 0 45 0 0 0 0 62 0 0 0 0 0 0 0 0 0 0 0 0 0 0 0 10 0 0 0 79 0 0 29 0 0 0 0 0 98 0 0 0 0 0 42 0 0 0 96 0 20 0 0 0 0 0 0 0 0 0 42 0 20 0 39 0 0 1 5 0 0 0 0 0 0 0 0 14 0 0 0 0 67 54 0 55 21 0 0 0 0 0 13 0 70 0 0
0 0 0 0 0 0 0 0 0 0 0 0 0 9 67 66 0 0 34 74 0 0 1 0 0 71 0 0 0 84 52 0 1 0 0 0 0 0 0 0 57 0 0 0 0 0 0 0 0 12 0 0 48 0 73 38 52 0 0 20 32 0 0 0 0 0 0 0 0 0 0 0 59 0 0 0 69 0 0 0 65 0 98 0 0 0 16 0 0 0 0 86 0 0 5 0 0 0 69 0
0 0 81 0 0 0 0 0 0 0 0 0 0 77 77 0 37 0 61 0 36 69 2 0 60 0 0 40 0 0 0 0 0 0 0 0 0 0 62 23 0 0 0 28 0 0 0 0 0 0 0 74 0 0 77 0 0 0 93 0 0 98 0 0 0 0 99 100 11 13 0 0 0 36 0 0 0 0 0 80 0 0 86 28 0 0 0 13 70 48 18 0 87 0 0 0 20 0 0 0
0 0 49 0 0 0 0 0 12 0 0 0 0 0 0 0 38 0 0 21 0 11 0 1 0 0 0 0 0 0 91 0 3 0 0 0 0 87 60 34 58 0 75 0 81 0 35 0 46 0 0 25 84 86 23 0 65 73 0 4 66 0 11 0 0 100 5 43 0 0 81 0 0 0 0 0 0 0 0 0 4 39 89 0 0 0 0 62 0 0 91 0 73 98 62 0 0 92 0 38
0 22 0 34 0 0 0 0 0 89 0 0 0 0 93 0 0 0 0 0 0 4 0 0 0 0 31 0 0 0 97 0 0 0 0 0 0 0 2 0 0 0 95 72 0 0 0 0 0 64 0 0 0 7 0 0 8 0 0 0 71 0 0 0 37 0 0 0 49 0 25 0 94 0 0 0 0 77 0 80 9 0 0 0 0 0 40 0 0 0 0 0 58 0 0 14 0 0 0 72
87 0 0 41 0 0 0 93 0 0 99 0 0 46 0 0 21 0 89 1 0 0 0 0 0 0 71 77 0 0 0 0 0 0 0 0 0 0 0 0 0 0 0 0 0 0 0 0 8 14 95 0 0 0 0 0 0 0 0 0 0 0 68 62 0 0 0 0 0 0 0 0 70 0 0 0 0 0 0 0 74 3 0 22 74 66 0 0 0 0 0 0 0 0 0 0 2 0 75 0
0 0 68 0 0 0 0 0 0 0 0 75 0 0 0 0 0 28 0 82 0 0 0 0 3 0 0 0 79 0 0 0 0 0 0 0 7 0 0 0 0 32 0 0 0 0 0 0 43 28 0 0 0 13 66 0 2 0 0 0 0 67 0 0 56 60 68 0 0 0 0 0 0 0 0 0 0 0 0 0 96 0 0 0 46 0 0 0 15 76 61 0 0 0 0 0 12 99 0 0
82 0 0 38 0 0 0 0 0 0 0 47 0 0 0 0 0 0 0 0 84 0 0 0 0 0 0 15 0 0 45 76 0 54 1 0 0 0 0 10 0 1 0 0 0 13 0 0 0 0 0 75 70 70 0 75 0 70 29 0 0 0 0 0 0 0 0 0 0 0 0 0 0 0 21 0 0 0 0 0 0 0 0 0 0 0 0 0 0 7 0 0 0 0 0 0 0 0 0 0
23 0 89 32 0 0 0 0 95 62 62 94 70 0 0 0 0 0 0 0 91 0 0 0 0 48 0 0 0 0 27 0 0 0 57 0 0 0 49 0 89 0 0 51 0 0 0 0 0 0 0 0 0 0 0 0 0 0 0 0 0 0 0 0 0 0 0 49 0 0 9 0 0 0 0 23 0 58 83 47 0 0 0 82 0 0 0 5 0 0 0 0 30 0 0 0 0 0 0 0
0 61 0 86 0 0 69 0 57 0 0 0 0 0 0 75 0 0 0 0 0 39 24 0 0 71 0 0 97 94 32 0 0 92 0 0 0 0 0 0 0 0 0 5 0 0 0 50 0 0 31 0 21 0 0 0 0 20 74 0 0 64 0 0 0 0 0 10 0 92 0 0 0 0 0 69 0 0 0 0 0 0 41 0 0 0 0 0 0 0 14 7 0 0 96 0 0 0 92 33
0 0 3 0 0 59 0 0 0 93 0 0 34 0 43 0 0 13 65 0 98 0 30 96 0 0 32 0 0 0 0 0 0 0 0 0 0 0 0 0 0 0 16 0 50 0 0 0 0 0 34 0 0 0 0 0 0 0 41 37 0 0 0 70 65 0 0 0 0 0 6 62 0 0 0 0 0 0 0 59 0 0 0 0 0 0 0 0 0 0 0 0 0 0 0 64 0 0 0 0
40 0 0 86 0 24 0 86 0 0 94 0 0 0 0 0 0 38 0 0 0 0 0 0 61 0 0 0 0 30 0 0 0 0 4 0 0 0 24 0 22 0 0 48 29 0 0 0 48 0 0 0 64 0 92 0 0 0 0 0 0 0 0 0 0 81 0 0 0 0 35 0 0 0 52 0 32 0 0 0 52 0 0 0 0 89 97 0 49 0 0 0 0 0 0 0 26 0 0 0
69 0 0 0 71 43 0 96 0 0 0 100 0 0 0 0 0 0 0 0 7 0 0 0 0 0 0 0 0 0 0 0 3 0 0 0 48 0 0 0 0 0 28 67 0 0 0 0 0 0 0 0 0 0 0 0 0 0 0 0 0 0 19 0 0 59 66 0 0 0 0 0 0 0 0 0 87 0 0 17 0 0 41 14 0 0 0 0 0 0 0 0 0 0 0 53 0 0 0 0
0 0 0 0 0 82 87 0 0 0 0 0 15 52 73 0 0 0 0 0 7 0 0 0 0 0 0 0 0 84 32 0 0 17 14 0 87 0 0 0 0 0 24 96 51 0 0 0 45 57 0 0 0 0 50 0 0 0 0 0 0 0 7 100 0 0 0 0 0 0 59 0 0 0 0 0 0 5 61 0 0 0 46 4 0 0 0 0 0 38 0 0 0 19 0 0 0 0 0 0
41 0 93 97 4 25 0 29 0 0 0 0 85 0 0 0 92 5 0 0 19 0 0 90 68 0 57 39 7 0 99 0 0 0 0 0 57 0 0 0 0 0 0 0 0 0 0 0 0 0 0 0 0 0 0 0 0 0 0 0 0 0 0 0 82 0 0 0 77 0 0 53 0 0 0 0 0 0 0 0 36 23 84 93 0 16 0 0 0 0 0 0 0 100 0 0 0 0 0 12
61 0 0 0 0 0 0 0 86 0 0 0 0 0 0 0 0 0 0 0 0 0 0 39 0 20 0 0 90 0 0 0 25 0 0 7 0 34 0 0 39 80 0 0 1 0 34 0 80 0 0 0 0 0 0 63 0 0 64 0 0 0 33 40 0 22 0 0 0 22 0 0 0 100 0 0 0 0 0 16 59 0 0 1 22 0 94 0 0 0 0 0 0 97 13 0 0 0 44 43
0 0 0 32 0 0 0 0 0 30 0 0 0 33 69 0 67 0 15 0 0 0 0 0 0 0 0 0 0 73 0 0 0 0 63 0 0 0 0 0 0 0 30 0 0 0 0 0 0 0 0 14 23 11 0 18 0 30 0 0 89 0 0 0 0 0 0 0 0 5 36 0 0 0 66 0 0 0 69 0 0 55 0 0 0 0 0 0 36 88 0 52 0 0 0 47 0 0 0 0
0 0 37 0 53 73 0 0 0 0 0 0 0 0 0 9 0 0 0 0 5 87 0 0 29 0 0 0 0 0 0 0 0 0 9 0 0 0 0 0 0 3 0 0 0 0 67 0 0 0 0 0 0 81 85 83 0 0 0 0 0 0 0 0 0 0 33 0 0 0 0 0 0 71 0 81 97 0 17 58 0 0 59 0 0 0 0 3 0 0 0 76 0 0 0 0 0 0 64 98
0 0 0 0 0 0 0 0 0 0 0 0 33 0 0 37 0 0 0 0 89 98 0 0 14 87 0 0 0 0 0 73 0 0 0 27 55 0 0 0 0 0 0 0 0 48 69 78 0 80 0 77 47 0 71 0 0 0 0 0 0 0 0 0 0 0 100 0 0 0 0 0 58 0 0 35 61 0 0 34 87 76 9 62 0 0 0 0 0 0 0 0 2 0 0 0 0 0 68 55
0 67 0 0 0 0 0 0 5 18 0 4 0 0 50 89 0 0 0 0 0 0 0 0 77 0 26 0 0 0 11 0 0 66 0 0 0 0 0 0 0 0 0 0 0 6 0 12 0 0 0 0 0 0 0 60 0 0 5 0 0 19 0 100 67 98 0 0 0 0 0 0 0 0 0 0 0 34 99 0 0 0 0 0 0 57 0 0 0 0 0 0 0 0 0 0 0 0 0 88
0 76 0 0 91 0 62 0 0 0 11 0 0 0 75 0 0 0 0 0 0 42 0 0 65 0 0 0 95 87 0 0 0 0 0 0 36 0 0 0 26 0 97 75 0 0 0 0 0 1 0 0 7 0 0 0 0 0 29 0 0 0 0 0 77 0 0 0 0 0 0 50 0 0 0 0 85 98 11 5 77 0 0 76 0 0 0 0 57 0 0 36 0 0 0 0 0 33 0 0
1 0 0 0 0 0 0 0 0 0 0 38 0 0 0 0 0 0 0 0 0 0 0 71 62 0 0 0 0 0 2 0 86 55 0 0 0 0 2 0 0 1 96 0 0 0 0 39 0 0 65 0 10 0 0 0 0 80 52 0 0 0 0 0 0 0 0 0 82 93 0 98 0 0 0 0 45 0 16 0 0 0 0 0 0 0 0 0 61 76 75 0 15 0 31 0 0 47 66 0
66 0 0 35 0 37 0 0 57 0 65 0 0 23 21 0 0 0 0 0 0 0 0 0 77 0 35 0 7 0 7 0 0 0 0 0 0 0 0 0 0 0 0 0 0 0 0 0 0 95 0 0 0 0 76 38 0 0 0 65 0 0 0 0 0 72 0 0 0 0 27 0 0 0 0 0 84 0 67 0 0 31 0 35 41 98 23 0 0 0 88 70 0 0 0 0 0 0 97 62
38 62 0 79 0 70 0 0 0 0 40 59 36 0 37 0 0 84 0 0 0 0 0 0 0 0 0 0 97 57 0 17 0 0 0 0 0 0 0 48 0 93 0 0 0 0 0 0 0 0 34 0 71 0 39 0 47 0 0 0 77 22 0 0 66 0 0 0 0 0 55 0 76 0 0 0 0 0 0 0 0 0 0 0 0 0 0 0 0 58 0 44 0 0 0 0 0 0 0 0
12 0 0 0 66 0 0 0 94 0 0 0 0 0 0 0 82 0 0 0 18 0 0 75 0 0 0 0 0 0 72 0 90 0 75 0 0 0 0 0 0 0 0 0 0 0 10 84 0 0 0 0 0 0 0 0 0 59 0 0 0 0 0 13 0 0 0 0 76 0 24 88 21 0 30 0 0 99 0 0 86 0 65 0 0 29 23 0 0 0 95 0 39 26 88 0 0 13 0 73
0 0 95 92 0 0 0 0 6 0 0 0 0 0 0 0 0 0 0 40 85 48 0 0 0 0 0 13 0 0 0 66 0 0 0 0 0 0 0 34 0 26 0 0 0 0 0 0 21 0 100 0 0 71 0 0 0 0 0 0 79 0 33 43 71 0 0 0 0 0 94 0 9 36 0 41 0 6 0 0 95 71 15 0 0 0 0 73 0 0 0 0 0 0 0 98 0 0 0 0
0 0 11 0 0 0 0 0 34 0 13 0 0 0 0 94 0 40 57 0 0 0 0 0 0 0 10 0 21 0 0 0 0 0 0 0 0 0 0 0 0 0 0 0 0 0 46 0 98 0 0 0 0 0 0 0 45 0 0 0 0 0 0 0 29 0 0 0 0 40 0 0 0 1 38 0 84 47 0 0 93 0 0 12 72 0 50 0 0 0 0 20 23 0 0 0 0 5 0 18
0 0 13 0 0 77 11 0 0 0 0 0 0 0 0 0 0 0 13 35 0 0 0 0 73 90 55 0 0 0 0 12 0 0 0 0 0 0 0 0 16 0 0 0 0 67 0 0 59 0 65 0 0 0 0 0 0 0 0 0 0 0 13 0 0 84 0 100 0 0 0 0 0 31 0 0 0 0 80 0 60 0 0 0 0 0 96 0 52 67 0 0 62 0 12 0 0 33 0 0
14 0 0 0 85 0 0 28 0 0 0 19 0 0 0 0 0 0 0 0 0 0 0 0 0 0 0 0 81 0 0 0 0 0 44 0 0 0 0 0 48 0 0 0 83 32 0 20 0 86 0 0 0 0 0 0 0 0 0 4 0 0 21 34 0 6 0 0 0 0 0 46 0 0 0 0 0 0 90 0 0 30 76 0 0 79 41 0 0 0 0 48 0 0 0 0 0 27 51 0
70 0 0 0 0 0 0 11 0 0 0 0 0 0 0 0 0 0 0 0 0 0 0 77 0 0 0 0 0 0 0 0 47 0 0 5 0 0 0 55 83 0 0 0 0 82 29 57 30 0 70 19 0 46 59 31 0 0 0 0 0 35 0 27 0 0 99 0 0 0 87 0 0 30 0 0 88 0 0 0 0 0 0 0 100 0 34 0 0 0 0 0 88 0 0 0 0 0 0 0
0 0 0 0 0 0 0 0 0 0 42 60 68 0 0 0 0 0 0 0 7 78 0 0 0 0 30 0 0 95 0 0 0 0 43 0 60 34 76 0 0 0 0 0 0 0 0 25 0 87 31 0 40 0 0 0 0 0 0 0 0 0 0 0 0 0 0 0 99 11 0 0 63 0 0 0 0 0 99 0 0 0 0 0 0 24 0 0 45 0 0 0 0 0 1 0 0 0 0 0
93 0 0 0 0 0 88 0 65 44 0 0 80 0 0 0 49 0 0 0 0 50 0 0 0 0 0 0 29 29 0 76 59 0 97 0 0 70 0 59 99 0 65 0 2 0 0 0 0 21 0 0 82 0 0 0 0 0 0 19 71 0 0 70 0 0 0 0 6 0 0 0 0 100 59 0 37 0 0 0 43 98 0 0 0 0 0 0 0 0 0 0 0 0 0 0 84 69 0 93
42 0 0 0 0 0 47 64 0 76 0 0 0 31 88 0 0 32 0 0 0 0 0 0 21 0 0 34 0 0 49 84 0 0 0 0 0 0 0 0 0 49 0 75 0 67 0 0 83 0 0 0 0 0 0 0 0 0 0 0 0 31 0 0 0 0 0 0 80 0 0 0 30 0 0 0 33 0 0 0 0 0 0 0 0 0 0 0 0 0 0 0 33 62 0 15 0 87 0 0
0 0 0 41 25 29 36 0 0 0 0 0 0 0 79 0 0 0 0 0 0 0 0 38 0 0 0 0 1 25 0 20 0 0 0 92 0 0 81 0 0 0 0 92 0 0 0 92 0 71 0 0 0 0 0 19 99 0 0 0 0 0 0 74 0 0 0 0 0 37 0 0 0 73 10 0 0 0 6 0 0 0 0 0 0 0 0 0 0 0 0 83 0 0 1 0 0 74 0 36
0 0 0 0 76 0 0 0 0 0 0 0 69 20 0 0 0 0 0 0 0 0 0 0 6 0 0 0 0 0 35 0 95 0 0 59 0 0 0 27 0 0 0 0 0 0 0 0 0 0 0 0 24 0 0 0 0 0 0 0 8 0 0 0 0 54 0 0 0 11 0 0 0 0 0 0 0 0 0 0 0 0 0 78 0 0 9 0 0 0 0 78 0 0 0 80 0 36 21 0
0 50 84 0 0 0 0 0 71 0 0 0 0 84 0 0 0 0 0 0 0 0 80 0 0 59 0 74 0 0 1 0 29 0 0 0 0 0 72 0 0 0 22 0 0 0 0 0 67 0 0 0 0 78 0 0 18 0 0 0 0 88 89 0 0 0 0 74 0 0 0 20 0 0 65 0 93 0 0 0 0 0 0 0 92 0 29 1 0 0 0 0 52 0 0 0 0 0 10 0
0 94 0 86 0 0 0 0 76 96 0 0 17 0 0 0 52 0 0 30 0 98 59 33 0 0 0 0 0 0 0 0 0 0 0 0 0 0 0 0 9 0 0 0 0 0 0 0 0 0 0 0 0 12 0 0 0 0 0 0 80 58 0 0 72 0 69 0 0 22 0 0 0 65 0 79 0 0 25 0 22 0 0 0 0 0 49 30 0 0 0 0 64 0 0 0 0 90 68 78
0 0 0 92 0 0 0 0 91 0 68 47 0 0 0 4 41 0 0 76 0 0 12 0 0 0 0 0 97 0 0 0 0 88 40 64 0 0 95 0 93 0 0 0 0 97 0 100 0 0 0 0 0 74 0 0 0 0 0 53 85 0 0 0 3 0 0 0 14 66 0 0 0 90 0 0 0 0 0 0 0 0 14 0 0 0 22 0 0 80 0 0 0 27 0 82 0 0 0 10
0 0 0 0 11 0 0 0 0 0 0 43 0 0 0 0 56 0 0 0 0 0 0 35 0 0 0 0 0 15 0 64 47 0 0 0 0 0 0 0 0 0 0 0 0 0 25 0 50 0 0 90 0 0 0 0 0 66 0 0 0 0 0 90 0 0 0 0 55 0 2 34 0 86 11 0 0 0 40 44 7 0 55 0 4 0 0 40 0 57 98 0 0 0 0 0 0 0 0 0
49 0 0 0 76 0 0 0 0 0 72 82 0 0 0 0 0 7 39 70 97 0 0 0 54 95 0 94 48 0 0 0 0 0 0 0 0 34 0 0 0 0 0 0 80 0 84 24 0 0 0 78 0 0 0 0 0 0 0 0 0 0 0 18 0 0 0 50 0 99 0 0 10 0 0 0 0 0 0 0 12 0 94 46 56 0 0 0 0 19 0 0 0 0 52 0 0 0 0 0
0 0 10 36 0 59 73 94 30 58 0 0 0 0 0 0 0 84 0 0 0 80 0 0 0 0 89 44 0 0 70 0 7 0 0 0 0 0 0 0 78 0 0 0 0 0 50 0 76 0 0 0 0 0 47 0 0 0 0 0 0 0 77 0 0 0 0 0 0 83 0 40 0 0 75 0 0 58 0 0 59 0 0 0 0 0 0 0 0 35 0 77 0 0 0 0 0 0 0 0
68 0 0 0 0 0 0 0 0 49 54 0 0 0 0 0 0 0 0 0 64 0 0 0 0 0 0 0 15 8 83 63 7 0 0 0 0 0 0 0 94 0 0 0 0 0 98 0 0 25 0 47 62 0 0 0 0 0 0 87 0 14 0 84 0 0 0 0 0 0 0 0 0 0 15 67 0 0 0 0 29 0 0 0 0 0 0 0 0 0 0 0 0 0 0 0 7 0 0 47
20 0 57 0 0 0 12 0 42 0 0 52 0 0 0 0 0 0 76 0 0 0 0 0 7 0 0 0 0 0 0 81 0 24 89 0 76 0 0 0 0 0 0 0 0 0 25 0 0 0 0 0 7 0 40 10 0 0 27 19 0 0 0 0 0 0 0 0 75 0 0 0 0 0 0 10 88 0 0 0 0 0 0 0 0 0 0 0 0 0 0 0 0 0 52 0 0 0 0 35
0 56 0 0 0 0 0 0 0 0 10 0 0 0 0 0 0 84 0 0 0 0 0 0 0 0 0 0 0 0 0 0 0 0 0 81 0 0 98 0 0 0 88 75 0 0 0 0 0 17 0 0 0 0 0 59 48 76 0 0 0 0 30 0 0 86 26 10 0 0 84 0 49 0 0 0 0 0 4 76 0 0 0 0 0 0 98 42 92 70 0 0 0 28 0 59 0 0 0 0
0 0 0 0 0 0 0 91 0 0 3 0 0 66 0 0 17 0 0 0 0 0 81 0 0 0 0 0 0 7 63 10 0 0 0 0 62 0 74 0 0 0 0 0 0 0 0 0 0 0 0 0 2 0 0 0 0 0 0 0 0 0 73 0 0 0 0 0 0 0 0 0 0 89 0 55 0 0 11 0 0 0 0 0 23 0 0 0 59 1 0 0 75 37 0 0 69 0 0 0
0 0 0 0 0 0 0 0 0 0 0 0 0 0 16 0 40 0 0 81 0 0 52 0 51 34 0 0 0 0 18 91 78 0 0 0 0 0 0 0 0 36 20 0 57 0 0 0 0 0 48 0 0 18 0 62 2 66 87 83 0 0 0 55 0 0 0 0 58 0 0 0 64 91 0 0 0 0 0 31 0 0 0 0 0 0 0 0 0 73 0 0 90 0 0 0 0 0 0 0
0 0 0 35 0 0 0 0 0 0 0 62 62 58 0 0 0 41 0 78 9 0 0 0 0 0 86 0 0 40 0 86 59 0 64 0 0 0 26 0 54 0 0 0 83 88 0 0 0 0 73 0 0 0 0 0 0 58 0 0 76 0 0 0 0 0 13 0 73 0 0 0 0 78 0 49 69 0 0 0 0 0 0 0 0 0 0 86 0 41 26 0 0 0 0 0 0 0 0 0
71 0 0 71 7 0 0 0 5 0 0 47 89 67 77 0 0 85 0 0 0 0 0 0 0 0 0 0 0 3 0 0 0 0 0 0 0 59 0 0 0 0 84 0 0 0 0 0 45 0 0 0 0 0 0 0 0 0 0 0 0 0 0 51 0 93 0 39 0 35 79 0 88 0 0 0 0 0 0 49 0 0 25 0 0 0 0 0 0 0 0 85 0 0 55 100 0 0 0 0
39 0 39 17 47 0 0 0 7 0 0 0 48 4 0 82 0 0 94 0 35 0 90 0 0 0 0 0 0 98 0 0 0 47 21 0 0 41 0 40 13 52 0 88 0 0 51 6 0 14 83 0 0 0 0 59 0 0 0 0 0 9 68 0 45 48 0 0 50 75 73 0 0 0 0 71 15 0 17 0 98 0 0 0 0 0 0 0 82 0 0 97 3 0 8 83 0 0 0 18
94 80 0 65 61 92 69 0 0 12 0 0 0 0 70 0 0 0 0 0 17 0 0 0 0 0 0 0 0 5 0 0 82 0 0 0 0 0 76 0 37 0 0 0 0 89 0 0 0 0 0 0 0 62 0 0 0 0 12 0 0 89 28 0 0 0 0 0 0 0 0 0 0 73 53 0 0 0 0 0 0 0 0 0 0 73 0 0 0 0 0 0 0 0 25 0 17 0 0 0
0 0 0 0 0 0 43 87 0 76 0 49 0 0 0 0 0 0 0 0 0 0 0 0 0 0 0 35 0 0 40 0 0 0 0 0 0 0 0 0 70 0 0 0 0 75 0 0 0 0 0 0 0 0 0 87 0 0 0 0 0 0 37 0 17 0 9 0 64 0 0 0 0 0 0 0 55 0 0 0 18 16 0 0 0 0 0 0 13 0 0 0 0 0 0 84 0 0 0 1
49 0 0 0 17 0 0 47 0 0 0 0 0 0 58 0 0 0 0 11 89 0 25 85 19 0 0 45 0 43 54 0 30 0 0 0 0 0 11 0 0 47 0 0 0 0 0 0 53 0 0 0 0 0 0 0 17 0 0 0 0 18 0 58 49 0 0 30 0 0 0 7 0 0 0 0 0 2 0 0 0 0 0 0 0 0 99 0 0 0 27 0 36 0 54 0 0 80 0 0
0 0 0 0 15 26 0 0 0 0 0 59 0 0 0 55 0 0 100 0 0 0 0 0 68 0 0 0 0 0 0 0 0 0 0 80 0 0 52 2 17 5 0 99 0 0 95 34 0 70 0 83 0 0 0 55 0 0 0 0 0 0 0 0 92 0 72 0 0 0 0 0 33 0 0 0 0 0 81 0 0 0 0 0 0 0 0 0 0 0 78 0 0 0 0 70 0 0 0 0
0 79 7 98 0 73 26 0 0 0 0 0 0 0 0 0 0 0 0 0 48 0 33 0 0 0 0 0 63 29 94 4 0 5 72 20 0 0 0 48 0 0 0 0 0 0 0 0 0 90 0 22 0 0 0 0 0 60 0 0 0 0 0 0 0 53 0 0 0 0 0 0 0 24 0 0 0 0 0 52 0 1 0 99 65 0 0 0 0 0 0 33 0 0 0 0 0 0 0 0
0 0 0 0 49 89 48 0 0 0 57 0 0 0 0 0 11 0 0 90 0 34 0 0 0 74 0 0 0 0 61 0 1 0 0 0 0 0 5 22 0 100 0 0 76 0 0 0 0 0 26 0 0 0 13 0 0 0 0 54 65 0 85 0 0 0 0 0 0 0 0 0 0 83 0 55 9 64 0 0 90 0 75 35 0 0 0 0 0 0 0 27 0 0 0 0 0 0 0 0
0 57 0 0 0 0 38 0 0 0 0 77 0 75 0 0 0 0 92 0 0 70 40 0 16 0 0 0 0 40 0 0 0 0 0 15 0 0 0 0 59 0 96 0 53 41 0 0 0 0 0 0 0 0 77 0 0 0 47 0 24 0 0 0 0 0 0 0 0 0 0 52 85 5 0 0 0 0 0 0 0 0 0 0 0 0 0 0 0 0 0 0 0 0 75 0 0 0 0 40
0 0 0 0 0 72 0 0 70 0 0 0 50 0 0 17 25 62 23 0 0 0 0 0 9 0 4 76 0 0 76 23 0 0 0 71 0 85 0 0 0 0 0 72 0 0 0 40 85 26 0 88 49 0 83 0 0 0 0 0 54 0 59 0 0 0 0 88 25 0 0 0 0 53 0 52 0 0 0 0 0 0 0 99 0 0 45 81 0 0 63 0 0 0 0 0 0 0 0 79
0 0 0 18 0 0 0 0 0 0 0 0 0 45 0 0 0 0 0 0 0 0 17 0 0 0 53 0 0 0 0 0 48 0 76 0 0 0 4 0 0 18 94 45 85 0 0 0 0 0 0 0 77 0 0 0 0 0 0 70 0 9 0 0 0 0 0 26 86 0 0 0 0 10 22 0 92 54 99 0 86 0 43 0 0 0 0 0 0 40 0 0 89 60 0 54 0 60 87 0
0 0 0 93 68 0 0 0 0 0 0 94 0 11 0 0 0 90 0 0 0 0 18 0 0 0 0 0 0 0 11 0 24 0 0 0 62 29 0 0 0 0 0 0 0 0 48 0 0 0 0 0 77 0 0 52 64 0 0 0 0 33 0 0 83 0 0 0 0 0 0 0 0 0 29 0 0 0 0 0 0 0 66 0 0 0 0 0 0 0 95 0 85 0 0 0 0 0 0 0
0 0 0 0 42 0 0 0 0 0 57 0 0 0 64 0 0 4 0 0 0 0 0 0 0 28 0 0 0 0 0 0 0 0 0 0 0 0 0 0 0 0 61 0 0 94 0 96 0 78 32 11 44 0 100 0 0 0 79 28 90 28 0 47 0 0 0 0 0 0 44 0 0 92 0 0 0 0 69 0 90 0 8 0 9 0 0 15 0 0 0 19 0 53 0 9 0 0 0 0
0 0 0 0 0 0 94 0 53 0 0 0 2 55 0 0 65 8 0 0 0 0 0 0 0 0 0 35 0 0 0 0 69 0 0 0 0 0 91 0 0 0 61 0 0 0 0 0 0 0 73 17 0 0 0 0 0 45 0 91 0 0 0 0 0 0 32 0 0 0 0 73 0 0 0 0 0 0 0 0 7 0 0 67 22 0 0 0 51 46 0 0 0 0 0 0 97 35 52 23
0 71 0 0 0 70 0 0 0 0 74 34 0 0 0 0 0 0 0 0 0 0 33 0 22 61 0 0 50 0 20 0 0 0 0 0 0 0 0 0 0 0 99 0 0 0 55 89 93 21 0 0 0 0 0 0 0 0 0 65 0 0 0 0 41 0 0 0 69 0 59 0 9 0 0 0 0 0 0 0 0 0 85 0 0 0 0 96 0 0 0 0 0 0 0 0 32 0 99 0
0 87 0 0 48 0 0 0 0 0 0 0 0 0 0 54 0 23 0 11 0 0 0 0 0 0 19 0 0 0 0 0 0 0 0 5 0 49 0 0 0 73 0 0 0 0 80 0 0 0 0 0 8 0 0 0 0 0 0 0 0 0 0 0 0 0 0 0 0 0 0 0 19 0 0 0 0 0 0 41 0 0 0 88 0 0 0 0 45 0 35 0 0 0 76 0 0 0 0 0
0 0 0 0 0 0 0 0 0 20 0 0 0 18 0 0 0 0 0 67 8 0 0 0 0 0 0 0 0 0 0 0 0 0 0 0 0 0 0 0 63 0 73 68 0 0 31 72 0 0 0 85 0 0 0 0 0 0 0 0 0 0 0 0 0 0 0 43 0 7 43 0 0 0 47 32 0 0 0 0 0 19 67 2 0 0 0 67 0 51 0 0 0 14 0 0 0 0 0 41
26 73 0 0 0 0 0 0 29 0 0 99 0 82 0 0 34 0 0 0 0 64 0 0 0 0 0 0 0 41 0 47 0 0 0 0 0 0 0 0 0 0 84 0 14 0 0 0 0 0 0 94 0 0 7 0 0 0 0 0 0 0 0 0 0 81 0 83 0 0 0 0 0 0 0 0 0 93 0 0 0 0 0 20 0 0 0 0 46 0 0 0 0 0 0 0 0 71 91 89
90 0 0 11 0 0 0 0 0 72 0 0 0 71 0 63 0 82 0 96 0 0 85 0 0 0 0 68 0 0 0 0 0 0 0 0 0 0 0 42 0 11 51 0 0 0 0 0 0 0 7 96 61 0 87 0 0 0 15 1 15 38 0 0 18 0 0 16 0 0 0 0 0 0 0 0 20 0 0 0 0 0 0 0 0 0 0 0 0 0 43 82 0 0 0 0 0 2 0 0
0 0 0 12 0 0 89 25 18 6 0 0 0 0 0 0 0 0 0 47 94 27 0 0 0 0 0 57 77 51 0 78 0 0 0 0 2 0 91 0 0 0 0 0 62 0 0 0 0 0 0 0 0 0 0 0 0 100 0 0 0 15 0 12 0 0 0 0 0 0 0 0 0 0 0 86 0 0 20 0 65 0 0 0 0 0 70 0 0 0 0 46 0 52 0 0 35 0 0 0
0 0 0 0 0 0 0 0 0 0 20 0 0 0 0 0 11 0 0 0 75 0 0 0 24 0 75 0 0 0 0 89 0 0 0 46 0 0 0 0 0 7 0 0 0 0 0 0 0 45 0 0 43 0 75 0 0 0 0 0 0 0 0 0 0 0 0 0 0 0 0 85 0 0 0 0 85 0 0 0 83 89 0 0 0 0 0 0 0 35 0 0 0 0 0 0 0 76 32 0
0 0 0 13 0 76 0 0 87 0 13 0 0 0 27 0 0 0 0 0 0 0 0 99 0 0 0 0 52 0 0 0 43 0 0 0 57 0 0 0 0 0 0 0 0 0 0 28 0 65 70 0 0 58 98 88 0 0 65 0 0 0 0 19 0 0 0 0 0 0 26 0 16 43 0 0 0 0 0 0 0 17 0 0 0 0 0 66 26 0 0 0 0 0 0 52 0 0 0 0
0 52 0 74 0 0 0 44 0 19 31 58 0 0 0 0 0 0 0 0 0 0 0 0 38 0 0 0 0 91 90 0 0 23 0 0 0 46 0 0 0 0 0 33 0 0 0 55 28 0 0 0 0 0 0 0 0 0 0 54 21 6 0 0 0 0 0 0 0 0 0 45 87 90 0 0 0 0 54 0 45 19 30 0 0 0 0 0 0 0 0 0 0 0 12 0 0 0 54 0
0 0 0 0 0 17 0 0 0 0 0 97 0 0 0 0 17 0 9 0 0 0 9 0 0 94 55 0 0 0 65 68 5 0 57 0 0 0 0 28 0 0 0 0 0 0 0 91 0 0 0 0 0 0 0 45 0 0 0 0 0 0 0 0 0 0 0 0 72 0 43 61 0 0 11 0 0 0 0 44 0 59 0 0 0 0 0 60 0 31 0 51 30 0 11 0 0 0 0 0
0 0 0 0 0 61 0 95 0 0 0 0 0 17 0 0 0 0 83 0 0 67 0 0 0 95 0 0 0 0 0 0 0 0 10 0 0 0 25 0 0 0 0 0 0 0 0 43 0 0 0 0 0 0 0 79 14 0 0 0 0 0 2 0 0 21 0 0 11 0 0 0 13 0 94 75 0 0 88 8 0 0 0 0 0 42 0 88 0 0 0 0 0 0 52 0 9 33 0 0
11 69 0 64 0 0 0 30 0 64 10 0 0 0 0 0 0 38 29 30 59 0 0 0 0 0 9 0 0 0 0 0 0 34 0 0 0 0 0 0 0 0 0 76 0 0 0 0 0 0 0 0 0 0 0 0 0 0 0 9 0 0 0 0 77 0 0 0 10 0 0 0 0 0 0 0 0 62 0 0 0 0 0 76 0 0 0 0 0 72 62 35 0 0 0 0 0 0 0 0
0 0 0 0 0 0 0 0 0 0 0 0 36 0 38 0 0 0 30 70 0 0 0 0 0 5 0 0 85 0 52 0 0 0 0 0 0 0 0 0 6 0 0 52 0 53 44 0 0 0 0 0 31 66 0 0 0 0 79 0 89 69 0 0 0 23 0 0 0 14 0 0 0 25 0 0 0 0 46 0 0 0 0 0 0 0 0 0 0 0 0 0 0 0 28 0 0 1 0 68
0 0 0 0 0 0 0 0 0 0 23 0 63 0 0 0 0 0 0 0 0 0 0 0 73 16 54 0 0 0 0 0 0 0 0 98 0 0 0 0 0 0 0 0 93 21 0 20 0 0 0 0 29 0 0 0 0 0 0 0 0 0 63 0 8 91 0 77 0 83 0 0 72 7 0 0 8 0 0 0 0 97 0 57 0 0 0 0 0 0 48 92 36 0 22 0 0 0 0 0
0 0 0 0 0 0 0 94 0 0 0 0 0 0 0 0 0 51 13 0 62 0 4 82 0 0 0 75 0 60 0 0 0 0 0 0 0 0 0 0 0 0 0 0 0 0 0 74 25 0 0 0 0 0 0 0 0 0 0 0 0 0 0 0 0 0 0 0 0 0 0 100 7 0 0 0 0 0 0 0 0 0 0 0 9 0 7 0 0 0 0 15 0 0 0 61 0 0 0 0
100 0 0 0 76 0 0 0 0 69 0 0 0 0 0 0 0 39 0 0 0 4 30 63 0 98 0 29 0 2 31 15 0 32 0 0 0 0 0 0 66 72 0 0 0 0 0 0 0 0 0 0 25 0 0 0 19 0 0 80 0 0 0 0 0 64 0 0 92 0 0 0 0 88 0 9 0 0 0 0 0 0 0 0 0 0 19 0 22 0 0 0 0 0 59 24 0 99 0 0
56 0 0 64 9 0 0 22 0 0 0 0 0 0 0 0 0 0 0 0 0 0 0 0 89 0 90 0 0 0 0 0 0 0 0 15 0 0 3 0 19 0 0 0 0 30 0 90 80 0 0 0 0 0 0 0 0 0 0 17 15 0 0 0 0 0 0 0 0 0 0 12 0 0 0 0 0 0 0 0 0 6 0 0 0 0 0 0 0 0 0 57 0 0 0 0 0 28 0 0
45 0 72 0 0 0 0 0 0 10 0 0 98 0 0 0 82 23 0 0 0 0 17 0 0 0 0 0 0 0 0 78 0 0 0 0 0 0 0 0 0 0 0 65 0 0 0 0 48 0 0 0 0 0 80 0 0 0 0 0 14 0 0 0 0 0 0 0 0 0 0 51 77 0 0 0 0 0 0 0 0 0 0 0 0 0 0 44 0 0 0 0 0 0 0 0 0 18 0 66
0 0 0 0 0 0 0 0 44 0 0 0 0 0 0 0 4 0 0 0 29 0 0 0 0 0 0 64 0 0 0 77 0 0 13 0 0 0 0 2 91 47 0 0 0 40 0 0 34 0 0 86 0 0 0 0 0 73 0 0 52 0 0 18 82 0 0 0 0 0 22 0 41 0 0 26 41 76 0 6 0 0 73 0 0 67 0 0 0 0 0 0 0 96 0 14 0 55 0 88
0 0 0 0 20 0 0 86 65 0 70 0 100 0 0 79 6 59 0 0 93 0 0 0 0 52 0 0 69 0 92 0 28 0 0 0 0 0 0 0 0 0 33 0 0 0 92 69 0 0 0 58 0 0 0 0 0 0 0 18 0 0 0 0 90 7 0 0 0 0 0 32 0 0 0 0 0 0 0 0 0 0 0 0 0 0 0 33 0 66 0 0 0 0 0 0 0 0 0 0
0 0 0 33 35 16 61 0 92 0 0 0 95 0 0 6 0 71 76 51 0 8 0 0 0 0 0 0 0 0 0 0 0 24 0 0 0 0 82 0 0 0 0 0 0 0 0 0 0 44 0 0 0 0 0 54 0 0 0 0 0 0 0 0 0 0 69 20 0 3 0 0 0 0 78 0 0 0 99 0 95 19 0 0 0 0 25 0 0 0 0 0 5 0 0 0 0 0 0 0
0 74 0 0 19 98 0 0 69 0 0 84 53 0 0 58 34 46 0 0 0 0 22 0 0 0 9 0 0 0 0 0 0 0 0 35 0 0 0 0 0 31 0 0 0 1 0 0 0 0 0 36 0 76 0 0 78 52 0 0 0 0 0 0 0 1 0 0 38 51 0 0 0 34 0 0 0 0 0 0 0 20 0 35 22 0 0 0 0 0 0 0 0 0 0 0 0 0 30 0
0 0 0 0 0 57 6 0 59 35 0 4 0 80 0 12 0 0 0 0 24 0 84 0 0 30 0 0 0 0 0 15 0 26 0 0 0 0 0 0 0 0 0 0 0 0 0 0 0 98 0 0 0 60 0 0 0 0 0 0 0 0 0 0 11 0 2 91 0 0 0 0 78 0 0 0 3 0 67 0 0 0 0 0 0 0 91 0 0 0 0 86 0 0 0 6 0 46 0 19
7 0 0 0 0 21 0 68 96 0 0 0 0 0 49 26 0 0 0 0 0 0 0 0 0 55 0 0 0 0 0 58 35 0 0 0 35 0 0 35 0 0 0 0 0 55 0 14 0 80 0 0 0 0 64 0 0 0 0 0 0 0 0 0 0 0 0 38 0 0 27 0 0 72 24 0 0 0 0 0 0 65 0 0 0 53 0 0 0 0 0 0 0 25 0 0 0 0 0 0
0 0 0 0 0 0 0 0 0 0 0 0 61 0 0 0 0 0 0 82 72 0 0 59 0 0 0 0 0 44 0 58 0 0 0 0 0 58 0 0 0 0 0 0 0 0 0 24 3 0 28 0 0 53 0 0 0 0 2 0 0 0 0 0 87 24 0 0 0 0 0 0 10 0 0 0 41 0 0 0 53 0 0 0 18 0 37 68 0 0 0 0 79 0 0 0 0 0 0 0
0 0 0 0 0 0 52 19 37 0 0 10 0 0 0 0 0 0 0 94 0 0 0 0 58 0 53 10 0 0 0 0 0 0 0 18 0 0 0 16 0 0 0 0 0 80 0 0 0 62 0 0 15 19 0 8 43 2 0 0 7 0 88 0 0 0 0 0 0 0 23 0 0 0 12 0 0 0 0 89 0 0 0 0 0 0 80 0 0 0 0 0 0 46 0 58 45 0 0 0
0 0 0 67 48 67 0 0 0 62 0 0 0 0 0 21 0 0 0 0 0 0 18 0 87 61 0 20 0 0 64 0 0 63 0 81 0 0 0 88 0 71 0 3 0 0 0 0 0 0 0 43 98 95 0 26 21 73 58 0 19 0 79 95 0 0 0 0 31 0 0 0 0 0 0 90 2 0 0 84 0 67 0 46 0 0 0 0 0 74 0 0 0 0 0 33 0 0 0 0
0 29 0 0 0 0 0 0 0 0 28 0 57 0 12 0 0 0 0 0 95 0 0 0 30 0 93 0 0 0 0 0 0 0 0 0 0 23 0 85 0 0 10 0 0 0 0 0 0 0 0 0 0 0 59 54 0 0 0 0 0 64 0 0 11 5 99 0 83 0 0 0 9 96 0 0 0 84 0 0 53 0 64 0 0 0 0 0 0 88 32 94 0 22 0 0 0 0 42 0
0 87 92 0 0 0 0 0 0 0 65 73 0 0 79 0 10 78 0 0 57 51 0 24 0 0 87 0 0 0 0 0 0 0 0 0 90 0 0 0 0 0 0 0 0 6 0 0 0 0 0 87 90 0 0 0 0 0 0 0 0 0 36 35 30 0 0 0 0 47 0 0 0 0 0 5 0 0 0 0 0 0 0 0 0 0 72 0 0 0 0 0 0 0 40 6 0 89 15 0
0 19 95 0 0 0 0 0 0 0 33 48 0 0 0 0 0 0 63 0 0 0 0 0 11 0 27 87 9 0 0 0 0 30 0 0 0 0 0 0 71 0 0 0 0 0 65 0 0 0 42 26 0 26 0 0 0 0 0 0 52 0 0 0 74 0 0 0 0 0 0 3 21 98 0 0 0 0 17 0 0 0 56 0 0 0 44 0 0 0 0 0 44 0 0 0 58 0 0 0
0 0 0 1 0 0 0 0 0 46 49 0 0 0 65 0 94 0 0 0 32 0 0 0 0 0 0 0 0 17 0 0 0 38 0 0 0 0 0 0 0 0 84 0 12 0 0 0 0 0 58 35 0 98 4 38 95 0 0 0 0 0 46 67 66 0 0 28 0 0 0 96 79 0 88 0 56 0 31 0 0 0 0 0 17 0 0 0 38 70 0 0 0 0 0 0 0 0 0 0
0 0 0 0 0 0 0 0 77 0 0 0 0 0 0 0 0 0 0 79 0 0 100 0 0 0 0 0 0 0 89 0 0 0 0 0 0 24 0 0 0 0 50 0 0 0 97 0 0 7 0 0 0 0 0 0 0 0 0 0 65 0 0 47 0 57 2 90 0 0 0 0 0 37 0 36 0 46 0 0 0 0 0 0 0 0 0 0 55 0 78 0 78 0 0 0 39 85 0 0
0 0 0 0 0 0 38 0 0 14 0 0 0 0 55 0 73 90 0 0 0 0 0 0 0 0 0 3 62 0 40 0 0 0 0 65 0 75 0 0 0 98 0 0 0 0 0 0 0 0 84 0 66 0 0 0 0 0 91 0 0 0 0 0 0 18 0 0 0 0 17 0 0 26 0 0 0 50 92 0 0 0 0 96 0 0 0 69 0 0 0 0 0 0 57 0 0 0 0 35
18 68 0 0 70 0 0 28 0 0 39 0 0 0 0 45 0 0 0 0 66 91 0 0 0 0 18 0 0 0 0 77 0 0 0 28 23 0 0 0 0 0 0 0 0 0 0 0 0 0 0 0 0 0 0 0 0 0 0 0 0 0 0 0 0 0 0 0 0 79 0 25 0 0 1 0 0 0 0 0 0 58 0 0 0 0 9 74 57 0 41 0 0 0 0 0 0 43 0 0
15 0 45 67 97 0 77 0 0 38 0 86 0 0 0 0 0 0 0 0 0 0 0 0 63 0 0 0 0 0 0 62 0 78 0 96 0 0 2 85 22 0 0 97 0 89 0 0 61 0 0 0 0 0 35 0 0 52 0 0 0 0 0 0 0 61 0 0 0 0 0 0 0 46 0 0 0 0 0 92 14 0 88 0 25 0 0 0 10 0 2 0 0 94 11 0 0 0 73 89
0 0 0 0 0 0 0 0 0 0 64 0 0 0 0 53 0 0 0 0 0 0 0 0 0 0 0 0 0 0 89 0 0 0 77 0 30 0 0 0 0 0 0 0 0 45 91 1 0 0 0 0 0 0 88 90 4 0 0 50 0 86 0 58 9 0 0 95 0 36 0 0 0 0 0 0 0 0 0 11 78 0 18 0 71 0 99 0 0 0 0 0 0 69 0 0 80 0 65 4
0 0 11 0 0 0 0 0 0 0 0 0 0 0 0 0 42 0 50 0 0 35 0 0 91 32 0 31 0 73 0 0 59 0 43 40 0 0 0 75 88 0 0 0 0 0 34 0 0 0 0 0 0 0 57 0 0 0 0 0 0 0 0 0 0 0 96 68 38 0 0 0 0 0 80 15 0 0 0 0 0 0 0 0 0 5 0 29 0 0 42 0 0 0 0 30 0 0 0 0
45 0 26 83 0 0 0 0 0 93 0 0 0 0 0 0 0 0 0 0 0 0 64 0 0 0 66 0 0 50 0 0 0 0 0 72 0 0 0 0 0 0 76 0 0 0 0 0 0 0 0 0 0 0 0 15 0 11 81 0 0 0 0 0 0 0 0 61 76 0 48 0 82 0 21 0 0 0 0 0 0 0 98 0 80 0 0 0 0 0 0 72 0 0 0 0 0 0 0 0
0 0 0 0 0 0 0 0 53 0 79 83 0 4 0 0 0 0 0 53 0 0 0 0 0 0 19 26 0 43 46 53 0 0 0 0 0 0 30 0 48 0 0 28 0 0 0 0 0 97 0 0 13 0 0 0 0 0 31 0 0 0 0 0 67 0 0 0 16 0 0 30 44 0 0 0 0 78 0 0 17 0 0 0 0 0 0 0 0 0 10 0 0 0 0 0 0 0 0 0
0 67 0 22 0 0 0 39 0 0 0 0 62 0 0 0 0 0 0 0 0 0 0 0 0 0 0 0 86 0 0 0 55 0 0 38 0 0 0 0 0 25 0 0 0 0 0 69 0 0 0 38 0 89 0 0 0 0 0 0 0 0 0 53 0 77 0 4 0 0 14 85 0 0 0 0 0 0 0 0 5 0 0 0 0 66 55 0 55 21 0 0 0 0 0 6 0 12 0 0
0 0 0 0 0 0 0 0 0 0 0 0 0 52 50 46 0 0 48 47 0 0 21 0 0 35 0 0 0 21 5 0 5 0 0 0 0 0 0 0 70 0 0 0 0 0 0 0 0 1 0 0 49 0 79 58 2 0 0 11 42 0 0 0 0 0 0 0 0 0 0 0 54 0 0 0 96 0 0 0 60 0 30 0 0 0 76 0 0 0 0 83 0 0 14 0 0 0 27 0
0 0 64 0 0 0 0 0 0 0 0 0 0 28 84 0 6 0 83 0 20 90 6 0 13 0 0 61 0 0 0 0 0 0 0 0 0 0 100 76 0 0 0 54 0 0 0 0 0 0 0 95 0 0 38 0 0 0 22 0 0 88 0 0 0 0 67 45 100 6 0 0 0 33 0 0 0 0 0 35 0 0 38 81 0 0 0 12 27 2 98 0 78 0 0 0 90 0 0 0
0 0 64 0 0 0 0 0 22 0 0 0 0 0 0 0 14 0 0 97 0 73 0 37 0 0 0 0 0 0 1 0 95 0 0 0 0 37 14 32 45 0 87 0 20 0 26 0 47 0 0 6 82 92 54 0 5 12 0 2 65 0 55 0 0 63 39 3 0 0 59 0 0 0 0 0 0 0 0 0 42 50 2 0 0 0 0 65 0 0 14 0 68 32 95 0 0 95 0 37
0 98 0 7 0 0 0 0 0 39 0 0 0 0 93 0 0 0 0 0 0 46 0 0 0 0 83 0 0 0 34 0 0 0 0 0 0 0 7 0 0 0 88 73 0 0 0 0 0 31 0 0 0 88 0 0 67 0 0 0 54 0 0 0 64 0 0 0 63 0 42 0 22 0 0 0 0 2 0 55 5 0 0 0 0 0 19 0 0 0 0 0 19 0 0 100 0 0 0 3
30 0 0 36 0 0 0 72 0 0 89 0 0 22 0 0 85 0 87 87 0 0 0 0 0 0 88 28 0 0 0 0 0 0 0 0 0 0 0 0 0 0 0 0 0 0 0 0 89 29 3 0 0 0 0 0 0 0 0 0 0 0 84 34 0 0 0 0 0 0 0 0 96 0 0 0 0 0 0 0 36 69 0 39 97 56 0 0 0 0 0 0 0 0 0 0 23 0 33 0
0 0 15 0 0 0 0 0 0 0 0 52 0 0 0 0 0 56 0 37 0 0 0 0 25 0 0 0 26 0 0 0 0 0 0 0 27 0 0 0 0 48 0 0 0 0 0 0 5 27 0 0 0 62 35 0 15 0 0 0 0 38 0 0 66 70 93 0 0 0 0 0 0 0 0 0 0 0 0 0 70 0 0 0 100 0 0 0 83 68 55 0 0 0 0 0 27 29 0 0
57 0 0 97 0 0 0 0 0 0 0 69 0 0 0 0 0 0 0 0 18 0 0 0 0 0 0 90 0 0 24 79 0 79 79 0 0 0 0 32 0 41 0 0 0 29 0 0 0 0 0 51 76 31 0 7 0 28 41 0 0 0 0 0 0 0 0 0 0 0 0 0 0 0 44 0 0 0 0 0 0 0 0 0 0 0 0 0 0 56 0 0 0 0 0 0 0 0 0 0
5 0 60 32 0 0 0 0 80 36 68 82 19 0 0 0 0 0 0 0 45 0 0 0 0 44 0 0 0 0 90 0 0 0 37 0 0 0 43 0 21 0 0 68 0 0 0 0 0 0 0 0 0 0 0 0 0 0 0 0 0 0 0 0 0 0 0 85 0 0 72 0 0 0 0 43 0 69 28 10 0 0 0 76 0 0 0 46 0 0 0 0 67 0 0 0 0 0 0 0
0 48 0 30 0 0 53 0 45 0 0 0 0 0 0 45 0 0 0 0 0 47 98 0 0 45 0 0 26 77 23 0 0 92 0 0 0 0 0 0 0 0 0 14 0 0 0 60 0 0 88 0 30 0 0 0 0 88 60 0 0 66 0 0 0 0 0 88 0 2 0 0 0 0 0 84 0 0 0 0 0 0 70 0 0 0 0 0 0 0 56 44 0 0 87 0 0 0 51 64
0 0 22 0 0 32 0 0 0 43 0 0 20 0 96 0 0 7 29 0 97 0 1 22 0 0 77 0 0 0 0 0 0 0 0 0 0 0 0 0 0 0 10 0 5 0 0 0 0 0 26 0 0 0 0 0 0 0 17 90 0 0 0 43 33 0 0 0 0 0 58 7 0 0 0 0 0 0 0 99 0 0 0 0 0 0 0 0 0 0 0 0 0 0 0 29 0 0 0 0
35 0 0 30 0 63 0 46 0 0 10 0 0 0 0 0 0 1 0 0 0 0 0 0 70 0 0 0 0 52 0 0 0 0 35 0 0 0 100 0 70 0 0 28 28 0 0 0 54 0 0 0 40 0 71 0 0 0 0 0 0 0 0 0 0 16 0 0 0 0 47 0 0 0 78 0 55 0 0 0 26 0 0 0 0 31 60 0 17 0 0 0 0 0 0 0 22 0 0 0
39 0 0 0 30 34 0 88 0 0 0 10 0 0 0 0 0 0 0 0 60 0 0 0 0 0 0 0 0 0 0 0 11 0 0 0 62 0 0 0 0 0 68 48 0 0 0 0 0 0 0 0 0 0 0 0 0 0 0 0 0 0 69 0 0 12 4 0 0 0 0 0 0 0 0 0 23 0 0 60 0 0 47 45 0 0 0 0 0 0 0 0 0 0 0 55 0 0 0 0
0 0 0 0 0 100 25 0 0 0 0 0 3 68 57 0 0 0 0 0 94 0 0 0 0 0 0 0 0 61 81 0 0 23 24 0 100 0 0 0 0 0 72 11 95 0 0 0 70 17 0 0 0 0 24 0 0 0 0 0 0 0 98 4 0 0 0 0 0 0 54 0 0 0 0 0 0 20 53 0 0 0 13 86 0 0 0 0 0 87 0 0 0 11 0 0 0 0 0 0
27 0 59 12 47 92 0 17 0 0 0 0 99 0 0 0 88 95 0 0 39 0 0 97 71 0 55 41 83 0 100 0 0 0 0 0 33 0 0 0 0 0 0 0 0 0 0 0 0 0 0 0 0 0 0 0 0 0 0 0 0 0 0 0 87 0 0 0 18 0 0 23 0 0 0 0 0 0 0 0 95 46 62 15 0 4 0 0 0 0 0 0 0 84 0 0 0 0 0 82
99 0 0 0 0 0 0 0 7 0 0 0 0 0 0 0 0 0 0 0 0 0 0 49 0 1 0 0 72 0 0 0 42 0 0 76 0 59 0 0 28 84 0 0 44 0 61 0 20 0 0 0 0 0 0 71 0 0 73 0 0 0 1 76 0 3 0 0 0 4 0 0 0 84 0 0 0 0 0 83 22 0 0 31 60 0 7 0 0 0 0 0 0 52 42 0 0 0 38 69
0 0 0 24 0 0 0 0 0 60 0 0 0 53 14 0 99 0 52 0 0 0 0 0 0 0 0 0 0 16 0 0 0 0 71 0 0 0 0 0 0 0 73 0 0 0 0 0 0 0 0 48 88 6 0 95 0 11 0 0 45 0 0 0 0 0 0 0 0 76 6 0 0 0 45 0 0 0 65 0 0 68 0 0 0 0 0 0 54 28 0 2 0 0 0 10 0 0 0 0
0 0 28 0 46 32 0 0 0 0 0 0 0 0 0 81 0 0 0 0 40 90 0 0 52 0 0 0 0 0 0 0 0 0 8 0 0 0 0 0 0 63 0 0 0 0 54 0 0 0 0 0 0 3 66 11 0 0 0 0 0 0 0 0 0 0 97 0 0 0 0 0 0 75 0 62 68 0 37 18 0 0 74 0 0 0 0 33 0 0 0 38 0 0 0 0 0 0 33 11
0 0 0 0 0 0 0 0 0 0 0 0 39 0 0 81 0 0 0 0 74 27 0 0 66 88 0 0 0 0 0 33 0 0 0 21 88 0 0 0 0 0 0 0 0 55 3 72 0 27 0 36 30 0 79 0 0 0 0 0 0 0 0 0 0 0 88 0 0 0 0 0 2 0 0 28 3 0 0 67 90 45 21 44 0 0 0 0 0 0 0 0 62 0 0 0 0 0 41 14
0 15 0 0 0 0 0 0 89 78 0 68 0 0 100 7 0 0 0 0 0 0 0 0 16 0 74 0 0 0 41 0 0 29 0 0 0 0 0 0 0 0 0 0 0 65 0 64 0 0 0 0 0 0 0 74 0 0 74 0 0 41 0 34 67 91 0 0 0 0 0 0 0 0 0 0 0 7 65 0 0 0 0 0 0 69 0 0 0 0 0 0 0 0 0 0 0 0 0 10
0 25 0 0 100 0 51 0 0 0 8 0 0 0 72 0 0 0 0 0 0 52 0 0 70 0 0 0 18 39 0 0 0 0 0 0 86 0 0 0 39 0 32 96 0 0 0 0 0 88 0 0 84 0 0 0 0 0 32 0 0 0 0 0 14 0 0 0 0 0 0 39 0 0 0 0 35 87 55 21 53 0 0 8 0 0 0 0 5 0 0 45 0 0 0 0 0 31 0 0
61 0 0 0 0 0 0 0 0 0 0 79 0 0 0 0 0 0 0 0 0 0 0 9 35 0 0 0 0 0 43 0 81 23 0 0 0 0 56 0 0 72 37 0 0 0 0 56 0 0 67 0 70 0 0 0 0 60 87 0 0 0 0 0 0 0 0 0 38 14 0 52 0 0 0 0 85 0 74 0 0 0 0 0 0 0 0 0 45 70 38 0 35 0 43 0 0 14 38 0
90 0 0 46 0 64 0 0 82 0 76 0 0 86 35 0 0 0 0 0 0 0 0 0 10 0 67 0 42 0 89 0 0 0 0 0 0 0 0 0 0 0 0 0 0 0 0 0 0 64 0 0 0 0 56 64 0 0 0 3 0 0 0 0 0 18 0 0 0 0 28 0 0 0 0 0 33 0 39 0 0 46 0 3 81 97 25 0 0 0 91 28 0 0 0 0 0 0 75 55
62 13 0 6 0 51 0 0 0 0 63 85 3 0 66 0 0 75 0 0 0 0 0 0 0 0 0 0 87 12 0 89 0 0 0 0 0 0 0 2 0 94 0 0 0 0 0 0 0 0 38 0 35 0 76 0 77 0 0 0 76 59 0 0 39 0 0 0 0 0 39 0 98 0 0 0 0 0 0 0 0 0 0 0 0 0 0 0 0 63 0 24 0 0 0 0 0 0 0 0
42 0 0 0 19 0 0 0 42 0 0 0 0 0 0 0 61 0 0 0 98 0 0 20 0 0 0 0 0 0 40 0 56 0 87 0 0 0 0 0 0 0 0 0 0 0 89 15 0 0 0 0 0 0 0 0 0 97 0 0 0 0 0 51 0 0 0 0 37 0 91 69 23 0 43 0 0 61 0 0 67 0 44 0 0 28 67 0 0 0 80 0 25 61 85 0 0 69 0 70
0 0 100 43 0 0 0 0 39 0 0 0 0 0 0 0 0 0 0 89 18 46 0 0 0 0 0 4 0 0 0 70 0 0 0 0 0 0 0 67 0 14 0 0 0 0 0 0 3 0 39 0 0 71 0 0 0 0 0 0 26 0 66 52 94 0 0 0 0 0 70 0 86 15 0 13 0 20 0 0 45 13 58 0 0 0 0 65 0 0 0 0 0 0 0 96 0 0 0 0
0 0 86 0 0 0 0 0 44 0 95 0 0 0 0 20 0 70 61 0 0 0 0 0 0 0 28 0 90 0 0 0 0 0 0 0 0 0 0 0 0 0 0 0 0 0 3 0 70 0 0 0 0 0 0 0 8 0 0 0 0 0 0 0 99 0 0 0 0 47 0 0 0 69 45 0 42 61 0 0 85 0 0 70 70 0 24 0 0 0 0 96 75 0 0 0 0 17 0 70
0 0 79 0 0 53 91 0 0 0 0 0 0 0 0 0 0 0 11 8 0 0 0 0 79 85 78 0 0 0 0 33 0 0 0 0 0 0 0 0 73 0 0 0 0 69 0 0 66 0 57 0 0 0 0 0 0 0 0 0 0 0 35 0 0 44 0 12 0 0 0 0 0 81 0 0 0 0 66 0 66 0 0 0 0 0 38 0 97 86 0 0 38 0 44 0 0 15 0 0
38 0 0 0 64 0 0 24 0 0 0 96 0 0 0 0 0 0 0 0 0 0 0 0 0 0 0 0 60 0 0 0 0 0 62 0 0 0 0 0 51 0 0 0 84 43 0 29 0 29 0 0 0 0 0 0 0 0 0 84 0 0 12 87 0 15 0 0 0 0 0 57 0 0 0 0 0 0 26 0 0 80 89 0 0 74 81 0 0 0 0 44 0 0 0 0 0 3 66 0
78 0 0 0 0 0 0 77 0 0 0 0 0 0 0 0 0 0 0 0 0 0 0 22 0 0 0 0 0 0 0 0 90 0 0 69 0 0 0 87 4 0 0 0 0 6 43 79 92 0 75 66 0 62 27 51 0 0 0 0 0 21 0 85 0 0 73 0 0 0 41 0 0 28 0 0 69 0 0 0 0 0 0 0 31 0 49 0 0 0 0 0 24 0 0 0 0 0 0 0
0 0 0 0 0 0 0 0 0 0 78 21 74 0 0 0 0 0 0 0 59 85 0 0 0 0 95 0 0 33 0 0 0 0 94 0 20 50 73 0 0 0 0 0 0 0 0 79 0 4 43 0 58 0 0 0 0 0 0 0 0 0 0 0 0 0 0 0 80 66 0 0 56 0 0 0 0 0 84 0 0 0 0 0 0 89 0 0 66 0 0 0 0 0 28 0 0 0 0 0
65 0 0 0 0 0 50 0 62 4 0 0 88 0 0 0 36 0 0 0 0 14 0 0 0 0 0 0 96 6 0 95 68 0 84 0 0 90 0 28 23 0 24 0 94 0 0 0 0 42 0 0 3 0 0 0 0 0 0 9 72 0 0 63 0 0 0 0 36 0 0 0 0 48 10 0 15 0 0 0 38 17 0 0 0 0 0 0 0 0 0 0 0 0 0 0 87 39 0 5
48 0 0 0 0 0 27 21 0 90 0 0 0 40 39 0 0 9 0 0 0 0 0 0 49 0 0 65 0 0 17 26 0 0 0 0 0 0 0 0 0 68 0 61 0 79 0 0 71 0 0 0 0 0 0 0 0 0 0 0 0 70 0 0 0 0 0 0 65 0 0 0 70 0 0 0 7 0 0 0 0 0 0 0 0 0 0 0 0 0 0 0 47 47 0 48 0 51 0 0
0 0 0 80 73 13 45 0 0 0 0 0 0 0 92 0 0 0 0 0 0 0 0 62 0 0 0 0 9 38 0 15 0 0 0 94 0 0 53 0 0 0 0 47 0 0 0 44 0 96 0 0 0 0 0 26 41 0 0 0 0 0 0 53 0 0 0 0 0 37 0 0 0 91 14 0 0 0 61 0 0 0 0 0 0 0 0 0 0 0 0 44 0 0 25 0 0 59 0 78
0 0 0 0 55 0 0 0 0 0 0 0 32 29 0 0 0 0 0 0 0 0 0 0 21 0 0 0 0 0 62 0 83 0 0 79 0 0 0 100 0 0 0 0 0 0 0 0 0 0 0 0 3 0 0 0 0 0 0 0 32 0 0 0 0 97 0 0 0 22 0 0 0 0 0 0 0 0 0 0 0 0 0 94 0 0 62 0 0 0 0 46 0 0 0 98 0 73 20 0
0 100 38 0 0 0 0 0 45 0 0 0 0 6 0 0 0 0 0 0 0 0 22 0 0 19 0 22 0 0 54 0 7 0 0 0 0 0 33 0 0 0 82 0 0 0 0 0 40 0 0 0 0 74 0 0 36 0 0 0 0 68 87 0 0 0 0 90 0 0 0 45 0 0 9 0 89 0 0 0 0 0 0 0 33 0 9 67 0 0 0 0 3 0 0 0 0 0 62 0
0 32 0 54 0 0 0 0 35 10 0 0 57 0 0 0 21 0 0 98 0 10 11 45 0 0 0 0 0 0 0 0 0 0 0 0 0 0 0 0 8 0 0 0 0 0 0 0 0 0 0 0 0 26 0 0 0 0 0 0 78 33 0 0 59 0 90 0 0 28 0 0 0 3 0 62 0 0 28 0 37 0 0 0 0 0 16 98 0 0 0 0 20 0 0 0 0 60 14 13
0 0 0 40 0 0 0 0 35 0 90 37 0 0 0 17 40 0 0 100 0 0 12 0 0 0 0 0 85 0 0 0 0 97 44 35 0 0 27 0 42 0 0 0 0 51 0 10 0 0 0 0 0 61 0 0 0 0 0 14 43 0 0 0 93 0 0 0 59 40 0 0 0 3 0 0 0 0 0 0 0 0 82 0 0 0 15 0 0 79 0 0 0 45 0 84 0 0 0 70
0 0 0 0 11 0 0 0 0 0 0 15 0 0 0 0 42 0 0 0 0 0 0 27 0 0 0 0 0 57 0 4 46 0 0 0 0 0 0 0 0 0 0 0 0 0 48 0 77 0 0 24 0 0 0 0 0 21 0 0 0 0 0 88 0 0 0 0 16 0 17 30 0 67 12 0 0 0 62 83 60 0 21 0 81 0 0 10 0 70 85 0 0 0 0 0 0 0 0 0
40 0 0 0 31 0 0 0 0 0 65 99 0 0 0 0 0 3 30 82 64 0 0 0 52 10 0 65 64 0 0 0 0 0 0 0 0 26 0 0 0 0 0 0 60 0 67 52 0 0 0 60 0 0 0 0 0 0 0 0 0 0 0 6 0 0 0 68 0 31 0 0 69 0 0 0 0 0 0 0 42 0 28 89 50 0 0 0 0 20 0 0 0 0 94 0 0 0 0 0
0 0 23 56 0 18 97 74 56 38 0 0 0 0 0 0 0 86 0 0 0 70 0 0 0 0 4 86 0 0 77 0 89 0 0 0 0 0 0 0 88 0 0 0 0 0 36 0 88 0 0 0 0 0 59 0 0 0 0 0 0 0 3 0 0 0 0 0 0 39 0 3 0 0 5 0 0 42 0 0 93 0 0 0 0 0 0 0 0 29 0 86 0 0 0 0 0 0 0 0
72 0 0 0 0 0 0 0 0 82 41 0 0 0 0 0 0 0 0 0 52 0 0 0 0 0 0 0 52 77 36 29 19 0 0 0 0 0 0 0 70 0 0 0 0 0 84 0 0 29 0 20 29 0 0 0 0 0 0 37 0 2 0 8 0 0 0 0 0 0 0 0 0 0 20 73 0 0 0 0 71 0 0 0 0 0 0 0 0 0 0 0 0 0 0 0 23 0 0 58
61 0 25 0 0 0 76 0 45 0 0 85 0 0 0 0 0 0 44 0 0 0 0 0 52 0 0 0 0 0 0 86 0 63 66 0 87 0 0 0 0 0 0 0 0 0 65 0 0 0 0 0 37 0 88 44 0 0 79 48 0 0 0 0 0 0 0 0 1 0 0 0 0 0 0 94 8 0 0 0 0 0 0 0 0 0 0 0 0 0 0 0 0 0 61 0 0 0 0 94
0 86 0 0 0 0 0 0 0 0 40 0 0 0 0 0 0 7 0 0 0 0 0 0 0 0 0 0 0 0 0 0 0 0 0 84 0 0 21 0 0 0 54 36 0 0 0 0 0 63 0 0 0 0 0 66 1 41 0 0 0 0 11 0 0 64 96 4 0 0 6 0 41 0 0 0 0 0 96 100 0 0 0 0 0 0 9 6 45 70 0 0 0 71 0 78 0 0 0 0
0 0 0 0 0 0 0 17 0 0 37 0 0 39 0 0 59 0 0 0 0 0 37 0 0 0 0 0 0 85 76 86 0 0 0 0 57 0 7 0 0 0 0 0 0 0 0 0 0 0 0 0 47 0 0 0 0 0 0 0 0 0 99 0 0 0 0 0 0 0 0 0 0 58 0 55 0 0 47 0 0 0 0 0 76 0 0 0 33 17 0 0 60 97 0 0 89 0 0 0
0 0 0 0 0 0 0 0 0 0 0 0 0 0 88 0 51 0 0 29 0 0 3 0 84 81 0 0 0 0 6 64 4 0 0 0 0 0 0 0 0 71 10 0 61 0 0 0 0 0 98 0 0 72 0 47 31 46 18 2 0 0 0 37 0 0 0 0 13 0 0 0 30 63 0 0 0 0 0 77 0 0 0 0 0 0 0 0 0 76 0 0 88 0 0 0 0 0 0 0
0 0 0 47 0 0 0 0 0 0 0 25 10 25 0 0 0 70 0 78 61 0 0 0 0 0 84 0 0 11 0 21 55 0 98 0 0 0 100 0 10 0 0 0 57 18 0 0 0 0 77 0 0 0 0 0 0 35 0 0 46 0 0 0 0 0 44 0 55 0 0 0 0 2 0 89 4 0 0 0 0 0 0 0 0 0 0 72 0 9 61 0 0 0 0 0 0 0 0 0
31 0 0 84 62 0 0 0 10 0 0 52 55 78 96 0 0 43 0 0 0 0 0 0 0 0 0 0 0 44 0 0 0 0 0 0 0 27 0 0 0 0 41 0 0 0 0 0 47 0 0 0 0 0 0 0 0 0 0 0 0 0 0 43 0 17 0 17 0 22 65 0 65 0 0 0 0 0 0 40 0 0 57 0 0 0 0 0 0 0 0 79 0 0 2 4 0 0 0 0
80 0 88 86 74 0 0 0 75 0 0 0 100 81 0 94 0 0 64 0 56 0 8 0 0 0 0 0 0 84 0 0 0 46 53 0 0 88 0 20 93 82 0 73 0 0 50 87 0 97 61 0 0 0 0 76 0 0 0 0 0 38 68 0 16 51 0 0 46 90 98 0 0 0 0 22 3 0 58 0 49 0 0 0 0 0 0 0 95 0 0 45 99 0 54 48 0 0 0 100
16 73 0 59 82 35 51 0 0 46 0 0 0 0 69 0 0 0 0 0 63 0 0 0 0 0 0 0 0 21 0 0 56 0 0 0 0 0 61 0 42 0 0 0 0 14 0 0 0 0 0 0 0 61 0 0 0 0 97 0 0 100 91 0 0 0 0 0 0 0 0 0 0 76 55 0 0 0 0 0 0 0 0 0 0 37 0 0 0 0 0 0 0 0 5 0 79 0 0 0
0 0 0 0 0 0 100 9 0 49 0 11 0 0 0 0 0 0 0 0 0 0 0 0 0 0 0 11 0 0 67 0 0 0 0 0 0 0 0 0 7 0 0 0 0 43 0 0 0 0 0 0 0 0 0 30 0 0 0 0 0 0 24 0 80 0 65 0 38 0 0 0 0 0 0 0 66 0 0 0 32 70 0 0 0 0 0 0 31 0 0 0 0 0 0 12 0 0 0 54
16 0 0 0 3 0 0 88 0 0 0 0 0 0 68 0 0 0 0 62 18 0 45 100 8 0 0 25 0 52 1 0 67 0 0 0 0 0 46 0 0 43 0 0 0 0 0 0 2 0 0 0 0 0 0 0 77 0 0 0 0 73 0 93 51 0 0 8 0 0 0 7 0 0 0 0 0 93 0 0 0 0 0 0 0 0 43 0 0 0 43 0 23 0 39 0 0 35 0 0
0 0 0 0 5 78 0 0 0 0 0 96 0 0 0 57 0 0 71 0 0 0 0 0 100 0 0 0 0 0 0 0 0 0 0 22 0 0 17 89 13 71 0 76 0 0 63 46 0 64 0 73 0 0 0 77 0 0 0 0 0 0 0 0 68 0 81 0 0 0 0 0 52 0 0 0 0 0 25 0 0 0 0 0 0 0 0 0 0 0 57 0 0 0 0 75 0 0 0 0
0 89 79 27 0 58 1 0 0 0 0 0 0 0 0 0 0 0 0 0 38 0 33 0 0 0 0 0 23 62 24 31 0 36 36 94 0 0 0 77 0 0 0 0 0 0 0 0 0 24 0 8 0 0 0 0 0 38 0 0 0 0 0 0 0 82 0 0 0 0 0 0 0 98 0 0 0 0 0 10 0 79 0 70 72 0 0 0 0 0 0 50 0 0 0 0 0 0 0 0
0 0 0 0 25 54 77 0 0 0 100 0 0 0 0 0 28 0 0 78 0 47 0 0 0 30 0 0 0 0 36 0 76 0 0 0 0 0 21 58 0 82 0 0 63 0 0 0 0 0 78 0 0 0 29 0 0 0 0 72 80 0 87 0 0 0 0 0 0 0 0 0 0 6 0 15 15 16 0 0 66 0 89 81 0 0 0 0 0 0 0 41 0 0 0 0 0 0 0 0
0 17 0 0 0 0 44 0 0 0 0 54 0 97 0 0 0 0 73 0 0 33 65 0 17 0 0 0 0 10 0 0 0 0 0 72 0 0 0 0 55 0 31 0 59 51 0 0 0 0 0 0 0 0 88 0 0 0 86 0 19 0 0 0 0 0 0 0 0 0 0 54 15 58 0 0 0 0 0 0 0 0 0 0 0 0 0 0 0 0 0 0 0 0 5 0 0 0 0 76
0 0 0 0 0 14 0 0 82 0 0 0 69 0 0 85 79 41 75 0 0 0 0 0 32 0 75 69 0 0 32 3 0 0 0 23 0 89 0 0 0 0 0 20 0 0 0 31 36 77 0 7 40 0 75 0 0 0 0 0 31 0 82 0 0 0 0 80 57 0 0 0 0 62 0 58 0 0 0 0 0 0 0 19 0 0 98 19 0 0 100 0 0 0 0 0 0 0 0 13
0 0 0 46 0 0 0 0 0 0 0 0 0 61 0 0 0 0 0 0 0 0 1 0 0 0 27 0 0 0 0 0 27 0 35 0 0 0 31 0 0 30 15 2 40 0 0 0 0 0 0 0 36 0 0 0 0 0 0 18 0 86 0 0 0 0 0 55 44 0 0 0 0 50 66 0 40 25 61 0 79 0 61 0 0 0 0 0 0 32 0 0 18 52 0 10 0 15 95 0
0 0 0 39 87 0 0 0 0 0 0 38 0 28 0 0 0 39 0 0 0 0 59 0 0 0 0 0 0 0 88 0 10 0 0 0 66 75 0 0 0 0 0 0 0 0 72 0 0 0 0 0 87 0 0 30 2 0 0 0 0 17 0 0 32 0 0 0 0 0 0 0 0 0 71 0 0 0 0 0 0 0 89 0 0 0 0 0 0 0 12 0 23 0 0 0 0 0 0 0
0 0 0 0 100 0 0 0 0 0 17 0 0 0 89 0 0 44 0 0 0 0 0 0 0 95 0 0 0 0 0 0 0 0 0 0 0 0 0 0 0 0 30 0 0 26 0 88 0 35 93 10 52 0 92 0 0 0 54 78 22 83 0 83 0 0 0 0 0 0 40 0 0 61 0 0 0 0 86 0 93 0 46 0 48 0 0 97 0 0 0 2 0 27 0 64 0 0 0 0
0 0 0 0 0 0 69 0 86 0 0 0 11 90 0 0 27 5 0 0 0 0 0 0 0 0 0 27 0 0 0 0 98 0 0 0 0 0 77 0 0 0 73 0 0 0 0 0 0 0 32 43 0 0 0 0 0 9 0 48 0 0 0 0 0 0 40 0 0 0 0 23 0 0 0 0 0 0 0 0 83 0 0 46 24 0 0 0 55 82 0 0 0 0 0 0 26 12 81 48
0 52 0 0 0 92 0 0 0 0 56 62 0 0 0 0 0 0 0 0 0 0 7 0 20 3 0 0 77 0 50 0 0 0 0 0 0 0 0 0 0 0 22 0 0 0 39 88 29 38 0 0 0 0 0 0 0 0 0 8 0 0 0 0 59 0 0 0 15 0 90 0 61 0 0 0 0 0 0 0 0 0 28 0 0 0 0 85 0 0 0 0 0 0 0 0 82 0 72 0
0 57 0 0 32 0 0 0 0 0 0 0 0 0 0 91 0 89 0 34 0 0 0 0 0 0 14 0 0 0 0 0 0 0 0 15 0 11 0 0 0 72 0 0 0 0 88 0 0 0 0 0 56 0 0 0 0 0 0 0 0 0 0 0 0 0 0 0 0 0 0 0 62 0 0 0 0 0 0 32 0 0 0 71 0 0 0 0 62 0 7 0 0 0 96 0 0 0 0 0
0 0 0 0 0 0 0 0 0 84 0 0 0 14 0 0 0 0 0 91 81 0 0 0 0 0 0 0 0 0 0 0 0 0 0 0 0 0 0 0 25 0 52 52 0 0 51 36 0 0 0 63 0 0 0 0 0 0 0 0 0 0 0 0 0 0 0 21 0 73 29 0 0 0 58 18 0 0 0 0 0 38 65 82 0 0 0 1 0 75 0 0 0 82 0 0 0 0 0 17
42 39 0 0 0 0 0 0 65 0 0 70 0 98 0 0 88 0 0 0 0 64 0 0 0 0 0 0 0 94 0 73 0 0 0 0 0 0 0 0 0 0 16 0 16 0 0 0 0 0 0 94 0 0 25 0 0 0 0 0 0 0 0 0 0 77 0 76 0 0 0 0 0 0 0 0 0 37 0 0 0 0 0 31 0 0 0 0 22 0 0 0 0 0 0 0 0 56 24 99
17 0 0 97 0 0 0 0 0 29 0 0 0 94 0 55 0 45 0 95 0 0 58 0 0 0 0 69 0 0 0 0 0 0 0 0 0 0 0 48 0 35 16 0 0 0 0 0 0 0 51 35 89 0 2 0 0 0 72 66 9 19 0 0 69 0 0 22 0 0 0 0 0 0 0 0 96 0 0 0 0 0 0 0 0 0 0 0 0 0 10 88 0 0 0 0 0 15 0 0
0 0 0 42 0 0 31 10 89 52 0 0 0 0 0 0 0 0 0 29 36 26 0 0 0 0 0 71 11 31 0 69 0 0 0 0 93 0 57 0 0 0 0 0 72 0 0 0 0 0 0 0 0 0 0 0 0 94 0 0 0 30 0 61 0 0 0 0 0 0 0 0 0 0 0 30 0 0 43 0 87 0 0 0 0 0 46 0 0 0 0 51 0 81 0 0 18 0 0 0
0 0 0 0 0 0 0 0 0 0 93 0 0 0 0 0 20 0 0 0 48 0 0 0 96 0 66 0 0 0 0 81 0 0 0 10 0 0 0 0 0 79 0 0 0 0 0 0 0 66 0 0 19 0 20 0 0 0 0 0 0 0 0 0 0 0 0 0 0 0 0 52 0 0 0 0 47 0 0 0 93 69 0 0 0 0 0 0 0 93 0 0 0 0 0 0 0 76 54 0
0 0 0 29 0 77 0 0 9 0 58 0 0 0 54 0 0 0 0 0 0 0 0 42 0 0 0 0 85 0 0 0 30 0 0 0 93 0 0 0 0 0 0 0 0 0 0 37 0 78 41 0 0 58 19 29 0 0 61 0 0 0 0 33 0 0 0 0 0 0 16 0 64 69 0 0 0 0 0 0 0 66 0 0 0 0 0 79 11 0 0 0 0 0 0 21 0 0 0 0
0 87 0 93 0 0 0 47 0 75 10 2 0 0 0 0 0 0 0 0 0 0 0 0 11 0 0 0 0 76 66 0 0 84 0 0 0 63 0 0 0 0 0 2 0 0 0 100 38 0 0 0 0 0 0 0 0 0 0 21 35 65 0 0 0 0 0 0 0 0 0 89 84 12 0 0 0 0 98 0 84 28 3 0 0 0 0 0 0 0 0 0 0 0 59 0 0 0 36 0
0 0 0 0 0 74 0 0 0 0 0 44 0 0 0 0 64 0 60 0 0 0 52 0 0 54 30 0 0 0 75 38 21 0 19 0 0 0 0 55 0 0 0 0 0 0 0 25 0 0 0 0 0 0 0 11 0 0 0 0 0 0 0 0 0 0 0 0 9 0 39 65 0 0 3 0 0 0 0 18 0 97 0 0 0 0 0 92 0 28 0 93 85 0 100 0 0 0 0 0
0 0 0 0 0 68 0 64 0 0 0 0 0 82 0 0 0 0 63 0 0 29 0 0 0 77 0 0 0 0 0 0 0 0 75 0 0 0 25 0 0 0 0 0 0 0 0 96 0 0 0 0 0 0 0 68 58 0 0 0 0 0 73 0 0 2 0 0 85 0 0 0 69 0 55 11 0 0 5 53 0 0 0 0 0 45 0 99 0 0 0 0 0 0 8 0 22 35 0 0
2 88 0 21 0 0 0 5 0 92 55 0 0 0 0 0 0 20 4 42 4 0 0 0 0 0 69 0 0 0 0 0 0 34 0 0 0 0 0 0 0 0 0 9 0 0 0 0 0 0 0 0 0 0 0 0 0 0 0 33 0 0 0 0 8 0 0 0 90 0 0 0 0 0 0 0 0 59 0 0 0 0 0 3 0 0 0 0 0 75 37 83 0 0 0 0 0 0 0 0
0 0 0 0 0 0 0 0 0 0 0 0 22 0 64 0 0 0 76 9 0 0 0 0 0 53 0 0 19 0 50 0 0 0 0 0 0 0 0 0 24 0 0 58 0 87 8 0 0 0 0 0 72 83 0 0 0 0 8 0 54 13 0 0 0 57 0 0 0 50 0 0 0 46 0 0 0 0 95 0 0 0 0 0 0 0 0 0 0 0 0 0 0 0 85 0 0 94 0 90
0 0 0 0 0 0 0 0 0 0 25 0 32 0 0 0 0 0 0 0 0 0 0 0 29 10 89 0 0 0 0 0 0 0 0 9 0 0 0 0 0 0 0 0 34 83 0 17 0 0 0 0 94 0 0 0 0 0 0 0 0 0 66 0 24 20 0 71 0 52 0 0 66 49 0 0 1 0 0 0 0 85 0 100 0 0 0 0 0 0 9 58 72 0 16 0 0 0 0 0
0 0 0 0 0 0 0 19 0 0 0 0 0 0 0 0 0 84 80 0 36 0 34 48 0 0 0 52 0 15 0 0 0 0 0 0 0 0 0 0 0 0 0 0 0 0 0 11 32 0 0 0 0 0 0 0 0 0 0 0 0 0 0 0 0 0 0 0 0 0 0 78 38 0 0 0 0 0 0 0 0 0 0 0 22 0 8 0 0 0 0 74 0 0 0 51 0 0 0 0
89 0 0 0 100 0 0 0 0 66 0 0 0 0 0 0 0 49 0 0 0 50 85 74 0 12 0 92 0 39 45 46 0 67 0 0 0 0 0 0 94 64 0 0 0 0 0 0 0 0 0 0 96 0 0 0 50 0 0 45 0 0 0 0 0 84 0 0 9 0 0 0 0 8 0 12 0 0 0 0 0 0 0 0 0 0 98 0 29 0 0 0 0 0 5 69 0 7 0 0
34 0 0 74 41 0 0 58 0 0 0 0 0 0 0 0 0 0 0 0 0 0 0 0 15 0 21 0 0 0 0 0 0 0 0 79 0 0 38 0 9 0 0 0 0 79 0 92 17 0 0 0 0 0 0 0 0 0 0 57 79 0 0 0 0 0 0 0 0 0 0 34 0 0 0 0 0 0 0 0 0 49 0 0 0 0 0 0 0 0 0 70 0 0 0 0 0 65 0 0
24 0 46 0 0 0 0 0 0 76 0 0 62 0 0 0 53 66 0 0 0 0 53 0 0 0 0 0 0 0 0 35 0 0 0 0 0 0 0 0 0 0 0 29 0 0 0 0 67 0 0 0 0 0 25 0 0 0 0 0 85 0 0 0 0 0 0 0 0 0 0 64 83 0 0 0 0 0 0 0 0 0 0 0 0 0 0 86 0 0 0 0 0 0 0 0 0 92 0 38
0 0 0 0 0 0 0 0 29 0 0 0 0 0 0 0 7 0 0 0 82 0 0 0 0 0 0 64 0 0 0 16 0 0 14 0 0 0 0 80 8 62 0 0 0 90 0 0 41 0 0 79 0 0 0 0 0 81 0 0 14 0 0 13 74 0 0 0 0 0 80 0 67 0 0 97 80 66 0 24 0 0 47 0 0 17 0 0 0 0 0 0 0 71 0 77 0 15 0 3
0 0 0 0 79 0 0 14 89 0 19 0 43 0 0 86 39 37 0 0 39 0 0 0 0 49 0 0 48 0 3 0 23 0 0 0 0 0 0 0 0 0 64 0 0 0 66 6 0 0 0 14 0 0 0 0 0 0 0 20 0 0 0 0 36 8 0 0 0 0 0 74 0 0 0 0 0 0 0 0 0 0 0 0 0 0 0 87 0 66 0 0 0 0 0 0 0 0 0 0
0 0 0 67 100 85 19 0 96 0 0 0 97 0 0 47 0 71 68 29 0 10 0 0 0 0 0 0 0 0 0 0 0 13 0 0 0 0 46 0 0 0 0 0 0 0 0 0 0 2 0 0 0 0 0 33 0 0 0 0 0 0 0 0 0 0 44 90 0 32 0 0 0 0 69 0 0 0 76 0 6 63 0 0 0 0 31 0 0 0 0 0 42 0 0 0 0 0 0 0
0 10 0 0 82 91 0 0 70 0 0 98 14 0 0 56 75 50 0 0 0 0 83 0 0 0 18 0 0 0 0 0 0 0 0 72 0 0 0 0 0 23 0 0 0 37 0 0 0 0 0 69 0 90 0 0 48 72 0 0 0 0 0 0 0 51 0 0 94 72 0 0 0 88 0 0 0 0 0 0 0 5 0 71 92 0 0 0 0 0 0 0 0 0 0 0 0 0 21 0
0 0 0 0 0 46 84 0 83 75 0 90 0 50 0 36 0 0 0 0 16 0 68 0 0 50 0 0 0 0 0 82 0 56 0 0 0 0 0 0 0 0 0 0 0 0 0 0 0 68 0 0 0 87 0 0 0 0 0 0 0 0 0 0 47 0 26 63 0 0 0 0 50 0 0 0 59 0 36 0 0 0 0 0 0 0 4 0 0 0 0 5 0 0 0 8 0 86 0 56
53 0 0 0 0 20 0 82 44 0 0 0 0 0 88 49 0 0 0 0 0 0 0 0 0 16 0 0 0 0 0 5 56 0 0 0 5 0 0 49 0 0 0 0 0 27 0 67 0 6 0 0 0 0 8 0 0 0 0 0 0 0 0 0 0 0 0 10 0 0 10 0 0 30 86 0 0 0 0 0 0 96 0 0 0 93 0 0 0 0 0 0 0 42 0 0 0 0 0 0