100
0 81 0 0 0 0 0 0 0 0 76 19 0 9 0 0 0 77 0 0 0 0 36 0 0 0 0 0 0 0 0 0 0 27 0 37 0 0 78 67 0 3 0 0 0 0 27 85 81 36 0 0 0 96 21 0 0 0 0 0 28 0 0 0 19 0 0 0 75 0 0 0 0 0 66 0 0 21 0 0 0 0 0 0 0 0 0 25 0 77 0 76 6 0 0 0 19 0 0 89
47 0 0 0 0 9 50 0 0 28 0 0 0 0 97 0 0 0 59 0 47 0 0 0 0 58 0 22 0 0 0 0 0 0 0 0 0 0 0 0 97 94 0 0 0 28 0 0 0 0 0 45 0 0 0 0 0 90 0 0 96 0 82 61 0 11 0 0 97 49 0 60 0 95 36 100 0 70 83 0 0 74 2 0 0 4 0 0 0 0 28 44 0 0 0 0 0 11 0 0
0 0 0 0 0 31 9 0 25 0 0 0 0 0 35 0 0 0 1 0 0 0 38 0 0 0 0 0 0 56 0 0 0 0 0 64 0 45 0 54 0 43 0 17 0 0 0 37 55 0 63 0 0 0 0 0 0 0 0 0 0 0 0 0 0 0 0 0 0 0 0 0 0 0 41 47 0 0 0 0 92 0 0 0 88 31 0 56 0 27 0 10 0 0 0 0 0 0 0 76
0 0 0 0 12 20 50 0 0 0 0 0 1 14 0 0 96 84 0 87 0 0 0 0 0 67 0 0 49 0 92 0 0 0 0 0 0 0 0 0 4 0 0 0 0 0 0 90 0 0 0 0 0 0 0 0 0 26 0 12 0 0 80 0 0 0 0 0 0 20 11 0 0 67 0 0 0 13 0 0 0 0 64 4 0 0 0 0 0 0 18 0 40 0 0 0 0 92 0 9
0 0 0 0 0 0 0 0 0 0 0 0 0 0 0 0 0 0 40 0 70 0 0 0 0 0 91 0 0 0 0 0 0 24 0 42 30 0 82 0 0 0 0 87 0 0 0 18 0 51 0 78 0 0 0 0 72 70 0 23 41 0 0 0 0 89 0 0 0 16 0 0 0 48 0 0 0 0 0 0 0 0 0 37 0 0 0 0 36 0 15 0 0 0 38 0 0 0 0 0
0 0 30 0 0 0 0 0 18 0 0 0 0 90 0 0 0 0 0 0 0 0 35 0 0 97 0 0 0 0 85 57 0 0 0 0 21 63 31 21 6 0 0 0 0 0 0 0 0 0 0 63 0 0 0 0 0 18 0 0 0 95 0 35 0 22 12 0 45 0 0 0 89 0 82 0 0 0 0 0 0 65 59 0 0 44 0 0 0 32 0 0 0 0 47 0 74 0 0 56
0 89 3 0 0 0 0 0 0 0 0 55 0 0 0 0 0 0 48 0 0 0 0 0 0 0 0 38 0 87 66 0 0 0 0 75 0 0 0 0 0 0 0 0 0 0 54 0 0 13 0 0 0 0 0 64 0 80 63 0 0 70 14 0 0 0 79 0 0 30 17 0 26 0 0 50 0 0 0 0 0 0 0 71 44 0 0 0 0 0 27 0 52 0 0 0 0 19 0 0
0 0 0 0 0 0 0 0 0 0 11 0 0 0 0 0 50 0 0 0 85 0 0 0 0 0 0 0 0 0 67 0 0 0 0 0 0 0 57 0 0 0 0 73 0 0 0 22 0 38 0 0 0 39 0 0 66 0 0 0 0 0 65 0 98 0 0 56 47 17 0 0 0 0 0 21 0 0 0 0 0 0 0 0 2 0 26 0 0 0 0 75 0 0 0 0 0 0 2 0
0 0 39 87 61 85 0 0 0 0 0 100 26 0 0 0 43 0 0 0 0 0 0 0 96 0 11 0 0 48 0 0 0 51 0 0 0 0 0 0 0 0 0 0 0 0 0 0 0 0 0 86 0 0 0 0 0 0 0 0 0 0 0 13 0 0 0 0 24 20 0 0 0 0 0 0 87 0 0 0 0 0 0 91 0 0 0 0 0 0 0 0 22 0 0 90 0 0 80 0
0 29 15 0 25 0 0 0 0 0 0 14 0 61 0 0 0 51 0 0 0 0 0 91 0 0 0 0 0 0 0 0 0 0 0 43 9 0 47 57 0 0 0 0 0 0 0 0 0 0 0 0 0 0 0 13 0 0 0 0 0 0 0 81 0 0 0 0 0 0 0 0 0 0 0 0 0 30 0 0 0 0 0 0 73 31 0 3 0 71 0 96 95 0 0 68 0 0 17 0
45 0 0 0 88 7 0 0 0 0 0 0 0 44 0 0 4 0 0 0 0 0 0 83 0 0 0 0 0 0 88 0 0 0 0 19 0 0 0 0 0 0 8 0 0 57 0 0 0 97 0 0 0 0 0 0 0 0 0 0 32 0 71 0 29 0 0 0 0 69 87 0 0 0 0 0 0 0 0 0 0 81 16 22 0 0 83 0 0 7 0 0 22 0 0 0 31 0 0 93
0 5 0 0 0 0 0 0 10 95 64 0 0 3 0 0 0 0 58 0 0 0 0 30 1 80 0 0 0 30 0 0 0 0 2 0 0 0 0 53 0 0 0 0 48 23 40 74 0 0 0 0 0 0 0 10 0 0 0 0 23 0 0 0 25 0 65 0 0 0 0 0 62 60 0 0 0 0 22 8 0 0 0 0 0 0 16 30 0 0 39 0 23 0 0 0 0 0 0 0
0 0 0 0 0 0 0 0 0 49 0 75 0 85 0 0 87 96 0 0 0 44 38 0 0 0 0 0 26 0 65 0 0 0 0 0 0 0 0 0 0 0 0 0 88 0 0 0 0 0 0 0 0 0 0 0 0 85 0 0 17 0 0 28 0 0 0 0 3 0 0 0 0 78 12 74 0 0 0 0 47 57 0 57 0 0 0 0 11 0 0 41 0 92 53 0 0 0 53 0
0 0 0 0 0 0 27 0 0 0 0 22 0 0 0 86 85 60 0 0 0 0 0 0 0 0 0 54 0 82 39 0 0 0 0 0 70 0 33 0 0 0 94 42 77 0 0 75 0 0 0 91 0 54 0 0 0 23 77 0 83 56 0 27 0 35 0 0 89 0 0 0 0 0 0 51 0 0 0 45 0 0 0 0 0 0 0 60 10 0 0 0 0 0 0 0 0 0 0 68
0 0 0 16 43 0 0 24 35 14 0 49 0 26 0 0 0 0 0 0 0 70 90 81 52 52 0 0 41 0 0 0 0 0 0 0 25 0 0 0 0 0 0 0 0 0 3 50 0 27 0 0 0 69 0 0 0 0 0 0 0 0 94 0 0 0 0 83 0 0 0 98 4 0 0 0 0 0 0 0 0 0 59 0 37 4 57 0 0 0 0 0 0 74 0 0 0 0 0 0
1 61 86 0 57 0 0 0 0 0 0 56 0 67 0 0 9 0 0 0 0 0 91 0 93 0 0 0 0 0 11 0 95 0 0 43 61 0 0 0 0 0 0 64 0 38 0 0 0 0 0 0 0 0 76 0 0 90 0 0 0 77 0 0 0 0 0 0 0 0 0 0 43 0 0 62 0 78 0 0 0 67 0 0 0 0 0 0 41 88 0 0 26 0 0 98 0 0 0 0
0 0 80 0 0 0 0 0 0 0 11 22 31 0 0 0 0 0 0 0 0 0 0 0 0 31 0 0 0 39 0 0 0 0 11 39 0 0 0 8 24 0 42 31 0 0 0 0 0 0 0 0 0 0 0 0 49 0 88 0 0 0 0 0 0 0 0 58 0 49 66 73 0 0 0 0 0 0 0 0 0 29 0 41 0 0 0 0 0 0 75 0 0 0 0 0 80 0 0 0
0 58 0 0 24 0 0 0 18 61 0 0 0 0 0 85 0 0 49 0 0 0 0 0 0 0 22 68 58 0 41 0 83 0 0 0 0 46 35 0 0 46 0 0 50 3 0 0 0 53 0 0 0 0 0 0 0 51 85 0 89 0 0 0 0 0 84 0 0 28 86 0 24 55 16 0 92 0 0 0 0 0 0 79 0 0 0 0 0 0 57 0 0 0 9 0 0 0 0 0
0 0 0 0 22 0 0 0 0 0 0 0 70 0 0 0 0 26 0 45 0 0 0 0 0 0 0 25 54 4 0 0 0 57 0 0 0 0 0 87 0 0 46 0 0 0 0 98 0 0 0 94 40 0 0 0 0 0 81 0 0 29 54 39 0 0 0 0 0 49 0 24 0 0 0 6 0 0 0 0 50 74 0 0 85 0 0 81 67 73 0 0 10 67 61 0 0 0 6 73
38 0 61 0 65 0 0 0 0 0 0 58 0 0 0 0 14 0 1 0 0 0 0 32 0 0 0 0 0 32 0 91 0 17 93 0 0 0 0 0 0 0 0 0 0 0 0 0 93 28 0 35 9 0 55 0 0 93 0 100 0 0 0 0 0 0 0 45 0 0 0 0 0 0 0 0 96 0 0 0 0 0 0 0 0 1 94 46 0 0 16 0 0 0 0 0 22 0 0 0
0 5 70 0 0 0 77 0 0 84 89 0 0 79 46 0 0 12 0 0 0 70 0 0 0 0 0 0 0 0 0 0 0 89 0 0 0 0 0 22 0 0 0 100 0 0 60 0 0 0 0 0 0 0 0 0 67 0 0 0 84 50 0 0 89 97 0 0 0 0 0 11 61 0 94 46 47 52 0 0 0 0 0 17 0 0 0 0 0 0 100 0 0 0 0 0 5 55 0 15
88 0 0 0 0 0 0 0 1 0 0 63 0 0 0 0 0 89 41 95 0 0 0 0 0 0 0 0 0 41 0 0 85 0 0 0 0 0 39 0 0 0 0 5 0 0 0 22 0 0 72 0 70 1 7 0 43 0 0 23 0 0 35 38 77 0 0 0 0 37 0 0 28 0 0 0 0 0 0 0 0 0 0 0 0 0 0 0 0 0 0 0 26 0 58 0 13 0 3 46
0 0 81 0 84 0 0 0 0 0 0 31 0 0 0 57 0 0 0 0 0 45 0 0 0 0 0 0 0 0 0 92 0 0 0 54 0 0 50 0 0 0 24 0 0 0 0 0 0 0 0 0 0 98 0 0 82 0 80 0 0 0 0 46 0 0 0 0 0 0 0 24 54 0 100 35 0 0 0 91 0 0 0 0 0 0 0 0 0 21 0 0 0 58 17 0 0 0 0 0
0 0 83 3 0 0 84 81 0 0 0 0 0 47 0 0 0 0 0 0 0 0 0 0 18 0 0 0 0 64 0 0 0 90 0 83 0 22 0 0 0 0 0 0 0 0 90 85 0 0 35 0 0 0 0 0 0 0 0 0 0 0 0 0 0 0 0 39 0 0 0 0 30 0 0 89 0 0 67 83 0 0 0 0 0 88 0 14 0 57 31 0 44 0 0 0 0 0 0 0
0 0 0 0 0 0 0 0 24 0 0 0 0 0 0 0 63 0 0 0 0 0 0 0 0 0 0 0 0 0 0 0 0 0 0 0 0 58 0 0 17 0 0 0 0 0 0 42 0 0 0 0 0 0 25 0 20 0 0 0 32 0 0 0 0 0 0 0 15 47 0 0 0 0 0 0 0 0 0 0 0 0 0 0 13 0 0 50 0 0 42 0 0 0 0 11 0 0 0 0
0 0 0 52 53 0 0 0 0 0 0 0 0 71 56 0 0 0 0 0 0 0 62 0 61 0 0 51 0 12 0 0 0 0 0 66 0 0 64 62 0 65 0 0 0 0 38 0 0 80 0 50 0 0 0 0 21 0 0 71 0 73 0 0 0 0 0 0 98 0 0 0 0 45 0 0 0 0 3 0 0 0 0 0 0 0 73 0 0 0 0 0 86 0 0 3 79 0 0 50
71 0 10 3 76 0 72 3 0 8 0 0 85 0 0 0 0 0 0 0 0 0 47 4 0 0 0 0 98 0 0 29 0 0 46 0 97 0 0 0 0 0 0 0 0 87 29 0 0 0 0 37 0 0 0 0 0 61 0 0 0 29 0 0 75 0 0 0 66 90 10 23 76 0 0 53 0 0 40 0 0 90 0 19 89 0 0 78 0 0 0 0 26 0 0 0 0 0 0 0
61 0 1 99 0 0 10 0 0 0 0 0 0 0 0 0 0 0 0 13 0 0 0 25 90 0 0 0 0 0 0 0 0 0 0 0 0 0 0 8 0 59 8 0 0 0 0 6 97 0 25 9 0 55 0 0 0 61 0 0 21 0 0 0 0 30 0 0 0 38 30 0 42 0 10 0 0 0 0 0 0 0 0 91 51 0 0 0 0 0 0 0 0 0 0 90 0 0 0 0
0 0 0 0 0 20 0 0 0 90 0 87 56 0 15 53 0 0 39 19 0 0 80 0 0 0 0 0 0 0 27 0 0 0 0 7 0 79 0 0 0 92 0 78 0 0 10 0 4 0 75 0 0 0 58 0 46 0 72 0 0 0 0 0 0 0 0 0 0 0 45 0 0 0 12 0 0 9 0 0 0 0 0 0 70 0 0 20 0 0 0 0 0 0 0 0 0 0 0 0
0 0 74 0 0 39 0 16 40 17 0 0 0 0 0 0 0 44 0 0 72 95 0 0 96 0 0 0 6 0 0 0 8 0 56 0 0 0 17 0 0 0 0 0 0 0 55 96 0 0 0 84 0 0 59 0 0 0 0 0 0 0 48 0 65 0 0 0 0 0 0 0 41 0 58 0 84 0 0 0 90 0 0 0 0 0 0 0 0 0 61 0 0 0 0 0 52 0 0 0
0 0 0 14 81 0 0 0 0 39 14 89 0 0 97 0 0 0 0 0 0 0 0 0 0 0 0 0 0 0 0 19 42 0 53 0 72 0 0 0 82 14 29 0 47 0 0 3 0 0 0 0 72 0 55 0 0 0 83 0 0 0 0 69 24 0 0 0 0 0 88 91 0 0 96 0 0 49 0 0 0 0 38 0 0 0 15 0 59 0 0 0 0 0 60 66 0 0 0 0
0 0 0 0 0 0 0 0 0 13 0 0 96 0 16 0 0 0 0 0 0 7 0 0 0 64 0 0 0 0 0 0 0 0 0 0 0 86 0 0 31 0 52 0 0 0 0 0 18 63 0 0 0 0 0 0 16 83 0 0 54 0 62 0 0 0 39 18 0 23 0 0 0 0 0 0 53 0 0 96 0 0 0 95 0 12 91 0 0 0 54 12 100 0 0 0 0 0 0 0
0 0 0 0 0 0 0 0 18 0 0 0 0 0 65 0 0 0 0 0 22 58 0 4 70 0 0 0 0 0 94 0 0 0 61 0 82 0 7 0 0 49 0 0 12 72 63 0 41 0 0 0 9 0 100 0 0 0 0 0 0 37 0 30 0 0 14 26 0 0 37 35 0 9 63 0 0 83 0 0 0 0 0 72 0 61 56 0 0 99 0 0 0 0 0 0 12 0 0 0
4 6 0 0 0 93 0 0 46 0 0 0 0 51 68 0 0 0 0 0 0 0 0 0 0 0 0 0 0 0 0 96 0 0 0 0 35 0 0 0 0 0 0 0 0 0 0 0 0 0 0 0 0 0 0 0 0 0 0 0 0 0 0 0 0 0 0 58 0 2 17 32 77 0 0 85 0 0 0 0 0 96 0 0 0 0 0 45 0 0 0 0 0 0 8 0 0 0 0 0
63 0 0 93 92 11 0 0 0 0 0 33 0 0 0 8 0 0 0 23 0 0 0 83 0 0 78 0 0 0 0 55 0 0 0 0 0 0 87 39 65 44 0 0 0 0 0 0 79 0 0 0 0 92 92 0 0 0 62 0 0 69 0 0 0 0 0 0 0 0 0 0 0 0 0 0 15 84 0 0 86 0 0 19 0 0 0 0 0 36 0 0 0 0 98 0 0 11 0 14
0 0 0 0 0 0 0 0 91 0 0 0 0 0 0 3 31 0 0 0 76 0 89 0 0 0 0 36 0 0 0 0 0 0 31 0 75 6 0 0 68 0 49 0 0 0 0 0 16 0 12 0 47 0 0 0 0 0 0 0 0 0 0 98 0 0 0 0 0 0 0 0 0 0 0 0 79 0 0 0 0 0 70 8 49 0 2 35 0 0 0 60 0 0 0 0 0 0 14 0
0 0 0 0 0 0 0 0 0 0 0 55 0 0 0 0 0 0 49 0 0 0 83 0 0 0 21 0 0 0 0 0 0 0 0 0 0 80 76 35 0 0 36 85 0 0 0 0 0 0 0 0 0 0 0 44 0 0 18 0 0 0 5 0 0 0 0 30 0 0 0 0 0 40 0 62 0 0 0 0 58 88 0 0 0 0 0 0 18 0 0 0 0 52 0 0 0 52 0 0
0 90 0 0 0 92 0 42 0 83 0 0 0 5 0 0 0 0 0 52 0 0 56 85 0 0 62 0 15 0 0 77 0 0 14 23 0 0 0 0 0 0 0 0 33 0 72 0 0 0 46 0 48 84 0 96 0 0 0 0 0 0 0 0 89 0 0 0 0 0 0 0 0 26 0 0 0 0 0 0 64 0 0 0 0 31 0 0 66 0 17 76 0 0 76 66 76 0 0 52
0 0 0 0 91 0 0 0 0 53 0 0 0 0 0 0 0 0 0 0 0 0 0 0 0 96 0 0 0 28 5 48 0 0 0 0 0 0 0 0 0 0 0 0 0 0 0 0 0 14 0 0 0 0 20 0 0 8 0 0 6 0 0 0 0 0 0 90 25 0 0 0 0 0 20 0 70 0 0 32 0 15 0 0 0 5 0 0 0 0 45 2 0 0 0 0 91 0 98 0
0 0 0 0 0 9 0 0 0 0 0 80 95 0 0 0 13 0 0 0 0 0 0 0 0 0 0 75 0 0 0 0 0 0 78 0 0 0 23 0 0 0 0 0 0 0 0 0 0 0 0 0 0 0 0 0 0 0 0 63 0 0 0 0 0 0 0 0 2 81 0 0 0 0 0 0 0 0 0 0 0 0 0 0 0 92 0 66 0 0 54 0 0 35 1 0 0 0 80 0
0 0 28 0 57 0 0 0 0 25 0 0 5 0 0 0 0 0 0 88 0 0 0 0 22 0 56 37 99 4 0 27 48 100 85 68 75 0 0 0 0 29 0 0 0 0 0 0 0 0 0 0 0 0 0 0 0 0 0 14 0 0 57 85 0 0 0 0 0 0 15 50 0 0 0 39 0 0 0 0 0 0 11 50 0 0 0 0 0 0 0 0 0 0 0 0 0 0 0 29
32 13 0 0 0 7 51 0 78 51 0 0 0 16 57 0 0 0 45 0 2 0 79 0 0 45 0 0 0 0 0 0 0 0 11 0 0 0 0 0 0 0 0 0 0 0 80 8 0 61 0 0 84 0 0 0 0 0 0 0 0 0 0 0 0 0 75 0 80 0 0 0 6 0 0 0 0 0 0 0 0 0 0 0 72 0 0 0 4 0 0 0 0 0 83 0 35 0 43 0
0 34 10 0 0 0 0 19 94 56 13 20 0 40 0 0 0 0 0 0 67 0 0 0 0 0 0 0 0 79 0 0 0 0 79 0 0 0 0 0 0 0 0 0 0 0 20 0 18 0 0 0 0 0 0 12 88 0 0 0 0 0 0 52 0 0 0 0 0 0 34 0 0 0 0 50 0 0 0 0 0 0 0 0 0 0 0 0 0 0 0 0 0 91 0 0 0 0 0 62
0 0 0 64 99 0 0 0 0 0 0 0 66 0 16 0 0 0 0 71 0 28 0 0 0 6 0 0 0 0 10 0 13 0 20 15 0 0 0 0 6 0 17 0 0 29 0 0 12 74 0 0 0 0 0 0 0 0 92 15 0 83 0 0 0 0 0 90 0 0 100 0 61 90 53 0 0 46 0 0 0 0 0 0 0 0 0 0 0 0 0 26 56 38 0 95 0 0 0 75
0 87 0 33 0 0 94 0 0 0 0 0 28 0 0 0 86 0 0 35 0 29 0 0 100 0 0 0 0 0 0 0 0 0 0 0 0 47 0 19 0 50 58 0 0 0 67 0 13 0 0 0 0 0 0 25 0 0 15 53 0 0 0 82 0 29 0 0 0 0 0 0 0 0 0 0 0 0 74 0 1 0 0 0 0 0 0 8 0 29 0 0 0 0 68 0 0 75 0 3
0 0 0 52 0 0 0 0 0 0 18 14 0 0 0 0 0 60 48 0 0 0 82 0 0 87 46 26 0 0 0 0 0 0 0 0 0 0 91 0 0 0 78 0 0 0 0 41 0 62 0 7 0 0 0 0 0 0 0 83 33 0 0 0 0 0 0 0 0 66 0 0 0 0 0 0 0 49 98 0 52 0 66 0 0 80 0 0 0 0 0 30 86 0 0 48 57 16 0 0
0 0 0 0 62 11 0 0 0 0 0 15 0 0 0 0 47 96 0 0 40 0 0 0 34 89 0 0 62 51 4 34 20 24 76 0 0 0 0 0 68 0 0 0 0 0 0 53 13 0 0 0 0 0 0 55 69 0 0 0 0 93 0 0 55 0 0 0 0 0 0 78 0 0 62 6 0 0 0 78 62 9 0 0 37 71 0 48 0 0 0 78 0 0 0 0 0 0 0 0
0 0 0 0 81 0 0 0 0 0 0 0 0 0 0 9 0 0 1 0 0 0 18 0 0 76 0 0 0 0 0 3 0 77 0 36 0 0 0 0 54 0 0 0 97 0 9 0 0 0 0 0 0 0 54 64 0 68 52 0 0 0 0 27 58 0 0 0 0 74 0 95 0 15 0 0 0 75 49 0 55 0 0 0 0 0 0 0 0 0 0 0 0 0 0 60 0 0 0 7
0 0 0 0 56 75 0 0 0 0 0 0 0 0 0 0 0 0 0 34 11 0 85 0 87 71 0 0 0 0 0 0 2 0 6 50 0 0 0 0 0 0 49 0 0 38 0 0 0 0 0 0 0 74 59 0 0 0 0 0 0 0 0 0 96 0 50 0 0 0 0 81 0 0 0 12 0 0 87 3 28 0 0 0 0 0 97 8 0 64 0 0 10 0 0 0 0 0 50 0
0 0 0 0 0 0 0 0 99 0 24 0 65 0 0 0 0 0 21 43 0 80 0 0 28 9 0 0 86 0 66 0 0 0 21 0 0 0 0 0 83 0 0 0 0 0 0 0 0 0 0 0 20 0 0 0 0 62 0 0 57 0 0 0 0 17 0 0 0 0 0 0 0 0 0 0 64 85 0 90 0 0 0 0 0 0 0 0 0 0 0 0 0 0 0 0 57 0 50 0
0 0 0 20 0 76 0 0 50 0 86 0 0 0 80 0 0 0 24 0 0 36 19 0 0 0 0 0 0 0 0 0 11 65 0 78 80 0 0 8 0 0 0 0 0 0 0 0 0 0 0 0 0 0 0 0 0 0 0 0 0 0 0 0 44 0 0 0 0 78 0 74 0 90 0 0 0 73 0 0 0 0 96 32 0 44 0 15 0 38 0 0 0 0 0 75 0 0 0 0
81 15 27 0 0 41 0 0 94 0 65 0 0 0 72 0 0 0 0 0 0 0 0 0 0 9 0 0 28 0 0 0 0 87 0 0 66 0 0 0 0 0 81 0 0 0 0 0 61 0 17 0 0 0 0 0 0 0 0 0 11 0 0 46 13 0 0 21 0 0 96 0 0 0 0 0 0 0 0 12 61 0 0 0 51 0 0 0 0 0 34 0 42 0 0 81 0 0 0 15
99 0 0 0 0 0 0 0 0 0 0 0 0 0 0 0 0 0 0 0 0 0 0 0 61 74 0 27 0 0 0 0 0 59 0 0 0 0 0 0 0 0 0 0 83 0 0 0 0 0 0 0 0 0 0 0 0 0 63 0 0 0 0 0 26 0 0 26 47 0 0 69 0 100 53 42 0 0 0 41 0 0 0 0 10 0 71 0 0 0 0 0 0 0 0 0 0 0 0 0
0 0 0 0 0 96 0 0 0 0 0 11 0 32 0 68 0 0 0 55 0 49 0 0 0 0 0 0 0 0 0 75 81 74 0 35 0 0 0 0 0 0 0 0 0 0 0 98 0 87 0 0 0 0 94 23 0 0 0 88 0 0 0 0 0 0 73 0 0 0 0 87 44 90 0 0 0 54 34 0 0 0 0 0 0 0 0 0 0 0 56 0 0 0 0 0 0 0 0 83
0 0 0 0 0 88 0 74 36 0 0 0 0 0 18 54 55 0 0 49 0 0 69 0 0 0 0 0 80 52 0 12 0 90 0 0 85 0 26 82 0 0 0 0 0 94 0 0 0 0 0 0 0 0 0 0 0 0 0 0 0 91 0 0 0 0 50 0 0 0 0 0 0 0 0 32 0 0 0 0 72 0 0 0 89 0 57 0 0 0 0 0 58 62 0 0 0 0 83 0
0 0 0 91 0 0 0 0 0 0 0 0 0 56 0 50 0 84 0 0 0 0 0 0 24 58 0 0 0 0 33 0 0 0 91 0 74 50 0 0 0 0 0 0 0 0 89 0 37 0 0 0 0 0 2 0 0 19 40 0 0 0 0 7 0 0 0 2 0 0 44 0 0 0 0 0 89 0 0 24 0 0 0 0 0 28 0 51 0 15 0 0 74 0 0 0 36 0 0 26
27 0 0 94 0 0 0 0 0 0 0 0 0 0 88 0 0 0 90 0 0 0 64 91 12 0 0 0 74 0 0 0 0 0 0 0 34 0 0 0 0 0 72 0 91 0 0 0 18 0 0 0 0 0 0 92 0 0 0 0 62 0 88 0 65 0 0 0 0 0 0 0 0 0 0 0 15 77 0 0 77 0 0 0 66 92 0 0 0 33 39 0 71 0 0 0 0 0 0 0
34 0 1 0 0 73 0 0 60 0 0 0 0 0 0 0 0 0 0 85 0 0 31 0 19 0 0 0 63 36 0 10 0 15 47 0 0 0 0 79 0 0 0 67 0 0 0 0 100 0 93 0 0 0 19 0 0 0 0 0 0 0 0 0 0 0 0 74 0 0 60 0 0 0 0 0 0 88 0 42 0 0 0 0 0 0 79 0 29 0 0 0 68 0 0 0 42 0 0 52
0 0 99 0 0 11 0 0 37 50 0 0 0 0 0 0 0 18 0 0 0 0 15 0 37 39 0 0 0 0 76 0 0 0 0 0 35 0 0 0 0 0 0 2 53 0 39 0 0 0 0 0 60 27 0 29 2 0 0 0 0 58 0 0 67 0 0 0 0 0 39 0 66 0 0 0 0 0 0 0 0 0 2 41 77 33 0 0 0 59 0 0 0 0 73 0 0 26 38 0
0 0 0 0 0 80 7 0 0 75 0 1 0 0 41 0 0 2 0 32 0 0 30 0 3 0 39 0 0 0 10 13 0 0 0 72 0 0 0 0 72 0 0 84 0 0 0 0 0 0 0 0 0 0 65 0 0 0 0 0 0 0 0 0 0 0 0 0 1 0 0 99 0 0 52 0 0 0 0 0 38 0 0 15 13 0 0 0 74 41 38 0 21 27 0 0 0 0 0 0
0 0 0 75 0 0 0 0 0 0 78 0 0 0 0 0 0 0 0 0 0 0 0 0 0 0 0 0 0 84 0 0 0 0 0 0 0 69 0 0 26 0 0 0 77 0 0 0 27 0 0 0 0 0 0 13 0 0 0 0 0 0 0 0 72 0 0 0 96 0 0 0 0 0 23 0 0 0 0 0 0 0 0 0 0 0 0 0 87 0 0 0 0 0 0 0 0 0 0 0
0 87 0 0 0 0 0 0 0 0 0 10 64 0 54 0 0 0 0 0 40 77 0 0 0 0 0 0 3 77 0 0 0 0 0 0 0 0 25 0 0 0 40 0 0 76 0 0 22 0 0 0 0 84 0 27 0 0 100 0 0 0 0 0 0 0 0 0 67 0 31 56 0 82 0 75 80 0 74 0 0 0 0 0 35 0 0 10 0 0 35 97 0 0 0 0 0 0 65 30
0 0 52 0 0 0 81 0 0 0 32 0 0 0 0 0 47 0 20 0 0 0 6 0 0 94 0 0 0 95 0 0 3 10 0 0 0 0 0 75 73 0 0 0 0 0 0 61 30 9 0 29 36 79 0 0 0 0 0 2 0 0 0 30 0 1 6 0 0 68 4 43 0 92 0 31 0 0 0 10 0 68 0 32 69 30 0 0 7 0 0 80 64 0 0 41 0 43 0 0
74 13 8 0 0 0 0 0 34 41 0 44 0 0 0 0 0 0 63 0 100 67 0 0 0 0 0 81 5 0 0 0 0 0 0 28 0 17 0 57 10 0 0 0 0 4 0 92 0 80 0 20 0 0 0 0 90 0 19 0 0 0 31 0 26 0 0 0 0 0 0 30 81 0 82 0 3 0 0 0 0 0 0 0 0 0 0 0 0 0 0 0 0 0 0 0 0 0 0 74
0 59 0 0 59 0 37 90 0 0 71 0 0 0 0 0 0 0 56 0 0 39 0 0 0 0 0 0 38 0 0 67 0 0 0 0 0 0 0 0 0 0 0 0 86 90 0 0 0 0 74 0 73 32 0 0 0 98 0 0 25 52 84 0 0 2 0 0 0 75 0 0 0 0 0 82 0 0 0 27 0 10 0 0 0 0 0 30 0 0 76 0 0 2 0 43 0 3 0 0
0 0 0 0 0 0 99 0 0 63 0 0 0 0 34 48 91 0 0 40 0 100 0 0 0 0 56 44 0 0 0 81 0 0 0 0 0 0 2 0 66 0 0 10 0 0 0 28 0 0 80 41 0 0 0 39 20 0 0 0 0 0 0 0 0 0 0 0 51 0 25 40 19 0 0 0 0 0 0 0 0 0 63 68 0 0 0 0 3 0 0 0 0 17 0 0 0 0 0 0
85 0 0 0 38 83 0 0 87 0 18 0 0 0 0 0 0 0 0 59 0 0 0 0 49 0 0 63 0 11 0 0 74 0 49 97 0 15 0 0 0 0 100 0 32 0 0 0 62 0 0 0 66 11 40 0 0 0 0 0 0 0 0 0 0 0 0 19 0 0 0 14 0 4 0 0 0 0 66 0 0 0 55 0 0 0 88 0 0 0 12 0 0 0 63 0 38 0 0 0
0 0 80 0 0 25 0 0 0 0 90 0 0 0 0 0 0 0 0 0 68 0 20 87 1 0 0 0 0 0 0 51 0 0 0 63 0 0 34 0 0 0 0 0 0 0 0 0 0 0 0 0 18 0 0 31 0 0 0 0 81 0 19 0 0 61 0 0 0 0 0 0 0 0 0 0 0 49 0 77 0 0 27 18 0 0 0 0 0 0 0 0 0 0 0 0 35 0 0 65
0 2 0 68 0 0 0 0 0 95 0 0 25 0 0 0 0 0 0 0 0 100 0 0 0 0 0 0 0 82 0 0 0 0 0 0 0 68 0 0 64 0 0 0 0 23 0 82 0 0 0 0 0 0 0 0 63 72 0 19 0 0 48 0 34 0 0 0 0 0 16 0 0 10 0 69 0 0 0 34 0 37 0 0 0 0 0 0 95 39 70 63 0 51 0 74 0 20 0 41
0 0 0 83 23 0 0 0 50 0 0 34 0 0 0 0 25 61 0 0 0 0 52 0 0 0 0 0 3 0 42 65 66 0 0 0 33 0 0 0 0 52 0 0 0 0 0 0 0 67 12 0 0 0 0 0 21 0 0 0 0 0 0 0 0 0 0 0 0 0 0 0 0 30 0 0 0 0 0 0 41 0 86 0 0 0 0 0 0 44 0 0 0 0 0 0 100 0 26 0
51 0 0 62 0 0 0 20 0 0 94 0 0 0 0 0 0 0 0 0 0 0 0 0 0 0 0 0 0 0 0 0 10 58 0 0 0 0 0 0 0 0 80 0 0 0 34 0 8 0 0 0 0 94 18 0 23 0 0 36 62 0 0 0 9 0 0 0 0 0 0 0 0 59 0 28 61 0 0 0 0 94 0 18 13 0 0 62 0 12 0 93 0 6 0 47 0 0 0 0
0 0 0 0 0 0 0 34 4 0 0 0 0 0 0 0 0 0 0 0 0 0 61 0 0 70 74 0 0 26 0 0 0 29 0 0 0 0 0 0 0 30 0 40 0 0 0 0 63 38 0 0 0 0 90 0 0 0 0 0 83 0 0 0 46 62 0 0 0 0 0 0 20 0 0 0 76 0 0 0 0 0 0 0 0 0 0 0 0 0 0 0 0 12 0 0 31 0 0 7
0 0 0 0 0 0 84 84 0 9 0 59 0 0 0 0 94 0 77 0 0 51 0 0 0 0 0 82 0 0 0 0 0 0 0 0 0 47 0 0 72 0 0 45 0 0 0 0 0 0 14 0 0 77 87 0 0 0 0 0 0 0 0 0 0 0 0 0 0 43 0 0 0 0 39 42 0 0 0 65 0 0 0 10 0 0 18 0 50 0 72 0 0 0 0 88 0 0 0 0
0 0 0 0 0 0 0 0 0 84 2 0 0 0 0 20 0 0 0 0 0 0 0 0 0 0 0 0 35 0 10 0 0 0 0 0 0 0 0 0 0 0 0 0 6 0 0 0 0 0 93 0 0 0 34 0 21 42 0 0 0 0 0 0 0 63 0 0 0 0 0 8 0 0 0 0 84 0 0 100 0 0 0 0 65 0 20 0 0 0 0 30 0 0 0 0 69 0 0 0
0 3 0 0 0 0 0 0 0 0 48 0 0 71 0 0 0 0 0 5 0 0 0 91 20 0 0 0 0 17 0 0 88 0 0 22 0 0 40 0 11 93 0 25 0 0 0 0 0 0 59 0 0 0 16 0 26 0 0 0 0 79 0 0 0 0 0 0 0 0 0 0 0 48 0 26 14 0 0 0 0 0 0 0 30 0 100 6 0 0 0 0 0 99 0 0 0 0 0 32
0 0 0 0 0 0 0 0 32 0 0 13 0 0 0 0 73 10 62 0 0 55 7 0 0 63 0 0 0 0 0 0 0 0 0 0 1 0 0 0 0 0 0 0 0 0 0 0 89 14 0 0 0 22 0 0 0 0 0 0 0 30 0 0 86 0 0 25 0 0 0 0 24 2 0 0 6 0 0 0 0 36 0 0 0 0 0 70 0 16 0 0 62 91 0 0 2 0 0 0
9 0 0 0 0 59 35 0 0 0 0 0 0 0 0 0 0 80 0 66 0 0 0 0 0 0 0 0 0 83 0 0 0 0 0 0 0 0 0 5 0 40 1 0 0 0 0 83 0 47 0 5 27 8 0 0 0 0 54 50 0 46 0 0 53 0 0 0 0 0 0 0 0 0 0 0 0 58 96 0 0 0 0 0 0 61 53 0 0 0 0 0 0 0 0 0 0 56 0 46
0 0 0 91 34 0 0 0 0 0 0 0 0 0 0 0 0 24 0 0 0 98 0 0 0 0 0 0 0 0 0 0 0 0 0 0 0 0 0 0 37 0 52 76 0 0 98 0 0 0 0 0 0 0 0 0 56 0 0 0 0 0 0 0 32 0 0 0 0 54 77 0 0 0 81 0 0 0 22 0 0 0 0 68 0 61 68 0 56 0 71 46 18 0 0 0 0 0 27 0
0 0 0 33 0 0 44 0 0 0 0 0 0 91 50 0 0 0 70 0 0 0 0 0 0 0 0 0 0 0 0 0 0 0 53 0 0 0 0 0 0 0 6 0 90 94 66 0 0 0 44 0 0 0 0 0 0 0 42 96 0 1 0 0 0 0 0 0 0 0 47 0 0 0 0 0 0 0 0 0 0 0 0 56 0 75 0 51 0 0 0 0 7 0 0 0 0 56 0 0
15 0 0 0 0 0 0 15 0 0 0 0 0 0 0 70 0 57 18 0 0 14 0 96 59 0 0 2 0 75 0 0 0 3 0 0 0 0 0 0 0 0 0 0 0 0 0 0 0 0 0 48 0 0 55 69 0 0 0 0 63 60 0 0 12 96 0 73 0 50 38 0 86 48 0 0 0 0 0 0 0 0 0 22 0 7 0 70 0 0 0 9 0 0 94 0 49 0 24 0
0 82 0 0 30 0 0 0 0 0 0 0 0 0 0 0 0 0 0 0 0 0 0 0 0 64 0 0 14 0 0 0 0 0 0 90 0 82 0 0 14 0 0 0 62 0 15 0 0 51 0 0 0 0 3 0 0 70 0 0 0 0 0 63 0 0 38 0 0 54 0 0 0 0 0 0 0 0 35 0 0 1 0 0 0 70 76 39 0 68 35 0 0 0 0 0 0 0 57 0
0 0 0 8 0 0 0 33 0 0 0 0 80 0 0 78 0 0 92 0 0 0 44 0 0 0 17 0 0 73 54 0 0 0 0 0 0 0 0 0 55 0 0 0 30 0 0 95 0 0 30 0 0 0 0 22 0 0 0 0 0 0 0 0 0 0 0 95 0 0 0 3 0 0 0 0 0 0 0 0 0 0 10 85 0 0 0 78 90 0 0 0 75 14 0 0 0 51 0 0
0 0 0 0 0 1 0 0 0 0 0 0 0 0 0 0 0 0 0 0 0 94 0 70 0 0 0 92 0 0 0 0 0 0 0 0 0 56 0 0 7 0 59 0 0 0 37 0 0 0 88 0 0 0 40 0 39 0 28 26 0 0 0 0 0 0 0 0 100 0 0 0 0 0 0 0 0 15 21 0 44 0 0 0 0 9 0 0 0 0 15 7 0 0 0 0 64 0 0 0
0 0 0 0 0 0 67 0 0 78 92 0 23 0 0 0 1 0 0 0 0 0 0 31 0 0 0 0 15 51 0 25 79 48 0 45 71 0 0 80 0 0 38 0 0 0 0 0 0 0 0 0 50 0 38 0 0 0 0 0 57 19 0 0 0 56 0 0 0 0 0 0 63 0 0 3 0 1 0 27 0 0 0 0 0 68 75 0 0 0 0 38 0 0 73 0 0 0 0 0
0 0 0 0 0 46 94 0 97 0 0 0 0 62 0 0 37 0 0 0 0 0 0 0 0 87 0 51 0 30 0 11 52 0 6 0 3 0 0 0 0 0 0 0 0 0 0 0 0 0 0 0 0 12 70 11 0 0 0 0 0 0 0 15 0 71 0 5 0 0 0 0 0 0 0 88 0 0 0 0 94 33 0 11 0 0 0 0 0 0 0 0 0 0 0 0 0 0 0 0
0 0 0 0 0 0 0 0 0 0 33 0 0 0 30 0 0 67 0 86 0 0 28 0 0 6 0 0 0 59 0 70 89 0 77 0 79 0 0 0 0 0 34 0 21 0 0 0 0 21 0 0 0 2 86 94 0 0 0 0 0 13 0 0 0 0 0 0 0 0 0 0 0 74 0 0 0 49 24 0 0 0 0 0 0 0 62 0 0 0 52 0 0 20 0 0 0 0 0 0
0 0 0 0 38 98 0 0 0 0 0 0 0 0 0 0 0 0 56 0 0 9 0 0 9 0 0 0 0 0 0 0 70 0 0 0 8 63 0 0 11 0 0 0 0 0 0 0 0 0 0 0 0 0 1 0 0 100 0 5 15 0 4 0 0 0 0 0 0 0 0 0 0 0 0 10 38 0 0 0 0 0 0 0 0 84 0 80 0 0 0 0 0 0 94 0 0 80 0 0
0 0 92 0 0 0 0 0 99 0 0 0 41 0 83 0 0 0 33 0 0 0 1 0 0 8 0 0 0 0 70 0 16 0 0 0 0 0 72 93 0 0 0 0 13 99 0 0 0 69 0 0 0 42 0 0 0 0 0 0 96 0 0 0 0 22 0 64 0 0 4 0 0 13 0 0 0 0 0 0 0 0 87 16 89 0 0 0 0 0 0 0 0 0 29 0 0 65 0 0
0 0 98 0 79 0 0 0 30 0 0 0 0 0 0 15 0 0 0 69 64 12 57 0 0 62 0 0 0 0 0 99 33 0 0 0 73 0 0 55 0 0 85 0 53 56 0 0 0 0 0 37 0 0 0 0 0 0 82 0 0 0 45 0 0 0 64 0 0 52 0 0 0 24 0 0 0 1 0 0 0 0 0 0 40 75 34 0 0 60 0 60 0 0 0 2 0 0 17 0
0 0 0 39 0 35 0 0 0 0 0 9 0 0 0 51 44 0 23 0 84 0 88 0 89 0 0 0 0 0 0 28 0 0 0 0 0 0 0 0 75 0 0 71 74 7 0 0 0 0 0 0 0 0 0 47 0 0 0 0 0 3 53 0 0 0 91 0 0 0 5 0 0 0 0 0 18 0 0 0 60 97 50 0 0 0 40 46 0 0 0 0 0 0 0 0 45 0 0 0
42 0 0 17 0 0 0 34 0 34 0 0 0 0 0 0 0 0 0 0 0 0 0 0 0 0 0 0 0 60 41 20 0 0 0 0 0 0 0 93 0 5 52 0 0 70 0 0 0 0 17 0 0 0 0 0 96 93 0 0 0 91 0 0 0 0 94 94 0 0 0 99 0 0 0 0 0 0 79 0 0 0 53 0 45 0 86 55 0 0 0 0 30 0 0 0 0 0 16 0
0 44 0 0 74 0 13 0 25 0 86 0 79 10 0 0 57 0 0 44 0 0 4 0 0 0 0 38 0 53 0 0 0 0 0 0 0 0 0 0 0 74 0 0 0 0 0 0 23 42 0 0 0 0 11 42 0 0 0 0 0 0 0 0 55 0 11 0 0 98 0 0 0 0 0 0 0 0 0 0 0 0 33 0 0 0 59 90 0 0 0 0 0 0 0 0 0 49 0 46
0 20 0 0 0 0 0 0 0 0 26 0 0 0 86 0 0 0 0 0 0 0 96 0 0 82 21 0 0 86 0 0 0 0 0 0 0 0 0 0 0 0 0 0 0 0 0 0 0 66 0 0 0 68 0 19 0 39 17 19 44 0 0 75 0 79 0 0 0 0 0 0 0 0 0 0 0 0 0 0 61 0 0 84 47 0 0 0 0 28 0 0 0 0 0 95 0 0 0 0
60 0 0 68 0 0 0 39 0 0 0 61 91 0 70 0 0 0 43 0 44 59 65 0 82 0 0 84 0 0 0 19 15 69 0 0 0 0 0 0 0 0 0 37 0 0 0 0 0 79 67 0 0 0 68 0 21 0 0 0 0 0 70 0 0 5 0 0 73 0 25 0 0 0 0 0 0 0 0 0 0 0 97 0 0 0 0 0 6 0 0 53 0 0 0 0 0 0 0 0
0 0 0 0 0 0 0 0 0 0 53 0 18 0 72 0 0 0 0 0 79 0 10 0 0 0 0 0 87 52 0 0 0 0 51 0 46 0 0 0 0 0 0 35 0 100 40 0 0 2 13 0 0 95 0 0 66 0 0 0 9 0 0 0 0 22 0 0 0 0 44 0 0 79 0 0 0 0 0 0 0 0 46 67 0 0 7 0 0 0 0 0 0 0 0 98 0 34 0 0
94 26 89 64 0 0 0 0 0 0 0 0 71 0 0 0 0 0 0 0 0 0 62 52 65 0 0 0 26 0 0 0 0 0 33 0 0 0 0 18 0 85 48 0 0 0 0 0 0 0 0 0 0 0 15 90 0 0 17 22 0 82 2 89 0 0 0 0 0 10 0 0 2 0 0 0 0 0 96 0 0 0 0 0 0 0 0 0 0 0 0 97 0 0 0 0 0 0 0 0
0 0 0 0 0 0 21 0 0 0 0 0 0 50 0 23 0 0 0 83 0 0 43 0 0 0 69 0 0 0 0 0 3 43 14 0 0 0 24 0 0 0 0 0 0 0 0 0 0 0 0 0 0 97 0 0 0 38 0 79 0 0 8 0 0 0 0 12 0 0 0 56 0 0 0 0 0 0 0 0 0 0 0 0 0 100 23 0 0 0 95 0 0 25 0 0 0 0 0 55
0 0 35 0 0 0 55 0 0 0 0 0 42 0 55 0 0 0 0 0 0 94 0 0 32 29 0 29 0 0 0 0 0 0 0 0 0 0 0 0 0 0 0 0 0 0 94 100 29 89 87 0 0 0 0 75 31 35 0 0 0 0 39 0 0 90 0 0 0 0 0 58 37 0 21 2 0 40 0 0 0 0 0 16 0 0 0 0 40 0 0 0 0 0 0 0 0 0 0 0
0 0 56 0 0 0 44 0 0 0 74 0 0 0 0 84 0 0 0 0 0 0 97 18 0 0 0 0 0 0 0 0 0 0 0 0 0 4 0 0 0 0 0 0 0 30 0 63 0 0 61 0 0 0 85 0 0 0 0 0 51 0 0 61 46 0 0 0 0 0 69 0 40 55 0 0 0 0 65 93 0 80 0 0 0 63 0 16 30 0 0 0 0 0 0 0 0 0 0 0
0 0 68 34 0 0 57 0 88 0 0 0 0 0 0 22 29 79 0 0 0 66 37 0 0 0 0 0 0 0 67 0 0 0 0 0 57 0 0 0 0 85 6 0 0 0 0 0 0 0 0 0 0 0 0 52 91 0 0 0 0 0 74 0 0 0 0 93 0 0 0 0 47 0 0 0 0 0 94 0 0 39 0 0 0 0 0 0 78 0 0 41 0 0 0 0 27 0 0 0
0 92 0 0 0 0 0 0 0 0 87 85 0 56 0 0 0 4 0 0 0 0 5 0 0 0 0 0 0 0 0 0 0 38 0 64 0 0 80 42 0 88 0 0 0 0 24 74 70 55 0 0 0 87 58 0 0 0 0 0 56 0 0 0 91 0 0 0 52 0 0 0 0 0 20 0 0 28 0 0 0 0 0 0 0 0 0 93 0 83 0 45 25 0 0 0 52 0 0 18
49 0 0 0 0 1 6 0 0 88 0 0 0 0 45 0 0 0 44 0 41 0 0 0 0 67 0 84 0 0 0 0 0 0 0 0 0 0 0 0 67 8 0 0 0 87 0 0 0 0 0 25 0 0 0 0 0 19 0 0 40 0 67 6 0 91 0 0 5 96 0 5 0 51 76 23 0 86 76 0 0 49 97 0 0 21 0 0 0 0 80 60 0 0 0 0 0 82 0 0
0 0 0 0 0 73 42 0 71 0 0 0 0 0 52 0 0 0 51 0 0 0 85 0 0 0 0 0 0 76 0 0 0 0 0 65 0 40 0 34 0 10 0 52 0 0 0 66 15 0 95 0 0 0 0 0 0 0 0 0 0 0 0 0 0 0 0 0 0 0 0 0 0 0 54 70 0 0 0 0 29 0 0 0 7 38 0 70 0 72 0 66 0 0 0 0 0 0 0 13
0 0 0 0 77 27 3 0 0 0 0 0 22 55 0 0 70 11 0 55 0 0 0 0 0 96 0 0 39 0 84 0 0 0 0 0 0 0 0 0 92 0 0 0 0 0 0 9 0 0 0 0 0 0 0 0 0 43 0 19 0 0 92 0 0 0 0 0 0 28 75 0 0 57 0 0 0 85 0 0 0 0 61 74 0 0 0 0 0 0 34 0 33 0 0 0 0 51 0 1
0 0 0 0 0 0 0 0 0 0 0 0 0 0 0 0 0 0 74 0 11 0 0 0 0 0 32 0 0 0 0 0 0 60 0 25 44 0 14 0 0 0 0 9 0 0 0 39 0 34 0 50 0 0 0 0 50 23 0 88 55 0 0 0 0 53 0 0 0 26 0 0 0 58 0 0 0 0 0 0 0 0 0 19 0 0 0 0 76 0 50 0 0 0 39 0 0 0 0 0
0 0 38 0 0 0 0 0 49 0 0 0 0 52 0 0 0 0 0 0 0 0 59 0 0 47 0 0 0 0 34 48 0 0 0 0 17 16 93 49 84 0 0 0 0 0 0 0 0 0 0 66 0 0 0 0 0 9 0 0 0 80 0 37 0 68 89 0 2 0 0 0 45 0 76 0 0 0 0 0 0 10 79 0 0 3 0 0 0 44 0 0 0 0 67 0 61 0 0 67
0 11 85 0 0 0 0 0 0 0 0 10 0 0 0 0 0 0 3 0 0 0 0 0 0 0 0 68 0 62 70 0 0 0 0 34 0 0 0 0 0 0 0 0 0 0 100 0 0 11 0 0 0 0 0 20 0 11 90 0 0 28 49 0 0 0 84 0 0 89 28 0 97 0 0 13 0 0 0 0 0 0 0 25 8 0 0 0 0 0 76 0 95 0 0 0 0 31 0 0
0 0 0 0 0 0 0 0 0 0 58 0 0 0 0 0 41 0 0 0 97 0 0 0 0 0 0 0 0 0 72 0 0 0 0 0 0 0 91 0 0 0 0 65 0 0 0 66 0 41 0 0 0 41 0 0 28 0 0 0 0 0 53 0 4 0 0 13 89 51 0 0 0 0 0 94 0 0 0 0 0 0 0 0 29 0 65 0 0 0 0 21 0 0 0 0 0 0 47 0
0 0 43 15 52 83 0 0 0 0 0 2 96 0 0 0 97 0 0 0 0 0 0 0 49 0 9 0 0 81 0 0 0 77 0 0 0 0 0 0 0 0 0 0 0 0 0 0 0 0 0 89 0 0 0 0 0 0 0 0 0 0 0 86 0 0 0 0 97 44 0 0 0 0 0 0 24 0 0 0 0 0 0 97 0 0 0 0 0 0 0 0 42 0 0 52 0 0 90 0
0 45 14 0 78 0 0 0 0 0 0 54 0 18 0 0 0 68 0 0 0 0 0 27 0 0 0 0 0 0 0 0 0 0 0 36 28 0 21 54 0 0 0 0 0 0 0 0 0 0 0 0 0 0 0 42 0 0 0 0 0 0 0 30 0 0 0 0 0 0 0 0 0 0 0 0 0 43 0 0 0 0 0 0 47 69 0 34 0 85 0 59 69 0 0 51 0 0 69 0
44 0 0 0 88 39 0 0 0 0 0 0 0 44 0 0 56 0 0 0 0 0 0 100 0 0 0 0 0 0 51 0 0 0 0 37 0 0 0 0 0 0 52 0 0 42 0 0 0 99 0 0 0 0 0 0 0 0 0 0 98 0 63 0 35 0 0 0 0 73 83 0 0 0 0 0 0 0 0 0 0 71 31 48 0 0 73 0 0 67 0 0 49 0 0 0 50 0 0 59
0 70 0 0 0 0 0 0 94 71 8 0 0 74 0 0 0 0 94 0 0 0 0 63 5 95 0 0 0 49 0 0 0 0 84 0 0 0 0 98 0 0 0 0 19 49 18 55 0 0 0 0 0 0 0 51 0 0 0 0 15 0 0 0 26 0 81 0 0 0 0 0 46 43 0 0 0 0 38 69 0 0 0 0 0 0 25 34 0 0 38 0 38 0 0 0 0 0 0 0
0 0 0 0 0 0 0 0 0 73 0 89 0 15 0 0 16 40 0 0 0 97 45 0 0 0 0 0 49 0 86 0 0 0 0 0 0 0 0 0 0 0 0 0 80 0 0 0 0 0 0 0 0 0 0 0 0 16 0 0 11 0 0 32 0 0 0 0 8 0 0 0 0 4 44 40 0 0 0 0 82 75 0 9 0 0 0 0 55 0 0 46 0 58 77 0 0 0 96 0
0 0 0 0 0 0 5 0 0 0 0 16 0 0 0 8 5 35 0 0 0 0 0 0 0 0 0 42 0 83 45 0 0 0 0 0 62 0 88 0 0 0 66 34 46 0 0 38 0 0 0 6 0 70 0 0 0 73 35 0 60 17 0 66 0 6 0 0 48 0 0 0 0 0 0 9 0 0 0 79 0 0 0 0 0 0 0 88 21 0 0 0 0 0 0 0 0 0 0 43
0 0 0 34 62 0 0 64 44 93 0 13 0 44 0 0 0 0 0 0 0 28 82 8 35 42 0 0 26 0 0 0 0 0 0 0 95 0 0 0 0 0 0 0 0 0 88 28 0 11 0 0 0 93 0 0 0 0 0 0 0 0 38 0 0 0 0 67 0 0 0 40 16 0 0 0 0 0 0 0 0 0 36 0 94 69 60 0 0 0 0 0 0 88 0 0 0 0 0 0
50 36 84 0 79 0 0 0 0 0 0 74 0 99 0 0 4 0 0 0 0 0 22 0 90 0 0 0 0 0 3 0 93 0 0 71 86 0 0 0 0 0 0 87 0 32 0 0 0 0 0 0 0 0 96 0 0 81 0 0 0 65 0 0 0 0 0 0 0 0 0 0 78 0 0 95 0 43 0 0 0 48 0 0 0 0 0 0 61 4 0 0 9 0 0 49 0 0 0 0
0 0 11 0 0 0 0 0 0 0 65 68 71 0 0 0 0 0 0 0 0 0 0 0 0 15 0 0 0 61 0 0 0 0 38 61 0 0 0 57 56 0 8 61 0 0 0 0 0 0 0 0 0 0 0 0 77 0 29 0 0 0 0 0 0 0 0 48 0 60 15 66 0 0 0 0 0 0 0 0 0 69 0 77 0 0 0 0 0 0 84 0 0 0 0 0 90 0 0 0
0 4 0 0 65 0 0 0 40 41 0 0 0 0 0 25 0 0 15 0 0 0 0 0 0 0 96 26 19 0 26 0 62 0 0 0 0 85 26 0 0 88 0 0 64 37 0 0 0 80 0 0 0 0 0 0 0 92 18 0 16 0 0 0 0 0 13 0 0 24 71 0 3 53 82 0 55 0 0 0 0 0 0 89 0 0 0 0 0 0 1 0 0 0 22 0 0 0 0 0
0 0 0 0 31 0 0 0 0 0 0 0 51 0 0 0 0 61 0 26 0 0 0 0 0 0 0 74 74 68 0 0 0 36 0 0 0 0 0 88 0 0 15 0 0 0 0 53 0 0 0 64 63 0 0 0 0 0 6 0 0 13 57 77 0 0 0 0 0 93 0 12 0 0 0 87 0 0 0 0 47 58 0 0 4 0 0 38 48 62 0 0 35 28 37 0 0 0 71 83
95 0 95 0 22 0 0 0 0 0 0 25 0 0 0 0 11 0 5 0 0 0 0 58 0 0 0 0 0 71 0 44 0 72 63 0 0 0 0 0 0 0 0 0 0 0 0 0 63 30 0 64 90 0 90 0 0 100 0 43 0 0 0 0 0 0 0 63 0 0 0 0 0 0 0 0 73 0 0 0 0 0 0 0 0 70 34 16 0 0 25 0 0 0 0 0 100 0 0 0
0 77 43 0 0 0 30 0 0 99 58 0 0 8 50 0 0 5 0 0 0 44 0 0 0 0 0 0 0 0 0 0 0 66 0 0 0 0 0 62 0 0 0 94 0 0 9 0 0 0 0 0 0 0 0 0 42 0 0 0 13 85 0 0 97 62 0 0 0 0 0 85 45 0 42 94 86 88 0 0 0 0 0 19 0 0 0 0 0 0 24 0 0 0 0 0 15 78 0 41
67 0 0 0 0 0 0 0 63 0 0 72 0 0 0 0 0 55 94 52 0 0 0 0 0 0 0 0 0 34 0 0 92 0 0 0 0 0 39 0 0 0 0 23 0 0 0 80 0 0 59 0 75 51 70 0 4 0 0 32 0 0 10 34 26 0 0 0 0 12 0 0 61 0 0 0 0 0 0 0 0 0 0 0 0 0 0 0 0 0 0 0 68 0 24 0 69 0 91 96
0 0 1 0 70 0 0 0 0 0 0 11 0 0 0 9 0 0 0 0 0 85 0 0 0 0 0 0 0 0 0 23 0 0 0 72 0 0 65 0 0 0 4 0 0 0 0 0 0 0 0 0 0 50 0 0 90 0 94 0 0 0 0 78 0 0 0 0 0 0 0 17 15 0 25 79 0 0 0 41 0 0 0 0 0 0 0 0 0 39 0 0 0 3 51 0 0 0 0 0
0 0 85 98 0 0 8 76 0 0 0 0 0 28 0 0 0 0 0 0 0 0 0 0 49 0 0 0 0 18 0 0 0 95 0 54 0 34 0 0 0 0 0 0 0 0 22 19 0 0 29 0 0 0 0 0 0 0 0 0 0 0 0 0 0 0 0 32 0 0 0 0 95 0 0 82 0 0 39 45 0 0 0 0 0 62 0 95 0 4 92 0 92 0 0 0 0 0 0 0
0 0 0 0 0 0 0 0 99 0 0 0 0 0 0 0 44 0 0 0 0 0 0 0 0 0 0 0 0 0 0 0 0 0 0 0 0 80 0 0 61 0 0 0 0 0 0 17 0 0 0 0 0 0 90 0 54 0 0 0 92 0 0 0 0 0 0 0 73 14 0 0 0 0 0 0 0 0 0 0 0 0 0 0 23 0 0 69 0 0 3 0 0 0 0 10 0 0 0 0
0 0 0 82 47 0 0 0 0 0 0 0 0 73 89 0 0 0 0 0 0 0 82 0 77 0 0 45 0 91 0 0 0 0 0 17 0 0 30 46 0 47 0 0 0 0 21 0 0 3 0 5 0 0 0 0 1 0 0 67 0 48 0 0 0 0 0 0 99 0 0 0 0 31 0 0 0 0 100 0 0 0 0 0 0 0 20 0 0 0 0 0 41 0 0 64 19 0 0 17
18 0 91 18 38 0 74 28 0 32 0 0 75 0 0 0 0 0 0 0 0 0 4 83 0 0 0 0 31 0 0 81 0 0 72 0 91 0 0 0 0 0 0 0 0 66 67 0 0 0 0 52 0 0 0 0 0 90 0 0 0 26 0 0 66 0 0 0 80 39 10 10 65 0 0 62 0 0 73 0 0 52 0 71 62 0 0 16 0 0 0 0 11 0 0 0 0 0 0 0
34 0 50 65 0 0 21 0 0 0 0 0 0 0 0 0 0 0 0 44 0 0 0 67 8 0 0 0 0 0 0 0 0 0 0 0 0 0 0 45 0 21 52 0 0 0 0 52 73 0 28 61 0 74 0 0 0 18 0 0 45 0 0 0 0 45 0 0 0 32 51 0 85 0 45 0 0 0 0 0 0 0 0 87 55 0 0 0 0 0 0 0 0 0 0 62 0 0 0 0
0 0 0 0 0 54 0 0 0 10 0 29 3 0 55 13 0 0 21 32 0 0 60 0 0 0 0 0 0 0 91 0 0 0 0 14 0 54 0 0 0 67 0 20 0 0 94 0 53 0 35 0 0 0 61 0 73 0 42 0 0 0 0 0 0 0 0 0 0 0 12 0 0 0 28 0 0 29 0 0 0 0 0 0 79 0 0 73 0 0 0 0 0 0 0 0 0 0 0 0
0 0 45 0 0 49 0 25 29 81 0 0 0 0 0 0 0 81 0 0 21 68 0 0 46 0 0 0 29 0 0 0 20 0 92 0 0 0 9 0 0 0 0 0 0 0 59 69 0 0 0 65 0 0 17 0 0 0 0 0 0 0 2 0 22 0 0 0 0 0 0 0 35 0 84 0 18 0 0 0 75 0 0 0 0 0 0 0 0 0 99 0 0 0 0 0 72 0 0 0
0 0 0 71 56 0 0 0 0 55 62 22 0 0 46 0 0 0 0 0 0 0 0 0 0 0 0 0 0 0 0 60 78 0 68 0 72 0 0 0 32 19 87 0 16 0 0 9 0 0 0 0 43 0 30 0 0 0 56 0 0 0 0 62 93 0 0 0 0 0 70 63 0 0 62 0 0 62 0 0 0 0 82 0 0 0 66 0 40 0 0 0 0 0 34 30 0 0 0 0
0 0 0 0 0 0 0 0 0 95 0 0 74 0 84 0 0 0 0 0 0 11 0 0 0 32 0 0 0 0 0 0 0 0 0 0 0 45 0 0 94 0 46 0 0 0 0 0 23 51 0 0 0 0 0 0 68 37 0 0 56 0 95 0 0 0 43 54 0 73 0 0 0 0 0 0 49 0 0 75 0 0 0 15 0 91 78 0 0 0 14 5 2 0 0 0 0 0 0 0
0 0 0 0 0 0 0 0 38 0 0 0 0 0 51 0 0 0 0 0 89 16 0 55 28 0 0 0 0 0 66 0 0 0 50 0 10 0 6 0 0 60 0 0 51 46 22 0 22 0 0 0 24 0 95 0 0 0 0 0 0 62 0 54 0 0 37 69 0 0 9 55 0 2 52 0 0 44 0 0 0 0 0 56 0 9 4 0 0 74 0 0 0 0 0 0 56 0 0 0
31 19 0 0 0 24 0 0 17 0 0 0 0 42 45 0 0 0 0 0 0 0 0 0 0 0 0 0 0 0 0 88 0 0 0 0 45 0 0 0 0 0 0 0 0 0 0 0 0 0 0 0 0 0 0 0 0 0 0 0 0 0 0 0 0 0 0 47 0 15 84 45 66 0 0 23 0 0 0 0 0 34 0 0 0 0 0 44 0 0 0 0 0 0 26 0 0 0 0 0
35 0 0 82 66 51 0 0 0 0 0 93 0 0 0 68 0 0 0 34 0 0 0 55 0 0 81 0 0 0 0 45 0 0 0 0 0 0 96 66 37 49 0 0 0 0 0 0 6 0 0 0 0 90 28 0 0 0 94 0 0 89 0 0 0 0 0 0 0 0 0 0 0 0 0 0 84 27 0 0 67 0 0 32 0 0 0 0 0 76 0 0 0 0 51 0 0 42 0 34
0 0 0 0 0 0 0 0 25 0 0 0 0 0 0 38 88 0 0 0 42 0 69 0 0 0 0 20 0 0 0 0 0 0 55 0 94 75 0 0 61 0 62 0 0 0 0 0 10 0 63 0 27 0 0 0 0 0 0 0 0 0 0 18 0 0 0 0 0 0 0 0 0 0 0 0 94 0 0 0 0 0 30 2 59 0 33 41 0 0 0 8 0 0 0 0 0 0 77 0
0 0 0 0 0 0 0 0 0 0 0 17 0 0 0 0 0 0 82 0 0 0 62 0 0 0 10 0 0 0 0 0 0 0 0 0 0 57 79 61 0 0 87 75 0 0 0 0 0 0 0 0 0 0 0 46 0 0 41 0 0 0 78 0 0 0 0 6 0 0 0 0 0 23 0 55 0 0 0 0 55 54 0 0 0 0 0 0 91 0 0 0 0 46 0 0 0 89 0 0
0 67 0 0 0 27 0 13 0 97 0 0 0 79 0 0 0 0 0 66 0 0 81 61 0 0 74 0 30 0 0 54 0 0 17 40 0 0 0 0 0 0 0 0 47 0 12 0 0 0 82 0 43 28 0 30 0 0 0 0 0 0 0 0 72 0 0 0 0 0 0 0 0 61 0 0 0 0 0 0 16 0 0 0 0 45 0 0 9 0 59 52 0 0 10 23 99 0 0 59
0 0 0 0 90 0 0 0 0 90 0 0 0 0 0 0 0 0 0 0 0 0 0 0 0 99 0 0 0 20 7 71 0 0 0 0 0 0 0 0 0 0 0 0 0 0 0 0 0 81 0 0 0 0 96 0 0 72 0 0 47 0 0 0 0 0 0 75 35 0 0 0 0 0 85 0 98 0 0 92 0 94 0 0 0 63 0 0 0 0 72 56 0 0 0 0 97 0 73 0
0 0 0 0 0 79 0 0 0 0 0 72 23 0 0 0 46 0 0 0 0 0 0 0 0 0 0 94 0 0 0 0 0 0 68 0 0 0 64 0 0 0 0 0 0 0 0 0 0 0 0 0 0 0 0 0 0 0 0 35 0 0 0 0 0 0 0 0 14 97 0 0 0 0 0 0 0 0 0 0 0 0 0 0 0 71 0 99 0 0 63 0 0 87 49 0 0 0 25 0
0 0 31 0 32 0 0 0 0 61 0 0 91 0 0 0 0 0 0 71 0 0 0 0 26 0 79 82 51 22 0 31 81 17 18 93 63 0 0 0 0 40 0 0 0 0 0 0 0 0 0 0 0 0 0 0 0 0 0 34 0 0 37 91 0 0 0 0 0 0 67 88 0 0 0 7 0 0 0 0 0 0 77 7 0 0 0 0 0 0 0 0 0 0 0 0 0 0 0 63
57 8 0 0 0 92 38 0 84 22 0 0 0 16 14 0 0 0 60 0 70 0 48 0 0 97 0 0 0 0 0 0 0 0 64 0 0 0 0 0 0 0 0 0 0 0 39 8 0 83 0 0 92 0 0 0 0 0 0 0 0 0 0 0 0 0 4 0 19 0 0 0 56 0 0 0 0 0 0 0 0 0 0 0 45 0 0 0 12 0 0 0 0 0 6 0 45 0 3 0
0 43 38 0 0 0 0 82 45 82 5 100 0 23 0 0 0 0 0 0 2 0 0 0 0 0 0 0 0 29 0 0 0 0 39 0 0 0 0 0 0 0 0 0 0 0 49 0 71 0 0 0 0 0 0 97 68 0 0 0 0 0 0 10 0 0 0 0 0 0 67 0 0 0 0 29 0 0 0 0 0 0 0 0 0 0 0 0 0 0 0 0 0 6 0 0 0 0 0 33
0 0 0 42 64 0 0 0 0 0 0 0 85 0 83 0 0 0 0 48 0 91 0 0 0 58 0 0 0 0 56 0 87 0 45 32 0 0 0 0 55 0 31 0 0 9 0 0 67 86 0 0 0 0 0 0 0 0 65 99 0 12 0 0 0 0 0 63 0 0 97 0 96 5 53 0 0 45 0 0 0 0 0 0 0 0 0 0 0 0 0 74 95 99 0 30 0 0 0 53
0 53 0 78 0 0 65 0 0 0 0 0 62 0 0 0 68 0 0 43 0 32 0 0 59 0 0 0 0 0 0 0 0 0 0 0 0 72 0 39 0 17 43 0 0 0 95 0 33 0 0 0 0 0 0 85 0 0 100 76 0 0 0 98 0 9 0 0 0 0 0 0 0 0 0 0 0 0 30 0 25 0 0 0 0 0 0 63 0 30 0 0 0 0 77 0 0 16 0 73
0 0 0 33 0 0 0 0 0 0 99 38 0 0 0 0 0 91 58 0 0 0 11 0 0 84 50 34 0 0 0 0 0 0 0 0 0 0 40 0 0 0 68 0 0 0 0 72 0 62 0 85 0 0 0 0 0 0 0 75 58 0 0 0 0 0 0 0 0 1 0 0 0 0 0 0 0 19 53 0 93 0 100 0 0 82 0 0 0 0 0 77 31 0 0 97 15 58 0 0
0 0 0 0 95 12 0 0 0 0 0 20 0 0 0 0 36 44 0 0 17 0 0 0 90 88 0 0 36 82 94 44 88 56 85 0 0 0 0 0 2 0 0 0 0 0 0 57 49 0 0 0 0 0 0 31 66 0 0 0 0 13 0 0 16 0 0 0 0 0 0 18 0 0 26 92 0 0 0 88 69 49 0 0 92 96 0 49 0 0 0 13 0 0 0 0 0 0 0 0
0 0 0 0 2 0 0 0 0 0 0 0 0 0 0 43 0 0 43 0 0 0 12 0 0 15 0 0 0 0 0 4 0 51 0 91 0 0 0 0 32 0 0 0 52 0 32 0 0 0 0 0 0 0 4 28 0 48 100 0 0 0 0 79 94 0 0 0 0 47 0 95 0 33 0 0 0 71 60 0 4 0 0 0 0 0 0 0 0 0 0 0 0 0 0 97 0 0 0 20
0 0 0 0 85 78 0 0 0 0 0 0 0 0 0 0 0 0 0 78 33 0 65 0 28 71 0 0 0 0 0 0 57 0 48 30 0 0 0 0 0 0 60 0 0 4 0 0 0 0 0 0 0 80 16 0 0 0 0 0 0 0 0 0 58 0 43 0 0 0 0 64 0 0 0 5 0 0 35 72 28 0 0 0 0 0 4 26 0 86 0 0 43 0 0 0 0 0 39 0
0 0 0 0 0 0 0 0 17 0 77 0 24 0 0 0 0 0 27 78 0 16 0 0 54 62 0 0 90 0 59 0 0 0 67 0 0 0 0 0 84 0 0 0 0 0 0 0 0 0 0 0 46 0 0 0 0 57 0 0 79 0 0 0 0 22 0 0 0 0 0 0 0 0 0 0 91 94 0 97 0 0 0 0 0 0 0 0 0 0 0 0 0 0 0 0 75 0 82 0
0 0 0 98 0 27 0 0 99 0 75 0 0 0 94 0 0 0 97 0 0 54 3 0 0 0 0 0 0 0 0 0 37 99 0 72 32 0 0 37 0 0 0 0 0 0 0 0 0 0 0 0 0 0 0 0 0 0 0 0 0 0 0 0 13 0 0 0 0 22 0 5 0 1 0 0 0 32 0 0 0 0 48 80 0 99 0 36 0 37 0 0 0 0 0 48 0 0 0 0
39 62 41 0 0 30 0 0 54 0 62 0 0 0 53 0 0 0 0 0 0 0 0 0 0 36 0 0 44 0 0 0 0 10 0 0 93 0 0 0 0 0 21 0 0 0 0 0 41 0 63 0 0 0 0 0 0 0 0 0 63 0 0 72 90 0 0 30 0 0 97 0 0 0 0 0 0 0 0 5 14 0 0 0 34 0 0 0 0 0 62 0 17 0 0 63 0 0 0 70
74 0 0 0 0 0 0 0 0 0 0 0 0 0 0 0 0 0 0 0 0 0 0 0 45 41 0 86 0 0 0 0 0 71 0 0 0 0 0 0 0 0 0 0 83 0 0 0 0 0 0 0 0 0 0 0 0 0 81 0 0 0 0 0 30 0 0 30 1 0 0 73 0 84 7 20 0 0 0 22 0 0 0 0 85 0 52 0 0 0 0 0 0 0 0 0 0 0 0 0
0 0 0 0 0 95 0 0 0 0 0 79 0 46 0 96 0 0 0 26 0 96 0 0 0 0 0 0 0 0 0 16 86 96 0 42 0 0 0 0 0 0 0 0 0 0 0 31 0 45 0 0 0 0 6 84 0 0 0 18 0 0 0 0 0 0 82 0 0 0 0 75 6 6 0 0 0 11 65 0 0 0 0 0 0 0 0 0 0 0 90 0 0 0 0 0 0 0 0 78
0 0 0 0 0 63 0 65 76 0 0 0 0 0 2 100 60 0 0 18 0 0 92 0 0 0 0 0 5 49 0 43 0 82 0 0 45 0 44 25 0 0 0 0 0 99 0 0 0 0 0 0 0 0 0 0 0 0 0 0 0 80 0 0 0 0 13 0 0 0 0 0 0 0 0 4 0 0 0 0 86 0 0 0 9 0 55 0 0 0 0 0 93 94 0 0 0 0 61 0
0 0 0 34 0 0 0 0 0 0 0 0 0 92 0 57 0 33 0 0 0 0 0 0 49 20 0 0 0 0 96 0 0 0 77 0 37 96 0 0 0 0 0 0 0 0 48 0 56 0 0 0 0 0 22 0 0 34 4 0 0 0 0 25 0 0 0 55 0 0 44 0 0 0 0 0 37 0 0 58 0 0 0 0 0 50 0 19 0 89 0 0 50 0 0 0 33 0 0 78
80 0 0 20 0 0 0 0 0 0 0 0 0 0 69 0 0 0 5 0 0 0 91 69 97 0 0 0 36 0 0 0 0 0 0 0 7 0 0 0 0 0 87 0 99 0 0 0 51 0 0 0 0 0 0 27 0 0 0 0 66 0 14 0 42 0 0 0 0 0 0 0 0 0 0 0 35 93 0 0 19 0 0 0 44 57 0 0 0 96 50 0 43 0 0 0 0 0 0 0
66 0 64 0 0 28 0 0 42 0 0 0 0 0 0 0 0 0 0 11 0 0 29 0 21 0 0 0 67 8 0 25 0 72 39 0 0 0 0 90 0 0 0 56 0 0 0 0 10 0 8 0 0 0 48 0 0 0 0 0 0 0 0 0 0 0 0 36 0 0 78 0 0 0 0 0 0 69 0 70 0 0 0 0 0 0 33 0 46 0 0 0 44 0 0 0 46 0 0 26
0 0 53 0 0 17 0 0 42 33 0 0 0 0 0 0 0 18 0 0 0 0 98 0 48 18 0 0 0 0 83 0 0 0 0 0 70 0 0 0 0 0 0 50 54 0 39 0 0 0 0 0 90 45 0 6 36 0 0 0 0 25 0 0 28 0 0 0 0 0 29 0 40 0 0 0 0 0 0 0 0 0 47 4 3 47 0 0 0 19 0 0 0 0 53 0 0 67 98 0
0 0 0 0 0 67 44 0 0 5 0 87 0 0 12 0 0 32 0 94 0 0 8 0 91 0 17 0 0 0 61 26 0 0 0 77 0 0 0 0 1 0 0 59 0 0 0 0 0 0 0 0 0 0 97 0 0 0 0 0 0 0 0 0 0 0 0 0 46 0 0 70 0 0 75 0 0 0 0 0 20 0 0 84 81 0 0 0 54 85 35 0 66 14 0 0 0 0 0 0
0 0 0 50 0 0 0 0 0 0 77 0 0 0 0 0 0 0 0 0 0 0 0 0 0 0 0 0 0 81 0 0 0 0 0 0 0 100 0 0 11 0 0 0 9 0 0 0 36 0 0 0 0 0 0 98 0 0 0 0 0 0 0 0 72 0 0 0 93 0 0 0 0 0 50 0 0 0 0 0 0 0 0 0 0 0 0 0 18 0 0 0 0 0 0 0 0 0 0 0
0 35 0 0 0 0 0 0 0 0 0 12 53 0 57 0 0 0 0 0 26 1 0 0 0 0 0 0 78 8 0 0 0 0 0 0 0 0 100 0 0 0 60 0 0 54 0 0 18 0 0 0 0 14 0 28 0 0 5 0 0 0 0 0 0 0 0 0 17 0 44 68 0 43 0 94 37 0 55 0 0 0 0 0 20 0 0 78 0 0 84 59 0 0 0 0 0 0 33 86
0 0 15 0 0 0 80 0 0 0 82 0 0 0 0 0 96 0 98 0 0 0 90 0 0 38 0 0 0 1 0 0 5 94 0 0 0 0 0 12 63 0 0 0 0 0 0 59 43 9 0 61 70 8 0 0 0 0 0 46 0 0 0 67 0 90 29 0 0 75 41 85 0 47 0 12 0 0 0 17 0 23 0 10 66 31 0 0 63 0 0 53 2 0 0 65 0 36 0 0
94 33 5 0 0 0 0 0 92 87 0 62 0 0 0 0 0 0 76 0 80 93 0 0 0 0 0 98 86 0 0 0 0 0 0 91 0 61 0 70 61 0 0 0 0 52 0 40 0 63 0 71 0 0 0 0 42 0 27 0 0 0 84 0 36 0 0 0 0 0 0 35 30 0 52 0 28 0 0 0 0 0 0 0 0 0 0 0 0 0 0 0 0 0 0 0 0 0 0 45
0 60 0 0 80 0 12 17 0 0 38 0 0 0 0 0 0 0 42 0 0 25 0 0 0 0 0 0 4 0 0 33 0 0 0 0 0 0 0 0 0 0 0 0 99 99 0 0 0 0 38 0 15 63 0 0 0 39 0 0 69 73 89 0 0 91 0 0 0 79 0 0 0 0 0 74 0 0 0 15 0 31 0 0 0 0 0 26 0 0 83 0 0 1 0 4 0 81 0 0
0 0 0 0 0 0 6 0 0 21 0 0 0 0 14 93 46 0 0 75 0 29 0 0 0 0 85 93 0 0 0 78 0 0 0 0 0 0 10 0 43 0 0 63 0 0 0 25 0 0 85 44 0 0 0 20 62 0 0 0 0 0 0 0 0 0 0 0 89 0 21 59 16 0 0 0 0 0 0 0 0 0 2 38 0 0 0 0 58 0 0 0 0 80 0 0 0 0 0 0
94 0 0 0 8 18 0 0 26 0 7 0 0 0 0 0 0 0 0 80 0 0 0 0 38 0 0 63 0 98 0 0 97 0 38 97 0 23 0 0 0 0 97 0 51 0 0 0 74 0 0 0 28 85 36 0 0 0 0 0 0 0 0 0 0 0 0 73 0 0 0 20 0 16 0 0 0 0 26 0 0 0 43 0 0 0 32 0 0 0 66 0 0 0 31 0 73 0 0 0
0 0 54 0 0 74 0 0 0 0 77 0 0 0 0 0 0 0 0 0 33 0 3 77 5 0 0 0 0 0 0 81 0 0 0 26 0 0 33 0 0 0 0 0 0 0 0 0 0 0 0 0 89 0 0 41 0 0 0 0 38 0 57 0 0 63 0 0 0 0 0 0 0 0 0 0 0 28 0 37 0 0 37 63 0 0 0 0 0 0 0 0 0 0 0 0 32 0 0 49
0 26 0 25 0 0 0 0 0 34 0 0 89 0 0 0 0 0 0 0 0 23 0 0 0 0 0 0 0 15 0 0 0 0 0 0 0 60 0 0 57 0 0 0 0 8 0 17 0 0 0 0 0 0 0 0 6 2 0 56 0 0 7 0 74 0 0 0 0 0 13 0 0 27 0 83 0 0 0 11 0 31 0 0 0 0 0 0 44 79 81 3 0 11 0 75 0 13 0 99
0 0 0 39 95 0 0 0 92 0 0 39 0 0 0 0 14 6 0 0 0 0 7 0 0 0 0 0 1 0 43 76 34 0 0 0 51 0 0 0 0 18 0 0 0 0 0 0 0 80 7 0 0 0 0 0 4 0 0 0 0 0 0 0 0 0 0 0 0 0 0 0 0 24 0 0 0 0 0 0 11 0 87 0 0 0 0 0 0 86 0 0 0 0 0 0 67 0 60 0
85 0 0 99 0 0 0 82 0 0 16 0 0 0 0 0 0 0 0 0 0 0 0 0 0 0 0 0 0 0 0 0 43 79 0 0 0 0 0 0 0 0 11 0 0 0 9 0 38 0 0 0 0 5 90 0 62 0 0 87 99 0 0 0 41 0 0 0 0 0 0 0 0 77 0 74 10 0 0 0 0 35 0 30 15 0 0 36 0 10 0 18 0 63 0 42 0 0 0 0
0 0 0 0 0 0 0 52 2 0 0 0 0 0 0 0 0 0 0 0 0 0 37 0 0 96 80 0 0 77 0 0 0 82 0 0 0 0 0 0 0 3 0 77 0 0 0 0 6 81 0 0 0 0 80 0 0 0 0 0 60 0 0 0 51 6 0 0 0 0 0 0 64 0 0 0 31 0 0 0 0 0 0 0 0 0 0 0 0 0 0 0 0 28 0 0 26 0 0 47
0 0 0 0 0 0 1 20 0 79 0 15 0 0 0 0 18 0 76 0 0 43 0 0 0 0 0 61 0 0 0 0 0 0 0 0 0 65 0 0 17 0 0 88 0 0 0 0 0 0 49 0 0 53 81 0 0 0 0 0 0 0 0 0 0 0 0 0 0 18 0 0 0 0 64 25 0 0 0 79 0 0 0 36 0 0 56 0 31 0 62 0 0 0 0 40 0 0 0 0
0 0 0 0 0 0 0 0 0 91 30 0 0 0 0 18 0 0 0 0 0 0 0 0 0 0 0 0 37 0 9 0 0 0 0 0 0 0 0 0 0 0 0 0 70 0 0 0 0 0 98 0 0 0 28 0 54 30 0 0 0 0 0 0 0 81 0 0 0 0 0 44 0 0 0 0 94 0 0 98 0 0 0 0 84 0 70 0 0 0 0 95 0 0 0 0 18 0 0 0
0 55 0 0 0 0 0 0 0 0 59 0 0 76 0 0 0 0 0 74 0 0 0 43 68 0 0 0 0 42 0 0 12 0 0 52 0 0 64 0 1 39 0 81 0 0 0 0 0 0 19 0 0 0 50 0 75 0 0 0 0 8 0 0 0 0 0 0 0 0 0 0 0 40 0 74 49 0 0 0 0 0 0 0 44 0 74 37 0 0 0 0 0 98 0 0 0 0 0 20
0 0 0 0 0 0 0 0 44 0 0 33 0 0 0 0 99 2 71 0 0 93 38 0 0 98 0 0 0 0 0 0 0 0 0 0 77 0 0 0 0 0 0 0 0 0 0 0 49 98 0 0 0 52 0 0 0 0 0 0 0 99 0 0 64 0 0 15 0 0 0 0 61 91 0 0 55 0 0 0 0 36 0 0 0 0 0 45 0 82 0 0 88 3 0 0 67 0 0 0
44 0 0 0 0 48 23 0 0 0 0 0 0 0 0 0 0 73 0 79 0 0 0 0 0 0 0 0 0 69 0 0 0 0 0 0 0 0 0 12 0 90 98 0 0 0 0 13 0 63 0 21 79 85 0 0 0 0 44 14 0 90 0 0 85 0 0 0 0 0 0 0 0 0 0 0 0 75 16 0 0 0 0 0 0 96 30 0 0 0 0 0 0 0 0 0 0 77 0 78
0 0 0 27 22 0 0 0 0 0 0 0 0 0 0 0 0 90 0 0 0 32 0 0 0 0 0 0 0 0 0 0 0 0 0 0 0 0 0 0 91 0 78 92 0 0 6 0 0 0 0 0 0 0 0 0 8 0 0 0 0 0 0 0 64 0 0 0 0 55 96 0 0 0 26 0 0 0 30 0 0 0 0 69 0 43 82 0 34 0 42 97 21 0 0 0 0 0 53 0
0 0 0 14 0 0 9 0 0 0 0 0 0 85 59 0 0 0 12 0 0 0 0 0 0 0 0 0 0 0 0 0 0 0 96 0 0 0 0 0 0 0 60 0 51 4 87 0 0 0 36 0 0 0 0 0 0 0 53 14 0 72 0 0 0 0 0 0 0 0 50 0 0 0 0 0 0 0 0 0 0 0 0 52 0 2 0 70 0 0 0 0 29 0 0 0 0 82 0 0
50 0 0 0 0 0 0 85 0 0 0 0 0 0 0 56 0 13 59 0 0 71 0 82 48 0 0 23 0 67 0 0 0 56 0 0 0 0 0 0 0 0 0 0 0 0 0 0 0 0 0 23 0 0 87 3 0 0 0 0 24 6 0 0 34 24 0 22 0 23 20 0 21 21 0 0 0 0 0 0 0 0 0 79 0 29 0 94 0 0 0 66 0 0 69 0 36 0 70 0
0 7 0 0 44 0 0 0 0 0 0 0 0 0 0 0 0 0 0 0 0 0 0 0 0 77 0 0 87 0 0 0 0 0 0 18 0 87 0 0 63 0 0 0 64 0 57 0 0 76 0 0 0 0 60 0 0 35 0 0 0 0 0 9 0 0 44 0 0 4 0 0 0 0 0 0 0 0 24 0 0 91 0 0 0 31 8 42 0 67 88 0 0 0 0 0 0 0 93 0
0 0 0 73 0 0 0 43 0 0 0 0 47 0 0 21 0 0 42 0 0 0 86 0 0 0 7 0 0 100 38 0 0 0 0 0 0 0 0 0 31 0 0 0 96 0 0 34 0 0 6 0 0 0 0 55 0 0 0 0 0 0 0 0 0 0 0 38 0 0 0 78 0 0 0 0 0 0 0 0 0 0 7 47 0 0 0 25 70 0 0 0 93 93 0 0 0 42 0 0
0 0 0 0 0 10 0 0 0 0 0 0 0 0 0 0 0 0 0 0 0 39 0 3 0 0 0 73 0 0 0 0 0 0 0 0 0 29 0 0 95 0 13 0 0 0 34 0 0 0 19 0 0 0 54 0 42 0 32 7 0 0 0 0 0 0 0 0 95 0 0 0 0 0 0 0 0 1 54 0 42 0 0 0 0 62 0 0 0 0 39 79 0 0 0 0 36 0 0 0
0 0 0 0 0 0 66 0 0 8 67 0 72 0 0 0 85 0 0 0 0 0 0 65 0 0 0 0 67 1 0 37 66 99 0 80 87 0 0 78 0 0 12 0 0 0 0 0 0 0 0 0 44 0 89 0 0 0 0 0 39 79 0 0 0 80 0 0 0 0 0 0 18 0 0 17 0 29 0 21 0 0 0 0 0 24 61 0 0 0 0 68 0 0 47 0 0 0 0 0
0 0 0 0 0 6 78 0 79 0 0 0 0 64 0 0 65 0 0 0 0 0 0 0 0 30 0 8 0 28 0 21 33 0 74 0 60 0 0 0 0 0 0 0 0 0 0 0 0 0 0 0 0 26 20 1 0 0 0 0 0 0 0 18 0 54 0 86 0 0 0 0 0 0 0 18 0 0 0 0 65 11 0 48 0 0 0 0 0 0 0 0 0 0 0 0 0 0 0 0
0 0 0 0 0 0 0 0 0 0 11 0 0 0 72 0 0 30 0 86 0 0 33 0 0 14 0 0 0 24 0 2 59 0 90 0 9 0 0 0 0 0 83 0 14 0 0 0 0 6 0 0 0 91 40 31 0 0 0 0 0 62 0 0 0 0 0 0 0 0 0 0 0 56 0 0 0 3 93 0 0 0 0 0 0 0 27 0 0 0 56 0 0 45 0 0 0 0 0 0
0 0 0 0 24 14 0 0 0 0 0 0 0 0 0 0 0 0 56 0 0 43 0 0 69 0 0 0 0 0 0 0 23 0 0 0 6 51 0 0 78 0 0 0 0 0 0 0 0 0 0 0 0 0 37 0 0 79 0 37 45 0 69 0 0 0 0 0 0 0 0 0 0 0 0 84 97 0 0 0 0 0 0 0 0 71 0 83 0 0 0 0 0 0 52 0 0 58 0 0
0 0 76 0 0 0 0 0 60 0 0 0 16 0 16 0 0 0 70 0 0 0 57 0 0 73 0 0 0 0 92 0 73 0 0 0 0 0 82 57 0 0 0 0 41 51 0 0 0 47 0 0 0 14 0 0 0 0 0 0 88 0 0 0 0 89 0 93 0 0 73 0 0 18 0 0 0 0 0 0 0 0 76 66 36 0 0 0 0 0 0 0 0 0 99 0 0 5 0 0
0 0 6 0 47 0 0 0 96 0 0 0 0 0 0 46 0 0 0 52 30 13 80 0 0 72 0 0 0 0 0 46 43 0 0 0 34 0 0 41 0 0 49 0 14 81 0 0 0 0 0 1 0 0 0 0 0 0 45 0 0 0 15 0 0 0 92 0 0 57 0 0 0 73 0 0 0 96 0 0 0 0 0 0 30 42 91 0 0 84 0 86 0 0 0 91 0 0 52 0
0 0 0 100 0 98 0 0 0 0 0 79 0 0 0 27 53 0 15 0 93 0 28 0 37 0 0 0 0 0 0 74 0 0 0 0 0 0 0 0 53 0 0 93 20 98 0 0 0 0 0 0 0 0 0 17 0 0 0 0 0 18 9 0 0 0 71 0 0 0 6 0 0 0 0 0 68 0 0 0 47 56 91 0 0 0 69 26 0 0 0 0 0 0 0 0 70 0 0 0
26 0 0 44 0 0 0 85 0 23 0 0 0 0 0 0 0 0 0 0 0 0 0 0 0 0 0 0 0 53 76 42 0 0 0 0 0 0 0 97 0 76 97 0 0 20 0 0 0 0 30 0 0 0 0 0 10 74 0 0 0 50 0 0 0 0 67 45 0 0 0 52 0 0 0 0 0 0 2 0 0 0 81 0 15 0 42 76 0 0 0 0 69 0 0 0 0 0 94 0
0 35 0 0 81 0 16 0 87 0 82 0 54 85 0 0 12 0 0 83 0 0 47 0 0 0 0 76 0 15 0 0 0 0 0 0 0 0 0 0 0 22 0 0 0 0 0 0 2 83 0 0 0 0 46 48 0 0 0 0 0 0 0 0 28 0 6 0 0 67 0 0 0 0 0 0 0 0 0 0 0 0 16 0 0 0 52 51 0 0 0 0 0 0 0 0 0 12 0 76
0 78 0 0 0 0 0 0 0 0 40 0 0 0 42 0 0 0 0 0 0 0 41 0 0 54 50 0 0 96 0 0 0 0 0 0 0 0 0 0 0 0 0 0 0 0 0 0 0 64 0 0 0 64 0 72 0 36 88 82 78 0 0 73 0 25 0 0 0 0 0 0 0 0 0 0 0 0 0 0 65 0 0 21 93 0 0 0 0 16 0 0 0 0 0 33 0 0 0 0
51 0 0 9 0 0 0 56 0 0 0 52 23 0 63 0 0 0 25 0 32 66 18 0 70 0 0 15 0 0 0 22 6 73 0 0 0 0 0 0 0 0 0 21 0 0 0 0 0 74 40 0 0 0 14 0 25 0 0 0 0 0 65 0 0 95 0 0 58 0 27 0 0 0 0 0 0 0 0 0 0 0 54 0 0 0 0 0 66 0 0 74 0 0 0 0 0 0 0 0
0 0 0 0 0 0 0 0 0 0 16 0 87 0 72 0 0 0 0 0 12 0 81 0 0 0 0 0 35 79 0 0 0 0 3 0 81 0 0 0 0 0 0 48 0 69 26 0 0 22 97 0 0 71 0 0 13 0 0 0 67 0 0 0 0 18 0 0 0 0 20 0 0 23 0 0 0 0 0 0 0 0 32 54 0 0 18 0 0 0 0 0 0 0 0 80 0 89 0 0
80 76 53 37 0 0 0 0 0 0 0 0 52 0 0 0 0 0 0 0 0 0 80 50 14 0 0 0 63 0 0 0 0 0 13 0 0 0 0 100 0 75 44 0 0 0 0 0 0 0 0 0 0 0 86 85 0 0 37 100 0 12 1 71 0 0 0 0 0 26 0 0 54 0 0 0 0 0 29 0 0 0 0 0 0 0 0 0 0 0 0 19 0 0 0 0 0 0 0 0
0 0 0 0 0 0 5 0 0 0 0 0 0 19 0 31 0 0 0 73 0 0 59 0 0 0 76 0 0 0 0 0 32 39 94 0 0 0 69 0 0 0 0 0 0 0 0 0 0 0 0 0 0 54 0 0 0 66 0 47 0 0 1 0 0 0 0 51 0 0 0 43 0 0 0 0 0 0 0 0 0 0 0 0 0 17 6 0 0 0 89 0 0 93 0 0 0 0 0 72
0 0 57 0 0 0 79 0 0 0 0 0 78 0 82 0 0 0 0 0 0 61 0 0 85 26 0 65 0 0 0 0 0 0 0 0 0 0 0 0 0 0 0 0 0 0 68 5 32 70 71 0 0 0 0 85 95 57 0 0 0 0 91 0 0 9 0 0 0 0 0 72 54 0 24 26 0 78 0 0 0 0 0 83 0 0 0 0 100 0 0 0 0 0 0 0 0 0 0 0
0 0 62 0 0 0 45 0 0 0 55 0 0 0 0 30 0 0 0 0 0 0 31 23 0 0 0 0 0 0 0 0 0 0 0 0 0 60 0 0 0 0 0 0 0 42 0 39 0 0 70 0 0 0 75 0 0 0 0 0 36 0 0 72 71 0 0 0 0 0 26 0 18 53 0 0 0 0 99 80 0 87 0 0 0 84 0 10 19 0 0 0 0 0 0 0 0 0 0 0
0 0 61 77 0 0 49 0 90 0 0 0 0 0 0 47 46 85 0 0 0 84 56 0 0 0 0 0 0 0 68 0 0 0 0 0 27 0 0 0 0 55 81 0 0 0 0 0 0 0 0 0 0 0 0 95 85 0 0 0 0 0 54 0 0 0 0 22 0 0 0 0 30 0 0 0 0 0 40 0 0 51 0 0 0 0 0 0 20 0 0 70 0 0 0 0 93 0 0 0