100
0 0 0 80 0 60 0 0 0 0 96 90 49 0 0 0 0 0 0 0 0 0 86 0 33 0 0 0 0 0 0 0 0 0 0 90 0 0 23 0 87 0 0 0 0 0 0 0 0 2 0 0 0 0 0 0 0 90 0 0 0 0 0 0 58 0 0 71 0 74 0 64 0 0 38 0 25 0 0 0 0 0 0 7 0 0 0 0 0 0 0 0 10 0 0 84 0 24 0 0
0 0 84 36 0 0 85 0 41 65 0 0 0 0 82 0 0 28 0 44 54 0 54 0 52 0 0 0 60 0 0 0 90 0 0 100 44 0 15 0 100 0 92 0 0 33 28 0 37 0 0 0 0 0 0 0 0 0 0 0 0 0 19 58 0 0 0 0 0 0 78 47 32 0 60 0 51 0 0 0 0 0 42 0 33 0 0 0 0 0 0 91 0 0 9 29 0 24 0 8
1 0 0 88 82 0 0 0 0 0 0 0 0 0 50 0 0 53 0 0 0 14 0 0 29 0 0 0 0 0 0 0 0 0 0 0 0 0 0 0 95 0 0 72 0 0 0 0 0 0 0 15 0 0 0 0 0 0 0 12 0 98 0 0 57 9 0 0 0 0 90 0 0 0 40 97 0 0 0 31 0 27 0 17 0 80 0 0 93 88 0 0 0 0 0 61 96 20 0 0
0 0 0 0 44 0 0 0 0 63 0 0 0 0 0 0 88 99 100 0 0 98 0 0 50 0 0 0 0 55 0 0 26 46 0 5 80 27 0 59 65 0 0 0 0 0 0 0 0 30 0 0 0 0 0 0 78 0 0 60 16 0 0 0 52 69 0 0 78 38 94 0 41 0 0 45 0 0 0 0 0 0 0 0 0 0 0 0 0 0 0 0 0 0 0 0 62 0 0 0
41 0 0 0 0 0 0 0 0 2 0 0 0 0 68 0 0 0 0 0 0 0 80 48 0 0 0 75 0 0 0 0 0 0 0 49 0 22 0 0 0 0 22 0 0 6 0 45 24 0 0 67 0 0 0 0 0 38 0 13 98 0 75 0 0 0 0 0 0 0 14 48 0 0 69 0 21 59 0 10 0 0 0 28 0 0 0 21 0 0 0 0 49 14 0 0 43 0 0 0
0 0 0 0 99 0 0 0 0 0 0 79 0 0 0 0 0 18 0 25 83 0 0 17 0 0 0 45 0 0 0 0 0 0 0 0 0 0 0 58 0 3 0 0 0 0 0 0 0 0 36 0 0 0 0 49 0 1 0 0 0 0 68 0 39 0 0 0 0 0 61 36 0 0 38 0 0 0 0 0 0 0 0 74 0 0 0 0 0 0 0 0 94 0 0 0 0 0 0 33
0 53 90 65 76 0 0 0 7 0 0 0 0 0 0 0 0 0 0 0 17 0 0 0 66 0 69 0 0 37 0 0 0 0 0 100 0 0 0 0 0 0 0 0 0 48 0 0 0 67 0 18 0 0 0 0 0 0 0 0 0 85 95 0 0 0 25 0 0 0 0 0 0 0 31 0 71 56 0 0 0 0 31 0 0 0 97 0 15 72 0 76 0 0 0 0 0 0 0 0
0 0 44 0 0 0 99 0 0 0 3 0 86 86 0 0 38 87 0 12 0 0 52 0 0 0 80 0 0 0 22 0 57 0 0 0 0 20 0 86 0 27 0 0 0 0 38 0 0 0 0 0 0 0 0 0 0 0 0 0 4 91 39 95 0 0 0 97 0 0 0 0 0 0 33 0 0 0 0 0 0 0 0 11 0 0 0 0 74 77 0 0 0 0 0 0 0 0 0 41
55 57 0 0 91 0 20 0 0 0 0 0 0 0 0 0 0 0 0 0 0 0 0 77 0 0 0 55 0 0 0 78 0 20 0 42 86 0 88 0 29 0 0 0 0 63 93 0 0 0 72 0 0 73 0 0 0 0 0 0 0 0 0 0 0 90 0 67 0 0 0 0 35 0 39 0 0 0 0 0 26 0 0 0 0 0 0 0 0 0 0 0 80 15 65 0 0 56 55 47
4 0 4 0 0 0 0 0 0 0 0 0 0 0 4 0 0 5 92 0 36 22 0 0 22 0 0 51 41 0 0 96 21 0 0 0 0 0 0 0 0 0 26 70 0 0 0 0 0 0 24 0 0 52 0 0 0 0 0 0 12 0 0 0 0 0 65 18 0 0 99 29 18 0 0 0 0 48 48 0 0 0 13 0 0 0 83 0 0 0 3 0 0 0 0 37 12 0 0 0
0 0 40 0 0 0 0 0 65 0 0 0 0 0 0 32 61 0 0 0 0 0 47 0 0 0 0 0 0 33 0 0 0 9 0 0 80 69 0 0 0 52 0 0 66 31 0 0 0 0 26 55 64 91 51 0 93 0 23 49 0 0 65 0 0 0 0 0 0 0 0 0 0 0 0 0 0 15 0 17 0 0 0 0 0 14 0 0 0 0 0 0 0 0 49 0 0 88 31 0
0 42 98 0 0 0 0 31 0 0 67 0 13 0 0 0 0 0 0 0 0 0 28 0 0 10 0 15 0 46 0 0 0 0 0 20 0 0 94 0 0 7 0 11 0 94 86 5 0 0 0 0 0 0 0 0 0 0 0 0 95 0 4 0 0 0 0 0 0 0 42 0 0 0 0 0 55 0 0 38 50 0 0 0 0 0 34 0 0 0 0 0 0 0 0 0 8 0 0 0
0 56 0 0 64 0 0 0 0 0 0 0 0 0 0 57 0 0 0 0 0 0 0 0 0 0 0 0 0 8 0 2 0 0 0 0 0 0 56 36 10 0 0 0 0 0 0 0 0 0 0 0 0 0 50 14 0 0 0 0 0 52 0 0 0 0 0 0 0 0 0 0 0 0 0 0 0 0 0 0 0 67 23 0 0 0 0 0 0 0 0 0 0 0 0 41 0 0 0 0
0 0 62 0 0 0 0 63 0 0 0 0 0 0 15 0 0 0 46 0 17 0 0 0 0 48 0 0 49 0 0 0 0 0 75 0 0 0 0 89 0 0 0 0 25 0 0 0 0 0 0 0 0 0 0 0 0 0 0 82 0 40 0 27 68 0 0 0 0 0 83 0 4 0 0 0 47 0 30 0 75 0 85 0 94 0 0 13 63 0 0 68 0 0 0 66 96 0 25 0
0 64 0 0 0 0 0 73 4 0 0 0 0 0 0 0 98 0 0 0 0 0 0 50 4 0 0 0 0 0 0 0 0 0 73 0 0 0 0 0 0 0 0 17 0 97 30 0 64 0 0 0 0 0 0 0 54 58 0 0 0 0 44 0 0 0 0 4 0 37 0 59 0 0 18 0 0 0 0 0 0 0 0 19 0 0 0 0 0 0 0 0 22 0 0 77 0 0 0 0
0 47 98 0 0 0 11 0 0 0 0 0 0 48 0 0 0 32 3 0 0 0 80 0 34 72 0 0 0 0 45 0 70 0 23 0 0 0 43 1 0 0 0 0 0 0 0 0 0 31 0 0 0 0 0 0 0 0 0 88 1 0 0 0 0 0 0 19 77 0 0 90 0 0 0 0 0 64 0 74 0 0 0 0 0 32 6 0 0 46 38 0 0 0 0 0 0 0 0 0
0 14 0 0 0 0 19 43 0 86 0 92 70 94 55 100 0 0 0 0 0 75 0 0 0 0 59 6 0 2 39 0 15 0 0 0 0 0 95 0 53 0 0 0 0 0 75 1 99 15 8 0 0 24 0 87 0 0 0 0 50 65 0 0 0 0 0 0 0 0 0 0 0 0 6 15 0 0 0 0 87 0 0 92 0 42 77 0 0 0 0 0 0 0 0 0 0 0 14 0
0 0 0 0 0 0 7 0 0 0 0 85 0 0 0 93 0 0 96 0 0 0 5 0 0 0 0 0 16 0 0 0 0 0 0 0 0 0 0 0 0 0 0 0 0 0 0 0 0 0 0 0 99 48 0 22 19 0 0 0 0 85 0 0 1 0 0 0 42 0 0 0 0 0 0 0 0 93 68 0 0 0 12 0 0 0 0 0 0 0 0 0 11 0 0 0 0 0 0 0
0 39 0 0 0 0 0 85 68 0 0 0 0 0 0 70 0 0 0 0 0 0 0 0 0 0 24 0 81 39 0 0 0 0 0 0 99 0 82 8 0 0 0 0 48 0 0 0 0 0 0 0 51 0 76 0 0 0 0 99 52 0 0 0 0 0 0 0 65 0 0 0 0 0 0 0 81 0 0 0 0 0 25 0 0 4 0 59 0 100 0 0 0 0 45 0 0 0 0 0
0 91 74 0 0 0 0 95 0 0 18 0 0 0 0 5 0 0 0 0 0 0 0 5 5 0 0 0 0 7 40 0 0 0 86 0 0 0 0 0 0 5 0 0 11 0 0 0 0 0 0 54 0 0 0 0 0 0 0 0 0 0 0 0 51 0 41 0 0 0 0 0 0 0 23 0 0 5 0 0 78 0 0 0 0 0 69 0 0 0 0 0 59 0 0 0 0 0 0 2
0 0 0 0 13 0 0 0 0 0 0 0 0 0 0 0 64 0 0 90 0 0 61 0 64 0 22 50 20 0 91 0 72 1 75 27 0 0 0 0 0 0 0 0 0 0 94 0 0 20 42 74 0 7 0 78 0 0 0 0 40 0 0 17 0 41 0 0 0 0 0 0 0 0 0 0 0 0 0 94 75 0 0 0 0 92 16 94 0 0 0 0 0 0 0 0 0 25 0 0
68 0 0 0 0 0 0 0 0 0 0 0 0 0 37 0 0 0 0 37 0 0 0 0 0 0 0 0 4 0 0 0 0 0 0 23 0 0 0 0 0 0 0 0 0 0 0 0 0 0 0 80 0 0 0 0 80 0 0 0 29 26 3 11 0 0 94 17 34 70 91 0 0 79 0 0 0 0 0 0 28 0 0 0 0 7 0 0 0 0 0 0 0 0 0 1 86 0 0 0
0 0 0 27 0 0 0 92 0 0 0 0 0 92 65 0 43 0 48 0 0 0 0 0 0 0 0 0 0 0 0 27 0 0 68 0 0 0 38 0 0 25 0 0 72 30 0 0 0 0 88 0 26 0 29 0 0 0 0 0 10 46 0 35 74 0 0 0 0 36 0 72 0 5 0 0 0 98 0 0 0 28 0 0 0 0 0 24 0 0 5 0 0 0 0 44 0 49 39 17
0 0 0 0 86 0 14 0 0 0 68 0 0 0 0 0 0 0 69 0 99 0 0 0 0 0 0 51 0 0 0 0 89 0 0 0 44 0 0 0 0 47 0 45 0 0 0 0 0 0 0 0 0 0 0 65 0 0 0 0 0 0 0 0 33 76 0 0 0 82 0 0 0 0 0 0 0 56 0 0 0 86 0 0 0 0 0 13 0 0 0 0 0 0 0 0 77 0 51 47
0 60 12 0 0 0 0 0 34 0 0 62 0 0 0 20 0 0 0 0 0 0 0 0 0 0 0 4 0 0 0 87 0 0 0 0 0 0 15 0 0 0 29 0 0 69 86 0 30 0 0 0 0 3 85 0 0 0 0 30 60 0 0 54 0 19 0 8 0 0 0 63 93 0 0 0 0 0 0 6 0 0 0 0 17 0 0 0 0 44 0 0 0 0 0 30 0 0 0 0
0 0 97 0 0 0 0 0 0 0 0 0 0 13 100 0 0 0 0 0 0 0 0 0 3 0 0 0 74 0 0 0 60 0 0 0 0 0 0 0 0 0 16 25 0 0 0 0 0 69 0 0 0 0 66 30 64 79 84 79 0 0 51 78 0 0 0 0 0 0 0 0 0 0 0 0 0 0 0 82 0 0 0 0 0 0 0 0 0 0 41 0 0 0 0 0 0 0 0 13
0 5 0 0 0 0 0 0 0 0 0 0 0 0 0 0 0 0 64 98 81 0 0 0 0 12 0 58 0 0 0 33 0 0 0 3 0 0 0 0 0 0 0 41 40 0 0 0 0 0 0 0 92 59 0 44 0 0 98 0 0 44 0 85 0 0 51 0 0 0 1 0 0 70 98 77 0 0 0 16 0 0 97 0 0 0 0 0 0 54 0 0 0 49 54 0 75 33 50 12
12 95 0 0 0 0 0 0 57 0 0 0 0 0 0 63 0 0 0 0 96 30 33 42 10 0 66 0 0 0 0 0 0 0 0 0 0 0 0 0 0 0 0 0 0 0 24 0 0 70 0 0 0 0 0 0 0 0 0 59 0 0 33 0 0 0 0 98 0 0 19 0 0 59 0 58 0 0 0 0 0 0 0 0 0 80 0 56 50 0 0 0 0 0 0 0 0 0 0 0
84 0 0 0 43 0 0 20 0 73 68 0 0 0 0 0 0 0 24 0 73 0 0 0 0 0 0 92 0 0 0 0 0 0 0 52 0 58 0 0 0 0 0 0 0 0 0 0 68 0 0 0 0 0 0 0 0 5 95 78 84 3 0 0 0 0 0 0 0 70 0 0 0 0 0 0 64 31 0 0 0 10 51 0 0 0 0 0 0 0 29 56 4 20 83 0 0 6 99 0
53 52 0 18 0 0 96 0 0 0 0 0 0 0 0 0 0 36 91 96 0 0 3 0 90 0 0 0 0 0 0 0 16 1 0 17 5 27 0 0 61 0 0 0 33 0 0 0 0 0 43 26 0 1 0 64 0 28 10 0 0 21 0 0 0 91 79 22 0 0 0 0 0 20 0 0 35 0 0 0 0 58 0 0 0 0 0 1 0 0 0 0 0 0 0 0 0 0 0 0
0 0 10 0 43 40 0 98 0 0 0 0 0 0 0 54 0 0 62 0 0 0 0 0 0 0 0 0 0 0 0 0 0 50 0 0 0 0 0 0 0 0 0 56 0 73 0 0 69 0 0 79 0 92 0 0 0 28 0 0 0 0 0 100 80 0 64 0 0 0 10 0 0 0 0 0 0 0 0 0 76 87 90 0 16 0 0 0 0 0 0 78 0 0 0 85 28 0 0 0
0 0 0 0 0 0 0 0 100 0 0 0 0 0 0 0 0 76 15 0 0 0 87 0 0 0 0 62 10 0 0 0 0 0 72 0 0 0 0 12 0 0 0 0 19 0 0 35 0 0 0 0 0 0 0 54 24 0 0 0 24 51 0 0 0 0 0 0 0 0 0 0 0 1 0 18 0 0 0 0 0 32 0 0 0 0 73 0 0 0 0 0 48 0 0 50 0 0 0 0
0 36 0 27 0 0 0 0 19 0 0 0 0 0 0 0 10 0 0 0 6 0 0 0 0 95 39 19 32 22 0 35 0 0 0 0 0 0 0 0 0 0 0 0 0 0 100 50 0 0 0 84 38 0 0 43 0 0 0 78 0 5 0 0 0 72 0 0 0 0 53 0 51 0 0 53 0 0 95 0 0 0 6 18 0 0 0 52 0 32 49 0 0 0 20 4 0 0 0 0
0 0 0 40 0 0 0 0 0 48 0 82 0 0 0 0 42 0 0 53 0 0 0 0 0 64 0 0 0 26 76 0 0 0 0 15 0 0 0 0 79 0 0 23 0 13 0 0 0 0 0 0 0 0 0 0 0 0 42 0 0 0 0 13 54 0 0 0 0 0 0 0 0 0 34 0 0 0 0 83 0 0 38 0 0 0 0 72 0 64 0 0 0 0 0 0 95 0 0 0
0 0 0 0 0 10 0 26 0 0 0 82 0 0 2 0 0 0 0 41 0 98 0 0 0 0 0 0 7 0 51 0 0 0 0 4 78 0 0 0 0 0 22 0 98 0 12 0 0 0 0 63 0 0 3 91 0 0 0 0 0 85 56 0 26 0 0 0 0 0 0 0 0 0 0 5 75 0 0 0 43 84 0 0 79 0 92 0 80 0 0 0 91 0 0 0 0 0 45 0
0 0 0 0 16 0 0 0 0 0 0 0 0 0 0 0 0 0 19 0 68 0 0 21 100 60 0 0 0 36 0 85 0 0 0 0 0 0 0 0 0 0 0 0 0 0 0 0 0 1 0 0 0 0 0 0 0 0 0 37 73 0 0 0 0 0 0 0 0 0 0 0 0 0 0 0 0 0 25 34 9 65 0 33 91 0 0 0 0 67 0 0 0 10 0 0 0 0 21 60
0 24 0 0 60 0 0 0 0 0 75 0 0 26 0 0 0 0 0 0 0 54 0 0 83 0 0 0 63 0 0 0 0 0 0 0 0 0 0 0 0 0 86 0 0 0 0 0 0 0 0 0 0 0 0 0 0 0 0 0 86 0 0 0 0 85 77 19 60 0 0 0 12 0 39 0 0 0 0 0 0 0 0 0 36 0 8 0 9 92 0 0 0 55 0 0 0 55 0 0
0 24 0 44 0 6 0 5 0 0 0 0 0 0 27 0 0 0 84 23 0 0 0 0 0 0 0 96 0 0 0 0 0 94 0 0 0 0 0 0 12 31 0 0 0 0 0 0 26 0 0 0 0 71 0 0 0 0 0 0 0 33 100 0 0 94 0 0 0 0 94 0 0 0 0 0 0 0 94 23 0 0 0 0 0 0 0 0 0 0 0 0 0 0 0 0 0 0 0 0
0 88 0 0 7 0 0 0 0 0 0 98 0 22 0 0 0 0 0 0 100 0 0 0 0 0 59 0 0 0 0 75 28 35 59 0 0 0 0 84 0 22 4 0 0 0 0 0 0 0 0 0 0 0 20 0 0 71 43 0 0 0 0 92 0 0 0 0 48 74 0 0 0 65 0 34 0 0 0 0 0 88 0 56 0 90 67 0 0 0 0 0 77 0 59 0 0 0 0 0
0 0 45 0 0 0 0 0 9 0 0 16 51 18 0 0 36 59 0 0 20 0 0 0 12 0 0 0 0 33 79 0 0 77 7 0 0 0 0 0 68 0 0 0 0 35 0 0 88 0 46 0 0 0 0 11 0 0 0 0 0 0 0 0 22 88 90 0 0 0 0 0 58 0 0 0 76 41 0 0 0 44 0 0 74 0 0 16 29 0 0 0 0 0 0 54 0 0 0 0
0 0 0 0 0 0 92 0 0 0 35 69 0 11 0 0 0 15 0 4 0 48 0 79 0 31 0 0 17 0 0 48 0 0 0 0 0 0 0 0 0 0 0 0 42 0 0 0 0 29 0 0 0 0 0 0 30 0 0 0 0 0 0 0 0 0 0 0 0 0 0 0 0 20 0 0 0 99 0 0 0 0 0 94 0 0 0 0 30 0 0 0 0 15 0 0 17 0 80 0
0 0 0 0 0 60 0 73 54 0 0 0 0 49 0 0 0 21 22 0 0 33 0 0 0 67 0 58 0 0 0 86 27 0 32 0 17 0 0 0 0 0 0 0 0 100 0 0 0 0 0 0 97 12 0 0 0 0 0 0 0 0 0 0 0 0 0 0 38 89 0 31 0 2 0 0 95 0 0 0 3 0 0 0 0 0 32 0 23 0 86 0 0 0 0 0 0 0 77 0
0 0 83 0 0 0 0 0 0 0 20 0 0 0 0 0 0 0 0 0 0 0 0 0 72 0 0 0 0 0 15 0 0 0 51 99 0 0 0 0 32 5 0 0 80 0 0 0 56 89 94 0 98 0 0 19 0 81 0 0 69 0 0 86 0 0 0 0 0 0 56 0 0 0 0 0 6 0 0 0 0 0 0 0 4 0 0 0 0 0 94 0 0 79 0 0 0 0 0 0
0 0 86 0 0 0 0 61 0 0 0 0 0 0 0 0 0 0 0 0 0 0 0 18 0 0 0 0 0 0 14 0 0 0 0 0 65 25 34 0 0 0 98 0 0 43 44 0 36 0 0 26 89 0 0 0 0 0 0 0 7 0 0 53 81 0 93 0 0 0 54 0 57 0 0 0 0 0 0 0 18 0 0 0 51 0 0 40 72 26 0 0 0 43 0 0 0 0 24 0
0 0 0 41 0 0 62 0 0 0 0 0 0 0 45 0 100 0 82 0 0 0 80 0 0 0 0 0 0 82 0 0 0 39 0 0 0 0 0 0 0 0 0 42 0 0 63 0 0 0 46 0 0 91 70 4 0 0 0 0 0 0 27 0 59 0 52 0 0 83 0 0 0 0 0 18 40 0 0 0 0 0 67 0 0 0 0 63 0 0 0 0 0 0 0 0 0 0 0 0
63 0 35 43 0 0 0 0 0 45 0 0 6 0 19 18 0 0 63 0 0 4 0 0 99 0 0 0 0 0 0 0 0 59 0 84 0 0 56 0 0 0 0 0 0 0 80 41 0 0 0 0 0 0 0 0 45 24 0 42 0 0 98 0 0 0 0 79 0 22 0 65 0 91 7 0 0 0 89 0 0 0 42 0 0 87 45 0 59 0 0 0 0 61 0 0 0 0 60 85
0 69 0 0 0 7 36 0 80 0 0 84 72 81 0 75 95 0 0 0 14 0 0 0 29 0 0 0 0 0 0 49 0 26 0 0 0 69 55 0 0 0 0 0 0 0 0 41 0 0 0 74 0 0 78 0 0 0 54 27 75 0 0 0 0 0 0 0 0 0 0 0 0 0 0 0 0 0 67 0 0 84 0 0 0 0 0 0 0 0 0 91 0 0 8 44 51 0 0 70
0 0 61 56 0 39 0 81 91 0 0 36 0 0 0 80 48 0 0 0 0 0 0 0 0 0 0 0 0 0 0 0 4 70 0 0 0 0 0 0 28 52 0 0 0 0 0 0 0 78 0 0 0 94 0 0 87 0 0 81 0 0 78 0 0 0 0 0 0 0 0 0 0 12 0 0 0 0 0 49 0 0 0 67 0 0 0 0 45 35 0 0 0 0 0 0 0 76 76 0
13 0 0 99 0 0 0 0 0 0 17 0 51 31 0 33 0 0 0 0 0 34 95 0 0 0 0 0 0 0 0 0 0 0 0 0 0 0 0 0 0 0 0 0 0 0 0 55 0 0 0 83 0 0 0 0 0 0 79 54 0 0 0 33 42 0 0 0 0 0 38 0 0 0 0 73 83 0 27 0 0 0 88 0 0 0 0 96 15 0 36 0 0 0 40 0 0 25 0 0
0 32 0 0 0 0 0 0 91 0 70 0 0 0 0 91 0 0 0 0 68 0 0 0 0 0 0 53 10 0 0 0 0 85 0 97 0 0 16 0 0 68 66 55 0 0 0 0 8 0 0 0 0 67 0 0 0 0 0 75 20 74 0 0 0 0 0 0 0 0 0 0 0 0 94 0 84 85 0 0 0 84 0 36 0 0 0 0 39 0 0 21 0 0 0 0 0 0 77 22
0 79 0 0 0 31 0 0 34 24 0 0 45 90 0 0 0 0 56 0 0 0 0 12 0 0 91 14 0 7 43 0 17 0 68 0 0 0 0 0 0 0 0 0 0 92 0 0 0 0 0 44 0 0 66 0 0 0 0 0 0 0 0 0 0 39 83 0 0 0 0 0 0 0 12 76 0 0 0 12 0 59 0 0 0 3 0 0 0 16 92 0 0 0 7 0 0 28 0 0
0 67 0 0 0 0 0 11 0 0 37 0 0 0 0 0 0 40 0 0 0 0 0 0 0 15 0 5 0 6 0 0 0 0 0 0 0 0 0 0 26 0 0 45 0 0 0 0 0 0 22 0 0 0 0 0 0 0 0 0 0 0 0 0 0 0 29 96 54 0 28 24 0 0 61 0 0 0 0 35 0 0 0 0 0 59 0 81 0 34 0 0 0 0 0 0 0 0 0 0
0 0 0 0 0 0 0 36 0 0 21 0 0 0 0 0 0 0 0 70 0 0 0 0 0 0 0 0 0 0 0 86 0 0 0 66 0 0 0 0 0 0 0 9 0 0 0 0 42 11 0 0 0 0 18 0 23 0 0 0 0 0 0 43 0 41 0 0 0 59 0 0 0 0 0 0 48 62 0 0 0 60 0 0 0 35 0 0 14 100 0 0 78 0 38 0 0 26 0 0
0 0 0 66 0 0 0 54 54 0 0 0 0 0 0 0 0 0 0 0 0 0 0 0 0 82 0 0 0 27 0 0 0 78 52 0 0 0 0 65 0 0 46 0 0 0 0 51 0 0 0 31 0 0 33 24 0 0 31 0 0 52 0 29 0 14 0 45 0 0 0 0 0 0 98 0 65 0 0 0 0 0 0 0 0 54 79 0 48 0 0 0 0 0 0 0 0 81 0 0
1 0 70 0 0 0 0 50 0 72 61 13 0 0 0 47 0 0 0 88 36 80 0 0 0 0 0 22 0 0 0 40 64 0 0 0 0 0 0 0 0 0 0 45 0 19 0 0 61 0 38 0 0 7 0 0 0 0 0 0 0 78 0 0 24 0 0 0 0 34 0 0 6 0 0 25 0 39 65 0 11 0 0 1 0 0 0 0 24 0 0 29 0 12 0 0 0 0 0 2
0 0 0 44 0 0 0 92 0 0 0 0 0 0 0 0 0 0 57 0 83 0 52 0 0 24 0 0 0 78 0 25 62 32 34 0 0 0 100 0 0 0 0 0 0 0 0 88 1 0 0 0 41 0 0 0 0 0 0 0 0 0 44 0 0 0 0 0 0 0 6 0 0 0 0 0 0 85 0 0 0 0 0 0 0 0 0 0 0 0 0 0 0 19 0 0 0 0 81 0
0 97 0 0 0 0 0 0 0 25 0 50 0 0 0 75 0 50 43 0 51 0 71 68 0 0 0 7 45 48 50 0 0 0 44 0 0 14 0 0 5 0 0 0 72 0 0 0 0 48 0 39 0 49 3 0 0 10 0 17 0 49 0 30 0 0 0 0 0 0 0 0 0 0 0 0 0 0 0 30 0 0 45 0 0 0 0 0 0 0 0 0 15 0 0 0 0 0 0 58
0 0 0 0 0 0 0 0 0 0 0 0 0 47 0 0 100 0 0 0 0 0 0 0 0 22 0 30 0 0 0 45 0 0 0 0 0 0 26 0 0 0 0 0 0 0 0 21 0 0 0 10 0 0 0 13 0 0 0 0 82 0 0 0 84 0 0 79 68 0 0 0 0 0 0 0 0 16 0 0 0 67 38 0 0 68 0 0 0 0 0 0 0 0 65 0 0 0 0 0
85 0 35 0 0 30 0 39 0 0 0 0 42 0 0 0 0 0 93 0 0 0 0 7 75 80 17 0 0 0 16 0 0 2 0 98 0 0 0 0 0 67 0 38 0 0 45 0 0 1 0 0 0 0 0 7 0 0 0 0 0 0 0 0 54 0 100 0 0 0 26 0 0 0 0 9 81 0 0 0 58 0 0 0 0 46 0 0 0 0 0 92 0 0 0 0 0 0 16 0
0 0 0 0 49 0 67 50 0 0 0 0 0 0 11 64 0 0 0 81 59 0 26 52 0 0 0 50 0 38 0 0 0 0 0 0 0 64 0 0 0 0 99 61 0 0 0 0 0 0 0 0 0 0 0 0 0 0 0 0 0 45 0 46 39 18 0 0 0 0 0 25 0 35 0 0 0 0 0 0 0 91 0 0 0 0 43 0 2 8 19 0 0 0 0 0 0 0 0 99
0 0 0 0 70 0 76 0 0 10 43 0 0 0 0 0 55 0 0 0 0 0 0 0 68 0 46 0 0 0 22 0 0 0 0 0 30 0 0 0 0 0 0 0 0 0 0 0 0 0 0 0 0 0 0 0 80 0 0 0 0 57 0 0 0 0 0 1 0 0 0 0 0 26 51 50 1 0 0 49 0 45 34 0 81 0 0 0 0 0 0 0 0 0 0 82 0 0 0 0
0 0 0 0 0 0 0 0 0 78 0 0 4 0 18 0 56 14 48 0 0 0 0 28 0 0 64 0 0 0 0 79 0 78 0 0 0 0 0 20 0 0 0 0 52 0 71 0 0 0 0 5 0 0 0 29 0 0 0 0 100 0 0 27 0 0 0 0 0 0 92 81 0 20 0 0 0 0 0 0 0 0 0 0 74 0 0 90 0 99 55 0 0 0 0 0 0 97 0 0
0 56 4 0 0 0 76 0 0 50 0 0 0 0 0 23 80 50 0 0 0 0 0 0 0 0 0 0 0 0 32 0 0 0 0 0 0 0 0 0 0 0 75 0 5 0 0 25 0 30 75 0 0 0 0 0 0 46 0 0 100 0 0 0 0 0 0 0 0 0 0 0 0 51 0 0 0 0 0 0 59 0 0 0 0 0 0 22 24 0 0 0 0 2 0 0 0 0 0 0
0 0 0 0 0 0 84 0 0 0 0 0 0 0 0 0 0 0 0 0 45 22 65 0 0 0 87 0 0 0 0 71 75 2 68 27 63 83 69 0 90 0 0 0 50 0 63 0 0 7 0 0 9 0 22 0 24 0 47 9 60 0 0 0 0 97 41 41 0 0 0 0 0 29 0 40 0 0 74 0 0 0 0 86 0 0 0 0 0 0 0 0 0 0 0 0 0 0 27 0
0 0 0 0 0 0 68 20 0 0 0 0 0 0 0 0 95 0 0 0 0 0 0 61 82 98 0 0 0 0 0 23 0 0 0 0 0 0 0 0 0 0 0 0 56 0 0 74 0 0 0 97 0 0 72 0 0 0 0 0 77 0 91 0 0 0 0 0 0 24 0 0 0 0 0 0 37 0 80 0 0 0 0 8 92 0 0 0 68 0 0 92 19 0 0 0 0 0 0 0
0 0 0 0 0 0 0 0 0 32 0 0 0 0 0 0 0 19 6 0 0 0 0 0 70 0 0 94 0 9 0 0 0 49 0 0 0 92 0 0 0 33 0 0 0 21 86 0 0 0 0 0 0 0 0 0 0 0 0 0 56 0 0 0 0 0 0 0 34 21 0 0 0 0 0 35 0 0 0 0 0 0 0 0 0 0 0 0 0 0 0 0 0 0 0 0 0 0 0 95
0 0 24 0 0 0 0 51 0 0 89 41 0 0 0 94 0 0 0 3 0 0 94 0 31 0 0 55 52 67 0 0 0 37 27 23 0 0 0 55 83 17 0 27 13 4 47 0 0 0 0 30 0 0 97 0 0 0 0 0 0 0 0 0 0 47 0 22 25 0 0 0 0 0 0 82 0 0 45 0 0 0 0 0 0 52 44 30 0 0 0 0 0 0 0 0 0 85 0 0
0 0 0 88 0 76 0 0 0 0 0 0 12 0 0 0 99 0 0 0 0 0 0 0 0 0 0 0 0 0 15 0 86 0 0 78 52 0 18 0 55 0 37 0 0 0 0 0 0 0 30 0 61 0 0 30 0 0 0 0 0 0 43 0 0 0 0 0 0 0 72 0 26 85 5 0 0 0 26 0 0 47 9 54 0 63 0 0 0 0 0 0 0 0 0 0 0 0 0 4
0 0 0 0 0 0 0 0 0 0 0 0 94 0 0 12 0 0 0 0 99 0 0 0 0 0 0 0 17 0 0 0 0 61 100 0 16 0 0 0 0 0 0 47 0 84 0 0 0 33 0 0 0 23 44 0 0 0 0 0 0 0 0 0 0 0 0 0 0 0 28 0 0 0 0 0 0 0 0 0 0 0 0 0 82 0 52 0 73 94 0 0 0 0 52 38 100 0 0 0
0 0 50 35 0 0 34 0 0 13 0 0 0 46 0 9 0 0 67 0 0 30 0 0 0 0 0 0 0 39 0 0 0 0 0 51 0 0 0 0 0 48 0 0 81 0 100 76 0 0 0 0 10 0 0 0 0 0 0 0 0 0 0 0 75 0 51 0 87 0 0 33 52 0 0 22 0 0 0 0 0 0 0 40 33 40 0 0 0 85 0 0 0 99 68 21 0 0 0 68
0 0 0 0 0 10 0 0 0 0 0 0 0 0 0 0 0 0 0 0 0 0 0 0 0 89 0 0 95 0 0 88 0 55 0 0 0 0 0 0 54 0 1 0 0 0 0 0 64 0 0 0 42 0 90 59 0 0 0 0 0 0 0 0 0 0 0 0 0 0 0 0 0 0 0 94 14 0 0 0 67 0 29 0 0 0 0 0 0 0 0 0 0 0 0 0 0 0 0 0
0 0 0 0 0 0 0 0 0 0 0 0 0 65 0 0 0 6 0 10 0 0 0 87 0 0 27 0 0 0 0 0 0 0 0 0 0 0 0 0 0 0 0 41 8 0 0 0 50 0 0 61 0 0 99 0 0 31 0 0 0 0 39 86 58 28 0 0 0 0 0 0 0 0 0 0 0 0 0 0 0 0 0 0 0 0 0 0 0 69 0 0 0 0 0 0 0 0 31 15
0 0 0 79 0 0 0 0 0 0 52 92 0 0 0 0 82 39 0 16 28 0 71 0 0 40 0 0 0 0 0 0 0 16 0 0 0 0 46 0 0 0 30 0 1 0 0 0 30 38 2 0 0 0 0 0 5 0 0 0 0 0 0 77 42 0 0 0 0 77 0 0 0 0 0 0 0 64 0 0 0 0 66 0 0 0 49 0 54 0 0 72 0 0 0 86 0 0 0 80
0 0 0 0 0 0 0 0 0 0 1 0 0 67 72 0 95 94 29 0 0 0 0 0 0 0 0 0 0 0 0 42 52 0 0 0 0 0 0 3 14 0 0 0 0 6 0 0 1 0 0 0 5 73 5 0 0 0 0 82 0 0 27 0 78 18 0 0 51 0 0 0 0 0 0 0 47 0 0 0 48 0 0 0 0 0 32 16 0 0 64 71 0 6 70 88 0 0 0 5
0 0 0 0 0 0 0 0 0 12 66 32 0 0 0 39 0 61 0 0 0 26 0 72 0 0 0 0 0 0 0 0 0 0 32 0 0 0 0 0 0 0 0 0 10 0 75 0 0 0 0 0 0 0 0 0 0 0 0 0 0 41 78 0 0 0 0 94 0 0 0 0 0 0 0 0 65 44 27 0 0 8 0 0 0 0 0 0 0 0 57 52 30 0 0 0 0 0 0 0
0 0 54 0 40 73 0 88 0 0 0 0 0 43 0 0 0 0 57 0 12 0 0 0 0 0 0 0 47 0 0 0 0 0 0 22 51 0 0 47 0 0 0 0 0 0 0 0 0 0 0 0 0 0 0 0 0 54 0 0 0 0 0 0 27 0 0 0 0 0 0 0 0 0 0 0 0 0 0 58 0 0 0 99 2 0 0 52 0 0 0 0 0 0 74 32 0 0 58 0
0 0 0 0 0 0 52 11 0 0 0 0 63 66 36 0 0 0 8 0 0 0 95 69 0 0 53 0 0 44 0 0 44 32 0 0 0 0 0 0 0 0 0 0 0 0 0 0 0 0 0 17 0 0 84 5 0 60 0 0 0 0 0 0 0 0 0 0 0 0 0 0 0 49 0 0 0 0 0 0 0 0 0 0 0 0 0 0 0 0 0 0 0 45 0 0 0 0 0 0
0 8 0 0 0 0 0 0 44 98 93 0 18 0 0 0 0 0 0 0 22 0 0 12 76 0 0 0 0 0 0 99 0 0 0 0 0 46 0 0 0 0 79 0 0 0 76 0 0 51 38 0 0 31 39 0 36 69 0 0 0 0 0 88 0 0 0 0 0 1 71 0 0 0 0 0 0 0 0 19 0 0 0 0 0 0 0 0 48 0 0 95 33 0 0 36 0 0 6 0
24 0 0 81 0 0 74 73 0 0 0 7 0 0 93 73 84 99 77 0 0 0 0 0 100 0 0 0 0 0 0 0 0 0 0 0 0 47 0 0 0 0 0 69 0 0 0 0 0 84 50 8 0 0 0 0 20 1 85 0 0 0 0 0 0 0 0 0 8 0 0 0 0 0 12 0 11 0 0 0 0 0 0 0 0 47 44 47 91 0 68 0 0 0 20 10 0 0 0 0
0 0 0 0 0 0 0 38 75 0 0 0 66 0 0 0 0 0 0 77 0 89 0 0 0 0 0 0 0 50 0 4 0 0 0 0 0 0 0 47 0 0 0 47 16 0 0 61 0 9 89 0 0 0 0 0 49 0 0 0 0 67 0 0 0 0 0 0 0 0 67 0 96 0 0 0 0 0 0 0 0 0 0 0 0 0 0 43 0 0 0 0 0 0 0 0 0 63 0 0
0 0 78 0 0 67 83 0 0 0 29 0 0 0 0 0 0 0 0 0 0 0 0 46 0 0 0 0 0 0 0 0 0 0 79 73 35 0 0 81 0 42 9 60 0 0 0 0 0 0 54 30 43 0 0 0 0 0 66 53 0 0 30 0 0 0 0 0 0 30 70 0 0 0 0 73 0 0 0 0 0 11 9 0 0 0 0 0 0 0 67 77 0 2 0 0 0 0 0 0
0 3 0 0 46 0 9 0 0 0 0 0 0 0 0 32 0 83 0 12 21 38 0 91 0 3 0 0 0 0 0 0 0 4 0 0 76 0 0 52 0 0 12 0 0 0 39 0 0 0 0 0 0 0 31 78 63 0 0 0 0 73 0 0 0 0 0 0 0 12 0 0 20 99 0 82 87 0 0 0 0 0 0 0 0 0 0 0 0 0 0 82 0 0 68 82 0 0 65 0
0 0 23 0 0 0 56 0 0 0 93 0 0 0 0 0 59 0 0 62 0 0 0 94 0 0 0 0 68 31 0 0 0 0 0 35 6 78 0 0 55 57 0 0 0 0 0 0 0 0 0 15 9 0 0 0 24 0 39 0 0 6 0 0 0 0 76 0 0 0 0 0 0 0 0 0 0 0 77 0 0 0 0 0 0 0 0 0 0 20 0 0 55 0 79 15 44 0 0 59
0 36 0 86 0 0 0 0 0 13 0 0 0 0 0 0 0 85 63 0 0 0 0 13 72 67 0 0 0 0 0 20 0 0 7 0 0 0 0 74 43 0 0 0 0 0 0 0 98 0 85 0 0 0 0 0 0 0 0 0 48 0 42 0 0 0 0 0 0 36 33 0 8 0 52 65 0 0 0 64 0 68 0 0 0 0 49 0 0 0 0 0 0 0 0 0 65 0 0 0
0 0 9 0 72 0 0 5 47 0 67 42 0 0 55 0 0 0 12 0 0 0 44 89 0 0 0 0 23 0 0 0 0 0 0 0 0 0 0 58 0 0 0 0 61 0 0 0 0 0 15 0 0 44 0 0 0 0 0 0 0 0 43 0 0 0 0 0 0 0 60 0 0 0 0 0 0 9 0 22 0 0 48 98 0 25 0 0 0 34 0 73 10 0 33 97 66 18 0 0
0 0 0 16 0 0 0 0 0 22 0 0 0 89 81 51 99 0 0 0 0 0 98 68 0 0 0 20 0 0 0 90 0 0 0 0 0 48 0 90 78 0 0 0 0 0 0 0 49 84 0 71 35 0 0 0 95 73 0 0 44 0 0 0 47 0 36 19 0 0 0 0 0 0 58 0 0 0 0 0 46 0 0 0 18 0 94 27 0 0 10 0 0 0 0 0 0 73 0 0
0 0 64 37 0 0 0 39 0 0 0 0 92 0 1 0 0 0 0 70 70 66 0 0 11 84 0 3 12 0 0 0 79 0 0 0 0 0 0 0 0 0 77 0 0 0 0 58 95 0 0 77 0 0 97 0 0 0 0 90 0 0 0 0 41 0 0 0 0 92 0 0 0 0 26 54 0 0 2 0 0 0 26 0 0 0 0 30 0 5 0 0 0 99 0 0 0 0 0 0
0 29 0 0 0 0 0 18 0 0 0 0 0 0 0 0 53 0 50 0 0 0 0 0 0 26 0 0 0 0 19 61 0 46 0 0 77 95 0 0 0 0 0 0 0 0 81 0 24 32 69 69 0 0 0 0 0 0 0 0 0 68 47 0 59 87 0 97 52 0 0 0 0 0 0 22 0 0 0 0 0 0 0 0 0 0 0 0 0 0 0 0 0 0 84 54 0 0 0 0
34 0 0 0 25 0 0 0 41 0 0 27 0 54 64 0 0 36 0 0 78 0 0 44 0 92 0 0 0 49 94 8 0 5 0 0 16 0 0 0 0 0 15 97 59 0 0 0 0 9 0 0 53 0 4 0 0 0 0 4 0 0 7 42 0 0 0 0 0 0 0 0 0 0 0 0 0 20 59 0 0 0 0 54 0 32 33 0 0 7 0 79 1 0 0 69 99 0 0 50
0 73 0 2 0 0 0 46 18 0 5 47 0 0 0 80 0 0 0 0 0 0 0 0 0 75 0 0 0 0 97 0 41 60 20 0 0 72 0 0 93 0 49 100 0 67 0 0 58 0 0 0 0 36 4 0 0 0 72 0 0 0 0 0 0 0 0 0 5 89 0 0 0 62 34 0 13 70 0 0 0 0 0 0 0 0 0 0 0 0 0 7 0 0 1 35 0 0 26 0
65 99 0 0 0 64 28 0 0 0 0 90 0 13 0 76 52 0 76 0 0 0 63 0 0 0 0 0 0 0 0 34 0 0 55 0 80 0 89 0 70 0 0 0 0 0 17 0 0 0 0 0 0 45 14 65 28 54 0 4 0 51 0 0 0 0 0 0 0 0 0 0 52 0 43 0 0 0 91 0 0 28 0 0 0 0 0 0 0 17 0 0 0 20 28 18 0 84 0 10
0 70 0 61 40 0 0 0 0 0 0 0 0 19 0 63 0 0 0 0 0 0 93 0 0 0 0 0 0 0 0 0 0 0 0 0 0 0 0 0 42 0 39 68 0 0 0 0 0 0 0 0 0 0 0 50 5 0 0 0 0 0 0 0 43 0 48 39 0 75 0 0 0 0 0 0 0 18 0 0 0 0 0 0 0 0 34 0 0 0 0 0 0 0 0 0 0 0 25 0
19 66 0 0 5 0 0 0 0 0 0 0 0 0 40 42 0 0 0 0 0 0 0 0 0 0 4 0 0 0 0 0 0 0 0 24 0 0 0 0 0 0 56 0 0 100 44 10 84 0 82 59 0 0 0 0 0 0 0 0 0 0 0 0 0 0 100 0 0 0 0 0 0 0 0 0 0 0 0 26 1 29 38 0 0 0 0 0 0 0 0 0 0 23 33 0 0 0 0 0
0 0 0 0 0 0 63 0 0 21 0 44 0 0 0 0 0 0 0 99 89 0 0 0 0 0 0 73 0 0 0 0 73 0 0 0 0 95 0 0 0 76 0 94 0 0 0 0 0 75 0 0 21 0 0 0 0 0 0 0 0 0 79 0 0 0 0 0 0 0 0 0 0 69 0 39 0 37 0 0 0 0 0 0 0 0 19 0 53 0 40 0 0 0 0 0 0 0 44 0
21 61 0 0 0 0 0 0 0 30 0 0 0 93 73 81 0 0 0 0 0 87 0 98 0 0 0 0 0 0 30 75 0 0 0 0 0 0 0 3 0 0 0 0 0 0 0 0 0 0 73 3 0 0 0 0 0 0 25 0 0 0 0 0 87 0 54 0 20 0 0 0 58 0 0 0 0 6 0 25 0 0 44 0 89 91 0 0 54 84 0 0 0 0 0 0 0 44 32 68
0 44 0 0 0 0 0 92 0 0 45 0 0 14 85 0 0 0 0 78 49 59 0 13 50 0 0 0 0 0 59 92 0 0 0 12 0 0 81 0 0 0 0 0 0 100 0 0 0 93 0 0 0 0 0 0 0 0 0 0 0 0 0 0 96 0 0 0 0 0 0 0 0 0 0 0 0 0 19 0 0 0 0 0 85 0 1 0 0 0 96 0 0 0 25 0 36 39 0 0
0 22 0 35 74 0 59 0 67 0 0 0 0 0 0 30 0 22 0 0 92 0 0 0 0 0 0 0 0 0 89 52 0 0 47 54 66 0 73 0 0 0 0 0 0 0 63 0 22 0 0 0 0 0 0 0 9 0 0 0 24 0 0 32 63 0 0 0 23 0 21 0 0 0 0 0 81 48 0 0 0 0 0 51 68 0 0 0 5 0 0 0 44 0 0 0 0 22 0 0
0 42 69 0 0 36 0 0 0 54 0 83 0 0 12 0 0 0 0 0 0 49 0 0 0 0 44 0 29 0 0 6 0 0 0 0 0 0 0 16 0 0 0 15 0 77 0 0 0 0 29 36 0 82 0 0 0 0 34 0 0 0 0 0 27 0 0 14 0 0 0 0 0 0 0 42 0 0 0 0 0 0 55 0 0 0 0 34 0 99 21 0 0 0 0 21 0 0 0 0
41 0 0 0 0 0 0 0 78 0 97 0 0 0 0 0 34 51 0 0 0 0 0 16 0 0 0 0 0 0 0 31 23 0 0 24 0 0 0 0 0 0 0 98 0 0 0 14 0 54 0 33 0 0 0 0 0 83 0 25 0 0 3 0 0 0 86 0 0 0 21 0 0 0 0 9 0 0 0 0 0 0 75 64 0 17 0 0 0 0 0 0 0 46 0 0 0 79 0 51
0 0 0 0 0 0 0 0 0 0 53 0 0 0 0 0 0 0 90 0 0 0 0 0 0 0 0 0 0 33 0 0 5 0 0 0 0 0 0 62 0 0 0 0 0 92 0 0 0 0 9 57 20 0 85 0 53 0 0 8 0 65 0 0 0 0 0 0 0 0 0 0 0 0 76 0 0 0 25 0 93 0 0 0 0 91 50 0 0 0 63 0 0 0 47 0 0 0 49 0
0 0 0 44 0 52 0 0 0 0 42 64 42 0 0 0 0 0 0 0 0 0 32 0 53 0 0 0 0 0 0 0 0 0 0 67 0 0 25 0 32 0 0 0 0 0 0 0 0 62 0 0 0 0 0 0 0 37 0 0 0 0 0 0 65 0 0 16 0 89 0 79 0 0 10 0 89 0 0 0 0 0 0 91 0 0 0 0 0 0 0 0 65 0 0 19 0 17 0 0
0 0 40 89 0 0 9 0 53 17 0 0 0 0 71 0 0 65 0 6 31 0 75 0 33 0 0 0 34 0 0 0 78 0 0 73 11 0 98 0 97 0 25 0 0 29 11 0 33 0 0 0 0 0 0 0 0 0 0 0 0 0 65 92 0 0 0 0 0 0 60 78 17 0 22 0 53 0 0 0 0 0 46 0 98 0 0 0 0 0 0 66 0 0 23 33 0 75 0 68
54 0 0 72 58 0 0 0 0 0 0 0 0 0 10 0 0 54 0 0 0 68 0 0 96 0 0 0 0 0 0 0 0 0 0 0 0 0 0 0 20 0 0 44 0 0 0 0 0 0 0 22 0 0 0 0 0 0 0 66 0 38 0 0 42 97 0 0 0 0 43 0 0 0 51 73 0 0 0 12 0 33 0 85 0 11 0 0 41 35 0 0 0 0 0 28 34 92 0 0
0 0 0 0 99 0 0 0 0 8 0 0 0 0 0 0 91 16 95 0 0 27 0 0 1 0 0 0 0 95 0 0 51 74 0 72 31 25 0 41 11 0 0 0 0 0 0 0 0 29 0 0 0 0 0 0 48 0 0 68 85 0 0 0 84 15 0 0 15 47 19 0 42 0 0 63 0 0 0 0 0 0 0 0 0 0 0 0 0 0 0 0 0 0 0 0 37 0 0 0
87 0 0 0 0 0 0 0 0 82 0 0 0 0 13 0 0 0 0 0 0 0 14 65 0 0 0 97 0 0 0 0 0 0 0 65 0 52 0 0 0 0 17 0 0 43 0 54 30 0 0 20 0 0 0 0 0 6 0 74 5 0 71 0 0 0 0 0 0 0 93 54 0 0 38 0 30 73 0 63 0 0 0 90 0 0 0 49 0 0 0 0 3 72 0 0 34 0 0 0
0 0 0 0 78 0 0 0 0 0 0 92 0 0 0 0 0 2 0 24 88 0 0 40 0 0 0 40 0 0 0 0 0 0 0 0 0 0 0 52 0 88 0 0 0 0 0 0 0 0 30 0 0 0 0 73 0 96 0 0 0 0 5 0 61 0 0 0 0 0 62 26 0 0 18 0 0 0 0 0 0 0 0 27 0 0 0 0 0 0 0 0 49 0 0 0 0 0 0 84
0 66 36 96 50 0 0 0 74 0 0 0 0 0 0 0 0 0 0 0 63 0 0 0 37 0 99 0 0 67 0 0 0 0 0 11 0 0 0 0 0 0 0 0 0 34 0 0 0 92 0 10 0 0 0 0 0 0 0 0 0 36 55 0 0 0 39 0 0 0 0 0 0 0 30 0 78 29 0 0 0 0 50 0 0 0 81 0 38 65 0 54 0 0 0 0 0 0 0 0
0 0 61 0 0 0 32 0 0 0 23 0 5 48 0 0 14 81 0 17 0 0 99 0 0 0 93 0 0 0 22 0 42 0 0 0 0 40 0 1 0 76 0 0 0 0 90 0 0 0 0 0 0 0 0 0 0 0 0 0 27 22 18 99 0 0 0 15 0 0 0 0 0 0 23 0 0 0 0 0 0 0 0 63 0 0 0 0 39 19 0 0 0 0 0 0 0 0 0 90
50 55 0 0 17 0 91 0 0 0 0 0 0 0 0 0 0 0 0 0 0 0 0 47 0 0 0 79 0 0 0 5 0 95 0 92 10 0 97 0 13 0 0 0 0 48 41 0 0 0 22 0 0 60 0 0 0 0 0 0 0 0 0 0 0 74 0 36 0 0 0 0 58 0 68 0 0 0 0 0 96 0 0 0 0 0 0 0 0 0 0 0 15 39 4 0 0 87 83 98
3 0 47 0 0 0 0 0 0 0 0 0 0 0 91 0 0 45 20 0 100 6 0 0 65 0 0 51 33 0 0 62 40 0 0 0 0 0 0 0 0 0 33 31 0 0 0 0 0 0 19 0 0 32 0 0 0 0 0 0 95 0 0 0 0 0 87 99 0 0 53 18 45 0 0 0 0 71 85 0 0 0 76 0 0 0 70 0 0 0 72 0 0 0 0 86 99 0 0 0
0 0 79 0 0 0 0 0 93 0 0 0 0 0 0 37 63 0 0 0 0 0 65 0 0 0 0 0 0 79 0 0 0 18 0 0 18 46 0 0 0 6 0 0 47 2 0 0 0 0 4 45 61 72 41 0 57 0 97 91 0 0 68 0 0 0 0 0 0 0 0 0 0 0 0 0 0 87 0 34 0 0 0 0 0 2 0 0 0 0 0 0 0 0 99 0 0 32 85 0
0 26 41 0 0 0 0 46 0 0 87 0 85 0 0 0 0 0 0 0 0 0 52 0 0 42 0 11 0 97 0 0 0 0 0 69 0 0 46 0 0 67 0 28 0 69 32 89 0 0 0 0 0 0 0 0 0 0 0 0 77 0 54 0 0 0 0 0 0 0 91 0 0 0 0 0 82 0 0 96 23 0 0 0 0 0 79 0 0 0 0 0 0 0 0 0 92 0 0 0
0 66 0 0 88 0 0 0 0 0 0 0 0 0 0 69 0 0 0 0 0 0 0 0 0 0 0 0 0 71 0 56 0 0 0 0 0 0 86 33 26 0 0 0 0 0 0 0 0 0 0 0 0 0 85 31 0 0 0 0 0 82 0 0 0 0 0 0 0 0 0 0 0 0 0 0 0 0 0 0 0 89 77 0 0 0 0 0 0 0 0 0 0 0 0 8 0 0 0 0
0 0 36 0 0 0 0 88 0 0 0 0 0 0 68 0 0 0 63 0 60 0 0 0 0 17 0 0 54 0 0 0 0 0 95 0 0 0 0 4 0 0 0 0 39 0 0 0 0 0 0 0 0 0 0 0 0 0 0 20 0 86 0 60 24 0 0 0 0 0 40 0 20 0 0 0 77 0 96 0 10 0 55 0 5 0 0 16 24 0 0 10 0 0 0 45 61 0 25 0
0 41 0 0 0 0 0 12 57 0 0 0 0 0 0 0 46 0 0 0 0 0 0 60 98 0 0 0 0 0 0 0 0 0 91 0 0 0 0 0 0 0 0 46 0 17 45 0 50 0 0 0 0 0 0 0 55 86 0 0 0 0 37 0 0 0 0 26 0 48 0 28 0 0 86 0 0 0 0 0 0 0 0 58 0 0 0 0 0 0 0 0 39 0 0 54 0 0 0 0
0 30 9 0 0 0 80 0 0 0 0 0 0 65 0 0 0 69 82 0 0 0 80 0 37 44 0 0 0 0 10 0 14 0 71 0 0 0 3 71 0 0 0 0 0 0 0 0 0 44 0 0 0 0 0 0 0 0 0 71 17 0 0 0 0 0 0 82 49 0 0 48 0 0 0 0 0 67 0 51 0 0 0 0 0 94 48 0 0 100 45 0 0 0 0 0 0 0 0 0
0 69 0 0 0 0 64 73 0 74 0 66 80 22 51 74 0 0 0 0 0 88 0 0 0 0 79 79 0 64 68 0 99 0 0 0 0 0 82 0 4 0 0 0 0 0 16 5 80 45 75 0 0 3 0 75 0 0 0 0 40 85 0 0 0 0 0 0 0 0 0 0 0 0 76 19 0 0 0 0 67 0 0 7 0 41 96 0 0 0 0 0 0 0 0 0 0 0 1 0
0 0 0 0 0 0 48 0 0 0 0 2 0 0 0 57 0 0 81 0 0 0 26 0 0 0 0 0 50 0 0 0 0 0 0 0 0 0 0 0 0 0 0 0 0 0 0 0 0 0 0 0 55 24 0 42 64 0 0 0 0 46 0 0 5 0 0 0 5 0 0 0 0 0 0 0 0 89 47 0 0 0 95 0 0 0 0 0 0 0 0 0 37 0 0 0 0 0 0 0
0 17 0 0 0 0 0 45 12 0 0 0 0 0 0 22 0 0 0 0 0 0 0 0 0 0 22 0 15 36 0 0 0 0 0 0 97 0 49 27 0 0 0 0 100 0 0 0 0 0 0 0 77 0 56 0 0 0 0 43 99 0 0 0 0 0 0 0 55 0 0 0 0 0 0 0 94 0 0 0 0 0 54 0 0 62 0 39 0 36 0 0 0 0 62 0 0 0 0 0
0 90 87 0 0 0 0 24 0 0 81 0 0 0 0 40 0 0 0 0 0 0 0 27 86 0 0 0 0 91 94 0 0 0 91 0 0 0 0 0 0 46 0 0 39 0 0 0 0 0 0 7 0 0 0 0 0 0 0 0 0 0 0 0 25 0 43 0 0 0 0 0 0 0 77 0 0 74 0 0 2 0 0 0 0 0 82 0 0 0 0 0 58 0 0 0 0 0 0 87
0 0 0 0 51 0 0 0 0 0 0 0 0 0 0 0 2 0 0 7 0 0 51 0 14 0 77 33 90 0 89 0 4 55 47 68 0 0 0 0 0 0 0 0 0 0 14 0 0 33 24 96 0 52 0 78 0 0 0 0 73 0 0 98 0 46 0 0 0 0 0 0 0 0 0 0 0 0 0 22 33 0 0 0 0 39 78 40 0 0 0 0 0 0 0 0 0 46 0 0
59 0 0 0 0 0 0 0 0 0 0 0 0 0 74 0 0 0 0 88 0 0 0 0 0 0 0 0 67 0 0 0 0 0 0 60 0 0 0 0 0 0 0 0 0 0 0 0 0 0 0 42 0 0 0 0 53 0 0 0 60 40 53 50 0 0 85 81 68 98 35 0 0 55 0 0 0 0 0 0 73 0 0 0 0 73 0 0 0 0 0 0 0 0 0 73 58 0 0 0
0 0 0 83 0 0 0 88 0 0 0 0 0 20 20 0 32 0 43 0 0 0 0 0 0 0 0 0 0 0 0 95 0 0 44 0 0 0 32 0 0 6 0 0 74 96 0 0 0 0 9 0 3 0 10 0 0 0 0 0 59 2 0 10 32 0 0 0 0 45 0 39 0 58 0 0 0 42 0 0 0 30 0 0 0 0 0 9 0 0 97 0 0 0 0 83 0 23 32 23
0 0 0 0 16 0 58 0 0 0 42 0 0 0 0 0 0 0 11 0 52 0 0 0 0 0 0 67 0 0 0 0 43 0 0 0 86 0 0 0 0 94 0 8 0 0 0 0 0 0 0 0 0 0 0 21 0 0 0 0 0 0 0 0 53 47 0 0 0 90 0 0 0 0 0 0 0 91 0 0 0 45 0 0 0 0 0 74 0 0 0 0 0 0 0 0 48 0 5 74
0 23 4 0 0 0 0 0 42 0 0 63 0 0 0 26 0 0 0 0 0 0 0 0 0 0 0 18 0 0 0 33 0 0 0 0 0 0 56 0 0 0 69 0 0 30 8 0 82 0 0 0 0 22 16 0 0 0 0 50 31 0 0 90 0 57 0 64 0 0 0 78 68 0 0 0 0 0 0 44 0 0 0 0 31 0 0 0 0 54 0 0 0 0 0 18 0 0 0 0
0 0 79 0 0 0 0 0 0 0 0 0 0 40 2 0 0 0 0 0 0 0 0 0 9 0 0 0 24 0 0 0 99 0 0 0 0 0 0 0 0 0 19 33 0 0 0 0 0 40 0 0 0 0 20 60 58 24 62 70 0 0 98 23 0 0 0 0 0 0 0 0 0 0 0 0 0 0 0 94 0 0 0 0 0 0 0 0 0 0 48 0 0 0 0 0 0 0 0 19
0 60 0 0 0 0 0 0 0 0 0 0 0 0 0 0 0 0 35 1 48 0 0 0 0 94 0 28 0 0 0 16 0 0 0 100 0 0 0 0 0 0 0 100 21 0 0 0 0 0 0 0 2 85 0 40 0 0 40 0 0 51 0 58 0 0 83 0 0 0 93 0 0 2 44 47 0 0 0 73 0 0 56 0 0 0 0 0 0 91 0 0 0 86 19 0 9 70 15 42
56 52 0 0 0 0 0 0 64 0 0 0 0 0 0 76 0 0 0 0 80 66 1 100 24 0 72 0 0 0 0 0 0 0 0 0 0 0 0 0 0 0 0 0 0 0 41 0 0 71 0 0 0 0 0 0 0 0 0 65 0 0 40 0 0 0 0 58 0 0 68 0 0 42 0 11 0 0 0 0 0 0 0 0 0 57 0 40 25 0 0 0 0 0 0 0 0 0 0 0
2 0 0 0 40 0 0 18 0 45 53 0 0 0 0 0 0 0 57 0 18 0 0 0 0 0 0 80 0 0 0 0 0 0 0 25 0 28 0 0 0 0 0 0 0 0 0 0 81 0 0 0 0 0 0 0 0 80 4 6 11 58 0 0 0 0 0 0 0 43 0 0 0 0 0 0 21 62 0 0 0 15 75 0 0 0 0 0 0 0 90 45 89 65 32 0 0 38 59 0
70 65 0 36 0 0 63 0 0 0 0 0 0 0 0 0 0 36 5 10 0 0 96 0 42 0 0 0 0 0 0 0 9 23 0 11 1 83 0 0 14 0 0 0 59 0 0 0 0 0 59 70 0 81 0 87 0 54 82 0 0 9 0 0 0 7 46 88 0 0 0 0 0 29 0 0 89 0 0 0 0 87 0 0 0 0 0 56 0 0 0 0 0 0 0 0 0 0 0 0
0 0 44 0 88 54 0 33 0 0 0 0 0 0 0 41 0 0 14 0 0 0 0 0 0 0 0 0 0 0 0 0 0 37 0 0 0 0 0 0 0 0 0 31 0 39 0 0 52 0 0 50 0 92 0 0 0 15 0 0 0 0 0 66 59 0 85 0 0 0 4 0 0 0 0 0 0 0 0 0 65 4 100 0 28 0 0 0 0 0 0 81 0 0 0 70 13 0 0 0
0 0 0 0 0 0 0 0 95 0 0 0 0 0 0 0 0 96 40 0 0 0 97 0 0 0 0 15 17 0 0 0 0 0 88 0 0 0 0 36 0 0 0 0 30 0 0 80 0 0 0 0 0 0 0 44 97 0 0 0 17 93 0 0 0 0 0 0 0 0 0 0 0 5 0 76 0 0 0 0 0 15 0 0 0 0 56 0 0 0 0 0 66 0 0 74 0 0 0 0
0 14 0 65 0 0 0 0 22 0 0 0 0 0 0 0 95 0 0 0 26 0 0 0 0 39 29 65 88 25 0 7 0 0 0 0 0 0 0 0 0 0 0 0 0 0 74 71 0 0 0 57 69 0 0 89 0 0 0 64 0 58 0 0 0 31 0 0 0 0 41 0 93 0 0 85 0 0 49 0 0 0 27 48 0 0 0 92 0 55 40 0 0 0 78 37 0 0 0 0
0 0 0 56 0 0 0 0 0 37 0 98 0 0 0 0 10 0 0 13 0 0 0 0 0 82 0 0 0 30 19 0 0 0 0 60 0 0 0 0 44 0 0 55 0 60 0 0 0 0 0 0 0 0 0 0 0 0 59 0 0 0 0 8 13 0 0 0 0 0 0 0 0 0 16 0 0 0 0 16 0 0 14 0 0 0 0 57 0 10 0 0 0 0 0 0 89 0 0 0
0 0 0 0 0 17 0 22 0 0 0 59 0 0 85 0 0 0 0 49 0 8 0 0 0 0 0 0 85 0 93 0 0 0 0 26 67 0 0 0 0 0 90 0 38 0 39 0 0 0 0 90 0 0 21 96 0 0 0 0 0 17 26 0 16 0 0 0 0 0 0 0 0 0 0 92 67 0 0 0 75 59 0 0 48 0 99 0 35 0 0 0 63 0 0 0 0 0 57 0
0 0 0 0 66 0 0 0 0 0 0 0 0 0 0 0 0 0 41 0 41 0 0 84 21 2 0 0 0 96 0 99 0 0 0 0 0 0 0 0 0 0 0 0 0 0 0 0 0 6 0 0 0 0 0 0 0 0 0 74 67 0 0 0 0 0 0 0 0 0 0 0 0 0 0 0 0 0 46 61 25 66 0 64 89 0 0 0 0 98 0 0 0 25 0 0 0 0 39 22
0 80 0 0 66 0 0 0 0 0 34 0 0 34 0 0 0 0 0 0 0 38 0 0 53 0 0 0 77 0 0 0 0 0 0 0 0 0 0 0 0 0 39 0 0 0 0 0 0 0 0 0 0 0 0 0 0 0 0 0 75 0 0 0 0 31 76 38 43 0 0 0 2 0 69 0 0 0 0 0 0 0 0 0 96 0 23 0 78 32 0 0 0 65 0 0 0 99 0 0
0 65 0 16 0 6 0 22 0 0 0 0 0 0 8 0 0 0 44 62 0 0 0 0 0 0 0 62 0 0 0 0 0 19 0 0 0 0 0 0 85 63 0 0 0 0 0 0 37 0 0 0 0 67 0 0 0 0 0 0 0 41 13 0 0 23 0 0 0 0 20 0 0 0 0 0 0 0 54 65 0 0 0 0 0 0 0 0 0 0 0 0 0 0 0 0 0 0 0 0
0 11 0 0 26 0 0 0 0 0 0 40 0 41 0 0 0 0 0 0 93 0 0 0 0 0 4 0 0 0 0 41 56 66 69 0 0 0 0 29 0 99 74 0 0 0 0 0 0 0 0 0 0 0 32 0 0 83 57 0 0 0 0 50 0 0 0 0 24 18 0 0 0 42 0 2 0 0 0 0 0 28 0 95 0 39 54 0 0 0 0 0 27 0 70 0 0 0 0 0
0 0 29 0 0 0 0 0 99 0 0 3 6 53 0 0 65 29 0 0 16 0 0 0 32 0 0 0 0 92 75 0 0 18 81 0 0 0 0 0 56 0 0 0 0 25 0 0 41 0 54 0 0 0 0 30 0 0 0 0 0 0 0 0 59 25 30 0 0 0 0 0 11 0 0 0 49 91 0 0 0 74 0 0 72 0 0 61 28 0 0 0 0 0 0 16 0 0 0 0
0 0 0 0 0 0 36 0 0 0 48 53 0 45 0 0 0 68 0 5 0 100 0 50 0 88 0 0 36 0 0 43 0 0 0 0 0 0 0 0 0 0 0 0 91 0 0 0 0 92 0 0 0 0 0 0 21 0 0 0 0 0 0 0 0 0 0 0 0 0 0 0 0 19 0 0 0 6 0 0 0 0 0 73 0 0 0 0 100 0 0 0 0 33 0 0 31 0 36 0
0 0 0 0 0 75 0 70 24 0 0 0 0 81 0 0 0 98 100 0 0 17 0 0 0 18 0 42 0 0 0 36 7 0 6 0 57 0 0 0 0 0 0 0 0 57 0 0 0 0 0 0 23 58 0 0 0 0 0 0 0 0 0 0 0 0 0 0 69 16 0 61 0 80 0 0 59 0 0 0 4 0 0 0 0 0 68 0 8 0 35 0 0 0 0 0 0 0 11 0
0 0 12 0 0 0 0 0 0 0 97 0 0 0 0 0 0 0 0 0 0 0 0 0 12 0 0 0 0 0 84 0 0 0 45 69 0 0 0 0 40 81 0 0 27 0 0 0 29 53 48 0 45 0 0 12 0 3 0 0 17 0 0 16 0 0 0 0 0 0 97 0 0 0 0 0 71 0 0 0 0 0 0 0 9 0 0 0 0 0 5 0 0 32 0 0 0 0 0 0
0 0 11 0 0 0 0 42 0 0 0 0 0 0 0 0 0 0 0 0 0 0 0 57 0 0 0 0 0 0 4 0 0 0 0 0 79 100 79 0 0 0 16 0 0 93 44 0 5 0 0 34 86 0 0 0 0 0 0 0 46 0 0 35 68 0 18 0 0 0 55 0 38 0 0 0 0 0 0 0 83 0 0 0 33 0 0 34 50 91 0 0 0 45 0 0 0 0 55 0
0 0 0 74 0 0 7 0 0 0 0 0 0 0 96 0 33 0 1 0 0 0 83 0 0 0 0 0 0 48 0 0 0 29 0 0 0 0 0 0 0 0 0 63 0 0 5 0 0 0 84 0 0 70 85 77 0 0 0 0 0 0 10 0 21 0 75 0 0 43 0 0 0 0 0 45 90 0 0 0 0 0 89 0 0 0 0 100 0 0 0 0 0 0 0 0 0 0 0 0
81 0 84 73 0 0 0 0 0 85 0 0 56 0 89 63 0 0 63 0 0 41 0 0 58 0 0 0 0 0 0 0 0 65 0 90 0 0 77 0 0 0 0 0 0 0 81 36 0 0 0 0 0 0 0 0 15 18 0 50 0 0 12 0 0 0 0 23 0 53 0 84 0 71 82 0 0 0 29 0 0 0 84 0 0 61 30 0 64 0 0 0 0 1 0 0 0 0 88 77
0 40 0 0 0 35 33 0 43 0 0 86 6 57 0 68 38 0 0 0 37 0 0 0 71 0 0 0 0 0 0 56 0 98 0 0 0 68 52 0 0 0 0 0 0 0 0 36 0 0 0 37 0 0 66 0 0 0 46 76 56 0 0 0 0 0 0 0 0 0 0 0 0 0 0 0 0 0 78 0 0 4 0 0 0 0 0 0 0 0 0 24 0 0 60 62 26 0 0 15
0 0 42 3 0 64 0 4 21 0 0 5 0 0 0 2 51 0 0 0 0 0 0 0 0 0 0 0 0 0 0 0 56 12 0 0 0 0 0 0 30 35 0 0 0 0 0 0 0 79 0 0 0 53 0 0 37 0 0 93 0 0 86 0 0 0 0 0 0 0 0 0 0 52 0 0 0 0 0 50 0 0 0 30 0 0 0 0 86 61 0 0 0 0 0 0 0 14 90 0
46 0 0 57 0 0 0 0 0 0 28 0 11 5 0 56 0 0 0 0 0 79 28 0 0 0 0 0 0 0 0 0 0 0 0 0 0 0 0 0 0 0 0 0 0 0 0 72 0 0 0 47 0 0 0 0 0 0 38 64 0 0 0 83 50 0 0 0 0 0 4 0 0 0 0 30 47 0 3 0 0 0 17 0 0 0 0 13 84 0 87 0 0 0 47 0 0 50 0 0
0 97 0 0 0 0 0 0 96 0 45 0 0 0 0 48 0 0 0 0 74 0 0 0 0 0 0 58 65 0 0 0 0 27 0 73 0 0 74 0 0 41 77 41 0 0 0 0 77 0 0 0 0 86 0 0 0 0 0 51 74 98 0 0 0 0 0 0 0 0 0 0 0 0 75 0 23 8 0 0 0 40 0 43 0 0 0 0 9 0 0 95 0 0 0 0 0 0 45 31
0 96 0 0 0 76 0 0 67 71 0 0 15 82 0 0 0 0 32 0 0 0 0 35 0 0 65 34 0 19 95 0 34 0 50 0 0 0 0 0 0 0 0 0 0 54 0 0 0 0 0 88 0 0 33 0 0 0 0 0 0 0 0 0 0 60 43 0 0 0 0 0 0 0 91 10 0 0 0 80 0 7 0 0 0 87 0 0 0 70 77 0 0 0 50 0 0 94 0 0
0 91 0 0 0 0 0 70 0 0 88 0 0 0 0 0 0 1 0 0 0 0 0 0 0 22 0 77 0 75 0 0 0 0 0 0 0 0 0 0 1 0 0 19 0 0 0 0 0 0 79 0 0 0 0 0 0 0 0 0 0 0 0 0 0 0 87 57 93 0 95 38 0 0 62 0 0 0 0 14 0 0 0 0 0 82 0 84 0 94 0 0 0 0 0 0 0 0 0 0
0 0 0 0 0 0 0 97 0 0 74 0 0 0 0 0 0 0 0 39 0 0 0 0 0 0 0 0 0 0 0 94 0 0 0 8 0 0 0 0 0 0 0 65 0 0 0 0 95 63 0 0 0 0 36 0 72 0 0 0 0 0 0 93 0 49 0 0 0 44 0 0 0 0 0 0 60 70 0 0 0 99 0 0 0 30 0 0 90 99 0 0 25 0 65 0 0 11 0 0
0 0 0 78 0 0 0 73 70 0 0 0 0 0 0 0 0 0 0 0 0 0 0 0 0 14 0 0 0 28 0 0 0 17 51 0 0 0 0 65 0 0 54 0 0 0 0 60 0 0 0 30 0 0 72 42 0 0 36 0 0 39 0 24 0 78 0 56 0 0 0 0 0 0 19 0 52 0 0 0 0 0 0 0 0 62 96 0 56 0 0 0 0 0 0 0 0 61 0 0
13 0 68 0 0 0 0 8 0 84 84 53 0 0 0 8 0 0 0 14 95 68 0 0 0 0 0 99 0 0 0 15 98 0 0 0 0 0 0 0 0 0 0 48 0 2 0 0 59 0 33 0 0 72 0 0 0 0 0 0 0 40 0 0 81 0 0 0 0 87 0 0 69 0 0 46 0 1 70 0 38 0 0 62 0 0 0 0 45 0 0 34 0 18 0 0 0 0 0 51
0 0 0 53 0 0 0 3 0 0 0 0 0 0 0 0 0 0 61 0 24 0 60 0 0 70 0 0 0 59 0 58 68 85 63 0 0 0 61 0 0 0 0 0 0 0 0 1 64 0 0 0 88 0 0 0 0 0 0 0 0 0 53 0 0 0 0 0 0 0 93 0 0 0 0 0 0 39 0 0 0 0 0 0 0 0 0 0 0 0 0 0 0 5 0 0 0 0 95 0
0 4 0 0 0 0 0 0 0 38 0 24 0 0 0 53 0 69 98 0 21 0 90 75 0 0 0 88 10 22 16 0 0 0 86 0 0 56 0 0 94 0 0 0 44 0 0 0 0 28 0 3 0 74 81 0 0 21 0 30 0 37 0 25 0 0 0 0 0 0 0 0 0 0 0 0 0 0 0 7 0 0 99 0 0 0 0 0 0 0 0 0 48 0 0 0 0 0 0 21
0 0 0 0 0 0 0 0 0 0 0 0 0 74 0 0 69 0 0 0 0 0 0 0 0 80 0 5 0 0 0 33 0 0 0 0 0 0 2 0 0 0 0 0 0 0 0 21 0 0 0 54 0 0 0 12 0 0 0 0 33 0 0 0 9 0 0 68 5 0 0 0 0 0 0 0 0 64 0 0 0 1 35 0 0 55 0 0 0 0 0 0 0 0 4 0 0 0 0 0
80 0 7 0 0 98 0 4 0 0 0 0 19 0 0 0 0 0 43 0 0 0 0 20 40 55 18 0 0 0 97 0 0 25 0 6 0 0 0 0 0 63 0 88 0 0 69 0 0 78 0 0 0 0 0 60 0 0 0 0 0 0 0 0 83 0 91 0 0 0 43 0 0 0 0 98 90 0 0 0 71 0 0 0 0 49 0 0 0 0 0 21 0 0 0 0 0 0 27 0
0 0 0 0 10 0 27 39 0 0 0 0 0 0 13 74 0 0 0 17 98 0 44 29 0 0 0 35 0 49 0 0 0 0 0 0 0 29 0 0 0 0 95 83 0 0 0 0 0 0 0 0 0 0 0 0 0 0 0 0 0 64 0 16 63 83 0 0 0 0 0 10 0 34 0 0 0 0 0 0 0 4 0 0 0 0 59 0 94 62 95 0 0 0 0 0 0 0 0 23
0 0 0 0 72 0 6 0 0 5 41 0 0 0 0 0 47 0 0 0 0 0 0 0 52 0 80 0 0 0 95 0 0 0 0 0 23 0 0 0 0 0 0 0 0 0 0 0 0 0 0 0 0 0 0 0 22 0 0 0 0 78 0 0 0 0 0 56 0 0 0 0 0 13 68 70 54 0 0 86 0 16 93 0 95 0 0 0 0 0 0 0 0 0 0 24 0 0 0 0
0 0 0 0 0 0 0 0 0 34 0 0 82 0 49 0 85 95 95 0 0 0 0 94 0 0 99 0 0 0 0 10 0 33 0 0 0 0 0 5 0 0 0 0 42 0 17 0 0 0 0 25 0 0 0 30 0 0 0 0 30 0 0 67 0 0 0 0 0 0 38 9 0 20 0 0 0 0 0 0 0 0 0 0 36 0 0 91 0 57 54 0 0 0 0 0 0 75 0 0
0 35 5 0 0 0 38 0 0 41 0 0 0 0 0 80 94 75 0 0 0 0 0 0 0 0 0 0 0 0 54 0 0 0 0 0 0 0 0 0 0 0 49 0 36 0 0 48 0 13 63 0 0 0 0 0 0 20 0 0 56 0 0 0 0 0 0 0 0 0 0 0 0 63 0 0 0 0 0 0 14 0 0 0 0 0 0 53 88 0 0 0 0 79 0 0 0 0 0 0
0 0 0 0 0 0 46 0 0 0 0 0 0 0 0 0 0 0 0 0 34 95 1 0 0 0 34 0 0 0 0 38 75 81 65 59 5 45 28 0 33 0 0 0 50 0 71 0 0 64 0 0 32 0 75 0 69 0 100 96 10 0 0 0 0 89 43 91 0 0 0 0 0 22 0 69 0 0 98 0 0 0 0 30 0 0 0 0 0 0 0 0 0 0 0 0 0 0 8 0
0 0 0 0 0 0 44 99 0 0 0 0 0 0 0 0 22 0 0 0 0 0 0 64 56 5 0 0 0 0 0 81 0 0 0 0 0 0 0 0 0 0 0 0 71 0 0 95 0 0 0 55 0 0 49 0 0 0 0 0 75 0 96 0 0 0 0 0 0 67 0 0 0 0 0 0 61 0 44 0 0 0 0 65 22 0 0 0 47 0 0 44 33 0 0 0 0 0 0 0
0 0 0 0 0 0 0 0 0 98 0 0 0 0 0 0 0 65 50 0 0 0 0 0 57 0 0 39 0 87 0 0 0 53 0 0 0 85 0 0 0 75 0 0 0 98 62 0 0 0 0 0 0 0 0 0 0 0 0 0 9 0 0 0 0 0 0 0 97 15 0 0 0 0 0 23 0 0 0 0 0 0 0 0 0 0 0 0 0 0 0 0 0 0 0 0 0 0 0 24
0 0 86 0 0 0 0 34 0 0 85 1 0 0 0 48 0 0 0 43 0 0 4 0 12 0 0 39 66 82 0 0 0 39 73 55 0 0 0 37 71 46 0 13 64 48 77 0 0 0 0 88 0 0 15 0 0 0 0 0 0 0 0 0 0 80 0 54 9 0 0 0 0 0 0 23 0 0 94 0 0 0 0 0 0 37 56 90 0 0 0 0 0 0 0 0 0 44 0 0
0 0 0 88 0 41 0 0 0 0 0 0 73 0 0 0 66 0 0 0 0 0 0 0 0 0 0 0 0 0 73 0 54 0 0 92 78 0 23 0 36 0 7 0 0 0 0 0 0 0 11 0 47 0 0 15 0 0 0 0 0 0 96 0 0 0 0 0 0 0 73 0 83 30 95 0 0 0 75 0 0 76 98 77 0 94 0 0 0 0 0 0 0 0 0 0 0 0 0 71
0 0 0 0 0 0 0 0 0 0 0 0 57 0 0 40 0 0 0 0 58 0 0 0 0 0 0 0 36 0 0 0 0 99 81 0 62 0 0 0 0 0 0 29 0 63 0 0 0 64 0 0 0 43 41 0 0 0 0 0 0 0 0 0 0 0 0 0 0 0 15 0 0 0 0 0 0 0 0 0 0 0 0 0 79 0 39 0 59 48 0 0 0 0 86 88 41 0 0 0
0 0 71 25 0 0 81 0 0 53 0 0 0 16 0 78 0 0 73 0 0 66 0 0 0 0 0 0 0 68 0 0 0 0 0 37 0 0 0 0 0 83 0 0 90 0 5 100 0 0 0 0 82 0 0 0 0 0 0 0 0 0 0 0 23 0 45 0 80 0 0 87 44 0 0 33 0 0 0 0 0 0 0 97 98 53 0 0 0 77 0 0 0 59 6 7 0 0 0 97
0 0 0 0 0 92 0 0 0 0 0 0 0 0 0 0 0 0 0 0 0 0 0 0 0 100 0 0 29 0 0 4 0 95 0 0 0 0 0 0 97 0 20 0 0 0 0 0 74 0 0 0 83 0 26 9 0 0 0 0 0 0 0 0 0 0 0 0 0 0 0 0 0 0 0 99 9 0 0 0 71 0 36 0 0 0 0 0 0 0 0 0 0 0 0 0 0 0 0 0
0 0 0 0 0 0 0 0 0 0 0 0 0 20 0 0 0 3 0 2 0 0 0 71 0 0 88 0 0 0 0 0 0 0 0 0 0 0 0 0 0 0 0 90 73 0 0 0 29 0 0 7 0 0 73 0 0 57 0 0 0 0 76 86 54 28 0 0 0 0 0 0 0 0 0 0 0 0 0 0 0 0 0 0 0 0 0 0 0 4 0 0 0 0 0 0 0 0 15 93
0 0 0 39 0 0 0 0 0 0 45 14 0 0 0 0 53 89 0 59 84 0 18 0 0 47 0 0 0 0 0 0 0 82 0 0 0 0 62 0 0 0 25 0 24 0 0 0 93 91 95 0 0 0 0 0 70 0 0 0 0 0 0 7 78 0 0 0 0 58 0 0 0 0 0 0 0 43 0 0 0 0 25 0 0 0 17 0 61 0 0 3 0 0 0 58 0 0 0 21
0 0 0 0 0 0 0 0 0 0 100 0 0 5 30 0 18 13 85 0 0 0 0 0 0 0 0 0 0 0 0 49 39 0 0 0 0 0 0 9 17 0 0 0 0 6 0 0 67 0 0 0 26 14 22 0 0 0 0 80 0 0 8 0 83 52 0 0 44 0 0 0 0 0 0 0 72 0 0 0 36 0 0 0 0 0 72 98 0 0 38 28 0 71 8 94 0 0 0 96
0 0 0 0 0 0 0 0 0 86 8 54 0 0 0 60 0 52 0 0 0 62 0 52 0 0 0 0 0 0 0 0 0 0 87 0 0 0 0 0 0 0 0 0 64 0 83 0 0 0 0 0 0 0 0 0 0 0 0 0 0 1 14 0 0 0 0 86 0 0 0 0 0 0 0 0 11 84 79 0 0 92 0 0 0 0 0 0 0 0 42 18 24 0 0 0 0 0 0 0
0 0 44 0 54 85 0 19 0 0 0 0 0 89 0 0 0 0 10 0 59 0 0 0 0 0 0 0 95 0 0 0 0 0 0 3 49 0 0 52 0 0 0 0 0 0 0 0 0 0 0 0 0 0 0 0 0 11 0 0 0 0 0 0 50 0 0 0 0 0 0 0 0 0 0 0 0 0 0 26 0 0 0 93 60 0 0 62 0 0 0 0 0 0 42 29 0 0 45 0
0 0 0 0 0 0 66 78 0 0 0 0 14 57 71 0 0 0 21 0 0 0 64 96 0 0 51 0 0 1 0 0 55 77 0 0 0 0 0 0 0 0 0 0 0 0 0 0 0 0 0 93 0 0 35 37 0 10 0 0 0 0 0 0 0 0 0 0 0 0 0 0 0 77 0 0 0 0 0 0 0 0 0 0 0 0 0 0 0 0 0 0 0 66 0 0 0 0 0 0
0 2 0 0 0 0 0 0 39 13 78 0 30 0 0 0 0 0 0 0 49 0 0 83 8 0 0 0 0 0 0 4 0 0 0 0 0 33 0 0 0 0 76 0 0 0 46 0 0 35 1 0 0 17 95 0 28 33 0 0 0 0 0 44 0 0 0 0 0 96 88 0 0 0 0 0 0 0 0 8 0 0 0 0 0 0 0 0 64 0 0 40 23 0 0 50 0 0 93 0
58 0 0 59 0 0 59 69 0 0 0 31 0 0 60 33 99 44 40 0 0 0 0 0 65 0 0 0 0 0 0 0 0 0 0 0 0 66 0 0 0 0 0 98 0 0 0 0 0 4 26 21 0 0 0 0 46 55 83 0 0 0 0 0 0 0 0 0 14 0 0 0 0 0 90 0 91 0 0 0 0 0 0 0 0 70 42 25 53 0 54 0 0 0 51 38 0 0 0 0
0 0 0 0 0 0 0 15 44 0 0 0 66 0 0 0 0 0 0 33 0 11 0 0 0 0 0 0 0 98 0 62 0 0 0 0 0 0 0 5 0 0 0 53 81 0 0 60 0 73 97 0 0 0 0 0 71 0 0 0 0 3 0 0 0 0 0 0 0 0 37 0 10 0 0 0 0 0 0 0 0 0 0 0 0 0 0 2 0 0 0 0 0 0 0 0 0 51 0 0
0 0 43 0 0 22 52 0 0 0 88 0 0 0 0 0 0 0 0 0 0 0 0 99 0 0 0 0 0 0 0 0 0 0 52 45 25 0 0 15 0 81 89 67 0 0 0 0 0 0 88 9 74 0 0 0 0 0 27 32 0 0 4 0 0 0 0 0 0 55 70 0 0 0 0 28 0 0 0 0 0 85 44 0 0 0 0 0 0 0 40 86 0 26 0 0 0 0 0 0
0 38 0 0 13 0 54 0 0 0 0 0 0 0 0 60 0 70 0 66 61 93 0 23 0 29 0 0 0 0 0 0 0 34 0 0 95 0 0 39 0 0 44 0 0 0 84 0 0 0 0 0 0 0 100 69 40 0 0 0 0 74 0 0 0 0 0 0 0 44 0 0 94 31 0 71 19 0 0 0 0 0 0 0 0 0 0 0 0 0 0 43 0 0 21 30 0 0 7 0
0 0 69 0 0 0 100 0 0 0 55 0 0 0 0 0 48 0 0 78 0 0 0 41 0 0 0 0 41 44 0 0 0 0 0 37 56 24 0 0 46 84 0 0 0 0 0 0 0 0 0 9 64 0 0 0 54 0 2 0 0 13 0 0 0 0 25 0 0 0 0 0 0 0 0 0 0 0 73 0 0 0 0 0 0 0 0 0 0 2 0 0 89 0 12 61 7 0 0 13
0 95 0 31 0 0 0 0 0 18 0 0 0 0 0 0 0 31 61 0 0 0 0 74 35 24 0 0 0 0 0 63 0 0 38 0 0 0 0 84 46 0 0 0 0 0 0 0 85 0 56 0 0 0 0 0 0 0 0 0 89 0 7 0 0 0 0 0 0 94 50 0 71 0 72 62 0 0 0 21 0 61 0 0 0 0 89 0 0 0 0 0 0 0 0 0 69 0 0 0
0 0 82 0 36 0 0 93 50 0 38 78 0 0 12 0 0 0 25 0 0 0 20 67 0 0 0 0 56 0 0 0 0 0 0 0 0 0 0 27 0 0 0 0 41 0 0 0 0 0 98 0 0 99 0 0 0 0 0 0 0 0 60 0 0 0 0 0 0 0 40 0 0 0 0 0 0 85 0 8 0 0 3 13 0 84 0 0 0 84 0 57 95 0 14 76 46 91 0 0
0 0 0 13 0 0 0 0 0 75 0 0 0 74 85 100 33 0 0 0 0 0 12 67 0 0 0 66 0 0 0 79 0 0 0 0 0 80 0 89 99 0 0 0 0 0 0 0 99 97 0 13 90 0 0 0 55 15 0 0 19 0 0 0 30 0 53 14 0 0 0 0 0 0 44 0 0 0 0 0 37 0 0 0 9 0 60 17 0 0 24 0 0 0 0 0 0 9 0 0
0 0 10 48 0 0 0 64 0 0 0 0 96 0 49 0 0 0 0 44 8 8 0 0 7 11 0 76 95 0 0 0 76 0 0 0 0 0 0 0 0 0 66 0 0 0 0 43 66 0 0 83 0 0 28 0 0 0 0 3 0 0 0 0 68 0 0 0 0 58 0 0 0 0 36 81 0 0 20 0 0 0 13 0 0 0 0 97 0 42 0 0 0 64 0 0 0 0 0 0
0 49 0 0 0 0 0 38 0 0 0 0 0 0 0 0 11 0 93 0 0 0 0 0 0 6 0 0 0 0 65 7 0 15 0 0 60 90 0 0 0 0 0 0 0 0 47 0 98 29 24 85 0 0 0 0 0 0 0 0 0 5 51 0 90 52 0 22 2 0 0 0 0 0 0 37 0 0 0 0 0 0 0 0 0 0 0 0 0 0 0 0 0 0 74 77 0 0 0 0
51 0 0 0 60 0 0 0 66 0 0 95 0 33 49 0 0 38 0 0 59 0 0 96 0 7 0 0 0 21 85 71 0 91 0 0 66 0 0 0 0 0 73 30 48 0 0 0 0 42 0 0 53 0 99 0 0 0 0 97 0 0 52 59 0 0 0 0 0 0 0 0 0 0 0 0 0 48 43 0 0 0 0 91 0 65 39 0 0 86 0 80 54 0 0 40 19 0 0 20
0 49 0 63 0 0 0 46 51 0 26 99 0 0 0 97 0 0 0 0 0 0 0 0 0 58 0 0 0 0 68 0 6 74 99 0 0 62 0 0 75 0 79 10 0 46 0 0 32 0 0 0 0 37 79 0 0 0 88 0 0 0 0 0 0 0 0 0 91 60 0 0 0 29 74 0 6 32 0 0 0 0 0 0 0 0 0 0 0 0 0 43 0 0 76 78 0 0 75 0
67 63 0 0 0 67 78 0 0 0 0 94 0 5 0 39 80 0 94 0 0 0 62 0 0 0 0 0 0 0 0 55 0 0 64 0 53 0 21 0 1 0 0 0 0 0 59 0 0 0 0 0 0 46 78 67 91 98 0 5 0 13 0 0 0 0 0 0 0 0 0 0 41 0 25 0 0 0 50 0 0 58 0 0 0 0 0 0 0 13 0 0 0 97 63 90 0 3 0 31
0 74 0 51 43 0 0 0 0 0 0 0 0 10 0 79 0 0 0 0 0 0 25 0 0 0 0 0 0 0 0 0 0 0 0 0 0 0 0 0 87 0 83 57 0 0 0 0 0 0 0 0 0 0 0 4 77 0 0 0 0 0 0 0 27 0 36 36 0 11 0 0 0 0 0 0 0 17 0 0 0 0 0 0 0 0 67 0 0 0 0 0 0 0 0 0 0 0 25 0
88 5 0 0 80 0 0 0 0 0 0 0 0 0 49 64 0 0 0 0 0 0 0 0 0 0 67 0 0 0 0 0 0 0 0 81 0 0 0 0 0 0 34 0 0 98 25 3 68 0 10 47 0 0 0 0 0 0 0 0 0 0 0 0 0 0 64 0 0 0 0 0 0 0 0 0 0 0 0 31 9 65 47 0 0 0 0 0 0 0 0 0 0 26 18 0 0 0 0 0
0 0 0 0 0 0 41 0 0 69 0 9 0 0 0 0 0 0 0 74 35 0 0 0 0 0 0 59 0 0 0 0 10 0 0 0 0 38 0 0 0 62 0 32 0 0 0 0 0 60 0 0 85 0 0 0 0 0 0 0 0 0 79 0 0 0 0 0 0 0 0 0 0 33 0 92 0 97 0 0 0 0 0 0 0 0 86 0 60 0 84 0 0 0 0 0 0 0 5 0
84 43 0 0 0 0 0 0 0 12 0 0 0 75 59 7 0 0 0 0 0 55 0 86 0 0 0 0 0 0 78 10 0 0 0 0 0 0 0 40 0 0 0 0 0 0 0 0 0 0 91 6 0 0 0 0 0 0 72 0 0 0 0 0 78 0 46 0 24 0 0 0 68 0 0 0 0 100 0 46 0 0 24 0 72 68 0 0 77 40 0 0 0 0 0 0 0 76 87 91
0 26 0 0 0 0 0 62 0 0 46 0 0 51 62 0 0 0 0 25 48 89 0 15 22 0 0 0 0 0 38 18 0 0 0 75 0 0 69 0 0 0 0 0 0 55 0 0 0 88 0 0 0 0 0 0 0 0 0 0 0 0 0 0 8 0 0 0 0 0 0 0 0 0 0 0 0 0 13 0 0 0 0 0 43 0 37 0 0 0 69 0 0 0 40 0 81 18 0 0
0 1 0 5 82 0 24 0 29 0 0 0 0 0 0 15 0 28 0 0 52 0 0 0 0 0 0 0 0 0 99 65 0 0 78 83 13 0 50 0 0 0 0 0 0 0 43 0 41 0 0 0 0 0 0 0 27 0 0 0 15 0 0 31 19 0 0 0 87 0 23 0 0 0 0 0 75 49 0 0 0 0 0 79 40 0 0 0 2 0 0 0 82 0 0 0 0 10 0 0
0 54 86 0 0 74 0 0 0 29 0 93 0 0 60 0 0 0 0 0 0 1 0 0 0 0 74 0 43 0 0 51 0 0 0 0 0 0 0 8 0 0 0 11 0 16 0 0 0 0 95 43 0 75 0 0 0 0 37 0 0 0 0 0 65 0 0 53 0 0 0 0 0 0 0 44 0 0 0 0 0 0 26 0 0 0 0 10 0 96 68 0 0 0 0 100 0 0 0 0
21 0 0 0 0 0 0 0 47 0 26 0 0 0 0 0 22 34 0 0 0 0 0 37 0 0 0 0 0 0 0 4 48 0 0 79 0 0 0 0 0 0 0 50 0 0 0 73 0 84 0 21 0 0 0 0 0 52 0 73 0 0 78 0 0 0 19 0 0 0 88 0 0 0 0 78 0 0 0 0 0 0 36 35 0 14 0 0 0 0 0 0 0 46 0 0 0 28 0 34
0 0 0 0 0 0 0 0 0 0 67 0 0 0 0 0 0 0 77 0 0 0 0 0 0 0 0 0 0 39 0 0 2 0 0 0 0 0 0 29 0 0 0 0 0 83 0 0 0 0 15 2 68 0 1 0 45 0 0 8 0 38 0 0 0 0 0 0 0 0 0 0 0 0 23 0 0 0 49 0 66 0 0 0 0 97 82 0 0 0 7 0 0 0 11 0 0 0 73 0