100
0 0 0 0 68 0 0 0 73 0 0 0 0 0 0 0 0 0 0 0 30 0 0 0 62 18 58 0 0 0 0 12 0 0 0 0 0 0 0 0 100 0 0 0 0 60 0 0 0 0 0 0 33 0 35 0 5 0 17 21 54 0 81 69 0 0 0 0 0 0 89 47 0 0 0 0 0 0 0 0 0 0 0 100 0 0 92 0 0 0 76 0 0 89 37 0 0 0 0 0
0 0 75 0 0 0 0 0 0 0 0 10 0 0 0 91 0 0 0 0 87 0 0 0 35 0 0 88 0 0 0 0 0 49 0 69 0 0 0 0 0 0 0 93 0 0 0 31 0 99 0 0 60 11 0 0 26 0 0 0 10 0 0 0 0 89 0 0 0 0 0 72 0 47 0 52 12 0 66 0 0 0 59 0 0 52 81 0 0 0 17 0 0 0 87 63 0 0 0 0
0 3 0 0 86 14 0 0 4 59 0 27 0 0 0 0 0 42 0 68 0 0 49 2 0 57 0 0 18 66 0 0 0 0 79 0 0 0 0 22 0 16 0 0 0 0 97 81 0 0 0 70 33 0 0 0 0 0 84 15 0 0 0 18 0 37 0 0 57 0 0 0 0 0 0 57 0 0 0 0 0 0 0 0 95 0 0 0 0 65 0 0 0 0 31 0 8 91 0 0
0 0 0 0 0 0 0 0 0 95 0 0 0 17 0 0 0 59 63 0 32 99 26 0 63 0 0 32 0 33 0 0 0 0 0 54 76 0 0 0 0 0 0 66 0 63 0 21 0 3 99 0 0 0 0 0 0 48 70 0 0 0 11 0 0 36 0 59 0 0 0 0 0 0 0 92 0 0 29 18 0 0 0 31 0 67 95 0 0 0 30 0 0 0 0 61 0 0 0 0
0 0 0 0 0 0 0 0 0 0 0 0 0 0 0 0 0 0 0 0 0 0 0 0 0 0 0 18 100 15 0 0 0 0 0 0 0 0 0 0 0 0 7 95 0 0 0 0 0 43 0 0 0 8 81 0 0 98 0 0 0 96 0 0 52 0 0 0 0 0 37 0 0 93 0 0 0 0 6 0 78 69 0 0 0 0 79 0 0 0 0 20 0 0 24 0 0 0 24 0
0 0 8 73 0 0 77 0 45 0 0 0 0 0 0 0 0 0 0 0 47 36 0 53 0 0 25 58 0 0 0 0 64 0 47 0 0 0 0 0 54 0 0 0 65 52 0 0 0 0 54 0 0 31 0 0 0 0 0 0 0 0 0 0 0 0 0 0 0 0 50 0 64 0 96 77 34 0 0 0 0 0 24 81 0 0 0 0 0 0 0 62 77 83 0 0 0 0 0 0
0 0 0 0 0 0 0 36 6 0 0 0 0 0 46 31 0 0 0 0 0 0 0 30 0 0 98 0 0 22 0 0 0 0 0 0 0 0 0 0 0 0 100 0 0 0 0 0 0 99 0 0 0 82 0 54 0 0 0 0 0 83 0 0 0 62 0 0 0 0 0 0 0 0 0 0 0 74 0 0 0 0 0 0 0 0 0 93 0 0 0 97 11 0 0 0 0 0 0 47
0 0 0 0 0 0 0 0 6 98 0 0 0 0 0 0 0 0 0 0 67 0 38 0 0 0 0 0 65 0 0 0 0 0 0 54 0 0 0 25 24 0 0 80 0 0 0 50 4 0 0 0 0 0 0 0 10 83 0 0 0 0 0 0 24 93 0 31 0 0 4 0 0 0 0 61 0 31 40 47 0 0 0 0 98 0 0 31 0 25 0 0 3 0 0 0 0 0 10 0
0 0 0 0 96 0 54 0 0 0 0 0 0 0 0 0 40 0 0 21 0 63 67 0 93 0 41 29 89 0 0 0 0 0 0 0 0 0 0 52 0 0 0 0 0 0 37 0 0 83 0 0 0 0 55 42 0 84 0 0 0 0 0 0 64 51 0 76 54 0 0 0 0 0 0 0 0 22 42 0 0 0 0 0 0 0 0 0 0 0 0 91 0 0 0 0 34 0 100 3
5 0 0 8 50 0 79 0 0 0 0 1 0 0 72 0 0 29 0 0 0 0 46 0 0 0 0 0 0 86 0 0 0 0 0 0 99 0 0 6 75 0 0 0 0 0 0 0 0 0 0 0 0 0 0 0 88 0 0 0 0 0 0 0 0 0 54 0 41 63 0 0 0 0 76 0 0 66 0 0 0 0 55 59 0 0 0 0 0 0 0 80 80 0 0 0 0 95 0 96
0 0 0 35 0 37 0 0 0 0 0 0 0 14 0 0 0 0 0 0 0 0 0 0 0 0 0 0 0 0 0 0 98 0 0 0 0 0 0 40 0 0 12 0 0 0 0 92 0 0 53 0 0 0 0 0 55 0 34 72 0 0 0 0 0 0 0 0 0 53 0 87 0 0 0 0 0 35 0 0 11 0 0 0 0 0 0 0 0 35 0 0 0 0 0 0 0 30 0 0
48 0 0 0 0 68 17 0 94 0 0 0 0 0 0 18 0 0 37 67 0 0 0 93 36 0 75 0 78 87 25 0 0 0 0 0 26 23 0 8 0 63 0 0 55 0 0 80 0 100 0 0 0 0 0 0 0 0 74 0 16 0 0 0 0 0 0 66 13 58 15 0 0 0 0 0 0 79 0 62 0 0 0 0 10 0 0 33 0 2 0 0 0 0 0 0 4 0 0 17
0 0 0 0 69 0 0 0 0 0 0 0 0 0 0 0 0 0 0 0 24 0 0 0 0 35 0 52 0 0 0 51 27 0 0 0 0 0 0 0 9 96 0 0 0 0 0 0 0 0 0 0 0 0 81 19 19 0 57 0 0 0 30 0 0 0 58 0 95 41 0 0 0 0 0 0 0 0 0 0 48 28 69 0 0 0 0 0 65 0 0 22 0 73 0 0 0 0 0 0
0 0 0 0 0 0 0 0 91 22 0 15 0 0 0 43 0 78 0 84 0 0 0 69 0 0 0 0 0 0 0 0 0 0 0 95 0 0 20 0 44 0 0 70 0 0 0 0 0 0 0 0 9 68 0 0 0 0 0 0 0 1 60 0 0 0 0 0 0 43 0 78 75 0 0 0 0 0 22 56 0 0 0 0 0 0 0 0 0 0 82 0 0 87 0 41 0 0 0 0
0 0 0 0 0 97 0 0 0 0 0 0 76 0 0 0 0 0 0 0 0 0 0 0 0 0 0 0 0 0 0 0 0 0 23 0 80 30 0 54 0 57 0 57 0 50 76 0 0 93 0 0 85 0 0 82 94 0 0 95 1 0 0 0 0 60 0 51 9 0 0 0 93 0 0 100 0 0 0 80 65 0 0 39 9 0 0 0 0 0 0 0 0 0 0 0 0 0 0 0
0 0 0 0 0 0 0 0 0 44 0 0 23 0 0 0 0 54 0 0 0 0 0 0 0 0 0 0 0 0 0 77 3 0 0 36 0 0 0 77 31 0 0 96 20 0 0 0 0 63 0 0 0 10 0 0 0 0 0 0 0 0 22 0 0 0 0 0 0 69 0 0 0 0 0 0 0 26 0 0 83 62 38 0 0 63 0 0 0 0 0 0 36 0 0 0 0 0 65 0
0 0 0 0 0 0 17 0 0 0 0 27 0 0 0 0 0 0 35 0 0 0 0 0 0 0 0 0 0 0 0 0 0 0 0 0 0 0 0 0 0 69 0 0 0 0 40 0 72 0 0 0 28 0 0 0 0 0 0 0 8 0 13 0 0 0 73 85 0 0 0 0 0 0 0 0 0 0 0 66 0 0 90 30 0 0 0 0 82 0 64 85 0 0 0 87 0 0 66 0
0 0 0 24 0 57 0 53 0 0 0 79 54 0 0 0 15 0 0 0 0 0 60 0 0 0 0 0 0 0 30 49 0 27 42 0 26 0 0 0 0 0 0 29 0 48 83 0 0 0 0 96 0 0 0 0 0 0 59 0 0 0 0 72 0 0 0 0 0 0 0 0 0 0 66 92 0 0 49 0 1 0 58 0 0 73 0 67 0 0 0 0 36 0 0 0 0 0 0 0
0 0 0 0 98 0 0 0 11 99 52 0 78 0 0 0 0 0 0 0 85 0 0 0 0 0 29 12 0 0 0 0 0 0 74 0 0 54 0 0 0 49 96 0 0 96 89 0 0 0 0 91 90 48 0 0 0 0 0 0 51 0 0 0 0 0 0 0 21 34 0 0 0 62 0 0 0 0 40 0 0 0 0 0 0 63 0 35 63 34 0 0 5 0 32 0 1 0 98 17
43 0 89 0 0 0 0 26 0 0 0 69 18 0 0 0 76 57 0 0 0 77 59 0 46 0 0 0 57 0 0 0 0 0 0 0 5 0 0 0 0 0 0 0 0 0 0 0 0 45 0 0 0 24 92 0 0 0 0 57 0 32 0 0 0 0 46 0 0 0 0 0 0 0 0 0 0 0 0 0 0 0 0 0 0 0 0 40 0 0 0 0 0 0 0 0 0 9 0 36
0 31 0 0 0 25 0 0 0 0 0 60 0 20 0 69 0 0 46 0 0 0 53 0 0 0 0 0 30 0 75 0 0 0 0 0 0 0 0 0 73 0 0 17 0 31 0 25 0 0 0 60 0 0 0 0 0 44 20 0 0 0 0 0 0 0 0 0 0 0 54 0 0 0 0 0 0 61 0 4 34 82 0 0 0 0 0 0 0 0 0 0 0 0 0 0 0 0 55 43
0 0 0 41 0 0 0 0 0 0 0 0 0 0 0 0 0 0 0 70 0 0 0 0 0 41 0 0 0 66 0 0 6 22 0 0 53 0 0 0 0 0 52 18 0 0 0 0 0 29 1 0 0 0 0 0 0 0 0 0 0 0 0 16 0 0 0 3 0 0 61 0 0 0 0 84 0 0 0 0 0 0 0 0 46 0 0 0 0 0 38 58 83 86 0 51 0 0 6 0
81 0 0 0 0 0 0 45 0 0 0 20 0 0 0 0 88 56 0 0 0 0 0 0 0 0 0 0 0 77 17 0 0 16 0 54 66 0 0 0 0 0 0 0 0 0 0 0 0 0 41 61 81 0 0 0 0 16 94 0 0 0 0 0 0 0 0 72 0 0 0 0 0 97 0 81 0 25 0 67 0 77 79 0 0 0 83 0 0 0 78 0 98 70 0 0 0 61 0 80
19 0 0 0 10 0 91 0 0 0 0 19 0 0 0 0 0 17 0 0 0 0 0 0 0 0 40 0 0 17 25 0 45 0 45 88 0 0 0 0 0 0 0 0 0 5 0 0 13 0 0 75 0 0 0 0 0 0 81 31 0 65 0 77 0 0 0 0 0 72 82 0 0 0 0 0 0 66 0 45 0 35 0 73 0 0 0 0 0 0 89 0 0 0 55 0 0 0 0 0
0 0 93 0 0 42 0 0 0 0 0 0 0 0 0 0 0 0 0 0 0 0 0 0 0 0 49 96 0 0 8 0 0 88 0 0 1 0 0 43 0 0 43 0 0 0 22 0 0 0 0 79 0 0 0 0 0 0 0 0 52 0 70 0 0 74 0 0 0 0 0 0 22 0 0 78 0 0 38 83 16 0 0 0 0 0 0 0 0 0 0 0 53 0 0 0 0 0 29 97
0 0 64 0 0 37 0 0 0 0 0 0 0 85 0 0 0 0 0 0 55 86 0 0 100 0 0 0 42 0 97 0 87 0 0 0 0 0 0 0 0 0 0 0 0 0 0 0 0 0 0 0 41 97 0 0 0 0 0 0 0 0 0 0 0 0 0 0 0 0 0 32 92 0 83 73 0 97 0 0 0 0 0 0 16 0 0 0 38 0 0 0 0 0 0 0 0 0 0 0
0 0 0 0 89 0 0 0 80 91 0 0 30 92 0 98 37 0 0 0 58 94 0 0 0 51 0 0 0 0 0 64 82 0 6 0 76 0 25 62 0 0 52 0 7 0 0 0 69 0 0 58 0 0 0 48 0 0 95 34 0 0 0 44 0 0 30 66 0 0 0 0 0 65 73 0 0 17 0 0 0 35 23 0 72 98 0 0 82 0 46 0 0 0 0 0 0 0 0 0
21 0 0 67 0 0 0 48 0 18 0 0 0 93 0 84 0 0 54 0 0 12 0 0 0 0 98 0 59 0 0 0 0 0 0 0 0 0 0 54 0 0 0 0 84 0 0 0 15 0 0 0 0 0 0 17 0 0 84 0 0 41 81 0 0 89 45 71 0 0 0 0 0 0 0 0 0 2 0 0 0 0 0 0 23 0 0 0 38 0 0 0 0 0 0 0 0 0 0 0
0 0 0 17 0 57 0 0 0 0 0 0 0 0 0 0 0 0 0 0 55 0 86 0 19 6 59 0 0 0 0 54 34 0 0 0 100 0 0 0 0 0 20 0 24 0 0 95 0 0 57 0 0 0 0 42 0 0 0 0 0 0 0 0 0 82 0 0 0 0 0 0 0 0 0 0 0 77 0 0 0 0 0 0 0 84 52 0 0 0 59 0 0 0 0 54 72 11 0 0
0 0 90 0 0 0 0 0 0 7 0 0 0 0 0 0 0 22 0 50 0 0 0 0 29 82 0 0 0 0 0 0 0 30 0 65 0 55 0 0 0 0 0 0 0 89 0 0 92 74 61 0 22 0 0 0 88 0 0 41 0 0 0 0 9 88 87 0 22 0 24 0 0 57 0 0 98 83 0 0 0 0 5 0 0 0 0 0 0 0 0 0 29 0 0 38 0 0 0 0
40 8 0 95 0 0 0 0 0 24 73 80 0 15 3 0 0 0 78 0 0 0 0 92 0 0 0 0 0 0 0 0 0 0 72 0 51 0 97 24 0 0 65 0 0 0 0 2 74 0 35 0 0 0 58 0 80 0 0 38 0 0 0 28 49 71 0 0 0 0 0 0 59 0 0 0 2 77 0 0 0 0 0 35 0 0 0 0 0 83 0 0 70 0 0 0 0 0 0 0
0 84 95 0 0 0 0 0 87 0 75 30 58 0 0 0 61 0 0 8 25 36 54 0 0 29 51 0 0 0 0 0 0 0 0 61 0 44 81 0 0 0 0 0 0 0 0 50 0 40 0 0 0 72 0 0 0 0 73 40 100 0 0 0 0 21 0 46 0 22 87 0 0 0 0 0 55 60 98 0 0 0 0 0 0 32 0 82 0 0 36 0 39 0 0 0 0 32 14 0
0 0 0 0 41 0 25 0 14 0 0 0 84 0 43 0 0 65 0 0 0 0 0 0 0 0 0 27 0 0 0 71 0 0 0 65 0 0 86 67 0 0 0 0 0 0 0 62 0 0 0 0 0 20 27 0 0 70 0 0 0 0 0 0 0 0 0 0 82 0 0 47 0 0 50 0 42 51 91 23 0 0 0 0 58 14 0 0 0 0 0 4 0 92 0 0 80 0 0 3
0 0 0 0 0 0 0 0 0 0 0 0 0 0 22 0 0 0 0 19 0 0 0 0 19 0 0 0 0 0 55 0 0 0 0 0 42 90 0 0 0 0 51 0 0 0 0 0 0 0 0 98 0 0 0 0 30 12 0 0 0 0 0 0 59 63 0 89 66 0 0 24 0 100 1 0 0 0 0 0 0 0 0 0 0 0 0 0 0 0 0 74 0 0 76 0 58 0 0 0
0 0 0 25 0 0 0 0 19 0 0 0 0 0 0 0 16 0 0 47 0 0 0 0 0 0 0 38 11 0 0 0 0 75 0 55 0 0 0 0 0 86 62 0 0 0 94 19 0 82 82 0 96 89 55 0 0 0 9 0 0 0 0 0 83 0 46 0 0 0 0 0 0 0 0 0 0 0 0 0 40 0 0 28 11 0 0 72 0 0 0 0 0 0 0 0 0 81 58 0
0 0 0 0 0 0 5 38 0 0 41 0 0 0 0 0 75 0 86 0 32 0 78 87 70 0 0 29 0 80 72 14 0 0 0 0 0 0 0 0 50 29 0 77 0 0 35 0 30 0 0 0 0 0 0 0 66 0 0 15 19 52 0 0 0 10 0 27 0 18 0 0 84 0 0 0 0 39 0 0 0 0 79 0 31 0 0 0 0 0 68 0 0 75 0 0 27 38 69 0
0 0 82 0 0 0 0 0 11 0 41 0 0 0 0 0 0 0 0 0 18 0 40 91 36 0 0 0 0 0 0 0 0 0 0 0 0 0 0 0 0 0 0 0 0 0 0 0 0 66 78 0 0 0 0 0 0 0 0 0 28 0 17 0 0 0 0 56 77 35 0 0 0 0 0 50 50 0 0 61 0 0 0 0 0 81 80 0 0 52 0 0 0 0 0 0 0 0 0 0
0 0 98 68 0 0 0 16 0 17 99 46 0 0 0 0 0 39 0 0 0 68 0 72 0 0 0 0 0 0 0 0 0 0 41 0 64 0 49 36 60 0 0 0 0 59 9 21 0 0 10 0 0 49 33 14 0 0 0 0 39 0 51 0 0 36 0 0 62 0 30 74 0 0 0 26 0 0 0 58 0 10 0 20 0 0 0 92 0 0 0 0 0 52 0 0 0 3 34 53
19 16 0 59 14 0 92 60 10 0 40 0 0 0 0 0 89 0 0 15 0 0 0 0 0 45 0 0 0 0 0 0 29 58 0 0 0 0 0 0 0 0 0 0 0 0 0 0 48 97 76 14 0 1 0 0 0 98 9 0 0 0 7 0 73 0 0 0 0 0 0 23 0 0 0 24 0 52 0 0 97 0 69 23 1 0 0 0 0 0 0 0 25 0 0 0 0 0 56 0
0 79 0 0 51 0 0 0 0 0 41 27 73 0 0 0 60 0 0 0 44 0 0 34 86 41 97 0 0 0 0 0 0 0 83 0 3 0 0 0 0 0 66 0 0 0 0 76 0 18 0 60 44 98 0 0 0 0 46 0 64 76 0 0 0 0 39 37 0 0 0 0 2 22 0 0 0 0 0 0 0 0 0 0 0 88 0 0 0 0 21 0 0 0 0 5 0 0 0 0
0 16 0 0 0 0 0 0 0 0 75 0 0 0 85 0 0 0 0 0 0 84 0 30 0 83 52 0 0 60 0 0 0 0 0 0 0 0 0 0 0 88 83 0 0 0 0 0 0 0 24 20 0 40 0 0 0 0 0 0 0 32 61 27 0 0 0 0 0 0 0 0 0 0 0 0 0 0 0 0 0 0 0 80 97 0 0 0 0 0 0 0 0 0 0 20 0 0 36 63
0 0 98 0 13 0 0 27 0 0 0 23 0 0 0 0 56 0 0 0 0 44 0 84 0 0 0 53 3 0 0 0 0 36 0 48 0 0 0 51 0 0 0 0 0 0 0 0 0 0 16 0 0 68 0 0 0 0 23 0 0 98 73 0 0 0 58 0 0 0 40 84 0 0 0 0 0 0 62 0 41 0 0 0 0 27 0 0 35 0 0 0 0 0 0 0 0 0 0 0
0 67 0 0 0 13 0 0 0 0 0 0 0 0 0 0 0 8 0 0 50 0 43 0 59 0 0 0 0 0 0 0 0 0 71 41 59 0 35 0 94 0 0 54 50 0 0 2 0 6 0 0 0 0 0 0 0 94 0 2 0 0 62 0 0 0 0 0 0 11 0 0 95 0 0 0 0 0 0 0 94 0 79 79 0 6 0 0 0 92 81 0 55 0 0 0 0 0 0 0
0 0 0 0 0 0 0 27 0 99 0 0 74 0 0 0 0 0 20 4 0 0 0 0 0 0 0 0 0 0 0 0 64 0 0 24 0 26 0 0 2 0 0 0 0 44 0 0 0 83 0 0 0 39 0 20 0 0 0 0 0 0 0 0 0 30 0 7 1 0 24 52 0 4 0 0 69 1 0 0 75 79 0 0 0 0 96 0 0 0 0 0 0 47 0 0 0 0 55 0
0 65 0 0 0 0 8 0 0 0 0 0 90 0 0 0 0 0 0 60 0 0 65 0 0 0 0 18 0 0 0 0 0 35 0 0 0 0 36 0 0 47 0 0 0 0 0 0 0 21 0 96 0 0 0 0 0 26 0 0 54 0 90 0 0 0 0 100 12 0 0 42 0 95 33 0 63 0 0 0 29 0 79 0 0 0 0 0 0 0 96 0 7 0 0 24 0 0 0 48
0 0 0 91 0 0 0 0 0 0 0 0 0 47 0 0 0 14 74 0 0 0 0 0 16 55 92 48 0 0 0 29 0 0 0 0 62 0 0 0 0 0 0 90 0 0 0 0 0 57 0 61 0 83 0 50 0 0 0 0 0 0 0 0 0 0 14 0 0 0 42 0 92 0 0 94 0 0 60 0 0 0 0 0 0 43 0 0 73 0 0 0 0 0 77 0 38 0 0 0
0 0 0 0 56 0 35 0 79 27 0 56 69 0 0 0 0 0 0 0 12 0 0 0 18 24 0 31 58 0 0 0 94 0 0 76 85 0 0 31 0 0 0 0 0 0 0 0 0 0 44 0 32 0 34 0 0 0 0 0 0 72 0 0 0 0 37 0 0 0 0 0 0 0 0 0 0 0 0 0 0 89 0 0 0 0 53 0 0 0 37 0 0 0 0 0 0 0 0 0
0 0 0 33 0 0 0 0 0 0 0 94 0 0 0 0 0 0 0 0 0 0 0 0 0 0 0 0 0 0 0 0 0 0 0 0 0 0 0 0 0 16 0 0 0 0 0 0 69 0 0 0 0 0 0 25 44 0 7 13 0 0 0 0 78 18 0 15 0 0 0 0 0 80 90 0 0 0 0 71 0 0 40 10 0 89 0 85 0 94 0 0 0 0 0 0 0 0 0 0
40 0 0 0 0 0 0 0 43 20 35 0 0 0 0 0 80 0 51 0 0 0 0 0 0 0 0 0 0 0 0 0 0 0 0 48 0 14 8 0 0 0 0 0 0 0 49 0 0 0 0 86 93 19 0 0 0 11 0 0 78 0 0 0 0 0 0 0 8 44 0 0 0 0 0 0 85 0 0 75 76 0 0 0 0 0 44 8 0 0 34 0 0 0 0 0 0 60 0 21
0 0 0 0 0 0 0 0 0 0 0 44 0 73 0 0 0 0 0 0 0 0 0 0 0 41 0 0 0 0 0 0 0 81 0 0 0 33 0 0 0 17 0 0 0 0 0 0 0 0 0 0 0 43 0 0 27 0 0 0 0 0 0 80 0 0 0 67 0 0 67 0 54 56 0 66 0 0 0 51 0 0 0 99 0 26 35 0 0 18 0 0 0 0 88 0 0 0 0 0
0 0 0 0 93 36 0 26 28 61 0 0 0 0 0 0 0 0 0 0 0 0 0 0 0 39 22 0 0 7 0 0 0 0 0 0 0 0 0 0 84 92 0 0 0 0 93 0 0 52 0 0 0 92 91 9 0 0 46 0 0 0 38 0 0 0 0 0 62 0 0 0 0 31 64 13 0 0 0 40 38 88 0 0 0 0 0 0 0 0 0 0 0 9 0 97 0 0 0 0
0 0 0 28 92 69 90 0 0 59 3 39 0 0 0 0 0 0 94 0 0 0 55 75 0 0 0 0 15 96 90 0 0 24 0 0 0 0 0 0 0 0 0 0 0 0 0 0 79 0 0 0 0 0 0 0 0 0 0 96 8 75 0 0 68 0 0 0 0 0 0 0 0 0 0 0 0 0 0 0 0 4 26 0 45 0 0 0 0 0 39 0 0 0 0 0 0 0 0 0
22 0 0 0 0 0 15 86 0 0 0 0 49 54 0 0 0 0 0 48 0 0 31 0 0 31 0 61 0 0 0 16 0 0 0 26 0 0 0 0 0 0 0 12 6 0 0 0 0 0 53 0 0 0 0 0 0 0 0 0 0 0 0 33 0 0 49 0 0 59 0 0 0 0 82 0 0 59 0 0 0 0 0 0 88 0 25 37 0 0 0 0 0 0 0 0 17 0 0 0
72 12 66 42 88 45 0 0 63 25 0 97 0 0 0 0 0 0 0 0 0 0 40 0 0 0 73 0 0 15 0 0 0 0 0 99 0 0 0 0 95 0 68 0 80 0 0 0 0 0 0 0 0 0 0 0 0 0 0 66 58 0 0 0 80 0 0 0 0 0 0 0 0 0 0 60 0 0 0 0 9 29 54 49 0 0 0 60 0 61 56 0 0 0 0 65 62 0 0 39
0 0 0 0 0 69 0 0 64 0 0 0 0 0 0 37 88 52 0 0 0 0 0 0 0 73 0 0 4 0 0 0 0 0 0 0 33 0 30 0 0 25 0 97 10 0 77 0 0 0 0 0 0 0 0 0 47 60 0 0 0 0 0 0 0 23 0 0 91 0 13 54 40 0 0 0 0 0 0 70 0 0 0 92 46 0 62 0 83 56 0 0 0 0 0 0 0 0 0 0
0 0 0 0 0 0 17 44 28 0 0 0 66 0 0 0 0 0 0 0 0 0 14 0 27 62 95 0 0 0 0 0 0 39 0 0 0 0 0 0 71 100 0 62 28 0 0 0 99 0 0 0 0 26 81 0 0 0 0 0 92 0 0 41 0 0 0 71 0 41 0 38 0 0 0 11 39 0 0 59 21 0 0 25 0 0 0 44 59 0 7 0 20 0 33 0 0 90 0 0
0 54 0 0 0 0 15 0 0 0 0 0 0 0 0 0 0 0 0 53 0 0 24 0 0 0 0 0 0 92 0 51 0 84 0 27 0 72 30 0 0 0 0 0 26 0 0 0 0 65 0 0 0 0 0 0 0 0 0 0 0 86 0 0 0 0 0 0 0 80 0 22 0 0 0 0 0 96 0 35 28 0 0 0 0 0 0 0 0 0 0 0 0 0 0 0 0 0 66 0
75 0 0 0 0 87 0 0 46 0 88 0 0 0 0 0 0 0 0 0 0 72 0 0 30 0 0 56 73 40 0 71 0 46 0 79 6 72 0 0 0 0 0 100 37 0 99 0 0 0 0 0 0 0 0 0 0 0 74 0 72 0 0 0 0 23 0 0 0 56 0 0 0 86 0 0 0 0 0 0 0 0 0 0 0 45 22 0 0 0 0 0 0 9 93 0 0 40 0 0
0 0 0 0 0 0 68 0 0 0 0 0 0 0 0 73 0 0 0 0 0 8 0 0 0 0 0 0 0 0 0 0 84 67 0 0 0 49 0 39 0 52 0 26 0 33 0 52 30 0 78 0 26 0 0 49 0 62 0 83 0 29 0 0 0 70 0 0 0 86 0 32 0 13 0 0 20 91 75 0 0 0 0 0 0 0 0 0 8 97 0 0 0 0 0 0 0 0 0 0
68 17 0 0 30 0 0 46 0 0 89 80 86 0 0 41 0 0 0 0 0 0 0 57 0 0 0 0 0 42 0 0 0 0 0 0 0 0 0 0 0 89 40 0 0 0 0 77 0 0 0 0 0 0 0 0 0 0 0 0 0 0 72 0 0 55 0 82 0 0 0 0 0 0 84 0 0 35 0 0 0 0 0 0 0 0 0 0 0 0 0 64 0 0 0 0 21 0 0 49
89 0 36 96 89 0 0 0 0 20 0 0 37 0 0 0 0 56 0 0 48 0 50 0 0 0 86 0 0 0 0 0 0 0 0 0 32 63 0 0 0 0 0 0 38 0 0 0 0 0 0 0 85 18 0 0 84 0 0 0 0 0 0 0 0 0 0 0 0 0 0 0 0 0 0 0 0 0 0 0 0 0 0 0 0 0 0 0 0 29 4 80 0 52 0 0 0 0 31 0
59 0 0 95 0 0 0 0 0 62 0 0 0 0 0 0 90 0 0 0 0 0 0 0 67 0 0 0 0 31 0 33 0 0 0 0 0 0 94 32 0 0 0 100 0 0 0 0 0 39 0 0 0 0 0 0 0 51 0 0 82 0 39 82 56 0 39 56 0 0 43 0 24 29 14 0 67 0 0 68 0 0 0 63 0 9 28 95 0 0 0 0 0 0 93 0 0 100 0 88
0 0 0 0 0 0 66 0 0 71 0 0 0 9 40 0 33 40 0 0 0 0 0 77 82 0 0 0 95 0 18 0 0 0 0 0 0 24 0 0 0 0 0 0 0 51 0 0 0 0 0 0 0 0 0 0 0 0 0 6 0 13 0 0 41 0 0 0 0 0 0 45 0 0 0 0 0 0 0 4 0 0 39 0 0 0 0 0 0 0 84 0 91 35 0 0 60 0 0 53
0 0 26 0 0 27 55 8 0 0 0 34 88 0 0 0 0 0 0 88 0 18 0 0 64 0 0 0 60 0 0 0 0 0 0 84 0 0 0 48 0 68 0 0 0 0 0 94 0 0 0 0 0 0 0 0 0 0 0 0 0 0 0 0 0 0 0 0 30 36 0 41 0 0 0 0 65 0 0 0 0 0 0 37 0 0 0 0 0 27 0 0 22 0 91 0 0 0 0 0
47 0 81 0 0 65 0 0 41 0 98 0 0 0 0 3 56 56 0 0 0 0 0 0 0 0 0 0 0 0 0 0 57 0 0 0 0 0 0 65 51 0 0 0 0 0 0 0 0 0 0 0 64 0 0 0 0 0 0 92 0 10 28 90 0 90 99 2 0 0 0 0 0 0 0 44 10 27 0 0 84 0 27 21 37 57 0 0 0 44 0 0 0 41 0 0 0 0 0 0
0 0 0 0 62 0 0 0 0 0 45 49 65 0 0 0 0 17 0 0 0 0 44 0 0 0 0 0 0 0 0 0 0 0 0 0 0 0 60 0 0 0 0 0 0 0 0 0 0 31 0 0 63 0 0 0 21 0 94 0 0 0 0 4 0 0 14 0 0 0 0 50 0 0 0 0 21 0 0 0 0 0 59 0 0 51 91 0 92 44 0 0 19 0 0 0 0 0 79 31
0 0 78 0 0 85 0 0 0 46 0 0 0 0 0 0 66 0 0 0 0 0 0 0 0 0 0 32 0 89 0 0 22 0 0 0 0 21 0 0 0 0 0 0 12 0 0 0 0 0 0 0 0 0 0 98 59 97 0 0 0 0 0 0 58 0 0 5 0 0 0 0 0 21 0 82 0 0 28 0 0 96 0 0 0 0 0 0 0 93 0 0 91 0 0 0 0 0 0 0
23 0 0 0 37 75 25 94 0 36 0 92 0 0 0 60 100 0 12 0 0 0 0 0 0 51 98 0 0 39 0 0 0 0 0 31 0 0 0 0 0 0 0 86 0 2 0 0 0 0 0 0 6 0 0 0 0 0 0 0 0 0 92 0 0 0 0 0 86 0 0 0 0 0 0 0 0 0 66 0 0 0 60 0 98 0 0 0 0 0 35 0 0 37 30 30 0 0 0 0
0 0 0 0 55 0 0 0 17 91 0 0 0 35 0 95 0 82 0 0 2 0 55 0 0 86 0 17 0 0 64 2 0 0 0 0 0 0 0 0 0 0 0 0 0 0 0 0 32 0 0 0 0 56 0 0 0 0 0 0 0 0 0 48 95 0 0 39 0 0 0 0 0 0 0 39 0 37 0 79 0 0 0 0 0 0 0 0 0 0 0 29 0 35 0 0 0 0 0 0
0 0 0 0 27 0 0 0 0 0 78 0 55 0 0 0 0 0 0 0 0 0 0 0 0 0 0 0 0 0 0 0 0 0 78 0 0 0 0 0 0 0 0 0 9 0 0 0 0 0 0 0 0 21 66 0 0 0 31 88 50 0 0 0 0 0 0 30 0 0 0 0 0 0 0 0 79 0 0 0 61 0 21 0 0 0 0 0 0 0 0 0 0 0 0 4 13 0 0 0
81 38 0 0 88 53 0 0 0 38 6 0 0 0 0 50 0 0 0 0 0 0 20 0 19 0 0 14 0 0 0 93 0 0 66 0 5 0 0 70 55 0 0 0 0 0 31 0 0 0 0 0 0 37 50 0 0 45 0 51 57 0 0 0 0 93 0 0 0 0 0 61 0 82 0 64 0 0 0 0 44 0 0 0 0 0 0 0 0 0 0 29 67 0 0 0 0 29 0 84
0 25 0 29 0 0 0 0 0 56 0 0 0 4 0 31 0 0 0 0 0 0 0 0 0 0 0 0 7 0 0 99 0 0 0 0 0 0 0 0 0 0 29 0 0 63 0 0 37 0 0 0 87 0 0 0 0 0 0 97 0 0 0 0 0 0 0 0 0 49 30 0 61 0 0 0 0 0 0 0 0 0 0 0 0 0 0 0 12 0 0 0 0 0 0 90 0 0 0 0
0 0 0 0 0 0 0 0 0 0 0 0 0 0 0 32 0 0 0 0 0 0 0 0 46 0 0 0 0 0 0 20 0 0 0 76 0 0 0 0 86 0 0 0 49 0 0 46 0 0 8 0 90 40 47 73 0 0 0 48 0 0 92 0 0 0 80 45 0 0 0 0 0 0 0 88 0 92 0 50 43 0 0 0 0 0 0 0 29 24 0 0 0 16 4 26 0 0 0 0
0 0 0 0 0 38 0 0 0 0 0 0 0 0 78 0 0 0 0 0 0 0 0 0 0 0 44 0 0 0 0 0 0 0 0 0 0 0 0 0 0 0 0 0 0 1 0 57 0 66 0 0 0 47 0 0 0 0 5 0 56 0 0 98 0 0 24 0 0 0 0 0 0 0 0 0 0 0 0 0 36 0 0 0 0 0 0 0 0 0 0 97 88 0 91 0 0 0 0 0
0 0 0 39 44 0 0 0 0 0 0 55 0 51 0 0 48 0 0 0 0 0 0 0 0 89 0 0 0 0 0 86 0 16 0 0 55 75 0 0 0 0 0 0 6 0 46 66 0 0 70 99 0 91 0 75 0 0 70 0 20 0 0 0 0 74 0 0 0 0 0 12 0 0 0 0 93 0 0 4 0 0 0 0 49 0 0 36 0 0 0 0 0 94 0 0 60 100 17 0
0 98 0 17 0 0 0 27 0 0 0 0 91 0 0 88 0 0 0 0 0 45 0 0 0 33 0 0 0 0 0 0 0 0 0 0 0 0 0 0 0 0 0 0 0 0 0 0 38 94 0 0 43 0 0 0 0 25 0 27 0 0 0 70 0 31 72 74 0 0 79 95 0 0 0 0 56 0 0 35 0 0 17 0 83 0 0 0 0 0 94 0 0 0 0 0 0 0 0 0
0 89 0 0 68 0 0 0 90 0 0 89 0 0 0 0 0 0 0 0 0 0 0 19 53 1 96 0 0 0 0 10 77 44 0 0 0 0 0 43 0 91 0 13 0 34 0 0 0 0 0 0 0 45 0 0 0 90 0 0 0 0 0 0 0 0 0 26 0 0 0 0 0 85 0 0 0 0 0 0 0 20 0 15 0 46 72 0 53 94 0 0 0 0 0 0 85 0 0 0
0 7 0 0 0 0 0 0 0 0 0 0 19 0 81 83 0 0 0 0 0 0 0 0 0 27 0 0 0 0 0 0 0 18 0 0 29 0 0 0 78 22 0 9 0 0 67 0 0 0 83 29 0 0 0 0 0 40 0 0 15 0 0 0 0 0 42 0 0 0 54 0 46 16 0 0 63 0 50 0 32 0 0 0 94 0 0 0 0 0 30 0 89 0 0 62 0 0 0 0
0 0 86 0 0 0 71 0 0 0 0 0 91 0 0 0 0 0 56 0 0 0 0 54 0 0 0 0 0 0 0 0 43 0 2 0 0 0 0 37 0 88 0 47 0 0 0 0 0 48 0 47 0 0 42 0 94 0 8 0 0 0 0 0 0 0 8 0 0 32 44 0 0 0 0 0 24 0 0 0 0 0 48 0 0 0 0 0 4 0 0 12 0 0 0 20 0 0 0 0
23 0 0 63 0 0 0 0 0 0 0 0 0 79 3 0 0 0 0 0 0 0 0 0 34 0 84 0 50 43 0 0 0 0 80 0 0 0 0 0 95 0 0 21 0 0 0 0 0 0 0 0 0 0 0 0 0 86 3 70 0 0 70 0 82 0 0 0 0 0 0 0 0 0 0 24 0 0 0 0 0 12 0 0 96 0 0 0 0 0 0 74 0 0 61 0 0 0 67 0
0 0 0 0 0 0 0 0 0 0 0 0 0 0 14 0 0 44 0 0 70 27 0 0 0 0 0 0 0 79 0 0 14 88 98 80 0 0 0 96 0 0 0 0 31 0 0 0 0 0 0 0 0 17 0 0 0 0 0 0 0 0 34 0 0 0 0 0 0 0 70 0 0 0 0 0 0 0 0 0 0 0 0 0 0 0 21 0 66 40 0 0 0 2 0 0 0 0 0 13
0 26 0 93 22 43 0 21 0 0 0 0 65 0 0 0 0 34 0 0 0 0 0 0 0 0 0 48 15 35 0 0 0 0 0 0 0 0 29 0 96 0 42 0 0 0 0 0 0 0 0 0 0 0 90 39 0 0 0 0 0 0 14 0 0 0 0 0 0 0 44 0 0 0 0 56 0 94 0 0 0 0 0 0 0 0 0 0 0 12 0 0 0 0 0 45 0 0 0 0
64 0 0 0 0 0 0 0 17 0 0 68 0 0 90 0 0 70 73 0 51 0 0 0 92 0 0 31 0 0 56 0 97 0 0 0 0 0 0 73 0 0 0 24 0 25 0 0 0 0 0 0 0 0 0 0 0 64 35 0 0 77 0 0 83 0 0 0 0 0 57 0 0 28 0 0 0 0 0 0 0 74 0 0 0 88 24 41 0 0 0 0 0 30 0 0 91 24 0 0
0 0 0 0 0 0 0 56 0 0 0 0 0 0 0 0 0 48 0 30 0 48 2 0 0 50 0 24 76 0 0 0 0 0 0 0 0 0 0 0 0 0 0 0 36 0 0 9 0 11 0 43 0 0 0 0 0 0 0 0 40 0 0 0 5 0 0 0 0 0 0 62 0 0 3 0 0 0 0 0 98 3 0 0 0 0 32 22 54 0 33 0 0 0 0 0 96 0 0 0
0 0 0 0 0 0 0 2 0 10 0 0 0 12 0 43 0 0 0 25 0 76 0 83 77 100 26 0 0 0 96 0 0 76 0 0 0 54 0 0 0 40 0 0 0 0 41 0 0 0 47 39 0 0 0 0 0 0 62 0 0 0 0 38 0 4 0 0 0 0 0 25 0 0 0 0 0 0 0 82 0 52 0 0 0 0 75 0 15 0 0 0 0 0 28 89 0 0 0 0
14 60 77 0 0 0 0 22 24 54 0 0 0 53 0 0 0 52 53 0 71 62 0 0 20 0 0 56 0 0 0 0 0 0 0 0 0 91 0 0 0 0 0 23 48 23 24 0 0 54 96 0 76 0 0 0 0 0 0 0 0 0 0 0 38 0 0 0 0 0 0 0 0 84 0 0 0 0 0 0 0 82 73 25 0 0 0 0 0 0 0 0 0 0 0 0 0 0 0 0
0 55 17 0 0 0 0 0 0 55 0 0 35 0 0 0 0 0 1 0 0 0 0 0 0 0 0 65 0 0 0 42 0 39 0 0 78 99 0 0 24 88 0 0 0 0 0 0 0 0 19 0 0 0 5 34 0 0 0 0 0 0 0 29 0 0 0 0 82 0 0 53 0 0 0 0 0 0 0 18 19 0 0 58 0 0 0 0 48 0 0 0 0 0 86 0 0 0 0 0
12 91 0 0 0 0 0 0 22 0 0 54 0 8 0 0 0 0 0 0 0 100 0 76 0 0 0 0 43 0 0 0 0 57 8 0 0 0 0 89 74 0 0 0 0 0 0 0 0 0 0 0 6 0 0 29 68 0 0 0 0 0 0 0 0 0 0 0 0 0 0 0 0 0 78 0 0 0 0 35 0 8 13 0 0 0 0 0 6 0 0 0 0 0 75 0 0 0 0 0
0 0 0 0 70 46 0 0 0 0 0 0 0 0 0 29 41 0 0 0 22 0 0 0 0 0 48 0 0 0 0 45 0 0 0 0 0 61 0 0 0 0 0 1 27 0 0 0 0 0 0 21 0 0 0 0 0 0 45 0 0 0 0 0 0 0 0 0 47 0 0 0 79 0 0 0 0 0 0 0 0 0 98 0 0 48 0 0 0 0 0 0 0 25 0 0 7 0 0 0
64 0 0 0 0 0 0 0 0 0 0 0 26 0 0 0 0 50 66 66 0 0 0 0 0 0 24 0 0 0 5 0 89 0 0 0 45 0 0 0 0 0 0 0 0 0 2 79 55 0 0 0 13 0 0 0 0 0 44 0 42 0 0 62 0 0 0 0 75 0 53 0 0 0 0 0 0 0 0 0 0 0 0 0 8 0 13 0 0 0 0 0 0 0 0 0 0 3 0 4
0 0 0 0 0 77 0 0 0 0 0 0 14 36 0 24 21 0 0 0 0 0 0 0 0 0 0 0 39 0 0 0 0 38 0 0 0 0 0 30 0 0 0 0 67 0 0 0 0 92 11 24 0 1 0 43 32 4 0 83 0 0 0 2 0 0 0 37 73 0 0 0 0 44 0 0 42 0 0 28 0 0 0 0 0 0 0 0 100 0 0 71 19 0 0 0 0 0 0 0
0 0 0 68 0 0 0 0 0 0 0 83 0 0 0 0 0 0 0 0 0 12 0 80 0 27 0 0 0 0 0 0 94 0 0 0 0 0 0 94 0 0 0 0 0 0 0 0 17 0 0 0 46 0 0 1 0 0 0 0 0 0 0 23 0 0 0 8 0 0 64 0 0 65 0 0 0 0 0 0 49 0 60 41 0 0 82 0 15 0 0 0 0 0 0 0 0 0 0 0
0 0 0 0 0 0 55 0 0 48 0 0 0 52 0 78 0 0 0 65 0 0 67 0 0 0 0 0 0 0 0 0 24 0 30 0 0 70 61 0 0 0 82 48 0 0 0 0 23 0 32 0 0 0 0 0 0 0 0 0 0 0 76 0 0 10 0 0 0 0 0 0 0 66 0 0 18 0 0 0 0 0 0 0 0 0 0 0 57 79 0 0 0 0 0 0 31 0 0 24
0 0 0 0 0 0 0 0 49 0 0 0 0 53 81 0 0 0 42 0 61 0 95 0 7 16 80 0 0 0 59 0 30 0 0 0 0 0 0 30 0 0 0 0 0 0 83 0 0 0 0 0 96 0 66 0 0 0 0 34 29 40 32 0 62 0 3 0 0 0 86 63 0 90 0 0 0 0 0 76 13 0 0 0 0 0 47 16 0 0 0 0 15 0 59 0 54 0 0 0
0 28 6 0 0 0 0 0 65 0 0 38 12 20 0 0 0 0 0 0 0 99 0 0 0 36 37 31 0 0 30 0 50 0 0 0 0 0 0 48 48 0 0 0 29 17 0 0 59 28 0 21 0 43 15 0 0 70 0 20 0 0 10 95 73 0 77 0 0 0 0 39 67 0 13 0 27 0 55 0 0 32 0 0 0 0 43 0 59 0 0 0 0 0 0 0 0 0 78 41
0 51 0 0 0 48 0 26 3 3 0 39 0 0 0 0 0 0 0 0 0 0 0 0 0 0 0 0 25 0 0 31 0 34 0 0 60 0 0 0 0 39 99 70 0 0 0 51 0 37 34 5 20 75 0 0 0 93 61 4 0 0 21 0 0 20 54 0 98 0 0 0 0 0 10 46 0 72 0 37 57 48 0 0 99 0 0 0 0 99 33 46 8 0 0 0 0 0 0 80
0 0 0 74 0 0 0 0 0 0 0 0 37 0 58 54 67 23 0 0 0 0 0 0 0 0 0 99 46 0 72 0 0 0 99 17 0 29 57 0 50 0 92 0 0 10 43 0 0 10 0 0 23 89 0 0 4 0 0 6 87 35 0 0 0 95 0 0 95 0 50 35 75 0 67 0 0 0 0 0 0 0 0 28 0 0 0 0 0 0 0 0 0 0 0 0 0 0 0 0
0 0 0 0 0 0 36 0 0 0 0 0 24 0 0 68 0 65 0 84 0 0 0 0 44 0 0 0 18 0 0 0 0 0 26 0 0 26 0 0 0 0 0 0 0 0 0 0 0 0 0 52 0 0 0 0 13 0 0 0 0 96 0 0 0 0 0 0 0 0 60 0 0 0 0 0 0 0 0 0 0 55 0 0 0 0 56 0 0 0 0 92 0 0 68 44 0 0 0 0
0 0 0 17 0 88 0 73 0 22 94 0 0 0 21 0 0 0 0 0 0 8 0 8 0 39 0 0 0 84 0 0 81 58 11 0 0 0 0 0 0 0 27 0 0 0 0 0 0 0 0 0 0 0 0 0 0 0 0 0 0 0 0 0 0 0 0 0 0 0 0 0 0 0 0 0 0 0 0 0 28 81 0 0 0 0 57 3 0 0 33 0 0 0 0 0 0 0 0 0
0 0 0 0 39 0 0 0 54 0 0 0 0 22 0 0 0 0 0 0 0 0 0 0 0 0 22 88 0 62 0 7 0 68 68 0 0 0 0 0 0 0 0 0 94 0 0 0 0 0 0 0 67 0 0 83 0 0 0 0 0 0 0 0 100 11 0 0 73 77 1 0 0 46 0 0 0 0 0 0 46 0 0 6 0 0 0 0 0 30 0 96 0 0 0 0 99 0 0 0
0 0 0 0 89 0 0 0 80 0 0 0 0 0 0 0 0 0 0 0 56 0 0 0 70 33 36 0 0 0 0 68 0 0 0 0 0 0 0 0 77 0 0 0 0 61 0 0 0 0 0 0 84 0 26 0 14 0 96 76 77 0 11 95 0 0 0 0 0 0 88 75 0 0 0 0 0 0 0 0 0 0 0 49 0 0 20 0 0 0 82 0 0 30 65 0 0 0 0 0
0 0 34 0 0 0 0 0 0 0 0 77 0 0 0 10 0 0 0 0 65 0 0 0 75 0 0 5 0 0 0 0 0 40 0 5 0 0 0 0 0 0 0 14 0 0 0 29 0 86 0 0 42 35 0 0 67 0 0 0 58 0 0 0 0 72 0 0 0 0 0 39 0 50 0 48 40 0 98 0 0 0 1 0 0 61 54 0 0 0 68 0 0 0 46 2 0 0 0 0
0 95 0 0 49 94 0 0 81 34 0 7 0 0 0 0 0 43 0 50 0 0 71 66 0 76 0 0 4 35 0 0 0 0 26 0 0 0 0 83 0 26 0 0 0 0 47 23 0 0 0 91 55 0 0 0 0 0 90 8 0 0 0 52 0 99 0 0 64 0 0 0 0 0 0 11 0 0 0 0 0 0 0 0 19 0 0 0 0 30 0 0 0 0 89 0 55 10 0 0
0 0 0 0 0 0 0 0 0 93 0 0 0 43 0 0 0 86 54 0 65 73 48 0 56 0 0 59 0 7 0 0 0 0 0 27 72 0 0 0 0 0 0 12 0 67 0 42 0 50 9 0 0 0 0 0 0 98 75 0 0 0 18 0 0 50 0 86 0 0 0 0 0 0 0 32 0 0 53 76 0 0 0 14 0 63 55 0 0 0 72 0 0 0 0 59 0 0 0 0
0 0 0 0 0 0 0 0 0 0 0 0 0 0 0 0 0 0 0 0 0 0 0 0 0 0 0 63 76 1 0 0 0 0 0 0 0 0 0 0 0 0 51 75 0 0 0 0 0 90 0 0 0 39 21 0 0 95 0 0 0 77 0 0 52 0 0 0 0 0 10 0 0 98 0 0 0 0 48 0 82 18 0 0 0 0 41 0 0 0 0 83 0 0 32 0 0 0 46 0
0 0 84 96 0 0 7 0 6 0 0 0 0 0 0 0 0 0 0 0 34 46 0 47 0 0 70 28 0 0 0 0 49 0 54 0 0 0 0 0 58 0 0 0 96 57 0 0 0 0 5 0 0 51 0 0 0 0 0 0 0 0 0 0 0 0 0 0 0 0 55 0 78 0 18 22 68 0 0 0 0 0 58 93 0 0 0 0 0 0 0 75 45 14 0 0 0 0 0 0
0 0 0 0 0 0 0 35 64 0 0 0 0 0 42 17 0 0 0 0 0 0 0 7 0 0 17 0 0 96 0 0 0 0 0 0 0 0 0 0 0 0 37 0 0 0 0 0 0 12 0 0 0 89 0 36 0 0 0 0 0 99 0 0 0 15 0 0 0 0 0 0 0 0 0 0 0 98 0 0 0 0 0 0 0 0 0 35 0 0 0 88 29 0 0 0 0 0 0 6
0 0 0 0 0 0 0 0 32 74 0 0 0 0 0 0 0 0 0 0 44 0 71 0 0 0 0 0 66 0 0 0 0 0 0 71 0 0 0 56 49 0 0 67 0 0 0 69 40 0 0 0 0 0 0 0 41 57 0 0 0 0 0 0 51 97 0 78 0 0 27 0 0 0 0 4 0 73 51 39 0 0 0 0 7 0 0 11 0 55 0 0 30 0 0 0 0 0 53 0
0 0 0 0 23 0 32 0 0 0 0 0 0 0 0 0 13 0 0 79 0 24 87 0 56 0 31 26 58 0 0 0 0 0 0 0 0 0 0 16 0 0 0 0 0 0 40 0 0 81 0 0 0 0 90 39 0 76 0 0 0 0 0 0 63 16 0 36 55 0 0 0 0 0 0 0 0 77 41 0 0 0 0 0 0 0 0 0 0 0 0 65 0 0 0 0 70 0 72 18
54 0 0 17 8 0 84 0 0 0 0 5 0 0 32 0 0 47 0 0 0 0 35 0 0 0 0 0 0 88 0 0 0 0 0 0 4 0 0 89 19 0 0 0 0 0 0 0 0 0 0 0 0 0 0 0 8 0 0 0 0 0 0 0 0 0 70 0 54 58 0 0 0 0 31 0 0 76 0 0 0 0 53 44 0 0 0 0 0 0 0 75 69 0 0 0 0 50 0 4
0 0 0 95 0 15 0 0 0 0 0 0 0 75 0 0 0 0 0 0 0 0 0 0 0 0 0 0 0 0 0 0 54 0 0 0 0 0 0 51 0 0 89 0 0 0 0 45 0 0 77 0 0 0 0 0 82 0 49 70 0 0 0 0 0 0 0 0 0 71 0 95 0 0 0 0 0 5 0 0 11 0 0 0 0 0 0 0 0 76 0 0 0 0 0 0 0 37 0 0
52 0 0 0 0 45 82 0 9 0 0 0 0 0 0 52 0 0 100 94 0 0 0 26 11 0 99 0 17 63 65 0 0 0 0 0 76 65 0 75 0 65 0 0 88 0 0 74 0 76 0 0 0 0 0 0 0 0 57 0 7 0 0 0 0 0 0 27 37 63 67 0 0 0 0 0 0 84 0 61 0 0 0 0 97 0 0 42 0 61 0 0 0 0 0 0 50 0 0 85
0 0 0 0 16 0 0 0 0 0 0 0 0 0 0 0 0 0 0 0 46 0 0 0 0 10 0 95 0 0 0 1 81 0 0 0 0 0 0 0 44 93 0 0 0 0 0 0 0 0 0 0 0 0 100 55 60 0 35 0 0 0 52 0 0 0 84 0 93 18 0 0 0 0 0 0 0 0 0 0 84 42 80 0 0 0 0 0 46 0 0 54 0 25 0 0 0 0 0 0
0 0 0 0 0 0 0 0 82 70 0 54 0 0 0 98 0 19 0 55 0 0 0 2 0 0 0 0 0 0 0 0 0 0 0 12 0 0 38 0 68 0 0 7 0 0 0 0 0 0 0 0 58 62 0 0 0 0 0 0 0 82 7 0 0 0 0 0 0 64 0 25 51 0 0 0 0 0 72 5 0 0 0 0 0 0 0 0 0 0 26 0 0 94 0 32 0 0 0 0
0 0 0 0 0 50 0 0 0 0 0 0 62 0 0 0 0 0 0 0 0 0 0 0 0 0 0 0 0 0 0 0 0 0 92 0 70 76 0 16 0 18 0 37 0 48 29 0 0 70 0 0 83 0 0 49 65 0 0 98 79 0 0 0 0 57 0 21 65 0 0 0 72 0 0 81 0 0 0 81 32 0 0 56 9 0 0 0 0 0 0 0 0 0 0 0 0 0 0 0
0 0 0 0 0 0 0 0 0 79 0 0 42 0 0 0 0 40 0 0 0 0 0 0 0 0 0 0 0 0 0 36 4 0 0 31 0 0 0 92 17 0 0 46 33 0 0 0 0 66 0 0 0 67 0 0 0 0 0 0 0 0 18 0 0 0 0 0 0 88 0 0 0 0 0 0 0 69 0 0 94 98 14 0 0 90 0 0 0 0 0 0 93 0 0 0 0 0 43 0
0 0 0 0 0 0 22 0 0 0 0 47 0 0 0 0 0 0 93 0 0 0 0 0 0 0 0 0 0 0 0 0 0 0 0 0 0 0 0 0 0 76 0 0 0 0 56 0 98 0 0 0 59 0 0 0 0 0 0 0 50 0 79 0 0 0 60 21 0 0 0 0 0 0 0 0 0 0 0 84 0 0 4 12 0 0 0 0 50 0 93 89 0 0 0 35 0 0 40 0
0 0 0 50 0 5 0 25 0 0 0 41 91 0 0 0 62 0 0 0 0 0 55 0 0 0 0 0 0 0 6 69 0 76 17 0 22 0 0 0 0 0 0 95 0 68 64 0 0 0 0 11 0 0 0 0 0 0 53 0 0 0 0 87 0 0 0 0 0 0 0 0 0 0 90 28 0 0 75 0 70 0 4 0 0 93 0 70 0 0 0 0 49 0 0 0 0 0 0 0
0 0 0 0 27 0 0 0 46 42 31 0 59 0 0 0 0 0 0 0 42 0 0 0 0 0 85 55 0 0 0 0 0 0 28 0 0 99 0 0 0 91 45 0 0 57 55 0 0 0 0 59 70 100 0 0 0 0 0 0 66 0 0 0 0 0 0 0 66 85 0 0 0 2 0 0 0 0 95 0 0 0 0 0 0 26 0 29 83 52 0 0 69 0 59 0 22 0 26 73
45 0 62 0 0 0 0 55 0 0 0 19 36 0 0 0 94 77 0 0 0 64 94 0 63 0 0 0 97 0 0 0 0 0 0 0 81 0 0 0 0 0 0 0 0 0 0 0 0 44 0 0 0 3 32 0 0 0 0 8 0 70 0 0 0 0 8 0 0 0 0 0 0 0 0 0 0 0 0 0 0 0 0 0 0 0 0 19 0 0 0 0 0 0 0 0 0 51 0 29
0 32 0 0 0 9 0 0 0 0 0 63 0 22 0 25 0 0 9 0 0 0 56 0 0 0 0 0 1 0 31 0 0 0 0 0 0 0 0 0 83 0 0 37 0 2 0 4 0 0 0 59 0 0 0 0 0 97 57 0 0 0 0 0 0 0 0 0 0 0 25 0 0 0 0 0 0 41 0 56 47 76 0 0 0 0 0 0 0 0 0 0 0 0 0 0 0 0 68 69
0 0 0 62 0 0 0 0 0 0 0 0 0 0 0 0 0 0 0 66 0 0 0 0 0 94 0 0 0 79 0 0 83 5 0 0 46 0 0 0 0 0 87 63 0 0 0 0 0 37 36 0 0 0 0 0 0 0 0 0 0 0 0 1 0 0 0 62 0 0 15 0 0 0 0 42 0 0 0 0 0 0 0 0 24 0 0 0 0 0 63 64 30 4 0 63 0 0 26 0
27 0 0 0 0 0 0 19 0 0 0 11 0 0 0 0 98 32 0 0 0 0 0 0 0 0 0 0 0 71 1 0 0 6 0 49 65 0 0 0 0 0 0 0 0 0 0 0 0 0 1 45 15 0 0 0 0 30 91 0 0 0 0 0 0 0 0 19 0 0 0 0 0 6 0 25 0 73 0 66 0 32 29 0 0 0 16 0 0 0 19 0 80 46 0 0 0 13 0 16
96 0 0 0 39 0 28 0 0 0 0 51 0 0 0 0 0 28 0 0 0 0 0 0 0 0 38 0 0 16 44 0 80 0 57 16 0 0 0 0 0 0 0 0 0 27 0 0 82 0 0 92 0 0 0 0 0 0 45 1 0 65 0 54 0 0 0 0 0 24 88 0 0 0 0 0 0 19 0 97 0 80 0 75 0 0 0 0 0 0 15 0 0 0 74 0 0 0 0 0
0 0 63 0 0 58 0 0 0 0 0 0 0 0 0 0 0 0 0 0 0 0 0 0 0 0 16 19 0 0 65 0 0 70 0 0 39 0 0 81 0 0 83 0 0 0 99 0 0 0 0 96 0 0 0 0 0 0 0 0 59 0 75 0 0 85 0 0 0 0 0 0 51 0 0 82 0 0 44 57 83 0 0 0 0 0 0 0 0 0 0 0 3 0 0 0 0 0 96 35
0 0 69 0 0 7 0 0 0 0 0 0 0 38 0 0 0 0 0 0 82 22 0 0 49 0 0 0 40 0 3 0 42 0 0 0 0 0 0 0 0 0 0 0 0 0 0 0 0 0 0 0 35 77 0 0 0 0 0 0 0 0 0 0 0 0 0 0 0 0 0 81 87 0 53 83 0 43 0 0 0 0 0 0 28 0 0 0 2 0 0 0 0 0 0 0 0 0 0 0
0 0 0 0 87 0 0 0 55 27 0 0 19 99 0 94 99 0 0 0 33 78 0 0 0 49 0 0 0 0 0 72 20 0 87 0 32 0 60 13 0 0 60 0 38 0 0 0 69 0 0 97 0 0 0 23 0 0 83 7 0 0 0 44 0 0 72 19 0 0 0 0 0 51 57 0 0 24 0 0 0 25 25 0 40 71 0 0 38 0 47 0 0 0 0 0 0 0 0 0
30 0 0 22 0 0 0 74 0 39 0 0 0 46 0 32 0 0 100 0 0 59 0 0 0 0 22 0 89 0 0 0 0 0 0 0 0 0 0 65 0 0 0 0 1 0 0 0 4 0 0 0 0 0 0 79 0 0 83 0 0 6 29 0 0 22 81 80 0 0 0 0 0 0 0 0 0 26 0 0 0 0 0 0 25 0 0 0 70 0 0 0 0 0 0 0 0 0 0 0
0 0 0 58 0 95 0 0 0 0 0 0 0 0 0 0 0 0 0 0 74 0 71 0 51 20 64 0 0 0 0 86 83 0 0 0 83 0 0 0 0 0 83 0 78 0 0 81 0 0 20 0 0 0 0 90 0 0 0 0 0 0 0 0 0 85 0 0 0 0 0 0 0 0 0 0 0 82 0 0 0 0 0 0 0 58 45 0 0 0 56 0 0 0 0 55 88 71 0 0
0 0 90 0 0 0 0 0 0 15 0 0 0 0 0 0 0 89 0 8 0 0 0 0 81 38 0 0 0 0 0 0 0 41 0 19 0 75 0 0 0 0 0 0 0 2 0 0 92 88 93 0 7 0 0 0 21 0 0 43 0 0 0 0 48 6 68 0 60 0 34 0 0 39 0 0 70 68 0 0 0 0 53 0 0 0 0 0 0 0 0 0 44 0 0 2 0 0 0 0
60 50 0 8 0 0 0 0 0 88 76 80 0 19 70 0 0 0 17 0 0 0 0 58 0 0 0 0 0 0 0 0 0 0 84 0 82 0 88 76 0 0 87 0 0 0 0 54 51 0 42 0 0 0 14 0 48 0 0 14 0 0 0 8 38 28 0 0 0 0 0 0 41 0 0 0 57 18 0 0 0 0 0 22 0 0 0 0 0 20 0 0 24 0 0 0 0 0 0 0
0 71 3 0 0 0 0 0 91 0 24 35 88 0 0 0 64 0 0 70 20 62 59 0 0 77 15 0 0 0 0 0 0 0 0 83 0 69 62 0 0 0 0 0 0 0 0 17 0 91 0 0 0 66 0 0 0 0 29 55 41 0 0 0 0 14 0 47 0 62 47 0 0 0 0 0 73 21 15 0 0 0 0 0 0 2 0 95 0 0 43 0 29 0 0 0 0 71 73 0
0 0 0 0 97 0 12 0 26 0 0 0 66 0 82 0 0 44 0 0 0 0 0 0 0 0 0 58 0 0 0 73 0 0 0 80 0 0 1 15 0 0 0 0 0 0 0 68 0 0 0 0 0 83 97 0 0 68 0 0 0 0 0 0 0 0 0 0 70 0 0 77 0 0 74 0 40 18 21 53 0 0 0 0 88 89 0 0 0 0 0 13 0 87 0 0 66 0 0 32
0 0 0 0 0 0 0 0 0 0 0 0 0 0 51 0 0 0 0 53 0 0 0 0 57 0 0 0 0 0 72 0 0 0 0 0 23 12 0 0 0 0 99 0 0 0 0 0 0 0 0 34 0 0 0 0 35 64 0 0 0 0 0 0 88 3 0 39 59 0 0 61 0 31 72 0 0 0 0 0 0 0 0 0 0 0 0 0 0 0 0 39 0 0 23 0 42 0 0 0
0 0 0 54 0 0 0 0 45 0 0 0 0 0 0 0 64 0 0 38 0 0 0 0 0 0 0 10 25 0 0 0 0 65 0 95 0 0 0 0 0 93 94 0 0 0 91 94 0 10 50 0 30 1 90 0 0 0 86 0 0 0 0 0 20 0 11 0 0 0 0 0 0 0 0 0 0 0 0 0 100 0 0 31 37 0 0 92 0 0 0 0 0 0 0 0 0 80 38 0
0 0 0 0 0 0 12 79 0 0 99 0 0 0 0 0 76 0 93 0 61 0 20 82 90 0 0 15 0 53 60 26 0 0 0 0 0 0 0 0 42 16 0 53 0 0 16 0 20 0 0 0 0 0 0 0 71 0 0 91 82 40 0 0 0 92 0 46 0 99 0 0 58 0 0 0 0 91 0 0 0 0 99 0 72 0 0 0 0 0 66 0 0 34 0 0 100 11 37 0
0 0 19 0 0 0 0 0 6 0 46 0 0 0 0 0 0 0 0 0 74 0 92 75 66 0 0 0 0 0 0 0 0 0 0 0 0 0 0 0 0 0 0 0 0 0 0 0 0 24 4 0 0 0 0 0 0 0 0 0 30 0 71 0 0 0 0 100 52 45 0 0 0 0 0 69 80 0 0 23 0 0 0 0 0 26 82 0 0 86 0 0 0 0 0 0 0 0 0 0
0 0 31 18 0 0 0 12 0 86 50 5 0 0 0 0 0 68 0 0 0 93 0 57 0 0 0 0 0 0 0 0 0 0 10 0 33 0 72 24 31 0 0 0 0 98 19 87 0 0 91 0 0 96 80 97 0 0 0 0 49 0 79 0 0 36 0 0 79 0 57 32 0 0 0 77 0 0 0 31 0 42 0 81 0 0 0 66 0 0 0 0 0 80 0 0 0 88 86 83
20 48 0 2 59 0 6 93 100 0 5 0 0 0 0 0 44 0 0 38 0 0 0 0 0 14 0 0 0 0 0 0 15 73 0 0 0 0 0 0 0 0 0 0 0 0 0 0 25 20 81 22 0 57 0 0 0 39 75 0 0 0 64 0 13 0 0 0 0 0 0 78 0 0 0 86 0 11 0 0 10 0 65 18 83 0 0 0 0 0 0 0 34 0 0 0 0 0 52 0
0 57 0 0 12 0 0 0 0 0 73 46 89 0 0 0 71 0 0 0 73 0 0 52 96 93 58 0 0 0 0 0 0 0 20 0 38 0 0 0 0 0 49 0 0 0 0 4 0 10 0 82 46 21 0 0 0 0 32 0 7 54 0 0 0 0 99 7 0 0 0 0 63 25 0 0 0 0 0 0 0 0 0 0 0 36 0 0 0 0 90 0 0 0 0 56 0 0 0 0
0 2 0 0 0 0 0 0 0 0 97 0 0 0 57 0 0 0 0 0 0 66 0 51 0 63 49 0 0 54 0 0 0 0 0 0 0 0 0 0 0 36 64 0 0 0 0 0 0 0 7 56 0 19 0 0 0 0 0 0 0 49 73 69 0 0 0 0 0 0 0 0 0 0 0 0 0 0 0 0 0 0 0 36 60 0 0 0 0 0 0 0 0 0 0 64 0 0 82 9
0 0 13 0 50 0 0 6 0 0 0 42 0 0 0 0 11 0 0 0 0 95 0 44 0 0 0 25 17 0 0 0 0 39 0 15 0 0 0 22 0 0 0 0 0 0 0 0 0 0 93 0 0 63 0 0 0 0 41 0 0 41 25 0 0 0 40 0 0 0 73 64 0 0 0 0 0 0 27 0 91 0 0 0 0 37 0 0 33 0 0 0 0 0 0 0 0 0 0 0
0 39 0 0 0 73 0 0 0 0 0 0 0 0 0 0 0 36 0 0 4 0 98 0 27 0 0 0 0 0 0 0 0 0 6 50 18 0 72 0 23 0 0 17 62 0 0 42 0 33 0 0 0 0 0 0 0 34 0 21 0 0 9 0 0 0 0 0 0 62 0 0 91 0 0 0 0 0 0 0 46 0 13 45 0 25 0 0 0 68 35 0 37 0 0 0 0 0 0 0
0 0 0 0 0 0 0 35 0 74 0 0 94 0 0 0 0 0 98 86 0 0 0 0 0 0 0 0 0 0 0 0 87 0 0 54 0 87 0 0 89 0 0 0 0 79 0 0 0 6 0 0 0 78 0 64 0 0 0 0 0 0 0 0 0 58 0 77 8 0 20 60 0 76 0 0 23 70 0 0 80 65 0 0 0 0 71 0 0 0 0 0 0 84 0 0 0 0 40 0
0 90 0 0 0 0 55 0 0 0 0 0 40 0 0 0 0 0 0 51 0 0 33 0 0 0 0 81 0 0 0 0 0 36 0 0 0 0 79 0 0 78 0 0 0 0 0 0 0 77 0 4 0 0 0 0 0 55 0 0 19 0 90 0 0 0 0 84 10 0 0 57 0 83 51 0 67 0 0 0 83 0 9 0 0 0 0 0 0 0 74 0 96 0 0 88 0 0 0 58
0 0 0 59 0 0 0 0 0 0 0 0 0 92 0 0 0 21 41 0 0 0 0 0 15 3 86 16 0 0 0 70 0 0 0 0 36 0 0 0 0 0 0 71 0 0 0 0 0 39 0 45 0 68 0 88 0 0 0 0 0 0 0 0 0 0 55 0 0 0 70 0 42 0 0 96 0 0 16 0 0 0 0 0 0 83 0 0 64 0 0 0 0 0 34 0 9 0 0 0
0 0 0 0 70 0 86 0 92 37 0 21 67 0 0 0 0 0 0 0 38 0 0 0 69 78 0 22 28 0 0 0 27 0 0 45 62 0 0 69 0 0 0 0 0 0 0 0 0 0 67 0 28 0 59 0 0 0 0 0 0 75 0 0 0 0 56 0 0 0 0 0 0 0 0 0 0 0 0 0 0 62 0 0 0 0 32 0 0 0 28 0 0 0 0 0 0 0 0 0
0 0 0 14 0 0 0 0 0 0 0 75 0 0 0 0 0 0 0 0 0 0 0 0 0 0 0 0 0 0 0 0 0 0 0 0 0 0 0 0 0 59 0 0 0 0 0 0 53 0 0 0 0 0 0 73 48 0 90 56 0 0 0 0 9 67 0 69 0 0 0 0 0 87 11 0 0 0 0 84 0 0 6 28 0 51 0 50 0 100 0 0 0 0 0 0 0 0 0 0
77 0 0 0 0 0 0 0 89 12 63 0 0 0 0 0 94 0 3 0 0 0 0 0 0 0 0 0 0 0 0 0 0 0 0 43 0 92 67 0 0 0 0 0 0 0 18 0 0 0 0 76 56 18 0 0 0 79 0 0 5 0 0 0 0 0 0 0 81 89 0 0 0 0 0 0 29 0 0 32 34 0 0 0 0 0 53 22 0 0 97 0 0 0 0 0 0 10 0 83
0 0 0 0 0 0 0 0 0 0 0 41 0 11 0 0 0 0 0 0 0 0 0 0 0 17 0 0 0 0 0 0 0 91 0 0 0 7 0 0 0 54 0 0 0 0 0 0 0 0 0 0 0 45 0 0 95 0 0 0 0 0 0 80 0 0 0 61 0 0 35 0 94 93 0 13 0 0 0 57 0 0 0 93 0 35 79 0 0 64 0 0 0 0 14 0 0 0 0 0
0 0 0 0 42 52 0 68 47 15 0 0 0 0 0 0 0 0 0 0 0 0 0 0 0 1 27 0 0 26 0 0 0 0 0 0 0 0 0 0 56 33 0 0 0 0 71 0 0 96 0 0 0 74 95 85 0 0 33 0 0 0 79 0 0 0 0 0 33 0 0 0 0 14 1 88 0 0 0 40 5 56 0 0 0 0 0 0 0 0 0 0 0 84 0 91 0 0 0 0
0 0 0 81 72 7 48 0 0 67 47 81 0 0 0 0 0 0 78 0 0 0 59 54 0 0 0 0 66 71 3 0 0 17 0 0 0 0 0 0 0 0 0 0 0 0 0 0 85 0 0 0 0 0 0 0 0 0 0 61 4 14 0 0 31 0 0 0 0 0 0 0 0 0 0 0 0 0 0 0 0 10 50 0 37 0 0 0 0 0 85 0 0 0 0 0 0 0 0 0
33 0 0 0 0 0 25 18 0 0 0 0 12 2 0 0 0 0 0 41 0 0 68 0 0 82 0 64 0 0 0 13 0 0 0 87 0 0 0 0 0 0 0 84 83 0 0 0 0 0 12 0 0 0 0 0 0 0 0 0 0 0 0 39 0 0 5 0 0 51 0 0 0 0 41 0 0 18 0 0 0 0 0 0 39 0 87 97 0 0 0 0 0 0 0 0 79 0 0 0
34 62 73 56 38 96 0 0 8 89 0 3 0 0 0 0 0 0 0 0 0 0 55 0 0 0 3 0 0 1 0 0 0 0 0 69 0 0 0 0 69 0 38 0 57 0 0 0 0 0 0 0 0 0 0 0 0 0 0 20 2 0 0 0 48 0 0 0 0 0 0 0 0 0 0 82 0 0 0 0 81 75 52 98 0 0 0 52 0 48 71 0 0 0 0 70 67 0 0 80
0 0 0 0 0 2 0 0 27 0 0 0 0 0 0 89 96 24 0 0 0 0 0 0 0 68 0 0 7 0 0 0 0 0 0 0 94 0 34 0 0 32 0 50 88 0 67 0 0 0 0 0 0 0 0 0 44 68 0 0 0 0 0 0 0 3 0 0 45 0 40 50 46 0 0 0 0 0 0 60 0 0 0 42 1 0 88 0 44 70 0 0 0 0 0 0 0 0 0 0
0 0 0 0 0 0 89 37 78 0 0 0 92 0 0 0 0 0 0 0 0 0 47 0 76 10 15 0 0 0 0 0 0 90 0 0 0 0 0 0 32 11 0 65 41 0 0 0 53 0 0 0 0 78 35 0 0 0 0 0 83 0 0 8 0 0 0 59 0 6 0 68 0 0 0 67 41 0 0 92 60 0 0 29 0 0 0 84 92 0 99 0 99 0 37 0 0 21 0 0
0 33 0 0 0 0 33 0 0 0 0 0 0 0 0 0 0 0 0 7 0 0 58 0 0 0 0 0 0 53 0 68 0 99 0 1 0 71 98 0 0 0 0 0 33 0 0 0 0 56 0 0 0 0 0 0 0 0 0 0 0 21 0 0 0 0 0 0 0 67 0 12 0 0 0 0 0 100 0 14 55 0 0 0 0 0 0 0 0 0 0 0 0 0 0 0 0 0 47 0
48 0 0 0 0 16 0 0 73 0 12 0 0 0 0 0 0 0 0 0 0 61 0 0 18 0 0 78 20 1 0 82 0 33 0 72 39 9 0 0 0 0 0 52 11 0 69 0 0 0 0 0 0 0 0 0 0 0 19 0 49 0 0 0 0 92 0 0 0 66 0 0 0 38 0 0 0 0 0 0 0 0 0 0 0 27 78 0 0 0 0 0 0 74 24 0 0 80 0 0
0 0 0 0 0 0 52 0 0 0 0 0 0 0 0 42 0 0 0 0 0 72 0 0 0 0 0 0 0 0 0 0 50 42 0 0 0 20 0 71 0 68 0 25 0 82 0 60 66 0 24 0 91 0 0 35 0 63 0 69 0 83 0 0 0 4 0 0 0 91 0 95 0 19 0 0 84 56 73 0 0 0 0 0 0 0 0 0 90 78 0 0 0 0 0 0 0 0 0 0
88 25 0 0 86 0 0 68 0 0 3 43 56 0 0 24 0 0 0 0 0 0 0 44 0 0 0 0 0 42 0 0 0 0 0 0 0 0 0 0 0 87 61 0 0 0 0 92 0 0 0 0 0 0 0 0 0 0 0 0 0 0 46 0 0 21 0 27 0 0 0 0 0 0 51 0 0 43 0 0 0 0 0 0 0 0 0 0 0 0 0 8 0 0 0 0 85 0 0 1
91 0 16 19 23 0 0 0 0 43 0 0 33 0 0 0 0 80 0 0 84 0 46 0 0 0 67 0 0 0 0 0 0 0 0 0 78 25 0 0 0 0 0 0 81 0 0 0 0 0 0 0 37 7 0 0 12 0 0 0 0 0 0 0 0 0 0 0 0 0 0 0 0 0 0 0 0 0 0 0 0 0 0 0 0 0 0 0 0 4 58 13 0 90 0 0 0 0 70 0
22 0 0 69 0 0 0 0 0 24 0 0 0 0 0 0 24 0 0 0 0 0 0 0 66 0 0 0 0 34 0 68 0 0 0 0 0 0 1 53 0 0 0 94 0 0 0 0 0 73 0 0 0 0 0 0 0 20 0 0 64 0 100 17 77 0 89 3 0 0 80 0 32 32 60 0 48 0 0 10 0 0 0 35 0 43 8 87 0 0 0 0 0 0 81 0 0 30 0 65
0 0 0 0 0 0 93 0 0 84 0 0 0 12 25 0 94 4 0 0 0 0 0 98 66 0 0 0 22 0 23 0 0 0 0 0 0 55 0 0 0 0 0 0 0 93 0 0 0 0 0 0 0 0 0 0 0 0 0 17 0 60 0 0 75 0 0 0 0 0 0 21 0 0 0 0 0 0 0 40 0 0 84 0 0 0 0 0 0 0 61 0 11 44 0 0 7 0 0 88
0 0 42 0 0 15 86 100 0 0 0 71 100 0 0 0 0 0 0 67 0 14 0 0 74 0 0 0 30 0 0 0 0 0 0 58 0 0 0 17 0 71 0 0 0 0 0 20 0 0 0 0 0 0 0 0 0 0 0 0 0 0 0 0 0 0 0 0 24 99 0 38 0 0 0 0 26 0 0 0 0 0 0 82 0 0 0 0 0 27 0 0 72 0 24 0 0 0 0 0
9 0 58 0 0 62 0 0 95 0 8 0 0 0 0 69 67 24 0 0 0 0 0 0 0 0 0 0 0 0 0 0 25 0 0 0 0 0 0 77 22 0 0 0 0 0 0 0 0 0 0 0 22 0 0 0 0 0 0 76 0 66 42 56 0 23 22 85 0 0 0 0 0 0 0 58 53 89 0 0 38 0 52 89 50 24 0 0 0 3 0 0 0 72 0 0 0 0 0 0
0 0 0 0 74 0 0 0 0 0 85 28 26 0 0 0 0 13 0 0 0 0 56 0 0 0 0 0 0 0 0 0 0 0 0 0 0 0 56 0 0 0 0 0 0 0 0 0 0 26 0 0 41 0 0 0 95 0 81 0 0 0 0 74 0 0 75 0 0 0 0 47 0 0 0 0 78 0 0 0 0 0 92 0 0 8 13 0 24 5 0 0 67 0 0 0 0 0 69 56
0 0 48 0 0 22 0 0 0 45 0 0 0 0 0 0 76 0 0 0 0 0 0 0 0 0 0 95 0 45 0 0 81 0 0 0 0 92 0 0 0 0 0 0 67 0 0 0 0 0 0 0 0 0 0 28 83 75 0 0 0 0 0 0 82 0 0 84 0 0 0 0 0 16 0 35 0 0 29 0 0 62 0 0 0 0 0 0 0 22 0 0 27 0 0 0 0 0 0 0
100 0 0 0 36 32 5 62 0 48 0 73 0 0 0 75 49 0 27 0 0 0 0 0 0 79 45 0 0 19 0 0 0 0 0 2 0 0 0 0 0 0 0 87 0 9 0 0 0 0 0 0 9 0 0 0 0 0 0 0 0 0 39 0 0 0 0 0 12 0 0 0 0 0 0 0 0 0 1 0 0 0 40 0 18 0 0 0 0 0 44 0 0 24 48 85 0 0 0 0
0 0 0 0 82 0 0 0 66 10 0 0 0 73 0 23 0 25 0 0 50 0 50 0 0 33 0 24 0 0 93 98 0 0 0 0 0 0 0 0 0 0 0 0 0 0 0 0 33 0 0 0 0 16 0 0 0 0 0 0 0 0 0 17 63 0 0 37 0 0 0 0 0 0 0 80 0 57 0 5 0 0 0 0 0 0 0 0 0 0 0 21 0 93 0 0 0 0 0 0
0 0 0 0 85 0 0 0 0 0 43 0 8 0 0 0 0 0 0 0 0 0 0 0 0 0 0 0 0 0 0 0 0 0 34 0 0 0 0 0 0 0 0 0 64 0 0 0 0 0 0 0 0 23 100 0 0 0 46 24 66 0 0 0 0 0 0 37 0 0 0 0 0 0 0 0 60 0 0 0 21 0 95 0 0 0 0 0 0 0 0 0 0 0 0 50 68 0 0 0
10 96 0 0 67 35 0 0 0 68 96 0 0 0 0 83 0 0 0 0 0 0 46 0 15 0 0 24 0 0 0 94 0 0 91 0 96 0 0 27 64 0 0 0 0 0 5 0 0 0 0 0 0 4 48 0 0 98 0 8 58 0 0 0 0 76 0 0 0 0 0 94 0 66 0 60 0 0 0 0 32 0 0 0 0 0 0 0 0 0 0 39 90 0 0 0 0 39 0 73
0 98 0 74 0 0 0 0 0 75 0 0 0 10 0 61 0 0 0 0 0 0 0 0 0 0 0 0 54 0 0 23 0 0 0 0 0 0 0 0 0 0 13 0 0 60 0 0 1 0 0 0 42 0 0 0 0 0 0 45 0 0 0 0 0 0 0 0 0 82 42 0 93 0 0 0 0 0 0 0 0 0 0 0 0 0 0 0 22 0 0 0 0 0 0 53 0 0 0 0
0 0 0 0 0 0 0 0 0 0 0 0 0 0 0 78 0 0 0 0 0 0 0 0 82 0 0 0 0 0 0 69 0 0 0 80 0 0 0 0 3 0 0 0 30 0 0 58 0 0 50 0 55 78 45 81 0 0 0 63 0 0 81 0 0 0 37 59 0 0 0 0 0 0 0 73 0 44 0 3 55 0 0 0 0 0 0 0 49 46 0 0 0 2 75 26 0 0 0 0
0 0 0 0 0 28 0 0 0 0 0 0 0 0 75 0 0 0 0 0 0 0 0 0 0 0 66 0 0 0 0 0 0 0 0 0 0 0 0 0 0 0 0 0 0 55 0 84 0 65 0 0 0 40 0 0 0 0 10 0 91 0 0 13 0 0 38 0 0 0 0 0 0 0 0 0 0 0 0 0 2 0 0 0 0 0 0 0 0 0 0 16 9 0 61 0 0 0 0 0
0 0 0 13 45 0 0 0 0 0 0 6 0 88 0 0 37 0 0 0 0 0 0 0 0 79 0 0 0 0 0 60 0 29 0 0 57 63 0 0 0 0 0 0 6 0 22 16 0 0 56 92 0 14 0 9 0 0 87 0 88 0 0 0 0 99 0 0 0 0 0 22 0 0 0 0 57 0 0 20 0 0 0 0 38 0 0 94 0 0 0 0 0 69 0 0 46 24 93 0
0 41 0 91 0 0 0 98 0 0 0 0 72 0 0 41 0 0 0 0 0 12 0 0 0 31 0 0 0 0 0 0 0 0 0 0 0 0 0 0 0 0 0 0 0 0 0 0 24 7 0 0 84 0 0 0 0 29 0 98 0 0 0 50 0 40 100 7 0 0 97 82 0 0 0 0 56 0 0 76 0 0 78 0 12 0 0 0 0 0 33 0 0 0 0 0 0 0 0 0
0 69 0 0 13 0 0 0 20 0 0 35 0 0 0 0 0 0 0 0 0 0 0 81 61 24 20 0 0 0 0 35 63 12 0 0 0 0 0 31 0 87 0 22 0 56 0 0 0 0 0 0 0 33 0 0 0 65 0 0 0 0 0 0 0 0 0 59 0 0 0 0 0 25 0 0 0 0 0 0 0 48 0 82 0 60 1 0 15 93 0 0 0 0 0 0 18 0 0 0
0 42 0 0 0 0 0 0 0 0 0 0 99 0 44 35 0 0 0 0 0 0 0 0 0 61 0 0 0 0 0 0 0 4 0 0 62 0 0 0 33 42 0 100 0 0 68 0 0 0 8 36 0 0 0 0 0 77 0 0 58 0 0 0 0 0 2 0 0 0 32 0 70 12 0 0 58 0 42 0 55 0 0 0 74 0 0 0 0 0 90 0 36 0 0 72 0 0 0 0
0 0 93 0 0 0 54 0 0 0 0 0 33 0 0 0 0 0 42 0 0 0 0 18 0 0 0 0 0 0 0 0 3 0 7 0 0 0 0 3 0 19 0 65 0 0 0 0 0 55 0 26 0 0 24 0 25 0 70 0 0 0 0 0 0 0 26 0 0 81 52 0 0 0 0 0 76 0 0 0 0 0 8 0 0 0 0 0 10 0 0 35 0 0 0 20 0 0 0 0
34 0 0 47 0 0 0 0 0 0 0 0 0 26 19 0 0 0 0 0 0 0 0 0 91 0 56 0 52 51 0 0 0 0 26 0 0 0 0 0 86 0 0 85 0 0 0 0 0 0 0 0 0 0 0 0 0 12 13 72 0 0 9 0 73 0 0 0 0 0 0 0 0 0 0 68 0 0 0 0 0 21 0 0 94 0 0 0 0 0 0 36 0 0 15 0 0 0 24 0
0 0 0 0 0 0 0 0 0 0 0 0 0 0 55 0 0 91 0 0 88 25 0 0 0 0 0 0 0 6 0 0 27 10 20 81 0 0 0 7 0 0 0 0 100 0 0 0 0 0 0 0 0 95 0 0 0 0 0 0 0 0 86 0 0 0 0 0 0 0 95 0 0 0 0 0 0 0 0 0 0 0 0 0 0 0 60 0 23 54 0 0 0 6 0 0 0 0 0 21
0 52 0 16 55 22 0 69 0 0 0 0 95 0 0 0 0 87 0 0 0 0 0 0 0 0 0 8 2 59 0 0 0 0 0 0 0 0 82 0 51 0 88 0 0 0 0 0 0 0 0 0 0 0 42 58 0 0 0 0 0 0 83 0 0 0 0 0 0 0 100 0 0 0 0 81 0 63 0 0 0 0 0 0 0 0 0 0 0 5 0 0 0 0 0 88 0 0 0 0
44 0 0 0 0 0 0 0 51 0 0 1 0 0 69 0 0 33 100 0 50 0 0 0 3 0 0 40 0 0 84 0 29 0 0 0 0 0 0 59 0 0 0 77 0 16 0 0 0 0 0 0 0 0 0 0 0 37 99 0 0 84 0 0 75 0 0 0 0 0 64 0 0 55 0 0 0 0 0 0 0 86 0 0 0 46 54 46 0 0 0 0 0 60 0 0 20 98 0 0
0 0 0 0 0 0 0 89 0 0 0 0 0 0 0 0 0 90 0 48 0 20 7 0 0 42 0 21 97 0 0 0 0 0 0 0 0 0 0 0 0 0 0 0 74 0 0 52 0 81 0 31 0 0 0 0 0 0 0 0 71 0 0 0 76 0 0 0 0 0 0 46 0 0 2 0 0 0 0 0 33 90 0 0 0 0 6 30 18 0 13 0 0 0 0 0 30 0 0 0
0 0 0 0 0 0 0 55 0 36 0 0 0 75 0 12 0 0 0 91 0 47 0 4 84 4 67 0 0 0 11 0 0 78 0 0 0 41 0 0 0 75 0 0 0 0 22 0 0 0 91 88 0 0 0 0 0 0 50 0 0 0 0 8 0 57 0 0 0 0 0 21 0 0 0 0 0 0 0 29 0 29 0 0 0 0 13 0 69 0 0 0 0 0 40 7 0 0 0 0
26 95 88 0 0 0 0 71 18 90 0 0 0 24 0 0 0 10 15 0 3 29 0 0 39 0 0 43 0 0 0 0 0 0 0 0 0 80 0 0 0 0 0 64 31 57 40 0 0 59 45 0 69 0 0 0 0 0 0 0 0 0 0 0 2 0 0 0 0 0 0 0 0 8 0 0 0 0 0 0 0 87 94 47 0 0 0 0 0 0 0 0 0 0 0 0 0 0 0 0
0 48 97 0 0 0 0 0 0 77 0 0 94 0 0 0 0 0 31 0 0 0 0 0 0 0 0 99 0 0 0 68 0 80 0 0 71 23 0 0 21 51 0 0 0 0 0 0 0 0 39 0 0 0 5 97 0 0 0 0 0 0 0 2 0 0 0 0 29 0 0 82 0 0 0 0 0 0 0 26 20 0 0 76 0 0 0 0 66 0 0 0 0 0 95 0 0 0 0 0
78 72 0 0 0 0 0 0 91 0 0 19 0 83 0 0 0 0 0 0 0 76 0 33 0 0 0 0 31 0 0 0 0 100 49 0 0 0 0 48 37 0 0 0 0 0 0 0 0 0 0 0 75 0 0 94 56 0 0 0 0 0 0 0 0 0 0 0 0 0 0 0 0 0 64 0 0 0 0 42 0 31 8 0 0 0 0 0 32 0 0 0 0 0 44 0 0 0 0 0
0 0 0 0 76 34 0 0 0 0 0 0 0 0 0 10 50 0 0 0 69 0 0 0 0 0 52 0 0 0 0 80 0 0 0 0 0 91 0 0 0 0 0 76 63 0 0 0 0 0 0 57 0 0 0 0 0 0 52 0 0 0 0 0 0 0 0 0 97 0 0 0 64 0 0 0 0 0 0 0 0 0 81 0 0 71 0 0 0 0 0 0 0 99 0 0 15 0 0 0
10 0 0 0 0 0 0 0 0 0 0 0 25 0 0 0 0 92 91 49 0 0 0 0 0 0 16 0 0 0 97 0 1 0 0 0 45 0 0 0 0 0 0 0 0 0 51 93 85 0 0 0 46 0 0 0 0 0 41 0 56 0 0 64 0 0 0 0 84 0 52 0 0 0 0 0 0 0 0 0 0 0 0 0 55 0 84 0 0 0 0 0 0 0 0 0 0 51 0 36
0 0 0 0 0 82 0 0 0 0 0 0 60 8 0 51 58 0 0 0 0 0 0 0 0 0 0 0 63 0 0 0 0 26 0 0 0 0 0 76 0 0 0 0 100 0 0 0 0 84 56 95 0 51 0 64 47 95 0 12 0 0 0 61 0 0 0 76 24 0 0 0 0 64 0 0 77 0 0 56 0 0 0 0 0 0 0 0 52 0 0 25 97 0 0 0 0 0 0 0
0 0 0 16 0 0 0 0 0 0 0 53 0 0 0 0 0 0 0 0 0 67 0 78 0 73 0 0 0 0 0 0 29 0 0 0 0 0 0 61 0 0 0 0 0 0 0 0 75 0 0 0 75 0 0 80 0 0 0 0 0 0 0 15 0 0 0 64 0 0 9 0 0 66 0 0 0 0 0 0 31 0 29 45 0 0 52 0 27 0 0 0 0 0 0 0 0 0 0 0
0 0 0 0 0 0 49 0 0 39 0 0 0 7 0 47 0 0 0 43 0 0 59 0 0 0 0 0 0 0 0 0 39 0 77 0 0 4 79 0 0 0 28 98 0 0 0 0 91 0 4 0 0 0 0 0 0 0 0 0 0 0 5 0 0 8 0 0 0 0 0 0 0 90 0 0 9 0 0 0 0 0 0 0 0 0 0 0 89 12 0 0 0 0 0 0 49 0 0 1
0 0 0 0 0 0 0 0 27 0 0 0 0 89 52 0 0 0 11 0 51 0 53 0 86 43 78 0 0 0 43 0 31 0 0 0 0 0 0 95 0 0 0 0 0 0 10 0 0 0 0 0 6 0 10 0 0 0 0 54 67 50 79 0 79 0 73 0 0 0 6 27 0 75 0 0 0 0 0 10 97 0 0 0 0 0 28 80 0 0 0 0 33 0 76 0 54 0 0 0
0 11 98 0 0 0 0 0 37 0 0 82 20 37 0 0 0 0 0 0 0 3 0 0 0 81 71 7 0 0 66 0 75 0 0 0 0 0 0 16 90 0 0 0 37 45 0 0 17 85 0 82 0 99 38 0 0 37 0 58 0 0 94 18 93 0 31 0 0 0 0 55 92 0 41 0 77 0 81 0 0 46 0 0 0 0 4 0 53 0 0 0 0 0 0 0 0 0 49 65
0 30 0 0 0 95 0 24 94 92 0 43 0 0 0 0 0 0 0 0 0 0 0 0 0 0 0 0 22 0 0 79 0 96 0 0 58 0 0 0 0 80 23 7 0 0 0 92 0 95 89 98 100 51 0 0 0 81 5 51 0 0 73 0 0 34 20 0 87 0 0 0 0 0 18 63 0 2 0 97 3 38 0 0 11 0 0 0 0 100 79 81 43 0 0 0 0 0 0 24
0 0 0 8 0 0 0 0 0 0 0 0 5 0 3 22 20 2 0 0 0 0 0 0 0 0 0 31 68 0 6 0 0 0 63 17 0 75 57 0 83 0 81 0 0 57 11 0 0 95 0 0 56 46 0 0 37 0 0 65 82 17 0 0 0 30 0 0 57 0 74 20 71 0 55 0 0 0 0 0 0 0 0 54 0 0 0 0 0 0 0 0 0 0 0 0 0 0 0 0
0 0 0 0 0 0 14 0 0 0 0 0 81 0 0 21 0 59 0 4 0 0 0 0 70 0 0 0 55 0 0 0 0 0 31 0 0 82 0 0 0 0 0 0 0 0 0 0 0 0 0 83 0 0 0 0 12 0 0 0 0 50 0 0 0 0 0 0 0 0 52 0 0 0 0 0 0 0 0 0 0 98 0 0 0 0 88 0 0 0 0 90 0 0 57 73 0 0 0 0
0 0 0 53 0 84 0 52 0 76 95 0 0 0 45 0 0 0 0 0 0 67 0 15 0 62 0 0 0 60 0 0 45 64 41 0 0 0 0 0 0 0 56 0 0 0 0 0 0 0 0 0 0 0 0 0 0 0 0 0 0 0 0 0 0 0 0 0 0 0 0 0 0 0 0 0 0 0 0 0 48 83 0 0 0 0 56 1 0 0 30 0 0 0 0 0 0 0 0 0
0 0 0 0 47 0 0 0 11 0 0 0 0 58 0 0 0 0 0 0 0 0 0 0 0 0 15 11 0 51 0 8 0 16 50 0 0 0 0 0 0 0 0 0 18 0 0 0 0 0 0 0 30 0 0 68 0 0 0 0 0 0 0 0 24 29 0 0 86 30 69 0 0 92 0 0 0 0 0 0 19 0 0 83 0 0 0 0 0 57 0 22 0 0 0 0 8 0 0 0