100
0 0 0 0 0 0 0 0 0 0 0 0 0 0 0 0 0 0 0 0 0 0 0 0 0 0 0 0 0 70 6 0 0 0 0 0 0 0 97 82 74 0 0 0 76 0 0 63 0 55 0 0 0 12 0 0 0 0 0 54 0 0 0 0 0 0 0 0 0 0 11 0 0 0 0 0 47 55 0 0 91 0 0 0 91 0 0 28 0 0 0 0 0 13 24 27 0 96 78 0
0 0 0 0 78 0 0 9 25 0 0 28 0 0 0 0 20 0 21 0 51 57 81 0 0 0 0 0 23 78 0 0 0 0 68 0 27 0 0 0 23 0 0 0 0 0 0 0 48 0 14 52 25 0 33 0 26 0 0 0 0 68 0 0 0 32 0 0 0 0 0 75 0 0 0 0 32 0 0 0 97 0 0 0 0 0 93 0 89 0 25 0 0 0 0 0 0 0 0 55
0 0 0 0 0 0 56 0 0 0 0 0 0 72 0 0 0 0 0 0 0 74 0 49 0 0 0 6 93 70 0 0 34 0 0 0 37 75 3 0 20 0 0 0 0 0 82 0 6 0 0 0 43 0 0 18 0 0 0 0 62 0 0 0 0 0 0 0 17 0 0 71 0 0 0 0 0 0 0 0 0 69 0 0 0 45 61 0 0 0 0 0 0 0 91 95 55 0 0 11
0 0 0 0 0 0 0 66 0 33 0 0 0 0 0 0 0 0 0 0 0 0 0 0 0 0 0 0 0 0 0 0 0 0 0 56 33 0 51 0 0 19 0 0 0 0 0 0 0 26 0 0 36 0 0 0 0 0 0 28 39 0 82 0 21 0 0 0 0 0 0 0 0 99 0 5 0 26 0 0 65 0 0 10 0 28 44 0 0 85 0 0 0 0 40 98 0 0 0 0
72 0 0 0 0 0 0 0 0 77 0 0 0 13 0 0 81 7 0 42 0 0 0 0 0 0 0 0 0 73 0 0 54 0 0 0 0 0 0 0 0 71 6 0 0 0 71 89 0 0 0 0 0 0 96 0 0 52 0 32 57 0 0 0 0 4 0 0 0 0 36 0 0 32 0 98 71 0 0 0 0 0 0 0 40 0 0 8 0 0 0 23 4 0 0 3 0 0 0 0
0 0 60 0 0 0 0 0 0 0 27 0 0 0 80 0 0 0 59 0 0 0 0 0 0 0 60 0 0 42 0 23 0 0 0 0 4 0 0 52 0 0 65 0 0 0 0 0 0 80 0 0 82 0 0 0 71 0 0 0 0 0 0 30 19 93 0 63 0 0 24 0 28 0 79 0 0 0 0 0 0 12 0 0 72 0 0 98 0 0 0 0 0 0 0 0 0 87 0 0
66 0 0 83 0 0 0 0 0 21 0 0 0 0 78 0 46 0 0 0 0 0 33 0 0 0 0 0 0 71 0 0 0 0 0 0 0 57 0 0 0 0 0 63 0 5 46 0 0 0 89 0 51 85 0 0 0 0 0 0 0 0 0 0 0 0 0 0 31 0 0 0 50 48 0 0 66 36 0 0 0 21 0 33 0 64 0 0 0 0 0 0 12 0 0 0 0 0 0 0
0 0 0 74 94 0 97 0 0 0 0 0 0 0 42 0 0 73 0 0 0 0 24 0 0 0 0 0 0 21 0 0 0 0 0 0 71 0 0 0 80 0 0 0 0 0 0 0 0 0 0 0 0 0 73 0 0 0 0 0 0 0 0 15 0 0 0 0 0 0 0 0 45 24 0 0 0 87 96 98 0 0 0 0 73 0 70 0 0 70 55 72 35 0 0 0 0 0 0 0
0 0 0 77 0 40 66 56 0 0 0 0 0 0 78 0 0 11 87 19 24 0 0 0 0 0 0 0 0 0 0 0 11 0 0 0 77 0 95 0 35 0 0 11 0 0 0 0 0 0 67 0 0 0 0 0 23 0 0 0 0 0 0 0 0 4 0 52 0 0 0 0 0 0 44 50 0 0 0 0 0 0 10 0 0 0 0 0 0 0 0 0 0 82 0 0 0 0 0 0
0 6 0 0 0 0 0 0 0 0 0 0 0 49 0 0 0 0 0 0 0 0 54 0 0 0 0 0 0 92 0 0 0 88 0 76 0 0 0 0 91 3 19 0 0 88 0 0 0 63 0 76 0 0 80 0 0 0 13 0 0 0 0 0 0 0 87 38 0 0 0 0 0 12 79 0 0 0 0 0 0 0 0 0 15 0 0 0 59 0 0 0 38 0 38 0 0 0 51 0
0 97 0 0 0 0 0 39 0 0 0 0 0 0 0 0 56 65 41 74 0 64 0 0 27 0 56 0 0 0 0 0 0 100 0 0 88 0 0 0 0 0 0 0 0 0 100 0 0 0 0 42 0 0 0 0 0 36 16 0 0 0 0 30 0 0 0 0 0 87 0 90 0 3 0 0 0 0 0 0 0 63 0 0 0 16 0 0 0 0 0 0 0 0 0 43 34 0 0 0
0 0 89 0 0 52 19 9 0 54 20 0 11 0 0 0 14 0 0 0 0 0 7 0 19 0 48 0 0 0 0 0 0 0 0 0 0 0 40 28 0 0 0 0 0 11 12 0 0 0 37 52 0 0 44 64 1 0 0 0 0 0 82 52 0 0 35 0 0 0 14 0 4 0 29 0 0 0 0 0 0 0 83 0 50 0 24 0 0 45 0 0 0 0 0 0 0 0 99 0
0 0 0 0 26 0 0 90 0 0 0 0 0 0 33 0 0 0 0 0 0 70 51 60 53 0 0 0 14 0 0 0 0 0 99 10 0 65 0 0 0 0 0 0 75 0 0 0 0 0 0 0 0 0 63 1 96 0 14 26 0 0 91 0 0 0 0 0 0 62 0 0 5 0 68 0 0 0 0 66 0 42 0 0 16 0 0 33 0 0 35 0 0 0 0 0 0 0 0 0
32 0 0 0 0 0 0 42 0 0 0 0 0 0 0 65 0 0 0 69 0 0 0 0 0 0 67 0 0 0 41 0 0 77 0 0 39 0 0 0 0 23 0 0 47 0 0 0 23 0 0 0 0 0 0 20 0 0 60 81 49 8 68 71 0 38 72 81 1 0 0 45 0 0 0 24 0 0 2 37 0 0 0 0 10 0 87 0 0 31 0 0 0 0 8 0 0 0 0 20
0 78 0 0 0 0 0 52 0 0 0 0 0 97 0 0 57 48 0 0 0 98 3 0 0 0 0 93 0 77 26 0 0 33 27 0 0 20 0 0 96 0 73 0 0 0 48 0 53 0 0 0 0 0 0 0 0 10 45 0 0 98 0 0 0 0 35 0 0 15 0 0 0 38 0 0 0 0 0 0 84 0 60 0 0 0 0 30 0 46 0 63 5 0 0 6 2 0 0 0
0 11 0 0 0 0 0 0 81 0 0 0 0 0 0 0 0 0 0 0 0 87 0 0 57 3 0 0 0 73 0 0 0 0 0 0 0 51 0 0 0 0 0 88 0 61 0 0 0 0 0 0 0 0 37 0 0 0 0 0 0 0 0 0 0 56 0 0 0 0 0 42 0 0 52 0 5 96 19 0 10 0 50 0 0 57 31 0 66 72 72 45 0 9 20 0 0 59 49 28
32 0 0 0 0 0 0 0 0 59 87 0 0 0 89 0 0 0 0 0 0 0 0 0 0 0 0 17 0 0 0 0 100 0 0 0 0 0 50 0 0 0 0 0 53 0 0 0 0 0 46 0 0 0 67 0 0 0 0 78 0 68 0 71 67 2 0 0 0 98 43 0 0 0 0 0 35 0 0 0 0 0 0 0 0 92 0 94 0 0 0 27 0 0 58 0 0 0 28 0
0 0 0 0 16 0 0 2 0 0 0 0 0 0 87 0 27 0 0 0 0 0 71 0 0 0 0 39 0 0 0 46 0 0 0 0 0 44 0 0 96 0 0 0 0 0 0 64 63 14 0 0 0 0 0 71 0 0 37 78 61 0 0 0 26 0 0 0 78 4 0 0 0 0 0 0 71 66 0 0 0 0 0 0 81 67 0 90 0 97 0 0 0 0 0 0 0 72 0 0
0 0 0 0 0 0 72 0 0 0 0 0 0 0 0 99 0 0 0 0 0 56 0 35 69 0 31 60 51 0 0 0 51 90 0 0 0 0 0 0 0 0 13 0 72 0 0 67 0 0 0 0 0 0 0 7 53 0 0 0 42 0 87 0 0 0 0 0 86 0 0 0 0 84 100 0 0 24 0 0 0 0 0 35 0 0 0 0 0 0 0 0 0 90 0 27 35 0 0 0
0 0 0 70 8 0 0 0 0 0 20 0 0 0 37 0 0 0 0 0 0 0 0 0 0 0 75 0 0 21 0 0 0 0 96 0 0 92 0 36 51 0 77 0 0 0 0 17 0 0 0 0 82 90 0 54 0 0 0 0 0 0 0 76 0 77 0 43 0 0 0 0 0 0 0 0 20 0 31 0 0 0 0 0 0 0 0 0 68 72 0 0 0 34 0 0 0 0 0 0
0 0 0 0 0 31 90 0 0 0 86 0 0 20 57 0 0 0 32 0 0 0 0 0 0 0 0 48 0 0 49 0 0 0 0 0 0 0 0 0 0 77 0 0 0 68 0 0 0 0 0 0 0 0 0 0 0 0 0 0 46 0 0 0 0 0 55 0 0 0 0 0 0 0 0 0 0 95 0 0 0 0 0 0 48 70 27 0 0 0 29 0 0 0 0 0 0 0 0 77
0 0 0 0 61 0 0 95 0 0 0 0 0 0 52 0 0 14 0 0 0 0 11 0 0 0 0 0 92 11 0 0 0 0 0 0 0 0 0 0 0 29 4 98 0 0 0 0 0 62 0 0 0 0 0 0 0 0 0 55 68 0 2 94 6 0 0 0 0 49 0 0 0 100 0 0 0 45 0 0 0 0 2 0 0 0 0 0 0 0 0 49 32 100 0 0 42 56 0 0
0 0 0 0 0 0 0 0 0 0 0 0 0 0 97 0 0 0 65 0 0 0 0 0 22 32 0 0 0 41 3 92 0 0 65 0 58 42 63 0 0 89 76 0 0 0 0 0 0 0 0 62 10 0 0 0 0 0 0 0 0 58 0 13 0 89 0 92 0 0 0 47 0 0 0 5 0 0 71 0 0 0 0 0 0 0 0 0 0 0 0 0 0 0 0 0 0 0 0 0
0 0 100 13 0 0 0 0 0 0 0 0 0 0 0 100 90 19 23 0 0 0 0 0 0 0 0 40 40 0 2 0 0 0 19 0 0 0 0 0 5 0 80 79 0 4 29 0 0 92 90 0 70 0 0 27 0 75 0 0 0 13 0 0 0 0 0 0 0 2 0 0 0 34 0 0 0 39 0 84 0 0 86 86 0 0 76 0 0 0 0 94 0 0 0 0 0 0 0 0
0 95 0 0 0 0 0 0 0 66 0 0 0 19 0 59 0 0 0 0 0 0 0 96 0 0 0 78 0 0 46 0 0 0 95 0 0 0 2 0 0 0 91 9 0 0 0 0 0 0 0 4 40 0 0 0 0 23 0 0 0 0 0 0 0 0 0 68 0 0 0 0 0 0 0 80 42 77 0 12 0 22 0 0 75 0 73 0 0 0 0 0 0 0 0 0 0 0 0 0
0 0 0 0 0 0 0 0 0 0 0 0 0 0 0 84 0 0 0 0 0 0 67 62 0 0 87 0 0 0 0 0 46 0 0 0 0 0 99 0 0 77 0 98 0 46 0 0 0 13 96 54 28 0 3 10 60 0 0 16 0 78 0 0 0 45 0 0 0 0 0 18 0 46 87 0 77 0 82 75 0 0 0 36 0 0 0 0 0 0 0 0 50 0 0 0 57 0 0 0
76 0 0 0 0 0 87 76 0 70 0 0 17 82 0 0 0 63 0 0 0 0 0 29 0 0 0 0 0 0 0 2 0 0 0 0 0 0 24 0 0 15 49 0 0 0 0 0 0 0 71 91 10 0 0 0 0 0 0 74 0 0 0 0 99 30 0 0 83 0 0 0 0 0 0 0 0 3 0 0 0 0 93 0 0 0 0 61 73 0 0 0 0 0 0 71 0 79 0 0
79 0 0 0 0 62 0 0 0 0 0 0 0 0 0 0 98 0 0 0 0 0 0 0 0 0 0 0 0 0 74 0 0 12 0 0 0 0 0 56 0 0 0 0 0 0 0 0 0 84 0 0 0 0 52 0 36 0 0 48 0 0 0 0 0 0 0 86 60 96 0 0 10 0 0 0 24 0 0 0 0 0 0 0 0 76 0 0 0 27 14 0 0 0 0 0 0 81 71 0
0 0 0 27 100 0 0 0 0 0 99 82 0 10 0 0 0 13 0 80 21 0 0 14 62 0 60 0 0 0 0 0 0 0 0 20 89 0 0 0 0 0 4 93 0 91 0 35 0 0 0 71 0 0 0 66 0 57 80 0 0 0 88 0 0 37 65 0 0 0 0 64 0 0 0 75 0 9 82 0 0 0 65 0 0 0 0 0 0 7 0 0 0 0 0 0 61 63 0 0
0 100 0 0 0 35 0 0 0 0 0 0 0 0 32 60 0 0 0 0 0 0 0 69 10 0 36 0 41 0 0 38 0 11 0 0 0 0 91 21 26 84 0 0 90 0 0 91 0 6 84 86 0 0 0 0 0 0 16 97 0 0 0 0 49 49 0 0 0 0 0 0 0 0 0 0 0 72 0 0 0 0 0 77 0 0 0 0 0 0 0 24 0 0 0 24 0 0 0 0
69 9 0 0 0 0 53 0 12 0 0 0 2 0 89 0 0 0 69 0 80 0 0 83 0 76 69 3 11 0 0 0 0 0 0 50 0 0 0 22 0 0 55 3 0 0 59 0 0 0 0 0 0 0 12 0 9 0 0 57 89 58 85 0 34 0 0 0 0 0 16 64 13 41 53 39 0 0 0 0 0 78 0 0 0 45 0 0 0 0 0 37 24 0 71 0 0 0 0 0
0 68 0 0 41 0 0 0 13 0 0 20 0 0 0 0 0 0 0 0 0 0 0 95 0 65 0 0 74 19 0 0 69 0 0 0 0 0 0 0 0 0 0 0 0 0 0 0 44 8 0 82 0 0 0 0 0 0 0 8 53 0 0 0 0 0 43 0 0 0 0 0 0 0 0 6 95 0 0 0 0 0 0 86 0 0 0 0 0 15 13 0 0 2 79 0 0 0 0 0
0 0 0 0 0 0 0 0 0 0 0 0 0 0 87 25 0 0 0 0 0 80 0 0 0 0 61 0 86 0 0 52 0 0 0 0 0 0 0 0 47 0 0 0 0 0 0 0 77 0 0 65 59 0 0 0 0 0 0 0 0 0 0 0 0 0 0 76 0 0 45 0 0 0 38 0 29 51 0 0 0 0 0 2 0 0 0 0 0 0 0 36 0 0 0 30 0 0 0 22
0 0 0 0 0 0 0 0 47 71 0 14 0 0 0 0 33 0 0 0 53 0 3 0 0 85 0 0 77 0 15 0 0 0 0 0 0 0 0 0 0 0 81 0 0 0 0 0 0 0 0 0 0 0 0 0 0 85 27 0 27 0 0 0 0 0 0 0 0 0 97 0 0 0 0 30 79 0 0 0 0 0 0 73 0 0 0 0 61 0 0 0 29 0 49 0 0 34 69 0
3 0 0 16 16 61 0 0 0 0 0 0 0 0 75 0 75 0 0 34 0 0 0 0 0 33 0 43 0 0 0 58 0 0 0 21 0 0 0 38 33 0 15 0 52 0 0 0 0 0 0 0 0 0 0 91 0 75 59 0 0 0 0 0 0 0 69 25 0 65 0 0 0 0 0 0 40 50 0 22 0 0 0 0 0 75 0 0 0 0 0 0 0 83 0 0 0 0 0 0
0 0 0 0 0 31 0 0 0 0 0 100 0 0 0 0 0 0 0 0 0 0 0 0 0 0 0 16 0 0 0 0 0 0 0 0 0 0 0 0 0 0 0 0 0 66 11 0 57 68 0 0 53 43 0 0 0 0 0 47 0 0 0 0 0 0 98 0 46 0 52 0 93 99 0 0 0 0 82 0 0 0 0 55 0 0 0 0 19 0 0 76 0 76 0 82 0 34 98 0
0 0 0 0 0 0 0 70 0 0 0 0 0 0 0 0 53 0 0 0 0 54 0 0 0 0 0 0 0 0 0 0 0 0 0 0 0 97 43 0 57 54 0 0 0 0 0 0 0 0 62 0 0 0 0 79 0 0 0 0 87 0 0 5 0 98 43 0 0 0 36 26 5 0 0 0 48 0 0 0 58 0 0 0 0 98 0 0 0 0 0 0 0 59 0 0 0 0 0 0
73 0 0 0 89 74 0 0 0 46 0 0 25 0 25 0 67 0 28 0 13 0 73 0 0 0 0 0 25 3 45 0 63 87 0 0 0 0 0 0 0 97 0 12 0 0 6 0 0 88 0 0 0 99 0 0 0 0 60 26 0 0 0 85 0 0 0 0 74 0 0 0 0 0 0 0 0 0 0 0 0 0 0 0 0 0 37 10 0 0 0 0 0 0 0 55 94 89 0 34
0 0 0 41 0 0 0 0 0 0 0 0 0 0 0 21 0 0 71 0 0 64 30 56 95 0 68 0 19 0 42 0 79 32 0 52 0 0 0 0 0 0 0 0 0 0 0 0 0 0 0 0 0 0 0 0 46 92 0 0 0 13 11 0 59 0 0 0 75 3 66 0 42 0 0 0 0 14 0 0 28 0 0 0 46 0 72 0 0 0 0 0 45 0 7 0 0 16 0 0
0 75 0 0 0 0 18 0 0 0 21 96 7 0 0 0 0 17 95 29 0 0 26 0 0 0 0 41 0 0 0 0 0 0 0 0 0 0 0 0 0 0 0 57 0 0 0 0 21 0 0 32 0 0 19 0 2 24 0 0 0 0 63 0 0 0 0 0 73 0 0 0 0 0 0 0 0 0 0 0 0 0 28 57 0 87 0 0 72 91 44 32 0 0 0 0 0 0 0 0
14 0 0 0 52 0 0 0 10 0 48 0 0 10 0 0 0 0 0 94 0 14 0 0 72 0 0 6 0 25 0 77 31 20 0 0 57 0 0 0 0 0 0 0 0 0 0 8 0 0 0 0 41 0 0 0 86 3 0 0 68 0 0 0 62 0 0 0 38 23 0 0 0 0 0 0 0 0 0 0 0 0 0 76 0 8 0 0 95 50 0 0 99 0 0 0 0 0 0 78
92 62 20 0 0 0 0 0 0 40 0 0 36 40 16 0 0 0 0 36 0 0 0 52 0 0 0 0 0 0 83 0 2 0 0 0 0 0 92 0 0 0 0 98 0 0 0 0 97 0 0 0 96 79 0 0 0 7 0 98 0 0 0 91 60 60 0 61 0 0 0 0 0 0 0 0 0 70 0 0 0 0 0 87 0 30 0 0 0 0 0 0 0 0 91 0 0 0 0 0
0 0 0 0 84 0 0 0 0 3 0 0 12 0 0 27 32 0 0 0 90 0 49 0 0 77 29 0 0 30 6 51 0 0 0 0 0 0 0 0 0 42 0 26 0 0 63 0 21 38 0 0 0 0 0 0 17 12 0 0 73 0 0 0 35 0 0 0 0 0 0 0 93 0 71 0 0 0 40 0 86 0 0 0 0 44 83 0 62 0 15 83 0 32 0 0 0 0 8 17
28 0 0 0 0 0 15 65 0 0 5 0 0 69 0 0 0 0 0 0 0 0 0 0 46 12 0 16 0 14 0 0 0 0 64 0 0 64 0 0 38 0 0 0 0 0 0 0 0 0 0 0 97 51 0 15 87 61 0 0 73 0 0 16 0 0 28 0 4 0 0 0 47 0 0 0 0 0 0 0 0 0 0 0 0 0 0 0 41 0 0 0 0 0 0 0 0 34 0 0
0 0 0 0 0 0 68 99 0 0 0 0 0 12 15 0 22 94 9 0 0 0 27 0 51 57 0 0 0 0 0 0 0 81 0 0 32 0 0 97 0 0 75 35 0 19 0 0 0 0 38 0 79 25 0 0 0 0 0 20 0 0 0 0 0 0 0 0 0 0 57 0 0 0 0 73 0 0 0 69 0 0 0 0 0 0 38 0 85 0 0 0 0 0 0 0 0 0 0 48
67 0 21 0 53 7 0 0 15 0 0 0 59 0 0 0 0 26 0 17 92 0 0 0 0 0 0 0 0 0 0 0 0 0 0 40 0 68 0 0 0 0 2 0 0 0 0 0 98 0 0 0 16 0 72 27 70 0 0 86 0 0 0 0 0 62 0 0 19 0 0 0 61 0 0 0 0 0 0 0 0 0 0 0 0 2 11 0 0 94 0 0 0 0 0 5 63 11 0 0
0 0 91 0 0 0 0 0 97 0 0 28 0 0 0 0 0 0 46 0 0 0 21 15 0 0 0 0 0 0 0 0 0 34 86 0 0 0 0 0 0 46 0 87 0 0 0 0 0 16 0 0 0 85 0 0 0 83 0 51 10 48 0 25 0 31 0 24 17 0 0 0 0 0 0 0 0 0 0 0 0 0 0 0 0 95 0 15 23 0 68 78 0 43 0 0 0 73 0 0
0 0 0 52 0 0 0 0 94 24 0 0 0 0 0 0 1 0 0 0 6 0 67 0 0 0 0 0 0 0 0 0 0 0 0 0 0 67 56 0 62 94 0 0 0 0 0 0 0 0 0 0 0 0 0 0 43 0 0 0 11 0 0 0 31 96 0 0 0 0 0 0 0 0 0 0 0 0 83 93 0 0 5 0 0 16 0 0 0 0 99 0 0 0 8 0 0 0 0 0
0 0 0 0 0 0 0 0 0 0 0 0 20 32 6 0 0 0 0 0 14 0 0 23 44 94 0 0 0 0 0 61 76 0 0 66 56 0 0 0 0 0 0 0 0 0 0 0 0 0 0 0 0 22 0 0 43 58 0 0 0 0 0 0 0 0 0 0 0 0 51 0 0 0 3 0 90 0 58 0 62 0 0 0 0 0 14 8 0 7 0 0 0 0 89 0 0 0 56 96
0 0 0 0 0 0 46 0 42 0 0 0 0 0 0 0 0 60 5 0 38 0 0 0 0 12 0 66 0 0 0 0 0 0 0 0 0 0 0 44 40 44 0 0 4 0 0 96 0 0 0 0 0 0 73 83 0 61 0 0 55 42 0 74 0 0 0 0 23 0 0 0 0 0 0 0 76 58 0 73 0 0 0 0 4 0 100 0 61 0 0 29 0 63 0 0 0 0 0 0
0 38 0 73 0 0 0 0 0 16 0 0 0 0 0 0 0 0 0 0 0 0 0 0 0 36 0 0 0 0 0 47 0 0 0 11 0 18 0 0 0 86 0 0 26 0 0 0 0 0 0 0 0 100 0 0 0 0 0 0 0 0 0 0 44 0 81 0 0 0 0 0 0 25 0 0 79 0 7 21 0 0 0 0 77 0 0 0 0 0 0 0 0 7 0 0 0 0 0 0
29 0 0 0 0 0 0 0 0 0 0 52 0 0 0 0 0 0 0 0 0 37 0 0 0 0 0 0 0 0 0 0 0 92 9 46 0 0 0 0 0 0 5 0 0 62 28 0 0 59 19 0 0 0 73 0 0 0 0 0 0 0 0 0 0 60 91 21 90 51 0 24 0 37 0 0 0 71 0 8 0 0 0 0 0 0 0 0 0 0 0 0 0 0 91 0 0 0 81 45
0 0 0 0 49 82 0 5 84 0 0 39 98 80 0 99 57 65 0 0 44 0 0 46 0 0 92 74 0 0 0 0 93 26 0 0 0 0 0 0 19 0 86 0 0 0 0 45 74 0 0 0 0 26 0 0 0 0 0 0 0 0 14 0 0 0 72 0 12 41 0 0 0 0 0 94 0 0 0 0 47 0 0 0 0 0 0 0 0 0 0 84 0 44 0 0 0 0 2 0
0 0 0 0 92 0 0 0 0 0 19 0 0 0 6 54 60 0 0 0 0 0 0 0 0 0 0 91 0 0 94 0 0 0 0 0 0 0 93 31 0 0 0 74 25 0 0 0 0 53 60 0 0 0 0 0 0 0 2 0 0 56 0 0 73 0 0 0 0 65 0 0 0 0 0 0 0 0 0 18 0 0 30 0 0 0 0 0 0 0 15 79 0 0 0 63 0 0 0 0
88 0 0 0 0 0 0 0 0 0 0 44 0 0 0 30 0 0 77 0 0 0 69 0 57 0 0 59 0 0 0 0 3 76 0 62 0 0 8 0 0 0 49 25 0 0 0 0 0 36 0 0 0 0 0 0 8 0 0 0 0 0 100 0 0 0 98 93 27 0 29 0 0 18 0 0 0 0 0 0 0 0 75 0 0 83 0 0 0 0 0 0 0 0 0 0 0 17 0 0
0 0 0 27 0 0 0 0 0 50 0 0 0 0 0 0 0 0 0 0 0 0 70 0 0 0 0 42 4 0 0 0 0 0 0 0 0 0 0 0 0 0 0 0 0 0 0 0 0 11 0 0 0 0 68 0 66 0 0 7 0 96 24 54 0 0 87 0 0 39 0 0 0 0 68 38 0 0 0 0 0 0 18 0 0 0 0 0 21 0 12 0 9 0 0 0 0 0 0 0
0 0 0 0 0 0 0 0 5 0 0 12 0 0 30 0 0 0 0 0 0 0 0 33 0 100 0 42 0 0 97 7 0 0 0 0 0 2 0 0 0 0 0 0 0 0 0 0 0 59 0 0 0 0 49 1 0 0 0 0 0 0 0 0 0 0 0 0 0 0 78 0 21 0 58 0 25 20 0 0 0 83 86 0 4 0 25 0 98 0 0 0 0 0 0 0 0 0 18 0
0 0 0 0 0 0 0 0 66 0 0 73 0 0 0 0 0 0 0 0 0 0 0 0 0 0 0 0 0 0 85 0 0 0 0 88 0 0 0 0 35 0 79 0 76 43 0 35 0 0 0 0 16 0 0 0 0 0 0 0 0 0 17 0 0 0 0 0 0 0 0 56 0 2 84 0 0 9 0 0 0 0 0 0 0 72 27 0 0 0 0 0 0 0 0 20 0 0 0 0
0 0 0 44 0 0 0 0 0 0 0 0 0 0 0 0 0 0 96 0 1 0 0 0 30 0 0 0 0 0 0 51 0 0 42 0 67 0 0 0 0 1 43 0 0 0 87 0 0 0 0 5 0 0 63 0 90 0 0 0 0 6 0 0 0 75 0 15 0 98 0 67 0 0 0 43 0 83 0 0 78 56 0 0 0 0 0 0 0 0 0 0 0 0 0 25 0 0 6 0
0 0 10 0 0 0 0 0 0 68 0 0 56 0 10 0 0 0 0 0 0 0 0 0 57 0 0 62 0 77 0 56 0 0 0 52 0 0 89 0 80 0 0 0 0 7 0 0 0 41 0 0 0 0 0 0 0 0 88 0 10 0 0 0 97 21 0 0 67 0 0 0 0 0 0 66 0 16 0 42 0 0 57 0 52 0 0 0 0 0 0 0 62 14 41 0 37 20 0 0
0 0 25 0 0 0 0 0 0 0 0 0 0 0 43 0 44 0 0 0 0 0 0 32 48 91 0 0 0 0 0 0 0 0 57 0 0 0 0 0 47 0 0 0 0 95 22 0 0 0 0 0 0 46 0 0 82 0 0 0 0 0 0 0 0 0 37 0 55 93 0 0 0 73 16 0 0 15 0 0 0 100 0 0 68 0 20 0 0 37 0 92 0 0 0 0 0 0 0 66
25 0 0 0 26 0 0 54 0 0 69 100 0 0 0 0 0 0 85 0 39 0 0 50 0 0 97 0 87 0 0 11 0 0 17 0 0 0 0 0 0 0 0 41 0 0 35 0 50 0 0 89 94 0 0 55 0 81 0 77 0 0 0 97 0 79 0 0 0 0 0 0 0 0 0 26 0 0 74 91 0 0 0 9 0 90 0 0 0 0 0 0 23 0 0 0 59 77 32 0
0 0 0 0 0 0 0 28 0 44 0 0 80 0 55 0 23 0 0 0 0 0 0 0 0 8 0 0 0 62 0 0 13 5 0 0 0 34 0 11 27 0 0 0 0 0 19 0 0 0 0 0 0 0 0 0 92 0 0 0 0 0 0 0 0 0 0 0 0 0 0 0 30 0 0 45 0 0 76 0 0 0 0 5 86 25 0 0 0 100 71 0 0 0 0 0 0 0 0 48
0 0 74 96 0 0 0 0 0 0 0 32 0 0 0 0 32 0 0 53 44 0 0 0 76 0 0 8 0 0 0 0 57 0 0 0 0 0 0 30 12 0 17 0 0 0 0 0 20 0 0 0 0 0 0 0 38 0 0 0 0 15 0 0 43 0 0 0 0 0 0 0 0 0 0 0 0 0 0 94 0 40 0 0 0 0 0 0 0 58 0 0 97 0 0 0 61 0 0 0
0 56 0 0 0 0 0 0 0 84 0 0 0 0 0 0 12 0 0 0 0 0 94 70 0 0 0 0 0 0 0 0 0 0 45 0 0 0 57 0 0 0 0 0 0 0 0 0 26 0 0 0 0 0 10 0 0 0 0 0 0 0 4 0 0 0 0 0 64 0 0 0 0 0 0 0 0 0 0 0 0 16 74 0 11 0 0 19 0 0 0 0 0 0 0 27 0 0 31 0
1 0 0 0 0 0 0 0 0 0 23 0 0 0 0 0 0 0 0 0 0 0 0 0 0 0 7 0 0 0 0 0 62 0 0 0 0 0 0 32 0 0 0 0 0 0 94 0 0 79 0 0 0 0 45 0 0 21 0 80 0 0 0 0 0 0 90 6 0 0 0 0 0 0 0 4 64 0 32 0 0 92 0 0 17 0 0 0 0 0 0 0 0 0 0 0 0 89 0 0
29 0 71 3 0 0 0 0 0 10 0 0 0 0 91 0 0 0 0 0 3 30 0 93 0 0 0 0 0 0 0 0 69 0 0 0 0 0 0 0 0 0 71 0 0 0 0 0 46 0 0 55 28 0 0 0 0 0 0 0 0 0 19 0 87 18 0 0 82 0 49 0 0 0 0 0 0 77 89 0 0 75 0 56 0 0 0 0 0 0 0 0 0 12 0 0 40 22 0 0
71 0 0 0 0 0 0 28 0 0 0 0 0 0 0 15 0 0 9 0 56 25 64 74 0 0 14 0 0 37 0 0 0 0 0 0 0 75 33 0 0 0 0 0 0 0 0 0 0 0 0 0 91 0 0 0 0 0 0 82 0 0 65 59 0 0 0 0 0 0 89 54 5 0 0 10 0 0 0 0 95 0 0 0 0 0 0 29 0 0 0 83 0 0 0 0 0 0 0 0
0 83 0 14 0 0 0 0 6 0 0 0 0 0 0 0 0 0 0 30 93 0 0 0 0 0 0 0 0 0 0 0 0 0 58 0 95 0 0 0 0 0 0 0 0 0 0 0 68 0 26 0 0 21 0 0 0 88 86 0 0 0 12 0 0 0 22 76 0 0 43 97 0 0 37 65 0 0 0 0 0 0 0 0 0 0 0 0 0 0 0 23 71 0 0 0 0 59 0 0
0 0 63 70 0 0 17 0 0 92 0 41 23 68 0 42 25 0 0 0 0 56 39 9 0 48 31 11 0 0 0 0 98 0 0 0 47 0 0 0 0 0 0 22 0 0 0 0 0 0 0 0 13 0 0 0 100 78 0 0 35 0 46 60 78 0 0 0 0 0 0 6 0 0 0 41 0 98 63 0 0 0 0 65 0 0 0 27 0 17 0 0 0 0 94 0 0 49 72 68
90 60 0 0 0 0 0 0 0 0 0 0 0 0 38 0 0 0 63 0 0 60 0 47 0 0 0 0 0 0 0 0 0 0 0 0 0 0 30 0 0 0 0 0 0 0 0 71 0 0 29 0 0 0 0 0 0 0 0 98 0 0 0 0 0 84 0 0 0 0 0 0 0 0 0 0 0 0 36 16 0 0 0 0 0 0 86 0 80 61 0 0 0 0 0 0 0 0 0 0
0 0 0 0 0 62 0 0 0 0 0 0 0 0 0 44 1 0 0 0 0 56 28 0 72 66 0 0 0 0 0 87 83 0 83 87 49 0 0 0 42 0 0 3 0 0 0 0 0 29 0 0 94 0 0 0 0 89 0 0 0 0 0 0 0 0 0 95 0 0 31 0 0 44 51 0 0 0 88 0 0 0 73 0 0 0 0 0 0 0 0 0 0 0 0 0 0 17 0 0
0 0 0 0 0 0 0 0 0 14 0 0 0 81 0 0 0 0 0 0 0 0 72 0 0 0 0 0 0 77 48 0 0 62 0 0 0 0 91 0 0 0 0 0 63 0 0 0 0 0 0 0 0 0 48 0 0 0 0 0 0 24 0 0 0 64 0 0 0 0 0 0 0 0 0 3 0 0 0 0 0 0 0 0 0 86 0 0 0 0 0 0 0 0 57 0 0 0 0 0
0 0 4 0 2 0 0 0 0 32 0 95 30 0 43 0 47 0 0 0 0 0 0 0 0 0 0 2 0 0 0 0 0 73 0 0 0 95 48 0 0 0 0 32 0 0 0 0 0 0 0 99 0 73 21 0 8 0 0 0 0 33 6 0 41 24 0 51 48 77 0 0 0 0 0 0 0 0 47 0 0 0 0 0 0 0 0 0 0 56 0 0 0 10 0 0 0 0 0 0
0 0 0 0 0 0 0 0 0 0 0 0 0 0 0 0 56 0 85 0 0 9 0 0 0 0 27 0 0 48 0 0 0 0 0 0 0 7 0 0 0 13 0 0 0 22 0 0 81 2 0 34 69 0 0 51 47 0 0 0 89 0 0 0 0 0 0 0 0 0 0 0 0 49 0 75 15 0 0 55 35 4 38 0 65 0 0 0 0 46 30 0 0 0 42 0 0 0 0 0
0 0 65 0 0 31 0 70 49 0 0 0 0 62 0 0 0 0 0 0 0 0 0 0 0 0 56 0 0 0 79 94 0 0 94 92 0 59 0 0 99 0 0 83 0 18 46 15 0 59 0 0 0 0 0 0 42 8 0 34 0 59 0 0 91 0 91 0 0 0 37 0 0 0 0 0 0 0 0 0 0 98 0 18 90 55 0 0 12 0 0 77 0 0 85 0 18 0 0 25
0 0 0 0 0 0 0 0 0 0 0 0 0 63 0 0 0 0 71 0 0 0 0 55 67 16 0 73 0 0 0 0 0 41 0 0 0 0 0 0 68 0 48 0 0 0 70 0 0 0 65 0 0 12 0 35 0 0 0 0 0 0 0 0 0 0 0 11 0 84 0 0 0 0 0 0 0 0 0 0 87 0 97 94 0 0 6 70 0 0 0 0 0 0 42 94 0 0 56 20
4 0 0 0 0 0 0 0 0 0 64 41 0 45 0 0 26 7 0 77 0 0 0 0 0 0 0 0 0 0 0 0 10 60 67 47 28 0 0 0 0 0 90 0 17 0 0 61 0 0 0 9 0 0 0 0 0 38 51 0 0 0 11 0 0 59 73 0 0 0 0 0 0 53 0 0 0 0 0 0 0 0 63 0 0 0 0 0 0 0 12 0 18 0 26 0 0 49 0 0
40 0 78 21 0 0 0 72 0 67 0 8 12 0 0 0 0 0 0 0 49 54 81 27 0 0 0 41 0 0 62 97 0 40 0 0 78 0 0 0 0 91 0 0 0 0 0 0 15 0 0 0 0 0 0 0 0 85 0 0 80 0 0 0 0 0 0 0 87 0 0 0 35 0 54 0 0 0 0 0 0 11 55 0 0 0 0 82 57 70 0 0 0 0 0 0 0 0 0 0
65 0 0 0 0 66 0 0 25 57 0 81 0 25 0 0 37 81 0 0 0 31 0 0 0 89 81 0 0 0 0 0 0 0 0 5 0 0 0 21 0 0 0 0 0 85 0 0 0 0 0 0 78 0 69 0 0 0 0 0 0 0 91 77 5 0 0 0 0 0 3 75 0 0 0 72 14 0 23 0 0 0 13 65 28 0 68 0 81 0 0 0 19 0 0 0 96 0 0 0
82 72 0 0 0 0 0 0 50 0 0 0 0 0 0 23 0 65 55 29 0 42 0 0 0 0 30 0 0 0 0 96 0 80 0 0 0 0 0 0 3 0 0 46 0 0 0 0 26 0 61 0 0 0 0 0 0 0 8 0 0 0 0 0 23 0 24 0 6 0 0 0 0 92 0 45 0 0 0 12 0 81 0 4 0 0 0 0 0 0 69 0 0 97 0 54 0 0 0 0
26 0 42 0 0 10 0 0 0 28 0 0 0 0 0 0 0 0 0 31 0 0 24 0 95 0 0 0 28 27 0 0 6 0 0 0 0 90 47 92 0 44 0 0 76 0 0 0 0 0 37 0 0 0 71 0 0 0 0 0 0 0 0 0 0 51 0 0 0 0 0 0 0 77 88 0 0 0 0 0 0 0 0 0 0 0 0 0 0 0 0 0 0 0 0 59 0 0 0 0
0 11 0 0 0 0 0 51 0 0 0 0 0 0 0 92 0 0 0 23 0 0 0 0 0 0 0 0 0 82 0 89 0 0 0 0 0 0 55 0 0 0 53 0 0 0 0 0 0 0 0 50 31 0 0 0 0 0 0 0 58 0 0 53 9 0 0 42 0 0 75 0 0 3 0 0 5 62 18 0 39 0 0 0 78 0 0 0 0 0 0 0 0 32 0 0 72 0 0 0
0 0 0 0 0 0 0 0 0 0 0 16 0 31 0 0 0 0 58 0 0 0 97 0 0 0 0 0 69 0 0 0 12 0 60 85 0 0 0 0 17 0 0 0 0 0 0 0 0 0 21 0 0 0 0 92 0 0 0 0 0 100 21 0 0 67 0 0 12 0 0 0 0 0 0 78 0 0 0 14 89 0 0 0 3 0 57 0 92 0 0 0 0 0 0 0 0 0 0 52
12 0 0 0 0 0 0 0 92 0 0 0 77 0 0 0 0 0 0 0 0 0 0 0 0 0 0 0 58 0 0 0 0 0 0 0 0 0 0 1 54 0 0 24 0 0 53 0 0 0 0 9 0 0 12 0 0 0 0 0 88 21 91 0 0 0 0 0 0 0 0 0 53 0 0 89 0 0 0 0 0 0 0 34 0 0 0 0 0 0 0 60 61 0 0 0 0 0 0 0
0 0 0 0 0 42 14 0 0 97 0 0 40 0 0 0 0 86 0 0 0 21 76 22 0 0 35 51 86 0 0 0 0 75 7 0 0 0 94 0 65 0 49 0 0 0 37 0 0 0 34 0 0 0 0 0 8 0 0 25 0 0 0 0 0 0 0 0 0 77 0 56 0 19 0 0 58 0 100 50 0 0 0 0 0 0 65 0 0 0 56 35 37 0 0 0 0 82 0 0
99 0 0 0 0 0 0 0 0 55 0 0 0 0 0 0 0 0 0 0 0 0 0 0 0 0 58 37 0 0 0 0 0 0 0 0 32 0 0 0 0 44 0 0 0 67 0 0 0 98 0 48 0 0 0 0 0 58 0 0 0 0 95 3 0 0 0 85 95 0 85 20 0 0 0 0 0 93 0 0 0 0 0 50 0 0 0 0 83 0 0 100 84 0 0 0 74 0 0 0
0 0 0 0 0 0 0 0 6 0 0 0 0 0 0 88 0 0 0 46 10 0 15 0 0 0 50 59 0 0 0 0 0 55 0 71 0 0 0 0 94 0 78 25 0 0 0 0 0 0 0 85 0 0 0 18 0 8 0 0 0 50 0 0 72 74 0 0 0 0 0 0 38 0 0 0 0 0 0 62 0 16 0 0 61 0 0 0 0 0 0 0 0 25 84 0 0 0 0 74
0 0 0 0 0 0 0 0 0 79 0 0 0 0 0 16 0 0 0 0 0 92 0 71 75 0 36 0 55 0 72 0 0 0 0 0 0 0 0 0 0 0 0 0 0 0 0 0 12 25 80 81 0 0 0 0 43 0 0 32 0 44 80 0 0 85 0 0 0 0 0 0 0 0 0 0 0 0 35 68 0 0 39 0 0 15 0 0 0 79 0 0 47 0 0 0 0 80 0 0
0 0 0 0 12 0 0 0 0 0 0 0 0 0 0 0 0 0 75 0 0 0 0 54 0 0 0 0 0 0 0 0 0 0 0 0 44 0 0 27 0 0 0 0 0 52 59 0 0 0 26 0 0 95 0 0 0 86 0 0 0 53 60 0 0 0 0 0 0 15 0 0 0 0 0 22 0 0 0 0 60 91 0 56 0 0 0 0 0 0 0 0 0 0 97 80 0 0 3 0
0 0 0 23 0 0 0 0 0 0 0 0 0 0 70 0 0 0 0 0 0 0 0 0 0 0 0 0 0 0 0 0 59 0 0 0 0 0 0 56 0 0 0 52 0 26 0 0 39 70 56 0 0 29 46 0 0 0 0 0 0 0 0 38 0 0 0 0 0 0 0 0 0 0 50 0 0 0 14 82 0 0 0 0 76 0 0 0 0 0 0 0 0 0 0 0 0 0 0 0
0 0 0 0 0 23 0 16 0 0 0 0 0 0 0 0 64 0 10 0 0 0 0 0 0 91 41 0 0 0 0 0 25 17 0 71 65 0 0 82 0 0 52 0 0 17 0 0 96 0 66 0 66 0 56 0 0 38 0 0 0 0 63 0 0 0 9 0 7 31 0 0 0 0 86 0 0 0 0 0 0 0 0 0 0 0 0 0 54 0 0 0 0 32 70 0 0 0 0 97
0 0 0 0 4 66 39 0 0 0 0 0 0 0 56 0 0 0 86 82 98 19 0 0 50 49 18 88 0 0 0 0 0 0 0 36 26 0 0 0 0 0 0 0 0 0 71 0 86 0 86 26 0 0 0 0 0 0 46 0 0 0 81 0 0 29 99 0 73 0 0 0 0 0 7 0 0 0 0 0 0 0 0 100 5 0 89 0 0 0 0 0 0 36 0 0 89 0 0 0
87 91 0 0 0 0 0 0 0 0 0 0 0 61 0 0 59 98 19 0 22 0 89 0 0 16 87 79 0 47 0 0 0 0 5 0 0 0 0 15 0 0 0 0 0 0 1 50 0 0 0 50 44 0 5 67 0 7 0 0 0 0 10 0 0 0 0 8 33 81 0 0 0 0 0 0 0 0 0 0 0 0 0 0 0 0 0 0 0 0 0 0 48 0 86 0 3 69 63 12
0 97 0 2 6 0 0 0 0 0 0 0 64 0 0 87 0 0 0 0 0 0 47 0 0 0 0 0 69 0 0 0 0 0 0 20 0 0 0 0 0 0 0 52 53 0 0 0 0 0 0 0 0 0 0 54 0 0 0 0 0 0 0 55 17 0 76 0 0 64 56 0 0 0 0 0 21 0 21 0 0 0 0 37 0 0 46 0 92 0 0 0 0 0 0 0 0 0 0 0
92 0 0 62 0 100 0 0 0 0 0 0 0 14 24 0 10 55 58 0 0 0 0 0 37 0 0 64 0 17 0 0 0 0 0 0 0 0 0 79 0 0 0 0 0 0 60 0 0 0 0 39 0 0 0 44 0 0 0 0 0 0 62 43 0 56 0 0 0 30 0 0 0 0 0 0 0 0 0 52 0 0 0 0 0 0 0 12 0 0 0 18 0 0 36 0 61 0 0 0
41 0 0 0 0 0 0 0 0 30 12 0 0 0 0 0 0 10 43 26 0 0 0 26 0 0 18 0 0 0 0 0 0 12 6 0 0 0 75 87 0 0 34 0 0 0 0 0 5 0 0 0 41 29 0 0 0 0 0 0 0 0 0 0 0 0 22 0 0 0 0 27 0 0 0 0 0 0 0 0 92 0 0 0 0 0 57 0 0 0 0 4 0 0 0 0 0 80 0 0
0 0 0 0 0 0 0 39 59 70 0 0 0 0 4 94 72 0 0 0 0 0 58 90 0 0 27 73 0 0 56 0 90 0 0 71 67 0 0 12 0 0 0 0 0 0 0 0 21 0 0 91 0 0 53 0 0 0 0 0 13 0 0 14 0 0 0 0 64 0 0 0 15 0 0 0 0 0 0 57 0 42 0 41 0 0 0 96 0 0 0 32 21 0 0 3 0 0 0 53
0 78 0 20 0 0 0 0 50 0 0 81 0 0 0 0 69 32 0 0 0 0 0 0 0 0 0 0 0 43 0 0 0 0 0 15 0 0 0 45 0 64 0 92 21 5 0 0 0 0 0 0 0 0 0 0 0 7 0 0 0 0 2 73 0 79 44 0 45 0 0 0 45 0 68 0 0 35 0 18 0 0 67 9 28 0 0 0 21 0 0 0 0 0 0 0 67 0 0 64
0 91 0 0 0 0 0 0 0 0 0 0 0 91 0 0 0 0 0 0 0 0 16 0 0 65 100 0 0 0 0 0 3 0 13 13 77 83 0 0 0 0 0 0 0 0 0 0 0 0 0 0 0 42 0 0 0 21 0 0 0 0 0 18 0 0 0 86 0 29 0 0 98 0 0 16 0 0 0 22 0 0 0 58 0 0 0 59 0 0 0 67 43 0 0 0 0 58 98 0
0 0 0 0 0 0 0 0 0 0 0 0 0 0 0 0 0 0 0 0 0 0 0 0 0 0 0 0 0 64 6 0 0 0 0 0 0 0 17 72 25 0 0 0 74 0 0 33 0 25 0 0 0 73 0 0 0 0 0 58 0 0 0 0 0 0 0 0 0 0 22 0 0 0 0 0 41 45 0 0 71 0 0 0 23 0 0 71 0 0 0 0 0 8 33 42 0 4 76 0
0 0 0 0 90 0 0 62 15 0 0 75 0 0 0 0 31 0 57 0 60 59 30 0 0 0 0 0 40 8 0 0 0 0 56 0 18 0 0 0 42 0 0 0 0 0 0 0 77 0 92 85 85 0 41 0 41 0 0 0 0 79 0 0 0 63 0 0 0 0 0 15 0 0 0 0 21 0 0 0 88 0 0 0 0 0 51 0 91 0 3 0 0 0 0 0 0 0 0 54
0 0 0 0 0 0 44 0 0 0 0 0 0 50 0 0 0 0 0 0 0 64 0 92 0 0 0 96 59 66 0 0 77 0 0 0 4 98 38 0 69 0 0 0 0 0 90 0 98 0 0 0 55 0 0 97 0 0 0 0 40 0 0 0 0 0 0 0 76 0 0 94 0 0 0 0 0 0 0 0 0 24 0 0 0 21 28 0 0 0 0 0 0 0 96 91 8 0 0 2
0 0 0 0 0 0 0 86 0 1 0 0 0 0 0 0 0 0 0 0 0 0 0 0 0 0 0 0 0 0 0 0 0 0 0 54 46 0 60 0 0 70 0 0 0 0 0 0 0 17 0 0 20 0 0 0 0 0 0 95 13 0 27 0 55 0 0 0 0 0 0 0 0 90 0 33 0 97 0 0 42 0 0 47 0 68 46 0 0 27 0 0 0 0 30 9 0 0 0 0
57 0 0 0 0 0 0 0 0 35 0 0 0 79 0 0 54 32 0 44 0 0 0 0 0 0 0 0 0 98 0 0 63 0 0 0 0 0 0 0 0 55 72 0 0 0 92 2 0 0 0 0 0 0 87 0 0 11 0 10 29 0 0 0 0 91 0 0 0 0 3 0 0 91 0 11 92 0 0 0 0 0 0 0 68 0 0 77 0 0 0 41 74 0 0 41 0 0 0 0
0 0 26 0 0 0 0 0 0 0 10 0 0 0 89 0 0 0 2 0 0 0 0 0 0 0 41 0 0 65 0 35 0 0 0 0 33 0 0 53 0 0 54 0 0 0 0 0 0 36 0 0 57 0 0 0 75 0 0 0 0 0 0 14 10 45 0 95 0 0 15 0 4 0 6 0 0 0 0 0 0 57 0 0 14 0 0 8 0 0 0 0 0 0 0 0 0 61 0 0
25 0 0 89 0 0 0 0 0 48 0 0 0 0 33 0 67 0 0 0 0 0 88 0 0 0 0 0 0 71 0 0 0 0 0 0 0 60 0 0 0 0 0 17 0 64 19 0 0 0 64 0 42 26 0 0 0 0 0 0 0 0 0 0 0 0 0 0 97 0 0 0 46 68 0 0 36 16 0 0 0 77 0 62 0 74 0 0 0 0 0 0 19 0 0 0 0 0 0 0
0 0 0 16 31 0 48 0 0 0 0 0 0 0 87 0 0 90 0 0 0 0 35 0 0 0 0 0 0 27 0 0 0 0 0 0 8 0 0 0 32 0 0 0 0 0 0 0 0 0 0 0 0 0 90 0 0 0 0 0 0 0 0 18 0 0 0 0 0 0 0 0 79 63 0 0 0 54 68 19 0 0 0 0 24 0 34 0 0 86 81 57 82 0 0 0 0 0 0 0
0 0 0 82 0 12 30 94 0 0 0 0 0 0 34 0 0 2 80 77 25 0 0 0 0 0 0 0 0 0 0 0 79 0 0 0 5 0 79 0 61 0 0 88 0 0 0 0 0 0 7 0 0 0 0 0 11 0 0 0 0 0 0 0 0 63 0 84 0 0 0 0 0 0 21 19 0 0 0 0 0 0 6 0 0 0 0 0 0 0 0 0 0 74 0 0 0 0 0 0
0 73 0 0 0 0 0 0 0 0 0 0 0 72 0 0 0 0 0 0 0 0 18 0 0 0 0 0 0 45 0 0 0 2 0 80 0 0 0 0 86 4 18 0 0 95 0 0 0 100 0 26 0 0 69 0 0 0 85 0 0 0 0 0 0 0 70 93 0 0 0 0 0 21 38 0 0 0 0 0 0 0 0 0 85 0 0 0 17 0 0 0 25 0 30 0 0 0 10 0
0 64 0 0 0 0 0 85 0 0 0 0 0 0 0 0 55 30 88 81 0 3 0 0 87 0 50 0 0 0 0 0 0 58 0 0 75 0 0 0 0 0 0 0 0 0 60 0 0 0 0 86 0 0 0 0 0 70 29 0 0 0 0 70 0 0 0 0 0 28 0 67 0 28 0 0 0 0 0 0 0 41 0 0 0 21 0 0 0 0 0 0 0 0 0 8 100 0 0 0
0 0 7 0 0 10 20 10 0 79 34 0 49 0 0 0 32 0 0 0 0 0 49 0 19 0 92 0 0 0 0 0 0 0 0 0 0 0 79 83 0 0 0 0 0 99 73 0 0 0 18 60 0 0 47 73 58 0 0 0 0 0 48 33 0 0 13 0 0 0 54 0 25 0 81 0 0 0 0 0 0 0 45 0 80 0 48 0 0 19 0 0 0 0 0 0 0 0 30 0
0 0 0 0 62 0 0 46 0 0 0 0 0 0 41 0 0 0 0 0 0 34 32 70 91 0 0 0 52 0 0 0 0 0 40 68 0 62 0 0 0 0 0 0 43 0 0 0 0 0 0 0 0 0 98 54 23 0 97 20 0 0 66 0 0 0 0 0 0 66 0 0 58 0 52 0 0 0 0 30 0 45 0 0 35 0 0 18 0 0 9 0 0 0 0 0 0 0 0 0
9 0 0 0 0 0 0 24 0 0 0 0 0 0 0 58 0 0 0 91 0 0 0 0 0 0 30 0 0 0 32 0 0 14 0 0 77 0 0 0 0 100 0 0 35 0 0 0 17 0 0 0 0 0 0 76 0 0 54 4 49 85 11 35 0 37 23 11 42 0 0 20 0 0 0 93 0 0 9 31 0 0 0 0 14 0 26 0 0 63 0 0 0 0 51 0 0 0 0 31
0 57 0 0 0 0 0 6 0 0 0 0 0 83 0 0 83 11 0 0 0 97 57 0 0 0 0 93 0 58 2 0 0 71 93 0 0 63 0 0 99 0 42 0 0 0 55 0 56 0 0 0 0 0 0 0 0 76 10 0 0 5 0 0 0 0 16 0 0 20 0 0 0 19 0 0 0 0 0 0 21 0 74 0 0 0 0 72 0 63 0 80 25 0 0 5 28 0 0 0
0 66 0 0 0 0 0 0 49 0 0 0 0 0 0 0 0 0 0 0 0 45 0 0 49 26 0 0 0 69 0 0 0 0 0 0 0 85 0 0 0 0 0 62 0 78 0 0 0 0 0 0 0 0 84 0 0 0 0 0 0 0 0 0 0 85 0 0 0 0 0 5 0 0 96 0 84 73 77 0 66 0 50 0 0 48 62 0 35 94 40 1 0 49 73 0 0 80 80 68
10 0 0 0 0 0 0 0 0 1 21 0 0 0 63 0 0 0 0 0 0 0 0 0 0 0 0 99 0 0 0 0 76 0 0 0 0 0 41 0 0 0 0 0 8 0 0 0 0 0 60 0 0 0 64 0 0 0 0 57 0 62 0 25 65 100 0 0 0 24 94 0 0 0 0 0 86 0 0 0 0 0 0 0 0 49 0 79 0 0 0 14 0 0 75 0 0 0 95 0
0 0 0 0 16 0 0 24 0 0 0 0 0 0 7 0 1 0 0 0 0 0 91 0 0 0 0 72 0 0 0 13 0 0 0 0 0 62 0 0 63 0 0 0 0 0 0 13 90 4 0 0 0 0 0 9 0 0 33 4 94 0 0 0 64 0 0 0 11 9 0 0 0 0 0 0 32 100 0 0 0 0 0 0 93 92 0 52 0 85 0 0 0 0 0 0 0 10 0 0
0 0 0 0 0 0 11 0 0 0 0 0 0 0 0 78 0 0 0 0 0 33 0 94 25 0 48 33 87 0 0 0 22 45 0 0 0 0 0 0 0 0 69 0 14 0 0 32 0 0 0 0 0 0 0 94 85 0 0 0 69 0 96 0 0 0 0 0 100 0 0 0 0 68 77 0 0 91 0 0 0 0 0 68 0 0 0 0 0 0 0 0 0 82 0 49 76 0 0 0
0 0 0 97 84 0 0 0 0 0 15 0 0 0 86 0 0 0 0 0 0 0 0 0 0 0 82 0 0 91 0 0 0 0 22 0 0 25 0 25 21 0 32 0 0 0 0 17 0 0 0 0 88 87 0 27 0 0 0 0 0 0 0 69 0 56 0 3 0 0 0 0 0 0 0 0 73 0 15 0 0 0 0 0 0 0 0 0 93 16 0 0 0 48 0 0 0 0 0 0
0 0 0 0 0 98 17 0 0 0 94 0 0 10 44 0 0 0 41 0 0 0 0 0 0 0 0 17 0 0 38 0 0 0 0 0 0 0 0 0 0 76 0 0 0 23 0 0 0 0 0 0 0 0 0 0 0 0 0 0 79 0 0 0 0 0 98 0 0 0 0 0 0 0 0 0 0 70 0 0 0 0 0 0 86 65 80 0 0 0 41 0 0 0 0 0 0 0 0 74
0 0 0 0 78 0 0 55 0 0 0 0 0 0 74 0 0 9 0 0 0 0 26 0 0 0 0 0 51 47 0 0 0 0 0 0 0 0 0 0 0 53 11 90 0 0 0 0 0 66 0 0 0 0 0 0 0 0 0 56 39 0 34 73 51 0 0 0 0 3 0 0 0 14 0 0 0 78 0 0 0 0 94 0 0 0 0 0 0 0 0 31 2 11 0 0 87 73 0 0
0 0 0 0 0 0 0 0 0 0 0 0 0 0 27 0 0 0 69 0 0 0 0 0 37 51 0 0 0 41 20 84 0 0 69 0 57 51 99 0 0 69 9 0 0 0 0 0 0 0 0 15 73 0 0 0 0 0 0 0 0 7 0 22 0 32 0 49 0 0 0 14 0 0 0 97 0 0 17 0 0 0 0 0 0 0 0 0 0 0 0 0 0 0 0 0 0 0 0 0
0 0 74 39 0 0 0 0 0 0 0 0 0 0 0 14 55 72 23 0 0 0 0 0 0 0 0 2 71 0 30 0 0 0 7 0 0 0 0 0 21 0 90 85 0 61 94 0 0 98 81 0 50 0 0 49 0 50 0 0 0 41 0 0 0 0 0 0 0 63 0 0 0 75 0 0 0 19 0 57 0 0 2 40 0 0 88 0 0 0 0 81 0 0 0 0 0 0 0 0
0 83 0 0 0 0 0 0 0 84 0 0 0 24 0 85 0 0 0 0 0 0 0 94 0 0 0 83 0 0 39 0 0 0 94 0 0 0 19 0 0 0 60 28 0 0 0 0 0 0 0 63 22 0 0 0 0 63 0 0 0 0 0 0 0 0 0 74 0 0 0 0 0 0 0 86 51 69 0 82 0 71 0 0 70 0 46 0 0 0 0 0 0 0 0 0 0 0 0 0
0 0 0 0 0 0 0 0 0 0 0 0 0 0 0 51 0 0 0 0 0 0 51 17 0 0 92 0 0 0 0 0 24 0 0 0 0 0 36 0 0 35 0 48 0 25 0 0 0 69 89 62 25 0 42 53 70 0 0 55 0 91 0 0 0 37 0 0 0 0 0 69 0 18 12 0 74 0 41 32 0 0 0 71 0 0 0 0 0 0 0 0 7 0 0 0 48 0 0 0
40 0 0 0 0 0 26 13 0 27 0 0 67 100 0 0 0 23 0 0 0 0 0 55 0 0 0 0 0 0 0 70 0 0 0 0 0 0 28 0 0 57 58 0 0 0 0 0 0 0 9 45 8 0 0 0 0 0 0 88 0 0 0 0 30 11 0 0 97 0 0 0 0 0 0 0 0 32 0 0 0 0 99 0 0 0 0 63 80 0 0 0 0 0 0 74 0 83 0 0
17 0 0 0 0 56 0 0 0 0 0 0 0 0 0 0 60 0 0 0 0 0 0 0 0 0 0 0 0 0 40 0 0 94 0 0 0 0 0 79 0 0 0 0 0 0 0 0 0 83 0 0 0 0 81 0 74 0 0 17 0 0 0 0 0 0 0 59 61 20 0 0 17 0 0 0 55 0 0 0 0 0 0 0 0 99 0 0 0 39 66 0 0 0 0 0 0 84 38 0
0 0 0 65 96 0 0 0 0 0 36 77 0 37 0 0 0 92 0 31 83 0 0 42 39 0 80 0 0 0 0 0 0 0 0 64 11 0 0 0 0 0 25 49 0 56 0 15 0 0 0 70 0 0 0 43 0 64 76 0 0 0 42 0 0 1 82 0 0 0 0 68 0 0 0 63 0 92 99 0 0 0 81 0 0 0 0 0 0 56 0 0 0 0 0 0 63 75 0 0
0 91 0 0 0 77 0 0 0 0 0 0 0 0 67 100 0 0 0 0 0 0 0 59 4 0 87 0 90 0 0 31 0 51 0 0 0 0 33 93 42 1 0 0 99 0 0 24 0 33 52 31 0 0 0 0 0 0 79 55 0 0 0 0 24 85 0 0 0 0 0 0 0 0 0 0 0 58 0 0 0 0 0 2 0 0 0 0 0 0 0 74 0 0 0 23 0 0 0 0
26 10 0 0 0 0 72 0 67 0 0 0 57 0 24 0 0 0 28 0 41 0 0 45 0 87 58 33 98 0 0 0 0 0 0 48 0 0 0 13 0 0 34 4 0 0 87 0 0 0 0 0 0 0 77 0 87 0 0 73 72 43 77 0 26 0 0 0 0 0 21 51 22 24 49 38 0 0 0 0 0 92 0 0 0 17 0 0 0 0 0 24 61 0 89 0 0 0 0 0
0 35 0 0 86 0 0 0 60 0 0 44 0 0 0 0 0 0 0 0 0 0 0 28 0 48 0 0 45 35 0 0 75 0 0 0 0 0 0 0 0 0 0 0 0 0 0 0 38 10 0 9 0 0 0 0 0 0 0 79 83 0 0 0 0 0 1 0 0 0 0 0 0 0 0 20 18 0 0 0 0 0 0 65 0 0 0 0 0 98 45 0 0 76 9 0 0 0 0 0
0 0 0 0 0 0 0 0 0 0 0 0 0 0 60 92 0 0 0 0 0 65 0 0 0 0 84 0 93 0 0 8 0 0 0 0 0 0 0 0 44 0 0 0 0 0 0 0 7 0 0 65 38 0 0 0 0 0 0 0 0 0 0 0 0 0 0 42 0 0 19 0 0 0 96 0 58 3 0 0 0 0 0 39 0 0 0 0 0 0 0 27 0 0 0 62 0 0 0 34
0 0 0 0 0 0 0 0 20 71 0 5 0 0 0 0 93 0 0 0 5 0 16 0 0 44 0 0 33 0 22 0 0 0 0 0 0 0 0 0 0 0 65 0 0 0 0 0 0 0 0 0 0 0 0 0 0 74 19 0 96 0 0 0 0 0 0 0 0 0 86 0 0 0 0 65 31 0 0 0 0 0 0 64 0 0 0 0 40 0 0 0 71 0 94 0 0 27 79 0
77 0 0 70 36 98 0 0 0 0 0 0 0 0 49 0 100 0 0 51 0 0 0 0 0 98 0 51 0 0 0 57 0 0 0 12 0 0 0 45 81 0 2 0 32 0 0 0 0 0 0 0 0 0 0 75 0 4 56 0 0 0 0 0 0 0 59 44 0 71 0 0 0 0 0 0 94 86 0 83 0 0 0 0 0 68 0 0 0 0 0 0 0 45 0 0 0 0 0 0
0 0 0 0 0 24 0 0 0 0 0 92 0 0 0 0 0 0 0 0 0 0 0 0 0 0 0 63 0 0 0 0 0 0 0 0 0 0 0 0 0 0 0 0 0 82 5 0 22 16 0 0 10 41 0 0 0 0 0 44 0 0 0 0 0 0 85 0 34 0 5 0 91 29 0 0 0 0 97 0 0 0 0 50 0 0 0 0 92 0 0 39 0 79 0 86 0 52 100 0
0 0 0 0 0 0 0 2 0 0 0 0 0 0 0 0 49 0 0 0 0 12 0 0 0 0 0 0 0 0 0 0 0 0 0 0 0 80 88 0 16 50 0 0 0 0 0 0 0 0 19 0 0 0 0 47 0 0 0 0 94 0 0 16 0 10 56 0 0 0 19 10 94 0 0 0 23 0 0 0 40 0 0 0 0 95 0 0 0 0 0 0 0 68 0 0 0 0 0 0
7 0 0 0 72 6 0 0 0 15 0 0 11 0 24 0 93 0 4 0 4 0 35 0 0 0 0 0 95 11 7 0 91 16 0 0 0 0 0 0 0 57 0 10 0 0 87 0 0 22 0 0 0 22 0 0 0 0 16 32 0 0 0 55 0 0 0 0 15 0 0 0 0 0 0 0 0 0 0 0 0 0 0 0 0 0 98 100 0 0 0 0 0 0 0 7 26 77 0 58
0 0 0 19 0 0 0 0 0 0 0 0 0 0 0 66 0 0 4 0 0 1 33 90 44 0 77 0 81 0 94 0 24 61 0 83 0 0 0 0 0 0 0 0 0 0 0 0 0 0 0 0 0 0 0 0 19 69 0 0 0 17 62 0 68 0 0 0 60 65 46 0 57 0 0 0 0 14 0 0 59 0 0 0 97 0 18 0 0 0 0 0 71 0 76 0 0 91 0 0
0 19 0 0 0 0 96 0 0 0 52 15 3 0 0 0 0 31 26 47 0 0 2 0 0 0 0 40 0 0 0 0 0 0 0 0 0 0 0 0 0 0 0 14 0 0 0 0 75 0 0 18 0 0 61 0 63 25 0 0 0 0 64 0 0 0 0 0 74 0 0 0 0 0 0 0 0 0 0 0 0 0 46 85 0 50 0 0 60 94 62 36 0 0 0 0 0 0 0 0
9 0 0 0 89 0 0 0 42 0 68 0 0 22 0 0 0 0 0 87 0 91 0 0 67 0 0 99 0 42 0 75 78 25 0 0 15 0 0 0 0 0 0 0 0 0 0 97 0 0 0 0 92 0 0 0 100 11 0 0 21 0 0 0 29 0 0 0 91 33 0 0 0 0 0 0 0 0 0 0 0 0 0 7 0 61 0 0 17 64 0 0 73 0 0 0 0 0 0 28
31 68 69 0 0 0 0 0 0 74 0 0 19 62 24 0 0 0 0 63 0 0 0 95 0 0 0 0 0 0 1 0 3 0 0 0 0 0 63 0 0 0 0 77 0 0 0 0 40 0 0 0 86 19 0 0 0 43 0 35 0 0 0 73 31 96 0 60 0 0 0 0 0 0 0 0 0 55 0 0 0 0 0 69 0 40 0 0 0 0 0 0 0 0 63 0 0 0 0 0
0 0 0 0 75 0 0 0 0 38 0 0 13 0 0 16 34 0 0 0 65 0 68 0 0 37 56 0 0 37 20 16 0 0 0 0 0 0 0 0 0 5 0 100 0 0 3 0 64 1 0 0 0 0 0 0 100 59 0 0 97 0 0 0 12 0 0 0 0 0 0 0 86 0 58 0 0 0 72 0 32 0 0 0 0 67 53 0 91 0 91 88 0 70 0 0 0 0 20 81
78 0 0 0 0 0 10 82 0 0 82 0 0 98 0 0 0 0 0 0 0 0 0 0 32 67 0 85 0 51 0 0 0 0 33 0 0 28 0 0 47 0 0 0 0 0 0 0 0 0 0 0 50 73 0 14 46 9 0 0 62 0 0 90 0 0 61 0 45 0 0 0 90 0 0 0 0 0 0 0 0 0 0 0 0 0 0 0 33 0 0 0 0 0 0 0 0 79 0 0
0 0 0 0 0 0 92 4 0 0 0 0 0 58 12 0 85 96 60 0 0 0 6 0 31 75 0 0 0 0 0 0 0 53 0 0 14 0 0 71 0 0 29 89 0 96 0 0 0 0 31 0 48 30 0 0 0 0 0 44 0 0 0 0 0 0 0 0 0 0 89 0 0 0 0 4 0 0 0 97 0 0 0 0 0 0 8 0 61 0 0 0 0 0 0 0 0 0 0 15
40 0 40 0 41 47 0 0 90 0 0 0 39 0 0 0 0 46 0 61 62 0 0 0 0 0 0 0 0 0 0 0 0 0 0 5 0 79 0 0 0 0 82 0 0 0 0 0 38 0 0 0 98 0 10 11 2 0 0 7 0 0 0 0 0 62 0 0 78 0 0 0 3 0 0 0 0 0 0 0 0 0 0 0 0 87 3 0 0 83 0 0 0 0 0 76 34 57 0 0
0 0 55 0 0 0 0 0 76 0 0 39 0 0 0 0 0 0 20 0 0 0 42 89 0 0 0 0 0 0 0 0 0 44 25 0 0 0 0 0 0 35 0 35 0 0 0 0 0 23 0 0 0 93 0 0 0 76 0 68 13 100 0 54 0 13 0 55 25 0 0 0 0 0 0 0 0 0 0 0 0 0 0 0 0 30 0 81 63 0 82 37 0 72 0 0 0 26 0 0
0 0 0 72 0 0 0 0 89 21 0 0 0 0 0 0 11 0 0 0 20 0 56 0 0 0 0 0 0 0 0 0 0 0 0 0 0 43 77 0 55 50 0 0 0 0 0 0 0 0 0 0 0 0 0 0 54 0 0 0 27 0 0 0 50 64 0 0 0 0 0 0 0 0 0 0 0 0 55 64 0 0 39 0 0 90 0 0 0 0 33 0 0 0 36 0 0 0 0 0
0 0 0 0 0 0 0 0 0 0 0 0 44 24 46 0 0 0 0 0 81 0 0 84 65 56 0 0 0 0 0 53 87 0 0 5 21 0 0 0 0 0 0 0 0 0 0 0 0 0 0 0 0 69 0 0 93 29 0 0 0 0 0 0 0 0 0 0 0 0 94 0 0 0 100 0 84 0 94 0 56 0 0 0 0 0 40 24 0 64 0 0 0 0 63 0 0 0 30 49
0 0 0 0 0 0 36 0 40 0 0 0 0 0 0 0 0 58 2 0 50 0 0 0 0 80 0 11 0 0 0 0 0 0 0 0 0 0 0 15 16 15 0 0 5 0 0 28 0 0 0 0 0 0 40 31 0 19 0 0 51 48 0 73 0 0 0 0 40 0 0 0 0 0 0 0 85 87 0 60 0 0 0 0 44 0 76 0 3 0 0 73 0 25 0 0 0 0 0 0
0 73 0 82 0 0 0 0 0 25 0 0 0 0 0 0 0 0 0 0 0 0 0 0 0 26 0 0 0 0 0 19 0 0 0 51 0 86 0 0 0 77 0 0 10 0 0 0 0 0 0 0 0 35 0 0 0 0 0 0 0 0 0 0 12 0 94 0 0 0 0 0 0 51 0 0 18 0 5 52 0 0 0 0 32 0 0 0 0 0 0 0 0 91 0 0 0 0 0 0
23 0 0 0 0 0 0 0 0 0 0 86 0 0 0 0 0 0 0 0 0 85 0 0 0 0 0 0 0 0 0 0 0 79 12 58 0 0 0 0 0 0 72 0 0 6 58 0 0 5 58 0 0 0 20 0 0 0 0 0 0 0 0 0 0 33 13 7 10 44 0 77 0 29 0 0 0 62 0 25 0 0 0 0 0 0 0 0 0 0 0 0 0 0 84 0 0 0 81 30
0 0 0 0 35 79 0 3 65 0 0 40 71 30 0 59 61 72 0 0 10 0 0 62 0 0 23 80 0 0 0 0 79 77 0 0 0 0 0 0 98 0 79 0 0 0 0 44 3 0 0 0 0 26 0 0 0 0 0 0 0 0 75 0 0 0 24 0 25 45 0 0 0 0 0 64 0 0 0 0 17 0 0 0 0 0 0 0 0 0 0 65 0 50 0 0 0 0 9 0
0 0 0 0 91 0 0 0 0 0 69 0 0 0 62 45 40 0 0 0 0 0 0 0 0 0 0 58 0 0 10 0 0 0 0 0 0 0 94 2 0 0 0 34 62 0 0 0 0 89 39 0 0 0 0 0 0 0 40 0 0 70 0 0 90 0 0 0 0 53 0 0 0 0 0 0 0 0 0 91 0 0 3 0 0 0 0 0 0 0 29 100 0 0 0 45 0 0 0 0
58 0 0 0 0 0 0 0 0 0 0 59 0 0 0 70 0 0 86 0 0 0 86 0 23 0 0 99 0 0 0 0 86 16 0 50 0 0 70 0 0 0 74 48 0 0 0 0 0 85 0 0 0 0 0 0 81 0 0 0 0 0 28 0 0 0 16 87 65 0 20 0 0 14 0 0 0 0 0 0 0 0 3 0 0 15 0 0 0 0 0 0 0 0 0 0 0 6 0 0
0 0 0 55 0 0 0 0 0 22 0 0 0 0 0 0 0 0 0 0 0 0 6 0 0 0 0 34 22 0 0 0 0 0 0 0 0 0 0 0 0 0 0 0 0 0 0 0 0 60 0 0 0 0 59 0 8 0 0 71 0 18 42 73 0 0 78 0 0 54 0 0 0 0 23 91 0 0 0 0 0 0 35 0 0 0 0 0 33 0 31 0 16 0 0 0 0 0 0 0
0 0 0 0 0 0 0 0 66 0 0 99 0 0 52 0 0 0 0 0 0 0 0 83 0 3 0 60 0 0 96 53 0 0 0 0 0 55 0 0 0 0 0 0 0 0 0 0 0 59 0 0 0 0 67 21 0 0 0 0 0 0 0 0 0 0 0 0 0 0 44 0 74 0 21 0 51 87 0 0 0 12 43 0 47 0 44 0 88 0 0 0 0 0 0 0 0 0 83 0
0 0 0 0 0 0 0 0 63 0 0 47 0 0 0 0 0 0 0 0 0 0 0 0 0 0 0 0 0 0 82 0 0 0 0 76 0 0 0 0 91 0 95 0 86 33 0 26 0 0 0 0 24 0 0 0 0 0 0 0 0 0 16 0 0 0 0 0 0 0 0 20 0 33 82 0 0 17 0 0 0 0 0 0 0 22 53 0 0 0 0 0 0 0 0 17 0 0 0 0
0 0 0 83 0 0 0 0 0 0 0 0 0 0 0 0 0 0 18 0 27 0 0 0 57 0 0 0 0 0 0 69 0 0 31 0 57 0 0 0 0 27 69 0 0 0 46 0 0 0 0 49 0 0 93 0 13 0 0 0 0 36 0 0 0 67 0 49 0 5 0 48 0 0 0 91 0 39 0 0 82 71 0 0 0 0 0 0 0 0 0 0 0 0 0 29 0 0 96 0
0 0 24 0 0 0 0 0 0 62 0 0 11 0 48 0 0 0 0 0 0 0 0 0 61 0 0 75 0 98 0 3 0 0 0 80 0 0 91 0 58 0 0 0 0 36 0 0 0 11 0 0 0 0 0 0 0 0 36 0 12 0 0 0 97 72 0 0 78 0 0 0 0 0 0 28 0 50 0 85 0 0 99 0 42 0 0 0 0 0 0 0 99 63 79 0 98 5 0 0
0 0 52 0 0 0 0 0 0 0 0 0 0 0 74 0 26 0 0 0 0 0 0 20 95 60 0 0 0 0 0 0 0 0 62 0 0 0 0 0 90 0 0 0 0 11 2 0 0 0 0 0 0 99 0 0 68 0 0 0 0 0 0 0 0 0 84 0 86 19 0 0 0 55 63 0 0 42 0 0 0 57 0 0 37 0 71 0 0 89 0 71 0 0 0 0 0 0 0 81
28 0 0 0 21 0 0 14 0 0 44 60 0 0 0 0 0 0 7 0 72 0 0 58 0 0 48 0 38 0 0 76 0 0 14 0 0 0 0 0 0 0 0 27 0 0 76 0 13 0 0 52 80 0 0 85 0 86 0 96 0 0 0 48 0 46 0 0 0 0 0 0 0 0 0 92 0 0 39 82 0 0 0 30 0 93 0 0 0 0 0 0 43 0 0 0 61 34 48 0
0 0 0 0 0 0 0 48 0 7 0 0 13 0 53 0 41 0 0 0 0 0 0 0 0 65 0 0 0 51 0 0 4 100 0 0 0 54 0 44 97 0 0 0 0 0 23 0 0 0 0 0 0 0 0 0 59 0 0 0 0 0 0 0 0 0 0 0 0 0 0 0 38 0 0 85 0 0 25 0 0 0 0 74 76 32 0 0 0 97 40 0 0 0 0 0 0 0 0 49
0 0 77 58 0 0 0 0 0 0 0 26 0 0 0 0 90 0 0 98 79 0 0 0 38 0 0 91 0 0 0 0 53 0 0 0 0 0 0 92 39 0 23 0 0 0 0 0 1 0 0 0 0 0 0 0 39 0 0 0 0 13 0 0 12 0 0 0 0 0 0 0 0 0 0 0 0 0 0 12 0 17 0 0 0 0 0 0 0 67 0 0 28 0 0 0 99 0 0 0
0 18 0 0 0 0 0 0 0 68 0 0 0 0 0 0 92 0 0 0 0 0 22 38 0 0 0 0 0 0 0 0 0 0 94 0 0 0 99 0 0 0 0 0 0 0 0 0 57 0 0 0 0 0 56 0 0 0 0 0 0 0 14 0 0 0 0 0 33 0 0 0 0 0 0 0 0 0 0 0 0 93 37 0 46 0 0 9 0 0 0 0 0 0 0 88 0 0 36 0
80 0 0 0 0 0 0 0 0 0 98 0 0 0 0 0 0 0 0 0 0 0 0 0 0 0 93 0 0 0 0 0 97 0 0 0 0 0 0 95 0 0 0 0 0 0 54 0 0 53 0 0 0 0 77 0 0 53 0 72 0 0 0 0 0 0 48 28 0 0 0 0 0 0 0 48 33 0 58 0 0 90 0 0 27 0 0 0 0 0 0 0 0 0 0 0 0 11 0 0
16 0 84 60 0 0 0 0 0 74 0 0 0 0 81 0 0 0 0 0 90 21 0 17 0 0 0 0 0 0 0 0 70 0 0 0 0 0 0 0 0 0 19 0 0 0 0 0 59 0 0 58 18 0 0 0 0 0 0 0 0 0 35 0 56 2 0 0 96 0 64 0 0 0 0 0 0 41 79 0 0 70 0 20 0 0 0 0 0 0 0 0 0 26 0 0 64 79 0 0
10 0 0 0 0 0 0 2 0 0 0 0 0 0 0 36 0 0 19 0 92 29 65 50 0 0 21 0 0 87 0 0 0 0 0 0 0 95 13 0 0 0 0 0 0 0 0 0 0 0 0 0 67 0 0 0 0 0 0 40 0 0 14 97 0 0 0 0 0 0 5 31 10 0 0 3 0 0 0 0 66 0 0 0 0 0 0 7 0 0 0 8 0 0 0 0 0 0 0 0
0 55 0 52 0 0 0 0 53 0 0 0 0 0 0 0 0 0 0 31 34 0 0 0 0 0 0 0 0 0 0 0 0 0 47 0 30 0 0 0 0 0 0 0 0 0 0 0 57 0 95 0 0 13 0 0 0 27 62 0 0 0 81 0 0 0 71 38 0 0 10 87 0 0 88 27 0 0 0 0 0 0 0 0 0 0 0 0 0 0 0 73 22 0 0 0 0 54 0 0
0 0 57 23 0 0 37 0 0 37 0 32 85 49 0 13 3 0 0 0 0 59 91 45 0 33 72 66 0 0 0 0 92 0 0 0 67 0 0 0 0 0 0 68 0 0 0 0 0 0 0 0 82 0 0 0 68 92 0 0 41 0 3 57 69 0 0 0 0 0 0 28 0 0 0 73 0 72 43 0 0 0 0 55 0 0 0 66 0 80 0 0 0 0 26 0 0 78 64 84
52 79 0 0 0 0 0 0 0 0 0 0 0 0 1 0 0 0 18 0 0 73 0 67 0 0 0 0 0 0 0 0 0 0 0 0 0 0 87 0 0 0 0 0 0 0 0 28 0 0 15 0 0 0 0 0 0 0 0 9 0 0 0 0 0 6 0 0 0 0 0 0 0 0 0 0 0 0 95 33 0 0 0 0 0 0 41 0 92 23 0 0 0 0 0 0 0 0 0 0
0 0 0 0 0 23 0 0 0 0 0 0 0 0 0 9 11 0 0 0 0 78 68 0 24 36 0 0 0 0 0 41 10 0 62 28 26 0 0 0 46 0 0 99 0 0 0 0 0 71 0 0 66 0 0 0 0 6 0 0 0 0 0 0 0 0 0 38 0 0 66 0 0 57 37 0 0 0 5 0 0 0 20 0 0 0 0 0 0 0 0 0 0 0 0 0 0 44 0 0
0 0 0 0 0 0 0 0 0 38 0 0 0 89 0 0 0 0 0 0 0 0 8 0 0 0 0 0 0 17 62 0 0 92 0 0 0 0 52 0 0 0 0 0 46 0 0 0 0 0 0 0 0 0 68 0 0 0 0 0 0 94 0 0 0 25 0 0 0 0 0 0 0 0 0 71 0 0 0 0 0 0 0 0 0 74 0 0 0 0 0 0 0 0 84 0 0 0 0 0
0 0 88 0 27 0 0 0 0 63 0 51 13 0 68 0 39 0 0 0 0 0 0 0 0 0 0 82 0 0 0 0 0 88 0 0 0 18 18 0 0 0 0 89 0 0 0 0 0 0 0 99 0 67 97 0 76 0 0 0 0 62 37 0 85 9 0 63 43 21 0 0 0 0 0 0 0 0 48 0 0 0 0 0 0 0 0 0 0 34 0 0 0 30 0 0 0 0 0 0
0 0 0 0 0 0 0 0 0 0 0 0 0 0 0 0 58 0 51 0 0 82 0 0 0 0 79 0 0 82 0 0 0 0 0 0 0 2 0 0 0 96 0 0 0 85 0 0 2 100 0 63 3 0 0 49 20 0 0 0 58 0 0 0 0 0 0 0 0 0 0 0 0 54 0 37 81 0 0 46 73 75 62 0 22 0 0 0 0 10 6 0 0 0 21 0 0 0 0 0
0 0 35 0 0 78 0 44 95 0 0 0 0 79 0 0 0 0 0 0 0 0 0 0 0 0 89 0 0 0 20 28 0 0 51 71 0 2 0 0 59 0 0 55 0 92 49 62 0 6 0 0 0 0 0 0 68 40 0 75 0 99 0 0 80 0 88 0 0 0 7 0 0 0 0 0 0 0 0 0 0 63 0 52 37 92 0 0 15 0 0 31 0 0 44 0 88 0 0 76
0 0 0 0 0 0 0 0 0 0 0 0 0 46 0 0 0 0 2 0 0 0 0 41 9 18 0 98 0 0 0 0 0 22 0 0 0 0 0 0 96 0 54 0 0 0 46 0 0 0 7 0 0 76 0 42 0 0 0 0 0 0 0 0 0 0 0 55 0 66 0 0 0 0 0 0 0 0 0 0 71 0 55 91 0 0 16 23 0 0 0 0 0 0 3 17 0 0 43 61
24 0 0 0 0 0 0 0 0 0 75 65 0 67 0 0 49 74 0 69 0 0 0 0 0 0 0 0 0 0 0 0 80 34 16 84 24 0 0 0 0 0 100 0 30 0 0 17 0 0 0 3 0 0 0 0 0 11 20 0 0 0 34 0 0 40 16 0 0 0 0 0 0 98 0 0 0 0 0 0 0 0 97 0 0 0 0 0 0 0 56 0 27 0 1 0 0 72 0 0
29 0 57 49 0 0 0 26 0 15 0 81 2 0 0 0 0 0 0 0 66 42 83 28 0 0 0 51 0 0 98 8 0 73 0 0 95 0 0 0 0 20 0 0 0 0 0 0 75 0 0 0 0 0 0 0 0 37 0 0 47 0 0 0 0 0 0 0 50 0 0 0 99 0 37 0 0 0 0 0 0 53 73 0 0 0 0 82 96 9 0 0 0 0 0 0 0 0 0 0
11 0 0 0 0 82 0 0 39 26 0 89 0 3 0 0 40 33 0 0 0 27 0 0 0 8 39 0 0 0 0 0 0 0 0 90 0 0 0 87 0 0 0 0 0 4 0 0 0 0 0 0 84 0 15 0 0 0 0 0 0 0 26 1 18 0 0 0 0 0 76 72 0 0 0 41 43 0 82 0 0 0 34 62 1 0 29 0 8 0 0 0 79 0 0 0 72 0 0 0
70 67 0 0 0 0 0 0 66 0 0 0 0 0 0 20 0 44 55 31 0 32 0 0 0 0 50 0 0 0 0 11 0 44 0 0 0 0 0 0 31 0 0 10 0 0 0 0 35 0 54 0 0 0 0 0 0 0 14 0 0 0 0 0 83 0 18 0 99 0 0 0 0 100 0 2 0 0 0 97 0 92 0 16 0 0 0 0 0 0 5 0 0 24 0 40 0 0 0 0
89 0 50 0 0 13 0 0 0 25 0 0 0 0 0 0 0 0 0 59 0 0 64 0 9 0 0 0 91 52 0 0 40 0 0 0 0 19 25 31 0 59 0 0 34 0 0 0 0 0 63 0 0 0 66 0 0 0 0 0 0 0 0 0 0 17 0 0 0 0 0 0 0 25 91 0 0 0 0 0 0 0 0 0 0 0 0 0 0 0 0 0 0 0 0 38 0 0 0 0
0 42 0 0 0 0 0 96 0 0 0 0 0 0 0 95 0 0 0 67 0 0 0 0 0 0 0 0 0 81 0 32 0 0 0 0 0 0 45 0 0 0 90 0 0 0 0 0 0 0 0 31 74 0 0 0 0 0 0 0 6 0 0 40 69 0 0 93 0 0 44 0 0 75 0 0 33 16 74 0 11 0 0 0 100 0 0 0 0 0 0 0 0 83 0 0 25 0 0 0
0 0 0 0 0 0 0 0 0 0 0 74 0 9 0 0 0 0 33 0 0 0 88 0 0 0 0 0 54 0 0 0 78 0 1 35 0 0 0 0 10 0 0 0 0 0 0 0 0 0 12 0 0 0 0 45 0 0 0 0 0 7 98 0 0 59 0 0 38 0 0 0 0 0 0 56 0 0 0 81 68 0 0 0 28 0 64 0 34 0 0 0 0 0 0 0 0 0 0 78
49 0 0 0 0 0 0 0 35 0 0 0 81 0 0 0 0 0 0 0 0 0 0 0 0 0 0 0 92 0 0 0 0 0 0 0 0 0 0 9 4 0 0 70 0 0 4 0 0 0 0 16 0 0 40 0 0 0 0 0 14 85 92 0 0 0 0 0 0 0 0 0 76 0 0 49 0 0 0 0 0 0 0 58 0 0 0 0 0 0 0 17 71 0 0 0 0 0 0 0
0 0 0 0 0 63 91 0 0 72 0 0 56 0 0 0 0 86 0 0 0 77 77 98 0 0 87 3 86 0 0 0 0 43 21 0 0 0 9 0 99 0 67 0 0 0 35 0 0 0 26 0 0 0 0 0 100 0 0 17 0 0 0 0 0 0 0 0 0 51 0 10 0 84 0 0 54 0 47 58 0 0 0 0 0 0 90 0 0 0 14 68 54 0 0 0 0 76 0 0
29 0 0 0 0 0 0 0 0 93 0 0 0 0 0 0 0 0 0 0 0 0 0 0 0 0 34 33 0 0 0 0 0 0 0 0 45 0 0 0 0 4 0 0 0 21 0 0 0 73 0 52 0 0 0 0 0 82 0 0 0 0 41 28 0 0 0 4 82 0 47 71 0 0 0 0 0 77 0 0 0 0 0 4 0 0 0 0 10 0 0 88 45 0 0 0 97 0 0 0
0 0 0 0 0 0 0 0 60 0 0 0 0 0 0 26 0 0 0 74 41 0 67 0 0 0 54 89 0 0 0 0 0 68 0 53 0 0 0 0 62 0 2 3 0 0 0 0 0 0 0 79 0 0 0 78 0 89 0 0 0 48 0 0 19 34 0 0 0 0 0 0 29 0 0 0 0 0 0 4 0 91 0 0 66 0 0 0 0 0 0 0 0 88 10 0 0 0 0 90
0 0 0 0 0 0 0 0 0 53 0 0 0 0 0 21 0 0 0 0 0 47 0 29 82 0 62 0 78 0 2 0 0 0 0 0 0 0 0 0 0 0 0 0 0 0 0 0 17 7 69 95 0 0 0 0 76 0 0 28 0 14 42 0 0 37 0 0 0 0 0 0 0 0 0 0 0 0 47 68 0 0 49 0 0 62 0 0 0 14 0 0 9 0 0 0 0 86 0 0
0 0 0 0 49 0 0 0 0 0 0 0 0 0 0 0 0 0 88 0 0 0 0 71 0 0 0 0 0 0 0 0 0 0 0 0 20 0 0 2 0 0 0 0 0 17 79 0 0 0 75 0 0 35 0 0 0 17 0 0 0 44 36 0 0 0 0 0 0 72 0 0 0 0 0 8 0 0 0 0 47 67 0 51 0 0 0 0 0 0 0 0 0 0 39 67 0 0 66 0
0 0 0 23 0 0 0 0 0 0 0 0 0 0 89 0 0 0 0 0 0 0 0 0 0 0 0 0 0 0 0 0 11 0 0 0 0 0 0 74 0 0 0 39 0 77 0 0 85 54 32 0 0 94 54 0 0 0 0 0 0 0 0 62 0 0 0 0 0 0 0 0 0 0 84 0 0 0 40 58 0 0 0 0 43 0 0 0 0 0 0 0 0 0 0 0 0 0 0 0
0 0 0 0 0 29 0 97 0 0 0 0 0 0 0 0 73 0 12 0 0 0 0 0 0 9 97 0 0 0 0 0 87 67 0 93 14 0 0 35 0 0 36 0 0 100 0 0 22 0 16 0 31 0 8 0 0 42 0 0 0 0 7 0 0 0 88 0 26 98 0 0 0 0 51 0 0 0 0 0 0 0 0 0 0 0 0 0 65 0 0 0 0 3 83 0 0 0 0 71
0 0 0 0 52 28 4 0 0 0 0 0 0 0 58 0 0 0 2 52 91 100 0 0 50 9 78 97 0 0 0 0 0 0 0 45 53 0 0 0 0 0 0 0 0 0 45 0 61 0 37 47 0 0 0 0 0 0 5 0 0 0 46 0 0 40 75 0 82 0 0 0 0 0 14 0 0 0 0 0 0 0 0 66 6 0 58 0 0 0 0 0 0 10 0 0 65 0 0 0
41 64 0 0 0 0 0 0 0 0 0 0 0 83 0 0 7 60 20 0 7 0 96 0 0 87 11 63 0 50 0 0 0 0 8 0 0 0 0 92 0 0 0 0 0 0 62 27 0 0 0 23 78 0 65 67 0 93 0 0 0 0 95 0 0 0 0 83 25 52 0 0 0 0 0 0 0 0 0 0 0 0 0 0 0 0 0 0 0 0 0 0 12 0 43 0 22 76 56 52
0 82 0 27 2 0 0 0 0 0 0 0 64 0 0 42 0 0 0 0 0 0 40 0 0 0 0 0 60 0 0 0 0 0 0 27 0 0 0 0 0 0 0 41 45 0 0 0 0 0 0 0 0 0 0 37 0 0 0 0 0 0 0 69 4 0 81 0 0 86 39 0 0 0 0 0 71 0 83 0 0 0 0 88 0 0 74 0 56 0 0 0 0 0 0 0 0 0 0 0
41 0 0 69 0 63 0 0 0 0 0 0 0 64 23 0 30 4 17 0 0 0 0 0 91 0 0 100 0 64 0 0 0 0 0 0 0 0 0 60 0 0 0 0 0 0 12 0 0 0 0 74 0 0 0 93 0 0 0 0 0 0 82 32 0 54 0 0 0 93 0 0 0 0 0 0 0 0 0 71 0 0 0 0 0 0 0 4 0 0 0 28 0 0 53 0 71 0 0 0
57 0 0 0 0 0 0 0 0 31 3 0 0 0 0 0 0 38 22 20 0 0 0 95 0 0 43 0 0 0 0 0 0 12 24 0 0 0 4 34 0 0 53 0 0 0 0 0 19 0 0 0 59 49 0 0 0 0 0 0 0 0 0 0 0 0 78 0 0 0 0 82 0 0 0 0 0 0 0 0 99 0 0 0 0 0 33 0 0 0 0 29 0 0 0 0 0 78 0 0
0 0 0 0 0 0 0 27 79 82 0 0 0 0 99 23 26 0 0 0 0 0 81 23 0 0 29 72 0 0 24 0 42 0 0 34 17 0 0 4 0 0 0 0 0 0 0 0 2 0 0 99 0 0 60 0 0 0 0 0 24 0 0 2 0 0 0 0 56 0 0 0 51 0 0 0 0 0 0 13 0 94 0 48 0 0 0 10 0 0 0 10 10 0 0 53 0 0 0 62
0 3 0 68 0 0 0 0 81 0 0 27 0 0 0 0 49 28 0 0 0 0 0 0 0 0 0 0 0 44 0 0 0 0 0 34 0 0 0 42 0 34 0 66 71 93 0 0 0 0 0 0 0 0 0 0 0 38 0 0 0 0 98 47 0 77 34 0 96 0 0 0 69 0 18 0 0 12 0 29 0 0 7 80 44 0 0 0 71 0 0 0 0 0 0 0 94 0 0 67
0 98 0 0 0 0 0 0 0 0 0 0 0 20 0 0 0 0 0 0 0 0 93 0 0 78 62 0 0 0 0 0 67 0 7 51 31 80 0 0 0 0 0 0 0 0 0 0 0 0 0 0 0 41 0 0 0 55 0 0 0 0 0 46 0 0 0 29 0 66 0 0 19 0 0 85 0 0 0 46 0 0 0 22 0 0 0 96 0 0 0 97 46 0 0 0 0 3 81 0