100
0 0 0 46 0 0 0 0 0 2 0 0 0 0 71 67 0 0 0 0 0 0 19 0 0 0 0 0 0 31 0 0 44 77 0 0 12 65 43 51 0 0 43 0 12 8 32 50 0 12 59 0 0 86 0 0 0 77 0 0 0 0 0 0 0 0 31 0 0 52 0 0 0 0 0 0 0 31 0 0 0 55 0 0 0 0 0 0 0 0 0 0 0 0 0 0 0 0 43 80
0 0 0 0 0 3 0 0 46 0 27 0 21 0 0 0 0 0 0 66 93 0 0 0 0 0 0 57 43 0 0 0 0 0 0 0 50 100 0 0 0 0 0 0 0 84 11 0 0 0 0 0 0 0 50 0 38 0 0 40 36 79 0 0 0 0 0 0 0 0 0 0 0 0 0 0 0 10 30 0 0 0 0 0 26 0 87 0 0 0 0 0 0 77 64 0 57 0 0 0
67 58 0 0 0 10 0 0 33 0 0 0 0 0 0 0 0 0 0 0 63 0 0 0 0 0 0 0 0 75 53 0 0 0 0 0 0 68 0 0 0 0 0 0 94 0 0 0 0 55 65 0 0 0 1 0 0 41 48 0 0 93 0 0 0 0 87 82 0 76 0 0 78 0 0 0 99 61 22 87 96 0 0 0 0 0 0 0 0 0 73 0 0 0 0 0 0 0 40 0
35 0 0 0 0 0 0 0 0 29 0 0 0 29 0 0 0 0 0 0 0 0 9 86 0 42 74 5 0 0 0 0 0 0 0 0 0 0 0 0 0 0 0 0 0 0 0 0 0 0 70 0 0 0 0 0 0 0 45 0 0 19 0 0 0 0 0 0 79 0 60 0 0 0 0 12 0 0 0 0 0 0 52 54 57 0 0 96 0 0 0 0 0 0 0 35 0 0 99 0
0 73 56 0 0 0 69 0 63 0 0 0 0 0 0 0 0 6 0 0 0 77 32 0 0 17 0 0 0 0 0 0 0 0 69 0 0 0 27 0 63 17 0 0 57 0 0 70 0 0 0 0 18 0 0 0 82 0 0 0 0 0 0 0 0 0 0 0 0 0 0 20 0 76 0 0 0 0 0 0 9 0 0 0 29 1 0 0 0 0 0 96 0 2 53 0 0 75 0 80
0 0 0 0 69 0 0 0 0 99 0 43 0 0 0 0 11 0 21 0 0 0 0 0 0 0 0 0 0 0 9 0 0 32 0 0 0 29 0 0 0 0 0 0 0 0 0 0 0 0 0 0 0 0 0 0 0 0 0 50 0 0 0 75 0 0 0 0 25 0 0 28 0 0 0 0 0 0 0 0 77 60 0 5 80 0 24 0 0 0 0 55 0 75 0 4 0 0 0 78
0 0 0 0 0 16 0 0 0 0 17 0 85 0 0 0 0 34 0 0 0 90 0 0 0 97 0 0 0 0 70 0 0 0 0 0 0 0 0 0 0 0 0 0 0 73 0 0 0 0 0 0 0 0 0 0 82 0 0 17 48 0 0 0 0 0 95 0 21 0 0 0 29 0 0 87 0 0 0 0 0 7 0 0 0 0 0 0 0 0 94 0 0 0 0 0 0 0 0 0
0 0 0 0 0 0 0 0 0 0 90 0 0 0 0 0 0 0 11 0 0 0 0 0 0 0 0 0 0 28 0 0 50 0 48 0 0 0 0 0 0 0 0 85 0 0 0 0 68 0 0 0 94 0 0 0 0 0 72 0 0 0 0 0 56 76 0 69 0 41 0 76 0 12 0 0 0 0 59 17 0 0 64 0 0 0 54 0 0 14 0 0 0 29 18 0 0 0 0 0
75 0 26 0 0 0 0 73 0 21 0 11 0 0 0 0 61 0 0 0 74 58 0 0 0 82 0 0 80 0 0 0 38 0 2 81 15 0 76 0 0 40 0 0 0 0 0 0 71 89 35 0 0 0 0 10 48 0 39 0 0 0 0 0 0 0 0 0 38 0 0 0 50 0 0 0 0 0 0 21 0 79 0 0 0 65 3 0 0 0 0 0 0 9 11 14 0 0 53 0
0 0 2 7 0 0 0 0 10 0 28 0 0 0 68 0 0 0 0 0 12 74 0 0 0 0 0 0 0 0 47 0 0 0 0 0 0 0 0 0 0 0 0 1 0 0 0 47 97 12 0 71 74 12 0 0 0 55 0 0 0 0 0 74 3 0 0 93 0 0 0 0 40 18 0 0 0 0 0 0 26 44 32 80 0 0 0 67 0 76 0 0 0 15 0 0 0 0 0 0
0 0 21 0 0 0 0 0 0 0 0 0 49 0 92 59 0 13 0 0 0 0 0 0 0 79 0 6 55 0 80 0 83 0 0 0 0 71 0 41 0 0 0 0 35 0 0 73 51 0 32 98 53 0 0 0 0 12 0 0 0 19 0 0 0 48 40 0 73 0 0 83 0 0 0 46 0 0 0 0 3 0 0 0 0 96 0 0 93 92 27 0 0 0 0 0 64 79 0 0
0 0 0 0 0 0 0 0 0 0 0 0 82 0 0 0 0 86 0 0 0 77 0 0 0 92 0 33 70 0 0 0 0 0 0 0 0 98 0 0 37 0 0 0 0 0 0 0 0 0 0 0 17 0 0 43 0 71 71 62 0 99 39 64 0 0 0 0 0 0 92 0 0 68 0 0 0 98 0 0 30 0 0 0 43 0 0 0 0 81 0 0 0 8 0 18 0 0 0 16
76 0 32 22 0 0 53 74 0 0 0 0 0 0 0 0 0 0 0 0 0 0 1 0 0 0 0 0 0 0 0 0 55 0 98 0 0 72 76 0 0 0 0 0 0 0 0 50 0 26 0 58 0 92 56 0 0 0 0 0 0 0 0 0 0 0 0 0 10 0 45 0 0 73 0 77 0 0 0 18 96 0 0 0 0 0 0 0 0 0 0 0 0 1 0 0 0 0 4 0
0 26 7 0 0 0 0 0 0 23 0 0 0 0 0 65 0 0 0 0 60 0 72 15 0 62 61 0 12 43 1 100 0 0 0 0 92 0 0 0 81 0 0 0 0 0 0 41 0 0 0 0 0 0 0 0 0 0 0 0 0 0 0 0 0 0 0 0 0 0 0 1 0 0 0 87 0 53 0 67 0 0 99 0 87 0 0 0 0 34 0 0 0 0 0 73 6 55 1 0
0 0 64 40 0 97 0 0 96 0 0 0 0 0 0 0 15 0 0 0 0 50 0 0 0 0 0 0 56 0 0 0 0 0 0 7 0 72 0 44 0 0 0 0 0 0 17 0 0 0 0 0 0 0 6 95 0 0 78 11 16 0 0 0 0 20 0 0 0 14 0 0 0 60 0 0 36 43 0 0 0 30 0 1 2 0 13 0 0 0 45 0 0 0 86 0 0 0 0 0
98 0 0 0 0 0 0 0 0 0 1 0 0 0 20 0 0 0 0 0 0 78 49 49 0 0 0 56 0 0 0 0 0 0 0 0 0 72 0 0 0 0 0 52 0 0 0 5 0 0 0 95 0 0 0 0 0 0 0 0 1 0 79 0 0 0 0 0 0 0 0 0 0 0 0 0 0 0 0 0 0 19 2 0 0 50 0 0 0 7 0 63 0 0 0 0 37 56 59 78
0 3 0 74 0 0 54 89 0 0 0 0 0 18 0 21 0 4 0 1 99 68 0 98 83 14 0 0 0 60 42 75 40 61 0 0 0 0 0 0 41 0 72 0 0 0 0 47 0 0 16 0 86 58 0 83 0 0 0 88 0 0 0 0 97 0 0 0 0 96 98 0 0 0 0 43 0 0 0 0 43 0 0 0 0 44 0 42 0 0 0 0 9 59 0 0 72 0 10 0
0 0 0 0 0 0 0 0 0 81 17 0 17 0 0 0 0 0 0 0 38 0 0 0 0 69 22 0 0 0 0 0 0 0 0 52 0 0 0 0 0 28 0 0 0 29 0 30 0 16 0 20 0 0 0 0 0 0 0 0 0 0 0 0 74 0 0 0 0 0 0 0 0 0 0 0 0 0 0 0 0 0 1 0 0 0 0 0 82 0 29 0 0 0 80 0 84 0 0 0
32 56 0 0 21 0 90 0 0 0 0 0 16 14 0 38 0 0 0 0 0 0 0 0 0 56 100 50 0 0 7 0 0 0 0 16 56 0 84 0 71 0 0 0 0 0 0 0 0 49 0 0 0 28 0 0 0 0 3 0 87 0 11 0 0 38 0 0 0 0 0 74 0 0 0 0 0 41 0 0 10 0 0 17 0 0 0 0 72 0 12 37 0 74 0 40 0 0 0 0
0 0 0 0 0 0 0 42 0 0 0 0 0 0 0 0 75 0 0 0 0 0 0 0 48 0 40 0 0 0 56 0 0 0 52 0 14 0 0 0 22 23 0 0 0 57 0 0 0 0 0 0 45 99 0 42 27 0 0 0 0 0 0 0 0 78 0 0 0 47 0 32 0 0 0 0 0 77 0 14 0 88 0 0 0 9 79 0 0 0 17 19 0 0 14 0 3 0 0 0
10 0 0 0 33 0 0 66 0 0 0 23 94 61 0 0 0 0 37 0 0 99 0 2 99 31 78 18 73 58 0 0 30 55 0 0 6 0 0 0 18 0 0 0 0 0 29 0 0 0 0 0 0 91 35 0 0 0 0 0 0 0 0 0 0 67 0 0 0 0 0 31 0 0 0 98 0 0 0 0 0 0 0 0 0 0 0 0 0 0 0 0 71 0 0 0 0 0 0 0
0 98 0 0 0 17 17 98 0 0 0 0 0 0 51 0 0 0 2 0 0 0 0 100 0 85 33 0 0 0 0 0 43 64 0 0 62 7 0 71 67 0 0 0 41 0 0 100 0 0 0 0 30 0 0 0 0 0 31 36 0 0 0 0 0 62 0 0 0 0 0 97 0 0 0 0 0 0 0 0 0 0 0 0 36 92 69 0 0 44 11 0 29 62 0 79 0 0 47 0
0 0 0 62 83 6 82 0 0 44 0 15 0 0 15 0 0 0 0 0 0 0 0 0 0 0 0 0 0 0 0 88 0 0 0 0 0 0 0 0 96 0 0 0 0 0 67 0 0 84 0 0 0 0 2 0 0 59 0 0 16 99 84 85 0 0 0 19 0 0 0 3 0 0 0 0 41 0 0 0 0 0 0 0 13 0 0 0 0 49 46 0 0 45 0 0 7 0 0 0
0 0 0 0 23 0 0 0 0 0 0 0 0 0 0 0 33 0 0 0 0 0 2 0 0 0 87 0 0 0 0 0 0 0 0 0 74 0 0 0 31 0 0 0 46 0 0 88 0 95 9 0 26 97 33 98 0 7 0 28 0 52 0 0 0 80 0 0 0 0 0 0 73 0 0 0 0 0 0 0 0 79 32 0 62 22 0 16 22 50 0 0 0 0 0 0 29 0 0 0
0 2 0 0 62 0 0 0 0 0 0 0 0 0 67 0 36 0 0 0 0 0 15 0 0 0 0 0 85 0 0 0 1 34 0 0 0 81 0 0 0 0 0 0 0 0 25 0 4 0 0 64 27 51 0 0 0 13 0 0 0 0 0 0 0 0 0 1 0 0 0 0 0 0 39 39 0 34 0 0 0 35 0 0 0 0 59 0 0 0 0 0 0 0 48 0 0 0 0 0
0 0 0 33 0 0 0 0 0 0 0 46 0 0 0 0 0 0 0 0 35 0 0 0 0 0 0 0 0 0 26 73 49 0 0 0 0 0 0 0 0 0 0 60 0 0 0 68 3 9 69 0 0 0 0 0 53 0 0 0 0 0 20 0 3 89 95 67 0 0 99 0 0 0 0 9 0 0 0 48 0 76 3 59 56 0 0 0 66 0 0 0 0 49 0 0 0 0 4 0
66 0 0 0 0 0 0 0 0 0 0 0 0 0 0 34 0 52 0 0 0 71 0 0 0 53 0 0 22 84 0 0 0 0 0 0 0 0 0 0 0 0 0 0 70 0 0 0 0 99 0 0 59 0 0 90 0 61 69 0 75 0 0 0 0 72 0 0 93 0 96 0 0 11 0 47 0 96 0 0 0 0 78 0 25 0 0 59 0 0 33 10 0 70 97 0 0 0 0 0
15 0 0 30 0 0 0 0 0 0 0 0 0 29 0 80 0 0 0 0 0 0 61 0 0 0 0 0 33 0 0 0 55 0 0 0 77 0 0 0 0 0 0 0 48 0 17 0 0 76 0 0 0 0 0 0 48 0 43 0 0 0 90 37 0 0 0 0 0 54 0 0 0 0 0 0 91 0 0 0 19 68 0 0 0 0 0 36 0 54 0 0 0 0 73 0 95 0 86 0
0 0 0 0 0 97 0 0 0 0 66 60 0 22 0 0 0 0 0 0 0 0 0 58 0 0 0 0 0 0 95 32 53 0 0 0 0 42 0 0 0 99 87 28 71 0 0 0 79 0 34 0 0 0 0 0 0 0 0 0 0 0 0 0 0 0 0 0 0 0 0 58 0 0 20 0 0 0 0 39 0 0 4 0 0 24 35 0 0 53 53 0 0 0 0 0 0 0 24 0
0 0 0 0 24 0 0 0 0 41 0 50 0 0 0 0 31 0 7 0 0 70 47 0 0 0 72 96 0 0 21 0 0 0 0 0 82 0 0 69 11 40 0 13 0 48 0 0 0 0 0 0 56 97 96 0 0 0 0 0 0 0 0 0 0 31 0 0 0 0 0 0 0 0 0 59 0 0 0 0 0 0 0 14 0 0 0 0 0 0 0 0 0 0 42 0 0 0 26 0
0 33 0 0 0 86 0 60 0 72 72 0 57 58 0 98 0 0 18 0 0 0 24 0 0 67 0 44 0 0 0 0 0 48 5 0 49 11 0 0 0 0 0 0 0 0 0 0 0 70 81 0 7 93 0 0 0 0 29 74 0 0 0 0 0 0 0 0 53 0 0 0 0 5 0 0 0 12 0 0 80 0 45 0 0 28 0 86 63 0 64 0 19 0 77 0 0 0 0 0
0 0 0 0 0 0 41 62 0 0 0 0 0 14 0 0 86 0 37 0 0 0 40 0 69 0 0 33 0 0 0 0 0 61 0 0 18 0 0 0 0 74 0 66 0 10 0 0 0 0 32 0 0 0 0 4 24 7 0 99 0 98 0 42 0 0 0 0 0 0 0 0 0 0 94 0 0 0 0 0 32 53 0 0 0 0 0 0 33 0 0 0 0 67 0 47 0 72 0 0
0 0 0 45 0 51 0 20 0 99 0 0 0 0 0 86 0 60 0 0 0 91 0 0 0 0 20 86 0 0 68 0 0 42 0 12 0 0 34 0 0 0 0 0 0 27 0 44 0 0 0 0 28 0 0 0 57 0 42 81 0 0 0 73 0 0 0 0 36 0 24 0 0 0 0 0 0 0 0 0 0 0 0 77 83 0 0 0 0 0 14 0 57 0 0 0 0 0 0 0
0 0 0 0 0 0 0 21 0 0 0 0 0 0 0 0 0 38 0 86 0 0 0 0 0 0 0 0 0 0 37 0 30 0 0 0 0 0 0 0 0 92 0 0 0 0 8 0 0 0 92 47 0 0 91 0 24 0 0 0 0 0 8 0 66 34 17 0 0 0 0 0 0 0 0 0 0 0 15 0 69 0 0 0 0 86 25 79 0 9 0 28 0 0 0 77 0 0 0 0
0 0 0 0 0 0 87 0 0 0 0 0 36 0 0 0 0 0 0 0 11 0 38 0 86 0 0 0 13 0 35 50 48 0 0 0 0 0 15 0 0 0 36 17 0 0 0 0 0 0 0 0 0 0 0 0 0 0 0 12 0 0 0 0 0 0 0 0 0 14 0 0 0 0 37 0 0 0 0 0 0 0 0 0 67 66 0 0 0 0 0 0 0 0 0 0 58 22 0 0
62 0 0 17 0 45 0 0 29 0 0 0 0 0 0 0 0 0 67 57 0 47 57 0 0 0 59 0 0 0 0 30 0 0 0 0 0 0 0 99 39 0 0 0 0 51 38 0 0 0 0 59 0 94 0 57 0 0 0 0 0 92 0 0 83 0 0 0 0 6 0 0 53 0 0 26 0 0 0 0 0 0 0 0 0 68 0 44 49 35 0 0 0 2 68 36 0 53 0 77
0 0 0 0 0 0 0 0 0 38 0 0 0 72 0 0 0 37 0 0 0 82 0 0 0 0 0 0 0 46 0 0 0 0 0 0 0 0 0 0 0 0 0 60 0 0 0 0 19 0 30 14 6 0 0 95 0 57 63 19 0 0 0 0 0 0 0 0 0 0 0 0 0 0 0 0 0 52 0 0 0 0 0 68 0 0 0 95 0 0 57 0 0 77 0 0 0 0 0 67
0 0 0 0 0 37 0 0 0 0 0 0 18 0 0 0 0 71 0 9 0 0 0 0 0 76 0 0 0 3 0 0 66 0 0 0 52 0 0 0 0 72 71 0 34 0 0 0 0 0 59 100 0 0 0 0 0 0 0 0 0 2 66 0 0 19 89 0 0 71 0 0 0 0 0 0 57 57 0 0 87 0 0 23 0 67 0 0 0 0 0 6 81 0 0 0 0 0 0 0
90 0 0 0 0 0 0 0 0 49 0 0 0 0 0 0 0 0 0 0 0 0 92 38 14 45 0 16 0 0 0 96 0 0 0 0 0 91 0 0 0 0 0 44 0 0 0 67 65 0 0 0 0 0 0 18 0 0 0 0 0 21 0 0 0 0 0 0 53 0 0 34 0 44 0 0 17 0 22 0 0 0 0 0 0 0 0 0 82 0 93 37 0 0 0 0 0 0 8 0
94 0 0 0 20 0 0 0 0 0 0 0 0 0 0 0 0 0 0 0 0 0 0 0 0 51 0 0 7 0 92 0 0 0 24 0 0 0 0 0 0 0 0 0 0 0 0 0 0 0 0 0 0 0 0 0 0 0 0 55 0 21 79 0 0 0 0 43 73 0 0 0 0 0 0 0 0 0 0 0 47 0 8 69 0 0 0 0 0 0 0 0 0 0 15 0 44 0 0 0
0 0 0 64 81 1 0 0 0 0 81 0 27 35 0 0 0 82 0 0 64 0 75 0 0 0 23 0 0 18 6 49 0 0 83 0 0 74 0 0 0 69 16 24 43 0 0 0 0 0 0 0 0 0 0 0 0 0 56 0 14 25 11 0 0 80 83 39 91 0 0 0 0 74 0 0 0 100 0 0 11 0 0 0 65 0 0 0 0 0 0 0 0 0 0 0 99 0 0 96
0 0 66 61 0 66 0 0 0 0 0 0 43 93 43 0 0 0 0 0 100 0 0 73 88 0 26 0 0 0 0 2 0 0 0 0 54 0 0 39 0 0 0 78 0 0 0 0 0 0 0 35 0 0 0 49 63 0 28 0 12 0 85 0 0 0 0 0 0 0 0 0 0 14 0 87 0 0 49 0 0 0 0 99 0 0 32 0 0 0 0 0 0 0 0 0 80 74 0 25
0 0 0 0 8 0 0 9 0 0 0 0 66 0 0 0 0 0 31 0 0 0 0 0 0 44 0 0 0 0 0 61 0 0 0 0 0 0 0 84 0 0 0 0 0 0 0 0 74 40 0 0 0 9 0 21 0 0 0 0 0 70 0 0 0 0 0 0 0 10 0 47 4 0 0 0 0 0 0 0 0 0 0 99 0 0 0 0 0 2 0 0 28 0 0 0 0 31 0 0
82 0 0 0 0 0 0 0 0 0 0 0 0 0 0 46 0 85 0 0 28 0 0 0 0 0 94 0 65 17 0 0 0 0 0 0 65 0 0 0 0 0 0 0 24 0 0 0 0 0 0 32 0 0 89 0 0 0 0 0 0 0 90 0 0 0 0 0 0 0 0 0 0 0 0 0 0 0 0 0 0 0 23 100 0 61 0 0 0 50 0 0 0 0 18 0 0 0 0 0
0 0 0 0 0 9 0 0 0 0 0 0 0 46 0 0 24 13 0 28 0 0 0 0 14 27 81 0 0 0 0 0 0 0 0 31 0 0 0 0 0 0 46 26 0 0 0 0 0 0 0 0 0 0 0 0 0 0 0 14 0 25 0 0 0 0 0 0 31 0 0 0 0 0 0 0 0 31 0 0 0 0 0 0 0 16 0 0 53 0 0 57 12 0 0 6 0 31 0 0
0 0 0 0 0 0 0 0 0 0 36 0 0 0 9 0 0 84 0 0 40 0 0 0 25 0 0 0 0 0 0 0 0 0 0 0 58 90 0 99 0 0 0 68 0 0 0 0 0 0 0 68 37 7 0 0 0 0 0 0 0 0 0 0 0 46 0 0 69 30 0 0 0 55 0 0 0 0 0 100 0 0 0 0 0 0 0 0 56 0 21 0 0 0 0 0 0 73 0 0
0 0 0 0 0 0 0 0 0 67 0 0 0 0 0 0 84 0 28 0 0 100 0 0 0 0 0 0 0 0 0 0 0 26 36 0 62 0 0 0 0 82 0 0 0 0 0 0 0 0 0 0 0 0 3 0 0 0 15 0 61 83 0 0 0 33 0 0 0 0 0 0 75 0 0 0 0 0 0 0 0 0 16 0 0 0 0 0 0 0 0 0 0 0 28 23 0 0 81 0
0 0 0 95 0 0 0 0 0 0 54 44 7 0 0 89 0 0 0 0 0 40 0 0 0 0 0 95 0 5 0 33 0 0 15 0 3 47 0 0 0 0 41 0 0 11 0 0 36 0 0 90 39 0 0 0 0 0 0 82 77 71 0 0 0 0 0 81 0 34 0 0 0 0 0 0 0 0 0 45 0 0 0 0 0 0 0 86 0 0 0 0 7 96 0 0 0 0 0 49
0 0 0 0 0 0 2 0 51 0 0 0 0 0 0 0 0 0 68 0 0 0 0 0 0 79 0 0 97 0 0 0 0 0 0 16 0 0 0 83 87 0 0 0 20 0 75 0 0 0 0 0 0 0 0 66 0 0 0 0 28 0 0 0 89 0 11 0 0 0 0 0 0 0 0 23 0 0 0 0 86 0 0 0 0 0 94 0 0 0 0 0 0 88 0 0 91 82 0 0
0 0 0 2 0 46 0 0 95 0 0 0 0 0 0 17 0 0 0 58 77 0 0 0 0 7 0 0 0 0 0 0 0 84 20 0 0 0 0 59 30 0 0 0 97 0 55 0 73 0 87 0 67 0 0 38 0 0 0 0 15 0 0 35 0 0 0 0 0 0 0 0 0 0 0 0 0 0 34 0 92 35 85 0 61 0 0 0 75 0 0 0 0 0 0 0 0 0 0 45
0 0 0 0 0 0 0 0 0 0 0 10 22 0 0 0 94 22 0 0 48 0 0 0 37 80 0 0 0 0 0 0 0 0 2 0 0 0 0 0 0 0 0 0 20 0 0 30 0 88 0 0 0 99 0 0 0 0 0 0 48 0 0 1 0 0 0 0 0 0 37 63 0 71 83 0 0 0 0 24 0 0 0 0 0 0 0 0 0 0 0 0 0 0 0 0 0 0 0 0
0 0 65 0 74 0 0 12 0 0 0 0 0 59 0 78 0 0 83 3 0 0 0 0 0 0 0 0 1 0 90 66 0 0 0 83 0 0 0 0 19 0 0 0 0 0 0 0 0 0 3 0 0 0 0 0 0 0 50 82 0 0 0 0 0 0 0 62 64 0 0 0 0 0 0 56 0 0 0 0 0 11 92 0 0 0 0 0 0 0 0 79 0 71 0 92 49 0 0 0
0 0 0 0 0 77 79 0 72 51 0 0 0 0 0 0 71 0 0 0 5 0 0 68 0 29 60 0 0 0 0 0 81 0 44 0 0 0 0 0 0 65 0 17 0 0 0 0 0 0 0 0 0 0 0 5 36 0 0 0 0 0 0 0 0 0 20 0 7 0 0 0 0 0 0 0 0 0 0 0 0 0 7 0 0 0 0 0 82 8 65 0 0 0 0 0 0 0 0 0
0 0 0 85 70 44 0 0 98 0 27 0 0 59 0 0 89 0 0 0 0 0 0 0 0 0 0 0 0 0 0 0 66 0 0 0 0 0 0 41 0 0 0 87 0 0 0 0 33 0 0 62 0 0 0 0 0 0 0 0 0 20 0 81 0 0 0 0 0 67 0 6 0 0 2 0 0 0 0 0 74 0 0 0 0 0 0 0 0 0 51 57 0 42 0 0 87 2 0 34
0 0 14 0 0 26 7 0 59 0 41 0 0 37 58 0 27 0 0 0 0 0 0 0 0 0 0 0 0 0 69 0 0 0 0 0 0 0 0 0 0 0 0 0 0 6 99 0 90 0 0 0 0 0 0 0 74 0 0 0 0 0 30 0 2 0 0 86 0 0 0 0 96 0 0 0 18 0 0 0 0 18 48 0 0 81 0 0 0 0 0 0 0 0 70 0 41 0 0 8
0 0 0 0 0 0 0 0 0 0 0 0 0 0 0 0 0 0 0 0 0 0 0 0 0 0 0 0 0 46 63 0 0 0 0 0 0 93 0 0 8 0 27 0 0 0 0 0 0 38 90 32 0 0 0 0 0 57 0 0 0 0 0 0 80 0 66 0 0 0 0 0 0 0 0 0 26 24 0 0 0 80 0 76 41 0 0 0 33 56 0 0 34 0 45 0 0 0 0 0
0 18 0 0 52 0 0 68 0 0 0 0 75 0 32 0 0 63 0 0 0 0 0 0 93 0 0 0 0 0 92 0 2 0 0 0 0 0 0 0 0 88 36 12 78 90 62 52 0 0 0 30 0 0 0 0 0 0 0 0 0 38 0 0 0 0 0 0 0 0 0 0 0 0 0 0 0 0 99 0 0 12 0 0 0 0 0 0 0 0 0 0 1 0 79 0 0 31 0 0
0 0 0 0 37 0 0 96 0 0 0 0 0 0 0 75 0 0 0 0 0 0 0 0 72 0 0 0 0 0 0 0 51 0 0 0 72 77 52 0 0 0 6 0 66 0 100 0 2 0 0 0 0 0 0 0 81 0 0 0 0 0 0 0 0 80 0 92 0 31 31 0 43 34 78 0 59 0 0 0 39 72 0 0 5 0 0 65 0 0 0 0 0 0 0 0 0 29 0 0
0 0 65 96 77 0 37 0 0 0 1 0 0 0 0 0 0 0 0 0 68 0 0 0 21 37 0 0 0 0 45 0 36 0 0 0 0 14 0 0 12 16 0 0 21 0 0 0 0 0 29 32 90 0 0 84 33 0 0 0 0 53 27 0 0 0 0 0 0 0 0 0 33 1 0 0 0 0 0 27 0 34 0 16 0 0 72 0 0 0 0 0 0 0 9 13 0 0 7 91
84 0 0 29 0 24 0 0 47 0 0 28 0 0 60 0 0 0 0 0 0 0 0 0 78 0 0 88 0 81 12 30 0 32 90 60 0 0 0 0 0 0 0 0 0 11 0 0 0 0 0 0 0 0 0 0 0 0 0 0 1 0 0 0 0 0 0 0 0 0 9 0 0 0 0 0 0 0 43 0 0 0 2 0 44 0 0 24 0 0 0 0 0 0 0 0 0 78 0 11
30 0 0 0 0 0 0 66 70 45 26 0 39 50 0 12 70 0 72 0 0 8 0 0 91 0 85 0 0 0 0 58 26 0 0 80 0 74 0 0 0 17 75 0 78 0 0 6 0 0 26 0 0 0 0 0 0 99 0 0 0 0 0 0 0 0 0 0 0 0 0 0 0 0 0 0 0 0 0 0 0 66 0 42 0 0 58 0 84 0 10 0 0 20 0 76 0 0 0 0
0 85 0 0 0 0 0 0 27 0 86 0 0 0 94 89 4 0 0 0 0 60 0 23 0 0 0 0 0 0 0 0 0 0 96 0 0 0 0 45 0 20 0 0 0 0 33 99 84 92 0 0 94 0 0 0 0 0 0 0 16 0 0 0 0 0 0 24 0 0 22 0 27 65 0 0 0 0 0 85 0 71 0 53 0 0 24 0 82 61 0 0 99 3 97 0 0 0 0 0
33 0 0 0 0 0 0 0 87 0 0 0 0 0 12 0 8 0 0 0 0 0 65 0 0 0 21 0 0 0 49 82 0 0 58 0 0 0 27 0 0 0 0 19 0 0 0 0 0 0 0 88 43 0 0 0 0 0 0 0 0 3 0 0 0 0 0 0 0 8 0 69 0 0 35 0 0 59 0 0 88 91 0 9 65 0 0 0 0 0 0 0 0 1 0 30 65 86 0 97
0 0 0 67 0 0 0 0 0 0 27 100 0 0 0 0 0 0 35 0 0 0 0 52 0 0 0 0 48 0 0 0 0 47 42 0 0 17 0 0 0 0 0 0 0 0 0 0 0 0 0 0 80 38 0 0 41 94 0 0 0 0 0 0 0 0 2 0 0 0 0 0 0 85 0 0 92 0 31 39 0 0 0 0 41 0 12 0 0 83 0 65 0 0 0 22 89 0 0 0
0 0 0 0 0 0 0 0 0 0 0 48 0 0 62 0 0 0 0 0 0 0 0 0 98 0 0 0 0 57 0 39 0 0 1 0 54 0 0 58 0 0 0 0 0 98 0 0 0 32 0 0 51 83 0 0 0 54 6 0 99 0 0 0 0 0 0 0 0 0 0 0 16 89 0 0 0 0 69 0 66 0 0 0 0 0 0 13 67 0 0 0 0 0 0 37 0 0 0 43
0 62 0 0 10 0 0 0 0 96 80 52 0 85 0 0 0 24 0 78 0 72 0 0 69 0 0 0 0 0 0 0 0 0 0 0 73 15 0 0 58 0 0 58 0 93 0 0 0 0 0 0 0 0 0 0 0 0 24 0 0 0 0 0 0 0 0 0 50 0 0 0 0 0 0 0 56 0 0 0 40 68 0 0 0 55 78 0 0 0 0 0 81 0 47 19 0 0 70 0
0 38 0 0 0 0 25 0 45 0 0 0 0 0 0 89 0 82 0 0 0 0 0 27 16 0 0 0 27 49 76 0 0 33 0 0 14 0 0 0 0 0 0 92 0 0 0 1 0 63 0 0 0 0 0 0 0 0 0 0 0 0 0 11 0 0 0 0 23 0 0 0 93 47 0 0 29 0 58 0 0 0 0 0 0 0 52 68 94 88 0 61 0 0 9 0 0 0 0 0
0 0 0 0 0 0 0 0 89 0 83 3 0 0 0 0 0 0 0 0 0 0 0 0 0 0 46 0 0 48 0 39 0 0 0 0 0 0 20 10 0 43 98 0 0 0 0 0 0 0 0 0 0 26 0 0 0 0 0 48 0 53 82 0 0 0 36 0 0 0 78 0 0 0 69 0 0 97 0 0 0 0 0 0 0 0 0 0 0 0 12 72 0 81 0 0 69 0 12 0
0 0 71 0 0 26 0 0 64 0 0 0 0 0 100 0 0 45 0 0 0 0 90 1 0 0 0 0 92 73 0 58 21 0 41 47 0 92 0 27 0 0 65 0 0 24 0 0 0 0 0 0 0 25 0 0 0 0 0 75 73 0 0 0 0 0 0 66 0 0 0 66 0 0 20 74 0 0 0 0 65 0 7 8 0 22 0 0 0 0 0 0 0 42 0 0 0 0 0 72
0 0 9 69 4 0 0 0 84 0 13 0 0 0 0 4 82 0 54 82 0 0 0 0 11 0 20 0 0 0 35 0 16 0 0 0 53 0 0 0 0 0 0 0 30 8 81 0 0 0 23 0 0 0 0 0 0 0 36 0 0 0 0 0 0 0 0 0 98 0 0 0 0 0 0 0 86 0 0 93 0 0 0 83 0 3 0 0 46 0 0 0 0 0 0 0 42 0 0 89
0 0 0 0 76 0 0 0 0 19 0 0 0 0 31 0 0 82 0 0 0 0 0 61 0 0 6 0 15 0 0 0 0 0 0 0 0 70 50 0 0 0 0 0 0 20 0 0 32 0 0 0 65 0 0 0 0 0 5 73 89 0 0 47 0 21 0 0 1 0 0 0 40 0 0 0 0 10 0 0 67 0 31 0 0 0 0 0 65 52 0 0 0 0 29 0 0 12 0 0
72 20 0 0 30 41 99 0 0 0 0 0 0 0 53 3 0 95 0 0 0 0 0 0 8 0 0 79 0 0 0 0 0 0 16 0 0 0 0 0 0 0 0 7 0 0 93 11 0 0 0 0 0 0 38 0 0 0 0 0 0 0 0 0 0 0 5 0 0 0 0 0 0 0 0 0 0 0 0 0 0 0 0 48 0 0 0 0 0 100 0 0 85 0 15 0 0 0 0 0
0 0 0 0 0 0 15 0 93 0 0 0 0 0 91 89 0 84 0 0 0 74 0 0 0 0 0 0 26 0 0 12 0 0 0 0 0 0 2 0 0 0 0 0 0 98 0 0 8 0 0 0 0 0 58 0 0 0 0 0 54 0 0 0 68 0 0 0 0 0 0 0 0 0 19 0 0 0 0 0 0 0 0 0 23 0 0 0 0 0 0 0 0 67 0 0 25 14 0 2
0 34 0 17 0 97 0 0 0 0 0 34 0 90 0 0 0 0 67 0 85 0 0 0 0 0 0 48 0 82 97 0 0 33 0 0 0 0 0 54 0 94 0 58 98 0 0 80 0 34 0 32 0 0 56 27 0 0 0 61 0 0 1 0 0 0 0 0 0 0 77 0 0 0 0 0 0 0 0 0 24 60 0 0 0 0 43 6 0 13 0 23 0 65 0 11 0 0 72 0
0 0 41 0 0 0 0 0 0 0 90 0 0 28 0 0 74 0 0 37 0 0 0 0 0 94 0 0 94 0 88 0 11 0 66 61 0 0 0 0 24 0 29 0 0 0 79 13 0 0 0 0 0 0 0 0 0 0 84 0 0 0 0 58 50 0 0 0 80 0 0 0 0 0 0 0 0 80 0 0 0 66 0 0 0 0 0 0 17 12 0 0 89 51 72 0 0 0 63 0
0 0 0 0 80 0 0 17 0 0 0 59 11 0 0 0 0 0 0 5 85 15 6 0 0 94 60 91 0 0 38 0 0 0 0 0 0 0 0 0 18 0 0 0 12 0 0 56 0 39 0 0 0 0 27 0 0 0 0 0 0 0 0 0 0 0 55 0 51 0 0 62 0 61 0 0 0 0 0 0 0 21 0 0 0 0 0 58 0 0 69 43 0 0 6 0 97 0 0 0
0 0 0 36 0 0 0 0 50 0 0 0 0 0 0 0 0 0 0 0 8 0 30 51 0 0 0 0 41 0 0 74 0 0 0 0 0 0 2 0 0 0 0 48 0 49 41 16 51 0 0 0 0 0 0 71 0 100 12 0 0 0 59 0 0 0 66 0 96 0 0 0 85 0 13 55 0 0 0 99 0 0 0 0 95 0 0 0 39 0 0 0 0 4 0 0 0 0 10 0
0 0 0 0 0 0 0 0 0 0 0 0 0 0 0 47 0 67 0 0 0 98 0 0 0 0 0 0 0 0 78 0 0 0 0 0 43 0 0 0 0 0 0 0 0 0 0 0 38 0 0 79 0 0 48 0 0 0 0 0 0 0 0 0 0 0 0 45 0 0 0 0 85 17 0 0 0 0 75 0 0 0 0 0 0 0 0 0 0 0 0 0 43 0 0 53 20 39 0 62
0 0 0 0 0 13 44 0 69 0 0 51 0 0 99 0 0 0 0 0 10 0 0 0 0 0 0 0 0 24 1 0 0 0 26 83 0 0 0 79 0 0 0 0 15 0 0 0 39 61 56 0 0 0 88 0 61 0 0 0 21 0 0 0 0 0 0 0 0 30 43 0 0 0 0 0 0 56 0 0 0 18 0 0 0 0 0 0 54 0 0 84 0 0 0 46 0 74 0 0
0 0 0 84 0 0 25 0 0 87 0 0 0 0 0 0 0 0 0 62 0 0 0 0 18 0 0 3 0 0 0 90 61 4 67 0 0 0 0 0 0 0 0 0 0 53 25 34 0 0 0 0 0 0 0 0 40 0 96 81 9 0 0 0 11 0 82 0 0 0 0 9 0 0 0 0 31 0 0 0 0 0 34 0 53 0 65 0 0 0 0 0 73 0 0 49 25 0 64 0
10 0 53 0 0 0 0 92 0 0 0 0 0 0 0 0 0 0 88 44 0 76 0 0 0 0 0 0 28 0 0 0 0 0 0 0 47 0 0 0 0 0 0 0 0 0 15 0 0 0 0 0 0 0 0 20 0 0 0 0 0 0 0 0 0 0 13 0 0 0 0 0 37 0 0 0 0 0 0 0 0 0 0 0 57 93 0 0 0 0 0 0 0 54 0 0 0 0 11 0
0 16 0 0 0 0 0 0 0 33 70 0 0 0 91 35 0 0 0 0 0 0 0 0 74 0 48 0 22 0 99 0 0 0 0 0 67 0 0 0 0 0 0 0 24 0 0 0 0 0 0 0 0 0 0 0 33 0 0 37 0 0 55 0 0 0 0 43 30 1 0 79 0 15 0 0 0 80 0 99 0 0 25 0 88 36 0 62 0 45 0 0 27 100 0 77 0 0 40 0
0 0 0 0 0 0 0 0 49 0 18 0 0 0 0 0 0 91 0 0 0 0 0 0 97 0 1 0 53 0 0 0 28 0 0 38 0 0 0 24 100 0 0 0 51 0 47 0 0 0 0 0 75 0 0 0 0 92 0 0 0 0 66 0 79 0 0 98 0 96 99 0 0 0 64 22 0 0 0 0 0 0 0 86 51 0 0 0 0 84 0 0 0 0 0 0 0 0 78 0
43 0 54 0 19 61 0 0 0 0 0 0 0 0 0 8 8 0 0 0 0 0 0 0 0 21 0 0 0 0 10 0 0 98 0 71 0 0 39 0 0 20 0 0 34 0 63 0 0 0 63 0 88 0 0 0 32 97 0 0 0 46 0 0 33 0 6 0 0 0 0 50 32 0 71 0 0 55 0 87 0 0 77 0 7 0 0 77 0 0 0 0 55 0 4 0 0 0 0 97
0 0 0 0 0 0 2 0 59 0 27 0 0 0 0 0 0 0 0 0 0 97 0 0 0 0 0 15 0 23 46 0 0 89 0 0 0 0 0 73 73 0 0 0 0 0 0 0 0 0 0 0 0 0 0 0 41 0 0 0 0 0 0 0 0 0 79 0 0 0 8 0 0 57 0 0 0 55 0 3 0 16 51 0 0 0 6 0 0 0 0 0 0 0 0 0 0 0 0 0
78 0 78 0 0 0 0 0 0 0 0 41 0 0 0 0 0 18 0 0 0 0 0 17 0 0 0 0 0 0 0 0 0 0 21 0 0 0 0 0 0 0 0 98 0 78 61 0 0 0 0 0 0 0 0 0 0 20 0 37 0 25 0 0 0 63 0 0 20 0 0 0 76 0 0 0 0 0 0 0 0 72 0 0 0 0 44 74 0 0 0 40 85 58 0 0 83 1 0 62
0 92 65 0 50 0 38 0 89 0 0 0 0 73 0 0 0 0 0 0 0 0 0 0 0 0 76 42 87 0 0 0 0 61 59 0 72 52 36 0 0 0 0 0 0 43 0 0 0 0 0 0 0 0 84 0 0 0 0 0 0 74 0 0 79 0 0 0 94 0 0 0 0 0 0 0 0 84 0 0 33 0 0 0 0 0 0 0 0 73 0 0 0 0 0 55 53 0 0 0
0 0 42 4 0 0 0 59 39 0 0 0 0 0 0 42 0 45 0 0 0 97 0 0 31 83 0 0 0 73 0 0 0 0 24 0 0 0 0 21 0 30 58 57 0 0 65 0 0 0 0 0 0 0 0 0 50 0 89 0 0 0 0 0 72 0 0 0 0 0 33 37 72 0 0 0 70 0 0 0 0 79 40 0 0 0 0 0 0 91 0 0 0 0 0 0 0 49 0 0
0 0 0 0 0 75 0 69 96 0 0 0 0 0 0 78 80 0 59 7 9 5 0 0 0 10 68 0 0 0 0 44 23 0 0 90 0 0 0 49 0 0 0 0 0 0 90 0 54 0 0 0 0 0 0 44 0 0 69 0 0 0 0 0 76 0 2 0 0 0 0 0 0 0 0 93 0 5 0 77 0 0 0 0 0 0 59 0 0 0 30 0 0 0 0 0 0 0 0 0
0 0 90 0 80 26 96 0 0 0 0 0 0 72 0 8 0 0 0 0 0 0 4 0 0 0 0 0 47 0 0 1 0 0 0 0 72 39 39 22 0 0 0 0 0 0 0 28 71 0 49 58 0 7 0 0 78 11 0 91 0 0 0 0 0 0 0 0 0 80 0 0 40 0 0 0 0 0 0 66 0 0 74 0 81 0 0 0 0 0 0 47 0 0 99 0 22 0 55 0
6 0 0 0 0 0 0 0 0 0 0 0 0 0 86 72 72 0 0 0 0 0 0 0 0 0 0 0 0 0 0 0 24 47 0 0 82 0 0 0 0 0 0 0 25 55 0 0 0 0 0 0 0 0 0 0 57 0 4 0 0 0 0 0 75 0 0 0 0 0 0 0 0 0 0 0 0 37 0 0 0 0 61 0 0 55 0 0 0 0 0 0 0 0 21 29 50 0 0 0
0 0 0 0 6 0 71 0 0 0 0 0 0 95 16 10 0 89 0 0 24 0 0 15 0 0 0 0 0 0 0 84 19 0 0 0 0 0 0 91 0 0 0 0 49 93 0 0 0 0 76 0 0 0 0 0 6 0 0 0 0 60 2 0 50 0 0 0 0 0 0 0 0 39 0 0 0 0 5 0 62 0 0 0 0 0 0 17 0 17 0 0 0 0 0 0 0 38 0 94
0 0 87 0 0 0 86 13 76 0 0 17 0 0 59 0 43 52 59 0 0 0 0 0 76 0 57 0 0 0 0 0 0 0 0 0 0 0 0 0 42 87 43 0 0 0 0 35 0 0 0 0 0 15 0 0 0 0 0 0 0 0 0 99 0 0 0 0 0 73 0 36 35 0 0 3 0 0 0 0 29 0 0 0 0 0 0 0 13 0 0 0 0 0 0 0 0 0 0 0
0 45 0 0 0 58 0 0 0 43 56 0 0 81 45 11 0 0 0 0 49 0 0 0 0 0 0 0 74 42 63 0 0 0 9 85 0 0 15 0 0 0 100 92 0 0 0 0 0 0 31 0 93 0 21 0 0 0 0 0 0 0 0 0 0 0 63 0 0 0 0 0 0 0 0 0 0 0 22 0 0 0 0 0 0 0 0 0 0 0 42 0 57 0 90 0 0 0 0 0
48 0 0 0 0 53 0 0 0 0 0 0 0 95 0 55 0 41 0 87 0 0 64 0 0 0 0 0 0 0 0 0 0 54 0 0 0 60 0 0 98 0 0 0 0 0 0 0 75 0 0 0 64 0 0 0 0 0 0 0 96 57 0 0 0 0 0 0 0 0 0 0 0 0 0 0 0 0 0 0 0 0 80 0 0 45 0 3 0 0 0 0 0 0 0 0 0 0 0 0
65 0 0 0 0 23 10 0 0 0 0 0 0 0 1 0 0 0 0 0 0 0 0 0 0 0 0 0 25 0 0 0 0 64 74 84 0 0 0 52 24 0 0 0 0 0 0 4 5 0 0 55 69 0 0 0 0 0 0 0 0 0 0 0 0 94 0 0 0 0 0 0 0 0 0 56 0 0 0 31 0 0 42 0 0 0 0 0 0 0 0 0 0 79 61 0 0 0 0 0
74 0 0 0 49 0 0 0 0 54 0 0 0 0 0 0 0 0 0 0 0 0 0 0 18 0 0 53 0 0 0 53 71 0 0 0 0 0 0 36 0 61 0 0 0 0 62 87 0 0 0 0 17 0 0 63 0 0 0 0 46 0 0 0 0 0 0 0 0 0 48 0 0 87 0 0 0 42 0 0 0 0 31 73 0 0 0 0 0 0 0 37 0 81 0 93 0 0 0 0
72 0 0 0 61 84 38 0 83 0 6 0 0 0 0 0 0 0 88 0 0 0 0 11 0 60 0 0 87 0 0 0 81 0 0 0 71 85 43 0 23 62 0 0 39 53 0 0 0 0 0 0 0 0 0 35 0 0 0 86 0 0 94 0 0 33 65 0 0 0 39 0 88 0 40 0 0 99 0 0 0 0 0 0 0 43 0 0 0 0 16 0 0 76 14 38 0 0 0 0
48 0 0 0 0 43 0 0 0 0 33 0 0 44 0 0 0 0 0 0 0 0 81 0 0 0 56 2 39 34 0 0 0 0 0 0 0 0 0 0 0 0 0 0 0 0 0 0 0 0 0 0 0 0 79 0 0 0 0 67 0 0 0 10 0 0 0 0 60 0 0 59 0 50 59 72 24 0 0 60 0 0 31 74 64 0 0 0 0 0 11 0 42 0 0 0 0 0 0 0
0 0 0 0 0 97 0 0 0 0 0 0 79 0 0 0 0 0 73 0 0 34 0 0 0 0 19 0 0 0 0 0 79 0 0 0 0 15 0 0 73 0 12 0 34 57 0 0 0 0 0 0 0 0 0 48 0 70 0 0 0 0 0 0 0 0 98 0 0 0 25 0 0 9 43 25 0 82 0 0 0 0 0 0 0 93 0 0 0 0 100 87 62 0 28 0 59 0 99 0
0 0 0 82 0 0 0 0 0 31 0 0 0 0 12 49 0 0 0 0 0 0 29 0 0 0 0 0 0 67 0 0 81 41 0 0 83 95 3 25 0 0 56 0 87 25 63 55 0 94 30 0 0 81 0 0 0 5 0 0 0 0 0 0 0 0 70 0 0 56 0 0 0 0 0 0 0 94 0 0 0 76 0 0 0 0 0 0 0 0 0 0 0 0 0 0 0 0 20 8
0 0 0 0 0 94 0 0 23 0 93 0 80 0 0 0 0 0 0 28 1 0 0 0 0 0 0 47 48 0 0 0 0 0 0 0 49 88 0 0 0 0 0 0 0 87 25 0 0 0 0 0 0 0 70 0 84 0 0 93 33 85 0 0 0 0 0 0 0 0 0 0 0 0 0 0 0 90 81 0 0 0 0 0 35 0 66 0 0 0 0 0 0 35 80 0 29 0 0 0
47 81 0 0 0 26 0 0 100 0 0 0 0 0 0 0 0 0 0 0 51 0 0 0 0 0 0 0 0 91 67 0 0 0 0 0 0 75 0 0 0 0 0 0 47 0 0 0 0 39 38 0 0 0 2 0 0 71 40 0 0 4 0 0 0 0 47 79 0 35 0 0 87 0 0 0 90 11 69 78 93 0 0 0 0 0 0 0 0 0 16 0 0 0 0 0 0 0 33 0
88 0 0 0 0 0 0 0 0 38 0 0 0 43 0 0 0 0 0 0 0 0 1 21 0 83 32 42 0 0 0 0 0 0 0 0 0 0 0 0 0 0 0 0 0 0 0 0 0 0 48 0 0 0 0 0 0 0 57 0 0 49 0 0 0 0 0 0 83 0 61 0 0 0 0 88 0 0 0 0 0 0 7 5 4 0 0 39 0 0 0 0 0 0 0 53 0 0 47 0
0 74 17 0 0 0 36 0 71 0 0 0 0 0 0 0 0 50 0 0 0 92 19 0 0 89 0 0 0 0 0 0 0 0 79 0 0 0 94 0 5 45 0 0 27 0 0 54 0 0 0 0 53 0 0 0 29 0 0 0 0 0 0 0 0 0 0 0 0 0 0 68 0 96 0 0 0 0 0 0 73 0 0 0 87 77 0 0 0 0 0 16 0 63 75 0 0 83 0 87
0 0 0 0 55 0 0 0 0 35 0 29 0 0 0 0 32 0 12 0 0 0 0 0 0 0 0 0 0 0 33 0 0 74 0 0 0 12 0 0 0 0 0 0 0 0 0 0 0 0 0 0 0 0 0 0 0 0 0 98 0 0 0 80 0 0 0 0 64 0 0 70 0 0 0 0 0 0 0 0 18 67 0 14 100 0 7 0 0 0 0 56 0 65 0 96 0 0 0 41
0 0 0 0 0 100 0 0 0 0 70 0 19 0 0 0 0 20 0 0 0 34 0 0 0 89 0 0 0 0 53 0 0 0 0 0 0 0 0 0 0 0 0 0 0 86 0 0 0 0 0 0 0 0 0 0 53 0 0 20 88 0 0 0 0 0 5 0 79 0 0 0 100 0 0 52 0 0 0 0 0 45 0 0 0 0 0 0 0 0 81 0 0 0 0 0 0 0 0 0
0 0 0 0 0 0 0 0 0 0 68 0 0 0 0 0 0 0 28 0 0 0 0 0 0 0 0 0 0 33 0 0 66 0 42 0 0 0 0 0 0 0 0 57 0 0 0 0 95 0 0 0 77 0 0 0 0 0 64 0 0 0 0 0 91 65 0 36 0 81 0 12 0 83 0 0 0 0 22 19 0 0 11 0 0 0 51 0 0 16 0 0 0 91 79 0 0 0 0 0
26 0 18 0 0 0 0 89 0 59 0 4 0 0 0 0 44 0 0 0 43 55 0 0 0 86 0 0 61 0 0 0 92 0 89 20 98 0 86 0 0 67 0 0 0 0 0 0 50 44 12 0 0 0 0 56 42 0 17 0 0 0 0 0 0 0 0 0 14 0 0 0 98 0 0 0 0 0 0 71 0 100 0 0 0 12 60 0 0 0 0 0 0 25 93 91 0 0 1 0
0 0 68 30 0 0 0 0 22 0 38 0 0 0 91 0 0 0 0 0 46 88 0 0 0 0 0 0 0 0 57 0 0 0 0 0 0 0 0 0 0 0 0 69 0 0 0 61 9 83 0 89 85 47 0 0 0 100 0 0 0 0 0 79 88 0 0 69 0 0 0 0 71 42 0 0 0 0 0 0 21 23 46 98 0 0 0 94 0 86 0 0 0 57 0 0 0 0 0 0
0 0 35 0 0 0 0 0 0 0 0 0 43 0 55 35 0 77 0 0 0 0 0 0 0 51 0 89 69 0 96 0 91 0 0 0 0 40 0 52 0 0 0 0 90 0 0 91 26 0 8 23 11 0 0 0 0 36 0 0 0 64 0 0 0 86 86 0 55 0 0 45 0 0 0 2 0 0 0 0 48 0 0 0 0 75 0 0 14 9 46 0 0 0 0 0 97 31 0 0
0 0 0 0 0 0 0 0 0 0 0 0 93 0 0 0 0 9 0 0 0 68 0 0 0 21 0 85 20 0 0 0 0 0 0 0 0 1 0 0 5 0 0 0 0 0 0 0 0 0 0 0 29 0 0 75 0 97 25 61 0 86 40 10 0 0 0 0 0 0 78 0 0 75 0 0 0 66 0 0 49 0 0 0 27 0 0 0 0 87 0 0 0 10 0 13 0 0 0 93
65 0 2 9 0 0 55 5 0 0 0 0 0 0 0 0 0 0 0 0 0 0 35 0 0 0 0 0 0 0 0 0 35 0 20 0 0 10 40 0 0 0 0 0 0 0 0 73 0 50 0 94 0 57 71 0 0 0 0 0 0 0 0 0 0 0 0 0 91 0 49 0 0 89 0 81 0 0 0 22 95 0 0 0 0 0 0 0 0 0 0 0 0 26 0 0 0 0 61 0
0 41 68 0 0 0 0 0 0 27 0 0 0 0 0 90 0 0 0 0 16 0 60 3 0 54 65 0 57 98 68 77 0 0 0 0 92 0 0 0 92 0 0 0 0 0 0 56 0 0 0 0 0 0 0 0 0 0 0 0 0 0 0 0 0 0 0 0 0 0 0 84 0 0 0 21 0 6 0 85 0 0 55 0 88 0 0 0 0 88 0 0 0 0 0 17 31 45 75 0
0 0 36 47 0 5 0 0 87 0 0 0 0 0 0 0 60 0 0 0 0 77 0 0 0 0 0 0 58 0 0 0 0 0 0 96 0 33 0 18 0 0 0 0 0 0 66 0 0 0 0 0 0 0 24 94 0 0 13 66 79 0 0 0 0 65 0 0 0 52 0 0 0 35 0 0 65 25 0 0 0 74 0 81 37 0 82 0 0 0 44 0 0 0 73 0 0 0 0 0
75 0 0 0 0 0 0 0 0 0 100 0 0 0 23 0 0 0 0 0 0 98 23 5 0 0 0 9 0 0 0 0 0 0 0 0 0 2 0 0 0 0 0 34 0 0 0 8 0 0 0 30 0 0 0 0 0 0 0 0 74 0 91 0 0 0 0 0 0 0 0 0 0 0 0 0 0 0 0 0 0 54 32 0 0 1 0 0 0 49 0 9 0 0 0 0 11 34 32 75
0 76 0 89 0 0 25 74 0 0 0 0 0 41 0 25 0 27 0 53 46 70 0 44 5 16 0 0 0 52 88 82 100 13 0 0 0 0 0 0 61 0 52 0 0 0 0 65 0 0 26 0 5 81 0 30 0 0 0 67 0 0 0 0 45 0 0 0 0 97 65 0 0 0 0 28 0 0 0 0 4 0 0 0 0 76 0 42 0 0 0 0 64 57 0 0 86 0 37 0
0 0 0 0 0 0 0 0 0 56 27 0 1 0 0 0 0 0 0 0 45 0 0 0 0 8 59 0 0 0 0 0 0 0 0 89 0 0 0 0 0 86 0 0 0 89 0 43 0 14 0 25 0 0 0 0 0 0 0 0 0 0 0 0 80 0 0 0 0 0 0 0 0 0 0 0 0 0 0 0 0 0 67 0 0 0 0 0 72 0 87 0 0 0 94 0 1 0 0 0
64 89 0 0 76 0 54 0 0 0 0 0 5 100 0 28 0 0 0 0 0 0 0 0 0 5 66 64 0 0 68 0 0 0 0 98 10 0 16 0 41 0 0 0 0 0 0 0 0 14 0 0 0 22 0 0 0 0 93 0 47 0 36 0 0 49 0 0 0 0 0 85 0 0 0 0 0 27 0 0 56 0 0 2 0 0 0 0 72 0 62 44 0 78 0 4 0 0 0 0
0 0 0 0 0 0 0 44 0 0 0 0 0 0 0 0 99 0 0 0 0 0 0 0 36 0 43 0 0 0 17 0 0 0 24 0 25 0 0 0 21 82 0 0 0 31 0 0 0 0 0 0 94 71 0 100 23 0 0 0 0 0 0 0 0 82 0 0 0 68 0 61 0 0 0 0 0 63 0 83 0 19 0 0 0 76 17 0 0 0 36 2 0 0 79 0 51 0 0 0
4 0 0 0 31 0 0 52 0 0 0 100 15 40 0 0 0 0 3 0 0 72 0 26 11 58 93 61 48 53 0 0 60 42 0 0 27 0 0 0 46 0 0 0 0 0 34 0 0 0 0 0 0 58 13 0 0 0 0 0 0 0 0 0 0 88 0 0 0 0 0 62 0 0 0 97 0 0 0 0 0 0 0 0 0 0 0 0 0 0 0 0 9 0 0 0 0 0 0 0
0 46 0 0 0 37 89 89 0 0 0 0 0 0 51 0 0 0 77 0 0 0 0 12 0 90 62 0 0 0 0 0 56 73 0 0 13 54 0 27 42 0 0 0 56 0 0 56 0 0 0 0 50 0 0 0 0 0 20 82 0 0 0 0 0 48 0 0 0 0 0 42 0 0 0 0 0 0 0 0 0 0 0 0 27 60 36 0 0 89 29 0 40 76 0 6 0 0 75 0
0 0 0 22 63 63 69 0 0 24 0 6 0 0 32 0 0 0 0 0 0 0 0 0 0 0 0 0 0 0 0 14 0 0 0 0 0 0 0 0 49 0 0 0 0 0 6 0 0 52 0 0 0 0 50 0 0 12 0 0 81 13 23 14 0 0 0 1 0 0 0 19 0 0 0 0 80 0 0 0 0 0 0 0 1 0 0 0 0 79 59 0 0 58 0 0 25 0 0 0
0 0 0 0 23 0 0 0 0 0 0 0 0 0 0 0 67 0 0 0 0 0 9 0 0 0 85 0 0 0 0 0 0 0 0 0 30 0 0 0 14 0 0 0 28 0 0 96 0 91 17 0 78 77 98 51 0 13 0 19 0 85 0 0 0 39 0 0 0 0 0 0 32 0 0 0 0 0 0 0 0 31 66 0 69 52 0 88 21 47 0 0 0 0 0 0 33 0 0 0
0 75 0 0 9 0 0 0 0 0 0 0 0 0 86 0 40 0 0 0 0 0 56 0 0 0 0 0 84 0 0 0 27 5 0 0 0 82 0 0 0 0 0 0 0 0 18 0 52 0 0 18 89 2 0 0 0 51 0 0 0 0 0 0 0 0 0 8 0 0 0 0 0 0 63 77 0 57 0 0 0 86 0 0 0 0 21 0 0 0 0 0 0 0 77 0 0 0 0 0
0 0 0 97 0 0 0 0 0 0 0 61 0 0 0 0 0 0 0 0 90 0 0 0 0 0 0 0 0 0 65 12 2 0 0 0 0 0 0 0 0 0 0 6 0 0 0 27 73 1 10 0 0 0 0 0 48 0 0 0 0 0 95 0 88 45 29 69 0 0 45 0 0 0 0 64 0 0 0 24 0 62 22 63 24 0 0 0 73 0 0 0 0 52 0 0 0 0 65 0
44 0 0 0 0 0 0 0 0 0 0 0 0 0 0 91 0 68 0 0 0 67 0 0 0 96 0 0 48 59 0 0 0 0 0 0 0 0 0 0 0 0 0 0 48 0 0 0 0 61 0 0 96 0 0 58 0 50 76 0 30 0 0 0 0 66 0 0 8 0 75 0 0 37 0 89 0 43 0 0 0 0 32 0 91 0 0 55 0 0 51 5 0 60 49 0 0 0 0 0
28 0 0 5 0 0 0 0 0 0 0 0 0 17 0 49 0 0 0 0 0 0 30 0 0 0 0 0 21 0 0 0 31 0 0 0 41 0 0 0 0 0 0 0 47 0 6 0 0 54 0 0 0 0 0 0 76 0 83 0 0 0 46 56 0 0 0 0 0 65 0 0 0 0 0 0 77 0 0 0 79 64 0 0 0 0 0 32 0 91 0 0 0 0 81 0 82 0 23 0
0 0 0 0 0 43 0 0 0 0 74 87 0 31 0 0 0 0 0 0 0 0 0 71 0 0 0 0 0 0 66 28 29 0 0 0 0 49 0 0 0 15 35 41 86 0 0 0 8 0 72 0 0 0 0 0 0 0 0 0 0 0 0 0 0 0 0 0 0 0 0 64 0 0 30 0 0 0 0 44 0 0 27 0 0 72 48 0 0 78 26 0 0 0 0 0 0 0 23 0
0 0 0 0 8 0 0 0 0 38 0 63 0 0 0 0 70 0 54 0 0 18 13 0 0 0 1 1 0 0 94 0 0 0 0 0 6 0 0 99 74 31 0 39 0 9 0 0 0 0 0 0 87 26 51 0 0 0 0 0 0 0 0 0 0 43 0 0 0 0 0 0 0 0 0 12 0 0 0 0 0 0 0 66 0 0 0 0 0 0 0 0 0 0 80 0 0 0 23 0
0 41 0 0 0 33 0 35 0 37 1 0 73 11 0 52 0 0 83 0 0 0 100 0 0 62 0 65 0 0 0 0 0 41 79 0 55 48 0 0 0 0 0 0 0 0 0 0 0 45 67 0 69 8 0 0 0 0 69 12 0 0 0 0 0 0 0 0 13 0 0 0 0 25 0 0 0 35 0 0 23 0 10 0 0 32 0 56 84 0 14 0 57 0 34 0 0 0 0 0
0 0 0 0 0 0 39 56 0 0 0 0 0 98 0 0 39 0 2 0 0 0 98 0 6 0 0 10 0 0 0 0 0 66 0 0 9 0 0 0 0 91 0 89 0 42 0 0 0 0 62 0 0 0 0 69 66 30 0 65 0 48 0 32 0 0 0 0 0 0 0 0 0 0 9 0 0 0 0 0 32 94 0 0 0 0 0 0 18 0 0 0 0 72 0 82 0 19 0 0
0 0 0 35 0 50 0 17 0 63 0 0 0 0 0 46 0 58 0 0 0 78 0 0 0 0 23 53 0 0 74 0 0 69 0 93 0 0 79 0 0 0 0 0 0 88 0 86 0 0 0 0 89 0 0 0 82 0 66 76 0 0 0 54 0 0 0 0 50 0 64 0 0 0 0 0 0 0 0 0 0 0 0 27 93 0 0 0 0 0 13 0 80 0 0 0 0 0 0 0
0 0 0 0 0 0 0 57 0 0 0 0 0 0 0 0 0 70 0 50 0 0 0 0 0 0 0 0 0 0 10 0 59 0 0 0 0 0 0 0 0 16 0 0 0 0 97 0 0 0 61 6 0 0 22 0 86 0 0 0 0 0 34 0 48 57 33 0 0 0 0 0 0 0 0 0 0 0 37 0 75 0 0 0 0 15 59 25 0 45 0 8 0 0 0 14 0 0 0 0
0 0 0 0 0 0 1 0 0 0 0 0 26 0 0 0 0 0 0 0 52 0 98 0 60 0 0 0 78 0 97 35 18 0 0 0 0 0 67 0 0 0 26 80 0 0 0 0 0 0 0 0 0 0 0 0 0 0 0 44 0 0 0 0 0 0 0 0 0 6 0 0 0 0 92 0 0 0 0 0 0 0 0 0 33 74 0 0 0 0 0 0 0 0 0 0 51 16 0 0
6 0 0 18 0 64 0 0 86 0 0 0 0 0 0 0 0 0 4 29 0 78 22 0 0 0 79 0 0 0 0 95 0 0 0 0 0 0 0 41 3 0 0 0 0 76 16 0 0 0 0 73 0 33 0 69 0 0 0 0 0 46 0 0 83 0 0 0 0 91 0 0 2 0 0 68 0 0 0 0 0 0 0 0 0 45 0 52 56 51 0 0 0 27 10 19 0 28 0 9
0 0 0 0 0 0 0 0 0 30 0 0 0 30 0 0 0 39 0 0 0 3 0 0 0 0 0 0 0 37 0 0 0 0 0 0 0 0 0 0 0 0 0 19 0 0 0 0 20 0 2 17 92 0 0 95 0 71 10 98 0 0 0 0 0 0 0 0 0 0 0 0 0 0 0 0 0 72 0 0 0 0 0 26 0 0 0 17 0 0 22 0 0 75 0 0 0 0 0 50
0 0 0 0 0 27 0 0 0 0 0 0 2 0 0 0 0 85 0 22 0 0 0 0 0 80 0 0 0 57 0 0 92 0 0 0 56 0 0 0 0 30 80 0 51 0 0 0 0 0 60 3 0 0 0 0 0 0 0 0 0 57 17 0 0 57 13 0 0 29 0 0 0 0 0 0 2 80 0 0 40 0 0 12 0 82 0 0 0 0 0 96 51 0 0 0 0 0 0 0
92 0 0 0 0 0 0 0 0 73 0 0 0 0 0 0 0 0 0 0 0 0 78 63 59 43 0 46 0 0 0 4 0 0 0 0 0 47 0 0 0 0 0 61 0 0 0 36 54 0 0 0 0 0 0 61 0 0 0 0 0 56 0 0 0 0 0 0 38 0 0 54 0 71 0 0 18 0 92 0 0 0 0 0 0 0 0 0 32 0 30 11 0 0 0 0 0 0 7 0
54 0 0 0 70 0 0 0 0 0 0 0 0 0 0 0 0 0 0 0 0 0 0 0 0 93 0 0 30 0 39 0 0 0 27 0 0 0 0 0 0 0 0 0 0 0 0 0 0 0 0 0 0 0 0 0 0 0 0 3 0 93 10 0 0 0 0 13 11 0 0 0 0 0 0 0 0 0 0 0 22 0 95 90 0 0 0 0 0 0 0 0 0 0 79 0 25 0 0 0
0 0 0 79 82 42 0 0 0 0 10 0 12 74 0 0 0 82 0 0 39 0 10 0 0 0 53 0 0 41 73 65 0 0 91 0 0 16 0 0 0 27 91 16 16 0 0 0 0 0 0 0 0 0 0 0 0 0 18 0 5 43 40 0 0 55 30 74 16 0 0 0 0 44 0 0 0 79 0 0 95 0 0 0 86 0 0 0 0 0 0 0 0 0 0 0 36 0 0 32
0 0 7 70 0 58 0 0 0 0 0 0 7 66 80 0 0 0 0 0 81 0 0 80 92 0 2 0 0 0 0 79 0 0 0 0 43 0 0 74 0 0 0 56 0 0 0 0 0 0 0 21 0 0 0 19 29 0 100 0 60 0 3 0 0 0 0 0 0 0 0 0 0 84 0 2 0 0 74 0 0 0 0 72 0 0 94 0 0 0 0 0 0 0 0 0 30 11 0 22
0 0 0 0 8 0 0 69 0 0 0 0 31 0 0 0 0 0 82 0 0 0 0 0 0 77 0 0 0 0 0 44 0 0 0 0 0 0 0 72 0 0 0 0 0 0 0 0 49 19 0 0 0 38 0 25 0 0 0 0 0 96 0 0 0 0 0 0 0 49 0 63 73 0 0 0 0 0 0 0 0 0 0 19 0 0 0 0 0 40 0 0 57 0 0 0 0 14 0 0
5 0 0 0 0 0 0 0 0 0 0 0 0 0 0 37 0 90 0 0 8 0 0 0 0 0 2 0 41 18 0 0 0 0 0 0 61 0 0 0 0 0 0 0 61 0 0 0 0 0 0 24 0 0 100 0 0 0 0 0 0 0 88 0 0 0 0 0 0 0 0 0 0 0 0 0 0 0 0 0 0 0 30 12 0 78 0 0 0 20 0 0 0 0 11 0 0 0 0 0
0 0 0 0 0 69 0 0 0 0 0 0 0 78 0 0 61 39 0 54 0 0 0 0 22 27 5 0 0 0 0 0 0 0 0 77 0 0 0 0 0 0 1 49 0 0 0 0 0 0 0 0 0 0 0 0 0 0 0 18 0 44 0 0 0 0 0 0 63 0 0 0 0 0 0 0 0 71 0 0 0 0 0 0 0 78 0 0 72 0 0 9 80 0 0 73 0 11 0 0
0 0 0 0 0 0 0 0 0 0 35 0 0 0 57 0 0 89 0 0 89 0 0 0 81 0 0 0 0 0 0 0 0 0 0 0 94 12 0 21 0 0 0 65 0 0 0 0 0 0 0 16 46 50 0 0 0 0 0 0 0 0 0 0 0 84 0 0 54 93 0 0 0 90 0 0 0 0 0 13 0 0 0 0 0 0 0 0 49 0 30 0 0 0 0 0 0 32 0 0
0 0 0 0 0 0 0 0 0 39 0 0 0 0 0 0 30 0 5 0 0 6 0 0 0 0 0 0 0 0 0 0 0 91 59 0 70 0 0 0 0 17 0 0 0 0 0 0 0 0 0 0 0 0 87 0 0 0 62 0 84 68 0 0 0 45 0 0 0 0 0 0 33 0 0 0 0 0 0 0 0 0 59 0 0 0 0 0 0 0 0 0 0 0 30 49 0 0 47 0
0 0 0 66 0 0 0 0 0 0 95 52 74 0 0 69 0 0 0 0 0 3 0 0 0 0 0 78 0 25 0 21 0 0 23 0 43 96 0 0 0 0 67 0 0 41 0 0 90 0 0 46 9 0 0 0 0 0 0 54 89 98 0 0 0 0 0 42 0 4 0 0 0 0 0 0 0 0 0 44 0 0 0 0 0 0 0 79 0 0 0 0 58 55 0 0 0 0 0 65
0 0 0 0 0 0 82 0 87 0 0 0 0 0 0 0 0 0 50 0 0 0 0 0 0 36 0 0 88 0 0 0 0 0 0 17 0 0 0 91 77 0 0 0 49 0 60 0 0 0 0 0 0 0 0 20 0 0 0 0 99 0 0 0 70 0 42 0 0 0 0 0 0 0 0 33 0 0 0 0 76 0 0 0 0 0 9 0 0 0 0 0 0 23 0 0 55 68 0 0
0 0 0 76 0 26 0 0 50 0 0 0 0 0 0 73 0 0 0 17 16 0 0 0 0 85 0 0 0 0 0 0 0 70 64 0 0 0 0 12 11 0 0 0 60 0 81 0 51 0 4 0 98 0 0 68 0 0 0 0 36 0 0 30 0 0 0 0 0 0 0 0 0 0 0 0 0 0 7 0 18 13 53 0 96 0 0 0 72 0 0 0 0 0 0 0 0 0 0 68
0 0 0 0 0 0 0 0 0 0 0 49 76 0 0 0 4 8 0 0 35 0 0 0 76 48 0 0 0 0 0 0 0 0 85 0 0 0 0 0 0 0 0 0 14 0 0 7 0 54 0 0 0 30 0 0 0 0 0 0 4 0 0 95 0 0 0 0 0 0 49 60 0 85 98 0 0 0 0 20 0 0 0 0 0 0 0 0 0 0 0 0 0 0 0 0 0 0 0 0
0 0 74 0 89 0 0 32 0 0 0 0 0 61 0 43 0 0 95 69 0 0 0 0 0 0 0 0 51 0 68 10 0 0 0 30 0 0 0 0 37 0 0 0 0 0 0 0 0 0 86 0 0 0 0 0 0 0 48 43 0 0 0 0 0 0 0 67 6 0 0 0 0 0 0 98 0 0 0 0 0 32 75 0 0 0 0 0 0 0 0 44 0 45 0 69 83 0 0 0
0 0 0 0 0 66 71 0 57 43 0 0 0 0 0 0 64 0 0 0 70 0 0 66 0 61 62 0 0 0 0 0 16 0 61 0 0 0 0 0 0 45 0 16 0 0 0 0 0 0 0 0 0 0 0 70 35 0 0 0 0 0 0 0 0 0 75 0 38 0 0 0 0 0 0 0 0 0 0 0 0 0 53 0 0 0 0 0 76 70 79 0 0 0 0 0 0 0 0 0
0 0 0 35 30 75 0 0 47 0 53 0 0 31 0 0 3 0 0 0 0 0 0 0 0 0 0 0 0 0 0 0 26 0 0 0 0 0 0 24 0 0 0 39 0 0 0 0 45 0 0 26 0 0 0 0 0 0 0 0 0 78 0 92 0 0 0 0 0 7 0 85 0 0 70 0 0 0 0 0 78 0 0 0 0 0 0 0 0 0 24 66 0 72 0 0 77 8 0 82
0 0 4 0 0 42 10 0 69 0 87 0 0 55 84 0 52 0 0 0 0 0 0 0 0 0 0 0 0 0 66 0 0 0 0 0 0 0 0 0 0 0 0 0 0 61 93 0 96 0 0 0 0 0 0 0 43 0 0 0 0 0 40 0 48 0 0 6 0 0 0 0 43 0 0 0 100 0 0 0 0 72 82 0 0 99 0 0 0 0 0 0 0 0 86 0 69 0 0 34
0 0 0 0 0 0 0 0 0 0 0 0 0 0 0 0 0 0 0 0 0 0 0 0 0 0 0 0 0 24 41 0 0 0 0 0 0 68 0 0 85 0 74 0 0 0 0 0 0 40 38 35 0 0 0 0 0 69 0 0 0 0 0 0 54 0 98 0 0 0 0 0 0 0 0 0 97 61 0 0 0 12 0 43 8 0 0 0 15 19 0 0 15 0 77 0 0 0 0 0
0 28 0 0 83 0 0 48 0 0 0 0 67 0 38 0 0 44 0 0 0 0 0 0 81 0 0 0 0 0 64 0 34 0 0 0 0 0 0 0 0 93 23 76 1 1 80 88 0 0 0 80 0 0 0 0 0 0 0 0 0 22 0 0 0 0 0 0 0 0 0 0 0 0 0 0 0 0 5 0 0 89 0 0 0 0 0 0 0 0 0 0 44 0 31 0 0 63 0 0
0 0 0 0 88 0 0 61 0 0 0 0 0 0 0 84 0 0 0 0 0 0 0 0 97 0 0 0 0 0 0 0 71 0 0 0 71 97 25 0 0 0 86 0 91 0 72 0 81 0 0 0 0 0 0 0 18 0 0 0 0 0 0 0 0 30 0 37 0 74 48 0 10 2 52 0 13 0 0 0 55 13 0 0 34 0 0 21 0 0 0 0 0 0 0 0 0 79 0 0
0 0 63 61 21 0 3 0 0 0 61 0 0 0 0 0 0 0 0 0 2 0 0 0 63 96 0 0 0 0 23 0 19 0 0 0 0 6 0 0 73 34 0 0 39 0 0 0 0 0 34 57 17 0 0 22 70 0 0 0 0 77 80 0 0 0 0 0 0 0 0 0 95 35 0 0 0 0 0 47 0 23 0 39 0 0 70 0 0 0 0 0 0 0 6 63 0 0 41 43
78 0 0 11 0 18 0 0 13 0 0 7 0 0 46 0 0 0 0 0 0 0 0 0 20 0 0 88 0 94 63 50 0 34 90 13 0 0 0 0 0 0 0 0 0 65 0 0 0 0 0 0 0 0 0 0 0 0 0 0 35 0 0 0 0 0 0 0 0 0 46 0 0 0 0 0 0 0 53 0 0 0 26 0 89 0 0 20 0 0 0 0 0 0 0 0 0 10 0 7
91 0 0 0 0 0 0 46 40 86 82 0 71 73 0 21 1 0 8 0 0 96 0 0 21 0 9 0 0 0 0 20 89 0 0 25 0 53 0 0 0 96 98 0 58 0 0 66 0 0 32 0 0 0 0 0 0 97 0 0 0 0 0 0 0 0 0 0 0 0 0 0 0 0 0 0 0 0 0 0 0 100 0 72 0 0 28 0 28 0 79 0 0 42 0 20 0 0 0 0
0 76 0 0 0 0 0 0 85 0 85 0 0 0 18 72 42 0 0 0 0 54 0 20 0 0 0 0 0 0 0 0 0 0 48 0 0 0 0 91 0 38 0 0 0 0 27 58 93 36 0 0 78 0 0 0 0 0 0 0 95 0 0 0 0 0 0 18 0 0 100 0 5 45 0 0 0 0 0 3 0 29 0 10 0 0 38 0 90 72 0 0 9 48 98 0 0 0 0 0
33 0 0 0 0 0 0 0 24 0 0 0 0 0 67 0 54 0 0 0 0 0 12 0 0 0 20 0 0 0 57 79 0 0 66 0 0 0 57 0 0 0 0 49 0 0 0 0 0 0 0 94 59 0 0 0 0 0 0 0 0 83 0 0 0 0 0 0 0 69 0 25 0 0 61 0 0 22 0 0 43 2 0 12 71 0 0 0 0 0 0 0 0 51 0 5 91 5 0 63
0 0 0 22 0 0 0 0 0 0 51 82 0 0 0 0 0 0 64 0 0 0 0 35 0 0 0 0 25 0 0 0 0 94 47 0 0 28 0 0 0 0 0 0 0 0 0 0 0 0 0 0 7 47 0 0 93 36 0 0 0 0 0 0 0 0 24 0 0 0 0 0 0 47 0 0 78 0 66 82 0 0 0 0 65 0 4 0 0 76 0 60 0 0 0 66 13 0 0 0
0 0 0 0 0 0 0 0 0 0 0 85 0 0 52 0 0 0 0 0 0 0 0 0 98 0 0 0 0 32 0 5 0 0 7 0 42 0 0 69 0 0 0 0 0 39 0 0 0 90 0 0 66 26 0 0 0 37 12 0 25 0 0 0 0 0 0 0 0 0 0 0 84 66 0 0 0 0 76 0 22 0 0 0 0 0 0 95 94 0 0 0 0 0 0 32 0 0 0 78
0 86 0 0 37 0 0 0 0 23 56 61 0 46 0 0 0 78 0 17 0 11 0 0 82 0 0 0 0 0 0 0 0 0 0 0 45 34 0 0 21 0 0 51 0 76 0 0 0 0 0 0 0 0 0 0 0 0 63 0 0 0 0 0 0 0 0 0 5 0 0 0 0 0 0 0 45 0 0 0 15 28 0 0 0 15 44 0 0 0 0 0 80 0 57 58 0 0 61 0
0 36 0 0 0 0 94 0 73 0 0 0 0 0 0 41 0 77 0 0 0 0 0 18 25 0 0 0 58 3 96 0 0 87 0 0 75 0 0 0 0 0 0 14 0 0 0 89 0 98 0 0 0 0 0 0 0 0 0 0 0 0 0 66 0 0 0 0 72 0 0 0 28 3 0 0 53 0 78 0 0 0 0 0 0 0 64 43 43 88 0 51 0 0 8 0 0 0 0 0
0 0 0 0 0 0 0 0 93 0 70 53 0 0 0 0 0 0 0 0 0 0 0 0 0 0 1 0 0 76 0 17 0 0 0 0 0 0 36 7 0 66 26 0 0 0 0 0 0 0 0 0 0 85 0 0 0 0 0 100 0 19 18 0 0 0 40 0 0 0 22 0 0 0 70 0 0 8 0 0 0 0 0 0 0 0 0 0 0 0 17 69 0 40 0 0 91 0 6 0
0 0 95 0 0 58 0 0 19 0 0 0 0 0 93 0 0 71 0 0 0 0 60 88 0 0 0 0 36 45 0 40 68 0 91 70 0 58 0 80 0 0 51 0 0 52 0 0 0 0 0 0 0 88 0 0 0 0 0 5 58 0 0 0 0 0 0 29 0 0 0 73 0 0 18 43 0 0 0 0 65 0 98 72 0 3 0 0 0 0 0 0 0 92 0 0 0 0 0 83
0 0 40 47 4 0 0 0 45 0 45 0 0 0 0 5 53 0 15 57 0 0 0 0 80 0 63 0 0 0 35 0 14 0 0 0 96 0 0 0 0 0 0 0 63 24 70 0 0 0 93 0 0 0 0 0 0 0 99 0 0 0 0 0 0 0 0 0 67 0 0 0 0 0 0 0 88 0 0 78 0 0 0 34 0 15 0 0 89 0 0 0 0 0 0 0 88 0 0 11
0 0 0 0 11 0 0 0 0 17 0 0 0 0 42 0 0 94 0 0 0 0 0 23 0 0 70 0 9 0 0 0 0 0 0 0 0 63 42 0 0 0 0 0 0 64 0 0 49 0 0 0 44 0 0 0 0 0 24 22 88 0 0 5 0 55 0 0 6 0 0 0 34 0 0 0 0 100 0 0 59 0 65 0 0 0 0 0 82 81 0 0 0 0 88 0 0 1 0 0
12 38 0 0 88 65 97 0 0 0 0 0 0 0 25 85 0 47 0 0 0 0 0 0 44 0 0 84 0 0 0 0 0 0 36 0 0 0 0 0 0 0 0 17 0 0 11 77 0 0 0 0 0 0 18 0 0 0 0 0 0 0 0 0 0 0 5 0 0 0 0 0 0 0 0 0 0 0 0 0 0 0 0 60 0 0 0 0 0 18 0 0 32 0 96 0 0 0 0 0
0 0 0 0 0 0 77 0 56 0 0 0 0 0 11 65 0 52 0 0 0 74 0 0 0 0 0 0 30 0 0 37 0 0 0 0 0 0 1 0 0 0 0 0 0 13 0 0 83 0 0 0 0 0 56 0 0 0 0 0 93 0 0 0 99 0 0 0 0 0 0 0 0 0 39 0 0 0 0 0 0 0 0 0 4 0 0 0 0 0 0 0 0 37 0 0 34 71 0 72
0 14 0 48 0 70 0 0 0 0 0 46 0 15 0 0 0 0 99 0 50 0 0 0 0 0 0 43 0 49 3 0 0 62 0 0 0 0 0 12 0 71 0 22 98 0 0 3 0 41 0 31 0 0 46 34 0 0 0 78 0 0 24 0 0 0 0 0 0 0 48 0 0 0 0 0 0 0 0 0 9 60 0 0 0 0 81 20 0 91 0 78 0 8 0 13 0 0 80 0
0 0 76 0 0 0 0 0 0 0 94 0 0 4 0 0 64 0 0 20 0 0 0 0 0 88 0 0 93 0 74 0 63 0 47 96 0 0 0 0 100 0 65 0 0 0 8 77 0 0 0 0 0 0 0 0 0 0 35 0 0 0 0 18 20 0 0 0 10 0 0 0 0 0 0 0 0 3 0 0 0 77 0 0 0 0 0 0 34 85 0 0 93 46 32 0 0 0 52 0
0 0 0 0 26 0 0 70 0 0 0 66 85 0 0 0 0 0 0 74 69 41 60 0 0 75 41 83 0 0 85 0 0 0 0 0 0 0 0 0 69 0 0 0 66 0 0 16 0 95 0 0 0 0 87 0 0 0 0 0 0 0 0 0 0 0 4 0 92 0 0 32 0 8 0 0 0 0 0 0 0 66 0 0 0 0 0 11 0 0 75 63 0 0 83 0 45 0 0 0
0 0 0 55 0 0 0 0 46 0 0 0 0 0 0 0 0 0 0 0 67 0 23 73 0 0 0 0 74 0 0 86 0 0 0 0 0 0 69 0 0 0 0 95 0 87 96 51 92 0 0 0 0 0 0 10 0 11 21 0 0 0 84 0 0 0 37 0 25 0 0 0 43 0 58 80 0 0 0 6 0 0 0 0 44 0 0 0 93 0 0 0 0 1 0 0 0 0 5 0
0 0 0 0 0 0 0 0 0 0 0 0 0 0 0 97 0 13 0 0 0 87 0 0 0 0 0 0 0 0 98 0 0 0 0 0 95 0 0 0 0 0 0 0 0 0 0 0 31 0 0 62 0 0 56 0 0 0 0 0 0 0 0 0 0 0 0 33 0 0 0 0 58 87 0 0 0 0 42 0 0 0 0 0 0 0 0 0 0 0 0 0 67 0 0 41 89 4 0 53
0 0 0 0 0 3 77 0 57 0 0 3 0 0 30 0 0 0 0 0 6 0 0 0 0 0 0 0 0 15 20 0 0 0 31 42 0 0 0 56 0 0 0 0 86 0 0 0 66 38 94 0 0 0 98 0 40 0 0 0 78 0 0 0 0 0 0 0 0 1 37 0 0 0 0 0 0 21 0 0 0 42 0 0 0 0 0 0 72 0 0 15 0 0 0 40 0 69 0 0
0 0 0 53 0 0 80 0 0 1 0 0 0 0 0 0 0 0 0 87 0 0 0 0 1 0 0 92 0 0 0 2 3 82 53 0 0 0 0 0 0 0 0 0 0 35 58 25 0 0 0 0 0 0 0 0 55 0 38 30 87 0 0 0 72 0 32 0 0 0 0 12 0 0 0 0 97 0 0 0 0 0 19 0 76 0 23 0 0 0 0 0 6 0 0 73 79 0 96 0
68 0 84 0 0 0 0 97 0 0 0 0 0 0 0 0 0 0 4 54 0 40 0 0 0 0 0 0 97 0 0 0 0 0 0 0 10 0 0 0 0 0 0 0 0 0 40 0 0 0 0 0 0 0 0 69 0 0 0 0 0 0 0 0 0 0 13 0 0 0 0 0 82 0 0 0 0 0 0 0 0 0 0 0 28 20 0 0 0 0 0 0 0 24 0 0 0 0 53 0
0 27 0 0 0 0 0 0 0 66 41 0 0 0 54 13 0 0 0 0 0 0 0 0 89 0 35 0 21 0 36 0 0 0 0 0 88 0 0 0 0 0 0 0 54 0 0 0 0 0 0 0 0 0 0 0 88 0 0 43 0 0 68 0 0 0 0 81 42 1 0 62 0 38 0 0 0 50 0 15 0 0 84 0 39 5 0 69 0 18 0 0 44 28 0 16 0 0 41 0
0 0 0 0 0 0 0 0 8 0 49 0 0 0 0 0 0 71 0 0 0 0 0 0 14 0 77 0 70 0 0 0 59 0 0 39 0 0 0 62 35 0 0 0 16 0 5 0 0 0 0 0 51 0 0 0 0 43 0 0 0 0 67 0 87 0 0 41 0 48 16 0 0 0 51 38 0 0 0 0 0 0 0 37 74 0 0 0 0 92 0 0 0 0 0 0 0 0 86 0
42 0 16 0 31 45 0 0 0 0 0 0 0 0 0 68 53 0 0 0 0 0 0 0 0 87 0 0 0 0 17 0 0 13 0 23 0 0 52 0 0 73 0 0 16 0 29 0 0 0 100 0 99 0 0 0 91 27 0 0 0 55 0 0 87 0 7 0 0 0 0 34 30 0 95 0 0 92 0 77 0 0 37 0 61 0 0 54 0 0 0 0 50 0 95 0 0 0 0 6
0 0 0 0 0 0 76 0 7 0 100 0 0 0 0 0 0 0 0 0 0 76 0 0 0 0 0 77 0 9 35 0 0 100 0 0 0 0 0 71 79 0 0 0 0 0 0 0 0 0 0 0 0 0 0 0 89 0 0 0 0 0 0 0 0 0 62 0 0 0 96 0 0 34 0 0 0 49 0 16 0 39 50 0 0 0 77 0 0 0 0 0 0 0 0 0 0 0 0 0
77 0 17 0 0 0 0 0 0 0 0 57 0 0 0 0 0 35 0 0 0 0 0 75 0 0 0 0 0 0 0 0 0 0 60 0 0 0 0 0 0 0 0 36 0 65 32 0 0 0 0 0 0 0 0 0 0 80 0 12 0 5 0 0 0 6 0 0 93 0 0 0 70 0 0 0 0 0 0 0 0 40 0 0 0 0 7 69 0 0 0 45 74 76 0 0 96 76 0 8
0 93 85 0 41 0 28 0 2 0 0 0 0 74 0 0 0 0 0 0 0 0 0 0 0 0 39 85 49 0 0 0 0 24 2 0 50 14 51 0 0 0 0 0 0 77 0 0 0 0 0 0 0 0 17 0 0 0 0 0 0 41 0 0 52 0 0 0 9 0 0 0 0 0 0 0 0 2 0 0 70 0 0 0 0 0 0 0 0 89 0 0 0 0 0 48 35 0 0 0
0 0 54 60 0 0 0 43 72 0 0 0 0 0 0 16 0 90 0 0 0 46 0 0 59 14 0 0 0 55 0 0 0 0 9 0 0 0 0 82 0 12 35 89 0 0 11 0 0 0 0 0 0 0 0 0 87 0 68 0 0 0 0 0 88 0 0 0 0 0 18 21 30 0 0 0 5 0 0 0 0 82 28 0 0 0 0 0 0 4 0 0 0 0 0 0 0 84 0 0
0 0 0 0 0 80 0 94 74 0 0 0 0 0 0 70 17 0 64 44 66 38 0 0 0 38 17 0 0 0 0 37 68 0 0 56 0 0 0 43 0 0 0 0 0 0 89 0 22 0 0 0 0 0 0 8 0 0 68 0 0 0 0 0 91 0 24 0 0 0 0 0 0 0 0 73 0 40 0 89 0 0 0 0 0 0 39 0 0 0 8 0 0 0 0 0 0 0 0 0
0 0 53 0 55 86 23 0 0 0 0 0 0 43 0 40 0 0 0 0 0 0 68 0 0 0 0 0 63 0 0 99 0 0 0 0 57 35 4 12 0 0 0 0 0 0 0 47 85 0 99 7 0 80 0 0 77 20 0 90 0 0 0 0 0 0 0 0 0 25 0 0 20 0 0 0 0 0 0 18 0 0 50 0 39 0 0 0 0 0 0 88 0 0 23 0 22 0 48 0
31 0 0 0 0 0 0 0 0 0 0 0 0 0 48 68 56 0 0 0 0 0 0 0 0 0 0 0 0 0 0 0 39 12 0 0 23 0 0 0 0 0 0 0 65 69 0 0 0 0 0 0 0 0 0 0 16 0 50 0 0 0 0 0 53 0 0 0 0 0 0 0 0 0 0 0 0 39 0 0 0 0 60 0 0 23 0 0 0 0 0 0 0 0 61 53 65 0 0 0
0 0 0 0 68 0 65 0 0 0 0 0 0 46 42 34 0 5 0 0 36 0 0 3 0 0 0 0 0 0 0 83 16 0 0 0 0 0 0 79 0 0 0 0 5 72 0 0 0 0 99 0 0 0 0 0 77 0 0 0 0 81 67 0 12 0 0 0 0 0 0 0 0 5 0 0 0 0 83 0 90 0 0 0 0 0 0 34 0 47 0 0 0 0 0 0 0 4 0 53
0 0 77 0 0 0 31 80 47 0 0 34 0 0 55 0 40 86 9 0 0 0 0 0 4 0 40 0 0 0 0 0 0 0 0 0 0 0 0 0 56 37 22 0 0 0 0 80 0 0 0 0 0 63 0 0 0 0 0 0 0 0 0 62 0 0 0 0 0 63 0 45 40 0 0 94 0 0 0 0 38 0 0 0 0 0 0 0 84 0 0 0 0 0 0 0 0 0 0 0
0 65 0 0 0 48 0 0 0 88 99 0 0 26 85 56 0 0 0 0 46 0 0 0 0 0 0 0 41 12 79 0 0 0 25 14 0 0 94 0 0 0 84 96 0 0 0 0 0 0 26 0 58 0 87 0 0 0 0 0 0 0 0 0 0 0 3 0 0 0 0 0 0 0 0 0 0 0 85 0 0 0 0 0 0 0 0 0 0 0 59 0 36 0 45 0 0 0 0 0
28 0 0 0 0 64 0 0 0 0 0 0 0 38 0 5 0 71 0 63 0 0 6 0 0 0 0 0 0 0 0 0 0 27 0 0 0 83 0 0 96 0 0 0 0 0 0 0 16 0 0 0 95 0 0 0 0 0 0 0 60 67 0 0 0 0 0 0 0 0 0 0 0 0 0 0 0 0 0 0 0 0 90 0 0 86 0 37 0 0 0 0 0 0 0 0 0 0 0 0
71 0 0 0 0 34 20 0 0 0 0 0 0 0 27 0 0 0 0 0 0 0 0 0 0 0 0 0 73 0 0 0 0 81 95 83 0 0 0 88 60 0 0 0 0 0 0 56 38 0 0 19 54 0 0 0 0 0 0 0 0 0 0 0 0 10 0 0 0 0 0 0 0 0 0 47 0 0 0 73 0 0 21 0 0 0 0 0 0 0 0 0 0 97 6 0 0 0 0 0
39 0 0 0 92 0 0 0 0 74 0 0 0 0 0 0 0 0 0 0 0 0 0 0 47 0 0 15 0 0 0 24 64 0 0 0 0 0 0 37 0 31 0 0 0 0 90 68 0 0 0 0 39 0 0 37 0 0 0 0 61 0 0 0 0 0 0 0 0 0 95 0 0 62 0 0 0 87 0 0 0 0 24 5 0 0 0 0 0 0 0 19 0 46 0 29 0 0 0 0
28 0 0 0 88 93 10 0 38 0 20 0 0 0 0 0 0 0 29 0 0 0 0 72 0 40 0 0 39 0 0 0 24 0 0 0 62 45 59 0 8 70 0 0 50 97 0 0 0 0 0 0 0 0 0 51 0 0 0 24 0 0 28 0 0 99 96 0 0 0 87 0 96 0 62 0 0 54 0 0 0 0 0 0 0 47 0 0 0 0 89 0 0 75 97 23 0 0 0 0
50 0 0 0 0 52 0 0 0 0 34 0 0 41 0 0 0 0 0 0 0 0 15 0 0 0 53 63 84 17 0 0 0 0 0 0 0 0 0 0 0 0 0 0 0 0 0 0 0 0 0 0 0 0 7 0 0 0 0 38 0 0 0 72 0 0 0 0 84 0 0 84 0 59 37 62 99 0 0 85 0 0 3 34 97 0 0 0 0 0 30 0 33 0 0 0 0 0 0 0
0 0 0 0 0 48 0 0 0 0 0 0 52 0 0 0 0 0 99 0 0 34 0 0 0 0 10 0 0 0 0 0 25 0 0 0 0 48 0 0 89 0 28 0 39 95 0 0 0 0 0 0 0 0 0 99 0 53 0 0 0 0 0 0 0 0 58 0 0 0 74 0 0 27 35 83 0 50 0 0 0 0 0 0 0 97 0 0 0 0 52 16 38 0 82 0 69 0 90 0