100
0 0 0 0 0 0 0 0 0 0 0 0 0 0 0 0 0 0 0 0 0 0 0 0 0 0 0 0 42 0 48 0 18 0 0 0 0 0 0 0 68 8 0 0 0 0 0 0 0 0 0 0 80 0 0 0 0 59 0 0 0 0 6 0 83 20 0 0 0 0 0 0 53 0 34 0 0 90 0 0 0 0 0 0 0 0 0 0 0 0 0 0 0 34 0 7 0 0 0 0
0 0 0 0 0 0 24 0 0 0 0 0 0 0 0 0 5 65 0 0 0 0 0 7 0 0 0 0 0 0 0 11 0 44 0 0 0 0 0 34 0 0 0 96 0 0 40 66 0 0 0 24 0 0 0 0 27 0 0 4 0 0 53 0 0 0 40 22 0 92 0 0 2 51 0 2 0 16 0 0 0 0 0 32 0 0 0 75 0 74 0 0 0 72 33 0 46 0 0 0
0 0 0 0 0 0 0 0 0 0 0 0 0 0 3 63 0 0 0 0 0 30 0 0 0 81 0 78 0 0 0 0 0 20 0 0 44 0 0 0 0 0 0 0 0 38 0 0 0 0 72 0 3 0 46 0 0 0 0 0 0 0 0 0 0 0 0 0 0 0 0 0 0 78 0 0 0 34 0 31 0 0 0 18 0 0 0 0 0 0 0 52 50 0 4 0 0 0 0 0
0 0 0 0 0 40 75 0 0 0 0 0 0 0 0 0 0 23 0 0 0 0 0 0 0 16 0 98 0 0 0 0 0 91 0 0 0 0 0 0 0 0 0 0 0 0 98 0 99 0 0 0 61 0 0 0 0 0 90 0 0 0 0 0 0 0 0 0 0 0 0 0 0 0 51 48 63 49 0 0 0 0 21 14 0 0 33 88 99 0 75 0 0 0 49 0 50 0 0 30
0 15 0 0 0 0 0 76 0 0 0 0 0 10 0 0 0 0 0 0 0 0 0 0 0 18 0 0 0 0 0 0 57 0 0 72 0 0 0 63 0 0 0 0 0 0 0 0 0 0 0 0 0 3 0 0 19 0 0 0 0 0 0 0 0 0 0 0 4 0 0 0 0 71 0 0 0 0 0 68 0 0 0 0 54 0 0 1 0 0 0 0 0 38 0 0 0 0 0 0
52 0 0 0 0 0 0 0 0 0 0 0 25 0 0 27 91 0 16 0 0 0 0 32 92 0 1 0 68 0 0 43 98 0 0 0 0 0 0 62 0 0 0 0 13 0 0 0 0 10 0 70 35 15 0 16 0 0 0 0 0 12 0 0 0 0 1 71 0 0 78 0 0 0 17 81 0 0 0 0 0 0 0 0 79 27 0 0 0 0 0 0 37 0 0 12 87 0 0 73
0 73 91 0 0 0 0 0 0 0 60 0 0 0 0 55 0 78 46 0 0 0 22 0 0 0 0 0 73 0 0 77 51 0 0 38 61 0 62 0 0 0 0 0 0 0 0 0 0 0 0 0 0 0 0 66 0 0 0 0 20 0 0 0 0 51 0 0 0 0 14 97 0 0 0 51 0 15 42 0 0 0 8 0 0 0 0 79 0 0 0 0 0 79 0 0 0 0 63 0
0 0 0 0 0 0 0 0 0 0 19 0 77 0 97 0 0 0 0 0 0 0 53 0 0 0 0 0 0 0 0 0 0 0 0 0 44 0 57 0 0 0 0 0 63 0 0 10 0 57 50 0 0 0 84 18 0 0 0 44 0 0 0 0 94 89 0 0 0 74 10 0 0 0 0 0 0 0 0 44 0 0 0 0 0 0 0 0 0 0 0 0 0 0 18 1 0 37 43 0
8 0 0 48 0 0 0 0 0 0 0 0 0 0 0 64 0 82 0 61 0 0 0 0 0 98 25 61 0 57 0 0 0 0 0 0 0 0 0 0 0 0 91 0 0 75 0 0 0 0 0 0 0 49 0 95 81 0 85 6 0 0 0 0 64 16 0 0 8 0 0 0 0 39 0 31 0 0 0 0 91 0 0 0 0 11 0 0 0 11 17 0 0 0 0 0 0 0 49 66
72 0 0 0 94 0 32 0 0 0 0 38 0 98 0 79 0 0 14 33 0 0 0 0 0 0 0 0 10 0 0 26 0 0 0 0 0 3 0 0 0 0 0 0 0 0 0 0 0 0 0 66 0 99 0 0 36 0 0 32 0 0 79 62 0 0 14 0 0 0 0 26 0 0 0 0 0 0 0 0 43 0 0 0 0 0 0 0 0 0 64 0 0 0 0 0 79 0 0 40
0 0 64 64 4 0 0 0 62 0 0 0 0 0 0 0 0 0 0 0 84 0 0 0 0 0 0 0 0 0 0 0 0 0 76 0 0 44 0 0 0 95 0 73 0 0 0 99 0 0 0 0 0 0 62 0 0 62 0 14 0 0 82 0 23 0 70 0 82 0 0 0 0 0 0 62 0 0 78 0 0 0 96 0 0 70 20 0 0 0 53 0 0 0 0 0 0 0 0 0
0 0 0 0 0 78 42 43 0 0 85 0 0 11 0 0 29 0 0 0 0 26 0 0 0 82 87 0 0 0 57 0 0 0 77 0 0 0 0 0 0 17 0 72 0 0 0 0 0 93 0 75 0 0 29 0 0 0 38 45 0 31 28 0 0 50 37 0 0 94 0 17 73 0 0 0 0 0 10 0 0 0 93 40 0 0 0 6 0 33 0 0 0 0 92 0 0 0 0 86
0 0 75 0 0 1 0 18 0 0 0 0 0 0 0 0 0 0 0 0 0 0 0 0 0 0 0 45 0 0 0 0 0 55 0 0 43 0 0 19 0 0 0 0 0 35 0 0 87 0 0 0 42 58 0 32 0 0 17 0 0 26 0 0 0 0 0 49 0 0 18 0 28 0 0 9 0 0 0 0 92 0 26 0 0 0 0 13 0 33 0 80 0 0 0 0 52 0 0 0
0 27 0 0 0 0 0 4 0 81 0 0 0 0 0 0 0 0 67 0 0 0 0 0 0 8 53 57 0 27 53 0 0 32 0 85 43 0 0 0 79 0 0 0 0 35 0 0 0 0 0 0 0 0 0 0 0 0 0 0 0 52 0 21 46 0 81 0 0 0 13 0 42 0 0 9 0 0 0 0 97 10 48 0 14 0 0 14 0 0 56 0 0 41 0 0 0 5 82 82
0 0 96 0 0 20 21 0 0 99 0 91 0 0 0 0 0 0 0 77 0 71 0 0 0 0 0 86 0 0 0 0 0 0 0 13 0 53 0 0 0 0 78 0 69 0 0 0 0 0 0 0 0 0 0 0 0 52 0 0 0 0 94 48 0 0 0 0 0 0 0 0 72 0 8 0 0 0 0 18 82 51 0 0 0 0 0 0 0 0 0 0 0 0 0 0 0 0 0 0
0 22 0 0 0 0 99 0 0 0 0 10 47 0 0 0 0 0 37 0 56 0 10 0 0 55 0 0 0 0 0 98 0 0 0 3 0 0 24 0 0 0 18 0 93 29 0 26 81 0 0 0 0 0 20 0 0 39 0 87 48 0 0 0 55 0 0 50 0 0 0 63 0 0 0 0 0 0 0 0 0 29 30 71 0 0 0 0 0 0 31 84 0 0 27 0 0 0 0 0
68 0 0 76 16 0 3 0 0 0 0 0 0 10 0 0 0 0 0 0 0 50 0 89 26 0 45 0 0 50 42 0 0 33 0 0 0 50 0 0 0 60 0 0 0 0 68 0 0 0 80 0 0 0 0 0 0 53 0 37 0 0 0 12 0 0 0 0 0 0 0 4 0 32 0 46 0 0 0 0 0 85 0 0 0 0 20 79 0 0 0 44 0 0 0 71 0 73 0 56
0 0 0 0 0 0 51 0 0 0 21 0 0 97 79 0 35 0 0 35 0 0 0 0 91 0 0 0 34 0 0 0 0 0 20 0 0 0 0 0 0 0 0 33 80 0 0 24 0 0 0 38 28 14 0 0 0 0 0 20 0 74 2 0 0 27 0 0 0 56 38 0 0 0 0 0 0 0 0 0 81 0 68 10 0 0 0 0 0 0 0 99 32 0 0 3 0 0 98 0
0 0 0 0 0 0 0 0 0 9 23 0 0 0 0 0 0 0 0 0 0 0 0 0 14 0 0 60 0 0 0 0 0 79 0 86 0 59 29 0 0 85 53 51 0 0 0 0 0 93 0 0 95 0 0 0 0 0 0 0 0 26 0 70 18 0 0 0 54 83 0 0 76 0 46 0 0 0 0 0 0 0 0 0 0 0 0 0 0 0 0 0 0 0 0 0 0 0 0 78
0 0 0 0 0 0 0 0 0 84 0 0 0 0 0 0 0 0 0 0 52 0 0 11 0 0 0 55 0 0 0 0 0 0 0 0 0 0 0 0 0 0 0 12 91 0 0 0 0 0 0 0 36 0 45 0 34 35 0 0 63 50 0 0 0 47 89 0 0 0 0 0 0 0 0 0 0 0 5 0 0 0 0 24 0 0 0 0 33 0 0 0 0 10 0 0 0 0 0 14
0 0 0 32 0 0 0 0 56 0 0 0 32 0 0 0 0 1 0 0 0 0 0 0 81 11 0 0 0 0 63 0 78 0 6 0 0 0 0 0 0 0 0 0 71 0 0 18 0 0 3 0 87 0 0 0 0 0 13 46 0 0 37 0 0 0 74 0 28 0 83 0 30 0 97 0 0 0 0 68 0 57 0 0 0 0 0 0 0 90 0 0 0 0 0 27 0 16 0 0
0 0 0 0 0 0 0 0 0 0 0 0 0 59 82 62 42 0 0 0 0 0 0 69 57 21 0 100 0 0 0 0 0 61 58 0 72 38 54 92 0 0 0 4 0 0 0 0 0 0 0 0 0 0 0 95 0 0 40 0 0 0 14 0 0 0 0 0 0 0 0 48 0 0 0 0 0 0 0 0 34 0 94 0 0 0 1 39 91 0 0 0 0 75 0 0 0 68 0 0
0 0 0 98 0 0 0 0 0 0 27 93 0 0 16 0 39 0 0 0 0 39 0 0 0 0 0 0 0 0 0 0 0 32 24 0 91 12 0 42 0 0 0 37 0 0 0 37 0 0 16 36 0 13 0 2 77 0 0 0 0 0 0 0 0 0 0 0 0 0 0 0 93 0 0 0 0 73 80 11 0 0 66 0 27 0 24 0 9 0 0 82 0 0 0 0 0 0 0 42
0 0 45 0 50 0 0 0 0 0 78 0 11 43 0 0 37 0 96 0 61 0 0 0 0 77 0 0 0 63 0 0 0 63 0 0 0 3 0 0 0 0 0 30 0 0 0 8 0 80 0 0 47 0 0 0 0 0 0 0 0 0 0 0 0 0 0 0 0 0 0 46 87 0 0 0 0 0 0 0 0 43 17 0 76 0 0 0 0 0 97 0 46 0 0 0 0 0 0 0
0 0 0 0 0 0 0 0 0 0 54 0 0 0 0 80 0 0 0 0 0 0 0 94 0 0 0 4 0 11 36 35 8 0 0 0 0 81 0 0 0 0 55 0 0 65 0 0 0 0 0 0 0 0 0 0 6 27 56 0 94 0 0 58 0 0 20 0 0 0 0 97 0 0 9 76 0 0 0 0 92 50 0 0 0 0 15 0 42 0 94 0 0 0 0 83 0 0 98 0
0 0 0 0 0 0 0 0 45 0 0 0 0 0 0 0 0 0 0 80 0 0 46 0 2 0 0 0 0 0 0 0 0 0 0 0 13 0 0 0 20 0 0 0 0 72 0 66 0 0 0 0 0 0 0 50 33 0 0 0 0 0 0 0 0 0 0 0 8 0 0 21 0 92 0 50 0 0 0 0 0 0 0 0 0 0 91 0 55 0 96 0 0 0 0 0 0 0 68 0
0 5 0 0 14 0 0 0 29 0 0 89 0 0 0 0 0 0 0 0 0 0 53 0 39 0 0 0 81 0 7 0 0 0 11 0 0 46 0 0 0 0 14 8 0 0 0 0 0 0 0 67 0 70 0 0 91 91 0 0 63 0 0 0 0 0 0 77 0 0 0 0 0 0 0 0 0 0 0 0 0 0 0 0 35 39 0 0 48 0 38 0 0 0 0 0 0 0 0 23
46 34 0 0 46 0 0 1 0 0 0 0 0 0 0 0 0 37 0 0 0 0 48 42 0 0 30 0 0 0 36 0 0 0 0 79 0 0 71 31 98 0 0 0 97 33 67 0 0 0 0 0 0 0 0 0 0 0 0 12 82 0 0 96 0 0 0 0 0 61 31 0 70 0 0 0 0 15 46 0 12 0 0 0 91 0 23 62 0 7 0 8 0 0 17 0 0 0 0 0
63 0 0 0 0 0 74 12 0 24 0 0 0 0 0 59 0 0 0 0 0 0 0 0 0 59 0 0 0 0 0 0 64 0 0 0 0 0 0 0 0 0 88 0 0 0 0 0 91 0 0 0 0 41 0 0 61 0 0 55 63 98 0 0 64 56 0 46 0 0 0 24 0 0 0 0 0 83 0 0 0 0 94 3 0 21 0 65 0 0 0 0 44 97 0 0 0 0 0 42
0 78 0 88 85 0 0 0 78 0 0 0 0 0 0 0 0 0 0 0 0 0 0 38 0 0 97 0 0 0 0 0 0 31 0 70 0 0 0 0 0 0 72 0 0 0 97 76 0 0 10 0 3 0 0 0 10 0 48 0 0 0 49 63 0 0 0 74 0 94 0 0 91 32 0 1 90 13 88 73 0 0 0 0 0 0 0 0 0 0 0 0 0 0 0 0 87 68 0 0
0 0 74 0 85 0 0 0 0 0 0 0 0 0 0 44 0 58 0 99 0 91 0 0 0 57 0 0 0 0 0 51 61 0 0 0 0 0 0 0 0 0 0 0 53 0 0 0 0 30 1 100 0 0 0 0 0 13 18 0 0 51 34 0 0 0 0 3 33 0 8 0 0 0 60 0 0 0 0 0 9 0 0 0 0 0 0 0 0 0 0 0 0 42 0 0 64 0 0 74
0 0 0 0 0 0 65 92 11 0 0 0 0 72 0 0 0 9 46 0 0 0 0 0 0 0 0 0 0 0 0 0 0 0 0 65 0 86 0 0 0 0 61 0 0 0 0 0 59 0 0 0 99 0 0 0 0 0 8 0 53 0 0 0 0 89 0 0 0 44 0 0 0 0 0 0 0 47 0 0 0 0 0 0 0 0 0 0 0 57 0 0 0 0 0 0 0 94 0 0
0 0 35 0 0 0 0 10 0 0 0 0 0 67 0 0 0 0 0 0 0 21 0 0 59 0 0 4 0 35 0 0 0 0 0 0 4 12 0 99 0 0 0 0 0 0 64 0 91 0 0 8 0 0 0 0 0 96 83 0 0 0 0 0 0 47 0 0 0 0 0 0 0 0 100 77 0 0 0 0 0 0 0 0 0 0 0 0 16 0 0 50 0 89 0 0 0 0 14 51
65 0 0 32 16 0 69 0 0 0 0 0 0 0 0 0 82 83 0 0 92 0 0 0 0 0 0 56 0 0 44 52 0 0 0 0 0 0 0 0 90 0 44 0 0 0 0 0 0 31 0 61 92 0 0 0 0 0 0 26 0 0 0 0 0 0 0 0 0 0 0 63 0 0 0 23 0 0 0 0 0 59 0 25 0 0 0 0 0 73 21 0 71 0 78 0 0 0 0 80
0 0 57 0 75 0 0 84 0 0 0 0 95 46 0 0 44 11 0 0 0 0 66 92 2 0 0 0 0 0 0 0 0 50 0 11 0 29 59 0 0 0 0 0 0 0 0 0 0 5 6 92 0 0 0 12 0 0 0 0 13 0 0 0 0 0 0 0 0 0 0 0 0 86 0 95 0 0 0 0 0 0 75 0 81 57 0 0 6 39 0 0 0 0 0 0 0 0 0 60
0 0 0 0 67 0 0 63 0 69 78 0 0 0 0 0 0 19 0 0 0 0 0 46 90 0 41 0 0 0 0 54 0 0 82 0 0 0 73 28 70 0 75 0 28 90 0 10 0 0 0 0 0 0 0 0 0 21 0 9 56 34 0 0 0 0 0 36 37 0 0 52 15 0 0 0 0 0 0 69 0 0 0 21 66 0 58 0 0 0 0 0 0 0 0 42 0 0 0 50
0 0 68 27 13 39 0 0 0 0 0 0 0 36 0 0 0 0 0 0 65 67 0 0 0 0 0 0 99 0 0 0 0 0 0 0 0 0 0 0 0 93 0 0 0 0 0 0 0 0 0 0 9 99 0 0 0 0 0 0 0 0 0 0 0 8 0 0 0 0 0 0 6 0 55 0 0 0 0 0 0 54 0 0 94 0 0 9 0 20 11 69 0 47 0 81 54 0 0 0
0 0 0 0 0 0 0 0 0 0 13 0 0 0 0 0 14 0 0 33 85 75 0 0 0 95 0 22 0 0 0 0 52 0 27 50 0 0 0 0 69 0 0 21 70 0 0 0 53 63 51 0 47 0 0 0 19 0 0 0 0 0 0 0 0 0 0 0 0 0 96 0 0 0 0 0 0 0 30 0 0 94 0 0 0 80 72 52 72 0 0 0 0 65 0 0 0 41 25 70
0 0 0 54 0 0 0 0 0 0 0 12 0 29 0 55 0 98 92 0 0 0 0 53 96 0 0 16 0 52 0 100 0 0 0 0 0 0 0 0 0 0 0 0 0 0 60 0 0 0 0 0 0 0 0 0 0 0 0 0 7 90 13 0 0 40 0 0 74 0 79 0 0 93 0 24 0 54 0 0 66 69 0 0 0 0 0 0 0 0 0 0 0 0 0 0 0 0 33 0
0 78 0 75 0 79 0 0 41 0 0 0 27 0 0 0 0 82 0 0 0 22 0 0 69 0 0 0 25 0 71 0 22 0 0 0 0 0 0 0 0 48 0 0 0 0 0 0 0 0 0 0 87 0 0 0 0 0 0 0 53 0 0 0 0 81 98 23 0 0 0 0 0 0 0 0 51 0 0 0 12 49 5 95 0 0 0 0 0 97 0 0 0 0 0 2 0 91 63 0
29 0 0 0 43 0 86 0 0 0 0 85 0 0 0 56 80 0 41 0 66 0 7 24 0 0 0 0 0 0 91 0 33 0 0 0 55 0 0 0 0 0 0 30 0 0 0 0 0 79 36 0 0 83 0 0 0 93 0 17 0 0 0 0 0 0 0 0 56 61 6 0 0 0 0 67 71 0 0 0 0 24 0 0 5 0 0 0 45 0 68 7 0 0 81 0 6 0 12 0
67 0 2 0 55 0 0 0 19 0 0 0 0 0 34 0 20 75 58 28 54 0 0 99 78 0 0 0 0 0 0 40 0 0 0 0 0 0 0 0 94 0 98 0 0 57 0 0 0 0 7 0 25 98 0 96 0 0 80 0 0 0 58 81 0 0 0 0 0 68 0 0 0 92 0 0 35 0 0 0 0 54 0 0 0 0 0 11 0 0 0 0 0 0 70 0 0 0 0 0
23 0 0 0 0 55 0 0 0 0 18 0 0 0 0 0 0 0 37 0 4 0 0 0 21 0 0 0 0 0 0 0 0 0 0 0 0 0 0 0 0 0 0 0 0 0 0 75 0 0 0 0 0 0 98 0 85 0 0 0 0 11 0 0 27 0 74 0 0 0 0 0 76 0 82 0 0 95 0 81 0 0 30 0 0 0 0 0 0 0 93 0 0 0 0 65 0 0 1 0
0 0 84 42 29 46 89 99 0 3 0 0 14 38 91 0 4 0 0 0 0 0 0 0 78 0 28 87 0 0 0 0 42 0 0 0 0 0 70 0 0 20 0 0 92 0 0 99 0 0 0 0 28 91 0 0 21 0 0 47 0 0 0 0 0 0 0 0 41 86 0 0 0 0 75 0 0 14 0 0 0 0 0 0 0 73 0 29 96 0 0 0 0 0 51 0 66 0 0 100
0 0 8 0 0 0 99 0 0 82 0 0 0 0 45 0 0 0 99 0 0 66 0 63 0 0 0 0 0 0 0 0 95 0 28 0 0 15 70 0 19 0 0 0 0 44 0 13 0 0 0 67 0 0 0 0 0 0 0 0 0 0 0 0 67 0 0 0 0 0 92 33 0 0 0 77 0 0 0 0 0 0 0 38 53 0 0 0 44 0 0 0 0 75 0 4 0 80 0 21
0 46 0 0 59 0 0 98 0 0 0 0 0 62 0 0 0 12 0 5 0 0 0 0 0 0 6 0 73 23 0 28 0 84 0 0 37 0 0 0 98 15 0 0 0 0 0 0 0 0 0 0 0 0 0 0 0 0 0 0 0 0 0 0 72 47 0 90 0 0 1 0 0 0 0 82 0 0 0 0 0 0 64 0 83 0 12 0 0 0 0 0 0 0 69 14 0 70 9 29
0 0 0 0 0 0 0 0 0 0 0 0 0 98 15 85 0 32 2 0 0 63 0 0 0 0 66 38 0 77 0 0 0 0 100 0 0 33 0 0 0 0 0 55 0 0 0 0 61 0 0 0 0 0 0 98 0 0 52 0 0 0 0 49 3 0 0 0 0 15 8 0 29 0 0 0 72 73 30 94 0 0 59 0 17 0 8 0 8 0 0 78 0 0 4 0 0 0 86 0
0 96 0 0 81 0 20 0 0 0 0 3 0 4 0 0 26 0 0 0 0 99 0 0 0 0 0 0 99 88 1 0 51 0 0 0 38 10 0 52 0 0 0 0 0 0 0 0 0 56 0 62 0 80 0 0 0 24 0 0 0 0 0 80 0 0 52 0 98 0 0 0 0 10 84 0 0 0 0 0 0 81 0 0 0 0 36 56 0 30 0 0 0 0 9 44 0 17 81 0
0 0 0 75 0 97 22 91 0 0 0 0 0 0 0 0 37 42 0 72 0 0 0 0 0 48 0 0 0 3 80 0 0 0 0 0 0 0 0 0 0 18 0 0 90 0 0 0 0 0 12 0 0 0 93 66 35 0 0 0 0 0 0 0 0 76 99 67 8 0 0 0 0 0 0 55 0 0 0 18 30 0 0 0 0 0 0 0 0 0 0 0 0 0 58 0 39 0 0 0
0 0 0 0 37 0 0 0 39 0 0 61 69 0 0 0 0 0 8 32 0 0 0 0 0 35 57 0 0 0 0 0 0 0 0 0 0 0 14 0 0 0 0 0 0 0 97 0 0 0 75 54 0 0 0 0 0 0 9 0 0 0 0 0 0 0 0 0 0 0 0 0 0 0 0 0 46 15 0 10 49 61 0 0 0 38 0 0 35 0 18 0 0 26 0 0 0 91 0 0
0 0 0 0 0 0 0 0 0 0 80 0 0 0 0 0 25 12 54 0 0 0 0 45 0 0 0 0 14 51 0 0 86 75 0 0 100 60 99 0 0 31 0 0 0 0 68 0 0 0 0 51 0 0 0 59 0 0 0 0 0 0 3 0 0 0 0 0 0 89 99 41 0 92 90 62 0 0 0 0 0 0 0 0 87 0 26 24 0 0 22 0 0 2 0 84 0 0 55 12
64 0 48 0 0 0 0 34 0 0 1 80 86 0 0 0 0 0 0 0 92 0 0 0 0 0 0 0 0 23 23 48 0 54 0 3 0 9 82 22 0 0 44 0 0 0 0 0 0 0 0 0 0 0 0 0 0 9 0 0 35 0 0 0 15 0 0 0 67 0 0 0 0 0 0 0 0 0 29 0 0 0 37 28 0 0 0 0 0 41 0 0 0 0 77 0 0 0 0 61
0 0 0 0 0 0 0 0 0 0 0 0 0 0 0 40 0 0 0 0 0 0 36 0 0 0 82 0 83 61 0 0 0 0 0 0 37 13 0 0 45 0 0 0 0 0 0 0 0 0 0 0 0 0 0 0 0 0 0 0 0 0 77 0 0 0 0 0 0 0 0 0 0 83 77 91 41 0 0 0 59 0 0 0 0 0 0 0 0 0 0 19 0 0 29 25 0 0 0 45
0 0 24 0 0 59 75 0 52 0 0 0 61 56 0 0 0 0 92 82 0 0 0 0 51 0 0 0 63 0 0 0 0 0 0 85 0 22 0 0 0 0 52 45 0 0 26 99 0 16 10 52 0 0 32 26 0 0 0 0 0 0 0 0 0 0 40 0 0 0 0 9 0 100 68 47 0 0 0 0 62 0 0 0 0 0 0 0 0 86 0 0 0 0 0 0 94 0 0 0
35 28 36 2 0 0 92 0 0 0 0 0 23 48 0 0 0 31 0 0 0 0 0 0 0 0 0 0 58 0 0 0 0 98 0 0 0 0 0 38 0 0 0 0 0 0 19 0 0 0 24 0 100 0 0 0 69 0 0 0 51 0 0 0 22 0 0 0 80 0 0 0 0 0 0 0 80 0 0 0 0 34 0 63 37 0 0 2 0 0 0 0 0 0 0 0 92 0 0 0
29 96 38 0 0 88 56 0 0 0 0 0 0 8 52 0 0 0 0 0 0 0 0 0 0 0 0 0 0 0 0 0 0 69 0 0 0 82 0 0 0 42 0 0 48 0 16 0 0 0 0 75 0 0 0 0 0 0 0 88 0 0 0 0 93 0 0 0 0 0 0 0 0 0 0 0 0 0 97 72 0 9 0 0 0 0 0 0 0 0 0 0 25 0 0 0 0 0 0 46
0 0 0 0 0 14 0 10 0 0 53 0 0 0 0 6 0 0 0 0 32 0 0 0 0 0 0 48 0 0 0 0 0 0 0 0 0 0 0 0 0 0 0 0 0 0 0 0 0 0 27 0 0 0 0 0 0 0 9 0 0 14 0 73 0 0 83 0 0 1 24 0 83 0 17 0 0 0 71 0 0 0 96 0 0 0 0 0 0 0 0 0 0 0 0 0 0 0 0 72
0 0 0 0 0 6 0 0 23 0 0 0 0 0 0 83 0 0 0 0 0 0 0 0 0 0 0 0 0 0 0 0 59 0 86 61 0 0 0 0 6 0 0 0 0 0 0 0 0 0 0 0 0 0 0 0 0 0 0 0 0 0 0 0 0 0 98 0 0 0 0 0 0 39 0 0 48 3 94 71 27 84 0 80 68 10 36 0 0 0 0 0 0 0 0 0 0 0 37 0
0 0 0 0 0 0 24 0 2 0 0 83 0 0 0 0 0 0 75 0 0 0 0 0 0 0 0 68 58 0 92 67 0 0 91 0 0 41 0 0 0 0 0 0 0 0 0 0 84 0 0 18 0 75 0 0 86 0 0 0 0 0 0 0 0 0 0 74 0 0 74 0 0 0 0 0 0 0 23 0 0 0 92 0 51 29 0 0 0 60 0 0 100 0 0 0 0 0 92 0
0 0 39 0 24 63 0 0 0 24 1 0 0 16 0 1 0 0 0 0 0 0 0 0 0 0 0 20 0 0 0 0 0 0 17 0 0 0 0 0 100 0 4 0 0 0 67 0 0 88 0 0 0 0 16 0 67 0 0 0 17 0 0 94 0 0 0 0 0 0 2 0 0 0 0 18 0 0 57 0 0 0 0 84 0 0 0 0 0 0 0 0 0 0 100 0 0 0 0 7
0 0 0 0 0 0 57 0 0 32 56 0 0 0 0 56 0 0 0 0 71 0 18 0 0 0 0 9 73 0 0 0 4 0 0 0 0 1 0 0 70 71 0 0 0 51 1 0 0 0 18 74 0 0 0 0 0 7 0 0 0 0 0 0 0 0 71 51 0 0 92 0 89 0 0 0 0 94 0 0 97 0 0 0 0 0 54 0 0 0 0 72 0 0 0 0 23 0 0 0
0 83 0 0 68 0 0 64 40 0 0 81 90 0 0 0 0 0 0 0 0 33 0 29 0 3 26 78 0 0 0 0 0 0 0 0 0 27 73 0 0 0 0 0 0 0 0 61 10 0 0 0 65 65 0 0 68 0 0 30 0 0 0 0 71 35 0 0 0 0 18 0 0 0 0 63 40 0 0 0 4 27 94 0 0 0 5 0 0 0 0 0 0 0 0 96 17 8 0 0
0 0 0 0 0 8 0 0 0 11 0 39 0 0 0 1 0 72 0 33 0 0 0 49 0 49 64 0 0 0 0 0 0 0 95 0 0 0 0 0 0 0 7 0 0 0 88 0 0 0 0 0 0 0 39 39 0 0 0 0 91 0 0 0 0 13 0 0 0 0 0 0 0 0 0 7 28 0 0 0 0 0 0 0 0 0 0 72 0 87 0 0 0 0 0 24 72 0 0 0
55 0 69 0 0 0 0 0 0 0 23 0 0 0 0 0 23 0 0 0 0 4 51 0 0 0 69 0 50 0 0 0 0 0 0 0 0 28 0 86 36 0 55 8 0 0 0 0 0 0 0 0 0 0 0 0 0 0 0 63 0 0 0 0 0 0 96 0 8 0 0 0 71 91 0 0 0 0 0 0 0 0 74 0 0 0 43 0 0 6 23 0 0 0 0 0 0 48 0 0
0 0 0 0 0 0 0 0 79 0 0 0 0 56 33 0 0 0 0 0 0 0 0 0 0 39 0 0 8 0 0 0 0 4 0 0 0 0 0 0 44 66 0 0 0 14 0 0 0 0 0 37 0 0 100 47 6 93 0 0 0 0 13 0 0 66 0 0 0 0 0 0 0 0 0 0 0 0 0 0 0 49 0 0 0 0 98 0 96 0 51 0 79 0 0 0 0 0 0 0
0 4 0 10 0 0 0 0 90 0 34 0 0 0 0 18 0 0 0 0 21 86 0 2 85 35 0 66 0 0 39 0 0 1 85 0 0 0 0 0 81 17 0 47 0 0 0 0 45 0 0 10 0 0 0 0 0 0 0 0 0 0 0 0 0 0 0 0 0 27 0 0 12 35 59 19 74 0 0 76 39 0 12 0 0 0 0 0 0 0 0 49 0 85 0 0 0 0 0 24
0 0 12 10 52 0 0 77 0 0 0 0 0 0 0 0 94 0 0 0 0 0 0 0 0 0 0 0 0 0 0 0 0 0 0 0 0 0 99 83 0 0 0 0 0 0 53 0 64 0 0 0 0 0 0 46 0 0 0 0 0 0 0 0 0 16 0 0 3 0 0 0 19 0 0 0 25 19 76 0 0 0 0 65 0 0 0 0 33 0 0 0 0 0 0 0 27 0 22 0
0 47 0 0 86 0 10 0 0 0 0 24 0 0 0 53 0 0 13 0 0 19 22 35 0 0 15 0 0 26 89 0 0 0 0 0 69 0 0 0 0 0 0 0 0 0 0 0 77 0 0 0 0 75 0 0 0 0 0 0 0 0 0 0 0 0 0 0 0 0 0 0 0 0 0 0 67 10 0 0 0 0 59 0 70 57 0 0 81 0 0 0 0 0 0 0 0 30 0 0
73 0 0 80 0 0 36 0 0 0 0 0 0 0 0 18 0 74 52 0 0 66 0 0 1 0 21 0 0 98 10 0 91 0 0 0 0 0 76 0 68 0 49 57 0 0 0 0 26 15 0 56 0 0 0 0 0 0 0 0 48 0 0 0 0 0 98 0 0 0 0 53 0 0 0 56 87 0 0 0 0 0 0 0 0 79 0 53 0 0 0 20 0 0 0 0 38 0 1 0
76 0 0 0 0 0 0 0 0 0 0 0 0 0 0 0 0 0 0 0 0 0 0 0 7 0 10 0 59 0 23 89 0 0 47 74 88 0 0 84 53 0 0 0 0 0 0 63 0 0 51 0 0 0 0 0 8 51 0 0 0 0 0 0 0 0 0 0 0 0 0 0 0 0 0 0 0 0 0 81 0 0 0 0 54 0 0 0 0 0 0 0 0 0 0 0 87 0 27 0
0 0 0 0 0 0 32 0 0 67 0 39 0 0 0 92 74 0 0 0 42 0 0 0 0 0 0 0 0 0 0 0 85 0 0 0 0 0 58 0 0 0 0 0 0 0 0 63 0 0 12 0 0 0 0 0 0 54 0 0 0 53 48 0 0 12 0 89 0 0 0 49 0 27 0 0 3 47 0 0 0 0 0 0 63 80 0 0 44 0 0 0 0 0 0 0 0 0 0 0
0 0 0 0 0 0 23 0 0 0 0 0 0 0 0 0 0 0 34 99 0 0 0 0 0 0 0 0 0 0 13 0 13 0 29 17 0 0 0 61 0 0 24 0 0 0 0 1 0 1 0 0 65 26 0 0 0 0 0 89 0 0 32 42 0 0 0 0 0 80 0 0 0 0 89 0 0 0 0 0 20 0 0 0 0 0 39 0 0 0 49 0 0 0 15 15 0 0 0 0
0 0 0 27 0 0 0 0 4 0 50 0 30 0 0 0 0 0 35 0 0 0 83 0 94 0 0 79 0 13 77 0 0 0 77 57 0 0 0 40 83 0 86 0 0 0 0 0 0 84 0 0 0 0 0 0 0 0 0 100 43 0 88 0 93 40 0 0 0 0 0 0 0 0 75 0 0 0 38 0 0 0 0 0 50 0 99 0 59 0 0 28 0 61 0 0 0 8 29 0
0 0 46 0 0 10 0 0 0 0 0 0 0 0 0 0 0 75 0 0 72 0 98 0 54 65 10 0 74 27 0 4 0 49 77 0 41 0 0 0 0 0 13 83 0 0 0 8 0 0 0 48 0 0 98 20 0 0 0 15 0 97 0 0 0 47 56 100 0 0 0 0 61 0 0 0 0 0 0 52 0 73 0 64 0 0 0 0 0 0 0 0 0 0 0 0 0 91 0 0
0 45 5 0 41 0 0 0 0 0 20 0 0 0 51 0 0 0 16 0 0 0 0 0 0 0 0 0 0 0 0 0 0 19 0 0 57 0 0 36 0 0 0 0 0 0 0 0 0 0 0 56 0 0 0 0 60 68 0 31 59 0 48 0 0 0 56 93 0 62 25 1 0 0 0 18 0 0 27 0 0 0 74 0 0 0 5 21 0 0 33 0 0 0 67 0 0 0 0 0
15 0 0 0 35 0 0 3 0 0 0 0 0 79 0 0 77 0 15 67 0 0 9 0 0 0 0 0 0 0 64 0 0 0 0 0 0 0 0 0 0 0 0 5 0 0 12 65 0 0 0 0 0 0 0 0 0 0 0 0 0 0 0 0 0 0 9 0 0 0 0 51 0 0 65 0 66 0 0 0 0 50 0 0 32 0 0 0 0 0 0 0 68 0 0 74 0 0 8 0
0 0 0 0 0 64 0 0 68 0 0 0 0 0 0 51 0 0 0 0 21 0 29 0 0 0 100 53 0 0 0 0 0 0 0 0 0 0 0 0 0 0 0 0 0 63 0 0 70 0 0 0 45 0 0 0 0 18 0 0 0 0 0 92 0 0 80 0 84 0 0 0 0 0 57 0 0 38 0 0 0 0 0 0 0 0 27 0 0 0 0 0 0 0 0 0 18 0 0 0
89 57 0 0 0 30 75 0 0 0 0 0 0 0 87 0 0 0 46 0 0 85 0 54 0 0 0 0 0 0 0 0 83 47 48 0 0 63 0 42 0 0 0 0 0 44 0 50 0 86 0 0 0 0 0 0 0 0 0 0 0 0 0 0 21 78 0 99 2 20 31 0 0 0 0 81 0 0 0 0 0 0 0 0 0 0 0 0 63 0 0 0 80 0 0 0 0 0 35 0
0 88 45 0 100 0 0 0 0 0 3 0 0 0 10 0 0 39 0 0 0 90 0 0 0 0 0 40 0 11 0 0 0 0 0 0 0 0 0 0 0 47 0 0 0 0 39 0 0 0 0 78 4 59 0 0 0 12 0 73 0 0 0 44 0 0 0 0 69 68 8 0 0 0 0 0 0 0 0 38 37 0 85 0 0 0 0 0 0 0 0 46 0 0 10 0 0 0 0 0
0 0 0 0 0 0 0 0 0 0 23 0 0 0 0 0 12 0 0 0 0 0 0 0 86 0 25 18 61 0 21 0 0 27 0 0 21 74 45 0 0 54 46 0 0 43 0 0 0 0 58 0 0 19 0 0 3 0 0 0 0 47 0 0 87 39 0 0 78 0 0 49 64 9 0 0 61 76 39 0 0 0 0 0 0 0 0 80 0 47 0 0 0 0 40 0 0 0 0 0
0 0 89 0 0 10 0 0 0 0 0 0 74 0 42 33 0 50 11 0 0 0 0 0 0 0 0 30 0 93 0 19 0 0 0 0 0 0 0 0 42 78 0 79 0 0 0 0 0 0 73 0 0 0 14 0 0 0 0 71 0 0 57 0 0 0 70 15 0 0 0 0 2 0 93 0 0 0 82 0 0 0 0 0 0 0 0 0 0 0 0 0 26 0 0 0 0 0 74 0
0 0 0 0 39 0 0 71 0 70 0 56 19 0 50 75 0 0 0 0 0 0 0 0 0 73 4 98 0 0 0 0 0 2 0 0 81 6 0 0 52 0 2 45 40 0 0 90 39 27 0 0 100 0 0 0 52 65 0 7 0 0 0 0 98 0 0 0 0 17 0 0 0 0 81 0 0 0 0 0 0 0 0 38 0 0 53 3 0 0 0 0 0 0 0 0 0 0 0 0
0 91 67 0 0 0 0 0 0 26 92 0 0 0 0 0 0 0 13 80 0 0 0 6 0 0 0 0 0 0 0 67 0 0 0 41 0 0 0 0 98 48 0 0 0 0 0 0 0 0 0 0 0 29 0 0 0 0 0 0 0 0 29 0 0 0 73 0 20 0 0 54 0 0 0 78 0 0 0 0 0 0 0 0 0 56 0 0 0 0 0 0 0 0 0 0 0 0 24 24
0 94 65 0 73 0 0 0 0 0 0 79 0 0 0 0 0 0 99 17 28 0 0 0 0 0 0 13 0 1 53 0 0 0 0 75 0 0 0 0 0 0 0 95 0 0 0 0 0 0 32 0 79 0 0 0 0 0 0 0 0 11 0 82 88 0 0 0 11 0 0 0 0 0 0 85 0 0 0 0 0 0 0 0 0 0 0 0 63 0 0 0 0 42 0 95 0 0 0 0
64 0 0 0 0 0 0 43 0 0 0 0 0 0 0 0 0 0 0 67 0 11 0 0 0 0 0 0 0 0 0 0 0 0 0 0 0 0 46 99 0 67 0 0 0 0 96 0 0 0 0 11 0 0 0 0 0 0 60 0 0 0 32 0 0 0 0 0 0 0 0 0 0 0 0 53 64 0 57 16 49 0 50 24 0 0 2 0 17 6 0 0 0 55 0 25 42 0 0 0
0 99 0 0 0 78 0 0 0 73 0 0 0 0 0 97 0 0 0 0 0 76 0 61 0 0 0 0 0 26 0 0 0 0 0 3 0 50 0 0 0 30 91 0 41 0 0 0 86 0 0 0 0 0 0 0 4 98 2 62 0 0 0 0 55 0 0 0 0 0 0 0 0 1 0 0 0 0 0 0 23 0 0 0 10 0 0 0 27 0 0 0 51 0 0 0 0 0 0 0
59 0 47 0 0 0 46 29 0 0 39 0 0 0 0 0 0 0 0 0 51 0 38 0 0 0 0 0 0 17 34 0 0 0 56 25 0 0 0 0 0 74 0 0 0 32 82 67 38 53 0 80 18 84 0 78 0 0 0 18 0 35 0 0 0 0 84 0 0 0 0 0 0 0 74 0 0 0 0 61 58 0 25 0 0 0 0 0 0 74 0 0 0 42 0 84 0 13 0 0
0 0 50 0 22 0 0 48 0 41 39 40 0 0 0 0 0 0 0 0 0 36 0 0 0 0 0 0 0 0 51 0 0 0 0 0 0 3 0 52 0 0 96 0 0 84 0 0 0 0 0 0 0 59 0 42 17 0 0 0 0 0 0 63 0 0 0 0 0 91 32 14 0 0 0 71 0 0 3 45 0 71 0 0 0 0 80 0 0 0 0 0 0 0 0 95 67 0 0 0
0 0 0 0 69 0 0 0 0 0 0 70 0 0 0 0 94 0 0 0 0 0 0 0 0 0 0 0 0 1 0 86 0 0 0 0 0 0 5 60 0 0 0 0 68 7 0 0 0 0 0 0 0 0 0 0 97 0 0 0 0 0 36 0 0 0 0 0 0 0 0 0 32 0 0 0 50 0 0 0 0 0 0 85 0 0 0 22 0 0 0 0 0 0 0 15 22 0 13 0
0 15 0 0 0 0 0 89 37 81 0 93 51 0 0 94 0 0 60 0 0 0 0 0 0 0 51 0 0 0 53 0 0 12 0 0 1 38 55 0 0 71 0 0 0 0 0 0 0 0 0 0 0 0 0 0 0 93 0 0 0 0 71 0 45 0 0 0 0 0 40 59 0 0 0 0 0 0 0 0 0 0 0 9 0 0 0 0 0 0 0 0 90 0 50 0 0 0 83 65
78 0 0 0 52 0 0 0 0 0 19 0 0 0 0 0 60 0 29 0 0 0 0 0 0 0 0 0 0 0 0 0 0 0 0 0 0 3 0 0 97 22 78 0 0 0 0 26 55 0 0 77 0 58 0 0 0 42 0 0 0 4 0 0 0 98 28 0 0 91 0 0 0 0 0 0 7 0 0 0 69 0 40 29 0 0 0 0 0 0 0 20 0 85 0 0 0 0 0 0
32 0 0 0 0 0 0 0 0 0 67 0 0 24 0 0 0 0 0 0 0 50 0 0 0 0 0 0 0 0 0 0 0 0 0 0 0 0 13 0 0 0 0 0 0 0 0 0 0 22 58 0 0 39 91 46 0 0 0 0 63 98 0 0 0 0 0 0 0 0 0 0 26 56 0 0 0 0 0 0 0 0 0 0 0 0 54 0 0 0 59 0 0 0 0 0 0 79 15 0
0 0 0 0 0 13 0 0 0 0 30 0 0 0 0 0 0 0 0 0 13 0 0 0 0 0 0 0 0 0 0 0 0 75 22 0 46 0 0 0 0 0 0 56 0 0 34 0 17 55 0 0 0 49 2 0 85 0 0 0 65 0 0 93 38 0 0 0 0 0 0 0 1 0 0 0 42 55 0 16 0 0 7 0 0 0 0 0 23 34 0 0 0 82 0 0 0 0 0 0
52 0 45 0 0 0 0 0 0 0 0 73 0 0 0 0 0 0 45 0 0 0 0 0 0 0 0 71 0 0 0 0 0 0 0 19 0 0 0 52 0 0 0 0 0 0 0 0 0 95 0 0 0 0 0 0 0 0 0 0 0 0 0 96 0 0 0 83 0 0 67 0 96 0 0 82 62 0 0 60 26 0 0 0 30 20 8 0 0 0 3 0 0 0 98 0 0 0 0 0
0 0 0 92 0 95 31 0 25 12 0 46 0 0 0 0 43 0 0 0 12 0 0 0 0 0 0 0 11 0 0 42 0 0 0 71 53 0 0 4 0 0 0 0 0 0 35 0 0 0 91 0 0 11 36 71 8 0 0 0 27 0 0 0 0 0 5 0 0 41 35 0 13 0 0 0 0 10 0 29 0 0 3 4 4 0 0 7 0 0 0 0 0 26 0 29 0 82 0 0
0 0 0 38 0 41 0 0 0 70 0 0 0 0 0 0 82 49 0 0 0 0 0 0 7 0 0 0 0 0 0 0 0 0 0 0 0 59 0 0 0 0 0 0 91 67 0 59 0 0 62 0 0 0 6 67 0 0 76 0 77 66 0 0 0 0 0 0 97 0 31 65 0 0 0 0 0 0 0 0 0 96 0 0 66 0 9 0 23 0 0 0 0 43 0 0 0 9 90 0
0 0 39 0 0 0 0 83 0 0 51 0 87 0 19 79 22 0 0 0 0 0 0 0 0 0 0 0 0 0 0 0 0 0 0 0 0 77 0 0 0 48 0 0 0 0 0 32 0 5 0 9 0 0 0 0 0 9 0 0 42 0 0 45 94 40 0 30 0 0 84 9 0 29 39 0 0 0 0 0 0 0 0 0 0 0 0 0 0 0 41 0 0 64 0 33 0 0 0 0
24 35 0 0 0 0 0 0 0 48 0 0 0 0 0 0 17 0 0 22 0 96 0 0 0 0 0 0 0 0 0 0 0 0 0 0 0 87 0 82 0 0 0 0 0 0 0 0 0 0 0 0 0 50 11 100 0 0 0 0 0 0 0 0 0 0 0 35 0 0 0 0 0 0 0 0 10 0 0 80 0 0 0 0 92 0 0 0 0 0 11 74 0 91 62 0 46 0 0 0
36 0 0 76 0 0 0 0 9 0 0 0 0 25 64 31 0 0 0 0 86 0 76 79 0 0 0 0 62 0 0 25 0 29 0 0 0 0 0 0 0 0 0 0 0 0 0 92 98 15 0 9 0 0 0 0 0 96 0 63 0 0 0 0 0 78 0 0 0 24 9 0 0 0 0 0 47 0 26 96 0 0 91 0 0 0 29 0 0 0 97 82 0 0 0 0 0 46 0 0
0 0 0 0 0 0 0 0 0 0 0 0 0 0 0 0 29 25 0 0 0 0 100 0 0 0 0 57 0 98 0 0 0 0 0 0 0 0 0 0 0 0 50 0 0 98 0 0 0 2 0 0 0 0 0 0 0 0 0 0 0 100 71 0 0 37 98 0 0 0 0 0 55 0 0 0 0 0 0 68 0 17 0 0 0 0 100 0 0 0 0 0 91 0 0 0 0 0 48 0
0 0 0 0 0 0 0 0 0 0 0 0 0 0 0 0 0 0 0 0 0 0 0 0 0 0 0 0 41 0 64 0 36 0 0 0 0 0 0 0 57 68 0 0 0 0 0 0 0 0 0 0 34 0 0 0 0 34 0 0 0 0 17 0 75 30 0 0 0 0 0 0 69 0 60 0 0 60 0 0 0 0 0 0 0 0 0 0 0 0 0 0 0 61 0 14 0 0 0 0
0 0 0 0 0 0 74 0 0 0 0 0 0 0 0 0 97 63 0 0 0 0 0 39 0 0 0 0 0 0 0 79 0 86 0 0 0 0 0 46 0 0 0 72 0 0 55 66 0 0 0 80 0 0 0 0 48 0 0 15 0 0 71 0 0 0 19 32 0 78 0 0 97 10 0 61 0 61 0 0 0 0 0 92 0 0 0 92 0 94 0 0 0 8 59 0 43 0 0 0
0 0 0 0 0 0 0 0 0 0 0 0 0 0 5 96 0 0 0 0 0 63 0 0 0 59 0 37 0 0 0 0 0 57 0 0 16 0 0 0 0 0 0 0 0 37 0 0 0 0 60 0 15 0 3 0 0 0 0 0 0 0 0 0 0 0 0 0 0 0 0 0 0 66 0 0 0 14 0 36 0 0 0 23 0 0 0 0 0 0 0 41 6 0 10 0 0 0 0 0
0 0 0 0 0 1 36 0 0 0 0 0 0 0 0 0 0 25 0 0 0 0 0 0 0 2 0 55 0 0 0 0 0 42 0 0 0 0 0 0 0 0 0 0 0 0 75 0 97 0 0 0 99 0 0 0 0 0 19 0 0 0 0 0 0 0 0 0 0 0 0 0 0 0 22 15 44 33 0 0 0 0 9 63 0 0 27 8 32 0 96 0 0 0 38 0 3 0 0 52
0 28 0 0 0 0 0 10 0 0 0 0 0 97 0 0 0 0 0 0 0 0 0 0 0 75 0 0 0 0 0 0 9 0 0 74 0 0 0 94 0 0 0 0 0 0 0 0 0 0 0 0 0 63 0 0 97 0 0 0 0 0 0 0 0 0 0 0 82 0 0 0 0 65 0 0 0 0 0 94 0 0 0 0 82 0 0 58 0 0 0 0 0 91 0 0 0 0 0 0
58 0 0 0 0 0 0 0 0 0 0 0 94 0 0 75 48 0 28 0 0 0 0 39 63 0 93 0 46 0 0 75 81 0 0 0 0 0 0 66 0 0 0 0 63 0 0 0 0 46 0 13 56 91 0 5 0 0 0 0 0 13 0 0 0 0 26 55 0 0 37 0 0 0 21 32 0 0 0 0 0 0 0 0 50 44 0 0 0 0 0 0 20 0 0 96 68 0 0 33
0 90 35 0 0 0 0 0 0 0 72 0 0 0 0 3 0 5 86 0 0 0 46 0 0 0 0 0 77 0 0 50 93 0 0 20 56 0 45 0 0 0 0 0 0 0 0 0 0 0 0 0 0 0 0 19 0 0 0 0 27 0 0 0 0 61 0 0 0 0 20 84 0 0 0 81 0 10 10 0 0 0 87 0 0 0 0 20 0 0 0 0 0 85 0 0 0 0 77 0
0 0 0 0 0 0 0 0 0 0 42 0 59 0 1 0 0 0 0 0 0 0 63 0 0 0 0 0 0 0 0 0 0 0 0 0 81 0 10 0 0 0 0 0 22 0 0 50 0 85 17 0 0 0 71 23 0 0 0 21 0 0 0 0 76 74 0 0 0 94 59 0 0 0 0 0 0 0 0 42 0 0 0 0 0 0 0 0 0 0 0 0 0 0 63 46 0 59 72 0
74 0 0 30 0 0 0 0 0 0 0 0 0 0 0 79 0 97 0 54 0 0 0 0 0 70 42 76 0 33 0 0 0 0 0 0 0 0 0 0 0 0 39 0 0 2 0 0 0 0 0 0 0 27 0 1 95 0 18 31 0 0 0 0 11 66 0 0 46 0 0 0 0 31 0 80 0 0 0 0 38 0 0 0 0 94 0 0 0 73 28 0 0 0 0 0 0 0 7 83
22 0 0 0 64 0 26 0 0 0 0 8 0 68 0 59 0 0 70 78 0 0 0 0 0 0 0 0 41 0 0 44 0 0 0 0 0 46 0 0 0 0 0 0 0 0 0 0 0 0 0 53 0 36 0 0 56 0 0 65 0 0 76 42 0 0 75 0 0 0 0 23 0 0 0 0 0 0 0 0 24 0 0 0 0 0 0 0 0 0 17 0 0 0 0 0 10 0 0 99
0 0 38 5 36 0 0 0 44 0 0 0 0 0 0 0 0 0 0 0 30 0 0 0 0 0 0 0 0 0 0 0 0 0 83 0 0 90 0 0 0 1 0 54 0 0 0 6 0 0 0 0 0 0 29 0 0 93 0 29 0 0 35 0 70 0 24 0 8 0 0 0 0 0 0 59 0 0 67 0 0 0 49 0 0 97 93 0 0 0 91 0 0 0 0 0 0 0 0 0
0 0 0 0 0 91 45 86 0 0 92 0 0 59 0 0 29 0 0 0 0 75 0 0 0 10 32 0 0 0 3 0 0 0 97 0 0 0 0 0 0 81 0 75 0 0 0 0 0 59 0 14 0 0 12 0 0 0 44 75 0 24 54 0 0 1 19 0 0 51 0 46 73 0 0 0 0 0 13 0 0 0 63 1 0 0 0 31 0 68 0 0 0 0 100 0 0 0 0 62
0 0 53 0 0 70 0 20 0 0 0 0 0 0 0 0 0 0 0 0 0 0 0 0 0 0 0 30 0 0 0 0 0 69 0 0 61 0 0 49 0 0 0 0 0 76 0 0 55 0 0 0 23 90 0 44 0 0 50 0 0 40 0 0 0 0 0 54 0 0 81 0 70 0 0 40 0 0 0 0 82 0 40 0 0 0 0 94 0 10 0 42 0 0 0 0 67 0 0 0
0 83 0 0 0 0 0 32 0 13 0 0 0 0 0 0 0 0 27 0 0 0 0 0 0 7 60 86 0 96 27 0 0 19 0 7 65 0 0 0 1 0 0 0 0 77 0 0 0 0 0 0 0 0 0 0 0 0 0 0 0 65 0 48 63 0 56 0 0 0 46 0 53 0 0 76 0 0 0 0 33 18 16 0 49 0 0 55 0 0 28 0 0 94 0 0 0 88 37 51
0 0 5 0 0 26 12 0 0 19 0 23 0 0 0 0 0 0 0 59 0 23 0 0 0 0 0 13 0 0 0 0 0 0 0 24 0 84 0 0 0 0 93 0 28 0 0 0 0 0 0 0 0 0 0 0 0 85 0 0 0 0 23 62 0 0 0 0 0 0 0 0 78 0 25 0 0 0 0 99 5 11 0 0 0 0 0 0 0 0 0 0 0 0 0 0 0 0 0 0
0 32 0 0 0 0 85 0 0 0 0 61 55 0 0 0 0 0 93 0 12 0 87 0 0 69 0 0 0 0 0 57 0 0 0 8 0 0 31 0 0 0 46 0 83 45 0 54 37 0 0 0 0 0 43 0 0 92 0 23 39 0 0 0 50 0 0 61 0 0 0 5 0 0 0 0 0 0 0 0 0 19 22 83 0 0 0 0 0 0 10 42 0 0 6 0 0 0 0 0
86 0 0 26 59 0 99 0 0 0 0 0 0 76 0 0 0 0 0 0 0 70 0 57 16 0 52 0 0 69 48 0 0 52 0 0 0 65 0 0 0 50 0 0 0 0 91 0 0 0 46 0 0 0 0 0 0 18 0 59 0 0 0 55 0 0 0 0 0 0 0 50 0 59 0 3 0 0 0 0 0 37 0 0 0 0 17 87 0 0 0 55 0 0 0 35 0 43 0 22
0 0 0 0 0 0 11 0 0 0 32 0 0 92 63 0 82 0 0 36 0 0 0 0 57 0 0 0 50 0 0 0 0 0 22 0 0 0 0 0 0 0 0 74 78 0 0 25 0 0 0 11 33 78 0 0 0 0 0 57 0 88 85 0 0 39 0 0 0 26 12 0 0 0 0 0 0 0 0 0 52 0 36 69 0 0 0 0 0 0 0 59 68 0 0 53 0 0 35 0
0 0 0 0 0 0 0 0 0 85 37 0 0 0 0 0 0 0 0 0 0 0 0 0 98 0 0 77 0 0 0 0 0 31 0 16 0 37 100 0 0 38 6 45 0 0 0 0 0 56 0 0 68 0 0 0 0 0 0 0 0 9 0 18 46 0 0 0 75 51 0 0 30 0 69 0 0 0 0 0 0 0 0 0 0 0 0 0 0 0 0 0 0 0 0 0 0 0 0 66
0 0 0 0 0 0 0 0 0 16 0 0 0 0 0 0 0 0 0 0 21 0 0 35 0 0 0 4 0 0 0 0 0 0 0 0 0 0 0 0 0 0 0 14 59 0 0 0 0 0 0 0 44 0 95 0 30 22 0 0 4 32 0 0 0 48 58 0 0 0 0 0 0 0 0 0 0 0 9 0 0 0 0 87 0 0 0 0 56 0 0 0 0 99 0 0 0 0 0 40
0 0 0 94 0 0 0 0 72 0 0 0 73 0 0 0 0 64 0 0 0 0 0 0 91 76 0 0 0 0 67 0 8 0 40 0 0 0 0 0 0 0 0 0 35 0 0 86 0 0 16 0 70 0 0 0 0 0 33 73 0 0 87 0 0 0 32 0 13 0 56 0 21 0 17 0 0 0 0 14 0 90 0 0 0 0 0 0 0 71 0 0 0 0 0 53 0 97 0 0
0 0 0 0 0 0 0 0 0 0 0 0 0 87 20 69 92 0 0 0 0 0 0 65 39 64 0 89 0 0 0 0 0 41 53 0 90 16 81 89 0 0 0 91 0 0 0 0 0 0 0 0 0 0 0 97 0 0 25 0 0 0 98 0 0 0 0 0 0 0 0 3 0 0 0 0 0 0 0 0 71 0 9 0 0 0 58 54 89 0 0 0 0 27 0 0 0 32 0 0
0 0 0 64 0 0 0 0 0 0 4 29 0 0 90 0 68 0 0 0 0 80 0 0 0 0 0 0 0 0 0 0 0 4 84 0 15 90 0 61 0 0 0 96 0 0 0 61 0 0 1 62 0 63 0 82 44 0 0 0 0 0 0 0 0 0 0 0 0 0 0 0 96 0 0 0 0 90 14 70 0 0 67 0 29 0 92 0 11 0 0 89 0 0 0 0 0 0 0 92
0 0 49 0 9 0 0 0 0 0 74 0 61 2 0 0 74 0 45 0 17 0 0 0 0 25 0 0 0 13 0 0 0 10 0 0 0 85 0 0 0 0 0 90 0 0 0 75 0 87 0 0 73 0 0 0 0 0 0 0 0 0 0 0 0 0 0 0 0 0 0 48 18 0 0 0 0 0 0 0 0 30 63 0 89 0 0 0 0 0 16 0 16 0 0 0 0 0 0 0
0 0 0 0 0 0 0 0 0 0 47 0 0 0 0 98 0 0 0 0 0 0 0 84 0 0 0 1 0 45 18 93 88 0 0 0 0 81 0 0 0 0 7 0 0 92 0 0 0 0 0 0 0 0 0 0 97 95 37 0 55 0 0 68 0 0 55 0 0 0 0 77 0 0 41 83 0 0 0 0 100 25 0 0 0 0 97 0 36 0 88 0 0 0 0 13 0 0 31 0
0 0 0 0 0 0 0 0 96 0 0 0 0 0 0 0 0 0 0 65 0 0 80 0 92 0 0 0 0 0 0 0 0 0 0 0 31 0 0 0 97 0 0 0 0 8 0 39 0 0 0 0 0 0 0 62 74 0 0 0 0 0 0 0 0 0 0 0 79 0 0 81 0 10 0 88 0 0 0 0 0 0 0 0 0 0 97 0 49 0 80 0 0 0 0 0 0 0 71 0
0 73 0 0 2 0 0 0 88 0 0 25 0 0 0 0 0 0 0 0 0 0 16 0 17 0 0 0 40 0 80 0 0 0 26 0 0 93 0 0 0 0 98 82 0 0 0 0 0 0 0 77 0 99 0 0 3 40 0 0 34 0 0 0 0 0 0 3 0 0 0 0 0 0 0 0 0 0 0 0 0 0 0 0 62 85 0 0 58 0 54 0 0 0 0 0 0 0 0 71
60 98 0 0 82 0 0 4 0 0 0 0 0 0 0 0 0 18 0 0 0 0 65 68 0 0 57 0 0 0 24 0 0 0 0 97 0 0 49 38 80 0 0 0 9 69 25 0 0 0 0 0 0 0 0 0 0 0 0 50 2 0 0 14 0 0 0 0 0 58 42 0 83 0 0 0 0 38 80 0 58 0 0 0 6 0 84 56 0 1 0 35 0 0 86 0 0 0 0 0
26 0 0 0 0 0 93 44 0 6 0 0 0 0 0 71 0 0 0 0 0 0 0 0 0 63 0 0 0 0 0 0 98 0 0 0 0 0 0 0 0 0 92 0 0 0 0 0 63 0 0 0 0 57 0 0 70 0 0 70 83 78 0 0 90 50 0 78 0 0 0 29 0 0 0 0 0 3 0 0 0 0 43 51 0 98 0 42 0 0 0 0 38 46 0 0 0 0 0 69
0 12 0 14 33 0 0 0 73 0 0 0 0 0 0 0 0 0 0 0 0 0 0 64 0 0 17 0 0 0 0 0 0 98 0 72 0 0 0 0 0 0 18 0 0 0 45 8 0 0 48 0 56 0 0 0 95 0 25 0 0 0 3 12 0 0 0 34 0 28 0 0 34 92 0 95 66 61 82 83 0 0 0 0 0 0 0 0 0 0 0 0 0 0 0 0 62 39 0 0
0 0 29 0 52 0 0 0 0 0 0 0 0 0 0 91 0 8 0 81 0 58 0 0 0 89 0 0 0 0 0 19 17 0 0 0 0 0 0 0 0 0 0 0 86 0 0 0 0 70 76 97 0 0 0 0 0 13 2 0 0 35 71 0 0 0 0 48 75 0 50 0 0 0 96 0 0 0 0 0 92 0 0 0 0 0 0 0 0 0 0 0 0 52 0 0 27 0 0 18
0 0 0 0 0 0 37 71 38 0 0 0 0 64 0 0 0 79 18 0 0 0 0 0 0 0 0 0 0 0 0 0 0 0 0 93 0 84 0 0 0 0 52 0 0 0 0 0 80 0 0 0 2 0 0 0 0 0 36 0 45 0 0 0 0 77 0 0 0 81 0 0 0 0 0 0 0 19 0 0 0 0 0 0 0 0 0 0 0 54 0 0 0 0 0 0 0 96 0 0
0 0 33 0 0 0 0 22 0 0 0 0 0 56 0 0 0 0 0 0 0 78 0 0 79 0 0 58 0 56 0 0 0 0 0 0 62 57 0 7 0 0 0 0 0 0 49 0 48 0 0 65 0 0 0 0 0 95 11 0 0 0 0 0 0 64 0 0 0 0 0 0 0 0 3 93 0 0 0 0 0 0 0 0 0 0 0 0 74 0 0 12 0 95 0 0 0 0 98 15
60 0 0 24 85 0 78 0 0 0 0 0 0 0 0 0 43 95 0 0 96 0 0 0 0 0 0 40 0 0 30 29 0 0 0 0 0 0 0 0 84 0 23 0 0 0 0 0 0 43 0 96 17 0 0 0 0 0 0 39 0 0 0 0 0 0 0 0 0 0 0 92 0 0 0 56 0 0 0 0 0 80 0 43 0 0 0 0 0 4 44 0 29 0 53 0 0 0 0 73
0 0 34 0 100 0 0 96 0 0 0 0 14 61 0 0 79 94 0 0 0 0 28 71 46 0 0 0 0 0 0 0 0 43 0 60 0 31 2 0 0 0 0 0 0 0 0 0 0 55 35 32 0 0 0 8 0 0 0 0 15 0 0 0 0 0 0 0 0 0 0 0 0 54 0 87 0 0 0 0 0 0 53 0 76 7 0 0 25 32 0 0 0 0 0 0 0 0 0 49
0 0 0 0 21 0 0 23 0 7 73 0 0 0 0 0 0 52 0 0 0 0 0 95 45 0 81 0 0 0 0 48 0 0 68 0 0 0 94 16 72 0 96 0 4 97 0 33 0 0 0 0 0 0 0 0 0 41 0 81 82 69 0 0 0 0 0 22 36 0 0 28 39 0 0 0 0 0 0 83 0 0 0 17 97 0 42 0 0 0 0 0 0 0 0 13 0 0 0 42
0 0 10 53 77 70 0 0 0 0 0 0 0 1 0 0 0 0 0 0 17 22 0 0 0 0 0 0 13 0 0 0 0 0 0 0 0 0 0 0 0 87 0 0 0 0 0 0 0 0 0 0 47 5 0 0 0 0 0 0 0 0 0 0 0 46 0 0 0 0 0 0 24 0 1 0 0 0 0 0 0 32 0 0 88 0 0 34 0 36 77 87 0 39 0 89 49 0 0 0
0 0 0 0 0 0 0 0 0 0 16 0 0 0 0 0 2 0 0 51 61 18 0 0 0 17 0 80 0 0 0 0 86 0 1 85 0 0 0 0 73 0 0 34 26 0 0 0 53 92 26 0 40 0 0 0 57 0 0 0 0 0 0 0 0 0 0 0 0 0 71 0 0 0 0 0 0 0 19 0 0 75 0 0 0 65 72 39 58 0 0 0 0 25 0 0 0 59 77 28
0 0 0 38 0 0 0 0 0 0 0 31 0 43 0 71 0 30 87 0 0 0 0 13 83 0 0 71 0 37 0 63 0 0 0 0 0 0 0 0 0 0 0 0 0 0 44 0 0 0 0 0 0 0 0 0 0 0 0 0 66 17 45 0 0 36 0 0 41 0 83 0 0 50 0 21 0 98 0 0 99 56 0 0 0 0 0 0 0 0 0 0 0 0 0 0 0 0 19 0
0 50 0 61 0 1 0 0 66 0 0 0 63 0 0 0 0 70 0 0 0 81 0 0 96 0 0 0 91 0 62 0 84 0 0 0 0 0 0 0 0 86 0 0 0 0 0 0 0 0 0 0 66 0 0 0 0 0 0 0 76 0 0 0 0 55 82 61 0 0 0 0 0 0 0 0 76 0 0 0 45 76 6 62 0 0 0 0 0 29 0 0 0 0 0 35 0 22 79 0
39 0 0 0 95 0 43 0 0 0 0 37 0 0 0 84 28 0 62 0 19 0 87 82 0 0 0 0 0 0 2 0 42 0 0 0 46 0 0 0 0 0 0 33 0 0 0 0 0 58 80 0 0 44 0 0 0 29 0 69 0 0 0 0 0 0 0 0 20 18 93 0 0 0 0 88 37 0 0 0 0 9 0 0 70 0 0 0 15 0 82 21 0 0 53 0 4 0 77 0
20 0 41 0 100 0 0 0 74 0 0 0 0 0 84 0 98 25 90 45 48 0 0 49 49 0 0 0 0 0 0 100 0 0 0 0 0 0 0 0 95 0 89 0 0 64 0 0 0 0 54 0 20 2 0 99 0 0 33 0 0 0 3 68 0 0 0 0 0 62 0 0 0 6 0 0 59 0 0 0 0 71 0 0 0 0 0 12 0 0 0 0 0 0 44 0 0 0 0 0
67 0 0 0 0 30 0 0 0 0 29 0 0 0 0 0 0 0 54 0 65 0 0 0 57 0 0 0 0 0 0 0 0 0 0 0 0 0 0 0 0 0 0 0 0 0 0 77 0 0 0 0 0 0 90 0 92 0 0 0 0 49 0 0 89 0 77 0 0 0 0 0 25 0 78 0 0 5 0 87 0 0 79 0 0 0 0 0 0 0 15 0 0 0 0 30 0 0 93 0
0 0 59 13 11 81 76 52 0 81 0 0 85 62 6 0 60 0 0 0 0 0 0 0 54 0 86 33 0 0 0 0 7 0 0 0 0 0 84 0 0 26 0 0 93 0 0 1 0 0 0 0 80 54 0 0 83 0 0 11 0 0 0 0 0 0 0 0 41 96 0 0 0 0 21 0 0 41 0 0 0 0 0 0 0 60 0 51 27 0 0 0 0 0 24 0 53 0 0 32
0 0 44 0 0 0 34 0 0 59 0 0 0 0 53 0 0 0 15 0 0 29 0 18 0 0 0 0 0 0 0 0 77 0 26 0 0 44 42 0 84 0 0 0 0 44 0 64 0 0 0 84 0 0 0 0 0 0 0 0 0 0 0 0 74 0 0 0 0 0 31 76 0 0 0 35 0 0 0 0 0 0 0 14 66 0 0 0 62 0 0 0 0 29 0 91 0 64 0 5
0 14 0 0 62 0 0 28 0 0 0 0 0 27 0 0 0 36 0 36 0 0 0 0 0 0 99 0 86 61 0 68 0 32 0 0 6 0 0 0 52 61 0 0 0 0 0 0 0 0 0 0 0 0 0 0 0 0 0 0 0 0 0 0 11 83 0 70 0 0 99 0 0 0 0 12 0 0 0 0 0 0 23 0 34 0 45 0 0 0 0 0 0 0 93 74 0 25 38 38
0 0 0 0 0 0 0 0 0 0 0 0 0 40 67 46 0 95 24 0 0 11 0 0 0 0 90 46 0 65 0 0 0 0 97 0 0 26 0 0 0 0 0 92 0 0 0 0 82 0 0 0 0 0 0 63 0 0 20 0 0 0 0 29 12 0 0 0 0 75 74 0 77 0 0 0 99 68 66 52 0 0 61 0 23 0 88 0 83 0 0 79 0 0 44 0 0 0 48 0
0 33 0 0 35 0 66 0 0 0 0 3 0 15 0 0 54 0 0 0 0 24 0 0 0 0 0 0 75 29 92 0 23 0 0 0 5 87 0 65 0 0 0 0 0 0 0 0 0 97 0 49 0 32 0 0 0 4 0 0 0 0 0 12 0 0 31 0 61 0 0 0 0 47 11 0 0 0 0 0 0 26 0 0 0 0 84 28 0 86 0 0 0 0 56 77 0 92 95 0
0 0 0 55 0 41 61 24 0 0 0 0 0 0 0 0 66 99 0 27 0 0 0 0 0 17 0 0 0 8 21 0 0 0 0 0 0 0 0 0 0 24 0 0 33 0 0 0 0 0 21 0 0 0 97 87 81 0 0 0 0 0 0 0 0 3 84 94 46 0 0 0 0 0 0 94 0 0 0 34 56 0 0 0 0 0 0 0 0 0 0 0 0 0 39 0 70 0 0 0
0 0 0 0 79 0 0 0 47 0 0 46 30 0 0 0 0 0 98 47 0 0 0 0 0 90 19 0 0 0 0 0 0 0 0 0 0 0 51 0 0 0 0 0 0 0 81 0 0 0 72 83 0 0 0 0 0 0 29 0 0 0 0 0 0 0 0 0 0 0 0 0 0 0 0 0 74 91 0 74 83 68 0 0 0 91 0 0 36 0 56 0 0 70 0 0 0 24 0 0
0 0 0 0 0 0 0 0 0 0 57 0 0 0 0 0 55 55 49 0 0 0 0 99 0 0 0 0 38 26 0 0 66 63 0 0 19 98 23 0 0 35 0 0 0 0 71 0 0 0 0 82 0 0 0 76 0 0 0 0 0 0 63 0 0 0 0 0 0 80 93 57 0 36 33 98 0 0 0 0 0 0 0 0 96 0 56 15 0 0 79 0 0 95 0 45 0 0 22 15
6 0 61 0 0 0 0 70 0 0 93 46 18 0 0 0 0 0 0 0 47 0 0 0 0 0 0 0 0 26 36 1 0 68 0 7 0 84 37 86 0 0 37 0 0 0 0 0 0 0 0 0 0 0 0 0 0 77 0 0 56 0 0 0 45 0 0 0 74 0 0 0 0 0 0 0 0 0 94 0 0 0 4 76 0 0 0 0 0 37 0 0 0 0 54 0 0 0 0 9
0 0 0 0 0 0 0 0 0 0 0 0 0 0 0 57 0 0 0 0 0 0 67 0 0 0 62 0 20 71 0 0 0 0 0 0 34 67 0 0 48 0 0 0 0 0 0 0 0 0 0 0 0 0 0 0 0 0 0 0 0 0 61 0 0 0 0 0 0 0 0 0 0 35 15 65 20 0 0 0 44 0 0 0 0 0 0 0 0 0 0 77 0 0 63 78 0 0 0 38
0 0 70 0 0 27 93 0 40 0 0 0 13 56 0 0 0 0 35 34 0 0 0 0 77 0 0 0 85 0 0 0 0 0 0 29 0 61 0 0 0 0 22 52 0 0 13 44 0 23 71 9 0 0 31 94 0 0 0 0 0 0 0 0 0 0 10 0 0 0 0 50 0 43 59 48 0 0 0 0 9 0 0 0 0 0 0 0 0 30 0 0 0 0 0 0 20 0 0 0
80 97 4 19 0 0 73 0 0 0 0 0 4 52 0 0 0 70 0 0 0 0 0 0 0 0 0 0 27 0 0 0 0 70 0 0 0 0 0 75 0 0 0 0 0 0 95 0 0 0 20 0 57 0 0 0 64 0 0 0 61 0 0 0 12 0 0 0 37 0 0 0 0 0 0 0 28 0 0 0 0 79 0 53 69 0 0 22 0 0 0 0 0 0 0 0 48 0 0 0
8 52 55 0 0 92 3 0 0 0 0 0 0 36 51 0 0 0 0 0 0 0 0 0 0 0 0 0 0 0 0 0 0 19 0 0 0 46 0 0 0 54 0 0 12 0 34 0 0 0 0 95 0 0 0 0 0 0 0 47 0 0 0 0 82 0 0 0 0 0 0 0 0 0 0 0 0 0 63 64 0 39 0 0 0 0 0 0 0 0 0 0 5 0 0 0 0 0 0 39
0 0 0 0 0 100 0 71 0 0 48 0 0 0 0 36 0 0 0 0 70 0 0 0 0 0 0 18 0 0 0 0 0 0 0 0 0 0 0 0 0 0 0 0 0 0 0 0 0 0 87 0 0 0 0 0 0 0 42 0 0 15 0 96 0 0 26 0 0 19 65 0 85 0 85 0 0 0 55 0 0 0 50 0 0 0 0 0 0 0 0 0 0 0 0 0 0 0 0 94
0 0 0 0 0 69 0 0 88 0 0 0 0 0 0 71 0 0 0 0 0 0 0 0 0 0 0 0 0 0 0 0 30 0 88 88 0 0 0 0 64 0 0 0 0 0 0 0 0 0 0 0 0 0 0 0 0 0 0 0 0 0 0 0 0 0 51 0 0 0 0 0 0 31 0 0 63 89 6 92 48 37 0 35 73 23 6 0 0 0 0 0 0 0 0 0 0 0 27 0
0 0 0 0 0 0 5 0 60 0 0 27 0 0 0 0 0 0 37 0 0 0 0 0 0 0 0 88 11 0 2 78 0 0 61 0 0 11 0 0 0 0 0 0 0 0 0 0 20 0 0 44 0 92 0 0 6 0 0 0 0 0 0 0 0 0 0 73 0 0 95 0 0 0 0 0 0 0 50 0 0 0 68 0 23 24 0 0 0 37 0 0 67 0 0 0 0 0 39 0
0 0 93 0 62 92 0 0 0 27 89 0 0 5 0 16 0 0 0 0 0 0 0 0 0 0 0 45 0 0 0 0 0 0 71 0 0 0 0 0 94 0 91 0 0 0 57 0 0 2 0 0 0 0 26 0 44 0 0 0 10 0 0 28 0 0 0 0 0 0 51 0 0 0 0 37 0 0 77 0 0 0 0 58 0 0 0 0 0 0 0 0 0 0 85 0 0 0 0 83
0 0 0 0 0 0 80 0 0 32 24 0 0 0 0 85 0 0 0 0 60 0 9 0 0 0 0 66 11 0 0 0 2 0 0 0 0 44 0 0 9 8 0 0 0 60 46 0 0 0 95 1 0 0 0 0 0 3 0 0 0 0 0 0 0 0 18 54 0 0 63 0 96 0 0 0 0 47 0 0 29 0 0 0 0 0 24 0 0 0 0 73 0 0 0 0 25 0 0 0
0 68 0 0 31 0 0 9 34 0 0 12 38 0 0 0 0 0 0 0 0 50 0 37 0 6 11 7 0 0 0 0 0 0 0 0 0 18 38 0 0 0 0 0 0 0 0 86 88 0 0 0 69 34 0 0 78 0 0 33 0 0 0 0 100 63 0 0 0 0 97 0 0 0 0 93 81 0 0 0 25 12 30 0 0 0 42 0 0 0 0 0 0 0 0 93 95 31 0 0
0 0 0 0 0 44 0 0 0 69 0 7 0 0 0 12 0 53 0 51 0 0 0 73 0 62 99 0 0 0 0 0 0 0 9 0 0 0 0 0 0 0 21 0 0 0 78 0 0 0 0 0 0 0 95 28 0 0 0 0 31 0 0 0 0 95 0 0 0 0 0 0 0 0 0 91 97 0 0 0 0 0 0 0 0 0 0 52 0 84 0 0 0 0 0 18 28 0 0 0
79 0 42 0 0 0 0 0 0 0 77 0 0 0 0 0 98 0 0 0 0 25 52 0 0 0 23 0 24 0 0 0 0 0 0 0 0 64 0 98 69 0 95 76 0 0 0 0 0 0 0 0 0 0 0 0 0 0 0 1 0 0 0 0 0 0 67 0 28 0 0 0 58 93 0 0 0 0 0 0 0 0 83 0 0 0 24 0 0 14 79 0 0 0 0 0 0 13 0 0
0 0 0 0 0 0 0 0 97 0 0 0 0 9 25 0 0 0 0 0 0 0 0 0 0 5 0 0 70 0 0 0 0 94 0 0 0 0 0 0 63 42 0 0 0 67 0 0 0 0 0 33 0 0 31 37 22 83 0 0 0 0 61 0 0 97 0 0 0 0 0 0 0 0 0 0 0 0 0 0 0 50 0 0 0 0 46 0 71 0 58 0 72 0 0 0 0 0 0 0
0 22 0 52 0 0 0 0 26 0 24 0 0 0 0 80 0 0 0 0 32 77 0 56 43 33 0 48 0 0 39 0 0 34 86 0 0 0 0 0 68 36 0 13 0 0 0 0 25 0 0 68 0 0 0 0 0 0 0 0 0 0 0 0 0 0 0 0 0 94 0 0 37 82 51 28 22 0 0 42 38 0 26 0 0 0 0 0 0 0 0 14 0 90 0 0 0 0 0 80
0 0 53 41 42 0 0 75 0 0 0 0 0 0 0 0 45 0 0 0 0 0 0 0 0 0 0 0 0 0 0 0 0 0 0 0 0 0 27 81 0 0 0 0 0 0 78 0 44 0 0 0 0 0 0 78 0 0 0 0 0 0 0 0 0 49 0 0 71 0 0 0 11 0 0 0 8 84 36 0 0 0 0 52 0 0 0 0 11 0 0 0 0 0 0 0 78 0 69 0
0 18 0 0 22 0 4 0 0 0 0 69 0 0 0 40 0 0 84 0 0 66 85 80 0 0 20 0 0 84 50 0 0 0 0 0 47 0 0 0 0 0 0 0 0 0 0 0 61 0 0 0 0 91 0 0 0 0 0 0 0 0 0 0 0 0 0 0 0 0 0 0 0 0 0 0 54 7 0 0 0 0 82 0 20 48 0 0 58 0 0 0 0 0 0 0 0 76 0 0
50 0 0 48 0 0 32 0 0 0 0 0 0 0 0 50 0 42 79 0 0 36 0 0 61 0 51 0 0 70 58 0 41 0 0 0 0 0 6 0 3 0 43 30 0 0 0 0 35 84 0 37 0 0 0 0 0 0 0 0 21 0 0 0 0 0 57 0 0 0 0 22 0 0 0 9 36 0 0 0 0 0 0 0 0 71 0 74 0 0 0 5 0 0 0 0 34 0 48 0
59 0 0 0 0 0 0 0 0 0 0 0 0 0 0 0 0 0 0 0 0 0 0 0 74 0 81 0 15 0 76 53 0 0 98 92 55 0 0 18 41 0 0 0 0 0 0 79 0 0 31 0 0 0 0 0 40 75 0 0 0 0 0 0 0 0 0 0 0 0 0 0 0 0 0 0 0 0 0 8 0 0 0 0 71 0 0 0 0 0 0 0 0 0 0 0 62 0 97 0
0 0 0 0 0 0 54 0 0 12 0 93 0 0 0 73 35 0 0 0 88 0 0 0 0 0 0 0 0 0 0 0 26 0 0 0 0 0 88 0 0 0 0 0 0 0 0 45 0 0 16 0 0 0 0 0 0 98 0 0 0 49 32 0 0 69 0 51 0 0 0 19 0 69 0 0 35 98 0 0 0 0 0 0 69 60 0 0 50 0 0 0 0 0 0 0 0 0 0 0
0 0 0 0 0 0 48 0 0 0 0 0 0 0 0 0 0 0 67 99 0 0 0 0 0 0 0 0 0 0 2 0 17 0 43 81 0 0 0 30 0 0 93 0 0 0 0 51 0 4 0 0 59 80 0 0 0 0 0 82 0 0 74 19 0 0 0 0 0 68 0 0 0 0 50 0 0 0 0 0 10 0 0 0 0 0 29 0 0 0 72 0 0 0 80 87 0 0 0 0
0 0 0 4 0 0 0 0 96 0 87 0 48 0 0 0 0 0 20 0 0 0 35 0 4 0 0 11 0 53 72 0 0 0 68 37 0 0 0 19 1 0 16 0 0 0 0 0 0 90 0 0 0 0 0 0 0 0 0 58 39 0 73 0 50 22 0 0 0 0 0 0 0 0 71 0 0 0 63 0 0 0 0 0 57 0 32 0 85 0 0 22 0 13 0 0 0 92 6 0
0 0 14 0 0 90 0 0 0 0 0 0 0 0 0 0 0 72 0 0 5 0 35 0 69 44 1 0 99 25 0 28 0 45 67 0 40 0 0 0 0 0 98 52 0 0 0 72 0 0 0 48 0 0 91 96 0 0 0 28 0 6 0 0 0 65 37 38 0 0 0 0 49 0 0 0 0 0 0 88 0 49 0 50 0 0 0 0 0 0 0 0 0 0 0 0 0 95 0 0
0 34 61 0 34 0 0 0 0 0 21 0 0 0 41 0 0 0 80 0 0 0 0 0 0 0 0 0 0 0 0 0 0 66 0 0 92 0 0 3 0 0 0 0 0 0 0 0 0 0 0 44 0 0 0 0 84 84 0 6 94 0 17 0 0 0 8 11 0 30 30 76 0 0 0 5 0 0 22 0 0 0 31 0 0 0 45 57 0 0 90 0 0 0 29 0 0 0 0 0
39 0 0 0 36 0 0 4 0 0 0 0 0 48 0 0 53 0 92 92 0 0 91 0 0 0 0 0 0 0 74 0 0 0 0 0 0 0 0 0 0 0 0 23 0 0 95 56 0 0 0 0 0 0 0 0 0 0 0 0 0 0 0 0 0 0 79 0 0 0 0 67 0 0 5 0 22 0 0 0 0 80 0 0 62 0 0 0 0 0 0 0 73 0 0 36 0 0 74 0
0 0 0 0 0 15 0 0 62 0 0 0 0 0 0 15 0 0 0 0 85 0 67 0 0 0 67 37 0 0 0 0 0 0 0 0 0 0 0 0 0 0 0 0 0 33 0 0 60 0 0 0 72 0 0 0 0 17 0 0 0 0 0 31 0 0 47 0 87 0 0 0 0 0 87 0 0 35 0 0 0 0 0 0 0 0 81 0 0 0 0 0 0 0 0 0 67 0 0 0
34 43 0 0 0 82 86 0 0 0 0 0 0 0 12 0 0 0 50 0 0 32 0 99 0 0 0 0 0 0 0 0 31 29 63 0 0 67 0 62 0 0 0 0 0 2 0 63 0 5 0 0 0 0 0 0 0 0 0 0 0 0 0 0 90 50 0 61 86 32 25 0 0 0 0 8 0 0 0 0 0 0 0 0 0 0 0 0 75 0 0 0 38 0 0 0 0 0 21 0
0 38 66 0 60 0 0 0 0 0 6 0 0 0 70 0 0 27 0 0 0 66 0 0 0 0 0 50 0 77 0 0 0 0 0 0 0 0 0 0 0 64 0 0 0 0 66 0 0 0 0 100 95 15 0 0 0 52 0 68 0 0 0 11 0 0 0 0 96 35 97 0 0 0 0 0 0 0 0 70 40 0 70 0 0 0 0 0 0 0 0 52 0 0 92 0 0 0 0 0
0 0 0 0 0 0 0 0 0 0 96 0 0 0 0 0 80 0 0 0 0 0 0 0 17 0 69 80 96 0 51 0 0 41 0 0 58 26 41 0 0 21 44 0 0 95 0 0 0 0 28 0 0 12 0 0 38 0 0 0 0 37 0 0 95 82 0 0 30 0 0 16 10 19 0 0 58 89 29 0 0 0 0 0 0 0 0 50 0 54 0 0 0 0 4 0 0 0 0 0
0 0 48 0 0 74 0 0 0 0 0 0 92 0 70 3 0 49 64 0 0 0 0 0 0 0 0 58 0 14 0 83 0 0 0 0 0 0 0 0 98 36 0 3 0 0 0 0 0 0 6 0 0 0 68 0 0 0 0 61 0 0 97 0 0 0 8 14 0 0 0 0 44 0 77 0 0 0 5 0 0 0 0 0 0 0 0 0 0 0 0 0 76 0 0 0 0 0 32 0
0 0 0 0 31 0 0 25 0 70 0 57 24 0 29 1 0 0 0 0 0 0 0 0 0 67 62 57 0 0 0 0 0 72 0 0 25 63 0 0 65 0 72 91 81 0 0 11 42 5 0 0 56 0 0 0 97 78 0 43 0 0 0 0 96 0 0 0 0 86 0 0 0 0 20 0 0 0 0 0 0 0 0 81 0 0 2 28 0 0 0 0 0 0 0 0 0 0 0 0
0 27 23 0 0 0 0 0 0 31 24 0 0 0 0 0 0 0 99 25 0 0 0 2 0 0 0 0 0 0 0 49 0 0 0 12 0 0 0 0 81 83 0 0 0 0 0 0 0 0 0 0 0 63 0 0 0 0 0 0 0 0 12 0 0 0 45 0 57 0 0 28 0 0 0 8 0 0 0 0 0 0 0 0 0 9 0 0 0 0 0 0 0 0 0 0 0 0 75 66
0 60 65 0 15 0 0 0 0 0 0 90 0 0 0 0 0 0 98 59 26 0 0 0 0 0 0 39 0 85 30 0 0 0 0 40 0 0 0 0 0 0 0 45 0 0 0 0 0 0 55 0 60 0 0 0 0 0 0 0 0 99 0 99 31 0 0 0 100 0 0 0 0 0 0 64 0 0 0 0 0 0 0 0 0 0 0 0 2 0 0 0 0 13 0 61 0 0 0 0
77 0 0 0 0 0 0 1 0 0 0 0 0 0 0 0 0 0 0 35 0 43 0 0 0 0 0 0 0 0 0 0 0 0 0 0 0 0 17 25 0 59 0 0 0 0 53 0 0 0 0 7 0 0 0 0 0 0 94 0 0 0 55 0 0 0 0 0 0 0 0 0 0 0 0 85 49 0 40 42 64 0 55 25 0 0 9 0 79 33 0 0 0 65 0 32 6 0 0 0
0 13 0 0 0 24 0 0 0 56 0 0 0 0 0 63 0 0 0 0 0 68 0 26 0 0 0 0 0 93 0 0 0 0 0 42 0 25 0 0 0 27 59 0 61 0 0 0 45 0 0 0 0 0 0 0 75 51 40 9 0 0 0 0 43 0 0 0 0 0 0 0 0 12 0 0 0 0 0 0 22 0 0 0 24 0 0 0 9 0 0 0 89 0 0 0 0 0 0 0
51 0 21 0 0 0 3 88 0 0 44 0 0 0 0 0 0 0 0 0 9 0 34 0 0 0 0 0 0 51 71 0 0 0 43 22 0 0 0 0 0 69 0 0 0 43 40 12 1 80 0 46 28 50 0 83 0 0 0 56 0 30 0 0 0 0 31 0 0 0 0 0 0 0 96 0 0 0 0 17 30 0 78 0 0 0 0 0 0 91 0 0 0 77 0 95 0 49 0 0
0 0 42 0 7 0 0 25 0 17 71 42 0 0 0 0 0 0 0 0 0 78 0 0 0 0 0 0 0 0 90 0 0 0 0 0 0 51 0 20 0 0 26 0 0 62 0 0 0 0 0 0 0 4 0 44 95 0 0 0 0 0 0 48 0 0 0 0 0 31 25 33 0 0 0 40 0 0 36 52 0 16 0 0 0 0 76 0 0 0 0 0 0 0 0 5 11 0 0 0
0 0 0 0 74 0 0 0 0 0 0 44 0 0 0 0 4 0 0 0 0 0 0 0 0 0 0 0 0 74 0 66 0 0 0 0 0 0 5 16 0 0 0 0 27 37 0 0 0 0 0 0 0 0 0 0 95 0 0 0 0 0 65 0 0 0 0 0 0 0 0 0 83 0 0 0 54 0 0 0 0 0 0 48 0 0 0 100 0 0 0 0 0 0 0 50 81 0 61 0
0 88 0 0 0 0 0 78 61 29 0 64 4 0 0 76 0 0 3 0 0 0 0 0 0 0 86 0 0 0 98 0 0 38 0 0 99 13 38 0 0 59 0 0 0 0 0 0 0 0 0 0 0 0 0 0 0 72 0 0 0 0 41 0 53 0 0 0 0 0 46 35 0 0 0 0 0 0 0 0 0 0 0 19 0 0 0 0 0 0 0 0 84 0 73 0 0 0 29 11
67 0 0 0 91 0 0 0 0 0 9 0 0 0 0 0 36 0 28 0 0 0 0 0 0 0 0 0 0 0 0 0 0 0 0 0 0 51 0 0 10 15 21 0 0 0 0 40 52 0 0 9 0 93 0 0 0 60 0 0 0 20 0 0 0 79 40 0 0 8 0 0 0 0 0 0 10 0 0 0 62 0 52 28 0 0 0 0 0 0 0 10 0 22 0 0 0 0 0 0
19 0 0 0 0 0 0 0 0 0 77 0 0 67 0 0 0 0 0 0 0 73 0 0 0 0 0 0 0 0 0 0 0 0 0 0 0 0 56 0 0 0 0 0 0 0 0 0 0 13 42 0 0 53 87 9 0 0 0 0 6 51 0 0 0 0 0 0 0 0 0 0 45 34 0 0 0 0 0 0 0 0 0 0 0 0 34 0 0 0 78 0 0 0 0 0 0 11 42 0
0 0 0 0 0 14 0 0 0 0 48 0 0 0 0 0 0 0 0 0 95 0 0 0 0 0 0 0 0 0 0 0 0 84 21 0 76 0 0 0 0 0 0 72 0 0 98 0 16 87 0 0 0 94 88 0 70 0 0 0 17 0 0 31 69 0 0 0 0 0 0 0 94 0 0 0 85 20 0 68 0 0 32 0 0 0 0 0 3 92 0 0 0 18 0 0 0 0 0 0
18 0 54 0 0 0 0 0 0 0 0 61 0 0 0 0 0 0 33 0 0 0 0 0 0 0 0 34 0 0 0 0 0 0 0 69 0 0 0 59 0 0 0 0 0 0 0 0 0 6 0 0 0 0 0 0 0 0 0 0 0 0 0 85 0 0 0 41 0 0 91 0 80 0 0 73 29 0 0 56 87 0 0 0 91 72 13 0 0 0 85 0 0 0 4 0 0 0 0 0
0 0 0 88 0 7 15 0 86 57 0 30 0 0 0 0 51 0 0 0 18 0 0 0 0 0 0 0 68 0 0 2 0 0 0 87 62 0 0 42 0 0 0 0 0 0 5 0 0 0 62 0 0 60 13 96 28 0 0 0 29 0 0 0 0 0 18 0 0 3 81 0 55 0 0 0 0 92 0 86 0 0 84 71 2 0 0 72 0 0 0 0 0 12 0 34 0 6 0 0
0 0 0 45 0 26 0 0 0 14 0 0 0 0 0 0 57 48 0 0 0 0 0 0 39 0 0 0 0 0 0 0 0 0 0 0 0 8 0 0 0 0 0 0 57 80 0 45 0 0 93 0 0 0 91 72 0 0 92 0 36 99 0 0 0 0 0 0 82 0 25 10 0 0 0 0 0 0 0 0 0 30 0 0 41 0 44 0 52 0 0 0 0 13 0 0 0 67 44 0
0 0 1 0 0 0 0 31 0 0 16 0 37 0 20 48 4 0 0 0 0 0 0 0 0 0 0 0 0 0 0 0 0 0 0 0 0 65 0 0 0 74 0 0 0 0 0 24 0 66 0 10 0 0 0 0 0 25 0 0 63 0 0 69 29 77 0 47 0 0 59 71 0 94 19 0 0 0 0 0 0 0 0 0 0 0 0 0 0 0 72 0 0 87 0 4 0 0 0 0
84 61 0 0 0 0 0 0 0 8 0 0 0 0 0 0 78 0 0 20 0 15 0 0 0 0 0 0 0 0 0 0 0 0 0 0 0 39 0 79 0 0 0 0 0 0 0 0 0 0 0 0 0 95 30 98 0 0 0 0 0 0 0 0 0 0 0 97 0 0 0 0 0 0 0 0 15 0 0 16 0 0 0 0 91 0 0 0 0 0 18 7 0 29 43 0 65 0 0 0
83 0 0 10 0 0 0 0 45 0 0 0 0 60 62 90 0 0 0 0 73 0 82 32 0 0 0 0 83 0 0 8 0 23 0 0 0 0 0 0 0 0 0 0 0 0 0 59 18 43 0 38 0 0 0 0 0 6 0 2 0 0 0 0 0 42 0 0 0 85 32 0 0 0 0 0 98 0 65 86 0 0 3 0 0 0 46 0 0 0 45 99 0 0 0 0 0 16 0 0
0 0 0 0 0 0 0 0 0 0 0 0 0 0 0 0 34 54 0 0 0 0 18 0 0 0 0 98 0 97 0 0 0 0 0 0 0 0 0 0 0 0 96 0 0 60 0 0 0 9 0 0 0 0 0 0 0 0 0 0 0 95 70 0 0 34 50 0 0 0 0 0 95 0 0 0 0 0 0 95 0 59 0 0 0 0 6 0 0 0 0 0 32 0 0 0 0 0 69 0