100
0 6 0 0 0 0 0 0 0 0 0 0 0 0 0 0 0 0 0 0 0 0 0 0 0 0 0 0 0 0 0 0 0 0 0 0 70 0 0 77 0 0 0 0 42 0 0 22 0 0 0 0 0 31 0 0 36 0 0 0 0 50 0 0 27 0 0 0 0 0 0 0 0 0 0 0 0 0 0 48 66 0 0 0 0 0 63 0 0 0 0 0 0 0 0 11 0 0 0 0
0 0 0 0 0 0 0 0 47 0 79 27 0 0 0 0 0 76 0 0 0 100 0 0 11 0 0 0 0 0 0 0 0 0 0 0 16 54 0 0 0 0 52 0 11 0 0 0 80 0 0 0 0 0 0 95 0 0 0 0 0 1 87 0 0 0 0 67 4 0 0 0 0 55 0 0 0 0 0 0 0 0 0 0 0 0 0 0 76 0 0 0 0 0 0 0 58 44 7 0
30 0 0 88 0 49 62 0 12 0 0 0 4 0 0 0 0 0 0 55 0 0 0 0 78 86 0 92 0 64 0 76 0 0 0 23 0 0 0 0 39 0 0 33 0 0 0 0 0 0 0 41 84 0 0 0 85 0 0 0 0 75 0 0 0 0 0 0 0 0 70 0 0 57 0 0 72 51 0 0 0 90 0 0 86 21 0 0 0 0 45 0 0 41 0 0 0 90 0 0
53 100 88 0 0 0 0 0 0 0 0 0 82 0 60 0 0 0 2 0 79 0 0 91 0 0 13 59 27 39 0 0 0 0 0 0 0 0 39 45 0 26 0 0 57 0 0 0 31 91 0 0 0 0 91 0 0 0 62 0 74 0 53 93 0 0 0 0 0 0 0 0 0 0 0 0 0 27 74 45 0 0 0 0 0 0 0 0 92 0 43 36 0 60 0 0 0 0 0 0
0 0 0 29 0 0 1 0 19 0 0 0 0 0 0 0 0 0 0 0 0 0 0 0 0 66 0 0 0 0 0 0 0 0 44 24 0 49 0 0 0 0 0 0 0 62 25 0 63 0 0 0 0 0 0 0 0 0 0 33 0 0 72 0 0 0 85 0 0 0 0 39 0 37 0 0 0 0 1 94 31 0 0 0 0 78 0 0 0 59 0 0 0 0 0 0 0 84 0 21
0 0 0 15 29 0 0 0 0 0 0 10 0 0 0 0 0 0 0 20 0 0 0 0 0 0 0 63 0 0 0 0 0 0 0 0 0 0 0 0 0 0 0 0 83 0 0 0 91 43 0 0 0 0 3 0 0 0 0 0 0 0 0 0 0 0 0 10 0 19 0 0 68 30 0 20 0 55 0 0 0 0 0 69 0 0 0 0 0 0 0 0 0 1 100 41 0 0 0 0
0 0 52 76 0 19 0 0 0 0 0 0 0 0 0 13 26 0 73 0 35 84 0 42 70 5 0 0 0 0 83 0 0 0 0 0 0 0 91 0 0 52 0 0 66 0 0 0 0 62 0 0 0 0 0 0 0 0 43 0 46 0 0 0 0 0 0 70 0 0 0 36 0 0 0 28 0 0 0 84 1 0 0 0 0 93 0 0 0 83 0 38 25 0 0 0 0 47 0 0
0 0 0 0 0 0 0 0 0 0 0 81 93 0 0 22 81 100 0 0 0 0 0 30 0 0 0 0 0 0 68 0 0 0 0 0 0 0 0 0 0 39 54 0 0 82 0 0 0 0 0 36 23 19 0 0 0 25 0 0 0 0 0 0 27 0 0 0 0 0 0 0 0 0 0 0 0 0 57 41 58 66 0 51 73 0 47 0 0 0 26 0 0 0 0 0 0 0 0 0
89 0 0 0 0 18 0 72 0 100 0 0 0 0 0 0 0 7 33 43 0 0 0 0 0 0 0 88 0 0 0 0 0 0 0 0 0 0 83 0 0 0 0 0 0 0 0 0 0 0 0 0 0 0 82 0 0 11 0 56 0 0 52 0 0 26 29 0 0 31 0 49 0 0 0 71 44 0 84 0 25 0 0 9 0 0 0 0 0 16 0 87 0 0 0 0 0 0 0 92
0 0 1 0 0 0 0 0 76 0 67 54 0 92 50 0 0 0 29 0 0 0 83 0 0 0 0 0 0 0 73 0 0 0 0 0 58 0 0 53 0 0 91 0 0 0 0 0 0 0 0 0 78 0 0 0 0 61 0 0 0 0 0 0 31 73 0 25 0 67 0 0 39 0 0 0 0 0 0 23 0 0 0 0 88 0 0 80 0 0 0 0 0 0 36 73 0 0 0 0
0 0 0 0 62 0 0 48 58 77 0 0 0 0 0 0 43 0 0 85 0 0 0 41 0 0 0 0 0 98 0 43 79 0 0 0 0 99 0 0 0 84 0 0 0 0 0 0 0 0 0 0 19 45 52 0 0 0 46 55 4 27 0 0 0 0 0 0 0 0 0 6 0 0 89 52 91 0 0 93 0 0 0 94 0 0 0 50 0 0 0 0 0 0 0 0 0 7 0 0
0 8 0 54 0 0 0 0 0 0 0 0 0 0 0 0 26 0 0 0 0 0 91 0 0 0 0 30 0 71 0 0 93 25 0 0 93 0 0 0 43 0 98 45 0 0 0 0 0 0 0 0 43 1 0 0 0 84 0 0 16 0 0 0 0 91 0 0 0 0 0 0 0 0 0 0 29 0 0 0 26 10 0 0 33 0 0 0 0 0 0 0 0 76 0 0 0 0 0 0
0 0 0 0 0 61 0 11 0 0 0 0 0 100 0 0 0 0 0 0 19 38 0 2 0 2 98 0 0 0 0 0 0 0 87 0 0 0 0 63 0 35 0 0 0 0 0 0 0 81 0 0 0 0 22 0 0 0 75 0 0 0 0 92 0 46 12 0 58 0 0 0 100 0 0 0 0 0 0 0 36 0 0 44 0 0 23 0 0 0 50 0 0 0 0 59 81 0 0 0
0 97 69 0 0 0 26 0 0 0 0 0 0 0 0 0 0 77 0 82 11 0 57 0 0 0 0 0 0 38 0 0 0 0 38 0 0 0 80 0 0 0 0 0 0 30 0 0 34 0 0 32 0 81 0 0 0 0 82 0 0 0 72 20 0 54 0 17 31 0 0 0 0 0 0 0 0 0 94 0 0 85 0 0 0 0 0 0 62 0 93 27 0 75 0 67 85 0 0 0
0 0 0 0 0 0 0 0 0 0 0 0 46 0 0 1 0 0 0 0 0 0 0 0 48 0 0 53 0 32 0 74 0 0 44 0 0 0 0 0 0 28 0 68 0 0 0 0 93 0 0 0 0 73 0 0 0 7 0 73 0 0 0 0 0 0 8 55 0 44 0 0 0 0 0 0 0 0 0 37 0 5 0 0 0 95 0 0 69 0 0 38 9 0 0 16 19 0 0 0
0 0 0 0 0 0 0 0 65 0 0 100 0 0 0 0 0 0 0 67 48 25 0 0 0 80 0 0 0 0 0 0 0 0 25 0 0 0 0 0 57 0 0 0 0 0 0 0 0 40 0 30 29 0 0 72 0 73 0 0 13 44 0 0 0 0 70 78 74 0 4 0 0 55 0 0 50 63 6 0 0 0 0 73 0 48 0 0 0 0 65 20 0 0 19 72 0 0 0 0
0 66 0 0 0 0 68 0 0 0 0 0 0 0 0 38 0 0 0 0 0 0 32 0 49 0 4 0 0 0 0 31 0 0 0 0 0 0 0 10 0 44 0 0 0 0 0 0 0 0 39 0 0 0 41 0 0 0 0 0 0 0 0 0 76 0 0 0 13 51 0 70 0 0 0 40 0 0 0 0 0 0 98 0 39 64 0 0 0 0 0 0 23 0 0 35 0 0 0 64
0 0 0 0 0 29 10 0 0 0 0 0 0 0 0 18 97 0 37 0 0 0 0 0 0 0 0 25 0 0 0 0 0 0 0 16 0 0 0 0 0 93 0 0 28 0 0 82 0 0 0 0 100 0 0 14 0 0 0 0 0 0 0 0 0 0 0 0 0 66 0 0 0 0 0 0 0 0 0 6 0 0 0 0 0 0 0 0 74 0 0 0 0 0 0 10 85 0 0 0
0 0 0 93 14 0 0 0 0 0 0 0 0 0 0 0 0 0 0 0 0 0 8 92 0 0 0 0 74 0 0 0 0 0 0 0 0 0 0 0 0 63 0 75 0 0 0 81 40 0 0 0 35 1 41 90 0 93 0 0 35 75 0 0 0 0 87 31 0 0 0 0 0 93 0 0 0 0 0 0 0 3 57 0 84 0 38 52 0 28 46 0 0 0 0 0 0 16 0 0
0 0 0 8 0 0 0 0 0 0 0 0 25 0 0 35 0 0 72 0 0 0 0 0 0 0 6 0 0 38 0 0 35 0 0 18 0 0 0 0 0 96 0 73 0 56 0 55 0 0 0 0 0 59 35 0 0 0 0 84 0 0 13 0 0 66 0 86 0 0 0 0 90 0 0 0 0 0 5 0 0 0 0 0 0 0 34 0 0 66 0 0 11 10 57 84 0 0 22 14
25 0 0 0 0 0 33 5 93 0 0 0 69 0 0 0 0 0 0 0 0 0 0 0 0 61 0 75 69 0 0 0 0 0 0 0 57 0 96 31 0 0 92 0 0 0 0 0 0 0 0 0 0 0 0 0 0 0 0 0 99 0 0 0 0 0 0 0 0 0 0 0 0 0 28 69 0 38 0 0 0 0 69 0 0 0 0 0 0 29 91 0 0 0 26 0 0 0 0 0
0 0 0 0 0 0 0 0 0 0 0 0 0 0 0 0 55 0 45 0 68 0 0 0 0 0 0 49 0 0 0 80 0 0 0 12 97 19 0 0 42 0 0 0 0 0 24 64 0 60 54 0 87 0 0 0 0 0 2 0 0 0 0 0 0 44 0 25 0 0 28 0 0 0 0 0 0 0 78 64 0 52 0 0 0 32 0 0 77 81 0 0 60 43 0 0 0 0 0 0
11 0 0 0 0 0 96 1 0 0 0 7 0 0 0 0 0 0 0 90 0 38 0 0 38 0 0 78 0 0 0 0 0 0 0 63 0 0 0 0 0 0 0 0 0 0 0 0 0 0 0 0 0 0 0 68 65 0 0 0 0 0 0 17 0 0 0 28 0 0 0 0 55 44 0 38 34 0 0 0 0 78 0 0 58 0 0 0 0 0 0 65 0 0 0 0 0 0 0 0
0 40 64 0 0 72 0 4 0 0 0 0 0 0 28 0 0 97 0 0 0 0 92 0 0 0 0 0 0 36 0 0 0 0 0 0 42 0 0 0 0 0 39 0 78 0 0 0 46 0 0 0 83 0 0 0 0 0 0 0 0 0 0 0 0 11 19 32 0 0 0 0 0 0 0 0 5 0 53 0 0 0 56 0 0 100 13 0 0 0 93 0 0 74 0 0 0 0 0 0
0 0 0 40 0 0 0 0 0 49 0 0 0 0 0 0 0 0 4 0 0 0 0 0 0 81 0 7 0 53 0 36 0 0 0 50 0 0 0 10 0 0 73 0 0 0 0 0 0 0 19 12 0 30 0 8 8 0 7 76 66 46 0 0 0 0 0 0 67 0 0 0 0 55 0 20 0 14 0 13 0 63 0 0 38 0 75 51 0 94 0 0 0 30 0 0 0 0 84 72
0 95 0 0 0 0 61 5 0 0 42 0 0 0 0 0 0 0 0 0 43 0 0 0 0 0 16 0 0 0 0 0 0 15 0 0 0 24 0 0 11 48 0 0 0 98 51 42 43 0 0 0 0 0 0 0 0 65 0 65 40 31 0 0 0 0 0 83 0 0 0 0 0 0 0 0 0 0 0 0 35 0 0 0 0 0 0 0 0 5 8 49 23 0 81 0 0 86 0 16
15 0 0 18 0 39 0 0 0 0 0 0 0 0 0 0 0 0 14 0 0 0 0 0 0 0 0 90 10 0 26 0 0 90 31 91 0 0 34 64 66 0 0 0 0 0 0 0 0 0 0 0 0 0 0 49 0 62 0 0 0 0 0 0 28 0 0 37 0 0 0 0 0 0 0 0 0 0 0 0 77 0 50 0 94 50 0 0 0 0 9 0 0 18 13 0 0 0 0 0
0 22 0 0 0 71 0 0 0 0 26 48 0 0 0 0 0 93 0 92 0 0 0 0 40 0 0 0 0 0 0 0 0 0 38 0 98 88 0 24 0 0 0 0 0 0 60 18 0 0 0 0 92 0 0 56 99 4 0 69 0 36 0 0 0 76 0 0 68 0 46 0 0 0 0 0 0 0 0 0 95 0 0 0 0 0 0 0 0 0 0 0 0 0 0 0 60 0 0 45
0 84 0 15 100 79 0 0 0 31 0 0 0 0 0 0 3 0 0 0 0 35 0 0 0 23 0 0 0 0 0 0 44 0 0 0 0 0 0 49 0 0 0 0 7 0 0 0 80 48 0 49 0 0 0 0 0 0 0 0 0 0 0 46 0 0 27 40 0 0 0 7 0 0 0 0 24 0 74 0 0 0 39 0 33 0 0 84 0 0 0 0 0 0 62 0 0 0 0 0
14 0 0 0 0 0 0 0 0 0 93 60 0 46 0 0 37 95 0 0 37 0 0 0 1 0 0 0 0 0 24 0 0 28 0 0 0 70 0 17 35 58 0 0 0 0 15 0 0 0 40 0 0 0 0 0 0 0 0 0 0 0 0 0 0 0 95 4 0 0 0 71 0 90 0 0 0 0 79 0 0 0 29 0 0 0 23 0 0 79 0 0 0 0 0 0 0 0 55 0
18 31 0 30 0 0 0 0 0 0 0 0 0 83 69 0 0 43 0 0 0 0 78 81 0 0 0 0 49 0 0 0 0 0 0 0 100 0 0 0 40 0 0 0 25 0 81 0 0 0 0 0 0 0 0 0 0 0 0 83 0 0 0 0 0 0 0 0 77 8 64 0 0 0 0 0 0 0 0 0 90 21 0 53 38 0 0 63 50 48 1 0 0 97 0 0 0 42 0 0
0 5 0 0 0 0 0 0 0 17 0 0 0 0 96 11 11 0 0 0 0 0 0 59 0 0 81 42 78 50 0 0 0 0 0 0 0 0 0 0 0 0 0 35 71 0 0 0 0 92 69 0 7 0 0 35 64 0 68 0 34 0 83 0 0 24 0 21 0 0 83 0 0 0 0 100 0 0 0 0 0 0 0 25 0 0 67 0 0 0 0 0 88 0 0 0 81 17 0 0
78 0 0 0 0 0 0 0 0 0 0 0 0 62 0 0 0 60 0 0 0 0 0 0 0 0 20 0 0 0 0 0 0 0 0 0 0 0 0 0 0 0 0 0 0 0 0 89 0 0 0 5 0 0 38 0 36 0 0 0 0 0 53 0 84 0 0 0 72 0 0 19 15 0 0 0 0 0 0 0 0 77 18 0 0 10 0 87 0 0 77 0 0 0 28 13 0 0 0 0
24 13 2 0 0 17 96 0 0 0 92 76 2 0 51 0 46 55 0 0 0 0 0 0 0 0 0 0 0 5 0 0 0 0 0 0 0 3 0 0 34 0 0 0 0 0 75 0 0 0 40 0 99 0 65 0 0 0 88 12 39 0 0 0 0 0 0 0 93 56 0 0 0 0 0 0 0 0 55 0 19 0 0 0 67 0 0 0 0 100 0 0 68 0 0 0 0 0 0 0
87 0 73 46 0 38 0 0 90 0 0 0 0 0 0 0 90 0 5 0 78 0 0 0 0 0 0 0 0 0 0 0 0 0 0 0 0 82 0 0 0 20 0 0 0 0 0 0 0 86 0 87 0 0 25 0 0 0 0 0 0 0 0 0 0 56 0 66 0 0 58 79 0 0 0 65 0 17 0 97 0 0 0 66 0 0 0 0 0 0 0 0 0 86 33 23 0 0 97 0
93 0 0 20 0 0 0 2 0 0 0 3 0 1 19 0 0 0 0 28 0 94 0 0 0 0 0 0 44 0 5 0 0 0 0 0 0 0 0 0 0 0 19 0 0 61 34 0 0 0 0 31 0 0 0 0 0 61 0 0 97 0 91 82 94 98 0 0 0 77 0 0 0 0 0 0 92 0 16 0 0 90 0 0 0 0 0 0 0 0 0 0 44 72 0 0 0 0 0 0
0 0 0 0 0 0 0 0 0 0 0 0 11 0 0 0 0 23 0 1 0 0 0 0 0 0 0 0 0 92 0 0 0 79 0 80 0 0 0 60 0 0 0 27 0 26 0 0 0 0 51 43 0 78 0 17 0 0 0 16 0 0 0 0 58 0 70 35 0 0 0 0 0 0 87 0 0 20 0 0 0 0 73 10 0 0 0 57 0 50 72 0 0 0 0 0 4 50 0 0
11 29 0 30 0 30 33 0 0 65 0 91 0 0 0 9 0 0 77 64 32 31 0 79 66 96 0 0 0 0 0 0 0 0 0 0 0 0 0 0 0 0 0 0 0 0 0 80 0 37 0 0 45 0 0 0 0 0 84 0 61 0 0 0 0 0 0 0 0 0 0 83 22 0 0 0 12 56 43 20 35 0 0 0 68 38 38 0 0 0 8 12 0 0 0 0 0 98 0 0
0 14 6 0 27 0 85 0 0 0 70 0 0 0 0 0 0 0 0 0 0 0 0 54 0 14 0 0 87 2 29 0 32 0 0 0 19 0 0 0 0 0 0 0 0 0 0 68 0 0 48 0 0 0 0 0 0 0 28 2 0 0 0 0 0 29 93 0 0 0 0 0 45 20 38 0 0 0 0 13 0 0 0 0 0 0 42 0 0 98 0 0 0 0 86 79 3 0 0 29
56 0 90 0 0 0 0 0 76 0 49 0 71 0 0 59 0 0 0 0 13 0 0 0 0 0 0 76 0 25 0 54 0 9 0 67 70 0 0 0 0 0 0 0 40 0 0 15 14 0 0 0 75 0 0 71 2 0 0 0 0 58 0 75 0 0 0 0 0 0 0 0 52 0 0 0 0 72 0 14 0 41 0 63 31 0 0 0 0 0 0 0 32 89 0 9 0 0 0 97
61 0 0 0 0 0 0 42 48 43 0 83 0 0 0 0 38 0 0 0 0 38 60 44 71 47 0 0 0 46 0 0 89 98 100 0 31 0 0 0 0 89 41 0 93 0 0 0 35 0 0 78 46 0 0 2 0 0 0 0 0 0 44 0 79 91 12 33 0 92 0 31 49 0 11 0 30 0 0 0 97 0 0 0 0 0 33 58 0 0 20 0 0 0 64 0 0 0 0 0
0 2 51 0 0 0 0 63 0 0 92 0 0 75 0 0 0 0 4 0 0 0 0 47 62 0 0 0 90 13 0 0 3 0 0 0 0 0 11 83 0 0 0 0 99 0 0 7 52 0 0 0 53 0 25 0 0 0 0 0 0 0 28 0 0 0 0 0 0 0 0 0 0 0 1 0 0 0 0 0 0 0 4 0 0 0 0 0 0 0 6 0 64 0 0 0 0 0 0 0
31 59 0 0 0 0 0 0 98 0 0 0 0 0 98 38 0 78 0 0 0 0 0 0 0 2 0 0 0 0 0 96 38 0 0 0 0 0 0 0 0 0 0 0 0 18 0 0 45 0 0 0 0 0 0 0 0 63 0 0 0 0 0 51 63 0 0 3 42 0 0 0 28 0 38 95 0 0 0 0 0 0 0 51 0 0 10 0 0 0 0 90 86 66 0 0 0 0 0 0
0 0 0 0 0 0 81 0 0 96 0 63 0 0 0 0 0 0 0 0 0 0 97 92 85 94 34 0 0 0 31 91 0 0 0 0 74 0 0 0 0 0 0 0 0 0 61 0 0 0 0 34 0 0 0 0 0 20 99 0 0 0 0 0 24 0 0 0 0 0 12 66 38 0 0 0 0 0 0 0 0 0 0 0 0 0 0 0 0 0 0 48 3 0 78 83 0 0 81 0
0 0 0 0 0 0 0 0 5 0 82 0 0 0 83 16 0 0 0 0 81 0 0 0 0 57 0 0 0 0 0 0 62 0 0 0 0 0 21 0 0 0 0 0 0 0 0 29 0 0 94 0 0 0 0 0 0 83 0 17 0 0 85 0 68 0 0 0 83 0 0 0 33 0 0 0 23 0 0 62 0 0 0 0 0 0 26 0 0 0 0 0 0 0 19 0 0 34 0 0
24 0 0 0 0 0 0 0 0 0 32 29 0 91 49 0 0 0 0 0 16 0 99 18 0 0 0 79 0 0 0 22 0 0 0 88 0 0 0 0 0 90 38 0 0 0 0 0 0 0 0 0 0 0 0 0 0 86 90 0 0 40 0 0 0 85 87 0 34 85 0 0 0 0 0 0 0 0 0 0 0 0 29 0 0 0 70 0 0 0 73 0 0 5 0 0 0 0 0 0
22 0 0 0 0 0 0 0 78 0 0 61 51 6 0 86 67 0 63 0 0 36 0 0 91 0 12 0 0 52 79 0 0 97 0 0 0 0 0 0 0 0 0 0 0 0 0 0 40 0 100 29 60 0 0 68 0 52 62 0 0 0 0 87 0 0 0 0 0 0 0 11 0 68 78 0 0 0 0 0 99 0 4 0 0 0 0 80 0 0 96 0 100 0 0 0 0 46 55 0
0 0 0 0 78 0 56 0 0 0 0 0 0 100 85 0 0 0 0 0 0 0 0 0 0 0 0 0 0 99 0 47 0 51 0 0 0 0 0 0 0 0 0 28 0 0 0 0 0 0 20 0 0 21 98 96 0 0 0 0 0 0 0 34 98 14 0 38 0 0 0 0 10 0 0 0 0 0 0 0 40 0 0 34 45 0 0 0 0 0 0 0 0 0 0 0 43 0 57 0
72 0 94 0 0 7 77 0 0 0 0 0 84 75 0 0 63 0 0 0 0 0 0 0 74 0 0 86 0 0 50 73 0 40 0 0 0 0 0 0 0 0 0 0 0 0 0 0 0 0 0 0 0 90 0 0 68 0 27 76 0 0 0 0 63 0 0 0 0 0 0 61 0 0 0 0 0 0 98 0 0 0 47 0 0 0 0 0 54 0 0 0 0 0 0 26 0 0 0 100
46 0 63 0 0 0 0 72 0 0 0 0 0 0 0 0 42 0 0 0 0 0 75 0 0 76 42 0 60 0 0 0 0 0 68 0 0 0 0 0 0 0 50 0 0 0 0 6 0 0 0 0 0 84 67 0 67 0 0 0 61 0 0 0 0 50 0 55 88 0 0 0 0 0 89 0 69 0 31 0 0 0 0 0 0 91 0 0 0 0 0 0 0 0 0 0 0 0 0 0
0 0 0 0 71 85 0 81 90 0 0 0 0 0 0 0 88 18 91 16 0 0 34 0 0 49 0 0 0 0 0 0 0 0 0 0 0 0 0 0 0 0 0 0 0 0 0 0 0 0 0 58 0 24 0 0 0 0 79 41 0 0 0 0 60 0 0 86 0 0 0 0 18 0 0 44 0 0 0 0 0 0 0 0 0 0 0 0 80 0 0 2 0 0 0 0 0 0 0 0
36 55 0 0 0 0 0 0 65 0 22 0 48 0 12 0 0 0 0 0 60 0 0 69 0 0 64 0 57 0 0 0 77 0 17 0 0 6 0 0 0 7 0 0 55 0 0 0 0 0 0 0 0 14 14 0 0 0 0 0 38 0 0 0 0 0 0 0 0 0 0 4 0 0 6 73 77 0 0 45 43 0 0 0 0 85 0 0 0 0 0 0 0 26 0 0 0 0 0 0
0 0 75 0 0 0 0 0 0 0 0 0 61 0 4 0 0 0 0 0 100 0 0 79 0 61 0 37 46 0 0 0 0 0 30 0 0 0 0 0 36 82 0 0 0 0 15 0 0 60 0 0 0 0 0 0 0 0 46 0 0 0 88 90 59 0 0 0 72 0 0 0 47 82 32 0 0 69 0 10 0 0 0 0 23 89 0 0 0 0 0 3 0 0 0 33 0 0 37 4
0 0 0 0 0 28 0 0 0 76 79 9 0 53 0 0 0 0 0 31 0 78 0 0 0 36 0 0 0 21 0 29 51 54 0 0 0 0 0 0 88 0 0 0 0 0 62 0 0 0 0 72 0 0 0 56 0 0 0 76 0 0 0 0 0 0 69 58 28 0 77 0 0 0 72 0 31 12 0 0 38 54 0 0 0 0 0 34 42 0 11 0 11 0 0 0 0 0 96 0
98 0 0 0 0 0 0 69 0 0 81 0 0 52 0 0 5 0 51 32 0 0 0 37 0 0 53 0 23 0 0 96 0 0 64 0 0 0 0 0 60 0 40 0 0 0 0 0 0 0 0 0 0 0 0 0 0 56 0 0 84 88 0 10 0 0 72 0 93 26 26 0 54 0 3 0 0 0 0 0 0 0 36 0 0 92 0 0 0 0 0 51 0 73 23 0 46 16 0 26
0 0 60 0 0 72 45 23 0 36 0 0 0 0 72 0 0 43 0 0 57 0 0 0 56 0 77 0 0 0 0 0 96 0 0 0 0 0 1 0 0 18 0 0 0 0 95 0 0 0 0 87 0 0 0 0 0 0 84 0 0 0 0 68 0 0 0 0 0 0 0 10 0 63 0 0 0 0 28 0 96 0 0 20 0 0 0 0 0 0 0 0 27 80 0 0 0 0 0 0
0 29 0 60 0 0 92 0 29 33 43 0 86 0 0 0 0 0 16 0 0 31 73 99 0 0 53 50 0 0 0 0 0 0 0 0 0 66 0 34 0 0 0 0 0 0 0 0 0 0 0 20 0 0 0 0 0 0 0 85 0 0 0 0 0 0 0 0 0 0 0 0 0 0 0 23 0 53 42 0 0 0 0 0 19 0 76 32 80 0 0 0 0 68 21 15 0 77 0 0
0 0 0 0 0 0 0 0 32 0 51 0 0 0 22 0 18 0 0 0 0 0 0 0 66 21 0 0 0 20 0 0 0 77 33 0 0 0 0 0 0 0 0 0 0 0 0 0 0 0 0 0 0 0 0 0 0 0 0 0 0 0 0 31 0 29 0 0 0 0 84 66 29 0 0 0 0 0 0 0 0 0 0 0 0 0 0 19 9 0 67 62 0 53 0 0 43 67 0 0
0 0 31 0 84 75 74 3 3 0 0 90 0 0 0 5 0 0 0 56 83 0 0 0 0 0 37 0 0 0 0 37 0 9 0 0 0 0 0 0 0 71 0 0 0 0 38 0 0 0 95 73 2 0 36 0 0 0 0 0 0 0 73 85 0 0 0 0 0 0 0 0 0 0 0 100 0 66 0 0 0 73 0 0 0 0 0 0 0 0 0 0 15 7 24 0 0 0 0 44
0 21 0 0 0 0 44 0 99 0 0 95 0 0 0 0 0 80 0 0 0 85 0 0 7 17 0 94 0 0 0 0 47 0 0 96 0 0 0 0 0 0 64 0 0 0 0 16 0 0 73 0 0 0 0 0 0 0 0 0 0 0 0 15 0 10 0 0 0 51 0 35 89 0 77 0 0 0 0 15 0 0 93 0 0 98 0 0 0 0 0 72 0 0 60 0 0 0 71 0
53 0 32 0 0 0 0 0 0 0 0 0 79 0 0 0 0 0 0 0 14 0 0 97 0 0 0 0 65 0 0 87 15 0 0 0 0 0 0 0 0 0 10 0 0 27 2 0 0 0 70 0 0 0 0 0 0 50 0 0 0 0 0 0 0 85 53 0 48 0 0 0 0 0 0 0 38 26 0 0 0 48 0 0 0 40 29 36 67 0 0 0 0 0 0 0 0 0 0 0
0 35 97 0 0 0 0 0 50 62 93 91 0 0 13 76 0 0 44 0 0 12 0 0 25 0 1 0 0 0 0 0 48 0 0 54 0 0 0 0 0 0 0 0 0 0 0 8 0 92 52 0 0 0 0 0 0 0 0 3 0 0 32 0 0 0 0 0 0 42 0 74 0 88 0 0 0 0 0 0 63 0 22 0 0 42 0 0 0 87 0 67 0 0 0 0 0 0 0 0
0 0 86 0 0 0 29 0 0 0 0 0 0 0 0 0 0 0 50 0 0 0 74 0 0 0 0 0 83 0 0 0 0 8 54 0 0 0 0 0 0 0 0 81 0 0 0 0 0 0 0 0 14 0 0 0 0 0 47 0 0 68 0 0 48 0 0 0 0 15 0 0 0 0 92 0 0 0 0 60 96 0 0 0 0 30 25 0 0 0 1 0 0 67 0 0 58 54 0 0
0 0 88 68 62 0 0 0 0 0 49 0 0 0 0 0 0 0 0 0 0 0 0 69 0 0 0 0 18 0 0 0 0 0 0 0 0 0 0 0 0 0 0 0 0 0 0 59 0 44 53 0 9 0 0 0 0 0 0 0 0 0 0 0 0 0 92 0 0 0 0 0 0 0 0 0 0 0 47 0 0 0 62 0 17 0 0 0 0 0 100 0 0 0 0 95 0 0 0 37
0 0 4 0 0 79 14 0 0 0 0 0 41 0 0 35 0 0 0 0 0 0 0 0 28 0 0 19 76 0 12 0 0 0 0 0 0 56 0 0 0 7 78 0 0 0 80 0 42 47 0 0 0 0 40 18 0 0 0 0 82 77 0 0 0 0 0 0 0 0 0 9 40 0 0 0 16 0 56 8 0 0 89 80 0 0 0 76 0 0 0 0 0 0 99 0 0 0 53 0
0 20 68 0 0 0 0 0 0 45 0 71 0 0 0 0 0 38 0 0 0 0 0 43 0 0 0 0 0 0 23 0 0 0 60 0 0 0 0 0 12 0 0 0 0 0 0 0 0 0 0 0 0 15 3 0 15 0 0 74 0 25 0 0 58 0 0 0 24 0 0 0 70 0 40 0 0 0 0 100 37 84 0 0 0 0 0 0 0 27 0 0 0 0 0 0 0 0 0 0
0 90 0 0 2 0 0 0 0 0 0 0 49 0 0 90 0 0 0 0 5 0 97 0 0 0 0 0 8 0 44 0 0 0 44 0 76 0 0 71 0 0 0 0 0 58 0 0 0 0 76 0 0 0 0 0 0 6 0 9 8 0 0 61 0 0 0 0 0 0 64 0 58 32 0 0 0 0 1 0 0 0 0 0 0 97 0 0 0 16 90 0 0 0 0 18 0 0 0 0
0 0 18 0 0 0 97 96 0 23 0 82 0 0 0 0 0 63 0 0 0 0 0 0 0 0 40 0 0 0 0 69 0 0 0 0 0 93 0 99 0 0 0 0 0 69 36 0 0 16 0 0 0 0 0 0 1 0 0 0 0 0 0 0 0 74 0 0 38 0 48 0 45 0 84 0 0 0 0 0 0 0 0 13 0 0 78 31 0 0 0 0 0 0 0 94 0 0 47 0
0 0 0 0 36 9 0 0 0 26 0 0 0 0 51 0 0 0 0 0 0 76 0 0 0 0 0 0 0 0 0 0 0 0 0 0 46 0 37 0 0 0 0 45 0 25 0 0 4 0 0 0 0 0 0 0 85 0 0 0 0 0 0 70 0 0 0 18 0 67 0 0 0 60 0 0 81 0 0 18 0 0 0 0 0 0 23 0 0 83 0 0 0 61 0 0 0 0 0 38
0 1 0 0 72 0 0 0 0 94 0 0 0 0 0 0 0 0 0 0 77 58 0 51 0 0 100 14 0 67 13 27 70 0 0 0 79 0 0 70 0 0 0 0 98 0 63 0 21 0 0 0 40 0 0 0 0 0 0 0 0 0 0 0 0 58 0 0 0 0 0 9 0 65 0 91 0 0 0 66 44 0 0 0 0 0 0 0 0 0 0 0 0 0 0 25 0 0 90 0
0 0 0 0 0 0 0 0 0 0 0 0 0 0 0 5 25 50 0 0 0 0 0 0 51 0 0 0 12 0 0 85 0 0 0 29 0 40 0 0 0 0 0 0 0 0 0 75 0 0 0 0 0 0 0 62 0 21 0 0 0 0 0 3 70 4 0 0 93 0 0 0 0 0 0 0 0 0 0 0 0 56 0 0 0 0 0 0 59 0 24 0 78 0 0 0 0 0 0 0
0 0 0 0 0 0 0 0 10 10 0 0 0 0 43 0 0 0 78 0 0 97 52 72 0 0 0 0 0 53 33 54 0 0 0 49 27 0 0 3 0 0 0 8 13 0 0 0 0 0 36 0 81 99 0 0 0 0 0 0 0 0 48 0 0 65 0 0 0 25 0 0 0 78 0 73 0 0 0 0 0 0 89 96 7 0 0 0 43 0 0 0 15 0 0 0 0 0 0 47
0 93 0 0 0 0 66 0 0 0 89 87 0 0 0 9 0 0 0 0 91 0 0 0 0 0 0 0 0 0 0 0 0 0 99 0 12 0 44 0 0 0 0 0 0 0 0 0 0 0 0 0 0 0 0 0 0 0 24 0 67 0 45 0 0 75 76 0 79 0 0 72 0 0 73 0 0 0 17 0 0 1 0 0 0 0 0 49 0 0 0 0 23 0 16 0 0 87 0 0
0 0 0 58 0 0 0 0 0 0 64 0 0 0 0 0 0 0 0 0 0 41 0 0 0 0 0 0 97 0 34 0 0 11 95 41 0 0 0 0 0 23 33 0 0 0 0 0 0 0 0 0 75 21 0 0 0 0 0 0 59 0 0 63 71 0 0 0 0 0 0 0 0 0 100 0 7 0 0 0 0 94 10 0 0 0 0 0 0 0 0 0 0 80 0 0 63 0 0 0
0 71 0 74 0 0 0 0 49 0 0 0 0 0 3 0 0 0 0 0 0 99 0 0 0 0 0 0 86 57 0 0 0 0 0 0 0 0 0 0 0 0 10 7 0 49 0 0 0 0 0 0 60 0 72 10 0 53 0 0 0 0 0 0 0 0 0 0 0 0 46 38 0 0 0 0 0 0 0 10 0 0 96 0 0 0 0 0 0 43 99 0 0 0 0 0 9 0 0 0
0 0 0 0 0 0 0 0 0 18 0 0 0 0 0 0 0 0 0 0 16 0 0 0 56 0 0 78 0 6 39 17 0 0 0 0 0 0 42 0 0 0 100 0 0 0 0 86 0 0 0 0 1 15 5 12 0 0 58 0 26 45 88 0 28 0 0 0 0 0 0 0 0 43 0 0 0 0 0 0 0 0 82 0 83 27 0 0 0 0 0 0 0 0 52 0 0 0 0 37
0 0 13 0 17 12 0 0 0 0 61 0 0 0 0 97 76 75 0 0 0 0 0 0 0 0 0 0 12 0 35 0 0 0 45 0 65 0 0 0 87 0 44 0 99 0 0 0 0 0 0 0 0 0 0 0 3 0 0 0 0 0 0 0 0 0 22 0 0 0 88 96 0 0 0 0 0 0 0 0 0 96 0 0 0 0 0 0 0 0 0 0 0 88 0 0 0 0 0 0
0 0 0 0 36 0 0 0 0 14 0 93 0 0 0 0 0 0 89 0 73 0 80 43 55 0 0 0 0 0 37 0 0 87 0 0 0 0 0 0 0 62 35 0 0 36 0 94 0 0 0 0 91 0 0 0 0 0 54 0 0 0 0 0 51 68 0 59 0 0 0 0 0 0 0 14 0 0 0 22 0 0 0 0 0 0 0 0 96 0 49 0 0 0 0 0 0 0 5 31
0 19 0 0 0 0 98 0 10 0 0 0 0 0 0 0 4 0 0 68 0 0 0 0 0 0 0 0 10 9 37 0 0 0 0 0 0 17 0 0 0 0 21 0 0 0 11 0 11 0 74 43 0 0 0 75 71 62 0 0 0 0 8 0 0 0 0 0 0 0 0 0 0 0 0 0 58 52 0 0 0 0 0 0 0 82 0 0 0 0 0 66 0 43 8 0 0 0 42 0
10 31 0 0 0 0 16 0 0 0 0 0 0 0 25 0 0 0 96 0 0 0 0 0 0 0 0 0 0 0 0 0 58 0 0 0 0 85 91 0 0 0 0 100 0 0 0 18 0 60 98 0 0 41 0 0 0 0 0 0 0 64 0 52 0 0 0 0 0 0 0 0 0 0 66 0 0 0 0 0 0 0 0 0 0 0 52 35 87 0 9 0 0 0 67 0 0 0 0 22
0 0 0 0 50 0 0 0 0 0 0 0 0 0 0 0 0 0 0 0 0 0 0 0 0 0 0 0 0 0 0 0 0 77 0 0 16 0 69 65 2 0 68 0 52 0 0 100 0 0 0 0 81 0 0 94 0 0 0 0 84 0 0 0 0 35 0 0 0 22 0 0 91 0 0 87 0 0 0 0 0 95 0 0 9 0 77 5 0 0 0 0 0 0 77 0 42 0 0 0
42 0 31 0 0 0 0 0 0 0 0 0 0 0 0 0 0 0 0 0 0 0 12 19 0 0 87 0 0 0 0 0 0 0 0 0 0 0 0 97 0 0 0 0 10 10 0 86 0 0 21 0 0 0 0 0 0 0 0 0 0 0 27 0 92 0 0 0 13 18 80 0 76 0 0 0 0 19 0 76 0 0 39 0 76 0 0 0 0 0 0 0 25 0 14 0 36 57 0 0
0 49 0 41 0 0 0 45 56 0 0 0 0 0 0 0 0 0 0 0 0 51 0 51 0 0 36 0 0 0 0 0 0 0 0 0 0 0 0 0 63 0 0 0 0 0 0 100 73 3 74 0 0 0 75 0 0 0 0 0 0 0 0 0 0 59 0 55 0 0 0 17 0 0 6 0 0 0 0 0 0 0 0 0 0 0 0 0 99 29 0 29 100 0 0 0 0 51 0 0
85 54 0 0 0 0 0 0 36 0 0 0 0 0 40 0 0 0 0 24 0 22 52 41 0 0 0 0 0 0 0 61 0 94 0 0 0 0 0 0 0 0 0 0 0 0 0 0 0 0 0 0 0 0 0 0 0 43 0 0 0 0 0 0 0 40 0 0 0 0 0 58 0 0 0 0 0 53 0 0 79 0 0 0 78 0 58 0 0 0 0 0 0 0 0 0 16 0 23 0
28 0 0 0 0 0 0 99 0 16 77 0 4 0 73 0 0 33 0 0 0 0 91 0 0 0 79 86 94 61 0 0 0 0 0 0 58 0 1 0 0 64 0 0 0 0 0 0 63 0 15 54 15 0 0 0 0 0 0 78 0 0 0 0 0 99 0 0 0 53 0 25 0 0 0 0 45 32 0 81 0 0 77 0 0 0 0 0 0 0 0 0 93 0 0 0 0 0 0 0
0 90 0 0 0 0 0 0 0 0 58 0 0 22 0 0 21 57 0 0 0 0 76 0 0 0 0 0 0 0 0 77 0 0 0 0 53 0 11 0 0 0 50 0 35 0 0 70 0 0 0 51 0 0 0 0 0 0 93 90 0 0 0 0 0 0 0 0 0 78 0 0 96 0 0 0 0 0 0 0 0 0 73 0 2 0 72 50 0 0 0 76 0 0 5 0 0 0 83 0
0 0 21 0 0 17 17 0 0 0 0 51 0 0 0 0 0 41 0 0 0 54 0 0 0 78 0 0 0 0 0 62 13 49 0 0 0 0 68 13 0 0 0 0 0 27 0 0 0 68 0 0 0 0 0 0 29 0 40 0 52 53 0 0 18 25 0 0 0 0 0 69 0 27 0 0 0 0 0 0 87 80 0 0 0 0 0 70 25 0 72 88 0 0 0 0 0 42 0 0
0 0 0 0 0 0 0 0 0 0 0 0 0 0 0 0 74 0 0 0 0 77 0 0 0 25 53 0 83 0 100 0 0 0 8 0 0 0 0 97 93 26 0 0 0 0 0 12 0 0 97 0 99 53 0 0 0 0 0 57 0 0 0 0 0 0 0 0 0 0 0 0 36 0 10 0 0 0 0 61 0 0 0 0 0 0 0 0 0 0 0 0 0 0 0 0 7 0 0 0
0 38 43 0 0 0 92 0 0 0 0 0 0 0 0 0 0 54 0 22 0 0 0 0 0 77 0 0 0 0 0 0 0 0 3 33 0 0 0 0 90 0 0 0 0 0 0 0 0 0 0 0 34 0 98 0 0 75 0 21 2 0 54 46 0 47 93 62 0 0 0 0 0 0 0 0 0 0 0 0 0 98 0 34 0 42 13 0 0 0 82 0 0 0 0 0 0 43 0 0
0 0 0 0 18 37 0 0 0 0 0 0 77 76 0 93 0 0 0 0 0 0 43 0 0 38 4 0 0 0 72 0 0 0 0 0 0 0 71 0 0 0 0 0 0 0 0 0 53 0 47 0 84 0 0 0 83 0 0 0 0 0 5 0 0 0 0 0 0 0 0 71 0 88 17 67 0 78 0 0 0 0 0 0 0 27 0 62 0 0 0 13 0 0 78 41 0 0 0 0
0 0 0 0 0 18 0 0 71 0 0 12 0 0 0 0 0 0 0 0 42 75 0 0 0 0 0 0 98 0 0 44 0 0 0 0 96 0 0 23 0 2 0 33 0 0 0 27 0 0 0 95 96 0 96 0 0 0 0 72 34 0 77 0 22 0 0 4 64 84 0 48 0 0 0 0 0 0 0 0 0 0 0 57 0 0 0 0 0 0 0 0 0 42 0 70 75 14 0 90
0 0 89 0 54 0 43 0 0 0 0 0 87 32 0 9 0 70 51 0 6 0 0 0 88 55 0 83 0 0 0 0 0 100 0 16 0 0 0 0 11 0 0 0 0 0 0 13 16 0 92 0 0 53 53 88 25 0 44 0 98 0 0 0 0 0 0 0 57 0 0 0 0 0 0 45 0 0 0 0 0 91 0 54 0 0 0 0 0 0 0 0 90 0 0 45 0 92 0 0
0 0 27 0 99 74 0 45 0 31 0 0 0 0 0 0 0 77 99 0 0 1 0 0 100 0 0 0 85 12 0 3 0 0 0 0 0 0 0 0 0 11 0 13 0 0 0 33 88 0 13 0 0 0 0 0 0 8 0 0 50 0 0 0 14 0 0 54 0 0 0 0 20 0 0 0 0 0 0 0 0 0 0 0 0 0 0 0 0 0 0 0 0 0 0 60 0 0 0 0
45 0 66 0 0 23 0 72 0 0 0 0 0 97 0 0 96 0 3 0 0 0 0 93 85 0 0 0 0 0 0 69 0 0 89 0 0 62 1 0 93 0 43 0 0 0 0 0 0 0 0 73 0 66 0 12 0 54 0 0 0 27 0 0 19 0 0 44 55 85 97 0 0 45 0 25 28 0 31 0 0 28 0 0 45 0 0 0 6 0 0 0 0 0 0 0 64 0 0 0
0 0 0 0 92 0 0 0 66 53 71 0 3 78 0 0 0 49 0 0 0 0 0 0 0 0 0 0 0 0 0 0 0 0 43 0 0 92 0 0 0 0 0 0 0 0 0 36 0 0 0 0 0 0 0 6 0 0 18 0 96 98 31 0 72 0 0 52 0 31 0 6 0 64 65 0 0 0 0 40 0 67 0 0 0 0 1 0 0 0 0 0 0 0 0 0 0 0 82 39
0 0 0 0 35 0 0 0 0 0 0 0 0 47 68 0 0 0 0 0 0 67 0 23 0 0 0 0 0 0 26 0 0 11 0 0 0 0 0 0 0 0 0 0 0 0 0 0 0 0 87 78 0 0 0 0 56 0 0 0 0 52 0 40 0 0 0 56 0 0 0 0 75 0 42 0 0 94 0 0 0 48 0 0 0 0 0 0 0 0 80 0 0 59 0 0 16 0 0 70
16 52 35 4 0 0 0 0 25 59 0 55 0 0 0 57 0 0 0 0 0 0 0 94 0 0 0 49 17 10 0 0 0 0 0 0 0 0 0 0 100 0 0 0 0 70 9 0 0 0 0 0 0 0 0 74 0 0 0 0 0 0 0 41 0 0 0 0 0 0 0 0 0 0 0 0 0 0 0 0 0 0 46 31 31 0 35 0 0 0 0 0 0 66 0 0 0 0 0 0
17 0 0 0 0 0 0 94 0 0 0 0 22 0 0 0 0 0 0 0 64 98 0 45 0 0 24 0 0 0 21 0 0 0 23 0 0 0 0 0 0 0 0 0 0 0 0 0 0 0 0 0 0 0 0 0 0 58 0 15 82 100 0 45 38 0 0 29 16 0 0 0 54 0 0 0 96 0 0 75 0 48 0 8 0 0 0 0 0 0 46 16 0 0 0 0 0 0 0 0
0 0 0 65 73 38 0 0 0 0 0 0 0 0 0 0 80 76 0 0 0 0 0 20 22 0 81 0 0 0 0 0 0 0 96 0 0 0 0 0 0 0 0 0 0 0 12 0 69 77 0 0 0 0 0 0 0 0 0 0 98 0 9 0 0 0 0 0 0 23 0 0 0 0 4 0 0 0 0 0 0 0 0 90 0 0 0 42 0 0 3 84 0 0 0 0 6 0 0 51
12 0 69 0 0 0 0 0 0 0 0 0 0 0 63 0 0 0 0 0 0 13 0 0 46 0 0 59 0 0 72 8 0 27 0 0 0 0 0 0 0 65 0 31 0 0 63 0 0 0 0 0 0 0 0 0 58 0 0 99 0 0 0 54 0 0 0 0 0 0 0 25 0 0 76 0 0 0 0 55 0 0 0 0 0 0 0 0 53 0 0 0 0 86 0 0 0 0 34 0
0 5 0 0 0 0 0 0 0 0 0 0 0 0 0 0 0 0 0 0 0 0 0 0 0 0 0 0 0 0 0 0 0 0 0 0 9 0 0 51 0 0 0 0 43 0 0 88 0 0 0 0 0 4 0 0 100 0 0 0 0 95 0 0 39 0 0 0 0 0 0 0 0 0 0 0 0 0 0 61 37 0 0 0 0 0 27 0 0 0 0 0 0 0 0 35 0 0 0 0
0 0 0 0 0 0 0 0 53 0 12 70 0 0 0 0 0 48 0 0 0 69 0 0 3 0 0 0 0 0 0 0 0 0 0 0 23 71 0 0 0 0 63 0 13 0 0 0 52 0 0 0 0 0 0 97 0 0 0 0 0 26 38 0 0 0 0 77 90 0 0 0 0 75 0 0 0 0 0 0 0 0 0 0 0 0 0 0 74 0 0 0 0 0 0 0 78 54 57 0
13 0 0 61 0 96 11 0 88 0 0 0 62 0 0 0 0 0 0 17 0 0 0 0 18 85 0 54 0 44 0 58 0 0 0 81 0 0 0 0 24 0 0 31 0 0 0 0 0 0 0 40 66 0 0 0 83 0 0 0 0 11 0 0 0 0 0 0 0 0 87 0 0 59 0 0 88 32 0 0 0 52 0 0 38 29 0 0 0 0 80 0 0 9 0 0 0 44 0 0
72 20 37 0 0 0 0 0 0 0 0 0 37 0 79 0 0 0 16 0 39 0 0 33 0 0 22 74 52 77 0 0 0 0 0 0 0 0 79 29 0 38 0 0 24 0 0 0 11 90 0 0 0 0 84 0 0 0 55 0 61 0 79 83 0 0 0 0 0 0 0 0 0 0 0 0 0 8 87 78 0 0 0 0 0 0 0 0 57 0 73 42 0 22 0 0 0 0 0 0
0 0 0 66 0 0 88 0 51 0 0 0 0 0 0 0 0 0 0 0 0 0 0 0 0 21 0 0 0 0 0 0 0 0 15 67 0 87 0 0 0 0 0 0 0 4 69 0 9 0 0 0 0 0 0 0 0 0 0 40 0 0 8 0 0 0 72 0 0 0 0 20 0 98 0 0 0 0 29 10 24 0 0 0 0 11 0 0 0 84 0 0 0 0 0 0 0 25 0 21
0 0 0 5 83 0 0 0 0 0 0 62 0 0 0 0 0 0 0 82 0 0 0 0 0 0 0 74 0 0 0 0 0 0 0 0 0 0 0 0 0 0 0 0 58 0 0 0 13 60 0 0 0 0 2 0 0 0 0 0 0 0 0 0 0 0 0 5 0 34 0 0 19 5 0 8 0 15 0 0 0 0 0 50 0 0 0 0 0 0 0 0 0 24 81 46 0 0 0 0
0 0 68 33 0 10 0 0 0 0 0 0 0 0 0 72 66 0 96 0 87 76 0 51 46 79 0 0 0 0 6 0 0 0 0 0 0 0 63 0 0 82 0 0 78 0 0 0 0 85 0 0 0 0 0 0 0 0 67 0 69 0 0 0 0 0 0 25 0 0 0 12 0 0 0 91 0 0 0 68 40 0 0 0 0 82 0 0 0 99 0 42 13 0 0 0 0 47 0 0
0 0 0 0 0 0 0 0 0 0 0 51 22 0 0 18 20 16 0 0 0 0 0 22 0 0 0 0 0 0 38 0 0 0 0 0 0 0 0 0 0 61 69 0 0 51 0 0 0 0 0 97 32 4 0 0 0 46 0 0 0 0 0 0 51 0 0 0 0 0 0 0 0 0 0 0 0 0 81 45 65 46 0 57 12 0 81 0 0 0 29 0 0 0 0 0 0 0 0 0
28 0 0 0 0 85 0 81 0 74 0 0 0 0 0 0 0 96 5 67 0 0 0 0 0 0 0 17 0 0 0 0 0 0 0 0 0 0 48 0 0 0 0 0 0 0 0 0 0 0 0 0 0 0 71 0 0 60 0 30 0 0 27 0 0 1 27 0 0 83 0 78 0 0 0 40 33 0 90 0 88 0 0 53 0 0 0 0 0 66 0 19 0 0 0 0 0 0 0 98
0 0 30 0 0 0 0 0 63 0 55 7 0 38 63 0 0 0 47 0 0 0 94 0 0 0 0 0 0 0 5 0 0 0 0 0 92 0 0 4 0 0 54 0 0 0 0 0 0 0 0 0 58 0 0 0 0 17 0 0 0 0 0 0 78 18 0 11 0 61 0 0 27 0 0 0 0 0 0 19 0 0 0 0 99 0 0 12 0 0 0 0 0 0 44 8 0 0 0 0
0 0 0 0 50 0 0 44 9 20 0 0 0 0 0 0 38 0 0 48 0 0 0 41 0 0 0 0 0 92 0 94 71 0 0 0 0 21 0 0 0 49 0 0 0 0 0 0 0 0 0 0 12 52 54 0 0 0 1 41 33 13 0 0 0 0 0 0 0 0 0 17 0 0 4 50 49 0 0 69 0 0 0 7 0 0 0 48 0 0 0 0 0 0 0 0 0 29 0 0
0 35 0 51 0 0 0 0 0 0 0 0 0 0 0 0 94 0 0 0 0 0 44 0 0 0 0 65 0 41 0 0 3 92 0 0 12 0 0 0 82 0 25 89 0 0 0 0 0 0 0 0 32 23 0 0 0 21 0 0 94 0 0 0 0 94 0 0 0 0 0 0 0 0 0 0 90 0 0 0 63 62 0 0 50 0 0 0 0 0 0 0 0 55 0 0 0 0 0 0
0 0 0 0 0 55 0 45 0 0 0 0 0 79 0 0 0 0 0 0 74 44 0 1 0 56 54 0 0 0 0 0 0 0 41 0 0 0 0 27 0 51 0 0 0 0 0 0 0 46 0 0 0 0 28 0 0 0 24 0 0 0 0 44 0 35 61 0 84 0 0 0 69 0 0 0 0 0 0 0 6 0 0 70 0 0 1 0 0 0 17 0 0 0 0 95 43 0 0 0
0 76 23 0 0 0 54 0 0 0 0 0 0 0 0 0 0 30 0 36 16 0 91 0 0 0 0 0 0 5 0 0 0 0 30 0 0 0 90 0 0 0 0 0 0 69 0 0 51 0 0 66 0 97 0 0 0 0 87 0 0 0 76 83 0 17 0 54 68 0 0 0 0 0 0 0 0 0 30 0 0 58 0 0 0 0 0 0 5 0 6 53 0 6 0 55 14 0 0 0
0 0 0 0 0 0 0 0 0 0 0 0 25 0 0 63 0 0 0 0 0 0 0 0 81 0 0 20 0 7 0 71 0 0 63 0 0 0 0 0 0 82 0 29 0 0 0 0 71 0 0 0 0 20 0 0 0 42 0 92 0 0 0 0 0 0 79 54 0 75 0 0 0 0 0 0 0 0 0 88 0 21 0 0 0 72 0 0 51 0 0 69 1 0 0 13 28 0 0 0
0 0 0 0 0 0 0 0 48 0 0 51 0 0 0 0 0 0 0 17 85 62 0 0 0 9 0 0 0 0 0 0 0 0 100 0 0 0 0 0 23 0 0 0 0 0 0 0 0 47 0 37 74 0 0 66 0 15 0 0 99 12 0 0 0 0 63 19 85 0 96 0 0 24 0 0 66 40 32 0 0 0 0 61 0 21 0 0 0 0 83 89 0 0 35 85 0 0 0 0
0 5 0 0 0 0 2 0 0 0 0 0 0 0 0 35 0 0 0 0 0 0 48 0 93 0 51 0 0 0 0 27 0 0 0 0 0 0 0 4 0 22 0 0 0 0 0 0 0 0 87 0 0 0 8 0 0 0 0 0 0 0 0 0 29 0 0 0 86 94 0 22 0 0 0 33 0 0 0 0 0 0 70 0 29 45 0 0 0 0 0 0 9 0 0 26 0 0 0 28
0 0 0 0 0 73 60 0 0 0 0 0 0 0 0 65 76 0 53 0 0 0 0 0 0 0 0 95 0 0 0 0 0 0 0 48 0 0 0 0 0 76 0 0 81 0 0 69 0 0 0 0 46 0 0 40 0 0 0 0 0 0 0 0 0 0 0 0 0 43 0 0 0 0 0 0 0 0 0 60 0 0 0 0 0 0 0 0 40 0 0 0 0 0 0 52 3 0 0 0
0 0 0 81 91 0 0 0 0 0 0 0 0 0 0 0 0 0 0 0 0 0 46 48 0 0 0 0 12 0 0 0 0 0 0 0 0 0 0 0 0 52 0 44 0 0 0 78 36 0 0 0 47 2 80 47 0 20 0 0 14 64 0 0 0 0 70 51 0 0 0 0 0 87 0 0 0 0 0 0 0 60 87 0 46 0 24 83 0 18 83 0 0 0 0 0 0 58 0 0
0 0 0 19 0 0 0 0 0 0 0 0 59 0 0 10 0 0 60 0 0 0 0 0 0 0 62 0 0 26 0 0 77 0 0 30 0 0 0 0 0 1 0 53 0 81 0 81 0 0 0 0 0 36 41 0 0 0 0 65 0 0 73 0 0 42 0 43 0 0 0 0 22 0 0 0 0 0 74 0 0 0 0 0 0 0 3 0 0 5 0 0 39 6 96 9 0 0 6 84
94 0 0 0 0 0 11 15 81 0 0 0 24 0 0 0 0 0 0 0 0 0 0 0 0 69 0 13 22 0 0 0 0 0 0 0 67 0 72 38 0 0 86 0 0 0 0 0 0 0 0 0 0 0 0 0 0 0 0 0 38 0 0 0 0 0 0 0 0 0 0 0 0 0 33 36 0 24 0 0 0 0 3 0 0 0 0 0 0 80 80 0 0 0 53 0 0 0 0 0
0 0 0 0 0 0 0 0 0 0 0 0 0 0 0 0 22 0 38 0 52 0 0 0 0 0 0 73 0 0 0 82 0 0 0 90 3 83 0 0 67 0 0 0 0 0 64 37 0 42 96 0 63 0 0 0 0 0 43 0 0 0 0 0 0 48 0 88 0 0 47 0 0 0 0 0 0 0 38 88 0 60 0 0 0 36 0 0 88 71 0 0 60 73 0 0 0 0 0 0
72 0 0 0 0 0 36 67 0 0 0 23 0 0 0 0 0 0 0 56 0 12 0 0 55 0 0 10 0 0 0 0 0 0 0 64 0 0 0 0 0 0 0 0 0 0 0 0 0 0 0 0 0 0 0 57 100 0 0 0 0 0 0 88 0 0 0 84 0 0 0 0 16 79 0 44 75 0 0 0 0 19 0 0 31 0 0 0 0 0 0 45 0 0 0 0 0 0 0 0
0 94 75 0 0 85 0 73 0 0 0 0 0 0 91 0 0 89 0 0 0 0 37 0 0 0 0 0 0 83 0 0 0 0 0 0 4 0 0 0 0 0 68 0 60 0 0 0 40 0 0 0 70 0 0 0 0 0 0 0 0 0 0 0 0 59 14 10 0 0 0 0 0 0 0 0 1 0 58 0 0 0 2 0 0 4 10 0 0 0 60 0 0 27 0 0 0 0 0 0
0 0 0 23 0 0 0 0 0 42 0 0 0 0 0 0 0 0 34 0 0 0 0 0 0 54 0 89 0 45 0 78 0 0 0 95 0 0 0 100 0 0 26 0 0 0 0 0 0 0 58 47 0 98 0 97 13 0 68 75 21 57 0 0 0 0 0 0 55 0 0 0 0 69 0 5 0 84 0 55 0 77 0 0 29 0 50 84 0 79 0 0 0 4 0 0 0 0 20 90
0 36 0 0 0 0 62 31 0 0 40 0 0 0 0 0 0 0 0 0 60 0 0 0 0 0 61 0 0 0 0 0 0 14 0 0 0 22 0 0 35 88 0 0 0 50 60 29 78 0 0 0 0 0 0 0 0 77 0 1 49 72 0 0 0 0 0 42 0 0 0 0 0 0 0 0 0 0 0 0 81 0 0 0 0 0 0 0 0 24 45 28 8 0 15 0 0 41 0 52
15 0 0 13 0 76 0 0 0 0 0 0 0 0 0 0 0 0 43 0 0 0 0 0 0 0 0 24 12 0 14 0 0 89 65 7 0 0 84 79 39 0 0 0 0 0 0 0 0 0 0 0 0 0 0 30 0 32 0 0 0 0 0 0 56 0 0 83 0 0 0 0 0 0 0 0 0 0 0 0 53 0 55 0 50 77 0 0 0 0 57 0 0 14 71 0 0 0 0 0
0 41 0 0 0 16 0 0 0 0 10 66 0 0 0 0 0 53 0 60 0 0 0 0 39 0 0 0 0 0 0 0 0 0 79 0 69 87 0 44 0 0 0 0 0 0 45 15 0 0 0 0 41 0 0 15 57 63 0 32 0 97 0 0 0 79 0 0 75 0 81 0 0 0 0 0 0 0 0 0 59 0 0 0 0 0 0 0 0 0 0 0 0 0 0 0 32 0 0 45
0 77 0 98 2 3 0 0 0 16 0 0 0 0 0 0 19 0 0 0 0 73 0 0 0 33 0 0 0 0 0 0 21 0 0 0 0 0 0 91 0 0 0 0 22 0 0 0 70 42 0 31 0 0 0 0 0 0 0 0 0 0 0 53 0 0 54 62 0 0 0 6 0 0 0 0 32 0 51 0 0 0 41 0 76 0 0 58 0 0 0 0 0 0 60 0 0 0 0 0
46 0 0 0 0 0 0 0 0 0 80 93 0 77 0 0 82 8 0 0 85 0 0 0 31 0 0 0 0 0 51 0 0 80 0 0 0 32 0 1 87 87 0 0 0 0 96 0 0 0 49 0 0 0 0 0 0 0 0 0 0 0 0 0 0 0 4 12 0 0 0 99 0 69 0 0 0 0 77 0 0 0 74 0 0 0 17 0 0 1 0 0 0 0 0 0 0 0 33 0
42 64 0 53 0 0 0 0 0 0 0 0 0 9 69 0 0 38 0 0 0 0 13 12 0 0 0 0 38 0 0 0 0 0 0 0 1 0 0 0 35 0 0 0 48 0 16 0 0 0 0 0 0 0 0 0 0 0 0 68 0 0 0 0 0 0 0 0 29 20 71 0 0 0 0 0 0 0 0 0 84 3 0 78 14 0 0 58 25 19 47 0 0 44 0 0 0 11 0 0
0 43 0 0 0 0 0 0 0 21 0 0 0 0 70 44 38 0 0 0 0 0 0 64 0 0 92 8 60 89 0 0 0 0 0 0 0 0 0 0 0 0 0 6 4 0 0 0 0 36 28 0 35 0 0 9 51 0 47 0 69 0 18 0 0 44 0 41 0 0 92 0 0 0 0 17 0 0 0 0 0 0 0 99 0 0 62 0 0 0 0 0 8 0 0 0 98 53 0 0
47 0 0 0 0 0 0 0 0 0 0 0 0 69 0 0 0 40 0 0 0 0 0 0 0 0 5 0 0 0 0 0 0 0 0 0 0 0 0 0 0 0 0 0 0 0 0 77 0 0 0 32 0 0 87 0 51 0 0 0 0 0 30 0 54 0 0 0 14 0 0 2 7 0 0 0 0 0 0 0 0 50 1 0 0 28 0 3 0 0 85 0 0 0 9 94 0 0 0 0
64 74 34 0 0 66 69 0 0 0 62 90 97 0 11 0 100 30 0 0 0 0 0 0 0 0 0 0 0 87 0 0 0 0 0 0 0 86 0 0 84 0 0 0 0 0 93 0 0 0 5 0 54 0 42 0 0 0 10 20 43 0 0 0 0 0 0 0 73 90 0 0 0 0 0 0 0 0 45 0 100 0 0 0 85 0 0 0 0 94 0 0 42 0 0 0 0 0 0 0
40 0 69 15 0 14 0 0 7 0 0 0 0 0 0 0 45 0 49 0 49 0 0 0 0 0 0 0 0 0 0 0 0 0 0 0 0 25 0 0 0 95 0 0 0 0 0 0 0 24 0 82 0 0 92 0 0 0 0 0 0 0 0 0 0 46 0 20 0 0 91 42 0 0 0 7 0 7 0 38 0 0 0 64 0 0 0 0 0 0 0 0 0 77 77 43 0 0 52 0
33 0 0 13 0 0 0 76 0 0 0 45 0 32 35 0 0 0 0 86 0 18 0 0 0 0 0 0 45 0 11 0 0 0 0 0 0 0 0 0 0 0 32 0 0 32 70 0 0 0 0 62 0 0 0 0 0 68 0 0 50 0 72 56 99 87 0 0 0 71 0 0 0 0 0 0 22 0 56 0 0 81 0 0 0 0 0 0 0 0 0 0 68 67 0 0 0 0 0 0
0 0 0 0 0 0 0 0 0 0 0 0 86 0 0 0 0 87 0 77 0 0 0 0 0 0 0 0 0 69 0 0 0 95 0 51 0 0 0 15 0 0 0 59 0 33 0 0 0 0 37 83 0 10 0 10 0 0 0 63 0 0 0 0 37 0 46 8 0 0 0 0 0 0 47 0 0 100 0 0 0 0 31 6 0 0 0 65 0 34 8 0 0 0 0 0 62 31 0 0
72 92 0 79 0 23 39 0 0 84 0 78 0 0 0 72 0 0 94 18 83 56 0 99 93 64 0 0 0 0 0 0 0 0 0 0 0 0 0 0 0 0 0 0 0 0 0 22 0 76 0 0 58 0 0 0 0 0 87 0 82 0 0 0 0 0 0 0 0 0 0 13 50 0 0 0 39 88 14 78 13 0 0 0 38 14 67 0 0 0 97 50 0 0 0 0 0 47 0 0
0 78 1 0 75 0 6 0 0 0 4 0 0 0 0 0 0 0 0 0 0 0 0 46 0 96 0 0 7 84 38 0 22 0 0 0 72 0 0 0 0 0 0 0 0 0 0 69 0 0 92 0 0 0 0 0 0 0 33 44 0 0 0 0 0 60 88 0 0 0 0 0 23 98 28 0 0 0 0 53 0 0 0 0 0 0 100 0 0 94 0 0 0 0 91 67 16 0 0 87
79 0 95 0 0 0 0 0 47 0 90 0 47 0 0 95 0 0 0 0 89 0 0 0 0 0 0 64 0 57 0 11 0 17 0 56 63 0 0 0 0 0 0 0 20 0 0 79 38 0 0 0 66 0 0 54 11 0 0 0 0 49 0 26 0 0 0 0 0 0 0 0 41 0 0 0 0 85 0 98 0 50 0 37 15 0 0 0 0 0 0 0 79 82 0 69 0 0 0 38
79 0 0 0 0 0 0 86 82 79 0 6 0 0 0 0 82 0 0 0 0 5 50 52 53 34 0 0 0 35 0 0 54 81 73 0 69 0 0 0 0 87 5 0 64 0 0 0 76 0 0 16 88 0 0 56 0 0 0 0 0 0 15 0 4 32 92 44 0 31 0 10 50 0 2 0 35 0 0 0 53 0 0 0 0 0 74 63 0 0 62 0 0 0 98 0 0 0 0 0
0 70 71 0 0 0 0 37 0 0 35 0 0 75 0 0 0 0 91 0 0 0 0 55 93 0 0 0 40 13 0 0 7 0 0 0 0 0 71 9 0 0 0 0 24 0 0 57 94 0 0 0 93 0 55 0 0 0 0 0 0 0 25 0 0 0 0 0 0 0 0 0 0 0 18 0 0 0 0 0 0 0 36 0 0 0 0 0 0 0 17 0 48 0 0 0 0 0 0 0
22 76 0 0 0 0 0 0 42 0 0 0 0 0 96 88 0 18 0 0 0 0 0 0 0 99 0 0 0 0 0 95 93 0 0 0 0 0 0 0 0 0 0 0 0 92 0 0 65 0 0 0 0 0 0 0 0 56 0 0 0 0 0 20 74 0 0 77 71 0 0 0 32 0 33 35 0 0 0 0 0 0 0 81 0 0 8 0 0 0 0 34 51 64 0 0 0 0 0 0
0 0 0 0 0 0 77 0 0 7 0 3 0 0 0 0 0 0 0 0 0 0 79 65 23 37 40 0 0 0 43 97 0 0 0 0 68 0 0 0 0 0 0 0 0 0 81 0 0 0 0 99 0 0 0 0 0 87 73 0 0 0 0 0 16 0 0 0 0 0 95 97 69 0 0 0 0 0 0 0 0 0 0 0 0 0 0 0 0 0 0 22 80 0 80 49 0 0 80 0
0 0 0 0 0 0 0 0 21 0 83 0 0 0 60 36 0 0 0 0 1 0 0 0 0 8 0 0 0 0 0 0 24 0 0 0 0 0 92 0 0 0 0 0 0 0 0 86 0 0 55 0 0 0 0 0 0 95 0 19 0 0 4 0 11 0 0 0 18 0 0 0 87 0 0 0 19 0 0 67 0 0 0 0 0 0 43 0 0 0 0 0 0 0 30 0 0 28 0 0
46 0 0 0 0 0 0 0 0 0 18 55 0 32 91 0 0 0 0 0 45 0 55 15 0 0 0 21 0 0 0 48 0 0 0 18 0 0 0 0 0 7 82 0 0 0 0 0 0 0 0 0 0 0 0 0 0 15 97 0 0 68 0 0 0 91 63 0 28 33 0 0 0 0 0 0 0 0 0 0 0 0 1 0 0 0 100 0 0 0 27 0 0 55 0 0 0 0 0 0
5 0 0 0 0 0 0 0 28 0 0 22 97 65 0 44 43 0 11 0 0 27 0 0 92 0 44 0 0 81 74 0 0 64 0 0 0 0 0 0 0 0 0 0 0 0 0 0 65 0 63 30 94 0 0 31 0 62 1 0 0 0 0 19 0 0 0 0 0 0 0 31 0 52 31 0 0 0 0 0 79 0 83 0 0 0 0 45 0 0 84 0 41 0 0 0 0 19 47 0
0 0 0 0 92 0 29 0 0 0 0 0 0 64 9 0 0 0 0 0 0 0 0 0 0 0 0 0 0 38 0 57 0 54 0 0 0 0 0 0 0 0 0 54 0 0 0 0 0 0 50 0 0 26 22 97 0 0 0 0 0 0 0 44 14 100 0 88 0 0 0 0 76 0 0 0 0 0 0 0 39 0 0 72 83 0 0 0 0 0 0 0 0 0 0 0 9 0 95 0
50 0 46 0 0 27 83 0 0 0 0 0 36 2 0 0 39 0 0 0 0 0 0 0 5 0 0 44 0 0 40 42 0 55 0 0 0 0 0 0 0 0 0 0 0 0 0 0 0 0 0 0 0 53 0 0 93 0 47 31 0 0 0 0 17 0 0 0 0 0 0 88 0 0 0 0 0 0 98 0 0 0 45 0 0 0 0 0 96 0 0 0 0 0 0 99 0 0 0 97
50 0 56 0 0 0 0 44 0 0 0 0 0 0 0 0 29 0 0 0 0 0 41 0 0 34 95 0 59 0 0 0 0 0 13 0 0 0 0 0 0 0 89 0 0 0 0 43 0 0 0 0 0 9 59 0 87 0 0 0 92 0 0 0 0 25 0 16 61 0 0 0 0 0 97 0 34 0 63 0 0 0 0 0 0 61 0 0 0 0 0 0 0 0 0 0 0 0 0 0
0 0 0 0 81 69 0 91 42 0 0 0 0 0 0 0 15 95 63 33 0 0 89 0 0 75 0 0 0 0 0 0 0 0 0 0 0 0 0 0 0 0 0 0 0 0 0 0 0 0 0 66 0 26 0 0 0 0 38 92 0 0 0 0 17 0 0 9 0 0 0 0 44 0 0 19 0 0 0 0 0 0 0 0 0 0 0 0 57 0 0 97 0 0 0 0 0 0 0 0
50 55 0 0 0 0 0 0 83 0 47 0 14 0 14 0 0 0 0 0 23 0 0 47 0 0 47 0 23 0 0 0 66 0 88 0 0 50 0 0 0 5 0 0 60 0 0 0 0 0 0 0 0 56 12 0 0 0 0 0 20 0 0 0 0 0 0 0 0 0 0 45 0 0 85 37 93 0 0 4 87 0 0 0 0 67 0 0 0 0 0 0 0 51 0 0 0 0 0 0
0 0 89 0 0 0 0 0 0 0 0 0 18 0 29 0 0 0 0 0 55 0 0 40 0 19 0 71 77 0 0 0 0 0 30 0 0 0 0 0 16 79 0 0 0 0 63 0 0 47 0 0 0 0 0 0 0 0 86 0 0 0 3 24 66 0 0 0 19 0 0 0 14 40 61 0 0 83 0 9 0 0 0 0 47 8 0 0 0 0 0 74 0 0 0 9 0 0 85 37
0 0 0 0 0 70 0 0 0 11 95 14 0 85 0 0 0 0 0 30 0 10 0 0 0 58 0 0 0 45 0 28 46 27 0 0 0 0 0 0 17 0 0 0 0 0 90 0 0 0 0 56 0 0 0 100 0 0 0 77 0 0 0 0 0 0 35 43 71 0 2 0 0 0 26 0 55 42 0 0 43 42 0 0 0 0 0 19 58 0 92 0 1 0 0 0 0 0 42 0
66 0 0 0 0 0 0 13 0 0 73 0 0 15 0 0 83 0 59 25 0 0 0 73 0 0 69 0 38 0 0 24 0 0 87 0 0 0 0 0 17 0 29 0 0 0 0 0 0 0 0 0 0 0 0 0 0 68 0 0 73 46 0 34 0 0 49 0 83 14 72 0 68 0 87 0 0 0 0 0 0 0 78 0 0 7 0 0 0 0 0 59 0 70 49 0 38 96 0 68
0 0 99 0 0 17 26 46 0 13 0 0 0 0 21 0 0 34 0 0 49 0 0 0 78 0 74 0 0 0 0 0 42 0 0 0 0 0 4 0 0 65 0 0 0 0 49 0 0 0 0 23 0 0 0 0 0 0 93 0 0 0 0 4 0 0 0 0 0 0 0 62 0 54 0 0 0 0 23 0 36 0 0 32 0 0 0 0 0 0 0 0 30 94 0 0 0 0 0 0
0 69 0 47 0 0 43 0 60 97 58 0 66 0 0 0 0 0 18 0 0 63 98 67 0 0 62 77 0 0 0 0 0 0 0 0 0 33 0 12 0 0 0 0 0 0 0 0 0 0 0 51 0 0 0 0 0 0 0 20 0 0 0 0 0 0 0 0 0 0 0 0 0 0 0 12 0 75 50 0 0 0 0 0 19 0 91 98 43 0 0 0 0 12 63 7 0 88 0 0
0 0 0 0 0 0 0 0 65 0 32 0 0 0 9 0 56 0 0 0 0 0 0 0 8 30 0 0 0 64 0 0 0 2 35 0 0 0 0 0 0 0 0 0 0 0 0 0 0 0 0 0 0 0 0 0 0 0 0 0 0 0 0 19 0 25 0 0 0 0 2 30 31 0 0 0 0 0 0 0 0 0 0 0 0 0 0 15 70 0 94 57 0 12 0 0 39 39 0 0
0 0 71 0 6 22 96 37 2 0 0 58 0 0 0 21 0 0 0 93 64 0 0 0 0 0 44 0 0 0 0 49 0 93 0 0 0 0 0 0 0 73 0 0 0 0 77 0 0 0 41 7 4 0 51 0 0 0 0 0 0 0 94 23 0 0 0 0 0 0 0 0 0 0 0 25 0 7 0 0 0 76 0 0 0 0 0 0 0 0 0 0 92 46 47 0 0 0 0 34
0 94 0 0 0 0 25 0 5 0 0 68 0 0 0 0 0 83 0 0 0 26 0 0 20 54 0 95 0 0 0 0 69 0 0 21 0 0 0 0 0 0 48 0 0 0 0 73 0 0 68 0 0 0 0 0 0 0 0 0 0 0 0 39 0 90 0 0 0 89 0 86 19 0 37 0 0 0 0 32 0 0 16 0 0 38 0 0 0 0 0 15 0 0 33 0 0 0 19 0
76 0 1 0 0 0 0 0 0 0 0 0 89 0 0 0 0 0 0 0 12 0 0 97 0 0 0 0 44 0 0 24 15 0 0 0 0 0 0 0 0 0 92 0 0 7 9 0 0 0 98 0 0 0 0 0 0 14 0 0 0 0 0 0 0 70 38 0 32 0 0 0 0 0 0 0 22 25 0 0 0 46 0 0 0 27 15 70 67 0 0 0 0 0 0 0 0 0 0 0
0 1 88 0 0 0 0 0 74 4 25 31 0 0 61 33 0 0 4 0 0 40 0 0 28 0 3 0 0 0 0 0 91 0 0 38 0 0 0 0 0 0 0 0 0 0 0 58 0 68 70 0 0 0 0 0 0 0 0 55 0 0 3 0 0 0 0 0 0 56 0 86 0 6 0 0 0 0 0 0 33 0 90 0 0 76 0 0 0 38 0 36 0 0 0 0 0 0 0 0
0 0 79 0 0 0 13 0 0 0 0 0 0 0 0 0 0 0 53 0 0 0 87 0 0 0 0 0 41 0 0 0 0 22 44 0 0 0 0 0 0 0 0 24 0 0 0 0 0 0 0 0 69 0 0 0 0 0 31 0 0 96 0 0 71 0 0 0 0 13 0 0 0 0 9 0 0 0 0 64 31 0 0 0 0 84 46 0 0 0 80 0 0 17 0 0 60 2 0 0
0 0 99 98 95 0 0 0 0 0 21 0 0 0 0 0 0 0 0 0 0 0 0 8 0 0 0 0 10 0 0 0 0 0 0 0 0 0 0 0 0 0 0 0 0 0 0 32 0 49 60 0 21 0 0 0 0 0 0 0 0 0 0 0 0 0 52 0 0 0 0 0 0 0 0 0 0 0 84 0 0 0 31 0 36 0 0 0 0 0 43 0 0 0 0 54 0 0 0 27
0 0 14 0 0 11 37 0 0 0 0 0 82 0 0 7 0 0 0 0 0 0 0 0 88 0 0 20 70 0 61 0 0 0 0 0 0 48 0 0 0 50 51 0 0 0 60 0 11 23 0 0 0 0 50 94 0 0 0 0 51 66 0 0 0 0 0 0 0 0 0 21 29 0 0 0 37 0 96 35 0 0 100 21 0 0 0 16 0 0 0 0 0 0 84 0 0 0 56 0
0 4 41 0 0 0 0 0 0 98 0 3 0 0 0 0 0 70 0 0 0 0 0 17 0 0 0 0 0 0 41 0 0 0 73 0 0 0 0 0 42 0 0 0 0 0 0 0 0 0 0 0 0 1 87 0 64 0 0 20 0 99 0 0 7 0 0 0 36 0 0 0 5 0 28 0 0 0 0 33 22 82 0 0 0 0 0 0 0 14 0 0 0 0 0 0 0 0 0 0
0 52 0 0 27 0 0 0 0 0 0 0 74 0 0 53 0 0 0 0 14 0 25 0 0 0 0 0 40 0 8 0 0 0 69 0 80 0 0 43 0 0 0 0 0 5 0 0 0 0 78 0 0 0 0 0 0 31 0 16 80 0 0 67 0 0 0 0 0 0 49 0 80 13 0 0 0 0 48 0 0 0 0 0 0 20 0 0 0 88 15 0 0 0 0 14 0 0 0 0
0 0 65 0 0 0 90 89 0 74 0 12 0 0 0 0 0 11 0 0 0 0 0 0 0 0 87 0 0 0 0 62 0 0 0 0 0 46 0 83 0 0 0 0 0 70 78 0 0 18 0 0 0 0 0 0 7 0 0 0 0 0 0 0 0 11 0 0 95 0 100 0 88 0 77 0 0 0 0 0 0 0 0 4 0 0 48 52 0 0 0 0 0 0 0 93 0 0 67 0
0 0 0 0 63 81 0 0 0 4 0 0 0 0 74 0 0 0 0 0 0 9 0 0 0 0 0 0 0 0 0 0 0 0 0 0 19 0 4 0 0 0 0 11 0 78 0 0 60 0 0 0 0 0 0 0 85 0 0 0 0 0 0 5 0 0 0 89 0 53 0 0 0 92 0 0 14 0 0 86 0 0 0 0 0 0 4 0 0 40 0 0 0 17 0 0 0 0 0 99
0 43 0 0 83 0 0 0 0 4 0 0 0 0 0 0 0 0 0 0 18 23 0 25 0 0 31 43 0 58 86 49 28 0 0 0 9 0 0 41 0 0 0 0 9 0 47 0 34 0 0 0 84 0 0 0 0 0 0 0 0 0 0 0 0 82 0 0 0 0 0 72 0 63 0 10 0 0 0 77 93 0 0 0 0 0 0 0 0 0 0 0 0 0 0 56 0 0 13 0
0 0 0 0 0 0 0 0 0 0 0 0 0 0 0 13 72 94 0 0 0 0 0 0 3 0 0 0 97 0 0 28 0 0 0 24 0 93 0 0 0 0 0 0 0 0 0 6 0 0 0 0 0 0 0 5 0 58 0 0 0 0 0 29 29 40 0 0 80 0 0 0 0 0 0 0 0 0 0 0 0 40 0 0 0 0 0 0 79 0 99 0 71 0 0 0 0 0 0 0
0 0 0 0 0 0 0 0 19 17 0 0 0 0 16 0 0 0 60 0 0 48 45 22 0 0 0 0 0 51 24 14 0 0 0 42 45 0 0 2 0 0 0 48 68 0 0 0 0 0 97 0 3 55 0 0 0 0 0 0 0 0 6 0 0 93 0 0 0 30 0 0 0 53 0 18 0 0 0 0 0 0 90 7 85 0 0 0 99 0 0 0 28 0 0 0 0 0 0 71
0 12 0 0 0 0 67 0 0 0 71 32 0 0 0 48 0 0 0 0 40 0 0 0 0 0 0 0 0 0 0 0 0 0 65 0 7 0 51 0 0 0 0 0 0 0 0 0 0 0 0 0 0 0 0 0 0 0 42 0 86 0 25 0 0 98 84 0 96 0 0 7 0 0 57 0 0 0 82 0 0 50 0 0 0 0 0 92 0 0 0 0 20 0 56 0 0 66 0 0
0 0 0 46 0 0 0 0 0 0 34 0 0 0 0 0 0 0 0 0 0 49 0 0 0 0 0 0 8 0 34 0 0 89 74 48 0 0 0 0 0 42 24 0 0 0 0 0 0 0 0 0 94 54 0 0 0 0 0 0 13 0 0 5 28 0 0 0 0 0 0 0 0 0 5 0 75 0 0 0 0 49 67 0 0 0 0 0 0 0 0 0 0 89 0 0 68 0 0 0
0 49 0 56 0 0 0 0 88 0 0 0 0 0 10 0 0 0 0 0 0 50 0 0 0 0 0 0 15 42 0 0 0 0 0 0 0 0 0 0 0 0 12 75 0 94 0 0 0 0 0 0 2 0 30 100 0 25 0 0 0 0 0 0 0 0 0 0 0 0 59 96 0 0 0 0 0 0 0 62 0 0 75 0 0 0 0 0 0 5 14 0 0 0 0 0 25 0 0 0
0 0 0 0 0 0 0 0 0 57 0 0 0 0 0 0 0 0 0 0 39 0 0 0 60 0 0 18 0 4 64 14 0 0 0 0 0 0 15 0 0 0 2 0 0 0 0 98 0 0 0 0 11 93 75 17 0 0 58 0 18 14 84 0 100 0 0 0 0 0 0 0 0 19 0 0 0 0 0 0 0 0 27 0 96 74 0 0 0 0 0 0 0 0 18 0 0 0 0 32
0 0 91 0 93 79 0 0 0 0 21 0 0 0 0 14 94 87 0 0 0 0 0 0 0 0 0 0 20 0 42 0 0 0 98 0 33 0 0 0 39 0 4 0 92 0 0 0 0 0 0 0 0 0 0 0 79 0 0 0 0 0 0 0 0 0 24 0 0 0 49 77 0 0 0 0 0 0 0 0 0 95 0 0 0 0 0 0 0 0 0 0 0 19 0 0 0 0 0 0
0 0 0 0 66 0 0 0 0 85 0 30 0 0 0 0 0 0 10 0 12 0 77 40 31 0 0 0 0 0 5 0 0 49 0 0 0 0 0 0 0 46 48 0 0 30 0 94 0 0 0 0 43 0 0 0 0 0 87 0 0 0 0 0 100 8 0 20 0 0 0 0 0 0 0 23 0 0 0 22 0 0 0 0 0 0 0 0 53 0 3 0 0 0 0 0 0 0 22 65
0 53 0 0 0 0 87 0 49 0 0 0 0 0 0 0 58 0 0 96 0 0 0 0 0 0 0 0 94 39 3 0 0 0 0 0 0 44 0 0 0 0 65 0 0 0 1 0 26 0 24 44 0 0 0 98 30 63 0 0 0 0 83 0 0 0 0 0 0 0 0 0 0 0 0 0 75 46 0 0 0 0 0 0 0 46 0 0 0 0 0 89 0 45 20 0 0 0 54 0
65 67 0 0 0 0 1 0 0 0 0 0 0 0 59 0 0 0 96 0 0 0 0 0 0 0 0 0 0 0 0 0 95 0 0 0 0 31 59 0 0 0 0 97 0 0 0 77 0 91 88 0 0 71 0 0 0 0 0 0 0 79 0 13 0 0 0 0 0 0 0 0 0 0 67 0 0 0 0 0 0 0 0 0 0 0 17 14 93 0 27 0 0 0 14 0 0 0 0 97
0 0 0 0 25 0 0 0 0 0 0 0 0 0 0 0 0 0 0 0 0 0 0 0 0 0 0 0 0 0 0 0 0 40 0 0 19 0 38 77 21 0 79 0 86 0 0 9 0 0 0 0 20 0 0 94 0 0 0 0 44 0 0 0 0 19 0 0 0 22 0 0 57 0 0 50 0 0 0 0 0 80 0 0 2 0 65 85 0 0 0 0 0 0 91 0 12 0 0 0
81 0 23 0 0 0 0 0 0 0 0 0 0 0 0 0 0 0 0 0 0 0 61 2 0 0 40 0 0 0 0 0 0 0 0 0 0 0 0 76 0 0 0 0 95 20 0 77 0 0 81 0 0 0 0 0 0 0 0 0 0 0 57 0 60 0 0 0 95 100 54 0 52 0 0 0 0 53 0 50 0 0 72 0 63 0 0 0 0 0 0 0 83 0 87 0 40 21 0 0
0 27 0 35 0 0 0 17 45 0 0 0 0 0 0 0 0 0 0 0 0 18 0 20 0 0 71 0 0 0 0 0 0 0 0 0 0 0 0 0 50 0 0 0 0 0 0 12 97 40 10 0 0 0 1 0 0 0 0 0 0 0 0 0 0 31 0 80 0 0 0 14 0 0 74 0 0 0 0 0 0 0 0 0 0 0 0 0 84 51 0 93 89 0 0 0 0 75 0 0
91 12 0 0 0 0 0 0 38 0 0 0 0 0 25 0 0 0 0 68 0 32 86 43 0 0 0 0 0 0 0 79 0 8 0 0 0 0 0 0 0 0 0 0 0 0 0 0 0 0 0 0 0 0 0 0 0 64 0 0 0 0 0 0 0 76 0 0 0 0 0 100 0 0 0 0 0 15 0 0 37 0 0 0 96 0 81 0 0 0 0 0 0 0 0 0 41 0 23 0
43 0 0 0 0 0 0 54 0 7 40 0 47 0 38 0 0 8 0 0 0 0 24 0 0 0 30 88 87 21 0 0 0 0 0 0 28 0 49 0 0 4 0 0 0 0 0 0 25 0 26 92 87 0 0 0 0 0 0 86 0 0 0 0 0 30 0 0 0 30 0 91 0 0 0 0 20 81 0 20 0 0 64 0 0 0 0 0 0 0 0 0 26 0 0 0 0 0 0 0
0 17 0 0 0 0 0 0 0 0 40 0 0 90 0 0 26 38 0 0 0 0 54 0 0 0 0 0 0 0 0 100 0 0 0 0 68 0 89 0 0 0 91 0 67 0 0 69 0 0 0 19 0 0 0 0 0 0 9 42 0 0 0 0 0 0 0 0 0 93 0 0 2 0 0 0 0 0 0 0 0 0 29 0 1 0 51 93 0 0 0 57 0 0 65 0 0 0 27 0
0 0 33 0 0 21 60 0 0 0 0 16 0 0 0 0 0 89 0 0 0 3 0 0 0 98 0 0 0 0 0 87 29 74 0 0 0 0 73 45 0 0 0 0 0 80 0 0 0 31 0 0 0 0 0 0 100 0 83 0 77 59 0 0 84 80 0 0 0 0 0 74 0 7 0 0 0 0 0 0 12 98 0 0 0 0 0 3 69 0 25 11 0 0 0 0 0 46 0 0
0 0 0 0 0 0 0 0 0 0 0 0 0 0 0 0 46 0 0 0 0 18 0 0 0 78 24 0 82 0 56 0 0 0 7 0 0 0 0 20 60 59 0 0 0 0 0 18 0 0 61 0 97 19 0 0 0 0 0 98 0 0 0 0 0 0 0 0 0 0 0 0 92 0 94 0 0 0 0 2 0 0 0 0 0 0 0 0 0 0 0 0 0 0 0 0 16 0 0 0
0 46 44 0 0 0 65 0 0 0 0 0 0 0 0 0 0 77 0 22 0 0 0 0 0 69 0 0 0 0 0 0 0 0 58 68 0 0 0 0 44 0 0 0 0 0 0 0 0 0 0 0 80 0 10 0 0 62 0 84 53 0 30 36 0 61 68 89 0 0 0 0 0 0 0 0 0 0 0 0 0 52 0 89 0 7 71 0 0 0 67 0 0 0 0 0 0 3 0 0
0 0 0 0 2 22 0 0 0 0 0 0 59 76 0 14 0 0 0 0 0 0 93 0 0 12 2 0 0 0 84 0 0 0 0 0 0 0 2 0 0 0 0 0 0 0 0 0 79 0 65 0 95 0 0 0 2 0 0 0 0 0 12 0 0 0 0 0 0 0 0 42 0 86 24 11 0 85 0 0 0 0 0 0 0 79 0 46 0 0 0 89 0 0 56 54 0 0 0 0
0 0 0 0 0 52 0 0 40 0 0 61 0 0 0 0 0 0 0 0 33 81 0 0 0 0 0 0 20 0 0 34 0 0 0 0 21 0 0 100 0 29 0 58 0 0 0 5 0 0 0 94 42 0 73 0 0 0 0 96 51 0 29 0 37 0 0 49 99 63 0 39 0 0 0 0 0 0 0 0 0 0 0 79 0 0 0 0 0 0 0 0 0 33 0 72 98 3 0 76
0 0 61 0 68 0 26 0 0 0 0 0 5 17 0 97 0 14 77 0 46 0 0 0 69 39 0 98 0 0 0 0 0 52 0 80 0 0 0 0 63 0 0 0 0 0 0 84 29 0 80 0 0 31 59 19 86 0 45 0 63 0 0 0 0 0 0 0 33 0 0 0 0 0 0 58 0 0 0 0 0 41 0 9 0 0 0 0 0 0 0 0 90 0 0 86 0 37 0 0
0 0 14 0 84 28 0 16 0 28 0 0 0 0 0 0 0 8 28 0 0 76 0 0 63 0 0 0 41 82 0 63 0 0 0 0 0 0 0 0 0 33 0 14 0 0 0 24 91 0 57 0 0 0 0 0 0 90 0 0 26 0 0 0 43 0 0 76 0 0 0 0 55 0 0 0 0 0 0 0 0 0 0 0 0 0 0 0 0 0 0 0 0 0 0 9 0 0 0 0
47 0 8 0 0 100 0 6 0 0 0 0 0 85 0 0 24 0 78 0 0 0 0 63 91 0 0 0 0 0 0 40 0 0 62 0 0 11 81 0 9 0 52 0 0 0 0 0 0 0 0 5 0 59 0 34 0 89 0 0 0 28 0 0 34 0 0 68 46 88 28 0 0 35 0 67 17 0 74 0 0 13 0 0 14 0 0 0 73 0 0 0 0 0 0 0 92 0 0 0
0 0 0 0 29 0 0 0 28 27 15 0 64 75 0 0 0 29 0 0 0 0 0 0 0 0 0 0 0 0 0 0 0 0 14 0 0 77 0 0 0 0 0 0 0 0 0 52 0 0 0 0 0 0 0 1 0 0 78 0 9 95 30 0 58 0 0 92 0 96 0 24 0 43 72 0 0 0 0 31 0 68 0 0 0 0 2 0 0 0 0 0 0 0 0 0 0 0 69 85
0 0 0 0 72 0 0 0 0 0 0 0 0 29 44 0 0 0 0 0 0 77 0 91 0 0 0 0 0 0 41 0 0 66 0 0 0 0 0 0 0 0 0 0 0 0 0 0 0 0 21 48 0 0 0 0 88 0 0 0 0 79 0 41 0 0 0 56 0 0 0 0 56 0 53 0 0 100 0 0 0 48 0 0 0 0 0 0 0 0 29 0 0 15 0 0 45 0 0 82
94 22 81 52 0 0 0 0 23 87 0 23 0 0 0 18 0 0 0 0 0 0 0 11 0 0 0 50 40 51 0 0 0 0 0 0 0 0 0 0 76 0 0 0 0 25 6 0 0 0 0 0 0 0 0 90 0 0 0 0 0 0 0 60 0 0 0 0 0 0 0 0 0 0 0 0 0 0 0 0 0 0 37 12 40 0 16 0 0 0 0 0 0 6 0 0 0 0 0 0
2 0 0 0 0 0 0 44 0 0 0 0 96 0 0 0 0 0 0 0 33 36 0 66 0 0 33 0 0 0 85 0 0 0 46 0 0 0 0 0 0 0 0 0 0 0 0 0 0 0 0 0 0 0 0 0 0 92 0 5 65 53 0 55 71 0 0 24 45 0 0 0 40 0 0 0 94 0 0 75 0 5 0 95 0 0 0 0 0 0 87 12 0 0 0 0 0 0 0 0
0 0 0 11 60 74 0 0 0 0 0 0 0 0 0 0 28 19 0 0 0 0 0 88 96 0 100 0 0 0 0 0 0 0 100 0 0 0 0 0 0 0 0 0 0 0 2 0 72 90 0 0 0 0 0 0 0 0 0 0 31 0 26 0 0 0 0 0 0 72 0 0 0 0 43 0 0 0 0 0 0 0 0 54 0 0 0 85 0 0 39 73 0 0 0 0 44 0 0 15
59 0 90 0 0 0 0 0 0 0 0 0 0 0 23 0 0 0 0 0 0 19 0 0 77 0 0 52 0 0 6 78 0 79 0 0 0 0 0 0 0 19 0 88 0 0 85 0 0 0 0 0 0 0 0 0 88 0 0 51 0 0 0 66 0 0 0 0 0 0 0 3 0 0 4 0 0 0 0 85 0 0 0 0 0 0 0 0 22 0 0 0 0 96 0 0 0 0 69 0