100
0 0 0 0 0 62 0 0 79 0 0 0 0 66 0 0 0 0 63 54 0 0 0 0 0 0 0 85 0 0 45 0 0 0 9 0 0 6 0 0 0 0 54 0 0 0 64 63 0 0 18 0 0 0 0 29 6 21 54 0 0 0 0 0 0 0 0 0 79 18 0 0 0 0 0 0 0 0 0 0 0 0 0 4 0 0 0 0 0 0 0 0 0 0 0 33 0 0 0 0
8 0 88 0 0 0 0 0 0 0 0 89 8 0 0 0 0 56 0 0 0 0 93 0 0 0 0 0 0 0 71 0 0 0 0 32 0 0 0 0 0 0 45 0 0 0 0 0 0 0 57 0 0 0 15 3 0 0 0 0 0 0 0 0 0 0 0 0 42 0 46 0 83 0 4 0 0 34 0 0 0 0 0 0 0 17 0 0 0 0 0 12 0 0 0 0 0 0 0 0
100 55 0 0 13 0 36 0 0 0 33 0 0 5 80 0 0 0 0 0 0 0 68 9 0 95 32 0 20 0 61 70 0 11 44 0 0 0 0 87 0 0 0 0 0 0 0 0 0 94 0 0 12 0 0 0 0 0 0 0 0 0 0 0 5 53 0 0 26 0 3 0 0 93 69 0 0 79 0 0 0 40 0 0 71 0 0 0 47 0 78 84 37 0 0 96 0 0 0 78
0 76 0 0 91 0 0 0 0 0 0 0 5 55 44 0 0 0 0 0 0 0 0 0 0 0 44 0 82 0 0 0 0 0 0 0 0 0 98 0 0 58 59 0 0 0 33 0 0 0 23 0 0 0 0 0 34 82 0 77 0 0 10 0 0 36 0 0 0 0 88 0 0 78 84 0 0 0 0 36 0 0 0 0 0 0 0 68 0 44 0 88 0 45 0 28 0 0 18 0
0 0 58 0 0 65 21 68 0 29 0 0 83 0 0 0 0 92 0 0 0 0 0 0 0 0 18 0 49 0 83 0 0 11 0 0 31 0 0 0 76 0 0 0 0 0 0 0 0 0 6 0 0 0 99 0 0 71 0 0 0 0 0 0 0 0 0 20 18 0 0 1 38 0 0 0 0 0 0 0 0 0 0 0 55 0 18 0 0 0 0 46 0 0 0 0 0 0 0 0
35 0 0 0 0 0 0 0 0 0 0 0 83 76 30 0 0 77 0 60 0 0 0 35 0 0 0 0 69 0 0 29 88 50 0 0 0 0 0 0 0 99 0 0 0 50 88 0 0 0 0 0 0 0 21 0 0 0 0 0 39 0 0 53 0 0 0 8 53 66 22 96 0 0 0 89 14 0 0 0 0 68 0 27 0 0 0 0 0 0 9 0 0 0 0 94 53 0 0 0
0 0 23 0 0 84 0 0 0 0 65 0 0 0 0 0 0 99 75 0 0 17 85 0 0 0 83 0 0 0 0 0 0 68 0 0 0 0 0 23 84 0 0 0 0 0 0 0 0 0 0 23 0 0 0 27 0 0 0 0 0 0 0 0 0 0 0 0 0 0 14 0 65 0 0 0 0 0 0 0 8 22 0 0 0 0 0 0 95 0 0 0 71 0 59 0 8 0 28 52
0 0 0 0 0 0 0 0 0 91 99 0 0 9 0 0 91 0 0 27 0 0 0 0 48 0 0 0 0 0 5 0 89 0 0 0 0 0 0 0 60 0 0 0 46 0 0 0 50 6 0 0 0 0 0 0 0 0 0 0 0 0 3 0 0 0 57 0 0 16 0 28 0 63 0 24 3 42 0 0 78 0 0 0 0 0 0 61 0 0 0 0 0 0 0 0 0 0 0 0
87 0 0 0 0 0 91 0 0 0 0 0 0 0 0 80 26 0 67 0 0 0 0 68 99 0 29 0 0 0 0 1 0 0 0 63 0 21 51 89 0 0 0 0 0 0 0 77 0 0 0 0 0 0 0 0 0 87 0 44 0 0 0 0 0 0 0 0 0 0 49 0 0 0 0 0 69 0 0 0 0 39 0 0 0 0 0 0 0 0 0 0 0 0 33 0 19 0 0 0
9 0 0 0 0 0 0 22 0 0 0 63 0 51 0 0 0 0 0 0 0 0 0 0 0 0 0 0 0 0 0 33 0 0 0 100 0 0 35 0 0 0 0 50 0 20 3 0 63 0 0 0 0 0 34 0 8 75 3 0 0 0 0 6 0 81 0 0 0 0 0 0 0 0 0 0 0 56 0 0 0 0 0 0 0 0 0 0 80 39 0 0 0 0 0 0 96 13 0 0
0 0 13 0 0 0 47 0 0 0 0 55 0 0 19 0 0 22 0 0 0 34 0 0 0 0 0 88 0 91 0 33 63 82 0 0 0 0 0 82 0 0 0 0 0 6 78 0 0 0 0 0 22 0 0 38 0 0 12 0 18 0 0 0 0 24 0 0 61 0 0 66 0 0 0 0 0 0 0 0 0 0 0 0 0 0 0 8 0 64 79 54 0 0 0 0 76 0 0 0
0 0 35 0 0 0 0 28 0 0 55 0 0 0 0 83 0 0 0 0 0 0 0 60 0 0 0 0 0 0 0 0 0 12 0 0 86 0 0 51 0 25 0 0 0 0 0 0 75 0 0 0 0 0 36 97 0 0 48 87 0 33 0 0 0 0 0 0 38 0 0 26 76 0 0 0 27 0 0 0 0 0 0 0 0 0 55 0 0 0 0 0 0 25 0 0 0 0 60 60
0 0 0 0 0 54 0 0 0 0 0 0 0 27 0 0 0 0 49 33 0 0 0 0 68 0 17 84 0 0 0 0 0 0 100 0 0 0 0 0 0 0 0 1 0 0 73 0 0 0 73 58 0 0 0 0 0 0 0 0 0 0 0 0 0 99 0 0 0 0 66 0 0 0 0 0 61 51 0 0 0 76 0 0 0 0 8 0 0 69 0 0 11 50 13 0 0 0 0 0
0 0 0 0 34 0 0 0 0 67 0 95 10 0 10 0 0 5 29 61 0 0 36 0 39 49 0 0 0 0 0 0 0 0 0 0 53 0 0 26 0 0 1 0 0 0 0 0 0 0 0 0 0 0 0 0 38 0 9 0 0 32 0 88 0 81 78 98 0 32 68 0 0 0 72 31 0 0 0 22 0 0 0 0 0 38 0 0 0 0 0 64 0 0 0 58 0 0 0 0
16 0 0 0 0 48 0 82 0 0 0 87 0 0 0 20 0 0 0 0 63 0 62 42 0 0 42 0 0 68 0 0 0 0 0 0 0 0 0 0 0 0 81 0 69 0 0 10 0 0 0 0 0 0 0 0 0 2 0 0 55 0 0 0 0 0 0 0 0 0 0 0 0 0 0 78 0 0 0 0 0 0 0 0 3 0 0 52 0 0 0 58 94 0 88 0 0 85 0 79
73 0 0 47 0 0 9 0 0 0 0 0 0 0 0 0 75 0 0 0 0 0 0 0 0 0 0 0 0 48 0 0 0 0 0 0 0 0 0 0 0 0 0 0 0 0 0 39 13 0 20 73 0 0 0 0 0 72 96 80 0 0 0 0 0 0 24 0 36 0 0 0 0 0 0 26 0 0 0 0 0 0 42 0 0 0 0 0 0 0 0 0 0 0 0 56 58 42 0 0
0 0 46 0 85 0 0 72 0 0 88 0 0 60 0 0 0 0 0 0 0 0 0 0 6 5 0 35 0 0 0 99 0 0 0 0 0 0 0 14 0 0 45 0 26 0 0 0 54 0 0 38 0 0 11 56 0 0 67 0 60 58 0 0 49 0 61 0 0 0 0 66 0 0 0 0 0 57 90 0 0 0 0 70 0 0 0 0 0 0 0 0 52 76 0 0 19 0 0 64
0 0 0 4 0 0 0 0 0 80 0 0 21 0 0 0 0 0 86 0 0 0 0 0 0 0 0 0 0 0 0 49 0 0 0 0 74 14 0 0 0 36 0 0 0 14 0 0 55 0 23 0 31 0 0 0 0 0 0 0 0 0 0 0 0 0 12 0 79 0 0 0 32 10 0 0 0 0 0 0 0 0 0 0 35 0 0 9 0 0 66 0 0 0 0 70 0 0 0 0
0 0 64 0 0 0 27 0 0 0 0 40 0 0 0 0 0 0 0 0 0 0 0 0 0 0 25 0 0 0 0 0 51 0 0 0 0 0 90 0 3 0 0 0 0 71 0 0 93 0 0 0 0 0 81 3 0 0 0 0 0 0 0 0 8 62 0 17 0 0 0 0 0 0 0 43 0 25 0 12 0 0 0 0 0 0 0 0 94 0 0 0 0 21 0 87 0 14 46 14
0 0 0 76 0 0 47 0 0 0 0 42 0 0 0 0 0 0 49 0 93 0 0 93 0 0 65 0 49 0 78 0 0 34 0 0 0 0 0 3 51 0 0 0 71 0 0 0 0 0 40 8 1 0 0 63 0 0 0 0 89 0 0 35 0 99 0 0 0 0 10 0 0 0 0 0 0 0 71 0 71 74 0 98 0 0 37 0 0 0 0 0 5 0 32 0 0 38 0 7
0 0 75 49 0 0 0 0 68 0 0 45 0 0 0 32 1 3 0 0 0 0 85 0 0 85 0 39 0 100 0 0 0 0 0 0 0 0 0 0 0 0 34 0 0 0 90 0 0 0 14 0 0 0 0 0 0 0 0 0 81 0 40 0 0 67 0 92 0 0 31 38 0 19 0 36 0 0 0 0 74 0 0 18 0 15 0 0 0 0 0 0 0 71 0 0 0 0 0 0
0 0 51 0 0 0 0 0 0 0 0 94 0 33 44 0 0 0 0 0 0 0 0 0 0 0 0 0 51 0 0 0 0 0 0 0 8 0 0 0 0 0 0 0 0 61 0 43 0 0 0 0 81 0 0 0 0 86 0 0 86 0 64 0 41 47 0 42 0 0 0 20 0 0 0 94 0 0 0 0 67 0 0 0 0 0 0 0 0 0 0 0 0 0 0 0 0 0 31 0
82 36 45 0 0 21 0 0 0 91 0 20 0 0 53 0 0 0 0 0 68 0 0 0 0 0 0 0 53 0 0 0 0 0 0 0 0 0 0 0 0 0 0 0 0 0 0 12 0 0 0 0 76 0 0 54 99 0 62 48 0 0 0 72 61 0 0 0 0 49 0 24 0 0 0 0 0 0 0 0 3 0 0 0 100 42 0 10 0 0 0 0 0 0 0 0 0 0 0 0
0 0 67 0 0 0 0 0 0 0 73 0 0 0 0 25 0 0 0 83 0 0 0 0 0 87 0 0 46 37 0 10 0 0 67 0 0 0 70 74 0 0 0 0 37 6 79 0 0 0 0 0 52 0 0 29 0 52 0 89 0 0 0 89 0 0 12 0 0 29 0 0 17 0 0 0 0 0 92 0 11 82 0 0 58 0 0 0 0 43 33 0 0 0 0 70 0 0 0 0
23 0 48 63 0 0 0 0 87 0 0 0 0 0 0 29 0 0 21 0 0 87 0 0 0 55 71 0 0 0 0 0 14 0 63 0 0 0 0 0 11 70 0 54 20 0 14 0 0 6 0 0 0 0 0 86 0 0 0 0 0 28 0 0 0 60 77 0 85 0 6 0 76 0 0 81 0 1 38 0 0 0 29 0 0 0 0 0 72 0 0 0 74 0 27 0 0 0 0 0
31 32 28 0 0 0 86 0 0 0 0 0 0 0 99 0 0 0 0 50 92 0 0 82 0 0 0 0 0 70 0 0 0 0 0 0 0 0 0 0 34 0 81 0 0 0 0 0 0 0 42 0 0 0 16 0 64 47 63 0 0 0 0 0 0 0 58 0 0 19 0 0 0 0 0 0 61 0 0 0 23 0 88 0 0 97 0 27 0 0 25 20 0 0 0 0 0 0 54 0
69 25 0 0 38 0 0 54 0 53 0 9 87 0 0 0 0 36 0 0 59 28 0 0 90 0 0 0 0 0 53 0 62 0 0 0 0 0 0 0 0 0 0 0 0 0 55 0 0 0 0 0 0 0 0 0 2 0 0 4 0 0 0 0 0 0 0 0 28 0 0 0 45 0 0 0 0 0 0 0 0 25 0 0 0 0 0 0 63 0 0 0 0 0 0 0 12 0 0 76
22 0 0 0 0 0 0 0 0 0 0 0 0 0 0 0 0 0 0 28 0 0 0 0 0 0 0 0 0 45 0 18 0 0 55 0 0 35 0 0 0 0 10 0 0 0 0 44 0 0 0 0 5 0 76 31 55 0 0 0 0 53 0 0 0 74 64 0 0 52 0 0 0 0 0 0 0 0 0 0 0 72 0 0 0 0 88 0 0 0 78 0 0 74 0 0 0 32 0 34
13 0 0 0 75 0 35 0 83 0 0 26 0 55 0 0 0 0 0 0 0 0 0 0 0 0 0 0 0 0 92 0 41 0 0 0 54 0 0 63 0 0 0 0 0 11 76 0 47 0 0 0 0 0 0 0 0 51 0 0 0 0 25 23 0 34 0 0 93 0 22 0 0 0 90 0 0 0 0 0 0 0 0 0 19 0 2 0 0 23 0 0 0 0 0 0 0 43 0 0
0 0 82 0 0 0 0 0 0 0 43 0 0 0 0 0 0 0 95 0 60 0 54 0 0 40 0 20 0 0 0 75 0 0 0 0 58 0 0 0 0 13 0 42 0 81 39 24 0 0 79 76 15 94 28 19 52 0 0 0 0 0 0 0 0 44 0 0 0 0 45 0 40 0 0 0 0 100 0 80 0 0 0 0 0 0 24 66 0 0 0 0 0 70 0 0 0 0 89 74
19 0 0 0 0 50 0 0 0 0 84 0 0 0 48 0 0 0 0 0 0 0 0 30 0 20 0 0 0 0 0 0 0 0 0 1 0 0 0 0 45 0 0 0 0 0 0 0 0 0 0 78 68 0 0 72 0 0 47 17 57 88 0 0 0 0 0 0 0 0 0 0 0 0 0 0 0 0 0 0 63 0 0 0 0 0 0 44 0 0 0 0 0 0 0 0 0 34 0 0
0 0 0 3 0 0 0 0 0 0 53 0 0 47 0 0 0 0 27 21 0 0 52 0 0 0 51 0 0 61 0 0 0 69 0 0 0 85 0 0 0 0 0 0 0 0 0 0 4 0 0 0 0 7 0 0 49 0 0 0 0 0 44 0 0 0 0 0 0 0 0 0 0 0 0 0 0 0 0 0 0 63 0 0 69 0 0 35 0 0 0 0 0 0 0 0 0 0 0 73
0 0 0 0 2 0 0 0 0 0 0 0 0 0 0 0 79 1 22 0 0 85 0 0 0 42 0 92 50 37 0 0 0 0 0 0 27 0 0 0 0 0 15 0 0 0 0 78 82 0 0 45 0 0 0 0 0 58 0 0 0 0 0 0 0 0 0 77 0 0 25 37 0 0 0 0 0 0 0 0 0 28 0 0 41 0 0 0 0 0 0 39 0 0 0 0 0 0 45 0
0 75 0 0 0 0 0 0 0 0 0 0 96 0 48 0 0 0 0 0 0 0 0 0 0 0 4 0 0 0 0 0 0 0 0 0 0 0 88 0 0 86 97 45 0 72 0 60 0 0 0 0 32 0 0 67 0 0 28 0 0 0 0 0 0 0 0 45 0 0 0 69 70 0 0 72 22 0 0 19 0 0 0 0 0 18 0 0 53 0 79 4 21 0 31 0 0 0 0 0
0 0 0 0 0 29 0 15 7 0 99 0 97 0 98 0 94 0 0 0 0 0 0 0 0 66 76 0 0 0 0 0 0 0 0 0 0 0 0 0 0 0 0 0 0 0 32 0 0 0 0 0 0 0 0 0 0 0 0 5 0 0 0 0 0 0 0 0 1 80 21 0 0 14 0 0 0 0 0 0 0 0 0 41 100 0 0 12 0 0 0 0 0 50 0 30 0 74 73 0
0 0 0 0 82 25 0 0 0 23 0 63 0 0 1 0 0 0 0 0 0 47 0 0 0 0 0 0 0 0 0 65 0 38 39 0 0 0 0 0 30 0 61 0 0 0 96 68 0 0 0 0 0 0 0 0 0 44 54 0 73 57 0 0 0 0 0 0 0 0 0 0 0 0 85 0 0 48 0 33 37 0 0 0 0 8 0 0 0 66 0 51 0 0 0 0 0 0 56 0
0 26 0 54 0 0 0 0 76 0 47 0 0 0 0 0 0 0 0 0 0 0 0 0 0 0 0 0 0 0 0 0 0 15 0 0 0 78 0 0 0 89 0 0 0 0 0 66 28 0 0 0 0 0 0 0 0 30 0 0 0 0 0 39 0 44 45 0 0 0 0 0 0 0 0 0 0 71 0 33 0 0 0 0 34 67 58 0 0 0 10 0 0 0 0 58 0 0 0 66
0 0 0 0 0 63 0 9 0 0 56 0 0 0 0 0 0 0 0 4 96 0 0 0 0 51 0 0 0 87 0 0 0 0 0 0 0 0 0 0 0 38 81 0 0 0 0 0 0 61 0 0 0 0 0 93 0 0 0 0 0 0 0 97 0 0 0 0 7 0 4 0 0 93 29 0 21 0 53 0 0 0 5 0 0 0 0 63 69 0 0 0 69 0 98 0 0 0 50 0
0 0 0 50 24 44 0 45 28 0 90 0 0 0 0 23 0 44 0 0 0 0 0 0 0 93 0 0 0 0 27 0 45 0 0 31 0 34 0 0 0 0 0 0 0 70 0 0 84 0 0 87 0 35 0 29 0 0 96 30 0 0 75 0 0 0 0 0 0 0 0 0 0 3 0 86 19 0 0 0 0 13 0 0 0 0 87 0 19 13 0 0 0 0 0 0 0 23 0 0
0 0 0 0 0 0 0 0 0 0 13 11 0 0 0 99 0 0 76 92 1 0 0 0 0 0 0 0 0 0 0 0 0 68 0 25 0 0 0 0 0 0 0 21 0 22 0 0 31 0 0 0 0 0 0 0 0 0 41 0 0 47 0 0 0 0 0 0 0 32 0 67 0 0 0 0 0 0 0 20 83 0 0 0 0 0 0 0 35 0 0 0 0 0 14 0 0 43 0 0
53 0 0 0 0 0 0 0 0 0 0 0 0 0 92 0 2 0 75 0 63 0 8 75 0 0 0 99 90 0 0 0 36 0 0 83 0 0 0 0 0 0 0 57 0 0 25 0 0 0 0 0 82 76 0 0 0 0 22 0 0 0 0 17 54 0 0 0 0 97 0 61 54 0 83 0 0 0 0 0 16 0 45 0 0 75 86 32 13 0 0 9 59 0 95 0 0 0 38 0
0 0 0 0 0 27 0 0 0 0 0 0 0 0 0 51 0 0 100 0 49 56 0 0 61 0 0 0 0 0 0 0 96 0 47 27 0 0 0 60 0 0 60 0 0 23 0 0 0 0 0 0 89 0 0 0 0 0 0 72 12 0 70 0 39 1 0 0 0 0 0 16 33 9 9 19 0 0 0 0 2 0 0 0 0 81 0 0 94 97 0 91 0 53 0 0 64 0 89 74
0 26 0 0 0 0 0 45 0 0 43 0 0 0 0 0 0 11 0 0 0 0 0 0 0 0 0 0 0 0 0 0 0 0 0 0 0 56 5 14 0 90 0 0 0 0 0 0 50 0 0 100 12 0 0 0 0 85 77 70 0 5 0 0 0 0 0 0 0 0 66 0 0 0 0 0 0 0 0 0 75 79 3 0 57 0 0 98 0 33 0 0 50 0 0 0 0 94 89 0
0 0 0 0 0 100 37 0 41 0 0 0 0 14 0 35 55 71 0 19 0 0 0 52 0 39 0 0 92 0 0 0 92 0 82 0 0 0 0 0 0 5 0 0 0 49 0 88 0 61 0 0 0 81 19 0 0 0 0 0 0 20 0 0 0 0 0 0 0 0 84 0 57 99 0 78 0 0 0 96 0 0 0 0 0 75 0 95 0 0 0 0 62 0 0 65 0 0 1 0
0 0 0 0 0 0 0 0 0 70 25 0 0 0 0 0 0 0 14 0 0 0 0 0 10 74 0 0 0 0 0 91 86 0 33 7 0 0 7 0 7 0 0 28 0 0 0 34 56 12 77 0 0 68 0 0 44 0 91 0 0 40 0 0 44 0 0 0 0 8 0 0 0 0 62 0 30 0 0 0 0 0 0 0 52 0 0 0 0 0 0 0 0 0 0 6 0 0 0 53
0 0 0 0 0 0 0 0 0 0 0 0 93 0 2 0 35 0 0 0 0 87 0 0 0 0 0 5 0 0 51 0 0 43 0 0 0 60 95 0 0 0 0 0 8 0 0 0 56 0 12 0 0 0 0 78 0 0 0 0 0 0 0 65 0 0 0 73 0 0 0 96 65 71 0 0 0 0 0 0 0 0 0 0 0 0 0 32 79 87 0 48 0 0 0 0 0 0 0 65
23 57 0 38 69 0 0 34 0 0 5 0 0 0 58 0 0 0 0 0 0 0 0 0 0 0 0 47 0 0 0 0 0 0 61 56 0 0 39 0 0 0 0 0 28 89 0 0 65 27 0 8 0 0 0 0 0 0 0 0 0 0 0 0 0 11 0 9 73 0 0 91 0 0 0 0 0 0 12 0 0 0 50 0 48 0 0 0 0 0 94 67 0 30 51 56 0 0 0 7
0 0 0 31 0 0 0 0 0 0 0 71 0 0 0 0 0 0 0 0 43 0 0 0 0 0 32 2 0 0 0 0 29 23 0 0 26 0 0 0 0 41 0 50 0 0 16 0 0 0 0 0 0 34 0 0 82 9 0 0 0 0 39 0 0 0 0 85 0 0 0 0 0 0 0 0 57 0 29 0 66 97 0 0 0 21 33 0 0 0 0 7 0 0 0 0 0 0 0 0
50 0 0 0 38 0 0 0 28 45 12 0 62 0 0 0 0 15 0 46 77 71 96 100 0 0 0 0 0 0 0 0 0 0 0 0 95 0 0 0 0 0 0 60 45 0 0 96 0 0 0 0 0 0 50 0 0 0 0 88 0 0 0 0 40 58 0 4 0 0 0 0 0 0 0 23 0 0 0 0 0 0 0 0 0 40 82 0 0 0 0 0 0 0 0 0 0 0 0 0
0 13 35 0 0 0 0 0 0 26 0 0 0 0 0 0 0 0 23 0 0 11 10 23 0 0 0 0 0 94 21 46 0 0 10 0 9 0 0 0 0 0 0 19 0 0 0 0 50 0 43 49 6 0 0 71 0 0 0 0 0 0 0 0 0 0 0 0 0 0 0 0 0 99 0 32 0 0 0 0 0 0 0 0 0 0 0 0 13 0 50 0 40 0 63 0 0 0 0 0
0 0 0 0 5 0 0 0 46 0 0 0 0 0 0 0 0 0 0 0 0 0 37 87 0 0 0 0 0 0 100 72 0 0 0 0 0 77 29 0 0 0 0 0 17 0 0 0 0 0 0 0 0 42 7 0 0 26 0 85 0 0 0 0 0 79 24 0 0 0 0 0 0 0 0 56 94 0 27 0 0 0 55 28 0 0 0 0 0 0 48 0 0 0 58 0 31 0 0 0
0 0 0 66 0 0 0 91 0 0 0 0 0 56 0 0 0 0 0 0 0 38 0 0 35 0 0 0 0 0 0 0 0 0 100 79 0 45 0 71 0 0 74 0 25 0 0 0 0 68 0 0 0 0 8 0 29 0 0 0 0 0 0 0 0 0 0 0 9 0 0 0 0 79 34 0 0 0 0 25 5 0 0 0 0 0 0 0 0 0 0 0 0 0 0 0 0 0 0 0
0 0 0 82 0 0 0 15 0 41 0 0 0 0 54 49 0 27 0 0 0 0 0 0 37 0 47 32 31 20 0 0 0 0 0 0 0 7 0 0 0 0 0 0 0 0 56 0 0 8 0 0 0 7 0 0 0 0 0 60 0 0 0 0 37 0 0 0 0 98 0 0 0 70 0 0 0 0 0 0 0 0 0 90 0 0 35 0 28 69 0 0 60 4 0 32 0 0 0 0
88 0 0 0 0 0 0 2 0 0 0 89 69 0 0 0 0 0 0 0 100 37 0 0 0 28 40 0 0 0 43 23 26 0 0 0 1 0 0 0 0 0 0 0 75 0 0 84 0 0 0 0 0 0 0 58 0 0 0 0 56 0 30 0 0 0 0 63 63 0 0 0 0 0 0 84 0 0 0 0 52 0 0 1 0 0 0 0 0 94 0 0 0 0 26 0 0 74 0 0
0 0 0 0 16 0 0 0 0 0 0 0 0 0 0 0 0 0 15 0 0 0 0 85 0 67 0 0 0 0 0 0 0 0 0 0 25 0 0 0 0 0 0 0 0 0 0 0 44 0 0 0 20 52 0 0 0 0 0 0 0 0 0 0 0 0 0 0 0 0 0 0 0 0 0 0 0 0 0 81 76 78 0 63 10 0 0 13 20 78 0 0 0 0 0 79 48 53 0 0
0 83 83 32 98 63 0 0 0 47 0 0 0 26 0 0 0 57 94 35 0 0 0 0 73 0 26 0 0 0 33 0 18 0 64 0 0 0 26 0 68 0 0 0 0 0 33 0 0 0 0 0 0 0 0 0 0 0 31 88 0 0 0 0 0 61 0 40 84 0 0 47 53 0 0 0 10 0 0 85 0 0 0 18 0 0 0 50 0 0 0 0 94 0 34 66 22 0 0 22
0 0 92 3 0 0 0 0 0 0 0 0 32 0 0 0 0 0 0 0 93 0 0 0 0 5 82 61 0 0 0 0 93 0 95 0 0 0 0 0 0 0 0 0 0 7 0 0 0 58 0 87 0 36 49 0 0 0 34 37 68 0 0 0 0 68 0 42 0 24 47 64 0 0 3 0 0 0 0 0 0 0 2 0 0 0 81 0 0 0 0 57 0 0 0 0 0 25 0 0
0 0 0 0 0 0 0 0 24 50 0 0 0 0 0 0 0 20 0 0 91 0 82 0 0 0 0 0 0 0 0 0 0 69 0 0 0 0 0 60 0 0 0 0 0 0 0 0 9 0 0 0 0 24 59 0 41 0 0 48 0 0 0 0 0 0 0 0 0 77 0 0 0 0 0 27 0 0 0 0 57 0 0 0 0 0 0 0 0 0 61 0 0 0 15 0 0 93 0 0
57 10 0 0 0 41 0 0 36 0 96 0 0 0 83 0 0 0 0 0 0 0 0 51 0 83 0 0 37 0 75 0 0 0 0 0 0 0 0 48 23 79 0 0 0 0 0 0 0 26 0 0 25 0 0 41 89 0 0 0 41 54 0 0 0 0 0 57 0 0 0 0 85 62 0 0 0 0 0 0 40 0 0 80 5 81 0 0 13 0 0 0 57 62 0 57 0 0 0 0
0 88 0 0 35 0 0 0 0 13 0 0 0 0 0 65 0 0 0 0 0 19 0 19 0 71 0 0 0 0 20 30 0 0 69 0 0 0 0 0 0 0 28 0 0 85 0 54 94 0 0 0 0 64 0 0 0 91 0 0 0 0 22 0 72 0 0 83 0 100 0 75 0 0 0 0 0 0 0 0 0 0 0 0 0 51 0 0 0 0 52 0 4 0 0 0 0 0 0 0
32 0 0 0 68 0 0 0 71 0 0 0 0 0 0 19 0 0 0 0 33 0 0 0 0 0 0 0 0 32 0 0 0 0 98 63 0 0 64 0 0 0 0 0 0 50 74 0 0 29 0 23 0 0 0 0 89 0 80 0 0 55 0 56 0 0 0 0 58 0 0 0 0 0 0 0 0 0 0 0 0 0 0 0 0 0 0 70 0 77 0 0 0 0 0 0 0 0 0 0
15 0 0 0 0 16 5 0 0 0 0 0 0 0 0 0 0 0 0 22 0 0 0 0 0 0 0 0 55 0 0 0 1 81 0 0 4 0 0 0 0 93 0 4 16 0 0 0 0 0 74 0 0 0 0 0 0 0 0 0 0 0 0 0 0 0 47 0 75 0 93 0 89 0 0 0 0 0 0 0 0 44 0 0 0 0 0 0 50 73 62 0 0 63 0 0 0 0 0 0
0 28 48 27 0 0 0 0 0 0 0 30 0 0 0 0 0 74 0 0 0 26 0 0 83 19 0 0 27 0 0 0 0 0 0 0 0 0 0 0 1 0 0 0 0 91 3 0 49 0 0 35 0 0 0 8 8 0 0 0 0 0 0 0 0 0 0 0 0 0 4 0 0 0 0 0 0 0 8 0 0 0 5 0 0 0 0 0 0 0 0 0 0 0 4 0 0 0 0 22
0 0 30 75 0 0 0 0 0 95 0 0 0 0 0 0 0 0 20 94 35 0 0 0 0 84 0 0 0 0 0 32 0 0 0 0 84 0 0 0 0 0 37 0 0 0 0 0 45 0 0 0 0 0 0 70 0 0 0 0 21 0 60 0 78 0 0 0 0 0 0 0 0 0 0 0 48 0 0 0 94 0 0 5 0 17 0 0 0 74 0 0 0 0 0 0 0 82 0 0
0 99 49 23 0 40 0 0 0 0 0 83 75 0 0 37 0 0 0 0 0 0 0 33 0 0 8 0 13 0 0 0 0 0 0 0 0 0 0 0 0 0 0 0 0 0 0 0 12 0 0 0 0 0 0 0 0 0 0 0 62 0 29 0 0 0 0 0 0 0 0 0 0 0 0 70 0 0 0 0 0 0 30 0 0 91 0 0 0 0 0 0 0 78 0 0 0 0 0 0
0 0 63 0 0 0 41 31 0 25 94 19 0 0 89 0 0 0 0 0 0 0 0 20 97 0 57 0 0 0 0 0 53 0 58 0 0 0 0 0 0 0 0 0 17 72 0 0 0 0 0 0 48 0 0 0 0 0 68 0 8 0 0 0 0 0 0 74 0 0 0 25 0 29 0 0 0 0 0 0 0 0 0 0 0 0 0 0 0 0 0 0 0 0 0 0 0 80 0 0
0 0 0 0 0 0 0 0 0 0 95 0 26 0 26 0 15 0 0 0 74 0 0 0 0 0 0 0 59 84 0 0 0 0 0 0 0 0 0 33 0 0 0 29 0 96 0 0 0 0 0 42 4 0 0 0 0 0 53 0 28 0 0 0 0 95 0 0 0 0 0 0 0 0 0 0 0 0 0 0 0 0 0 80 0 21 0 0 0 41 0 0 0 48 0 63 0 0 0 0
0 0 46 0 0 0 0 0 56 0 24 0 0 0 21 0 0 91 0 0 0 0 0 0 51 0 72 5 0 55 79 0 0 73 0 41 0 0 0 0 0 0 0 0 0 0 0 0 65 0 0 0 0 0 0 0 0 0 0 64 68 46 0 0 15 0 96 0 0 0 0 0 0 0 51 0 0 0 55 0 0 0 27 0 0 0 0 0 0 0 3 0 41 65 0 0 0 23 13 0
0 0 0 91 0 0 0 0 0 0 0 0 61 0 6 0 0 95 0 0 0 0 91 0 0 68 5 0 0 0 0 57 0 0 74 0 0 0 0 0 75 0 0 0 0 88 0 0 0 92 0 0 16 0 0 0 0 0 0 0 51 21 7 1 11 0 0 0 0 0 0 38 90 0 0 22 0 0 0 0 47 0 0 78 93 0 0 0 0 0 0 60 0 0 0 0 0 0 0 0
0 77 0 17 61 0 0 0 0 0 0 0 0 0 0 0 0 94 2 0 0 23 0 0 0 0 0 0 74 0 0 0 0 0 0 26 0 0 0 0 0 69 0 0 0 0 99 0 0 13 0 0 0 0 0 0 0 51 0 92 38 0 0 0 0 28 10 0 41 0 82 18 32 0 8 0 0 5 82 0 0 0 46 0 0 0 0 0 0 0 0 0 0 0 0 61 0 0 0 0
0 0 0 0 0 0 0 0 4 0 0 0 0 0 0 22 0 0 0 0 27 0 0 0 0 35 0 0 0 0 47 0 96 0 0 0 96 0 0 0 0 0 0 12 0 0 0 0 0 0 0 0 0 0 26 0 86 0 0 0 0 0 24 0 56 0 0 0 98 16 0 71 7 0 0 0 0 0 0 0 0 0 0 0 92 0 0 0 0 0 0 0 0 80 0 0 48 7 67 0
0 0 0 0 0 0 0 83 19 0 43 0 100 0 0 0 0 0 5 72 0 0 0 0 98 45 86 8 0 0 0 0 0 0 0 0 0 0 0 51 70 0 0 0 0 86 0 0 0 0 27 0 0 75 0 0 83 0 0 0 0 7 0 0 4 49 66 0 0 0 82 0 6 0 0 0 78 0 0 0 81 0 38 0 0 0 76 0 38 0 64 0 0 68 0 0 0 89 0 0
0 0 0 47 0 48 0 0 37 18 36 0 0 0 0 0 0 0 0 0 86 0 0 0 0 0 0 35 69 70 0 0 0 0 0 0 0 0 0 0 0 1 0 0 2 0 0 0 64 0 71 0 0 0 0 0 34 0 0 0 57 55 42 0 0 98 0 0 51 0 89 0 0 64 0 0 0 0 0 94 0 0 6 0 0 71 0 0 47 12 0 64 0 0 0 0 0 0 0 41
0 17 24 0 63 0 97 0 71 0 0 0 0 80 0 58 47 0 0 0 0 0 0 41 32 24 0 69 0 0 0 0 0 0 5 22 0 36 73 0 0 0 0 92 31 0 0 0 0 0 0 0 0 0 0 55 0 0 0 0 0 0 0 0 0 83 0 0 0 0 0 0 0 0 0 0 44 0 0 28 0 0 33 99 0 0 0 73 46 0 0 0 0 0 0 40 0 0 0 0
0 61 0 0 26 0 0 0 0 0 0 0 0 0 61 64 0 0 0 11 0 0 0 3 0 37 66 0 0 0 12 75 0 0 0 0 0 0 0 0 79 0 0 0 0 0 5 0 0 0 0 0 0 64 0 0 0 0 0 0 9 0 0 0 66 64 0 0 0 69 84 0 0 0 0 5 0 0 0 0 0 0 0 0 0 0 0 0 0 19 0 11 54 0 0 18 0 0 0 64
94 0 0 0 0 0 6 0 0 0 0 0 0 63 23 59 0 69 0 0 54 0 0 0 0 0 0 89 0 0 0 0 0 33 0 0 0 80 0 0 0 100 0 0 0 0 0 0 31 0 35 0 0 0 20 0 0 7 0 17 0 0 0 0 28 42 0 35 0 0 74 83 91 49 0 0 35 51 0 0 0 0 0 0 0 0 0 17 0 0 0 0 0 0 0 0 0 0 0 0
0 32 0 62 0 0 0 0 0 57 93 0 0 32 0 0 14 0 0 0 6 0 0 0 0 0 0 0 37 0 88 0 0 0 0 0 28 47 40 0 0 0 0 0 0 40 0 86 0 0 0 75 0 0 0 0 10 0 0 0 0 0 0 0 0 0 0 36 0 0 42 0 0 56 0 0 0 90 3 0 0 0 0 0 0 2 0 77 0 16 0 0 0 0 0 0 40 0 0 0
0 0 26 0 0 39 43 0 0 0 61 0 0 0 0 0 35 0 0 0 0 82 33 0 96 36 0 86 0 0 0 0 0 25 3 0 0 0 0 17 0 66 0 0 63 0 0 0 0 0 0 0 0 0 77 0 0 17 0 0 9 10 0 0 0 58 25 0 80 0 0 0 0 0 6 0 99 0 14 0 84 0 0 0 0 0 28 39 0 0 0 0 0 0 0 10 0 0 0 2
0 45 0 2 0 0 0 24 0 0 0 0 99 0 0 0 0 19 0 0 0 0 90 0 90 83 93 0 0 0 0 8 0 0 62 0 16 0 0 0 21 25 0 0 0 0 0 0 71 0 0 0 0 0 0 0 0 0 0 57 0 0 94 94 0 0 83 0 0 0 0 0 39 0 16 64 0 69 0 80 0 0 62 0 77 0 0 0 94 0 0 0 0 0 0 70 0 0 0 0
3 87 73 32 0 0 0 0 34 40 0 0 0 0 0 0 34 0 8 0 19 24 0 0 0 0 0 0 0 0 0 0 0 51 0 0 0 0 0 0 0 0 34 59 47 0 0 0 0 0 0 60 6 0 0 0 59 9 0 0 0 0 67 0 77 9 78 0 0 0 0 86 84 0 0 0 0 0 36 0 0 0 0 0 0 59 44 0 0 0 0 0 0 0 63 31 0 0 0 0
31 0 0 0 0 0 15 0 0 62 82 0 0 0 0 29 0 84 0 0 0 25 0 0 0 27 0 0 43 0 0 0 0 92 0 97 0 47 13 50 69 0 0 0 0 0 37 0 0 97 12 0 0 0 0 0 0 0 0 0 0 0 0 81 0 30 0 0 0 0 0 0 0 0 0 72 0 0 0 63 0 0 41 0 99 79 0 0 0 0 0 0 0 0 0 0 0 0 0 0
61 0 0 0 0 0 0 0 0 66 0 0 0 0 0 50 0 0 82 26 0 0 0 38 0 0 0 0 0 25 0 0 0 0 43 54 58 38 0 0 0 0 0 40 0 0 0 0 0 0 0 0 0 0 0 0 47 0 0 80 0 0 0 0 0 0 0 0 0 91 0 0 0 77 0 3 0 0 63 0 0 0 0 0 0 0 0 0 0 0 0 0 85 0 0 85 0 0 93 96
86 0 0 43 23 0 0 10 0 0 2 0 18 5 50 55 0 38 0 23 0 0 0 0 0 0 0 0 0 0 0 0 0 73 8 0 0 89 0 0 0 0 0 0 0 0 0 0 0 0 44 0 0 32 0 0 0 0 0 0 33 0 11 0 0 0 0 0 47 0 0 0 6 0 0 90 0 0 0 0 85 0 0 53 0 93 0 0 0 0 10 0 0 76 0 0 0 0 0 98
28 0 0 16 0 19 92 38 0 68 80 0 20 0 0 0 0 0 0 0 0 12 0 19 0 0 100 0 0 0 0 20 0 0 0 0 0 0 0 89 0 4 0 89 0 71 0 0 0 0 0 0 0 66 1 36 0 0 0 0 71 29 0 0 72 26 26 0 0 0 20 0 0 0 0 0 0 0 0 17 0 0 0 0 0 0 0 0 90 6 0 0 0 0 0 0 83 98 0 0
0 0 0 0 0 99 0 0 34 0 0 0 0 0 0 0 0 0 38 81 49 0 57 17 0 0 0 0 0 0 0 5 0 0 0 83 0 0 0 86 0 0 0 56 62 72 0 0 0 18 0 0 0 0 0 64 0 0 45 0 0 0 0 0 16 48 50 0 0 0 0 0 0 0 91 0 0 0 0 82 0 0 44 0 0 0 0 0 94 0 85 0 0 0 0 0 0 0 95 0
0 47 42 0 0 0 77 4 0 0 0 0 90 0 0 0 0 0 0 28 0 0 0 0 100 0 0 92 0 0 0 82 58 0 55 0 0 0 0 0 69 0 48 0 71 0 0 0 75 0 0 0 0 0 41 0 0 0 73 0 54 0 81 0 0 33 16 60 0 0 62 32 0 0 31 0 21 0 0 0 0 0 0 0 0 0 0 0 0 83 10 0 0 0 0 22 0 24 0 0
0 23 21 0 0 42 54 0 0 0 0 0 0 0 42 0 0 0 0 0 0 78 0 0 0 0 0 0 93 8 0 0 0 0 32 85 23 86 0 0 85 0 0 85 82 0 0 0 89 0 0 0 0 0 0 0 0 0 99 34 6 0 83 0 0 0 0 13 0 27 0 0 82 55 18 0 0 0 0 0 86 0 0 0 0 0 0 0 0 0 0 0 0 0 0 0 0 6 0 0
0 0 0 0 4 50 0 0 0 0 0 0 0 0 0 0 45 0 68 87 0 95 0 0 0 0 7 0 0 55 0 0 0 0 0 91 7 0 0 0 0 0 0 0 98 14 0 98 0 0 0 0 0 0 35 20 0 79 0 0 0 0 0 0 0 0 0 0 0 0 70 85 0 10 0 0 0 0 0 0 0 0 0 0 0 0 0 0 0 29 0 0 0 0 0 0 0 9 31 0
0 0 0 0 59 34 0 0 26 0 13 0 38 0 0 0 97 24 58 28 0 39 0 0 0 0 0 0 82 0 38 0 0 0 0 0 53 0 0 0 11 10 0 31 0 0 0 0 0 0 3 28 0 0 1 0 0 0 0 0 0 0 0 0 0 34 0 0 0 42 65 0 0 94 0 0 0 0 0 95 0 0 0 0 0 0 22 0 0 0 17 81 0 0 12 0 83 0 0 0
0 0 0 0 0 0 0 47 0 0 30 0 13 0 0 67 0 0 0 0 11 97 0 57 0 51 0 0 0 0 0 0 26 0 0 0 0 0 0 0 0 0 0 0 0 8 30 0 0 0 0 28 0 0 89 0 0 0 0 65 0 0 0 0 8 0 80 0 0 46 96 28 77 0 0 0 0 56 0 0 4 75 0 0 0 0 0 0 0 0 0 0 3 95 0 0 0 0 0 0
0 0 0 0 0 66 27 56 0 51 0 54 0 0 0 0 21 56 0 0 0 0 93 0 0 0 0 0 0 0 0 87 0 0 0 0 0 7 0 0 0 13 35 0 0 59 0 0 0 0 0 0 0 0 58 0 0 0 0 82 0 83 0 0 0 0 0 0 0 19 82 0 0 0 78 25 0 0 11 0 37 22 0 0 0 0 0 28 8 0 0 0 0 0 0 0 0 0 0 0
0 43 93 1 0 29 0 0 0 21 77 0 0 27 0 14 0 0 0 4 0 21 0 0 0 0 20 0 0 0 0 0 85 0 0 44 28 0 84 0 0 0 0 50 85 0 0 0 0 0 21 0 0 72 0 0 0 46 0 0 0 86 0 0 0 0 0 36 50 0 0 5 0 0 0 0 26 0 0 0 83 0 0 13 0 0 0 100 20 52 0 0 0 0 0 0 0 0 0 0
0 0 0 0 0 0 0 0 0 16 0 19 0 95 0 0 0 0 0 0 0 0 34 0 0 0 0 0 0 0 60 0 0 49 79 0 0 0 30 0 0 0 0 0 0 0 41 86 0 0 0 0 0 0 0 0 0 94 0 42 0 57 0 0 0 0 0 0 0 0 0 0 43 0 0 0 0 0 0 0 32 0 70 0 0 0 15 0 0 63 0 44 0 95 47 0 0 0 0 76
0 47 0 21 0 0 29 0 100 0 0 33 14 0 73 0 0 0 0 78 0 0 0 0 20 0 0 13 8 0 0 0 0 0 0 21 0 30 5 0 0 91 0 0 0 71 0 0 32 51 21 0 0 0 0 0 0 0 0 0 0 0 0 0 0 42 0 0 16 0 0 0 0 0 50 0 0 0 0 0 0 0 0 0 0 0 0 0 0 0 0 0 0 0 19 0 0 0 0 0
25 0 0 0 0 24 0 0 0 0 30 0 0 32 75 100 0 0 0 0 94 33 0 0 0 0 44 0 0 0 0 0 0 0 0 0 0 0 2 0 0 0 0 0 0 19 0 42 0 17 0 0 0 0 0 0 89 0 0 0 0 68 0 32 3 0 11 0 79 0 1 0 0 0 0 0 0 0 0 0 17 64 0 0 0 0 0 0 8 0 85 0 0 0 0 0 0 76 0 36
0 0 74 0 0 0 0 0 0 79 0 64 0 0 0 58 0 1 0 0 0 74 0 94 0 0 0 0 0 0 98 0 0 51 0 0 0 0 0 0 0 71 14 56 0 34 0 0 0 0 55 9 81 0 92 0 0 0 0 8 21 8 0 0 0 0 0 19 0 0 0 0 0 0 0 0 0 59 0 0 0 0 0 76 0 0 16 0 0 0 0 0 0 0 0 0 0 0 0 0
0 2 64 41 0 0 0 81 0 23 59 0 31 0 0 43 0 0 32 0 0 90 12 0 0 0 0 0 77 0 0 0 0 0 0 59 0 36 0 54 10 0 42 0 0 0 0 0 0 45 0 0 0 0 0 0 7 0 0 0 55 0 57 0 0 0 85 63 0 0 0 0 0 12 0 0 0 79 96 75 0 0 0 55 0 0 46 39 0 0 26 0 0 0 21 0 0 0 0 0
0 0 0 0 0 0 55 0 76 0 0 85 0 0 0 0 0 0 0 0 82 0 0 0 60 39 0 0 0 0 0 0 0 0 28 0 0 0 0 0 0 28 19 0 0 0 0 0 0 84 14 0 74 0 0 0 0 0 0 3 0 0 0 0 0 0 0 0 0 29 0 49 0 90 0 0 35 0 0 65 0 82 14 0 0 0 0 0 93 18 0 0 0 0 67 0 0 0 0 19
0 0 0 3 0 0 96 0 0 0 25 0 0 0 0 48 0 0 92 0 77 0 0 0 88 70 0 0 71 0 0 54 0 0 0 0 0 0 5 0 0 0 0 0 0 0 0 0 0 0 0 0 0 0 74 0 74 0 0 0 0 0 0 0 0 0 70 0 0 0 88 33 0 0 0 65 0 20 16 0 0 0 0 0 0 62 24 0 56 0 0 0 0 0 0 0 0 0 0 0
0 0 0 0 0 0 0 0 0 49 0 0 85 0 0 0 0 0 8 0 98 0 0 0 0 0 0 20 0 95 0 64 0 0 77 0 0 0 0 0 0 0 58 35 0 58 83 0 0 45 0 54 90 73 15 0 0 0 0 66 40 0 0 0 0 0 0 47 0 0 0 7 0 0 0 0 0 0 0 32 86 0 0 0 0 0 0 0 0 0 6 0 0 0 0 0 0 0 0 0
0 0 0 0 0 47 0 0 78 0 0 0 0 71 0 0 0 0 23 93 0 0 0 0 0 0 0 33 0 0 73 0 0 0 51 0 0 7 0 0 0 0 87 0 0 0 10 23 0 0 34 0 0 0 0 55 78 62 57 0 0 0 0 0 0 0 0 0 7 55 0 0 0 0 0 0 0 0 0 0 0 0 0 60 0 0 0 0 0 0 0 0 0 0 0 32 0 0 0 0
79 0 22 0 0 0 0 0 0 0 0 28 41 0 0 0 0 53 0 0 0 0 24 0 0 0 0 0 0 0 99 0 0 0 0 46 0 0 0 0 0 0 65 0 0 0 0 0 0 0 89 0 0 0 71 24 0 0 0 0 0 0 0 0 0 0 0 0 78 0 22 0 38 0 72 0 0 18 0 0 0 0 0 0 0 97 0 0 0 0 0 22 0 0 0 0 0 0 0 0
55 43 0 0 73 0 83 0 0 0 41 0 0 33 54 0 0 0 0 0 0 0 88 6 0 1 28 0 15 0 4 62 0 98 21 0 0 0 0 47 0 0 0 0 0 0 0 0 0 50 0 0 98 0 0 0 0 0 0 0 0 0 0 0 81 11 0 0 1 0 46 0 0 16 52 0 0 19 0 0 0 49 0 0 79 0 0 0 86 0 86 84 52 0 0 51 0 0 0 7
0 97 0 0 26 0 0 0 0 0 0 0 47 78 19 0 0 0 0 0 0 0 0 0 0 0 89 0 53 0 0 0 0 0 0 0 0 0 80 0 0 6 38 0 0 0 23 0 0 0 83 0 0 0 0 0 97 6 0 38 0 0 55 0 0 78 0 0 0 0 91 0 0 20 87 0 0 0 0 20 0 0 0 0 0 0 0 1 0 72 0 93 0 51 0 42 0 0 51 0
0 0 54 0 0 67 7 27 0 74 0 0 71 0 0 0 0 55 0 0 0 0 0 0 0 0 78 0 43 0 25 0 0 81 0 0 18 0 0 0 41 0 0 0 0 0 0 0 0 0 8 0 0 0 25 0 0 57 0 0 0 0 0 0 0 0 0 1 16 0 0 48 84 0 0 0 0 0 0 0 0 0 0 0 83 0 8 0 0 0 0 30 0 0 0 0 0 0 0 0
33 0 0 0 0 0 0 0 0 0 0 0 81 96 72 0 0 6 0 91 0 0 0 83 0 0 0 0 70 0 0 48 78 53 0 0 0 0 0 0 0 90 0 0 0 68 64 0 0 0 0 0 0 0 1 0 0 0 0 0 79 0 0 89 0 0 0 71 61 75 40 58 0 0 0 89 59 0 0 0 0 28 0 51 0 0 0 0 0 0 84 0 0 0 0 87 94 0 0 0
0 0 58 0 0 70 0 0 0 0 27 0 0 0 0 0 0 62 5 0 0 10 76 0 0 0 62 0 0 0 0 0 0 78 0 0 0 0 0 2 48 0 0 0 0 0 0 0 0 0 0 84 0 0 0 29 0 0 0 0 0 0 0 0 0 0 0 0 0 0 22 0 82 0 0 0 0 0 0 0 71 9 0 0 0 0 0 0 19 0 0 0 73 0 8 0 46 0 88 63
0 0 0 0 0 0 0 0 0 17 4 0 0 4 0 0 90 0 0 57 0 0 0 0 65 0 0 0 0 0 57 0 14 0 0 0 0 0 0 0 92 0 0 0 38 0 0 0 42 30 0 0 0 0 0 0 0 0 0 0 0 0 74 0 0 0 68 0 0 35 0 26 0 9 0 56 95 18 0 0 97 0 0 0 0 0 0 17 0 0 0 0 0 0 0 0 0 0 0 0
18 0 0 0 0 0 59 0 0 0 0 0 0 0 0 16 8 0 99 0 0 0 0 47 54 0 63 0 0 0 0 44 0 0 0 34 0 25 9 31 0 0 0 0 0 0 0 38 0 0 0 0 0 0 0 0 0 31 0 3 0 0 0 0 0 0 0 0 0 0 62 0 0 0 0 0 7 0 0 0 0 21 0 0 0 0 0 0 0 0 0 0 0 0 91 0 44 0 0 0
51 0 0 0 0 0 0 98 0 0 0 69 0 99 0 0 0 0 0 0 0 0 0 0 0 0 0 0 0 0 0 23 0 0 0 86 0 0 48 0 0 0 0 19 0 90 12 0 90 0 0 0 0 0 86 0 84 51 44 0 0 0 0 97 0 33 0 0 0 0 0 0 0 0 0 0 0 89 0 0 0 0 0 0 0 0 0 0 73 4 0 0 0 0 0 0 33 46 0 0
0 0 68 0 0 0 100 0 0 0 0 25 0 0 17 0 0 45 0 0 0 88 0 0 0 0 0 38 0 25 0 18 88 99 0 0 0 0 0 93 0 0 0 0 0 27 90 0 0 0 0 0 39 0 0 59 0 0 51 0 93 0 0 0 0 98 0 0 54 0 0 23 0 0 0 0 0 0 0 0 0 0 0 0 0 0 0 75 0 97 97 26 0 0 0 0 77 0 0 0
0 0 14 0 0 0 0 48 0 0 45 0 0 0 0 51 0 0 0 0 0 0 0 78 0 0 0 0 0 0 0 0 0 60 0 0 40 0 0 64 0 42 0 0 0 0 0 0 69 0 0 0 0 0 41 54 0 0 57 5 0 5 0 0 0 0 0 0 56 0 0 84 82 0 0 0 20 0 0 0 0 0 0 0 0 0 25 0 0 0 0 0 0 57 0 0 0 0 59 39
0 0 0 0 0 6 0 0 0 0 0 0 0 39 0 0 0 0 61 12 0 0 0 0 53 0 24 3 0 0 0 0 0 0 90 0 0 0 0 0 0 0 0 75 0 0 95 0 0 0 85 10 0 0 0 0 0 0 0 0 0 0 0 0 0 77 0 0 0 0 46 0 0 0 0 0 16 99 0 0 0 4 0 0 0 0 15 0 0 94 0 0 35 89 91 0 0 0 0 0
0 0 0 0 95 0 0 0 0 59 0 26 6 0 49 0 0 55 55 73 0 0 57 0 35 69 0 0 0 0 0 0 0 0 0 0 86 0 0 89 0 0 18 0 0 0 0 0 0 0 0 0 0 0 0 0 78 0 54 0 0 30 0 48 0 12 52 70 0 61 87 0 0 0 82 86 0 0 0 53 0 0 0 0 0 45 0 0 0 0 0 46 0 0 0 25 0 0 0 0
45 0 0 0 0 33 0 78 0 0 0 28 0 0 0 42 0 0 0 0 46 0 84 81 0 0 23 0 0 32 0 0 0 0 0 0 0 0 0 0 0 0 47 0 44 0 0 41 0 0 0 0 0 0 0 0 0 82 0 0 19 0 0 0 0 0 0 0 0 0 0 0 0 0 0 14 0 0 0 0 0 0 0 0 91 0 0 20 0 0 0 87 53 0 14 0 0 70 0 98
95 0 0 67 0 0 39 0 0 0 0 0 0 0 0 0 81 0 0 0 0 0 0 0 0 0 0 0 0 25 0 0 0 0 0 0 0 0 0 0 0 0 0 0 0 0 0 20 44 0 52 27 0 0 0 0 0 11 22 8 0 0 0 0 0 0 89 0 36 0 0 0 0 0 0 96 0 0 0 0 0 0 4 0 0 0 0 0 0 0 0 0 0 0 0 73 41 59 0 0
0 0 8 0 43 0 0 85 0 0 5 0 0 88 0 0 0 0 0 0 0 0 0 0 56 48 0 91 0 0 0 32 0 0 0 0 0 0 0 93 0 0 89 0 50 0 0 0 41 0 0 64 0 0 88 17 0 0 29 0 11 70 0 0 30 0 10 0 0 0 0 9 0 0 0 0 0 1 23 0 0 0 0 38 0 0 0 0 0 0 0 0 32 1 0 0 79 0 0 52
0 0 0 37 0 0 0 0 0 49 0 0 63 0 0 0 0 0 87 0 0 0 0 0 0 0 0 0 0 0 0 87 0 0 0 0 78 82 0 0 0 67 0 0 0 36 0 0 16 0 10 0 58 0 0 0 0 0 0 0 0 0 0 0 0 0 16 0 63 0 0 0 92 95 0 0 0 0 0 0 0 0 0 0 75 0 0 33 0 0 24 0 0 0 0 15 0 0 0 0
0 0 19 0 0 0 43 0 0 0 0 20 0 0 0 0 0 0 0 0 0 0 0 0 0 0 74 0 0 0 0 0 35 0 0 0 0 0 48 0 54 0 0 0 0 54 0 0 65 0 0 0 0 0 77 60 0 0 0 0 0 0 0 0 17 53 0 53 0 0 0 0 0 0 0 27 0 41 0 38 0 0 0 0 0 0 0 0 3 0 0 0 0 56 0 58 0 58 56 66
0 0 0 27 0 0 7 0 0 0 0 47 0 0 0 0 0 0 31 0 96 0 0 39 0 0 80 0 70 0 47 0 0 63 0 0 0 0 0 66 87 0 0 0 76 0 0 0 0 0 25 38 87 0 0 15 0 0 0 0 22 0 0 85 0 75 0 0 0 0 20 0 0 0 0 0 0 0 86 0 54 48 0 16 0 0 14 0 0 0 0 0 88 0 19 0 0 55 0 94
0 0 29 97 0 0 0 0 10 0 0 73 0 0 0 23 30 45 0 0 0 0 63 0 0 94 0 34 0 21 0 0 0 0 0 0 0 0 0 0 0 0 41 0 0 0 15 0 0 0 100 0 0 0 0 0 0 0 0 0 49 0 65 0 0 72 0 11 0 0 48 3 0 46 0 56 0 0 0 0 57 0 0 8 0 30 0 0 0 0 0 0 0 77 0 0 0 0 0 0
0 0 7 0 0 0 0 0 0 0 0 14 0 78 40 0 0 0 0 0 0 0 0 0 0 0 0 0 68 0 0 0 0 0 0 0 89 0 0 0 0 0 0 0 0 40 0 31 0 0 0 0 78 0 0 0 0 63 0 0 92 0 15 0 10 87 0 38 0 0 0 68 0 0 0 86 0 0 0 0 74 0 0 0 0 0 0 0 0 0 0 0 0 0 0 0 0 0 55 0
87 72 11 0 0 41 0 0 0 78 0 86 0 0 7 0 0 0 0 0 74 0 0 0 0 0 0 0 46 0 0 0 0 0 0 0 0 0 0 0 0 0 0 0 0 0 0 95 0 0 0 0 12 0 0 73 93 0 23 80 0 0 0 21 79 0 0 0 0 13 0 34 0 0 0 0 0 0 0 0 64 0 0 0 64 35 0 94 0 0 0 0 0 0 0 0 0 0 0 0
0 0 93 0 0 0 0 0 0 0 65 0 0 0 0 46 0 0 0 18 0 0 0 0 0 88 0 0 27 62 0 91 0 0 75 0 0 0 34 58 0 0 0 0 14 56 92 0 0 0 0 0 20 0 0 4 0 16 0 40 0 0 0 44 0 0 9 0 0 72 0 0 28 0 0 0 0 0 91 0 36 85 0 0 23 0 0 0 0 57 91 0 0 0 0 9 0 0 0 0
57 0 23 67 0 0 0 0 99 0 0 0 0 0 0 82 0 0 28 0 0 24 0 0 0 99 28 0 0 0 0 0 40 0 1 0 0 0 0 0 54 33 0 17 83 0 25 0 0 3 0 0 0 0 0 41 0 0 0 0 0 43 0 0 0 23 61 0 37 0 98 0 12 0 0 80 0 83 73 0 0 0 50 0 0 0 0 0 92 0 0 0 7 0 31 0 0 0 0 0
42 49 95 0 0 0 10 0 0 0 0 0 0 0 32 0 0 0 0 78 63 0 0 39 0 0 0 0 0 41 0 0 0 0 0 0 0 0 0 0 64 0 76 0 0 0 0 0 0 0 5 0 0 0 36 0 14 34 77 0 0 0 0 0 0 0 72 0 0 39 0 0 0 0 0 0 29 0 0 0 57 0 87 0 0 2 0 97 0 0 20 53 0 0 0 0 0 0 61 0
49 73 0 0 67 0 0 68 0 69 0 52 78 0 0 0 0 33 0 0 21 17 0 0 81 0 0 0 0 0 77 0 74 0 0 0 0 0 0 0 0 0 0 0 0 0 98 0 0 0 0 0 0 0 0 0 50 0 0 47 0 0 0 0 0 0 0 0 79 0 0 0 76 0 0 0 0 0 0 0 0 44 0 0 0 0 0 0 72 0 0 0 0 0 0 0 98 0 0 94
76 0 0 0 0 0 0 0 0 0 0 0 0 0 0 0 0 0 0 7 0 0 0 0 0 0 0 0 0 36 0 96 0 0 43 0 0 58 0 0 0 0 75 0 0 0 0 39 0 0 0 0 74 0 39 64 78 0 0 0 0 100 0 0 0 94 44 0 0 94 0 0 0 0 0 0 0 0 0 0 0 84 0 0 0 0 86 0 0 0 57 0 0 39 0 0 0 19 0 27
83 0 0 0 27 0 1 0 8 0 0 98 0 30 0 0 0 0 0 0 0 0 0 0 0 0 0 0 0 0 100 0 79 0 0 0 63 0 0 30 0 0 0 0 0 70 48 0 82 0 0 0 0 0 0 0 0 95 0 0 0 0 69 99 0 68 0 0 6 0 10 0 0 0 13 0 0 0 0 0 0 0 0 0 46 0 69 0 0 45 0 0 0 0 0 0 0 25 0 0
0 0 93 0 0 0 0 0 0 0 75 0 0 0 0 0 0 0 73 0 5 0 72 0 0 13 0 95 0 0 0 69 0 0 0 0 78 0 0 0 0 17 0 31 0 94 68 61 0 0 19 6 36 10 38 93 51 0 0 0 0 0 0 0 0 81 0 0 0 0 90 0 76 0 0 0 0 3 0 62 0 0 0 0 0 0 22 41 0 0 0 0 0 23 0 0 0 0 27 56
26 0 0 0 0 73 0 0 0 0 42 0 0 0 9 0 0 0 0 0 0 0 0 43 0 2 0 0 0 0 0 0 0 0 0 56 0 0 0 0 11 0 0 0 0 0 0 0 0 0 0 7 15 0 0 100 0 0 100 61 89 95 0 0 0 0 0 0 0 0 0 0 0 0 0 0 0 0 0 0 55 0 0 0 0 0 0 94 0 0 0 0 0 0 0 0 0 79 0 0
0 0 0 52 0 0 0 0 0 0 88 0 0 41 0 0 0 0 93 27 0 0 69 0 0 0 19 0 0 28 0 0 0 23 0 0 0 99 0 0 0 0 0 0 0 0 0 0 11 0 0 0 0 25 0 0 17 0 0 0 0 0 68 0 0 0 0 0 0 0 0 0 0 0 0 0 0 0 0 0 0 6 0 0 18 0 0 9 0 0 0 0 0 0 0 0 0 0 0 60
0 0 0 0 65 0 0 0 0 0 0 0 0 0 0 0 21 31 88 0 0 24 0 0 0 29 0 34 42 76 0 0 0 0 0 0 7 0 0 0 0 0 72 0 0 0 0 25 73 0 0 99 0 0 0 0 0 69 0 0 0 0 0 0 0 0 0 5 0 0 98 98 0 0 0 0 0 0 0 0 0 49 0 0 38 0 0 0 0 0 0 25 0 0 0 0 0 0 52 0
0 55 0 0 0 0 0 0 0 0 0 0 81 0 3 0 0 0 0 0 0 0 0 0 0 0 65 0 0 0 0 0 0 0 0 0 0 0 85 0 0 52 98 13 0 86 0 79 0 0 0 0 23 0 0 3 0 0 46 0 0 0 0 0 0 0 0 97 0 0 0 63 7 0 0 74 49 0 0 16 0 0 0 0 0 1 0 0 87 0 98 16 9 0 43 0 0 0 0 0
0 0 0 0 0 68 0 7 68 0 34 0 16 0 55 0 14 0 0 0 0 0 0 0 0 53 67 0 0 0 0 0 0 0 0 0 0 0 0 0 0 0 0 0 0 0 61 0 0 0 0 0 0 0 0 0 0 0 0 1 0 0 0 0 0 0 0 0 90 91 4 0 0 97 0 0 0 0 0 0 0 0 0 58 9 0 0 46 0 0 0 0 0 95 0 62 0 21 63 0
0 0 0 0 12 87 0 0 0 44 0 44 0 0 33 0 0 0 0 0 0 92 0 0 0 0 0 0 0 0 0 14 0 68 28 0 0 0 0 0 17 0 66 0 0 0 48 37 0 0 0 0 0 0 0 0 0 92 99 0 17 63 0 0 0 0 0 0 0 0 0 0 0 0 99 0 0 18 0 91 31 0 0 0 0 75 0 0 0 51 0 89 0 0 0 0 0 0 81 0
0 78 0 14 0 0 0 0 68 0 33 0 0 0 0 0 0 0 0 0 0 0 0 0 0 0 0 0 0 0 0 0 0 44 0 0 0 23 0 0 0 35 0 0 0 0 0 100 8 0 0 0 0 0 0 0 0 69 0 0 0 0 0 17 0 91 60 0 0 0 0 0 0 0 0 0 0 15 0 91 0 0 0 0 49 12 32 0 0 0 73 0 0 0 0 34 0 0 0 32
0 0 0 0 0 28 0 64 0 0 70 0 0 0 0 0 0 0 0 35 67 0 0 0 0 66 0 0 0 61 0 0 0 0 0 0 0 0 0 0 0 82 37 0 0 0 0 0 0 83 0 0 0 0 0 37 0 0 0 0 0 0 0 22 0 0 0 0 8 0 11 0 0 63 55 0 39 0 37 0 0 0 39 0 0 0 0 96 41 0 0 0 31 0 28 0 0 0 1 0
0 0 0 58 18 78 0 32 16 0 34 0 0 0 0 27 0 6 0 0 0 0 0 0 0 15 0 0 0 0 5 0 10 0 0 81 0 2 0 0 0 0 0 0 0 88 0 0 85 0 0 76 0 51 0 19 0 0 44 82 0 0 50 0 0 0 0 0 0 0 0 0 0 9 0 9 50 0 0 0 0 69 0 0 0 0 24 0 24 49 0 0 0 0 0 0 0 93 0 0
0 0 0 0 0 0 0 0 0 0 48 45 0 0 0 51 0 0 26 58 66 0 0 0 0 0 0 0 0 0 0 0 0 82 0 10 0 0 0 0 0 0 0 59 0 42 0 0 16 0 0 0 0 0 0 0 0 0 18 0 0 15 0 0 0 0 0 0 0 89 0 47 0 0 0 0 0 0 0 89 49 0 0 0 0 0 0 0 82 0 0 0 0 0 66 0 0 48 0 0
1 0 0 0 0 0 0 0 0 0 0 0 0 0 10 0 29 0 44 0 38 0 73 87 0 0 0 89 64 0 0 0 100 0 0 71 0 0 0 0 0 0 0 75 0 0 24 0 0 0 0 0 47 18 0 0 0 0 16 0 0 0 0 65 8 0 0 0 0 49 0 90 14 0 50 0 0 0 0 0 54 0 1 0 0 44 79 4 47 0 0 50 24 0 74 0 0 0 75 0
0 0 0 0 0 23 0 0 0 0 0 0 0 0 0 60 0 0 57 0 97 52 0 0 55 0 0 0 0 0 0 0 82 0 24 74 0 0 0 55 0 0 5 0 0 49 0 0 0 0 0 0 75 0 0 0 0 0 0 77 23 0 26 0 19 25 0 0 0 0 0 16 72 95 16 23 0 0 0 0 91 0 0 0 0 89 0 0 55 90 0 41 0 30 0 0 19 0 54 98
0 86 0 0 0 0 0 17 0 0 82 0 0 0 0 0 0 71 0 0 0 0 0 0 0 0 0 0 0 0 0 0 0 0 0 0 0 76 38 19 0 65 0 0 0 0 0 0 77 0 0 15 31 0 0 0 0 17 65 90 0 69 0 0 0 0 0 0 0 0 25 0 0 0 0 0 0 0 0 0 84 67 54 0 3 0 0 11 0 13 0 0 57 0 0 0 0 3 11 0
0 0 0 0 0 14 92 0 85 0 0 0 0 91 0 11 23 51 0 71 0 0 0 71 0 44 0 0 69 0 0 0 2 0 98 0 0 0 0 0 0 92 0 0 0 21 0 74 0 27 0 0 0 63 72 0 0 0 0 0 0 38 0 0 0 0 0 0 0 0 92 0 40 52 0 24 0 0 0 44 0 0 0 0 0 60 0 12 0 0 0 0 84 0 0 12 0 0 2 0
0 0 0 0 0 0 0 0 0 17 69 0 0 0 0 0 0 0 86 0 0 0 0 0 34 37 0 0 0 0 0 46 94 0 71 60 0 0 29 0 60 0 0 17 0 0 0 5 100 68 93 0 0 78 0 0 88 0 28 0 0 96 0 0 48 0 0 0 0 6 0 0 0 0 43 0 39 0 0 0 0 0 0 0 74 0 0 0 0 0 0 0 0 0 0 89 0 0 0 20
0 0 0 0 0 0 0 0 0 0 0 0 64 0 67 0 95 0 0 0 0 35 0 0 0 0 0 8 0 0 56 0 0 23 0 0 0 82 35 0 0 0 0 0 69 0 0 0 56 0 94 0 0 0 0 94 0 0 0 0 0 0 0 16 0 0 0 99 0 0 0 63 30 68 0 0 0 0 0 0 0 0 0 0 0 0 0 28 92 68 0 83 0 0 0 0 0 0 0 82
43 34 0 67 84 0 0 50 0 0 31 0 0 0 48 0 0 0 0 0 0 0 0 0 0 0 0 35 0 0 0 0 0 0 91 42 0 0 2 0 0 0 0 0 66 85 0 0 64 36 0 54 0 0 0 0 0 0 0 0 0 0 0 0 0 20 0 33 8 0 0 20 0 0 0 0 0 0 58 0 0 0 13 0 62 0 0 0 0 0 35 70 0 96 63 41 0 0 0 66
0 0 0 13 0 0 0 0 0 0 0 79 0 0 0 0 0 0 0 0 54 0 0 0 0 0 25 100 0 0 0 0 22 83 0 0 76 0 0 0 0 86 0 23 0 0 10 0 0 0 0 0 0 16 0 0 13 79 0 0 0 0 46 0 0 0 0 24 0 0 0 0 0 0 0 0 16 0 7 0 38 23 0 0 0 75 27 0 0 0 0 14 0 0 0 0 0 0 0 0
89 0 0 0 26 0 0 0 48 90 97 0 7 0 0 0 0 55 0 23 54 5 28 50 0 0 0 0 0 0 0 0 0 0 0 0 72 0 0 0 0 0 0 76 65 0 0 68 0 0 0 0 0 0 36 0 0 0 0 63 0 0 0 0 13 89 0 48 0 0 0 0 0 0 0 23 0 0 0 0 0 0 0 0 0 16 77 0 0 0 0 0 0 0 0 0 0 0 0 0
0 92 64 0 0 0 0 0 0 70 0 0 0 0 0 0 0 0 86 0 0 74 70 82 0 0 0 0 0 68 89 83 0 0 55 0 68 0 0 0 0 0 0 41 0 0 0 0 69 0 58 84 26 0 0 47 0 0 0 0 0 0 0 0 0 0 0 0 0 0 0 0 0 90 0 70 0 0 0 0 0 0 0 0 0 0 0 0 5 0 52 0 77 0 96 0 0 0 0 0
0 0 0 0 88 0 0 0 69 0 0 0 0 0 0 0 0 0 0 0 0 0 87 25 0 0 0 0 0 0 79 22 0 0 0 0 0 63 33 0 0 0 0 0 27 0 0 0 0 0 0 0 0 3 46 0 0 16 0 85 0 0 0 0 0 78 16 0 0 0 0 0 0 0 0 39 66 0 27 0 0 0 38 86 0 0 0 0 0 0 24 0 0 0 74 0 3 0 0 0
0 0 0 34 0 0 0 84 0 0 0 0 0 98 0 0 0 0 0 0 0 13 0 0 2 0 0 0 0 0 0 0 0 0 45 39 0 63 0 61 0 0 40 0 92 0 0 0 0 62 0 0 0 0 55 0 68 0 0 0 0 0 0 0 0 0 0 0 75 0 0 0 0 48 47 0 0 0 0 16 92 0 0 0 0 0 0 0 0 0 0 0 0 0 0 0 0 0 0 0
0 0 0 91 0 0 0 2 0 47 0 0 0 0 55 64 0 54 0 0 0 0 0 0 3 0 35 53 38 28 0 0 0 0 0 0 0 19 0 0 0 0 0 0 0 0 58 0 0 50 0 0 0 64 0 0 0 0 0 52 0 0 0 0 25 0 0 0 0 74 0 0 0 62 0 0 0 0 0 0 0 0 0 42 0 0 50 0 94 3 0 0 14 100 0 9 0 0 0 0
14 0 0 0 0 0 0 39 0 0 0 48 27 0 0 0 0 0 0 0 99 48 0 0 0 76 11 0 0 0 68 43 17 0 0 0 57 0 0 0 0 0 0 0 2 0 0 15 0 0 0 0 0 0 0 33 0 0 0 0 17 0 13 0 0 0 0 13 10 0 0 0 0 0 0 74 0 0 0 0 10 0 0 73 0 0 0 0 0 36 0 0 0 0 98 0 0 77 0 0
0 0 0 0 93 0 0 0 0 0 0 0 0 0 0 0 0 0 50 0 0 0 0 56 0 13 0 0 0 0 0 0 0 0 0 0 6 0 0 0 0 0 0 0 0 0 0 0 2 0 0 0 94 40 0 0 0 0 0 0 0 0 0 0 0 0 0 0 0 0 0 0 0 0 0 0 0 0 0 49 11 62 0 94 39 0 0 77 77 63 0 0 0 0 0 40 53 52 0 0
0 22 27 94 20 70 0 0 0 63 0 0 0 14 0 0 0 5 43 51 0 0 0 0 99 0 83 0 0 0 11 0 74 0 80 0 0 0 33 0 68 0 0 0 0 0 89 0 0 0 0 0 0 0 0 0 0 0 47 29 0 0 0 0 0 77 0 91 28 0 0 94 38 0 0 0 77 0 0 45 0 0 0 37 0 0 0 59 0 0 0 0 92 0 60 36 93 0 0 15
0 0 54 28 0 0 0 0 0 0 0 0 26 0 0 0 0 0 0 0 45 0 0 0 0 15 43 1 0 0 0 0 3 0 34 0 0 0 0 0 0 0 0 0 0 12 0 0 0 33 0 44 0 83 61 0 0 0 20 57 51 0 0 0 0 96 0 18 0 55 54 66 0 0 49 0 0 0 0 0 0 0 53 0 0 0 84 0 0 0 0 61 0 0 0 0 0 3 0 0
0 0 0 0 0 0 0 0 32 15 0 0 0 0 0 0 0 85 0 0 3 0 35 0 0 0 0 0 0 0 0 0 0 53 0 0 0 0 0 75 0 0 0 0 0 0 0 0 54 0 0 0 0 93 11 0 72 0 0 38 0 0 0 0 0 0 0 0 0 66 0 0 0 0 0 43 0 0 0 0 54 0 0 0 0 0 0 0 0 0 14 0 0 0 67 0 0 53 0 0
57 82 0 0 0 35 0 0 83 0 83 0 0 0 87 0 0 0 0 0 0 0 0 98 0 6 0 0 73 0 1 0 0 0 0 0 0 0 0 5 80 41 0 0 0 0 0 0 0 26 0 0 40 0 0 72 87 0 0 0 44 89 0 0 0 0 0 17 0 0 0 0 94 45 0 0 0 0 0 0 89 0 0 55 71 24 0 0 11 0 0 0 45 47 0 80 0 0 0 0
0 95 0 0 35 0 0 0 0 71 0 0 0 0 0 33 0 0 0 0 0 38 0 87 0 71 0 0 0 0 24 98 0 0 74 0 0 0 0 0 0 0 100 0 0 25 0 100 38 0 0 0 0 85 0 0 0 76 0 0 0 0 56 0 70 0 0 17 0 15 0 16 0 0 0 0 0 0 0 0 0 0 0 0 0 20 0 0 0 0 56 0 67 0 0 0 0 0 0 0
19 0 0 0 92 0 0 0 69 0 0 0 0 0 0 65 0 0 0 0 62 0 0 0 0 0 0 0 0 78 0 0 0 0 18 82 0 0 16 0 0 0 0 0 0 100 76 0 0 33 0 22 0 0 0 0 94 0 20 0 0 88 0 84 0 0 0 0 50 0 0 0 0 0 0 0 0 0 0 0 0 0 0 0 0 0 0 53 0 65 0 0 0 0 0 0 0 0 0 0
68 0 0 0 0 49 37 0 0 0 0 0 0 0 0 0 0 0 0 27 0 0 0 0 0 0 0 0 53 0 0 0 84 92 0 0 6 0 0 0 0 85 0 33 62 0 0 0 0 0 5 0 0 0 0 0 0 0 0 0 0 0 0 0 0 0 42 0 98 0 81 0 57 0 0 0 0 0 0 0 0 35 0 0 0 0 0 0 87 17 80 0 0 56 0 0 0 0 0 0
0 43 57 70 0 0 0 0 0 0 0 64 0 0 0 0 0 4 0 0 0 54 0 0 24 70 0 0 48 0 0 0 0 0 0 0 0 0 0 0 75 0 0 0 0 73 14 0 73 0 0 75 0 0 0 79 93 0 0 0 0 0 0 0 0 0 0 0 0 0 57 0 0 0 0 0 0 0 2 0 0 0 24 0 0 0 0 0 0 0 0 0 0 0 7 0 0 0 0 1
0 0 67 53 0 0 0 0 0 87 0 0 0 0 0 0 0 0 52 89 53 0 0 0 0 93 0 0 0 0 0 22 0 0 0 0 51 0 0 0 0 0 54 0 0 0 0 0 19 0 0 0 0 0 0 82 0 0 0 0 94 0 84 0 87 0 0 0 0 0 0 0 0 0 0 0 45 0 0 0 85 0 0 38 0 97 0 0 0 53 0 0 0 0 0 0 0 21 0 0
0 74 21 26 0 98 0 0 0 0 0 85 39 0 0 93 0 0 0 0 0 0 0 51 0 0 77 0 70 0 0 0 0 0 0 0 0 0 0 0 0 0 0 0 0 0 0 0 20 0 0 0 0 0 0 0 0 0 0 0 74 0 34 0 0 0 0 0 0 0 0 0 0 0 0 52 0 0 0 0 0 0 39 0 0 29 0 0 0 0 0 0 0 32 0 0 0 0 0 0
0 0 97 0 0 0 82 88 0 84 26 94 0 0 24 0 0 0 0 0 0 0 0 85 77 0 5 0 0 0 0 0 71 0 36 0 0 0 0 0 0 0 0 0 18 7 0 0 0 0 0 0 6 0 0 0 0 0 23 0 8 0 0 0 0 0 0 51 0 0 0 92 0 2 0 0 0 0 0 0 0 0 0 0 0 0 0 0 0 0 0 0 0 0 0 0 0 12 0 0
0 0 0 0 0 0 0 0 0 0 8 0 99 0 6 0 38 0 0 0 59 0 0 0 0 0 0 0 79 86 0 0 0 0 0 0 0 0 0 65 0 0 0 23 0 86 0 0 0 0 0 73 14 0 0 0 0 0 19 0 1 0 0 0 0 43 0 0 0 0 0 0 0 0 0 0 0 0 0 0 0 0 0 24 0 76 0 0 0 47 0 0 0 96 0 69 0 0 0 0
0 0 47 0 0 0 0 0 48 0 42 0 0 0 88 0 0 86 0 0 0 0 0 0 40 0 54 16 0 49 77 0 0 46 0 47 0 0 0 0 0 0 0 0 0 0 0 0 44 0 0 0 0 0 0 0 0 0 0 93 96 36 0 0 81 0 88 0 0 0 0 0 0 0 38 0 0 0 80 0 0 0 5 0 0 0 0 0 0 0 81 0 46 9 0 0 0 18 14 0
0 0 0 38 0 0 0 0 0 0 0 0 12 0 56 0 0 68 0 0 0 0 93 0 0 18 14 0 0 0 0 57 0 0 83 0 0 0 0 0 9 0 0 0 0 48 0 0 0 13 0 0 12 0 0 0 0 0 0 0 71 30 95 40 46 0 0 0 0 0 0 50 71 0 0 68 0 0 0 0 40 0 0 36 10 0 0 0 0 0 0 64 0 0 0 0 0 0 0 0
0 71 0 55 30 0 0 0 0 0 0 0 0 0 0 0 0 8 70 0 0 59 0 0 0 0 0 0 31 0 0 0 0 0 0 72 0 0 0 0 0 7 0 0 0 0 31 0 0 50 0 0 0 0 0 0 0 68 0 10 52 0 0 0 0 31 76 0 72 0 28 9 29 0 59 0 0 17 9 0 0 0 21 0 0 0 0 0 0 0 0 0 0 0 0 8 0 0 0 0
0 0 0 0 0 0 0 0 1 0 0 0 0 0 0 100 0 0 0 0 48 0 0 0 0 46 0 0 0 0 40 0 32 0 0 0 90 0 0 0 0 0 0 51 0 0 0 0 0 0 0 0 0 0 44 0 65 0 0 0 0 0 10 0 2 0 0 0 61 47 0 75 91 0 0 0 0 0 0 0 0 0 0 0 12 0 0 0 0 0 0 0 0 3 0 0 60 28 53 0
0 0 0 0 0 0 0 97 76 0 60 0 94 0 0 0 0 0 59 53 0 0 0 0 19 1 27 3 0 0 0 0 0 0 0 0 0 0 0 35 70 0 0 0 0 52 0 0 0 0 67 0 0 13 0 0 26 0 0 0 0 57 0 0 74 90 83 0 0 0 96 0 3 0 0 0 24 0 0 0 81 0 97 0 0 0 60 0 90 0 88 0 0 84 0 0 0 6 0 0
0 0 0 41 0 100 0 0 75 56 71 0 0 0 0 0 0 0 0 0 8 0 0 0 0 0 0 73 22 1 0 0 0 0 0 0 0 0 0 0 0 79 0 0 89 0 0 0 36 0 32 0 0 0 0 0 52 0 0 0 42 50 66 0 0 36 0 0 34 0 10 0 0 97 0 0 0 0 0 9 0 0 89 0 0 56 0 0 4 40 0 96 0 0 0 0 0 0 0 3
0 75 8 0 31 0 11 0 58 0 0 0 0 65 0 29 98 0 0 0 0 0 0 61 89 38 0 36 0 0 0 0 0 0 24 71 0 87 33 0 0 0 0 31 50 0 0 0 0 0 0 0 0 0 0 80 0 0 0 0 0 0 0 0 0 18 0 0 0 0 0 0 0 0 0 0 94 0 0 33 0 0 45 66 0 0 0 30 83 0 0 0 0 0 0 55 0 0 0 0
0 18 0 0 61 0 0 0 0 0 0 0 0 0 18 65 0 0 0 83 0 0 0 4 0 7 3 0 0 0 71 62 0 0 0 0 0 0 0 0 21 0 0 0 0 0 84 0 0 0 0 0 0 21 0 0 0 0 0 0 69 0 0 0 63 85 0 0 0 48 67 0 0 0 0 78 0 0 0 0 0 0 0 0 0 0 0 0 0 63 0 84 71 0 0 75 0 0 0 43
81 0 0 0 0 0 50 0 0 0 0 0 0 23 27 29 0 25 0 0 1 0 0 0 0 0 0 43 0 0 0 0 0 61 0 0 0 95 0 0 0 43 0 0 0 0 0 0 64 0 90 0 0 0 45 0 0 12 0 100 0 0 0 0 50 10 0 28 0 0 66 20 2 99 0 0 16 91 0 0 0 0 0 0 0 0 0 3 0 0 0 0 0 0 0 0 0 0 0 0
0 76 0 17 0 0 0 0 0 52 13 0 0 3 0 0 33 0 0 0 92 0 0 0 0 0 0 0 2 0 35 0 0 0 0 0 87 2 33 0 0 0 0 0 0 41 0 46 0 0 0 17 0 0 0 0 60 0 0 0 0 0 0 0 0 0 0 6 0 0 41 0 0 88 0 0 0 87 23 0 0 0 0 0 0 25 0 71 0 29 0 0 0 0 0 0 58 0 0 0
0 0 56 0 0 51 16 0 0 0 57 0 0 0 0 0 70 0 0 0 0 48 93 0 30 40 0 7 0 0 0 0 0 58 61 0 0 0 0 2 0 47 0 0 98 0 0 0 0 0 0 0 0 0 90 0 0 16 0 0 22 41 0 0 0 31 89 0 66 0 0 0 0 0 15 0 66 0 8 0 66 0 0 0 0 0 82 80 0 0 0 0 0 0 0 89 0 0 0 15
0 6 0 73 0 0 0 17 0 0 0 0 57 0 0 0 0 1 0 0 0 0 96 0 35 19 29 0 0 0 0 15 0 0 65 0 97 0 0 0 96 43 0 0 0 0 0 0 24 0 0 0 0 0 0 0 0 0 0 91 0 0 31 94 0 0 46 0 0 0 0 0 17 0 96 94 0 55 0 89 0 0 13 0 38 0 0 0 67 0 0 0 0 0 0 20 0 0 0 0
61 69 36 71 0 0 0 0 54 98 0 0 0 0 0 0 98 0 31 0 86 36 0 0 0 0 0 0 0 0 0 0 0 81 0 0 0 0 0 0 0 0 17 90 64 0 0 0 0 0 0 64 6 0 0 0 31 42 0 0 0 0 24 0 77 87 69 0 0 0 0 75 10 0 0 0 0 0 29 0 0 0 0 0 0 47 7 0 0 0 0 0 0 0 32 7 0 0 0 0
21 0 0 0 0 0 81 0 0 59 48 0 0 0 0 1 0 61 0 0 0 20 0 0 0 75 0 0 20 0 0 0 0 46 0 87 0 37 92 66 48 0 0 0 0 0 99 0 0 4 27 0 0 0 0 0 0 0 0 0 0 0 0 66 0 44 0 0 0 0 0 0 0 0 0 76 0 0 0 11 0 0 76 0 21 87 0 0 0 0 0 0 0 0 0 0 0 0 0 0
84 0 0 0 0 0 0 0 0 54 0 0 0 0 0 4 0 0 39 61 0 0 0 82 0 0 0 0 0 73 0 0 0 0 66 52 48 84 0 0 0 0 0 72 0 0 0 0 0 0 0 0 0 0 0 0 98 0 0 34 0 0 0 0 0 0 0 0 0 73 0 0 0 75 0 90 0 0 90 0 0 0 0 0 0 0 0 0 0 0 0 0 18 0 0 41 0 0 1 85
75 0 0 14 32 0 0 58 0 0 85 0 9 85 44 15 0 43 0 37 0 0 0 0 0 0 0 0 0 0 0 0 0 87 36 0 0 97 0 0 0 0 0 0 0 0 0 0 0 0 82 0 0 47 0 0 0 0 0 0 81 0 51 0 0 0 0 0 27 0 0 0 76 0 0 46 0 0 0 0 9 0 0 8 0 96 0 0 0 0 93 0 0 69 0 0 0 0 0 94
83 0 0 93 0 68 39 41 0 32 91 0 34 0 0 0 0 0 0 0 0 86 0 33 0 0 89 0 0 0 0 43 0 0 0 0 0 0 0 96 0 96 0 9 0 89 0 0 0 0 0 0 0 20 59 77 0 0 0 0 69 49 0 0 43 64 39 0 0 0 19 0 0 0 0 0 0 0 0 87 0 0 0 0 0 0 0 0 51 73 0 0 0 0 0 0 66 30 0 0
0 0 0 0 0 26 0 0 70 0 0 0 0 0 0 0 0 0 94 41 73 0 48 75 0 0 0 0 0 0 0 87 0 0 0 36 0 0 0 100 0 0 0 39 17 40 0 0 0 62 0 0 0 0 0 98 0 0 58 0 0 0 0 0 87 57 12 0 0 0 0 0 0 0 30 0 0 0 0 14 0 0 5 0 0 0 0 0 26 0 43 0 0 0 0 0 0 0 3 0
0 29 78 0 0 0 5 57 0 0 0 0 95 0 0 0 0 0 0 80 0 0 0 0 23 0 0 68 0 0 0 57 21 0 58 0 0 0 0 0 59 0 23 0 65 0 0 0 7 0 0 0 0 0 13 0 0 0 85 0 14 0 28 0 0 60 34 7 0 0 48 2 0 0 26 0 44 0 0 0 0 0 0 0 0 0 0 0 0 18 84 0 0 0 0 57 0 32 0 0
0 15 91 0 0 31 36 0 0 0 0 0 0 0 32 0 0 0 0 0 0 77 0 0 0 0 0 0 52 88 0 0 0 0 87 66 65 86 0 0 87 0 0 47 50 0 0 0 73 0 0 0 0 0 0 0 0 0 51 51 18 0 71 0 0 0 0 77 0 63 0 0 21 88 13 0 0 0 0 0 99 0 0 0 0 0 0 0 0 0 0 0 0 0 0 0 0 81 0 0
0 0 0 0 52 93 0 0 0 0 0 0 0 0 0 0 20 0 56 79 0 79 0 0 0 0 17 0 0 37 0 0 0 0 0 86 12 0 0 0 0 0 0 0 63 46 0 90 0 0 0 0 0 0 46 82 0 52 0 0 0 0 0 0 0 0 0 0 0 0 79 55 0 39 0 0 0 0 0 0 0 0 0 0 0 0 0 0 0 33 0 0 0 0 0 0 0 52 99 0
0 0 0 0 64 44 0 0 26 0 93 0 77 0 0 0 15 27 68 45 0 32 0 0 0 0 0 0 44 0 74 0 0 0 0 0 76 0 0 0 75 23 0 36 0 0 0 0 0 0 53 6 0 0 89 0 0 0 0 0 0 0 0 0 0 4 0 0 0 71 7 0 0 59 0 0 0 0 0 65 0 0 0 0 0 0 73 0 0 0 2 97 0 0 82 0 39 0 0 0
0 0 0 0 0 0 0 31 0 0 76 0 39 0 0 62 0 0 0 0 36 100 0 33 0 34 0 0 0 0 0 0 30 0 0 0 0 0 0 0 0 0 0 0 0 21 53 0 0 0 0 87 0 0 88 0 0 0 0 3 0 0 0 0 52 0 43 0 0 78 90 65 26 0 0 0 0 30 0 0 61 46 0 0 0 0 0 0 0 0 0 0 96 64 0 0 0 0 0 0
0 0 0 0 0 26 25 10 0 42 0 84 0 0 0 0 18 39 0 0 0 0 89 0 0 0 0 0 0 0 0 39 0 0 0 0 0 69 0 0 0 87 8 0 0 82 0 0 0 0 0 0 0 0 23 0 0 0 0 63 0 38 0 0 0 0 0 0 0 17 91 0 0 0 47 90 0 0 86 0 25 62 0 0 0 0 0 46 24 0 0 0 0 0 0 0 0 0 0 0
0 68 91 42 0 54 0 0 0 9 83 0 0 18 0 60 0 0 0 65 0 31 0 0 0 0 98 0 0 0 0 0 14 0 0 100 48 0 39 0 0 0 0 67 6 0 0 0 0 0 66 0 0 73 0 0 0 88 0 0 0 28 0 0 0 0 0 65 57 0 0 37 0 0 0 0 40 0 0 0 12 0 0 2 0 0 0 81 33 2 0 0 0 0 0 0 0 0 0 0
0 0 0 0 0 0 0 0 0 46 0 81 0 9 0 0 0 0 0 0 0 0 93 0 0 0 0 0 0 0 96 0 0 31 88 0 0 0 89 0 0 0 0 0 0 0 77 73 0 0 0 0 0 0 0 0 0 81 0 90 0 19 0 0 0 0 0 0 0 0 0 0 72 0 0 0 0 0 0 0 68 0 68 0 0 0 31 0 0 33 0 5 0 98 21 0 0 0 0 85
0 37 0 59 0 0 13 0 38 0 0 41 31 0 84 0 0 0 0 20 0 0 0 0 76 0 0 59 16 0 0 0 0 0 0 87 0 42 56 0 0 87 0 0 0 85 0 0 50 100 90 0 0 0 0 0 0 0 0 0 0 0 0 0 0 32 0 0 63 0 0 0 0 0 19 0 0 0 0 0 0 0 0 0 0 0 0 0 0 0 0 0 0 0 79 0 0 0 0 0
27 0 0 0 0 5 0 0 0 0 76 0 0 48 58 52 0 0 0 0 81 12 0 0 0 0 71 0 0 0 0 0 0 0 0 0 0 0 23 0 0 0 0 0 0 40 0 64 0 96 0 0 0 0 0 0 68 0 0 0 0 14 0 98 58 0 65 0 59 0 85 0 0 0 0 0 0 0 0 0 72 3 0 0 0 0 0 0 37 0 85 0 0 0 0 0 0 63 0 71
0 0 45 0 0 0 0 0 0 46 0 47 0 0 0 71 0 45 0 0 0 53 0 25 0 0 0 0 0 0 65 0 0 41 0 0 0 0 0 0 0 50 31 57 0 26 0 0 0 0 51 35 2 0 52 0 0 0 0 86 89 11 0 0 0 0 0 41 0 0 0 0 0 0 0 0 0 72 0 0 0 0 0 39 0 0 80 0 0 0 0 0 0 0 0 0 0 0 0 0
0 93 19 50 0 0 0 29 0 72 88 0 87 0 0 38 0 0 81 0 0 76 22 0 0 0 0 0 55 0 0 0 0 0 0 41 0 10 0 70 23 0 97 0 0 0 0 0 0 48 0 0 0 0 0 0 11 0 0 0 14 0 78 0 0 0 85 22 0 0 0 0 0 15 0 0 0 2 33 58 0 0 0 2 0 0 39 38 0 0 8 0 0 0 63 0 0 0 0 0
0 0 0 0 0 0 45 0 60 0 0 43 0 0 0 0 0 0 0 0 43 0 0 0 37 40 0 0 0 0 0 0 0 0 95 0 0 0 0 0 0 65 45 0 0 0 0 0 0 62 27 0 41 0 0 0 0 0 0 20 0 0 0 0 0 0 0 0 0 14 0 93 0 81 0 0 81 0 0 98 0 19 76 0 0 0 0 0 22 85 0 0 0 0 23 0 0 0 0 64
0 0 0 38 0 0 17 0 0 0 90 0 0 0 0 68 0 0 57 0 56 0 0 0 75 32 0 0 84 0 0 90 0 0 0 0 0 0 97 0 0 0 0 0 0 0 0 0 0 0 0 0 0 0 22 0 91 0 0 0 0 0 0 0 0 0 93 0 0 0 32 22 0 0 0 39 0 70 57 0 0 0 0 0 0 42 25 0 88 0 0 0 0 0 0 0 0 0 0 0
0 0 0 0 0 0 0 0 0 92 0 0 87 0 0 0 0 0 10 0 77 0 0 0 0 0 0 94 0 15 0 43 0 0 48 0 0 0 0 0 0 0 9 28 0 79 54 0 0 73 0 64 52 77 86 0 0 0 0 57 48 0 0 0 0 0 0 74 0 0 0 62 0 0 0 0 0 0 0 4 32 0 0 0 0 0 0 0 0 0 59 0 0 0 0 0 0 0 0 0