100
0 0 0 0 96 0 0 0 0 0 8 0 0 0 34 0 0 0 0 0 0 74 0 0 5 0 0 0 0 41 0 0 71 0 25 0 0 74 79 33 0 0 0 11 0 69 71 0 0 74 0 46 0 0 0 0 0 0 81 0 0 0 0 0 83 0 0 10 0 82 22 0 0 0 0 0 0 0 0 0 0 72 0 0 11 47 0 0 60 0 0 53 0 0 0 0 0 36 70 0
40 0 0 0 0 25 0 0 0 0 89 0 0 0 19 0 0 0 0 0 0 0 65 0 0 0 49 0 0 0 0 0 0 0 0 0 0 0 0 0 14 0 0 0 94 0 0 70 0 0 0 0 0 0 0 0 45 0 46 79 0 0 0 94 34 0 7 0 0 0 0 79 0 93 52 0 0 0 2 0 37 0 72 0 13 39 94 51 68 0 79 0 0 0 0 0 20 100 0 0
0 0 0 9 79 0 24 0 73 7 0 36 0 37 0 0 0 0 30 0 0 0 0 65 0 92 0 0 0 0 0 0 0 0 0 5 0 87 0 0 55 0 0 0 90 0 0 0 0 89 0 0 7 0 36 27 0 0 0 0 0 15 79 93 0 0 0 65 0 0 0 0 0 0 0 54 0 47 0 0 0 0 0 0 0 0 0 0 80 0 0 0 0 0 0 0 0 0 55 0
0 29 3 0 0 20 0 0 0 0 0 68 0 25 0 0 0 0 0 40 5 97 0 0 89 0 0 0 0 0 0 88 0 3 0 0 13 0 21 0 0 0 0 0 92 57 0 0 54 0 0 79 0 0 0 0 0 0 90 0 0 0 0 46 77 32 0 0 0 0 0 0 46 0 0 92 0 0 0 76 52 0 19 0 0 0 0 0 0 0 0 0 0 0 13 0 0 0 73 0
0 0 0 0 0 18 0 0 94 0 0 0 0 7 0 0 0 0 0 0 0 0 0 0 0 0 3 0 0 0 45 0 0 0 56 0 94 0 0 0 13 0 56 0 0 43 0 0 0 20 0 0 95 0 0 0 0 0 0 0 0 0 0 0 0 0 56 0 0 0 0 77 0 0 0 0 0 0 0 0 91 14 51 0 0 0 0 0 0 0 0 0 25 0 0 14 0 0 0 0
9 0 66 0 0 0 86 55 0 71 41 0 0 0 0 0 79 0 0 0 58 0 0 0 90 0 0 23 0 0 0 11 0 0 0 0 0 0 0 0 0 31 0 0 83 0 0 80 0 0 0 0 0 0 0 0 99 0 0 0 0 0 0 0 0 0 0 0 0 69 0 0 0 0 41 0 0 60 18 32 0 0 3 0 0 0 0 0 0 0 0 0 20 0 0 0 0 0 46 0
0 0 0 0 0 0 0 0 0 0 0 0 0 0 0 0 0 0 0 0 98 0 0 0 0 0 32 0 17 0 24 0 0 0 0 86 0 0 0 0 9 0 41 0 0 0 3 62 0 0 35 14 0 69 0 0 0 0 0 0 0 0 0 0 0 0 0 0 0 0 80 0 0 0 0 22 0 0 0 0 0 0 0 0 0 0 24 0 72 0 41 0 24 0 0 0 6 0 0 0
91 80 0 99 0 0 0 0 0 25 83 91 92 0 0 70 67 0 35 55 0 21 57 41 0 0 70 0 0 0 0 55 0 0 0 0 83 72 0 61 37 0 51 77 0 0 88 35 0 0 33 87 0 0 33 0 0 0 0 0 88 0 74 0 49 0 0 0 0 26 13 0 20 0 0 86 0 77 0 0 0 0 0 0 51 0 0 0 0 0 0 0 0 55 20 0 21 0 0 0
0 0 33 57 4 21 20 0 0 0 0 27 0 0 0 0 0 0 99 0 0 0 0 0 0 0 0 0 0 39 0 0 0 0 46 0 0 0 0 0 0 55 0 0 0 0 10 0 0 0 0 36 0 17 0 69 0 0 0 87 83 0 0 0 77 0 0 53 0 76 0 0 0 0 47 93 0 0 0 74 0 0 0 0 0 0 0 0 0 0 0 0 77 0 0 0 0 29 74 69
87 0 0 85 76 0 93 0 77 0 0 0 0 82 0 0 0 0 0 0 0 0 44 0 0 0 1 0 0 0 0 0 69 16 0 0 0 0 0 0 0 0 19 0 0 36 96 0 0 0 0 0 0 65 0 0 0 0 0 0 0 0 88 0 0 0 0 0 0 28 0 0 0 0 0 5 0 0 0 0 0 0 0 32 0 45 0 0 0 0 0 0 18 0 58 0 66 0 0 60
39 0 0 0 0 0 0 0 0 0 0 0 0 0 0 39 0 24 0 83 65 0 84 0 0 0 0 0 0 0 0 0 0 0 0 0 0 25 0 0 0 0 0 0 0 0 0 0 0 93 0 0 0 0 0 0 44 0 0 0 91 0 48 19 0 71 0 95 0 0 0 0 0 0 0 0 41 25 0 0 0 0 0 0 0 0 0 0 0 0 0 0 0 14 46 66 38 63 0 0
0 48 0 41 0 55 0 0 0 4 0 0 0 42 8 0 0 0 0 0 28 0 0 64 79 0 0 36 0 0 0 0 57 0 58 0 0 0 61 0 0 92 0 0 0 0 0 99 0 0 0 0 0 0 53 0 0 0 45 0 0 0 0 0 0 27 0 0 36 85 81 0 0 4 0 0 0 0 0 0 0 0 76 6 0 0 0 0 0 0 0 16 24 43 0 0 0 14 0 78
66 0 0 28 0 0 0 61 0 0 0 0 0 0 0 0 0 0 0 25 0 0 84 5 17 0 9 0 0 0 0 79 0 0 0 81 0 0 0 89 0 0 0 0 47 0 0 0 0 0 0 57 81 87 0 0 0 0 0 0 0 0 0 0 25 0 0 0 0 88 0 0 60 0 0 72 94 0 0 0 0 0 0 0 0 0 0 54 0 0 0 0 59 0 83 20 0 0 0 0
0 0 0 0 0 0 56 0 37 0 0 33 0 0 0 98 0 0 0 0 0 48 0 0 0 0 0 97 0 0 73 0 0 0 0 0 0 0 0 43 19 39 0 0 0 0 53 42 0 0 0 69 0 66 14 95 89 0 0 0 0 0 34 57 0 0 0 0 0 0 0 0 0 21 90 62 0 0 0 0 0 0 68 0 0 0 68 9 0 0 0 0 0 0 0 0 0 81 0 0
84 0 0 0 0 0 59 0 0 80 0 0 0 0 0 0 0 15 36 0 0 39 0 0 0 0 42 0 0 0 7 0 37 0 0 0 0 0 0 81 0 0 0 92 0 0 65 0 52 0 0 0 0 0 0 0 0 0 5 0 0 0 0 0 0 0 0 0 0 75 0 0 0 43 0 0 0 0 0 0 0 0 0 0 0 58 0 0 0 91 0 0 0 0 0 0 0 0 0 0
0 0 0 82 0 0 0 0 0 0 0 0 0 0 0 0 0 94 21 0 92 0 0 0 0 0 63 89 99 0 40 0 0 0 0 0 0 0 0 0 0 0 0 0 0 0 95 0 0 0 79 98 0 0 0 0 0 0 0 0 0 67 0 0 33 13 0 0 0 0 42 0 0 53 0 51 90 0 0 0 0 0 0 0 0 73 45 0 0 12 100 16 0 0 0 59 0 0 0 0
60 0 0 0 0 0 0 55 0 0 0 0 0 0 0 70 0 0 0 0 0 86 0 21 0 7 0 0 0 0 0 0 56 0 0 0 0 0 0 33 0 0 0 0 0 0 88 0 81 0 32 0 0 0 0 0 0 0 0 0 43 0 51 0 0 56 0 0 0 0 0 0 0 60 0 0 0 0 0 0 0 0 64 79 50 17 0 0 0 0 0 69 0 52 0 0 18 0 0 0
7 0 9 0 43 81 0 59 0 0 0 0 0 0 0 62 0 0 0 0 0 0 0 95 0 0 29 0 92 61 0 0 0 0 0 0 0 0 0 0 0 0 0 46 80 0 0 0 0 0 100 0 0 0 0 0 0 0 89 0 0 38 0 0 0 24 0 0 6 82 0 0 0 0 0 0 43 0 0 97 0 0 0 6 0 0 0 0 0 0 0 0 0 0 0 0 0 0 6 0
0 0 0 0 0 72 0 0 0 0 0 0 0 0 0 35 29 0 0 0 0 45 0 37 0 0 0 0 28 0 0 24 89 0 0 0 0 50 0 0 0 55 0 0 0 5 0 35 36 0 0 0 0 0 0 43 51 0 0 0 0 0 8 0 25 0 0 0 0 0 0 84 17 97 0 7 0 0 0 0 0 0 0 0 27 0 0 27 0 0 0 0 19 0 0 51 0 0 0 0
40 0 76 0 0 0 0 0 0 80 0 0 0 0 0 0 70 0 0 0 0 24 0 0 0 0 0 0 0 0 0 0 0 0 92 0 28 46 0 0 89 0 0 0 17 0 0 0 0 0 0 0 0 0 54 0 0 0 0 0 1 0 0 23 14 0 0 0 0 77 0 0 0 94 0 0 0 54 0 0 0 0 0 43 50 0 0 0 90 0 0 49 0 0 76 0 0 0 0 0
0 0 0 3 0 0 0 0 0 0 0 0 0 0 45 0 0 0 0 0 0 0 8 11 90 36 0 0 0 0 21 5 0 23 0 0 5 41 40 29 0 0 0 0 0 0 0 0 0 0 0 0 0 0 0 0 0 0 30 0 0 0 0 0 0 0 0 76 0 29 0 0 0 0 0 0 0 0 0 91 31 0 16 0 100 29 0 0 0 0 0 0 66 0 0 0 0 2 0 88
0 0 0 0 0 0 4 0 0 0 0 0 0 0 0 0 0 0 81 0 50 0 0 0 0 0 0 41 0 60 0 0 0 0 8 0 7 20 29 0 0 0 76 0 8 34 0 64 0 0 0 0 0 0 45 0 0 0 0 0 0 0 65 0 0 0 0 0 0 0 0 0 0 49 17 0 0 0 0 93 0 55 0 0 0 23 61 0 0 0 70 0 0 0 0 0 47 0 0 0
0 0 0 56 68 0 0 0 99 0 0 0 6 0 0 0 0 0 51 0 0 0 0 0 0 38 0 0 0 0 0 0 0 0 0 0 0 0 0 9 0 0 46 0 16 0 0 0 0 66 83 95 0 0 75 0 0 0 0 0 0 78 48 0 0 0 0 0 0 91 0 0 0 0 0 66 0 0 0 0 32 88 0 0 0 4 0 20 0 0 14 43 0 15 0 0 0 47 0 0
0 0 0 0 0 0 0 0 0 0 96 0 0 0 0 0 0 66 0 100 0 100 0 0 71 34 0 64 0 0 0 0 0 26 42 61 0 0 0 0 7 11 65 0 0 0 22 0 0 0 98 0 0 46 0 0 0 93 79 0 51 0 0 20 47 0 0 0 0 48 0 46 0 1 0 5 81 0 0 0 0 0 0 0 0 0 0 0 55 0 44 68 3 0 20 0 0 0 0 0
79 0 0 0 0 0 0 0 0 0 0 0 0 75 74 75 0 61 46 0 0 0 0 63 0 46 0 0 0 0 57 0 0 0 1 68 0 71 0 0 0 80 0 0 0 0 0 35 48 0 0 0 0 0 0 0 0 0 31 38 0 0 0 0 0 0 0 0 42 74 0 0 84 69 23 0 85 5 100 0 0 0 0 0 0 0 0 0 0 83 0 32 0 0 15 0 0 0 0 0
68 0 0 0 0 0 0 0 0 34 0 13 58 0 0 0 91 0 0 0 0 0 0 0 0 0 0 0 15 0 0 47 0 0 7 0 0 0 0 0 0 0 66 0 0 0 0 28 43 0 0 0 0 0 0 0 0 0 0 0 0 0 0 0 0 0 0 0 0 27 0 0 0 57 0 0 0 0 0 76 0 0 0 0 0 0 30 40 0 0 0 0 0 0 0 0 0 0 0 0
47 22 0 0 23 0 0 0 0 0 5 0 0 0 0 0 0 0 0 0 0 0 0 13 0 0 0 0 51 0 0 0 0 0 0 0 0 31 51 0 0 0 0 0 0 0 0 8 0 82 0 76 54 63 0 0 95 0 0 0 0 0 0 0 0 0 0 0 84 27 0 74 36 0 0 0 0 0 16 0 0 0 97 0 12 16 0 0 0 0 40 0 0 54 67 0 0 0 0 0
0 83 0 41 34 0 0 0 0 0 97 0 2 0 0 0 0 0 0 4 0 0 0 10 0 0 0 0 0 0 0 0 0 0 0 0 0 85 0 0 0 0 0 0 0 0 0 0 0 0 0 80 0 77 0 0 0 22 0 88 0 81 0 0 0 0 0 0 0 0 0 24 0 0 0 0 97 0 0 0 48 0 0 0 0 0 0 0 0 0 49 0 0 0 99 0 0 0 0 0
49 0 0 0 42 72 0 0 0 0 0 77 0 0 0 0 0 0 0 0 0 0 0 81 0 1 0 0 0 0 0 0 77 0 0 71 0 0 0 52 35 0 25 0 62 0 0 0 0 0 0 0 53 0 0 0 0 0 0 0 87 0 0 0 0 0 88 0 33 95 0 0 0 70 0 0 78 0 0 0 0 64 0 0 0 0 0 0 0 75 56 0 0 0 0 81 0 42 0 66
0 19 31 0 0 0 0 0 1 0 0 44 0 0 9 0 0 67 0 97 32 0 0 0 0 97 0 46 0 0 0 0 59 91 0 0 0 0 0 0 89 0 0 0 0 0 0 47 39 0 0 0 93 0 12 0 58 0 0 0 0 0 0 80 68 0 0 45 0 0 0 0 0 0 0 0 3 0 0 0 0 62 0 0 0 0 77 0 0 90 0 0 0 0 0 78 0 39 0 77
0 0 0 29 0 0 87 0 0 30 0 0 95 0 0 23 0 0 3 20 1 0 0 0 0 0 0 0 0 0 0 44 0 0 0 0 0 31 0 0 0 0 0 0 0 0 0 0 85 0 76 0 0 0 0 0 70 0 0 0 0 59 0 0 0 0 0 93 0 0 0 0 0 0 0 0 0 0 0 0 78 0 0 0 55 0 0 0 0 0 18 0 5 98 83 0 0 17 0 99
22 48 0 0 0 0 11 50 0 0 0 0 23 0 0 0 0 0 99 0 0 0 0 0 0 0 0 0 0 0 0 0 33 16 0 0 0 0 0 0 0 0 84 0 0 0 42 0 57 0 0 0 0 0 0 0 0 0 0 0 0 0 0 0 0 0 0 0 0 56 0 0 0 97 0 0 88 0 70 39 0 0 0 0 0 0 0 94 63 0 16 0 25 100 19 0 0 0 0 0
0 0 0 0 0 0 0 0 0 0 0 85 0 0 0 0 0 0 0 0 0 0 0 38 0 0 0 13 0 0 0 0 0 0 33 0 0 0 0 0 0 0 0 0 55 49 0 0 87 0 0 0 0 0 0 0 0 0 0 75 72 0 27 0 0 0 0 37 16 0 74 70 21 0 11 0 0 0 0 0 0 0 33 56 0 0 0 23 0 0 85 0 47 0 83 0 76 0 76 0
0 49 0 0 0 0 93 0 0 0 0 0 0 0 0 52 0 56 0 0 0 0 0 66 74 0 74 0 0 74 0 0 0 0 0 0 0 0 0 0 57 0 0 0 67 0 0 0 0 0 0 9 0 0 0 0 18 67 0 0 0 0 0 84 0 0 0 0 0 0 0 0 0 0 0 0 0 0 0 0 0 38 0 0 0 76 5 0 0 0 0 0 0 0 0 0 12 0 0 0
0 32 0 0 0 0 0 0 0 0 62 0 0 0 0 0 0 0 0 48 0 0 0 38 0 0 24 0 0 17 0 0 13 34 0 0 0 0 49 0 86 0 50 0 0 0 98 0 0 45 27 16 0 76 0 0 16 0 0 0 0 0 0 0 0 94 39 0 0 0 0 0 0 0 0 0 0 0 0 0 0 0 0 0 0 88 0 52 24 0 0 72 59 85 89 0 0 37 0 27
31 0 0 76 59 0 0 0 0 0 0 0 0 0 0 0 0 42 0 0 0 0 28 0 0 0 0 0 0 0 26 0 0 81 40 0 0 0 0 76 89 0 97 0 0 0 0 0 65 0 0 0 72 0 0 0 0 0 0 0 93 0 31 0 6 0 0 0 0 0 0 0 0 0 0 82 88 30 8 0 0 0 0 34 0 54 53 0 55 0 0 49 0 0 0 84 0 0 0 0
0 0 0 47 0 0 0 0 98 0 19 84 27 0 0 68 64 0 83 0 0 0 0 0 0 0 0 29 0 0 0 0 0 0 66 0 0 0 0 0 0 0 0 0 0 0 0 0 0 0 61 0 0 79 0 84 0 0 0 0 24 0 98 38 0 83 0 0 0 4 0 0 0 0 0 0 0 0 65 93 91 0 0 0 29 0 0 0 0 0 0 0 0 0 0 0 0 0 22 0
0 0 0 76 85 0 0 0 0 0 0 0 0 0 0 0 0 0 0 0 91 0 0 55 97 77 0 0 0 64 0 0 0 0 0 0 0 0 46 0 0 91 0 72 0 0 0 0 0 0 89 80 0 0 0 0 0 0 0 0 0 0 0 60 52 0 0 43 0 0 0 0 34 0 0 62 40 0 0 0 0 0 0 0 0 0 0 0 12 38 0 0 0 0 0 0 0 56 0 0
0 0 0 0 0 0 0 0 84 0 0 7 0 0 0 80 0 35 0 0 0 0 0 0 0 0 0 0 0 0 17 0 0 0 29 0 0 26 0 45 60 0 71 0 0 0 0 0 66 0 0 0 0 0 0 98 0 0 0 0 0 10 0 26 0 0 61 68 0 0 0 0 0 0 0 0 19 47 0 0 0 76 98 42 44 0 0 58 0 66 38 0 74 0 72 0 76 0 13 98
59 0 0 95 0 23 0 0 0 0 0 0 0 0 0 31 0 0 0 0 0 0 77 0 0 0 0 8 0 20 0 0 6 0 0 70 0 0 0 0 0 0 0 52 27 0 0 0 28 0 0 0 0 0 34 0 82 0 0 5 12 79 68 0 0 0 0 95 0 13 0 0 0 0 0 93 0 0 0 52 0 98 0 0 0 0 0 0 26 63 0 0 63 0 99 0 18 97 0 0
0 0 63 0 0 0 0 0 0 0 0 0 0 0 67 0 0 0 0 0 0 0 0 0 48 11 0 0 19 0 7 41 0 0 0 48 0 90 0 62 0 0 54 0 0 78 0 100 0 0 0 0 0 0 0 0 0 0 0 0 0 23 0 66 0 0 68 0 0 0 0 0 11 0 0 0 0 74 0 0 0 36 0 91 0 0 29 0 0 0 0 0 91 47 0 0 0 0 0 0
0 0 0 0 43 0 57 0 0 5 0 88 0 0 0 54 0 0 0 0 0 0 0 0 0 0 0 10 77 0 0 0 0 0 0 76 0 0 0 0 0 0 0 0 9 13 0 0 10 0 31 0 0 81 0 0 0 0 0 0 0 0 12 4 0 20 18 33 14 0 26 0 0 0 0 0 0 0 40 0 0 0 0 0 0 0 0 0 0 0 0 0 83 0 0 0 0 0 0 0
0 0 0 0 0 45 0 0 0 0 53 78 0 0 0 0 0 0 87 0 0 2 13 0 51 58 7 0 0 48 0 0 0 33 0 0 0 0 0 18 0 0 0 0 0 0 0 0 0 0 0 0 0 83 0 0 14 0 45 0 71 0 0 23 6 0 31 0 77 0 52 0 0 0 0 0 0 0 0 0 0 0 0 0 0 0 0 0 0 0 7 0 0 0 0 0 98 0 0 0
81 0 0 0 0 0 0 0 0 0 0 0 0 0 0 0 0 100 0 97 0 5 0 0 0 0 0 82 16 0 0 0 0 5 0 0 0 0 0 1 0 0 0 0 0 0 0 0 0 83 47 0 0 0 0 43 0 0 0 0 0 0 0 0 0 83 15 0 99 91 0 88 0 0 11 0 0 0 0 0 0 0 0 0 0 0 38 0 0 0 0 0 0 0 0 0 0 0 79 0
90 0 0 0 0 0 7 0 96 0 0 0 0 0 0 0 2 0 85 0 95 83 0 0 0 0 0 0 0 36 0 0 0 0 14 0 79 0 0 0 13 12 0 17 0 55 0 0 59 0 0 0 0 0 14 42 0 0 0 0 0 0 0 0 0 65 0 0 0 90 0 0 0 0 0 0 68 71 0 90 0 0 0 0 0 0 0 0 5 0 0 32 65 0 6 0 0 0 0 0
6 65 0 0 0 0 0 0 15 0 0 0 0 0 0 58 0 0 0 0 0 0 0 0 0 0 0 0 0 0 4 0 0 78 0 0 0 56 0 0 0 40 60 58 0 0 0 0 0 0 0 0 0 0 3 33 0 0 0 93 39 0 25 0 0 0 0 0 0 18 0 0 0 95 0 0 52 0 0 0 10 0 0 97 16 0 50 0 0 0 0 58 0 0 0 0 0 0 56 0
0 0 80 0 14 0 19 77 0 11 0 0 30 0 0 0 0 0 0 0 59 0 0 0 38 0 0 0 0 0 77 0 23 0 0 0 0 79 21 0 0 0 0 7 0 0 0 50 0 0 0 0 0 0 0 0 0 0 13 62 0 0 15 49 0 0 0 0 5 70 0 0 0 0 0 0 0 0 0 0 55 78 14 0 0 0 0 0 0 96 0 0 0 0 4 0 0 0 0 0
0 0 0 0 0 0 0 0 0 0 48 0 0 0 0 0 0 0 0 0 0 0 0 0 60 0 0 0 23 0 39 89 76 89 0 0 74 0 0 0 0 0 47 0 24 0 0 0 34 0 0 92 0 0 69 0 0 0 0 68 0 23 0 61 0 0 0 40 0 0 17 43 0 0 0 49 0 0 0 0 0 0 31 0 0 97 0 0 0 0 0 0 0 0 0 0 0 20 0 0
33 0 0 0 98 0 35 0 0 97 0 0 0 20 0 0 0 78 0 0 0 60 0 0 0 0 62 0 0 0 62 0 0 0 18 0 0 0 0 0 0 0 25 0 0 0 81 0 0 0 0 0 0 0 2 0 0 0 27 78 0 0 0 0 0 0 0 11 47 8 0 0 22 0 0 0 0 0 0 0 0 5 0 0 0 65 0 50 0 0 85 84 17 0 73 50 96 0 0 0
0 0 0 0 0 85 0 0 0 0 97 86 0 0 0 86 37 0 0 85 0 0 0 0 37 0 0 88 51 0 0 0 0 0 0 0 0 0 0 0 0 0 38 0 0 0 0 0 0 0 0 0 0 0 0 0 0 0 0 0 89 33 0 0 0 0 0 0 0 68 0 0 0 0 0 0 0 0 0 29 0 0 0 0 0 0 0 0 0 0 0 0 0 0 0 0 0 0 64 51
38 0 0 0 45 0 16 0 0 0 87 0 0 0 0 0 0 14 0 0 0 0 76 0 0 0 0 76 45 15 0 73 0 0 0 82 0 23 0 0 26 0 0 0 0 0 0 52 0 0 0 0 39 39 88 0 0 0 96 0 0 0 48 33 62 0 0 0 0 0 0 77 0 0 0 0 0 3 54 13 86 0 0 0 91 45 0 0 26 4 0 0 0 0 0 0 0 41 0 0
0 0 0 0 0 0 0 0 0 0 0 0 1 0 24 0 81 0 0 0 0 0 68 0 0 1 0 0 0 0 86 0 0 0 0 0 0 0 0 0 0 0 0 23 11 0 0 63 0 0 0 0 0 1 0 0 0 0 0 86 0 9 0 0 87 63 0 0 0 0 6 0 0 52 0 78 0 0 0 81 0 4 0 79 0 4 0 0 29 0 0 16 0 87 56 0 13 0 0 0
0 38 0 0 55 0 0 0 0 0 0 0 83 0 0 45 0 0 81 0 0 0 53 0 31 99 63 0 0 0 64 7 0 0 0 0 0 0 55 0 0 0 0 27 31 0 0 25 55 0 37 0 0 0 0 94 0 0 0 0 0 0 15 72 0 0 0 99 32 0 79 0 47 0 0 46 0 0 0 0 0 0 0 0 0 0 75 0 32 0 0 0 69 0 82 0 60 0 0 0
0 0 0 1 12 0 78 0 0 0 18 0 0 0 78 0 6 0 0 0 43 0 0 68 0 70 0 0 0 0 50 0 0 0 34 0 0 0 0 45 0 0 25 0 0 0 0 0 0 32 0 0 0 0 20 0 0 0 0 0 0 0 0 0 0 56 0 54 0 0 0 18 0 0 0 0 0 0 76 52 0 33 0 0 0 0 69 0 0 0 0 47 0 0 0 0 6 26 0 0
65 47 0 0 0 0 0 0 0 0 83 0 0 0 0 0 80 96 0 0 0 72 64 0 7 0 0 0 0 0 0 0 0 0 0 0 13 0 0 84 0 0 20 0 88 0 0 0 0 0 0 0 0 0 0 51 0 0 72 75 0 58 0 52 18 0 0 0 0 0 0 0 0 0 0 0 33 0 0 0 21 0 0 0 0 0 19 0 0 98 0 0 0 1 0 0 0 0 0 0
43 0 0 0 7 75 74 0 64 0 0 38 0 0 54 0 75 44 0 7 0 0 0 0 0 0 0 82 0 72 25 0 0 0 0 0 0 0 0 0 41 0 78 0 0 0 0 0 0 61 0 0 0 0 0 0 0 6 0 0 0 0 65 0 0 0 0 0 0 0 0 0 0 100 6 48 0 0 0 28 0 0 0 0 53 0 0 0 27 24 0 0 0 0 0 70 0 0 0 0
0 77 37 0 0 0 0 0 0 0 0 35 0 0 0 0 0 21 0 0 0 0 0 0 5 0 0 0 0 0 96 47 0 0 98 0 0 0 0 0 0 0 15 0 0 93 22 0 0 44 0 0 0 0 0 77 0 0 0 0 0 0 0 0 17 0 0 0 79 30 0 0 60 0 36 5 0 0 31 0 0 0 36 0 0 0 0 0 0 27 75 0 0 0 93 37 95 62 0 0
0 0 0 0 0 0 0 0 0 0 0 0 0 0 0 0 0 0 0 0 0 0 0 0 0 80 0 0 45 0 0 0 0 0 0 0 95 29 0 0 11 0 64 0 0 0 73 77 0 0 0 0 59 0 0 0 0 0 0 0 0 0 0 0 0 61 6 60 37 0 81 0 0 0 0 0 0 0 26 0 0 0 82 0 0 0 0 76 0 0 0 5 0 7 0 0 0 0 0 0
0 0 0 0 0 94 0 28 0 26 0 0 0 0 97 0 0 0 0 84 41 0 0 0 0 0 80 0 0 0 0 0 68 0 35 37 0 0 0 0 0 0 0 44 0 0 90 0 0 29 0 42 16 0 0 45 0 0 0 0 0 0 0 0 0 0 0 0 0 0 85 0 0 0 0 0 45 97 0 0 0 0 0 0 9 0 0 0 0 0 31 0 0 0 19 0 0 23 0 81
0 0 0 0 0 0 0 0 0 0 0 0 0 0 0 0 48 0 0 0 53 0 0 81 0 26 0 0 82 0 0 42 0 0 71 0 0 0 0 0 0 73 0 0 0 0 6 0 0 0 0 0 11 57 0 35 0 0 0 0 10 0 68 0 0 0 0 0 43 0 0 0 0 87 0 0 0 79 0 32 51 0 0 0 0 0 0 0 0 0 0 0 96 0 25 0 88 0 0 71
0 0 0 0 43 0 0 0 0 0 0 0 0 0 67 0 90 0 0 97 15 67 0 0 0 0 60 52 69 0 0 0 22 0 0 12 0 0 0 0 0 0 0 0 0 0 0 0 16 0 0 34 76 0 0 58 55 0 0 0 0 12 89 4 0 0 71 0 0 0 0 0 0 70 0 0 0 91 0 0 0 0 65 69 0 0 0 0 91 0 21 49 0 0 0 0 0 0 0 0
0 0 0 0 0 46 76 0 0 40 15 0 0 0 0 0 31 0 11 0 0 45 0 57 0 0 0 0 98 0 0 51 0 0 0 0 0 0 0 0 0 0 0 27 1 0 0 0 0 0 23 0 0 0 93 36 0 0 64 0 59 0 0 33 0 0 0 96 0 0 0 0 97 0 0 0 22 0 0 29 0 0 0 0 36 0 0 0 0 15 0 0 0 31 0 0 0 0 39 75
0 0 0 0 0 0 0 0 0 0 0 56 0 0 0 0 0 0 0 0 89 0 0 0 0 65 0 0 85 0 0 0 0 21 0 7 0 0 0 0 0 0 56 58 72 0 69 0 3 0 0 0 0 0 0 0 0 46 0 0 66 0 0 0 0 0 0 0 0 0 84 0 75 0 0 0 27 0 0 0 29 0 0 0 0 3 0 49 0 40 0 52 0 1 0 0 0 0 26 0
96 28 42 0 0 0 0 92 0 0 27 0 29 0 0 0 0 0 59 0 0 61 0 0 0 40 0 42 0 0 0 73 0 0 86 0 0 0 0 0 0 0 0 69 0 0 92 99 0 24 0 0 0 35 53 18 0 0 0 73 0 66 0 0 100 0 0 0 0 81 0 0 0 25 0 0 0 0 0 0 0 0 19 0 0 0 41 0 98 0 29 0 0 0 0 0 24 58 81 0
90 0 24 4 0 68 0 1 0 41 28 92 0 0 0 0 0 0 0 0 0 0 0 0 0 0 0 0 0 0 0 0 68 0 0 0 0 77 77 0 0 14 79 0 42 0 0 0 0 0 45 0 0 5 0 76 0 19 0 0 44 0 0 0 0 0 0 0 0 0 0 0 96 0 0 51 0 0 0 0 0 0 0 47 0 7 0 0 23 0 99 0 0 0 64 63 0 63 66 0
0 0 0 88 0 0 96 22 0 82 0 0 0 0 51 0 0 68 0 0 0 0 76 0 0 0 0 0 0 93 0 0 99 0 0 0 0 63 0 0 0 55 0 0 81 0 62 0 48 0 53 0 55 0 0 0 55 92 0 0 3 0 0 0 61 0 0 0 54 63 19 0 0 87 0 36 0 0 0 0 1 0 0 0 0 0 0 0 15 0 69 0 0 0 29 0 0 0 19 0
0 0 0 0 0 0 0 0 31 0 0 0 0 0 0 0 95 0 0 50 31 0 0 81 0 0 0 0 0 72 0 0 0 0 66 0 19 0 0 0 0 0 0 0 0 0 0 0 0 0 0 0 0 0 0 0 0 0 0 92 93 18 0 0 0 0 0 45 0 0 0 4 0 0 0 4 0 43 24 0 0 0 0 0 0 0 0 0 0 0 0 0 0 0 0 0 97 31 0 0
0 74 0 0 0 0 0 93 0 12 0 0 0 0 0 0 0 44 83 0 66 78 0 0 0 0 0 9 0 29 0 48 0 28 48 0 0 0 0 13 0 0 0 0 22 0 0 0 35 0 66 0 0 0 0 28 49 0 0 0 0 0 0 0 0 0 0 0 0 0 0 0 0 0 0 67 0 0 0 44 0 0 51 0 44 0 0 0 0 0 0 3 0 0 0 0 0 64 0 0
0 0 0 0 0 0 0 0 0 0 99 0 0 0 0 0 4 0 0 0 0 0 0 0 58 0 0 84 0 0 0 9 0 0 0 0 0 0 0 0 0 0 43 0 0 0 0 0 0 0 0 0 0 11 79 0 70 0 30 0 0 0 0 0 73 0 57 0 0 0 0 83 0 0 0 0 0 0 0 0 43 11 28 0 0 88 33 0 0 0 0 17 14 0 0 0 0 56 0 0
0 0 0 10 0 0 76 0 0 0 0 0 0 0 0 0 0 8 0 56 97 0 0 0 0 0 0 0 18 0 0 0 0 16 0 0 0 92 0 13 0 0 19 0 0 0 0 5 0 0 0 0 21 26 0 0 70 0 0 28 23 0 0 52 10 79 74 0 0 0 0 0 4 0 0 0 0 70 0 0 0 0 0 0 0 0 59 0 0 23 0 0 0 0 98 0 0 0 0 0
2 0 0 61 0 0 85 0 12 0 0 93 0 0 0 0 85 0 0 0 0 0 0 0 9 70 0 0 0 0 0 82 0 4 0 0 0 77 0 0 52 23 0 0 0 0 0 28 0 0 19 26 64 0 0 0 0 0 55 0 0 83 0 0 0 0 0 0 76 0 0 0 0 0 0 0 0 0 75 0 0 84 0 0 0 0 0 0 0 0 77 0 0 0 0 0 55 0 0 33
0 0 0 0 33 0 0 0 0 0 42 90 51 0 0 0 78 0 50 0 0 0 0 41 0 0 0 49 69 0 0 0 82 0 55 0 0 43 0 7 0 48 0 0 99 0 79 0 96 0 0 0 0 0 0 0 0 0 0 0 0 0 0 0 0 19 0 0 66 0 0 0 0 8 0 0 0 47 0 0 0 85 85 86 25 0 41 0 87 0 0 0 0 0 20 0 0 0 0 0
0 76 0 0 98 0 0 0 0 0 0 0 0 0 67 0 0 0 0 0 56 0 63 0 25 0 0 0 0 0 0 0 0 0 78 0 5 38 0 0 35 0 0 0 87 0 0 0 0 0 0 0 31 100 0 0 0 48 0 0 0 0 0 0 0 0 93 67 0 0 0 0 0 0 0 0 0 0 0 60 65 20 0 18 52 0 13 0 0 0 0 0 0 0 0 0 0 0 0 0
0 0 46 0 0 0 0 65 0 0 0 32 0 82 38 49 0 0 0 14 0 0 0 0 0 0 0 0 0 0 0 0 0 0 4 0 0 0 0 0 0 52 0 0 0 0 0 0 0 6 0 10 0 0 0 0 0 92 0 0 0 0 86 0 0 0 0 0 0 0 0 0 0 0 0 86 0 0 30 0 0 67 74 53 0 11 23 0 0 0 4 0 0 0 0 0 0 0 0 0
0 0 26 0 0 0 0 0 42 0 0 57 0 0 0 0 0 0 0 0 0 0 0 0 60 0 0 0 0 0 65 0 87 0 0 96 0 60 0 0 42 0 0 95 0 100 15 33 41 0 0 0 0 0 0 0 85 0 0 0 0 89 0 94 48 0 39 0 0 0 0 88 0 0 0 0 0 0 9 0 0 53 0 80 87 0 0 0 0 62 0 0 54 0 0 0 0 1 100 60
0 40 0 0 0 0 0 0 0 0 0 0 0 0 0 0 0 99 0 0 0 0 0 0 88 0 78 72 0 8 89 0 0 0 0 0 93 44 0 0 0 0 16 0 6 0 0 93 0 16 40 0 0 47 0 0 29 0 0 0 0 0 0 0 0 10 56 0 0 0 0 0 31 0 0 0 0 0 51 0 0 0 0 0 0 98 0 0 0 0 0 19 0 0 0 0 0 0 0 0
98 0 0 0 97 46 0 0 0 0 0 0 0 0 0 0 0 0 0 0 0 0 4 0 0 0 0 0 0 0 29 90 0 0 0 0 0 2 0 55 0 0 0 0 34 0 44 0 0 0 0 0 0 0 0 0 85 0 16 0 40 0 0 2 0 0 0 0 0 0 0 0 0 0 0 50 0 94 50 0 7 0 0 0 0 92 0 58 86 0 0 0 0 0 0 0 39 0 0 0
0 0 50 0 0 0 0 82 0 0 0 0 0 0 0 0 0 0 28 0 37 0 0 0 0 0 0 0 0 0 0 0 0 0 0 89 0 0 0 0 0 0 14 81 0 0 0 0 0 0 0 0 0 0 80 0 10 0 0 0 14 0 0 0 0 0 0 0 0 0 0 0 98 54 0 0 75 0 57 0 60 0 0 0 2 0 0 0 25 0 97 53 57 0 89 0 0 0 11 0
15 0 0 0 0 0 0 0 0 93 0 50 0 0 0 0 0 0 0 67 0 0 0 0 0 0 0 32 81 0 0 0 0 0 30 68 34 0 36 0 0 0 0 89 0 0 0 0 0 11 0 0 0 2 0 0 0 34 0 7 0 0 0 68 0 0 75 0 0 96 0 0 0 0 0 0 0 0 0 0 0 95 0 0 0 0 0 0 0 0 0 0 0 0 0 0 0 0 21 0
0 0 0 0 0 0 41 0 17 22 0 0 0 0 0 15 0 0 0 0 0 97 0 0 41 0 34 89 0 45 0 77 0 0 11 0 0 0 0 96 0 0 0 0 0 0 0 0 0 0 0 49 0 0 57 0 24 63 48 0 28 0 0 0 0 0 56 0 0 0 0 0 70 37 48 0 0 0 38 0 31 0 0 0 0 0 0 0 0 37 0 0 0 0 0 0 84 0 97 0
0 9 0 0 0 0 0 0 0 0 0 0 16 0 0 0 0 0 15 0 0 0 0 0 0 97 0 44 0 0 0 0 26 39 48 66 37 0 0 0 0 0 16 0 0 0 0 0 0 0 0 0 36 80 0 0 0 0 0 0 30 31 88 91 0 19 0 0 0 0 0 0 0 0 0 80 0 0 0 0 0 31 0 59 0 45 84 75 0 0 0 62 0 0 45 0 0 91 34 0
0 22 0 0 0 0 0 34 0 0 80 0 61 0 87 78 0 0 0 0 79 0 0 0 0 0 27 0 0 0 98 65 0 0 84 0 67 78 0 0 0 0 9 41 0 0 97 0 0 0 0 54 0 0 0 0 0 11 0 36 1 0 0 0 0 0 60 0 0 0 0 18 64 0 99 84 0 0 0 0 0 0 0 46 0 0 40 0 87 11 0 0 0 69 0 0 0 0 0 30
37 0 80 0 96 0 0 0 0 74 0 0 0 23 0 0 0 0 0 0 0 0 71 15 57 0 0 0 46 54 70 0 0 0 0 0 0 0 0 0 0 0 0 0 0 0 0 0 0 0 64 0 0 51 61 0 0 90 0 76 0 0 0 0 0 0 0 0 0 0 76 0 0 0 0 0 0 0 0 0 86 0 0 22 0 0 47 0 69 0 0 0 12 0 52 0 61 0 96 8
0 63 0 0 17 0 60 0 0 9 0 0 0 0 0 0 0 0 80 0 0 43 0 0 0 0 0 0 0 0 32 0 0 0 0 0 0 85 0 0 52 50 0 0 97 84 43 0 0 0 0 0 0 0 0 0 0 0 0 0 0 0 0 0 0 0 27 64 0 0 0 0 0 0 70 0 0 0 0 0 0 0 0 0 0 0 0 65 0 65 0 0 0 0 25 0 0 88 0 0
0 0 0 63 0 0 0 0 0 88 0 0 0 0 19 0 0 4 0 0 0 0 0 0 37 0 0 0 0 0 0 0 7 0 79 0 0 74 37 0 0 26 0 43 82 0 0 0 0 0 0 25 48 0 0 83 0 0 0 0 0 0 0 85 0 0 38 0 72 0 0 0 0 0 79 23 0 0 0 0 41 0 0 0 0 44 18 0 0 0 0 0 0 0 0 0 64 0 0 0
0 33 0 0 31 0 67 0 0 0 0 0 0 0 0 0 0 97 0 0 0 0 0 0 0 14 73 14 0 52 0 91 0 35 0 0 0 14 59 0 0 0 0 0 0 0 0 0 100 0 0 64 0 0 63 0 59 25 6 0 0 0 0 72 0 0 0 0 0 0 82 0 64 0 0 0 0 0 0 93 0 0 0 0 0 0 0 0 82 0 28 0 0 0 0 0 0 0 0 0
62 0 0 0 33 49 8 0 0 12 0 0 61 0 0 0 0 0 0 0 0 0 0 0 0 0 30 0 0 0 46 43 0 0 0 0 0 0 0 0 0 0 0 18 0 0 0 41 0 0 50 0 0 0 0 12 0 0 0 0 24 0 0 40 0 0 0 16 0 0 0 0 0 0 0 0 50 1 0 0 0 0 0 0 0 0 0 0 0 0 0 20 61 0 0 74 0 0 0 0
78 0 0 68 99 0 63 0 0 57 0 0 0 0 0 0 0 0 0 0 45 0 0 0 0 0 0 21 0 0 0 0 0 0 47 6 26 0 0 0 0 0 0 72 0 0 0 0 0 0 0 8 42 0 0 85 0 2 0 0 0 0 0 0 0 80 8 0 0 21 0 0 0 0 93 34 0 0 0 0 0 0 88 97 64 0 0 0 0 0 0 0 0 2 0 0 0 0 0 0
0 0 24 14 59 0 0 0 43 0 8 81 0 0 43 25 68 0 0 0 0 0 55 0 0 68 0 0 0 61 0 31 0 0 0 0 0 18 0 0 49 0 0 0 5 0 46 0 0 0 0 34 0 0 0 10 0 0 53 0 0 0 27 21 0 54 75 0 0 0 0 0 0 0 0 0 3 0 0 0 0 31 41 24 0 51 0 0 0 23 0 0 0 0 17 0 0 74 0 0
0 0 0 0 0 0 29 0 47 0 0 0 0 0 0 0 0 0 0 0 69 0 0 100 0 11 0 94 0 0 0 0 0 7 0 0 3 0 0 0 0 97 0 0 0 9 0 0 0 82 0 0 86 0 0 0 0 0 0 74 0 6 0 0 0 0 0 0 0 0 0 0 0 57 0 16 0 0 83 0 0 0 0 0 99 0 52 0 0 0 54 0 96 0 0 0 0 0 0 60
0 45 0 0 8 0 0 0 0 7 0 0 0 0 15 46 0 0 85 0 0 0 76 0 37 0 0 0 0 0 31 0 0 0 0 0 0 0 82 0 0 0 70 0 57 0 0 0 7 6 40 0 0 0 0 55 0 0 0 0 48 64 0 0 45 86 0 0 0 0 57 0 0 0 71 0 60 0 72 0 0 37 0 58 45 0 0 0 72 0 0 0 0 0 0 0 0 0 0 0
0 39 0 0 0 0 0 0 78 34 0 74 0 0 13 0 0 23 8 0 0 0 0 0 0 0 66 0 0 0 34 0 0 0 0 0 11 0 0 0 0 0 59 0 0 0 0 0 0 0 0 66 0 0 0 0 0 0 0 62 42 0 0 0 0 0 13 0 0 0 0 0 0 77 31 0 95 0 0 63 0 0 33 13 17 54 29 0 0 0 7 0 0 0 0 55 0 0 0 0
0 0 0 0 0 5 0 0 0 0 0 0 0 0 0 0 0 0 0 61 0 0 0 0 33 9 25 0 49 0 75 0 0 0 0 0 0 0 0 70 0 0 20 0 0 44 0 0 0 28 0 0 0 0 99 0 0 0 0 0 0 0 0 0 0 0 0 53 0 0 29 0 0 81 0 14 0 0 90 0 13 0 0 0 0 0 0 72 0 0 31 0 0 0 0 0 0 0 82 0
3 35 0 0 0 0 71 0 0 0 25 49 0 0 0 0 0 0 0 70 0 0 0 0 0 13 0 0 47 0 0 37 47 95 0 0 88 0 54 0 0 0 0 0 0 65 0 0 0 0 0 35 80 0 0 0 0 0 0 25 0 28 0 0 0 0 0 0 84 0 0 0 0 0 100 0 0 0 75 8 93 0 0 94 55 0 0 0 98 0 0 0 85 0 0 0 44 0 0 0
13 0 0 0 35 0 12 0 0 0 0 0 0 0 0 0 82 0 0 52 0 57 0 51 37 0 0 0 33 39 0 0 0 10 0 0 0 0 1 0 0 0 0 74 0 0 75 0 0 0 0 0 51 0 0 0 0 0 0 0 57 70 0 3 0 0 47 0 51 0 0 0 0 0 0 2 0 41 0 0 0 0 60 0 79 0 0 0 0 0 26 0 0 72 0 52 0 0 0 0
0 0 2 0 0 0 5 0 0 90 7 0 49 0 0 0 0 0 0 0 0 0 0 0 83 0 0 0 0 48 77 0 43 0 0 0 0 0 0 78 78 0 0 0 0 0 0 55 0 47 24 0 0 0 0 0 0 0 0 17 0 0 0 46 54 38 0 0 0 99 0 0 0 0 0 0 0 0 0 0 0 0 0 42 40 17 0 0 0 92 0 0 0 43 37 0 0 41 0 0
0 0 0 0 0 29 0 0 0 0 18 35 0 0 0 0 14 0 0 81 0 8 0 21 0 0 0 6 0 0 0 0 0 0 69 0 20 0 0 0 0 95 0 0 0 0 0 92 56 0 0 88 0 53 0 0 0 0 46 21 0 0 2 0 0 0 76 0 0 98 99 11 83 0 76 80 0 0 0 0 0 93 0 0 0 0 0 0 0 0 0 0 0 0 0 85 0 0 0 0
26 0 0 0 0 0 0 16 0 0 48 43 6 30 33 0 0 96 31 0 0 0 0 0 0 0 0 0 12 0 0 0 0 0 0 0 0 0 0 58 14 0 0 0 0 0 93 0 0 0 0 0 9 0 0 0 0 0 0 0 0 50 0 0 0 58 15 0 0 0 0 0 0 0 0 0 74 10 33 0 35 25 0 0 0 76 0 0 87 0 0 0 0 0 0 0 0 0 68 0
0 0 0 0 0 25 0 0 0 78 0 0 83 40 0 0 0 0 0 42 0 0 0 0 15 13 45 0 49 96 0 0 49 0 0 0 0 0 0 0 0 91 0 0 0 74 65 0 0 0 0 0 83 0 54 0 0 0 0 0 84 0 0 99 0 80 0 0 0 0 0 0 0 83 0 0 0 0 65 0 0 0 0 0 0 0 0 34 0 19 0 0 0 0 0 0 0 0 0 8
0 0 0 0 92 0 44 17 0 0 12 45 0 0 0 0 0 73 0 0 0 7 0 0 0 0 0 27 0 78 19 0 53 0 0 0 0 0 0 0 30 0 0 0 18 0 96 0 0 93 0 33 46 0 28 31 0 0 23 0 0 56 89 28 79 70 0 0 96 42 59 0 0 14 93 81 0 0 0 0 0 44 0 0 42 38 0 0 0 0 0 0 0 0 58 0 0 0 0 0
0 0 0 0 92 0 0 0 0 0 34 0 0 0 64 0 0 0 0 0 0 58 0 0 25 0 0 0 0 42 0 0 68 0 96 0 0 49 1 93 0 0 0 76 0 85 7 0 0 28 0 82 0 0 0 0 0 0 92 0 0 0 0 0 34 0 0 75 0 17 32 0 0 0 0 0 0 0 0 0 0 91 0 0 59 72 0 0 77 0 0 95 0 0 0 0 0 1 20 0
24 0 0 0 0 65 0 0 0 0 100 0 0 0 38 0 0 0 0 0 0 0 25 0 0 0 49 0 0 0 0 0 0 0 0 0 0 0 0 0 37 0 0 0 47 0 0 12 0 0 0 0 0 0 0 0 50 0 99 84 0 0 0 32 32 0 58 0 0 0 0 13 0 52 6 0 0 0 15 0 40 0 73 0 10 17 10 49 44 0 74 0 0 0 0 0 29 18 0 0
0 0 0 57 19 0 47 0 99 79 0 3 0 76 0 0 0 0 46 0 0 0 0 53 0 35 0 0 0 0 0 0 0 0 0 97 0 43 0 0 16 0 0 0 45 0 0 0 0 27 0 0 64 0 19 29 0 0 0 0 0 33 39 69 0 0 0 75 0 0 0 0 0 0 0 46 0 67 0 0 0 0 0 0 0 0 0 0 94 0 0 0 0 0 0 0 0 0 63 0
0 84 66 0 0 33 0 0 0 0 0 40 0 44 0 0 0 0 0 59 9 6 0 0 46 0 0 0 0 0 0 64 0 10 0 0 45 0 76 0 0 0 0 0 99 60 0 0 12 0 0 59 0 0 0 0 0 0 75 0 0 0 0 26 42 59 0 0 0 0 0 0 43 0 0 82 0 0 0 63 82 0 19 0 0 0 0 0 0 0 0 0 0 0 58 0 0 0 31 0
0 0 0 0 0 36 0 0 23 0 0 0 0 77 0 0 0 0 0 0 0 0 0 0 0 0 97 0 0 0 6 0 0 0 12 0 80 0 0 0 39 0 3 0 0 77 0 0 0 62 0 0 34 0 0 0 0 0 0 0 0 0 0 0 0 0 25 0 0 0 0 66 0 0 0 0 0 0 0 0 100 95 14 0 0 0 0 0 0 0 0 0 76 0 0 71 0 0 0 0
58 0 62 0 0 0 96 83 0 29 12 0 0 0 0 0 100 0 0 0 32 0 0 0 95 0 0 3 0 0 0 14 0 0 0 0 0 0 0 0 0 32 0 0 83 0 0 52 0 0 0 0 0 0 0 0 1 0 0 0 0 0 0 0 0 0 0 0 0 63 0 0 0 0 27 0 0 39 71 96 0 0 87 0 0 0 0 0 0 0 0 0 74 0 0 0 0 0 29 0
0 0 0 0 0 0 0 0 0 0 0 0 0 0 0 0 0 0 0 0 93 0 0 0 0 0 26 0 74 0 20 0 0 0 0 92 0 0 0 0 34 0 12 0 0 0 95 28 0 0 77 88 0 23 0 0 0 0 0 0 0 0 0 0 0 0 0 0 0 0 68 0 0 0 0 58 0 0 0 0 0 0 0 0 0 0 48 0 6 0 57 0 23 0 0 0 72 0 0 0
88 32 0 84 0 0 0 0 0 9 77 20 79 0 0 96 66 0 57 41 0 66 90 69 0 0 99 0 0 0 0 91 0 0 0 0 12 49 0 37 44 0 72 15 0 0 7 47 0 0 78 64 0 0 19 0 0 0 0 0 38 0 96 0 78 0 0 0 0 25 45 0 27 0 0 19 0 56 0 0 0 0 0 0 42 0 0 0 0 0 0 0 0 7 47 0 18 0 0 0
0 0 85 34 69 66 83 0 0 0 0 57 0 0 0 0 0 0 21 0 0 0 0 0 0 0 0 0 0 6 0 0 0 0 46 0 0 0 0 0 0 62 0 0 0 0 56 0 0 0 0 54 0 81 0 72 0 0 0 17 14 0 0 0 68 0 0 3 0 23 0 0 0 0 12 94 0 0 0 44 0 0 0 0 0 0 0 0 0 0 0 0 76 0 0 0 0 21 51 29
60 0 0 67 32 0 12 0 21 0 0 0 0 10 0 0 0 0 0 0 0 0 62 0 0 0 92 0 0 0 0 0 72 43 0 0 0 0 0 0 0 0 82 0 0 49 4 0 0 0 0 0 0 52 0 0 0 0 0 0 0 0 11 0 0 0 0 0 0 69 0 0 0 0 0 81 0 0 0 0 0 0 0 89 0 42 0 0 0 0 0 0 89 0 18 0 66 0 0 73
88 0 0 0 0 0 0 0 0 0 0 0 0 0 0 2 0 53 0 71 73 0 70 0 0 0 0 0 0 0 0 0 0 0 0 0 0 60 0 0 0 0 0 0 0 0 0 0 0 15 0 0 0 0 0 0 31 0 0 0 62 0 93 100 0 50 0 46 0 0 0 0 0 0 0 0 67 81 0 0 0 0 0 0 0 0 0 0 0 0 0 0 0 77 22 57 33 42 0 0
0 94 0 84 0 4 0 0 0 95 0 0 0 89 78 0 0 0 0 0 49 0 0 68 96 0 0 75 0 0 0 0 43 0 11 0 0 0 99 0 0 94 0 0 0 0 0 38 0 0 0 0 0 0 9 0 0 0 40 0 0 0 0 0 0 26 0 0 44 93 23 0 0 33 0 0 0 0 0 0 0 0 9 70 0 0 0 0 0 0 0 43 55 99 0 0 0 45 0 34
7 0 0 85 0 0 0 51 0 0 0 0 0 0 0 0 0 0 0 95 0 0 46 21 86 0 34 0 0 0 0 59 0 0 0 46 0 0 0 94 0 0 0 0 31 0 0 0 0 0 0 17 78 60 0 0 0 0 0 0 0 0 0 0 32 0 0 0 0 90 0 0 45 0 0 39 58 0 0 0 0 0 0 0 0 0 0 63 0 0 0 0 85 0 40 45 0 0 0 0
0 0 0 0 0 0 22 0 42 0 0 97 0 0 0 8 0 0 0 0 0 35 0 0 0 0 0 40 0 0 53 0 0 0 0 0 0 0 0 68 47 99 0 0 0 0 31 32 0 0 0 60 0 2 75 35 84 0 0 0 0 0 97 85 0 0 0 0 0 0 0 0 0 23 1 89 0 0 0 0 0 0 37 0 0 0 68 69 0 0 0 0 0 0 0 0 0 41 0 0
72 0 0 0 0 0 21 0 0 71 0 0 0 0 0 0 0 74 92 0 0 97 0 0 0 0 42 0 0 0 50 0 20 0 0 0 0 0 0 46 0 0 0 13 0 0 34 0 6 0 0 0 0 0 0 0 0 0 98 0 0 0 0 0 0 0 0 0 0 58 0 0 0 51 0 0 0 0 0 0 0 0 0 0 0 53 0 0 0 38 0 0 0 0 0 0 0 0 0 0
0 0 0 82 0 0 0 0 0 0 0 0 0 0 0 0 0 63 57 0 75 0 0 0 0 0 100 41 24 0 52 0 0 0 0 0 0 0 0 0 0 0 0 0 0 0 84 0 0 0 93 59 0 0 0 0 0 0 0 0 0 78 0 0 67 51 0 0 0 0 54 0 0 24 0 45 8 0 0 0 0 0 0 0 0 39 6 0 0 20 15 94 0 0 0 61 0 0 0 0
52 0 0 0 0 0 0 36 0 0 0 0 0 0 0 20 0 0 0 0 0 53 0 9 0 41 0 0 0 0 0 0 42 0 0 0 0 0 0 81 0 0 0 0 0 0 5 0 20 0 53 0 0 0 0 0 0 0 0 0 65 0 39 0 0 63 0 0 0 0 0 0 0 33 0 0 0 0 0 0 0 0 44 48 69 20 0 0 0 0 0 93 0 97 0 0 73 0 0 0
80 0 93 0 31 28 0 84 0 0 0 0 0 0 0 65 0 0 0 0 0 0 0 95 0 0 41 0 55 95 0 0 0 0 0 0 0 0 0 0 0 0 0 42 43 0 0 0 0 0 24 0 0 0 0 0 0 0 42 0 0 38 0 0 0 91 0 0 56 79 0 0 0 0 0 0 97 0 0 30 0 0 0 52 0 0 0 0 0 0 0 0 0 0 0 0 0 0 95 0
0 0 0 0 0 71 0 0 0 0 0 0 0 0 0 42 67 0 0 0 0 96 0 95 0 0 0 0 35 0 0 27 92 0 0 0 0 78 0 0 0 39 0 0 0 80 0 83 22 0 0 0 0 0 0 2 65 0 0 0 0 0 31 0 3 0 0 0 0 0 0 22 68 46 0 29 0 0 0 0 0 0 0 0 47 0 0 68 0 0 0 0 77 0 0 91 0 0 0 0
72 0 14 0 0 0 0 0 0 36 0 0 0 0 0 0 43 0 0 0 0 24 0 0 0 0 0 0 0 0 0 0 0 0 65 0 52 24 0 0 99 0 0 0 41 0 0 0 0 0 0 0 0 0 4 0 0 0 0 0 26 0 0 93 52 0 0 0 0 45 0 0 0 72 0 0 0 52 0 0 0 0 0 71 91 0 0 0 76 0 0 81 0 0 43 0 0 0 0 0
0 0 0 78 0 0 0 0 0 0 0 0 0 0 76 0 0 0 0 0 0 0 89 92 71 40 0 0 0 0 41 47 0 15 0 0 94 8 100 64 0 0 0 0 0 0 0 0 0 0 0 0 0 0 0 0 0 0 88 0 0 0 0 0 0 0 0 51 0 71 0 0 0 0 0 0 0 0 0 51 74 0 30 0 98 24 0 0 0 0 0 0 20 0 0 0 0 93 0 27
0 0 0 0 0 0 93 0 0 0 0 0 0 0 0 0 0 0 79 0 49 0 0 0 0 0 0 32 0 85 0 0 0 0 85 0 35 100 11 0 0 0 26 0 18 21 0 98 0 0 0 0 0 0 77 0 0 0 0 0 0 0 81 0 0 0 0 0 0 0 0 0 0 32 73 0 0 0 0 26 0 80 0 0 0 64 35 0 0 0 63 0 0 0 0 0 8 0 0 0
0 0 0 46 65 0 0 0 57 0 0 0 92 0 0 0 0 0 45 0 0 0 0 0 0 54 0 0 0 0 0 0 0 0 0 0 0 0 0 95 0 0 53 0 82 0 0 0 0 66 87 2 0 0 48 0 0 0 0 0 0 17 22 0 0 0 0 0 0 91 0 0 0 0 0 64 0 0 0 0 31 21 0 0 0 73 0 30 0 0 48 97 0 26 0 0 0 8 0 0
0 0 0 0 0 0 0 0 0 0 49 0 0 0 0 0 0 89 0 90 0 52 0 0 33 21 0 45 0 0 0 0 0 1 67 63 0 0 0 0 65 52 55 0 0 0 43 0 0 0 9 0 0 57 0 0 0 55 97 0 68 0 0 64 29 0 0 0 0 97 0 73 0 12 0 69 33 0 0 0 0 0 0 0 0 0 0 0 36 0 66 15 83 0 91 0 0 0 0 0
82 0 0 0 0 0 0 0 0 0 0 0 0 79 98 3 0 89 76 0 0 0 0 74 0 44 0 0 0 0 7 0 0 0 74 25 0 67 0 0 0 98 0 0 0 0 0 10 22 0 0 0 0 0 0 0 0 0 70 58 0 0 0 0 0 0 0 0 75 98 0 0 48 44 10 0 39 99 13 0 0 0 0 0 0 0 0 0 0 4 0 46 0 0 99 0 0 0 0 0
85 0 0 0 0 0 0 0 0 7 0 27 43 0 0 0 46 0 0 0 0 0 0 0 0 0 0 0 26 0 0 34 0 0 99 0 0 0 0 0 0 0 85 0 0 0 0 8 57 0 0 0 0 0 0 0 0 0 0 0 0 0 0 0 0 0 0 0 0 44 0 0 0 40 0 0 0 0 0 15 0 0 0 0 0 0 54 18 0 0 0 0 0 0 0 0 0 0 0 0
70 24 0 0 24 0 0 0 0 0 93 0 0 0 0 0 0 0 0 0 0 0 0 43 0 0 0 0 64 0 0 0 0 0 0 0 0 78 66 0 0 0 0 0 0 0 0 90 0 23 0 49 38 41 0 0 62 0 0 0 0 0 0 0 0 0 0 0 67 96 0 74 96 0 0 0 0 0 52 0 0 0 47 0 9 53 0 0 0 0 89 0 0 98 64 0 0 0 0 0
0 5 0 53 15 0 0 0 0 0 10 0 27 0 0 0 0 0 0 28 0 0 0 37 0 0 0 0 0 0 0 0 0 0 0 0 0 35 0 0 0 0 0 0 0 0 0 0 0 0 0 37 0 88 0 0 0 44 0 31 0 73 0 0 0 0 0 0 0 0 0 96 0 0 0 0 98 0 0 0 74 0 0 0 0 0 0 0 0 0 40 0 0 0 42 0 0 0 0 0
17 0 0 0 96 39 0 0 0 0 0 28 0 0 0 0 0 0 0 0 0 0 0 39 0 53 0 0 0 0 0 0 24 0 0 18 0 0 0 11 83 0 34 0 81 0 0 0 0 0 0 0 60 0 0 0 0 0 0 0 83 0 0 0 0 0 81 0 81 8 0 0 0 70 0 0 41 0 0 0 0 89 0 0 0 0 0 0 0 61 40 0 0 0 0 39 0 97 0 79
0 11 57 0 0 0 0 0 95 0 0 37 0 0 73 0 0 96 0 90 61 0 0 0 0 71 0 4 0 0 0 0 46 1 0 0 0 0 0 0 40 0 0 0 0 0 0 37 30 0 0 0 99 0 26 0 43 0 0 0 0 0 0 80 39 0 0 48 0 0 0 0 0 0 0 0 78 0 0 0 0 20 0 0 0 0 25 0 0 56 0 0 0 0 0 87 0 8 0 49
0 0 0 48 0 0 50 0 0 51 0 0 41 0 0 25 0 0 13 87 71 0 0 0 0 0 0 0 0 0 0 21 0 0 0 0 0 99 0 0 0 0 0 0 0 0 0 0 30 0 43 0 0 0 0 0 100 0 0 0 0 9 0 0 0 0 0 6 0 0 0 0 0 0 0 0 0 0 0 0 7 0 0 0 9 0 0 0 0 0 47 0 24 36 1 0 0 57 0 96
76 76 0 0 0 0 20 2 0 0 0 0 42 0 0 0 0 0 1 0 0 0 0 0 0 0 0 0 0 0 0 0 40 93 0 0 0 0 0 0 0 0 23 0 0 0 90 0 87 0 0 0 0 0 0 0 0 0 0 0 0 0 0 0 0 0 0 0 0 94 0 0 0 2 0 0 89 0 97 49 0 0 0 0 0 0 0 10 97 0 54 0 12 97 17 0 0 0 0 0
0 0 0 0 0 0 0 0 0 0 0 48 0 0 0 0 0 0 0 0 0 0 0 18 0 0 0 6 0 0 0 0 0 0 69 0 0 0 0 0 0 0 0 0 53 23 0 0 61 0 0 0 0 0 0 0 0 0 0 49 33 0 91 0 0 0 0 56 90 0 99 42 33 0 31 0 0 0 0 0 0 0 72 83 0 0 0 2 0 0 78 0 20 0 85 0 76 0 40 0
0 41 0 0 0 0 60 0 0 0 0 0 0 0 0 82 0 65 0 0 0 0 0 55 98 0 17 0 0 99 0 0 0 0 0 0 0 0 0 0 95 0 0 0 72 0 0 0 0 0 0 79 0 0 0 0 55 56 0 0 0 0 0 81 0 0 0 0 0 0 0 0 0 0 0 0 0 0 0 0 0 38 0 0 0 2 82 0 0 0 0 0 0 0 0 0 39 0 0 0
0 71 0 0 0 0 0 0 0 0 98 0 0 0 0 0 0 0 0 39 0 0 0 16 0 0 55 0 0 35 0 0 91 71 0 0 0 0 18 0 14 0 32 0 0 0 56 0 0 18 76 9 0 85 0 0 11 0 0 0 0 0 0 0 0 94 91 0 0 0 0 0 0 0 0 0 0 0 0 0 0 0 0 0 0 23 0 31 6 0 0 82 15 75 19 0 0 2 0 5
53 0 0 48 30 0 0 0 0 0 0 0 0 0 0 0 0 55 0 0 0 0 68 0 0 0 0 0 0 0 69 0 0 99 57 0 0 0 0 1 43 0 4 0 0 0 0 0 19 0 0 0 71 0 0 0 0 0 0 0 69 0 13 0 22 0 0 0 0 0 0 0 0 0 0 45 6 68 51 0 0 0 0 22 0 83 18 0 64 0 0 3 0 0 0 12 0 0 0 0
0 0 0 35 0 0 0 0 86 0 80 98 33 0 0 94 50 0 91 0 0 0 0 0 0 0 0 18 0 0 0 0 0 0 1 0 0 0 0 0 0 0 0 0 0 0 0 0 0 0 67 0 0 30 0 73 0 0 0 0 97 0 14 58 0 78 0 0 0 97 0 0 0 0 0 0 0 0 47 61 4 0 0 0 2 0 0 0 0 0 0 0 0 0 0 0 0 0 69 0
0 0 0 11 87 0 0 0 0 0 0 0 0 0 0 0 0 0 0 0 19 0 0 61 30 22 0 0 0 27 0 0 0 0 0 0 0 0 53 0 0 92 0 18 0 0 0 0 0 0 30 100 0 0 0 0 0 0 0 0 0 0 0 17 12 0 0 37 0 0 0 0 82 0 0 6 75 0 0 0 0 0 0 0 0 0 0 0 15 54 0 0 0 0 0 0 0 74 0 0
0 0 0 0 0 0 0 0 70 0 0 53 0 0 0 55 0 36 0 0 0 0 0 0 0 0 0 0 0 0 71 0 0 0 86 0 0 12 0 79 37 0 23 0 0 0 0 0 15 0 0 0 0 0 0 49 0 0 0 0 0 69 0 17 0 0 2 8 0 0 0 0 0 0 0 0 38 69 0 0 0 69 79 80 21 0 0 39 0 54 95 0 88 0 67 0 78 0 31 65
80 0 0 11 0 70 0 0 0 0 0 0 0 0 0 36 0 0 0 0 0 0 38 0 0 0 0 98 0 12 0 0 60 0 0 72 0 0 0 0 0 0 0 12 72 0 0 0 39 0 0 0 0 0 75 0 48 0 0 50 59 31 6 0 0 0 0 22 0 70 0 0 0 0 0 10 0 0 0 57 0 64 0 0 0 0 0 0 36 47 0 0 76 0 68 0 89 21 0 0
0 0 100 0 0 0 0 0 0 0 0 0 0 0 73 0 0 0 0 0 0 0 0 0 14 30 0 0 70 0 14 1 0 0 0 80 0 56 0 95 0 0 57 0 0 64 0 6 0 0 0 0 0 0 0 0 0 0 0 0 0 5 0 73 0 0 63 0 0 0 0 0 96 0 0 0 0 15 0 0 0 91 0 89 0 0 53 0 0 0 0 0 45 19 0 0 0 0 0 0
0 0 0 0 91 0 22 0 0 37 0 78 0 0 0 31 0 0 0 0 0 0 0 0 0 0 0 54 39 0 0 0 0 0 0 97 0 0 0 0 0 0 0 0 29 37 0 0 82 0 62 0 0 46 0 0 0 0 0 0 0 0 39 2 0 10 78 49 14 0 45 0 0 0 0 0 0 0 97 0 0 0 0 0 0 0 0 0 0 0 0 0 71 0 0 0 0 0 0 0
0 0 0 0 0 17 0 0 0 0 45 44 0 0 0 0 0 0 89 0 0 9 55 0 88 39 23 0 0 42 0 0 0 7 0 0 0 0 0 63 0 0 0 0 0 0 0 0 0 0 0 0 0 28 0 0 64 0 73 0 23 0 0 59 97 0 90 0 82 0 12 0 0 0 0 0 0 0 0 0 0 0 0 0 0 0 0 0 0 0 75 0 0 0 0 0 22 0 0 0
56 0 0 0 0 0 0 0 0 0 0 0 0 0 0 0 0 20 0 73 0 89 0 0 0 0 0 23 5 0 0 0 0 27 0 0 0 0 0 97 0 0 0 0 0 0 0 0 0 48 60 0 0 0 0 86 0 0 0 0 0 0 0 0 0 19 1 0 85 56 0 45 0 0 100 0 0 0 0 0 0 0 0 0 0 0 94 0 0 0 0 0 0 0 0 0 0 0 48 0
33 0 0 0 0 0 31 0 94 0 0 0 0 0 0 0 71 0 83 0 33 17 0 0 0 0 0 0 0 49 0 0 0 0 66 0 28 0 0 0 49 9 0 75 0 69 0 0 21 0 0 0 0 0 38 25 0 0 0 0 0 0 0 0 0 79 0 0 0 18 0 0 0 0 0 0 30 59 0 59 0 0 0 0 0 0 0 0 59 0 0 99 17 0 14 0 0 0 0 0
93 64 0 0 0 0 0 0 13 0 0 0 0 0 0 76 0 0 0 0 0 0 0 0 0 0 0 0 0 0 24 0 0 59 0 0 0 42 0 0 0 55 6 86 0 0 0 0 0 0 0 0 0 0 44 2 0 0 0 13 16 0 42 0 0 0 0 0 0 62 0 0 0 45 0 0 6 0 0 0 93 0 0 25 2 0 77 0 0 0 0 47 0 0 0 0 0 0 79 0
0 0 10 0 36 0 20 55 0 35 0 0 15 0 0 0 0 0 0 0 25 0 0 0 92 0 0 0 0 0 67 0 63 0 0 0 0 35 26 0 0 0 0 64 0 0 0 9 0 0 0 0 0 0 0 0 0 0 48 15 0 0 12 95 0 0 0 0 58 16 0 0 0 0 0 0 0 0 0 0 47 28 52 0 0 0 0 0 0 17 0 0 0 0 29 0 0 0 0 0
0 0 0 0 0 0 0 0 0 0 78 0 0 0 0 0 0 0 0 0 0 0 0 0 81 0 0 0 90 0 24 82 9 62 0 0 34 0 0 0 0 0 97 0 52 0 0 0 85 0 0 74 0 0 45 0 0 0 0 38 0 49 0 99 0 0 0 59 0 0 96 70 0 0 0 70 0 0 0 0 0 0 33 0 0 70 0 0 0 0 0 0 0 0 0 0 0 43 0 0
84 0 0 0 33 0 59 0 0 42 0 0 0 92 0 0 0 3 0 0 0 92 0 0 0 0 67 0 0 0 98 0 0 0 76 0 0 0 0 0 0 0 28 0 0 0 51 0 0 0 0 0 0 0 63 0 0 0 6 49 0 0 0 0 0 0 0 64 7 25 0 0 23 0 0 0 0 0 0 0 0 4 0 0 0 70 0 89 0 0 87 42 24 0 32 9 19 0 0 0
0 0 0 0 0 92 0 0 0 0 82 80 0 0 0 1 63 0 0 100 0 0 0 0 87 0 0 1 4 0 0 0 0 0 0 0 0 0 0 0 0 0 66 0 0 0 0 0 0 0 0 0 0 0 0 0 0 0 0 0 25 48 0 0 0 0 0 0 0 17 0 0 0 0 0 0 0 0 0 93 0 0 0 0 0 0 0 0 0 0 0 0 0 0 0 0 0 0 10 49
86 0 0 0 1 0 100 0 0 0 39 0 0 0 0 0 0 49 0 0 0 0 16 0 0 0 0 5 38 69 0 12 0 0 0 67 0 67 0 0 75 0 0 0 0 0 0 81 0 0 0 0 38 65 17 0 0 0 35 0 0 0 72 64 77 0 0 0 0 0 0 42 0 0 0 0 0 33 49 51 33 0 0 0 90 96 0 0 59 27 0 0 0 0 0 0 0 65 0 0
0 0 0 0 0 0 0 0 0 0 0 0 11 0 18 0 67 0 0 0 0 0 18 0 0 99 0 0 0 0 59 0 0 0 0 0 0 0 0 0 0 0 0 99 42 0 0 61 0 0 0 0 0 48 0 0 0 0 0 24 0 66 0 0 54 19 0 0 0 0 91 0 0 29 0 26 0 0 0 59 0 28 0 99 0 89 0 0 27 0 0 71 0 57 88 0 34 0 0 0
0 79 0 0 15 0 0 0 0 0 0 0 66 0 0 99 0 0 17 0 0 0 95 0 50 73 78 0 0 0 22 15 0 0 0 0 0 0 66 0 0 0 0 34 61 0 0 40 20 0 43 0 0 0 0 19 0 0 0 0 0 0 46 86 0 0 0 45 30 0 87 0 34 0 0 22 0 0 0 0 0 0 0 0 0 0 12 0 22 0 0 0 84 0 9 0 54 0 0 0
0 0 0 3 29 0 86 0 0 0 55 0 0 0 67 0 71 0 0 0 99 0 0 16 0 94 0 0 0 0 3 0 0 0 85 0 0 0 0 98 0 0 84 0 0 0 0 0 0 93 0 0 0 0 20 0 0 0 0 0 0 0 0 0 0 50 0 36 0 0 0 48 0 0 0 0 0 0 94 12 0 80 0 0 0 0 6 0 0 0 0 10 0 0 0 0 14 62 0 0
29 68 0 0 0 0 0 0 0 0 77 0 0 0 0 0 84 29 0 0 0 27 26 0 35 0 0 0 0 0 0 0 0 0 0 0 43 0 0 49 0 0 2 0 72 0 0 0 0 0 0 0 0 0 0 13 0 0 7 12 0 36 0 60 49 0 0 0 0 0 0 0 0 0 0 0 46 0 0 0 33 0 0 0 0 0 91 0 0 82 0 0 0 93 0 0 0 0 0 0
45 0 0 0 88 2 91 0 27 0 0 46 0 0 6 0 69 38 0 47 0 0 0 0 0 0 0 80 0 18 44 0 0 0 0 0 0 0 0 0 72 0 71 0 0 0 0 0 0 25 0 0 0 0 0 0 0 15 0 0 0 0 8 0 0 0 0 0 0 0 0 0 0 55 49 64 0 0 0 77 0 0 0 0 86 0 0 0 98 86 0 0 0 0 0 37 0 0 0 0
0 72 84 0 0 0 0 0 0 0 0 86 0 0 0 0 0 96 0 0 0 0 0 0 52 0 0 0 0 0 55 2 0 0 46 0 0 0 0 0 0 0 6 0 0 3 97 0 0 58 0 0 0 0 0 83 0 0 0 0 0 0 0 0 1 0 0 0 87 12 0 0 64 0 22 8 0 0 59 0 0 0 42 0 0 0 0 0 0 42 90 0 0 0 81 52 72 2 0 0
0 0 0 0 0 0 0 0 0 0 0 0 0 0 0 0 0 0 0 0 0 0 0 0 0 42 0 0 69 0 0 0 0 0 0 0 97 12 0 0 9 0 65 0 0 0 57 3 0 0 0 0 67 0 0 0 0 0 0 0 0 0 0 0 0 66 2 79 62 0 93 0 0 0 0 0 0 0 91 0 0 0 36 0 0 0 0 56 0 0 0 10 0 33 0 0 0 0 0 0
0 0 0 0 0 87 0 27 0 25 0 0 0 0 58 0 0 0 0 20 87 0 0 0 0 0 52 0 0 0 0 0 27 0 42 48 0 0 0 0 0 0 0 83 0 0 52 0 0 47 0 77 99 0 0 42 0 0 0 0 0 0 0 0 0 0 0 0 0 0 5 0 0 0 0 0 92 40 0 0 0 0 0 0 77 0 0 0 0 0 61 0 0 0 7 0 0 88 0 10
0 0 0 0 0 0 0 0 0 0 0 0 0 0 0 0 81 0 0 0 59 0 0 69 0 72 0 0 97 0 0 54 0 0 57 0 0 0 0 0 0 20 0 0 0 0 75 0 0 0 0 0 52 24 0 59 0 0 0 0 55 0 49 0 0 0 0 0 30 0 0 0 0 38 0 0 0 52 0 91 20 0 0 0 0 0 0 0 0 0 0 0 47 0 3 0 18 0 0 3
0 0 0 0 27 0 0 0 0 0 0 0 0 0 91 0 30 0 0 69 84 16 0 0 0 0 15 94 96 0 0 0 62 0 0 52 0 0 0 0 0 0 0 0 0 0 0 0 7 0 0 20 86 0 0 58 50 0 0 0 0 41 66 75 0 0 60 0 0 0 0 0 0 30 0 0 0 8 0 0 0 0 65 47 0 0 0 0 12 0 7 76 0 0 0 0 0 0 0 0
0 0 0 0 0 54 87 0 0 75 17 0 0 0 0 0 6 0 59 0 0 7 0 93 0 0 0 0 97 0 0 7 0 0 0 0 0 0 0 0 0 0 0 56 33 0 0 0 0 0 21 0 0 0 42 20 0 0 9 0 86 0 0 42 0 0 0 1 0 0 0 0 5 0 0 0 99 0 0 64 0 0 0 0 53 0 0 0 0 43 0 0 0 96 0 0 0 0 19 27
0 0 0 0 0 0 0 0 0 0 0 6 0 0 0 0 0 0 0 0 91 0 0 0 0 68 0 0 66 0 0 0 0 64 0 95 0 0 0 0 0 0 13 68 59 0 94 0 91 0 0 0 0 0 0 0 0 99 0 0 49 0 0 0 0 0 0 0 0 0 35 0 45 0 0 0 51 0 0 0 42 0 0 0 0 86 0 100 0 84 0 15 0 69 0 0 0 0 75 0
10 61 67 0 0 0 0 42 0 0 60 0 21 0 0 0 0 0 69 0 0 87 0 0 0 91 0 66 0 0 0 16 0 0 54 0 0 0 0 0 0 0 0 46 0 0 4 81 0 39 0 0 0 10 14 75 0 0 0 66 0 72 0 0 39 0 0 0 0 79 0 0 0 88 0 0 0 0 0 0 0 0 66 0 0 0 69 0 85 0 92 0 0 0 0 0 32 24 28 0
58 0 29 14 0 37 0 39 0 63 28 69 0 0 0 0 0 0 0 0 0 0 0 0 0 0 0 0 0 0 0 0 12 0 0 0 0 34 86 0 0 32 41 0 84 0 0 0 0 0 59 0 0 54 0 80 0 52 0 0 84 0 0 0 0 0 0 0 0 0 0 0 57 0 0 98 0 0 0 0 0 0 0 44 0 47 0 0 55 0 94 0 0 0 12 22 0 41 52 0
0 0 0 94 0 0 13 8 0 21 0 0 0 0 60 0 0 4 0 0 0 0 30 0 0 0 0 0 0 50 0 0 5 0 0 0 0 40 0 0 0 1 0 0 74 0 54 0 68 0 61 0 61 0 0 0 47 71 0 0 46 0 0 0 39 0 0 0 37 81 12 0 0 22 0 56 0 0 0 0 77 0 0 0 0 0 0 0 29 0 58 0 0 0 35 0 0 0 27 0
0 0 0 0 0 0 0 0 32 0 0 0 0 0 0 0 49 0 0 96 27 0 0 17 0 0 0 0 0 53 0 0 0 0 69 0 81 0 0 0 0 0 0 0 0 0 0 0 0 0 0 0 0 0 0 0 0 0 0 33 79 68 0 0 0 0 0 45 0 0 0 34 0 0 0 75 0 27 41 0 0 0 0 0 0 0 0 0 0 0 0 0 0 0 0 0 57 95 0 0
0 8 0 0 0 0 0 20 0 88 0 0 0 0 0 0 0 33 42 0 4 66 0 0 0 0 0 62 0 31 0 30 0 62 83 0 0 0 0 94 0 0 0 0 49 0 0 0 30 0 3 0 0 0 0 99 26 0 0 0 0 0 0 0 0 0 0 0 0 0 0 0 0 0 0 100 0 0 0 81 0 0 56 0 32 0 0 0 0 0 0 37 0 0 0 0 0 67 0 0
0 0 0 0 0 0 0 0 0 0 3 0 0 0 0 0 21 0 0 0 0 0 0 0 1 0 0 86 0 0 0 52 0 0 0 0 0 0 0 0 0 0 38 0 0 0 0 0 0 0 0 0 0 86 88 0 30 0 27 0 0 0 0 0 49 0 7 0 0 0 0 3 0 0 0 0 0 0 0 0 7 87 55 0 0 46 61 0 0 0 0 79 67 0 0 0 0 90 0 0
0 0 0 84 0 0 9 0 0 0 0 0 0 0 0 0 0 57 0 8 11 0 0 0 0 0 0 0 5 0 0 0 0 9 0 0 0 47 0 57 0 0 95 0 0 0 0 32 0 0 0 0 62 77 0 0 77 0 0 41 63 0 0 74 69 62 81 0 0 0 0 0 69 0 0 0 0 98 0 0 0 0 0 0 0 0 32 0 0 25 0 0 0 0 76 0 0 0 0 0
77 0 0 4 0 0 84 0 94 0 0 88 0 0 0 0 25 0 0 0 0 0 0 0 23 5 0 0 0 0 0 58 0 22 0 0 0 62 0 0 91 36 0 0 0 0 0 19 0 0 40 26 79 0 0 0 0 0 10 0 0 38 0 0 0 0 0 0 9 0 0 0 0 0 0 0 0 0 40 0 0 68 0 0 0 0 0 0 0 0 45 0 0 0 0 0 17 0 0 13
0 0 0 0 26 0 0 0 0 0 56 60 6 0 0 0 42 0 77 0 0 0 0 86 0 0 0 31 65 0 0 0 42 0 96 0 0 3 0 37 0 43 0 0 73 0 23 0 36 0 0 0 0 0 0 0 0 0 0 0 0 0 0 0 0 90 0 0 2 0 0 0 0 62 0 0 0 47 0 0 0 50 58 2 100 0 53 0 23 0 0 0 0 0 41 0 0 0 0 0
0 7 0 0 17 0 0 0 0 0 0 0 0 0 22 0 0 0 0 0 98 0 12 0 82 0 0 0 0 0 0 0 0 0 27 0 36 99 0 0 79 0 0 0 79 0 0 0 0 0 0 0 48 90 0 0 0 18 0 0 0 0 0 0 0 0 7 25 0 0 0 0 0 0 0 0 0 0 0 77 97 92 0 80 7 0 41 0 0 0 0 0 0 0 0 0 0 0 0 0
0 0 13 0 0 0 0 77 0 0 0 92 0 48 92 57 0 0 0 23 0 0 0 0 0 0 0 0 0 0 0 0 0 0 91 0 0 0 0 0 0 25 0 0 0 0 0 0 0 85 0 1 0 0 0 0 0 90 0 0 0 0 40 0 0 0 0 0 0 0 0 0 0 0 0 70 0 0 20 0 0 20 14 32 0 61 70 0 0 0 15 0 0 0 0 0 0 0 0 0
0 0 86 0 0 0 0 0 13 0 0 29 0 0 0 0 0 0 0 0 0 0 0 0 61 0 0 0 0 0 8 0 15 0 0 32 0 93 0 0 37 0 0 60 0 49 98 46 54 0 0 0 0 0 0 0 55 0 0 0 0 37 0 53 70 0 13 0 0 0 0 13 0 0 0 0 0 0 23 0 0 88 0 72 6 0 0 0 0 93 0 0 53 0 0 0 0 91 15 35
0 44 0 0 0 0 0 0 0 0 0 0 0 0 0 0 0 15 0 0 0 0 0 0 78 0 15 28 0 97 55 0 0 0 0 0 92 9 0 0 0 0 71 0 80 0 0 91 0 71 58 0 0 41 0 0 50 0 0 0 0 0 0 0 0 11 58 0 0 0 0 0 58 0 0 0 0 0 17 0 0 0 0 0 0 85 0 0 0 0 0 73 0 0 0 0 0 0 0 0
51 0 0 0 23 74 0 0 0 0 0 0 0 0 0 0 0 0 0 0 0 0 43 0 0 0 0 0 0 0 64 24 0 0 0 0 0 28 0 97 0 0 0 0 56 0 44 0 0 0 0 0 0 0 0 0 62 0 64 0 11 0 0 76 0 0 0 0 0 0 0 0 0 0 0 74 0 11 87 0 33 0 0 0 0 100 0 56 89 0 0 0 0 0 0 0 48 0 0 0
0 0 30 0 0 0 0 54 0 0 0 0 0 0 0 0 0 0 80 0 24 0 0 0 0 0 0 0 0 0 0 0 0 0 0 94 0 0 0 0 0 0 94 11 0 0 0 0 0 0 0 0 0 0 16 0 67 0 0 0 20 0 0 0 0 0 0 0 0 0 0 0 53 40 0 0 97 0 97 0 51 0 0 0 13 0 0 0 94 0 21 68 33 0 2 0 0 0 55 0
9 0 0 0 0 0 0 0 0 62 0 79 0 0 0 0 0 0 0 14 0 0 0 0 0 0 0 92 62 0 0 0 0 0 74 7 68 0 33 0 0 0 0 4 0 0 0 0 0 81 0 0 0 35 0 0 0 100 0 48 0 0 0 42 0 0 19 0 0 66 0 0 0 0 0 0 0 0 0 0 0 63 0 0 0 0 0 0 0 0 0 0 0 0 0 0 0 0 44 0
0 0 0 0 0 0 8 0 48 56 0 0 0 0 0 35 0 0 0 0 0 5 0 0 100 0 94 99 0 60 0 100 0 0 20 0 0 0 0 42 0 0 0 0 0 0 0 0 0 0 0 27 0 0 2 0 24 64 13 0 68 0 0 0 0 0 89 0 0 0 0 0 33 33 82 0 0 0 19 0 27 0 0 0 0 0 0 0 0 10 0 0 0 0 0 0 26 0 21 0
0 51 0 0 0 0 0 0 0 0 0 0 73 0 0 0 0 0 61 0 0 0 0 0 0 47 0 35 0 0 0 0 14 85 6 43 81 0 0 0 0 0 44 0 0 0 0 0 0 0 0 0 71 64 0 0 0 0 0 0 11 49 87 10 0 46 0 0 0 0 0 0 0 0 0 92 0 0 0 0 0 33 0 9 0 2 76 62 0 0 0 33 0 0 41 0 0 2 38 0
0 88 0 0 0 0 0 43 0 0 26 0 67 0 83 73 0 0 0 0 59 0 0 0 0 0 67 0 0 0 66 34 0 0 66 0 13 83 0 0 0 0 82 95 0 0 73 0 0 0 0 96 0 0 0 0 0 18 0 88 84 0 0 0 0 0 24 0 0 0 0 34 21 0 44 56 0 0 0 0 0 0 0 23 0 0 1 0 6 13 0 0 0 71 0 0 0 0 0 30
59 0 92 0 16 0 0 0 0 81 0 0 0 100 0 0 0 0 0 0 0 0 73 92 40 0 0 0 54 46 15 0 0 0 0 0 0 0 0 0 0 0 0 0 0 0 0 0 0 0 41 0 0 48 23 0 0 66 0 62 0 0 0 0 0 0 0 0 0 0 63 0 0 0 0 0 0 0 0 0 66 0 0 59 0 0 29 0 15 0 0 0 88 0 7 0 68 0 37 69
0 57 0 0 23 0 100 0 0 62 0 0 0 0 0 0 0 0 43 0 0 78 0 0 0 0 0 0 0 0 70 0 0 0 0 0 0 87 0 0 14 54 0 0 10 44 38 0 0 0 0 0 0 0 0 0 0 0 0 0 0 0 0 0 0 0 57 45 0 0 0 0 0 0 99 0 0 0 0 0 0 0 0 0 0 0 0 92 0 8 0 0 0 0 50 0 0 21 0 0
0 0 0 39 0 0 0 0 0 45 0 0 0 0 89 0 0 2 0 0 0 0 0 0 70 0 0 0 0 0 0 0 39 0 77 0 0 74 68 0 0 17 0 97 13 0 0 0 0 0 0 37 9 0 0 33 0 0 0 0 0 0 0 39 0 0 80 0 40 0 0 0 0 0 92 79 0 0 0 0 91 0 0 0 0 91 68 0 0 0 0 0 0 0 0 0 44 0 0 0
0 71 0 0 12 0 74 0 0 0 0 0 0 0 0 0 0 64 0 0 0 0 0 0 0 49 51 77 0 89 0 72 0 57 0 0 0 53 69 0 0 0 0 0 0 0 0 0 18 0 0 72 0 0 86 0 29 57 38 0 0 0 0 86 0 0 0 0 0 0 64 0 80 0 0 0 0 0 0 71 0 0 0 0 0 0 0 0 71 0 15 0 0 0 0 0 0 0 0 0
56 0 0 0 92 32 49 0 0 29 0 0 78 0 0 0 0 0 0 0 0 0 0 0 0 0 58 0 0 0 6 39 0 0 0 0 0 0 0 0 0 0 0 17 0 0 0 90 0 0 28 0 0 0 0 89 0 0 0 0 21 0 0 48 0 0 0 24 0 0 0 0 0 0 0 0 41 58 0 0 0 0 0 0 0 0 0 0 0 0 0 19 68 0 0 27 0 0 0 0
64 0 0 28 6 0 44 0 0 68 0 0 0 0 0 0 0 0 0 0 14 0 0 0 0 0 0 33 0 0 0 0 0 0 52 3 54 0 0 0 0 0 0 29 0 0 0 0 0 0 0 36 42 0 0 8 0 98 0 0 0 0 0 0 0 85 36 0 0 20 0 0 0 0 62 44 0 0 0 0 0 0 81 51 91 0 0 0 0 0 0 0 0 6 0 0 0 0 0 0
0 0 93 66 7 0 0 0 13 0 2 42 0 0 34 18 57 0 0 0 0 0 37 0 0 53 0 0 0 35 0 70 0 0 0 0 0 27 0 0 85 0 0 0 100 0 75 0 0 0 0 56 0 0 0 64 0 0 90 0 0 0 22 99 0 94 92 0 0 0 0 0 0 0 0 0 48 0 0 0 0 40 49 48 0 45 0 0 0 18 0 0 0 0 45 0 0 78 0 0
0 0 0 0 0 0 43 0 15 0 0 0 0 0 0 0 0 0 0 0 62 0 0 99 0 69 0 26 0 0 0 0 0 96 0 0 30 0 0 0 0 12 0 0 0 14 0 0 0 87 0 0 7 0 0 0 0 0 0 37 0 29 0 0 0 0 0 0 0 0 0 0 0 51 0 35 0 0 64 0 0 0 0 0 23 0 31 0 0 0 11 0 84 0 0 0 0 0 0 16
0 38 0 0 13 0 0 0 0 57 0 0 0 0 93 4 0 0 78 0 0 0 94 0 63 0 0 0 0 0 22 0 0 0 0 0 0 0 20 0 0 0 60 0 65 0 0 0 75 32 45 0 0 0 0 64 0 0 0 0 38 17 0 0 56 93 0 0 0 0 41 0 0 0 43 0 17 0 30 0 0 98 0 93 3 0 0 0 42 0 0 0 0 0 0 0 0 0 0 0
0 80 0 0 0 0 0 0 59 40 0 62 0 0 77 0 0 59 89 0 0 0 0 0 0 0 18 0 0 0 57 0 0 0 0 0 12 0 0 0 0 0 83 0 0 0 0 0 0 0 0 7 0 0 0 0 0 0 0 97 19 0 0 0 0 0 33 0 0 0 0 0 0 37 5 0 24 0 0 74 0 0 76 38 41 36 92 0 0 0 92 0 0 0 0 9 0 0 0 0
0 0 0 0 0 68 0 0 0 0 0 0 0 0 0 0 0 0 0 37 0 0 0 0 80 43 83 0 44 0 19 0 0 0 0 0 0 0 0 55 0 0 78 0 0 28 0 0 0 35 0 0 0 0 74 0 0 0 0 0 0 0 0 0 0 0 0 57 0 0 1 0 0 34 0 20 0 0 32 0 27 0 0 0 0 0 0 66 0 0 76 0 0 0 0 0 0 0 7 0
86 4 0 0 0 0 88 0 0 0 95 68 0 0 0 0 0 0 0 66 0 0 0 0 0 49 0 0 9 0 0 94 77 99 0 0 38 0 98 0 0 0 0 0 0 18 0 0 0 0 0 97 22 0 0 0 0 0 0 20 0 84 0 0 0 0 0 0 36 0 0 0 0 0 71 0 0 0 81 54 73 0 0 10 18 0 0 0 82 0 0 0 10 0 0 0 63 0 0 0
84 0 0 0 46 0 23 0 0 0 0 0 0 0 0 0 24 0 0 20 0 30 0 15 50 0 0 0 24 57 0 0 0 69 0 0 0 0 61 0 0 0 0 27 0 0 1 0 0 0 0 0 60 0 0 0 0 0 0 0 66 34 0 76 0 0 5 0 49 0 0 0 0 0 0 12 0 41 0 0 0 0 56 0 25 0 0 0 0 0 24 0 0 53 0 47 0 0 0 0
0 0 41 0 0 0 100 0 0 6 40 0 44 0 0 0 0 0 0 0 0 0 0 0 91 0 0 0 0 41 46 0 100 0 0 0 0 0 0 72 94 0 0 0 0 0 0 32 0 55 60 0 0 0 0 0 0 0 0 84 0 0 0 20 70 64 0 0 0 71 0 0 0 0 0 0 0 0 0 0 0 0 0 81 85 58 0 0 0 26 0 0 0 87 4 0 0 69 0 0
0 0 0 0 0 9 0 0 0 0 43 57 0 0 0 0 96 0 0 95 0 26 0 92 0 0 0 96 0 0 0 0 0 0 1 0 6 0 0 0 0 74 0 0 0 0 0 57 85 0 0 24 0 99 0 0 0 0 95 79 0 0 24 0 0 0 13 0 0 50 2 56 17 0 63 42 0 0 0 0 0 62 0 0 0 0 0 0 0 0 0 0 0 0 0 47 0 0 0 0
96 0 0 0 0 0 0 18 0 0 7 42 66 5 40 0 0 35 16 0 0 0 0 0 0 0 0 0 29 0 0 0 0 0 0 0 0 0 0 68 44 0 0 0 0 0 26 0 0 0 0 0 70 0 0 0 0 0 0 0 0 5 0 0 0 84 48 0 0 0 0 0 0 0 0 0 75 80 59 0 7 6 0 0 0 85 0 0 91 0 0 0 0 0 0 0 0 0 79 0
0 0 0 0 0 57 0 0 0 50 0 0 53 95 0 0 0 0 0 36 0 0 0 0 26 100 54 0 28 88 0 0 22 0 0 0 0 0 0 0 0 56 0 0 0 33 2 0 0 0 0 0 100 0 64 0 0 0 0 0 74 0 0 90 0 73 0 0 0 0 0 0 0 76 0 0 0 0 3 0 0 0 0 0 0 0 0 28 0 21 0 0 0 0 0 0 0 0 0 87
0 0 0 0 16 0 98 64 0 0 15 57 0 0 0 0 0 28 0 0 0 54 0 0 0 0 0 50 0 12 89 0 58 0 0 0 0 0 0 0 73 0 0 0 91 0 90 0 0 77 0 98 27 0 93 82 0 0 12 0 0 73 96 24 45 24 0 0 19 75 9 0 0 94 24 47 0 0 0 0 0 14 0 0 80 79 0 0 0 0 0 0 0 0 89 0 0 0 0 0