100
0 0 0 0 0 0 0 0 0 77 0 0 0 0 0 60 0 0 30 47 0 0 54 94 0 8 0 0 54 0 84 32 0 0 47 0 39 0 0 0 0 0 0 0 0 0 0 62 0 0 78 90 0 0 0 78 0 0 0 0 69 32 0 16 0 0 0 23 0 10 3 0 0 0 0 0 0 0 0 0 0 0 78 77 45 30 0 0 0 0 0 52 0 98 0 0 0 0 0 0
0 0 10 87 0 0 0 43 0 22 0 0 0 0 0 0 98 0 0 0 0 0 0 0 2 100 56 56 0 0 0 0 10 88 5 79 0 0 0 0 0 0 0 0 0 0 0 0 0 0 0 0 92 36 0 0 14 0 0 0 0 0 0 0 89 0 0 37 0 0 0 94 0 0 0 0 0 0 0 0 0 77 0 27 0 0 0 94 0 0 0 0 6 0 0 0 0 0 0 0
0 0 0 0 11 0 0 55 0 69 12 0 0 0 84 0 0 0 0 0 0 0 0 0 0 0 0 63 77 38 0 84 0 0 0 0 0 0 0 85 0 14 0 0 0 0 0 70 0 0 47 0 0 0 0 0 0 0 43 4 0 0 0 0 0 0 0 0 6 0 0 0 0 0 0 0 0 0 0 31 0 0 0 0 0 70 0 0 58 67 0 0 0 0 0 0 0 69 0 0
0 0 93 0 0 0 96 0 0 23 0 0 46 77 0 31 0 0 81 0 0 0 0 0 0 0 90 0 21 0 0 30 0 0 0 0 0 38 0 38 20 37 4 0 0 0 0 0 78 0 0 91 0 32 0 0 96 0 0 55 18 0 0 0 64 0 0 0 0 0 0 0 0 0 0 0 0 0 0 0 0 0 71 0 0 0 0 0 0 0 0 0 0 96 0 0 0 0 0 0
0 0 92 33 0 0 0 98 0 0 0 5 0 99 90 0 0 0 0 0 8 61 0 0 50 0 0 0 0 0 97 18 45 0 0 0 0 0 0 0 0 0 0 0 0 0 0 95 0 0 40 0 0 53 0 32 0 0 77 56 0 0 0 0 56 0 0 0 0 0 0 0 0 0 0 18 0 0 0 0 62 0 0 0 0 61 81 0 0 0 0 71 0 0 0 0 47 0 0 50
0 0 0 0 0 0 0 0 0 0 21 62 0 0 7 34 55 50 0 61 0 0 0 0 0 0 0 0 95 0 49 0 0 29 0 0 96 0 67 0 0 0 0 47 0 9 78 0 100 0 0 0 70 35 73 0 0 0 0 53 16 0 0 0 0 46 58 0 0 0 10 0 0 0 39 49 0 0 0 0 0 52 39 0 0 97 0 0 0 0 0 0 97 0 25 18 0 87 0 0
0 46 0 8 0 0 0 0 0 0 0 0 36 10 0 0 0 0 0 0 0 0 0 93 0 92 63 96 100 0 43 82 0 0 33 0 0 0 1 1 0 0 0 0 0 0 0 0 14 0 0 12 17 44 3 10 0 80 0 0 0 89 0 0 0 0 0 0 0 0 0 0 0 0 0 0 0 0 98 59 82 0 0 40 0 0 0 0 69 77 47 18 0 0 0 0 0 26 91 0
0 0 0 0 0 0 0 0 0 0 0 0 0 0 0 97 0 35 0 0 0 0 0 0 0 0 0 0 0 0 0 18 53 0 0 0 0 0 0 0 0 0 0 0 0 0 0 0 63 0 0 0 0 0 0 0 62 0 55 0 0 80 0 0 0 0 0 0 94 0 0 0 0 0 0 0 0 0 0 96 0 0 0 0 33 0 0 0 0 48 0 0 0 78 0 0 0 0 0 0
0 0 48 0 0 0 0 0 0 0 0 79 4 0 43 0 0 0 0 0 0 0 0 0 0 0 0 0 0 0 0 0 0 0 0 0 0 0 0 0 0 93 47 0 0 75 0 0 41 0 0 0 0 0 0 0 21 0 0 0 0 0 0 88 0 0 0 0 0 23 0 0 23 0 0 0 94 0 80 22 0 0 96 0 0 0 0 0 0 0 0 0 0 0 0 39 0 98 76 0
81 0 0 0 62 0 81 0 0 0 96 0 0 0 0 0 66 0 0 0 67 0 0 0 0 6 65 80 0 0 0 0 61 0 0 0 0 0 0 0 0 0 0 0 0 0 0 0 0 69 0 66 58 17 0 0 3 0 0 28 0 0 4 0 0 0 0 0 35 0 28 0 0 0 0 52 0 100 0 0 0 0 0 0 0 0 0 60 0 0 0 54 79 0 0 29 0 0 0 0
0 0 0 69 0 0 0 0 95 97 0 0 0 0 80 42 0 0 0 0 53 0 94 0 0 12 0 76 0 0 0 0 0 70 0 0 0 0 0 0 53 47 0 80 74 0 91 0 0 0 76 0 94 10 92 4 0 32 0 23 0 0 70 0 0 0 0 0 0 0 0 0 0 0 0 54 37 0 0 99 0 0 0 0 0 0 0 0 0 0 61 9 0 30 3 0 0 0 23 0
61 0 0 4 0 0 50 0 57 0 60 0 0 0 0 0 0 0 73 0 0 0 0 0 0 0 0 0 0 33 79 0 0 0 0 0 0 0 0 11 0 95 54 0 28 0 0 68 0 0 0 0 0 36 50 0 34 0 0 0 0 0 0 0 0 0 0 0 0 0 0 0 0 0 11 0 0 20 0 0 87 0 0 0 0 0 0 0 6 0 0 0 0 71 0 0 0 0 0 90
0 0 0 0 0 0 0 0 0 0 0 0 0 41 0 34 0 0 0 0 0 0 0 61 0 0 0 65 0 0 0 0 0 0 0 0 88 13 0 0 0 0 5 0 0 0 0 0 0 100 0 0 0 0 0 0 0 0 0 0 0 0 0 94 0 0 28 0 0 0 0 0 0 0 0 0 0 14 0 36 0 2 43 0 0 0 0 0 0 0 0 0 77 16 0 33 0 0 83 0
0 78 12 0 0 63 0 0 0 0 0 0 0 0 24 87 84 0 0 18 0 0 100 73 0 0 0 35 80 0 0 0 0 0 89 0 0 0 0 0 70 0 0 0 0 0 0 0 0 13 90 0 0 0 0 66 100 0 44 0 54 12 0 0 93 0 61 31 15 0 22 0 0 0 0 91 58 84 0 63 0 0 0 0 0 11 44 0 0 0 0 0 0 89 0 0 0 19 0 0
0 48 91 90 0 8 0 0 0 0 0 59 28 45 0 0 0 0 89 0 0 6 0 25 0 25 94 0 0 0 0 0 35 0 0 0 0 0 81 0 0 0 0 26 70 0 0 30 0 0 57 0 21 56 0 0 0 0 91 0 45 0 82 0 32 0 0 0 0 0 0 0 24 0 0 77 0 37 0 0 0 0 0 54 76 57 0 0 0 0 0 78 0 0 0 0 0 0 22 0
0 0 0 0 0 0 0 0 0 0 0 0 0 11 0 0 0 45 0 45 0 0 0 0 0 83 0 0 10 28 0 0 11 0 0 0 22 85 93 62 99 0 0 0 99 0 0 0 0 0 0 0 0 0 0 0 0 0 0 36 40 0 0 0 21 0 0 0 0 0 0 0 0 0 0 80 0 0 47 0 0 0 98 49 0 0 0 0 0 9 0 0 17 0 0 98 0 0 0 0
0 0 0 30 0 0 0 0 61 0 85 0 99 0 21 0 0 55 0 25 0 0 23 0 0 0 85 0 0 0 0 0 0 0 0 96 87 0 0 0 32 0 0 0 0 0 83 0 0 0 62 4 0 0 0 0 0 0 59 0 65 45 0 17 0 0 0 88 0 0 0 0 0 31 0 0 0 64 73 65 0 0 0 0 0 0 0 81 0 0 0 10 0 0 0 0 0 0 0 0
0 0 0 0 0 66 0 0 0 0 72 21 0 0 0 0 74 0 0 0 84 0 0 0 23 68 84 0 0 27 0 0 0 0 0 0 0 0 9 0 0 51 0 0 4 0 0 0 49 0 94 0 0 0 7 0 0 0 0 0 0 6 0 0 0 0 8 72 0 0 0 0 0 14 30 0 7 0 0 0 0 0 0 0 0 60 0 0 16 76 0 0 0 0 55 0 85 0 0 48
0 0 0 25 0 28 0 89 0 6 87 0 0 70 0 0 57 0 0 0 22 0 0 0 0 0 19 0 36 0 0 0 0 0 76 0 0 45 96 0 0 0 0 0 0 50 0 0 0 95 0 57 0 0 71 0 0 30 0 0 51 0 45 9 37 0 0 0 0 0 0 89 0 0 0 0 0 0 0 93 0 0 0 0 0 0 0 0 0 38 0 0 0 0 0 19 0 0 0 66
0 97 0 0 0 0 91 85 95 46 0 8 0 0 0 0 0 0 61 0 0 53 0 65 0 94 96 0 0 0 0 0 0 0 0 0 0 0 50 0 0 0 0 40 0 36 43 0 0 0 0 0 0 0 62 0 0 0 0 0 0 0 0 0 0 36 0 0 53 0 0 20 0 36 90 0 0 0 0 0 0 46 0 0 32 0 13 0 3 0 0 81 69 98 0 0 0 0 0 77
0 0 0 0 0 0 0 0 14 0 0 0 0 0 5 80 0 31 28 0 0 0 0 38 19 0 0 92 0 0 0 0 0 67 0 0 0 0 9 76 0 66 0 37 0 0 0 0 0 0 0 0 0 60 20 0 0 0 0 0 0 0 0 0 0 0 42 0 0 0 0 53 0 0 22 39 0 79 87 0 0 0 0 0 0 22 41 0 0 94 84 33 0 0 0 62 0 0 0 0
80 0 88 0 20 22 0 0 29 0 0 0 83 0 75 100 0 0 0 0 0 0 90 0 0 32 0 0 0 0 0 0 0 0 53 0 0 21 0 48 14 0 0 1 0 0 0 77 0 0 0 0 0 0 0 0 0 68 0 0 0 0 0 0 0 4 0 81 0 0 0 0 44 0 0 0 0 34 0 0 0 0 0 0 0 88 0 62 0 0 0 0 18 0 0 0 0 0 0 0
0 96 0 0 0 0 0 0 0 19 0 18 0 81 0 0 98 0 0 80 0 0 0 0 0 0 61 0 0 0 0 0 47 0 0 0 0 0 33 0 7 79 18 0 61 0 0 0 0 0 0 0 81 0 94 0 93 57 0 0 0 0 86 64 95 0 13 0 52 97 0 0 0 0 0 0 0 0 0 26 0 0 0 0 98 81 0 98 0 0 0 0 0 0 0 0 0 0 60 0
0 0 0 0 0 26 0 0 0 21 0 67 0 0 0 0 0 0 0 0 0 0 0 0 75 60 0 0 0 92 0 8 0 0 0 0 0 0 8 0 0 0 0 0 0 24 0 0 0 59 0 10 73 75 0 0 34 0 0 0 0 0 0 90 0 0 0 0 31 0 0 0 0 0 0 0 0 3 48 99 0 0 20 0 0 78 0 0 0 0 0 0 0 87 0 0 0 0 48 68
13 0 0 0 0 47 0 57 0 0 54 35 0 100 0 0 90 0 0 0 0 85 72 0 0 0 0 0 54 0 0 0 0 0 0 0 0 0 93 0 0 0 0 0 0 82 0 0 0 0 0 50 0 93 0 0 0 0 0 0 0 97 0 0 57 0 19 0 0 0 34 0 0 0 67 49 53 0 0 0 25 26 0 38 0 46 0 0 0 0 0 53 0 0 0 0 0 0 0 0
63 0 0 88 0 0 0 0 0 66 0 32 47 91 0 0 0 94 0 0 0 0 0 33 0 0 66 45 0 0 0 12 0 0 0 0 0 0 0 0 40 0 93 0 42 0 21 0 0 0 86 0 0 0 42 23 97 0 0 0 0 0 0 56 0 57 0 0 0 0 47 0 0 96 0 0 0 0 32 41 0 0 0 31 31 0 0 0 0 0 0 0 33 0 0 0 0 0 17 0
0 0 0 0 45 0 0 0 0 0 36 0 0 0 76 0 22 0 0 64 0 0 0 0 0 0 0 0 0 0 0 97 50 0 0 0 0 0 0 0 0 5 43 0 0 0 0 0 0 0 0 0 0 0 0 0 0 0 0 0 0 0 31 0 0 0 0 66 55 0 0 0 0 0 0 0 2 87 17 0 0 0 0 0 0 0 0 0 68 0 0 0 0 0 0 0 0 0 38 0
65 0 0 0 0 0 0 0 0 96 0 16 30 0 0 0 0 0 0 39 75 0 0 0 0 77 0 0 37 0 0 0 0 0 43 16 0 69 21 0 0 59 60 0 20 0 0 0 79 0 0 0 0 0 0 0 0 0 0 0 0 0 0 0 0 0 0 0 0 0 0 0 0 0 71 95 0 0 41 73 41 0 0 0 0 0 0 0 65 39 0 0 0 0 0 0 42 11 0 11
0 0 0 0 0 0 0 65 0 0 0 0 0 0 32 0 0 0 0 0 0 0 0 0 0 0 64 0 0 0 0 0 0 24 0 0 0 67 0 80 0 0 0 0 91 79 0 0 0 0 0 0 0 0 0 0 54 0 0 0 19 51 11 0 0 0 0 0 76 0 0 22 0 40 0 0 0 0 0 0 0 0 63 0 0 0 41 14 0 0 0 0 0 0 0 0 0 65 0 6
0 42 0 0 0 0 0 18 0 0 0 41 10 0 76 0 0 17 0 0 0 24 0 2 0 0 0 0 0 0 0 0 0 0 0 0 0 0 68 0 0 67 0 0 0 41 0 0 0 0 0 65 86 0 0 0 0 0 98 0 80 0 34 47 0 0 0 0 92 0 0 0 0 46 8 0 0 0 0 0 11 0 0 0 0 10 0 0 16 0 0 0 0 0 84 0 0 0 0 0
0 0 18 0 0 0 0 0 0 61 19 0 0 0 0 0 0 0 0 0 0 0 0 37 42 0 0 0 0 80 0 18 0 99 0 72 0 31 0 0 0 0 56 87 0 0 0 0 55 78 0 0 32 0 0 14 0 0 0 0 0 38 0 95 0 0 92 0 0 0 0 2 10 0 0 37 0 2 56 7 0 0 0 15 97 0 0 49 0 0 0 0 6 32 0 74 0 0 80 42
0 0 0 0 0 0 62 90 0 0 0 0 0 0 0 0 0 0 86 22 0 0 82 0 62 0 0 16 0 0 0 0 0 87 82 0 0 0 0 0 0 83 0 0 0 0 90 0 83 0 41 0 67 0 0 0 0 11 0 0 16 91 0 0 0 25 0 0 0 0 0 0 69 0 0 36 0 0 0 0 0 0 0 0 0 0 0 0 0 0 27 0 0 0 0 33 0 9 0 0
0 0 0 0 0 0 0 0 0 0 0 0 0 0 0 0 0 0 0 58 0 23 0 0 0 0 51 0 0 0 0 0 0 31 88 0 0 0 0 0 0 0 0 0 52 10 0 0 0 84 0 0 32 0 0 0 31 0 0 0 7 0 0 20 0 0 0 0 0 0 0 0 0 0 72 0 30 0 0 26 0 0 0 24 0 56 0 0 0 8 77 0 0 0 49 96 0 0 31 0
74 0 40 0 0 54 0 48 0 0 55 29 0 0 6 0 0 66 0 91 26 0 0 0 0 0 0 66 37 0 0 13 72 0 0 0 0 30 17 0 0 55 98 0 0 0 83 0 73 0 0 0 67 0 0 0 0 38 40 0 66 0 44 0 0 0 0 0 96 0 0 0 0 0 0 0 0 39 0 0 94 0 0 0 0 0 0 0 0 53 0 0 0 0 0 0 0 0 4 0
0 0 0 25 0 0 0 0 0 0 0 0 89 0 0 32 0 0 0 0 0 95 0 0 0 0 0 0 0 37 0 0 0 0 0 98 0 0 0 63 42 0 0 0 0 0 0 0 0 0 0 0 0 0 0 0 4 50 0 0 0 0 0 0 32 13 0 0 69 25 20 0 0 0 63 0 0 0 0 0 0 0 0 0 0 0 0 0 10 92 0 0 85 0 0 0 0 0 0 0
0 0 0 37 0 0 0 44 25 0 0 0 0 19 0 65 0 0 0 0 0 2 0 64 31 0 0 0 43 91 0 0 0 0 94 0 0 0 0 0 0 0 0 0 12 0 94 0 0 3 47 0 0 41 0 0 0 0 0 0 0 0 0 0 43 75 0 0 0 0 25 0 0 0 35 0 0 0 92 0 52 0 0 0 0 0 0 0 17 54 0 0 87 66 0 93 0 0 0 10
25 0 0 0 0 89 0 0 0 0 0 0 0 0 0 0 0 88 0 0 0 35 0 0 67 41 0 0 0 0 0 0 0 45 0 0 0 0 0 89 0 0 0 67 0 0 0 0 0 0 59 0 0 0 0 0 0 0 5 0 0 0 9 0 0 0 0 0 0 0 0 0 0 0 0 8 0 0 0 0 0 0 0 0 0 0 41 0 0 0 19 0 0 22 0 0 0 0 0 0
0 0 0 0 0 0 29 0 0 0 0 0 2 0 0 0 0 0 27 0 0 0 0 100 0 42 0 9 0 86 60 0 0 0 0 83 0 0 0 0 0 0 0 0 0 0 49 0 0 0 43 0 0 0 0 98 0 36 0 0 0 67 99 0 41 85 0 0 0 84 0 30 0 25 0 0 0 0 93 0 0 35 95 0 0 73 0 3 0 0 0 0 40 0 0 0 0 0 0 0
0 0 0 96 32 0 93 0 0 0 0 15 0 0 0 0 22 0 0 0 91 0 49 0 0 26 38 0 0 0 0 0 52 0 75 88 0 0 0 0 0 0 38 0 5 0 52 0 83 37 0 0 0 0 0 0 62 0 0 0 0 0 72 0 0 0 0 0 0 0 0 66 0 0 0 0 0 0 0 0 96 0 0 0 0 0 7 0 0 0 0 0 0 71 0 0 0 0 0 0
0 0 0 0 30 0 0 0 0 0 0 0 40 0 0 5 23 0 0 0 0 0 0 0 0 0 0 0 0 0 0 0 0 0 20 0 0 0 84 0 0 0 0 0 0 0 0 62 0 0 54 0 63 0 0 0 0 0 0 0 0 0 0 59 0 0 48 2 0 0 0 0 0 51 40 0 6 0 0 0 0 0 42 0 0 0 0 0 72 86 71 52 0 0 0 0 98 0 44 0
5 0 58 0 90 65 96 0 43 38 0 0 0 14 0 0 0 0 0 0 0 0 0 0 0 88 0 0 14 0 53 0 0 0 0 0 47 0 0 0 0 49 0 0 0 47 0 0 0 0 0 99 0 0 0 0 0 0 0 37 0 0 0 60 0 0 0 0 0 0 0 0 0 0 0 0 0 0 0 0 0 36 0 0 0 0 0 39 0 0 0 56 0 0 0 0 0 67 0 0
0 0 0 0 0 0 0 0 0 0 28 0 0 52 0 0 22 91 68 0 0 20 0 35 80 0 99 0 69 38 0 0 0 0 0 0 11 0 68 0 0 0 0 0 0 0 0 0 79 0 0 50 82 0 0 0 0 0 0 78 0 0 0 0 27 0 0 0 81 0 0 0 0 0 0 0 14 34 0 0 0 0 0 0 0 0 0 57 0 0 0 70 73 0 0 0 89 0 0 0
0 0 0 0 87 0 0 14 0 0 0 0 0 0 0 0 0 0 80 0 59 53 56 0 0 0 17 0 30 0 72 0 6 0 0 0 0 0 0 0 0 0 0 0 0 0 0 46 0 0 0 39 0 0 51 15 0 0 0 0 0 0 35 0 0 0 15 0 0 0 0 0 0 3 0 0 0 0 0 0 0 46 15 35 0 0 0 0 0 0 0 0 0 0 0 0 0 0 0 0
0 0 0 0 76 0 0 0 0 0 0 0 44 0 22 0 0 0 0 25 32 0 0 0 0 0 50 0 0 0 0 0 4 0 0 0 0 0 0 0 36 43 0 0 0 0 0 91 0 0 0 0 0 38 0 0 0 0 0 0 13 41 0 0 81 0 0 0 0 0 43 0 0 0 0 0 0 0 0 50 0 0 0 0 22 0 89 76 30 0 0 0 0 0 0 43 5 0 0 24
29 11 0 0 0 0 0 0 0 0 0 74 0 0 77 29 0 0 0 0 0 13 0 0 0 0 0 98 0 0 0 0 0 100 0 0 38 71 0 0 0 0 0 0 0 0 0 42 0 0 0 0 0 16 53 0 0 0 8 0 0 0 0 0 47 0 0 0 0 0 0 0 0 0 9 0 0 0 0 0 0 75 1 0 15 53 0 98 0 0 68 96 0 0 0 82 0 77 0 31
19 0 0 1 0 0 0 0 0 0 0 0 60 86 0 0 0 0 0 0 0 0 0 0 0 0 2 0 0 0 0 0 1 100 25 0 0 84 0 28 0 0 0 40 4 0 0 0 0 0 0 0 0 0 36 0 0 0 52 27 0 0 84 0 66 0 0 0 0 0 0 91 0 72 24 0 0 0 93 57 0 36 0 0 46 100 0 0 0 0 0 43 0 0 0 0 88 0 0 27
0 0 8 0 0 0 0 0 25 0 0 0 0 0 0 28 92 0 0 0 0 32 0 0 0 0 56 0 1 0 0 16 42 46 0 0 7 35 0 0 10 68 0 0 0 0 0 0 0 69 72 0 0 0 0 0 10 0 84 0 0 0 0 62 0 10 0 0 0 0 46 0 0 0 18 0 0 89 0 68 0 0 0 0 0 0 16 0 97 0 0 66 22 0 0 0 0 0 0 0
0 0 41 0 0 0 0 0 0 0 60 68 0 0 0 0 0 0 0 0 0 0 0 0 0 0 7 0 0 0 0 0 0 0 14 0 1 86 0 0 83 0 0 0 0 0 79 0 0 0 0 0 0 0 0 0 0 0 0 0 71 0 0 3 77 61 0 27 0 0 0 0 0 0 0 0 0 0 0 0 0 0 14 74 0 0 69 0 0 41 0 0 0 0 0 0 0 0 0 0
0 0 0 0 0 61 0 0 0 0 19 0 0 0 0 28 0 0 7 0 21 19 0 0 73 0 0 0 0 0 0 64 0 0 0 0 0 0 78 0 0 0 0 0 60 0 0 0 0 0 0 0 0 0 27 0 0 0 36 42 0 0 85 8 80 0 0 0 0 41 0 0 0 0 0 0 0 0 0 0 29 0 0 0 0 0 0 0 0 98 0 38 0 0 75 0 0 0 0 0
99 0 0 35 0 0 0 0 17 0 0 0 0 0 0 0 0 0 0 0 0 0 67 26 0 0 0 0 0 0 0 0 0 0 89 8 70 69 0 0 0 0 96 0 12 59 0 0 89 0 0 0 0 0 0 55 58 0 0 0 45 0 0 64 0 0 0 0 0 65 95 67 0 0 60 0 50 90 0 0 0 0 0 0 0 0 100 95 0 100 0 0 0 0 0 0 0 0 0 16
47 0 0 14 0 25 0 0 0 77 0 0 0 0 0 0 0 41 0 0 36 0 0 25 0 0 0 45 0 0 0 0 0 0 0 0 0 0 0 24 0 0 5 0 36 63 32 0 0 37 0 0 0 4 0 0 12 0 0 30 0 0 39 0 4 0 0 0 0 58 0 0 0 88 0 0 0 0 0 0 69 48 0 0 0 0 0 0 0 69 0 0 0 0 5 0 0 0 8 0
98 32 0 0 0 0 0 0 31 0 88 0 33 54 0 25 92 60 0 0 62 8 0 0 0 0 0 95 0 0 90 41 0 0 0 0 0 0 0 0 0 0 2 0 0 0 0 0 0 0 0 0 0 0 34 0 0 0 0 0 31 0 76 0 40 23 0 0 0 0 0 0 0 0 0 0 99 0 0 0 30 0 5 0 0 0 97 0 0 0 0 0 0 1 0 0 0 0 11 0
0 0 0 0 0 0 0 0 0 0 0 56 66 0 0 0 0 0 0 0 0 0 24 0 0 0 0 0 0 0 0 0 0 0 0 0 0 0 77 0 0 68 0 0 51 0 0 0 0 0 0 0 0 0 0 0 0 0 0 0 0 22 74 0 0 0 0 0 91 0 0 0 0 0 0 0 23 67 0 0 0 0 86 0 0 0 0 63 66 0 38 0 0 0 0 0 0 0 0 0
0 43 0 0 0 28 0 0 77 0 0 0 19 0 0 0 80 0 59 2 47 10 0 0 0 0 0 0 0 66 2 0 0 0 87 0 0 0 0 0 16 35 42 76 87 0 0 0 0 0 0 76 41 0 0 0 0 0 0 21 0 0 0 0 49 14 0 0 0 0 0 0 0 0 0 0 0 0 0 61 0 0 0 37 0 0 0 0 0 0 0 0 0 0 0 0 0 0 0 0
0 0 0 0 0 0 0 0 24 0 0 0 0 0 88 0 0 0 0 0 95 0 31 47 0 0 67 0 97 42 0 0 0 0 83 22 0 0 0 0 0 0 0 0 0 26 0 0 45 0 78 0 0 95 0 0 0 0 0 0 6 0 45 0 0 23 0 0 0 0 4 30 37 0 6 0 86 0 0 0 81 82 0 0 0 15 81 0 0 0 78 0 0 0 0 0 95 29 0 7
0 0 0 0 0 11 0 0 0 10 0 0 0 0 0 0 0 0 0 0 0 0 0 18 20 0 75 5 0 0 0 97 0 0 0 0 0 39 0 0 0 85 0 0 0 0 0 0 0 0 0 0 0 0 59 0 0 0 53 0 73 0 0 74 24 0 0 0 0 31 0 0 51 0 10 0 0 0 41 0 0 0 0 90 0 52 59 0 0 0 0 0 52 54 0 0 0 31 0 0
0 0 0 0 0 0 0 0 0 0 0 0 58 0 7 0 68 0 75 84 0 0 0 60 0 0 66 0 0 0 0 63 0 0 7 0 0 5 91 0 43 0 82 0 0 0 100 0 0 91 0 43 0 0 43 0 0 34 89 0 96 0 43 0 0 100 0 55 58 0 0 0 2 0 0 0 10 0 2 25 0 0 0 0 0 62 0 63 0 92 0 61 0 0 0 71 0 94 0 0
61 0 0 9 0 0 0 83 83 0 0 0 66 0 0 0 0 0 57 0 0 0 37 0 0 0 0 0 0 0 0 0 0 0 0 0 0 0 0 0 0 0 84 69 52 0 0 47 46 0 0 0 0 0 0 4 89 0 0 0 0 0 0 0 0 82 0 0 0 0 0 35 0 62 0 81 0 0 74 0 0 95 0 62 0 0 0 0 0 0 0 32 47 0 90 0 0 93 0 0
0 63 0 0 0 11 71 29 0 44 0 0 0 0 0 0 100 0 0 0 0 0 0 0 0 0 0 32 0 0 0 0 11 0 59 0 0 0 0 0 0 0 0 0 0 0 0 0 78 0 0 0 0 0 0 4 0 0 0 0 0 0 9 97 0 28 0 0 0 0 0 0 36 0 0 99 0 0 0 84 0 0 0 6 0 93 72 6 0 0 0 0 23 0 32 0 0 0 0 0
0 0 0 0 0 0 0 0 0 98 0 0 0 81 0 0 59 0 2 0 0 0 0 0 0 0 0 0 0 0 5 0 29 0 0 36 19 93 0 86 0 51 59 0 0 33 26 0 0 0 0 0 0 0 0 0 33 43 0 0 0 0 0 0 0 0 0 0 0 0 0 69 0 0 0 0 0 69 0 0 30 44 0 67 0 67 5 0 0 0 94 16 4 0 0 30 95 0 0 0
0 0 0 63 0 0 44 0 0 0 0 0 74 0 23 0 8 0 0 0 0 0 0 0 0 0 0 94 0 0 0 22 58 0 0 0 31 0 67 0 40 0 0 0 0 21 0 0 0 1 0 0 19 0 0 0 35 0 0 90 0 0 0 0 45 0 0 0 0 0 0 0 61 0 71 62 6 0 0 0 6 0 0 45 66 55 0 0 0 0 0 0 0 0 0 67 0 0 0 0
17 0 0 0 83 0 83 0 0 0 0 0 0 0 0 0 0 0 29 0 0 0 39 0 0 0 0 0 0 0 0 0 0 0 7 0 0 86 0 0 0 0 0 20 98 0 98 77 0 11 0 0 0 29 0 0 0 0 0 0 0 0 15 0 46 42 27 0 84 0 0 98 0 48 0 0 0 0 0 0 0 0 0 81 0 0 0 0 0 0 0 0 0 0 0 0 0 0 0 0
0 0 69 0 12 31 0 0 0 0 0 0 82 0 0 0 89 34 0 77 0 0 52 68 0 0 6 0 0 0 0 0 96 0 59 85 0 0 0 0 0 0 0 26 75 0 8 0 0 0 0 27 0 0 40 0 0 0 0 0 0 0 0 67 50 39 0 0 0 0 0 0 0 0 52 0 0 0 0 0 30 0 69 0 0 0 0 0 0 0 0 0 0 58 72 0 0 0 0 21
0 0 0 61 0 93 0 0 0 0 0 0 0 0 0 0 0 0 29 0 0 33 0 0 0 0 0 0 0 100 10 0 0 0 1 0 0 0 0 0 0 0 0 0 0 0 0 0 0 0 0 0 0 0 0 0 27 73 0 0 0 0 0 0 3 0 10 0 0 0 0 0 0 0 0 0 0 0 0 0 0 80 0 0 0 0 0 0 0 44 0 0 82 0 0 0 0 0 11 0
0 0 0 0 0 55 62 66 0 16 60 0 0 0 22 0 0 0 0 0 0 44 81 0 0 0 0 37 0 0 0 0 0 0 0 5 0 0 0 0 0 0 0 0 0 0 0 0 0 90 0 96 0 0 0 11 0 0 0 0 23 71 0 73 0 0 0 0 0 0 0 91 0 0 99 0 0 0 36 0 0 0 0 0 0 0 0 0 0 0 0 0 0 0 53 89 0 13 0 96
50 0 0 0 51 0 81 0 0 0 0 0 0 0 0 54 0 0 0 0 0 0 8 0 0 0 0 96 0 0 0 0 0 0 0 51 0 0 0 0 0 0 59 0 0 0 33 0 0 0 13 0 0 22 0 0 0 0 0 0 0 0 79 98 33 0 0 0 0 0 0 0 0 0 0 0 76 0 0 0 6 0 0 0 80 0 87 0 0 0 0 55 73 0 0 0 76 64 0 18
0 0 88 0 0 0 0 0 0 0 0 0 0 0 30 0 100 0 82 0 0 0 0 0 0 0 0 75 57 0 0 16 0 0 0 0 69 0 21 0 0 0 0 0 0 72 0 0 28 0 0 0 19 0 99 0 0 0 0 0 0 0 12 69 0 67 0 0 83 56 0 0 0 0 0 0 0 0 0 0 18 9 0 67 0 0 0 0 0 0 76 0 0 0 0 0 0 0 0 0
0 0 0 50 0 0 12 0 2 16 0 0 0 0 0 0 32 0 0 0 29 0 0 53 22 23 0 0 5 0 77 19 80 0 91 60 40 0 0 0 0 0 0 88 0 0 0 34 72 0 0 0 0 0 0 0 0 70 0 0 0 0 0 0 0 0 28 0 19 0 0 24 0 0 0 0 93 0 0 0 67 0 28 0 0 0 62 0 0 0 0 0 29 0 0 90 31 17 0 0
0 0 0 0 0 0 48 91 0 0 20 0 79 30 0 0 0 0 0 0 30 43 0 0 0 79 0 0 0 0 0 0 0 0 61 0 0 0 0 29 0 0 0 0 0 6 0 0 0 15 0 0 0 98 0 22 0 0 0 0 0 0 0 61 0 28 0 0 0 0 0 0 15 66 13 0 46 0 66 0 8 0 0 0 0 0 0 15 0 0 0 0 0 67 0 0 0 0 3 0
0 20 0 0 0 64 0 0 0 0 0 5 0 0 0 0 13 0 0 0 0 82 0 0 0 97 0 91 14 0 85 55 0 0 0 0 0 19 0 70 0 0 81 0 18 0 0 0 0 0 0 2 0 0 0 0 99 0 0 99 2 0 19 0 0 0 0 0 0 0 0 0 0 0 53 0 0 0 0 0 73 12 0 60 0 0 0 0 54 71 0 0 0 0 0 0 8 31 0 0
81 92 0 0 0 0 0 0 0 61 0 0 48 0 0 0 0 0 0 0 93 0 0 0 0 11 0 0 0 0 0 0 0 54 0 0 0 0 0 13 0 0 0 61 22 0 0 0 91 0 0 0 0 0 0 0 0 0 0 0 78 0 32 0 0 0 0 73 0 0 0 0 43 22 0 75 0 79 20 0 0 1 86 30 0 0 0 77 0 0 0 0 0 0 0 0 12 98 0 0
0 0 0 0 0 0 0 0 0 0 73 0 0 0 0 0 61 0 0 19 0 0 51 7 0 0 0 0 0 56 0 0 0 0 0 27 0 0 36 100 0 0 0 44 89 0 0 0 0 0 0 0 2 78 0 0 0 0 73 0 0 0 0 0 0 0 0 38 0 0 24 0 43 90 0 25 0 0 0 0 0 53 0 0 0 10 0 0 0 0 0 0 0 0 0 0 57 0 0 0
47 0 0 69 0 67 0 0 0 0 0 0 0 0 0 0 0 0 0 9 61 23 0 0 0 0 0 0 0 0 38 18 0 0 0 80 71 0 0 0 0 0 25 0 0 0 0 0 0 0 68 43 41 0 0 0 0 0 97 0 0 0 5 0 0 0 0 38 0 0 0 0 0 0 0 79 6 0 0 0 32 42 0 0 0 0 0 0 0 0 82 0 33 0 0 0 0 0 14 0
0 0 0 75 0 0 17 0 0 38 63 0 0 0 0 0 0 0 0 94 0 0 0 14 0 0 7 0 0 15 0 0 0 0 15 0 0 0 0 0 0 0 77 0 100 0 0 0 0 0 0 0 0 0 0 0 44 29 0 0 76 0 0 100 0 0 91 0 91 0 2 0 0 0 0 5 0 0 0 0 0 0 0 0 0 62 6 0 0 82 98 51 0 0 0 0 0 58 0 57
0 0 0 57 35 45 47 0 68 0 0 0 0 72 0 35 0 77 0 65 0 0 0 0 0 0 0 0 0 0 0 0 0 0 0 0 72 0 0 34 0 0 0 0 0 10 0 0 19 0 0 0 4 0 100 0 0 0 0 0 0 0 52 0 0 0 0 28 0 0 0 75 0 0 0 0 24 0 0 0 0 0 0 14 0 0 73 84 0 0 0 0 0 0 44 7 0 50 0 0
41 7 0 51 0 0 0 0 56 0 0 0 0 0 0 0 0 0 0 0 0 4 0 0 0 6 44 0 0 0 68 0 0 0 0 0 0 0 0 0 0 0 0 79 0 0 0 0 0 0 0 0 37 0 0 0 0 0 0 13 94 0 0 87 0 0 0 86 0 0 26 0 83 0 0 0 0 0 68 0 0 0 0 0 0 0 0 70 0 0 28 0 0 0 79 64 0 32 0 0
0 0 0 0 0 0 0 0 0 0 0 0 0 0 0 0 32 41 14 0 0 0 46 0 0 0 0 94 73 0 78 0 11 0 0 0 43 0 22 0 0 0 0 0 0 24 0 4 0 87 90 0 0 70 0 0 0 0 0 0 9 27 0 0 44 0 0 71 0 0 26 0 0 0 0 0 0 0 0 17 0 14 0 0 0 0 0 87 0 0 20 54 0 68 0 0 0 0 0 0
0 0 0 72 21 0 50 0 0 0 89 0 0 0 0 0 0 98 73 0 0 85 0 0 0 0 27 0 0 48 0 0 0 0 11 0 0 100 35 0 0 76 0 0 0 0 34 0 0 30 61 58 0 59 0 0 1 0 0 0 0 0 0 0 0 21 0 60 0 0 0 0 0 0 87 0 0 0 0 0 0 0 0 75 0 59 0 0 33 0 22 17 0 0 0 0 0 3 0 88
66 0 0 0 52 0 0 0 82 81 0 0 0 0 0 0 0 0 45 32 0 0 0 0 39 0 0 0 0 58 0 0 0 0 61 0 0 35 0 18 0 0 82 0 0 0 36 0 0 96 0 0 86 0 0 0 0 49 0 0 0 0 0 0 0 63 0 0 0 0 0 0 0 0 97 0 0 43 0 0 0 0 0 18 0 0 0 0 0 39 0 0 78 83 0 0 0 0 68 50
0 26 0 0 0 0 0 37 0 0 0 27 27 0 0 87 0 76 0 0 0 0 16 0 0 0 0 0 0 43 0 0 0 0 31 0 12 42 98 0 0 0 99 25 0 62 55 0 0 0 0 0 0 0 0 0 85 0 0 0 0 0 0 0 85 0 0 0 66 32 0 0 0 0 0 40 0 78 0 0 0 0 0 0 0 0 0 0 71 6 0 0 34 0 0 0 75 0 0 0
0 0 68 0 0 0 0 0 0 11 0 0 0 0 70 0 0 0 44 46 0 20 8 69 0 0 0 29 35 0 18 0 0 0 20 0 0 63 0 0 0 0 0 79 0 0 84 35 0 0 0 0 0 100 0 0 19 0 0 0 0 0 0 0 0 0 0 0 0 82 77 0 0 76 50 0 20 0 0 0 0 0 0 0 52 52 0 81 0 0 0 0 0 0 0 70 0 0 0 0
0 83 0 0 0 0 0 0 0 0 0 78 32 0 0 21 0 84 0 9 0 14 0 0 0 0 0 0 0 0 91 0 0 0 81 0 0 10 0 0 0 0 0 0 0 0 0 49 0 0 0 0 0 0 0 0 0 0 0 0 0 16 0 0 0 81 0 0 0 0 97 0 0 54 0 0 0 97 0 0 67 0 0 0 24 0 0 0 0 0 0 0 0 9 0 56 0 0 0 50
0 0 0 0 78 0 0 13 0 0 79 0 0 64 0 75 0 0 0 0 34 86 73 47 0 0 0 0 0 0 72 0 0 0 0 34 0 0 96 0 0 0 0 83 0 56 0 13 0 0 90 0 0 0 0 0 0 0 0 0 19 10 0 0 0 0 0 0 0 4 0 67 0 0 0 0 0 0 52 0 0 50 0 0 0 0 0 0 75 0 31 52 38 0 0 0 0 6 0 86
0 0 0 63 0 0 0 0 0 0 75 0 0 100 0 0 0 50 0 0 25 0 39 78 0 0 54 0 0 0 0 67 84 0 0 65 0 0 0 69 0 0 0 23 76 0 0 0 0 0 0 11 0 0 0 0 0 0 63 0 0 43 30 76 0 72 0 0 0 0 97 0 0 0 0 0 0 0 68 0 76 25 0 0 0 0 0 0 92 0 0 48 0 76 0 0 0 0 16 97
0 0 57 47 0 0 0 0 0 0 0 0 75 76 0 0 0 0 0 79 0 21 0 0 34 21 0 0 0 90 0 80 0 0 76 0 0 0 0 0 0 13 0 79 4 0 0 30 0 2 0 0 0 0 0 0 0 0 0 0 0 87 0 0 0 0 0 32 0 0 0 0 0 7 0 0 0 0 22 0 0 0 41 0 0 45 37 0 0 0 0 0 0 0 56 0 40 0 0 98
0 0 0 0 0 87 0 0 63 0 0 0 0 89 16 54 0 0 8 0 29 99 0 0 41 0 0 0 12 0 69 0 0 0 0 31 0 15 74 0 0 0 73 0 0 91 87 0 0 71 0 0 32 0 0 13 0 0 0 0 0 71 0 0 0 0 18 0 55 62 0 89 16 10 35 0 3 0 49 0 0 24 0 14 0 0 0 0 0 0 0 33 0 0 90 0 0 0 0 0
0 0 52 15 33 33 0 0 0 0 0 78 31 97 0 0 0 25 0 0 0 79 0 0 0 0 0 0 0 0 15 0 0 0 0 0 0 0 17 0 27 69 0 0 0 0 0 35 0 0 0 0 0 0 0 0 0 0 0 0 0 0 0 0 0 45 99 0 21 0 0 0 0 57 0 0 30 1 0 72 0 0 0 62 0 6 0 0 0 0 42 0 0 89 0 62 31 0 0 0
0 0 0 0 0 0 0 21 0 21 99 0 0 0 0 0 0 26 0 0 87 0 0 66 0 0 61 0 0 22 0 5 0 60 0 0 0 0 0 0 13 0 0 25 0 0 0 0 0 0 0 0 0 0 0 0 0 0 0 0 70 0 0 0 0 9 0 77 0 0 57 5 0 0 0 0 0 79 0 0 0 0 0 50 0 0 0 0 7 0 0 72 14 0 0 0 0 13 49 0
0 0 0 0 0 0 0 0 0 54 0 0 42 0 42 0 0 0 53 58 0 0 0 0 22 0 0 0 0 0 0 0 0 0 0 0 51 0 30 0 0 0 0 0 0 0 91 0 0 0 0 0 0 44 0 0 0 0 0 78 0 8 0 39 4 0 0 0 0 0 19 0 0 0 0 0 0 0 0 0 0 0 0 0 81 0 0 0 0 0 0 62 61 0 0 3 0 0 92 60
0 0 11 0 0 9 0 0 0 0 0 0 62 0 59 0 0 58 0 0 0 0 97 0 0 0 58 0 0 0 61 0 32 0 0 0 0 0 0 0 53 0 45 45 0 0 0 0 0 0 0 0 0 0 0 0 0 0 55 0 0 16 71 86 0 0 0 96 0 0 38 0 68 0 4 0 0 0 0 0 0 49 0 39 0 0 0 0 0 0 0 0 0 0 0 0 0 0 0 0
0 0 0 0 0 0 76 0 0 0 0 0 15 0 0 0 76 96 99 0 14 0 32 69 0 55 0 0 0 0 0 39 0 50 0 0 0 79 0 0 19 0 79 0 79 0 0 0 14 66 0 0 0 0 23 0 0 36 0 0 61 0 0 27 0 0 0 0 0 74 0 0 37 24 0 19 0 0 31 0 0 0 0 0 0 0 0 0 0 0 0 0 0 0 0 0 0 0 0 24
0 0 0 0 37 0 0 0 0 0 0 0 0 0 0 0 97 0 0 0 0 0 0 0 0 86 0 21 0 80 7 0 0 0 46 0 0 0 0 0 0 0 0 61 0 0 0 0 77 0 0 0 0 0 0 0 0 0 0 21 0 0 95 2 0 0 0 46 0 32 0 0 5 0 60 0 0 0 51 0 0 0 0 0 0 0 0 0 0 0 0 0 0 0 0 0 0 0 0 0
0 62 0 0 0 0 0 13 2 0 0 0 0 73 0 0 0 0 73 0 0 90 13 0 0 0 0 60 0 0 0 0 0 0 0 37 85 0 0 0 0 0 0 0 0 87 19 0 0 0 0 0 78 0 58 0 0 0 0 0 0 0 0 0 0 0 0 43 0 0 0 30 0 50 0 0 27 0 0 0 0 7 61 0 90 0 0 73 0 0 0 0 0 0 0 89 0 0 0 0
27 25 50 0 0 0 0 0 0 0 0 96 37 0 0 98 0 0 0 0 0 0 0 0 0 58 0 0 0 80 94 48 0 0 0 0 100 60 0 0 0 0 0 0 0 2 0 0 31 99 0 3 0 0 0 63 21 31 0 0 0 0 0 68 0 0 22 0 0 0 0 0 0 0 0 99 0 0 0 71 0 0 0 0 0 0 0 0 0 0 81 0 55 0 0 0 1 0 0 0
0 0 48 0 0 0 0 0 0 0 0 0 0 0 0 74 0 0 0 0 0 27 0 7 81 0 0 0 0 0 0 0 50 0 0 0 58 0 0 0 0 0 0 65 0 0 12 48 15 0 0 0 0 0 35 0 20 89 10 0 56 0 0 0 0 66 0 0 57 0 0 0 0 10 0 0 0 0 0 0 0 0 0 0 0 0 0 0 0 0 92 0 0 17 0 27 7 96 0 0
0 56 0 0 0 0 53 0 0 97 0 0 38 0 0 0 0 88 4 0 0 81 13 25 0 0 0 0 0 0 0 0 0 0 88 0 0 0 0 0 12 85 0 0 93 0 0 0 0 0 0 0 2 0 0 44 0 0 0 0 0 0 12 0 91 0 0 0 0 27 9 0 0 0 0 0 49 0 62 0 0 0 0 78 0 0 0 0 0 0 83 17 0 0 0 0 92 50 0 19
4 0 0 36 0 36 0 0 0 0 34 0 0 0 0 63 0 0 0 28 0 0 0 0 0 0 0 0 0 28 0 0 0 0 51 0 29 2 6 80 0 0 0 0 0 0 71 3 22 0 0 35 0 0 0 0 21 40 44 0 0 0 0 0 0 0 63 0 0 0 0 0 60 92 0 0 0 0 0 0 86 0 0 6 91 0 0 0 0 32 0 84 0 0 0 0 0 0 0 0
0 0 0 36 69 0 0 0 0 0 0 0 0 71 0 0 0 68 0 0 0 88 40 0 93 0 0 0 43 0 0 27 0 0 0 0 0 0 44 0 0 0 0 0 0 0 0 0 0 0 0 0 0 0 51 23 0 0 0 49 0 0 0 0 0 0 0 0 0 0 62 0 0 0 75 30 54 0 92 0 0 15 0 0 0 0 0 0 7 56 0 40 0 0 88 0 0 0 0 0
2 0 0 33 0 0 0 73 0 0 0 71 0 44 0 0 0 0 31 0 58 75 0 48 0 0 0 89 0 0 0 0 0 0 0 0 18 0 0 0 76 0 55 4 89 6 0 0 0 75 0 81 0 0 0 0 0 0 0 0 0 0 0 0 0 0 0 9 0 0 27 0 0 0 0 0 0 0 0 0 0 0 48 0 0 0 0 0 0 23 23 0 0 0 51 0 0 0 0 0
0 0 0 0 0 0 0 0 0 0 7 0 0 0 0 0 24 0 0 0 18 0 81 0 0 0 0 5 0 0 69 0 0 0 0 58 0 0 57 0 0 0 0 0 92 0 0 0 0 85 0 0 0 0 32 0 0 0 0 80 0 0 0 0 100 0 0 0 0 0 0 0 0 0 0 0 0 0 0 0 0 68 0 0 0 0 0 0 26 0 0 0 19 0 0 0 0 42 0 0
0 0 0 0 0 0 0 0 0 1 0 0 0 0 0 14 0 0 4 66 0 0 78 34 0 66 0 0 71 0 18 37 0 0 43 0 38 0 0 0 0 0 0 0 0 0 0 66 0 0 93 86 0 0 0 56 0 0 0 0 51 95 0 5 0 0 0 60 0 15 51 0 0 0 0 0 0 0 0 0 0 0 69 2 60 22 0 0 0 0 0 84 0 12 0 0 0 0 0 0
0 0 37 36 0 0 0 36 0 12 0 0 0 0 0 0 42 0 0 0 0 0 0 0 27 55 50 34 0 0 0 0 16 78 87 77 0 0 0 0 0 0 0 0 0 0 0 0 0 0 0 0 34 66 0 0 79 0 0 0 0 0 0 0 77 0 0 5 0 0 0 4 0 0 0 0 0 0 0 0 0 63 0 50 0 0 0 5 0 0 0 0 95 0 0 0 0 0 0 0
0 0 0 0 71 0 0 2 0 86 98 0 0 0 81 0 0 0 0 0 0 0 0 0 0 0 0 63 11 49 0 72 0 0 0 0 0 0 0 74 0 36 0 0 0 0 0 17 0 0 82 0 0 0 0 0 0 0 40 55 0 0 0 0 0 0 0 0 100 0 0 0 0 0 0 0 0 0 0 95 0 0 0 0 0 53 0 0 29 36 0 0 0 0 0 0 0 55 0 0
0 0 43 0 0 0 96 0 0 61 0 0 59 42 0 3 0 0 51 0 0 0 0 0 0 0 46 0 1 0 0 11 0 0 0 0 0 46 0 9 50 26 29 0 0 0 0 0 22 0 0 16 0 89 0 0 3 0 0 83 81 0 0 0 25 0 0 0 0 0 0 0 0 0 0 0 0 0 0 0 0 0 18 0 0 0 0 0 0 0 0 0 0 42 0 0 0 0 0 0
0 0 100 8 0 0 0 10 0 0 0 48 0 9 45 0 0 0 0 0 90 26 0 0 85 0 0 0 0 0 89 13 58 0 0 0 0 0 0 0 0 0 0 0 0 0 0 71 0 0 67 0 0 26 0 97 0 0 88 55 0 0 0 0 99 0 0 0 0 0 0 0 0 0 0 3 0 0 0 0 40 0 0 0 0 29 39 0 0 0 0 70 0 0 0 0 29 0 0 73
0 0 0 0 0 0 0 0 0 0 50 65 0 0 52 20 40 95 0 63 0 0 0 0 0 0 0 0 73 0 78 0 0 61 0 0 5 0 8 0 0 0 0 62 0 36 52 0 51 0 0 0 94 33 60 0 0 0 0 89 37 0 0 0 0 19 6 0 0 0 54 0 0 0 58 1 0 0 0 0 0 20 68 0 0 12 0 0 0 0 0 0 46 0 40 48 0 34 0 0
0 17 0 87 0 0 0 0 0 0 0 0 27 71 0 0 0 0 0 0 0 0 0 86 0 19 15 18 36 0 49 33 0 0 53 0 0 0 45 6 0 0 0 0 0 0 0 0 24 0 0 32 47 93 35 53 0 60 0 0 0 41 0 0 0 0 0 0 0 0 0 0 0 0 0 0 0 0 10 21 20 0 0 9 0 0 0 0 27 31 97 92 0 0 0 0 0 75 40 0
0 0 0 0 0 0 0 0 0 0 0 0 0 0 0 27 0 55 0 0 0 0 0 0 0 0 0 0 0 0 0 83 76 0 0 0 0 0 0 0 0 0 0 0 0 0 0 0 81 0 0 0 0 0 0 0 56 0 36 0 0 27 0 0 0 0 0 0 79 0 0 0 0 0 0 0 0 0 0 92 0 0 0 0 69 0 0 0 0 59 0 0 0 38 0 0 0 0 0 0
0 0 75 0 0 0 0 0 0 0 0 82 59 0 78 0 0 0 0 0 0 0 0 0 0 0 0 0 0 0 0 0 0 0 0 0 0 0 0 0 0 38 6 0 0 58 0 0 6 0 0 0 0 0 0 0 55 0 0 0 0 0 0 3 0 0 0 0 0 44 0 0 1 0 0 0 25 0 47 48 0 0 28 0 0 0 0 0 0 0 0 0 0 0 0 52 0 93 83 0
89 0 0 0 31 0 92 0 0 0 93 0 0 0 0 0 61 0 0 0 19 0 0 0 0 47 63 20 0 0 0 0 7 0 0 0 0 0 0 0 0 0 0 0 0 0 0 0 0 59 0 11 41 48 0 0 59 0 0 62 0 0 56 0 0 0 0 0 71 0 96 0 0 0 0 59 0 29 0 0 0 0 0 0 0 0 0 89 0 0 0 94 93 0 0 61 0 0 0 0
0 0 0 60 0 0 0 0 49 65 0 0 0 0 34 35 0 0 0 0 81 0 32 0 0 54 0 11 0 0 0 0 0 69 0 0 0 0 0 0 31 1 0 72 69 0 97 0 0 0 71 0 92 31 24 73 0 95 0 19 0 0 48 0 0 0 0 0 0 0 0 0 0 0 0 78 61 0 0 9 0 0 0 0 0 0 0 0 0 0 87 3 0 50 73 0 0 0 64 0
17 0 0 97 0 0 70 0 92 0 15 0 0 0 0 0 0 0 54 0 0 0 0 0 0 0 0 0 0 16 3 0 0 0 0 0 0 0 0 61 0 57 10 0 11 0 0 43 0 0 0 0 0 69 47 0 99 0 0 0 0 0 0 0 0 0 0 0 0 0 0 0 0 0 49 0 0 52 0 0 81 0 0 0 0 0 0 0 32 0 0 0 0 80 0 0 0 0 0 81
0 0 0 0 0 0 0 0 0 0 0 0 0 27 0 97 0 0 0 0 0 0 0 70 0 0 0 68 0 0 0 0 0 0 0 0 62 95 0 0 0 0 95 0 0 0 0 0 0 92 0 0 0 0 0 0 0 0 0 0 0 0 0 77 0 0 20 0 0 0 0 0 0 0 0 0 0 9 0 14 0 40 53 0 0 0 0 0 0 0 0 0 78 58 0 37 0 0 96 0
0 59 40 0 0 73 0 0 0 0 0 0 0 0 14 63 6 0 0 52 0 0 99 5 0 0 0 55 81 0 0 0 0 0 48 0 0 0 0 0 22 0 0 0 0 0 0 0 0 30 89 0 0 0 0 75 46 0 20 0 99 8 0 0 9 0 87 6 6 0 93 0 0 0 0 38 43 87 0 53 0 0 0 0 0 35 27 0 0 0 0 0 0 60 0 0 0 41 0 0
0 80 90 30 0 54 0 0 0 0 0 64 88 57 0 0 0 0 2 0 0 44 0 50 0 54 63 0 0 0 0 0 75 0 0 0 0 0 10 0 0 0 0 80 54 0 0 32 0 0 32 0 43 53 0 0 0 0 39 0 96 0 92 0 57 0 0 0 0 0 0 0 95 0 0 62 0 82 0 0 0 0 0 96 38 37 0 0 0 0 0 57 0 0 0 0 0 0 73 0
0 0 0 0 0 0 0 0 0 0 0 0 0 13 0 0 0 35 0 12 0 0 0 0 0 30 0 0 1 95 0 0 55 0 0 0 9 37 25 59 18 0 0 0 49 0 0 0 0 0 0 0 0 0 0 0 0 0 0 71 47 0 0 0 78 0 0 0 0 0 0 0 0 0 0 2 0 0 79 0 0 0 100 46 0 0 0 0 0 24 0 0 80 0 0 29 0 0 0 0
0 0 0 26 0 0 0 0 66 0 24 0 26 0 14 0 0 94 0 28 0 0 84 0 0 0 31 0 0 0 0 0 0 0 0 42 16 0 0 0 71 0 0 0 0 0 10 0 0 0 22 35 0 0 0 0 0 0 66 0 89 56 0 33 0 0 0 29 0 0 0 0 0 84 0 0 0 18 7 10 0 0 0 0 0 0 0 49 0 0 0 72 0 0 0 0 0 0 0 0
0 0 0 0 0 8 0 0 0 0 81 33 0 0 0 0 52 0 0 0 49 0 0 0 96 19 91 0 0 37 0 0 0 0 0 0 0 0 98 0 0 92 0 0 86 0 0 0 83 0 13 0 0 0 44 0 0 0 0 0 0 70 0 0 0 0 28 90 0 0 0 0 0 2 26 0 45 0 0 0 0 0 0 0 0 54 0 0 95 53 0 0 0 0 43 0 57 0 0 65
0 0 0 31 0 76 0 53 0 31 8 0 0 4 0 0 32 0 0 0 62 0 0 0 0 0 91 0 84 0 0 0 0 0 39 0 0 92 22 0 0 0 0 0 0 95 0 0 0 34 0 87 0 0 2 0 0 48 0 0 17 0 58 20 54 0 0 0 0 0 0 57 0 0 0 0 0 0 0 61 0 0 0 0 0 0 0 0 0 17 0 0 0 0 0 18 0 0 0 57
0 78 0 0 0 0 72 31 100 74 0 12 0 0 0 0 0 0 4 0 0 7 0 38 0 48 47 0 0 0 0 0 0 0 0 0 0 0 34 0 0 0 0 12 0 32 71 0 0 0 0 0 0 0 65 0 0 0 0 0 0 0 0 0 0 65 0 0 31 0 0 100 0 10 49 0 0 0 0 0 0 58 0 0 84 0 79 0 71 0 0 16 55 55 0 0 0 0 0 35
0 0 0 0 0 0 0 0 75 0 0 0 0 0 13 92 0 94 31 0 0 0 0 15 25 0 0 35 0 0 0 0 0 4 0 0 0 0 17 89 0 78 0 98 0 0 0 0 0 0 0 0 0 87 94 0 0 0 0 0 0 0 0 0 0 0 78 0 0 0 0 68 0 0 29 45 0 37 38 0 0 0 0 0 0 17 11 0 0 72 71 62 0 0 0 22 0 0 0 0
37 0 86 0 80 95 0 0 29 0 0 0 37 0 28 86 0 0 0 0 0 0 14 0 0 17 0 0 0 0 0 0 0 0 93 0 0 6 0 25 31 0 0 73 0 0 0 28 0 0 0 0 0 0 0 0 0 35 0 0 0 0 0 0 0 93 0 83 0 0 0 0 1 0 0 0 0 57 0 0 0 0 0 0 0 98 0 72 0 0 0 0 96 0 0 0 0 0 0 0
0 11 0 0 0 0 0 0 0 97 0 72 0 28 0 0 35 0 0 50 0 0 0 0 0 0 80 0 0 0 0 0 5 0 0 0 0 0 14 0 95 79 41 0 17 0 0 0 0 0 0 0 91 0 51 0 25 75 0 0 0 0 82 2 99 0 27 0 38 67 0 0 0 0 0 0 0 0 0 50 0 0 0 0 82 1 0 63 0 0 0 0 0 0 0 0 0 0 43 0
0 0 0 0 0 74 0 0 0 9 0 23 0 0 0 0 0 0 0 0 0 0 0 0 53 18 0 0 0 89 0 31 0 0 0 0 0 0 33 0 0 0 0 0 0 91 0 0 0 67 0 41 19 78 0 0 81 0 0 0 0 0 0 65 0 0 0 0 67 0 0 0 0 0 0 0 0 9 26 32 0 0 21 0 0 81 0 0 0 0 0 0 0 2 0 0 0 0 90 4
20 0 0 0 0 6 0 14 0 0 33 20 0 98 0 0 31 0 0 0 0 39 36 0 0 0 0 0 73 0 0 0 0 0 0 0 0 0 23 0 0 0 0 0 0 52 0 0 0 0 0 62 0 99 0 0 0 0 0 0 0 81 0 0 59 0 72 0 0 0 28 0 0 0 78 38 62 0 0 0 51 73 0 96 0 91 0 0 0 0 0 62 0 0 0 0 0 0 0 0
77 0 0 95 0 0 0 0 0 35 0 3 63 62 0 0 0 47 0 0 0 0 0 20 0 0 96 82 0 0 0 82 0 0 0 0 0 0 0 0 93 0 88 0 8 0 83 0 0 0 54 0 0 0 50 37 55 0 0 0 0 0 0 35 0 54 0 0 0 0 42 0 0 94 0 0 0 0 76 83 0 0 0 86 57 0 0 0 0 0 0 0 80 0 0 0 0 0 45 0
0 0 0 0 39 0 0 0 0 0 99 0 0 0 25 0 76 0 0 73 0 0 0 0 0 0 0 0 0 0 0 36 91 0 0 0 0 0 0 0 0 63 22 0 0 0 0 0 0 0 0 0 0 0 0 0 0 0 0 0 0 0 87 0 0 0 0 96 57 0 0 0 0 0 0 0 98 14 93 0 0 0 0 0 0 0 0 0 50 0 0 0 0 0 0 0 0 0 77 0
88 0 0 0 0 0 0 0 0 73 0 57 49 0 0 0 0 0 0 7 35 0 0 0 0 62 0 0 22 0 0 0 0 0 76 3 0 59 82 0 0 38 56 0 28 0 0 0 20 0 0 0 0 0 0 0 0 0 0 0 0 0 0 0 0 0 0 0 0 0 0 0 0 0 63 86 0 0 3 56 75 0 0 0 0 0 0 0 59 26 0 0 0 0 0 0 84 44 0 82
0 0 0 0 0 0 0 56 0 0 0 0 0 0 32 0 0 0 0 0 0 0 0 0 0 0 39 0 0 0 0 0 0 80 0 0 0 63 0 30 0 0 0 0 33 24 0 0 0 0 0 0 0 0 0 0 30 0 0 0 49 54 2 0 0 0 0 0 81 0 0 78 0 26 0 0 0 0 0 0 0 0 25 0 0 0 71 32 0 0 0 0 0 0 0 0 0 75 0 11
0 26 0 0 0 0 0 9 0 0 0 17 74 0 7 0 0 87 0 0 0 2 0 3 0 0 0 0 0 0 0 0 0 0 0 0 0 0 10 0 0 77 0 0 0 5 0 0 0 0 0 14 58 0 0 0 0 0 54 0 34 0 49 15 0 0 0 0 31 0 0 0 0 55 89 0 0 0 0 0 47 0 0 0 0 81 0 0 86 0 0 0 0 0 68 0 0 0 0 0
0 0 92 0 0 0 0 0 0 3 81 0 0 0 0 0 0 0 0 0 0 0 0 81 86 0 0 0 0 93 0 11 0 82 0 37 0 93 0 0 0 0 52 60 0 0 0 0 47 49 0 0 56 0 0 30 0 0 0 0 0 78 0 41 0 0 79 0 0 0 0 15 69 0 0 12 0 54 12 99 0 0 0 17 43 0 0 60 0 0 0 0 83 23 0 3 0 0 10 2
0 0 0 0 0 0 60 13 0 0 0 0 0 0 0 0 0 0 28 15 0 0 22 0 94 0 0 29 0 0 0 0 0 44 5 0 0 0 0 0 0 9 0 0 0 0 44 0 37 0 13 0 15 0 0 0 0 57 0 0 71 48 0 0 0 96 0 0 0 0 0 0 95 0 0 93 0 0 0 0 0 0 0 0 0 0 0 0 0 0 85 0 0 0 0 7 0 62 0 0
0 0 0 0 0 0 0 0 0 0 0 0 0 0 0 0 0 0 0 36 0 24 0 0 0 0 78 0 0 0 0 0 0 42 40 0 0 0 0 0 0 0 0 0 36 44 0 0 0 93 0 0 23 0 0 0 84 0 0 0 32 0 0 37 0 0 0 0 0 0 0 0 0 0 1 0 22 0 0 88 0 0 0 26 0 14 0 0 0 12 93 0 0 0 28 49 0 0 82 0
91 0 90 0 0 64 0 50 0 0 71 68 0 0 66 0 0 69 0 93 30 0 0 0 0 0 0 13 5 0 0 27 7 0 0 0 0 89 15 0 0 40 66 0 0 0 39 0 17 0 0 0 35 0 0 0 0 60 94 0 78 0 57 0 0 0 0 0 46 0 0 0 0 0 0 0 0 55 0 0 34 0 0 0 0 0 0 0 0 26 0 0 0 0 0 0 0 0 72 0
0 0 0 95 0 0 0 0 0 0 0 0 14 0 0 92 0 0 0 0 0 93 0 0 0 0 0 0 0 52 0 0 0 0 0 49 0 0 0 97 100 0 0 0 0 0 0 0 0 0 0 0 0 0 0 0 32 27 0 0 0 0 0 0 72 26 0 0 51 71 86 0 0 0 91 0 0 0 0 0 0 0 0 0 0 0 0 0 23 84 0 0 5 0 0 0 0 0 0 0
0 0 0 84 0 0 0 26 71 0 0 0 0 94 0 83 0 0 0 0 0 75 0 70 17 0 0 0 88 45 0 0 0 0 89 0 0 0 0 0 0 0 0 0 50 0 6 0 0 21 67 0 0 70 0 0 0 0 0 0 0 0 0 0 68 30 0 0 0 0 12 0 0 0 13 0 0 0 72 0 74 0 0 0 0 0 0 0 24 67 0 0 92 66 0 82 0 0 0 93
10 0 0 0 0 68 0 0 0 0 0 0 0 0 0 0 0 54 0 0 0 44 0 0 14 31 0 0 0 0 0 0 0 16 0 0 0 0 0 76 0 0 0 39 0 0 0 0 0 0 87 0 0 0 0 0 0 0 68 0 0 0 95 0 0 0 0 0 0 0 0 0 0 0 0 12 0 0 0 0 0 0 0 0 0 0 47 0 0 0 33 0 0 4 0 0 0 0 0 0
0 0 0 0 0 0 28 0 0 0 0 0 46 0 0 0 0 0 99 0 0 0 0 99 0 82 0 10 0 24 72 0 0 0 0 39 0 0 0 0 0 0 0 0 0 0 78 0 0 0 51 0 0 0 0 67 0 36 0 0 0 62 73 0 11 28 0 0 0 77 0 4 0 42 0 0 0 0 49 0 0 60 20 0 0 74 0 45 0 0 0 0 94 0 0 0 0 0 0 0
0 0 0 37 74 0 74 0 0 0 0 23 0 0 0 0 96 0 0 0 10 0 94 0 0 94 54 0 0 0 0 0 51 0 29 97 0 0 0 0 0 0 3 0 7 0 68 0 61 89 0 0 0 0 0 0 57 0 0 0 0 0 96 0 0 0 0 0 0 0 0 45 0 0 0 0 0 0 0 0 55 0 0 0 0 0 96 0 0 0 0 0 0 62 0 0 0 0 0 0
0 0 0 0 79 0 0 0 0 0 0 0 70 0 0 56 74 0 0 0 0 0 0 0 0 0 0 0 0 0 0 0 0 0 15 0 0 0 78 0 0 0 0 0 0 0 0 90 0 0 78 0 92 0 0 0 0 0 0 0 0 0 0 94 0 0 62 62 0 0 0 0 0 1 56 0 27 0 0 0 0 0 58 0 0 0 0 0 93 40 32 59 0 0 0 0 60 0 24 0
23 0 4 0 20 24 11 0 76 87 0 0 0 64 0 0 0 0 0 0 0 0 0 0 0 80 0 0 14 0 25 0 0 0 0 0 9 0 0 0 0 21 0 0 0 22 0 0 0 0 0 89 0 0 0 0 0 0 0 26 0 0 0 13 0 0 0 0 0 0 0 0 0 0 0 0 0 0 0 0 0 53 0 0 0 0 0 4 0 0 0 80 0 0 0 0 0 19 0 0
0 0 0 0 0 0 0 0 0 0 60 0 0 100 0 0 64 78 37 0 0 34 0 100 29 0 21 0 35 33 0 0 0 0 0 0 21 0 4 0 0 0 0 0 0 0 0 0 43 0 0 41 79 0 0 0 0 0 0 52 0 0 0 0 41 0 0 0 11 0 0 0 0 0 0 0 74 64 0 0 0 0 0 0 0 0 0 38 0 0 0 95 52 0 0 0 97 0 0 0
0 0 0 0 90 0 0 68 0 0 0 0 0 0 0 0 0 0 17 0 6 27 23 0 0 0 86 0 28 0 89 0 83 0 0 0 0 0 0 0 0 0 0 0 0 0 0 77 0 0 0 41 0 0 2 87 0 0 0 0 0 0 57 0 0 0 89 0 0 0 0 0 0 22 0 0 0 0 0 0 0 12 42 49 0 0 0 0 0 0 0 0 0 0 0 0 0 0 0 0
0 0 0 0 94 0 0 0 0 0 0 0 51 0 75 0 0 0 0 97 30 0 0 0 0 0 21 0 0 0 0 0 99 0 0 0 0 0 0 0 29 8 0 0 0 0 0 67 0 0 0 0 0 58 0 0 0 0 0 0 56 16 0 0 94 0 0 0 0 0 27 0 0 0 0 0 0 0 0 31 0 0 0 0 93 0 38 89 35 0 0 0 0 0 0 75 78 0 0 49
3 25 0 0 0 0 0 0 0 0 0 63 0 0 93 60 0 0 0 0 0 42 0 0 0 0 0 81 0 0 0 0 0 65 0 0 72 93 0 0 0 0 0 0 0 0 0 96 0 0 0 0 0 12 13 0 0 0 14 0 0 0 0 0 87 0 0 0 0 0 0 0 0 0 37 0 0 0 0 0 0 11 47 0 22 25 0 22 0 0 75 64 0 0 0 44 0 56 0 7
34 0 0 82 0 0 0 0 0 0 0 0 90 59 0 0 0 0 0 0 0 0 0 0 0 0 7 0 0 0 0 0 71 8 26 0 0 57 0 80 0 0 0 9 35 0 0 0 0 0 0 0 0 0 35 0 0 0 53 98 0 0 83 0 81 0 0 0 0 0 0 75 0 64 29 0 0 0 42 15 0 41 0 0 29 64 0 0 0 0 0 79 0 0 0 0 69 0 0 32
0 0 45 0 0 0 0 0 18 0 0 0 0 0 0 57 32 0 0 0 0 67 0 0 0 0 60 0 93 0 0 80 72 58 0 0 55 19 0 0 48 54 0 0 0 0 0 0 0 89 43 0 0 0 0 0 86 0 90 0 0 0 0 42 0 50 0 0 0 0 31 0 0 0 23 0 0 26 0 87 0 0 0 0 0 0 16 0 78 0 0 30 24 0 0 0 0 0 0 0
0 0 17 0 0 0 0 0 0 0 89 21 0 0 0 0 0 0 0 0 0 0 0 0 0 0 37 0 0 0 0 0 0 0 42 0 36 30 0 0 57 0 0 0 0 0 30 0 0 0 0 0 0 0 0 0 0 0 0 0 72 0 0 50 13 26 0 92 0 0 0 0 0 0 0 0 0 0 0 0 0 0 16 30 0 0 38 0 0 40 0 0 0 0 0 0 0 0 0 0
0 0 0 0 0 7 0 0 0 0 37 0 0 0 0 4 0 0 74 0 99 2 0 0 4 0 0 0 0 0 0 89 0 0 0 0 0 0 63 0 0 0 0 0 60 0 0 0 0 0 0 0 0 0 36 0 0 0 15 57 0 0 95 18 10 0 0 0 0 25 0 0 0 0 0 0 0 0 0 0 91 0 0 0 0 0 0 0 0 16 0 13 0 0 77 0 0 0 0 0
8 0 0 51 0 0 0 0 16 0 0 0 0 0 0 0 0 0 0 0 0 0 25 37 0 0 0 0 0 0 0 0 0 0 38 65 17 76 0 0 0 0 88 0 90 71 0 0 47 0 0 0 0 0 0 31 97 0 0 0 7 0 0 48 0 0 0 0 0 44 16 32 0 0 69 0 20 60 0 0 0 0 0 0 0 0 45 68 0 48 0 0 0 0 0 0 0 0 0 64
89 0 0 65 0 7 0 0 0 77 0 0 0 0 0 0 0 46 0 0 27 0 0 22 0 0 0 15 0 0 0 0 0 0 0 0 0 0 0 92 0 0 86 0 54 37 84 0 0 86 0 0 0 31 0 0 100 0 0 48 0 0 23 0 51 0 0 0 0 35 0 0 0 17 0 0 0 0 0 0 69 32 0 0 0 0 0 0 0 32 0 0 0 0 65 0 0 0 100 0
67 41 0 0 0 0 0 0 98 0 79 0 70 76 0 34 43 84 0 0 30 88 0 0 0 0 0 80 0 0 100 4 0 0 0 0 0 0 0 0 0 0 37 0 0 0 0 0 0 0 0 0 0 0 34 0 0 0 0 0 88 0 6 0 11 100 0 0 0 0 0 0 0 0 0 0 52 0 0 0 92 0 21 0 0 0 99 0 0 0 0 0 0 21 0 0 0 0 20 0
0 0 0 0 0 0 0 0 0 0 0 89 71 0 0 0 0 0 0 0 0 0 46 0 0 0 0 0 0 0 0 0 0 0 0 0 0 0 13 0 0 86 0 0 42 0 0 0 0 0 0 0 0 0 0 0 0 0 0 0 0 35 73 0 0 0 0 0 78 0 0 0 0 0 0 0 11 89 0 0 0 0 96 0 0 0 0 47 4 0 4 0 0 0 0 0 0 0 0 0
0 21 0 0 0 97 0 0 58 0 0 0 88 0 0 0 13 0 54 68 45 39 0 0 0 0 0 0 0 20 15 0 0 0 26 0 0 0 0 0 30 70 66 24 87 0 0 0 0 0 0 32 32 0 0 0 0 0 0 71 0 0 0 0 27 23 0 0 0 0 0 0 0 0 0 0 0 0 0 97 0 0 0 89 0 0 0 0 0 0 0 0 0 0 0 0 0 0 0 0
0 0 0 0 0 0 0 0 53 0 0 0 0 0 46 0 0 0 0 0 97 0 68 40 0 0 31 0 18 81 0 0 0 0 41 86 0 0 0 0 0 0 0 0 0 78 0 0 5 0 4 0 0 99 0 0 0 0 0 0 82 0 61 0 0 85 0 0 0 0 32 62 67 0 51 0 54 0 0 0 28 23 0 0 0 86 94 0 0 0 64 0 0 0 0 0 15 4 0 26
0 0 0 0 0 24 0 0 0 61 0 0 0 0 0 0 0 0 0 0 0 0 0 3 15 0 97 93 0 0 0 63 0 0 0 0 0 77 0 0 0 84 0 0 0 0 0 0 0 0 0 0 0 0 67 0 0 0 20 0 60 0 0 79 16 0 0 0 0 45 0 0 96 0 80 0 0 0 94 0 0 0 0 36 0 50 45 0 0 0 0 0 44 45 0 0 0 45 0 0
0 0 0 0 0 0 0 0 0 0 0 0 72 0 34 0 19 0 53 100 0 0 0 39 0 0 38 0 0 0 0 17 0 0 27 0 0 55 16 0 16 0 50 0 0 0 50 0 0 44 0 1 0 0 36 0 0 13 35 0 66 0 64 0 0 36 0 91 88 0 0 0 67 0 0 0 38 0 1 100 0 0 0 0 0 27 0 38 0 25 0 51 0 0 0 77 0 96 0 0
28 0 0 6 0 0 0 43 25 0 0 0 62 0 0 0 0 0 12 0 0 0 42 0 0 0 0 0 0 0 0 0 0 0 0 0 0 0 0 0 0 0 60 48 13 0 0 97 75 0 0 0 0 0 0 99 7 0 0 0 0 0 0 0 0 77 0 0 0 0 0 15 0 23 0 97 0 0 6 0 0 64 0 69 0 0 0 0 0 0 0 46 66 0 65 0 0 68 0 0
0 80 0 0 0 88 42 63 0 49 0 0 0 0 0 0 10 0 0 0 0 0 0 0 0 0 0 74 0 0 0 0 86 0 100 0 0 0 0 0 0 0 0 0 0 0 0 0 11 0 0 0 0 0 0 69 0 0 0 0 0 0 23 64 0 30 0 0 0 0 0 0 22 0 0 74 0 0 0 24 0 0 0 51 0 38 45 80 0 0 0 0 12 0 15 0 0 0 0 0
0 0 0 0 0 0 0 0 0 95 0 0 0 51 0 0 20 0 100 0 0 0 0 0 0 0 0 0 0 0 17 0 11 0 0 32 36 3 0 25 0 96 92 0 0 35 16 0 0 0 0 0 0 0 0 0 88 60 0 0 0 0 0 0 0 0 0 0 0 0 0 50 0 0 0 0 0 72 0 0 10 68 0 69 0 63 11 0 0 0 81 35 46 0 0 62 36 0 0 0
0 0 0 67 0 0 17 0 0 0 0 0 83 0 100 0 86 0 0 0 0 0 0 0 0 0 0 31 0 0 0 10 98 0 0 0 15 0 40 0 93 0 0 0 0 92 0 0 0 99 0 0 35 0 0 0 56 0 0 97 0 0 0 0 1 0 0 0 0 0 0 0 2 0 82 59 8 0 0 0 44 0 0 43 25 27 0 0 0 0 0 0 0 0 0 60 0 0 0 0
72 0 0 0 84 0 3 0 0 0 0 0 0 0 0 0 0 0 29 0 0 0 38 0 0 0 0 0 0 0 0 0 0 0 3 0 0 32 0 0 0 0 0 7 10 0 8 70 0 11 0 0 0 59 0 0 0 0 0 0 0 0 80 0 86 38 3 0 44 0 0 17 0 97 0 0 0 0 0 0 0 0 0 62 0 0 0 0 0 0 0 0 0 0 0 0 0 0 0 0
0 0 91 0 96 91 0 0 0 0 0 0 23 0 0 0 4 6 0 93 0 0 47 34 0 0 44 0 0 0 0 0 32 0 33 29 0 0 0 0 0 0 0 13 12 0 98 0 0 0 0 41 0 0 75 0 0 0 0 0 0 0 0 56 64 91 0 0 0 0 0 0 0 0 41 0 0 0 0 0 82 0 40 0 0 0 0 0 0 0 0 0 0 10 94 0 0 0 0 49
0 0 0 27 0 35 0 0 0 0 0 0 0 0 0 0 0 0 30 0 0 7 0 0 0 0 0 0 0 56 89 0 0 0 82 0 0 0 0 0 0 0 0 0 0 0 0 0 0 0 0 0 0 0 0 0 8 38 0 0 0 0 0 0 83 0 73 0 0 0 0 0 0 0 0 0 0 0 0 0 0 94 0 0 0 0 0 0 0 62 0 0 23 0 0 0 0 0 85 0
0 0 0 0 0 60 9 21 0 25 68 0 0 0 96 0 0 0 0 0 0 93 66 0 0 0 0 20 0 0 0 0 0 0 0 95 0 0 0 0 0 0 0 0 0 0 0 0 0 67 0 2 0 0 0 53 0 0 0 0 81 8 0 91 0 0 0 0 0 0 0 97 0 0 75 0 0 0 6 0 0 0 0 0 0 0 0 0 0 0 0 0 0 0 52 12 0 4 0 58
60 0 0 0 65 0 3 0 0 0 0 0 0 0 0 51 0 0 0 0 0 0 94 0 0 0 0 66 0 0 0 0 0 0 0 32 0 0 0 0 0 0 94 0 0 0 91 0 0 0 6 0 0 75 0 0 0 0 0 0 0 0 68 3 99 0 0 0 0 0 0 0 0 0 0 0 30 0 0 0 15 0 0 0 86 0 48 0 0 0 0 23 44 0 0 0 50 34 0 25
0 0 12 0 0 0 0 0 0 0 0 0 0 0 27 0 3 0 76 0 0 0 0 0 0 0 0 13 58 0 0 10 0 0 0 0 22 0 68 0 0 0 0 0 0 29 0 0 87 0 0 0 24 0 62 0 0 0 0 0 0 0 27 62 0 56 0 0 92 48 0 0 0 0 0 0 0 0 0 0 17 35 0 47 0 0 0 0 0 0 83 0 0 0 0 0 0 0 0 0
0 0 0 39 0 0 57 0 61 95 0 0 0 0 0 0 58 0 0 0 97 0 0 45 44 87 0 0 49 0 57 66 27 0 83 72 18 0 0 0 0 0 0 38 0 0 0 77 8 0 0 0 0 0 0 0 0 69 0 0 0 0 0 0 0 0 36 0 50 0 0 24 0 0 0 0 46 0 0 0 59 0 90 0 0 0 56 0 0 0 0 0 28 0 0 24 78 51 0 0
0 0 0 0 0 0 69 88 0 0 64 0 74 40 0 0 0 0 0 0 70 56 0 0 0 76 0 0 0 0 0 0 0 0 57 0 0 0 0 24 0 0 0 0 0 24 0 0 0 1 0 0 0 76 0 21 0 0 0 0 0 0 0 74 0 46 0 0 0 0 0 0 2 84 2 0 26 0 70 0 43 0 0 0 0 0 0 65 0 0 0 0 0 22 0 0 0 0 53 0
0 31 0 0 0 76 0 0 0 0 0 57 0 0 0 0 30 0 0 0 0 64 0 0 0 97 0 84 89 0 40 18 0 0 0 0 0 18 0 88 0 0 39 0 75 0 0 0 0 0 0 48 0 0 0 0 89 0 0 16 70 0 56 0 0 0 0 0 0 0 0 0 0 0 10 0 0 0 0 0 54 35 0 6 0 0 0 0 36 49 0 0 0 0 0 0 82 7 0 0
83 76 0 0 0 0 0 0 0 93 0 0 23 0 0 0 0 0 0 0 83 0 0 0 0 2 0 0 0 0 0 0 0 95 0 0 0 0 0 81 0 0 0 16 20 0 0 0 60 0 0 0 0 0 0 0 0 0 0 0 32 0 89 0 0 0 0 7 0 0 0 0 33 40 0 94 0 66 96 0 0 87 91 15 0 0 0 99 0 0 0 0 0 0 0 0 73 86 0 0
0 0 0 0 0 0 0 0 0 0 19 0 0 0 0 0 33 0 0 43 0 0 92 83 0 0 0 0 0 13 0 0 0 0 0 13 0 0 25 54 0 0 0 79 100 0 0 0 0 0 0 0 44 30 0 0 0 0 50 0 0 0 0 0 0 0 0 21 0 0 29 0 45 98 0 59 0 0 0 0 0 30 0 0 0 76 0 0 0 0 0 0 0 0 0 0 80 0 0 0
60 0 0 39 0 59 0 0 0 0 0 0 0 0 0 0 0 0 0 54 75 47 0 0 0 0 0 0 0 0 17 54 0 0 0 83 75 0 0 0 0 0 42 0 0 0 0 0 0 0 90 70 24 0 0 0 0 0 8 0 0 0 75 0 0 0 0 37 0 0 0 0 0 0 0 81 99 0 0 0 30 72 0 0 0 0 0 0 0 0 46 0 18 0 0 0 0 0 59 0
0 0 0 40 0 0 5 0 0 76 100 0 0 0 0 0 0 0 0 4 0 0 0 18 0 0 47 0 0 19 0 0 0 0 65 0 0 0 0 0 0 0 32 0 36 0 0 0 0 0 0 0 0 0 0 0 2 79 0 0 14 0 0 37 0 0 1 0 52 0 10 0 0 0 0 98 0 0 0 0 0 0 0 0 0 46 14 0 0 13 56 50 0 0 0 0 0 41 0 25
0 0 0 13 65 88 93 0 78 0 0 0 0 69 0 8 0 63 0 16 0 0 0 0 0 0 0 0 0 0 0 0 0 0 0 0 60 0 0 56 0 0 0 0 0 58 0 0 80 0 0 0 32 0 46 0 0 0 0 0 0 0 66 0 0 0 0 46 0 0 0 34 0 0 0 0 76 0 0 0 0 0 0 29 0 0 52 79 0 0 0 0 0 0 53 88 0 14 0 0
89 17 0 98 0 0 0 0 77 0 0 0 0 0 0 0 0 0 0 0 0 97 0 0 0 1 58 0 0 0 51 0 0 0 0 0 0 0 0 0 0 0 0 72 0 0 0 0 0 0 0 0 54 0 0 0 0 0 0 50 17 0 0 66 0 0 0 66 0 0 15 0 3 0 0 0 0 0 15 0 0 0 0 0 0 0 0 92 0 0 76 0 0 0 30 31 0 20 0 0
0 0 0 0 0 0 0 0 0 0 0 0 0 0 0 0 99 81 81 0 0 0 50 0 0 0 0 86 35 0 20 0 7 0 0 0 51 0 13 0 0 0 0 0 0 100 0 27 0 39 36 0 0 75 0 0 0 0 0 0 58 27 0 0 69 0 0 87 0 0 2 0 0 0 0 0 0 0 0 1 0 42 0 0 0 0 0 83 0 0 73 33 0 84 0 0 0 0 0 0
0 0 0 75 18 0 54 0 0 0 85 0 0 0 0 0 0 70 42 0 0 56 0 0 0 0 22 0 0 25 0 0 0 0 100 0 0 41 85 0 0 67 0 0 0 0 70 0 0 85 31 29 0 10 0 0 46 0 0 0 0 0 0 0 0 97 0 28 0 0 0 0 0 0 29 0 0 0 0 0 0 0 0 52 0 13 0 0 42 0 82 10 0 0 0 0 0 50 0 18
100 0 0 0 76 0 0 0 34 16 0 0 0 0 0 0 0 0 52 88 0 0 0 0 9 0 0 0 0 86 0 0 0 0 46 0 0 92 0 23 0 0 21 0 0 0 99 0 0 53 0 0 70 0 0 0 0 20 0 0 0 0 0 0 0 27 0 0 0 0 0 0 0 0 22 0 0 5 0 0 0 0 0 97 0 0 0 0 0 8 0 0 18 75 0 0 0 0 87 62
0 22 0 0 0 0 0 94 0 0 0 61 91 0 0 41 0 10 0 0 0 0 18 0 0 0 0 0 0 100 0 0 0 0 21 0 27 94 96 0 0 0 49 37 0 28 99 0 0 0 0 0 0 0 0 0 44 0 0 0 0 0 0 0 32 0 0 0 66 36 0 0 0 0 0 49 0 27 0 0 0 0 0 0 0 0 0 0 90 49 0 0 3 0 0 0 93 0 0 0
0 0 95 0 0 0 0 0 0 46 0 0 0 0 63 0 0 0 78 77 0 31 40 71 0 0 0 45 14 0 86 0 0 0 43 0 0 81 0 0 0 0 0 95 0 0 71 39 0 0 0 0 0 90 0 0 56 0 0 0 0 0 0 0 0 0 0 0 0 56 98 0 0 77 5 0 100 0 0 0 0 0 0 0 76 38 0 6 0 0 0 0 0 0 0 18 0 0 0 0
0 42 0 0 0 0 0 0 0 0 0 24 5 0 0 86 0 14 0 71 0 63 0 0 0 0 0 0 0 0 18 0 0 0 44 0 0 6 0 0 0 0 0 0 0 0 0 6 0 0 0 0 0 0 0 0 0 0 0 0 0 35 0 0 0 31 0 0 0 0 19 0 0 10 0 0 0 64 0 0 4 0 0 0 84 0 0 0 0 0 0 0 0 87 0 86 0 0 0 31
0 0 0 0 64 0 0 90 0 0 81 0 0 1 0 15 0 0 0 0 4 19 81 17 0 0 0 0 0 0 89 0 0 0 0 8 0 0 54 0 0 0 0 88 0 48 0 70 0 0 9 0 0 0 0 0 0 0 0 0 8 54 0 0 0 0 0 0 0 99 0 86 0 0 0 0 0 0 34 0 0 9 0 0 0 0 0 0 46 0 81 41 36 0 0 0 0 94 0 15
0 0 0 3 0 0 0 0 0 0 63 0 0 8 0 0 0 21 0 0 47 0 74 77 0 0 52 0 0 0 0 52 3 0 0 51 0 0 0 95 0 0 0 33 1 0 0 0 0 0 0 61 0 0 0 0 0 0 98 0 0 81 70 84 0 93 0 0 0 0 16 0 0 0 0 0 0 0 57 0 58 53 0 0 0 0 0 0 34 0 0 68 0 44 0 0 0 0 8 4
0 0 90 53 0 0 0 0 0 0 0 0 38 64 0 0 0 0 0 40 0 12 0 0 65 9 0 0 0 53 0 42 0 0 26 0 0 0 0 0 0 57 0 84 28 0 0 35 0 73 0 0 0 0 0 0 0 0 0 0 0 77 0 0 0 0 0 9 0 0 0 0 0 27 0 0 0 0 92 0 0 0 65 0 0 49 67 0 0 0 0 0 0 0 10 0 1 0 0 77
0 0 0 0 0 69 0 0 71 0 0 0 0 62 10 68 0 0 55 0 60 79 0 0 80 0 0 0 52 0 64 0 0 0 0 28 0 96 1 0 0 0 6 0 0 34 34 0 0 18 0 0 37 0 0 45 0 0 0 0 0 28 0 0 0 0 25 0 89 15 0 17 68 48 30 0 20 0 82 0 0 42 0 96 0 0 0 0 0 0 0 7 0 0 79 0 0 0 0 0
0 0 93 22 15 97 0 0 0 0 0 57 64 5 0 0 0 19 0 0 0 53 0 0 0 0 0 0 0 0 47 0 0 0 0 0 0 0 47 0 38 39 0 0 0 0 0 71 0 0 0 0 0 0 0 0 0 0 0 0 0 0 0 0 0 96 55 0 91 0 0 0 0 24 0 0 30 66 0 50 0 0 0 36 0 19 0 0 0 0 32 0 0 89 0 41 95 0 0 0
0 0 0 0 0 0 0 98 0 27 42 0 0 0 0 0 0 69 0 0 22 0 0 93 0 0 1 0 0 54 0 7 0 3 0 0 0 0 0 0 40 0 0 24 0 0 0 0 0 0 0 0 0 0 0 0 0 0 0 0 50 0 0 0 0 77 0 83 0 0 66 82 0 0 0 0 0 30 0 0 0 0 0 68 0 0 0 0 13 0 0 71 85 0 0 0 0 72 91 0
0 0 0 0 0 0 0 0 0 30 0 0 6 0 48 0 0 0 50 65 0 0 0 0 5 0 0 0 0 0 0 0 0 0 0 0 25 0 93 0 0 0 0 0 0 0 11 0 0 0 0 0 0 41 0 0 0 0 0 24 0 41 0 79 61 0 0 0 0 0 95 0 0 0 0 0 0 0 0 0 0 0 0 0 90 0 0 0 0 0 0 67 32 0 0 19 0 0 73 83
0 0 41 0 0 19 0 0 0 0 0 0 57 0 4 0 0 66 0 0 0 0 5 0 0 0 20 0 0 0 98 0 28 0 0 0 0 0 0 0 24 0 71 26 0 0 0 0 0 0 0 0 0 0 0 0 0 0 22 0 0 30 76 26 0 0 0 50 0 0 1 0 39 0 80 0 0 0 0 0 0 6 0 10 0 0 0 0 0 0 0 0 0 0 0 0 0 0 0 0
0 0 0 0 0 0 56 0 0 0 0 0 18 0 0 0 86 25 26 0 70 0 37 69 0 50 0 0 0 0 0 9 0 11 0 0 0 32 0 0 56 0 62 0 54 0 0 0 29 61 0 0 0 0 99 0 0 79 0 0 93 0 0 16 0 0 0 0 0 26 0 0 23 18 0 12 0 0 75 0 0 0 0 0 0 0 0 0 0 0 0 0 0 0 0 0 0 0 0 70
0 0 0 0 95 0 0 0 0 0 0 0 0 0 0 0 3 0 0 0 0 0 0 0 0 45 0 71 0 4 48 0 0 0 15 0 0 0 0 0 0 0 0 80 0 0 0 0 49 0 0 0 0 0 0 0 0 0 0 23 0 0 5 88 0 0 0 67 0 7 0 0 29 0 38 0 0 0 24 0 0 0 0 0 0 0 0 0 0 0 0 0 0 0 0 0 0 0 0 0
0 82 0 0 0 0 0 33 100 0 0 0 0 25 0 0 0 0 50 0 0 75 29 0 0 0 0 89 0 0 0 0 0 0 0 39 41 0 0 0 0 0 0 0 0 27 15 0 0 0 0 0 96 0 94 0 0 0 0 0 0 0 0 0 0 0 0 39 0 0 0 72 0 21 0 0 74 0 0 0 0 71 65 0 60 0 0 97 0 0 0 0 0 0 0 41 0 0 0 0
18 39 58 0 0 0 0 0 0 0 0 51 20 0 0 8 0 0 0 0 0 0 0 0 0 16 0 0 0 49 10 91 0 0 0 0 3 23 0 0 0 0 0 0 0 27 0 0 99 100 0 46 0 0 0 19 44 44 0 0 0 0 0 75 0 0 51 0 0 0 0 0 0 0 0 91 0 0 0 32 0 0 0 0 0 0 0 0 0 0 99 0 46 0 0 0 13 0 0 0
0 0 94 0 0 0 0 0 0 0 0 0 0 0 0 23 0 0 0 0 0 86 0 13 26 0 0 0 0 0 0 0 24 0 0 0 73 0 0 0 0 0 0 70 0 0 1 9 59 0 0 0 0 0 78 0 5 35 70 0 22 0 0 0 0 59 0 0 87 0 0 0 0 90 0 0 0 0 0 0 0 0 0 0 0 0 0 0 0 0 36 0 0 11 0 28 78 77 0 0
0 35 0 0 0 0 36 0 0 98 0 0 42 0 0 0 0 92 76 0 0 60 43 89 0 0 0 0 0 0 0 0 0 0 41 0 0 0 0 0 42 93 0 0 4 0 0 0 0 0 0 0 47 0 0 42 0 0 0 0 0 0 89 0 51 0 0 0 0 29 34 0 0 0 0 0 20 0 25 0 0 0 0 44 0 0 0 0 0 0 96 13 0 0 0 0 47 4 0 71
48 0 0 45 0 75 0 0 0 0 70 0 0 0 0 58 0 0 0 19 0 0 0 0 0 0 0 0 0 76 0 0 0 0 45 0 91 33 57 82 0 0 0 0 0 0 13 81 21 0 0 32 0 0 0 0 89 41 88 0 0 0 0 0 0 0 40 0 0 0 0 0 12 36 0 0 0 0 0 0 13 0 0 30 73 0 0 0 0 58 0 64 0 0 0 0 0 0 0 0
0 0 0 83 43 0 0 0 0 0 0 0 0 82 0 0 0 47 0 0 0 16 52 0 81 0 0 0 67 0 0 16 0 0 0 0 0 0 50 0 0 0 0 0 0 0 0 0 0 0 0 0 0 0 2 29 0 0 0 96 0 0 0 0 0 0 0 0 0 0 30 0 0 0 39 6 40 0 87 0 0 91 0 0 0 0 0 0 60 60 0 32 0 0 90 0 0 0 0 0
24 0 0 24 0 0 0 86 0 0 0 46 0 53 0 0 0 0 3 0 52 8 0 99 0 0 0 19 0 0 0 0 0 0 0 0 82 0 0 0 72 0 21 30 32 65 0 0 0 71 0 85 0 0 0 0 0 0 0 0 0 0 0 0 0 0 0 70 0 0 44 0 0 0 0 0 0 0 0 0 0 0 98 0 0 0 0 0 0 37 82 0 0 0 58 0 0 0 0 0
0 0 0 0 0 0 0 0 0 0 52 0 0 0 0 0 41 0 0 0 84 0 89 0 0 0 0 63 0 0 80 0 0 0 0 25 0 0 72 0 0 0 0 0 95 0 0 0 0 70 0 0 0 0 57 0 0 0 0 98 0 0 0 0 26 0 0 0 0 0 0 0 0 0 0 0 0 0 0 0 0 7 0 0 0 0 0 0 51 0 0 0 36 0 0 0 0 59 0 0