100
0 32 0 15 94 88 67 0 0 53 0 0 27 0 0 0 0 0 0 0 0 30 0 0 0 0 0 0 0 0 0 57 0 0 0 0 0 0 62 0 48 51 0 37 21 0 0 0 0 57 84 0 0 0 0 0 0 0 36 0 0 0 0 73 0 0 27 0 0 75 47 0 0 0 0 0 0 0 10 0 64 0 0 0 0 0 0 0 0 0 0 32 17 0 0 0 0 0 0 0
0 0 0 0 65 0 0 0 4 97 0 0 62 0 0 26 37 5 0 0 73 0 0 62 0 0 90 0 0 0 0 0 60 5 0 0 0 0 0 0 0 0 8 0 69 94 0 0 3 0 0 50 0 0 0 0 0 46 21 0 0 0 1 0 0 35 0 0 0 0 0 0 0 4 0 0 48 0 62 0 0 0 80 66 31 79 66 0 0 0 32 74 43 55 8 8 94 0 36 71
50 0 0 0 0 0 16 0 29 0 0 0 95 0 53 0 0 0 0 63 0 1 0 20 0 0 0 68 0 47 82 0 22 0 0 0 24 0 0 21 0 0 10 0 0 45 74 2 0 0 39 0 39 0 0 0 26 0 87 0 0 0 0 0 46 0 0 0 0 99 0 0 0 0 0 0 0 41 61 0 0 0 0 0 0 0 0 78 0 0 0 0 0 79 0 0 25 0 0 0
0 93 0 0 56 0 41 0 0 0 0 0 0 0 82 0 0 0 3 0 0 0 0 0 0 19 0 3 0 0 0 0 0 0 0 0 48 0 0 0 82 0 0 0 0 0 0 53 90 0 9 0 68 0 83 0 0 22 0 0 66 0 0 0 0 0 97 0 0 0 0 0 0 79 86 70 0 73 0 0 30 0 0 0 0 0 0 0 54 0 0 0 0 0 0 0 0 0 28 0
0 0 0 0 0 0 0 11 0 0 0 96 0 0 0 0 0 0 52 0 0 0 87 0 46 0 0 0 0 0 0 0 0 0 85 0 0 0 0 61 0 1 0 0 12 97 0 0 0 0 0 0 0 6 0 0 0 0 0 0 0 0 0 0 96 2 32 0 0 0 0 0 0 47 81 0 0 12 0 0 0 0 0 0 0 0 0 0 0 0 0 0 0 0 25 0 0 0 0 0
0 0 41 0 0 0 75 88 35 0 4 0 0 94 0 0 0 0 60 27 11 92 16 59 0 0 0 43 55 0 3 0 67 0 0 0 0 0 0 0 0 0 61 3 0 86 0 0 0 0 0 48 1 0 0 0 0 0 0 56 0 0 0 0 0 91 62 0 0 0 0 50 0 38 0 0 0 0 0 0 61 2 97 0 0 0 0 0 0 0 0 0 0 0 0 0 0 0 86 0
0 0 53 0 0 0 0 0 0 100 0 0 0 0 0 0 0 47 0 28 32 0 0 0 0 0 0 0 0 0 0 0 0 100 0 0 0 0 0 0 0 75 0 0 0 0 0 0 0 88 0 0 31 50 0 0 5 32 46 0 0 75 0 25 0 0 35 0 0 0 0 0 0 0 0 23 0 0 0 0 0 0 0 49 0 0 0 0 15 0 0 66 0 0 0 0 0 0 0 55
0 0 88 0 0 0 0 0 0 93 0 38 0 0 0 0 0 23 0 0 0 0 0 0 75 0 33 0 42 0 45 0 0 0 0 0 0 29 0 0 0 0 80 0 73 0 93 0 0 1 0 0 0 0 41 0 0 0 0 0 0 0 0 0 0 0 11 0 0 0 30 0 0 0 0 67 0 0 13 0 0 0 0 47 0 0 0 0 21 0 0 0 0 0 0 0 0 0 0 0
0 15 59 0 18 95 0 0 0 0 0 0 0 68 0 0 0 0 55 61 0 0 0 0 0 0 0 0 0 0 0 0 0 0 0 54 0 0 84 0 18 0 0 0 0 0 66 0 0 27 77 0 0 0 0 97 0 0 0 0 4 57 0 0 0 0 0 0 0 0 0 0 0 0 83 0 0 0 0 0 1 74 94 0 0 0 14 0 6 45 0 0 0 0 0 0 0 18 0 0
0 0 90 0 84 0 0 0 0 0 0 0 0 0 45 0 0 0 0 91 0 0 0 0 0 0 0 12 2 0 0 0 0 0 0 0 3 40 0 0 0 0 24 0 50 0 0 0 0 0 83 65 0 0 0 0 0 0 0 0 82 0 0 0 0 0 0 4 0 0 21 0 0 0 0 55 0 0 83 0 0 0 0 0 0 0 0 0 0 0 0 0 0 0 0 0 77 80 0 8
0 0 0 0 0 0 0 0 0 0 0 0 0 0 0 0 0 0 0 0 0 56 54 0 0 0 0 0 0 0 89 0 0 16 0 56 0 0 0 12 0 28 0 0 21 0 21 0 0 34 0 76 0 0 49 0 0 0 0 76 0 0 36 0 0 0 43 0 0 0 0 0 0 0 0 33 0 18 0 0 0 0 17 0 0 0 0 95 0 0 99 0 65 0 0 0 0 0 0 0
0 70 0 0 0 0 82 0 0 0 0 0 0 0 0 0 42 0 0 0 0 0 0 89 0 0 28 0 0 0 0 0 71 0 0 0 0 0 0 0 0 34 0 0 0 0 0 0 61 0 0 0 0 0 0 31 0 0 0 0 61 3 0 83 0 0 16 0 0 0 0 0 0 0 0 0 0 0 0 38 0 0 0 0 0 66 0 0 0 0 0 68 0 0 0 0 0 0 99 0
12 0 55 0 0 0 0 22 0 0 0 0 0 0 0 95 0 0 50 0 0 0 38 0 0 0 92 85 4 0 75 0 0 0 0 51 0 0 0 0 46 0 0 90 0 0 0 35 0 25 0 0 0 0 0 0 86 0 0 0 0 71 0 56 0 20 83 0 0 61 0 0 0 70 0 12 0 0 0 0 0 0 0 0 0 0 0 0 33 2 0 0 43 0 93 0 0 0 0 0
0 0 45 26 0 0 55 0 54 0 0 32 86 0 74 0 0 4 66 95 0 0 0 0 19 43 0 0 0 32 0 0 0 0 41 0 36 0 0 42 0 0 0 91 0 0 0 0 30 0 97 0 0 0 35 0 0 75 0 0 0 0 0 0 0 0 0 90 0 0 0 0 0 11 43 0 39 0 0 0 0 0 2 17 0 0 0 0 0 0 0 74 0 0 33 64 0 0 0 54
0 81 0 0 0 44 0 82 0 0 0 0 0 0 0 0 0 0 0 0 0 0 35 0 0 0 0 52 0 29 0 0 0 0 84 0 0 0 0 0 0 0 0 87 0 0 11 0 13 58 0 0 1 78 0 0 0 72 48 0 0 0 32 73 0 0 0 0 53 0 0 0 0 0 0 0 0 33 4 51 55 34 0 0 0 0 0 0 0 0 0 0 0 0 0 0 0 0 67 0
0 98 0 0 0 0 75 0 0 0 0 0 0 0 0 0 76 0 98 19 73 69 0 0 0 0 0 0 0 0 0 0 0 0 0 0 0 0 45 0 0 0 0 0 9 0 10 0 94 0 0 0 0 55 0 0 0 0 0 0 0 0 0 97 0 83 60 61 93 0 0 79 10 0 40 0 60 0 0 0 0 21 0 0 0 0 0 0 83 0 0 26 0 0 17 64 0 0 0 0
0 0 68 0 43 0 0 0 0 0 0 0 0 0 0 43 0 0 43 0 27 0 0 0 0 74 0 51 0 31 0 61 0 0 0 0 16 32 87 0 0 0 0 0 0 0 0 0 61 82 0 0 0 0 0 8 0 0 0 20 0 0 0 0 0 0 29 0 0 99 0 0 40 0 25 0 77 0 0 79 0 55 58 0 0 0 0 0 0 0 0 95 0 0 0 0 93 0 81 88
81 12 0 0 0 0 0 0 0 0 0 0 0 0 0 0 61 0 0 0 0 0 83 0 0 0 0 0 0 0 0 56 0 10 0 8 0 0 0 0 0 0 0 48 0 0 31 4 0 0 0 0 0 2 0 0 0 27 0 0 0 37 0 0 56 0 0 0 0 92 0 46 40 0 0 0 0 0 0 0 0 0 0 21 0 0 0 0 5 0 0 0 14 0 0 0 0 0 51 0
92 0 0 0 0 32 0 0 0 0 0 0 0 11 0 5 0 0 0 0 0 0 0 0 0 0 57 0 0 0 45 0 0 0 0 0 0 63 0 0 0 0 11 37 0 0 0 0 100 0 0 0 0 58 0 44 0 59 0 40 0 0 51 0 30 0 0 0 0 23 0 0 10 0 0 0 0 47 0 0 0 0 71 77 0 0 3 0 0 0 0 0 68 0 73 32 0 7 0 0
0 0 0 0 0 0 94 0 0 0 33 0 0 91 0 24 0 0 0 0 0 31 0 37 19 77 0 0 41 0 0 0 0 31 0 0 0 0 0 0 0 1 0 62 65 0 0 0 0 89 0 33 0 0 20 17 77 12 0 0 34 0 0 0 15 0 0 0 0 71 0 46 0 0 0 0 0 75 0 0 0 73 0 0 0 0 78 0 0 0 0 0 38 0 0 23 0 0 0 33
53 0 0 0 0 82 0 0 0 0 0 0 72 0 0 0 0 0 0 0 0 31 0 73 0 0 0 0 0 0 53 54 0 34 14 0 0 15 0 0 78 0 0 39 0 0 0 0 47 94 0 0 37 0 76 0 7 0 0 0 97 0 15 0 0 0 0 0 0 0 0 38 0 0 0 0 82 0 0 0 0 0 0 0 0 0 0 97 0 0 0 0 0 0 0 35 0 0 0 0
0 0 0 0 0 54 79 0 0 0 0 92 0 0 0 44 0 58 0 0 0 0 0 0 12 0 0 0 83 0 0 0 0 57 0 71 0 0 0 0 53 0 0 0 0 0 0 0 0 0 0 0 43 0 0 0 0 0 98 0 0 0 0 0 95 78 0 0 0 0 11 3 94 0 33 0 0 54 0 0 0 0 76 3 0 0 0 0 0 0 98 11 0 0 85 0 0 0 91 44
94 0 0 15 0 52 0 0 0 0 0 0 45 97 0 0 0 0 0 0 0 0 0 0 0 0 0 0 0 0 0 0 0 0 0 0 0 0 0 85 27 3 0 1 0 0 0 0 0 0 0 3 21 88 7 0 0 0 0 0 0 15 94 0 100 0 0 0 78 0 0 0 3 0 0 32 34 16 0 0 0 0 81 0 0 58 0 28 0 0 0 0 0 0 0 0 0 0 0 0
0 0 46 0 0 0 16 0 54 64 43 0 33 61 64 57 0 0 0 0 0 92 0 0 0 0 68 0 0 0 0 0 0 12 0 76 45 0 0 4 28 10 0 0 42 0 57 0 0 0 92 0 0 0 31 74 0 0 0 0 0 0 0 0 29 42 0 0 0 88 91 0 0 0 0 0 0 0 75 0 85 0 78 61 0 0 0 0 0 0 0 0 0 0 66 0 0 0 0 0
0 0 0 0 0 33 0 0 0 0 0 37 0 13 0 0 0 0 41 0 0 66 0 0 0 95 0 5 0 97 59 0 0 0 0 0 10 0 0 0 0 0 0 0 0 0 0 0 0 84 0 0 0 0 0 85 0 0 0 5 93 40 0 0 0 0 0 78 0 0 99 0 0 0 0 0 0 0 0 0 89 0 0 0 17 0 0 32 0 0 0 0 11 0 0 78 0 0 0 0
19 0 0 0 45 49 85 0 0 0 0 0 0 0 0 58 0 56 0 0 65 0 0 0 0 0 0 0 78 12 77 0 10 0 0 0 0 0 23 0 0 0 0 0 0 0 0 92 86 0 68 0 0 57 0 0 0 0 48 0 0 52 0 0 0 0 1 0 0 0 0 0 0 0 62 31 0 0 0 0 36 0 0 89 0 0 0 0 82 0 0 0 0 1 0 88 0 0 0 0
0 0 0 0 0 0 0 0 29 0 0 98 0 10 0 0 0 0 0 0 0 70 0 0 0 0 0 0 0 0 53 27 0 0 0 0 0 22 0 0 60 0 0 95 0 0 0 0 0 0 0 0 0 45 0 78 49 0 0 0 9 0 0 0 48 0 0 0 0 0 39 0 0 0 0 0 0 65 0 0 0 35 0 0 0 0 0 58 46 0 0 46 0 0 28 0 28 76 0 0
0 0 0 0 0 0 0 0 0 0 0 0 0 0 0 0 17 0 0 0 0 37 0 0 0 0 0 0 0 0 43 0 0 0 0 87 0 62 66 0 7 0 16 0 0 0 0 78 0 0 0 0 0 0 0 16 0 0 63 0 0 25 0 0 0 0 0 0 0 0 0 0 0 0 0 91 100 0 0 0 59 0 0 0 7 0 0 0 0 0 0 0 47 0 0 84 0 0 86 31
0 0 0 0 13 0 0 0 0 0 0 92 0 0 0 0 0 0 0 0 0 0 0 0 0 0 0 0 0 0 0 49 0 0 11 13 0 79 0 0 0 0 45 37 0 0 0 2 0 2 0 0 0 0 71 27 82 51 0 0 0 0 0 0 0 32 0 46 0 0 38 0 0 14 0 88 91 0 0 0 77 96 41 0 0 0 0 0 100 8 0 6 0 0 0 55 96 0 0 0
0 0 0 0 0 0 80 0 0 0 86 0 63 0 0 0 77 18 0 9 0 0 0 0 0 65 0 0 0 0 0 0 92 0 0 58 0 0 0 0 0 0 0 0 6 0 0 0 44 0 40 0 11 0 0 0 0 0 0 0 0 84 0 7 0 0 0 0 0 0 0 0 47 0 0 57 0 0 33 36 0 13 0 11 0 0 0 0 36 0 0 0 96 0 0 0 0 56 0 81
0 0 0 0 0 0 26 52 0 0 0 0 47 0 0 0 0 0 0 82 0 0 0 0 80 0 0 5 0 0 0 0 85 0 0 0 0 0 0 0 44 0 0 0 0 0 56 48 0 0 3 65 33 89 0 0 3 0 0 0 0 0 0 0 19 35 0 0 3 30 18 0 97 0 0 0 0 0 0 0 72 0 0 43 0 28 0 0 41 0 0 79 0 0 96 14 0 0 0 0
0 0 0 0 46 20 0 0 0 0 0 56 0 0 0 0 0 0 0 42 0 0 0 92 76 0 0 0 0 0 0 0 0 0 34 0 0 48 0 96 13 0 0 0 0 0 84 0 77 0 0 0 0 0 0 0 0 0 0 18 0 0 0 0 0 0 0 0 0 0 0 0 0 0 58 0 0 0 0 56 0 0 0 0 0 0 100 0 54 9 0 0 0 0 0 0 0 0 0 0
0 0 0 0 0 0 0 0 14 0 0 0 40 0 0 38 72 0 0 0 0 0 0 0 0 0 0 0 0 0 0 0 0 0 28 0 0 71 0 0 0 10 0 0 0 82 38 0 0 0 39 0 0 0 0 80 0 0 0 0 47 0 2 98 66 0 0 93 1 0 0 0 0 0 0 0 70 0 57 0 0 0 0 0 0 0 96 0 0 0 0 0 0 0 0 51 0 0 0 0
0 0 0 0 0 0 20 0 0 0 2 0 0 54 0 80 0 0 0 0 0 0 0 0 0 0 0 0 0 80 6 0 0 0 76 42 0 55 0 0 8 0 0 47 0 60 0 0 0 36 4 0 0 0 39 81 11 0 0 0 49 61 0 87 94 0 0 0 82 0 0 88 2 92 0 56 0 0 0 0 0 0 0 0 0 55 75 0 0 0 0 38 0 0 0 0 0 0 0 0
0 77 0 0 30 0 9 0 0 0 0 0 0 0 0 69 0 0 0 0 0 0 95 0 93 0 0 0 0 0 0 0 0 0 0 0 0 0 0 0 0 0 0 2 0 0 10 0 0 0 0 0 0 42 0 76 0 0 0 7 0 0 0 98 0 0 0 76 8 0 0 0 0 0 0 0 0 52 0 0 0 17 94 59 0 0 0 0 66 0 0 65 11 0 0 58 76 70 0 13
0 26 0 0 49 34 0 13 0 0 0 0 12 0 0 0 0 46 0 0 0 0 63 0 0 0 0 0 36 0 0 0 0 72 0 0 51 12 0 0 0 0 0 3 0 0 0 0 0 97 0 0 0 0 0 0 0 15 85 100 27 0 57 0 78 0 61 0 0 0 0 0 0 0 0 23 3 0 0 0 0 25 0 0 0 0 0 0 32 52 0 0 0 75 0 60 0 0 67 12
2 11 0 3 0 71 0 0 0 91 2 0 49 83 4 0 56 0 0 0 72 0 59 0 0 0 0 0 0 0 0 0 0 31 0 0 0 1 0 0 0 95 0 0 0 0 0 0 0 0 20 30 0 13 0 0 0 0 0 0 0 86 0 91 0 0 71 8 19 0 0 0 11 0 0 0 0 26 0 0 0 0 0 0 67 0 0 25 0 0 0 0 82 0 0 0 0 0 0 0
0 0 0 44 20 67 54 0 0 0 0 0 95 0 0 59 0 0 0 38 28 0 0 0 34 0 0 85 0 0 87 0 44 25 0 0 0 0 0 0 0 0 44 0 0 0 0 0 0 0 67 6 0 77 0 0 48 0 0 0 0 0 80 34 0 28 48 0 0 0 0 0 100 0 28 0 0 0 0 0 0 0 0 0 0 0 0 0 0 48 0 9 0 0 0 8 0 0 0 63
0 0 0 0 0 0 35 0 0 0 0 0 0 0 0 0 0 0 0 0 0 13 0 0 2 0 0 0 0 79 0 55 65 0 0 0 0 0 0 17 0 97 0 0 2 0 4 0 0 0 73 5 0 0 0 0 0 0 0 0 0 0 32 90 0 68 0 0 0 0 0 21 0 0 0 0 5 0 0 0 0 0 0 0 0 82 0 56 0 2 0 0 95 89 0 0 12 70 0 0
0 75 0 0 38 56 0 0 0 0 0 0 0 49 0 0 88 0 65 0 0 0 0 0 0 0 0 0 0 0 0 0 0 0 4 0 0 0 0 0 55 0 53 0 0 0 0 42 0 12 0 80 58 0 0 52 12 89 50 0 0 0 92 87 0 83 58 34 42 0 72 0 9 0 0 0 0 0 0 89 0 0 0 0 0 0 0 0 0 95 0 0 95 0 100 51 0 0 0 63
0 0 0 0 0 0 0 30 0 18 0 0 58 0 0 0 0 0 0 0 0 0 0 0 0 0 0 0 0 0 0 0 22 0 58 45 20 0 0 0 0 42 0 0 0 58 0 27 0 0 0 0 0 0 0 0 42 0 0 0 0 88 3 0 0 51 40 0 0 0 0 0 0 0 0 0 0 12 0 0 0 17 0 90 0 87 0 20 0 55 0 36 0 0 0 0 0 0 0 0
79 0 0 0 0 0 0 80 0 0 0 0 0 0 0 0 59 0 0 0 0 45 96 0 0 0 93 9 0 0 0 0 0 0 0 0 80 0 0 0 0 0 0 0 0 69 0 0 0 69 0 0 0 0 0 0 0 22 0 0 0 0 33 0 95 62 0 0 0 0 0 0 0 84 10 0 0 0 0 0 0 0 0 0 38 0 0 0 0 15 64 93 28 0 0 50 0 23 12 0
86 20 0 0 0 0 80 0 0 89 0 0 0 0 0 0 0 70 41 0 0 0 0 17 0 0 0 0 0 0 0 0 46 56 0 0 64 0 0 34 0 0 0 0 0 0 0 0 0 0 46 27 0 0 37 0 0 52 0 0 51 0 0 0 0 0 21 0 0 0 0 0 82 0 16 0 0 0 0 0 63 0 0 0 0 0 0 73 0 48 86 0 0 38 47 0 0 0 0 0
0 0 15 0 0 0 21 0 0 0 0 60 0 0 0 17 0 0 0 17 0 0 0 0 0 0 7 0 0 0 0 0 15 0 0 4 0 0 38 0 0 0 0 0 0 0 0 3 0 0 0 0 0 34 0 22 0 0 94 0 0 0 0 0 0 33 0 0 36 79 0 0 0 0 0 0 0 0 0 0 0 0 82 75 94 0 0 0 29 0 0 0 0 0 0 0 0 0 0 0
0 0 0 0 0 0 0 0 0 37 0 0 0 0 0 71 0 0 0 0 59 30 0 0 0 0 22 0 51 0 76 6 0 93 0 0 80 0 0 0 0 0 0 0 0 35 1 0 91 7 0 0 82 0 12 0 22 39 0 0 79 0 0 0 0 0 0 0 0 0 49 35 0 0 0 7 24 0 43 100 72 0 0 17 0 21 7 0 38 0 0 0 0 0 0 0 0 74 68 0
0 0 0 0 0 12 12 0 0 69 0 0 60 0 0 0 95 0 0 0 86 0 0 0 54 0 47 72 0 94 0 0 0 0 0 0 0 0 61 0 37 0 0 71 0 0 0 0 23 0 0 0 0 0 0 0 0 0 54 0 0 82 0 54 39 0 0 0 0 55 0 0 0 20 0 46 0 88 65 0 99 0 24 0 0 0 0 0 0 0 0 0 0 0 0 0 0 0 4 0
0 0 0 0 0 0 0 0 0 0 0 0 0 0 71 54 0 0 0 88 11 0 61 66 0 0 0 0 0 0 0 54 0 70 89 26 0 80 27 0 25 72 75 0 61 0 0 0 0 0 29 47 0 0 1 0 83 0 0 0 0 76 0 0 87 0 83 36 42 0 0 0 52 0 70 0 0 0 0 0 51 0 0 0 0 0 95 0 0 0 0 0 0 81 59 0 0 0 0 0
100 0 65 0 0 63 0 0 97 0 0 0 0 0 0 0 0 0 0 0 0 0 0 19 39 0 0 0 0 14 0 0 0 0 0 0 0 0 0 0 0 0 0 66 34 0 27 0 0 89 0 0 0 0 15 0 0 0 0 0 0 0 0 0 0 0 66 33 0 0 0 0 0 0 0 0 78 8 32 0 0 0 0 67 0 0 0 0 17 0 0 0 0 0 100 0 0 0 0 43
6 0 0 8 0 0 78 0 24 0 93 0 0 0 0 0 79 0 0 0 2 0 0 0 0 0 0 0 0 0 0 0 10 0 97 8 0 0 0 0 0 0 0 0 95 0 0 0 0 0 0 76 0 0 0 0 0 0 0 0 84 0 7 0 0 0 24 0 0 71 0 53 0 0 0 85 14 40 0 0 80 0 76 0 0 0 0 0 0 0 35 0 0 0 0 0 5 0 60 0
0 0 0 0 0 0 35 0 13 0 0 0 36 0 18 0 0 0 0 53 0 0 0 0 0 0 63 94 0 0 0 61 0 0 0 94 0 0 0 27 0 0 0 0 64 0 0 0 0 0 0 6 0 0 0 43 0 0 0 0 61 0 0 0 0 0 0 62 13 0 31 0 39 0 0 0 0 87 0 0 0 0 0 0 0 0 0 0 0 89 0 0 0 0 0 0 25 0 33 89
0 0 34 0 59 85 0 0 0 0 0 0 0 0 0 40 0 0 0 0 66 0 0 0 0 0 12 92 52 0 0 0 0 0 0 0 0 0 0 0 0 0 0 0 0 3 0 0 0 0 0 0 65 0 0 0 0 97 0 79 18 10 0 87 0 0 48 0 0 72 0 0 72 0 0 0 47 46 0 0 45 0 0 0 0 89 0 0 18 1 0 0 0 0 20 0 0 0 0 45
0 64 0 0 0 0 0 49 0 0 0 31 0 0 0 0 0 0 0 65 0 0 97 0 0 0 15 0 0 57 0 0 0 0 0 0 0 0 0 0 0 0 0 0 82 100 0 22 0 0 0 0 0 0 0 0 0 0 0 76 0 0 0 0 0 0 0 0 0 0 0 0 0 0 0 0 100 0 69 0 0 0 0 0 0 0 0 0 0 24 0 61 0 0 0 0 0 96 28 0
0 0 0 0 0 0 45 54 0 0 0 0 91 0 0 0 0 0 0 0 64 0 0 32 0 0 0 0 0 0 0 0 0 0 80 0 0 0 0 0 0 5 46 0 0 0 0 66 0 0 18 53 0 0 89 0 40 0 0 0 20 0 24 0 0 0 0 0 0 72 0 73 0 15 0 0 0 0 44 0 0 0 0 84 0 52 0 0 0 0 0 0 29 70 0 0 0 0 8 0
0 70 82 0 0 0 67 43 0 44 94 0 0 0 36 0 0 0 35 0 0 0 0 62 91 0 73 0 0 0 0 0 0 0 38 0 0 0 0 0 0 0 36 0 97 1 0 91 0 0 0 0 79 0 0 0 48 0 0 0 0 0 0 0 78 0 14 0 20 0 0 59 0 0 0 0 0 9 91 0 0 7 0 0 6 0 2 0 0 0 73 0 0 0 0 0 56 0 0 0
0 57 34 0 0 0 0 0 0 0 52 0 0 0 0 0 0 0 7 0 98 0 0 38 52 0 0 0 0 0 0 0 0 0 0 4 75 55 49 0 0 0 0 45 0 0 0 57 0 0 0 0 0 0 0 0 0 0 0 0 0 0 0 0 0 0 81 0 0 59 0 0 0 0 0 90 0 0 2 0 0 0 0 0 0 0 50 70 0 40 0 0 60 0 0 0 43 65 0 90
98 51 0 21 0 0 0 0 0 0 0 0 0 0 0 0 34 0 0 74 0 57 0 0 72 0 0 0 18 87 0 32 34 0 26 0 54 43 0 47 21 0 0 0 0 39 0 0 0 0 34 0 81 0 0 0 0 0 0 46 0 65 0 0 0 9 0 0 35 0 0 0 14 77 0 0 0 0 43 0 59 0 0 0 78 70 0 29 0 47 51 0 0 0 0 67 0 35 0 0
0 5 0 0 0 0 40 78 0 52 9 19 45 0 0 87 68 0 23 0 0 0 0 0 0 68 0 0 0 18 0 0 7 0 0 0 0 0 73 0 84 0 0 0 0 0 0 0 93 0 61 0 0 0 0 0 0 0 0 0 0 0 0 0 0 0 0 0 86 0 0 0 0 0 0 59 0 0 0 0 0 79 0 34 0 0 22 0 0 0 8 0 0 0 0 98 48 72 0 31
0 0 0 11 0 1 12 0 0 79 96 0 0 0 0 0 32 7 0 0 0 0 0 0 0 0 0 0 0 0 0 0 0 28 20 0 0 0 52 0 0 0 11 35 68 44 45 0 0 0 90 86 0 43 0 0 0 0 0 0 0 29 19 0 0 0 0 0 44 0 19 25 12 0 0 0 0 0 0 0 0 22 0 3 0 89 0 5 52 0 15 0 0 0 0 60 0 0 89 0
0 0 53 0 0 0 0 0 0 0 0 0 0 0 0 0 0 0 13 0 0 0 0 99 0 0 25 0 0 98 0 0 0 0 0 0 0 0 0 18 0 0 0 0 0 0 1 0 0 0 0 0 0 0 0 0 0 0 0 0 0 94 5 0 0 0 23 0 0 38 0 0 0 0 0 0 0 0 0 0 0 71 0 8 0 0 14 0 0 42 4 27 77 0 31 0 0 0 0 0
0 9 0 0 0 0 0 0 0 0 0 50 92 44 3 0 0 0 86 0 0 0 0 0 0 0 0 0 0 93 0 0 0 0 0 0 20 0 0 39 81 0 0 0 0 0 0 0 0 0 38 0 0 0 0 0 4 0 0 0 5 0 0 0 0 0 0 0 0 0 36 0 26 81 0 0 0 0 40 0 0 0 0 0 0 0 0 0 63 0 0 0 0 0 0 0 0 37 0 0
0 0 0 0 0 66 0 7 57 0 0 0 0 89 56 0 0 0 0 1 0 0 0 77 0 0 0 0 0 0 85 89 0 0 0 0 0 0 95 0 59 0 0 0 0 0 0 0 0 0 0 0 0 0 29 54 0 0 0 12 0 0 0 0 23 0 0 54 85 46 0 26 71 0 0 0 0 0 0 0 29 0 0 82 0 0 8 0 37 0 46 0 0 0 16 0 35 91 0 82
0 0 0 44 0 0 0 2 0 0 0 0 0 77 0 43 0 0 0 28 0 0 0 0 43 0 18 0 0 0 0 0 0 81 0 0 0 0 0 0 0 56 32 0 79 0 0 0 0 0 0 31 3 4 20 18 0 95 0 0 65 0 30 0 72 5 0 6 0 0 0 0 0 0 0 0 62 0 0 76 0 0 0 0 0 0 0 0 0 0 0 100 0 0 97 0 18 0 0 10
0 39 0 0 0 0 42 0 0 0 47 0 0 0 0 0 0 0 0 0 0 0 1 0 0 40 49 0 0 0 17 53 0 0 0 7 2 0 0 0 32 0 0 0 0 55 51 51 70 45 0 0 0 0 76 0 71 0 34 0 0 0 0 0 0 0 0 19 0 21 0 10 0 38 0 0 20 0 40 0 24 0 0 83 0 0 0 0 0 66 0 0 79 88 0 0 0 8 0 0
0 0 7 0 8 0 0 0 0 0 0 0 0 0 0 0 0 0 0 37 0 0 23 0 0 57 25 0 0 0 51 0 0 0 0 0 0 68 55 0 0 0 0 0 0 0 0 0 0 0 0 0 0 0 0 0 0 34 0 9 57 0 0 0 0 0 0 91 0 13 0 0 0 0 0 0 0 20 0 0 0 0 0 0 0 0 0 0 0 0 0 0 0 0 0 0 0 0 0 0
0 0 0 0 0 0 0 0 0 0 0 18 0 34 32 0 0 37 56 0 16 0 0 0 40 29 0 0 0 66 88 0 0 0 0 0 0 27 95 0 0 0 0 13 0 39 95 0 0 0 0 0 48 0 17 82 0 0 12 0 0 0 92 0 0 0 2 0 0 0 0 0 0 82 0 0 0 0 0 48 82 0 0 0 0 0 82 92 0 38 0 0 0 80 0 0 0 0 0 0
0 0 0 0 0 100 0 0 0 98 9 0 0 6 0 84 0 43 0 0 0 0 0 6 0 0 0 52 0 0 8 100 0 0 0 0 0 0 0 0 0 0 0 48 0 0 0 0 44 0 0 0 20 0 0 48 0 0 34 0 0 0 0 8 0 0 29 0 71 0 0 0 0 0 19 47 54 0 0 0 70 64 88 0 0 88 0 54 0 41 0 0 70 0 0 0 0 0 0 27
0 0 0 0 0 0 0 0 5 0 0 71 0 9 0 0 0 0 0 22 0 88 94 0 0 0 14 0 41 0 0 0 0 0 24 0 0 0 0 0 0 0 74 0 0 0 0 0 53 0 0 0 0 0 0 89 41 0 0 78 0 0 0 0 0 0 0 0 0 0 0 0 48 42 0 0 0 0 0 0 0 0 0 0 0 0 0 0 64 0 0 0 0 0 95 0 0 0 11 0
60 0 3 0 0 0 0 0 0 0 53 0 0 0 36 0 0 0 84 0 0 72 0 0 0 0 0 91 0 0 38 0 42 21 0 10 0 0 57 19 0 0 0 33 97 0 0 0 0 82 0 0 0 0 0 0 62 0 0 0 0 18 99 0 87 0 0 0 0 1 0 0 89 0 0 73 24 0 64 0 0 0 0 0 0 0 0 0 0 0 51 0 0 80 8 0 0 0 0 0
0 16 0 0 60 0 0 0 0 0 26 65 86 18 0 14 78 0 0 0 0 0 0 97 99 0 0 0 0 32 99 32 0 0 0 0 0 0 0 0 0 0 0 0 0 78 0 0 0 0 0 0 21 0 25 0 0 36 0 0 30 0 0 0 0 0 43 50 0 0 0 0 0 0 0 0 68 0 5 0 76 0 0 88 0 0 0 0 0 8 0 0 0 91 34 72 0 0 0 0
0 0 95 0 0 0 0 69 0 0 0 4 100 0 0 0 65 0 0 0 0 0 0 59 0 35 0 0 0 0 0 0 0 12 95 0 0 0 0 0 0 54 0 72 14 0 0 4 98 0 41 85 4 0 0 0 0 10 0 51 97 0 0 22 0 71 0 89 0 0 0 0 0 0 0 0 41 0 0 0 0 0 96 0 0 0 0 0 0 0 77 0 95 81 0 0 63 0 15 0
57 0 0 0 0 26 0 95 0 0 0 0 0 0 59 0 60 0 0 0 0 0 0 0 0 0 54 0 0 0 40 0 0 0 0 0 0 0 32 51 0 40 0 0 73 94 0 56 0 55 0 0 0 0 24 0 0 0 51 0 0 0 0 0 0 0 0 0 0 0 0 0 0 0 0 0 0 0 0 0 39 0 0 0 0 0 0 0 0 28 76 0 0 0 0 5 0 0 0 59
90 0 0 0 0 0 0 0 0 0 56 0 0 0 0 3 0 47 0 0 0 0 87 27 82 0 0 15 0 0 0 0 67 0 29 0 0 0 0 0 0 0 23 0 0 70 46 0 0 0 0 0 0 0 0 0 8 0 0 0 0 0 0 23 95 0 36 4 0 0 0 0 0 0 0 0 0 0 32 0 0 0 0 0 43 96 0 0 0 18 75 0 0 26 0 0 0 78 0 0
0 0 0 0 0 66 64 0 0 0 0 0 0 99 0 0 0 92 0 0 0 56 0 0 48 0 98 45 62 0 69 0 0 0 0 0 0 0 75 95 0 0 44 20 43 0 0 0 0 0 0 0 0 77 0 0 0 0 0 0 0 0 0 0 0 0 0 22 0 0 0 17 0 0 0 0 0 0 0 0 0 0 0 0 33 0 60 0 0 0 0 0 0 35 0 0 52 0 0 0
0 10 0 0 0 72 0 27 0 0 0 0 0 3 0 32 87 0 0 0 0 0 0 0 0 0 0 8 0 0 0 0 18 68 0 0 77 0 42 0 0 62 77 78 0 0 0 0 0 46 0 0 0 0 0 0 0 38 87 0 0 0 0 0 0 0 0 40 78 0 90 0 0 0 0 88 72 24 0 0 0 0 0 0 0 0 89 63 0 0 0 0 98 0 0 0 0 0 0 54
0 0 0 0 35 0 0 16 0 65 0 0 0 62 69 0 0 0 84 87 90 0 0 0 0 0 0 0 0 0 32 0 0 0 52 89 0 0 41 0 0 0 42 0 0 0 0 0 0 67 0 0 0 0 0 0 64 0 32 51 10 0 57 0 0 0 0 0 0 0 0 0 0 0 0 0 0 0 0 0 0 71 0 18 16 86 0 0 0 0 98 0 0 0 0 0 26 84 0 0
10 0 0 0 0 0 0 0 79 88 0 32 0 1 0 0 3 0 0 0 0 0 92 0 0 67 74 37 88 0 0 25 0 0 0 0 51 82 0 0 0 0 99 0 0 24 0 0 0 0 0 0 0 0 20 0 0 0 0 0 0 0 19 0 0 0 72 24 95 0 10 0 58 0 0 0 80 0 0 6 0 0 0 0 0 73 0 0 16 0 0 0 0 0 83 0 94 0 0 0
0 0 0 0 0 0 0 41 0 0 0 4 0 0 0 0 0 0 0 59 0 0 0 0 0 0 0 0 0 0 0 75 0 0 60 0 0 0 0 0 0 0 0 0 0 62 0 53 88 0 0 41 57 0 0 0 0 0 0 0 0 0 0 0 0 0 58 0 0 0 5 0 0 29 40 3 0 64 0 0 0 74 88 9 0 0 0 0 0 0 0 0 0 0 19 0 0 0 0 0
0 0 0 0 0 0 25 0 30 12 52 6 0 0 100 77 74 25 0 22 0 38 0 0 0 0 0 0 95 0 0 63 0 0 0 0 0 29 0 0 0 0 0 0 0 47 0 0 0 0 0 0 0 31 0 0 0 0 0 85 58 0 0 0 0 49 0 44 0 0 0 0 0 0 71 0 0 0 0 0 0 0 33 0 49 0 0 51 0 0 0 0 0 38 91 0 0 0 0 0
0 44 16 0 0 0 0 0 0 0 0 0 0 0 21 0 62 61 56 0 82 0 0 0 19 0 51 63 0 0 0 62 0 0 0 0 0 2 0 0 0 0 0 0 0 0 0 0 0 0 0 0 0 36 36 34 0 7 0 0 0 46 32 0 17 0 0 0 0 0 55 32 0 0 0 0 0 0 0 0 0 0 51 0 0 37 36 0 0 7 0 89 52 25 0 0 0 0 0 0
0 0 0 0 77 19 30 0 0 0 0 36 28 98 83 32 0 0 42 0 0 78 0 0 0 0 0 48 0 0 0 0 89 0 0 0 0 0 0 0 0 0 0 0 6 0 0 0 0 10 0 0 0 0 0 0 0 0 0 0 0 0 0 0 0 0 0 55 0 49 59 0 0 3 0 0 0 0 0 0 99 0 0 0 0 0 0 0 0 0 0 0 0 77 15 0 0 0 0 0
0 9 0 0 0 46 0 0 0 0 0 0 0 11 0 0 0 92 0 0 0 0 87 0 0 0 0 40 59 0 0 0 0 0 0 0 60 1 44 0 0 93 2 27 0 0 0 67 0 0 0 99 0 0 0 0 0 0 88 0 0 13 0 0 37 0 0 16 0 0 0 0 48 0 0 0 0 0 0 98 0 28 75 0 0 0 75 0 0 0 0 8 0 27 48 0 0 54 0 0
0 0 0 0 0 0 0 0 0 0 0 0 0 0 0 0 0 0 2 0 0 0 0 0 0 0 0 0 0 0 0 93 0 7 0 0 0 0 0 0 52 0 0 0 0 0 0 83 51 0 77 45 0 0 17 0 0 0 0 0 0 0 0 0 0 0 0 0 0 0 0 0 33 0 0 6 70 0 20 0 0 0 0 0 46 0 0 62 0 23 0 79 0 0 0 12 0 6 0 0
0 0 0 0 0 0 4 68 0 0 0 0 0 0 0 0 28 0 0 0 80 0 57 0 99 0 0 0 6 0 0 0 0 0 0 0 0 0 0 0 0 7 0 0 0 69 86 0 0 85 45 0 0 0 0 0 0 0 95 0 16 0 0 0 0 0 0 0 0 40 0 0 0 0 0 29 0 0 0 0 0 92 0 0 92 41 39 0 0 0 71 0 25 0 0 68 90 0 0 34
0 0 100 0 0 0 0 0 69 0 18 0 0 0 0 0 0 0 0 18 0 0 0 0 0 0 0 0 0 43 0 0 0 51 0 9 0 0 0 0 29 0 0 0 0 0 0 0 0 0 0 0 0 23 0 0 0 0 0 0 0 0 0 0 0 0 0 0 0 62 0 29 0 0 0 12 0 0 0 0 97 89 25 0 0 0 0 95 0 0 0 33 0 92 0 0 58 100 0 0
0 0 41 0 0 0 0 88 0 0 79 0 60 0 0 0 24 74 0 0 0 0 15 0 48 50 0 0 0 0 0 0 0 43 0 0 97 0 0 0 0 0 0 87 0 12 0 0 0 13 0 0 54 0 0 0 0 14 0 0 0 0 0 0 0 0 0 0 100 0 94 71 0 60 0 0 0 0 0 0 92 0 25 0 0 35 0 0 0 0 0 0 0 21 0 0 0 0 0 0
0 0 0 0 0 0 0 0 0 0 73 0 91 0 98 94 0 0 0 0 0 0 53 0 0 0 0 57 0 0 0 0 0 30 0 51 0 0 92 0 0 0 0 0 0 0 0 0 0 0 0 0 0 9 0 0 83 0 0 61 0 0 0 0 0 0 0 0 0 0 0 0 0 0 33 0 0 0 65 0 0 0 0 0 0 0 47 0 75 0 0 35 0 0 0 0 0 20 0 0
0 0 0 0 18 0 0 82 0 0 0 27 0 0 0 0 52 0 0 9 0 0 66 0 0 0 0 0 98 0 56 0 0 0 0 64 0 0 0 0 0 0 39 0 0 0 0 84 0 20 91 0 0 0 0 0 0 99 0 66 0 0 0 0 0 0 0 0 0 19 0 0 0 0 0 33 0 0 0 0 0 0 0 0 0 0 0 71 0 0 0 0 58 0 0 56 0 86 0 0
0 0 86 0 0 0 18 0 0 34 0 0 32 0 0 0 0 33 0 0 0 0 0 43 0 0 0 0 0 0 0 0 0 4 93 0 0 71 0 51 0 94 70 22 0 0 0 0 0 0 0 0 3 0 3 0 0 0 0 0 0 0 42 0 76 0 0 91 30 0 0 0 0 0 0 0 11 54 0 0 0 43 0 87 61 52 0 0 0 0 0 0 0 0 0 51 0 0 50 0
0 0 97 0 0 1 0 0 43 0 0 0 0 0 0 0 0 0 0 0 0 0 94 50 0 0 54 0 0 0 100 0 0 0 39 0 0 0 0 0 62 0 0 0 0 9 0 0 0 0 0 0 0 0 0 0 0 0 0 0 6 0 96 0 0 13 0 0 0 0 0 0 0 0 86 29 0 93 0 0 0 64 93 85 0 0 48 0 0 0 0 75 0 0 0 0 0 0 0 0
0 0 0 42 0 0 0 0 0 0 0 0 55 98 0 0 0 0 0 0 0 82 0 0 0 0 0 0 0 0 0 0 36 100 0 0 0 50 0 0 0 15 0 0 0 61 0 0 0 0 47 0 0 0 0 0 97 0 0 0 0 0 88 96 0 0 0 0 24 0 0 0 31 0 0 0 0 0 0 0 0 0 0 0 90 0 0 97 0 0 0 99 0 0 0 0 35 0 0 0
0 93 0 0 89 0 32 0 0 0 63 0 0 16 0 0 0 0 0 86 0 0 61 0 61 0 0 17 0 0 0 41 0 0 0 0 0 7 0 0 0 0 0 0 0 0 79 68 0 42 96 0 74 0 45 0 0 0 29 0 0 0 0 0 39 0 0 0 0 29 85 0 0 0 0 68 78 0 0 0 12 0 8 0 33 0 0 0 0 89 0 0 88 36 0 0 0 0 11 0
0 0 69 60 0 0 0 0 0 0 0 0 0 0 0 25 0 83 0 0 0 0 0 0 0 0 74 0 0 0 0 0 24 0 99 0 0 61 0 0 0 0 0 0 0 0 41 0 0 0 0 0 0 0 0 81 0 0 58 0 0 0 0 0 0 0 0 92 0 0 0 0 0 0 0 0 0 0 25 41 70 100 0 0 0 0 0 0 0 43 0 0 13 0 65 0 0 73 78 0
0 41 0 76 0 0 0 100 20 0 0 0 0 16 5 0 0 0 0 0 0 0 0 0 0 56 0 0 0 85 49 0 0 0 75 0 0 0 74 0 0 0 55 0 0 0 0 0 0 0 44 0 0 0 28 0 0 0 21 34 0 0 0 0 0 0 0 0 0 94 43 0 36 41 0 0 0 0 0 0 42 0 0 23 0 0 69 0 0 99 0 0 0 0 0 0 48 64 0 0
0 0 0 41 84 0 55 0 0 0 0 0 0 0 0 0 98 0 0 53 39 0 0 0 0 0 0 0 16 36 27 42 0 0 0 0 0 79 0 0 0 0 0 0 86 0 0 0 91 0 44 0 0 0 0 0 22 72 34 0 0 0 52 0 22 0 0 0 0 6 95 0 0 0 75 0 60 56 0 15 0 0 0 0 0 0 0 0 0 0 24 0 0 0 0 0 0 0 0 53
0 0 0 0 0 0 0 5 97 0 0 38 0 0 0 0 0 0 0 21 0 0 86 19 0 22 70 0 0 0 0 43 0 0 30 0 0 0 0 0 0 0 0 0 0 0 50 0 0 0 0 0 0 0 17 0 0 0 0 0 0 0 0 56 0 0 88 0 71 0 0 0 0 0 11 0 0 0 0 0 0 0 0 0 0 0 0 0 0 40 67 0 17 70 0 2 0 0 0 0
32 0 98 0 0 86 0 0 0 0 0 71 0 0 0 0 0 0 0 0 0 1 0 0 100 5 86 0 0 0 0 0 0 11 0 28 1 0 0 0 0 0 76 0 0 79 0 0 80 0 0 0 83 0 98 45 0 0 73 0 0 0 0 26 0 0 0 100 0 0 22 0 0 0 0 0 7 0 0 86 0 44 63 0 0 66 0 75 0 0 0 0 0 0 0 0 0 0 0 0
27 11 68 0 0 0 0 0 0 0 0 0 0 0 35 0 0 10 0 0 0 0 0 0 80 27 86 0 88 0 0 0 7 0 22 0 0 0 0 0 0 0 0 0 57 0 0 7 0 92 0 74 0 68 0 0 0 0 41 0 0 0 0 0 0 0 85 0 0 0 0 0 0 0 0 0 0 0 60 0 0 0 0 76 0 46 0 0 0 16 19 0 0 0 0 34 0 0 17 0
0 0 0 54 0 100 73 0 0 0 0 0 0 0 0 0 0 0 0 0 0 0 0 0 52 0 0 32 89 0 0 0 0 0 0 46 0 0 0 0 60 0 0 0 0 0 0 0 5 0 0 30 0 0 0 96 0 0 92 0 0 0 0 0 0 0 0 0 0 0 0 0 0 88 94 0 0 35 0 0 0 0 0 0 0 0 0 0 0 0 0 0 0 0 0 85 0 0 0 0
53 0 32 0 0 0 0 0 64 0 0 0 0 0 0 0 0 0 0 0 0 67 0 87 0 0 0 0 0 0 0 0 0 0 0 0 0 0 0 0 0 0 0 0 0 0 0 48 0 0 58 0 0 29 0 0 0 80 76 21 3 0 0 0 0 0 0 0 0 0 0 81 0 0 0 1 0 4 0 36 0 0 0 0 58 0 0 0 0 77 0 0 0 0 0 0 17 72 0 0
8 0 75 0 0 0 0 0 0 0 56 0 0 0 21 0 83 36 0 0 0 0 0 0 0 93 0 0 0 33 0 0 0 0 0 22 0 0 0 0 0 32 24 39 0 0 0 65 0 0 0 0 0 0 0 0 0 0 0 0 0 0 5 0 0 0 88 0 0 0 0 0 0 0 0 0 0 0 0 0 22 0 61 0 0 0 16 0 0 0 15 0 0 0 80 4 0 33 0 0
0 99 0 18 50 61 97 0 0 78 0 0 50 0 0 0 0 0 0 0 0 40 0 0 0 0 0 0 0 0 0 78 0 0 0 0 0 0 29 0 66 68 0 29 63 0 0 0 0 28 56 0 0 0 0 0 0 0 49 0 0 0 0 85 0 0 59 0 0 84 68 0 0 0 0 0 0 0 70 0 44 0 0 0 0 0 0 0 0 0 0 19 21 0 0 0 0 0 0 0
0 0 0 0 58 0 0 0 46 62 0 0 75 0 0 66 73 45 0 0 21 0 0 75 0 0 48 0 0 0 0 0 96 4 0 0 0 0 0 0 0 0 70 0 28 55 0 0 19 0 0 29 0 0 0 0 0 45 35 0 0 0 57 0 0 66 0 0 0 0 0 0 0 82 0 0 59 0 30 0 0 0 8 35 86 49 87 0 0 0 88 64 76 73 59 33 34 0 57 45
29 0 0 0 0 0 58 0 92 0 0 0 28 0 53 0 0 0 0 57 0 29 0 28 0 0 0 65 0 4 76 0 92 0 0 0 16 0 0 10 0 0 73 0 0 12 16 5 0 0 81 0 33 0 0 0 56 0 42 0 0 0 0 0 9 0 0 0 0 39 0 0 0 0 0 0 0 44 46 0 0 0 0 0 0 0 0 79 0 0 0 0 0 25 0 0 24 0 0 0
0 59 0 0 52 0 54 0 0 0 0 0 0 0 61 0 0 0 37 0 0 0 0 0 0 6 0 69 0 0 0 0 0 0 0 0 25 0 0 0 5 0 0 0 0 0 0 31 43 0 93 0 30 0 12 0 0 30 0 0 92 0 0 0 0 0 89 0 0 0 0 0 0 16 28 16 0 10 0 0 89 0 0 0 0 0 0 0 48 0 0 0 0 0 0 0 0 0 62 0
0 0 0 0 0 0 0 89 0 0 0 57 0 0 0 0 0 0 95 0 0 0 83 0 41 0 0 0 0 0 0 0 0 0 95 0 0 0 0 13 0 80 0 0 17 91 0 0 0 0 0 0 0 78 0 0 0 0 0 0 0 0 0 0 50 58 73 0 0 0 0 0 0 47 4 0 0 72 0 0 0 0 0 0 0 0 0 0 0 0 0 0 0 0 35 0 0 0 0 0
0 0 44 0 0 0 49 57 29 0 61 0 0 81 0 0 0 0 53 83 28 79 94 95 0 0 0 31 79 0 47 0 25 0 0 0 0 0 0 0 0 0 73 10 0 13 0 0 0 0 0 45 63 0 0 0 0 0 0 95 0 0 0 0 0 93 10 0 0 0 0 79 0 6 0 0 0 0 0 0 23 66 44 0 0 0 0 0 0 0 0 0 0 0 0 0 0 0 36 0
0 0 74 0 0 0 0 0 0 67 0 0 0 0 0 0 0 87 0 8 18 0 0 0 0 0 0 0 0 0 0 0 0 52 0 0 0 0 0 0 0 63 0 0 0 0 0 0 0 24 0 0 5 88 0 0 77 67 83 0 0 6 0 12 0 0 94 0 0 0 0 0 0 0 0 5 0 0 0 0 0 0 0 23 0 0 0 0 3 0 0 87 0 0 0 0 0 0 0 35
0 0 80 0 0 0 0 0 0 3 0 42 0 0 0 0 0 42 0 0 0 0 0 0 100 0 70 0 32 0 56 0 0 0 0 0 0 49 0 0 0 0 94 0 16 0 34 0 0 12 0 0 0 0 17 0 0 0 0 0 0 0 0 0 0 0 66 0 0 0 17 0 0 0 0 41 0 0 87 0 0 0 0 26 0 0 0 0 97 0 0 0 0 0 0 0 0 0 0 0
0 72 47 0 15 75 0 0 0 0 0 0 0 79 0 0 0 0 39 5 0 0 0 0 0 0 0 0 0 0 0 0 0 0 0 58 0 0 53 0 22 0 0 0 0 0 10 0 0 94 44 0 0 0 0 54 0 0 0 0 33 49 0 0 0 0 0 0 0 0 0 0 0 0 35 0 0 0 0 0 27 4 89 0 0 0 15 0 3 94 0 0 0 0 0 0 0 71 0 0
0 0 46 0 50 0 0 0 0 0 0 0 0 0 73 0 0 0 0 90 0 0 0 0 0 0 0 66 5 0 0 0 0 0 0 0 34 18 0 0 0 0 99 0 77 0 0 0 0 0 3 72 0 0 0 0 0 0 0 0 4 0 0 0 0 0 0 95 0 0 98 0 0 0 0 81 0 0 99 0 0 0 0 0 0 0 0 0 0 0 0 0 0 0 0 0 79 15 0 39
0 0 0 0 0 0 0 0 0 0 0 0 0 0 0 0 0 0 0 0 0 93 14 0 0 0 0 0 0 0 15 0 0 81 0 30 0 0 0 33 0 57 0 0 58 0 56 0 0 37 0 6 0 0 36 0 0 0 0 84 0 0 41 0 0 0 79 0 0 0 0 0 0 0 0 97 0 28 0 0 0 0 29 0 0 0 0 83 0 0 75 0 5 0 0 0 0 0 0 0
0 89 0 0 0 0 8 0 0 0 0 0 0 0 0 0 61 0 0 0 0 0 0 86 0 0 64 0 0 0 0 0 89 0 0 0 0 0 0 0 0 40 0 0 0 0 0 0 59 0 0 0 0 0 0 59 0 0 0 0 47 60 0 65 0 0 14 0 0 0 0 0 0 0 0 0 0 0 0 98 0 0 0 0 0 10 0 0 0 0 0 2 0 0 0 0 0 0 84 0
80 0 68 0 0 0 0 31 0 0 0 0 0 0 0 27 0 0 69 0 0 0 66 0 0 0 89 22 2 0 87 0 0 0 0 17 0 0 0 0 2 0 0 84 0 0 0 83 0 77 0 0 0 0 0 0 93 0 0 0 0 26 0 93 0 26 3 0 0 63 0 0 0 67 0 16 0 0 0 0 0 0 0 0 0 0 0 0 100 70 0 0 86 0 21 0 0 0 0 0
0 0 76 54 0 0 34 0 24 0 0 3 37 0 5 0 0 72 20 100 0 0 0 0 19 3 0 0 0 85 0 0 0 0 29 0 72 0 0 15 0 0 0 13 0 0 0 0 45 0 72 0 0 0 61 0 0 66 0 0 0 0 0 0 0 0 0 25 0 0 0 0 0 35 46 0 78 0 0 0 0 0 65 5 0 0 0 0 0 0 0 12 0 0 18 64 0 0 0 91
0 60 0 0 0 25 0 75 0 0 0 0 0 0 0 0 0 0 0 0 0 0 80 0 0 0 0 28 0 18 0 0 0 0 4 0 0 0 0 0 0 0 0 34 0 0 100 0 99 81 0 0 75 72 0 0 0 49 74 0 0 0 4 79 0 0 0 0 81 0 0 0 0 0 0 0 0 30 37 32 89 35 0 0 0 0 0 0 0 0 0 0 0 0 0 0 0 0 64 0
0 88 0 0 0 0 16 0 0 0 0 0 0 0 0 0 86 0 3 55 98 19 0 0 0 0 0 0 0 0 0 0 0 0 0 0 0 0 25 0 0 0 0 0 93 0 99 0 53 0 0 0 0 47 0 0 0 0 0 0 0 0 0 89 0 45 70 62 41 0 0 30 97 0 74 0 2 0 0 0 0 92 0 0 0 0 0 0 85 0 0 28 0 0 83 59 0 0 0 0
0 0 16 0 65 0 0 0 0 0 0 0 0 0 0 36 0 0 23 0 66 0 0 0 0 32 0 99 0 36 0 90 0 0 0 0 66 63 54 0 0 0 0 0 0 0 0 0 83 98 0 0 0 0 0 96 0 0 0 98 0 0 0 0 0 0 90 0 0 20 0 0 57 0 78 0 14 0 0 71 0 39 53 0 0 0 0 0 0 0 0 53 0 0 0 0 38 0 20 33
51 79 0 0 0 0 0 0 0 0 0 0 0 0 0 0 34 0 0 0 0 0 20 0 0 0 0 0 0 0 0 60 0 5 0 27 0 0 0 0 0 0 0 93 0 0 71 77 0 0 0 0 0 32 0 0 0 51 0 0 0 73 0 0 85 0 0 0 0 8 0 60 63 0 0 0 0 0 0 0 0 0 0 73 0 0 0 0 44 0 0 0 39 0 0 0 0 0 9 0
50 0 0 0 0 91 0 0 0 0 0 0 0 37 0 27 0 0 0 0 0 0 0 0 0 0 12 0 0 0 64 0 0 0 0 0 0 92 0 0 0 0 25 31 0 0 0 0 59 0 0 0 0 72 0 11 0 95 0 35 0 0 22 0 63 0 0 0 0 31 0 0 40 0 0 0 0 4 0 0 0 0 35 100 0 0 63 0 0 0 0 0 26 0 68 59 0 40 0 0
0 0 0 0 0 0 44 0 0 0 61 0 0 49 0 71 0 0 0 0 0 24 0 52 55 13 0 0 7 0 0 0 0 1 0 0 0 0 0 0 0 94 0 98 93 0 0 0 0 49 0 43 0 0 99 74 20 74 0 0 78 0 0 0 97 0 0 0 0 43 0 52 0 0 0 0 0 1 0 0 0 72 0 0 0 0 88 0 0 0 0 0 2 0 0 1 0 0 0 18
18 0 0 0 0 48 0 0 0 0 0 0 51 0 0 0 0 0 0 0 0 79 0 85 0 0 0 0 0 0 19 66 0 25 49 0 0 31 0 0 42 0 0 56 0 0 0 0 31 98 0 0 36 0 2 0 98 0 0 0 43 0 32 0 0 0 0 0 0 0 0 85 0 0 0 0 72 0 0 0 0 0 0 0 0 0 0 58 0 0 0 0 0 0 0 88 0 0 0 0
0 0 0 0 0 1 73 0 0 0 0 97 0 0 0 36 0 53 0 0 0 0 0 0 37 0 0 0 59 0 0 0 0 57 0 94 0 0 0 0 78 0 0 0 0 0 0 0 0 0 0 0 19 0 0 0 0 0 51 0 0 0 0 0 33 53 0 0 0 0 47 83 44 0 74 0 0 42 0 0 0 0 5 40 0 0 0 0 0 0 53 36 0 0 45 0 0 0 36 100
31 0 0 5 0 95 0 0 0 0 0 0 77 53 0 0 0 0 0 0 0 0 0 0 0 0 0 0 0 0 0 0 0 0 0 0 0 0 0 80 77 81 0 65 0 0 0 0 0 0 0 32 84 8 53 0 0 0 0 0 0 29 76 0 86 0 0 0 95 0 0 0 32 0 0 74 93 24 0 0 0 0 63 0 0 38 0 25 0 0 0 0 0 0 0 0 0 0 0 0
0 0 94 0 0 0 70 0 44 80 46 0 8 71 95 36 0 0 0 0 0 31 0 0 0 0 97 0 0 0 0 0 0 35 0 69 84 0 0 11 50 69 0 0 48 0 46 0 0 0 96 0 0 0 53 40 0 0 0 0 0 0 0 0 77 42 0 0 0 68 6 0 0 0 0 0 0 0 66 0 52 0 17 20 0 0 0 0 0 0 0 0 0 0 13 0 0 0 0 0
0 0 0 0 0 47 0 0 0 0 0 20 0 68 0 0 0 0 28 0 0 87 0 0 0 20 0 79 0 16 29 0 0 0 0 0 55 0 0 0 0 0 0 0 0 0 0 0 0 12 0 0 0 0 0 9 0 0 0 14 24 19 0 0 0 0 0 23 0 0 53 0 0 0 0 0 0 0 0 0 23 0 0 0 25 0 0 56 0 0 0 0 4 0 0 38 0 0 0 0
56 0 0 0 80 78 87 0 0 0 0 0 0 0 0 98 0 86 0 0 72 0 0 0 0 0 0 0 10 32 79 0 75 0 0 0 0 0 71 0 0 0 0 0 0 0 0 66 11 0 27 0 0 39 0 0 0 0 46 0 0 39 0 0 0 0 32 0 0 0 0 0 0 0 76 67 0 0 0 0 77 0 0 41 0 0 0 0 67 0 0 0 0 85 0 64 0 0 0 0
0 0 0 0 0 0 0 0 18 0 0 98 0 9 0 0 0 0 0 0 0 4 0 0 0 0 0 0 0 0 83 99 0 0 0 0 0 17 0 0 90 0 0 78 0 0 0 0 0 0 0 0 0 72 0 65 44 0 0 0 28 0 0 0 64 0 0 0 0 0 27 0 0 0 0 0 0 23 0 0 0 33 0 0 0 0 0 43 41 0 0 88 0 0 8 0 42 16 0 0
0 0 0 0 0 0 0 0 0 0 0 0 0 0 0 0 21 0 0 0 0 75 0 0 0 0 0 0 0 0 79 0 0 0 0 71 0 76 76 0 14 0 44 0 0 0 0 53 0 0 0 0 0 0 0 82 0 0 98 0 0 3 0 0 0 0 0 0 0 0 0 0 0 0 0 50 43 0 0 0 83 0 0 0 11 0 0 0 0 0 0 0 44 0 0 92 0 0 4 51
0 0 0 0 78 0 0 0 0 0 0 28 0 0 0 0 0 0 0 0 0 0 0 0 0 0 0 0 0 0 0 53 0 0 32 91 0 11 0 0 0 0 62 39 0 0 0 2 0 3 0 0 0 0 26 71 76 44 0 0 0 0 0 0 0 89 0 55 0 0 35 0 0 90 0 63 50 0 0 0 52 14 25 0 0 0 0 0 89 8 0 31 0 0 0 19 29 0 0 0
0 0 0 0 0 0 34 0 0 0 32 0 5 0 0 0 59 33 0 70 0 0 0 0 0 62 0 0 0 0 0 0 22 0 0 28 0 0 0 0 0 0 0 0 75 0 0 0 15 0 61 0 97 0 0 0 0 0 0 0 0 28 0 95 0 0 0 0 0 0 0 0 53 0 0 68 0 0 70 76 0 25 0 8 0 0 0 0 81 0 0 0 48 0 0 0 0 30 0 40
0 0 0 0 0 0 38 38 0 0 0 0 41 0 0 0 0 0 0 16 0 0 0 0 20 0 0 15 0 0 0 0 86 0 0 0 0 0 0 0 80 0 0 0 0 0 12 52 0 0 82 79 91 39 0 0 8 0 0 0 0 0 0 0 57 35 0 0 52 77 44 0 20 0 0 0 0 0 0 0 64 0 0 95 0 44 0 0 4 0 0 65 0 0 79 42 0 0 0 0
0 0 0 0 72 48 0 0 0 0 0 79 0 0 0 0 0 0 0 18 0 0 0 42 91 0 0 0 0 0 0 0 0 0 2 0 0 77 0 30 18 0 0 0 0 0 61 0 70 0 0 0 0 0 0 0 0 0 0 2 0 0 0 0 0 0 0 0 0 0 0 0 0 0 94 0 0 0 0 42 0 0 0 0 0 0 31 0 43 77 0 0 0 0 0 0 0 0 0 0
0 0 0 0 0 0 0 0 93 0 0 0 42 0 0 14 94 0 0 0 0 0 0 0 0 0 0 0 0 0 0 0 0 0 47 0 0 98 0 0 0 34 0 0 0 44 89 0 0 0 65 0 0 0 0 64 0 0 0 0 50 0 24 56 50 0 0 5 25 0 0 0 0 0 0 0 24 0 86 0 0 0 0 0 0 0 34 0 0 0 0 0 0 0 0 43 0 0 0 0
0 0 0 0 0 0 38 0 0 0 11 0 0 94 0 80 0 0 0 0 0 0 0 0 0 0 0 0 0 71 82 0 0 0 85 90 0 44 0 0 37 0 0 34 0 44 0 0 0 43 83 0 0 0 38 6 62 0 0 0 8 48 0 64 85 0 0 0 50 0 0 35 91 27 0 53 0 0 0 0 0 0 0 0 0 71 91 0 0 0 0 45 0 0 0 0 0 0 0 0
0 4 0 0 56 0 29 0 0 0 0 0 0 0 0 64 0 0 0 0 0 0 98 0 65 0 0 0 0 0 0 0 0 0 0 0 0 0 0 0 0 0 0 74 0 0 24 0 0 0 0 0 0 76 0 93 0 0 0 19 0 0 0 10 0 0 0 26 76 0 0 0 0 0 0 0 0 35 0 0 0 35 95 73 0 0 0 0 61 0 0 4 65 0 0 38 62 26 0 74
0 48 0 0 10 61 0 59 0 0 0 0 21 0 0 0 0 50 0 0 0 0 20 0 0 0 0 0 7 0 0 0 0 74 0 0 63 59 0 0 0 0 0 50 0 0 0 0 0 3 0 0 0 0 0 0 0 28 17 17 38 0 58 0 92 0 100 0 0 0 0 0 0 0 0 18 2 0 0 0 0 89 0 0 0 0 0 0 59 46 0 0 0 23 0 59 0 0 49 59
81 85 0 71 0 56 0 0 0 62 48 0 49 80 94 0 9 0 0 0 3 0 7 0 0 0 0 0 0 0 0 0 0 56 0 0 0 37 0 0 0 63 0 0 0 0 0 0 0 0 98 62 0 6 0 0 0 0 0 0 0 43 0 53 0 0 33 23 13 0 0 0 62 0 0 0 0 15 0 0 0 0 0 0 19 0 0 9 0 0 0 0 74 0 0 0 0 0 0 0
0 0 0 80 48 100 63 0 0 0 0 0 77 0 0 62 0 0 0 98 50 0 0 0 26 0 0 83 0 0 4 0 71 78 0 0 0 0 0 0 0 0 99 0 0 0 0 0 0 0 67 42 0 3 0 0 40 0 0 0 0 0 68 19 0 97 98 0 0 0 0 0 26 0 92 0 0 0 0 0 0 0 0 0 0 0 0 0 0 22 0 82 0 0 0 46 0 0 0 63
0 0 0 0 0 0 97 0 0 0 0 0 0 0 0 0 0 0 0 0 0 86 0 0 41 0 0 0 0 39 0 89 50 0 0 0 0 0 0 96 0 29 0 0 7 0 38 0 0 0 66 53 0 0 0 0 0 0 0 0 0 0 91 12 0 57 0 0 0 0 0 13 0 0 0 0 18 0 0 0 0 0 0 0 0 72 0 18 0 3 0 0 43 2 0 0 17 47 0 0
0 37 0 0 71 91 0 0 0 0 0 0 0 51 0 0 10 0 53 0 0 0 0 0 0 0 0 0 0 0 0 0 0 0 47 0 0 0 0 0 33 0 96 0 0 0 0 32 0 38 0 90 76 0 0 32 43 54 78 0 0 0 14 78 0 39 72 85 26 0 65 0 4 0 0 0 0 0 0 16 0 0 0 0 0 0 0 0 0 17 0 0 4 0 90 74 0 0 0 63
0 0 0 0 0 0 0 3 0 62 0 0 63 0 0 0 0 0 0 0 0 0 0 0 0 0 0 0 0 0 0 0 16 0 19 13 34 0 0 0 0 33 0 0 0 30 0 63 0 0 0 0 0 0 0 0 14 0 0 0 0 3 94 0 0 23 43 0 0 0 0 0 0 0 0 0 0 10 0 0 0 65 0 83 0 36 0 22 0 49 0 91 0 0 0 0 0 0 0 0
33 0 0 0 0 0 0 45 0 0 0 0 0 0 0 0 61 0 0 0 0 37 69 0 0 0 54 19 0 0 0 0 0 0 0 0 24 0 0 0 0 0 0 0 0 66 0 0 0 90 0 0 0 0 0 0 0 24 0 0 0 0 18 0 9 50 0 0 0 0 0 0 0 81 16 0 0 0 0 0 0 0 0 0 26 0 0 0 0 26 99 39 24 0 0 26 0 46 28 0
28 12 0 0 0 0 62 0 0 30 0 0 0 0 0 0 0 50 4 0 0 0 0 42 0 0 0 0 0 0 0 0 85 83 0 0 66 0 0 5 0 0 0 0 0 0 0 0 0 0 68 47 0 0 99 0 0 42 0 0 7 0 0 0 0 0 73 0 0 0 0 0 39 0 40 0 0 0 0 0 85 0 0 0 0 0 0 51 0 59 96 0 0 56 33 0 0 0 0 0
0 0 38 0 0 0 41 0 0 0 0 56 0 0 0 37 0 0 0 52 0 0 0 0 0 0 47 0 0 0 0 0 44 0 0 36 0 0 43 0 0 0 0 0 0 0 0 24 0 0 0 0 0 74 0 62 0 0 19 0 0 0 0 0 0 42 0 0 72 28 0 0 0 0 0 0 0 0 0 0 0 0 67 28 72 0 0 0 58 0 0 0 0 0 0 0 0 0 0 0
0 0 0 0 0 0 0 0 0 5 0 0 0 0 0 94 0 0 0 0 5 49 0 0 0 0 95 0 67 0 34 61 0 90 0 0 40 0 0 0 0 0 0 0 0 79 4 0 64 60 0 0 13 0 25 0 50 94 0 0 39 0 0 0 0 0 0 0 0 0 87 37 0 0 0 92 50 0 25 23 39 0 0 68 0 96 87 0 33 0 0 0 0 0 0 0 0 100 62 0
0 0 0 0 0 46 55 0 0 71 0 0 46 0 0 0 5 0 0 0 10 0 0 0 91 0 57 68 0 10 0 0 0 0 0 0 0 0 1 0 52 0 0 40 0 0 0 0 35 0 0 0 0 0 0 0 0 0 50 0 0 92 0 85 84 0 0 0 0 80 0 0 0 63 0 32 0 16 94 0 50 0 1 0 0 0 0 0 0 0 0 0 0 0 0 0 0 0 3 0
0 0 0 0 0 0 0 0 0 0 0 0 0 0 94 18 0 0 0 18 43 0 26 20 0 0 0 0 0 0 0 63 0 38 69 27 0 9 50 0 83 93 89 0 42 0 0 0 0 0 22 48 0 0 26 0 50 0 0 0 0 69 0 0 85 0 21 50 98 0 0 0 56 0 81 0 0 0 0 0 13 0 0 0 0 0 88 0 0 0 0 0 0 21 41 0 0 0 0 0
83 0 73 0 0 60 0 0 53 0 0 0 0 0 0 0 0 0 0 0 0 0 0 29 19 0 0 0 0 89 0 0 0 0 0 0 0 0 0 0 0 0 0 68 13 0 42 0 0 78 0 0 0 0 26 0 0 0 0 0 0 0 0 0 0 0 42 73 0 0 0 0 0 0 0 0 50 53 23 0 0 0 0 37 0 0 0 0 55 0 0 0 0 0 5 0 0 0 0 4
77 0 0 8 0 0 87 0 51 0 23 0 0 0 0 0 55 0 0 0 54 0 0 0 0 0 0 0 0 0 0 0 66 0 48 16 0 0 0 0 0 0 0 0 72 0 0 0 0 0 0 84 0 0 0 0 0 0 0 0 26 0 54 0 0 0 74 0 0 74 0 3 0 0 0 31 57 23 0 0 71 0 20 0 0 0 0 0 0 0 30 0 0 0 0 0 46 0 46 0
0 0 0 0 0 0 75 0 81 0 0 0 69 0 79 0 0 0 0 31 0 0 0 0 0 0 92 33 0 0 0 65 0 0 0 85 0 0 0 67 0 0 0 0 39 0 0 0 0 0 0 17 0 0 0 18 0 0 0 0 24 0 0 0 0 0 0 30 31 0 24 0 24 0 0 0 0 48 0 0 0 0 0 0 0 0 0 0 0 34 0 0 0 0 0 0 74 0 27 26
0 0 76 0 23 54 0 0 0 0 0 0 0 0 0 85 0 0 0 0 90 0 0 0 0 0 11 6 16 0 0 0 0 0 0 0 0 0 0 0 0 0 0 0 0 93 0 0 0 0 0 0 57 0 0 0 0 74 0 95 51 54 0 2 0 0 52 0 0 51 0 0 32 0 0 0 41 2 0 0 72 0 0 0 0 30 0 0 37 7 0 0 0 0 36 0 0 0 0 98
0 44 0 0 0 0 0 1 0 0 0 86 0 0 0 0 0 0 0 31 0 0 92 0 0 0 4 0 0 93 0 0 0 0 0 0 0 0 0 0 0 0 0 0 32 40 0 9 0 0 0 0 0 0 0 0 0 0 0 38 0 0 0 0 0 0 0 0 0 0 0 0 0 0 0 0 89 0 99 0 0 0 0 0 0 0 0 0 0 76 0 69 0 0 0 0 0 77 42 0
0 0 0 0 0 0 33 84 0 0 0 0 98 0 0 0 0 0 0 0 11 0 0 93 0 0 0 0 0 0 0 0 0 0 94 0 0 0 0 0 0 30 4 0 0 0 0 77 0 0 77 90 0 0 34 0 4 0 0 0 20 0 99 0 0 0 0 0 0 9 0 32 0 31 0 0 0 0 29 0 0 0 0 57 0 49 0 0 0 0 0 0 1 34 0 0 0 0 90 0
0 77 86 0 0 0 31 42 0 52 73 0 0 0 43 0 0 0 26 0 0 0 0 54 74 0 84 0 0 0 0 0 0 0 80 0 0 0 0 0 0 0 26 0 76 72 0 14 0 0 0 0 22 0 0 0 31 0 0 0 0 0 0 0 34 0 86 0 53 0 0 88 0 0 0 0 0 46 95 0 0 8 0 0 70 0 90 0 0 0 80 0 0 0 0 0 30 0 0 0
0 39 21 0 0 0 0 0 0 0 36 0 0 0 0 0 0 0 11 0 41 0 0 21 31 0 0 0 0 0 0 0 0 0 0 100 43 39 37 0 0 0 0 79 0 0 0 56 0 0 0 0 0 0 0 0 0 0 0 0 0 0 0 0 0 0 1 0 0 21 0 0 0 0 0 49 0 0 43 0 0 0 0 0 0 0 4 44 0 76 0 0 49 0 0 0 66 24 0 51
94 28 0 99 0 0 0 0 0 0 0 0 0 0 0 0 25 0 0 83 0 75 0 0 80 0 0 0 40 92 0 64 34 0 56 0 51 16 0 72 100 0 0 0 0 38 0 0 0 0 64 0 59 0 0 0 0 0 0 15 0 96 0 0 0 37 0 0 64 0 0 0 30 95 0 0 0 0 4 0 1 0 0 0 78 67 0 24 0 10 35 0 0 0 0 36 0 66 0 0
0 96 0 0 0 0 86 26 0 78 79 15 55 0 0 42 3 0 36 0 0 0 0 0 0 57 0 0 0 69 0 0 93 0 0 0 0 0 96 0 51 0 0 0 0 0 0 0 8 0 85 0 0 0 0 0 0 0 0 0 0 0 0 0 0 0 0 0 31 0 0 0 0 0 0 20 0 0 0 0 0 84 0 64 0 0 91 0 0 0 34 0 0 0 0 46 67 44 0 64
0 0 0 39 0 60 79 0 0 33 37 0 0 0 0 0 28 45 0 0 0 0 0 0 0 0 0 0 0 0 0 0 0 42 98 0 0 0 82 0 0 0 10 49 82 35 61 0 0 0 35 52 0 38 0 0 0 0 0 0 0 78 26 0 0 0 0 0 62 0 39 92 98 0 0 0 0 0 0 0 0 75 0 46 0 47 0 96 13 0 23 0 0 0 0 7 0 0 31 0
0 0 58 0 0 0 0 0 0 0 0 0 0 0 0 0 0 0 17 0 0 0 0 71 0 0 82 0 0 40 0 0 0 0 0 0 0 0 0 23 0 0 0 0 0 0 75 0 0 0 0 0 0 0 0 0 0 0 0 0 0 88 74 0 0 0 51 0 0 25 0 0 0 0 0 0 0 0 0 0 0 15 0 3 0 0 63 0 0 23 50 45 11 0 86 0 0 0 0 0
0 85 0 0 0 0 0 0 0 0 0 76 26 61 97 0 0 0 50 0 0 0 0 0 0 0 0 0 0 49 0 0 0 0 0 0 86 0 0 82 28 0 0 0 0 0 0 0 0 0 8 0 0 0 0 0 94 0 0 0 96 0 0 0 0 0 0 0 0 0 55 0 37 9 0 0 0 0 83 0 0 0 0 0 0 0 0 0 68 0 0 0 0 0 0 0 0 1 0 0
0 0 0 0 0 100 0 50 82 0 0 0 0 7 87 0 0 0 0 72 0 0 0 87 0 0 0 0 0 0 43 43 0 0 0 0 0 0 74 0 93 0 0 0 0 0 0 0 0 0 0 0 0 0 16 30 0 0 0 68 0 0 0 0 98 0 0 32 23 89 0 73 20 0 0 0 0 0 0 0 77 0 0 62 0 0 46 0 91 0 54 0 0 0 21 0 19 97 0 86
0 0 0 29 0 0 0 87 0 0 0 0 0 27 0 25 0 0 0 3 0 0 0 0 94 0 65 0 0 0 0 0 0 91 0 0 0 0 0 0 0 43 97 0 44 0 0 0 0 0 0 68 15 80 69 46 0 11 0 0 71 0 39 0 74 53 0 13 0 0 0 0 0 0 0 0 78 0 0 68 0 0 0 0 0 0 0 0 0 0 0 62 0 0 80 0 39 0 0 20
0 74 0 0 0 0 76 0 0 0 8 0 0 0 0 0 0 0 0 0 0 0 38 0 0 65 65 0 0 0 51 1 0 0 0 54 90 0 0 0 21 0 0 0 0 56 45 40 91 78 0 0 0 0 22 0 52 0 61 0 0 0 0 0 0 0 0 61 0 48 0 25 0 5 0 0 67 0 17 0 79 0 0 17 0 0 0 0 0 66 0 0 4 44 0 0 0 51 0 0
0 0 93 0 83 0 0 0 0 0 0 0 0 0 0 0 0 0 0 87 0 0 91 0 0 36 63 0 0 0 19 0 0 0 0 0 0 82 66 0 0 0 0 0 0 0 0 0 0 0 0 0 0 0 0 0 0 53 0 66 74 0 0 0 0 0 0 31 0 10 0 0 0 0 0 0 0 9 0 0 0 0 0 0 0 0 0 0 0 0 0 0 0 0 0 0 0 0 0 0
0 0 0 0 0 0 0 0 0 0 0 51 0 14 94 0 0 89 63 0 68 0 0 0 77 43 0 0 0 65 66 0 0 0 0 0 0 54 43 0 0 0 0 78 0 59 16 0 0 0 0 0 68 0 48 53 0 0 53 0 0 0 95 0 0 0 58 0 0 0 0 0 0 11 0 0 0 0 0 86 66 0 0 0 0 0 26 1 0 45 0 0 0 94 0 0 0 0 0 0
0 0 0 0 0 41 0 0 0 29 100 0 0 10 0 74 0 84 0 0 0 0 0 7 0 0 0 98 0 0 56 81 0 0 0 0 0 0 0 0 0 0 0 63 0 0 0 0 75 0 0 0 70 0 0 40 0 0 4 0 0 0 0 55 0 0 77 0 25 0 0 0 0 0 89 58 44 0 0 0 46 51 64 0 0 68 0 50 0 78 0 0 44 0 0 0 0 0 0 12
0 0 0 0 0 0 0 0 73 0 0 64 0 55 0 0 0 0 0 10 0 38 3 0 0 0 6 0 98 0 0 0 0 0 40 0 0 0 0 0 0 0 47 0 0 0 0 0 67 0 0 0 0 0 0 35 12 0 0 14 0 0 0 0 0 0 0 0 0 0 0 0 23 64 0 0 0 0 0 0 0 0 0 0 0 0 0 0 42 0 0 0 0 0 30 0 0 0 95 0
84 0 29 0 0 0 0 0 0 0 40 0 0 0 18 0 0 0 75 0 0 23 0 0 0 0 0 63 0 0 9 0 86 69 0 35 0 0 38 24 0 0 0 5 51 0 0 0 0 71 0 0 0 0 0 0 3 0 0 0 0 21 20 0 43 0 0 0 0 74 0 0 65 0 0 58 50 0 98 0 0 0 0 0 0 0 0 0 0 0 59 0 0 41 88 0 0 0 0 0
0 2 0 0 27 0 0 0 0 0 72 85 11 32 0 30 55 0 0 0 0 0 0 38 96 0 0 0 0 74 71 92 0 0 0 0 0 0 0 0 0 0 0 0 0 6 0 0 0 0 0 0 30 0 63 0 0 72 0 0 76 0 0 0 0 0 88 85 0 0 0 0 0 0 0 0 7 0 34 0 71 0 0 57 0 0 0 0 0 79 0 0 0 59 42 80 0 0 0 0
0 0 13 0 0 0 0 81 0 0 0 93 35 0 0 0 63 0 0 0 0 0 0 18 0 81 0 0 0 0 0 0 0 49 67 0 0 0 0 0 0 23 0 14 56 0 0 42 29 0 1 38 43 0 0 0 0 6 0 1 10 0 0 88 0 34 0 30 0 0 0 0 0 0 0 0 71 0 0 0 0 0 94 0 0 0 0 0 0 0 31 0 12 65 0 0 66 0 10 0
89 0 0 0 0 38 0 65 0 0 0 0 0 0 53 0 78 0 0 0 0 0 0 0 0 0 67 0 0 0 60 0 0 0 0 0 0 0 100 91 0 26 0 0 21 6 0 55 0 79 0 0 0 0 55 0 0 0 82 0 0 0 0 0 0 0 0 0 0 0 0 0 0 0 0 0 0 0 0 0 1 0 0 0 0 0 0 0 0 82 88 0 0 0 0 79 0 0 0 44
22 0 0 0 0 0 0 0 0 0 55 0 0 0 0 42 0 92 0 0 0 0 27 77 41 0 0 27 0 0 0 0 28 0 59 0 0 0 0 0 0 0 47 0 0 81 24 0 0 0 0 0 0 0 0 0 69 0 0 0 0 0 0 97 99 0 80 5 0 0 0 0 0 0 0 0 0 0 60 0 0 0 0 0 14 76 0 0 0 74 53 0 0 6 0 0 0 85 0 0
0 0 0 0 0 91 16 0 0 0 0 0 0 90 0 0 0 54 0 0 0 42 0 0 39 0 39 21 92 0 80 0 0 0 0 0 0 0 86 35 0 0 76 59 54 0 0 0 0 0 0 0 0 12 0 0 0 0 0 0 0 0 0 0 0 0 0 77 0 0 0 5 0 0 0 0 0 0 0 0 0 0 0 0 5 0 42 0 0 0 0 0 0 47 0 0 61 0 0 0
0 84 0 0 0 19 0 49 0 0 0 0 0 46 0 93 9 0 0 0 0 0 0 0 0 0 0 37 0 0 0 0 68 28 0 0 96 0 33 0 0 72 44 55 0 0 0 0 0 55 0 0 0 0 0 0 0 80 44 0 0 0 0 0 0 0 0 14 92 0 27 0 0 0 0 84 9 56 0 0 0 0 0 0 0 0 14 10 0 0 0 0 47 0 0 0 0 0 0 79
0 0 0 0 33 0 0 30 0 35 0 0 0 92 84 0 0 0 63 15 24 0 0 0 0 0 0 0 0 0 34 0 0 0 74 69 0 0 99 0 0 0 48 0 0 0 0 0 0 11 0 0 0 0 0 0 86 0 7 49 53 0 22 0 0 0 0 0 0 0 0 0 0 0 0 0 0 0 0 0 0 82 0 18 54 5 0 0 0 0 83 0 0 0 0 0 100 58 0 0
22 0 0 0 0 0 0 0 14 10 0 10 0 22 0 0 11 0 0 0 0 0 89 0 0 45 71 27 83 0 0 33 0 0 0 0 96 64 0 0 0 0 25 0 0 3 0 0 0 0 0 0 0 0 22 0 0 0 0 0 0 0 69 0 0 0 7 20 38 0 5 0 77 0 0 0 61 0 0 62 0 0 0 0 0 5 0 0 66 0 0 0 0 0 26 0 16 0 0 0
0 0 0 0 0 0 0 40 0 0 0 99 0 0 0 0 0 0 0 80 0 0 0 0 0 0 0 0 0 0 0 55 0 0 47 0 0 0 0 0 0 0 0 0 0 51 0 33 35 0 0 83 88 0 0 0 0 0 0 0 0 0 0 0 0 0 1 0 0 0 75 0 0 11 50 61 0 84 0 0 0 87 20 51 0 0 0 0 0 0 0 0 0 0 62 0 0 0 0 0
0 0 0 0 0 0 16 0 56 47 81 32 0 0 91 72 29 83 0 32 0 53 0 0 0 0 0 0 51 0 0 94 0 0 0 0 0 64 0 0 0 0 0 0 0 58 0 0 0 0 0 0 0 89 0 0 0 0 0 65 52 0 0 0 0 13 0 25 0 0 0 0 0 0 18 0 0 0 0 0 0 0 71 0 36 0 0 20 0 0 0 0 0 1 72 0 0 0 0 0
0 100 51 0 0 0 0 0 0 0 0 0 0 0 63 0 35 24 81 0 22 0 0 0 97 0 53 40 0 0 0 86 0 0 0 0 0 27 0 0 0 0 0 0 0 0 0 0 0 0 0 0 0 35 3 45 0 66 0 0 0 94 11 0 19 0 0 0 0 0 33 18 0 0 0 0 0 0 0 0 0 0 74 0 0 93 43 0 0 49 0 32 32 69 0 0 0 0 0 0
0 0 0 0 36 1 47 0 0 0 0 67 32 16 87 88 0 0 7 0 0 83 0 0 0 0 0 77 0 0 0 0 67 0 0 0 0 0 0 0 0 0 0 0 80 0 0 0 0 19 0 0 0 0 0 0 0 0 0 0 0 0 0 0 0 0 0 48 0 53 65 0 0 49 0 0 0 0 0 0 33 0 0 0 0 0 0 0 0 0 0 0 0 59 56 0 0 0 0 0
0 61 0 0 0 3 0 0 0 0 0 0 0 15 0 0 0 7 0 0 0 0 41 0 0 0 0 70 16 0 0 0 0 0 0 0 99 46 15 0 0 91 58 31 0 0 0 84 0 0 0 42 0 0 0 0 0 0 29 0 0 30 0 0 5 0 0 80 0 0 0 0 61 0 0 0 0 0 0 53 0 79 100 0 0 0 89 0 0 0 0 89 0 82 55 0 0 17 0 0
0 0 0 0 0 0 0 0 0 0 0 0 0 0 0 0 0 0 44 0 0 0 0 0 0 0 0 0 0 0 0 43 0 44 0 0 0 0 0 0 38 0 0 0 0 0 0 3 7 0 13 2 0 0 52 0 0 0 0 0 0 0 0 0 0 0 0 0 0 0 0 0 72 0 0 96 81 0 87 0 0 0 0 0 42 0 0 3 0 82 0 15 0 0 0 93 0 50 0 0
0 0 0 0 0 0 42 15 0 0 0 0 0 0 0 0 24 0 0 0 64 0 40 0 15 0 0 0 58 0 0 0 0 0 0 0 0 0 0 0 0 77 0 0 0 8 20 0 0 24 25 0 0 0 0 0 0 0 18 0 86 0 0 0 0 0 0 0 0 67 0 0 0 0 0 67 0 0 0 0 0 60 0 0 40 83 54 0 0 0 24 0 4 0 0 18 83 0 0 32
0 0 29 0 0 0 0 0 86 0 15 0 0 0 0 0 0 0 0 70 0 0 0 0 0 0 0 0 0 61 0 0 0 97 0 12 0 0 0 0 92 0 0 0 0 0 0 0 0 0 0 0 0 5 0 0 0 0 0 0 0 0 0 0 0 0 0 0 0 49 0 4 0 0 0 100 0 0 0 0 2 92 5 0 0 0 0 67 0 0 0 27 0 65 0 0 87 59 0 0
0 0 69 0 0 0 0 60 0 0 66 0 55 0 0 0 32 8 0 0 0 0 4 0 51 14 0 0 0 0 0 0 0 16 0 0 82 0 0 0 0 0 0 63 0 84 0 0 0 56 0 0 70 0 0 0 0 82 0 0 0 0 0 0 0 0 0 0 17 0 21 78 0 97 0 0 0 0 0 0 94 0 85 0 0 44 0 0 0 0 0 0 0 8 0 0 0 0 0 0
0 0 0 0 0 0 0 0 0 0 62 0 54 0 29 76 0 0 0 0 0 0 16 0 0 0 0 27 0 0 0 0 0 9 0 14 0 0 53 0 0 0 0 0 0 0 0 0 0 0 0 0 0 87 0 0 73 0 0 35 0 0 0 0 0 0 0 0 0 0 0 0 0 0 47 0 0 0 84 0 0 0 0 0 0 0 83 0 44 0 0 53 0 0 0 0 0 40 0 0
0 0 0 0 53 0 0 28 0 0 0 52 0 0 0 0 89 0 0 95 0 0 38 0 0 0 0 0 77 0 43 0 0 0 0 99 0 0 0 0 0 0 41 0 0 0 0 59 0 96 42 0 0 0 0 0 0 10 0 88 0 0 0 0 0 0 0 0 0 80 0 0 0 0 0 22 0 0 0 0 0 0 0 0 0 0 0 39 0 0 0 0 31 0 0 53 0 23 0 0
0 0 15 0 0 0 53 0 0 22 0 0 24 0 0 0 0 18 0 0 0 0 0 44 0 0 0 0 0 0 0 0 0 92 96 0 0 77 0 56 0 61 95 69 0 0 0 0 0 0 0 0 37 0 63 0 0 0 0 0 0 0 25 0 1 0 0 43 29 0 0 0 0 0 0 0 2 79 0 0 0 97 0 29 69 67 0 0 0 0 0 0 0 0 0 28 0 0 22 0
0 0 82 0 0 57 0 0 58 0 0 0 0 0 0 0 0 0 0 0 0 0 27 16 0 0 58 0 0 0 18 0 0 0 63 0 0 0 0 0 3 0 0 0 0 53 0 0 0 0 0 0 0 0 0 0 0 0 0 0 88 0 43 0 0 27 0 0 0 0 0 0 0 0 43 47 0 77 0 0 0 19 10 25 0 0 40 0 0 0 0 91 0 0 0 0 0 0 0 0
0 0 0 47 0 0 0 0 0 0 0 0 33 47 0 0 0 0 0 0 0 75 0 0 0 0 0 0 0 0 0 0 34 4 0 0 0 91 0 0 0 11 0 0 0 88 0 0 0 0 64 0 0 0 0 0 51 0 0 0 0 0 74 6 0 0 0 0 14 0 0 0 92 0 0 0 0 0 0 0 0 0 0 0 29 0 0 86 0 0 0 24 0 0 0 0 38 0 0 0
0 16 0 0 96 0 58 0 0 0 91 0 0 6 0 0 0 0 0 88 0 0 86 0 46 0 0 41 0 0 0 87 0 0 0 0 0 36 0 0 0 0 0 0 0 0 40 51 0 14 57 0 25 0 59 0 0 0 25 0 0 0 0 0 54 0 0 0 0 66 77 0 0 0 0 44 48 0 0 0 12 0 77 0 3 0 0 0 0 87 0 0 10 48 0 0 0 0 52 0
0 0 24 19 0 0 0 0 0 0 0 0 0 0 0 60 0 33 0 0 0 0 0 0 0 0 10 0 0 0 0 0 98 0 81 0 0 63 0 0 0 0 0 0 0 0 18 0 0 0 0 0 0 0 0 79 0 0 31 0 0 0 0 0 0 0 0 81 0 0 0 0 0 0 0 0 0 0 7 3 95 83 0 0 0 0 0 0 0 16 0 0 11 0 38 0 0 3 24 0
0 4 0 70 0 0 0 38 65 0 0 0 0 11 33 0 0 0 0 0 0 0 0 0 0 67 0 0 0 80 93 0 0 0 50 0 0 0 45 0 0 0 80 0 0 0 0 0 0 0 94 0 0 0 73 0 0 0 5 19 0 0 0 0 0 0 0 0 0 20 74 0 90 46 0 0 0 0 0 0 74 0 0 38 0 0 30 0 0 85 0 0 0 0 0 0 37 30 0 0
0 0 0 73 36 0 9 0 0 0 0 0 0 0 0 0 34 0 0 10 27 0 0 0 0 0 0 0 40 28 70 98 0 0 0 0 0 72 0 0 0 0 0 0 30 0 0 0 76 0 81 0 0 0 0 0 3 29 31 0 0 0 48 0 82 0 0 0 0 39 99 0 0 0 26 0 26 27 0 53 0 0 0 0 0 0 0 0 0 0 57 0 0 0 0 0 0 0 0 41
0 0 0 0 0 0 0 90 90 0 0 2 0 0 0 0 0 0 0 100 0 0 94 53 0 77 91 0 0 0 0 23 0 0 73 0 0 0 0 0 0 0 0 0 0 0 21 0 0 0 0 0 0 0 85 0 0 0 0 0 0 0 0 73 0 0 6 0 77 0 0 0 0 0 19 0 0 0 0 0 0 0 0 0 0 0 0 0 0 66 86 0 71 82 0 71 0 0 0 0
72 0 20 0 0 65 0 0 0 0 0 23 0 0 0 0 0 0 0 0 0 42 0 0 70 97 45 0 0 0 0 0 0 15 0 1 62 0 0 0 0 0 4 0 0 99 0 0 38 0 0 0 62 0 91 4 0 0 9 0 0 0 0 80 0 0 0 69 0 0 12 0 0 0 0 0 35 0 0 10 0 95 23 0 0 53 0 28 0 0 0 0 0 0 0 0 0 0 0 0
49 70 1 0 0 0 0 0 0 0 0 0 0 0 75 0 0 61 0 0 0 0 0 0 74 42 95 0 27 0 0 0 74 0 30 0 0 0 0 0 0 0 0 0 63 0 0 26 0 10 0 39 0 71 0 0 0 0 88 0 0 0 0 0 0 0 1 0 0 0 0 0 0 0 0 0 0 0 76 0 0 0 0 6 0 8 0 0 0 8 55 0 0 0 0 64 0 0 6 0
0 0 0 23 0 32 43 0 0 0 0 0 0 0 0 0 0 0 0 0 0 0 0 0 74 0 0 29 24 0 0 0 0 0 0 75 0 0 0 0 6 0 0 0 0 0 0 0 93 0 0 99 0 0 0 26 0 0 63 0 0 0 0 0 0 0 0 0 0 0 0 0 0 100 63 0 0 82 0 0 0 0 0 0 0 0 0 0 0 0 0 0 0 0 0 76 0 0 0 0
96 0 21 0 0 0 0 0 51 0 0 0 0 0 0 0 0 0 0 0 0 58 0 100 0 0 0 0 0 0 0 0 0 0 0 0 0 0 0 0 0 0 0 0 0 0 0 3 0 0 94 0 0 51 0 0 0 23 54 49 11 0 0 0 0 0 0 0 0 0 0 3 0 0 0 42 0 76 0 9 0 0 0 0 18 0 0 0 0 97 0 0 0 0 0 0 20 8 0 0
98 0 47 0 0 0 0 0 0 0 88 0 0 0 18 0 95 38 0 0 0 0 0 0 0 97 0 0 0 81 0 0 0 0 0 76 0 0 0 0 0 99 69 68 0 0 0 74 0 0 0 0 0 0 0 0 0 0 0 0 0 0 50 0 0 0 34 0 0 0 0 0 0 0 0 0 0 0 0 0 15 0 57 0 0 0 30 0 0 0 45 0 0 0 32 42 0 49 0 0