100
0 0 0 0 0 0 0 0 0 0 62 0 0 0 0 7 0 0 0 0 31 0 0 5 0 0 0 67 71 0 0 16 0 25 59 0 92 57 0 0 0 0 0 40 0 0 0 0 0 0 0 93 7 0 0 0 0 8 0 0 0 0 0 0 0 0 0 0 0 0 0 0 0 95 0 0 0 0 0 0 0 0 0 0 0 0 84 68 0 0 0 0 63 0 0 0 0 0 0 50
0 0 0 0 55 0 0 0 19 0 0 0 0 29 0 53 0 0 0 0 0 0 0 0 53 0 0 0 0 72 0 51 0 0 31 0 0 0 0 0 0 8 0 44 0 0 0 0 0 0 0 0 0 24 0 0 23 55 0 42 0 0 0 0 0 0 25 0 10 0 0 0 0 0 0 91 0 0 0 24 0 0 0 70 0 0 0 0 0 0 0 48 0 0 0 0 0 0 34 60
0 18 0 0 0 62 0 0 0 67 55 83 0 0 0 37 0 0 85 74 0 0 0 0 30 0 0 0 0 0 43 71 0 0 0 0 0 0 0 0 0 0 0 0 0 0 0 0 0 0 0 43 14 0 61 3 0 0 0 0 62 80 0 76 0 0 0 0 0 0 0 84 0 50 0 0 73 0 0 0 0 0 0 0 41 0 0 21 0 0 0 0 0 0 0 0 0 0 0 0
0 27 0 0 0 0 0 22 0 0 0 0 28 0 3 0 0 0 0 44 0 0 0 6 0 0 0 0 0 0 0 34 0 0 0 0 0 0 0 0 0 0 0 44 0 0 0 0 0 0 79 0 0 23 0 0 82 39 0 0 0 79 0 0 0 0 0 0 0 0 0 0 67 37 65 20 0 0 45 0 0 0 0 0 0 0 0 0 0 0 56 0 0 44 54 0 0 15 0 0
0 0 4 0 0 0 0 49 0 0 86 100 0 82 0 0 0 0 0 0 0 20 0 0 0 0 0 0 35 22 0 0 0 0 0 0 0 0 0 0 61 0 0 0 0 0 0 0 50 0 0 0 0 0 0 0 0 0 0 0 0 0 0 97 0 0 0 0 38 0 0 63 89 0 0 0 5 0 0 67 0 73 79 0 61 0 0 0 0 0 0 0 0 0 0 0 0 36 0 0
66 0 46 0 1 0 0 0 0 0 66 0 0 78 0 8 0 0 0 0 36 4 0 0 62 0 0 0 0 0 0 0 0 44 0 0 0 0 12 0 0 0 4 80 12 0 0 0 0 0 0 0 0 0 0 0 0 50 0 0 0 27 0 90 56 0 0 76 0 0 0 0 0 0 27 0 0 0 0 0 78 0 0 0 48 0 51 0 0 0 26 0 0 0 76 0 89 0 0 26
31 0 0 0 0 0 0 73 0 33 5 0 0 0 20 0 0 0 0 60 0 78 54 0 12 0 0 19 0 0 0 0 50 0 42 0 0 0 0 0 0 74 25 38 0 0 0 0 73 0 0 0 31 3 9 71 83 0 0 0 0 0 0 0 0 93 0 0 0 0 89 40 0 0 0 0 37 0 0 68 6 0 0 95 62 1 39 6 0 0 0 0 0 0 0 0 0 0 0 0
0 0 45 0 0 53 0 0 0 0 0 0 0 0 0 0 79 0 99 0 0 0 0 86 0 0 75 0 0 36 0 0 0 0 0 0 0 0 58 52 0 0 0 0 0 0 0 0 0 0 0 20 85 0 0 0 0 0 25 0 0 39 0 0 0 65 70 0 0 44 0 0 0 7 0 14 0 0 0 97 0 0 0 0 0 0 0 0 0 0 96 0 71 0 32 0 7 0 0 0
24 0 86 79 82 0 0 0 0 7 0 0 0 86 0 65 0 88 0 0 39 0 0 0 62 0 0 0 0 95 0 0 57 67 0 0 0 0 89 0 0 0 0 0 0 0 0 0 0 0 42 0 0 38 92 32 62 0 59 81 0 0 0 0 73 37 0 0 0 0 100 0 0 0 0 0 0 59 0 0 0 0 0 0 0 0 0 0 0 42 90 0 0 0 0 46 98 40 0 30
0 0 0 0 0 0 0 0 0 0 0 0 59 0 0 63 0 0 0 0 0 0 0 0 0 78 69 0 0 0 0 0 0 0 72 30 0 0 0 19 69 0 65 90 0 56 0 0 0 0 0 0 86 0 0 0 65 0 0 0 0 0 46 0 0 0 15 0 0 0 0 33 36 0 0 0 0 0 5 0 0 0 0 0 0 0 0 0 0 0 0 0 0 0 0 0 0 0 0 0
0 0 0 0 73 40 0 35 92 44 0 0 0 0 21 0 43 0 0 0 0 0 0 0 0 51 0 100 0 0 0 0 0 55 0 0 54 0 0 0 55 0 0 23 0 0 84 0 0 0 0 16 0 13 0 0 0 94 0 82 73 0 0 74 0 81 0 41 0 18 0 0 93 82 0 0 0 0 0 72 0 70 0 0 95 0 0 0 80 0 15 0 0 54 68 0 0 66 0 0
0 0 51 0 0 77 0 0 0 0 0 0 0 0 12 99 0 0 0 0 0 0 57 100 0 0 32 0 17 0 97 0 0 53 0 22 0 0 0 0 0 0 0 0 0 0 0 0 37 0 0 20 0 0 0 61 0 0 89 0 0 0 0 0 0 0 0 0 22 0 68 0 0 0 0 0 0 0 0 0 0 0 0 0 0 0 0 92 0 0 0 74 5 0 5 0 0 0 0 0
0 0 0 0 55 73 83 0 0 87 0 0 0 46 0 0 0 0 0 0 0 10 0 0 0 0 0 0 45 28 0 0 64 64 0 0 0 89 0 0 0 57 0 64 59 0 0 0 0 100 0 0 0 0 0 88 0 0 0 0 0 97 0 0 0 0 0 0 0 28 0 0 0 0 80 0 43 77 0 84 0 48 80 0 79 0 0 0 0 0 0 0 0 0 0 0 65 0 0 85
0 0 9 0 0 92 0 0 0 11 0 0 0 0 0 0 0 0 55 96 0 0 21 0 0 0 31 0 16 0 57 0 22 92 0 0 0 53 0 0 0 0 0 0 0 0 0 81 0 0 0 99 0 94 0 0 0 0 0 0 0 0 0 0 0 74 0 0 44 0 0 28 0 0 11 0 0 46 0 0 0 85 0 70 0 83 0 0 0 0 0 25 0 0 0 60 0 88 0 64
0 0 0 0 10 0 0 0 0 0 0 0 0 0 0 0 0 99 66 27 13 62 38 0 0 0 32 0 74 0 0 0 0 0 0 0 0 0 0 0 0 0 0 0 0 0 0 0 0 0 0 0 0 0 0 0 0 0 0 2 0 54 0 0 0 0 1 0 0 52 0 0 0 0 26 8 0 0 0 0 0 0 89 0 0 0 0 0 48 34 0 0 0 0 0 0 0 26 33 62
63 0 0 0 0 0 56 0 0 0 0 0 0 16 0 0 0 0 0 45 0 0 62 0 86 22 13 0 0 64 0 35 0 0 0 6 0 0 39 0 0 0 0 0 39 0 93 0 11 0 0 0 0 45 69 0 0 0 45 3 37 0 0 0 58 0 0 0 0 18 0 0 0 13 0 0 47 0 0 0 92 0 0 3 0 0 0 0 0 0 0 0 0 40 0 0 35 0 0 25
0 0 0 0 0 0 0 9 0 0 0 0 36 37 75 24 0 0 0 89 0 20 0 0 0 0 59 0 22 15 0 37 0 0 49 0 0 0 0 0 0 53 33 0 0 43 21 0 0 0 0 44 59 0 0 0 0 0 0 0 0 0 0 0 0 23 0 79 37 75 0 0 0 25 0 0 0 0 0 0 0 82 0 0 0 0 0 0 0 0 0 0 0 0 0 0 0 0 0 0
0 70 85 0 0 0 0 0 19 2 0 90 0 0 0 0 0 0 0 0 80 0 52 16 48 37 0 0 0 0 0 0 0 0 0 57 0 0 76 0 0 0 0 35 0 0 34 0 0 0 19 0 0 0 0 0 0 79 0 10 88 0 0 0 0 89 0 0 0 0 84 0 4 0 0 0 0 0 0 0 0 0 0 0 63 32 67 0 0 0 0 88 0 0 0 0 0 0 61 78
0 0 0 0 0 0 0 0 100 42 33 0 0 0 0 0 0 26 0 74 0 0 72 0 0 0 0 0 72 0 0 0 0 0 0 0 0 0 0 68 0 0 0 0 0 0 59 0 0 0 0 0 0 0 60 0 95 0 0 0 0 0 0 0 0 0 0 0 52 0 26 0 0 0 0 0 0 0 0 0 0 0 8 0 0 97 0 0 0 0 0 0 0 0 56 0 28 0 12 0
0 0 0 0 0 87 72 0 0 0 0 0 0 0 30 0 0 0 5 0 0 0 0 46 0 0 0 15 0 0 0 0 0 0 39 0 39 0 0 69 0 0 0 0 0 0 0 53 0 0 0 0 0 0 0 0 0 0 0 0 0 36 0 0 0 0 17 0 0 0 15 47 72 0 0 0 0 73 0 0 0 0 0 65 0 92 0 0 4 0 0 0 80 0 0 0 0 48 0 49
0 0 39 78 0 4 0 0 0 0 0 0 48 0 0 0 0 80 5 0 0 0 0 0 0 28 0 0 0 0 0 0 0 0 99 0 0 0 0 0 0 0 0 0 0 0 0 0 54 0 0 0 56 0 0 0 0 31 0 30 30 0 0 38 34 20 0 0 0 5 0 94 0 0 0 0 0 0 0 0 92 0 0 0 0 20 77 96 0 89 5 0 0 0 0 0 0 0 84 0
0 0 6 0 0 0 0 0 0 0 0 0 20 0 0 40 0 0 4 28 0 0 0 45 0 45 0 0 0 0 0 26 0 0 0 0 18 0 53 0 0 0 92 23 0 0 0 0 0 0 0 0 0 0 56 0 0 0 0 58 91 40 0 0 0 0 0 0 0 0 0 0 0 0 0 0 9 0 0 0 0 0 0 0 0 0 0 100 0 0 0 0 98 48 0 0 0 0 89 69
0 0 0 60 0 39 52 81 0 0 34 0 73 0 0 0 32 3 0 0 0 76 0 0 0 0 60 0 84 0 52 0 0 0 0 0 0 0 0 0 43 96 81 25 0 62 2 87 0 0 0 0 0 0 0 0 0 0 0 0 0 56 0 0 0 0 42 0 0 0 0 0 64 0 0 68 0 0 0 0 0 0 0 0 0 0 0 0 0 88 18 47 0 28 0 52 95 0 0 0
0 0 50 0 0 0 0 0 43 0 0 0 0 0 0 56 75 0 0 0 0 0 1 0 1 17 0 0 0 0 0 0 81 0 0 0 0 84 80 61 0 0 0 67 47 57 0 0 25 0 37 0 0 0 0 0 0 0 0 73 0 0 0 4 0 75 0 0 0 0 0 24 0 79 0 0 0 0 0 0 31 0 0 0 0 0 0 54 0 27 0 0 70 45 0 0 0 98 0 0
0 0 39 0 0 0 0 0 0 0 0 0 0 0 0 0 40 47 0 0 0 0 35 0 0 0 10 0 0 0 0 0 0 0 78 0 0 97 90 0 0 0 61 0 0 51 42 0 51 0 98 0 0 63 0 0 37 0 0 0 0 0 0 63 0 0 95 0 0 71 0 0 12 0 22 0 0 0 0 51 0 0 66 0 0 15 0 0 0 0 32 0 35 0 0 0 0 0 0 0
0 0 0 40 0 0 0 0 4 0 38 0 0 0 0 0 0 0 0 0 0 0 35 0 0 0 0 0 0 0 52 49 0 0 0 0 0 45 0 0 0 0 34 0 24 1 26 0 0 0 0 0 47 0 0 0 0 0 0 0 0 0 0 0 0 0 0 0 0 100 96 50 34 11 0 0 30 0 0 0 53 97 44 0 0 0 0 0 0 0 98 79 0 0 0 0 0 0 57 0
0 0 0 0 0 0 0 0 0 58 0 0 0 0 51 0 0 0 0 0 0 65 66 0 0 94 0 29 27 0 0 0 0 0 0 0 0 0 0 53 0 0 94 0 86 0 0 0 0 0 0 0 0 63 0 0 0 0 41 0 77 0 0 70 0 0 57 0 0 0 0 0 0 50 0 97 0 0 0 15 0 0 0 0 0 0 0 0 0 54 0 0 0 0 0 82 0 78 22 0
0 0 0 0 64 0 0 0 0 0 0 0 0 0 0 0 0 18 0 0 0 0 0 0 0 0 0 0 44 26 0 0 0 0 0 45 0 0 0 0 0 0 88 0 0 48 0 64 0 0 29 0 0 0 0 0 0 46 0 0 44 0 0 0 8 0 0 0 0 0 0 0 0 0 0 0 0 0 0 0 0 0 0 0 80 0 0 0 0 0 0 0 0 96 0 16 0 68 0 67
0 0 32 0 20 0 92 0 0 0 0 0 6 0 0 0 12 0 0 0 5 0 82 0 0 0 0 29 0 0 27 0 0 0 0 0 0 40 0 0 98 0 0 0 0 0 50 0 0 0 62 0 74 0 0 0 0 0 90 0 0 10 0 0 0 0 0 0 0 0 35 0 0 0 0 0 36 75 0 0 0 0 0 0 0 0 60 0 0 0 0 0 0 0 0 0 0 0 32 0
0 0 0 0 0 94 0 0 0 54 0 0 0 0 0 0 0 0 0 0 0 0 0 0 0 0 0 0 4 0 0 12 0 0 0 0 0 0 0 0 0 0 0 16 0 0 0 92 0 0 0 0 35 0 0 0 0 0 0 5 90 0 0 0 0 0 0 0 0 0 0 68 0 65 0 19 0 32 0 0 6 0 0 13 41 90 0 75 0 0 68 0 0 0 0 0 56 0 0 77
53 89 0 0 0 0 0 84 0 0 0 78 0 6 0 0 0 8 0 79 0 92 64 98 98 0 31 41 0 0 0 0 0 0 0 96 83 0 0 0 0 0 0 88 0 0 0 0 0 0 0 91 0 0 0 0 0 0 17 0 0 0 0 0 72 0 0 0 0 0 45 0 0 77 0 79 26 0 0 0 59 64 52 41 0 0 0 0 0 0 0 0 0 63 0 0 9 0 0 0
45 0 0 0 0 0 0 85 94 96 33 0 0 0 0 0 53 25 0 0 0 99 0 0 63 0 60 0 0 0 0 0 56 0 0 0 0 0 0 44 32 97 0 12 0 0 0 0 0 61 0 0 0 0 78 0 0 0 0 100 0 0 0 0 0 0 69 0 0 0 0 29 0 0 0 0 28 99 0 0 0 0 0 0 36 0 51 0 69 0 0 49 0 0 0 0 0 8 0 0
0 0 0 0 74 0 0 0 0 0 0 0 50 0 0 0 0 15 0 35 0 0 99 10 78 0 0 5 0 0 0 0 0 0 0 0 82 24 47 0 0 0 0 0 0 0 0 0 40 37 0 50 79 0 0 69 0 0 0 0 0 68 0 0 0 0 0 0 0 63 0 28 0 0 0 79 54 0 0 53 0 0 0 85 0 0 0 50 0 0 0 0 0 0 0 63 0 0 0 0
0 0 0 51 0 0 0 0 0 0 36 61 0 0 0 0 0 66 0 0 0 0 10 0 95 0 93 0 33 0 0 54 25 0 0 0 0 0 0 0 0 0 0 62 0 0 0 0 0 0 0 0 0 36 0 0 0 0 0 0 87 0 67 0 0 28 0 48 0 0 0 23 0 0 0 0 41 0 14 0 36 58 0 0 60 0 0 0 0 0 0 0 0 0 0 82 0 0 0 0
86 0 0 94 49 0 0 0 0 0 0 0 0 0 0 0 0 0 0 0 0 0 0 0 0 0 0 0 0 0 5 0 47 0 0 0 0 0 69 0 0 0 100 70 0 0 84 0 0 0 0 0 0 0 34 0 0 0 0 0 0 78 20 43 0 0 16 0 0 0 0 0 0 0 0 72 0 0 0 0 59 0 0 63 0 0 0 80 0 0 87 77 0 0 80 0 0 0 97 0
0 0 0 0 0 54 0 29 55 5 0 10 0 71 0 84 53 0 0 98 0 0 20 60 0 0 30 0 0 0 0 0 0 0 0 0 0 0 0 0 0 0 10 0 58 0 0 88 0 0 100 0 0 0 0 0 0 0 0 0 0 55 0 0 1 0 26 0 0 0 31 0 70 0 0 58 0 57 0 0 39 0 17 0 0 0 0 0 0 0 7 0 0 0 0 0 0 14 7 0
0 0 0 0 96 0 0 80 0 0 0 0 0 89 0 0 65 0 0 0 0 0 0 97 0 0 0 0 0 2 0 0 0 0 93 0 0 0 23 0 0 0 85 99 91 23 0 0 6 0 0 0 85 0 0 0 0 0 0 14 0 0 49 0 0 0 0 0 16 0 0 0 0 0 76 0 0 0 0 0 40 0 0 8 0 0 0 0 0 0 96 0 0 0 39 0 0 0 0 70
0 0 0 0 0 0 46 0 0 0 0 0 76 0 93 0 0 0 0 45 55 0 0 0 0 1 0 0 0 35 0 0 0 0 0 0 0 0 0 0 0 27 88 75 0 0 0 0 0 0 0 0 0 0 100 0 0 0 65 0 94 0 0 0 0 0 0 7 0 0 0 2 0 0 0 0 7 0 83 0 0 86 79 0 0 0 0 31 51 0 93 0 0 0 92 0 0 10 21 0
0 0 100 0 31 0 0 17 0 11 1 0 0 0 0 71 0 0 0 0 0 0 0 2 70 0 61 13 27 0 0 0 0 0 21 47 0 37 0 0 0 0 27 0 39 0 0 36 0 0 0 0 48 0 0 0 0 0 92 0 0 0 0 0 36 12 0 37 0 33 98 91 0 0 21 0 0 0 0 0 0 45 0 0 68 0 0 0 0 0 0 0 0 0 78 0 0 0 0 0
0 0 30 0 24 0 0 50 21 0 0 0 97 44 0 26 76 29 0 0 0 62 80 0 0 0 0 0 91 1 0 0 0 0 0 0 0 0 0 0 0 43 0 0 0 19 0 0 0 0 0 0 0 25 0 0 0 0 0 0 0 79 52 63 0 0 0 0 61 60 0 0 0 0 91 17 0 0 0 0 22 0 0 57 0 0 0 0 0 0 0 0 0 0 0 0 0 0 0 0
9 0 89 0 0 0 0 0 0 0 26 0 69 0 0 58 0 0 77 0 0 0 0 0 0 0 40 0 0 0 0 8 63 0 0 0 0 0 92 0 0 0 0 0 0 64 0 0 0 0 0 0 0 14 80 0 0 0 59 0 0 46 0 0 0 0 10 84 45 0 0 0 0 0 0 63 0 0 60 0 0 0 0 0 0 0 0 0 73 0 0 0 0 0 0 0 31 95 0 0
0 0 0 0 25 0 76 60 0 0 75 0 0 0 0 0 0 0 0 0 0 0 0 0 0 0 0 0 7 0 71 2 0 0 81 0 0 99 0 0 55 0 80 99 0 0 0 91 0 27 0 0 0 0 0 0 0 0 0 0 9 0 0 0 33 0 0 0 0 0 0 0 0 0 0 0 0 13 0 0 0 0 0 0 0 6 0 0 0 0 93 0 0 15 24 0 0 0 67 0
0 0 0 0 78 0 0 20 0 0 0 0 0 27 29 9 10 0 44 0 0 41 0 0 0 0 0 0 0 0 26 0 0 0 0 54 31 0 3 0 39 84 0 0 0 0 0 0 0 0 0 0 0 0 0 15 0 20 0 0 0 0 82 0 0 0 83 0 0 0 0 14 0 0 14 0 0 0 0 0 45 0 0 0 0 0 0 0 0 0 0 0 0 0 0 0 78 0 0 0
77 27 0 16 0 0 0 0 0 0 53 98 0 0 0 0 0 0 0 0 0 0 0 0 28 0 0 0 0 0 0 0 41 0 0 0 0 57 0 0 22 0 0 0 77 2 0 0 0 96 0 0 20 0 0 0 0 11 79 0 0 87 0 0 0 0 0 0 35 40 0 0 0 0 0 0 0 0 0 0 5 0 0 0 17 0 14 0 0 0 61 0 0 14 0 0 91 0 0 0
0 0 0 55 0 48 0 0 0 86 17 0 0 13 0 98 0 0 27 0 0 0 0 0 13 0 0 0 0 0 0 0 0 0 0 67 0 0 0 45 0 0 34 0 0 0 0 0 54 0 0 0 0 0 0 0 15 0 0 0 0 0 0 14 0 0 0 0 13 0 0 91 74 0 0 0 30 76 0 85 36 0 0 0 82 0 0 0 0 62 0 18 47 0 0 0 0 0 15 0
0 0 0 41 0 0 26 0 0 0 0 0 4 0 32 0 0 0 0 0 25 0 0 0 21 68 0 0 0 0 75 0 34 19 0 0 0 42 0 0 15 63 0 0 0 0 0 0 0 0 0 0 97 0 0 0 0 0 2 0 92 0 0 0 31 0 0 0 0 0 0 88 0 0 0 0 0 0 0 0 30 0 97 0 0 0 0 0 0 0 0 0 44 0 77 0 0 0 89 25
0 33 0 0 0 0 0 0 0 0 0 0 0 0 0 50 0 0 72 0 39 0 0 0 0 0 0 52 0 61 0 0 0 0 0 82 84 37 0 0 0 0 79 0 26 0 0 0 68 0 0 0 0 71 0 0 0 0 0 0 0 0 0 51 0 24 0 0 0 0 53 0 6 0 0 15 0 22 0 0 0 0 28 0 0 0 0 0 0 32 0 0 0 82 0 0 0 0 0 0
0 98 0 0 0 62 0 0 0 0 0 0 61 0 0 0 3 0 0 0 60 0 0 37 0 0 0 74 0 0 32 24 0 0 44 0 0 72 0 20 2 0 0 0 78 41 0 0 0 0 93 0 0 0 26 37 0 0 0 63 0 0 0 0 0 0 0 12 69 0 0 0 0 0 0 0 0 33 0 47 0 74 0 0 0 0 63 0 0 0 12 88 0 0 0 0 0 0 0 10
0 8 0 0 0 32 0 0 0 0 18 53 0 0 0 0 0 59 0 48 97 0 0 0 0 95 0 0 26 0 0 19 96 0 0 87 0 79 0 68 0 0 46 0 0 0 96 0 0 0 74 0 34 0 0 0 0 0 96 0 0 0 77 0 0 0 0 5 0 0 0 0 0 0 0 0 45 0 0 11 0 0 0 0 0 22 0 0 0 0 83 0 0 0 0 0 0 70 0 0
0 33 45 42 0 0 64 0 0 0 0 7 0 0 0 0 89 25 0 0 0 0 61 0 0 0 0 0 0 0 0 0 91 0 8 0 0 0 0 0 0 0 18 0 0 0 0 0 34 0 0 0 0 0 0 0 0 0 0 0 1 0 0 0 0 0 0 0 0 43 0 0 0 42 0 74 0 16 59 0 0 0 0 69 0 0 32 0 0 0 0 97 0 0 0 89 6 87 0 90
0 0 0 3 0 46 0 0 40 0 0 0 0 0 0 23 0 0 0 0 0 7 74 0 4 0 34 0 0 0 81 0 23 4 0 87 0 0 84 0 0 57 0 0 86 0 100 0 0 0 0 0 0 0 0 21 0 0 0 0 43 0 0 0 0 57 0 61 13 0 0 0 0 0 54 0 0 0 0 86 0 18 0 0 0 0 89 0 0 62 0 0 0 4 0 0 0 0 0 24
0 0 0 6 0 0 36 86 52 0 0 26 41 0 0 0 0 0 0 76 16 0 32 0 86 0 0 0 0 0 0 0 0 0 0 0 0 0 0 11 91 0 91 28 0 0 0 15 0 96 0 0 0 80 2 0 76 0 62 0 54 81 0 0 42 66 0 19 90 13 0 7 0 0 0 0 94 0 0 0 14 0 0 90 0 0 0 0 36 0 0 0 0 0 0 0 0 0 0 0
0 0 0 0 0 94 0 0 0 0 0 53 0 0 3 0 0 10 0 8 0 0 0 0 0 0 0 77 0 0 74 0 0 0 0 0 0 58 0 0 55 0 0 0 0 78 0 0 0 0 70 0 0 0 0 0 0 48 0 0 0 0 14 0 0 1 4 94 0 0 0 49 0 0 58 0 0 0 11 0 0 0 0 0 0 0 0 0 0 0 25 0 60 0 0 0 0 0 4 16
0 0 24 0 0 0 0 0 21 0 0 84 0 0 0 0 0 0 0 33 0 0 0 99 49 0 0 0 0 0 0 0 0 59 0 0 0 0 0 0 54 9 0 0 0 0 0 0 0 0 1 0 0 0 17 0 82 0 0 0 0 0 0 0 100 40 92 0 0 0 0 0 0 46 0 0 68 0 0 40 0 0 0 0 0 0 0 0 0 0 0 0 0 0 0 0 0 0 39 0
23 62 96 0 0 0 0 66 0 8 0 43 25 0 26 23 0 0 40 17 29 0 30 76 0 0 68 0 0 0 68 0 0 0 68 0 0 0 0 0 74 89 1 0 0 0 0 10 0 0 0 0 0 0 0 13 0 0 0 17 8 96 0 0 0 69 0 79 0 0 0 0 0 31 0 0 0 51 0 0 0 0 99 0 0 0 0 0 0 0 0 0 0 7 0 95 91 0 0 81
0 0 47 0 20 0 0 0 0 56 0 86 98 37 65 0 4 0 80 0 0 0 45 43 0 92 0 0 19 98 41 0 0 14 0 0 0 0 0 0 0 0 76 0 0 0 0 0 0 50 0 0 0 0 0 0 0 0 0 0 0 0 89 0 0 0 0 0 0 0 0 0 58 0 0 0 0 0 0 0 0 0 0 12 0 65 29 18 66 0 0 39 0 0 0 0 0 0 0 0
11 0 25 0 0 0 5 0 0 0 0 3 0 0 0 0 0 89 0 0 0 99 70 0 70 71 0 0 0 0 0 0 0 0 0 0 0 54 0 0 0 31 0 0 9 0 0 0 38 0 0 0 0 0 0 0 0 94 0 0 0 0 59 0 0 0 0 0 0 0 0 0 0 89 0 0 0 63 0 0 0 0 0 97 65 0 0 0 0 0 0 0 0 0 0 0 0 0 0 34
0 0 0 0 6 58 60 0 5 0 0 0 0 0 0 0 0 28 11 28 0 85 0 74 0 0 0 6 0 40 0 0 0 0 2 9 79 67 98 0 40 0 0 0 0 0 17 91 25 0 0 0 0 23 0 0 0 0 0 0 55 0 0 0 0 0 0 0 0 0 0 0 34 0 0 0 0 0 0 0 0 0 53 0 0 30 0 46 0 0 14 0 0 99 0 0 0 0 0 82
0 0 0 95 0 0 19 0 70 0 0 0 0 0 0 0 0 0 28 0 0 0 0 70 0 8 0 0 0 93 81 0 0 0 49 0 0 92 95 0 0 0 0 0 0 0 0 47 0 0 0 0 68 58 0 0 0 37 0 0 0 0 18 0 0 8 0 0 0 0 0 0 0 0 0 6 0 57 0 0 0 71 0 0 0 0 0 0 0 66 0 0 0 0 0 0 0 0 0 0
0 37 30 28 0 0 0 0 18 0 0 64 0 0 0 0 0 0 0 0 0 57 0 0 0 14 0 0 0 0 0 0 0 0 0 8 0 70 0 0 0 0 0 0 0 0 0 0 0 0 0 54 0 0 0 0 0 0 0 0 0 57 95 0 0 0 0 0 18 0 0 88 0 68 0 0 0 0 0 0 0 0 93 0 0 0 0 13 0 0 0 0 57 0 0 0 0 7 38 0
0 0 25 0 56 0 0 0 9 47 0 61 0 0 16 0 0 0 0 0 0 82 0 0 0 51 68 0 54 42 0 0 0 0 0 0 0 0 0 0 0 26 0 0 0 0 69 0 69 0 0 0 0 0 32 0 0 0 90 0 0 0 62 0 68 0 0 0 0 66 0 0 10 19 0 0 0 85 0 0 0 0 0 0 47 0 0 0 0 0 0 0 73 0 0 0 0 0 0 0
0 0 97 54 0 81 0 0 0 0 73 0 0 0 0 21 0 0 97 0 0 0 50 0 0 0 87 93 0 17 0 0 51 0 0 51 0 0 0 0 0 0 22 0 0 0 0 33 57 0 39 99 4 0 0 0 94 0 0 0 0 0 0 0 0 0 4 0 0 31 0 0 0 0 0 0 0 0 0 0 0 0 0 53 53 0 0 0 0 0 0 0 82 0 0 0 0 0 70 0
96 0 0 94 0 72 98 0 0 0 44 0 0 48 0 0 0 67 71 0 34 0 0 0 0 0 13 0 32 51 35 0 0 63 0 0 0 0 0 0 0 0 73 0 0 59 0 22 0 53 0 0 0 4 0 0 44 0 0 1 0 0 0 0 0 0 59 0 0 0 0 0 28 0 0 18 0 0 61 0 33 0 0 86 0 0 0 0 0 0 0 0 0 0 0 0 0 0 0 0
86 0 0 0 0 0 0 0 0 0 0 0 0 0 0 0 90 0 0 0 0 0 0 0 0 0 0 0 0 72 0 0 0 0 0 0 0 0 0 0 65 64 51 0 0 0 0 0 0 71 0 11 0 0 46 0 0 0 89 0 0 0 0 0 0 0 0 0 37 0 0 0 0 0 0 31 0 17 0 0 80 0 20 0 0 4 0 0 0 25 0 40 0 9 0 42 0 15 86 40
32 0 0 0 29 0 0 0 72 0 0 1 0 0 0 0 0 14 93 0 86 0 0 0 0 0 78 0 0 0 0 0 0 0 0 0 0 0 0 0 0 0 43 0 0 0 51 12 0 0 0 4 10 0 0 0 91 0 0 85 0 0 0 0 0 0 0 93 0 0 0 0 0 0 34 38 0 63 0 0 0 0 0 0 0 0 0 0 33 0 0 0 0 0 0 0 0 0 79 0
0 0 22 0 0 0 0 22 0 0 0 0 0 86 0 72 0 0 0 76 74 0 0 0 50 0 0 0 100 60 16 44 0 84 100 0 83 0 0 0 0 0 50 2 97 0 87 0 12 10 0 0 97 0 0 0 0 0 50 0 58 58 24 0 0 0 0 0 0 0 0 0 68 66 37 0 0 16 0 0 0 60 0 72 0 0 0 0 0 55 15 0 76 0 64 17 0 0 0 0
0 87 0 0 0 0 0 0 0 64 35 46 72 0 0 0 0 77 0 32 55 0 0 0 0 0 0 0 0 0 1 0 0 0 0 13 0 0 70 82 20 0 0 5 0 0 92 0 0 0 0 0 11 0 0 0 0 0 84 0 0 0 0 0 12 4 0 0 0 0 0 0 1 0 0 0 0 0 0 0 51 0 0 0 37 0 0 45 0 0 0 33 0 0 0 0 0 0 0 0
0 0 0 0 0 93 57 0 0 0 0 100 0 0 31 0 0 0 40 2 8 0 0 0 0 0 0 0 0 0 0 0 0 0 55 2 0 0 0 0 0 0 0 0 0 0 0 0 0 85 87 0 0 0 0 91 0 0 0 0 0 0 28 57 0 0 16 0 4 0 45 62 0 0 0 0 0 0 22 0 0 0 0 0 72 0 8 17 0 0 0 0 0 89 0 99 0 0 48 0
0 0 91 0 96 64 0 0 0 0 0 70 0 0 9 0 70 88 0 0 0 0 0 27 0 0 52 0 0 0 0 0 0 26 0 0 42 0 0 0 0 0 0 0 0 0 0 2 28 0 0 0 28 0 0 0 59 0 0 0 0 0 0 92 25 0 0 83 0 0 36 0 0 0 0 0 0 0 0 0 12 0 0 0 10 0 0 0 0 0 0 0 24 0 0 0 0 0 0 0
0 0 0 0 0 0 26 0 0 0 0 0 77 0 0 0 0 89 0 0 82 46 63 0 84 0 90 70 0 0 0 0 0 0 0 30 0 0 0 39 0 0 0 0 0 0 0 0 59 11 0 0 40 0 0 97 0 8 0 0 0 0 0 0 66 0 91 0 0 0 0 0 0 0 73 0 0 0 0 7 0 0 52 0 49 0 0 0 67 0 0 0 0 0 98 0 28 0 0 33
0 0 0 50 0 0 26 0 0 0 0 62 0 0 0 0 0 0 0 79 0 0 0 19 0 0 0 0 68 0 0 0 0 8 0 95 0 0 98 0 0 24 47 84 0 0 0 15 55 0 0 48 0 42 0 0 0 0 21 0 62 16 0 0 0 0 0 0 59 35 0 58 48 0 0 0 0 0 0 0 9 0 42 0 0 0 62 0 0 33 30 0 0 76 0 0 79 0 0 0
67 0 0 0 32 0 0 100 0 0 0 0 0 0 0 0 57 0 68 29 0 70 0 0 0 0 0 0 96 0 0 3 0 0 65 0 0 88 0 20 47 98 0 0 0 65 0 0 0 0 0 23 89 0 0 0 0 0 0 0 0 0 11 0 0 71 42 0 0 25 90 0 0 0 48 0 0 0 0 0 78 0 0 0 0 0 0 0 70 0 0 0 0 0 0 0 89 0 32 0
0 0 33 8 0 0 0 0 0 52 0 0 0 0 0 0 0 0 0 65 66 0 0 0 28 29 0 4 0 0 0 0 0 0 87 0 0 0 0 73 0 0 0 0 0 27 0 0 0 0 0 0 39 0 98 50 0 0 0 0 0 0 0 0 0 0 0 89 0 0 0 0 0 0 0 5 0 0 0 47 0 0 0 0 46 0 10 0 0 0 0 0 0 7 0 0 23 90 0 0
0 0 0 0 73 0 0 0 80 0 0 88 77 76 0 0 0 62 0 11 0 0 0 0 15 0 0 0 0 0 60 59 0 34 0 21 0 0 83 0 0 0 0 0 61 0 0 0 0 0 12 0 0 0 0 0 0 0 5 0 0 42 57 0 0 0 0 18 0 0 0 9 0 0 0 0 0 0 0 18 80 0 0 0 0 47 0 0 40 0 0 0 0 0 0 58 33 0 0 0
71 0 61 0 0 0 16 39 0 0 0 55 0 0 0 0 0 0 0 0 87 0 8 0 58 0 0 0 82 0 0 0 19 0 0 0 84 40 0 0 0 0 0 76 27 0 0 0 0 0 0 0 0 0 73 0 0 0 0 0 0 0 0 0 0 0 0 0 0 0 0 25 0 0 0 52 35 18 0 0 0 0 0 0 0 92 96 0 88 54 0 0 0 37 92 0 80 0 0 0
0 57 0 7 0 20 0 0 0 87 0 0 76 0 0 0 9 0 0 0 0 0 0 0 3 0 0 0 0 0 0 0 0 0 0 0 0 0 0 0 0 58 0 0 0 96 0 0 0 0 0 0 0 84 0 0 0 0 0 72 0 0 0 0 29 0 47 0 12 0 0 0 97 0 0 0 0 0 0 41 0 0 0 0 0 0 0 0 0 0 49 0 0 94 2 82 0 0 20 0
0 81 0 0 44 0 15 0 0 16 35 0 0 0 0 0 0 0 99 0 0 31 0 100 0 13 0 0 0 0 0 0 0 45 0 0 0 0 0 0 85 0 0 0 43 0 0 0 0 0 0 0 25 0 0 0 0 0 0 0 0 0 0 78 0 0 0 77 0 0 30 0 0 0 0 0 0 0 0 0 0 0 0 0 0 0 0 0 29 0 27 0 0 0 0 92 0 0 0 0
0 92 0 0 0 0 0 0 0 0 0 42 0 0 0 52 0 0 0 0 0 16 0 0 0 0 94 14 0 87 65 0 61 0 0 26 85 0 67 98 0 83 0 66 4 0 0 0 0 20 0 0 0 5 0 0 97 0 58 0 0 0 0 0 71 0 66 0 88 0 0 91 99 0 0 99 0 0 67 65 0 0 81 80 0 0 0 0 0 0 0 0 0 0 0 0 0 36 0 0
0 4 0 0 0 0 0 0 67 0 0 0 0 0 0 54 0 0 0 0 0 0 0 0 0 0 0 0 0 49 0 0 0 0 61 0 0 0 0 36 0 0 0 0 0 0 0 0 0 0 0 0 0 0 0 64 0 75 0 0 0 0 0 0 0 3 0 0 0 0 71 0 0 0 0 100 0 0 0 0 70 0 0 0 0 0 0 0 0 45 0 92 0 0 0 0 0 0 52 0
0 0 0 0 0 64 0 0 0 0 0 0 0 0 0 0 63 0 0 0 0 68 0 0 72 0 0 0 47 0 0 0 0 11 0 0 0 0 0 0 0 0 15 0 47 0 0 0 0 0 0 0 0 0 75 0 29 78 0 0 0 0 0 0 67 48 0 0 73 0 31 0 0 29 4 0 0 0 89 0 8 0 0 0 0 0 0 0 0 66 0 0 0 0 0 0 48 0 100 0
0 0 0 0 0 0 0 0 0 0 0 0 93 0 0 0 0 0 0 0 23 7 0 0 96 0 56 0 0 0 0 10 0 46 0 93 43 0 0 0 0 0 46 10 61 0 32 0 0 35 0 0 0 0 83 72 0 0 0 0 0 15 0 0 0 0 87 0 93 0 36 0 56 66 0 70 0 0 0 0 0 0 0 0 0 0 7 0 73 19 0 0 0 0 0 0 0 44 0 0
0 0 21 53 65 0 0 0 0 0 0 0 3 0 0 60 55 0 0 0 39 0 0 94 85 80 0 0 24 0 0 0 0 90 0 45 0 0 0 27 0 0 0 0 0 0 0 0 0 0 0 0 0 0 0 0 0 0 0 0 0 0 0 0 28 0 0 0 0 0 0 0 0 0 19 89 0 0 0 0 0 0 0 0 0 0 0 0 0 0 51 63 0 0 0 0 0 0 0 0
0 0 0 0 0 0 0 0 0 0 78 27 0 0 6 0 0 0 0 77 0 0 0 0 0 0 0 0 0 0 0 31 84 86 0 0 0 0 0 0 45 0 30 0 0 0 0 0 69 69 85 0 0 0 0 0 0 0 0 0 83 0 0 0 0 0 0 38 24 0 0 0 0 0 0 0 0 0 7 0 46 0 0 70 0 0 0 0 0 0 0 0 43 0 28 0 0 0 14 0
0 30 0 0 0 0 0 40 46 17 0 21 21 0 0 2 0 55 0 0 72 0 0 0 0 0 92 0 11 0 0 0 0 70 0 0 0 0 0 0 0 99 0 0 77 0 0 0 0 0 0 0 0 0 53 0 0 0 95 0 0 0 0 0 0 0 0 0 26 0 0 70 57 0 0 0 0 0 58 0 0 22 0 0 0 55 0 0 95 0 0 77 0 0 0 0 0 0 0 0
0 0 98 0 0 23 0 16 0 0 6 0 0 45 0 0 0 81 22 0 0 0 0 8 87 0 38 54 17 0 0 0 0 0 54 0 0 0 91 0 0 0 0 78 28 0 0 0 52 0 7 0 77 60 0 0 48 0 47 0 0 0 0 0 50 71 97 0 0 0 0 0 0 0 0 0 0 10 90 0 0 0 0 0 0 0 0 0 0 0 0 0 91 0 80 15 0 0 0 53
0 0 0 0 2 0 0 23 0 0 0 0 0 0 0 0 0 0 0 0 0 33 0 0 5 64 0 0 0 0 77 0 0 0 0 0 0 0 0 0 0 0 0 0 0 21 70 0 0 56 0 71 0 0 0 0 0 54 0 0 0 21 0 0 0 0 3 0 0 0 0 7 0 0 0 0 70 0 0 15 0 0 0 0 0 0 0 81 0 0 0 0 81 54 0 50 94 0 0 0
0 0 0 0 0 0 0 0 0 0 0 45 17 0 0 0 0 0 0 0 69 0 0 0 82 0 0 49 0 0 0 0 0 0 0 0 2 88 0 0 88 0 0 0 0 33 41 29 70 0 0 0 0 0 0 0 3 0 63 0 0 58 0 0 0 0 0 0 0 46 49 0 0 0 0 0 86 84 0 47 0 0 0 0 28 0 0 4 61 0 0 0 0 0 0 0 0 0 0 0
0 0 19 13 0 0 0 0 0 37 0 65 73 0 0 0 69 0 11 0 0 0 0 83 0 0 0 0 0 0 0 0 27 35 0 0 83 0 0 24 100 0 0 49 0 0 0 0 0 0 0 0 13 0 99 76 0 20 0 0 0 10 0 0 0 0 0 0 88 18 0 3 0 97 0 82 29 0 0 0 0 0 0 0 92 0 88 0 0 70 30 86 0 0 86 0 0 0 53 0
96 0 0 0 52 0 35 0 0 0 0 0 0 0 0 0 0 0 0 0 0 0 0 31 0 89 0 0 0 0 0 0 0 0 45 0 0 0 5 81 0 59 0 0 0 74 0 8 0 0 11 0 0 84 0 0 87 0 71 0 0 0 64 4 0 0 0 95 0 1 0 37 0 0 0 90 0 0 0 0 0 0 46 0 0 0 64 30 0 31 47 81 0 18 83 93 12 0 15 0
0 66 0 0 0 43 0 0 0 0 0 0 0 0 0 0 0 0 0 0 91 0 0 0 0 87 0 0 0 0 22 67 0 0 0 0 0 0 0 0 0 0 85 0 0 57 0 97 0 0 0 56 0 0 0 0 0 0 0 8 0 0 0 0 0 0 0 57 0 49 0 0 0 0 8 0 0 0 94 0 0 93 0 0 0 0 0 65 34 0 50 0 0 0 0 0 0 3 0 0
90 75 0 0 0 89 0 0 69 47 0 36 0 15 0 32 3 0 0 87 0 0 0 0 0 0 0 0 24 0 0 0 0 90 0 49 0 0 6 0 0 24 0 95 0 47 0 33 0 0 0 0 0 0 0 0 0 38 0 0 0 53 0 0 2 0 0 0 0 0 66 7 0 0 15 0 0 0 89 0 27 0 59 0 0 0 0 0 0 0 0 0 0 10 0 93 47 19 89 0
0 0 48 0 0 0 89 0 13 57 0 0 35 0 0 0 88 0 0 0 0 0 0 0 0 0 10 0 48 0 0 0 0 0 0 0 0 0 0 67 0 0 0 0 0 57 0 0 0 0 68 0 0 0 0 0 0 91 0 35 0 0 0 0 0 0 0 0 0 83 0 0 44 0 0 0 79 54 88 0 0 0 26 0 0 0 81 0 65 0 0 0 0 0 0 0 0 0 0 0
0 0 99 79 0 0 0 50 0 0 0 0 0 0 0 0 0 0 0 0 0 79 99 0 0 70 40 29 0 0 0 0 0 0 0 65 0 0 0 0 0 0 0 0 0 24 3 0 84 0 0 25 81 38 73 0 0 0 0 31 0 0 0 0 0 75 0 0 0 0 0 0 0 0 17 0 26 0 0 0 88 0 0 0 0 0 45 0 0 0 0 0 0 0 0 94 0 0 0 0
0 0 0 82 0 0 0 39 0 0 0 61 22 43 52 76 0 73 0 41 0 3 0 0 0 0 0 0 0 94 0 81 8 0 25 42 5 0 41 0 100 68 0 0 0 0 0 65 0 0 0 83 0 0 0 0 0 0 0 0 0 0 0 0 0 0 0 21 0 0 0 29 2 8 0 0 0 0 0 0 0 0 0 0 34 15 29 0 0 51 35 0 0 0 0 0 0 0 0 0
0 23 0 0 69 0 0 0 0 63 0 0 0 93 0 0 0 0 0 0 0 2 0 0 57 0 0 7 0 0 0 0 0 0 0 0 0 0 0 0 60 25 0 0 91 0 34 0 0 0 0 32 77 0 10 9 0 0 0 0 0 0 0 80 65 0 81 0 0 38 0 83 21 0 32 0 0 0 26 0 0 0 0 0 0 0 0 0 0 96 0 56 0 86 0 0 0 98 69 33
0 0 29 0 0 6 62 0 0 0 81 1 0 0 0 0 0 54 25 22 0 0 0 0 0 0 0 0 0 0 0 0 0 0 0 82 0 28 0 0 0 72 0 0 33 34 0 0 0 21 0 0 0 25 0 0 0 0 0 16 0 0 27 23 64 0 0 0 32 74 0 0 38 0 0 0 0 0 0 0 19 0 0 74 0 0 0 0 0 0 12 0 0 0 0 0 0 0 30 77
56 0 0 0 0 0 0 0 0 41 0 0 0 0 0 0 0 0 0 0 0 0 0 0 46 0 0 0 0 75 0 0 50 12 0 29 0 0 5 0 0 0 38 0 0 0 0 0 0 0 0 48 0 0 41 0 0 0 0 0 0 0 47 0 50 0 0 0 0 0 7 0 0 0 0 0 0 0 0 0 0 0 0 0 82 0 0 21 0 0 0 0 0 0 70 17 0 77 0 0
18 0 0 0 38 0 0 0 0 0 0 0 0 0 53 48 0 0 0 0 0 0 0 0 0 0 0 85 0 60 0 0 0 22 0 85 50 16 0 0 0 47 0 0 0 94 85 0 0 76 6 98 82 0 63 0 98 3 0 0 0 0 0 0 13 0 0 0 0 0 0 0 0 0 0 0 0 73 0 0 41 78 26 0 0 0 0 0 0 0 0 0 0 0 0 37 0 0 0 40
6 53 0 81 54 0 0 0 0 0 0 90 4 0 0 86 0 0 12 0 0 0 0 71 0 82 66 0 0 0 0 0 0 0 0 0 0 0 16 9 13 0 29 0 0 96 57 0 0 0 0 46 0 0 20 5 0 0 0 3 0 5 82 0 0 0 0 0 63 0 0 13 68 16 0 0 0 0 0 0 0 0 0 28 0 0 0 0 0 0 23 0 0 80 0 30 0 0 0 0
0 0 0 90 0 0 0 0 0 92 0 0 85 0 0 9 0 0 0 0 0 0 0 0 0 0 42 25 0 0 78 0 0 0 0 0 20 19 0 0 0 0 0 0 0 41 0 33 0 0 0 0 0 91 0 0 0 0 0 24 0 0 0 0 0 0 24 0 0 0 53 0 42 0 0 0 0 1 0 0 43 0 61 0 0 0 0 46 39 0 0 0 0 24 89 0 53 0 0 0
0 0 0 0 0 0 0 0 0 0 51 0 0 0 0 57 0 0 0 0 88 0 0 78 0 0 0 26 4 0 0 28 0 3 41 0 18 57 0 0 0 0 0 18 0 0 0 0 0 0 0 72 21 0 0 0 0 26 0 0 0 0 0 0 0 0 0 0 0 0 0 0 0 55 0 0 0 0 0 0 0 0 0 0 0 0 37 2 0 0 0 0 69 0 0 0 0 0 0 64
0 0 0 0 33 0 0 0 28 0 0 0 0 23 0 18 0 0 0 0 0 0 0 0 71 0 0 0 0 7 0 28 0 0 73 0 0 0 0 0 0 10 0 47 0 0 0 0 0 0 0 0 0 94 0 0 80 54 0 77 0 0 0 0 0 0 43 0 23 0 0 0 0 0 0 32 0 0 0 99 0 0 0 97 0 0 0 0 0 0 0 76 0 0 0 0 0 0 79 76
0 73 0 0 0 34 0 0 0 95 22 44 0 0 0 9 0 0 99 55 0 0 0 0 35 0 0 0 0 0 26 22 0 0 0 0 0 0 0 0 0 0 0 0 0 0 0 0 0 0 0 37 100 0 41 43 0 0 0 0 50 2 0 55 0 0 0 0 0 0 0 48 0 87 0 0 68 0 0 0 0 0 0 0 6 0 0 88 0 0 0 0 0 0 0 0 0 0 0 0
0 97 0 0 0 0 0 16 0 0 0 0 50 0 93 0 0 0 0 31 0 0 0 43 0 0 0 0 0 0 0 43 0 0 0 0 0 0 0 0 0 0 0 59 0 0 0 0 0 0 57 0 0 19 0 0 3 86 0 0 0 17 0 0 0 0 0 0 0 0 0 0 24 56 92 56 0 0 58 0 0 0 0 0 0 0 0 0 0 0 85 0 0 22 83 0 0 8 0 0
0 0 56 0 0 0 0 96 0 0 45 98 0 74 0 0 0 0 0 0 0 8 0 0 0 0 0 0 68 98 0 0 0 0 0 0 0 0 0 0 29 0 0 0 0 0 0 0 75 0 0 0 0 0 0 0 0 0 0 0 0 0 0 44 0 0 0 0 30 0 0 38 22 0 0 0 65 0 0 56 0 3 74 0 16 0 0 0 0 0 0 0 0 0 0 0 0 26 0 0
31 0 12 0 19 0 0 0 0 0 52 0 0 62 0 31 0 0 0 0 5 35 0 0 28 0 0 0 0 0 0 0 0 20 0 0 0 0 100 0 0 0 87 47 43 0 0 0 0 0 0 0 0 0 0 0 0 89 0 0 0 25 0 38 99 0 0 47 0 0 0 0 0 0 96 0 0 0 0 0 23 0 0 0 98 0 99 0 0 0 90 0 0 0 53 0 74 0 0 43
88 0 0 0 0 0 0 48 0 81 89 0 0 0 93 0 0 0 0 29 0 29 15 0 60 0 0 59 0 0 0 0 62 0 30 0 0 0 0 0 0 92 87 98 0 0 0 0 60 0 0 0 88 98 55 11 46 0 0 0 0 0 0 0 0 16 0 0 0 0 36 76 0 0 0 0 6 0 0 79 32 0 0 30 5 57 63 77 0 0 0 0 0 0 0 0 0 0 0 0
0 0 10 0 0 23 0 0 0 0 0 0 0 0 0 0 36 0 36 0 0 0 0 49 0 0 36 0 0 45 0 0 0 0 0 0 0 0 54 6 0 0 0 0 0 0 0 0 0 0 0 58 67 0 0 0 0 0 77 0 0 25 0 0 0 44 9 0 0 19 0 0 0 74 0 35 0 0 0 43 0 0 0 0 0 0 0 0 0 0 82 0 31 0 92 0 71 0 0 0
2 0 61 7 90 0 0 0 0 21 0 0 0 77 0 77 0 6 0 0 80 0 0 0 37 0 0 0 0 60 0 0 98 89 0 0 0 0 58 0 0 0 0 0 0 0 0 0 0 0 92 0 0 51 62 45 24 0 55 86 0 0 0 0 96 23 0 0 0 0 69 0 0 0 0 0 0 50 0 0 0 0 0 0 0 0 0 0 0 60 57 0 0 0 0 8 68 41 0 13
0 0 0 0 0 0 0 0 0 0 0 0 26 0 0 58 0 0 0 0 0 0 0 0 0 13 59 0 0 0 0 0 0 0 21 86 0 0 0 75 24 0 1 63 0 58 0 0 0 0 0 0 26 0 0 0 24 0 0 0 0 0 58 0 0 0 35 0 0 0 0 15 40 0 0 0 0 0 72 0 0 0 0 0 0 0 0 0 0 0 0 0 0 0 0 0 0 0 0 0
0 0 0 0 55 11 0 92 34 37 0 0 0 0 6 0 23 0 0 0 0 0 0 0 0 39 0 100 0 0 0 0 0 91 0 0 63 0 0 0 25 0 0 98 0 0 25 0 0 0 0 91 0 8 0 0 0 15 0 41 84 0 0 82 0 58 0 46 0 30 0 0 44 13 0 0 0 0 0 96 0 41 0 0 91 0 0 0 9 0 37 0 0 4 31 0 0 72 0 0
0 0 28 0 0 15 0 0 0 0 0 0 0 0 8 83 0 0 0 0 0 0 84 41 0 0 98 0 45 0 2 0 0 1 0 52 0 0 0 0 0 0 0 0 0 0 0 0 46 0 0 68 0 0 0 33 0 0 36 0 0 0 0 0 0 0 0 0 67 0 54 0 0 0 0 0 0 0 0 0 0 0 0 0 0 0 0 95 0 0 0 27 72 0 84 0 0 0 0 0
0 0 0 0 96 90 87 0 0 37 0 0 0 82 0 0 0 0 0 0 0 21 0 0 0 0 0 0 50 72 0 0 96 82 0 0 0 23 0 0 0 85 0 13 29 0 0 0 0 90 0 0 0 0 0 36 0 0 0 0 0 73 0 0 0 0 0 0 0 34 0 0 0 0 82 0 45 56 0 94 0 73 89 0 45 0 0 0 0 0 0 0 0 0 0 0 41 0 0 19
0 0 30 0 0 95 0 0 0 29 0 0 0 0 0 0 0 0 36 59 0 0 66 0 0 0 54 0 20 0 76 0 58 83 0 0 0 1 0 0 0 0 0 0 0 0 0 67 0 0 0 6 0 9 0 0 0 0 0 0 0 0 0 0 0 50 0 0 43 0 0 99 0 0 40 0 0 19 0 0 0 58 0 60 0 80 0 0 0 0 0 83 0 0 0 16 0 73 0 51
0 0 0 0 83 0 0 0 0 0 0 0 0 0 0 0 0 61 30 61 94 32 19 0 0 0 86 0 30 0 0 0 0 0 0 0 0 0 0 0 0 0 0 0 0 0 0 0 0 0 0 0 0 0 0 0 0 0 0 51 0 21 0 0 0 0 87 0 0 34 0 0 0 0 79 76 0 0 0 0 0 0 99 0 0 0 0 0 66 9 0 0 0 0 0 0 0 19 75 18
92 0 0 0 0 0 88 0 0 0 0 0 0 14 0 0 0 0 0 34 0 0 21 0 53 99 37 0 0 93 0 55 0 0 0 69 0 0 65 0 0 0 0 0 29 0 2 0 21 0 0 0 0 90 93 0 0 0 65 19 87 0 0 0 91 0 0 0 0 84 0 0 0 16 0 0 2 0 0 0 84 0 0 88 0 0 0 0 0 0 0 0 0 91 0 0 7 0 0 51
0 0 0 0 0 0 0 43 0 0 0 0 95 55 35 19 0 0 0 28 0 59 0 0 0 0 35 0 81 3 0 31 0 0 57 0 0 0 0 0 0 15 21 0 0 33 54 0 0 0 0 20 26 0 0 0 0 0 0 0 0 0 0 0 0 52 0 43 93 42 0 0 0 71 0 0 0 0 0 0 0 56 0 0 0 0 0 0 0 0 0 0 0 0 0 0 0 0 0 0
0 51 61 0 0 0 0 0 18 66 0 82 0 0 0 0 0 0 0 0 22 0 53 17 2 83 0 0 0 0 0 0 0 0 0 7 0 0 2 0 0 0 0 9 0 0 28 0 0 0 61 0 0 0 0 0 0 61 0 33 89 0 0 0 0 57 0 0 0 0 24 0 16 0 0 0 0 0 0 0 0 0 0 0 37 41 35 0 0 0 0 2 0 0 0 0 0 0 33 9
0 0 0 0 0 0 0 0 76 52 55 0 0 0 0 0 0 59 0 39 0 0 15 0 0 0 0 0 35 0 0 0 0 0 0 0 0 0 0 1 0 0 0 0 0 0 36 0 0 0 0 0 0 0 47 0 76 0 0 0 0 0 0 0 0 0 0 0 93 0 31 0 0 0 0 0 0 0 0 0 0 0 42 0 0 86 0 0 0 0 0 0 0 0 56 0 39 0 1 0
0 0 0 0 0 15 33 0 0 0 0 0 0 0 79 0 0 0 63 0 0 0 0 43 0 0 0 44 0 0 0 0 0 0 45 0 80 0 0 89 0 0 0 0 0 0 0 16 0 0 0 0 0 0 0 0 0 0 0 0 0 59 0 0 0 0 38 0 0 0 26 49 1 0 0 0 0 29 0 0 0 0 0 34 0 71 0 0 82 0 0 0 56 0 0 0 0 26 0 40
0 0 71 99 0 32 0 0 0 0 0 0 6 0 0 0 0 98 44 0 0 0 0 0 0 98 0 0 0 0 0 0 0 0 60 0 0 0 0 0 0 0 0 0 0 0 0 0 75 0 0 0 38 0 0 0 0 52 0 88 60 0 0 78 12 20 0 0 0 4 0 45 0 0 0 0 0 0 0 0 56 0 0 0 0 28 3 35 0 9 95 0 0 0 0 0 0 0 65 0
0 0 52 0 0 0 0 0 0 0 0 0 73 0 0 24 0 0 31 94 0 0 0 25 0 48 0 0 0 0 0 18 0 0 0 0 90 0 52 0 0 0 16 44 0 0 0 0 0 0 0 0 0 0 39 0 0 0 0 20 35 64 0 0 0 0 0 0 0 0 0 0 0 0 0 0 23 0 0 0 0 0 0 0 0 0 0 78 0 0 0 0 49 22 0 0 0 0 52 35
0 0 0 92 0 88 43 85 0 0 2 0 82 0 0 0 85 82 0 0 0 54 0 0 0 0 86 0 57 0 71 0 0 0 0 0 0 0 0 0 39 68 17 20 0 100 14 84 0 0 0 0 0 0 0 0 0 0 0 0 0 16 0 0 0 0 19 0 0 0 0 0 78 0 0 70 0 0 0 0 0 0 0 0 0 0 0 0 0 35 96 87 0 1 0 74 22 0 0 0
0 0 88 0 0 0 0 0 72 0 0 0 0 0 0 37 100 0 0 0 0 0 22 0 66 54 0 0 0 0 0 0 69 0 0 0 0 92 46 99 0 0 0 53 88 82 0 0 27 0 49 0 0 0 0 0 0 0 0 88 0 0 0 40 0 13 0 0 0 0 0 98 0 78 0 0 0 0 0 0 29 0 0 0 0 0 0 7 0 27 0 0 80 7 0 0 0 8 0 0
0 0 94 0 0 0 0 0 0 0 0 0 0 0 0 0 95 2 0 0 0 0 43 0 0 0 43 0 0 0 0 0 0 0 63 0 0 3 12 0 0 0 69 0 0 99 70 0 20 0 57 0 0 61 0 0 34 0 0 0 0 0 0 4 0 0 91 0 0 34 0 0 42 0 93 0 0 0 0 46 0 0 80 0 0 44 0 0 0 0 55 0 59 0 0 0 0 0 0 0
0 0 0 74 0 0 0 0 96 0 13 0 0 0 0 0 0 0 0 0 0 0 95 0 0 0 0 0 0 0 90 34 0 0 0 0 0 9 0 0 0 0 19 0 71 10 37 0 0 0 0 0 86 0 0 0 0 0 0 0 0 0 0 0 0 0 0 0 0 88 64 80 63 52 0 0 75 0 0 0 43 49 85 0 0 0 0 0 0 0 96 18 0 0 0 0 0 0 66 0
0 0 0 0 0 0 0 0 0 33 0 0 0 0 69 0 0 0 0 0 0 80 96 0 0 7 0 98 8 0 0 0 0 0 0 0 0 0 0 50 0 0 11 0 86 0 0 0 0 0 0 0 0 65 0 0 0 0 19 0 89 0 0 24 0 0 79 0 0 0 0 0 0 80 0 16 0 0 0 37 0 0 0 0 0 0 0 0 0 60 0 0 0 0 0 33 0 83 5 0
0 0 0 0 72 0 0 0 0 0 0 0 0 0 0 0 0 66 0 0 0 0 0 0 0 0 0 0 58 52 0 0 0 0 0 83 0 0 0 0 0 0 48 0 0 81 0 85 0 0 50 0 0 0 0 0 0 56 0 0 41 0 0 0 71 0 0 0 0 0 0 0 0 0 0 0 0 0 0 0 0 0 0 0 78 0 0 0 0 0 0 0 0 68 0 64 0 39 0 55
0 0 62 0 10 0 58 0 0 0 0 0 100 0 0 0 49 0 0 0 71 0 34 0 0 0 0 67 0 0 60 0 0 0 0 0 0 94 0 0 39 0 0 0 0 0 23 0 0 0 47 0 100 0 0 0 0 0 12 0 0 94 0 0 0 0 0 0 0 0 28 0 0 0 0 0 49 28 0 0 0 0 0 0 0 0 25 0 0 0 0 0 0 0 0 0 0 0 96 0
0 0 0 0 0 93 0 0 0 95 0 0 0 0 0 0 0 0 0 0 0 0 0 0 0 0 0 0 90 0 0 90 0 0 0 0 0 0 0 0 0 0 0 63 0 0 0 43 0 0 0 0 68 0 0 0 0 0 0 68 78 0 0 0 0 0 0 0 0 0 0 75 0 75 0 68 0 8 0 0 67 0 0 42 45 60 0 99 0 0 92 0 0 0 0 0 1 0 0 75
33 84 0 0 0 0 0 63 0 0 0 70 0 10 0 0 0 87 0 23 0 81 5 60 10 0 83 16 0 0 0 0 0 0 0 9 76 0 0 0 0 0 0 16 0 0 0 0 0 0 0 28 0 0 0 0 0 0 92 0 0 0 0 0 3 0 0 0 0 0 66 0 0 4 0 84 35 0 0 0 91 15 81 61 0 0 0 0 0 0 0 0 0 81 0 0 84 0 0 0
77 0 0 0 0 0 0 4 47 52 27 0 0 0 0 0 28 92 0 0 0 52 0 0 4 0 92 0 0 0 0 0 59 0 0 0 0 0 0 94 1 33 0 94 0 0 0 0 0 7 0 0 0 0 1 0 0 0 0 60 0 0 0 0 0 0 14 0 0 0 0 64 0 0 0 0 9 13 0 0 0 0 0 0 72 0 87 0 50 0 0 60 0 0 0 0 0 19 0 0
0 0 0 0 54 0 0 0 0 0 0 0 73 0 0 0 0 86 0 62 0 0 5 95 57 0 0 52 0 0 0 0 0 0 0 0 95 33 93 0 0 0 0 0 0 0 0 0 45 81 0 48 43 0 0 52 0 0 0 0 0 28 0 0 0 0 0 0 0 1 0 99 0 0 0 85 41 0 0 40 0 0 0 86 0 0 0 35 0 0 0 0 0 0 0 98 0 0 0 0
0 0 0 37 0 0 0 0 0 0 12 19 0 0 0 0 0 12 0 0 0 0 55 0 51 0 72 0 12 0 0 21 38 0 0 0 0 0 0 0 0 0 0 70 0 0 0 0 0 0 0 0 0 32 0 0 0 0 0 0 1 0 53 0 0 21 0 26 0 0 0 13 0 0 0 0 44 0 51 0 96 74 0 0 75 0 0 0 0 0 0 0 0 0 0 16 0 0 0 0
60 0 0 25 53 0 0 0 0 0 0 0 0 0 0 0 0 0 0 0 0 0 0 0 0 0 0 0 0 0 57 0 84 0 0 0 0 0 3 0 0 0 33 58 0 0 68 0 0 0 0 0 0 0 33 0 0 0 0 0 0 70 68 55 0 0 36 0 0 0 0 0 0 0 0 10 0 0 0 0 42 0 0 3 0 0 0 54 0 0 14 96 0 0 59 0 0 0 56 0
0 0 0 0 0 34 0 81 10 51 0 57 0 75 0 65 80 0 0 45 0 0 31 28 0 0 79 0 0 0 0 0 0 0 0 0 0 0 0 0 0 0 70 0 19 0 0 5 0 0 12 0 0 0 0 0 0 0 0 0 0 61 0 0 3 0 83 0 0 0 81 0 45 0 0 82 0 73 0 0 6 0 100 0 0 0 0 0 0 0 74 0 0 0 0 0 0 35 39 0
0 0 0 0 41 0 0 37 0 0 0 0 0 70 0 0 73 0 0 0 0 0 0 51 0 0 0 0 0 27 0 0 0 0 75 0 0 0 91 0 0 0 81 88 19 62 0 0 80 0 0 0 78 0 0 0 0 0 0 68 0 0 17 0 0 0 0 0 98 0 0 0 0 0 94 0 0 0 0 0 18 0 0 77 0 0 0 0 0 0 54 0 0 0 16 0 0 0 0 18
0 0 0 0 0 0 81 0 0 0 0 0 74 0 3 0 0 0 0 97 96 0 0 0 0 69 0 0 0 87 0 0 0 0 0 0 0 0 0 0 0 79 66 86 0 0 0 0 0 0 0 0 0 0 76 0 0 0 37 0 52 0 0 0 0 0 0 58 0 0 0 28 0 0 0 0 52 0 26 0 0 17 52 0 0 0 0 96 92 0 79 0 0 0 62 0 0 17 80 0
0 0 56 0 64 0 0 78 0 79 24 0 0 0 0 2 0 0 0 0 0 0 0 15 93 0 99 42 50 0 0 0 0 0 93 36 0 57 0 0 0 0 53 0 36 0 0 8 0 0 0 0 100 0 0 0 0 0 10 0 0 0 0 0 54 4 0 68 0 47 83 48 0 0 23 0 0 0 0 0 0 43 0 0 80 0 0 0 0 0 0 0 0 0 42 0 0 0 0 0
0 0 89 0 32 0 0 97 13 0 0 0 48 81 0 82 64 24 0 0 0 33 39 0 0 0 0 0 60 92 0 0 0 0 0 0 0 0 0 0 0 86 0 0 0 15 0 0 0 0 0 0 0 70 0 0 0 0 0 0 0 63 51 56 0 0 0 0 35 20 0 0 0 0 67 81 0 0 0 0 38 0 0 82 0 0 0 0 0 0 0 0 0 0 0 0 0 0 0 0
99 0 1 0 0 0 0 0 0 0 59 0 5 0 0 24 0 0 87 0 0 0 0 0 0 0 37 0 0 0 0 11 9 0 0 0 0 0 15 0 0 0 0 0 0 73 0 0 0 0 0 0 0 24 11 0 0 0 94 0 0 69 0 0 0 0 23 73 72 0 0 0 0 0 0 1 0 0 17 0 0 0 0 0 0 0 0 0 65 0 0 0 0 0 0 0 40 74 0 0
0 0 0 0 34 0 52 87 0 0 19 0 0 0 0 0 0 0 0 0 0 0 0 0 0 0 0 0 71 0 19 73 0 0 71 0 0 74 0 0 86 0 24 24 0 0 0 15 0 6 0 0 0 0 0 0 0 0 0 0 36 0 0 0 62 0 0 0 0 0 0 0 0 0 0 0 0 46 0 0 0 0 0 0 0 45 0 0 0 0 74 0 0 64 56 0 0 0 26 0
0 0 0 0 22 0 0 70 0 0 0 0 0 59 59 56 1 0 25 0 0 94 0 0 0 0 0 0 0 0 34 0 0 0 0 45 26 0 39 0 62 41 0 0 0 0 0 0 0 0 0 0 0 0 0 84 0 36 0 0 0 0 36 0 0 0 90 0 0 0 0 37 0 0 84 0 0 0 0 0 84 0 0 0 0 0 0 0 0 0 0 0 0 0 0 0 39 0 0 0
37 79 0 34 0 0 0 0 0 0 25 19 0 0 0 0 0 0 0 0 0 0 0 0 95 0 0 0 0 0 0 0 42 0 0 0 0 59 0 0 43 0 0 0 74 26 0 0 0 98 0 0 98 0 0 0 0 24 95 0 0 31 0 0 0 0 0 0 19 45 0 0 0 0 0 0 0 0 0 0 43 0 0 0 95 0 83 0 0 0 99 0 0 95 0 0 99 0 0 0
0 0 0 22 0 41 0 0 0 95 37 0 0 29 0 98 0 0 72 0 0 0 0 0 24 0 0 0 0 0 0 0 0 0 0 19 0 0 0 76 0 0 21 0 0 0 0 0 77 0 0 0 0 0 0 0 22 0 0 0 0 0 0 38 0 0 0 0 37 0 0 59 19 0 0 0 81 18 0 46 89 0 0 0 67 0 0 0 0 15 0 78 59 0 0 0 0 0 74 0
0 0 0 10 0 0 61 0 0 0 0 0 66 0 69 0 0 0 0 0 85 0 0 0 80 86 0 0 0 0 37 0 8 97 0 0 0 46 0 0 27 86 0 0 0 0 0 0 0 0 0 0 70 0 0 0 0 0 6 0 16 0 0 0 52 0 0 0 0 0 0 51 0 0 0 0 0 0 0 0 28 0 5 0 0 0 0 0 0 0 0 0 13 0 42 0 0 0 21 97
0 84 0 0 0 0 0 0 0 0 0 0 0 0 0 24 0 0 40 0 42 0 0 0 0 0 0 85 0 32 0 0 0 0 0 57 68 23 0 0 0 0 75 0 49 0 0 0 1 0 0 0 0 71 0 0 0 0 0 0 0 0 0 76 0 58 0 0 0 0 88 0 86 0 0 95 0 51 0 0 0 0 48 0 0 0 0 0 0 49 0 0 0 37 0 0 0 0 0 0
0 78 0 0 0 72 0 0 0 0 0 0 44 0 0 0 85 0 0 0 76 0 0 64 0 0 0 26 0 0 72 26 0 0 15 0 0 45 0 12 21 0 0 0 44 66 0 0 0 0 76 0 0 0 64 20 0 0 0 56 0 0 0 0 0 0 0 8 54 0 0 0 0 0 0 0 0 57 0 17 0 91 0 0 0 0 18 0 0 0 57 49 0 0 0 0 0 0 0 88
0 33 0 0 0 56 0 0 0 0 20 42 0 0 0 0 0 14 0 64 69 0 0 0 0 17 0 0 85 0 0 61 52 0 0 96 0 67 0 36 0 0 90 0 0 0 68 0 0 0 25 0 1 0 0 0 0 0 98 0 0 0 29 0 0 0 0 15 0 0 0 0 0 0 0 0 86 0 0 27 0 0 0 0 0 93 0 0 0 0 56 0 0 0 0 0 0 27 0 0
0 36 19 15 0 0 14 0 0 0 0 38 0 0 0 0 45 16 0 0 0 0 30 0 0 0 0 0 0 0 0 0 99 0 98 0 0 0 0 0 0 0 68 0 0 0 0 0 97 0 0 0 0 0 0 0 0 0 0 0 81 0 0 0 0 0 0 0 0 40 0 0 0 28 0 86 0 32 31 0 0 0 0 45 0 0 4 0 0 0 0 63 0 0 0 62 54 99 0 50
0 0 0 96 0 46 0 0 62 0 0 0 0 0 0 96 0 0 0 0 0 76 14 0 55 0 28 0 0 0 29 0 55 51 0 68 0 0 89 0 0 39 0 0 47 0 11 0 0 0 0 0 0 0 0 59 0 0 0 0 69 0 0 0 0 60 0 68 34 0 0 0 0 0 61 0 0 0 0 21 0 88 0 0 0 0 40 0 0 40 0 0 0 67 0 0 0 0 0 58
0 0 0 96 0 0 48 91 65 0 0 1 25 0 0 0 0 0 0 25 1 0 79 0 86 0 0 0 0 0 0 0 0 0 0 0 0 0 0 90 79 0 2 20 0 0 0 64 0 72 0 0 0 80 7 0 38 0 49 0 84 14 0 0 81 46 0 5 23 45 0 39 0 0 0 0 96 0 0 0 48 0 0 80 0 0 0 0 32 0 0 0 0 0 0 0 0 0 0 0
0 0 0 0 0 98 0 0 0 0 0 85 0 0 51 0 0 85 0 32 0 0 0 0 0 0 0 94 0 0 74 0 0 0 0 0 0 6 0 0 70 0 0 0 0 20 0 0 0 0 1 0 0 0 0 0 0 88 0 0 0 0 47 0 0 66 96 24 0 0 0 61 0 0 47 0 0 0 13 0 0 0 0 0 0 0 0 0 0 0 46 0 16 0 0 0 0 0 45 42
0 0 12 0 0 0 0 0 74 0 0 68 0 0 0 0 0 0 0 41 0 0 0 98 37 0 0 0 0 0 0 0 0 33 0 0 0 0 0 0 87 98 0 0 0 0 0 0 0 0 65 0 0 0 91 0 1 0 0 0 0 0 0 0 11 78 100 0 0 0 0 0 0 52 0 0 40 0 0 30 0 0 0 0 0 0 0 0 0 0 0 0 0 0 0 0 0 0 38 0
96 72 11 0 0 0 0 43 0 83 0 79 95 0 4 99 0 0 12 8 35 0 70 27 0 0 8 0 0 0 90 0 0 0 78 0 0 0 0 0 88 17 7 0 0 0 0 48 0 0 0 0 0 0 0 46 0 0 0 59 77 50 0 0 0 31 0 17 0 0 0 0 0 29 0 0 0 6 0 0 0 0 75 0 0 0 0 0 0 0 0 0 0 30 0 21 25 0 0 31
0 0 83 0 45 0 0 0 0 9 0 10 98 29 19 0 51 0 21 0 0 0 40 62 0 78 0 0 36 38 16 0 0 74 0 0 0 0 0 0 0 0 32 0 0 0 0 0 0 48 0 0 0 0 0 0 0 0 0 0 0 0 63 0 0 0 0 0 0 0 0 0 90 0 0 0 0 0 0 0 0 0 0 98 0 89 42 17 66 0 0 85 0 0 0 0 0 0 0 0
98 0 72 0 0 0 47 0 0 0 0 22 0 0 0 0 0 55 0 0 0 17 45 0 88 76 0 0 0 0 0 0 0 0 0 0 0 38 0 0 0 39 0 0 2 0 0 0 39 0 0 0 0 0 0 0 0 44 0 0 0 0 91 0 0 0 0 0 0 0 0 0 0 82 0 0 0 8 0 0 0 0 0 25 80 0 0 0 0 0 0 0 0 0 0 0 0 0 0 87
0 0 0 0 38 63 99 0 39 0 0 0 0 0 0 0 0 58 85 18 0 81 0 35 0 0 0 68 0 90 0 0 0 0 95 1 94 40 55 0 76 0 0 0 0 0 68 56 5 0 0 0 0 64 0 0 0 0 0 0 29 0 0 0 0 0 0 0 0 0 0 0 89 0 0 0 0 0 0 0 0 0 38 0 0 92 0 12 0 0 33 0 0 27 0 0 0 0 0 34
0 0 0 94 0 0 12 0 59 0 0 0 0 0 0 0 0 0 98 0 0 0 0 79 0 39 0 0 0 30 50 0 0 0 5 0 0 54 73 0 0 0 0 0 0 0 0 50 0 0 0 0 54 66 0 0 0 58 0 0 0 0 34 0 0 12 0 0 0 0 0 0 0 0 0 100 0 13 0 0 0 19 0 0 0 0 0 0 0 97 0 0 0 0 0 0 0 0 0 0
0 77 84 50 0 0 0 0 36 0 0 76 0 0 0 0 0 0 0 0 0 54 0 0 0 99 0 0 0 0 0 0 0 0 0 62 0 9 0 0 0 0 0 0 0 0 0 0 0 0 0 26 0 0 0 0 0 0 0 0 0 35 19 0 0 0 0 0 48 0 0 62 0 99 0 0 0 0 0 0 0 0 22 0 0 0 0 33 0 0 0 0 99 0 0 0 0 18 10 0
0 0 67 0 20 0 0 0 54 33 0 8 0 0 68 0 0 0 0 0 0 8 0 0 0 63 95 0 92 71 0 0 0 0 0 0 0 0 0 0 0 53 0 0 0 0 28 0 69 0 0 0 0 0 41 0 0 0 27 0 0 0 35 0 47 0 0 0 0 32 0 0 68 60 0 0 0 72 0 0 0 0 0 0 66 0 0 0 0 0 0 0 69 0 0 0 0 0 0 0
0 0 98 21 0 70 0 0 0 0 25 0 0 0 0 71 0 0 10 0 0 0 35 0 0 0 22 80 0 25 0 0 62 0 0 41 0 0 0 0 0 0 8 0 0 0 0 98 77 0 7 78 16 0 0 0 37 0 0 0 0 0 0 0 0 0 32 0 0 82 0 0 0 0 0 0 0 0 0 0 0 0 0 41 51 0 0 0 0 0 0 0 85 0 0 0 0 0 96 0
44 0 0 29 0 92 54 0 0 0 90 0 0 78 0 0 0 97 35 0 52 0 0 0 0 0 35 0 95 92 21 0 0 43 0 0 0 0 0 0 0 0 78 0 0 95 0 15 0 64 0 0 0 17 0 0 49 0 0 71 0 0 0 0 0 0 38 0 0 0 0 0 63 0 0 86 0 0 13 0 7 0 0 27 0 0 0 0 0 0 0 0 0 0 0 0 0 0 0 0
19 0 0 0 0 0 0 0 0 0 0 0 0 0 0 0 62 0 0 0 0 0 0 0 0 0 0 0 0 4 0 0 0 0 0 0 0 0 0 0 74 100 19 0 0 0 0 0 0 68 0 74 0 0 10 0 0 0 15 0 0 0 0 0 0 0 0 0 16 0 0 0 0 0 0 69 0 75 0 0 53 0 25 0 0 67 0 0 0 25 0 7 0 50 0 24 0 85 52 10
37 0 0 0 73 0 0 0 28 0 0 10 0 0 0 0 0 62 41 0 14 0 0 0 0 0 17 0 0 0 0 0 0 0 0 0 0 0 0 0 0 0 56 0 0 0 78 90 0 0 0 66 47 0 0 0 33 0 0 4 0 0 0 0 0 0 0 9 0 0 0 0 0 0 89 9 0 72 0 0 0 0 0 0 0 0 0 0 1 0 0 0 0 0 0 0 0 0 7 0
0 0 39 0 0 0 0 61 0 0 0 0 0 64 0 25 0 0 0 85 13 0 0 0 12 0 0 0 14 58 72 27 0 22 38 0 56 0 0 0 0 0 18 12 84 0 48 0 50 98 0 0 80 0 0 0 0 0 11 0 42 34 16 0 0 0 0 0 0 0 0 0 49 74 20 0 0 44 0 0 0 76 0 89 0 0 0 0 0 82 94 0 66 0 9 44 0 0 0 0
0 52 0 0 0 0 0 0 0 16 6 33 56 0 0 0 0 56 0 65 70 0 0 0 0 0 0 0 0 0 27 0 0 0 0 77 0 0 90 27 26 0 0 59 0 0 45 0 0 0 0 0 42 0 0 0 0 0 47 0 0 0 0 0 7 90 0 0 0 0 0 0 9 0 0 0 0 0 0 0 2 0 0 0 94 0 0 11 0 0 0 10 0 0 0 0 0 0 0 0
0 0 0 0 0 55 69 0 0 0 0 27 0 0 50 0 0 0 31 16 41 0 0 0 0 0 0 0 0 0 0 0 0 0 26 46 0 0 0 0 0 0 0 0 0 0 0 0 0 79 86 0 0 0 0 64 0 0 0 0 0 0 82 46 0 0 47 0 61 0 27 37 0 0 0 0 0 0 3 0 0 0 0 0 37 0 67 25 0 0 0 0 0 60 0 52 0 0 37 0
0 0 20 0 53 1 0 0 0 0 0 38 0 0 44 0 16 56 0 0 0 0 0 8 0 0 24 0 0 0 0 0 0 44 0 0 26 0 0 0 0 0 0 0 0 0 0 60 5 0 0 0 22 0 0 0 16 0 0 0 0 0 0 12 17 0 0 46 0 0 67 0 0 0 0 0 0 0 0 0 89 0 0 0 56 0 0 0 0 0 0 0 18 0 0 0 0 0 0 0
0 0 0 0 0 0 15 0 0 0 0 0 90 0 0 0 0 87 0 0 56 60 95 0 87 0 2 51 0 0 0 0 0 0 0 49 0 0 0 34 0 0 0 0 0 0 0 0 45 78 0 0 18 0 0 58 0 18 0 0 0 0 0 0 46 0 71 0 0 0 0 0 0 0 97 0 0 0 0 90 0 0 43 0 69 0 0 0 44 0 0 0 0 0 12 0 56 0 0 65
0 0 0 85 0 0 81 0 0 0 0 76 0 0 0 0 0 0 0 44 0 0 0 16 0 0 0 0 48 0 0 0 0 66 0 98 0 0 68 0 0 41 23 64 0 0 0 21 51 0 0 28 0 23 0 0 0 0 64 0 40 3 0 0 0 0 0 0 66 11 0 62 89 0 0 0 0 0 0 0 78 0 63 0 0 0 16 0 0 91 11 0 0 23 0 0 48 0 0 0
86 0 0 0 92 0 0 78 0 0 0 0 0 0 0 0 19 0 63 99 0 58 0 0 0 0 0 0 7 0 0 15 0 0 25 0 0 19 0 77 8 70 0 0 0 1 0 0 0 0 0 30 47 0 0 0 0 0 0 0 0 0 50 0 0 43 61 0 0 55 90 0 0 0 54 0 0 0 0 0 53 0 0 0 0 0 0 0 33 0 0 0 0 0 0 0 2 0 69 0
0 0 23 80 0 0 0 0 0 62 0 0 0 0 0 0 0 0 0 57 64 0 0 0 94 93 0 41 0 0 0 0 0 0 67 0 0 0 0 97 0 0 0 0 0 63 0 0 0 0 0 0 49 0 66 75 0 0 0 0 0 0 0 0 0 0 0 1 0 0 0 0 0 0 0 53 0 0 0 23 0 0 0 0 67 0 84 0 0 0 0 0 0 83 0 0 39 1 0 0
0 0 0 0 76 0 0 0 92 0 0 9 45 41 0 0 0 20 0 21 0 0 0 0 82 0 0 0 0 0 29 23 0 4 0 16 0 0 30 0 0 0 0 0 65 0 0 0 0 0 69 0 0 0 0 0 0 0 40 0 0 44 66 0 0 0 0 55 0 0 0 85 0 0 0 0 0 0 0 83 80 0 0 0 0 85 0 0 15 0 0 0 0 0 0 18 1 0 0 0
98 0 62 0 0 0 41 21 0 0 0 45 0 0 0 0 0 0 0 0 7 0 46 0 36 0 0 0 19 0 0 0 47 0 0 0 12 93 0 0 0 0 0 74 19 0 0 0 0 0 0 0 0 0 50 0 0 0 0 0 0 0 0 0 0 0 0 0 0 0 0 43 0 0 0 42 32 16 0 0 0 0 0 0 0 76 88 0 76 2 0 0 0 17 78 0 2 0 0 0
0 3 0 34 0 15 0 0 0 51 0 0 56 0 0 0 19 0 0 0 0 0 0 0 85 0 0 0 0 0 0 0 0 0 0 0 0 0 0 0 0 36 0 0 0 41 0 0 0 0 0 0 0 15 0 0 0 0 0 44 0 0 0 0 2 0 12 0 2 0 0 0 46 0 0 0 0 0 0 21 0 0 0 0 0 0 0 0 0 0 67 0 0 88 81 21 0 0 75 0
0 40 0 0 98 0 60 0 0 20 8 0 0 0 0 0 0 0 75 0 0 33 0 53 0 16 0 0 0 0 0 0 0 88 0 0 0 0 0 0 36 0 0 0 19 0 0 0 0 0 0 0 47 0 0 0 0 0 0 0 0 0 0 48 0 0 0 81 0 0 17 0 0 0 0 0 0 0 0 0 0 0 0 0 0 0 0 0 92 0 35 0 0 0 0 14 0 0 0 0
0 76 0 0 0 0 0 0 0 0 0 86 0 0 0 87 0 0 0 0 0 49 0 0 0 0 46 55 0 51 36 0 40 0 0 47 19 0 97 4 0 11 0 35 31 0 0 0 0 31 0 0 0 91 0 0 59 0 97 0 0 0 0 0 75 0 27 0 52 0 0 52 61 0 0 22 0 0 82 15 0 0 11 72 0 0 0 0 0 0 0 0 0 0 0 0 0 48 0 0
0 34 0 0 0 0 0 0 22 0 0 0 0 0 0 13 0 0 0 0 0 0 0 0 0 0 0 0 0 17 0 0 0 0 15 0 0 0 0 54 0 0 0 0 0 0 0 0 0 0 0 0 0 0 0 67 0 44 0 0 0 0 0 0 0 10 0 0 0 0 27 0 0 0 0 3 0 0 0 0 43 0 0 0 0 0 0 0 0 58 0 3 0 0 0 0 0 0 9 0
0 0 0 0 0 49 0 0 0 0 0 0 0 0 0 0 42 0 0 0 0 6 0 0 97 0 0 0 27 0 0 0 0 43 0 0 0 0 0 0 0 0 82 0 31 0 0 0 0 0 0 0 0 0 35 0 62 98 0 0 0 0 0 0 66 88 0 0 48 0 19 0 0 55 1 0 0 0 90 0 71 0 0 0 0 0 0 0 0 79 0 0 0 0 0 0 20 0 56 0
0 0 0 0 0 0 0 0 0 0 0 0 18 0 0 0 0 0 0 0 11 35 0 0 57 0 4 0 0 0 0 29 0 15 0 82 36 0 0 0 0 0 18 35 60 0 96 0 0 90 0 0 0 0 47 11 0 0 0 0 0 59 0 0 0 0 51 0 45 0 7 0 26 62 0 60 0 0 0 0 0 0 0 0 0 0 2 0 11 4 0 0 0 0 0 0 0 81 0 0
0 0 66 92 26 0 0 0 0 0 0 0 36 0 0 14 47 0 0 0 13 0 0 51 82 6 0 0 16 0 0 0 0 86 0 85 0 0 0 98 0 0 0 0 0 0 0 0 0 0 0 0 0 0 0 0 0 0 0 0 0 0 0 0 65 0 0 0 0 0 0 0 0 0 39 80 0 0 0 0 0 0 0 0 0 0 0 0 0 0 37 94 0 0 0 0 0 0 0 0
0 0 0 0 0 0 0 0 0 0 77 49 0 0 62 0 0 0 0 22 0 0 0 0 0 0 0 0 0 0 0 73 8 8 0 0 0 0 0 0 23 0 99 0 0 0 0 0 80 33 14 0 0 0 0 0 0 0 0 0 2 0 0 0 0 0 0 81 2 0 0 0 0 0 0 0 0 0 22 0 1 0 0 38 0 0 0 0 0 0 0 0 58 0 61 0 0 0 16 0
0 31 0 0 0 0 0 40 40 69 0 69 12 0 0 88 0 61 0 0 83 0 0 0 0 0 7 0 50 0 0 0 0 66 0 0 0 0 0 0 0 50 0 0 54 0 0 0 0 0 0 0 0 0 31 0 0 0 78 0 0 0 0 0 0 0 0 0 1 0 0 70 7 0 0 0 0 0 88 0 0 15 0 0 0 83 0 0 9 0 0 52 0 0 0 0 0 0 0 0
0 0 74 0 0 7 0 8 0 0 96 0 0 36 0 0 0 85 31 0 0 0 0 84 27 0 5 72 53 0 0 0 0 0 33 0 0 0 40 0 0 0 0 31 61 0 0 0 22 0 55 0 9 36 0 0 100 0 14 0 0 0 0 0 58 81 2 0 0 0 0 0 0 0 0 0 0 81 1 0 0 0 0 0 0 0 0 0 0 0 0 0 70 0 10 83 0 0 0 91
0 0 0 0 55 0 0 53 0 0 0 0 0 0 0 0 0 0 0 0 0 14 0 0 50 21 0 0 0 0 44 0 0 0 0 0 0 0 0 0 0 0 0 0 0 92 82 0 0 99 0 26 0 0 0 0 0 55 0 0 0 64 0 0 0 0 7 0 0 0 0 73 0 0 0 0 6 0 0 17 0 0 0 0 0 0 0 18 0 0 0 0 45 29 0 29 30 0 0 0
0 0 0 0 0 0 0 0 0 0 0 24 30 0 0 0 0 0 0 0 90 0 0 0 77 0 0 74 0 0 0 0 0 0 0 0 100 76 0 0 94 0 0 0 0 80 83 84 68 0 0 0 0 0 0 0 25 0 26 0 0 64 0 0 0 0 0 0 0 43 14 0 0 0 0 0 74 83 0 38 0 0 0 0 52 0 0 65 53 0 0 0 0 0 0 0 0 0 0 0
0 0 62 27 0 0 0 0 0 39 0 55 36 0 0 0 1 0 21 0 0 0 0 84 0 0 0 0 0 0 0 0 62 85 0 0 4 0 0 79 94 0 0 32 0 0 0 0 0 0 0 0 71 0 40 41 0 19 0 0 0 6 0 0 0 0 0 0 25 54 0 30 0 96 0 87 52 0 0 0 0 0 0 0 47 0 48 0 0 23 87 12 0 0 42 0 0 0 16 0
64 0 0 0 11 0 36 0 0 0 0 0 0 0 0 0 0 0 0 0 0 0 0 11 0 96 0 0 0 0 0 0 0 0 46 0 0 0 54 27 0 65 0 0 0 12 0 18 0 0 9 0 0 97 0 0 49 0 54 0 0 0 100 91 0 0 0 35 0 70 0 13 0 0 0 37 0 0 0 0 0 0 73 0 0 0 29 34 0 74 30 63 0 46 26 59 73 0 15 0
0 27 0 0 0 39 0 0 0 0 0 0 0 0 0 0 0 0 0 0 76 0 0 0 0 32 0 0 0 0 21 2 0 0 0 0 0 0 0 0 0 0 49 0 0 76 0 92 0 0 0 11 0 0 0 0 0 0 0 35 0 0 0 0 0 0 0 99 0 46 0 0 0 0 27 0 0 0 59 0 0 46 0 0 0 0 0 9 97 0 73 0 0 0 0 0 0 74 0 0
14 92 0 0 0 47 0 0 11 59 0 13 0 24 0 61 71 0 0 77 0 0 0 0 0 0 0 0 82 0 0 0 0 32 0 100 0 0 100 0 0 5 0 17 0 95 0 53 0 0 0 0 0 0 0 0 0 95 0 0 0 75 0 0 49 0 0 0 0 0 53 84 0 0 35 0 0 0 86 0 20 0 33 0 0 0 0 0 0 0 0 0 0 13 0 9 59 90 68 0
0 0 4 0 0 0 62 0 25 40 0 0 37 0 0 0 78 0 0 0 0 0 0 0 0 0 28 0 49 0 0 0 0 0 0 0 0 0 0 33 0 0 0 0 0 58 0 0 0 0 17 0 0 0 0 0 0 24 0 11 0 0 0 0 0 0 0 0 0 42 0 0 38 0 0 0 77 11 30 0 0 0 85 0 0 0 9 0 11 0 0 0 0 0 0 0 0 0 0 0
0 0 93 7 0 0 0 46 0 0 0 0 0 0 0 0 0 0 0 0 0 18 11 0 0 42 63 18 0 0 0 0 0 0 0 18 0 0 0 0 0 0 0 0 0 12 36 0 79 0 0 18 78 70 63 0 0 0 0 86 0 0 0 0 0 40 0 0 0 0 0 0 0 0 13 0 55 0 0 0 75 0 0 0 0 0 37 0 0 0 0 0 0 0 0 19 0 0 0 0
0 0 0 23 0 0 0 74 0 0 0 28 30 70 48 94 0 68 0 84 0 41 0 0 0 0 0 0 0 36 0 78 51 0 63 21 31 0 10 0 75 64 0 0 0 0 0 8 0 0 0 15 0 0 0 0 0 0 0 0 0 0 0 0 0 0 0 45 0 0 0 24 77 70 0 0 0 0 0 0 0 0 0 0 4 39 5 0 0 74 26 0 0 0 0 0 0 0 0 0
0 93 0 0 68 0 0 0 0 73 0 0 0 47 0 0 0 0 0 0 0 97 0 0 70 0 0 61 0 0 0 0 0 0 0 0 0 0 0 0 29 61 0 0 47 0 72 0 0 0 0 4 97 0 85 15 0 0 0 0 0 0 0 42 95 0 35 0 0 98 0 97 34 0 25 0 0 0 77 0 0 0 0 0 0 0 0 0 0 93 0 16 0 11 0 0 0 47 20 49
0 0 75 0 0 6 57 0 0 0 34 59 0 0 0 0 0 95 82 3 0 0 0 0 0 0 0 0 0 0 0 0 0 0 0 17 0 38 0 0 0 29 0 0 80 64 0 0 0 93 0 0 0 42 0 0 0 0 0 95 0 0 74 34 97 0 0 0 87 36 0 0 82 0 0 0 0 0 0 0 91 0 0 97 0 0 0 0 0 0 33 0 0 0 0 0 0 0 85 30
80 0 0 0 0 0 0 0 0 16 0 0 0 0 0 0 0 0 0 0 0 0 0 0 20 0 0 0 0 47 0 0 90 64 0 42 0 0 31 0 0 0 18 0 0 0 0 0 0 0 0 64 0 0 4 0 0 0 0 0 0 0 53 0 76 0 0 0 0 0 66 0 0 0 0 0 0 0 0 0 0 0 0 0 3 0 0 3 0 0 0 0 0 0 9 79 0 28 0 0
77 0 0 0 51 0 0 0 0 0 0 0 0 0 51 84 0 0 0 0 0 0 0 0 0 0 0 3 0 58 0 0 0 37 0 44 83 67 0 0 0 29 0 0 0 92 59 0 0 10 51 12 76 0 77 0 68 22 0 0 0 0 0 0 89 0 0 0 0 0 0 0 0 0 0 0 0 89 0 0 2 64 70 0 0 0 0 0 0 0 0 0 0 0 0 25 0 0 0 7
43 97 0 67 14 0 0 0 0 0 0 18 46 0 0 81 0 0 53 0 0 0 0 66 0 32 32 0 0 0 0 0 0 0 0 0 0 0 43 72 97 0 12 0 0 92 21 0 0 0 0 42 0 0 21 64 0 0 0 43 0 85 29 0 0 0 0 0 96 0 0 38 35 30 0 0 0 0 0 0 0 0 0 91 0 0 0 0 0 0 51 0 0 20 0 64 0 0 0 0
0 0 0 41 0 0 0 0 0 65 0 0 49 0 0 42 0 0 0 0 0 0 0 0 0 0 47 56 0 0 38 0 0 0 0 0 15 39 0 0 0 0 0 0 0 6 0 53 0 0 0 0 0 94 0 0 0 0 0 57 0 0 0 0 0 0 7 0 0 0 54 0 27 0 0 0 0 43 0 0 44 0 60 0 0 0 0 31 63 0 0 0 0 74 59 0 98 0 0 0