100
0 0 0 0 0 0 0 0 0 0 0 0 40 0 25 100 100 85 0 0 80 81 0 0 0 0 20 0 0 0 69 0 0 13 0 34 0 0 0 0 0 0 0 23 0 0 0 0 27 0 5 0 0 0 0 0 0 93 92 0 0 0 100 0 0 0 0 0 0 0 0 0 0 0 0 82 0 0 0 0 26 0 96 0 0 0 0 11 0 0 13 0 0 0 27 0 53 0 0 0
0 0 0 0 0 0 18 0 0 0 60 68 0 0 0 0 0 0 0 0 0 0 0 0 0 0 0 0 0 31 0 79 0 0 18 79 0 0 45 0 88 0 23 96 0 8 0 0 0 0 100 0 0 0 0 0 0 0 0 0 70 0 0 0 0 36 0 82 86 100 0 0 90 0 0 0 0 0 93 0 16 0 0 0 0 0 0 24 0 0 0 85 31 0 14 0 0 0 0 0
79 62 0 0 81 34 0 0 11 66 0 0 73 0 99 0 0 0 22 0 0 0 0 0 0 0 0 0 0 0 0 0 0 0 82 0 38 0 0 0 0 0 0 86 15 0 0 31 0 0 0 83 51 66 0 0 0 38 0 0 0 0 0 0 0 0 0 0 0 0 0 0 0 70 0 16 0 0 79 0 0 0 90 0 0 0 0 2 0 0 0 0 0 0 0 0 0 0 0 0
0 0 89 0 0 38 0 0 0 0 0 0 0 0 0 0 0 0 0 88 21 65 35 0 0 0 21 61 0 0 0 0 0 0 85 0 14 0 83 0 0 0 0 0 73 0 0 0 0 0 0 0 0 31 0 0 0 0 0 57 0 0 0 30 0 46 0 0 0 52 0 0 75 0 0 0 37 0 0 0 56 0 0 0 0 0 42 0 0 0 0 0 53 0 0 1 0 71 0 0
0 0 0 0 0 100 0 0 68 98 0 0 0 0 0 0 0 38 0 15 0 75 0 0 0 0 0 0 0 0 0 0 0 0 0 0 47 0 0 0 0 0 0 0 0 0 0 0 0 0 25 27 0 82 62 0 0 0 0 93 0 0 0 0 0 0 0 0 0 0 91 0 0 33 0 0 32 0 0 21 0 0 0 37 0 0 0 0 0 0 29 0 0 80 59 12 0 0 63 0
0 0 0 46 0 0 0 0 0 0 30 0 0 64 0 24 0 0 0 0 0 0 0 82 0 100 0 0 61 0 0 0 0 68 80 0 76 0 36 0 0 0 0 57 14 76 1 0 0 78 0 0 0 0 61 0 0 0 0 0 0 60 0 0 0 0 0 0 0 0 0 0 0 0 7 0 0 0 83 78 0 0 13 0 0 0 0 0 0 0 0 0 15 0 0 0 0 75 5 0
71 0 0 30 0 0 0 0 0 0 95 25 0 0 0 34 0 0 0 0 0 0 0 0 0 0 0 0 90 60 29 0 0 75 81 0 0 62 0 0 0 36 0 0 0 0 0 64 0 82 0 79 0 0 0 38 0 0 0 0 83 0 0 0 0 0 85 22 77 0 0 0 0 0 0 85 85 0 0 0 0 0 29 0 74 0 0 0 70 0 0 0 0 0 0 0 0 49 0 0
0 0 65 0 0 0 0 0 0 0 0 0 0 86 42 0 67 0 64 0 0 95 100 0 0 0 0 0 0 0 0 0 0 0 78 0 0 0 0 0 31 0 61 0 0 0 0 0 0 0 0 0 0 43 0 37 49 4 38 0 0 0 0 0 0 0 49 0 0 0 0 56 57 0 0 0 0 31 0 0 0 0 0 0 0 0 0 0 50 47 0 65 0 0 47 0 0 0 0 0
0 0 77 0 0 0 0 0 0 0 0 0 0 0 29 72 0 0 0 0 0 0 0 0 0 0 100 0 0 0 0 69 0 0 0 0 35 73 0 0 0 0 0 0 29 0 0 0 66 0 40 34 68 96 0 0 0 0 0 0 0 0 0 0 97 0 46 0 0 0 0 0 0 68 0 0 0 62 0 0 0 69 0 19 10 0 0 0 0 0 0 0 16 0 0 0 0 98 0 75
85 0 34 0 0 0 0 0 98 0 0 0 0 90 14 25 92 0 0 0 0 0 14 25 32 15 0 0 0 0 0 46 0 0 0 0 0 0 34 0 0 0 0 0 0 0 0 0 70 51 0 0 37 0 0 0 0 0 0 0 0 0 29 0 0 0 20 0 0 0 43 13 0 68 0 0 0 0 0 33 0 54 73 0 86 0 0 0 74 0 0 0 0 0 17 20 0 0 0 0
0 0 0 0 53 0 0 0 0 0 0 0 36 0 1 0 0 0 40 0 69 0 15 0 0 32 0 0 0 0 0 0 0 0 0 0 0 95 0 0 0 0 0 0 0 76 0 0 72 0 0 0 62 0 0 0 0 0 0 0 0 38 0 0 0 0 0 0 0 26 0 45 48 11 16 0 0 0 0 0 0 0 0 6 0 17 0 0 0 0 52 0 0 0 70 0 0 0 0 0
92 0 0 0 0 0 0 0 26 0 78 0 0 0 0 0 96 3 0 0 0 0 0 62 0 0 0 0 43 72 58 0 0 0 0 41 13 0 0 0 0 59 0 83 0 0 0 0 0 77 0 0 29 0 0 0 22 0 0 0 0 0 0 32 73 0 0 0 0 54 0 0 21 0 0 98 0 0 0 83 0 0 4 0 0 0 0 0 0 0 29 0 0 0 0 79 18 0 0 1
0 0 0 0 0 0 32 0 89 88 0 0 0 0 0 7 70 0 0 0 39 0 0 69 0 21 48 3 0 0 0 21 0 66 0 0 0 0 0 17 0 0 89 0 0 2 0 0 0 0 87 0 0 0 0 0 0 0 0 0 81 0 74 1 0 0 38 0 0 0 48 0 0 0 0 91 0 0 0 34 0 0 0 0 0 0 77 0 100 25 0 0 0 59 0 6 0 93 0 0
0 0 0 0 0 55 0 61 61 0 0 0 52 0 0 0 0 0 39 8 0 0 0 0 0 0 0 0 2 24 0 0 0 0 0 44 0 0 93 30 0 0 0 0 0 33 0 0 0 0 0 9 0 0 0 57 0 0 0 0 87 0 66 0 0 0 51 0 0 0 0 0 0 0 0 0 0 88 10 0 0 0 81 0 0 0 96 99 53 0 69 0 3 0 0 45 0 0 0 0
0 0 0 0 7 56 0 91 0 0 0 68 84 0 0 55 0 0 0 0 0 0 7 7 49 0 0 61 0 0 0 0 87 0 0 0 0 0 0 0 0 0 0 0 0 0 87 0 0 0 0 0 0 1 26 0 0 0 0 0 0 0 0 0 0 0 0 85 0 0 1 0 0 57 88 55 0 0 0 0 0 0 45 95 0 0 83 0 0 0 32 0 0 99 7 0 0 0 0 80
0 85 0 0 0 0 48 25 0 0 0 0 0 0 0 0 0 66 0 65 0 0 0 0 0 42 0 0 0 41 42 98 0 0 0 0 47 74 50 0 0 36 9 0 0 0 0 0 0 0 0 73 0 0 0 0 9 53 0 0 0 0 0 0 0 0 0 0 0 0 0 67 0 90 0 0 2 72 0 0 0 0 0 22 0 0 0 0 40 0 0 29 0 0 0 0 0 0 78 25
0 0 0 0 95 0 0 0 0 52 57 0 11 27 0 0 0 0 0 0 0 0 0 0 0 0 48 0 0 0 0 0 0 0 0 82 0 0 59 0 0 0 0 68 0 0 0 0 0 0 0 0 0 0 0 25 73 0 0 0 0 77 0 0 0 75 0 0 0 0 98 75 0 15 51 0 0 0 0 0 100 0 0 0 95 0 0 82 0 0 0 0 52 0 0 0 0 0 0 97
0 0 0 0 49 0 0 0 0 34 53 0 0 0 26 59 44 0 51 0 0 10 90 0 10 0 80 0 11 0 33 79 0 0 0 0 0 36 0 0 0 45 65 0 0 0 0 0 0 98 0 0 54 33 0 0 12 0 0 66 0 0 0 0 0 0 0 55 0 0 0 7 0 0 0 0 0 0 0 98 0 0 0 0 0 0 0 21 0 0 0 0 0 0 0 0 0 0 80 0
0 0 0 0 0 77 0 0 0 0 0 0 0 0 0 54 0 0 0 0 0 0 0 0 0 94 0 0 0 0 0 15 0 0 26 57 0 0 0 15 0 0 30 14 4 0 0 0 85 0 0 0 0 98 0 55 0 0 0 0 0 88 64 0 0 41 0 44 0 0 0 0 0 0 63 0 62 38 0 0 0 4 0 0 0 0 0 100 0 0 80 31 0 19 0 0 0 0 0 0
0 0 0 44 0 0 0 0 0 0 72 0 0 0 0 6 0 0 0 0 0 0 0 11 84 11 11 84 13 0 88 0 0 0 0 42 0 0 0 0 0 0 0 0 0 0 0 0 0 0 55 0 9 0 0 0 98 85 22 0 0 0 0 43 0 0 0 0 0 0 0 0 0 0 0 0 0 0 97 0 0 0 85 70 0 0 0 0 20 0 0 0 0 0 0 76 0 0 0 0
0 0 39 0 99 0 0 27 0 0 0 0 44 4 69 0 0 0 0 0 0 99 0 0 36 69 0 69 0 0 0 0 0 0 0 0 0 0 0 0 0 0 0 0 0 0 13 0 0 0 0 0 0 68 0 0 0 0 68 21 33 0 99 0 69 88 0 0 0 50 0 0 92 0 13 0 0 0 91 0 84 84 0 0 56 0 0 0 40 0 0 88 0 17 0 0 51 0 0 0
0 0 47 0 0 0 37 0 0 0 0 51 0 74 0 0 0 0 0 0 0 0 97 0 0 0 0 0 0 0 27 0 0 0 41 0 0 28 22 0 0 0 0 0 68 0 54 0 48 0 29 0 0 0 0 0 0 0 0 0 16 0 95 25 0 92 0 64 0 0 0 0 0 0 0 0 0 0 0 0 7 0 0 0 26 0 0 0 0 41 0 0 0 0 76 32 25 0 0 0
0 0 46 0 0 58 0 37 0 0 0 0 0 0 0 0 0 0 51 0 22 77 0 0 69 0 0 0 0 94 0 0 0 0 70 0 0 38 37 0 0 0 46 0 0 0 37 0 0 73 0 98 56 0 38 0 0 0 0 89 0 0 0 63 0 0 37 15 0 0 81 19 0 0 0 43 0 0 0 0 0 0 0 65 0 0 88 0 0 42 0 0 0 0 0 1 0 9 76 0
27 0 0 80 0 0 0 19 0 0 0 0 0 45 45 52 48 0 14 0 0 0 0 0 8 0 0 0 0 0 0 10 0 0 75 0 0 16 0 40 14 34 81 0 0 0 0 94 30 0 0 0 0 0 23 0 70 0 32 22 0 64 0 0 0 0 0 15 0 22 74 0 0 0 0 0 0 0 0 0 0 0 0 0 30 0 0 0 98 50 0 0 0 0 0 0 0 0 0 0
0 0 0 23 0 56 19 0 0 0 0 0 0 8 78 0 0 0 0 95 0 0 0 0 0 0 58 0 0 0 0 0 58 0 0 0 0 0 0 65 0 0 0 0 0 0 0 0 65 0 0 49 68 0 0 68 39 25 0 0 0 0 0 0 28 0 0 44 0 0 0 36 0 0 5 0 70 32 0 0 98 0 0 27 0 0 0 0 0 0 14 0 0 0 30 41 41 0 65 0
46 0 0 0 55 0 0 0 0 0 72 0 0 0 0 0 74 0 70 0 88 0 67 0 0 0 0 0 0 0 0 69 88 0 0 0 71 0 0 0 0 82 0 69 0 0 0 0 0 0 0 0 52 0 0 0 0 0 0 36 83 0 53 0 0 0 67 19 77 0 0 0 0 0 92 0 0 25 0 0 0 0 16 5 0 0 0 0 0 72 0 40 0 0 0 39 0 0 0 0
0 0 0 0 0 0 57 74 0 5 50 0 0 0 0 17 5 0 0 81 0 38 73 0 63 0 0 9 35 48 0 0 0 0 0 0 0 0 0 0 89 0 0 0 0 0 47 49 0 0 0 7 0 81 50 9 97 0 0 0 0 0 0 0 0 0 0 0 0 67 0 42 0 0 0 53 0 86 0 61 0 26 0 7 0 0 0 0 0 0 0 0 0 0 0 0 0 0 0 16
0 0 70 0 0 0 73 0 0 33 0 0 0 0 94 0 0 0 0 0 0 0 0 0 0 52 0 0 0 44 0 0 80 0 0 0 0 0 0 8 0 0 0 0 0 0 0 0 0 0 0 0 0 0 23 49 0 0 0 0 0 0 0 0 0 3 0 0 0 0 0 0 0 93 0 0 0 8 0 99 0 0 0 0 0 0 52 0 0 0 27 0 0 0 0 0 0 0 0 0
0 0 55 0 0 0 0 19 0 0 0 0 0 0 0 0 0 0 0 45 0 0 0 0 0 0 0 86 0 0 64 47 0 0 0 0 0 0 6 0 0 0 99 0 7 0 0 66 0 29 84 0 0 0 59 0 0 0 0 85 0 0 0 0 0 0 33 95 0 0 0 0 0 0 0 0 0 0 0 0 0 83 0 0 0 0 0 0 68 0 54 0 91 0 0 0 0 0 0 0
0 0 36 0 0 0 31 73 0 0 48 96 0 0 28 0 0 0 0 4 0 29 0 0 0 0 0 56 0 0 0 8 0 0 0 0 0 0 0 0 0 0 89 16 0 0 0 0 0 0 0 0 0 22 8 1 0 0 26 0 0 37 0 0 0 0 0 0 0 0 0 0 0 96 17 0 0 0 0 23 67 37 56 0 9 0 0 0 0 54 0 0 64 0 0 0 0 0 0 0
0 54 0 0 37 82 0 54 0 0 0 0 38 0 80 0 12 0 0 0 0 0 89 0 0 0 0 0 0 0 0 0 0 0 99 44 0 0 0 0 41 0 25 0 0 89 0 0 0 0 0 0 100 0 0 96 0 0 0 0 14 0 0 0 0 29 0 0 0 0 0 0 0 0 46 0 0 0 7 0 84 0 52 0 0 0 0 21 0 24 0 0 0 0 41 62 0 0 0 0
0 0 0 0 0 0 0 0 0 0 0 48 60 61 0 0 41 0 0 0 0 52 0 0 0 0 0 0 0 0 63 0 0 0 0 0 0 72 0 0 100 0 0 0 0 45 0 0 0 0 0 0 0 0 0 43 15 0 98 93 0 0 0 0 0 0 0 0 0 0 0 0 74 0 22 0 0 0 0 0 0 0 0 0 0 0 0 10 0 0 0 0 0 0 0 0 99 0 0 0
0 83 0 76 0 0 0 0 59 0 0 0 0 0 0 0 0 0 0 28 0 0 0 0 0 0 0 54 0 97 0 0 0 91 0 95 0 83 0 70 0 0 0 0 0 0 0 0 0 19 40 65 0 0 0 0 29 0 0 0 0 0 34 0 0 74 0 0 0 0 0 0 0 0 0 0 0 0 0 0 0 0 0 0 39 58 0 0 0 0 0 0 0 56 0 0 0 22 0 23
0 34 0 0 0 0 0 0 29 0 0 19 2 0 0 0 0 0 0 0 0 0 0 0 0 0 0 0 0 0 0 25 0 0 0 0 0 86 0 0 0 0 1 82 0 0 0 0 72 0 0 0 16 0 0 0 0 0 0 0 0 0 0 0 0 0 97 0 0 31 0 0 0 0 0 0 0 0 0 0 0 0 37 0 0 5 0 20 0 0 0 93 0 0 0 0 0 0 56 0
0 0 0 0 0 82 0 0 0 0 0 0 0 0 0 0 0 44 0 0 0 0 0 0 0 0 0 0 80 0 0 42 0 0 0 0 0 0 33 0 0 0 89 0 0 25 0 65 0 0 0 0 0 0 0 0 0 0 0 0 0 13 76 27 0 0 0 2 38 0 0 0 0 0 0 67 0 0 0 0 0 0 0 0 0 0 0 0 95 0 0 55 0 0 100 0 0 0 0 0
46 0 0 0 0 96 44 0 96 0 40 12 0 47 0 0 0 52 0 0 0 95 0 0 0 0 18 0 0 0 0 0 0 0 0 0 1 0 0 0 0 0 0 86 55 0 19 0 0 70 56 0 15 0 0 72 0 0 0 0 0 0 58 0 21 0 87 0 0 53 68 0 0 33 0 0 0 0 0 30 0 3 0 51 0 0 29 0 25 54 0 0 8 0 0 0 87 0 0 0
0 0 0 57 0 52 0 0 0 0 0 0 58 0 0 0 0 0 0 53 0 0 0 0 0 0 0 60 0 0 0 0 0 0 78 91 0 0 0 0 0 29 0 0 0 0 0 0 0 0 0 11 0 10 19 0 0 0 0 0 0 16 93 0 0 87 0 66 0 0 68 19 0 0 0 0 9 0 0 41 0 0 0 6 0 0 0 0 0 0 0 0 0 0 0 0 0 97 0 0
0 0 0 33 0 0 27 0 0 0 0 0 85 0 0 0 20 0 0 0 0 0 63 0 0 0 0 17 0 0 0 0 0 12 0 0 0 0 0 0 0 0 51 33 0 0 0 90 0 91 0 0 92 80 27 0 0 0 0 68 28 0 0 0 83 0 0 0 98 96 0 0 0 0 8 90 0 58 0 0 0 0 0 0 14 0 33 0 0 16 0 0 0 48 0 0 0 52 0 0
64 0 0 0 0 0 0 1 84 0 78 27 0 0 0 0 0 0 0 81 0 0 0 0 0 59 10 0 67 0 23 0 0 1 0 0 0 0 0 34 0 0 0 61 0 0 0 0 67 0 0 19 21 99 12 0 0 0 42 17 0 0 0 0 0 56 34 75 0 53 0 0 0 0 0 0 0 0 0 0 0 0 0 0 0 0 0 0 0 0 0 0 0 0 0 0 35 0 0 66
91 12 0 0 0 0 0 0 0 0 0 0 0 0 0 0 0 0 0 0 94 76 0 0 0 0 0 96 5 0 0 0 6 0 0 0 0 0 41 0 0 0 0 0 0 0 88 0 0 0 0 0 0 22 41 0 0 0 0 40 0 0 33 0 0 0 26 31 98 0 0 0 0 56 0 0 0 0 0 0 0 0 0 85 0 0 0 0 63 0 0 0 0 0 0 0 0 0 0 0
0 0 0 0 68 0 9 0 0 0 0 0 0 31 0 0 0 0 0 0 0 61 0 50 0 0 0 0 0 0 0 89 56 0 2 100 0 0 0 0 0 67 0 0 0 34 8 0 16 0 0 79 48 0 0 0 0 0 0 40 0 0 0 0 58 64 0 64 0 0 0 0 51 0 0 38 0 0 0 0 0 4 0 0 0 0 0 0 0 0 0 0 0 0 87 0 0 82 0 98
0 0 66 0 22 0 0 0 0 0 68 0 97 79 0 0 0 80 0 0 0 0 34 0 0 21 0 66 51 0 60 0 0 0 71 0 0 0 0 30 0 0 0 0 61 0 0 0 0 79 0 0 0 0 0 0 0 0 0 0 0 50 0 0 74 34 0 80 0 0 0 0 0 80 0 0 0 0 62 0 0 0 0 0 0 72 29 0 0 0 0 0 0 72 0 34 87 0 0 0
70 0 0 0 0 5 0 0 8 93 0 0 0 0 0 5 42 0 0 16 39 0 28 0 0 15 0 0 0 0 95 0 34 0 0 0 0 0 0 0 0 0 0 0 98 0 0 62 0 0 5 0 0 7 34 0 0 0 72 0 0 0 0 0 51 0 0 98 63 0 0 0 0 0 0 52 0 0 0 0 0 0 97 0 0 0 0 50 0 0 60 50 0 93 0 0 0 0 0 75
0 0 0 0 0 0 0 0 0 0 0 0 0 0 0 0 0 0 50 0 0 0 0 0 0 0 0 0 92 0 0 0 98 0 0 0 0 0 87 0 0 0 0 0 0 0 52 0 0 0 0 0 0 0 26 0 0 0 0 30 0 0 0 72 0 0 67 0 0 0 51 19 92 0 0 0 0 25 0 0 0 4 15 0 26 39 37 0 95 0 0 0 0 29 0 73 0 0 0 0
62 0 29 0 0 0 86 0 0 0 4 0 0 0 77 0 0 1 0 0 0 0 0 11 58 0 0 75 88 0 0 0 16 0 5 0 0 0 23 0 0 0 68 0 0 0 10 0 0 35 47 0 0 0 0 54 0 100 17 35 0 0 0 0 0 0 62 0 0 0 0 0 0 0 0 0 0 29 0 0 0 0 30 0 0 0 0 0 0 0 0 0 84 0 81 0 42 0 0 0
0 64 0 0 0 0 0 55 0 24 0 0 0 0 0 0 0 0 0 73 0 11 0 0 0 0 0 0 0 0 0 96 0 0 0 0 0 29 0 0 0 24 90 0 0 0 0 0 11 99 0 44 0 0 0 0 57 0 0 0 0 12 0 0 0 0 0 0 0 0 30 0 40 0 0 0 0 0 0 0 0 0 37 0 0 91 0 0 0 0 0 0 0 0 0 0 0 0 0 0
0 11 0 65 0 0 0 30 0 52 0 35 0 0 0 13 0 0 0 0 0 0 0 0 66 29 0 0 0 0 0 0 18 0 0 0 0 74 0 39 0 0 0 0 0 0 0 0 0 0 0 89 0 10 0 0 0 0 72 0 99 0 23 0 79 0 0 0 0 0 0 0 0 0 0 0 3 0 0 0 0 0 0 0 100 0 0 0 0 0 0 0 0 0 0 27 0 0 0 0
0 0 0 26 26 9 0 32 0 0 0 0 0 0 93 0 0 13 0 36 0 0 0 66 50 0 0 0 0 0 0 0 0 0 0 0 68 0 0 0 0 0 0 25 0 0 0 0 0 0 3 0 0 7 0 19 14 0 0 0 0 0 0 0 24 0 0 0 74 0 14 71 0 0 94 14 0 0 0 0 0 0 0 0 0 0 0 0 93 49 45 95 0 0 0 55 0 58 2 0
0 44 0 0 0 0 0 0 0 0 0 14 41 84 0 0 0 39 7 0 0 77 76 44 93 0 34 0 0 0 0 0 0 0 0 43 0 0 0 0 0 0 0 0 0 0 55 0 0 0 0 0 30 74 0 0 0 74 43 0 89 0 0 0 0 0 54 0 0 0 0 0 0 0 0 0 0 62 0 0 12 0 15 0 0 60 0 0 0 0 0 0 0 79 0 0 32 0 0 0
0 5 0 0 0 0 0 0 0 0 35 0 0 0 0 95 0 0 0 0 0 47 0 0 0 0 25 0 1 0 0 39 0 0 0 0 0 0 28 0 0 0 0 37 0 0 0 0 0 0 94 0 0 0 0 0 28 19 26 0 0 0 0 0 61 0 85 0 0 0 0 0 0 0 0 24 0 0 17 0 0 0 19 0 0 28 0 0 0 0 0 74 65 0 88 0 0 8 0 0
0 0 0 0 0 0 0 75 0 3 0 0 0 37 0 0 68 31 20 0 0 19 0 0 0 0 61 10 0 42 0 0 0 0 0 0 0 0 0 0 0 0 27 0 0 0 0 40 8 0 0 47 0 35 0 15 0 57 0 0 0 0 68 0 35 29 0 0 0 57 0 0 0 0 0 0 0 0 69 0 0 0 0 0 0 0 0 0 0 0 55 0 0 0 23 0 0 0 0 0
0 0 0 0 19 0 0 66 0 55 0 0 0 0 86 52 0 0 37 93 80 0 0 0 28 84 0 0 6 0 0 7 0 65 0 0 73 0 25 0 0 0 33 0 0 0 0 0 0 0 0 0 0 0 50 0 0 0 40 0 0 22 75 0 0 0 7 0 0 39 0 41 0 0 16 0 91 76 0 0 0 0 0 0 0 0 0 19 0 0 0 0 0 39 89 0 0 0 0 0
0 0 10 0 39 0 0 0 43 0 0 0 0 27 0 29 0 0 0 4 72 0 15 0 0 0 0 0 0 0 50 38 93 0 9 0 79 0 0 0 0 0 0 0 0 0 0 0 0 0 0 0 0 85 47 100 0 0 0 0 0 0 0 0 0 0 0 0 0 6 0 0 0 0 42 98 89 0 23 0 0 0 64 0 0 11 27 0 0 0 0 0 13 0 0 0 38 13 0 0
0 0 0 0 35 0 0 0 0 0 64 12 0 0 1 32 0 0 0 0 0 72 0 0 0 56 81 49 0 100 0 0 63 8 0 0 0 0 0 0 0 0 40 0 76 0 0 0 71 55 69 0 0 0 0 28 0 17 56 78 0 0 0 0 0 0 0 0 0 0 0 0 0 87 74 0 84 0 67 0 0 0 0 0 0 0 0 83 0 0 0 0 43 0 0 0 0 0 0 30
0 0 0 81 0 0 0 0 0 0 28 59 0 0 82 0 0 0 0 0 0 0 0 0 44 0 0 0 0 0 19 0 0 35 0 0 85 0 0 0 0 0 0 0 85 0 0 0 0 0 0 0 0 0 0 0 0 0 0 86 0 0 0 0 0 0 0 0 0 0 0 0 96 0 0 49 0 77 96 5 0 0 4 0 0 0 73 0 0 54 0 0 12 0 0 0 0 0 0 0
9 20 0 0 0 0 0 0 0 13 0 8 0 0 1 47 0 0 0 0 0 0 0 0 0 0 0 0 23 0 0 0 0 73 17 85 0 0 55 0 70 0 0 80 16 0 37 0 0 0 0 0 0 0 0 0 0 33 49 0 96 89 0 0 0 0 0 0 69 0 92 0 89 0 98 0 0 0 0 0 0 0 0 0 0 0 0 0 0 82 0 26 93 10 0 0 0 0 0 0
0 0 0 2 0 0 0 14 0 0 0 0 0 93 0 26 0 0 32 5 0 0 71 0 0 0 0 5 0 0 0 88 0 0 0 0 0 82 24 0 0 0 0 0 0 0 0 0 56 19 72 0 0 0 0 0 0 0 0 0 0 73 39 0 0 0 96 0 0 15 0 97 0 0 0 0 0 0 10 0 0 0 52 0 0 0 46 0 0 42 0 0 0 48 0 0 0 0 0 0
0 0 39 0 0 78 0 0 0 72 0 73 0 0 0 0 0 0 0 0 7 0 0 0 0 0 0 0 3 86 15 0 100 0 29 4 0 71 0 0 0 94 0 0 0 57 0 34 75 0 0 0 0 19 10 0 0 0 0 0 0 0 0 0 0 0 0 0 0 0 83 0 0 0 0 0 0 0 0 0 29 0 0 76 0 0 0 66 0 0 24 94 37 0 0 0 0 0 0 0
0 0 0 0 0 0 0 0 0 0 0 0 16 0 93 68 71 0 69 0 0 0 54 0 0 0 0 0 0 86 0 0 0 0 0 0 0 0 0 0 7 22 6 0 66 75 36 85 0 63 78 0 45 55 65 0 0 0 0 0 82 0 0 34 0 0 12 32 0 0 82 48 0 0 0 0 0 68 0 17 14 0 94 28 14 80 0 0 0 0 0 0 0 0 0 35 82 38 96 0
33 93 0 69 0 0 0 0 0 0 5 0 81 0 0 0 0 0 0 0 0 0 0 0 47 0 0 0 0 12 0 0 27 64 0 84 0 0 0 0 0 0 0 0 0 0 0 28 21 0 0 0 0 0 0 0 0 98 0 0 0 0 59 0 0 75 0 0 0 39 0 0 0 0 0 0 0 0 0 0 86 0 33 57 53 0 0 0 0 0 0 0 94 0 0 0 0 38 0 0
0 80 0 0 0 0 0 86 0 0 0 0 0 0 0 45 31 0 52 0 0 0 0 0 0 0 0 0 0 0 0 0 0 0 0 24 0 11 32 0 0 0 0 0 0 0 0 0 0 0 0 0 0 0 0 0 0 52 0 86 0 0 0 0 0 0 23 0 0 0 22 0 0 0 0 72 13 84 15 0 0 6 42 0 0 50 0 0 0 0 0 0 74 0 48 0 0 0 0 0
0 94 0 0 0 0 0 0 83 96 0 62 5 0 0 0 0 19 3 0 0 0 23 0 37 31 0 0 0 0 0 0 0 0 0 72 0 27 0 81 0 52 46 80 0 0 0 0 0 0 0 0 0 0 0 0 0 0 0 0 0 0 85 0 0 92 0 0 0 0 57 0 0 0 0 69 17 0 0 0 0 64 0 0 37 0 45 0 12 0 0 0 0 0 0 42 0 0 86 0
52 5 0 0 0 78 0 0 0 0 0 0 0 0 78 0 0 0 0 0 25 0 0 93 0 0 0 0 0 0 0 0 0 0 0 0 33 98 0 0 0 0 31 0 0 0 0 0 0 38 0 0 0 0 0 0 0 0 0 0 0 0 0 0 0 0 0 0 0 0 0 20 0 0 0 0 26 0 0 0 0 63 0 0 0 0 0 0 0 0 19 80 0 32 10 0 0 0 0 0
0 0 83 2 0 22 0 0 54 14 0 0 0 0 0 0 40 67 76 0 0 0 0 0 0 0 0 0 0 0 0 0 22 73 0 0 0 0 87 0 0 0 76 0 0 0 0 0 0 51 78 71 0 0 73 0 0 0 0 14 3 0 0 0 66 69 0 0 0 0 0 0 76 82 0 0 0 0 18 0 0 0 0 30 0 0 0 0 0 97 0 0 0 0 0 0 0 0 0 0
0 0 0 76 81 100 0 0 0 33 0 58 0 0 0 87 0 0 0 0 73 82 0 53 0 0 0 40 6 0 0 7 45 20 0 0 0 0 0 0 0 0 0 0 0 0 0 8 0 0 0 0 0 0 56 0 0 0 0 0 0 0 0 0 0 0 11 0 0 91 79 0 69 0 2 55 52 0 0 0 0 0 71 42 0 20 6 1 0 0 0 0 0 0 0 0 80 0 0 42
0 0 0 0 0 0 85 0 0 68 0 31 65 0 0 0 0 0 0 0 0 0 10 0 0 25 37 24 0 0 0 0 0 0 29 0 0 0 0 87 57 100 24 0 0 27 89 0 0 95 0 0 0 0 0 0 0 0 0 0 0 0 0 0 12 0 0 80 0 0 24 0 0 0 0 0 0 22 0 0 0 0 0 7 0 96 52 53 0 0 37 64 0 0 21 0 0 66 0 16
0 89 0 0 0 0 0 71 82 0 79 0 0 77 0 0 46 40 20 0 0 68 26 43 0 0 0 0 0 0 0 0 0 38 19 0 0 0 0 10 0 0 0 74 0 0 0 0 0 0 0 0 0 50 0 0 0 0 0 0 77 0 0 0 81 0 0 0 0 61 85 0 0 24 0 0 0 0 0 81 27 0 0 80 0 24 86 0 0 0 0 0 27 0 0 0 0 0 0 40
0 0 0 0 0 30 0 0 0 95 19 35 0 0 0 0 52 7 0 0 0 0 0 0 0 97 6 0 0 0 0 1 57 66 0 0 0 0 0 68 0 0 0 0 41 0 0 0 0 0 0 0 0 0 0 0 0 59 0 0 0 0 90 0 0 0 0 0 0 0 9 0 0 75 0 0 0 58 0 0 0 71 0 41 69 0 0 52 0 0 0 58 0 0 0 0 43 0 6 0
83 0 0 34 0 0 0 0 0 0 0 0 0 85 0 15 0 0 0 19 0 0 0 0 0 62 47 0 0 48 90 0 34 0 0 0 0 0 0 0 0 65 0 0 0 67 37 0 0 0 0 0 68 0 0 0 0 0 0 0 0 0 69 0 0 0 0 0 0 19 0 0 0 0 96 0 0 0 0 0 0 0 0 0 0 0 0 54 5 0 0 0 69 0 0 29 0 77 0 0
0 0 0 0 0 94 24 0 0 0 0 0 32 0 5 25 0 0 0 88 33 0 0 0 0 0 9 0 0 0 0 0 0 0 80 0 0 0 0 0 0 35 0 0 0 0 0 0 19 0 0 0 64 0 0 63 0 0 0 0 59 0 0 0 0 0 0 24 23 0 97 0 0 0 0 80 0 0 0 48 11 74 0 0 0 0 0 0 0 10 0 50 0 0 0 67 0 0 0 0
0 0 0 0 0 0 0 0 0 0 32 99 44 0 0 0 0 0 0 0 0 0 40 0 0 0 0 8 0 0 0 0 0 0 0 93 11 0 40 54 0 0 0 0 89 0 0 4 0 0 0 0 95 0 73 0 0 0 0 0 0 55 0 0 0 0 26 60 55 0 0 0 0 84 93 0 0 0 44 0 60 0 16 0 0 0 0 0 0 0 0 0 0 82 0 0 0 42 0 0
0 0 0 0 0 0 97 0 0 0 0 0 0 0 0 0 21 0 0 0 0 0 0 0 0 0 0 0 0 80 86 0 0 48 1 0 0 0 0 87 47 0 92 37 0 0 66 0 0 0 0 0 0 0 0 0 0 0 55 0 0 0 0 0 90 28 0 0 0 0 0 0 0 0 46 0 0 67 0 0 0 0 0 88 0 0 0 76 0 0 78 92 26 0 63 0 57 0 0 0
66 83 0 12 4 0 65 0 0 80 4 82 0 0 17 0 0 0 97 0 0 0 0 0 0 58 95 0 0 1 0 0 0 0 22 62 0 0 0 76 0 0 28 0 57 0 0 0 0 0 0 0 0 0 93 0 0 0 0 0 0 0 0 0 0 0 0 79 0 0 29 0 0 0 0 0 0 17 55 80 0 0 0 0 91 26 23 0 0 0 0 0 0 0 0 0 5 44 0 0
77 0 0 0 0 87 0 0 0 37 0 100 0 0 60 78 0 0 0 62 0 0 0 0 0 0 0 0 1 0 0 0 0 0 0 0 0 0 0 0 0 0 11 0 0 0 38 0 0 0 0 0 0 0 59 87 0 99 0 0 94 0 0 0 0 0 0 89 0 7 0 0 90 0 0 0 0 0 0 0 0 52 0 99 0 3 0 0 0 0 0 85 62 0 0 0 0 0 0 0
82 17 75 43 0 0 0 0 0 0 0 0 88 0 0 41 0 84 0 0 0 84 27 0 0 71 0 0 0 0 0 90 87 0 0 0 0 0 0 0 0 0 0 0 0 0 0 0 0 76 77 0 0 4 5 5 47 61 0 94 16 0 0 0 0 0 0 0 0 0 0 0 0 0 0 0 0 0 0 0 8 95 90 0 68 0 0 0 0 0 0 0 36 0 0 0 0 0 12 0
96 0 58 0 86 93 0 0 11 0 0 0 0 0 0 0 0 0 0 0 0 14 32 0 0 0 0 0 90 0 31 0 0 37 0 0 0 4 0 0 0 0 0 0 0 0 0 50 0 26 0 0 47 0 0 24 75 0 0 0 0 21 69 0 0 0 0 0 76 0 44 0 0 0 12 0 0 51 0 0 0 0 0 0 28 43 62 36 0 0 0 0 0 82 37 45 0 2 20 0
0 0 11 0 1 0 0 0 0 0 0 0 0 0 21 73 0 62 0 21 0 0 0 0 0 0 0 0 0 0 0 59 0 0 0 0 0 0 47 0 0 0 0 0 21 57 74 0 0 92 0 0 0 95 0 48 0 39 47 0 0 0 0 0 0 0 0 0 0 0 26 94 3 90 0 0 0 0 0 0 0 0 0 0 0 0 0 0 0 0 0 0 0 24 96 0 67 16 0 0
86 0 0 0 0 0 0 0 0 0 0 0 0 0 0 70 0 0 0 0 0 37 0 0 58 0 0 10 0 0 0 0 0 60 0 0 0 36 0 0 0 0 0 70 0 0 0 0 0 0 0 0 0 0 0 0 0 0 0 0 54 0 0 0 0 0 0 0 0 0 8 0 0 86 0 0 0 0 0 0 14 0 0 0 19 0 0 0 24 0 0 0 0 0 0 0 0 0 0 0
94 0 0 0 34 45 0 97 0 36 15 0 0 0 87 87 0 0 0 0 0 0 0 0 0 0 60 0 0 0 0 0 0 0 86 0 0 0 0 12 0 0 70 0 0 0 0 0 0 0 20 0 0 0 10 0 0 12 3 27 0 37 71 0 6 0 19 51 52 0 0 0 0 0 50 23 0 0 0 0 0 0 77 68 0 63 0 0 0 0 0 97 0 0 62 0 0 0 0 9
39 0 0 0 0 0 68 85 0 0 0 0 66 7 0 0 49 0 0 0 0 0 88 0 0 6 0 67 0 0 78 0 0 0 0 0 0 0 23 0 0 0 97 24 58 28 99 0 0 0 0 25 0 0 0 0 27 0 0 0 0 0 52 29 17 0 51 8 81 0 0 0 54 96 0 0 0 84 0 0 0 0 0 34 0 97 0 53 65 0 0 80 0 77 0 0 0 92 0 0
0 0 48 32 77 0 0 0 0 0 0 58 0 0 41 0 0 0 0 0 0 0 0 99 0 0 0 0 0 0 0 0 0 0 0 0 72 0 91 0 10 0 88 68 0 0 77 0 16 0 0 0 0 0 0 67 0 0 0 76 0 0 0 0 0 81 95 10 0 0 0 67 0 65 0 69 0 0 0 0 0 0 0 0 33 0 0 0 0 0 0 85 0 0 0 0 0 36 0 0
0 82 0 0 0 0 0 0 0 0 72 0 0 35 0 17 0 0 25 0 0 0 0 58 0 36 92 0 0 0 0 0 0 0 0 0 0 87 0 0 0 0 0 0 0 0 77 38 93 0 0 0 0 37 71 80 0 0 0 0 0 0 0 76 0 0 0 0 0 0 0 89 0 0 0 0 0 0 0 0 0 0 0 0 0 0 0 5 33 52 30 94 0 0 31 0 29 0 0 0
5 0 67 0 0 0 0 0 0 0 11 0 19 0 0 75 0 0 0 0 0 0 70 0 0 0 91 0 0 0 0 0 23 0 13 0 0 0 0 0 0 34 21 32 0 0 0 46 0 0 0 0 84 0 0 0 0 0 0 0 0 13 0 70 6 48 0 0 0 0 54 0 0 0 0 44 0 0 0 0 0 0 0 76 0 0 20 0 0 0 8 54 0 34 74 52 0 0 33 0
0 0 0 0 0 0 92 0 25 0 0 71 0 0 0 0 0 0 0 4 0 57 0 99 0 0 0 0 0 95 0 0 0 0 0 0 0 0 0 43 58 0 0 0 0 55 0 0 74 43 0 0 0 82 0 0 0 66 0 32 0 37 0 0 0 0 71 12 95 0 0 0 0 0 0 0 0 0 0 0 0 0 0 0 0 35 38 0 0 0 0 89 0 0 72 80 0 0 0 0
0 78 0 0 0 0 16 0 0 0 0 0 0 0 37 0 0 0 0 0 58 0 0 3 18 0 0 0 76 0 0 0 0 21 64 0 29 0 0 82 0 0 0 0 0 0 0 0 14 0 46 0 0 6 0 0 0 0 0 0 0 0 0 0 86 0 0 0 7 0 0 0 0 0 0 0 0 97 0 0 0 0 0 0 0 68 0 0 0 0 0 0 83 0 0 49 53 0 0 0
42 0 0 9 0 0 0 0 0 97 0 0 86 0 0 0 9 0 0 0 99 0 0 0 0 13 0 0 0 0 0 0 15 0 0 0 0 0 0 33 0 0 8 51 0 0 0 0 0 0 78 40 0 0 64 0 9 9 49 0 0 0 0 0 0 46 0 0 0 0 0 0 0 0 0 0 87 0 14 51 68 0 58 8 3 0 0 0 0 0 6 0 0 0 0 0 97 89 0 0
0 0 0 0 0 0 0 0 0 51 0 0 94 33 0 19 0 97 81 0 36 0 0 0 0 0 78 6 0 31 0 62 0 0 0 0 0 0 30 0 0 0 48 0 0 0 39 0 0 58 0 0 0 0 0 0 0 37 0 0 62 0 0 49 57 0 0 3 0 0 0 0 0 0 0 0 74 0 0 70 52 0 0 58 0 38 0 0 0 0 77 17 4 0 0 0 0 0 0 0
11 0 0 0 7 0 18 60 0 0 0 0 0 7 0 12 41 33 0 84 0 0 1 0 0 0 80 0 0 0 0 0 77 56 13 0 0 0 9 11 0 0 54 0 0 30 0 0 0 0 0 0 24 0 0 0 0 0 0 0 13 0 0 87 57 58 0 27 0 99 4 0 0 26 0 30 0 0 0 91 0 0 0 20 0 0 0 0 0 65 0 0 0 0 0 18 0 0 0 64
0 11 0 0 0 0 0 97 18 0 0 0 0 0 0 0 0 0 8 82 0 0 0 19 0 0 0 0 0 0 75 0 0 0 0 91 4 0 0 7 46 0 0 0 0 0 80 80 0 0 82 0 0 0 0 46 0 0 0 0 0 0 0 0 0 0 3 67 0 0 7 0 0 34 0 0 41 1 0 0 0 51 0 0 0 0 22 0 0 0 0 0 0 0 0 0 0 0 0 0
32 0 0 91 35 0 99 0 0 0 0 0 0 0 0 0 0 54 79 0 39 36 0 77 0 0 0 0 0 0 0 0 58 0 0 0 0 8 0 0 0 0 0 0 12 32 0 0 0 0 98 0 0 0 0 0 0 0 4 0 0 0 0 0 0 21 0 77 99 19 0 0 0 0 0 0 0 0 0 0 0 0 0 0 0 85 0 0 0 0 29 0 0 0 0 80 78 0 0 0
0 0 0 87 0 0 0 0 0 53 0 0 0 0 72 0 0 0 0 0 0 0 0 0 7 0 0 95 0 76 0 0 0 0 0 8 0 46 0 0 0 0 0 0 0 91 0 0 0 0 0 0 0 0 0 95 0 0 0 0 0 0 0 77 0 0 39 55 0 0 0 0 0 0 0 0 0 67 15 0 28 0 0 0 0 0 2 84 65 0 0 38 0 0 0 0 0 0 0 0
97 0 0 0 0 0 0 0 17 0 0 0 0 0 89 0 0 0 20 0 0 0 73 0 32 0 0 0 0 5 0 13 0 0 0 0 0 75 0 0 9 0 0 66 0 0 0 0 0 72 0 85 40 0 0 0 0 0 0 89 0 0 0 36 0 3 0 0 86 0 0 77 18 0 0 0 0 100 0 17 0 4 0 0 0 0 0 0 0 0 40 0 0 33 0 10 0 0 0 0
0 71 9 83 0 39 0 0 0 0 49 0 0 0 28 0 9 0 0 0 0 0 0 0 0 0 0 0 69 0 0 68 0 0 0 49 6 0 17 0 0 42 82 0 1 17 0 1 0 0 0 78 0 0 0 0 0 0 0 0 0 0 0 0 0 0 0 0 0 0 0 49 0 89 98 60 0 16 0 3 0 69 29 0 0 18 0 0 35 0 10 0 0 0 99 0 29 85 0 0
0 0 0 0 19 0 0 8 0 28 0 74 80 81 0 0 0 0 0 67 0 0 0 18 0 74 0 0 0 20 0 76 0 0 0 20 0 0 0 0 0 0 0 0 0 5 90 0 0 0 69 0 0 0 0 0 9 36 0 0 0 0 0 0 0 0 0 0 0 79 0 0 0 0 0 44 0 0 43 83 0 81 0 0 0 0 0 0 0 0 22 55 37 0 0 0 0 0 5 0
0 0 0 0 0 0 75 0 13 0 0 0 14 6 0 0 0 0 0 0 0 0 0 0 31 0 0 0 0 0 0 0 0 0 0 0 69 0 0 13 0 0 43 61 0 0 0 0 0 52 34 68 0 0 0 0 0 0 0 46 0 96 0 0 0 0 0 59 0 0 0 0 75 0 0 0 0 0 14 0 0 0 0 0 0 0 78 71 0 0 0 0 57 0 0 46 0 0 76 0
0 0 68 0 92 44 0 0 0 0 0 0 0 0 0 0 0 0 0 0 0 0 0 0 0 0 0 0 0 0 80 0 0 0 0 56 0 100 59 0 0 0 0 0 61 0 0 0 20 0 0 13 0 0 17 0 0 0 0 0 88 0 0 96 0 92 0 0 0 0 11 0 0 0 0 0 0 0 0 0 91 0 0 0 0 0 0 0 0 94 0 99 0 0 0 0 47 0 53 0
70 13 0 0 76 0 0 0 0 0 0 0 0 0 0 8 0 0 0 0 98 0 78 46 0 54 0 0 0 0 0 0 0 0 0 0 0 0 0 0 0 0 63 0 0 0 0 71 0 0 0 0 100 56 0 0 79 0 0 0 0 0 49 0 0 0 0 0 0 0 100 0 0 34 0 0 0 17 0 0 34 0 0 0 0 0 41 0 0 94 96 0 0 0 0 0 0 0 63 0
60 20 0 15 0 0 0 0 0 0 0 0 20 31 0 0 0 0 42 0 0 92 0 0 0 64 0 57 0 0 45 0 0 0 0 0 88 0 0 0 0 0 0 0 0 0 0 0 0 56 86 73 0 0 0 97 0 0 0 18 16 0 0 0 0 0 0 0 0 0 0 0 0 0 0 92 0 69 0 0 0 0 0 80 0 0 32 0 0 0 68 50 0 0 0 0 58 0 0 0
0 0 2 87 0 0 0 0 59 49 0 0 0 0 0 79 0 0 0 14 0 0 84 0 0 0 95 0 0 0 0 0 0 0 0 0 76 0 0 4 0 0 0 0 0 0 0 0 0 0 0 47 0 0 61 0 0 0 8 0 0 0 0 0 0 0 23 0 0 0 0 2 0 0 0 0 0 0 31 0 41 10 19 0 0 0 95 0 0 0 0 0 0 62 0 0 0 0 0 53
61 0 0 0 0 0 35 0 0 0 0 20 0 0 64 0 0 0 0 0 0 0 0 0 0 0 56 0 23 0 0 0 3 0 0 75 0 78 0 0 60 0 0 0 76 0 0 0 0 31 0 0 0 0 0 0 63 0 0 0 37 65 0 0 0 0 73 41 0 0 0 0 0 0 0 0 0 14 91 0 0 0 0 71 0 0 0 0 17 0 0 0 29 0 0 0 0 0 91 0
0 0 0 0 0 0 0 0 0 0 0 0 71 0 89 10 65 62 0 0 45 68 0 0 0 0 8 0 0 0 22 0 0 95 0 90 0 0 0 0 0 0 0 38 0 0 0 0 25 0 27 0 0 0 0 0 0 85 98 0 0 0 23 0 0 0 0 0 0 0 0 0 0 0 0 96 0 0 0 0 38 0 100 0 0 0 0 85 0 0 81 0 0 0 44 0 39 0 0 0
0 0 0 0 0 0 92 0 0 0 78 36 0 0 0 0 0 0 0 0 0 0 0 0 0 0 0 0 0 52 0 78 0 0 39 36 0 0 96 0 93 0 1 6 0 73 0 0 0 0 48 0 0 0 0 0 0 0 0 0 17 0 0 0 0 14 0 81 25 76 0 0 69 0 0 0 0 0 79 0 24 0 0 0 0 0 0 74 0 0 0 4 32 0 29 0 0 0 0 0
21 68 0 0 60 61 0 0 10 71 0 0 57 0 22 0 0 0 29 0 0 0 0 0 0 0 0 0 0 0 0 0 0 0 44 0 48 0 0 0 0 0 0 29 58 0 0 14 0 0 0 38 5 89 0 0 0 60 0 0 0 0 0 0 0 0 0 0 0 0 0 0 0 49 0 69 0 0 83 0 0 0 86 0 0 0 0 97 0 0 0 0 0 0 0 0 0 0 0 0
0 0 1 0 0 49 0 0 0 0 0 0 0 0 0 0 0 0 0 69 19 83 66 0 0 0 48 96 0 0 0 0 0 0 45 0 85 0 94 0 0 0 0 0 19 0 0 0 0 0 0 0 0 19 0 0 0 0 0 13 0 0 0 92 0 72 0 0 0 82 0 0 45 0 0 0 7 0 0 0 49 0 0 0 0 0 45 0 0 0 0 0 27 0 0 34 0 46 0 0
0 0 0 0 0 77 0 0 39 66 0 0 0 0 0 0 0 57 0 92 0 46 0 0 0 0 0 0 0 0 0 0 0 0 0 0 79 0 0 0 0 0 0 0 0 0 0 0 0 0 29 86 0 13 9 0 0 0 0 3 0 0 0 0 0 0 0 0 0 0 24 0 0 86 0 0 13 0 0 61 0 0 0 28 0 0 0 0 0 0 60 0 0 26 79 96 0 0 58 0
0 0 0 61 0 0 0 0 0 0 43 0 0 94 0 15 0 0 0 0 0 0 0 31 0 79 0 0 100 0 0 0 0 32 91 0 13 0 5 0 0 0 0 5 7 40 25 0 0 70 0 0 0 0 16 0 0 0 0 0 0 81 0 0 0 0 0 0 0 0 0 0 0 0 1 0 0 0 69 100 0 0 38 0 0 0 0 0 0 0 0 0 63 0 0 0 0 82 53 0
35 0 0 14 0 0 0 0 0 0 22 34 0 0 0 1 0 0 0 0 0 0 0 0 0 0 0 0 96 89 42 0 0 90 98 0 0 80 0 0 0 30 0 0 0 0 0 100 0 74 0 79 0 0 0 91 0 0 0 0 57 0 0 0 0 0 1 25 44 0 0 0 0 0 0 22 46 0 0 0 0 0 25 0 51 0 0 0 100 0 0 0 0 0 0 0 0 45 0 0
0 0 14 0 0 0 0 0 0 0 0 0 0 47 1 0 61 0 58 0 0 30 5 0 0 0 0 0 0 0 0 0 0 0 15 0 0 0 0 0 80 0 27 0 0 0 0 0 0 0 0 0 0 29 0 34 19 95 24 0 0 0 0 0 0 0 36 0 0 0 0 86 16 0 0 0 0 97 0 0 0 0 0 0 0 0 0 0 42 69 0 13 0 0 5 0 0 0 0 0
0 0 63 0 0 0 0 0 0 0 0 0 0 0 33 36 0 0 0 0 0 0 0 0 0 0 43 0 0 0 0 67 0 0 0 0 22 19 0 0 0 0 0 0 74 0 0 0 21 0 99 54 84 99 0 0 0 0 0 0 0 0 0 0 73 0 76 0 0 0 0 0 0 90 0 0 0 8 0 0 0 36 0 50 43 0 0 0 0 0 0 0 11 0 0 0 0 92 0 23
94 0 19 0 0 0 0 0 83 0 0 0 0 85 79 50 31 0 0 0 0 0 74 88 22 72 0 0 0 0 0 31 0 0 0 0 0 0 19 0 0 0 0 0 0 0 0 0 85 56 0 0 61 0 0 0 0 0 0 0 0 0 37 0 0 0 10 0 0 0 50 70 0 78 0 0 0 0 0 36 0 31 48 0 64 0 0 0 44 0 0 0 0 0 32 75 0 0 0 0
0 0 0 0 15 0 0 0 0 0 0 0 50 0 96 0 0 0 25 0 32 0 76 0 0 15 0 0 0 0 0 0 0 0 0 0 0 76 0 0 0 0 0 0 0 22 0 0 32 0 0 0 14 0 0 0 0 0 0 0 0 98 0 0 0 0 0 0 0 51 0 98 61 68 18 0 0 0 0 0 0 0 0 2 0 18 0 0 0 0 15 0 0 0 65 0 0 0 0 0
77 0 0 0 0 0 0 0 20 0 74 0 0 0 0 0 1 89 0 0 0 0 0 91 0 0 0 0 5 87 32 0 0 0 0 29 63 0 0 0 0 25 0 97 0 0 0 0 0 83 0 0 34 0 0 0 82 0 0 0 0 0 0 76 39 0 0 0 0 29 0 0 71 0 0 79 0 0 0 8 0 0 31 0 0 0 0 0 0 0 48 0 0 0 0 82 28 0 0 51
0 0 0 0 0 0 55 0 44 35 0 0 0 0 0 84 18 0 0 0 22 0 0 5 0 49 33 29 0 0 0 65 0 51 0 0 0 0 0 4 0 0 11 0 0 42 0 0 0 0 31 0 0 0 0 0 0 0 0 0 44 0 64 88 0 0 55 0 0 0 26 0 0 0 0 72 0 0 0 52 0 0 0 0 0 0 82 0 66 94 0 0 0 58 0 63 0 38 0 0
0 0 0 0 0 90 0 65 19 0 0 0 93 0 0 0 0 0 96 53 0 0 0 0 0 0 0 0 27 97 0 0 0 0 0 38 0 0 61 59 0 0 0 0 0 52 0 0 0 0 0 55 0 0 0 25 0 0 0 0 21 0 29 0 0 0 92 0 0 0 0 0 0 0 0 0 0 10 15 0 0 0 50 0 0 0 31 97 13 0 93 0 55 0 0 57 0 0 0 0
0 0 0 0 77 48 0 69 0 0 0 57 22 0 0 83 0 0 0 0 0 0 54 47 32 0 0 65 0 0 0 0 52 0 0 0 0 0 0 0 0 0 0 0 0 0 94 0 0 0 0 0 0 59 78 0 0 0 0 0 0 0 0 0 0 0 0 93 0 0 73 0 0 24 95 88 0 0 0 0 0 0 2 100 0 0 65 0 0 0 54 0 0 59 79 0 0 0 0 17
0 61 0 0 0 0 73 77 0 0 0 0 0 0 0 0 0 20 0 41 0 0 0 0 0 55 0 0 0 43 93 34 0 0 0 0 68 7 90 0 0 83 21 0 0 0 0 0 0 0 0 8 0 0 0 0 75 66 0 0 0 0 0 0 0 0 0 0 0 0 0 76 0 65 0 0 27 28 0 0 0 0 0 43 0 0 0 0 90 0 0 21 0 0 0 0 0 0 7 69
0 0 0 0 2 0 0 0 0 98 48 0 100 6 0 0 0 0 0 0 0 0 0 0 0 0 42 0 0 0 0 0 0 0 0 91 0 0 5 0 0 0 0 20 0 0 0 0 0 0 0 0 0 0 0 40 93 0 0 0 0 39 0 0 0 17 0 0 0 0 34 98 0 76 64 0 0 0 0 0 18 0 0 0 74 0 0 53 0 0 0 0 66 0 0 0 0 0 0 58
0 0 0 0 9 0 0 0 0 39 4 0 0 0 69 33 68 0 85 0 0 1 32 0 84 0 79 0 14 0 29 19 0 0 0 0 0 96 0 0 0 60 88 0 0 0 0 0 0 97 0 0 9 57 0 0 25 0 0 67 0 0 0 0 0 0 0 18 0 0 0 29 0 0 0 0 0 0 0 43 0 0 0 0 0 0 0 46 0 0 0 0 0 0 0 0 0 0 69 0
0 0 0 0 0 22 0 0 0 0 0 0 0 0 0 46 0 0 0 0 0 0 0 0 0 80 0 0 0 0 0 89 0 0 44 70 0 0 0 17 0 0 43 64 21 0 0 0 58 0 0 0 0 25 0 28 0 0 0 0 0 37 6 0 0 62 0 65 0 0 0 0 0 0 94 0 41 44 0 0 0 88 0 0 0 0 0 20 0 0 47 8 0 7 0 0 0 0 0 0
0 0 0 12 0 0 0 0 0 0 91 0 0 0 0 52 0 0 0 0 0 0 0 89 50 66 43 76 61 0 44 0 0 0 0 16 0 0 0 0 0 0 0 0 0 0 0 0 0 0 34 0 30 0 0 0 34 64 88 0 0 0 0 65 0 0 0 0 0 0 0 0 0 0 0 0 0 0 58 0 0 0 80 96 0 0 0 0 48 0 0 0 0 0 0 70 0 0 0 0
0 0 93 0 91 0 0 63 0 0 0 0 40 58 60 0 0 0 0 0 0 50 0 0 45 65 0 30 0 0 0 0 0 0 0 0 0 0 0 0 0 0 0 0 0 0 69 0 0 0 0 0 0 44 0 0 0 0 80 62 25 0 100 0 41 10 0 0 0 74 0 0 89 0 83 0 0 0 8 0 59 86 0 0 25 0 0 0 41 0 0 25 0 46 0 0 11 0 0 0
0 0 56 0 0 0 87 0 0 0 0 4 0 87 0 0 0 0 0 0 0 0 45 0 0 0 0 0 0 0 34 0 0 0 53 0 0 36 79 0 0 0 0 0 2 0 55 0 66 0 31 0 0 0 0 0 0 0 0 0 78 0 92 56 0 84 0 74 0 0 0 0 0 0 0 0 0 0 0 0 48 0 0 0 29 0 0 0 0 80 0 0 0 0 90 62 87 0 0 0
0 0 63 0 0 91 0 66 0 0 0 0 0 0 0 0 0 0 4 0 9 30 0 0 98 0 0 0 0 45 0 0 0 0 31 0 0 94 58 0 0 0 52 0 0 0 40 0 0 22 0 60 31 0 2 0 0 0 0 91 0 0 0 42 0 0 36 86 0 0 81 66 0 0 0 96 0 0 0 0 0 0 0 92 0 0 83 0 0 84 0 0 0 0 0 59 0 7 36 0
46 0 0 45 0 0 0 16 0 0 0 0 0 68 11 49 60 0 19 0 0 0 0 0 9 0 0 0 0 0 0 68 0 0 66 0 0 36 0 50 64 24 28 0 0 0 0 52 100 0 0 0 0 0 42 0 87 0 38 4 0 7 0 0 0 0 0 98 0 3 52 0 0 0 0 0 0 0 0 0 0 0 0 0 49 0 0 0 100 84 0 0 0 0 0 0 0 0 0 0
0 0 0 12 0 11 8 0 0 0 0 0 0 35 67 0 0 0 0 57 0 0 0 0 0 0 59 0 0 0 0 0 36 0 0 0 0 0 0 40 0 0 0 0 0 0 0 0 43 0 0 76 16 0 0 84 60 62 0 0 0 0 0 0 97 0 0 58 0 0 0 20 0 0 41 0 38 88 0 0 89 0 0 67 0 0 0 0 0 0 84 0 0 0 53 38 14 0 71 0
48 0 0 0 20 0 0 0 0 0 1 0 0 0 0 0 93 0 75 0 70 0 22 0 0 0 0 0 0 0 0 25 90 0 0 0 2 0 0 0 0 10 0 98 0 0 0 0 0 0 0 0 73 0 0 0 0 0 0 38 60 0 60 0 0 0 97 61 21 0 0 0 0 0 33 0 0 69 0 0 0 0 29 9 0 0 0 0 0 39 0 72 0 0 0 43 0 0 0 0
0 0 0 0 0 0 27 18 0 32 74 0 0 0 0 24 74 0 0 13 0 4 16 0 34 0 0 95 1 40 0 0 0 0 0 0 0 0 0 0 88 0 0 0 0 0 29 80 0 0 0 98 0 6 17 84 59 0 0 0 0 0 0 0 0 0 0 0 0 83 0 100 0 0 0 50 0 9 0 96 0 25 0 37 0 0 0 0 0 0 0 0 0 0 0 0 0 0 0 37
0 0 63 0 0 0 93 0 0 70 0 0 0 0 1 0 0 0 0 0 0 0 0 0 0 10 0 0 0 78 0 0 39 0 0 0 0 0 0 8 0 0 0 0 0 0 0 0 0 0 0 0 0 0 6 99 0 0 0 0 0 0 0 0 0 62 0 0 0 0 0 0 0 67 0 0 0 5 0 22 0 0 0 0 0 0 7 0 0 0 39 0 0 0 0 0 0 0 0 0
0 0 73 0 0 0 0 13 0 0 0 0 0 0 0 0 0 0 0 89 0 0 0 0 0 0 0 7 0 0 32 30 0 0 0 0 0 0 75 0 0 0 53 0 66 0 0 56 0 31 58 0 0 0 25 0 0 0 0 46 0 0 0 0 0 0 37 5 0 0 0 0 0 0 0 0 0 0 0 0 0 59 0 0 0 0 0 0 93 0 53 0 28 0 0 0 0 0 0 0
0 0 3 0 0 0 34 54 0 0 86 73 0 0 66 0 0 0 0 75 0 94 0 0 0 0 0 76 0 0 0 57 0 0 0 0 0 0 0 0 0 0 73 82 0 0 0 0 0 0 0 0 0 70 2 62 0 0 14 0 0 54 0 0 0 0 0 0 0 0 0 0 0 74 60 0 0 0 0 28 84 19 57 0 51 0 0 0 0 74 0 0 44 0 0 0 0 0 0 0
0 27 0 0 91 12 0 85 0 0 0 0 48 0 43 0 22 0 0 0 0 0 17 0 0 0 0 0 0 0 0 0 0 0 72 87 0 0 0 0 71 0 67 0 0 99 0 0 0 0 0 0 14 0 0 82 0 0 0 0 66 0 0 0 0 50 0 0 0 0 0 0 0 0 15 0 0 0 77 0 59 0 81 0 0 0 0 62 0 69 0 0 0 0 77 100 0 0 0 0
0 0 0 0 0 0 0 0 0 0 0 89 11 25 0 0 63 0 0 0 0 92 0 0 0 0 0 0 0 0 65 0 0 0 0 0 0 90 0 0 40 0 0 0 0 78 0 0 0 0 0 0 0 0 0 48 22 0 6 4 0 0 0 0 0 0 0 0 0 0 0 0 71 0 12 0 0 0 0 0 0 0 0 0 0 0 0 20 0 0 0 0 0 0 0 0 33 0 0 0
0 20 0 9 0 0 0 0 1 0 0 0 0 0 0 0 0 0 0 21 0 0 0 0 0 0 0 40 0 65 0 0 0 61 0 63 0 13 0 67 0 0 0 0 0 0 0 0 0 80 3 76 0 0 0 0 78 0 0 0 0 0 58 0 0 8 0 0 0 0 0 0 0 0 0 0 0 0 0 0 0 0 0 0 23 96 0 0 0 0 0 0 0 99 0 0 0 69 0 39
0 66 0 0 0 0 0 0 3 0 0 96 34 0 0 0 0 0 0 0 0 0 0 0 0 0 0 0 0 0 0 63 0 0 0 0 0 74 0 0 0 0 12 66 0 0 0 0 34 0 0 0 86 0 0 0 0 0 0 0 0 0 0 0 0 0 1 0 0 64 0 0 0 0 0 0 0 0 0 0 0 0 79 0 0 99 0 9 0 0 0 74 0 0 0 0 0 0 76 0
0 0 0 0 0 42 0 0 0 0 0 0 0 0 0 0 0 1 0 0 0 0 0 0 0 0 0 0 23 0 0 31 0 0 0 0 0 0 61 0 0 0 91 0 0 66 0 86 0 0 0 0 0 0 0 0 0 0 0 0 0 80 79 61 0 0 0 78 10 0 0 0 0 0 0 91 0 0 0 0 0 0 0 0 0 0 0 0 29 0 0 42 0 0 73 0 0 0 0 0
8 0 0 0 0 4 31 0 19 0 4 82 0 51 0 0 0 69 0 0 0 30 0 0 0 0 31 0 0 0 0 0 0 0 0 0 68 0 0 0 0 0 0 70 49 0 36 0 0 54 31 0 37 0 0 85 0 0 0 0 0 0 40 0 68 0 32 0 0 75 32 0 0 27 0 0 0 0 0 13 0 77 0 87 0 0 95 0 80 4 0 0 23 0 0 0 17 0 0 0
0 0 0 58 0 14 0 0 0 0 0 0 73 0 0 0 0 0 0 39 0 0 0 0 0 0 0 50 0 0 0 0 0 0 84 7 0 0 0 0 0 77 0 0 0 0 0 0 0 0 0 92 0 17 85 0 0 0 0 0 0 23 19 0 0 19 0 46 0 0 26 21 0 0 0 0 63 0 0 52 0 0 0 22 0 0 0 0 0 0 0 0 0 0 0 0 0 85 0 0
0 0 0 88 0 0 36 0 0 0 0 0 74 0 0 0 94 0 0 0 0 0 31 0 0 0 0 88 0 0 0 0 0 40 0 0 0 0 0 0 0 0 21 4 0 0 0 26 0 4 0 0 74 19 4 0 0 0 0 91 79 0 0 0 34 0 0 0 49 4 0 0 0 0 75 40 0 5 0 0 0 0 0 0 56 0 73 0 0 61 0 0 0 71 0 0 0 26 0 0
72 0 0 0 0 0 0 54 26 0 88 64 0 0 0 0 0 0 0 22 0 0 0 0 0 14 39 0 29 0 60 0 0 19 0 0 0 0 0 15 0 0 0 4 0 0 0 0 29 0 0 15 40 86 94 0 0 0 22 23 0 0 0 0 0 88 90 100 0 74 0 0 0 0 0 0 0 0 0 0 0 0 0 0 0 0 0 0 0 0 0 0 0 0 0 0 88 0 0 48
11 25 0 0 0 0 0 0 0 0 0 0 0 0 0 0 0 0 0 0 45 62 0 0 0 0 0 99 64 0 0 0 62 0 0 0 0 0 100 0 0 0 0 0 0 0 49 0 0 0 0 0 0 75 15 0 0 0 0 73 0 0 13 0 0 0 28 96 4 0 0 0 0 72 0 0 0 0 0 0 0 0 0 26 0 0 0 0 53 0 0 0 0 0 0 0 0 0 0 0
0 0 0 0 15 0 30 0 0 0 0 0 0 97 0 0 0 0 0 0 0 37 0 65 0 0 0 0 0 0 0 54 45 0 49 45 0 0 0 0 0 36 0 0 0 88 65 0 25 0 0 24 28 0 0 0 0 0 0 2 0 0 0 0 14 77 0 40 0 0 0 0 43 0 0 55 0 0 0 0 0 9 0 0 0 0 0 0 0 0 0 0 0 0 4 0 0 70 0 54
0 0 86 0 51 0 0 0 0 0 59 0 20 50 0 0 0 8 0 0 0 0 55 0 0 78 0 71 1 0 1 0 0 0 61 0 0 0 0 16 0 0 0 0 32 0 0 0 0 20 0 0 0 0 0 0 0 0 0 0 0 12 0 0 31 20 0 51 0 0 0 0 0 36 0 0 0 0 35 0 0 0 0 0 0 7 43 0 0 0 0 0 0 16 0 6 60 0 0 0
79 0 0 0 0 56 0 0 55 4 0 0 0 0 0 84 91 0 0 68 78 0 91 0 0 54 0 0 0 0 42 0 11 0 0 0 0 0 0 0 0 0 0 0 98 0 0 11 0 0 91 0 0 72 71 0 0 0 36 0 0 0 0 0 97 0 0 6 6 0 0 0 0 0 0 88 0 0 0 0 0 0 43 0 0 0 0 12 0 0 63 63 0 11 0 0 0 0 0 68
0 0 0 0 0 0 0 0 0 0 0 0 0 0 0 0 0 0 26 0 0 0 0 0 0 0 0 0 5 0 0 0 63 0 0 0 0 0 42 0 0 0 0 0 0 0 39 0 0 0 0 0 0 0 11 0 0 0 0 77 0 0 0 23 0 0 43 0 0 0 43 74 58 0 0 0 0 38 0 0 0 52 95 0 58 81 91 0 14 0 0 0 0 48 0 60 0 0 0 0
47 0 42 0 0 0 84 0 0 0 36 0 0 0 87 0 0 53 0 0 0 0 0 86 35 0 0 39 52 0 0 0 36 0 96 0 0 0 98 0 0 0 40 0 0 0 44 0 0 40 97 0 0 0 0 52 0 60 91 76 0 0 0 0 0 0 77 0 0 0 0 0 0 0 0 0 0 81 0 0 0 0 25 0 0 0 0 0 0 0 0 0 78 0 20 0 64 0 0 0
0 17 0 0 0 0 0 6 0 25 0 0 0 0 0 0 0 0 0 95 0 47 0 0 0 0 0 0 0 0 0 32 0 0 0 0 0 16 0 0 0 64 68 0 0 0 0 0 36 64 0 42 0 0 0 0 48 0 0 0 0 95 0 0 0 0 0 0 0 0 34 0 14 0 0 0 0 0 0 0 0 0 50 0 0 34 0 0 0 0 0 0 0 0 0 0 0 0 0 0
0 34 0 93 0 0 0 66 0 94 0 89 0 0 0 39 0 0 0 0 0 0 0 0 54 48 0 0 0 0 0 0 19 0 0 0 0 49 0 100 0 0 0 0 0 0 0 0 0 0 0 27 0 33 0 0 0 0 9 0 28 0 48 0 11 0 0 0 0 0 0 0 0 0 0 0 54 0 0 0 0 0 0 0 76 0 0 0 0 0 0 0 0 0 0 23 0 0 0 0
0 0 0 27 45 94 0 16 0 0 0 0 0 0 86 0 0 46 0 31 0 0 0 11 65 0 0 0 0 0 0 0 0 0 0 0 23 0 0 0 0 0 0 93 0 0 0 0 0 0 94 0 0 36 0 45 52 0 0 0 0 0 0 0 31 0 0 0 5 0 24 2 0 0 16 53 0 0 0 0 0 0 0 0 0 0 0 0 63 69 6 6 0 0 0 81 0 64 56 0
0 56 0 0 0 0 0 0 0 0 0 33 70 11 0 0 0 18 75 0 0 7 28 38 95 0 6 0 0 0 0 0 0 0 0 78 0 0 0 0 0 0 0 0 0 0 10 0 0 0 0 0 32 58 0 0 0 75 66 0 84 0 0 0 0 0 67 0 0 0 0 0 0 0 0 0 0 18 0 0 97 0 59 0 0 5 0 0 0 0 0 0 0 65 0 0 60 0 0 0
0 46 0 0 0 0 0 0 0 0 81 0 0 0 0 3 0 0 0 0 0 76 0 0 0 0 11 0 94 0 0 48 0 0 0 0 0 0 18 0 0 0 0 12 0 0 0 0 0 0 22 0 0 0 0 0 42 34 17 0 0 0 0 0 25 0 69 0 0 0 0 0 0 0 0 93 0 0 87 0 0 0 70 0 0 83 0 0 0 0 0 79 17 0 77 0 0 32 0 0
0 0 0 0 0 0 0 51 0 28 0 0 0 15 0 0 29 55 77 0 0 14 0 0 0 0 25 43 0 53 0 0 0 0 0 0 0 0 0 0 0 0 48 0 0 0 0 14 58 0 0 36 0 87 0 87 0 72 0 0 0 0 10 0 4 42 0 0 0 51 0 0 0 0 0 0 0 0 90 0 0 0 0 0 0 0 0 0 0 0 63 0 0 0 32 0 0 0 0 0
0 0 0 0 30 0 0 32 0 44 0 0 0 0 74 30 0 0 39 40 3 0 0 0 86 47 0 0 31 0 0 5 0 64 0 0 58 0 68 0 0 0 17 0 0 0 0 0 0 0 0 0 0 0 21 0 0 0 21 0 0 57 21 0 0 0 35 0 0 52 0 64 0 0 78 0 57 3 0 0 0 0 0 0 0 0 0 20 0 0 0 0 0 68 36 0 0 0 0 0
0 0 57 0 28 0 0 0 61 0 0 0 0 52 0 82 0 0 0 72 57 0 58 0 0 0 0 0 0 0 88 38 3 0 88 0 12 0 0 0 0 0 0 0 0 0 0 0 0 0 0 0 0 60 23 71 0 0 0 0 0 0 0 0 0 0 0 0 0 29 0 0 0 0 52 26 91 0 37 0 0 0 16 0 0 25 25 0 0 0 0 0 96 0 0 0 48 44 0 0
0 0 0 0 59 0 0 0 0 0 38 27 0 0 32 93 0 0 0 0 0 39 0 0 0 70 44 60 0 70 0 0 29 54 0 0 0 0 0 0 0 0 36 0 19 0 0 0 29 60 16 0 0 0 0 28 0 72 49 99 0 0 0 0 0 0 0 0 0 0 0 0 0 82 46 0 69 0 97 0 0 0 0 0 0 0 0 25 0 0 0 0 2 0 0 0 0 0 0 79
0 0 0 43 0 0 0 0 0 0 18 41 0 0 73 0 0 0 0 0 0 0 0 0 33 0 0 0 0 0 18 0 0 18 0 0 37 0 0 0 0 0 0 0 35 0 0 0 0 0 0 0 0 0 0 0 0 0 0 57 0 0 0 0 0 0 0 0 0 0 0 0 93 0 0 95 0 67 99 34 0 0 53 0 0 0 90 0 0 21 0 0 42 0 0 0 0 0 0 0
31 54 0 0 0 0 0 0 0 30 0 74 0 0 94 64 0 0 0 0 0 0 0 0 0 0 0 0 42 0 0 0 0 19 80 86 0 0 2 0 41 0 0 69 77 0 84 0 0 0 0 0 0 0 0 0 0 75 79 0 27 75 0 0 0 0 0 0 8 0 5 0 82 0 92 0 0 0 0 0 0 0 0 0 0 0 0 0 0 60 0 26 10 90 0 0 0 0 0 0
0 0 0 52 0 0 0 93 0 0 0 0 0 59 0 59 0 0 93 54 0 0 33 0 0 0 0 45 0 0 0 41 0 0 0 0 0 70 38 0 0 0 0 0 0 0 0 0 2 61 26 0 0 0 0 0 0 0 0 0 0 11 61 0 0 0 82 0 0 24 0 11 0 0 0 0 0 0 7 0 0 0 49 0 0 0 66 0 0 25 0 0 0 35 0 0 0 0 0 0
0 0 20 0 0 44 0 0 0 97 0 17 0 0 0 0 0 0 0 0 3 0 0 0 0 0 0 0 94 84 89 0 15 0 36 90 0 28 0 0 0 74 0 0 0 34 0 76 3 0 0 0 0 43 80 0 0 0 0 0 0 0 0 0 0 0 0 0 0 0 90 0 0 0 0 0 0 0 0 0 77 0 0 23 0 0 0 52 0 0 50 91 52 0 0 0 0 0 0 0
0 0 0 0 0 0 0 0 0 0 0 0 23 0 45 70 58 0 14 0 0 0 21 0 0 0 0 0 0 48 0 0 0 0 0 0 0 0 0 0 92 53 71 0 16 54 32 88 0 16 19 0 78 36 54 0 0 0 0 0 89 0 0 6 0 0 29 94 0 0 60 41 0 0 0 0 0 77 0 30 26 0 29 20 44 68 0 0 0 0 0 0 0 0 0 81 34 68 77 0
9 86 0 36 0 0 0 0 0 0 87 0 7 0 0 0 0 0 0 0 0 0 0 0 81 0 0 0 0 87 0 0 51 95 0 83 0 0 0 0 0 0 0 0 0 0 0 11 73 0 0 0 0 0 0 0 0 73 0 0 0 0 15 0 0 23 0 0 0 5 0 0 0 0 0 0 0 0 0 0 24 0 88 90 62 0 0 0 0 0 0 0 84 0 0 0 0 10 0 0
0 31 0 0 0 0 0 2 0 0 0 0 0 0 0 76 97 0 55 0 0 0 0 0 0 0 0 0 0 0 0 0 0 0 0 19 0 40 16 0 0 0 0 0 0 0 0 0 0 0 0 0 0 0 0 0 0 70 0 38 0 0 0 0 0 0 41 0 0 0 27 0 0 0 0 7 100 75 48 0 0 67 62 0 0 41 0 0 0 0 0 0 6 0 4 0 0 0 0 0
0 60 0 0 0 0 0 0 55 83 0 36 53 0 0 0 0 41 43 0 0 0 62 0 94 14 0 0 0 0 0 0 0 0 0 58 0 59 0 41 0 13 81 29 0 0 0 0 0 0 0 0 0 0 0 0 0 0 0 0 0 0 21 0 0 63 0 0 0 0 25 0 0 0 0 39 25 0 0 0 0 39 0 0 64 0 40 0 42 0 0 0 0 0 0 11 0 0 52 0
61 68 0 0 0 6 0 0 0 0 0 0 0 0 36 0 0 0 0 0 79 0 0 80 0 0 0 0 0 0 0 0 0 0 0 0 6 58 0 0 0 0 59 0 0 0 0 0 0 46 0 0 0 0 0 0 0 0 0 0 0 0 0 0 0 0 0 0 0 0 0 12 0 0 0 0 32 0 0 0 0 9 0 0 0 0 0 0 0 0 88 43 0 53 44 0 0 0 0 0
0 0 59 92 0 5 0 0 75 23 0 0 0 0 0 0 85 23 96 0 0 0 0 0 0 0 0 0 0 0 0 0 6 81 0 0 0 0 41 0 0 0 38 0 0 0 0 0 0 62 33 77 0 0 47 0 0 0 0 83 51 0 0 0 36 49 0 0 0 0 0 0 65 47 0 0 0 0 65 0 0 0 0 27 0 0 0 0 0 62 0 0 0 0 0 0 0 0 0 0
0 0 0 36 98 21 0 0 0 26 0 83 0 0 0 9 0 0 0 0 12 3 0 83 0 0 0 47 48 0 0 71 11 77 0 0 0 0 0 0 0 0 0 0 0 0 0 4 0 0 0 0 0 0 41 0 0 0 0 0 0 0 0 0 0 0 30 0 0 94 14 0 55 0 55 47 7 0 0 0 0 0 97 88 0 55 18 77 0 0 0 0 0 0 0 0 92 0 0 78
0 0 0 0 0 0 39 0 0 73 0 93 31 0 0 0 0 0 0 0 0 0 6 0 0 15 69 78 0 0 0 0 0 0 57 0 0 0 0 15 52 97 94 0 0 61 38 0 0 68 0 0 0 0 0 0 0 0 0 0 0 0 0 0 85 0 0 52 0 0 66 0 0 0 0 0 0 70 0 0 0 0 0 71 0 52 25 7 0 0 16 2 0 0 56 0 0 29 0 40
0 73 0 0 0 0 0 57 76 0 57 0 0 18 0 0 19 76 38 0 0 23 29 52 0 0 0 0 0 0 0 0 0 58 18 0 0 0 0 97 0 0 0 43 0 0 0 0 0 0 0 0 0 9 0 0 0 0 0 0 30 0 0 0 93 0 0 0 0 79 62 0 0 78 0 0 0 0 0 61 70 0 0 76 0 43 84 0 0 0 0 0 57 0 0 0 0 0 0 35
0 0 0 0 0 89 0 0 0 38 27 62 0 0 0 0 38 32 0 0 0 0 0 0 0 31 58 0 0 0 0 37 79 5 0 0 0 0 0 50 0 0 0 0 18 0 0 0 0 0 0 0 0 0 0 0 0 13 0 0 0 0 32 0 0 0 0 0 0 0 52 0 0 98 0 0 0 68 0 0 0 40 0 96 58 0 0 61 0 0 0 39 0 0 0 0 75 0 14 0
14 0 0 4 0 0 0 0 0 0 0 0 0 60 0 18 0 0 0 37 0 0 0 0 0 58 27 0 0 86 52 0 71 0 0 0 0 0 0 0 0 89 0 0 0 87 51 0 0 0 0 0 31 0 0 0 0 0 0 0 0 0 60 0 0 0 0 0 0 68 0 0 0 0 39 0 0 0 0 0 0 0 0 0 0 0 0 72 50 0 0 0 35 0 0 70 0 99 0 0
0 0 0 0 0 31 27 0 0 0 0 0 71 0 88 84 0 0 0 12 85 0 0 0 0 0 38 0 0 0 0 0 0 0 3 0 0 0 0 0 0 93 0 0 0 0 0 0 20 0 0 0 68 0 0 3 0 0 0 0 44 0 0 0 0 0 0 78 74 0 87 0 0 0 0 28 0 0 0 20 5 9 0 0 0 0 0 0 0 13 0 86 0 0 0 14 0 0 0 0
0 0 0 0 0 0 0 0 0 0 67 38 38 0 0 0 0 0 0 0 0 0 35 0 0 0 0 41 0 0 0 0 0 0 0 66 65 0 60 33 0 0 0 0 22 0 0 55 0 0 0 0 2 0 53 0 0 0 0 0 0 76 0 0 0 0 72 35 54 0 0 0 0 91 45 0 0 0 16 0 31 0 54 0 0 0 0 0 0 0 0 0 0 85 0 0 0 13 0 0
0 0 0 0 0 0 75 0 0 0 0 0 0 0 0 0 25 0 0 0 0 0 0 0 0 0 0 0 0 85 73 0 0 38 17 0 0 0 0 59 41 0 81 44 0 0 55 0 0 0 0 0 0 0 0 0 0 0 41 0 0 0 0 0 18 15 0 0 0 0 0 0 0 0 53 0 0 4 0 0 0 0 0 41 0 0 0 34 0 0 41 13 92 0 58 0 59 0 0 0
40 59 0 22 3 0 11 0 0 49 75 18 0 0 7 0 0 0 61 0 0 0 0 0 0 63 68 0 0 4 0 0 0 0 75 26 0 0 0 5 0 0 95 0 87 0 0 0 0 0 0 0 0 0 20 0 0 0 0 0 0 0 0 0 0 0 0 27 0 0 4 0 0 0 0 0 0 67 65 35 0 0 0 0 2 41 39 0 0 0 0 0 0 0 0 0 30 52 0 0
5 0 0 0 0 14 0 0 0 69 0 62 0 0 56 38 0 0 0 27 0 0 0 0 0 0 0 0 65 0 0 0 0 0 0 0 0 0 0 0 0 0 54 0 0 0 85 0 0 0 0 0 0 0 64 77 0 75 0 0 74 0 0 0 0 0 0 81 0 68 0 0 67 0 0 0 0 0 0 0 0 92 0 22 0 77 0 0 0 0 0 26 89 0 0 0 0 0 0 0
28 18 60 20 0 0 0 0 0 0 0 0 44 0 0 96 0 4 0 0 0 13 97 0 0 99 0 0 0 0 0 32 97 0 0 0 0 0 0 0 0 0 0 0 0 0 0 0 0 86 36 0 0 39 62 56 52 35 0 59 20 0 0 0 0 0 0 0 0 0 0 0 0 0 0 0 0 0 0 0 92 30 46 0 85 0 0 0 0 0 0 0 47 0 0 0 0 0 56 0
25 0 18 0 85 27 0 0 13 0 0 0 0 0 0 0 0 0 0 0 0 74 99 0 0 0 0 0 77 0 25 0 0 13 0 0 0 59 0 0 0 0 0 0 0 0 0 22 0 44 0 0 21 0 0 56 91 0 0 0 0 98 68 0 0 0 0 0 42 0 69 0 0 0 14 0 0 13 0 0 0 0 0 0 35 29 5 53 0 0 0 0 0 40 42 81 0 6 71 0
0 0 74 0 77 0 0 0 0 0 0 0 0 0 96 63 0 96 0 26 0 0 0 0 0 0 0 0 0 0 0 85 0 0 0 0 0 0 89 0 0 0 0 0 1 54 76 0 0 53 0 0 0 69 0 46 0 43 33 0 0 0 0 0 0 0 0 0 0 0 53 46 69 67 0 0 0 0 0 0 0 0 0 0 0 0 0 0 0 0 0 0 0 84 88 0 81 34 0 0
100 0 0 0 0 0 0 0 0 0 0 0 0 0 0 58 0 0 0 0 0 39 0 0 31 0 0 66 0 0 0 0 0 30 0 0 0 96 0 0 0 0 0 2 0 0 0 0 0 0 0 0 0 0 0 0 0 0 0 0 91 0 0 0 0 0 0 0 0 0 71 0 0 55 0 0 0 0 0 0 24 0 0 0 53 0 0 0 31 0 0 0 0 0 0 0 0 0 0 0
53 0 0 0 7 42 0 48 0 53 32 0 0 0 71 24 0 0 0 0 0 0 0 0 0 0 58 0 0 0 0 0 0 0 45 0 0 0 0 100 0 0 33 0 0 0 0 0 0 0 1 0 0 0 67 0 0 79 15 1 0 43 57 0 12 0 39 49 100 0 0 0 0 0 61 72 0 0 0 0 0 0 65 8 0 30 0 0 0 0 0 27 0 0 15 0 0 0 0 4
64 0 0 0 0 0 64 18 0 0 0 0 86 56 0 0 73 0 0 0 0 0 48 0 0 78 0 12 0 0 97 0 0 0 0 0 0 0 69 0 0 0 67 31 92 3 28 0 0 0 0 3 0 0 0 0 100 0 0 0 0 0 50 42 13 0 37 28 55 0 0 0 91 52 0 0 0 40 0 0 0 0 0 7 0 40 0 28 36 0 0 73 0 48 0 0 0 73 0 0
0 0 37 69 94 0 0 0 0 0 0 54 0 0 96 0 0 0 0 0 0 0 0 43 0 0 0 0 0 0 0 0 0 0 0 0 37 0 51 0 81 0 67 68 0 0 82 0 3 0 0 0 0 0 0 70 0 0 0 92 0 0 0 0 0 30 75 76 0 0 0 34 0 31 0 36 0 0 0 0 0 0 0 0 66 0 0 0 0 0 0 28 0 0 0 0 0 20 0 0
0 22 0 0 0 0 0 0 0 0 14 0 0 44 0 43 0 0 17 0 0 0 0 53 0 7 73 0 0 0 0 0 0 0 0 0 0 13 0 0 0 0 0 0 0 0 24 71 88 0 0 0 0 40 79 9 0 0 0 0 0 0 0 84 0 0 0 0 0 0 0 58 0 0 0 0 0 0 0 0 0 0 0 0 0 0 0 3 93 92 93 86 0 0 21 0 28 0 0 0
82 0 22 0 0 0 0 0 0 0 23 0 6 0 0 50 0 0 0 0 0 0 18 0 0 0 19 0 0 0 0 0 24 0 23 0 0 0 0 0 0 4 78 64 0 0 0 47 0 0 0 0 77 0 0 0 0 0 0 0 0 39 0 8 87 12 0 0 0 0 72 0 0 0 0 35 0 0 0 0 0 0 0 37 0 0 66 0 0 0 53 81 0 15 19 43 0 0 37 0
0 0 0 0 0 0 66 0 46 0 0 5 0 0 0 0 0 0 0 88 0 58 0 65 0 0 0 0 0 16 0 0 0 0 0 0 0 0 0 61 90 0 0 0 0 14 0 0 37 38 0 0 0 71 0 0 0 7 0 99 0 71 0 0 0 0 85 66 64 0 0 0 0 0 0 0 0 0 0 0 0 0 0 0 0 72 49 0 0 0 0 15 0 0 52 14 0 0 0 0
0 49 0 0 0 0 17 0 0 0 0 0 0 0 18 0 0 0 0 0 6 0 0 37 38 0 0 0 49 0 0 0 0 49 2 0 8 0 0 25 0 0 0 0 0 0 0 0 31 0 91 0 0 79 0 0 0 0 0 0 0 0 0 0 21 0 0 0 79 0 0 0 0 0 0 0 0 13 0 0 0 0 0 0 0 86 0 0 0 0 0 0 53 0 0 42 11 0 0 0
3 0 0 49 0 0 0 0 0 55 0 0 37 0 0 0 9 0 0 0 36 0 0 0 0 30 0 0 0 0 0 0 50 0 0 0 0 0 0 80 0 0 22 67 0 0 0 0 0 0 89 14 0 0 35 0 3 92 97 0 0 0 0 0 0 75 0 0 0 0 0 0 0 0 0 0 80 0 83 59 16 0 88 74 14 0 0 0 0 0 18 0 0 0 0 0 75 5 0 0
0 0 0 0 0 0 0 0 0 53 0 0 83 44 0 57 0 10 89 0 21 0 0 0 0 0 62 34 0 90 0 25 0 0 0 0 0 0 21 0 0 0 27 0 0 0 44 0 0 73 0 0 0 0 0 0 0 74 0 0 46 0 0 99 11 0 0 30 0 0 0 0 0 0 0 0 57 0 0 78 15 0 0 85 0 36 0 0 0 0 93 25 81 0 0 0 0 0 0 0
37 0 0 0 41 0 75 17 0 0 0 0 0 2 0 84 17 25 0 22 0 0 82 0 0 0 38 0 0 0 0 0 18 72 46 0 0 0 45 85 0 0 18 0 0 74 0 0 0 0 0 0 26 0 0 0 0 0 0 0 81 0 0 12 10 43 0 94 0 16 72 0 0 10 0 38 0 0 0 43 0 0 0 54 0 0 0 0 0 31 0 0 0 0 0 9 0 0 0 44
0 59 0 0 0 0 0 40 62 0 0 0 0 0 0 0 0 0 81 90 0 0 0 68 0 0 0 0 0 0 7 0 0 0 0 20 51 0 0 17 64 0 0 0 0 0 89 10 0 0 43 0 0 0 0 72 0 0 0 0 0 0 0 0 0 0 24 16 0 0 46 0 0 78 0 0 73 89 0 0 0 82 0 0 0 0 82 0 0 0 0 0 0 0 0 0 0 0 0 0
30 0 0 49 96 0 83 0 0 0 0 0 0 0 0 0 0 47 87 0 35 7 0 78 0 0 0 0 0 0 0 0 23 0 0 0 0 36 0 0 0 0 0 0 40 70 0 0 0 0 11 0 0 0 0 0 0 0 42 0 0 0 0 0 0 25 0 8 41 51 0 0 0 0 0 0 0 0 0 0 0 0 0 0 0 46 0 0 0 0 39 0 0 0 0 55 68 0 0 0
0 0 0 45 0 0 0 0 0 1 0 0 0 0 49 0 0 0 0 0 0 0 0 0 26 0 0 80 0 87 0 0 0 0 0 16 0 78 0 0 0 0 0 0 0 16 0 0 0 0 0 0 0 0 0 11 0 0 0 0 0 0 0 19 0 0 67 11 0 0 0 0 0 0 0 0 0 5 11 0 2 0 0 0 0 0 96 96 21 0 0 32 0 0 0 0 0 0 0 0
39 0 0 0 0 0 0 0 63 0 0 0 0 0 88 0 0 0 71 0 0 0 44 0 91 0 0 0 0 19 0 75 0 0 0 0 0 41 0 0 73 0 0 7 0 0 0 0 0 36 0 48 67 0 0 0 0 0 0 60 0 0 0 81 0 80 0 0 6 0 0 81 64 0 0 0 0 12 0 1 0 6 0 0 0 0 0 0 0 0 11 0 0 51 0 41 0 0 0 0
0 78 47 93 0 20 0 0 0 0 15 0 0 0 44 0 81 0 0 0 0 0 0 0 0 0 0 0 4 0 0 3 0 0 0 22 6 0 69 0 0 40 64 0 48 64 0 42 0 0 0 2 0 0 0 0 0 0 0 0 0 0 0 0 0 0 0 0 0 0 0 15 0 58 64 89 0 11 0 18 0 41 91 0 0 49 0 0 81 0 58 0 0 0 68 0 53 15 0 0
0 0 0 0 60 0 0 41 0 65 0 10 79 23 0 0 0 0 0 74 0 0 0 42 0 68 0 0 0 14 0 48 0 0 0 50 0 0 0 0 0 0 0 0 0 83 2 0 0 0 54 0 0 0 0 0 66 50 0 0 0 0 0 0 0 0 0 0 0 95 0 0 0 0 0 85 0 0 63 67 0 42 0 0 0 0 0 0 0 0 6 49 35 0 0 0 0 0 13 0
0 0 0 0 0 0 76 0 20 0 0 0 51 12 0 0 0 0 0 0 0 0 0 0 31 0 0 0 0 0 0 0 0 0 0 0 79 0 0 55 0 0 7 60 0 0 0 0 0 69 7 81 0 0 0 0 0 0 0 18 0 40 0 0 0 0 0 26 0 0 0 0 48 0 0 0 0 0 56 0 0 0 0 0 0 0 54 31 0 0 0 0 80 0 0 16 0 0 65 0
0 0 54 0 41 64 0 0 0 0 0 0 0 0 0 0 0 0 0 0 0 0 0 0 0 0 0 0 0 0 99 0 0 0 0 73 0 9 73 0 0 0 0 0 32 0 0 0 46 0 0 13 0 0 69 0 0 0 0 0 68 0 0 62 0 20 0 0 0 0 1 0 0 0 0 0 0 0 0 0 81 0 0 0 0 0 0 0 0 53 0 65 0 0 0 0 64 0 48 0
16 93 0 0 45 0 0 0 0 0 0 0 0 0 0 7 0 0 0 0 73 0 71 64 0 33 0 0 0 0 0 0 0 0 0 0 0 0 0 0 0 0 30 0 0 0 0 62 0 0 0 0 42 40 0 0 23 0 0 0 0 0 9 0 0 0 0 0 0 0 77 0 0 30 0 0 0 7 0 0 49 0 0 0 0 0 76 0 0 100 60 0 0 0 0 0 0 0 43 0
45 17 0 54 0 0 0 0 0 0 0 0 2 58 0 0 0 0 40 0 0 53 0 0 0 2 0 41 0 0 56 0 0 0 0 0 1 0 0 0 0 0 0 0 0 0 0 0 0 86 18 40 0 0 0 74 0 0 0 76 46 0 0 0 0 0 0 0 0 0 0 0 0 0 0 49 0 92 0 0 0 0 0 67 0 0 57 0 0 0 89 45 0 0 0 0 68 0 0 0
0 0 72 36 0 0 0 0 49 89 0 0 0 0 0 90 0 0 0 28 0 0 19 0 0 0 16 0 0 0 0 0 0 0 0 0 3 0 0 71 0 0 0 0 0 0 0 0 0 0 0 87 0 0 16 0 0 0 100 0 0 0 0 0 0 0 85 0 0 0 0 11 0 0 0 0 0 0 48 0 18 2 7 0 0 0 79 0 0 0 0 0 0 23 0 0 0 0 0 46
60 0 0 0 0 0 26 0 0 0 0 89 0 0 69 0 0 0 0 0 0 0 0 0 0 0 50 0 32 0 0 0 8 0 0 73 0 56 0 0 87 0 0 0 22 0 0 0 0 58 0 0 0 0 0 0 69 0 0 0 97 65 0 0 0 0 83 71 0 0 0 0 0 0 0 0 0 5 21 0 0 0 0 90 0 0 0 0 60 0 0 0 79 0 0 0 0 0 52 0