100
0 65 0 0 11 0 0 0 0 0 0 82 0 7 0 0 25 0 0 0 74 0 0 0 0 13 0 0 0 0 0 0 44 0 90 0 0 0 0 69 0 0 0 0 0 0 86 100 0 0 55 72 0 0 0 69 0 0 0 0 51 84 0 0 0 0 0 0 0 50 89 0 41 0 0 0 0 0 0 38 80 35 0 68 0 0 0 66 0 44 0 69 0 0 0 9 0 0 0 0
32 0 0 0 0 0 0 0 0 70 0 0 0 0 0 0 0 0 0 0 81 0 0 0 65 0 0 0 0 0 0 0 0 0 0 0 71 0 0 0 0 87 0 0 0 0 0 0 0 0 0 68 0 0 0 0 0 0 23 0 0 0 81 13 65 85 0 0 75 93 0 0 0 0 0 0 0 0 0 84 0 0 0 0 0 0 0 0 17 0 0 9 0 0 89 0 86 0 61 0
0 51 0 0 64 61 0 38 0 73 20 0 49 0 0 0 0 0 0 0 34 0 0 48 0 0 0 0 0 32 0 0 0 0 15 0 0 0 0 0 0 0 0 58 0 0 0 0 0 0 11 0 0 0 0 80 0 0 0 0 57 0 0 15 0 0 34 10 0 0 0 0 97 0 0 0 0 0 5 0 0 0 6 0 12 0 0 0 54 0 0 0 0 0 0 0 0 54 0 0
0 72 0 0 0 0 0 0 0 0 0 0 0 0 8 20 0 51 0 0 0 0 0 0 0 30 0 0 86 0 0 0 0 0 0 56 0 0 0 0 0 0 0 0 0 26 0 37 0 0 0 92 0 0 45 0 0 0 0 0 0 0 0 0 79 0 0 0 0 0 0 0 0 0 0 0 0 0 92 0 0 0 83 0 0 0 0 0 0 0 0 0 0 0 92 0 0 0 33 0
0 40 0 0 0 0 0 0 0 0 0 0 0 0 0 0 0 0 67 54 0 93 0 40 0 69 0 0 0 0 0 0 0 84 0 28 0 0 0 0 0 0 0 0 0 0 0 0 0 0 0 0 0 22 0 0 0 0 0 0 24 86 74 33 0 0 98 0 0 0 0 0 0 0 0 0 0 55 0 0 0 0 0 61 0 0 0 72 30 0 56 0 0 0 0 0 80 0 0 0
39 50 0 1 0 0 0 0 17 3 0 0 0 0 0 0 0 7 78 0 0 0 5 0 11 0 0 58 0 0 0 0 0 0 9 24 57 0 0 77 0 0 0 0 0 0 0 0 0 0 0 0 22 0 0 0 94 0 0 0 0 44 0 0 0 0 36 97 40 0 0 0 0 0 0 95 0 0 51 0 0 0 0 0 0 0 0 0 30 0 0 0 70 0 95 0 0 61 0 0
0 0 10 0 0 0 0 0 0 87 0 98 0 0 41 0 0 0 0 0 0 0 0 0 0 0 0 0 0 0 0 0 0 0 0 0 0 0 18 2 78 0 18 0 80 0 0 0 0 20 0 71 0 9 0 0 63 96 46 23 3 0 0 97 0 15 0 0 0 36 0 0 0 0 13 0 0 0 18 0 0 0 77 0 0 0 92 0 0 0 16 0 0 0 0 0 1 22 0 100
0 28 0 5 36 0 31 0 24 0 0 19 40 0 0 62 0 0 0 0 0 0 0 0 0 0 0 70 34 0 64 73 0 83 43 35 0 80 0 34 0 0 0 83 0 93 0 0 13 0 0 0 66 0 0 77 82 0 0 0 50 6 0 49 0 0 0 0 0 0 100 0 44 0 0 0 74 0 0 0 0 0 0 0 0 0 0 0 59 48 80 0 0 0 0 0 0 0 0 0
98 0 0 0 0 0 0 0 0 0 0 0 0 75 0 0 57 25 51 0 0 0 0 9 0 0 0 0 0 49 61 99 51 0 0 0 0 0 0 0 26 0 97 4 62 0 66 0 0 0 100 0 0 0 0 0 0 0 52 0 67 0 0 0 0 0 0 0 0 0 0 0 0 0 0 0 85 0 99 0 0 49 0 68 40 57 0 0 39 32 0 0 0 0 7 0 0 0 0 0
0 62 0 0 0 0 0 0 0 0 0 0 0 0 0 0 54 83 0 0 0 72 2 0 16 0 0 0 0 0 0 0 0 45 0 79 47 0 26 0 0 0 0 0 0 0 0 0 0 17 0 0 0 0 0 14 0 0 0 0 0 0 0 0 0 0 0 2 78 0 71 0 0 0 0 0 0 0 0 0 25 0 0 0 0 0 0 0 0 0 0 0 5 0 0 34 0 0 0 0
50 93 0 0 0 0 26 0 0 0 0 0 0 0 0 0 0 0 0 0 0 0 69 16 0 0 0 0 0 0 0 0 0 0 0 0 0 0 0 0 0 74 0 74 20 0 79 0 0 0 0 0 0 0 0 3 0 13 38 22 0 77 0 0 0 0 0 0 0 0 0 0 0 0 0 8 0 8 0 58 0 83 47 89 0 86 0 0 88 30 0 54 0 0 0 0 0 0 0 0
0 0 0 0 0 16 0 0 0 95 0 0 10 0 18 0 38 96 0 0 0 20 0 0 28 0 46 0 9 30 0 0 0 0 0 0 0 0 0 0 0 0 0 0 0 0 0 0 0 30 0 0 0 0 0 0 0 19 0 0 0 0 0 0 0 54 0 0 75 0 0 27 0 1 0 0 0 0 87 0 0 0 58 0 71 0 0 0 21 0 0 0 13 0 0 0 0 0 35 62
0 34 0 10 84 0 0 0 0 0 38 0 0 0 0 0 0 0 0 0 0 0 0 0 0 19 0 0 0 0 0 53 0 0 18 0 19 34 0 0 0 0 0 0 0 0 0 0 24 0 96 0 0 0 0 0 0 0 0 0 35 0 16 0 0 0 0 0 0 0 0 0 0 14 0 0 0 0 0 51 0 27 75 0 0 0 0 0 0 0 0 0 0 12 0 0 0 0 38 0
0 0 13 0 0 0 0 0 0 0 44 0 0 0 0 6 0 0 0 0 46 0 0 0 0 0 0 0 45 0 88 0 61 0 48 0 0 4 33 0 0 0 52 31 0 0 0 66 0 17 0 0 65 0 0 0 0 0 0 0 0 0 38 29 0 70 40 0 0 0 58 0 0 95 0 0 0 0 0 0 23 0 0 2 0 13 0 0 0 0 0 0 0 31 0 0 0 0 0 0
0 0 92 0 0 73 60 63 0 0 0 78 0 0 0 0 0 0 0 0 0 0 0 0 91 35 0 0 0 0 0 0 47 22 0 0 73 0 0 0 0 0 0 0 0 0 0 0 0 0 0 0 0 0 93 0 0 0 0 0 0 0 0 0 0 0 0 65 0 87 0 0 0 90 0 0 0 0 0 0 0 0 63 0 0 9 0 0 0 54 49 36 0 0 40 0 0 0 0 0
0 48 0 0 0 0 0 0 0 0 0 0 0 43 0 0 0 0 44 0 0 0 21 28 9 0 78 0 0 0 43 0 0 0 0 4 12 0 0 0 0 0 0 0 60 0 0 0 0 78 0 0 0 0 0 0 0 38 0 0 36 0 0 0 0 0 0 0 0 0 71 0 0 0 0 0 53 0 96 72 0 0 0 10 0 0 50 15 0 0 0 0 0 0 26 13 0 0 0 0
0 0 28 0 0 0 0 0 0 0 0 0 90 0 0 0 0 74 0 0 0 0 7 33 0 0 0 0 0 0 0 0 78 68 0 0 0 70 0 0 0 0 0 0 10 0 0 0 0 0 28 0 0 0 0 0 0 0 0 0 0 0 32 0 0 0 86 0 75 0 0 0 15 21 0 0 94 63 0 0 0 0 0 45 0 40 25 0 0 71 91 0 0 0 0 0 99 66 0 91
6 90 36 0 0 0 0 0 0 0 0 0 0 0 0 0 0 0 0 0 0 0 0 0 87 0 0 75 0 0 35 0 0 0 91 95 0 0 0 0 0 0 35 0 0 0 0 0 0 0 0 56 0 0 0 0 0 0 0 20 42 0 28 0 0 0 0 0 0 0 56 0 0 33 0 0 0 0 53 0 0 0 0 0 60 0 0 0 92 0 0 48 0 0 0 0 89 0 0 0
0 0 0 0 11 0 0 0 0 0 0 94 0 0 0 0 0 0 0 0 0 0 0 0 0 57 0 5 0 0 0 20 31 0 0 0 0 0 0 0 0 0 0 0 0 0 0 0 80 0 0 81 0 0 0 0 30 0 0 0 0 17 96 0 0 0 0 0 0 40 0 0 0 0 0 0 0 38 100 0 0 100 0 0 0 0 0 0 51 0 14 0 0 57 0 20 0 0 0 85
0 0 0 0 0 0 0 0 0 0 0 0 0 14 0 8 0 0 0 0 0 0 49 0 84 33 0 0 0 0 0 0 0 89 0 0 21 0 0 0 0 0 0 99 0 3 0 0 0 0 79 0 0 0 63 98 0 0 38 9 0 98 0 0 0 55 0 0 0 0 0 60 0 0 0 0 0 0 74 0 18 33 0 0 0 0 0 0 75 0 65 0 0 23 0 0 0 0 0 0
0 0 43 0 0 0 0 30 0 0 16 0 34 0 0 0 0 0 0 0 0 0 0 64 0 63 0 0 4 0 0 0 0 0 0 12 0 37 0 0 0 0 0 0 55 39 25 0 0 100 50 0 58 97 0 0 0 13 0 73 0 0 0 0 0 0 0 0 0 0 0 0 0 0 0 12 0 0 0 0 0 0 0 32 0 0 0 0 0 68 0 82 0 0 0 0 0 1 0 0
37 0 0 0 0 0 0 55 0 0 70 0 0 59 90 0 0 0 0 99 77 0 0 45 0 0 0 0 0 0 0 0 0 0 0 0 0 16 0 0 61 0 0 0 0 0 0 0 0 87 0 0 0 66 0 1 0 0 0 0 94 0 0 0 0 35 0 0 91 0 0 19 0 0 0 0 0 0 43 97 50 0 77 56 0 0 0 0 0 0 0 48 0 0 99 0 20 0 0 0
89 0 49 0 0 0 0 0 0 0 0 0 96 0 100 90 0 0 0 0 0 0 0 72 0 0 0 0 0 0 4 0 55 0 0 0 73 0 0 0 0 0 0 82 0 0 0 48 68 79 0 81 0 0 0 39 0 74 0 0 87 0 18 0 43 0 0 0 0 72 0 0 0 0 0 72 0 0 0 0 0 0 0 0 32 99 0 0 0 23 92 0 0 0 16 0 0 0 0 34
0 0 0 0 7 80 0 0 0 0 0 0 0 0 0 0 91 0 0 85 0 0 0 0 53 0 0 68 0 0 0 14 0 0 0 57 0 99 0 0 0 0 0 0 0 0 0 20 94 0 0 0 0 0 0 0 0 0 15 0 0 0 0 0 70 0 58 0 0 0 0 0 0 0 0 0 0 11 0 84 17 0 0 0 8 0 90 0 0 0 0 85 0 0 0 0 0 0 22 25
0 0 0 0 0 56 65 0 0 0 0 0 0 0 0 17 0 60 12 0 0 0 69 0 0 0 58 0 0 0 77 0 0 0 0 28 0 39 0 0 0 0 18 0 91 0 0 0 0 0 0 0 0 0 0 0 0 0 0 0 0 85 29 0 0 0 0 0 0 21 0 77 0 0 0 0 0 0 0 59 0 0 40 0 0 0 0 0 0 46 0 76 0 0 0 0 18 0 0 0
0 0 0 0 85 0 76 0 83 0 50 0 0 0 0 0 0 0 0 67 0 0 0 94 0 0 86 61 0 0 42 0 5 0 0 0 0 51 0 0 0 0 0 0 0 0 47 0 0 0 41 0 0 0 0 0 0 36 0 0 0 0 0 0 0 0 0 0 0 44 60 0 0 85 0 0 0 0 0 0 0 0 0 0 0 0 22 81 0 24 0 0 0 0 0 90 0 0 53 57
91 0 0 0 0 0 0 0 0 0 0 0 0 0 0 0 0 0 0 74 0 0 0 0 0 0 0 0 0 0 0 0 0 0 0 0 0 0 0 0 0 89 44 0 0 0 18 0 0 0 0 0 0 43 0 0 0 63 72 22 0 49 0 0 0 92 0 0 0 0 0 87 27 0 0 21 0 0 0 83 0 61 0 0 0 0 0 0 0 0 0 0 57 0 0 0 0 0 0 31
0 0 51 0 0 90 1 0 42 0 0 0 37 63 0 0 0 0 0 0 0 0 0 0 0 0 20 0 0 0 0 0 31 0 0 49 0 0 0 0 89 0 0 95 95 0 5 0 0 0 64 0 0 0 0 66 0 82 0 0 0 0 0 0 78 11 22 8 0 8 26 0 0 0 0 0 12 0 87 0 0 0 0 0 41 0 0 0 0 0 0 0 0 0 0 0 86 0 0 0
0 37 14 0 61 72 91 0 35 0 25 0 0 21 0 0 0 0 0 0 0 0 0 2 99 0 72 0 0 11 0 0 0 0 5 65 0 89 0 0 0 4 0 0 85 48 0 79 0 86 14 0 0 0 48 0 99 0 0 0 0 0 0 0 0 0 68 0 0 58 0 38 82 0 0 0 0 0 58 23 0 0 37 0 0 0 0 0 0 0 0 0 0 3 0 10 0 0 86 79
0 0 0 0 0 96 41 97 91 0 0 1 63 0 0 0 62 0 0 0 88 0 0 0 0 0 15 0 84 0 83 63 0 0 0 0 0 0 0 0 0 0 0 0 92 0 0 0 0 86 0 0 0 96 0 0 0 0 0 0 0 21 10 0 78 54 0 0 0 0 0 0 0 0 0 0 0 0 0 0 50 99 16 0 72 0 0 0 0 84 0 36 89 0 0 0 41 0 0 12
0 0 0 0 43 0 0 70 36 43 0 53 96 0 0 0 0 0 0 0 84 5 93 0 0 0 0 0 0 40 0 0 0 0 0 0 0 0 0 0 0 0 0 0 0 0 33 0 0 0 0 0 0 16 0 0 0 0 0 4 0 0 37 64 24 0 0 0 0 0 0 75 0 0 0 0 0 0 0 0 80 0 0 0 0 0 0 0 0 0 28 11 61 0 75 0 0 0 0 0
0 0 0 0 80 30 0 0 0 0 0 0 0 0 0 0 4 0 0 0 5 0 0 0 7 0 0 0 0 0 18 0 32 0 0 0 17 0 0 0 0 0 0 0 0 0 0 0 95 0 0 0 0 0 0 0 0 0 4 0 76 44 0 49 0 0 0 0 14 0 22 0 0 0 0 0 81 54 0 0 0 24 88 0 0 0 0 59 0 63 0 0 0 0 0 94 0 0 0 0
0 0 0 2 0 0 0 63 0 0 0 0 0 0 72 0 82 83 0 95 95 0 0 0 0 0 0 0 0 0 0 0 0 0 0 0 56 0 17 40 88 85 55 33 0 0 0 15 0 0 0 0 0 0 0 0 0 0 23 60 7 0 0 0 0 0 0 100 97 40 0 71 0 0 0 93 0 0 0 0 76 0 0 47 0 0 42 0 0 0 0 0 0 0 60 62 0 0 83 0
0 0 0 0 0 0 63 0 0 27 0 0 40 0 80 0 0 0 0 0 0 0 0 0 0 0 0 0 46 1 0 0 9 0 0 0 0 0 0 0 0 66 0 62 0 0 0 0 0 32 26 76 97 0 50 92 0 0 0 0 0 0 0 65 0 0 0 97 0 0 0 0 0 0 0 0 0 0 3 0 0 0 0 0 0 0 0 0 0 0 0 0 0 0 0 4 0 0 0 0
0 0 12 0 0 0 0 0 0 14 0 0 0 9 0 0 52 0 67 81 72 0 0 0 0 65 30 0 0 0 0 0 0 0 0 0 0 0 0 0 0 78 0 0 4 9 0 0 56 0 0 0 0 50 11 0 0 0 0 0 83 0 0 0 0 0 0 0 0 89 0 0 12 0 15 0 0 0 0 0 0 0 0 86 0 0 0 0 0 0 48 0 0 0 0 73 0 0 0 0
0 0 0 0 5 0 0 56 0 6 0 0 0 57 0 0 0 82 0 0 0 0 25 0 56 0 0 0 0 0 0 56 0 0 0 0 95 0 0 26 0 0 0 0 0 0 0 0 0 0 0 0 0 14 0 0 0 0 0 0 6 40 0 0 22 0 0 0 8 0 30 73 0 11 0 65 0 0 0 0 0 0 0 0 0 33 0 0 0 0 45 0 0 0 82 23 0 0 6 0
0 0 0 0 74 0 0 78 0 0 0 0 0 0 0 0 0 32 0 0 45 0 0 0 0 0 0 0 0 45 0 0 22 0 0 0 0 0 0 0 0 0 0 0 1 71 0 0 0 85 83 0 0 0 0 0 0 0 0 0 0 0 93 0 0 0 0 0 0 0 0 45 0 0 0 98 0 0 0 0 99 0 0 0 90 0 0 0 58 0 64 0 0 0 15 69 0 0 47 0
0 0 0 0 90 0 0 0 0 0 84 99 3 0 0 33 0 0 0 0 0 0 0 0 14 82 0 61 0 60 35 0 0 0 0 0 0 0 0 0 0 0 0 0 0 0 0 56 0 0 0 0 0 0 0 0 17 0 0 0 43 20 0 0 79 0 38 0 40 0 0 0 38 0 0 66 16 0 0 0 0 0 75 0 37 58 0 0 0 0 0 0 0 0 0 0 0 35 0 0
5 0 0 0 43 23 0 0 0 0 0 0 0 0 82 0 0 0 0 0 0 0 0 0 0 0 0 0 0 0 0 0 0 0 0 0 0 0 0 0 43 42 0 80 0 0 0 0 0 0 0 0 0 0 59 0 0 0 0 0 85 0 0 0 0 23 0 0 0 87 0 0 0 100 0 0 0 0 0 27 0 0 0 3 68 0 0 0 0 0 0 0 0 0 0 0 0 0 0 60
0 70 1 42 0 0 0 0 0 3 72 65 0 0 20 0 0 0 0 0 99 0 0 0 0 0 0 0 0 0 0 0 0 98 0 0 0 0 0 0 0 0 0 69 0 0 39 49 0 0 0 0 0 0 0 0 0 0 0 0 0 0 0 0 0 0 0 0 0 24 0 0 0 0 0 0 84 97 0 78 17 0 86 0 55 0 0 54 0 0 0 78 44 0 0 91 0 49 0 0
0 0 6 0 35 0 0 0 0 0 0 0 0 69 0 0 0 78 0 0 62 0 0 0 0 30 0 37 0 0 0 0 19 71 0 0 81 0 0 0 0 47 0 0 0 0 18 23 79 0 0 83 54 0 0 0 0 0 58 0 0 0 0 0 64 0 0 0 0 69 62 0 0 0 84 0 0 0 0 0 0 0 0 0 0 54 9 0 0 0 0 0 3 46 0 0 0 0 0 0
97 0 100 0 0 0 61 0 22 0 0 68 0 0 0 0 0 0 0 0 0 2 19 67 84 0 0 0 0 0 74 84 92 76 0 0 39 0 29 0 34 0 0 0 0 0 13 55 29 0 51 0 0 0 0 29 54 0 69 0 16 0 52 0 0 0 0 19 0 0 0 0 0 0 0 0 0 29 0 0 0 0 0 0 0 0 0 70 64 0 67 0 0 0 0 0 49 0 0 0
0 0 0 0 0 0 92 0 78 58 1 15 0 0 84 24 0 0 0 10 0 0 0 0 85 0 0 0 51 0 53 0 0 80 7 0 0 0 0 0 0 72 0 0 16 0 0 99 0 0 0 0 44 0 0 0 0 0 0 0 28 0 0 0 0 0 0 0 4 4 0 0 0 0 0 0 0 30 0 0 0 0 0 0 0 0 0 0 0 97 0 78 0 0 0 0 2 0 50 0
0 0 0 0 72 0 14 74 0 0 0 11 0 0 0 0 0 43 6 0 0 68 0 17 0 49 0 0 0 0 0 17 89 0 0 0 0 0 62 9 0 62 0 0 0 0 0 0 59 24 74 70 0 56 0 5 0 65 0 0 0 0 60 0 7 0 0 0 0 0 63 0 0 0 0 0 0 0 0 0 0 0 0 67 62 0 50 0 0 50 0 0 0 0 0 0 0 0 32 99
0 9 89 0 0 0 0 84 31 0 0 0 0 0 0 0 91 0 4 0 54 0 0 1 0 98 0 0 0 0 0 27 0 0 74 84 0 0 9 0 0 0 0 0 0 0 13 0 0 0 0 0 0 0 98 0 0 0 95 0 0 0 0 0 0 0 0 0 0 43 0 0 0 0 13 0 0 0 0 0 0 0 0 0 0 0 0 52 11 0 0 52 0 0 0 84 0 0 0 0
0 0 30 0 58 45 52 0 0 0 0 0 53 23 0 0 0 0 0 100 0 87 0 8 0 0 25 0 0 0 0 0 0 1 0 0 0 0 0 0 0 0 0 0 0 0 0 0 0 0 0 5 0 0 0 0 0 53 0 38 0 0 61 95 0 0 0 0 0 0 0 0 0 0 82 0 47 0 74 100 98 0 0 0 0 0 0 0 0 0 0 11 0 0 0 0 0 0 0 0
0 0 0 31 0 11 0 5 0 12 0 0 8 0 0 83 0 0 0 0 20 0 0 71 0 9 0 0 44 0 0 0 0 0 60 0 0 42 0 0 0 0 0 0 0 41 0 79 0 10 0 0 0 0 34 51 0 89 0 0 64 0 45 0 0 0 86 0 24 0 44 0 0 0 0 0 0 0 33 0 0 0 0 0 78 0 45 0 0 0 0 0 61 0 0 0 0 0 41 0
0 0 0 31 0 0 0 0 0 0 0 0 0 0 84 42 43 0 0 0 0 0 93 0 0 8 0 93 0 49 0 0 0 0 0 68 0 0 0 0 0 56 59 0 0 0 0 0 0 0 0 0 78 0 0 0 0 0 58 0 0 34 0 0 51 0 76 0 20 84 0 0 75 48 0 0 0 0 17 0 0 0 0 0 0 94 0 0 22 67 0 0 0 0 0 0 0 0 0 0
0 98 0 0 90 0 28 0 0 0 0 0 0 0 0 0 0 0 0 0 0 38 0 0 55 0 0 4 20 3 0 69 0 37 0 0 0 0 100 0 0 0 99 63 0 0 61 0 0 0 0 0 0 0 95 0 0 0 0 63 0 0 0 0 0 28 0 0 0 47 0 0 0 0 54 18 0 0 57 0 0 0 38 0 0 0 3 0 0 0 0 0 0 0 86 31 67 0 0 0
0 0 0 0 0 6 0 65 0 0 0 0 0 0 0 94 0 0 0 0 0 0 0 93 0 0 0 0 0 0 0 0 0 0 10 45 0 0 46 0 58 0 0 0 0 19 93 0 0 0 0 0 0 0 68 42 0 0 0 16 23 0 0 0 94 0 7 84 0 0 78 0 63 16 0 0 41 0 0 0 0 0 77 0 0 0 0 0 30 0 0 0 0 0 18 0 12 0 0 0
0 0 0 0 0 0 0 92 88 0 0 0 0 64 0 0 29 62 0 0 0 0 93 0 30 0 0 0 0 0 85 0 0 21 34 0 0 35 0 0 0 0 64 22 0 87 0 18 0 0 0 0 85 0 0 0 0 0 72 0 0 0 0 0 0 32 0 60 0 0 0 0 0 0 61 79 58 0 0 0 0 0 59 0 0 0 0 0 0 0 0 62 0 0 62 0 0 0 0 26
0 81 0 0 74 0 0 100 0 0 0 0 0 0 81 0 0 0 53 0 0 0 86 15 33 0 0 0 0 45 70 0 99 0 0 0 83 0 0 0 0 0 94 0 52 0 0 0 0 92 0 0 0 48 0 0 0 33 0 0 71 84 0 0 0 0 0 88 75 0 0 91 0 89 38 0 0 0 5 0 0 0 0 0 0 0 0 0 0 0 0 0 0 0 41 0 0 0 0 0
0 0 0 98 0 53 0 0 36 75 0 96 0 0 0 0 0 0 0 9 0 0 0 0 44 0 0 0 0 0 0 0 0 4 0 0 62 30 0 68 0 0 0 0 0 75 5 0 0 26 0 0 0 0 0 0 0 0 0 0 0 0 0 0 0 90 0 0 0 0 0 0 18 0 0 0 0 0 0 0 0 0 0 0 0 0 0 0 53 0 0 0 0 0 0 58 25 1 0 8
0 0 99 29 0 0 0 0 81 0 20 12 0 0 0 0 57 0 2 0 0 0 0 0 0 79 0 12 0 71 26 0 0 0 43 17 0 0 0 95 0 0 0 0 0 0 0 84 0 0 65 0 0 0 0 0 0 0 0 48 36 0 0 0 99 0 88 0 0 0 63 0 0 0 0 0 0 0 0 72 18 0 0 0 0 5 0 0 0 0 3 0 0 19 0 0 21 0 0 0
17 0 68 0 4 0 0 75 12 0 0 0 0 41 91 30 0 0 0 0 0 88 0 0 43 0 0 0 0 0 0 84 0 0 58 0 13 0 44 0 0 0 0 0 0 0 0 0 0 84 0 0 0 0 0 0 0 90 8 0 0 62 0 0 0 49 0 78 0 0 0 0 40 0 0 0 78 0 0 0 53 60 0 0 0 0 0 0 0 0 0 34 0 0 0 40 0 10 0 0
0 0 0 11 0 0 57 87 22 0 0 0 0 0 0 63 0 87 75 0 0 3 0 0 34 0 0 0 0 0 0 0 49 0 0 61 0 0 0 0 0 0 0 67 0 89 0 88 0 0 0 8 25 0 0 0 0 0 0 0 0 51 0 47 0 0 0 44 0 58 0 0 0 0 31 0 11 0 43 0 0 64 0 0 100 0 0 0 50 8 0 64 85 0 0 0 0 84 0 0
0 20 88 4 0 0 0 0 0 0 10 30 0 46 0 0 0 0 0 0 96 0 0 0 46 0 0 0 0 86 0 0 0 0 0 0 0 0 0 0 0 0 0 0 0 0 0 87 0 0 0 0 0 0 0 0 0 94 54 0 66 36 0 0 0 31 0 0 91 0 0 0 0 0 0 0 0 41 0 0 0 0 0 0 0 0 0 0 0 0 23 0 12 0 0 0 86 0 0 51
66 15 72 0 0 10 62 30 0 0 16 20 80 0 0 48 0 0 0 0 0 0 0 0 0 0 0 0 0 0 16 0 0 0 62 0 0 81 0 0 67 0 0 0 0 58 3 16 38 0 0 33 43 0 95 4 0 0 0 0 0 0 0 0 0 0 0 0 65 0 0 49 0 0 0 41 91 0 0 0 0 0 0 0 0 0 0 0 45 81 0 41 0 71 0 29 61 0 0 0
0 0 91 0 26 0 0 0 0 0 0 70 0 0 0 58 0 21 0 0 0 0 0 0 0 0 0 0 0 0 13 0 42 90 0 0 31 0 0 0 0 0 0 26 0 0 0 0 95 0 0 14 0 0 0 0 5 0 0 58 0 0 0 0 20 0 2 0 0 0 97 84 0 0 0 0 34 0 0 29 32 0 0 0 0 25 0 0 0 21 54 14 0 0 0 74 0 0 0 13
0 0 0 0 0 0 0 0 56 20 0 23 0 0 0 74 0 0 27 48 0 0 74 0 0 0 15 82 0 0 0 0 0 0 0 0 0 0 0 0 0 0 0 0 4 0 0 0 0 0 0 0 62 19 0 0 0 0 0 0 100 0 0 48 0 60 0 0 0 0 0 0 0 23 0 0 0 0 0 0 0 0 0 0 0 0 0 0 0 17 79 0 0 0 0 0 0 0 48 0
0 0 0 0 0 0 0 23 0 0 0 6 0 0 58 93 11 0 0 73 0 0 0 29 0 0 0 0 0 0 0 55 97 0 0 0 0 0 0 0 79 0 0 0 0 0 0 0 0 30 10 47 0 0 0 0 0 0 21 57 0 0 0 0 0 0 70 0 0 0 0 0 55 95 0 0 0 44 54 55 0 59 0 0 0 0 0 0 0 91 0 0 67 0 91 0 0 0 0 0
99 0 0 0 0 57 0 56 0 0 27 73 0 0 0 56 17 0 85 0 0 0 0 0 0 87 0 0 0 47 17 0 0 85 0 0 0 0 0 0 0 0 0 0 0 27 0 0 0 0 68 0 0 0 0 0 0 0 0 0 0 0 0 0 0 0 0 0 91 0 0 0 23 0 0 0 50 0 0 0 56 0 96 14 0 57 0 0 0 0 0 0 0 0 0 0 0 33 13 0
68 30 47 0 0 0 0 0 22 0 0 17 0 0 0 0 0 0 0 0 0 3 0 0 0 0 93 0 0 15 0 0 0 0 0 0 72 0 0 0 0 0 0 22 100 0 0 2 36 0 0 0 85 0 0 0 99 0 85 0 0 0 0 0 85 0 85 0 0 0 0 0 0 0 0 0 0 43 0 0 0 0 9 0 0 0 0 0 0 15 44 0 0 0 59 0 0 0 41 0
82 0 0 0 0 45 0 0 0 0 0 0 27 0 0 53 0 20 0 0 72 59 20 43 0 0 0 7 21 14 0 0 0 90 0 0 0 0 0 90 0 0 8 53 0 85 0 0 0 60 0 0 0 0 95 0 0 3 50 0 0 0 0 0 0 0 97 0 0 62 42 0 0 0 24 0 74 0 0 0 0 0 0 0 0 0 0 88 0 0 62 0 0 19 0 59 0 0 0 0
0 0 0 0 0 0 0 80 0 0 0 0 0 0 0 0 51 0 0 0 0 0 34 91 84 82 72 0 78 0 0 28 0 0 0 0 0 0 0 0 0 0 64 0 0 0 0 0 0 0 0 31 0 0 0 0 0 45 0 0 0 0 28 0 0 0 0 0 0 0 0 96 0 0 0 0 42 35 0 0 0 0 0 26 28 0 0 0 0 38 0 0 0 0 0 0 0 96 0 0
0 0 0 31 0 0 81 93 0 0 0 0 85 0 0 0 0 0 0 0 33 86 0 0 0 0 0 0 0 0 64 0 0 0 0 0 0 8 0 0 35 0 0 0 0 0 0 7 0 0 0 65 0 1 0 0 0 68 9 0 4 0 0 0 35 0 0 0 0 0 0 0 0 4 0 0 0 0 0 0 0 0 0 56 0 0 0 0 0 98 0 0 32 0 0 0 0 0 83 0
0 0 0 0 0 0 0 0 0 0 0 0 0 0 0 90 0 65 0 0 0 0 0 0 29 39 0 0 31 0 0 15 0 0 0 78 0 0 0 0 0 71 0 0 0 0 0 0 35 0 8 0 46 0 0 0 0 0 7 76 0 85 0 100 0 0 0 0 0 0 27 0 0 0 0 0 63 66 0 95 0 0 0 0 80 92 0 3 84 0 0 0 5 0 0 0 0 76 0 0
0 0 0 0 0 0 86 0 0 0 0 0 72 0 19 0 0 78 0 0 0 14 76 0 47 69 0 0 0 0 0 0 0 0 75 0 0 0 34 0 0 0 0 0 83 0 0 75 38 77 0 55 84 0 0 0 0 0 0 0 0 7 0 0 0 0 0 0 0 0 0 0 0 0 0 0 0 0 0 37 23 0 17 34 0 77 0 0 0 4 0 0 0 0 0 78 40 20 0 0
39 0 0 93 0 0 9 0 0 0 0 0 84 0 0 32 74 0 70 0 0 0 56 0 0 12 0 38 0 18 0 27 78 0 0 0 58 0 0 0 13 0 0 59 0 65 0 0 0 42 0 0 0 0 32 0 32 0 82 0 0 0 0 0 0 0 41 0 0 0 20 93 86 8 12 0 0 0 0 0 0 0 0 0 0 16 0 0 53 0 0 0 0 0 17 0 0 65 0 0
0 0 0 75 41 0 0 45 0 7 0 0 28 0 0 0 50 0 0 0 99 0 0 0 0 0 0 18 0 0 96 43 0 0 0 0 0 0 67 94 16 27 0 74 0 0 0 27 0 0 22 0 0 0 93 0 0 0 0 0 0 0 0 0 0 0 0 0 1 0 0 16 0 35 82 0 0 0 0 63 0 84 9 25 0 0 0 58 0 0 33 0 0 0 0 0 95 62 0 0
6 37 0 69 94 0 50 0 0 0 0 0 0 40 29 0 0 0 0 0 71 0 0 22 49 0 0 0 0 0 0 0 0 10 0 77 56 0 0 71 0 0 0 0 0 0 0 88 0 0 66 0 0 79 0 0 0 0 0 0 0 53 0 0 0 53 97 0 0 0 0 0 0 0 100 0 0 0 0 0 90 53 0 24 0 0 1 21 50 0 0 0 0 0 0 0 53 0 55 0
0 0 0 0 0 0 0 0 51 16 71 0 0 75 0 0 0 0 0 0 0 28 73 0 75 0 0 0 0 0 98 0 0 0 0 63 0 86 0 0 54 96 80 0 0 0 0 0 82 0 0 56 99 0 0 0 0 0 50 36 0 0 0 0 0 27 59 0 44 0 0 0 45 0 0 0 45 0 0 0 0 0 0 0 15 0 1 0 9 0 0 0 11 0 0 0 0 0 0 0
0 11 19 71 0 0 0 0 0 0 4 54 61 97 0 72 0 0 0 0 0 0 65 70 0 0 0 0 0 0 48 0 0 0 27 0 0 0 0 41 0 0 0 0 22 0 0 0 0 0 0 0 0 0 0 0 31 0 0 0 0 51 0 0 0 0 0 0 0 0 0 85 0 83 0 0 44 0 22 31 0 0 69 0 0 0 64 0 26 0 0 0 0 0 0 0 0 49 26 96
0 14 0 0 0 0 48 0 0 87 0 0 0 38 4 0 60 0 0 0 0 0 0 0 0 11 0 0 50 52 62 0 0 0 0 0 36 0 0 0 0 0 0 0 0 0 0 0 57 88 0 0 0 0 52 0 90 0 0 0 0 0 0 11 12 0 0 0 59 0 0 0 43 0 0 98 0 0 0 0 0 64 0 0 0 0 0 0 0 0 0 0 0 0 0 56 0 0 40 95
64 7 0 0 0 0 0 0 0 0 38 0 0 0 0 0 23 0 0 0 0 0 0 0 82 0 58 0 0 0 0 0 0 0 22 0 0 0 61 42 0 0 44 31 49 0 0 0 0 0 61 22 0 0 0 0 0 0 35 0 0 86 0 0 0 0 0 0 59 73 0 66 0 0 0 18 11 0 0 0 0 0 0 0 0 0 0 29 0 0 0 0 0 0 0 0 0 5 30 0
0 0 0 96 0 0 0 0 73 0 0 0 0 0 0 24 34 0 95 0 0 0 0 0 0 0 0 0 0 0 0 0 0 10 0 49 0 1 0 0 0 0 12 53 0 9 29 15 0 0 0 0 0 0 83 0 0 0 0 0 45 0 0 0 21 1 0 58 0 0 0 48 0 0 0 0 54 0 0 0 0 0 0 100 0 16 0 0 0 0 0 0 0 0 0 0 0 0 0 0
0 67 0 0 0 17 0 99 0 0 0 0 88 0 72 62 0 0 0 0 0 0 32 50 0 0 0 56 0 0 0 0 0 0 0 0 0 0 0 0 0 33 58 91 0 0 0 0 0 0 0 54 0 0 0 0 0 0 77 15 78 0 60 0 76 0 0 0 0 0 0 0 0 0 0 0 0 0 9 65 0 0 0 17 0 0 0 0 0 0 0 0 0 0 0 91 0 0 55 0
9 0 0 0 0 0 45 0 0 83 0 0 0 0 0 0 0 30 0 0 0 0 58 4 0 0 0 25 0 0 0 19 0 30 0 0 0 0 64 0 0 81 77 0 0 0 0 0 81 64 0 51 0 0 54 0 0 0 0 0 0 0 0 0 0 13 0 99 83 0 0 0 0 10 52 0 0 0 0 0 0 0 0 0 0 77 0 0 0 0 0 0 0 0 0 0 0 12 0 39
99 84 0 87 0 0 54 0 0 0 0 0 0 95 81 0 0 0 69 0 0 0 0 77 0 68 0 0 0 0 0 4 0 0 0 0 18 13 0 0 0 0 0 8 0 35 0 0 0 61 0 0 0 0 0 85 0 0 45 0 0 0 0 0 0 4 0 0 0 0 48 0 0 0 90 0 73 0 0 0 0 19 1 25 0 56 70 61 0 0 0 0 0 0 49 0 0 40 0 0
79 0 0 8 0 0 0 0 0 73 0 0 0 0 0 0 0 0 65 0 0 60 4 1 0 0 62 0 7 23 64 79 0 0 30 0 0 80 0 0 0 0 47 0 0 4 0 0 0 0 0 0 0 27 0 0 0 0 0 0 0 0 0 0 0 0 0 97 0 0 0 0 0 0 20 22 0 0 0 0 0 86 0 0 0 0 0 0 0 0 0 0 0 9 0 0 0 0 0 0
83 0 0 0 0 0 0 0 54 0 0 0 16 31 75 0 0 0 0 0 0 0 0 13 0 0 0 24 0 0 0 0 84 0 0 0 52 86 0 0 0 0 0 0 3 0 0 0 25 0 76 0 0 0 0 0 20 0 46 0 0 0 0 40 86 0 0 74 0 0 0 0 0 0 8 76 78 0 0 0 0 0 94 0 0 0 0 0 75 5 0 0 60 0 0 0 48 83 0 0
85 0 0 91 4 0 31 53 0 0 15 0 0 0 42 0 0 0 0 0 0 94 0 10 0 0 63 0 0 0 0 0 0 0 31 0 0 0 0 0 0 0 13 0 0 0 0 0 0 0 0 0 0 0 0 0 0 89 0 0 0 0 0 0 10 0 0 0 33 0 46 0 0 46 0 69 0 0 54 17 0 0 0 0 0 0 0 5 0 0 0 0 0 9 0 51 0 51 56 0
0 0 0 0 0 0 0 0 92 0 60 0 0 0 0 0 0 72 0 0 70 28 0 0 83 0 0 41 0 0 0 39 0 0 0 92 39 0 44 0 1 96 0 0 0 0 0 0 0 0 0 0 73 0 35 0 84 0 90 0 0 0 13 0 68 0 0 0 0 33 0 0 0 0 0 82 0 98 0 0 0 29 0 0 0 85 8 98 48 100 0 0 0 0 21 0 0 0 0 0
0 0 93 0 15 0 0 0 0 0 0 0 0 0 0 77 0 0 0 0 0 0 0 0 0 0 56 0 0 0 54 0 0 0 0 87 0 0 0 45 2 0 20 69 0 84 0 0 0 0 90 0 0 0 0 53 48 0 0 0 0 0 0 27 0 0 0 0 0 39 5 0 50 10 0 92 0 65 0 73 0 0 0 0 33 0 64 55 0 48 0 2 0 0 0 0 57 0 0 0
0 0 71 31 48 0 47 0 0 0 0 0 52 0 47 91 0 23 0 0 0 87 0 0 0 0 0 0 0 25 68 0 0 0 0 60 0 92 79 0 0 0 20 2 0 0 0 0 68 65 0 0 0 9 0 0 0 0 0 4 50 0 69 0 0 0 0 0 0 89 96 77 46 0 0 32 0 0 0 18 0 0 0 0 0 91 0 0 63 0 0 0 0 0 0 0 60 0 0 0
0 0 0 0 87 34 86 0 0 0 0 0 0 0 55 0 88 0 14 10 0 0 21 0 0 0 0 0 43 0 0 0 0 0 0 0 0 0 0 0 0 0 0 0 0 0 0 0 0 70 0 48 0 0 0 0 0 0 0 0 57 0 0 0 3 0 0 0 63 0 0 0 0 8 0 25 0 0 96 0 1 0 0 0 0 0 0 0 0 21 0 0 0 0 96 94 0 33 70 0
0 0 0 5 0 0 0 0 0 0 0 0 0 43 0 0 0 0 0 0 57 53 0 0 0 0 0 0 0 59 0 0 0 0 0 52 89 0 0 70 0 0 19 0 0 0 0 0 0 48 34 0 0 0 0 0 0 0 0 0 40 35 0 98 0 0 49 0 0 0 0 28 0 0 28 0 0 0 0 0 0 88 43 0 0 53 0 0 0 0 0 41 0 0 0 0 0 0 0 0
0 48 0 0 0 0 0 0 87 0 73 0 73 0 0 0 0 0 0 0 0 0 0 0 0 74 0 0 45 0 0 71 70 0 15 0 0 0 8 0 0 0 18 0 38 0 0 0 0 0 77 68 55 82 4 94 81 0 0 0 97 0 27 0 68 96 16 0 0 0 0 68 0 30 0 0 0 0 0 0 0 0 0 35 29 0 0 0 0 0 0 0 80 0 9 0 0 0 0 0
0 80 0 31 0 0 0 0 0 0 56 0 2 0 0 0 0 0 0 70 0 0 0 100 0 0 0 0 0 0 0 0 0 21 0 32 0 0 0 0 65 0 48 51 0 0 18 0 0 0 78 0 92 0 0 0 0 0 0 33 52 5 0 0 0 73 29 0 0 99 0 0 87 0 91 75 0 0 53 0 0 0 0 51 0 0 0 0 0 0 0 0 0 0 0 0 0 0 0 0
0 0 67 79 0 0 41 0 0 0 0 77 80 0 97 0 0 0 0 68 0 0 1 62 0 0 0 0 0 95 87 0 0 59 0 0 0 0 0 11 0 0 0 0 0 0 0 0 26 75 0 0 56 0 0 57 72 0 0 0 0 0 99 0 0 78 0 86 61 0 0 0 0 63 0 38 0 0 0 0 0 0 0 0 59 9 0 92 0 0 0 0 57 90 0 0 0 19 0 0
0 0 0 0 0 77 1 0 0 0 0 0 0 78 0 97 0 0 0 0 0 0 30 0 0 0 0 0 29 0 0 0 0 63 52 0 43 0 0 0 0 0 0 47 0 0 26 88 0 0 48 0 0 0 51 0 0 0 0 0 92 2 0 0 99 0 30 0 0 0 34 0 0 0 0 0 59 0 0 0 0 29 5 0 0 0 80 0 18 0 0 78 0 0 13 95 83 0 0 99
0 0 0 0 74 0 48 0 0 0 0 22 0 0 0 0 30 0 85 0 0 0 55 0 0 0 82 0 98 92 0 0 0 0 0 66 63 0 7 0 7 0 95 0 0 0 58 0 0 0 48 0 0 0 0 48 51 94 0 0 0 59 83 0 0 0 0 0 0 0 0 57 0 0 9 86 0 0 0 0 0 0 0 28 37 0 0 0 0 11 59 0 0 0 0 0 0 0 7 0
0 0 0 0 9 0 0 40 29 0 0 0 87 0 0 0 0 0 0 0 0 93 0 0 0 1 0 0 0 0 4 0 39 0 0 0 86 10 0 0 0 81 45 0 26 0 0 0 0 82 0 0 0 66 0 0 0 0 0 0 0 42 0 0 0 0 0 0 0 0 0 0 0 0 0 56 0 0 0 0 0 0 0 0 27 0 0 0 0 100 0 0 0 0 47 0 0 0 0 0
61 33 93 0 71 8 65 26 0 0 49 0 0 0 0 91 0 0 0 0 0 0 15 15 0 76 0 0 0 50 52 0 0 52 0 0 0 0 12 0 0 0 0 0 0 0 0 0 0 0 0 0 0 22 0 0 0 63 0 0 0 14 0 0 0 0 0 0 0 0 0 0 37 66 0 0 0 0 0 84 30 12 0 0 0 34 71 0 0 0 0 0 82 0 0 0 0 0 0 0
0 55 0 0 0 96 0 53 0 0 0 41 0 0 16 0 0 0 0 61 0 41 0 0 20 0 72 21 0 0 0 0 0 0 0 51 37 0 5 0 0 0 77 0 0 99 0 0 0 0 0 0 0 76 49 0 0 0 0 0 0 0 0 32 0 0 0 0 0 0 72 0 0 0 0 0 0 36 0 0 41 0 0 0 0 0 38 0 98 0 2 88 0 0 0 0 0 0 0 0
25 0 80 0 69 0 0 0 22 99 93 0 0 60 0 0 0 0 0 0 0 0 34 0 0 23 0 0 0 0 0 0 71 0 0 0 0 0 0 0 0 0 0 16 0 78 0 0 0 0 0 0 71 0 0 0 0 28 0 69 2 0 0 0 0 0 0 0 0 14 0 15 100 0 6 0 0 17 0 1 25 0 0 0 0 0 0 0 0 0 0 0 0 0 0 0 0 0 0 0
0 46 0 80 0 0 0 0 0 0 8 0 0 0 74 0 16 0 92 79 0 0 0 0 0 57 0 0 0 0 0 0 0 0 30 0 0 92 31 0 0 0 0 0 0 0 62 0 0 100 83 0 0 0 0 69 0 0 0 0 0 0 0 0 0 0 86 0 0 41 0 0 66 0 0 0 0 0 0 76 0 63 0 0 83 0 14 0 44 0 0 0 0 45 0 0 0 6 0 0
0 0 0 0 96 0 0 0 0 0 2 0 0 0 0 0 32 33 0 0 0 0 0 0 0 0 0 0 35 0 0 0 0 0 0 0 0 0 0 58 0 0 0 0 0 0 88 0 89 0 68 0 0 0 0 55 0 0 95 12 0 73 8 0 20 65 0 0 0 0 15 0 0 0 0 0 5 70 0 0 78 5 0 0 0 86 0 0 0 0 37 89 87 0 0 0 0 0 0 0
0 0 52 21 0 0 4 92 0 0 0 0 0 0 0 10 45 36 0 63 67 0 0 53 0 0 0 10 31 0 52 0 0 0 5 0 3 0 0 2 0 17 52 0 0 81 0 0 66 0 50 0 0 0 0 0 21 0 100 42 0 0 0 100 0 0 0 0 0 32 0 58 0 0 0 98 0 0 30 0 1 0 0 0 0 0 0 0 33 0 0 0 0 0 0 0 0 0 0 0
0 0 0 0 0 0 0 30 0 0 0 11 0 0 0 37 0 44 0 0 0 0 70 92 0 0 70 0 13 0 14 0 78 0 7 58 0 15 0 0 0 0 0 0 0 24 0 0 0 0 0 15 0 47 0 0 0 0 0 0 0 0 0 0 0 0 0 0 0 0 0 0 0 0 30 0 0 0 0 0 0 0 0 92 0 0 0 0 0 0 0 0 0 0 0 3 4 9 0 0
0 3 0 0 82 0 0 0 0 0 0 32 0 44 0 0 46 0 0 0 26 0 0 0 0 20 0 0 0 0 0 0 31 0 71 0 0 0 0 89 0 0 0 0 0 0 32 63 0 0 76 75 0 0 0 20 0 0 0 0 66 84 0 0 0 0 0 0 0 74 17 0 44 0 0 0 0 0 0 70 38 22 0 8 0 0 0 7 0 22 0 35 0 0 0 62 0 0 0 0
47 0 0 0 0 0 0 0 0 3 0 0 0 0 0 0 0 0 0 0 12 0 0 0 9 0 0 0 0 0 0 0 0 0 0 0 23 0 0 0 0 76 0 0 0 0 0 0 0 0 0 58 0 0 0 0 0 0 91 0 0 0 8 32 58 81 0 0 6 78 0 0 0 0 0 0 0 0 0 47 0 0 0 0 0 0 0 0 82 0 0 74 0 0 82 0 59 0 86 0
0 32 0 0 99 69 0 90 0 17 5 0 61 0 0 0 0 0 0 0 39 0 0 47 0 0 0 0 0 40 0 0 0 0 63 0 0 0 0 0 0 0 0 14 0 0 0 0 0 0 2 0 0 0 0 57 0 0 0 0 77 0 0 55 0 0 78 62 0 0 0 0 7 0 0 0 0 0 56 0 0 0 44 0 38 0 0 0 34 0 0 0 0 0 0 0 0 66 0 0
0 33 0 0 0 0 0 0 0 0 0 0 0 0 43 66 0 25 0 0 0 0 0 0 0 62 0 0 59 0 0 0 0 0 0 87 0 0 0 0 0 0 0 0 0 60 0 5 0 0 0 18 0 0 80 0 0 0 0 0 0 0 0 0 65 0 0 0 0 0 0 0 0 0 0 0 0 0 51 0 0 0 28 0 0 0 0 0 0 0 0 0 0 0 23 0 0 0 82 0
0 34 0 0 0 0 0 0 0 0 0 0 0 0 0 0 0 0 93 48 0 92 0 40 0 61 0 0 0 0 0 0 0 68 0 25 0 0 0 0 0 0 0 0 0 0 0 0 0 0 0 0 0 24 0 0 0 0 0 0 44 87 10 7 0 0 36 0 0 0 0 0 0 0 0 0 0 27 0 0 0 0 0 44 0 0 0 11 77 0 91 0 0 0 0 0 21 0 0 0
26 96 0 95 0 0 0 0 37 98 0 0 0 0 0 0 0 35 69 0 0 0 94 0 80 0 0 67 0 0 0 0 0 0 20 42 27 0 0 23 0 0 0 0 0 0 0 0 0 0 0 0 69 0 0 0 38 0 0 0 0 9 0 0 0 0 80 19 66 0 0 0 0 0 0 18 0 0 90 0 0 0 0 0 0 0 0 0 7 0 0 0 99 0 85 0 0 73 0 0
0 0 42 0 0 0 0 0 0 22 0 16 0 0 44 0 0 0 0 0 0 0 0 0 0 0 0 0 0 0 0 0 0 0 0 0 0 0 36 79 73 0 8 0 61 0 0 0 0 25 0 12 0 30 0 0 39 58 18 84 58 0 0 90 0 8 0 0 0 67 0 0 0 0 98 0 0 0 67 0 0 0 28 0 0 0 83 0 0 0 51 0 0 0 0 0 27 96 0 59
0 58 0 10 56 0 5 0 98 0 0 28 35 0 0 99 0 0 0 0 0 0 0 0 0 0 0 28 34 0 80 7 0 77 54 97 0 35 0 96 0 0 0 7 0 23 0 0 23 0 0 0 7 0 0 32 86 0 0 0 15 55 0 88 0 0 0 0 0 0 43 0 2 0 0 0 72 0 0 0 0 0 0 0 0 0 0 0 95 91 70 0 0 0 0 0 0 0 0 0
87 0 0 0 0 0 0 0 0 0 0 0 0 40 0 0 32 26 37 0 0 0 0 45 0 0 0 0 0 89 3 48 20 0 0 0 0 0 0 0 46 0 54 86 24 0 84 0 0 0 30 0 0 0 0 0 0 0 46 0 13 0 0 0 0 0 0 0 0 0 0 0 0 0 0 0 33 0 63 0 0 50 0 19 39 11 0 0 99 84 0 0 0 0 34 0 0 0 0 0
0 25 0 0 0 0 0 0 0 0 0 0 0 0 0 0 75 64 0 0 0 91 70 0 67 0 0 0 0 0 0 0 0 21 0 29 36 0 78 0 0 0 0 0 0 0 0 0 0 42 0 0 0 0 0 24 0 0 0 0 0 0 0 0 0 0 0 98 48 0 37 0 0 0 0 0 0 0 0 0 35 0 0 0 0 0 0 0 0 0 0 0 44 0 0 98 0 0 0 0
48 21 0 0 0 0 47 0 0 0 0 0 0 0 0 0 0 0 0 0 0 0 35 25 0 0 0 0 0 0 0 0 0 0 0 0 0 0 0 0 0 18 0 66 27 0 31 0 0 0 0 0 0 0 0 91 0 37 39 7 0 13 0 0 0 0 0 0 0 0 0 0 0 0 0 24 0 54 0 28 0 5 52 79 0 14 0 0 59 27 0 87 0 0 0 0 0 0 0 0
0 0 0 0 0 28 0 0 0 17 0 0 32 0 96 0 84 49 0 0 0 19 0 0 27 0 46 0 83 82 0 0 0 0 0 0 0 0 0 0 0 0 0 0 0 0 0 0 0 40 0 0 0 0 0 0 0 14 0 0 0 0 0 0 0 76 0 0 43 0 0 4 0 7 0 0 0 0 71 0 0 0 89 0 96 0 0 0 49 0 0 0 10 0 0 0 0 0 61 65
0 96 0 48 93 0 0 0 0 0 66 0 0 0 0 0 0 0 0 0 0 0 0 0 0 82 0 0 0 0 0 68 0 0 96 0 46 40 0 0 0 0 0 0 0 0 0 0 63 0 67 0 0 0 0 0 0 0 0 0 79 0 4 0 0 0 0 0 0 0 0 0 0 38 0 0 0 0 0 81 0 37 88 0 0 0 0 0 0 0 0 0 0 39 0 0 0 0 88 0
0 0 52 0 0 0 0 0 0 0 1 0 0 0 0 51 0 0 0 0 15 0 0 0 0 0 0 0 58 0 77 0 10 0 94 0 0 24 45 0 0 0 2 26 0 0 0 54 0 78 0 0 70 0 0 0 0 0 0 0 0 0 58 96 0 48 39 0 0 0 16 0 0 87 0 0 0 0 0 0 28 0 0 67 0 70 0 0 0 0 0 0 0 54 0 0 0 0 0 0
0 0 7 0 0 45 10 13 0 0 0 89 0 0 0 0 0 0 0 0 0 0 0 0 33 5 0 0 0 0 0 0 93 36 0 0 24 0 0 0 0 0 0 0 0 0 0 0 0 0 0 0 0 0 30 0 0 0 0 0 0 0 0 0 0 0 0 31 0 59 0 0 0 81 0 0 0 0 0 0 0 0 27 0 0 49 0 0 0 16 62 67 0 0 81 0 0 0 0 0
0 40 0 0 0 0 0 0 0 0 0 0 0 66 0 0 0 0 34 0 0 0 8 67 21 0 47 0 0 0 45 0 0 0 0 53 37 0 0 0 0 0 0 0 92 0 0 0 0 97 0 0 0 0 0 0 0 69 0 0 22 0 0 0 0 0 0 0 0 0 12 0 0 0 0 0 45 0 91 24 0 0 0 85 0 0 6 58 0 0 0 0 0 0 72 18 0 0 0 0
0 0 48 0 0 0 0 0 0 0 0 0 30 0 0 0 0 39 0 0 0 0 32 10 0 0 0 0 0 0 0 0 19 41 0 0 0 4 0 0 0 0 0 0 23 0 0 0 0 0 48 0 0 0 0 0 0 0 0 0 0 0 35 0 0 0 97 0 47 0 0 0 16 31 0 0 64 66 0 0 0 0 0 33 0 46 100 0 0 33 78 0 0 0 0 0 18 94 0 28
86 20 92 0 0 0 0 0 0 0 0 0 0 0 0 0 0 0 0 0 0 0 0 0 56 0 0 92 0 0 14 0 0 0 82 89 0 0 0 0 0 0 62 0 0 0 0 0 0 0 0 39 0 0 0 0 0 0 0 50 43 0 60 0 0 0 0 0 0 0 59 0 0 13 0 0 0 0 76 0 0 0 0 0 76 0 0 0 41 0 0 64 0 0 0 0 88 0 0 0
0 0 0 0 29 0 0 0 0 0 0 45 0 0 0 0 0 0 0 0 0 0 0 0 0 99 0 52 0 0 0 23 96 0 0 0 0 0 0 0 0 0 0 0 0 0 0 0 85 0 0 66 0 0 0 0 76 0 0 0 0 62 25 0 0 0 0 0 0 43 0 0 0 0 0 0 0 30 10 0 0 67 0 0 0 0 0 0 64 0 8 0 0 14 0 65 0 0 0 5
0 0 0 0 0 0 0 0 0 0 0 0 0 12 0 12 0 0 0 0 0 0 46 0 43 91 0 0 0 0 0 0 0 30 0 0 84 0 0 0 0 0 0 64 0 65 0 0 0 0 67 0 0 0 33 87 0 0 56 34 0 60 0 0 0 29 0 0 0 0 0 94 0 0 0 0 0 0 7 0 29 44 0 0 0 0 0 0 97 0 11 0 0 99 0 0 0 0 0 0
0 0 33 0 0 0 0 99 0 0 61 0 7 0 0 0 0 0 0 0 0 0 0 84 0 79 0 0 31 0 0 0 0 0 0 9 0 5 0 0 0 0 0 0 14 24 88 0 0 93 87 0 59 61 0 0 0 33 0 58 0 0 0 0 0 0 0 0 0 0 0 0 0 0 0 80 0 0 0 0 0 0 0 28 0 0 0 0 0 43 0 17 0 0 0 0 0 50 0 0
30 0 0 0 0 0 0 3 0 0 46 0 0 49 69 0 0 0 0 18 96 0 0 71 0 0 0 0 0 0 0 0 0 0 0 0 0 94 0 0 85 0 0 0 0 0 0 0 0 12 0 0 0 24 0 78 0 0 0 0 3 0 0 0 0 1 0 0 15 0 0 66 0 0 0 0 0 0 66 89 59 0 68 71 0 0 0 0 0 0 0 93 0 0 92 0 76 0 0 0
96 0 83 0 0 0 0 0 0 0 0 0 3 0 13 41 0 0 0 0 0 0 0 5 0 0 0 0 0 0 39 0 14 0 0 0 6 0 0 0 0 0 0 33 0 0 0 62 34 64 0 73 0 0 0 54 0 98 0 0 75 0 35 0 70 0 0 0 0 5 0 0 0 0 0 30 0 0 0 0 0 0 0 0 42 95 0 0 0 26 39 0 0 0 46 0 0 0 0 95
0 0 0 0 4 96 0 0 0 0 0 0 0 0 0 0 31 0 0 26 0 0 0 0 3 0 0 79 0 0 0 46 0 0 0 48 0 64 0 0 0 0 0 0 0 0 0 38 90 0 0 0 0 0 0 0 0 0 55 0 0 0 0 0 32 0 14 0 0 0 0 0 0 0 0 0 0 86 0 88 11 0 0 0 61 0 74 0 0 0 0 57 0 0 0 0 0 0 99 31
0 0 0 0 0 65 12 0 0 0 0 0 0 0 0 96 0 6 34 0 0 0 60 0 0 0 59 0 0 0 43 0 0 0 0 21 0 8 0 0 0 0 14 0 89 0 0 0 0 0 0 0 0 0 0 0 0 0 0 0 0 91 9 0 0 0 0 0 0 40 0 71 0 0 0 0 0 0 0 20 0 0 99 0 0 0 0 0 0 51 0 20 0 0 0 0 73 0 0 0
0 0 0 0 37 0 50 0 8 0 33 0 0 0 0 0 0 0 0 71 0 0 0 53 0 0 11 82 0 0 88 0 13 0 0 0 0 76 0 0 0 0 0 0 0 0 95 0 0 0 54 0 0 0 0 0 0 65 0 0 0 0 0 0 0 0 0 0 0 45 92 0 0 7 0 0 0 0 0 0 0 0 0 0 0 0 74 16 0 25 0 0 0 0 0 7 0 0 17 37
48 0 0 0 0 0 0 0 0 0 0 0 0 0 0 0 0 0 0 82 0 0 0 0 0 0 0 0 0 0 0 0 0 0 0 0 0 0 0 0 0 77 91 0 0 0 56 0 0 0 0 0 0 92 0 0 0 62 27 41 0 37 0 0 0 66 0 0 0 0 0 46 13 0 0 36 0 0 0 18 0 7 0 0 0 0 0 0 0 0 0 0 99 0 0 0 0 0 0 68
0 0 68 0 0 85 46 0 60 0 0 0 98 79 0 0 0 0 0 0 0 0 0 0 0 0 44 0 0 0 0 0 31 0 0 9 0 0 0 0 69 0 0 32 78 0 81 0 0 0 16 0 0 0 0 55 0 82 0 0 0 0 0 0 58 43 17 48 0 71 88 0 0 0 0 0 40 0 37 0 0 0 0 0 99 0 0 0 0 0 0 0 0 0 0 0 45 0 0 0
0 55 39 0 22 42 97 0 100 0 39 0 0 5 0 0 0 0 0 0 0 0 0 41 82 0 61 0 0 4 0 0 0 0 26 69 0 8 0 0 0 89 0 0 13 82 0 8 0 71 87 0 0 0 62 0 81 0 0 0 0 0 0 0 0 0 81 0 0 55 0 74 41 0 0 0 0 0 15 66 0 0 63 0 0 0 0 0 0 0 0 0 0 23 0 43 0 0 43 96
0 0 0 0 0 62 62 85 94 0 0 79 50 0 0 0 62 0 0 0 30 0 0 0 0 0 99 0 91 0 31 63 0 0 0 0 0 0 0 0 0 0 0 0 14 0 0 0 0 9 0 0 0 31 0 0 0 0 0 0 0 84 81 0 23 16 0 0 0 0 0 0 0 0 0 0 0 0 0 0 27 47 33 0 86 0 0 0 0 45 0 83 18 0 0 0 36 0 0 12
0 0 0 0 31 0 0 51 44 37 0 34 5 0 0 0 0 0 0 0 97 32 73 0 0 0 0 0 0 100 0 0 0 0 0 0 0 0 0 0 0 0 0 0 0 0 77 0 0 0 0 0 0 17 0 0 0 0 0 23 0 0 69 51 33 0 0 0 0 0 0 11 0 0 0 0 0 0 0 0 92 0 0 0 0 0 0 0 0 0 78 10 16 0 96 0 0 0 0 0
0 0 0 0 40 92 0 0 0 0 0 0 0 0 0 0 8 0 0 0 95 0 0 0 48 0 0 0 0 0 20 0 43 0 0 0 49 0 0 0 0 0 0 0 0 0 0 0 79 0 0 0 0 0 0 0 0 0 85 0 14 58 0 8 0 0 0 0 87 0 77 0 0 0 0 0 38 7 0 0 0 90 56 0 0 0 0 6 0 76 0 0 0 0 0 35 0 0 0 0
0 0 0 53 0 0 0 74 0 0 0 0 0 0 83 0 65 12 0 92 30 0 0 0 0 0 0 0 0 0 0 0 0 0 0 0 72 0 3 98 40 58 37 9 0 0 0 6 0 0 0 0 0 0 0 0 0 0 41 91 62 0 0 0 0 0 0 77 72 52 0 73 0 0 0 29 0 0 0 0 66 0 0 79 0 0 15 0 0 0 0 0 0 0 12 60 0 0 44 0
0 0 0 0 0 0 75 0 0 73 0 0 6 0 53 0 0 0 0 0 0 0 0 0 0 0 0 0 87 56 0 0 44 0 0 0 0 0 0 0 0 4 0 46 0 0 0 0 0 10 35 38 55 0 53 97 0 0 0 0 0 0 0 59 0 0 0 34 0 0 0 0 0 0 0 0 0 0 60 0 0 0 0 0 0 0 0 0 0 0 0 0 0 0 0 35 0 0 0 0
0 0 32 0 0 0 0 0 0 22 0 0 0 35 0 0 25 0 23 19 99 0 0 0 0 59 76 0 0 0 0 0 0 0 0 0 0 0 0 0 0 35 0 0 29 4 0 0 14 0 0 0 0 49 84 0 0 0 0 0 25 0 0 0 0 0 0 0 0 80 0 0 71 0 59 0 0 0 0 0 0 0 0 4 0 0 0 0 0 0 85 0 0 0 0 6 0 0 0 0
0 0 0 0 31 0 0 16 0 69 0 0 0 30 0 0 0 91 0 0 0 0 35 0 71 0 0 0 0 0 0 68 0 0 0 0 96 0 0 16 0 0 0 0 0 0 0 0 0 0 0 0 0 30 0 0 0 0 0 0 76 33 0 0 60 0 0 0 90 0 39 22 0 44 0 38 0 0 0 0 0 0 0 0 0 99 0 0 0 0 43 0 0 0 23 56 0 0 10 0
0 0 0 0 21 0 0 51 0 0 0 0 0 0 0 0 0 16 0 0 55 0 0 0 0 0 0 0 0 1 0 0 3 0 0 0 0 0 0 0 0 0 0 0 5 67 0 0 0 9 12 0 0 0 0 0 0 0 0 0 0 0 22 0 0 0 0 0 0 0 0 43 0 0 0 15 0 0 0 0 9 0 0 0 36 0 0 0 3 0 3 0 0 0 1 5 0 0 98 0
0 0 0 0 98 0 0 0 0 0 23 1 77 0 0 19 0 0 0 0 0 0 0 0 5 27 0 71 0 65 54 0 0 0 0 0 0 0 0 0 0 0 0 0 0 0 0 34 0 0 0 0 0 0 0 0 70 0 0 0 43 95 0 0 9 0 54 0 94 0 0 0 67 0 0 37 70 0 0 0 0 0 42 0 59 43 0 0 0 0 0 0 0 0 0 0 0 66 0 0
76 0 0 0 59 2 0 0 0 0 0 0 0 0 55 0 0 0 0 0 0 0 0 0 0 0 0 0 0 0 0 0 0 0 0 0 0 0 0 0 46 33 0 91 0 0 0 0 0 0 0 0 0 0 46 0 0 0 0 0 1 0 0 0 0 87 0 0 0 1 0 0 0 46 0 0 0 0 0 22 0 0 0 29 37 0 0 0 0 0 0 0 0 0 0 0 0 0 0 49
0 65 59 6 0 0 0 0 0 84 65 42 0 0 28 0 0 0 0 0 81 0 0 0 0 0 0 0 0 0 0 0 0 10 0 0 0 0 0 0 0 0 0 11 0 0 43 47 0 0 0 0 0 0 0 0 0 0 0 0 0 0 0 0 0 0 0 0 0 28 0 0 0 0 0 0 10 23 0 78 77 0 97 0 56 0 0 48 0 0 0 78 99 0 0 40 0 19 0 0
0 0 38 0 20 0 0 0 0 0 0 0 0 100 0 0 0 54 0 0 70 0 0 0 0 62 0 89 0 0 0 0 51 73 0 0 80 0 0 0 0 36 0 0 0 0 71 47 57 0 0 42 78 0 0 0 0 0 16 0 0 0 0 0 71 0 0 0 0 53 42 0 0 0 46 0 0 0 0 0 0 0 0 0 0 59 86 0 0 0 0 0 37 56 0 0 0 0 0 0
98 0 13 0 0 0 57 0 62 0 0 29 0 0 0 0 0 0 0 0 0 99 22 72 83 0 0 0 0 0 92 85 55 42 0 0 71 0 8 0 27 0 0 0 0 0 67 57 15 0 58 0 0 0 0 44 76 0 79 0 15 0 46 0 0 0 0 83 0 0 0 0 0 0 0 0 0 62 0 0 0 0 0 0 0 0 0 96 13 0 56 0 0 0 0 0 47 0 0 0
0 0 0 0 0 0 47 0 60 92 71 63 0 0 92 94 0 0 0 36 0 0 0 0 42 0 0 0 26 0 3 0 0 88 9 0 0 0 0 0 0 100 0 0 82 0 0 77 0 0 0 0 31 0 0 0 0 0 0 0 96 0 0 0 0 0 0 0 78 87 0 0 0 0 0 0 0 46 0 0 0 0 0 0 0 0 0 0 0 36 0 92 0 0 0 0 57 0 35 0
0 0 0 0 51 0 71 67 0 0 0 36 0 0 0 0 0 76 9 0 0 46 0 19 0 63 0 0 0 0 0 46 91 0 0 0 0 0 83 67 0 12 0 0 0 0 0 0 95 34 97 96 0 59 0 36 0 98 0 0 0 0 88 0 75 0 0 0 0 0 70 0 0 0 0 0 0 0 0 0 0 0 0 93 55 0 64 0 0 63 0 0 0 0 0 0 0 0 47 82
0 49 2 0 0 0 0 5 88 0 0 0 0 0 0 0 38 0 44 0 53 0 0 89 0 72 0 0 0 0 0 52 0 0 24 1 0 0 77 0 0 0 0 0 0 0 31 0 0 0 0 0 0 0 52 0 0 0 11 0 0 0 0 0 0 0 0 0 0 96 0 0 0 0 58 0 0 0 0 0 0 0 0 0 0 0 0 80 85 0 0 87 0 0 0 42 0 0 0 0
0 0 77 0 9 56 43 0 0 0 0 0 94 1 0 0 0 0 0 20 0 73 0 43 0 0 36 0 0 0 0 0 0 54 0 0 0 0 0 0 0 0 0 0 0 0 0 0 0 0 0 14 0 0 0 0 0 36 0 2 0 0 16 65 0 0 0 0 0 0 0 0 0 0 13 0 47 0 60 79 35 0 0 0 0 0 0 0 0 0 0 60 0 0 0 0 0 0 0 0
0 0 0 46 0 44 0 90 0 92 0 0 19 0 0 46 0 0 0 0 58 0 0 18 0 61 0 0 79 0 0 0 0 0 93 0 0 77 0 0 0 0 0 0 0 78 0 29 0 52 0 0 0 0 60 85 0 42 0 0 63 0 34 0 0 0 50 0 13 0 74 0 0 0 0 0 0 0 27 0 0 0 0 0 72 0 23 0 0 0 0 0 9 0 0 0 0 0 76 0
0 0 0 51 0 0 0 0 0 0 0 0 0 0 3 28 31 0 0 0 0 0 81 0 0 15 0 33 0 58 0 0 0 0 0 26 0 0 0 0 0 86 40 0 0 0 0 0 0 0 0 0 89 0 0 0 0 0 15 0 0 87 0 0 59 0 99 0 75 93 0 0 90 6 0 0 0 0 33 0 0 0 0 0 0 94 0 0 83 57 0 0 0 0 0 0 0 0 0 0
0 76 0 0 50 0 74 0 0 0 0 0 0 0 0 0 0 0 0 0 0 4 0 0 43 0 0 85 78 63 0 94 0 9 0 0 0 0 33 0 0 0 32 54 0 0 60 0 0 0 0 0 0 0 23 0 0 0 0 63 0 0 0 0 0 10 0 0 0 47 0 0 0 0 86 68 0 0 67 0 0 0 49 0 0 0 86 0 0 0 0 0 0 0 100 37 91 0 0 0
0 0 0 0 0 47 0 44 0 0 0 0 0 0 0 59 0 0 0 0 0 0 0 56 0 0 0 0 0 0 0 0 0 0 59 11 0 0 18 0 32 0 0 0 0 73 45 0 0 0 0 0 0 0 99 31 0 0 0 20 65 0 0 0 37 0 21 49 0 0 100 0 89 83 0 0 24 0 0 0 0 0 22 0 0 0 0 0 56 0 0 0 0 0 10 0 82 0 0 0
0 0 0 0 0 0 0 33 36 0 0 0 0 56 0 0 5 25 0 0 0 0 57 0 21 0 0 0 0 0 97 0 0 40 78 0 0 81 0 0 0 0 33 28 0 39 0 16 0 0 0 0 46 0 0 0 0 0 59 0 0 0 0 0 0 14 0 50 0 0 0 0 0 0 73 37 90 0 0 0 0 0 95 0 0 0 0 0 0 0 0 89 0 0 59 0 0 0 0 16
0 78 0 0 78 0 0 98 0 0 0 0 0 0 15 0 0 0 38 0 0 0 20 79 63 0 0 0 0 13 56 0 86 0 0 0 69 0 0 0 0 0 56 0 28 0 0 0 0 70 0 0 0 71 0 0 0 5 0 0 93 12 0 0 0 0 0 88 82 0 0 63 0 83 6 0 0 0 40 0 0 0 0 0 0 0 0 0 0 0 0 0 0 0 27 0 0 0 0 0
0 0 0 50 0 88 0 0 73 88 0 19 0 0 0 0 0 0 0 5 0 0 0 0 3 0 0 0 0 0 0 0 0 99 0 0 25 15 0 93 0 0 0 0 0 24 10 0 0 10 0 0 0 0 0 0 0 0 0 0 0 0 0 0 0 66 0 0 0 0 0 0 53 0 0 0 0 0 0 0 0 0 0 0 0 0 0 0 8 0 0 0 0 0 0 19 35 80 0 99
0 0 2 80 0 0 0 0 19 0 44 88 0 0 0 0 97 0 94 0 0 0 0 0 0 88 0 67 0 16 3 0 0 0 17 57 0 0 0 13 0 0 0 0 0 0 0 52 0 0 14 0 0 0 0 0 0 0 0 86 27 0 0 0 83 0 62 0 0 0 75 0 0 0 0 0 0 0 0 90 75 0 0 0 0 32 0 0 0 0 91 0 0 58 0 0 82 0 0 0
17 0 92 0 70 0 0 2 71 0 0 0 0 26 46 23 0 0 0 0 0 100 0 0 92 0 0 0 0 0 0 80 0 0 41 0 53 0 71 0 0 0 0 0 0 0 0 0 0 19 0 0 0 0 0 0 0 15 96 0 0 92 0 0 0 60 0 63 0 0 0 0 48 0 0 0 87 0 0 0 34 67 0 0 0 0 0 0 0 0 0 89 0 0 0 7 0 25 0 0
0 0 0 51 0 0 13 10 70 0 0 0 0 0 0 33 0 88 50 0 0 55 0 0 3 0 0 0 0 0 0 0 93 0 0 8 0 0 0 0 0 0 0 46 0 43 0 4 0 0 0 73 36 0 0 0 0 0 0 0 0 36 0 59 0 0 0 70 0 99 0 0 0 0 89 0 98 0 71 0 0 95 0 0 25 0 0 0 81 72 0 13 93 0 0 0 0 83 0 0
0 42 2 10 0 0 0 0 0 0 56 77 0 77 0 0 0 0 0 0 69 0 0 0 96 0 0 0 0 67 0 0 0 0 0 0 0 0 0 0 0 0 0 0 0 0 0 60 0 0 0 0 0 0 0 0 0 73 6 0 38 48 0 0 0 74 0 0 59 0 0 0 0 0 0 0 0 31 0 0 0 0 0 0 0 0 0 0 0 0 17 0 75 0 0 0 42 0 0 91
92 59 90 0 0 64 40 84 0 0 15 17 59 0 0 46 0 0 0 0 0 0 0 0 0 0 0 0 0 0 92 0 0 0 17 0 0 93 0 0 8 0 0 0 0 62 69 2 64 0 0 82 75 0 71 50 0 0 0 0 0 0 0 0 0 0 0 0 88 0 0 25 0 0 0 43 73 0 0 0 0 0 0 0 0 0 0 0 83 5 0 6 0 21 0 61 75 0 0 0
0 0 63 0 74 0 0 0 0 0 0 46 0 0 0 48 0 96 0 0 0 0 0 0 0 0 0 0 0 0 82 0 37 50 0 0 99 0 0 0 0 0 0 11 0 0 0 0 92 0 0 96 0 0 0 0 28 0 0 29 0 0 0 0 95 0 13 0 0 0 15 26 0 0 0 0 36 0 0 32 14 0 0 0 0 13 0 0 0 71 75 100 0 0 0 97 0 0 0 69
0 0 0 0 0 0 0 0 64 58 0 80 0 0 0 62 0 0 69 31 0 0 45 0 0 0 88 14 0 0 0 0 0 0 0 0 0 0 0 0 0 0 0 0 3 0 0 0 0 0 0 0 98 28 0 0 0 0 0 0 49 0 0 24 0 12 0 0 0 0 0 0 0 47 0 0 0 0 0 0 0 0 0 0 0 0 0 0 0 98 34 0 0 0 0 0 0 0 90 0
0 0 0 0 0 0 0 60 0 0 0 28 0 0 2 46 68 0 0 42 0 0 0 5 0 0 0 0 0 0 0 29 50 0 0 0 0 0 0 0 72 0 0 0 0 0 0 0 0 44 67 37 0 0 0 0 0 0 71 67 0 0 0 0 0 0 60 0 0 0 0 0 58 9 0 0 0 88 53 41 0 29 0 0 0 0 0 0 0 7 0 0 13 0 56 0 0 0 0 0
33 0 0 0 0 57 0 11 0 0 65 99 0 0 0 35 60 0 40 0 0 0 0 0 0 41 0 0 0 77 12 0 0 45 0 0 0 0 0 0 0 0 0 0 0 35 0 0 0 0 72 0 0 0 0 0 0 0 0 0 0 0 0 0 0 0 0 0 97 0 0 0 48 0 0 0 55 0 0 0 38 0 9 83 0 80 0 0 0 0 0 0 0 0 0 0 0 29 74 0
69 54 1 0 0 0 0 0 78 0 0 32 0 0 0 0 0 0 0 0 0 82 0 0 0 0 62 0 0 62 0 0 0 0 0 0 14 0 0 0 0 0 0 92 68 0 0 67 40 0 0 0 99 0 0 0 33 0 63 0 0 0 0 0 83 0 28 0 0 0 0 0 0 0 0 0 0 96 0 0 0 0 44 0 0 0 0 0 0 36 6 0 0 0 96 0 0 0 45 0
4 0 0 0 0 84 0 0 0 0 0 0 1 0 0 18 0 24 0 0 39 30 2 39 0 0 0 8 42 7 0 0 0 98 0 0 0 0 0 62 0 0 1 95 0 67 0 0 0 87 0 0 0 0 16 0 0 58 51 0 0 0 0 0 0 0 94 0 0 71 44 0 0 0 29 0 34 0 0 0 0 0 0 0 0 0 0 83 0 0 73 0 0 72 0 67 0 0 0 0
0 0 0 0 0 0 0 87 0 0 0 0 0 0 0 0 36 0 0 0 0 0 30 76 38 59 30 0 26 0 0 31 0 0 0 0 0 0 0 0 0 0 29 0 0 0 0 0 0 0 0 46 0 0 0 0 0 79 0 0 0 0 30 0 0 0 0 0 0 0 0 76 0 0 0 0 4 59 0 0 0 0 0 65 87 0 0 0 0 91 0 0 0 0 0 0 0 43 0 0
0 0 0 46 0 0 73 96 0 0 0 0 56 0 0 0 0 0 0 0 1 27 0 0 0 0 0 0 0 0 61 0 0 0 0 0 0 73 0 0 89 0 0 0 0 0 0 39 0 0 0 61 0 28 0 0 0 69 62 0 63 0 0 0 29 0 0 0 0 0 0 0 0 26 0 0 0 0 0 0 0 0 0 85 0 0 0 0 0 51 0 0 25 0 0 0 0 0 13 0
0 0 0 0 0 0 0 0 0 0 0 0 0 0 0 58 0 29 0 0 0 0 0 0 56 4 0 0 5 0 0 38 0 0 0 47 0 0 0 0 0 61 0 0 0 0 0 0 34 0 73 0 87 0 0 0 0 0 5 54 0 95 0 48 0 0 0 0 0 0 100 0 0 0 0 0 84 89 0 23 0 0 0 0 5 14 0 91 9 0 0 0 9 0 0 0 0 67 0 0
0 0 0 0 0 0 20 0 0 0 0 0 17 0 66 0 0 88 0 0 0 30 95 0 61 30 0 0 0 0 0 0 0 0 69 0 0 0 89 0 0 0 0 0 34 0 0 32 47 40 0 49 19 0 0 0 0 0 0 0 0 78 0 0 0 0 0 0 0 0 0 0 0 0 0 0 0 0 0 39 99 0 31 53 0 21 0 0 0 79 0 0 0 0 0 34 20 50 0 0
31 0 0 73 0 0 93 0 0 0 0 0 76 0 0 57 86 0 26 0 0 0 41 0 0 88 0 55 0 97 0 59 25 0 0 0 91 0 0 0 48 0 0 29 0 99 0 0 0 23 0 0 0 0 90 0 3 0 98 0 0 0 0 0 0 0 55 0 0 0 78 60 37 58 80 0 0 0 0 0 0 0 0 0 0 65 0 0 89 0 0 0 0 0 24 0 0 16 0 0
0 0 0 88 15 0 0 34 0 76 0 0 62 0 0 0 29 0 0 0 55 0 0 0 0 0 0 7 0 0 42 46 0 0 0 0 0 0 46 51 53 47 0 17 0 0 0 63 0 0 64 0 0 0 82 0 0 0 0 0 0 0 0 0 0 0 0 0 14 0 0 89 0 95 10 0 0 0 0 20 0 56 4 37 0 0 0 90 0 0 45 0 0 0 0 0 87 63 0 0
45 71 0 33 59 0 10 0 0 0 0 0 0 22 80 0 0 0 0 0 52 0 0 52 37 0 0 0 0 0 0 0 0 3 0 18 89 0 0 78 0 0 0 0 0 0 0 51 0 0 39 0 0 99 0 0 0 0 0 0 0 93 0 0 0 7 78 0 0 0 0 0 0 0 66 0 0 0 0 0 77 18 0 32 0 0 64 91 75 0 0 0 0 0 0 0 3 0 10 0
0 0 0 0 0 0 0 0 57 67 36 0 0 75 0 0 0 0 0 0 0 83 56 0 26 0 0 0 0 0 73 0 0 0 0 67 0 22 0 0 13 70 15 0 0 0 0 0 58 0 0 97 93 0 0 0 0 0 40 90 0 0 0 0 0 75 79 0 50 0 0 0 11 0 0 0 2 0 0 0 0 0 0 0 19 0 91 0 42 0 0 0 86 0 0 0 0 0 0 0
0 6 57 2 0 0 0 0 0 0 75 85 8 83 0 33 0 0 0 0 0 0 66 46 0 0 0 0 0 0 29 0 0 0 62 0 0 0 0 83 0 0 0 0 70 0 0 0 0 0 0 0 0 0 0 0 57 0 0 0 0 39 0 0 0 0 0 0 0 0 0 35 0 6 0 0 34 0 67 71 0 0 75 0 0 0 66 0 9 0 0 0 0 0 0 0 0 20 45 58
0 96 0 0 0 0 13 0 0 39 0 0 0 9 87 0 32 0 0 0 0 0 0 0 0 54 0 0 66 67 12 0 0 0 0 0 79 0 0 0 0 0 0 0 0 0 0 0 86 8 0 0 0 0 12 0 59 0 0 0 0 0 0 44 31 0 0 0 50 0 0 0 58 0 0 62 0 0 0 0 0 80 0 0 0 0 0 0 0 0 0 0 0 0 0 34 0 0 72 39
54 3 0 0 0 0 0 0 0 0 83 0 0 0 0 0 14 0 0 0 0 0 0 0 10 0 33 0 0 0 0 0 0 0 80 0 0 0 89 54 0 0 61 49 89 0 0 0 0 0 90 5 0 0 0 0 0 0 55 0 0 36 0 0 0 0 0 0 88 2 0 10 0 0 0 44 48 0 0 0 0 0 0 0 0 0 0 47 0 0 0 0 0 0 0 0 0 66 2 0
0 0 0 39 0 0 0 0 51 0 0 0 0 0 0 74 75 0 74 0 0 0 0 0 0 0 0 0 0 0 0 0 0 49 0 96 0 41 0 0 0 0 6 96 0 73 82 92 0 0 0 0 0 0 8 0 0 0 0 0 31 0 0 0 71 31 0 46 0 0 0 48 0 0 0 0 28 0 0 0 0 0 0 37 0 13 0 0 0 0 0 0 0 0 0 0 0 0 0 0
0 46 0 0 0 21 0 62 0 0 0 0 32 0 45 41 0 0 0 0 0 0 4 13 0 0 0 87 0 0 0 0 0 0 0 0 0 0 0 0 0 2 77 14 0 0 0 0 0 0 0 71 0 0 0 0 0 0 6 54 97 0 31 0 62 0 0 0 0 0 0 0 0 0 0 0 0 0 98 28 0 0 0 68 0 0 0 0 0 0 0 0 0 0 0 63 0 0 76 0
59 0 0 0 0 0 55 0 0 3 0 0 0 0 0 0 0 56 0 0 0 0 8 44 0 0 0 98 0 0 0 66 0 6 0 0 0 0 81 0 0 93 56 0 0 0 0 0 74 27 0 81 0 0 68 0 0 0 0 0 0 0 0 0 0 39 0 18 89 0 0 0 0 46 68 0 0 0 0 0 0 0 0 0 0 22 0 0 0 0 0 0 0 0 0 0 0 51 0 9
71 32 0 8 0 0 72 0 0 0 0 0 0 81 65 0 0 0 94 0 0 0 0 86 0 67 0 0 0 0 0 50 0 0 0 0 2 40 0 0 0 0 0 1 0 26 0 0 0 71 0 0 0 0 0 49 0 0 65 0 0 0 0 0 0 28 0 0 0 0 73 0 0 0 81 0 87 0 0 0 0 28 38 20 0 50 25 71 0 0 0 0 0 0 33 0 0 12 0 0
17 0 0 37 0 0 0 0 0 82 0 0 0 0 0 0 0 0 89 0 0 21 56 62 0 0 94 0 82 72 58 94 0 0 87 0 0 37 0 0 0 0 85 0 0 4 0 0 0 0 0 0 0 88 0 0 0 0 0 0 0 0 0 0 0 0 0 45 0 0 0 0 0 0 58 59 0 0 0 0 0 37 0 0 0 0 0 0 0 0 0 0 0 47 0 0 0 0 0 0
27 0 0 0 0 0 0 0 100 0 0 0 33 66 40 0 0 0 0 0 0 0 0 78 0 0 0 81 0 0 0 0 8 0 0 0 44 86 0 0 0 0 0 0 8 0 0 0 53 0 60 0 0 0 0 0 37 0 13 0 0 0 0 22 63 0 0 4 0 0 0 0 0 0 66 85 37 0 0 0 0 0 8 0 0 0 0 0 21 94 0 0 44 0 0 0 20 99 0 0
42 0 0 99 93 0 31 96 0 0 64 0 0 0 100 0 0 0 0 0 0 64 0 75 0 0 1 0 0 0 0 0 0 0 37 0 0 0 0 0 0 0 26 0 0 0 0 0 0 0 0 0 0 0 0 0 0 15 0 0 0 0 0 0 8 0 0 0 24 0 69 0 0 10 0 60 0 0 31 93 0 0 0 0 0 0 0 74 0 0 0 0 0 89 0 87 0 81 10 0
0 0 0 0 0 0 0 0 42 0 7 0 0 0 0 0 0 64 0 0 88 71 0 0 74 0 0 28 0 0 0 29 0 0 0 23 29 0 46 0 12 6 0 0 0 0 0 0 0 0 0 0 22 0 92 0 81 0 69 0 0 0 23 0 74 0 0 0 0 50 0 0 0 0 0 39 0 42 0 0 0 47 0 0 0 63 93 91 38 31 0 0 0 0 16 0 0 0 0 0
0 0 53 0 54 0 0 0 0 0 0 0 0 0 0 4 0 0 0 0 0 0 0 0 0 0 90 0 0 0 31 0 0 0 0 85 0 0 0 30 31 0 27 72 0 68 0 0 0 0 49 0 0 0 0 81 73 0 0 0 0 0 0 20 0 0 0 0 0 19 61 0 86 9 0 83 0 82 0 69 0 0 0 0 74 0 33 68 0 83 0 1 0 0 0 0 82 0 0 0
0 0 97 40 53 0 97 0 0 0 0 0 27 0 68 75 0 93 0 0 0 26 0 0 0 0 0 0 0 2 15 0 0 0 0 74 0 98 22 0 0 0 87 67 0 0 0 0 87 23 0 0 0 35 0 0 0 0 0 16 60 0 14 0 0 0 0 0 0 64 52 63 18 0 0 12 0 0 0 62 0 0 0 0 0 7 0 0 98 0 0 0 0 0 0 0 78 0 0 0
0 0 0 0 98 16 56 0 0 0 0 0 0 0 77 0 94 0 41 53 0 0 6 0 0 0 0 0 78 0 0 0 0 0 0 0 0 0 0 0 0 0 0 0 0 0 0 0 0 88 0 41 0 0 0 0 0 0 0 0 45 0 0 0 77 0 0 0 64 0 0 0 0 5 0 60 0 0 31 0 86 0 0 0 0 0 0 0 0 19 0 0 0 0 25 62 0 63 99 0
0 0 0 57 0 0 0 0 0 0 0 0 0 32 0 0 0 0 0 0 20 14 0 0 0 0 0 0 0 48 0 0 0 0 0 82 13 0 0 48 0 0 6 0 0 0 0 0 0 2 72 0 0 0 0 0 0 0 0 0 25 27 0 75 0 0 2 0 0 0 0 83 0 0 67 0 0 0 0 0 0 13 91 0 0 1 0 0 0 0 0 95 0 0 0 0 0 0 0 0
0 19 0 0 0 0 0 0 31 0 4 0 53 0 0 0 0 0 0 0 0 0 0 0 0 15 0 0 21 0 0 24 19 0 11 0 0 0 83 0 0 0 61 0 69 0 0 0 0 0 2 16 9 41 67 99 70 0 0 0 54 0 26 0 3 46 47 0 0 0 0 77 0 76 0 0 0 0 0 0 0 0 0 66 43 0 0 0 0 0 0 0 25 0 54 0 0 0 0 0
0 76 0 36 0 0 0 0 0 0 45 0 75 0 0 0 0 0 0 79 0 0 0 39 0 0 0 0 0 0 0 0 0 20 0 55 0 0 0 0 80 0 21 69 0 0 88 0 0 0 47 0 58 0 0 0 0 0 0 44 82 71 0 0 0 45 37 0 0 19 0 0 29 0 87 61 0 0 43 0 0 0 0 21 0 0 0 0 0 0 0 0 0 0 0 0 0 0 0 0
0 0 72 26 0 0 6 0 0 0 0 68 7 0 31 0 0 0 0 52 0 0 7 41 0 0 0 0 0 60 70 0 0 91 0 0 0 0 0 49 0 0 0 0 0 0 0 0 4 45 0 0 64 0 0 20 68 0 0 0 0 0 28 0 0 12 0 56 16 0 0 0 0 13 0 63 0 0 0 0 0 0 0 0 88 17 0 11 0 0 0 0 24 82 0 0 0 94 0 0
0 0 0 0 0 64 93 0 0 0 0 0 0 71 0 85 0 0 0 0 0 0 17 0 0 0 0 0 80 0 0 0 0 78 20 0 76 0 0 0 0 0 0 94 0 0 57 40 0 0 42 0 0 0 77 0 0 0 0 0 56 97 0 0 53 0 54 0 0 0 70 0 0 0 0 0 9 0 0 0 0 27 40 0 0 0 48 0 2 0 0 2 0 0 5 6 37 0 0 17
0 0 0 0 99 0 76 0 0 0 0 78 0 0 0 0 58 0 98 0 0 0 76 0 0 0 18 0 99 60 0 0 0 0 0 65 26 0 48 0 89 0 91 0 0 0 15 0 0 0 89 0 0 0 0 36 17 1 0 0 0 26 82 0 0 0 0 0 0 0 0 41 0 0 19 6 0 0 0 0 0 0 0 19 62 0 0 0 0 79 38 0 0 0 0 0 0 0 29 0
0 0 0 0 63 0 0 2 72 0 0 0 90 0 0 0 0 0 0 0 0 51 0 0 0 12 0 0 0 0 79 0 65 0 0 0 62 96 0 0 0 72 52 0 34 0 0 0 0 14 0 0 0 63 0 0 0 0 0 0 0 70 0 0 0 0 0 0 0 0 0 0 0 0 0 68 0 0 0 0 0 0 0 0 6 0 0 0 0 77 0 0 0 0 50 0 0 0 0 0
78 86 45 0 39 29 17 80 0 0 68 0 0 0 0 32 0 0 0 0 0 0 37 33 0 49 0 0 0 31 61 0 0 73 0 0 0 0 14 0 0 0 0 0 0 0 0 0 0 0 0 0 0 84 0 0 0 38 0 0 0 79 0 0 0 0 0 0 0 0 0 0 39 29 0 0 0 0 0 3 75 85 0 0 0 94 47 0 0 0 0 0 3 0 0 0 0 0 0 0
0 7 0 0 0 79 0 35 0 0 0 33 0 0 62 0 0 0 0 42 0 18 0 0 55 0 9 70 0 0 0 0 0 0 0 44 32 0 18 0 0 0 69 0 0 11 0 0 0 0 0 0 0 52 54 0 0 0 0 0 0 0 0 76 0 0 0 0 0 0 70 0 0 0 0 0 0 58 0 0 16 0 0 0 0 0 49 0 1 0 45 41 0 0 0 0 0 0 0 0
87 0 41 0 30 0 0 0 82 55 96 0 0 7 0 0 0 0 0 0 0 0 15 0 0 20 0 0 0 0 0 0 14 0 0 0 0 0 0 0 0 0 0 11 0 74 0 0 0 0 0 0 15 0 0 0 0 73 0 93 50 0 0 0 0 0 0 0 0 54 0 76 39 0 92 0 0 36 0 47 37 0 0 0 0 0 0 0 0 0 0 0 0 0 0 0 0 0 0 0
0 16 0 90 0 0 0 0 0 0 66 0 0 0 1 0 38 0 30 43 0 0 0 0 0 43 0 0 0 0 0 0 0 0 25 0 0 32 28 0 0 0 0 0 0 0 41 0 0 66 78 0 0 0 0 38 0 0 0 0 0 0 0 0 0 0 57 0 0 77 0 0 12 0 0 0 0 0 0 63 0 75 0 0 67 0 80 0 10 0 0 0 0 6 0 0 0 99 0 0
0 0 0 0 44 0 0 0 0 0 86 0 0 0 0 0 71 75 0 0 0 0 0 0 0 0 0 0 61 0 0 0 0 0 0 0 0 0 0 89 0 0 0 0 0 0 87 0 63 0 79 0 0 0 0 36 0 0 44 21 0 47 36 0 98 71 0 0 0 0 47 0 0 0 0 0 88 83 0 0 64 77 0 0 0 42 0 0 0 0 15 54 35 0 0 0 0 0 0 0
0 0 6 45 0 0 7 6 0 0 0 0 0 0 0 24 20 42 0 48 83 0 0 55 0 0 0 39 99 0 41 0 0 0 53 0 14 0 0 3 0 83 29 0 0 74 0 0 25 0 83 0 0 0 0 0 76 0 42 36 0 0 0 56 0 0 0 0 0 40 0 57 0 0 0 59 0 0 3 0 51 0 0 0 0 0 0 0 45 0 0 0 0 0 0 0 0 0 0 0
0 0 0 0 0 0 0 55 0 0 0 61 0 0 0 79 0 58 0 0 0 0 12 23 0 0 45 0 80 0 24 0 7 0 95 57 0 70 0 0 0 0 0 0 0 14 0 0 0 0 0 31 0 86 0 0 0 0 0 0 0 0 0 0 0 0 0 0 0 0 0 0 0 0 84 0 0 0 0 0 0 0 0 56 0 0 0 0 0 0 0 0 0 0 0 83 31 25 0 0