100
0 0 0 0 12 0 0 0 0 72 0 0 0 47 22 0 0 41 0 28 20 0 0 0 0 0 0 0 0 0 26 84 0 0 0 0 0 0 0 0 41 0 0 0 95 0 0 0 50 37 0 0 0 0 19 40 82 0 0 0 0 40 0 47 69 0 0 0 21 0 0 0 0 0 0 0 0 90 0 0 0 26 0 74 0 0 0 0 0 0 87 0 0 0 12 0 0 0 0 66
0 0 0 69 84 0 0 0 0 87 0 0 46 0 0 0 73 0 0 0 0 0 0 0 0 0 0 0 0 0 0 0 0 0 82 0 0 0 0 11 0 0 79 0 0 0 19 67 0 0 66 0 96 0 0 0 0 3 0 0 0 0 0 0 0 0 0 33 40 0 100 32 0 0 17 0 0 65 0 0 0 0 91 0 0 0 0 0 31 0 95 0 0 0 0 19 0 0 0 0
0 60 0 69 16 0 64 0 0 72 0 0 0 0 0 35 0 0 0 43 0 0 48 44 0 0 0 0 0 0 0 10 0 0 0 0 5 0 0 0 5 0 0 0 0 0 0 65 0 0 0 0 0 0 0 0 28 0 0 0 0 0 0 0 0 0 0 0 0 51 0 98 70 0 75 0 31 14 83 0 0 0 44 61 0 34 0 0 0 0 0 24 28 0 0 0 79 61 0 0
57 0 21 0 39 0 0 0 26 100 0 0 0 0 0 0 0 0 0 0 83 0 0 98 0 0 11 0 0 0 0 0 19 0 0 70 0 0 0 75 0 0 0 0 0 0 0 0 0 39 0 0 37 27 0 0 72 0 0 0 81 0 23 0 0 0 31 0 37 30 0 0 100 0 15 0 0 0 0 0 65 0 0 48 0 0 2 0 0 0 70 0 0 0 0 20 0 0 43 0
0 0 0 0 0 10 0 0 17 0 34 0 54 0 0 79 0 0 0 0 0 0 7 23 0 0 34 0 0 0 0 0 67 41 14 0 0 72 0 0 0 82 0 6 60 0 0 0 0 37 0 0 0 0 0 0 0 0 0 0 0 0 0 0 0 0 66 84 8 67 3 56 0 0 0 72 95 0 0 0 0 0 33 0 0 0 0 0 0 0 0 0 41 0 0 0 0 0 0 0
0 0 0 59 0 0 0 0 0 0 47 0 77 0 0 0 0 0 17 0 0 26 70 83 0 0 0 0 0 0 0 15 0 0 0 33 0 0 0 0 54 0 0 0 0 0 13 19 0 0 0 0 0 0 0 0 0 0 0 0 0 76 0 91 0 0 0 52 0 0 70 0 84 41 0 0 0 81 38 48 0 37 0 20 0 0 0 0 62 42 0 0 55 0 0 62 75 0 0 0
76 0 10 0 0 0 0 0 0 0 0 0 0 0 70 0 0 0 0 6 54 0 0 0 0 66 0 0 0 0 0 0 0 0 21 0 19 0 0 0 0 0 31 0 0 0 0 0 49 0 8 0 0 0 10 0 0 0 0 3 0 0 0 0 0 100 0 0 0 0 0 0 11 0 0 72 0 0 66 0 0 0 0 0 0 0 0 0 0 0 0 60 0 0 94 0 0 38 0 0
43 0 0 0 0 0 78 0 0 0 0 0 0 0 0 0 0 0 0 0 0 0 0 0 0 0 9 100 0 0 0 0 100 0 46 0 0 17 0 0 0 0 0 0 0 0 0 0 0 0 0 0 0 99 0 0 77 59 33 0 77 0 42 0 0 0 0 0 0 0 15 0 0 0 0 0 0 0 0 0 0 0 0 0 0 77 0 0 0 0 75 0 0 77 0 0 0 0 0 0
0 19 28 0 0 0 10 0 0 0 33 0 0 0 0 37 0 0 0 0 0 0 0 0 0 0 0 0 74 0 63 0 0 76 0 0 71 0 0 0 0 0 0 0 0 0 0 0 0 0 0 0 0 0 0 0 0 0 0 0 0 0 0 66 0 0 97 0 0 64 0 70 0 0 0 0 60 37 0 0 3 8 0 0 0 0 0 0 0 0 0 92 11 0 0 0 0 92 0 85
0 0 0 0 0 21 0 0 0 0 0 0 0 0 0 13 0 0 0 0 0 0 0 0 61 0 0 0 0 0 0 0 6 29 0 0 0 0 0 0 87 0 0 0 0 1 0 46 0 0 78 45 0 0 0 53 0 0 0 0 0 0 0 0 0 52 0 0 0 0 12 0 38 0 49 0 60 0 89 0 0 0 0 65 0 0 0 0 0 97 0 0 0 83 76 12 0 67 0 0
0 0 0 0 0 25 0 0 0 0 0 0 0 0 23 0 0 0 77 0 0 0 0 72 0 0 0 4 0 0 0 2 0 0 0 0 0 37 0 0 0 0 53 0 0 94 0 0 0 0 0 0 0 91 0 0 0 0 0 0 12 0 0 69 0 23 0 0 80 0 0 0 0 0 73 0 0 0 0 0 0 0 52 0 0 0 0 0 0 0 0 0 0 54 66 30 94 78 0 0
0 0 0 0 0 95 94 52 80 0 79 0 0 84 0 0 0 0 0 64 0 0 0 3 0 100 42 0 0 0 0 0 0 0 0 0 0 0 0 0 0 0 0 0 89 0 7 0 0 0 79 0 0 0 56 22 38 0 0 91 0 0 0 0 0 0 28 0 0 39 18 0 0 0 0 72 95 0 0 0 0 87 0 0 0 0 0 0 0 0 44 0 0 0 0 0 95 0 0 52
0 84 0 0 0 0 0 0 0 0 24 0 0 0 46 67 7 83 0 0 0 6 16 0 79 0 0 0 0 0 30 0 15 0 0 0 0 20 0 0 60 0 0 13 0 0 0 84 0 0 58 0 17 0 87 0 0 0 0 92 0 0 0 0 0 0 0 0 0 0 0 0 96 7 88 0 0 0 0 0 33 0 0 0 0 0 0 0 0 0 0 0 0 0 0 0 53 77 64 41
0 0 0 0 0 0 0 14 0 12 69 0 0 0 0 0 0 0 0 0 0 0 0 94 0 0 0 0 52 0 0 0 0 0 0 0 0 33 18 0 0 0 69 0 98 76 0 0 0 0 63 0 0 0 0 0 0 0 0 0 0 0 0 0 32 0 17 0 79 0 0 76 49 0 0 0 0 0 0 10 0 26 14 84 0 0 10 0 0 0 0 0 0 0 51 0 0 0 14 0
13 0 0 48 0 14 0 0 0 0 0 89 98 0 0 43 0 0 0 0 0 0 0 5 0 10 0 10 0 0 0 0 0 0 27 0 0 0 85 17 0 53 95 0 0 0 0 0 0 0 0 0 0 0 50 0 0 50 0 0 0 0 0 0 0 0 0 0 0 64 0 61 0 10 61 0 18 0 0 0 0 0 60 0 0 0 0 0 49 0 98 0 0 25 0 8 0 0 0 0
0 0 0 0 0 0 0 0 0 0 0 0 0 0 0 0 0 0 0 62 63 0 12 0 0 0 0 0 18 0 0 0 0 12 0 91 0 74 0 0 0 0 0 0 0 0 0 0 0 0 0 80 0 36 0 0 0 94 63 0 0 0 0 35 0 0 100 0 0 0 36 0 0 90 0 0 0 0 80 0 0 0 27 0 0 0 0 33 0 0 0 0 0 0 66 38 0 0 0 0
0 0 0 0 0 67 0 0 85 15 0 0 0 0 90 43 0 0 0 0 0 0 0 0 0 0 0 92 0 0 0 0 0 30 0 0 0 0 31 77 0 0 0 0 0 0 0 0 0 0 0 48 0 0 0 0 0 0 0 0 0 71 0 0 0 99 0 0 0 0 0 99 0 0 35 0 0 0 0 85 0 15 0 8 0 0 0 0 0 0 0 0 0 0 0 0 0 0 0 0
0 0 0 0 0 17 4 0 0 82 62 60 56 0 25 0 0 0 0 58 0 0 0 0 0 0 0 0 0 69 0 44 0 0 0 0 0 0 0 0 0 87 88 0 56 0 7 0 0 0 0 0 96 0 0 0 0 0 0 0 61 0 0 27 0 0 0 42 0 0 66 70 0 0 0 0 0 0 0 0 55 0 0 9 0 0 62 0 0 0 0 64 0 0 0 0 0 0 35 0
34 0 0 0 0 0 0 0 55 0 0 0 0 0 0 0 0 0 0 0 20 0 76 0 0 22 0 0 0 0 0 0 0 98 0 0 0 0 0 0 0 0 0 0 0 0 35 58 1 0 0 0 0 0 46 0 0 0 0 0 0 0 0 0 0 31 15 93 0 0 0 63 0 0 0 0 0 73 0 73 0 0 0 0 0 0 0 0 0 0 0 0 0 0 0 0 0 98 0 0
0 85 98 0 0 19 0 89 0 0 0 0 0 28 68 0 0 0 88 0 0 15 0 0 0 0 0 39 38 0 0 0 0 0 86 46 0 0 36 0 97 0 0 0 19 90 0 0 0 0 0 0 0 0 5 7 90 0 0 0 0 0 0 0 0 0 12 0 0 0 44 0 10 0 0 0 0 85 0 0 0 0 0 0 0 0 66 0 5 6 2 42 39 0 42 0 89 0 5 0
0 0 0 0 96 60 47 91 0 0 0 11 20 42 0 0 0 0 0 0 0 0 0 0 0 0 0 0 0 1 0 0 48 0 0 50 85 0 0 68 0 0 26 0 0 0 0 5 0 0 0 0 0 0 0 0 0 23 23 0 0 0 0 0 0 0 0 0 0 0 0 0 0 0 0 62 0 0 25 0 0 0 0 28 0 0 0 66 0 1 0 0 80 0 95 0 0 0 9 0
89 0 0 0 80 32 0 0 0 0 0 0 29 0 0 4 0 0 6 54 0 0 0 0 0 0 0 0 53 0 0 0 0 0 0 0 0 0 0 0 67 69 0 0 0 0 50 0 0 0 93 18 0 16 18 0 0 0 87 84 0 0 0 0 84 39 0 0 0 0 0 0 0 0 0 0 0 0 0 0 0 0 0 0 75 9 36 0 0 0 98 0 0 0 0 0 15 0 0 0
0 0 0 0 0 0 0 34 0 59 0 0 61 87 0 0 54 0 0 0 0 0 0 0 8 0 0 0 0 0 0 0 0 64 0 89 43 0 40 0 88 67 26 56 0 0 65 0 66 0 45 0 65 7 0 0 62 0 0 0 0 0 50 16 13 0 0 0 52 0 17 9 0 0 70 0 0 57 0 82 0 74 0 16 0 0 86 0 0 0 0 0 0 78 0 0 0 0 2 0
0 18 0 0 0 0 0 0 0 0 28 0 0 0 0 0 22 0 0 0 82 0 2 0 0 0 0 0 0 0 0 0 22 0 74 0 0 19 0 29 0 0 0 0 0 0 0 0 65 0 0 0 0 0 0 0 30 90 1 0 0 0 0 0 0 0 0 0 0 0 0 53 97 0 45 0 0 0 0 0 0 12 0 62 0 19 0 0 0 0 72 0 0 0 0 0 8 0 0 0
0 0 43 0 82 5 0 36 62 15 0 0 0 22 0 0 0 74 0 0 0 0 0 0 0 36 64 81 87 0 0 73 0 0 19 0 0 0 96 0 66 0 0 8 0 58 0 0 0 0 76 0 80 0 0 0 0 0 0 59 0 0 0 0 45 0 0 51 0 0 0 0 8 0 0 0 0 0 42 0 0 0 0 20 0 33 0 0 87 0 0 92 0 72 0 0 0 0 63 0
14 0 0 7 0 0 69 0 0 0 0 0 0 0 0 91 0 73 0 0 0 0 0 0 88 0 28 2 0 0 0 0 0 0 18 0 0 87 0 0 20 0 0 72 74 47 0 0 0 0 41 0 60 55 0 0 0 0 0 0 0 0 0 0 0 0 0 0 57 56 72 0 0 26 65 0 0 0 0 15 60 4 52 0 0 66 0 0 0 0 97 0 0 0 0 0 0 0 94 0
0 0 0 11 13 0 0 0 0 0 0 0 18 32 16 0 0 74 0 0 5 0 0 0 0 13 0 0 13 6 0 0 0 0 0 0 0 0 0 0 55 0 0 16 93 29 52 0 0 0 0 0 54 0 0 0 10 0 0 3 62 0 0 0 1 0 0 0 43 77 72 0 0 0 0 53 22 0 76 0 0 0 0 0 2 0 38 0 0 0 26 0 0 0 0 0 0 0 0 0
0 0 81 0 30 0 0 0 0 48 0 0 0 0 0 3 0 0 0 0 0 61 0 0 0 0 0 0 0 0 14 78 0 17 0 0 0 0 0 0 0 0 0 22 0 0 88 0 2 0 0 0 0 0 0 15 0 0 60 0 62 0 35 0 0 55 0 0 0 0 0 0 0 93 19 0 0 0 80 32 0 68 93 0 99 0 20 0 66 0 0 0 25 85 0 0 0 65 26 0
0 0 0 0 0 0 0 66 0 0 58 0 0 0 0 0 0 0 0 0 0 0 26 0 0 56 0 0 0 0 0 0 76 0 0 45 0 0 38 0 0 0 71 0 36 0 0 72 0 0 0 0 27 0 98 75 0 0 0 69 63 0 67 44 76 8 0 85 0 0 5 100 0 0 0 0 0 0 0 0 0 0 0 0 0 0 0 0 0 0 0 0 0 57 0 0 0 0 0 0
5 0 0 0 0 0 0 0 0 0 0 0 0 0 0 86 0 0 0 0 98 0 0 0 0 18 0 0 0 0 0 0 0 0 0 0 0 0 0 0 0 19 0 0 0 0 0 0 43 0 59 0 0 38 0 0 0 0 0 0 2 12 0 0 0 31 0 0 0 0 35 0 54 0 87 0 75 0 0 0 0 78 0 52 0 0 0 30 0 0 0 0 0 0 0 77 0 41 8 0
36 0 0 0 7 0 40 0 35 0 0 68 70 0 0 85 0 0 0 0 0 0 0 0 0 0 0 0 0 0 0 0 80 0 0 0 92 0 0 0 0 0 40 0 0 75 90 0 0 0 0 76 0 76 0 0 0 0 44 0 0 0 0 0 0 0 0 0 0 26 0 0 0 0 36 0 0 0 4 11 0 0 18 0 12 8 90 0 49 0 0 0 19 70 0 63 0 0 0 0
0 0 54 0 0 0 10 77 0 36 0 0 0 0 0 0 0 0 76 65 0 0 0 0 3 0 0 0 0 0 0 0 0 0 18 0 0 0 0 0 0 0 0 0 0 0 73 0 0 0 0 38 0 39 0 0 0 0 0 0 30 0 0 0 0 0 0 12 0 91 0 0 0 0 0 11 0 88 4 0 0 0 0 0 0 0 0 0 58 0 0 67 43 0 72 0 0 5 0 16
9 0 0 0 15 68 10 0 0 0 0 0 0 0 0 0 0 0 8 82 0 26 0 0 0 0 71 0 0 0 0 0 0 0 30 31 0 0 0 0 100 0 0 44 0 10 0 0 0 46 0 0 0 0 0 93 67 0 0 0 0 96 0 0 0 0 0 0 0 0 0 0 15 0 0 0 0 56 39 30 0 0 0 0 0 0 58 0 0 0 0 0 37 0 18 0 6 0 38 29
94 0 0 23 49 0 71 0 0 97 0 0 0 34 0 0 0 0 0 50 0 0 0 56 0 0 30 0 0 53 0 0 0 0 0 0 42 100 0 78 11 0 0 0 0 0 0 15 0 0 0 0 0 70 0 0 0 62 0 0 0 0 0 0 44 0 89 51 0 0 0 2 94 0 99 0 34 0 0 0 34 52 85 46 42 5 0 0 0 66 69 0 0 0 23 0 0 0 0 39
82 45 33 0 0 0 44 0 0 0 0 0 0 43 0 0 0 0 0 35 0 0 0 0 60 0 0 78 0 0 0 0 0 0 0 6 0 1 0 0 0 0 0 8 0 0 0 0 0 0 0 0 0 16 75 0 80 11 0 0 0 0 0 0 0 0 0 77 0 55 27 0 0 0 22 24 0 0 24 0 0 0 30 18 35 0 0 0 4 0 0 0 0 90 0 22 0 0 0 0
1 35 0 0 59 0 0 0 0 0 0 0 0 0 93 0 0 0 0 0 0 0 0 0 47 0 0 0 0 0 0 0 92 85 0 0 0 1 0 0 51 0 0 0 0 0 0 0 0 0 68 94 1 26 0 0 0 61 0 0 0 0 0 0 0 16 0 0 79 99 0 13 0 14 0 0 0 0 7 0 0 56 0 0 27 0 56 79 0 0 0 0 0 0 0 19 14 0 7 0
0 0 0 34 0 0 70 63 0 0 0 0 0 49 0 0 40 0 0 0 0 0 14 0 0 0 0 0 0 0 0 0 0 0 0 0 0 0 0 0 0 0 0 0 0 32 0 0 80 0 0 0 0 0 78 0 0 0 0 0 0 0 0 0 0 0 22 18 47 0 19 0 0 0 0 78 0 0 0 0 0 0 0 53 56 0 0 0 0 47 0 0 0 0 0 0 0 0 0 15
0 29 0 0 0 0 0 0 0 0 0 0 30 87 0 45 0 0 100 0 0 77 0 60 0 86 0 0 0 0 0 0 33 0 0 0 33 0 7 34 0 0 55 0 0 0 0 72 0 0 0 0 0 0 0 48 64 0 38 0 3 0 0 93 0 0 2 0 0 72 0 0 0 1 0 0 66 0 0 39 95 0 0 0 0 0 0 0 0 20 0 0 0 0 0 0 0 34 96 46
0 69 0 0 0 25 2 0 0 0 0 0 66 0 0 49 35 0 0 94 0 0 0 0 0 0 0 23 0 0 47 0 0 0 0 0 0 87 0 0 0 98 9 0 37 0 22 0 98 0 0 0 0 0 0 0 0 0 0 0 0 0 0 0 0 0 0 0 62 0 31 0 28 0 50 0 0 0 0 0 88 0 0 0 0 0 0 0 0 0 0 45 0 26 0 5 0 0 74 0
0 0 0 0 0 0 0 0 0 44 0 0 0 0 0 41 0 0 6 0 0 27 0 0 0 0 0 0 0 0 96 0 0 0 0 40 0 0 0 0 0 13 0 0 0 0 0 0 0 0 0 31 0 0 0 42 0 0 96 29 0 0 0 0 0 0 0 0 0 0 0 0 68 0 36 0 0 0 28 0 0 0 19 28 33 0 0 0 0 0 0 4 0 0 0 0 0 85 0 0
0 0 85 0 0 0 0 92 58 0 44 0 0 0 42 0 0 52 0 10 0 58 0 0 0 0 2 91 0 0 0 71 0 0 0 0 0 93 72 92 0 0 0 0 0 0 0 0 0 0 74 0 7 0 0 31 0 44 0 58 87 0 0 0 38 0 0 0 0 0 0 80 0 0 0 71 0 98 40 0 0 0 0 0 49 0 0 0 7 67 0 0 0 40 49 0 0 30 21 72
28 68 0 0 0 0 0 0 82 0 0 0 0 0 33 0 93 100 0 0 41 0 0 0 45 0 0 71 0 0 0 11 0 0 0 0 0 0 0 0 0 0 0 54 0 0 0 0 0 0 86 0 0 3 27 77 0 16 0 0 0 0 89 0 0 0 0 0 0 0 0 0 0 0 0 0 0 13 0 31 0 0 22 0 27 0 0 0 63 0 0 0 23 0 77 43 0 67 0 0
0 74 28 0 0 0 0 0 0 0 0 0 0 0 84 95 53 51 0 0 0 0 0 0 0 0 0 0 0 0 0 0 0 0 0 0 0 0 19 0 95 0 0 0 0 0 0 0 0 27 22 37 0 0 0 0 0 0 0 78 0 0 64 0 0 0 32 39 75 36 0 0 82 0 0 0 29 0 0 0 0 0 45 0 69 0 0 0 0 0 91 0 0 0 83 0 0 0 0 0
0 0 0 0 89 8 0 0 0 0 0 0 94 38 12 0 74 0 0 0 100 0 0 0 31 0 0 0 0 0 84 0 36 0 0 24 0 0 83 0 0 0 0 0 0 0 0 0 0 0 0 0 0 0 0 0 59 84 0 0 0 0 0 0 0 0 0 0 0 0 0 66 0 0 0 21 0 0 0 25 79 0 0 15 19 0 0 0 25 0 0 55 0 0 0 0 17 0 0 39
37 100 0 0 0 0 55 0 0 0 0 0 14 0 84 49 0 0 8 0 0 0 83 0 0 0 0 39 0 31 65 2 0 0 85 0 89 0 0 27 0 0 0 34 0 0 0 0 0 0 0 0 0 0 0 0 0 0 0 0 0 0 0 0 0 0 0 0 0 0 0 12 50 35 0 46 0 26 0 0 85 0 0 0 0 0 0 22 0 0 0 0 0 42 76 0 0 39 0 0
0 0 75 0 0 33 0 0 0 0 0 32 0 0 0 0 31 0 74 0 0 0 46 36 0 0 28 1 0 1 0 21 0 0 0 58 89 0 0 0 0 0 0 0 0 0 0 2 10 0 11 0 74 0 0 0 0 0 36 30 0 8 0 0 0 0 0 0 20 0 12 99 0 27 0 0 32 0 0 0 0 0 0 0 49 0 17 0 0 0 0 0 0 0 0 0 0 0 0 0
0 0 0 0 0 0 0 0 37 4 0 0 0 0 0 0 0 0 0 0 0 55 0 37 11 0 0 0 0 0 0 0 0 0 0 0 39 0 0 0 0 70 0 0 0 74 0 0 0 0 0 0 5 0 0 84 0 14 0 0 0 0 0 0 0 0 0 37 0 51 55 0 0 0 0 95 0 0 0 0 0 0 0 48 0 0 0 0 0 0 40 0 0 26 0 0 38 0 81 0
100 0 0 0 0 0 0 0 0 10 0 0 0 70 0 41 0 0 0 33 0 0 0 0 0 0 0 13 0 0 66 0 0 0 0 14 0 69 0 0 0 0 53 0 23 0 0 0 14 42 0 0 0 0 0 0 55 0 0 50 0 0 49 0 0 20 0 22 0 0 43 43 0 98 0 92 26 0 0 7 0 0 0 0 0 0 0 0 0 0 0 0 39 0 93 0 0 0 0 0
82 0 0 0 0 0 0 0 100 0 0 0 0 0 0 19 0 0 0 0 6 0 0 0 47 0 0 59 0 79 0 0 0 12 0 0 0 0 34 0 0 86 0 0 60 0 16 0 0 0 38 0 0 0 0 0 0 0 0 0 0 0 0 0 0 0 0 21 85 0 58 0 0 0 0 0 51 0 40 83 91 0 0 0 0 0 0 0 0 0 0 0 0 0 0 0 0 44 75 36
0 0 0 0 0 63 0 6 0 0 0 0 46 0 0 34 0 0 0 0 64 16 0 0 0 0 0 0 29 0 0 50 0 0 0 0 0 0 0 0 8 40 0 0 43 20 0 0 45 0 0 0 0 0 37 0 0 55 0 0 0 0 0 74 82 79 0 0 0 0 16 0 0 54 0 0 0 32 0 69 88 0 0 0 17 0 0 48 45 0 48 0 0 0 0 0 0 0 79 91
0 0 22 50 47 0 0 24 0 0 68 0 0 0 79 0 0 0 0 0 0 0 0 18 0 0 0 0 0 0 0 0 58 0 0 0 87 0 0 0 0 0 67 0 0 0 0 0 0 32 0 0 0 0 0 0 0 0 0 0 5 0 0 0 0 31 0 0 0 35 0 0 0 0 0 0 0 11 0 3 0 0 0 0 85 0 0 46 33 0 38 0 91 0 0 0 0 0 0 0
15 0 100 0 69 6 95 0 0 0 0 0 67 0 28 0 0 0 0 0 0 24 0 0 0 0 72 0 36 0 0 76 0 0 0 0 82 0 0 0 0 19 0 50 0 0 0 0 0 83 88 0 0 0 82 0 0 0 0 0 0 0 0 1 0 89 0 0 0 6 0 0 80 55 0 0 0 0 87 10 0 0 0 0 0 26 0 0 0 0 0 0 0 0 0 33 0 0 0 34
0 0 43 0 0 0 0 0 0 65 0 0 13 0 0 0 0 0 64 11 78 0 0 0 0 0 24 79 0 25 0 0 0 94 0 97 0 98 0 0 0 0 0 0 0 0 14 0 0 0 0 0 0 0 43 0 0 0 89 68 78 61 0 0 0 0 3 0 0 0 0 0 0 0 0 0 0 0 0 0 19 0 31 53 0 96 0 0 31 0 0 0 3 0 0 0 85 0 0 0
0 0 0 69 0 0 0 0 0 0 36 0 0 58 6 0 0 0 0 0 0 0 0 0 0 0 0 0 0 59 75 75 0 78 0 0 0 85 0 0 0 0 0 0 0 0 0 0 0 0 0 5 0 0 0 0 32 0 0 0 0 0 0 21 38 0 0 0 33 0 49 0 0 0 74 0 83 0 0 0 0 24 10 0 0 58 0 0 0 0 0 79 0 7 0 0 0 46 0 0
0 0 0 23 0 30 0 0 89 0 0 0 0 0 0 73 8 0 11 96 0 0 0 0 0 0 0 0 0 0 0 0 0 0 0 0 80 0 0 0 36 0 0 0 0 45 0 0 0 0 0 87 0 0 0 0 0 0 0 0 0 87 0 0 0 0 11 0 0 0 29 0 8 0 78 0 0 0 84 0 0 0 27 0 0 0 41 0 28 0 0 99 0 0 28 0 0 0 26 0
0 0 0 0 0 0 0 0 0 0 0 0 0 0 0 0 0 0 31 0 39 42 0 0 0 55 0 0 0 0 0 0 0 0 100 0 54 60 0 47 0 0 1 0 0 0 36 10 0 0 92 44 0 25 0 0 61 0 0 0 0 26 0 0 58 0 18 45 0 0 32 0 0 0 0 0 0 0 0 0 0 0 0 0 0 96 0 0 0 32 0 0 0 0 0 0 45 94 0 2
0 0 0 55 0 4 41 6 100 0 0 0 0 0 0 0 68 8 44 19 4 0 0 0 0 0 0 0 0 60 0 24 0 0 48 0 0 87 0 0 0 0 42 0 0 62 0 98 0 0 0 0 0 50 0 17 0 0 46 0 0 71 0 73 0 0 0 0 0 0 0 0 0 0 72 0 52 0 0 0 0 0 0 44 0 0 0 33 0 0 0 0 0 0 71 0 0 0 0 0
0 22 0 2 0 0 0 92 0 0 0 0 0 0 0 0 50 0 0 38 67 0 0 0 48 0 0 0 0 0 0 18 0 0 0 100 0 96 0 0 0 0 0 17 0 0 0 0 0 2 0 0 91 0 0 0 0 0 0 6 0 57 0 31 0 0 0 0 26 17 0 0 0 97 0 0 0 0 0 0 76 0 0 8 0 0 24 98 0 11 0 0 0 0 52 0 0 0 0 0
0 0 0 0 0 50 0 0 47 0 0 0 0 0 0 68 0 0 0 0 29 0 0 0 0 75 0 0 0 0 0 0 0 0 74 43 63 0 0 20 0 0 0 0 13 6 1 0 0 0 0 35 0 0 0 0 0 0 0 0 0 0 0 70 0 38 0 0 0 0 0 0 0 0 94 0 0 0 0 0 0 0 0 0 0 0 0 13 0 0 15 30 0 0 29 0 0 11 0 0
0 0 0 0 0 65 0 0 38 0 0 0 0 43 37 0 0 54 0 0 0 0 0 26 0 0 49 0 86 0 0 3 0 71 3 0 0 0 63 0 83 0 0 0 0 0 0 51 0 0 0 0 0 0 0 0 72 0 0 0 0 0 0 86 0 0 0 0 0 0 0 0 0 17 0 85 0 0 0 0 0 0 0 20 0 0 0 0 0 17 0 0 0 89 0 65 0 0 0 50
0 12 0 24 0 0 71 0 81 70 0 37 89 9 0 0 0 64 0 0 23 0 0 0 0 0 0 0 0 0 0 0 0 0 0 0 0 86 0 0 0 0 84 0 0 85 0 0 95 0 0 0 0 88 0 77 0 0 0 0 0 0 0 0 53 0 58 0 7 0 12 0 0 2 0 91 46 0 0 37 0 0 0 0 0 58 0 0 0 0 0 0 0 0 0 0 0 0 0 55
0 94 0 0 0 0 0 0 0 0 0 0 0 0 62 0 0 0 0 0 5 4 0 0 0 0 0 0 0 55 64 0 14 5 0 0 0 0 0 0 0 0 0 0 0 0 0 69 0 29 0 0 38 0 0 34 0 0 0 0 0 0 0 28 0 0 0 0 0 68 40 0 97 0 0 0 70 86 0 65 0 0 0 0 0 80 32 41 61 0 13 0 0 0 0 0 0 0 0 0
0 87 6 96 0 0 0 63 0 0 0 13 67 83 0 0 0 41 0 44 94 0 0 0 50 0 0 0 99 0 0 35 21 0 0 0 0 0 0 0 0 0 0 82 0 32 0 0 2 7 25 0 64 67 0 0 0 18 0 36 24 10 0 0 84 0 0 0 0 1 0 0 0 0 94 42 0 82 0 2 0 82 0 0 89 0 0 77 94 0 0 0 79 0 0 90 66 0 0 0
0 0 28 0 0 0 0 0 0 0 0 87 0 0 0 0 13 0 0 0 0 0 37 3 0 0 97 76 0 43 0 0 0 0 0 0 0 0 0 0 0 0 50 0 0 1 0 0 0 0 52 0 43 56 0 0 0 76 0 0 0 0 26 0 0 0 0 0 0 0 0 0 0 0 30 0 0 40 0 51 0 0 0 0 2 0 0 0 0 0 0 0 0 0 0 0 0 63 80 0
0 59 0 0 0 0 0 0 52 0 0 80 0 2 0 0 0 0 0 0 0 0 0 0 0 0 30 0 0 78 0 0 0 0 0 0 0 0 55 0 0 0 0 27 13 16 49 0 0 0 0 32 0 99 33 0 0 0 0 95 78 79 0 0 0 0 0 5 0 0 40 0 93 0 0 0 0 72 0 0 0 73 0 0 0 7 0 0 0 0 0 0 0 0 0 0 95 0 77 0
5 0 0 79 49 0 0 0 0 0 0 80 0 0 0 0 0 0 0 0 0 0 57 0 68 0 0 0 79 2 0 98 24 58 0 0 0 0 0 0 62 0 0 0 0 0 0 0 2 0 22 0 0 0 0 0 61 0 45 0 0 0 48 0 0 0 0 92 0 0 0 0 0 71 0 6 0 0 0 0 0 0 0 0 66 0 0 63 0 59 0 0 0 0 0 92 0 0 0 0
67 0 0 0 0 0 89 0 82 0 0 0 0 0 0 0 0 0 75 61 0 0 89 0 33 41 0 0 0 0 64 0 0 12 0 19 3 0 0 0 0 0 0 0 0 0 93 65 73 0 0 0 20 0 0 0 0 0 0 0 0 0 94 0 0 100 0 0 0 0 68 0 0 40 26 0 0 39 0 0 0 63 0 0 0 0 0 53 0 0 0 39 3 18 0 0 79 0 0 0
0 0 0 0 55 0 0 0 0 0 0 0 0 0 56 0 0 0 0 0 0 95 0 39 0 11 0 0 0 0 0 0 16 0 0 0 0 0 0 0 0 79 0 35 94 0 0 0 31 0 0 0 0 0 0 0 0 0 0 17 92 0 0 0 0 0 0 0 26 0 0 0 0 0 0 63 0 0 0 0 0 0 0 0 0 80 0 0 9 0 45 54 0 0 0 84 0 0 0 0
0 27 0 0 0 68 0 0 0 19 0 64 2 26 0 0 0 0 0 0 0 0 0 0 0 0 56 0 20 0 9 0 10 4 0 16 0 0 0 35 0 0 83 62 0 0 0 0 83 0 0 0 0 0 0 0 0 0 0 0 99 0 0 0 0 0 0 0 0 0 68 0 0 0 0 0 0 0 0 26 0 0 0 38 0 0 0 0 0 0 0 0 6 11 0 61 0 0 0 0
0 56 0 0 0 0 0 0 0 0 0 0 86 0 0 0 0 0 0 0 18 77 0 0 0 0 0 0 0 0 0 38 0 0 0 0 0 0 71 0 35 0 0 39 0 0 0 0 0 0 0 0 0 0 0 0 0 0 0 0 0 0 69 0 0 0 0 0 0 0 35 86 0 0 0 0 0 0 0 24 0 75 6 0 0 0 0 0 54 0 0 0 0 72 0 0 0 0 73 0
0 61 0 0 12 0 0 0 60 86 34 0 27 0 6 47 0 0 34 91 0 43 0 0 0 29 63 78 0 0 0 41 0 0 0 0 51 0 47 63 0 0 0 0 0 0 91 24 14 62 0 0 29 75 0 0 12 0 0 0 15 18 3 0 0 0 0 0 0 0 0 0 0 25 0 0 0 0 63 0 87 0 0 43 0 0 0 0 0 81 0 0 0 0 0 63 0 0 0 0
59 0 0 0 0 0 0 0 0 0 18 49 0 0 0 0 0 0 0 0 0 0 0 68 0 0 0 0 0 0 35 62 18 14 0 0 0 0 0 0 0 0 0 0 0 0 0 0 0 0 0 0 0 0 0 0 0 0 0 0 0 0 0 0 0 54 0 0 0 34 0 0 0 0 0 0 0 0 0 0 0 0 46 13 75 0 0 0 0 0 0 94 58 0 0 0 22 0 0 45
17 0 0 0 0 0 0 0 0 55 0 0 0 0 0 80 0 0 0 0 0 0 0 0 0 0 0 0 0 0 0 0 0 0 61 0 0 0 7 0 0 0 0 98 4 0 0 0 0 0 39 0 0 0 0 15 0 12 0 0 45 0 18 0 0 0 0 0 0 98 0 0 0 0 0 0 0 0 0 0 84 23 0 0 0 0 84 22 0 83 0 0 0 71 0 0 0 0 59 0
0 0 0 0 40 55 47 11 0 0 0 78 38 96 0 0 0 0 0 0 0 0 0 57 0 0 37 95 0 18 3 0 0 0 0 67 0 0 0 0 0 0 0 0 94 0 66 0 47 0 0 0 58 0 40 0 0 95 28 0 0 0 0 0 79 0 0 0 0 18 0 0 0 0 55 90 0 0 24 28 0 0 0 0 0 59 52 10 78 0 0 0 0 0 0 0 0 0 0 72
0 23 0 0 83 0 0 88 0 0 0 0 0 0 0 0 0 0 0 0 0 81 0 0 0 70 0 0 0 0 0 86 0 0 26 0 0 0 0 0 59 0 0 0 0 0 0 0 75 0 0 62 0 0 0 0 0 0 0 0 0 0 88 0 9 0 57 0 56 0 0 0 0 65 0 0 0 0 0 0 0 0 0 0 0 49 45 0 85 0 0 0 0 0 0 0 0 0 0 0
0 98 0 47 0 0 0 52 79 0 0 94 0 0 27 0 0 0 36 0 0 25 0 0 0 0 0 0 0 0 0 0 0 4 0 0 72 76 0 18 0 0 77 30 99 32 0 42 0 62 10 0 0 0 0 41 0 0 0 25 0 0 0 24 0 0 0 0 0 0 0 0 70 0 0 0 0 0 0 0 48 0 76 93 0 5 0 0 38 0 0 0 0 0 0 8 0 0 0 0
0 0 22 2 0 0 68 0 9 24 85 0 0 28 0 0 0 0 0 0 0 0 0 27 72 0 0 0 0 29 0 49 0 0 0 0 14 0 0 0 0 0 85 56 0 0 0 28 50 0 0 0 0 0 0 48 0 0 0 0 0 0 0 0 0 0 0 0 0 0 44 0 0 0 0 0 0 91 0 0 0 18 0 0 41 0 16 0 0 0 0 0 0 52 12 0 0 53 0 0
0 0 0 91 0 0 0 0 1 31 99 0 0 0 0 0 4 0 0 0 0 0 0 0 72 0 0 0 48 0 0 0 0 46 0 36 0 77 0 0 0 65 0 34 0 61 0 0 0 0 0 98 0 0 0 0 0 0 0 0 0 0 0 0 78 0 0 0 76 73 0 0 0 0 63 0 0 0 87 99 0 0 0 0 33 0 0 35 0 0 0 0 23 84 0 0 0 97 0 0
0 0 0 0 0 0 0 37 0 0 0 0 51 0 0 0 0 0 64 0 0 0 0 0 82 85 0 0 0 0 0 0 0 62 0 0 23 80 0 0 0 0 0 95 0 0 0 11 0 0 0 0 0 0 0 80 10 0 0 0 0 0 5 0 15 0 0 0 0 0 0 80 0 0 0 0 0 0 0 0 0 0 0 0 0 0 0 1 0 0 32 71 0 0 0 41 5 0 0 0
0 0 0 71 0 20 0 0 0 0 0 0 64 0 57 0 0 0 0 0 0 80 65 29 91 0 52 0 66 0 0 0 0 13 0 54 0 0 0 0 32 23 31 0 29 0 64 0 49 0 0 57 0 98 0 0 0 0 67 0 0 0 47 33 0 0 0 0 0 0 0 0 0 0 8 0 0 0 0 0 0 0 28 0 0 0 69 37 0 0 0 0 0 0 0 47 0 0 0 0
29 0 0 0 96 0 19 0 0 0 0 0 87 0 0 0 28 0 65 77 48 0 8 0 12 0 0 0 0 0 0 70 40 0 0 71 0 74 0 0 45 0 0 0 96 15 0 0 0 41 0 75 0 0 0 18 0 0 0 41 0 0 90 22 60 6 0 78 0 0 0 0 0 0 0 49 0 69 0 0 0 4 81 0 0 51 45 0 22 68 0 0 0 20 0 0 0 42 0 3
0 0 0 0 0 96 0 0 0 0 0 0 0 0 0 0 8 0 0 0 0 0 0 0 87 0 0 0 75 0 17 0 0 0 57 91 0 44 0 0 0 57 0 77 0 74 0 0 0 0 30 0 0 0 0 0 0 0 0 0 0 79 79 0 0 0 0 71 14 30 0 0 74 0 40 0 0 0 0 0 66 0 28 0 0 16 0 99 0 0 0 0 0 0 81 0 0 0 0 0
5 0 0 20 0 0 61 46 0 83 91 0 0 0 0 0 0 0 0 24 70 0 0 0 16 0 0 42 0 0 0 0 0 49 0 0 0 46 0 0 42 0 0 40 0 0 0 63 58 0 37 0 0 0 0 0 40 0 0 0 36 0 0 0 0 36 100 73 0 30 18 0 0 0 85 27 0 0 0 0 0 0 0 71 0 0 0 0 0 0 0 0 0 0 50 0 0 64 0 0
0 0 59 0 0 0 49 0 33 0 0 0 0 0 0 0 0 0 0 0 0 0 0 15 73 41 0 0 0 0 66 38 0 0 0 0 0 0 0 0 57 0 0 84 70 97 0 0 0 82 0 0 0 0 0 0 31 0 94 0 0 0 26 72 0 0 0 22 0 0 0 65 0 0 29 0 0 23 0 60 0 0 0 0 0 16 0 0 0 21 0 0 4 0 0 0 0 0 51 0
0 0 0 0 0 0 0 0 0 0 0 70 0 0 0 0 0 0 0 71 0 0 0 0 0 0 0 0 0 0 55 4 0 0 0 0 0 0 0 66 0 0 0 0 0 0 55 0 82 59 0 40 0 0 9 0 0 0 7 0 89 0 83 0 63 84 0 0 0 0 0 0 0 0 0 0 0 0 23 13 0 0 0 87 0 0 0 93 0 0 0 0 0 0 0 0 48 0 0 0
0 0 0 0 32 0 93 0 0 0 0 0 0 0 0 15 3 17 0 68 0 9 0 0 0 0 0 0 0 0 45 0 0 24 0 0 0 0 0 0 71 0 67 0 0 0 1 0 94 0 0 0 0 0 0 0 82 0 0 21 0 0 0 0 0 0 0 0 0 9 0 0 47 0 0 0 0 0 0 84 0 76 0 18 0 0 87 0 15 0 95 0 0 0 0 0 14 0 0 0
0 0 41 51 0 0 32 0 0 0 0 0 0 0 0 0 0 31 71 0 0 0 0 0 0 0 2 0 13 0 0 0 0 0 0 0 0 0 0 0 0 0 0 0 0 0 43 0 0 99 69 0 0 0 0 0 0 0 97 0 0 0 0 0 0 93 44 0 0 13 0 0 0 7 0 0 44 0 0 0 66 0 0 0 0 31 0 0 0 0 46 0 0 0 100 0 0 0 8 0
0 38 0 0 0 80 0 0 0 80 0 0 0 0 0 47 0 0 0 0 0 0 0 0 0 0 0 0 0 0 0 59 0 1 60 0 0 0 0 27 0 0 84 0 0 95 22 66 0 0 0 0 0 0 37 0 0 0 0 0 0 34 0 70 0 0 0 0 27 0 66 35 60 0 4 0 0 17 0 0 88 31 0 0 40 0 0 0 0 28 0 0 0 0 58 0 0 0 27 0
37 0 93 0 0 0 71 0 0 16 21 0 0 0 0 0 0 0 0 0 0 0 0 0 0 0 0 0 0 0 0 0 0 0 45 0 19 0 0 0 0 0 90 43 0 0 0 57 0 0 33 52 0 0 88 0 0 0 0 21 0 0 0 91 37 59 0 76 0 0 0 0 0 40 0 0 0 0 58 0 0 0 0 0 91 41 0 0 0 0 0 0 41 0 16 0 0 0 59 55
0 0 0 79 0 0 37 0 0 0 71 0 0 0 46 26 0 0 0 0 0 46 0 0 0 0 0 2 90 0 17 0 0 0 0 0 0 0 0 0 0 28 0 0 0 0 0 0 0 0 0 0 0 0 0 0 0 0 0 0 0 0 0 0 28 0 0 0 65 0 0 0 0 76 0 0 63 0 0 0 0 0 0 0 0 0 0 24 0 0 29 0 0 0 0 0 0 58 0 0
8 0 0 0 0 0 20 0 0 0 0 0 0 0 0 68 0 0 0 0 62 0 0 55 0 43 0 0 0 0 16 7 94 81 0 0 72 0 0 0 0 0 0 0 0 22 0 0 8 64 35 0 0 0 0 0 0 0 0 0 0 0 0 0 0 0 0 0 0 0 0 0 0 0 0 69 0 0 0 0 48 0 0 62 0 0 0 86 81 0 0 0 0 0 0 0 0 34 0 0
0 0 0 0 0 28 0 75 0 36 92 0 0 0 0 82 64 3 0 0 0 0 0 0 0 0 0 0 0 0 0 0 0 0 0 0 0 97 0 100 0 0 0 62 0 61 42 0 0 10 0 0 100 0 8 0 0 0 0 0 0 0 0 100 0 77 0 66 0 0 0 0 0 0 0 0 0 0 0 0 0 0 85 0 0 0 0 0 0 0 0 0 0 0 0 81 0 47 10 0
0 71 31 0 24 0 0 0 0 93 0 0 0 83 0 0 0 0 0 0 0 9 66 0 0 0 0 0 0 0 0 49 0 0 0 0 0 0 0 0 0 0 0 0 71 0 0 96 0 6 0 0 0 73 87 0 0 0 68 75 0 0 0 0 83 63 0 0 0 0 0 70 0 0 0 63 0 0 0 0 0 0 0 0 87 0 0 0 0 0 0 0 0 0 0 0 18 0 0 0
0 95 0 0 35 65 0 0 0 0 44 0 0 0 61 0 70 0 0 0 65 0 0 0 0 0 0 0 0 0 80 0 0 97 0 0 9 53 88 0 26 0 23 0 0 0 55 0 65 0 0 0 75 0 77 0 0 0 0 0 58 0 0 0 0 0 0 0 58 0 0 98 0 99 0 0 0 0 83 0 0 0 0 68 0 0 0 0 0 0 0 30 0 0 0 0 0 0 98 77
0 0 0 0 0 0 0 0 34 0 18 0 0 31 0 38 0 50 0 0 0 0 0 0 0 0 62 0 0 0 0 0 0 44 0 0 0 0 73 34 0 0 0 0 0 0 0 0 0 0 96 48 50 0 23 0 0 0 0 0 0 0 0 1 26 0 0 0 8 0 0 38 2 53 0 0 0 0 0 0 3 0 88 0 74 0 0 0 0 0 0 0 0 0 0 0 0 0 0 0
0 0 0 0 0 18 0 0 0 40 0 0 0 8 0 9 0 49 0 0 0 0 0 0 0 0 0 0 50 64 13 18 41 78 0 0 0 0 0 3 0 0 0 0 0 0 0 0 0 0 0 76 0 0 0 0 0 0 88 0 74 49 0 0 0 0 0 63 0 0 0 0 0 31 0 94 0 9 0 82 0 0 0 0 62 46 0 62 51 0 0 0 45 0 0 0 0 0 0 83
0 0 7 0 97 69 0 0 0 0 50 0 0 0 6 0 0 0 0 0 46 16 0 0 0 0 0 0 0 52 61 0 0 0 0 0 45 0 0 0 0 0 0 0 0 0 64 0 0 0 82 63 0 0 37 59 0 0 0 90 0 0 79 16 0 0 82 0 0 0 0 49 0 0 41 0 0 0 0 0 0 0 0 0 0 0 0 0 0 0 0 13 0 0 0 24 0 0 0 57
0 0 0 0 0 0 0 3 0 0 90 0 0 0 0 0 55 0 0 0 65 0 51 0 0 0 0 19 0 0 0 0 99 4 7 0 0 41 0 0 0 0 0 32 0 62 0 0 0 0 100 0 19 61 52 0 37 0 0 0 0 40 0 0 0 0 0 0 58 0 0 0 0 79 0 0 0 72 0 0 0 0 0 0 0 84 73 0 0 100 86 61 0 0 0 0 0 0 0 0
0 0 0 75 0 0 0 0 0 0 77 0 0 0 0 0 80 0 0 30 0 0 43 0 0 0 0 47 6 15 0 90 0 0 0 0 0 0 0 0 0 0 0 0 0 0 0 0 0 0 36 0 0 48 0 0 47 0 74 0 0 0 0 0 34 0 0 0 0 37 0 0 0 0 0 0 55 0 0 0 0 0 0 24 66 0 0 0 0 0 33 0 0 28 0 0 0 0 0 6
0 0 0 0 0 0 53 0 88 0 0 0 0 0 38 0 15 0 0 0 60 0 47 0 0 0 0 0 70 0 30 84 52 0 0 52 0 0 68 0 0 0 0 0 50 0 44 25 0 0 50 0 0 0 95 0 0 0 0 0 0 69 0 71 55 0 23 0 0 0 0 0 79 21 0 0 0 0 0 0 79 89 0 0 0 0 0 0 0 46 79 0 33 0 0 0 37 0 0 0
0 0 0 0 83 0 0 0 0 68 0 0 0 52 63 0 0 23 0 14 50 0 0 0 0 0 0 0 0 0 66 89 0 0 0 0 0 0 0 0 56 0 0 0 8 0 0 0 52 86 0 0 0 0 95 55 30 0 0 0 0 100 0 58 17 0 0 0 51 0 0 0 0 0 0 0 0 46 0 0 0 57 0 23 0 0 0 0 0 0 89 0 0 0 45 0 0 0 0 55
0 0 0 76 36 0 0 0 0 56 0 0 92 0 0 0 54 0 0 0 0 0 0 0 0 0 0 0 0 0 0 0 0 0 90 0 0 0 0 40 0 0 62 0 0 0 68 73 0 0 26 0 83 0 0 0 0 47 0 0 0 0 0 0 0 0 0 90 3 0 47 96 0 0 6 0 0 74 0 0 0 0 97 0 0 0 0 0 9 0 58 0 0 0 0 61 0 0 0 0
0 23 0 67 89 0 24 0 0 1 0 0 0 0 0 32 0 0 0 22 0 0 26 35 0 0 0 0 0 0 0 93 0 0 0 0 40 0 0 0 24 0 0 0 0 0 0 61 0 0 0 0 0 0 0 0 78 0 0 0 0 0 0 0 0 0 0 0 0 7 0 90 98 0 62 0 52 2 41 0 0 0 16 22 0 21 0 0 0 0 0 2 86 0 0 0 65 81 0 0
51 0 22 0 17 0 0 0 64 66 0 0 0 0 0 0 0 0 0 0 94 0 0 65 0 0 3 0 0 0 0 0 28 0 0 66 0 0 0 29 0 0 0 0 0 0 0 0 0 82 0 0 44 33 0 0 64 0 0 0 31 0 40 0 0 0 54 0 8 66 0 0 12 0 87 0 0 0 0 0 88 0 0 52 0 0 3 0 0 0 40 0 0 0 0 100 0 0 76 0
0 0 0 0 0 62 0 0 19 0 12 0 70 0 0 25 0 0 0 0 0 0 17 53 0 0 59 0 0 0 0 0 90 40 74 0 0 46 0 0 0 85 0 45 28 0 0 0 0 17 0 0 0 0 0 0 0 0 0 0 0 0 0 0 0 0 100 52 27 11 77 47 0 0 0 17 5 0 0 0 0 0 7 0 0 0 0 0 0 0 0 0 84 0 0 0 0 0 0 0
0 0 0 49 0 0 0 0 0 0 4 0 10 0 0 0 0 0 22 0 0 63 26 88 0 0 0 0 0 0 0 90 0 0 0 11 0 0 0 0 95 0 0 0 0 0 2 33 0 0 0 0 0 0 0 0 0 0 0 0 0 54 0 65 0 0 0 24 0 0 27 0 96 76 0 0 0 54 82 34 0 21 0 10 0 0 0 0 89 12 0 0 81 0 0 84 72 0 0 0
10 0 10 0 0 0 0 0 0 0 0 0 0 0 41 0 0 0 0 69 21 0 0 0 0 40 0 0 0 0 0 0 0 0 27 0 3 0 0 0 0 0 48 0 0 0 0 0 88 0 54 0 0 0 5 0 0 0 0 8 0 0 0 0 0 55 0 0 0 0 0 0 31 0 0 1 0 0 15 0 0 0 0 0 0 0 0 0 0 0 0 44 0 0 3 0 0 40 0 0
80 0 0 0 0 0 100 0 0 0 0 0 0 0 0 0 0 0 0 0 0 0 0 0 0 0 17 18 0 0 0 0 78 0 60 0 0 67 0 0 0 0 0 0 0 0 0 0 0 0 0 0 0 81 0 0 5 71 69 0 54 0 54 0 0 0 0 0 0 0 53 0 0 0 0 0 0 0 0 0 0 0 0 0 0 27 0 0 0 0 21 0 0 24 0 0 0 0 0 0
0 4 20 0 0 0 54 0 0 0 37 0 0 0 0 18 0 0 0 0 0 0 0 0 0 0 0 0 43 0 27 0 0 83 0 0 83 0 0 0 0 0 0 0 0 0 0 0 0 0 0 0 0 0 0 0 0 0 0 0 0 0 0 20 0 0 30 0 0 73 0 48 0 0 0 0 14 36 0 0 6 13 0 0 0 0 0 0 0 0 0 80 79 0 0 0 0 67 0 99
0 0 0 0 0 14 0 0 0 0 0 0 0 0 0 33 0 0 0 0 0 0 0 0 59 0 0 0 0 0 0 0 80 83 0 0 0 0 0 0 59 0 0 0 0 48 0 70 0 0 52 92 0 0 0 84 0 0 0 0 0 0 0 0 0 9 0 0 0 0 27 0 62 0 56 0 2 0 62 0 0 0 0 87 0 0 0 0 0 69 0 0 0 65 97 99 0 9 0 0
0 0 0 0 0 52 0 0 0 0 0 0 0 0 26 0 0 0 63 0 0 0 0 66 0 0 0 47 0 0 0 31 0 0 0 0 0 73 0 0 0 0 12 0 0 60 0 0 0 0 0 0 0 77 0 0 0 0 0 0 30 0 0 22 0 35 0 0 53 0 0 0 0 0 27 0 0 0 0 0 0 0 87 0 0 0 0 0 0 0 0 0 0 69 40 62 52 71 0 0
0 0 0 0 0 81 28 5 31 0 15 0 0 53 0 0 0 0 0 79 0 0 0 92 0 71 84 0 0 0 0 0 0 0 0 0 0 0 0 0 0 0 0 0 3 0 33 0 0 0 62 0 0 0 93 31 51 0 0 4 0 0 0 0 0 0 100 0 0 25 34 0 0 0 0 3 82 0 0 0 0 22 0 0 0 0 0 0 0 0 68 0 0 0 0 0 33 0 0 64
0 38 0 0 0 0 0 0 0 0 25 0 0 0 29 53 73 92 0 0 0 71 4 0 4 0 0 0 0 0 30 0 83 0 0 0 0 98 0 0 28 0 0 67 0 0 0 58 0 0 43 0 11 0 89 0 0 0 0 23 0 0 0 0 0 0 0 0 0 0 0 0 50 21 92 0 0 0 0 0 28 0 0 0 0 0 0 0 0 0 0 0 0 0 0 0 56 15 2 85
0 0 0 0 0 0 0 56 0 9 28 0 0 0 0 0 0 0 0 0 0 0 0 7 0 0 0 0 90 0 0 0 0 0 0 0 0 91 6 0 0 0 99 0 33 43 0 0 0 0 70 0 0 0 0 0 0 0 0 0 0 0 0 0 51 0 12 0 93 0 0 42 11 0 0 0 0 0 0 49 0 66 25 24 0 0 74 0 0 0 0 0 0 0 50 0 0 0 94 0
64 0 0 3 0 51 0 0 0 0 0 81 18 0 0 80 0 0 0 0 0 0 0 42 0 58 0 95 0 0 0 0 0 0 13 0 0 0 69 28 0 17 82 0 0 0 0 0 0 0 0 0 0 0 19 0 0 11 0 0 0 0 0 0 0 0 0 0 0 79 0 99 0 77 16 0 67 0 0 0 0 0 63 0 0 0 0 0 58 0 48 0 0 73 0 81 0 0 0 0
0 0 0 0 0 0 0 0 0 0 0 0 0 0 0 0 0 0 0 60 52 0 96 0 0 0 0 0 78 0 0 0 0 30 0 89 0 71 0 0 0 0 0 0 0 0 0 0 0 0 0 30 0 13 0 0 0 91 73 0 0 0 0 72 0 0 28 0 0 0 56 0 0 51 0 0 0 0 22 0 0 0 6 0 0 0 0 40 0 0 0 0 0 0 42 12 0 0 0 0
0 0 0 0 0 22 0 0 59 74 0 0 0 0 31 81 0 0 0 0 0 0 0 0 0 0 0 3 0 0 0 0 0 19 0 0 0 0 47 42 0 0 0 0 0 0 0 0 0 0 0 73 0 0 0 0 0 0 0 0 0 70 0 0 0 69 0 0 0 0 0 79 0 0 65 0 0 0 0 61 0 2 0 31 0 0 0 0 0 0 0 0 0 0 0 0 0 0 0 0
0 0 0 0 0 62 20 0 0 42 48 37 36 0 15 0 0 0 0 4 0 0 0 0 0 0 0 0 0 96 0 98 0 0 0 0 0 0 0 0 0 20 88 0 75 0 4 0 0 0 0 0 31 0 0 0 0 0 0 0 30 0 0 14 0 0 0 97 0 0 5 61 0 0 0 0 0 0 0 0 96 0 0 74 0 0 5 0 0 0 0 1 0 0 0 0 0 0 60 0
46 0 0 0 0 0 0 0 5 0 0 0 0 0 0 0 0 0 0 0 84 0 45 0 0 75 0 0 0 0 0 0 0 85 0 0 0 0 0 0 0 0 0 0 0 0 48 89 51 0 0 0 0 0 25 0 0 0 0 0 0 0 0 0 0 3 44 40 0 0 0 51 0 0 0 0 0 1 0 93 0 0 0 0 0 0 0 0 0 0 0 0 0 0 0 0 0 48 0 0
0 76 92 0 0 61 0 70 0 0 0 0 0 43 58 0 0 0 20 0 0 55 0 0 0 0 0 63 57 0 0 0 0 0 93 61 0 0 89 0 25 0 0 0 55 8 0 0 0 0 0 0 0 0 10 10 67 0 0 0 0 0 0 0 0 0 62 0 0 0 40 0 96 0 0 0 0 78 0 0 0 0 0 0 0 0 91 0 54 24 13 86 15 0 25 0 28 0 85 0
0 0 0 0 16 28 15 16 0 0 0 41 61 10 0 0 0 0 0 0 0 0 0 0 0 0 0 0 0 13 0 0 52 0 0 47 91 0 0 81 0 0 11 0 0 0 0 59 0 0 0 0 0 0 0 0 0 95 70 0 0 0 0 0 0 0 0 0 0 0 0 0 0 0 0 48 0 0 79 0 0 0 0 16 0 0 0 46 0 100 0 0 69 0 20 0 0 0 94 0
77 0 0 0 71 5 0 0 0 0 0 0 97 0 0 38 0 0 92 20 0 0 0 0 0 0 0 0 86 0 0 0 0 0 0 0 0 0 0 0 59 11 0 0 0 0 49 0 0 0 6 66 0 80 92 0 0 0 67 54 0 0 0 0 56 75 0 0 0 0 0 0 0 0 0 0 0 0 0 0 0 0 0 0 11 79 67 0 0 0 33 0 0 0 0 0 49 0 0 0
0 0 0 0 0 0 0 80 0 71 0 0 91 40 0 0 31 0 0 0 0 0 0 0 57 0 0 0 0 0 0 0 0 37 0 78 6 0 30 0 65 95 51 63 0 0 17 0 1 0 24 0 84 59 0 0 10 0 0 0 0 0 73 29 28 0 0 0 9 0 96 96 0 0 95 0 0 57 0 84 0 52 0 43 0 0 42 0 0 0 0 0 0 72 0 0 0 0 47 0
0 80 0 0 0 0 0 0 0 0 38 0 0 0 0 0 99 0 0 0 23 0 57 0 0 0 0 0 0 0 0 0 27 0 60 0 0 55 0 27 0 0 0 0 0 0 0 0 76 0 0 0 0 0 0 0 48 29 83 0 0 0 0 0 0 0 0 0 0 0 0 1 89 0 3 0 0 0 0 0 0 63 0 70 0 33 0 0 0 0 89 0 0 0 0 0 28 0 0 0
0 0 39 0 68 84 0 36 98 68 0 0 0 33 0 0 0 92 0 0 0 0 0 0 0 63 75 43 50 0 0 54 0 0 39 0 0 0 19 0 70 0 0 70 0 85 0 0 0 0 42 0 13 0 0 0 0 0 0 35 0 0 0 0 64 0 0 36 0 0 0 0 31 0 0 0 0 0 67 0 0 0 0 31 0 16 0 0 4 0 0 8 0 76 0 0 0 0 52 0
23 0 0 5 0 0 35 0 0 0 0 0 0 0 0 92 0 71 0 0 0 0 0 0 17 0 79 70 0 0 0 0 0 0 55 0 0 45 0 0 91 0 0 93 3 49 0 0 0 0 37 0 31 33 0 0 0 0 0 0 0 0 0 0 0 0 0 0 89 27 51 0 0 17 75 0 0 0 0 66 92 74 60 0 0 87 0 0 0 0 11 0 0 0 0 0 0 0 19 0
0 0 0 5 36 0 0 0 0 0 0 0 28 27 95 0 0 42 0 0 23 0 0 0 0 13 0 0 68 59 0 0 0 0 0 0 0 0 0 0 77 0 0 8 15 51 52 0 0 0 0 0 94 0 0 0 62 0 0 14 73 0 0 0 23 0 0 0 73 46 22 0 0 0 0 93 70 0 26 0 0 0 0 0 24 0 74 0 0 0 71 0 0 0 0 0 0 0 0 0
0 0 6 0 48 0 0 0 0 43 0 0 0 0 0 76 0 0 0 0 0 94 0 0 0 0 0 0 0 0 18 26 0 72 0 0 0 0 0 0 0 0 0 87 0 0 99 0 68 0 0 0 0 0 0 15 0 0 26 0 98 0 78 0 0 88 0 0 0 0 0 0 0 46 76 0 0 0 49 79 0 82 66 0 36 0 79 0 38 0 0 0 11 51 0 0 0 64 16 0
0 0 0 0 0 0 0 78 0 0 83 0 0 0 0 0 0 0 0 0 0 0 35 0 0 93 0 0 0 0 0 0 75 0 0 23 0 0 1 0 0 0 94 0 65 0 0 57 0 0 0 0 81 0 93 99 0 0 0 6 85 0 99 78 88 29 0 26 0 0 2 35 0 0 0 0 0 0 0 0 0 0 0 0 0 0 0 0 0 0 0 0 0 69 0 0 0 0 0 0
80 0 0 0 0 0 0 0 0 0 0 0 0 0 0 20 0 0 0 0 30 0 0 0 0 72 0 0 0 0 0 0 0 0 0 0 0 0 0 0 0 33 0 0 0 0 0 0 5 0 96 0 0 38 0 0 0 0 0 0 97 45 0 0 0 66 0 0 0 0 37 0 77 0 96 0 26 0 0 0 0 44 0 97 0 0 0 86 0 0 0 0 0 0 0 19 0 45 10 0
72 0 0 0 19 0 1 0 76 0 0 74 70 0 0 24 0 0 0 0 0 0 0 0 0 0 0 0 0 0 0 0 61 0 0 0 50 0 0 0 0 0 60 0 0 74 58 0 0 0 0 19 0 16 0 0 0 0 22 0 0 0 0 0 0 0 0 0 0 17 0 0 0 0 94 0 0 0 36 18 0 0 84 0 16 58 63 0 91 0 0 0 95 55 0 39 0 0 0 0
0 0 88 0 0 0 68 59 0 28 0 0 0 0 0 0 0 0 26 17 0 0 0 0 48 0 0 0 0 0 0 0 0 0 100 0 0 0 0 0 0 0 0 0 0 0 77 0 0 0 0 15 0 24 0 0 0 0 0 0 32 0 0 0 0 0 0 87 0 28 0 0 0 0 0 27 0 55 36 0 0 0 0 0 0 0 0 0 2 0 0 96 60 0 91 0 0 50 0 87
18 0 0 0 80 68 100 0 0 0 0 0 0 0 0 0 0 0 85 26 0 84 0 0 0 0 75 0 0 0 0 0 0 0 33 15 0 0 0 0 98 0 0 32 0 89 0 0 0 96 0 0 0 0 0 31 20 0 0 0 0 49 0 0 0 0 0 0 0 0 0 0 11 0 0 0 0 55 87 33 0 0 0 0 0 0 39 0 0 0 0 0 47 0 56 0 70 0 23 32
35 0 0 90 24 0 69 0 0 53 0 0 0 59 0 0 0 0 0 42 0 0 0 17 0 0 17 0 0 54 0 0 0 0 0 0 70 26 0 80 23 0 0 0 0 0 0 82 0 0 0 0 0 51 0 0 0 82 0 0 0 0 0 0 47 0 75 30 0 0 0 19 92 0 24 0 41 0 0 0 1 62 35 99 56 2 0 0 0 98 11 0 0 0 59 0 0 0 0 18
34 100 51 0 0 0 82 0 0 0 0 0 0 75 0 0 0 0 0 17 0 0 0 0 25 0 0 74 0 0 0 0 0 0 0 46 0 73 0 0 0 0 0 47 0 0 0 0 0 0 0 0 0 59 53 0 76 4 0 0 0 0 0 0 0 0 0 1 0 18 70 0 0 0 92 21 0 0 15 0 0 0 25 60 16 0 0 0 1 0 0 0 0 48 0 14 0 0 0 0
6 14 0 0 77 0 0 0 0 0 0 0 0 0 72 0 0 0 0 0 0 0 0 0 18 0 0 0 0 0 0 0 81 2 0 0 0 25 0 0 46 0 0 0 0 0 0 0 0 0 24 17 93 18 0 0 0 88 0 0 0 0 0 0 0 60 0 0 22 26 0 57 0 63 0 0 0 0 61 0 0 24 0 0 47 0 35 56 0 0 0 0 0 0 0 93 79 0 88 0
0 0 0 16 0 0 76 62 0 0 0 0 0 68 0 0 2 0 0 0 0 0 50 0 0 0 0 0 0 0 0 0 0 0 0 0 0 0 0 0 0 0 0 0 0 57 0 0 22 0 0 0 0 0 16 0 0 0 0 0 0 0 0 0 0 0 8 16 21 0 83 0 0 0 0 72 0 0 0 0 0 0 0 43 48 0 0 0 0 64 0 0 0 0 0 0 0 0 0 25
0 5 0 0 0 0 0 0 0 0 0 0 57 40 0 12 0 0 53 0 0 36 0 92 0 56 0 0 0 0 0 0 61 0 0 0 28 0 40 15 0 0 54 0 0 0 0 63 0 0 0 0 0 0 0 76 70 0 41 0 55 0 0 66 0 0 7 0 0 48 0 0 0 42 0 0 89 0 0 92 79 0 0 0 0 0 0 0 0 62 0 0 0 0 0 0 0 25 42 82
0 82 0 0 0 61 57 0 0 0 0 0 23 0 0 61 92 0 0 75 0 0 0 0 0 0 0 52 0 0 18 0 0 0 0 0 0 66 0 0 0 1 22 0 81 0 2 0 21 0 0 0 0 0 0 0 0 0 0 0 0 0 0 0 0 0 0 0 17 0 44 0 32 0 58 0 0 0 0 0 11 0 0 0 0 0 0 0 0 0 0 22 0 80 0 8 0 0 51 0
0 0 0 0 0 0 0 0 0 15 0 0 0 0 0 37 0 0 29 0 0 36 0 0 0 0 0 0 0 0 32 0 0 0 0 39 0 0 0 0 0 38 0 0 0 0 0 0 0 0 0 50 0 0 0 4 0 0 64 62 0 0 0 0 0 0 0 0 0 0 0 0 89 0 69 0 0 0 48 0 0 0 14 18 69 0 0 0 0 0 0 88 0 0 0 0 0 34 0 0
0 0 95 0 0 0 0 78 46 0 17 0 0 0 90 0 0 18 0 3 0 45 0 0 0 0 79 33 0 0 0 31 0 0 0 0 0 40 60 16 0 0 0 0 0 0 0 0 0 0 65 0 35 0 0 32 0 36 0 65 44 0 0 0 79 0 0 0 0 0 0 6 0 0 0 35 0 23 58 0 0 0 0 0 86 0 0 0 93 98 0 0 0 7 68 0 0 77 35 20
50 76 0 0 0 0 0 0 6 0 0 0 0 0 84 0 23 61 0 0 92 0 0 0 99 0 0 36 0 0 0 18 0 0 0 0 0 0 0 0 0 0 0 46 0 0 0 0 0 0 92 0 0 23 59 7 0 84 0 0 0 0 3 0 0 0 0 0 0 0 0 0 0 0 0 0 0 59 0 39 0 0 21 0 54 0 0 0 96 0 0 0 34 0 17 87 0 47 0 0
0 21 36 0 0 0 0 0 0 0 0 0 0 0 99 43 34 95 0 0 0 0 0 0 0 0 0 0 0 0 0 0 0 0 0 0 0 0 51 0 47 0 0 0 0 0 0 0 0 5 68 79 0 0 0 0 0 0 0 15 0 0 90 0 0 0 77 78 10 100 0 0 5 0 0 0 39 0 0 0 0 0 7 0 10 0 0 0 0 0 88 0 0 0 54 0 0 0 0 0
0 0 0 0 17 90 0 0 0 0 0 0 5 79 58 0 55 0 0 0 23 0 0 0 27 0 0 0 0 0 13 0 14 0 0 16 0 0 10 0 0 0 0 0 0 0 0 0 0 0 0 0 0 0 0 0 41 44 0 0 0 0 0 0 0 0 0 0 0 0 0 50 0 0 0 31 0 0 0 29 31 0 0 54 14 0 0 0 26 0 0 87 0 0 0 0 65 0 0 18
17 80 0 0 0 0 26 0 0 0 0 0 77 0 17 7 0 0 84 0 0 0 73 0 0 0 0 60 0 36 28 52 0 0 38 0 70 0 0 75 0 0 0 55 0 0 0 0 0 0 0 0 0 0 0 0 0 0 0 0 0 0 0 0 0 0 0 0 0 0 0 25 41 86 0 37 0 55 0 0 68 0 0 0 0 0 0 30 0 0 0 0 0 63 39 0 0 36 0 0
0 0 82 0 0 57 0 0 0 0 0 53 0 0 0 0 34 0 66 0 0 0 77 92 0 0 98 5 0 7 0 85 0 0 0 83 86 0 0 0 0 0 0 0 0 0 0 84 39 0 83 0 76 0 0 0 0 0 35 45 0 90 0 0 0 0 0 0 44 0 65 37 0 41 0 0 33 0 0 0 0 0 0 0 56 0 32 0 0 0 0 0 0 0 0 0 0 0 0 0
0 0 0 0 0 0 0 0 41 17 0 0 0 0 0 0 0 0 0 0 0 87 0 95 1 0 0 0 0 0 0 0 0 0 0 0 21 0 0 0 0 98 0 0 0 67 0 0 0 0 0 0 33 0 0 48 0 62 0 0 0 0 0 0 0 0 0 67 0 1 13 0 0 0 0 50 0 0 0 0 0 0 0 55 0 0 0 0 0 0 20 0 0 68 0 0 46 0 18 0
36 0 0 0 0 0 0 0 0 16 0 0 0 92 0 4 0 0 0 90 0 0 0 0 0 0 0 95 0 0 10 0 0 0 0 72 0 34 0 0 0 0 11 0 14 0 0 0 45 28 0 0 0 0 0 0 16 0 0 63 0 0 70 0 0 44 0 39 0 0 30 87 0 7 0 46 55 0 0 61 0 0 0 0 0 0 0 0 0 0 0 0 30 0 90 0 0 0 0 0
25 0 0 0 0 0 0 0 15 0 0 0 0 0 0 43 0 0 0 0 33 0 0 0 54 0 0 22 0 46 0 0 0 6 0 0 0 0 18 0 0 48 0 0 54 0 4 0 0 0 56 0 0 0 0 0 0 0 0 0 0 0 0 0 0 0 0 37 72 0 10 0 0 0 0 0 93 0 83 9 84 0 0 0 0 0 0 0 0 0 0 0 0 0 0 0 0 16 49 22
0 0 0 0 0 7 0 45 0 0 0 0 3 0 0 9 0 0 0 0 52 25 0 0 0 0 0 0 14 0 0 84 0 0 0 0 0 0 0 0 88 58 0 0 91 58 0 0 15 0 0 0 0 0 50 0 0 92 0 0 0 0 0 25 38 74 0 0 0 0 59 0 0 16 0 0 0 92 0 10 89 0 0 0 93 0 0 21 64 0 44 0 0 0 0 0 0 0 40 99
0 0 19 52 81 0 0 56 0 0 77 0 0 0 92 0 0 0 0 0 0 0 0 19 0 0 0 0 0 0 0 0 45 0 0 0 72 0 0 0 0 0 64 0 0 0 0 0 0 18 0 0 0 0 0 0 0 0 0 0 29 0 0 0 0 27 0 0 0 76 0 0 0 0 0 0 0 16 0 93 0 0 0 0 11 0 0 42 74 0 17 0 11 0 0 0 0 0 0 0
58 0 83 0 45 9 49 0 0 0 0 0 69 0 64 0 0 0 0 0 0 18 0 0 0 0 82 0 82 0 0 69 0 0 0 0 79 0 0 0 0 93 0 15 0 0 0 0 0 25 89 0 0 0 98 0 0 0 0 0 0 0 0 90 0 55 0 0 0 82 0 0 53 4 0 0 0 0 38 72 0 0 0 0 0 65 0 0 0 0 0 0 0 0 0 13 0 0 0 94
0 0 19 0 0 0 0 0 0 27 0 0 19 0 0 0 0 0 79 59 100 0 0 0 0 0 90 49 0 37 0 0 0 52 0 17 0 60 0 0 0 0 0 0 0 0 21 0 0 0 0 0 0 0 76 0 0 0 10 7 45 61 0 0 0 0 8 0 0 0 0 0 0 0 0 0 0 0 0 0 9 0 14 77 0 5 0 0 27 0 0 0 41 0 0 0 35 0 0 0
0 0 0 55 0 0 0 0 0 0 6 0 0 99 64 0 0 0 0 0 0 0 0 0 0 0 0 0 0 76 54 28 0 62 0 0 0 20 0 0 0 0 0 0 0 0 0 0 0 0 0 47 0 0 0 0 26 0 0 0 0 0 0 95 1 0 0 0 13 0 86 0 0 0 69 0 82 0 0 0 0 77 28 0 0 10 0 0 0 0 0 71 0 80 0 0 0 9 0 0
0 0 0 8 0 1 0 0 14 0 0 0 0 0 0 87 62 0 82 22 0 0 0 0 0 0 0 0 0 0 0 0 0 0 0 0 11 0 0 0 90 0 0 0 0 60 0 0 0 0 0 3 0 0 0 0 0 0 0 0 0 86 0 0 0 0 28 0 0 0 12 0 73 0 56 0 0 0 2 0 0 0 49 0 0 0 9 0 29 0 0 71 0 0 22 0 0 0 49 0
0 0 0 0 0 0 0 0 0 0 0 0 0 0 0 0 0 0 49 0 38 87 0 0 0 30 0 0 0 0 0 0 0 0 69 0 95 36 0 60 0 0 34 0 0 0 52 84 0 0 5 98 0 83 0 0 14 0 0 0 0 18 0 0 34 0 40 27 0 0 46 0 0 0 0 0 0 0 0 0 0 0 0 0 0 34 0 0 0 22 0 0 0 0 0 0 69 68 0 40
0 0 0 21 0 60 86 40 13 0 0 0 0 0 0 0 24 10 1 62 74 0 0 0 0 0 0 0 0 2 0 100 0 0 26 0 0 32 0 0 0 0 5 0 0 80 0 89 0 0 0 0 0 72 0 68 0 0 45 0 0 48 0 95 0 0 0 0 0 0 0 0 0 0 11 0 79 0 0 0 0 0 0 93 0 0 0 90 0 0 0 0 0 0 16 0 0 0 0 0
0 10 0 74 0 0 0 5 0 0 0 0 0 0 0 0 88 0 0 65 80 0 0 0 54 0 0 0 0 0 0 46 0 0 0 19 0 90 0 0 0 0 0 60 0 0 0 0 0 9 0 0 60 0 0 0 0 0 0 56 0 80 0 47 0 0 0 0 64 2 0 0 0 75 0 0 0 0 0 0 91 0 0 33 0 0 32 9 0 76 0 0 0 0 87 0 0 0 0 0
0 0 0 0 0 71 0 0 11 0 0 0 0 0 0 24 0 0 0 0 55 0 0 0 0 5 0 0 0 0 0 0 0 0 19 30 42 0 0 54 0 0 0 0 89 99 41 0 0 0 0 64 0 0 0 0 0 0 0 0 0 0 0 12 0 20 0 0 0 0 0 0 0 0 56 0 0 0 0 0 0 0 0 0 0 0 0 24 0 0 73 68 0 0 100 0 0 28 0 0
0 0 0 0 0 66 0 0 13 0 0 0 0 45 7 0 0 56 0 0 0 0 0 77 0 0 45 0 63 0 0 92 0 37 40 0 0 0 37 0 18 0 0 0 0 0 0 49 0 0 0 0 0 0 0 0 90 0 0 0 0 0 0 98 0 0 0 0 0 0 0 0 0 96 0 70 0 0 0 0 0 0 0 27 0 0 0 0 0 66 0 0 0 83 0 3 0 0 0 75
0 5 0 54 0 0 54 0 78 53 0 57 9 49 0 0 0 39 0 0 88 0 0 0 0 0 0 0 0 0 0 0 0 0 0 0 0 72 0 0 0 0 88 0 0 91 0 0 36 0 0 0 0 33 0 90 0 0 0 0 0 0 0 0 26 0 58 0 66 0 44 0 0 12 0 39 65 0 0 56 0 0 0 0 0 14 0 0 0 0 0 0 0 0 0 0 0 0 0 62
0 46 0 0 0 0 0 0 0 0 0 0 0 0 92 0 0 0 0 0 16 69 0 0 0 0 0 0 0 30 58 0 16 16 0 0 0 0 0 0 0 0 0 0 0 0 0 32 0 37 0 0 19 0 0 73 0 0 0 0 0 0 0 57 0 0 0 0 0 65 53 0 17 0 0 0 20 74 0 77 0 0 0 0 0 65 61 94 86 0 14 0 0 0 0 0 0 0 0 0
0 87 25 13 0 0 0 93 0 0 0 74 43 4 0 0 0 17 0 42 27 0 0 0 82 0 0 0 5 0 0 66 59 0 0 0 0 0 0 0 0 0 0 91 0 6 0 0 87 76 72 0 46 20 0 0 0 43 0 54 7 93 0 0 54 0 0 0 0 67 0 0 0 0 93 3 0 42 0 82 0 44 0 0 4 0 0 22 76 0 0 0 63 0 0 59 60 0 0 0
0 0 48 0 0 0 0 0 0 0 0 70 0 0 0 0 42 0 0 0 0 0 99 88 0 0 79 61 0 92 0 0 0 0 0 0 0 0 0 0 0 0 60 0 0 85 0 0 0 0 28 0 99 27 0 0 0 33 0 0 0 0 47 0 0 0 0 0 0 0 0 0 0 0 12 0 0 9 0 1 0 0 0 0 5 0 0 0 0 0 0 0 0 0 0 0 0 50 100 0
0 67 0 0 0 0 0 0 37 0 0 13 0 43 0 0 0 0 0 0 0 0 0 0 0 0 60 0 0 11 0 0 0 0 0 0 0 0 38 0 0 0 0 22 35 27 17 0 0 0 0 57 0 93 28 0 0 0 0 44 33 66 0 0 0 0 0 32 0 0 50 0 82 0 0 0 0 81 0 0 0 22 0 0 0 98 0 0 0 0 0 0 0 0 0 0 10 0 83 0
38 0 0 58 70 0 0 0 0 0 0 69 0 0 0 0 0 0 0 0 0 0 37 0 3 0 0 0 20 50 0 50 64 93 0 0 0 0 0 0 33 0 0 0 0 0 0 0 71 0 74 0 0 0 0 0 89 0 43 0 0 0 55 0 0 0 0 21 0 0 0 0 0 54 0 73 0 0 0 0 0 0 0 0 76 0 0 32 0 79 0 0 0 0 0 64 0 0 0 0
81 0 0 0 0 0 31 0 51 0 0 0 0 0 0 0 0 0 68 38 0 0 42 0 60 76 0 0 0 0 96 0 0 81 0 57 47 0 0 0 0 0 0 0 0 0 80 14 75 0 0 0 45 0 0 0 0 0 0 0 0 0 9 0 0 63 0 0 0 0 17 0 0 17 79 0 0 31 0 0 0 50 0 0 0 0 0 80 0 0 0 47 7 21 0 0 53 0 0 0
0 0 0 0 96 0 0 0 0 0 0 0 0 0 89 0 0 0 0 0 0 59 0 39 0 59 0 0 0 0 0 0 61 0 0 0 0 0 0 0 0 82 0 88 97 0 0 0 13 0 0 0 0 0 0 0 0 0 0 25 41 0 0 0 0 0 0 0 73 0 0 0 0 0 0 81 0 0 0 0 0 0 0 0 0 51 0 0 45 0 20 92 0 0 0 42 0 0 0 0
0 24 0 0 0 4 0 0 0 22 0 59 26 1 0 0 0 0 0 0 0 0 0 0 0 0 44 0 32 0 6 0 23 24 0 49 0 0 0 99 0 0 14 60 0 0 0 0 1 0 0 0 0 0 0 0 0 0 0 0 67 0 0 0 0 0 0 0 0 0 17 0 0 0 0 0 0 0 0 65 0 0 0 29 0 0 0 0 0 0 0 0 70 10 0 79 0 0 0 0
0 76 0 0 0 0 0 0 0 0 0 0 42 0 0 0 0 0 0 0 1 22 0 0 0 0 0 0 0 0 0 20 0 0 0 0 0 0 67 0 24 0 0 60 0 0 0 0 0 0 0 0 0 0 0 0 0 0 0 0 0 0 60 0 0 0 0 0 0 0 63 47 0 0 0 0 0 0 0 76 0 43 44 0 0 0 0 0 44 0 0 0 0 49 0 0 0 0 27 0
0 44 0 0 92 0 0 0 6 66 6 0 37 0 48 53 0 0 82 64 0 42 0 0 0 91 49 69 0 0 0 42 0 0 0 0 84 0 36 29 0 0 0 0 0 0 67 21 32 74 0 0 17 82 0 0 97 0 0 0 11 38 62 0 0 0 0 0 0 0 0 0 0 77 0 0 0 0 55 0 72 0 0 52 0 0 0 0 0 12 0 0 0 0 0 67 0 0 0 0
53 0 0 0 0 0 0 0 0 0 69 69 0 0 0 0 0 0 0 0 0 0 0 59 0 0 0 0 0 0 59 60 39 40 0 0 0 0 0 0 0 0 0 0 0 0 0 0 0 0 0 0 0 0 0 0 0 0 0 0 0 0 0 0 0 19 0 0 0 73 0 0 0 0 0 0 0 0 0 0 0 0 17 42 3 0 0 0 0 0 0 91 100 0 0 0 85 0 0 29
28 0 0 0 0 0 0 0 0 64 0 0 0 0 0 8 0 0 0 0 0 0 0 0 0 0 0 0 0 0 0 0 0 0 79 0 0 0 92 0 0 0 0 28 97 0 0 0 0 0 31 0 0 0 0 68 0 51 0 0 79 0 95 0 0 0 0 0 0 54 0 0 0 0 0 0 0 0 0 0 65 57 0 0 0 0 28 72 0 93 0 0 0 9 0 0 0 0 79 0
0 0 0 0 46 8 90 30 0 0 0 63 11 50 0 0 0 0 0 0 0 0 0 77 0 0 77 81 0 1 50 0 0 0 0 20 0 0 0 0 0 0 0 0 3 0 21 0 30 0 0 0 45 0 1 0 0 58 77 0 0 0 0 0 52 0 0 0 0 87 0 0 0 0 56 52 0 0 2 62 0 0 0 0 0 4 24 98 91 0 0 0 0 0 0 0 0 0 0 53
0 51 0 0 64 0 0 75 0 0 0 0 0 0 0 0 0 0 0 0 0 42 0 0 0 34 0 0 0 0 0 49 0 0 19 0 0 0 0 0 20 0 0 0 0 0 0 0 35 0 0 42 0 0 0 0 0 0 0 0 0 0 79 0 9 0 12 0 22 0 0 0 0 53 0 0 0 0 0 0 0 0 0 0 0 3 32 0 27 0 0 0 0 0 0 0 0 0 0 0
0 41 0 57 0 0 0 92 61 0 0 15 0 0 8 0 0 0 74 0 0 28 0 0 0 0 0 0 0 0 0 0 0 85 0 0 80 46 0 80 0 0 9 31 25 35 0 89 0 31 59 0 0 0 0 13 0 0 0 13 0 0 0 65 0 0 0 0 0 0 0 0 14 0 0 0 0 0 0 0 21 0 61 62 0 21 0 0 22 0 0 0 0 0 0 60 0 0 0 0
0 0 88 78 0 0 52 0 17 33 15 0 0 51 0 0 0 0 0 0 0 0 0 37 93 0 0 0 0 50 0 74 0 0 0 0 55 0 0 0 0 0 5 67 0 0 0 50 19 0 0 0 0 0 0 47 0 0 0 0 0 0 0 0 0 0 0 0 0 0 6 0 0 0 0 0 0 12 0 0 0 8 0 0 35 0 87 0 0 0 0 0 0 3 30 0 0 46 0 0
0 0 0 60 0 0 0 0 87 56 22 0 0 0 0 0 24 0 0 0 0 0 0 0 34 0 0 0 57 0 0 0 0 69 0 84 0 35 0 0 0 95 0 3 0 34 0 0 0 0 0 78 0 0 0 0 0 0 0 0 0 0 0 0 15 0 0 0 55 66 0 0 0 0 59 0 0 0 8 21 0 0 0 0 22 0 0 19 0 0 0 0 39 16 0 0 0 54 0 0
0 0 0 0 0 0 0 85 0 0 0 0 76 0 0 0 0 0 14 0 0 0 0 0 100 29 0 0 0 0 0 0 0 50 0 0 7 84 0 0 0 0 0 24 0 0 0 3 0 0 0 0 0 0 0 12 56 0 0 0 0 0 81 0 48 0 0 0 0 0 0 30 0 0 0 0 0 0 0 0 0 0 0 0 0 0 0 77 0 0 32 83 0 0 0 52 47 0 0 0
0 0 0 24 0 30 0 0 0 0 0 0 49 0 35 0 0 0 0 0 0 17 47 63 69 0 96 0 75 0 0 0 0 23 0 33 0 0 0 0 90 61 66 0 91 0 26 0 19 0 0 30 0 23 0 0 0 0 27 0 0 0 12 24 0 0 0 0 0 0 0 0 0 0 67 0 0 0 0 0 0 0 35 0 0 0 13 26 0 0 0 0 0 0 0 25 0 0 0 0
58 0 0 0 49 0 1 0 0 0 0 0 29 0 0 0 95 0 1 80 87 0 16 0 10 0 0 0 0 0 0 26 93 0 0 56 0 62 0 0 50 0 0 0 57 8 0 0 0 1 0 14 0 0 0 15 0 0 0 14 0 0 86 79 5 71 0 65 0 0 0 0 0 0 0 36 0 64 0 0 0 48 45 0 0 26 98 0 98 45 0 0 0 68 0 0 0 46 0 77
0 0 0 0 0 100 0 0 0 0 0 0 0 0 0 0 100 0 0 0 0 0 0 0 51 0 0 0 64 0 28 0 0 0 89 49 0 28 0 0 0 94 0 69 0 4 0 0 0 0 34 0 0 0 0 0 0 0 0 0 0 48 27 0 0 0 0 27 71 91 0 0 77 0 94 0 0 0 0 0 46 0 84 0 0 28 0 69 0 0 0 0 0 0 40 0 0 0 0 0
76 0 0 92 0 0 13 22 0 50 33 0 0 0 0 0 0 0 0 77 74 0 0 0 25 0 0 63 0 0 0 0 0 2 0 0 0 80 0 0 3 0 0 100 0 0 0 65 69 0 18 0 0 0 0 0 52 0 0 0 65 0 0 0 0 85 70 37 0 23 35 0 0 0 5 24 0 0 0 0 0 0 0 81 0 0 0 0 0 0 0 0 0 0 49 0 0 30 0 0
0 0 61 0 0 0 38 0 21 0 0 0 0 0 0 0 0 0 0 0 0 0 0 91 54 89 0 0 0 0 15 34 0 0 0 0 0 0 0 0 75 0 0 53 92 60 0 0 0 26 0 0 0 0 0 0 92 0 77 0 0 0 86 24 0 0 0 10 0 0 0 73 0 0 7 0 0 98 0 94 0 0 0 0 0 84 0 0 0 19 0 0 51 0 0 0 0 0 25 0
0 0 0 0 0 0 0 0 0 0 0 31 0 0 0 0 0 0 0 10 0 0 0 0 0 0 0 0 0 0 45 83 0 0 0 0 0 0 0 33 0 0 0 0 0 0 57 0 8 91 0 1 0 0 76 0 0 0 85 0 72 0 53 0 92 19 0 0 0 0 0 0 0 0 0 0 0 0 41 68 0 0 0 44 0 0 0 13 0 0 0 0 0 0 0 0 79 0 0 0
0 0 0 0 57 0 81 0 0 0 0 0 0 0 0 22 54 83 0 88 0 11 0 0 0 0 0 0 0 0 18 0 0 9 0 0 0 0 0 0 12 0 96 0 0 0 71 0 74 0 0 0 0 0 0 0 39 0 0 62 0 0 0 0 0 0 0 0 0 7 0 0 40 0 0 0 0 0 0 61 0 97 0 88 0 0 90 0 78 0 58 0 0 0 0 0 35 0 0 0
0 0 54 23 0 0 56 0 0 0 0 0 0 0 0 0 0 14 2 0 0 0 0 0 0 0 15 0 32 0 0 0 0 0 0 0 0 0 0 0 0 0 0 0 0 0 60 0 0 80 88 0 0 0 0 0 0 0 1 0 0 0 0 0 0 4 19 0 0 9 0 0 0 56 0 0 89 0 0 0 8 0 0 0 0 71 0 0 0 0 36 0 0 0 49 0 0 0 76 0
0 78 0 0 0 1 0 0 0 52 0 0 0 0 0 81 0 0 0 0 0 0 0 0 0 0 0 0 0 0 0 4 0 82 82 0 0 0 0 29 0 0 91 0 0 11 10 10 0 0 0 0 0 0 27 0 0 0 0 0 0 87 0 87 0 0 0 0 6 0 92 20 69 0 8 0 0 78 0 0 92 81 0 0 16 0 0 0 0 29 0 0 0 0 47 0 0 0 86 0
17 0 88 0 0 0 31 0 0 28 59 0 0 0 0 0 0 0 0 0 0 0 0 0 0 0 0 0 0 0 0 0 0 0 96 0 52 0 0 0 0 0 72 79 0 0 0 72 0 0 93 16 0 0 54 0 0 0 0 14 0 0 0 56 63 14 0 83 0 0 0 0 0 96 0 0 0 0 81 0 0 0 0 0 25 52 0 0 0 0 0 0 31 0 21 0 0 0 50 58
0 0 0 52 0 0 71 0 0 0 73 0 0 0 53 100 0 0 0 0 0 12 0 0 0 0 0 76 78 0 39 0 0 0 0 0 0 0 0 0 0 9 0 0 0 0 0 0 0 0 0 0 0 0 0 0 0 0 0 0 0 0 0 0 70 0 0 0 51 0 0 0 0 22 0 0 26 0 0 0 0 0 0 0 0 0 0 100 0 0 61 0 0 0 0 0 0 60 0 0
62 0 0 0 0 0 52 0 0 0 0 0 0 0 0 62 0 0 0 0 18 0 0 24 0 38 0 0 0 0 71 97 27 58 0 0 25 0 0 0 0 0 0 0 0 65 0 0 41 49 71 0 0 0 0 0 0 0 0 0 0 0 0 0 0 0 0 0 0 0 0 0 0 0 0 32 0 0 0 0 2 0 0 9 0 0 0 24 56 0 0 0 0 0 0 0 0 45 0 0
0 0 0 0 0 40 0 49 0 71 1 0 0 0 0 1 30 13 0 0 0 0 0 0 0 0 0 0 0 0 0 0 0 0 0 0 0 50 0 61 0 0 0 94 0 22 58 0 0 100 0 0 93 0 31 0 0 0 0 0 0 0 0 10 0 86 0 42 0 0 0 0 0 0 0 0 0 0 0 0 0 0 57 0 0 0 0 0 0 0 0 0 0 0 0 9 0 26 21 0
0 36 62 0 95 0 0 0 0 43 0 0 0 71 0 0 0 0 0 0 0 58 75 0 0 0 0 0 0 0 0 22 0 0 0 0 0 0 0 0 0 0 0 0 27 0 0 94 0 100 0 0 0 37 55 0 0 0 2 8 0 0 0 0 82 11 0 0 0 0 0 31 0 0 0 81 0 0 0 0 0 0 0 0 86 0 0 0 0 0 0 0 0 0 0 0 32 0 0 0
0 63 0 0 65 44 0 0 0 0 25 0 0 0 8 0 6 0 0 0 90 0 0 0 0 0 0 0 0 0 29 0 0 39 0 0 53 74 72 0 95 0 62 0 0 0 59 0 37 0 0 0 69 0 3 0 0 0 0 0 43 0 0 0 0 0 0 0 35 0 0 47 0 19 0 0 0 0 73 0 0 0 0 22 0 0 0 0 0 0 0 37 0 0 0 0 0 0 96 97
0 0 0 0 0 0 0 0 3 0 7 0 0 16 0 9 0 47 0 0 0 0 0 0 0 0 71 0 0 0 0 0 0 26 0 0 0 0 96 45 0 0 0 0 0 0 0 0 0 0 70 89 91 0 98 0 0 0 0 0 0 0 0 13 83 0 0 0 44 0 0 99 71 57 0 0 0 0 0 0 89 0 73 0 36 0 0 0 0 0 0 0 0 0 0 0 0 0 0 0
0 0 0 0 0 27 0 0 0 93 0 0 0 59 0 21 0 35 0 0 0 0 0 0 0 0 0 0 81 56 67 63 93 76 0 0 0 0 0 26 0 0 0 0 0 0 0 0 0 0 0 52 0 0 0 0 0 0 26 0 40 1 0 0 0 0 0 67 0 0 0 0 0 62 0 23 0 96 0 39 0 0 0 0 94 98 0 16 24 0 0 0 4 0 0 0 0 0 0 71
0 0 6 0 32 89 0 0 0 0 20 0 0 0 79 0 0 0 0 0 12 90 0 0 0 0 0 0 0 20 35 0 0 0 0 0 97 0 0 0 0 0 0 0 0 0 49 0 0 0 81 85 0 0 38 34 0 0 0 2 0 0 33 61 0 0 30 0 0 0 0 31 0 0 96 0 0 0 0 0 0 0 0 0 0 0 0 0 0 0 0 94 0 0 0 80 0 0 0 62
0 0 0 0 0 0 0 3 0 0 54 0 0 0 0 0 41 0 0 0 4 0 99 0 0 0 0 92 0 0 0 0 48 69 89 0 0 56 0 0 0 0 0 40 0 95 0 0 0 0 55 0 35 81 46 0 94 0 0 0 0 1 0 0 0 0 0 0 53 0 0 0 0 99 0 0 0 13 0 0 0 0 0 0 0 6 10 0 0 72 81 66 0 0 0 0 0 0 0 0
0 0 0 19 0 0 0 0 0 0 97 0 0 0 0 0 24 0 0 8 0 0 80 0 0 0 0 43 3 38 0 43 0 0 0 0 0 0 0 0 0 0 0 0 0 0 0 0 0 0 19 0 0 30 0 0 39 0 96 0 0 0 0 0 61 0 0 0 0 70 0 0 0 0 0 0 73 0 0 0 0 0 0 62 52 0 0 0 0 0 38 0 0 28 0 0 0 0 0 50
0 0 0 0 0 0 70 0 52 0 0 0 0 0 65 0 41 0 0 0 62 0 3 0 0 0 0 0 1 0 51 82 51 0 0 91 0 0 4 0 0 0 0 0 4 0 100 92 0 0 88 0 0 0 58 0 0 0 0 0 0 73 0 17 19 0 39 0 0 0 0 0 31 78 0 0 0 0 0 0 82 70 0 0 0 0 0 0 0 24 12 0 57 0 0 0 78 0 0 0