100
0 21 36 0 96 0 0 0 0 90 0 0 0 88 0 51 0 6 0 46 0 53 0 0 0 0 71 0 0 0 0 47 0 0 9 0 0 0 0 0 90 0 0 0 43 0 0 0 0 0 0 0 0 0 0 0 0 0 0 42 0 0 0 0 0 79 0 0 0 0 0 0 20 89 91 0 0 0 54 96 0 0 0 0 0 17 0 97 1 0 0 0 67 0 28 0 0 4 0 33
11 0 0 0 0 17 0 0 0 0 0 0 0 82 0 43 100 0 0 0 0 0 35 46 0 0 0 0 91 0 0 26 0 0 0 0 0 0 0 17 0 0 0 0 0 90 0 0 47 0 0 0 0 0 0 0 0 0 0 0 0 0 0 0 0 0 0 0 0 36 0 54 10 0 86 0 0 83 0 0 0 0 87 32 0 0 8 0 48 0 0 0 0 0 0 14 0 0 0 0
0 0 0 0 0 94 0 0 0 55 0 31 0 0 61 0 0 0 0 0 0 79 0 0 89 75 0 0 0 26 30 0 0 0 0 0 0 0 0 0 0 0 47 48 0 0 0 0 0 0 15 0 0 0 0 0 55 0 15 84 0 0 0 95 89 0 0 0 0 0 0 0 0 0 98 0 0 0 0 92 0 9 0 0 0 0 48 0 66 0 0 97 0 0 71 34 0 0 0 0
0 0 0 0 0 0 0 0 0 81 0 0 0 0 0 0 0 0 0 17 0 0 62 0 0 11 0 27 0 0 11 0 40 0 0 23 0 0 0 87 46 41 0 29 60 15 0 56 4 0 0 0 0 0 0 0 0 0 0 0 13 0 0 6 0 0 87 58 19 0 0 62 0 0 0 25 0 0 0 0 60 0 0 89 12 59 0 0 0 90 0 0 0 62 0 0 0 0 9 0
0 0 0 0 0 0 0 0 0 68 2 49 0 36 0 0 0 89 64 0 0 45 52 0 0 0 0 0 0 0 47 0 0 0 85 0 0 0 0 0 0 0 13 37 0 0 37 0 14 54 0 89 0 0 28 0 35 0 0 0 0 0 0 0 0 0 0 0 0 61 56 0 0 0 0 35 0 0 90 83 0 0 0 77 0 0 4 12 0 0 84 22 98 0 0 0 0 0 0 0
0 53 0 0 0 0 0 65 57 0 0 20 49 89 0 0 0 0 0 0 0 0 0 0 0 0 0 0 0 9 0 0 0 0 13 33 0 36 0 0 0 0 0 0 45 76 0 0 98 48 0 83 0 0 0 0 0 0 0 0 88 0 0 0 0 0 0 0 0 0 84 0 75 0 0 0 0 41 0 0 0 0 11 27 3 0 85 0 0 0 0 0 0 0 0 0 0 73 0 79
0 45 0 0 0 23 0 0 0 0 0 0 0 0 0 0 0 0 0 56 0 0 0 0 0 0 34 99 0 0 0 0 0 39 35 0 0 0 0 0 0 0 0 0 0 61 0 0 76 0 0 0 0 0 25 0 78 0 0 0 0 52 0 0 82 0 0 67 0 3 83 0 63 0 76 76 8 0 0 0 0 0 0 0 0 95 0 0 0 0 0 0 37 46 0 72 0 0 0 0
34 0 0 63 0 0 0 0 0 0 0 0 0 8 0 0 0 0 0 0 16 0 0 0 0 0 7 0 0 0 0 0 0 0 0 0 0 0 0 0 0 0 0 81 0 0 0 0 51 0 0 58 0 0 42 0 0 0 0 0 0 0 0 0 0 0 0 38 0 40 4 0 0 0 0 0 38 0 0 0 0 59 0 0 0 0 0 88 0 0 0 0 20 0 0 0 0 0 0 0
0 0 9 48 0 1 80 66 0 4 0 54 0 65 0 0 33 76 0 8 0 0 0 0 0 0 0 0 0 64 0 95 0 0 0 0 0 81 0 0 0 0 0 97 0 0 47 0 34 82 88 49 0 0 0 0 0 0 18 89 0 0 0 38 0 0 0 0 0 0 0 0 0 0 0 0 0 39 0 0 0 0 66 0 0 76 0 21 0 0 0 0 0 0 21 0 0 0 62 0
59 86 0 10 0 51 0 53 0 0 99 54 94 95 0 0 12 0 7 0 45 100 67 0 66 64 0 0 57 10 0 0 0 0 41 20 0 0 0 31 0 0 0 0 0 0 16 0 97 0 0 0 81 0 0 0 0 0 0 0 0 0 82 0 0 82 23 0 0 0 0 29 0 0 35 0 0 0 0 0 27 71 22 0 0 0 0 0 0 0 0 0 0 0 78 0 0 0 0 0
0 0 0 52 0 0 0 0 30 0 0 0 0 0 0 0 0 0 0 0 0 0 35 0 0 0 0 0 0 77 0 0 0 0 0 0 0 0 0 0 0 0 10 0 29 0 0 0 67 0 0 0 0 0 82 0 0 42 0 78 0 0 0 83 97 0 0 0 0 0 25 0 0 0 0 0 30 0 0 0 0 19 72 45 0 0 0 0 0 0 0 0 43 0 0 0 30 0 71 0
0 51 0 0 0 0 0 0 0 0 0 0 0 0 0 28 0 0 0 0 0 0 0 92 0 0 0 16 26 28 34 0 0 0 0 0 0 0 62 18 0 0 53 38 14 0 0 0 0 0 0 0 0 0 0 68 0 0 0 0 49 0 0 92 0 0 0 0 0 0 24 12 0 12 0 0 0 0 0 27 0 0 0 0 0 0 37 67 0 0 0 0 0 0 0 0 0 45 0 64
84 0 0 0 0 0 0 0 0 0 0 0 0 0 0 0 0 11 0 8 0 0 33 0 0 0 20 0 0 0 0 0 15 0 77 0 0 79 0 0 0 0 0 0 0 0 0 0 0 1 0 0 94 0 0 0 0 0 32 0 0 0 79 54 0 0 0 0 0 0 0 0 0 0 0 0 0 0 0 0 0 65 0 69 0 0 0 0 0 0 0 0 0 24 0 68 0 0 0 0
0 28 0 0 0 0 70 0 0 88 80 41 0 0 72 0 0 87 0 0 0 0 8 82 0 0 0 0 18 0 0 1 0 0 45 0 70 0 0 0 0 0 0 84 0 0 0 73 0 83 60 0 0 0 0 0 76 0 76 0 0 65 0 0 0 19 8 0 0 0 0 62 22 0 0 0 52 81 78 0 0 0 0 89 51 0 94 18 95 0 0 0 0 0 0 76 0 0 0 0
0 0 0 69 0 68 36 96 95 54 0 0 0 0 0 38 0 67 74 0 0 0 49 0 0 0 0 0 0 0 0 0 0 0 0 0 0 0 0 0 83 0 0 0 0 78 0 0 0 0 0 0 0 0 0 0 0 0 0 0 0 3 0 0 0 0 0 0 89 76 0 0 0 0 0 39 0 0 0 0 0 31 0 32 0 45 0 94 0 0 0 0 0 0 0 0 0 0 0 30
77 0 0 0 93 54 0 0 22 0 0 95 98 80 0 0 0 0 0 0 0 0 0 12 0 0 0 0 0 0 44 0 31 0 0 0 96 0 0 0 0 0 0 48 75 45 0 0 0 4 91 25 0 0 0 16 0 0 24 0 0 0 0 100 0 55 55 0 0 43 0 0 0 0 0 0 0 0 0 0 0 0 0 99 0 56 0 0 0 23 7 85 0 0 0 0 43 0 0 0
0 0 94 0 0 16 0 32 0 0 56 0 0 11 0 0 0 0 0 0 0 0 0 0 0 0 0 39 13 36 0 0 0 0 7 0 49 0 10 68 0 9 47 0 0 0 0 33 0 10 0 0 99 0 0 0 0 0 10 0 13 0 0 0 0 0 39 0 0 0 90 0 0 0 0 0 0 0 0 0 0 0 0 29 0 78 0 0 0 0 0 0 0 31 0 0 10 0 0 51
0 0 98 0 24 0 100 0 0 0 0 0 61 0 1 52 0 0 0 0 0 0 0 0 0 37 0 0 0 0 0 0 0 0 0 0 51 56 75 0 0 0 0 55 0 0 50 0 0 0 57 0 0 0 0 0 0 64 0 0 0 0 0 0 0 6 0 0 0 0 0 93 56 14 0 100 0 0 0 0 0 39 82 0 0 0 85 72 0 0 61 16 0 0 0 0 0 79 0 58
0 0 0 0 0 0 0 0 86 0 0 79 57 38 0 0 49 0 0 0 0 0 0 45 0 33 0 0 0 0 0 38 0 0 0 0 0 0 80 38 0 0 0 5 0 23 0 0 0 0 0 0 0 0 90 0 36 45 0 63 0 0 0 0 0 99 0 75 0 0 0 0 28 73 0 0 0 0 0 0 0 72 0 0 0 0 0 0 0 0 0 0 37 0 0 0 74 58 0 78
0 76 0 0 0 0 63 77 0 0 0 0 63 52 0 18 0 0 0 0 0 0 0 0 0 0 0 33 0 0 33 0 0 62 60 0 36 50 0 0 0 0 0 0 0 0 0 0 0 41 0 0 72 0 0 0 0 0 0 0 45 0 4 0 0 0 0 63 0 0 0 87 0 0 52 72 0 0 0 0 0 57 0 0 37 61 24 74 0 0 0 85 76 0 95 0 0 0 19 0
0 59 0 0 0 0 24 79 0 0 0 10 0 0 0 0 0 0 24 0 0 18 0 0 0 32 0 49 0 0 0 21 0 0 0 0 33 0 52 0 75 69 0 0 0 0 0 13 0 0 0 89 0 64 0 0 0 0 36 51 0 0 77 66 0 0 0 0 0 0 0 0 0 5 0 54 0 0 0 0 0 0 0 0 0 83 0 0 61 0 0 0 0 0 0 0 0 0 27 34
0 33 0 0 50 0 0 0 0 16 63 0 14 0 8 0 0 0 89 0 67 0 0 0 0 11 54 0 0 39 0 0 56 0 0 0 74 0 0 0 0 0 0 0 4 0 0 0 0 0 0 0 93 2 46 0 0 0 0 5 0 0 0 74 0 0 0 0 0 0 0 58 82 0 0 89 0 0 0 0 0 0 0 37 0 0 3 0 0 0 0 0 0 86 32 0 0 0 28 0
0 88 44 26 0 0 0 0 72 40 0 0 38 0 0 75 0 0 0 0 0 0 0 74 47 91 0 0 0 0 0 0 0 99 0 0 0 0 0 0 0 0 0 0 0 0 0 0 0 0 20 0 0 0 0 0 0 16 0 0 0 0 94 0 0 0 18 0 0 0 2 0 0 0 0 0 0 0 21 0 0 0 0 63 0 0 0 0 93 0 0 0 96 0 0 40 0 0 0 67
0 97 0 0 56 0 92 0 0 0 0 0 0 0 0 0 0 0 0 0 0 0 0 0 0 22 0 91 38 0 0 0 0 0 0 0 0 0 12 0 0 0 55 75 0 0 0 0 7 0 52 0 0 72 0 23 0 0 0 0 0 0 42 82 51 11 0 0 0 49 0 0 67 0 0 0 0 97 0 3 0 18 0 0 0 0 0 88 61 0 97 30 59 0 0 0 0 0 0 46
46 8 0 0 0 0 51 0 0 10 0 26 0 0 0 0 0 0 0 0 0 0 0 0 0 0 0 0 0 0 0 0 0 0 0 10 0 0 60 0 0 0 0 0 0 0 0 0 0 0 0 0 98 0 0 0 0 0 61 0 0 0 0 0 0 0 32 0 73 0 0 0 0 0 28 38 13 16 0 15 0 0 0 0 0 0 0 0 0 0 0 0 0 0 69 72 0 0 0 85
0 0 48 50 0 0 0 0 0 29 0 96 0 0 0 0 0 0 0 0 0 55 0 0 0 0 0 0 0 0 0 0 42 0 18 0 95 0 0 0 0 0 0 52 83 0 0 0 0 0 0 23 0 24 0 21 89 0 98 25 0 0 0 0 87 0 0 0 0 85 96 0 0 0 0 0 0 0 55 0 0 0 0 42 0 0 0 0 24 65 0 0 0 0 0 0 0 0 0 0
67 77 89 0 86 0 0 0 0 0 0 66 0 0 0 0 0 95 34 0 0 44 0 0 0 0 0 0 0 0 0 0 0 0 0 39 31 0 0 0 0 0 0 0 0 0 0 0 0 0 0 79 44 0 0 0 0 0 0 0 0 0 0 0 0 0 0 0 57 0 2 0 0 0 54 59 0 0 0 32 7 22 0 60 0 0 0 0 0 0 0 0 0 41 0 3 0 50 0 0
0 0 41 0 0 0 0 53 43 0 0 0 0 0 63 0 0 0 0 0 0 0 92 0 0 0 0 0 0 0 0 75 0 0 15 0 0 37 0 0 0 0 0 0 0 0 0 0 0 0 0 0 0 0 0 0 0 0 0 0 0 29 0 0 69 0 17 0 44 0 0 0 0 56 0 97 0 0 0 0 0 0 0 0 29 0 0 64 0 0 0 6 0 0 0 0 5 0 0 61
0 0 0 4 0 0 0 0 0 0 22 0 62 0 0 0 84 0 0 89 0 0 0 0 38 33 0 0 0 42 68 0 7 0 23 0 0 0 0 0 0 0 88 0 30 0 0 56 0 0 0 0 0 0 0 73 0 0 0 0 0 0 0 0 0 0 0 0 3 0 0 78 68 0 0 0 0 87 88 0 0 0 0 0 49 65 0 0 0 0 0 0 0 0 0 0 0 0 0 0
0 0 9 0 88 0 0 0 0 0 0 23 0 0 0 0 0 53 0 0 81 0 0 10 0 28 0 0 0 0 0 0 0 0 65 0 0 0 0 0 0 0 0 38 17 0 0 0 0 0 0 0 0 0 14 0 0 5 92 0 4 0 42 93 0 64 0 0 0 72 0 0 0 0 0 0 0 39 0 0 0 0 21 0 0 0 0 0 0 0 24 0 0 0 0 93 0 12 0 0
0 0 50 35 68 40 8 0 17 0 0 0 0 33 0 0 0 83 59 0 0 0 95 17 0 0 0 0 28 0 0 0 0 0 0 0 0 0 90 0 37 0 66 0 47 0 0 55 48 0 10 36 0 0 0 0 0 0 58 32 0 0 76 0 83 0 0 0 0 0 0 0 0 0 0 0 0 0 0 0 0 0 0 0 79 0 0 0 6 0 0 0 95 0 0 0 69 85 0 0
0 0 33 0 8 0 0 0 0 88 0 0 0 0 0 0 0 0 32 0 0 0 0 12 0 0 0 0 0 92 0 0 0 0 46 13 0 62 0 0 37 0 40 0 65 0 0 72 0 21 41 0 0 0 25 0 88 0 0 0 0 95 15 0 75 0 71 0 0 78 0 99 0 3 0 0 0 0 0 0 0 0 0 0 0 0 0 0 6 0 0 44 0 0 24 0 0 0 0 0
0 34 0 0 0 47 0 0 0 0 52 0 0 26 0 0 24 0 73 49 0 0 0 0 0 40 0 0 0 0 0 0 0 0 0 0 0 0 48 0 0 0 0 0 37 91 0 0 0 0 0 0 0 0 0 0 0 0 0 0 56 79 0 99 0 0 0 0 0 90 0 0 0 0 0 41 0 0 0 0 0 0 0 41 0 0 0 67 0 0 0 36 0 0 0 0 0 0 6 0
7 93 0 0 0 0 0 87 80 0 0 0 91 37 0 0 0 0 0 34 0 0 0 0 72 0 0 0 0 0 0 0 0 0 45 0 0 0 0 0 0 0 0 0 0 0 0 0 27 0 0 0 0 0 0 0 0 74 0 0 69 0 0 56 0 21 0 20 3 0 0 62 0 4 53 0 0 0 0 0 0 0 33 0 0 0 0 0 0 4 71 0 86 0 0 85 0 0 0 38
3 0 27 58 0 0 88 0 77 0 0 35 0 0 0 0 15 0 35 0 0 86 0 60 0 19 0 0 0 0 0 0 20 0 0 0 0 12 0 48 85 0 0 0 0 0 0 0 0 35 0 0 0 0 0 0 0 93 0 0 0 0 9 0 0 16 0 95 52 0 0 0 0 0 68 0 0 0 0 0 78 6 0 24 0 0 0 0 0 0 0 79 0 0 0 95 0 32 63 0
0 0 0 0 0 0 0 0 0 0 68 0 0 0 0 0 0 7 0 0 33 0 0 70 0 0 0 0 0 1 0 0 0 83 71 0 94 0 9 0 24 0 0 39 37 0 45 0 0 92 0 64 0 44 19 0 0 0 0 0 0 0 0 69 0 25 25 0 43 0 0 42 58 0 40 0 0 43 0 0 0 0 0 62 0 0 0 0 80 1 99 16 0 0 47 70 100 0 0 0
0 0 0 0 0 0 0 25 0 0 0 16 36 0 0 0 0 0 0 0 8 0 0 0 64 95 98 0 19 0 4 46 0 13 0 0 0 0 0 31 0 30 26 0 0 0 0 25 0 0 78 57 4 0 42 0 0 0 44 29 13 66 0 70 0 93 7 0 0 42 0 0 0 32 0 0 85 0 0 0 0 0 0 0 53 0 0 0 85 0 0 0 0 0 0 0 0 0 0 0
0 0 0 0 0 0 0 0 0 9 52 0 46 71 0 39 0 0 0 52 0 0 38 0 48 55 0 41 38 0 0 0 0 0 0 0 11 0 86 0 0 0 18 0 31 0 0 0 0 0 0 88 0 0 0 0 0 31 100 29 0 0 0 0 0 0 0 0 0 0 8 0 0 0 0 0 0 0 0 0 39 57 0 0 0 0 0 0 91 0 0 95 0 27 0 0 0 0 0 0
0 0 0 35 0 0 0 0 0 0 0 60 0 0 0 0 0 30 0 0 0 0 7 66 0 0 0 0 97 0 0 50 0 36 0 0 0 78 0 0 0 0 0 0 0 0 73 73 0 0 0 0 0 0 0 41 0 0 0 0 0 63 0 0 0 16 0 3 0 0 0 93 0 0 0 0 0 0 0 0 0 0 0 0 0 0 0 0 22 94 0 0 40 0 0 0 0 94 0 0
1 0 0 0 0 0 0 0 0 0 0 0 0 21 0 0 0 0 0 0 0 0 76 0 0 0 69 0 0 0 0 0 23 0 0 0 0 21 0 0 0 0 13 0 0 0 0 0 0 0 0 0 0 59 0 0 0 0 0 0 14 0 53 0 79 0 0 0 0 0 4 0 0 0 0 0 0 0 0 0 0 0 92 0 0 0 0 0 0 0 0 0 0 75 0 0 0 0 0 33
0 0 0 0 0 0 79 36 0 0 0 0 0 0 6 0 63 0 0 86 67 0 0 0 0 79 0 0 0 0 0 77 23 0 0 0 0 0 0 0 0 0 0 45 10 0 44 82 0 0 0 0 0 0 0 29 0 52 0 53 9 0 0 0 75 0 0 0 0 0 0 0 0 58 0 37 0 0 0 0 0 0 0 0 0 0 65 0 93 0 0 0 0 0 0 0 62 0 0 0
0 0 0 0 0 0 45 88 0 80 18 0 0 0 0 0 69 0 0 0 80 100 8 0 0 0 0 0 0 9 0 41 0 0 0 54 37 0 0 0 0 0 0 0 0 0 0 37 0 55 87 0 0 0 0 0 0 0 0 0 100 0 0 0 0 43 99 0 0 0 23 0 0 0 0 0 0 0 0 13 0 0 0 42 0 0 92 0 9 0 0 0 0 0 0 0 0 0 45 29
0 0 0 0 0 0 0 97 0 0 0 59 0 0 0 0 0 42 0 0 0 0 0 0 0 63 0 0 100 53 0 0 0 0 0 0 53 0 0 66 0 0 0 0 96 0 0 0 0 0 0 0 0 0 0 58 36 57 0 63 0 0 0 0 0 0 18 0 0 18 0 0 46 16 0 0 90 0 0 1 0 0 92 0 72 0 0 88 0 0 0 48 0 0 0 0 0 0 0 25
0 5 0 0 0 0 0 0 0 0 0 0 0 0 55 0 0 0 84 0 65 0 0 0 0 0 36 0 0 0 72 0 0 18 0 47 0 0 0 88 0 0 71 0 0 90 89 0 0 0 0 0 0 0 0 29 0 33 0 40 16 7 0 0 53 22 0 0 0 0 0 0 0 0 0 0 0 0 0 27 0 0 17 0 0 0 4 0 0 0 0 0 0 89 0 0 0 4 0 0
0 0 0 0 92 0 37 0 18 71 0 11 24 0 0 50 0 0 0 0 44 0 0 0 0 0 0 79 0 13 0 66 0 0 0 0 0 58 0 0 0 0 43 0 0 0 0 1 62 0 100 0 49 0 0 0 0 85 0 0 0 0 0 0 0 0 85 25 0 0 0 0 0 0 0 42 0 0 16 0 0 0 0 97 0 0 0 0 0 0 0 0 0 0 0 0 0 0 0 0
84 0 17 0 0 0 0 88 0 0 0 0 25 36 0 0 46 0 0 0 0 0 0 83 0 32 0 0 0 0 0 100 0 0 0 24 0 65 42 0 0 0 0 0 25 0 80 91 0 83 65 0 0 0 0 0 0 0 0 67 31 0 0 90 0 0 0 0 83 31 0 0 0 0 0 1 0 0 0 0 26 75 0 0 0 0 0 0 80 0 0 22 0 0 0 0 0 0 0 0
0 81 0 0 0 0 0 0 0 0 0 0 0 0 0 0 0 13 0 0 0 0 0 25 61 0 0 27 0 0 0 0 0 0 49 0 0 55 0 0 0 0 0 0 0 0 0 62 62 59 0 0 0 0 0 0 0 0 0 85 0 0 69 50 0 0 0 0 28 0 0 0 0 0 18 0 0 0 0 50 0 0 0 11 0 0 0 0 0 52 0 0 0 33 0 0 0 0 35 0
95 0 0 0 0 0 23 0 0 62 0 0 45 0 0 0 0 0 9 0 0 70 0 67 27 0 0 7 0 0 0 0 0 0 0 0 0 0 0 0 0 0 0 0 15 0 0 0 0 95 21 0 0 0 0 0 0 0 0 0 0 0 0 0 56 0 0 0 0 0 14 0 54 0 0 0 0 65 52 0 5 0 0 95 58 0 0 43 0 0 0 40 0 70 0 0 78 0 18 27
0 0 0 0 0 0 0 0 90 0 0 0 65 0 65 0 50 0 0 0 0 51 0 0 0 0 0 0 0 31 0 0 0 0 0 23 0 0 14 0 0 0 14 28 0 21 0 22 0 0 0 0 12 18 0 14 0 3 46 0 0 0 0 17 0 0 65 0 0 0 0 0 0 22 0 0 0 0 0 12 0 0 0 0 0 0 33 0 0 0 0 70 0 0 0 0 0 0 0 10
89 0 0 80 0 0 0 92 0 93 0 0 12 0 0 39 90 0 0 0 0 23 0 0 0 39 45 0 0 61 0 0 96 0 0 0 0 74 0 0 0 0 50 62 0 71 61 0 0 0 0 0 0 0 99 0 0 0 0 50 0 77 0 0 0 0 0 0 0 0 0 0 0 0 0 0 0 0 0 72 94 0 0 0 0 0 0 0 16 0 0 0 0 0 0 6 60 0 14 0
0 20 0 53 85 57 64 0 0 0 92 0 0 0 0 0 0 0 0 65 0 0 0 0 59 0 60 0 0 22 45 0 0 0 0 0 0 0 0 0 0 32 0 0 50 0 0 0 44 0 0 0 0 0 0 0 7 0 0 0 0 78 0 0 0 0 0 0 0 0 1 97 0 0 0 82 0 70 27 0 70 0 4 0 0 53 0 77 0 10 0 15 0 0 0 0 0 47 0 80
0 8 52 0 0 0 0 0 0 0 0 0 0 91 99 14 0 0 7 0 0 1 0 0 0 0 0 0 0 0 0 11 0 0 0 0 0 0 0 0 0 0 0 51 0 70 73 0 53 0 0 0 30 0 0 0 0 25 0 0 100 79 0 0 0 85 7 51 0 44 69 0 0 15 0 74 25 0 0 0 0 0 34 93 0 0 0 0 0 67 60 6 0 74 7 0 0 0 0 0
0 0 5 0 1 0 0 0 0 0 0 0 89 0 0 27 0 0 0 0 78 0 0 0 0 0 53 0 0 0 0 34 0 95 0 0 76 0 0 60 34 0 0 0 0 92 80 0 79 0 0 64 0 0 0 0 0 30 0 0 75 0 84 0 0 0 17 93 80 0 0 0 44 0 78 0 0 0 0 0 0 0 76 96 0 0 0 0 6 0 0 0 60 16 0 60 0 0 0 30
0 0 0 0 0 0 0 0 0 90 0 0 88 85 0 79 0 0 0 0 0 33 0 0 0 0 0 0 52 62 1 0 0 0 0 0 75 7 0 0 0 0 0 40 0 0 0 0 0 0 14 0 0 0 0 0 0 0 74 87 0 61 0 0 0 0 0 0 0 47 0 0 0 0 0 0 85 26 0 0 0 0 0 0 0 0 35 54 0 0 0 0 0 0 0 0 0 0 0 0
0 91 78 2 0 0 0 0 23 0 50 0 0 0 54 0 0 0 0 0 0 0 0 0 0 0 0 53 0 0 60 0 0 0 0 0 0 0 0 0 0 0 0 0 0 0 40 0 0 0 0 0 91 0 0 94 0 0 0 0 0 0 98 0 0 0 7 0 0 0 0 26 0 89 0 0 72 0 0 60 0 0 0 0 36 0 0 83 0 79 0 0 0 98 0 0 0 31 0 0
0 0 0 0 0 0 0 46 0 0 63 0 17 36 0 87 0 0 91 0 0 0 0 0 0 11 0 29 0 0 81 0 0 0 0 0 45 0 0 0 0 0 0 84 0 0 0 0 0 0 0 0 0 0 0 0 0 88 25 0 0 0 52 0 0 0 0 11 0 0 0 65 0 3 0 36 0 0 0 0 0 0 0 0 0 0 0 0 0 0 29 0 99 0 0 26 19 0 0 86
76 0 0 16 0 80 0 2 0 0 79 0 82 0 0 77 0 0 0 0 0 0 0 0 0 0 14 0 0 0 15 0 0 72 11 0 0 0 0 85 0 0 0 0 0 51 0 0 0 0 42 0 0 0 0 0 0 0 0 0 93 0 0 37 0 0 0 0 0 0 0 0 0 0 0 0 36 77 0 0 0 0 0 0 52 0 0 0 0 0 0 0 0 0 0 0 0 0 45 0
0 0 0 0 0 0 0 50 0 14 0 38 2 0 0 0 0 0 0 92 0 74 23 0 80 0 0 0 0 24 0 0 0 36 0 0 0 0 67 0 0 0 67 83 0 0 0 0 0 0 0 0 46 0 0 0 0 0 0 81 0 0 0 17 0 0 0 42 0 0 0 0 0 0 0 0 0 0 0 0 0 0 0 0 79 0 73 40 0 0 0 0 0 0 19 0 0 63 0 25
0 0 0 75 0 76 0 0 0 48 0 0 0 99 0 0 0 0 44 0 0 0 48 0 90 0 0 0 0 0 90 0 0 0 0 0 0 0 0 77 98 0 89 0 0 0 0 0 0 0 0 0 0 0 0 0 32 38 0 100 51 0 0 0 0 0 67 4 0 0 0 0 0 70 66 67 0 0 0 0 0 0 0 0 0 0 0 0 95 0 23 100 0 0 8 0 0 19 0 0
0 0 0 0 79 0 0 0 0 0 0 0 0 0 69 0 0 0 21 0 93 0 38 0 90 0 0 0 0 0 0 91 0 0 15 0 0 0 0 0 0 93 0 0 76 0 0 0 0 0 0 0 0 0 0 0 0 0 0 0 0 0 80 0 0 81 77 0 0 0 0 0 0 0 0 0 0 0 0 10 0 22 0 0 0 9 0 0 0 0 0 0 0 0 45 0 0 0 98 0
54 0 75 0 0 0 0 0 0 98 50 36 41 6 0 0 97 83 0 98 13 0 24 0 0 0 87 33 0 0 0 95 26 0 0 0 0 0 0 0 0 0 0 0 0 0 0 0 54 0 4 0 0 0 52 88 0 0 0 0 0 5 0 0 0 0 11 0 0 19 0 0 0 80 0 0 0 40 0 0 0 88 0 27 0 0 0 0 0 94 0 0 72 87 41 0 0 63 0 51
0 0 0 0 74 0 28 0 0 65 0 0 0 28 0 27 0 0 0 0 0 93 0 100 86 0 90 48 2 0 0 68 0 0 0 0 26 0 91 0 0 55 0 0 0 0 53 0 0 0 0 0 0 0 0 0 0 35 10 0 0 0 0 0 28 7 4 59 0 44 0 0 49 0 58 53 0 0 0 0 0 0 32 65 0 0 0 0 0 0 24 0 0 0 15 0 0 0 0 0
0 45 0 0 0 84 22 0 68 0 0 0 0 0 35 0 0 46 54 0 0 63 38 0 0 0 0 0 0 0 0 0 0 0 0 0 68 0 0 0 0 0 39 0 0 0 86 0 0 0 64 0 19 0 0 0 30 0 0 49 0 0 0 0 0 0 0 0 0 8 0 0 0 0 8 1 0 0 0 67 66 0 0 0 0 0 0 43 0 38 0 0 75 0 0 56 9 0 0 0
0 0 0 0 0 0 72 0 0 0 0 0 0 18 48 0 0 0 0 0 0 0 0 0 0 99 0 0 0 0 0 30 0 0 0 0 0 0 0 0 0 0 0 0 59 0 0 0 0 27 79 0 0 0 0 74 0 0 36 0 71 38 0 0 1 0 0 0 53 2 33 0 25 66 0 0 0 60 0 0 0 0 0 0 0 0 87 0 0 0 0 0 0 0 0 0 0 0 0 0
0 0 4 2 0 0 0 96 0 0 0 56 0 0 79 0 0 0 0 0 0 0 0 0 0 63 0 72 0 94 0 0 0 0 0 92 0 6 0 0 0 18 0 0 0 0 0 28 0 41 0 76 0 0 65 0 0 0 0 0 0 0 0 0 0 0 48 0 0 0 14 0 0 0 0 0 0 0 0 0 0 90 0 0 0 0 0 0 0 76 0 0 75 0 86 0 13 0 91 97
47 88 0 42 0 0 0 75 0 30 58 0 0 10 2 48 94 0 0 5 0 0 97 0 0 0 0 0 0 0 0 0 0 0 38 0 0 67 0 0 61 0 37 0 0 0 0 0 0 74 0 0 0 47 0 0 0 0 0 72 0 0 4 0 0 0 37 16 0 0 0 0 0 0 64 36 0 0 0 0 37 86 0 45 0 0 0 0 0 0 0 0 0 0 1 0 0 82 0 0
0 0 0 69 0 0 0 7 35 77 0 26 92 27 0 0 0 0 0 70 0 21 0 0 23 0 0 0 79 0 23 0 56 0 0 0 0 0 0 0 0 0 0 0 0 0 0 0 0 0 56 0 0 0 46 0 0 65 0 74 0 0 0 0 0 0 0 0 0 0 0 0 0 0 69 0 0 0 0 0 79 0 0 0 0 49 0 0 0 0 3 72 92 0 0 0 0 0 0 0
0 0 0 0 0 0 0 0 0 0 0 87 5 85 0 90 0 0 0 0 0 48 0 0 0 0 0 65 0 0 84 0 60 71 0 0 43 0 0 0 0 0 0 0 0 38 46 7 0 0 0 68 0 0 0 0 91 23 0 0 76 70 0 22 0 79 0 0 0 0 48 0 41 86 0 0 0 0 0 0 0 82 41 0 45 0 0 0 0 0 39 0 0 0 50 0 0 0 0 0
0 19 0 0 0 0 32 22 72 0 10 0 0 0 0 0 0 0 0 0 91 0 0 0 0 58 53 73 0 0 0 73 0 0 70 44 0 0 0 0 0 0 0 33 80 0 0 0 0 0 0 0 0 13 0 57 73 100 70 0 0 0 0 72 87 31 0 0 0 0 0 59 74 0 19 0 10 0 54 18 0 0 0 7 0 0 0 51 83 11 0 0 0 0 0 0 41 94 0 0
0 0 0 32 0 0 0 0 0 0 0 0 0 0 47 0 29 0 0 0 0 100 91 70 0 59 61 29 0 24 0 15 1 17 8 88 5 0 0 0 0 0 0 0 0 0 0 0 0 0 0 0 6 0 0 0 0 78 0 0 0 64 0 0 0 62 0 0 0 0 17 90 29 0 0 22 0 27 0 0 0 96 0 0 4 82 7 33 0 0 37 0 0 71 0 0 0 5 0 38
0 0 0 39 72 0 0 0 0 84 0 68 0 0 0 83 0 0 0 82 0 0 0 0 0 14 0 0 0 0 0 72 0 0 0 0 0 0 0 0 0 0 0 0 0 0 0 11 0 0 40 0 0 0 0 82 0 0 61 57 26 0 0 77 0 0 0 0 0 17 0 0 34 0 22 0 0 0 0 24 76 0 6 0 0 0 72 0 0 0 0 0 0 0 0 0 0 90 0 0
0 39 0 0 38 0 0 0 78 0 52 0 97 12 0 0 0 88 0 0 0 0 36 0 0 0 0 42 0 25 0 98 0 0 0 0 0 0 0 0 50 76 0 94 0 0 0 0 0 80 0 16 0 0 0 0 0 0 0 0 0 0 96 0 0 0 0 0 0 0 0 0 0 0 0 22 0 0 0 0 0 0 0 0 0 74 0 0 0 0 0 0 0 0 4 0 0 0 0 0
0 0 0 45 0 9 0 0 82 96 0 0 0 63 0 0 71 0 0 0 0 49 0 0 0 0 0 0 0 0 0 0 0 0 0 0 0 0 0 0 49 0 0 65 0 0 0 77 0 0 0 0 0 0 0 0 0 0 0 0 0 0 39 100 0 7 93 0 0 0 0 0 0 0 0 0 0 0 3 0 0 0 65 0 0 0 0 0 13 0 0 0 0 0 64 0 22 26 18 0
0 0 0 0 0 32 93 0 88 0 0 0 0 0 0 0 93 0 23 0 0 64 18 0 0 0 2 0 0 0 37 0 0 0 0 0 0 0 1 11 57 95 92 47 0 0 0 35 0 0 0 57 21 28 0 0 0 0 0 0 0 0 0 16 0 0 0 0 0 0 0 0 18 0 0 0 0 0 90 0 0 0 13 0 0 0 0 0 0 0 0 0 0 0 0 0 0 0 0 95
0 0 0 0 57 0 0 0 0 0 11 14 0 67 0 0 0 0 80 0 0 0 0 0 84 61 9 0 0 0 71 0 0 0 0 0 97 0 0 0 0 0 0 0 95 0 100 0 0 0 0 0 0 36 0 0 48 8 18 0 0 0 0 0 0 0 0 0 0 0 87 0 0 79 0 0 29 13 0 0 0 0 15 0 0 0 0 27 0 0 0 43 89 0 0 58 0 0 0 0
0 0 0 62 0 0 0 0 0 74 0 0 0 0 0 0 0 85 0 0 0 0 46 62 0 0 75 0 0 0 0 0 0 64 72 36 96 0 0 45 0 0 0 6 0 0 0 57 22 0 0 0 98 0 43 87 0 15 0 79 0 0 24 91 0 0 0 0 0 0 0 0 0 0 30 0 0 0 6 0 0 0 0 0 0 0 92 84 0 96 0 96 0 0 0 0 0 0 0 0
0 0 91 0 63 0 0 0 0 0 0 25 0 11 0 0 0 0 93 0 0 0 0 0 0 0 0 0 83 0 0 5 78 0 0 76 0 0 0 0 0 0 0 93 0 0 0 0 0 0 0 0 0 0 0 0 0 0 8 0 0 0 0 0 0 0 74 0 0 0 0 0 0 0 0 0 0 17 0 84 0 0 0 0 0 0 0 0 0 70 0 0 0 35 0 0 0 40 0 42
0 0 0 0 0 0 0 0 0 0 0 0 0 0 0 64 59 33 0 0 0 16 0 56 31 0 0 15 0 0 0 0 0 99 23 0 0 0 59 67 0 0 0 0 18 0 0 0 0 0 0 0 0 53 2 68 0 0 0 6 0 0 0 0 27 0 0 27 0 0 0 0 91 25 14 0 0 0 0 0 0 0 7 0 0 0 0 0 0 0 0 0 0 0 54 81 0 0 0 0
77 55 57 0 0 0 0 0 0 0 0 0 34 37 0 0 0 0 55 40 0 0 0 20 0 0 0 0 0 0 0 2 0 74 0 84 0 0 91 75 0 0 0 0 6 0 25 0 0 3 0 51 0 0 0 0 33 0 50 0 0 0 0 0 89 0 45 0 0 0 0 0 38 63 0 55 0 0 0 0 0 59 0 0 0 0 0 0 0 51 0 0 0 0 0 0 0 0 19 0
0 0 0 22 0 0 0 7 0 93 0 23 0 8 48 0 0 0 0 61 0 0 0 0 0 0 0 0 0 0 0 0 9 0 0 0 0 0 0 39 0 0 0 0 0 56 94 0 0 31 0 7 0 38 0 31 23 37 0 0 0 50 0 0 0 0 0 0 0 0 43 0 0 0 0 0 0 14 0 0 0 0 0 0 98 0 84 38 12 0 0 0 0 0 0 0 0 0 95 0
0 42 0 0 58 0 0 48 0 0 0 87 0 0 0 0 0 0 0 0 0 80 0 0 0 92 49 0 37 0 0 0 0 0 0 83 0 0 0 0 0 85 81 0 0 0 0 0 0 61 0 54 0 0 0 0 0 84 0 0 0 0 0 0 99 0 0 0 0 23 0 0 0 0 0 0 0 0 0 94 0 0 13 0 0 0 0 79 22 0 0 13 100 0 0 76 0 0 0 0
0 0 5 67 91 0 0 55 0 0 69 94 0 0 0 0 0 0 0 0 77 0 0 46 0 79 77 0 0 0 0 0 0 86 28 10 43 0 95 0 0 0 0 0 0 0 30 49 0 0 0 25 92 0 0 0 0 42 0 0 0 0 0 0 0 22 0 43 0 0 36 0 0 26 0 4 0 22 0 0 0 0 0 0 0 0 0 0 0 0 0 0 94 0 0 0 0 0 0 24
0 0 0 61 98 0 0 0 0 0 84 0 20 0 0 0 0 0 0 0 0 0 0 0 0 0 0 5 22 0 0 0 0 10 0 0 0 54 0 64 0 0 0 39 0 0 0 0 63 38 0 87 0 0 0 0 0 0 0 0 0 0 0 0 0 0 16 1 0 0 0 20 83 0 0 0 0 71 0 0 43 0 0 0 0 0 0 0 0 0 0 0 0 0 0 0 92 40 78 0
84 0 0 0 0 18 0 8 0 0 0 0 0 20 0 0 0 70 0 0 0 0 0 0 0 0 0 87 0 0 0 0 0 0 0 0 0 0 0 0 0 0 54 0 0 0 0 0 0 0 33 0 0 0 0 59 0 0 0 0 0 0 0 0 0 0 0 47 59 0 0 51 93 0 30 0 0 88 0 40 0 0 0 0 0 0 0 0 0 0 0 0 0 86 0 0 89 0 0 0
98 0 12 0 61 11 0 0 0 0 0 0 0 0 0 19 0 40 0 0 0 0 0 0 94 47 0 0 60 81 0 40 29 0 0 0 0 0 0 45 99 41 23 0 0 0 0 0 0 0 0 0 0 23 0 17 32 0 0 0 0 0 0 0 0 0 11 0 0 0 0 0 0 0 0 0 0 63 0 0 0 0 0 0 0 0 0 0 0 0 14 0 33 0 0 0 9 0 0 0
0 0 0 76 71 0 0 79 0 75 0 0 19 0 51 0 0 0 44 79 0 0 62 0 0 0 31 0 0 0 0 100 61 0 0 62 0 0 0 0 0 0 25 81 65 0 0 0 0 0 0 0 0 28 0 0 0 54 0 0 84 0 15 0 96 0 0 22 0 0 0 0 0 0 0 0 100 46 0 0 0 0 0 95 0 0 0 0 0 0 0 41 2 29 0 0 18 0 0 0
0 0 0 0 0 0 47 0 0 0 61 0 73 92 0 0 0 0 0 36 0 0 0 0 0 27 0 0 0 0 75 0 0 15 76 0 0 22 92 0 73 0 0 0 0 0 0 0 42 0 0 0 0 86 70 0 0 0 0 0 0 0 0 0 0 4 0 23 80 0 0 0 0 0 0 99 0 30 33 0 0 0 0 0 0 0 0 0 0 0 0 0 0 78 0 0 0 0 77 0
0 0 0 0 9 67 0 0 0 0 0 0 99 0 58 0 0 0 83 0 0 0 0 77 0 0 0 0 34 0 0 75 0 0 0 0 0 0 0 0 0 74 0 0 76 0 0 0 26 0 0 0 0 0 28 0 0 7 0 0 0 0 0 0 0 0 0 0 0 0 0 0 0 22 0 20 22 0 0 0 0 0 0 0 28 0 58 0 0 66 0 0 0 0 0 0 0 0 6 0
50 0 0 0 0 0 6 0 0 0 0 0 0 9 74 83 0 0 0 0 0 0 0 38 0 49 0 0 0 0 93 82 0 0 0 0 0 0 0 0 0 75 0 0 0 0 0 29 0 0 33 0 0 3 0 0 0 0 0 0 0 0 0 0 0 42 11 0 0 0 52 16 0 0 0 0 0 0 38 0 4 0 0 0 10 0 0 73 0 0 0 0 0 69 0 1 13 0 64 0
60 0 0 74 0 0 0 0 0 0 0 0 9 0 0 0 0 0 0 0 19 0 0 0 0 0 0 0 0 0 0 47 0 0 0 0 0 0 0 98 0 0 70 0 0 35 0 0 0 0 0 0 0 61 21 10 0 0 44 10 13 0 0 0 0 0 0 0 0 0 39 0 0 0 0 82 0 0 0 0 0 0 0 0 0 0 0 0 0 0 0 0 0 0 0 0 0 0 0 87
0 0 77 0 0 0 83 0 0 37 0 0 63 0 0 0 0 76 0 0 0 0 29 0 0 0 0 0 0 0 61 0 0 0 62 0 0 0 0 0 1 0 0 0 0 0 0 0 0 66 0 0 0 0 37 0 0 24 0 74 83 0 0 0 0 0 36 0 0 13 30 42 0 0 28 0 0 0 0 0 0 0 68 0 0 0 76 33 83 0 0 10 0 18 0 0 0 9 45 0
0 40 0 0 0 0 0 12 0 0 18 0 97 82 39 0 31 0 0 10 0 0 0 67 0 0 7 0 0 0 0 0 100 0 0 19 0 0 0 0 0 84 3 6 0 0 0 0 0 0 0 0 0 0 0 0 0 0 0 31 0 0 0 0 52 0 0 0 30 0 0 0 0 0 0 0 45 0 0 0 0 0 0 0 0 0 0 0 0 0 0 0 0 0 1 0 0 22 0 59
28 0 0 0 0 10 0 0 0 0 50 24 34 0 0 46 65 11 89 0 0 82 16 0 56 16 0 79 0 0 55 0 0 0 0 0 72 79 0 0 0 0 0 0 21 0 0 0 0 0 0 0 0 19 0 100 17 21 0 0 0 92 71 0 0 0 90 0 0 0 0 0 46 77 0 96 0 0 0 0 21 88 0 0 0 0 0 10 0 17 0 67 0 0 0 0 0 0 3 51
32 0 0 0 0 0 0 0 0 35 0 0 0 0 0 0 74 0 0 0 24 0 0 0 0 0 0 72 0 0 0 0 0 0 0 0 59 0 94 6 0 0 0 94 0 0 0 62 0 0 0 0 16 0 0 0 0 0 0 6 0 66 83 0 35 92 1 25 0 97 0 33 0 92 0 0 16 0 0 0 0 67 0 0 0 0 0 0 0 0 60 42 0 0 28 85 0 80 0 0
0 0 0 13 0 0 0 0 0 0 0 0 0 67 0 0 0 0 0 0 78 0 37 0 42 0 19 0 94 56 83 0 0 0 0 41 18 0 0 0 0 0 99 0 5 0 0 0 0 0 0 0 0 0 27 0 0 13 86 0 0 0 0 0 0 0 0 0 27 28 0 0 0 0 0 0 0 35 0 0 0 0 0 0 0 0 13 0 0 0 0 0 54 0 0 0 0 0 0 0
0 0 0 0 0 0 0 0 0 0 0 0 37 0 0 0 0 39 0 0 0 0 0 0 47 73 0 0 0 0 0 0 0 0 0 0 0 0 0 82 0 0 0 0 94 0 0 5 0 0 89 0 0 0 49 0 0 0 0 0 13 0 83 0 0 0 0 10 0 0 0 0 0 0 0 0 0 68 73 17 63 0 0 0 0 54 0 99 0 0 0 4 0 0 0 0 0 0 0 0
0 0 0 0 0 0 0 0 0 0 0 0 0 0 0 34 0 0 0 0 0 0 0 0 55 0 0 69 0 11 0 29 0 0 0 0 0 0 0 42 0 32 29 0 0 0 51 0 0 55 0 0 0 0 0 0 38 0 0 0 0 0 0 0 0 0 0 0 0 0 0 8 0 0 0 100 0 0 0 14 38 0 81 0 0 0 48 0 0 0 0 0 0 0 0 0 0 0 66 0
0 15 0 0 72 24 0 0 0 97 0 100 0 87 25 0 0 75 0 0 0 0 86 0 0 0 0 80 0 36 94 13 0 0 0 97 0 0 0 0 0 13 0 69 0 0 0 0 0 17 0 0 74 0 0 0 0 0 0 0 0 0 65 0 0 0 0 0 0 0 0 7 70 0 0 0 0 4 0 0 0 33 0 0 13 48 0 0 85 92 0 66 0 0 0 9 0 0 0 12
0 48 0 0 76 3 0 0 0 0 0 0 0 0 0 0 43 0 0 0 0 0 0 0 0 38 0 0 48 0 90 0 36 0 0 62 0 0 0 63 0 0 0 0 0 0 0 8 67 11 80 0 0 0 0 0 0 0 0 95 0 22 0 0 0 7 0 56 0 25 0 26 0 35 0 75 0 34 0 0 0 0 87 0 40 0 0 0 0 0 14 0 87 52 0 0 0 0 0 0
0 1 19 0 32 0 0 0 0 0 0 0 0 0 0 59 54 0 0 0 33 0 0 31 0 43 0 0 0 57 77 0 0 0 0 0 95 0 0 21 0 0 0 0 11 0 0 0 81 53 0 0 44 0 0 85 0 0 53 0 0 0 53 0 0 0 0 0 53 0 0 0 0 0 0 0 0 0 0 0 0 7 0 0 17 0 0 0 0 0 0 0 0 0 0 0 0 0 64 0
0 76 66 0 45 0 0 0 0 18 0 0 0 79 0 57 0 8 0 15 0 2 0 0 0 0 23 0 0 0 0 76 0 0 44 0 0 0 0 0 16 0 0 0 47 0 0 0 0 0 0 0 0 0 0 0 0 0 0 81 0 0 0 0 0 37 0 0 0 0 0 0 90 98 19 0 0 0 36 20 0 0 0 0 0 78 0 47 51 0 0 0 3 0 88 0 0 13 0 93
72 0 0 0 0 11 0 0 0 0 0 0 0 65 0 89 25 0 0 0 0 0 64 48 0 0 0 0 60 0 0 63 0 0 0 0 0 0 0 43 0 0 0 0 0 37 0 0 53 0 0 0 0 0 0 0 0 0 0 0 0 0 0 0 0 0 0 0 0 63 0 4 8 0 49 0 0 59 0 0 0 0 55 28 0 0 12 0 49 0 0 0 0 0 0 56 0 0 0 0
0 0 0 0 0 91 0 0 0 57 0 73 0 0 86 0 0 0 0 0 0 80 0 0 68 95 0 0 0 25 3 0 0 0 0 0 0 0 0 0 0 0 32 14 0 0 0 0 0 0 20 0 0 0 0 0 22 0 86 44 0 0 0 4 45 0 0 0 0 0 0 0 0 0 94 0 0 0 0 37 0 60 0 0 0 0 66 0 11 0 0 5 0 0 68 45 0 0 0 0
0 0 0 0 0 0 0 0 0 25 0 0 0 0 0 0 0 0 0 55 0 0 35 0 0 97 0 30 0 0 9 0 75 0 0 69 0 0 0 5 46 13 0 46 39 67 0 39 35 0 0 0 0 0 0 0 0 0 0 0 92 0 0 44 0 0 65 15 50 0 0 49 0 0 0 45 0 0 0 0 5 0 0 17 12 91 0 0 0 22 0 0 0 41 0 0 0 0 93 0
0 0 0 0 0 0 0 0 0 49 90 78 0 40 0 0 0 37 96 0 0 4 50 0 0 0 0 0 0 0 56 0 0 0 73 0 0 0 0 0 0 0 31 8 0 0 41 0 49 82 0 21 0 0 2 0 18 0 0 0 0 0 0 0 0 0 0 0 0 73 93 0 0 0 0 34 0 0 71 92 0 0 0 18 0 0 64 50 0 0 68 88 92 0 0 0 0 0 0 0
0 90 0 0 0 0 0 16 26 0 0 25 65 64 0 0 0 0 0 0 0 0 0 0 0 0 0 0 0 94 0 0 0 0 24 5 0 37 0 0 0 0 0 0 82 91 0 0 4 23 0 55 0 0 0 0 0 0 0 0 51 0 0 0 0 0 0 0 0 0 22 0 58 0 0 0 0 21 0 0 0 0 18 97 76 0 72 0 0 0 0 0 0 0 0 0 0 71 0 78
0 43 0 0 0 50 0 0 0 0 0 0 0 0 0 0 0 0 0 5 0 0 0 0 0 0 83 7 0 0 0 0 0 84 86 0 0 0 0 0 0 0 0 0 0 59 0 0 23 0 0 0 0 0 12 0 66 0 0 0 0 4 0 0 43 0 0 57 0 19 54 0 55 0 32 90 84 0 0 0 0 0 0 0 0 93 0 0 0 0 0 0 37 15 0 55 0 0 0 0
47 0 0 74 0 0 0 0 0 0 0 0 0 19 0 0 0 0 0 0 79 0 0 0 0 0 100 0 0 0 0 0 0 0 0 0 0 0 0 0 0 0 0 2 0 0 0 0 1 0 0 95 0 0 33 0 0 0 0 0 0 0 0 0 0 0 0 60 0 83 3 0 0 0 0 0 86 0 0 0 0 17 0 0 0 0 0 33 0 0 0 0 89 0 0 0 0 0 0 0
0 0 23 70 0 44 73 80 0 2 0 72 0 86 0 0 75 40 0 26 0 0 0 0 0 0 0 0 0 73 0 9 0 0 0 0 0 5 0 0 0 0 0 85 0 0 38 0 53 61 66 52 0 0 0 0 0 0 87 61 0 0 0 53 0 0 0 0 0 0 0 0 0 0 0 0 0 40 0 0 0 0 40 0 0 11 0 26 0 0 0 0 0 0 15 0 0 0 54 0
53 7 0 84 0 51 0 26 0 0 39 65 32 88 0 0 5 0 96 0 71 84 44 0 34 97 0 0 65 94 0 0 0 0 77 99 0 0 0 22 0 0 0 0 0 0 2 0 48 0 0 0 32 0 0 0 0 0 0 0 0 0 67 0 0 23 81 0 0 0 0 57 0 0 5 0 0 0 0 0 48 99 62 0 0 0 0 0 0 0 0 0 0 0 6 0 0 0 0 0
0 0 0 68 0 0 0 0 64 0 0 0 0 0 0 0 0 0 0 0 0 0 74 0 0 0 0 0 0 73 0 0 0 0 0 0 0 0 0 0 0 0 94 0 82 0 0 0 80 0 0 0 0 0 89 0 0 98 0 11 0 0 0 2 62 0 0 0 0 0 45 0 0 0 0 0 14 0 0 0 0 76 70 94 0 0 0 0 0 0 0 0 22 0 0 0 74 0 71 0
0 10 0 0 0 0 0 0 0 0 0 0 0 0 0 100 0 0 0 0 0 0 0 27 0 0 0 56 92 56 34 0 0 0 0 0 0 0 63 55 0 0 95 98 91 0 0 0 0 0 0 0 0 0 0 15 0 0 0 0 69 0 0 96 0 0 0 0 0 0 9 30 0 85 0 0 0 0 0 40 0 0 0 0 0 0 4 65 0 0 0 0 0 0 0 0 0 96 0 36
9 0 0 0 0 0 0 0 0 0 0 0 0 0 0 0 0 12 0 71 0 0 6 0 0 0 1 0 0 0 0 0 19 0 7 0 0 49 0 0 0 0 0 0 0 0 0 0 0 83 0 0 27 0 0 0 0 0 12 0 0 0 4 68 0 0 0 0 0 0 0 0 0 0 0 0 0 0 0 0 0 95 0 9 0 0 0 0 0 0 0 0 0 38 0 73 0 0 0 0
0 7 0 0 0 0 15 0 0 4 1 99 0 0 14 0 0 21 0 0 0 0 54 95 0 0 0 0 45 0 0 74 0 0 65 0 27 0 0 0 0 0 0 56 0 0 0 96 0 78 14 0 0 0 0 0 94 0 75 0 0 5 0 0 0 12 4 0 0 0 0 89 3 0 0 0 21 26 98 0 0 0 0 80 74 0 6 39 8 0 0 0 0 0 0 95 0 0 0 0
0 0 0 76 0 26 72 76 53 90 0 0 0 0 0 76 0 93 7 0 0 0 11 0 0 0 0 0 0 0 0 0 0 0 0 0 0 0 0 0 27 0 0 0 0 59 0 0 0 0 0 0 0 0 0 0 0 0 0 0 0 2 0 0 0 0 0 0 88 45 0 0 0 0 0 42 0 0 0 0 0 40 0 59 0 58 0 22 0 0 0 0 0 0 0 0 0 0 0 54
21 0 0 0 46 42 0 0 61 0 0 68 85 42 0 0 0 0 0 0 0 0 0 26 0 0 0 0 0 0 58 0 99 0 0 0 23 0 0 0 0 0 0 48 34 19 0 0 0 30 29 54 0 0 0 51 0 0 70 0 0 0 0 74 0 43 65 0 0 89 0 0 0 0 0 0 0 0 0 0 0 0 0 50 0 15 0 0 0 9 49 72 0 0 0 0 62 0 0 0
0 0 79 0 0 35 0 63 0 0 43 0 0 7 0 0 0 0 0 0 0 0 0 0 0 0 0 58 39 62 0 0 0 0 26 0 37 0 33 83 0 50 65 0 0 0 0 4 0 96 0 0 24 0 0 0 0 0 18 0 99 0 0 0 0 0 13 0 0 0 37 0 0 0 0 0 0 0 0 0 0 0 0 24 0 8 0 0 0 0 0 0 0 98 0 0 41 0 0 48
0 0 74 0 97 0 66 0 0 0 0 0 80 0 44 24 0 0 0 0 0 0 0 0 0 73 0 0 0 0 0 0 0 0 0 0 69 9 75 0 0 0 0 11 0 0 70 0 0 0 28 0 0 0 0 0 0 90 0 0 0 0 0 0 0 53 0 0 0 0 0 43 97 11 0 36 0 0 0 0 0 100 94 0 0 0 64 31 0 0 70 11 0 0 0 0 0 62 0 99
0 0 0 0 0 0 0 0 81 0 0 29 95 100 0 0 91 0 0 0 0 0 0 41 0 96 0 0 0 0 0 86 0 0 0 0 0 0 62 76 0 0 0 81 0 47 0 0 0 0 0 0 0 0 42 0 87 76 0 97 0 0 0 0 0 33 0 93 0 0 0 0 84 98 0 0 0 0 0 0 0 40 0 0 0 0 0 0 0 0 0 0 27 0 0 0 8 51 0 84
0 11 0 0 0 0 53 81 0 0 0 0 63 57 0 9 0 0 0 0 0 0 0 0 0 0 0 6 0 0 26 0 0 9 17 0 41 29 0 0 0 0 0 0 0 0 0 0 0 54 0 0 85 0 0 0 0 0 0 0 46 0 45 0 0 0 0 32 0 0 0 92 0 0 88 61 0 0 0 0 0 54 0 0 44 77 48 46 0 0 0 41 90 0 16 0 0 0 57 0
0 97 0 0 0 0 34 97 0 0 0 34 0 0 0 0 0 0 92 0 0 65 0 0 0 28 0 98 0 0 0 93 0 0 0 0 33 0 63 0 73 66 0 0 0 0 0 39 0 0 0 100 0 49 0 0 0 0 13 60 0 0 45 83 0 0 0 0 0 0 0 0 0 32 0 57 0 0 0 0 0 0 0 0 0 50 0 0 15 0 0 0 0 0 0 0 0 0 41 32
0 39 0 0 10 0 0 0 0 6 10 0 54 0 68 0 0 0 2 0 92 0 0 0 0 69 31 0 0 5 0 0 50 0 0 0 20 0 0 0 0 0 0 0 37 0 0 0 0 0 0 0 65 34 51 0 0 0 0 68 0 0 0 94 0 0 0 0 0 0 0 80 34 0 0 48 0 0 0 0 0 0 0 3 0 0 60 0 0 0 0 0 0 68 12 0 0 0 36 0
0 82 100 88 0 0 0 0 6 80 0 0 3 0 0 54 0 0 0 0 0 0 0 67 17 90 0 0 0 0 0 0 0 100 0 0 0 0 0 0 0 0 0 0 0 0 0 0 0 0 43 0 0 0 0 0 0 77 0 0 0 0 100 0 0 0 41 0 0 0 25 0 0 0 0 0 0 0 60 0 0 0 0 82 0 0 0 0 18 0 0 0 98 0 0 10 0 0 0 37
0 70 0 0 57 0 21 0 0 0 0 0 0 0 0 0 0 0 0 0 0 0 0 0 0 46 0 67 5 0 0 0 0 0 0 0 0 0 21 0 0 0 89 25 0 0 0 0 16 0 15 0 0 16 0 26 0 0 0 0 0 0 94 43 68 13 0 0 0 35 0 0 44 0 0 0 0 85 0 38 0 29 0 0 0 0 0 22 30 0 31 26 33 0 0 0 0 0 0 55
75 60 0 0 0 0 27 0 0 67 0 18 0 0 0 0 0 0 0 0 0 0 0 0 0 0 0 0 0 0 0 0 0 0 0 84 0 0 11 0 0 0 0 0 0 0 0 0 0 0 0 0 13 0 0 0 0 0 86 0 0 0 0 0 0 0 80 0 34 0 0 0 0 0 55 4 99 97 0 1 0 0 0 0 0 0 0 0 0 0 0 0 0 0 44 73 0 0 0 33
0 0 56 70 0 0 0 0 0 48 0 62 0 0 0 0 0 0 0 0 0 3 0 0 0 0 0 0 0 0 0 0 13 0 79 0 5 0 0 0 0 0 0 24 28 0 0 0 0 0 0 13 0 66 0 38 78 0 98 5 0 0 0 0 95 0 0 0 0 19 93 0 0 0 0 0 0 0 90 0 0 0 0 46 0 0 0 0 94 54 0 0 0 0 0 0 0 0 0 0
67 53 40 0 31 0 0 0 0 0 0 91 0 0 0 0 0 98 28 0 0 92 0 0 0 0 0 0 0 0 0 0 0 0 0 55 13 0 0 0 0 0 0 0 0 0 0 0 0 0 0 33 87 0 0 0 0 0 0 0 0 0 0 0 0 0 0 0 12 0 66 0 0 0 14 67 0 0 0 72 31 74 0 57 0 0 0 0 0 0 0 0 0 40 0 15 0 78 0 0
0 0 33 0 0 0 0 92 67 0 0 0 0 0 60 0 0 0 0 0 0 0 13 0 0 0 0 0 0 0 0 24 0 0 76 0 0 61 0 0 0 0 0 0 0 0 0 0 0 0 0 0 0 0 0 0 0 0 0 0 0 70 0 0 97 0 15 0 42 0 0 0 0 47 0 53 0 0 0 0 0 0 0 0 75 0 0 14 0 0 0 58 0 0 0 0 78 0 0 21
0 0 0 47 0 0 0 0 0 0 8 0 4 0 0 0 76 0 0 27 0 0 0 0 94 69 0 0 0 77 24 0 94 0 39 0 0 0 0 0 0 0 7 0 71 0 0 29 0 0 0 0 0 0 0 86 0 0 0 0 0 0 0 0 0 0 0 0 40 0 0 52 87 0 0 0 0 99 46 0 0 0 0 0 5 98 0 0 0 0 0 0 0 0 0 0 0 0 0 0
0 0 41 0 45 0 0 0 0 0 0 60 0 0 0 0 0 72 0 0 38 0 0 26 0 57 0 0 0 0 0 0 0 0 77 0 0 0 0 0 0 0 0 23 22 0 0 0 0 0 0 0 0 0 68 0 0 60 20 0 73 0 92 9 0 63 0 0 0 55 0 0 0 0 0 0 0 90 0 0 0 0 63 0 0 0 0 0 0 0 87 0 0 0 0 74 0 37 0 0
0 0 4 62 10 58 72 0 53 0 0 0 0 90 0 0 0 91 12 0 0 0 76 62 0 0 0 0 20 0 0 0 0 0 0 0 0 0 16 0 62 0 63 0 16 0 0 6 92 0 91 12 0 0 0 0 0 0 79 47 0 0 67 0 95 0 0 0 0 0 0 0 0 0 0 0 0 0 0 0 0 0 0 0 34 0 0 0 35 0 0 0 88 0 0 0 17 63 0 0
0 0 34 0 37 0 0 0 0 43 0 0 0 0 0 0 0 0 95 0 0 0 0 83 0 0 0 0 0 62 0 0 0 0 30 81 0 11 0 0 68 0 26 0 90 0 0 71 0 24 92 0 0 0 76 0 67 0 0 0 0 38 81 0 53 0 29 0 0 54 0 32 0 34 0 0 0 0 0 0 0 0 0 0 0 0 0 0 1 0 0 84 0 0 26 0 0 0 0 0
0 98 0 0 0 21 0 0 0 0 17 0 0 95 0 0 49 0 4 100 0 0 0 0 0 14 0 0 0 0 0 0 0 0 0 0 0 0 37 0 0 0 0 0 92 3 0 0 0 0 0 0 0 0 0 0 0 0 0 0 15 25 0 15 0 0 0 0 0 49 0 0 0 0 0 61 0 0 0 0 0 0 0 21 0 0 0 3 0 0 0 78 0 0 0 0 0 0 96 0
96 74 0 0 0 0 0 90 50 0 0 0 4 87 0 0 0 0 0 59 0 0 0 0 94 0 0 0 0 0 0 0 0 0 4 0 0 0 0 0 0 0 0 0 0 0 0 0 22 0 0 0 0 0 0 0 0 10 0 0 19 0 0 38 0 80 0 51 14 0 0 21 0 48 19 0 0 0 0 0 0 0 29 0 0 0 0 0 0 1 100 0 51 0 0 21 0 0 0 62
42 0 68 85 0 0 83 0 75 0 0 37 0 0 0 0 3 0 29 0 0 79 0 44 0 39 0 0 0 0 0 0 90 0 0 0 0 21 0 39 57 0 0 0 0 0 0 0 0 9 0 0 0 0 0 0 0 66 0 0 0 0 14 0 0 91 0 19 15 0 0 0 0 0 75 0 0 0 0 0 31 32 0 42 0 0 0 0 0 0 0 2 0 0 0 75 0 20 2 0
0 0 0 0 0 0 0 0 0 0 38 0 0 0 0 0 0 29 0 0 85 0 0 16 0 0 0 0 0 91 0 0 0 96 93 0 41 0 92 0 55 0 0 68 13 0 95 0 0 37 0 42 0 99 99 0 0 0 0 0 0 0 0 15 0 24 43 0 56 0 0 92 99 0 85 0 0 9 0 0 0 0 0 25 0 0 0 0 46 60 71 42 0 0 53 34 72 0 0 0
0 0 0 0 0 0 0 61 0 0 0 95 80 0 0 0 0 0 0 0 76 0 0 0 88 3 23 0 32 0 1 47 0 5 0 0 0 0 0 6 0 75 59 0 0 0 0 73 0 0 99 51 85 0 50 0 0 0 43 40 36 58 0 75 0 66 53 0 0 89 0 0 0 40 0 0 52 0 0 0 0 0 0 0 22 0 0 0 26 0 0 0 0 0 0 0 0 0 0 0
0 0 0 0 0 0 0 0 0 22 67 0 77 61 0 39 0 0 0 8 0 0 40 0 56 64 0 18 18 0 0 0 0 0 0 0 61 0 73 0 0 0 39 0 76 0 0 0 0 0 0 53 0 0 0 0 0 27 22 99 0 0 0 0 0 0 0 0 0 0 98 0 0 0 0 0 0 0 0 0 63 84 0 0 0 0 0 0 90 0 0 60 0 16 0 0 0 0 0 0
0 0 0 92 0 0 0 0 0 0 0 30 0 0 0 0 0 52 0 0 0 0 11 38 0 0 0 0 34 0 0 84 0 80 0 0 0 92 0 0 0 0 0 0 0 0 13 53 0 0 0 0 0 0 0 57 0 0 0 0 0 19 0 0 0 87 0 70 0 0 0 63 0 0 0 0 0 0 0 0 0 0 0 0 0 0 0 0 69 12 0 0 58 0 0 0 0 16 0 0
53 0 0 0 0 0 0 0 0 0 0 0 0 28 0 0 0 0 0 0 0 0 96 0 0 0 58 0 0 0 0 0 10 0 0 0 0 41 0 0 0 0 15 0 0 0 0 0 0 0 0 0 0 6 0 0 0 0 0 0 21 0 78 0 76 0 0 0 0 0 82 0 0 0 0 0 0 0 0 0 0 0 85 0 0 0 0 0 0 0 0 0 0 2 0 0 0 0 0 58
0 0 0 0 0 0 94 32 0 0 0 0 0 0 53 0 29 0 0 93 44 0 0 0 0 64 0 0 0 0 0 69 76 0 0 0 0 0 0 0 0 0 0 32 53 0 99 33 0 0 0 0 0 0 0 38 0 8 0 58 97 0 0 0 39 0 0 0 0 0 0 0 0 73 0 84 0 0 0 0 0 0 0 0 0 0 86 0 80 0 0 0 0 0 0 0 80 0 0 0
0 0 0 0 0 0 61 93 0 32 37 0 0 0 0 0 4 0 0 0 43 66 37 0 0 0 0 0 0 38 0 36 0 0 0 62 40 0 0 0 0 0 0 0 0 0 0 40 0 92 67 0 0 0 0 0 0 0 0 0 53 0 0 0 0 11 12 0 0 0 34 0 0 0 0 0 0 0 0 56 0 0 0 62 0 0 49 0 1 0 0 0 0 0 0 0 0 0 7 4
0 0 0 0 0 0 0 23 0 0 0 29 0 0 0 0 0 74 0 0 0 0 0 0 0 55 0 0 56 51 0 0 0 0 0 0 76 0 0 42 0 0 0 0 24 0 0 0 0 0 0 0 0 0 0 7 30 91 0 74 0 0 0 0 0 0 50 0 0 47 0 0 86 31 0 0 91 0 0 40 0 0 35 0 39 0 0 32 0 0 0 12 0 0 0 0 0 0 0 42
0 86 0 0 0 0 0 0 0 0 0 0 0 0 73 0 0 0 64 0 58 0 0 0 0 0 51 0 0 0 27 0 0 96 0 32 0 0 0 19 0 0 38 0 0 3 18 0 0 0 0 0 0 0 0 16 0 71 0 93 4 73 0 0 11 94 0 0 0 0 0 0 0 0 0 0 0 0 0 46 0 0 24 0 0 0 46 0 0 0 0 0 0 71 0 0 0 62 0 0
0 0 0 0 4 0 39 0 2 84 0 42 11 0 0 4 0 0 0 0 38 0 0 0 0 0 0 72 0 18 0 95 0 0 0 0 0 8 0 0 0 0 58 0 0 0 0 81 97 0 27 0 20 0 0 0 0 92 0 0 0 0 0 0 0 0 33 50 0 0 0 0 0 0 0 85 0 0 5 0 0 0 0 20 0 0 0 0 0 0 0 0 0 0 0 0 0 0 0 0
22 0 25 0 0 0 0 62 0 0 0 0 97 95 0 0 90 0 0 0 0 0 0 62 0 92 0 0 0 0 0 27 0 0 0 98 0 11 21 0 0 0 0 0 20 0 68 32 0 76 64 0 0 0 0 0 0 0 0 74 1 0 0 97 0 0 0 0 41 8 0 0 0 0 0 27 0 0 0 0 29 94 0 0 0 0 0 0 84 0 0 14 0 0 0 0 0 0 0 0
0 19 0 0 0 0 0 0 0 0 0 0 0 0 0 0 0 65 0 0 0 0 0 99 58 0 0 27 0 0 0 0 0 0 67 0 0 96 0 0 0 0 0 0 0 0 0 49 49 39 0 0 0 0 0 0 0 0 0 30 0 0 33 49 0 0 0 0 37 0 0 0 0 0 4 0 0 0 0 13 0 0 0 92 0 0 0 0 0 75 0 0 0 95 0 0 0 0 82 0
40 0 0 0 0 0 40 0 0 58 0 0 85 0 0 0 0 0 98 0 0 87 0 16 90 0 0 38 0 0 0 0 0 0 0 0 0 0 0 0 0 0 0 0 69 0 0 0 0 20 59 0 0 0 0 0 0 0 0 0 0 0 0 0 54 0 0 0 0 0 59 0 34 0 0 0 0 7 58 0 75 0 0 30 70 0 0 91 0 0 0 89 0 80 0 0 8 0 29 2
0 0 0 0 0 0 0 0 82 0 0 0 7 0 17 0 32 0 0 0 0 26 0 0 0 0 0 0 0 13 0 0 0 0 0 73 0 0 89 0 0 0 1 57 0 6 0 35 0 0 0 0 93 3 0 57 0 72 32 0 0 0 0 60 0 0 64 0 0 0 0 0 0 75 0 0 0 0 0 95 0 0 0 0 0 0 97 0 0 0 0 63 0 0 0 0 0 0 0 75
83 0 0 57 0 0 0 13 0 71 0 0 61 0 0 72 29 0 0 0 0 57 0 0 0 63 77 0 0 50 0 0 62 0 0 0 0 1 0 0 0 0 99 91 0 100 27 0 0 0 0 0 0 0 14 0 0 0 0 84 0 5 0 0 0 0 0 0 0 0 0 0 0 0 0 0 0 0 0 60 50 0 0 0 0 0 0 0 29 0 0 0 0 0 0 2 4 0 48 0
0 90 0 94 89 2 33 0 0 0 96 0 0 0 0 0 0 0 0 77 0 0 0 0 29 0 99 0 0 14 83 0 0 0 0 0 0 0 0 0 0 20 0 0 38 0 0 0 99 0 0 0 0 0 0 0 20 0 0 0 0 38 0 0 0 0 0 0 0 0 53 71 0 0 0 20 0 17 2 0 43 0 96 0 0 93 0 54 0 28 0 56 0 0 0 0 0 5 0 60
0 47 23 0 0 0 0 0 0 0 0 0 0 52 40 81 0 0 65 0 0 1 0 0 0 0 0 0 0 0 0 9 0 0 0 0 0 0 0 0 0 0 0 89 0 11 37 0 87 0 0 0 99 0 0 0 0 100 0 0 29 79 0 0 0 50 13 21 0 10 58 0 0 33 0 65 38 0 0 0 0 0 35 36 0 0 0 0 0 68 21 96 0 28 43 0 0 0 0 0
0 0 31 0 92 0 0 0 0 0 0 0 11 0 0 52 0 0 0 0 81 0 0 0 0 0 56 0 0 0 0 72 0 52 0 0 46 0 0 24 17 0 0 0 0 94 20 0 57 0 0 43 0 0 0 0 0 67 0 0 1 0 92 0 0 0 64 37 100 0 0 0 75 0 31 0 0 0 0 0 0 0 50 92 0 0 0 0 82 0 0 0 11 75 0 21 0 0 0 98
0 0 0 0 0 0 0 0 0 8 0 0 70 62 0 53 0 0 0 0 0 53 0 0 0 0 0 0 5 79 86 0 0 0 0 0 31 88 0 0 0 0 0 67 0 0 0 0 0 0 14 0 0 0 0 0 0 0 39 91 0 46 0 0 0 0 0 0 0 32 0 0 0 0 0 0 62 50 0 0 0 0 0 0 0 0 12 39 0 0 0 0 0 0 0 0 0 0 0 0
0 62 22 14 0 0 0 0 89 0 31 0 0 0 64 0 0 0 0 0 0 0 0 0 0 0 0 13 0 0 45 0 0 0 0 0 0 0 0 0 0 0 0 0 0 0 32 0 0 0 0 0 83 0 0 85 0 0 0 0 0 0 32 0 0 0 83 0 0 0 0 10 0 9 0 0 28 0 0 28 0 0 0 0 30 0 0 6 0 35 0 0 0 2 0 0 0 53 0 0
0 0 0 0 0 0 0 24 0 0 93 0 93 81 0 18 0 0 57 0 0 0 0 0 0 32 0 30 0 0 44 0 0 0 0 0 65 0 0 0 0 0 0 68 0 0 0 0 0 0 0 0 0 0 0 0 0 58 100 0 0 0 41 0 0 0 0 27 0 0 0 80 0 21 0 73 0 0 0 0 0 0 0 0 0 0 0 0 0 0 44 0 3 0 0 100 68 0 0 92
59 0 0 8 0 34 0 78 0 0 91 0 45 0 0 15 0 0 0 0 0 0 0 0 0 0 30 0 0 0 81 0 0 80 47 0 0 0 0 76 0 0 0 0 0 92 0 0 0 0 96 0 0 0 0 0 0 0 0 0 24 0 0 87 0 0 0 0 0 0 0 0 0 0 0 0 93 8 0 0 0 0 0 0 17 0 0 0 0 0 0 0 0 0 0 0 0 0 93 0
0 0 0 0 0 0 0 67 0 2 0 87 81 0 0 0 0 0 0 65 0 31 73 0 97 0 0 0 0 11 0 0 0 94 0 0 0 0 40 0 0 0 94 19 0 0 0 0 0 0 0 0 47 0 0 0 0 0 0 35 0 0 0 81 0 0 0 61 0 0 0 0 0 0 0 0 0 0 0 0 0 0 0 0 95 0 22 60 0 0 0 0 0 0 75 0 0 19 0 16
0 0 0 12 0 61 0 0 0 14 0 0 0 75 0 0 0 0 46 0 0 0 42 0 61 0 0 0 0 0 42 0 0 0 0 0 0 0 0 96 50 0 92 0 0 0 0 0 0 0 0 0 0 0 0 0 69 47 0 17 56 0 0 0 0 0 58 69 0 0 0 0 0 83 23 65 0 0 0 0 0 0 0 0 0 0 0 0 27 0 4 22 0 0 71 0 0 74 0 0
0 0 0 0 41 0 0 0 0 0 0 0 0 0 63 0 0 0 25 0 12 0 29 0 97 0 0 0 0 0 0 46 0 0 99 0 0 0 0 0 0 5 0 0 94 0 0 0 0 0 0 0 0 0 0 0 0 0 0 0 0 0 43 0 0 40 34 0 0 0 0 0 0 0 0 0 0 0 0 58 0 93 0 0 0 51 0 0 0 0 0 0 0 0 92 0 0 0 92 0
16 0 10 0 0 0 0 0 0 4 88 48 8 17 0 0 17 54 0 14 94 0 67 0 0 0 92 6 0 0 0 100 33 0 0 0 0 0 0 0 0 0 0 0 0 0 0 0 59 0 92 0 0 0 2 58 0 0 0 0 0 85 0 0 0 0 59 0 0 29 0 0 0 93 0 0 0 45 0 0 0 30 0 95 0 0 0 0 0 59 0 0 32 86 52 0 0 97 0 11
0 0 0 0 100 0 20 0 0 2 0 0 0 38 0 87 0 0 0 0 0 28 0 38 72 0 30 90 43 0 0 47 0 0 0 0 3 0 50 0 0 8 0 0 0 0 67 0 0 0 0 0 0 0 0 0 0 35 57 0 0 0 0 0 18 21 75 35 0 11 0 0 54 0 37 45 0 0 0 0 0 0 75 51 0 0 0 0 0 0 73 0 0 0 22 0 0 0 0 0
0 8 0 0 0 85 53 0 6 0 0 0 0 0 81 0 0 1 91 0 0 21 1 0 0 0 0 0 0 0 0 0 0 0 0 0 38 0 0 0 0 0 19 0 0 0 82 0 0 0 11 0 45 0 0 0 80 0 0 40 0 0 0 0 0 0 0 0 0 59 0 0 0 0 80 55 0 0 0 78 60 0 0 0 0 0 0 70 0 93 0 0 78 0 0 77 26 0 0 0
0 0 0 0 0 0 44 0 0 0 0 0 0 54 99 0 0 0 0 0 0 0 0 0 0 88 0 0 0 0 0 64 0 0 0 0 0 0 0 0 0 0 0 0 81 0 0 0 0 91 37 0 0 0 0 27 0 0 94 0 22 96 0 0 49 0 0 0 70 88 91 0 14 35 0 0 0 86 0 0 0 0 0 0 0 0 34 0 0 0 0 0 0 0 0 0 0 0 0 0
0 0 1 89 0 0 0 6 0 0 0 32 0 0 69 0 0 0 0 0 0 0 0 0 0 17 0 68 0 22 0 0 0 0 0 13 0 35 0 0 0 93 0 0 0 0 0 9 0 38 0 79 0 0 40 0 0 0 0 0 0 0 0 0 0 0 59 0 0 0 60 0 0 0 0 0 0 0 0 0 0 87 0 0 0 0 0 0 0 67 0 0 75 0 6 0 13 0 100 56
63 42 0 2 0 0 0 60 0 79 71 0 0 14 30 47 96 0 0 72 0 0 28 0 0 0 0 0 0 0 0 0 0 0 93 0 0 59 0 0 66 0 84 0 0 0 0 0 0 58 0 0 0 76 0 0 0 0 0 76 0 0 28 0 0 0 71 1 0 0 0 0 0 0 65 94 0 0 0 0 22 64 0 47 0 0 0 0 0 0 0 0 0 0 100 0 0 38 0 0
0 0 0 10 0 0 0 16 92 30 0 4 39 66 0 0 0 0 0 27 0 35 0 0 5 0 0 0 77 0 22 0 13 0 0 0 0 0 0 0 0 0 0 0 0 0 0 0 0 0 56 0 0 0 76 0 0 21 0 22 0 0 0 0 0 0 0 0 0 0 0 0 0 0 95 0 0 0 0 0 20 0 0 0 0 40 0 0 0 0 59 74 73 0 0 0 0 0 0 0
0 0 0 0 0 0 0 0 0 0 0 92 3 12 0 4 0 0 0 0 0 53 0 0 0 0 0 32 0 0 1 0 25 25 0 0 25 0 0 0 0 0 0 0 0 19 25 13 0 0 0 42 0 0 0 0 60 9 0 0 100 1 0 56 0 76 0 0 0 0 63 0 71 3 0 0 0 0 0 0 0 100 91 0 23 0 0 0 0 0 28 0 0 0 2 0 0 0 0 0
0 58 0 0 0 0 88 50 51 0 69 0 0 0 0 0 0 0 0 0 58 0 0 0 0 100 76 85 0 0 0 36 0 0 69 58 0 0 0 0 0 0 0 62 93 0 0 0 0 0 0 0 0 74 0 63 85 61 48 0 0 0 0 62 3 72 0 0 0 0 0 42 92 0 93 0 34 0 10 59 0 0 0 65 0 0 0 94 99 49 0 0 0 0 0 0 39 19 0 0
0 0 0 23 0 0 0 0 0 0 0 0 0 0 2 0 35 0 0 0 0 54 68 9 0 100 96 72 0 24 0 60 46 70 25 23 10 0 0 0 0 0 0 0 0 0 0 0 0 0 0 0 4 0 0 0 0 10 0 0 0 68 0 0 0 98 0 0 0 0 28 60 73 0 0 78 0 91 0 0 0 71 0 0 62 98 38 14 0 0 36 0 0 14 0 0 0 80 0 56
0 0 0 3 10 0 0 0 0 44 0 66 0 0 0 14 0 0 0 10 0 0 0 0 0 61 0 0 0 0 0 68 0 0 0 0 0 0 0 0 0 0 0 0 0 0 0 16 0 0 91 0 0 0 0 96 0 0 69 56 7 0 0 25 0 0 0 0 0 49 0 0 71 0 88 0 0 0 0 100 24 0 31 0 0 0 30 0 0 0 0 0 0 0 0 0 0 15 0 0
0 69 0 0 82 0 0 0 12 0 87 0 9 82 0 0 0 5 0 0 0 0 72 0 0 0 0 47 0 41 0 12 0 0 0 0 0 0 0 0 93 82 0 31 0 0 0 0 0 47 0 12 0 0 0 0 0 0 0 0 0 0 69 0 0 0 0 0 0 0 0 0 0 0 0 48 0 0 0 0 0 0 0 0 0 96 0 0 0 0 0 0 0 0 18 0 0 0 0 0
0 0 0 60 0 35 0 0 62 19 0 0 0 25 0 0 65 0 0 0 0 46 0 0 0 0 0 0 0 0 0 0 0 0 0 0 0 0 0 0 75 0 0 15 0 0 0 45 0 0 0 0 0 0 0 0 0 0 0 0 0 0 36 100 0 19 9 0 0 0 0 0 0 0 0 0 0 0 24 0 0 0 98 0 0 0 0 0 11 0 0 0 0 0 48 0 76 1 85 0
0 0 0 0 0 65 63 0 83 0 0 0 0 0 0 0 44 0 2 0 0 80 75 0 0 0 47 0 0 0 25 0 0 0 0 0 0 0 14 62 91 18 69 80 0 0 0 12 0 0 0 49 76 24 0 0 0 0 0 0 0 0 0 84 0 0 0 0 0 0 0 0 43 0 0 0 0 0 6 0 0 0 42 0 0 0 0 0 0 0 0 0 0 0 0 0 0 0 0 74
0 0 0 0 52 0 0 0 0 0 36 16 0 19 0 0 0 0 91 0 0 0 0 0 21 93 18 0 0 0 49 0 0 0 0 0 4 0 0 0 0 0 0 0 22 0 81 0 0 0 0 0 0 71 0 0 54 76 33 0 0 0 0 0 0 0 0 0 0 0 67 0 0 84 0 0 9 19 0 0 0 0 74 0 0 0 0 74 0 0 0 47 75 0 0 30 0 0 0 0
0 0 0 72 0 0 0 0 0 18 0 0 0 0 0 0 0 8 0 0 0 0 8 87 0 0 76 0 0 0 0 0 0 53 42 83 48 0 0 48 0 0 0 80 0 0 0 10 57 0 0 0 4 0 56 37 0 82 0 43 0 0 78 46 0 0 0 0 0 0 0 0 0 0 66 0 0 0 44 0 0 0 0 0 0 0 94 13 0 5 0 48 0 0 0 0 0 0 0 0
0 0 39 0 57 0 0 0 0 0 0 98 0 64 0 0 0 0 38 0 0 0 0 0 0 0 0 0 72 0 0 81 62 0 0 75 0 0 0 0 0 0 0 55 0 0 0 0 0 0 0 0 0 0 0 0 0 0 45 0 0 0 0 0 0 0 4 0 0 0 0 0 0 0 0 0 0 83 0 67 0 0 0 0 0 0 0 0 0 32 0 0 0 10 0 0 0 32 0 29
0 0 0 0 0 0 0 0 0 0 0 0 0 0 0 25 81 83 0 0 0 42 0 86 100 0 0 51 0 0 0 0 0 16 40 0 0 0 39 46 0 0 0 0 97 0 0 0 0 0 0 0 0 70 9 22 0 0 0 42 0 0 0 0 47 0 0 37 0 0 0 0 68 27 83 0 0 0 0 0 0 0 56 0 0 0 0 0 0 0 0 0 0 0 75 64 0 0 0 0
65 19 98 0 0 0 0 0 0 0 0 0 47 61 0 0 0 0 69 31 0 0 0 63 0 0 0 0 0 0 0 53 0 35 0 92 0 0 71 20 0 0 0 0 57 0 66 0 0 74 0 26 0 0 0 0 94 0 44 0 0 0 0 0 52 0 22 0 0 0 0 0 29 1 0 34 0 0 0 0 0 71 0 0 0 0 0 0 0 40 0 0 0 0 0 0 0 0 83 0
0 0 0 26 0 0 0 33 0 8 0 31 0 91 75 0 0 0 0 73 0 0 0 0 0 0 0 0 0 0 0 0 20 0 0 0 0 0 0 63 0 0 0 0 0 77 99 0 0 49 0 96 0 18 0 65 72 87 0 0 0 27 0 0 0 0 0 0 0 0 78 0 0 0 0 0 0 74 0 0 0 0 0 0 59 0 1 7 69 0 0 0 0 0 0 0 0 0 32 0
0 56 0 0 64 0 0 29 0 0 0 30 0 0 0 0 0 0 0 0 0 15 0 0 0 90 98 0 97 0 0 0 0 0 0 27 0 0 0 0 0 40 65 0 0 0 0 0 0 14 0 34 0 0 0 0 0 90 0 0 0 0 0 0 57 0 0 0 0 28 0 0 0 0 0 0 0 0 0 2 0 0 7 0 0 0 0 31 81 0 0 46 62 0 0 18 0 0 0 0
0 0 48 29 30 0 0 29 0 0 9 39 0 0 0 0 0 0 0 0 62 0 0 95 0 40 69 0 0 0 0 0 0 21 88 93 4 0 25 0 0 0 0 0 0 0 20 28 0 0 0 63 42 0 0 0 0 84 0 0 0 0 0 0 0 80 0 68 0 0 83 0 0 15 0 18 0 68 0 0 0 0 0 0 0 0 0 0 0 0 0 0 50 0 0 0 0 0 0 39
0 0 0 65 12 0 0 0 0 0 60 0 85 0 0 0 0 0 0 0 0 0 0 0 0 0 0 34 89 0 0 0 0 34 0 0 0 95 0 21 0 0 0 15 0 0 0 0 20 32 0 75 0 0 0 0 0 0 0 0 0 0 0 0 0 0 25 87 0 0 0 14 89 0 0 0 0 77 0 0 49 0 0 0 0 0 0 0 0 0 0 0 0 0 0 0 95 77 23 0
64 0 0 0 0 53 0 89 0 0 0 0 0 72 0 0 0 72 0 0 0 0 0 0 0 0 0 1 0 0 0 0 0 0 0 0 0 0 0 0 0 0 58 0 0 0 0 0 0 0 27 0 0 0 0 62 0 0 0 0 0 0 0 0 0 0 0 15 93 0 0 22 16 0 60 0 0 41 0 31 0 0 0 0 0 0 0 0 0 0 0 0 0 62 0 0 85 0 0 0
42 0 71 0 65 34 0 0 0 0 0 0 0 0 0 52 0 59 0 0 0 0 0 0 22 12 0 0 97 77 0 69 25 0 0 0 0 0 0 93 61 44 57 0 0 0 0 0 0 0 0 0 0 79 0 57 64 0 0 0 0 0 0 0 0 0 81 0 0 0 0 0 0 0 0 0 0 37 0 0 0 0 0 0 0 0 0 0 0 0 90 0 4 0 0 0 98 0 0 0
0 0 0 4 3 0 0 12 0 34 0 0 27 0 33 0 0 0 79 13 0 0 52 0 0 0 23 0 0 0 0 100 11 0 0 87 0 0 0 0 0 0 63 64 85 0 0 0 0 0 0 0 0 44 0 0 0 52 0 0 7 0 85 0 71 0 0 42 0 0 0 0 0 0 0 0 58 12 0 0 0 0 0 10 0 0 0 0 0 0 0 82 15 45 0 0 97 0 0 0
0 0 0 0 0 0 82 0 0 0 5 0 78 30 0 0 0 0 0 59 0 0 0 0 0 28 0 0 0 0 77 0 0 99 50 0 0 86 56 0 80 0 0 0 0 0 0 0 34 0 0 0 0 55 2 0 0 0 0 0 0 0 0 0 0 21 0 65 68 0 0 0 0 0 0 71 0 100 90 0 0 0 0 0 0 0 0 0 0 0 0 0 0 75 0 0 0 0 86 0
0 0 0 0 73 85 0 0 0 0 0 0 3 0 28 0 0 0 91 0 0 0 0 47 0 0 0 0 61 0 0 74 0 0 0 0 0 0 0 0 0 80 0 0 64 0 0 0 6 0 0 0 0 0 12 0 0 77 0 0 0 0 0 0 0 0 0 0 0 0 0 0 0 70 0 48 66 0 0 0 0 0 0 0 30 0 28 0 0 21 0 0 0 0 0 0 0 0 81 0
72 0 0 0 0 0 86 0 0 0 0 0 0 9 50 76 0 0 0 0 0 0 0 89 0 2 0 0 0 0 35 1 0 0 0 0 0 0 0 0 0 25 0 0 0 0 0 93 0 0 60 0 0 69 0 0 0 0 0 0 0 0 0 0 0 44 8 0 0 0 65 52 0 0 0 0 0 0 83 0 14 0 0 0 2 0 0 56 0 0 0 0 0 7 0 85 32 0 55 0
46 0 0 35 0 0 0 0 0 0 0 0 90 0 0 0 0 0 0 0 2 0 0 0 0 0 0 0 0 0 0 27 0 0 0 0 0 0 0 49 0 0 61 0 0 84 0 0 0 0 0 0 0 46 69 37 0 0 40 86 48 0 0 0 0 0 0 0 0 0 34 0 0 0 0 45 0 0 0 0 0 0 0 0 0 0 0 0 0 0 0 0 0 0 0 0 0 0 0 35
0 0 29 0 0 0 61 0 0 75 0 0 51 0 0 0 0 19 0 0 0 0 90 0 0 0 0 0 0 0 70 0 0 0 29 0 0 0 0 0 29 0 0 0 0 0 0 0 0 44 0 0 0 0 48 0 0 65 0 100 35 0 0 0 0 0 48 0 0 70 42 52 0 0 98 0 0 0 0 0 0 0 16 0 0 0 86 45 39 0 0 65 0 71 0 0 0 76 43 0
0 27 0 0 0 0 0 11 0 0 60 0 48 95 26 0 4 0 0 42 0 0 0 9 0 0 51 0 0 0 0 0 25 0 0 51 0 0 0 0 0 19 43 20 0 0 0 0 0 0 0 0 0 0 0 0 0 0 0 48 0 0 0 0 47 0 0 0 26 0 0 0 0 0 0 0 46 0 0 0 0 0 0 0 0 0 0 0 0 0 0 0 0 0 75 0 0 44 0 15
56 0 0 0 0 81 0 0 0 0 17 5 74 0 0 53 20 18 16 0 0 61 58 0 3 70 0 19 0 0 24 0 0 0 0 0 26 22 0 0 0 0 0 0 2 0 0 0 0 0 0 0 0 27 0 37 29 63 0 0 0 70 74 0 0 0 62 0 0 0 0 0 62 1 0 68 0 0 0 0 78 67 0 0 0 0 0 49 0 67 0 58 0 0 0 0 0 0 9 97
67 0 0 0 0 0 0 0 0 95 0 0 0 0 0 0 67 0 0 0 86 0 0 0 0 0 0 72 0 0 0 0 0 0 0 0 29 0 30 88 0 0 0 6 0 0 0 58 0 0 0 0 76 0 0 0 0 0 0 67 0 88 28 0 1 14 58 46 0 7 0 19 0 70 0 0 58 0 0 0 0 96 0 0 0 0 0 0 0 0 81 91 0 0 37 57 0 3 0 0
0 0 0 27 0 0 0 0 0 0 0 0 0 46 0 0 0 0 0 0 58 0 90 0 16 0 40 0 43 16 83 0 0 0 0 16 51 0 0 0 0 0 6 0 86 0 0 0 0 0 0 0 0 0 92 0 0 66 55 0 0 0 0 0 0 0 0 0 67 92 0 0 0 0 0 0 0 70 0 0 0 0 0 0 0 0 57 0 0 0 0 0 46 0 0 0 0 0 0 0
0 0 0 0 0 0 0 0 0 0 0 0 69 0 0 0 0 2 0 0 0 0 0 0 38 23 0 0 0 0 0 0 0 0 0 0 0 0 0 97 0 0 0 0 42 0 0 2 0 0 23 0 0 0 29 0 0 0 0 0 95 0 30 0 0 0 0 29 0 0 0 0 0 0 0 0 0 16 14 45 92 0 0 0 0 9 0 100 0 0 0 15 0 0 0 0 0 0 0 0
0 0 0 0 0 0 0 0 0 0 0 0 0 0 0 23 0 0 0 0 0 0 0 0 65 0 0 75 0 60 0 4 0 0 0 0 0 0 0 45 0 7 81 0 0 0 61 0 0 22 0 0 0 0 0 0 15 0 0 0 0 0 0 0 0 0 0 0 0 0 0 24 0 0 0 90 0 0 0 40 62 0 27 0 0 0 63 0 0 0 0 0 0 0 0 0 0 0 84 0
0 21 0 0 15 51 0 0 0 36 0 33 0 92 25 0 0 78 0 0 0 0 45 0 0 0 0 8 0 46 88 58 0 0 0 78 0 0 0 0 0 47 0 86 0 0 0 0 0 94 0 0 95 0 0 0 0 0 0 0 0 0 57 0 0 0 0 0 0 0 0 32 72 0 0 0 0 62 0 0 0 69 0 0 58 73 0 0 57 35 0 38 0 0 0 81 0 0 0 24
0 39 0 0 21 81 0 0 0 0 0 0 0 0 0 0 6 0 0 0 0 0 0 0 0 23 0 0 8 0 49 0 53 0 0 3 0 0 0 63 0 0 0 0 0 0 0 97 55 11 94 0 0 0 0 0 0 0 0 21 0 89 0 0 0 56 0 32 0 53 0 38 0 81 0 81 0 51 0 0 0 0 89 0 86 0 0 0 0 0 72 0 35 30 0 0 0 0 0 0
0 95 42 0 85 0 0 0 0 0 0 0 0 0 0 39 10 0 0 0 9 0 0 93 0 73 0 0 0 57 8 0 0 0 0 0 23 0 0 17 0 0 0 0 52 0 0 0 12 34 0 0 20 0 0 7 0 0 99 0 0 0 32 0 0 0 0 0 61 0 0 0 0 0 0 0 0 0 0 0 0 12 0 0 55 0 0 0 0 0 0 0 0 0 0 0 0 0 98 0