100
0 0 0 0 0 76 0 0 0 0 0 0 0 1 0 0 72 61 17 0 0 0 0 0 0 0 23 12 19 0 0 0 0 0 0 0 11 0 0 0 0 0 0 0 0 0 0 47 0 0 92 0 0 0 0 74 0 36 0 0 34 44 0 0 0 0 0 0 0 0 75 0 0 0 0 0 0 0 0 18 0 100 0 0 0 0 15 0 0 0 0 13 0 0 0 0 0 0 0 35
0 0 0 0 0 0 0 18 39 57 0 0 0 0 0 0 0 0 0 0 0 46 0 0 71 0 0 0 0 15 0 0 0 0 0 0 0 0 0 32 0 0 69 0 92 0 42 0 0 15 0 0 0 0 0 0 0 0 0 47 51 0 84 0 0 0 24 73 0 0 0 0 0 47 0 0 35 0 13 1 0 0 0 9 78 0 22 0 31 0 0 0 0 0 0 61 0 0 18 0
0 0 0 37 0 0 0 0 0 0 0 0 0 0 0 14 38 21 0 16 0 0 0 0 0 29 71 0 0 0 100 9 0 0 0 17 0 0 0 56 0 0 0 0 0 0 50 0 0 0 0 0 54 0 0 0 0 0 0 0 0 84 84 0 0 91 0 0 91 0 62 0 0 0 46 0 10 0 0 86 0 89 0 0 0 0 49 0 0 0 0 0 0 0 0 0 87 0 81 0
0 43 17 0 0 19 0 0 0 0 0 0 25 0 0 71 0 0 0 0 0 40 0 0 29 89 0 0 100 0 51 0 0 21 66 1 0 0 0 0 30 0 0 0 0 0 0 0 26 0 0 0 66 45 74 0 74 0 0 0 0 94 52 0 66 0 0 0 0 0 0 0 0 15 0 0 0 0 0 0 0 0 0 0 0 0 0 37 33 0 0 0 0 79 0 0 0 0 27 0
0 0 0 0 0 0 92 0 0 0 0 81 22 9 0 0 0 0 0 7 0 0 61 5 7 0 0 96 96 0 0 0 0 0 0 21 0 0 0 89 0 0 3 0 0 0 0 0 0 50 0 0 0 0 0 63 57 0 0 0 0 0 0 0 0 0 0 0 0 0 0 2 0 0 0 0 0 0 84 71 37 50 0 0 0 0 0 0 0 0 0 9 0 0 0 0 0 64 77 0
69 59 0 23 93 0 38 21 0 0 0 78 0 0 54 0 69 0 0 33 6 28 0 68 0 0 0 76 0 46 64 0 0 45 0 0 0 7 0 0 0 38 94 49 0 0 0 6 0 80 0 65 79 0 30 0 40 0 0 0 0 0 0 0 0 96 0 0 0 0 21 0 0 0 0 0 0 0 0 46 0 0 0 39 58 0 0 0 0 0 0 0 0 49 0 0 0 0 0 0
0 0 0 0 0 0 0 0 0 0 0 0 0 0 33 72 0 0 0 97 16 0 0 13 50 0 0 0 0 34 0 0 0 42 31 0 0 0 0 12 0 22 67 20 36 0 0 0 0 0 0 0 7 0 0 0 80 16 0 0 0 0 0 0 0 0 10 0 10 0 0 0 0 0 0 0 0 0 76 0 0 90 63 0 0 0 60 0 0 0 76 0 0 0 0 61 0 0 0 0
58 0 0 0 0 0 0 0 44 0 0 0 0 16 0 0 0 59 0 17 86 0 0 0 0 0 0 0 0 0 0 0 0 0 0 0 98 50 0 0 0 0 37 90 0 0 56 1 0 0 0 0 57 0 0 0 78 0 5 0 0 0 0 0 0 0 0 78 0 0 0 0 0 0 0 0 19 0 93 0 0 0 0 0 96 59 0 0 0 0 0 0 47 0 0 11 93 68 0 0
0 0 0 0 0 100 0 0 0 0 0 0 0 0 0 0 0 0 0 0 0 0 97 98 0 0 82 0 0 0 51 0 15 91 0 0 70 0 0 0 0 53 0 0 0 0 0 0 0 0 0 2 55 0 0 0 0 40 0 0 0 0 0 0 0 41 0 0 0 69 0 0 38 0 0 71 26 6 0 86 0 0 0 0 0 0 94 0 0 0 0 0 74 0 0 0 0 52 0 0
0 0 31 0 0 38 0 0 0 0 69 0 0 0 0 0 0 0 0 0 0 64 0 60 0 0 0 58 91 0 0 0 0 0 6 0 0 0 0 0 0 0 0 0 0 0 30 0 0 0 1 0 0 34 30 0 0 0 0 52 0 0 0 0 0 0 0 0 0 95 0 0 0 0 60 0 0 0 0 0 0 0 0 0 0 57 0 73 0 0 0 77 47 0 0 0 84 91 0 0
0 0 24 91 0 0 0 0 0 0 0 0 0 88 62 0 59 0 0 0 0 0 0 0 0 0 0 34 0 0 20 0 94 0 88 0 0 0 48 0 0 0 0 0 0 41 0 0 0 100 0 79 0 88 0 0 17 57 36 0 0 0 0 14 0 0 0 40 0 0 0 0 18 45 0 0 0 0 0 0 0 0 0 0 0 0 0 0 0 0 0 0 0 0 0 0 0 0 0 73
0 0 0 0 0 22 54 0 0 15 0 0 0 60 0 38 34 0 0 0 0 32 83 0 0 0 0 0 53 100 25 37 71 0 0 0 0 9 0 0 0 0 0 0 49 0 0 0 0 0 7 0 0 0 0 0 61 66 0 0 76 40 0 0 98 0 0 80 0 0 0 0 32 0 0 65 0 20 0 0 0 0 21 0 0 0 0 0 0 0 0 85 0 0 83 0 0 0 0 79
0 0 0 0 96 0 89 0 0 0 0 0 0 0 0 19 0 0 0 0 0 0 37 0 33 0 0 0 0 47 0 0 0 0 0 0 72 0 0 61 97 0 94 25 51 0 0 0 0 0 33 0 0 0 0 0 13 0 23 0 0 85 0 0 0 0 0 0 0 0 0 0 0 0 0 0 53 0 48 89 0 5 0 0 0 0 0 0 0 0 0 0 0 0 0 0 1 0 74 0
0 0 0 15 0 0 0 0 0 0 0 0 0 0 0 0 0 0 0 0 0 66 0 0 0 0 0 54 22 0 0 71 0 0 0 0 19 0 0 0 0 0 0 0 0 0 0 11 0 0 0 0 0 0 34 0 60 0 31 0 0 0 0 0 22 0 90 96 78 0 46 0 0 0 0 28 0 0 48 0 0 0 0 91 0 0 41 0 0 9 11 50 0 0 0 0 3 0 0 0
90 97 0 0 0 42 0 0 98 0 0 91 0 0 0 28 0 0 0 55 0 0 0 0 0 0 95 0 0 0 0 0 0 29 0 0 56 0 0 70 0 0 0 74 7 0 0 95 0 0 68 91 11 55 24 0 42 0 0 0 0 0 0 0 0 0 0 0 0 0 37 90 0 27 3 92 0 0 0 0 56 0 7 0 85 46 0 0 0 0 0 0 0 0 0 0 0 0 41 0
0 0 0 0 14 0 0 45 44 0 87 76 4 0 0 0 0 0 0 0 0 4 0 0 0 0 83 0 0 0 12 52 0 0 0 98 99 0 0 28 0 0 0 7 0 0 0 0 0 0 0 0 0 0 0 0 0 2 48 0 0 0 21 19 0 0 0 0 0 0 0 73 0 0 0 76 0 0 72 69 67 0 0 0 0 0 0 39 0 0 59 0 0 99 0 0 0 0 0 38
0 95 0 2 0 0 0 0 72 54 86 0 0 0 0 0 0 74 0 0 5 22 43 40 0 0 0 0 0 0 64 0 0 0 0 86 30 0 0 0 0 0 0 2 0 0 0 0 0 0 81 0 0 0 0 11 16 0 0 0 0 28 0 0 51 0 0 0 0 0 0 0 70 88 0 0 0 83 32 0 0 0 0 75 0 47 71 0 77 57 43 0 16 100 0 99 0 41 0 0
0 0 0 0 0 0 0 90 0 0 12 0 0 16 0 0 72 0 0 0 0 0 0 70 59 0 94 0 0 0 0 0 0 63 0 56 0 43 0 0 0 0 0 0 0 0 0 0 0 0 0 35 0 0 0 49 0 65 0 0 67 0 0 0 0 0 0 92 0 0 0 87 0 0 46 65 0 0 0 0 0 0 1 0 0 0 0 52 0 0 0 0 0 49 8 0 0 98 0 0
0 27 27 30 0 0 0 0 0 28 0 0 51 0 0 0 0 0 0 0 61 0 0 54 0 63 0 0 0 0 0 0 0 53 0 0 0 0 37 96 0 0 0 0 0 94 74 0 45 72 0 0 1 0 0 0 0 0 0 0 0 0 0 0 38 0 0 0 0 0 100 0 0 21 0 0 41 0 0 46 0 0 0 0 0 0 0 64 9 0 0 0 0 0 0 0 26 0 6 0
0 52 0 0 55 0 0 29 0 23 0 0 0 0 90 0 0 0 0 0 41 0 0 0 0 73 0 0 0 0 0 0 0 0 0 0 0 74 0 69 3 0 0 0 0 0 55 0 0 89 21 0 0 51 0 0 0 0 0 0 0 85 0 0 0 0 0 0 0 0 12 0 0 0 0 82 86 0 67 0 0 0 0 0 80 69 47 0 0 0 0 0 0 0 40 0 0 0 53 92
0 0 0 0 90 0 0 0 0 0 87 0 0 0 0 0 0 0 0 0 0 0 0 0 0 0 0 0 0 0 0 0 0 0 0 0 0 0 80 3 0 0 96 47 0 44 13 0 63 0 2 0 0 0 0 0 0 0 60 0 67 0 39 0 76 0 7 0 0 0 0 0 1 0 100 0 0 0 0 63 0 97 0 0 0 0 23 54 0 0 0 0 0 0 0 75 64 0 0 0
96 0 27 0 70 0 0 0 78 75 0 0 28 0 0 0 0 0 0 0 0 0 0 0 59 0 0 0 0 62 0 0 0 0 0 85 0 0 38 0 0 0 0 35 0 0 0 0 57 0 75 26 0 0 0 0 81 0 0 59 0 0 0 0 0 0 93 79 0 68 0 0 0 10 86 0 0 10 96 0 0 0 86 96 0 0 0 0 0 0 0 48 87 0 0 62 15 15 0 0
99 0 42 0 69 0 0 0 0 0 0 0 0 0 63 0 0 0 0 0 0 30 0 0 0 0 0 0 0 0 0 50 0 69 80 0 94 86 0 0 0 0 0 0 0 0 84 0 0 42 64 0 0 0 0 0 0 0 0 0 0 70 0 0 0 83 0 0 0 18 50 0 90 0 6 0 0 42 0 0 55 0 76 0 0 0 0 0 72 57 0 39 0 77 21 95 0 0 0 0
0 0 0 0 11 15 0 0 0 0 0 0 56 0 0 0 0 0 0 0 0 25 46 0 0 65 0 72 0 0 7 0 39 0 0 0 0 0 0 0 0 0 0 57 0 0 0 0 0 0 0 0 0 0 65 0 0 0 0 0 0 0 80 0 43 0 0 0 0 28 0 0 41 0 80 0 0 0 0 0 0 0 38 0 0 0 0 0 0 0 0 20 72 89 0 0 0 0 0 13
0 0 49 56 0 86 0 0 0 96 0 0 0 0 0 16 0 0 0 86 0 6 0 0 0 0 0 0 0 0 40 0 0 83 0 0 0 0 0 0 0 0 0 58 41 0 0 0 0 0 0 0 0 0 0 0 0 0 0 0 88 0 0 27 0 0 0 26 0 0 0 2 0 93 77 17 0 31 0 0 0 0 0 90 88 0 0 0 0 0 0 0 0 0 0 0 0 57 0 0
87 0 0 0 0 0 0 0 98 0 0 0 0 0 0 0 0 0 0 0 0 0 0 52 0 0 0 0 0 56 0 0 0 76 0 0 0 0 0 0 0 28 0 0 0 0 0 0 0 0 0 0 0 0 0 0 0 0 35 51 0 0 0 0 12 0 53 10 0 0 0 0 0 61 0 22 0 0 40 94 0 0 57 0 0 90 0 98 25 0 0 82 0 0 0 8 0 43 0 21
17 0 63 0 0 0 0 0 0 0 0 95 0 0 56 0 0 30 59 30 0 0 0 0 0 0 0 0 0 0 0 0 0 0 13 0 0 0 57 0 0 0 0 0 0 31 0 0 0 0 0 0 0 44 0 0 0 0 0 0 98 0 0 36 0 0 47 0 43 0 0 0 0 0 0 0 0 0 89 0 54 0 0 0 0 98 0 0 0 0 0 39 1 0 74 0 0 0 46 0
0 0 0 0 42 0 0 0 0 0 0 0 0 0 0 0 0 0 20 0 58 0 0 0 83 58 49 0 0 0 0 0 0 0 0 0 0 0 0 0 93 0 0 0 0 0 0 81 0 0 0 0 0 0 0 0 0 36 76 71 0 0 0 81 0 0 89 0 0 0 0 0 0 0 0 0 15 0 0 0 51 0 25 0 0 0 0 0 0 34 0 31 0 0 82 52 92 0 0 0
0 0 0 11 0 0 0 0 0 0 0 0 0 0 68 0 47 0 0 0 74 59 0 92 28 0 0 0 0 0 0 0 53 0 0 0 1 0 0 0 0 0 0 0 0 0 0 0 0 0 0 0 0 32 0 0 0 0 19 0 0 0 0 7 0 0 0 0 0 0 0 0 0 0 0 0 0 0 0 0 7 0 0 0 7 0 0 0 0 0 0 0 0 0 81 0 0 0 0 0
0 0 0 0 22 64 40 0 0 0 0 0 0 98 0 75 0 0 0 0 0 0 0 0 0 72 44 0 0 0 80 0 0 92 0 45 0 62 77 0 0 0 0 0 0 0 0 59 66 0 0 92 0 0 0 20 32 0 0 0 48 25 52 0 76 0 0 0 65 0 0 0 0 0 0 0 0 0 0 0 0 0 76 0 28 53 0 0 0 0 0 0 70 0 0 32 1 0 0 68
0 0 0 0 0 20 0 0 0 0 0 42 61 0 0 0 0 92 0 50 0 59 0 0 0 0 0 0 0 0 0 0 0 43 16 40 0 99 8 0 0 0 0 0 0 62 0 0 61 18 0 0 89 0 60 0 0 0 0 0 0 32 33 0 0 0 21 0 85 0 0 0 0 0 0 2 0 0 0 0 66 0 0 0 0 58 0 0 32 96 76 0 99 0 0 76 0 0 65 0
0 0 0 0 0 0 0 0 0 0 0 0 76 0 0 15 0 29 0 0 0 0 52 91 0 0 0 69 0 0 0 0 0 67 98 0 0 0 0 26 12 0 0 0 0 0 43 0 0 1 0 0 20 0 53 0 0 0 37 0 0 81 0 62 49 0 0 90 0 23 0 0 0 0 0 0 0 0 0 0 0 0 0 0 0 0 0 0 0 36 0 0 0 54 0 0 40 0 0 0
50 0 0 0 0 47 36 37 0 0 0 0 0 0 0 0 0 0 0 0 0 25 0 0 46 0 19 0 0 0 0 27 0 0 0 0 0 0 0 0 0 0 0 0 0 0 0 74 63 0 83 0 0 0 0 0 0 0 0 0 0 53 0 0 0 0 0 0 97 62 0 0 0 0 13 0 0 0 0 0 31 0 92 66 0 0 0 0 88 0 0 74 58 0 0 0 0 0 0 0
3 40 42 0 0 0 0 0 0 0 47 0 0 0 0 0 0 99 0 0 0 0 0 50 0 0 0 0 0 66 31 0 0 0 0 0 0 0 0 0 0 0 0 97 0 0 0 37 0 92 0 26 0 0 0 0 45 0 52 0 0 0 17 0 0 0 31 36 62 0 0 0 0 79 0 61 0 0 0 0 0 0 27 0 32 0 0 0 0 0 95 0 34 0 77 95 0 32 0 0
0 33 54 0 51 96 0 0 91 0 0 0 0 89 0 89 0 0 0 0 97 0 0 0 82 0 0 15 0 0 0 0 0 0 0 0 0 0 0 0 0 0 0 0 0 0 0 0 0 0 0 0 0 0 59 0 75 0 0 3 80 3 0 0 0 86 66 82 0 0 0 0 17 0 0 0 0 0 0 0 0 0 0 0 0 0 0 0 60 0 0 0 0 0 0 0 74 0 0 0
0 81 0 0 0 0 0 0 0 29 0 0 80 0 37 0 5 16 0 0 0 33 18 0 0 58 0 0 0 0 0 0 19 13 0 0 0 0 0 0 4 93 0 98 0 38 36 16 0 0 0 0 0 19 0 0 50 0 0 0 95 0 0 0 0 0 0 0 0 0 75 21 0 7 0 0 0 0 0 0 0 0 0 73 0 0 0 0 0 74 0 0 0 0 0 0 80 0 35 19
0 73 65 19 49 0 0 0 0 0 85 16 0 0 0 0 0 0 0 0 0 0 0 83 0 0 0 0 0 0 0 72 0 0 0 41 0 0 0 0 32 0 0 0 0 0 0 0 0 0 0 0 0 0 0 35 0 0 0 23 12 93 0 54 0 0 0 0 96 39 0 0 0 0 0 13 61 2 0 0 0 0 0 0 0 0 0 0 0 97 0 0 0 0 72 0 55 0 0 0
90 0 0 0 94 0 64 65 0 0 0 0 0 0 0 0 0 0 0 76 0 0 0 0 0 0 27 0 0 0 97 0 0 0 0 0 0 0 0 0 0 0 23 0 25 0 0 76 0 3 0 0 0 0 0 72 0 0 0 0 78 0 0 0 78 0 0 0 0 0 59 0 0 0 30 0 0 49 0 0 0 0 89 19 0 21 0 0 0 0 0 0 0 54 88 58 97 0 0 0
21 0 0 82 33 99 42 0 0 0 0 0 0 0 0 0 92 67 0 0 55 0 57 0 0 0 24 0 0 0 0 63 0 0 0 0 0 0 0 0 90 0 13 0 0 0 64 0 47 0 90 0 0 0 0 0 0 0 44 44 7 0 0 84 0 0 38 0 79 73 0 0 0 38 0 91 47 50 0 0 0 0 0 0 0 0 0 0 53 0 0 0 0 0 36 0 0 0 0 0
23 0 0 0 0 31 69 84 0 0 0 0 0 0 0 0 0 0 0 0 0 87 0 64 0 50 47 0 0 0 0 0 100 0 26 8 0 0 0 0 0 0 0 63 0 37 0 0 0 2 54 0 0 79 0 0 71 0 0 0 0 0 7 0 0 0 0 0 0 0 72 0 0 0 0 0 96 0 0 0 0 0 0 0 34 0 0 77 0 79 0 0 0 0 0 0 0 71 0 49
45 0 0 0 0 0 34 0 0 0 37 17 0 0 0 0 0 0 52 0 0 74 0 48 0 0 14 95 0 0 0 0 0 0 0 0 0 0 0 0 0 51 0 100 0 0 19 54 0 0 0 0 0 0 0 0 0 0 0 54 74 0 63 42 52 0 0 100 75 68 0 0 8 33 0 0 13 0 0 0 0 0 0 0 0 0 0 0 0 0 0 0 0 0 0 0 0 0 50 0
0 0 0 0 0 0 0 0 0 0 0 0 0 14 0 0 69 0 93 0 0 85 0 0 0 0 77 0 31 0 30 87 0 22 95 2 0 0 67 0 0 0 0 0 0 0 0 0 0 0 53 0 0 0 83 0 0 0 0 98 0 0 0 96 74 0 0 23 10 82 92 0 0 0 0 38 0 0 7 0 0 49 78 99 0 0 25 0 0 0 0 34 0 0 0 0 0 26 0 0
0 0 0 0 71 0 0 0 0 0 0 18 5 0 0 0 0 0 0 0 0 0 0 0 0 0 0 0 0 0 0 10 0 80 0 0 67 0 0 0 0 0 0 53 0 17 0 0 44 0 0 76 0 0 41 0 0 50 0 0 0 0 0 62 5 0 0 0 73 4 83 48 20 0 0 0 0 0 0 0 0 0 63 33 0 0 0 0 0 0 0 0 0 0 71 0 0 71 0 100
0 0 0 0 0 0 0 39 0 0 0 0 0 53 10 0 0 0 0 27 10 0 0 80 0 46 0 0 0 0 0 0 4 0 0 0 0 45 0 0 0 79 89 0 0 14 0 0 57 0 0 0 0 0 0 0 0 0 0 0 0 0 0 0 0 0 0 0 0 0 0 0 0 0 0 0 0 0 81 0 0 0 0 86 0 0 65 0 14 0 0 0 0 11 0 0 0 24 0 24
0 74 66 68 89 0 0 0 66 0 0 0 40 0 0 0 47 0 45 0 0 0 0 6 0 70 0 0 98 38 0 97 0 0 0 0 0 81 0 54 0 0 64 0 0 0 0 0 0 10 0 0 0 0 0 0 0 0 0 0 0 0 46 0 17 0 0 13 0 0 0 0 0 94 0 0 0 0 0 0 0 0 0 65 0 0 0 0 0 0 0 69 0 0 0 16 53 0 0 0
35 0 0 55 0 0 0 24 66 0 79 0 0 0 74 0 0 92 71 16 74 32 63 0 71 0 0 0 0 0 98 0 0 0 0 0 2 0 0 46 0 11 0 0 24 0 0 6 20 25 0 0 0 0 0 0 0 19 0 0 0 0 0 7 0 0 0 81 0 38 0 0 4 0 0 4 0 68 0 0 0 0 0 93 0 0 0 0 0 0 18 0 0 0 0 0 0 0 0 0
69 0 0 67 0 0 0 65 0 0 0 0 0 0 79 0 0 0 0 0 90 0 0 0 0 66 0 0 74 0 24 0 0 0 0 0 0 98 64 0 0 0 0 0 0 0 0 0 9 0 0 0 0 0 32 0 81 0 0 0 0 0 0 0 0 0 0 0 0 31 0 0 77 4 0 23 38 0 0 90 0 0 0 0 0 63 0 0 0 40 5 0 0 0 10 0 0 0 0 0
98 0 23 83 0 0 0 0 0 0 0 35 0 0 0 0 0 0 0 0 0 0 0 0 0 0 37 81 13 0 16 0 0 0 67 0 0 48 63 0 0 0 0 0 70 0 10 0 0 0 70 60 0 0 0 0 0 0 0 0 0 0 37 0 0 71 57 1 0 0 50 0 0 100 0 0 0 0 14 16 0 0 0 0 0 37 0 0 0 0 0 0 0 55 0 0 28 13 30 0
65 0 0 65 65 0 0 0 0 0 61 0 0 19 0 0 0 0 0 0 0 0 0 0 0 31 0 0 82 0 0 0 0 0 0 17 0 100 0 0 0 48 8 96 0 0 0 0 0 0 0 0 0 0 0 0 63 0 0 0 0 42 0 0 0 95 0 0 0 0 87 0 45 42 0 0 20 0 0 0 0 97 0 0 0 40 0 0 0 0 8 0 0 23 0 0 0 0 0 0
0 0 0 0 0 0 11 0 59 77 0 90 0 0 65 0 0 0 0 21 4 70 0 0 0 6 0 0 0 0 0 43 3 0 0 28 0 0 0 0 95 2 0 0 0 0 50 0 0 0 10 90 0 0 0 53 0 45 0 23 0 0 77 0 67 96 0 0 88 0 0 0 0 14 3 0 0 4 0 0 36 0 0 0 0 0 0 0 3 2 0 0 0 41 77 0 0 40 0 73
0 0 63 0 0 0 0 0 0 0 0 0 0 1 0 0 50 95 2 0 0 0 15 0 0 0 29 0 0 0 0 0 21 49 28 0 0 0 1 0 73 50 0 73 0 0 0 0 0 0 0 0 0 0 73 0 0 91 0 8 0 0 0 38 97 17 47 0 0 0 0 0 0 0 0 0 31 0 0 0 0 0 0 0 0 0 0 0 0 64 0 0 0 0 11 0 0 0 0 0
0 0 41 87 0 0 0 64 0 0 99 0 0 0 0 0 35 0 0 0 19 0 0 97 0 0 0 0 0 0 0 0 0 19 24 0 0 0 0 0 0 0 0 0 0 0 53 0 0 0 0 0 0 0 0 0 0 0 0 0 0 0 63 0 0 0 0 35 0 0 0 7 0 91 0 82 81 0 0 0 0 0 0 0 91 0 0 0 0 0 0 0 96 0 0 0 0 0 0 0
0 0 0 0 0 0 0 0 0 0 35 0 0 94 39 0 0 0 0 0 0 0 0 96 0 0 0 0 0 57 0 0 0 0 0 0 0 0 0 28 41 0 0 0 0 0 43 0 0 0 0 0 0 50 10 44 0 0 91 76 63 0 0 0 0 0 29 0 30 6 0 25 0 0 0 0 0 0 0 91 0 44 0 0 0 0 89 0 0 0 92 0 0 0 0 0 0 0 0 0
0 0 0 63 91 0 0 0 95 35 0 0 47 0 0 14 0 0 0 0 99 0 0 0 0 0 0 0 9 0 0 0 40 0 0 91 0 0 0 0 0 0 0 0 21 43 0 35 23 0 0 0 69 0 54 56 0 0 0 0 0 0 49 0 0 0 0 35 0 0 0 0 8 31 31 0 0 0 47 0 29 0 0 99 0 39 0 6 0 0 27 0 0 0 0 74 81 0 0 0
33 0 0 0 0 0 78 0 0 43 0 0 0 0 97 83 0 0 0 0 0 0 0 0 0 0 51 0 0 0 56 77 97 0 0 43 0 0 0 0 63 99 0 0 0 0 91 0 0 0 0 0 75 0 0 75 35 0 0 30 0 0 0 0 0 0 0 0 0 0 0 0 0 66 0 20 0 0 0 0 0 11 0 0 64 0 4 0 0 79 18 100 0 0 0 0 0 0 0 0
7 0 0 84 75 84 0 5 0 0 0 0 0 0 0 0 61 0 0 0 0 0 0 73 0 0 0 0 0 0 0 0 0 0 34 14 0 0 0 0 0 0 52 0 72 70 0 62 36 0 0 0 44 54 0 0 0 0 0 0 0 85 0 0 0 77 0 0 0 0 0 0 0 0 0 0 0 83 33 0 95 0 0 0 55 26 0 93 0 9 0 44 0 6 0 0 0 0 32 0
29 0 27 0 0 28 0 0 27 9 0 31 0 45 0 0 0 35 3 0 0 0 0 0 0 0 0 0 47 40 0 0 4 0 0 0 1 0 0 0 0 0 0 0 31 49 69 0 86 0 0 0 0 0 17 0 0 0 0 0 0 95 0 0 0 0 0 0 80 0 77 0 0 0 0 27 0 24 0 0 0 99 0 0 65 0 0 0 0 0 0 81 6 0 0 34 0 0 0 0
0 0 0 0 0 64 38 0 0 93 0 0 0 0 0 57 2 100 36 0 0 74 0 0 0 69 0 0 74 0 0 0 0 39 0 0 0 0 0 0 0 73 0 0 0 0 0 47 0 0 0 0 0 93 0 63 0 0 0 0 17 0 0 43 94 100 0 32 0 0 0 0 0 0 0 0 0 36 57 0 0 0 0 13 0 0 33 0 0 0 0 31 9 0 0 0 0 45 0 16
0 0 0 59 0 0 0 100 0 0 83 0 0 0 69 54 0 0 75 0 0 0 99 0 0 0 0 0 38 80 0 0 0 0 0 0 0 0 0 0 0 0 0 0 0 0 79 89 59 0 9 0 0 76 0 0 0 0 0 0 0 0 0 0 44 0 0 60 48 0 0 0 0 0 0 0 0 0 0 0 0 0 40 0 0 0 0 0 78 0 0 0 0 0 0 0 56 15 35 0
0 0 0 0 0 0 0 70 0 0 0 63 0 0 0 0 88 40 0 0 0 0 0 68 75 86 0 9 30 0 0 0 0 0 0 84 0 44 0 0 0 9 0 0 0 0 0 0 0 0 0 0 34 40 65 0 0 48 0 0 0 99 15 0 0 0 0 0 0 0 0 56 0 84 0 0 0 0 0 18 0 62 0 0 0 0 0 0 0 0 89 0 0 0 0 0 0 0 0 0
0 0 0 0 0 77 90 0 0 0 0 33 96 61 16 0 0 58 0 81 0 0 0 0 0 0 0 0 39 0 0 0 73 0 0 0 0 0 0 0 0 0 0 0 0 0 12 85 0 0 0 0 0 0 0 0 0 0 0 0 0 2 0 0 0 0 0 47 9 0 0 0 83 0 0 0 0 0 0 0 0 0 8 0 3 49 22 0 0 83 0 0 19 0 53 0 0 0 0 0
0 22 0 0 0 0 0 94 0 0 0 0 92 0 0 0 0 0 0 0 0 0 0 0 0 27 0 69 0 54 54 32 0 92 0 0 0 0 0 80 0 86 0 0 92 0 0 0 0 0 0 0 0 0 0 46 0 49 0 0 0 0 0 66 0 80 0 0 0 0 0 0 10 0 33 56 0 66 0 96 82 0 0 0 0 42 0 52 0 18 0 89 45 35 0 0 0 97 0 0
0 0 0 0 0 0 0 0 0 4 0 0 0 0 32 0 0 0 0 0 11 0 0 0 0 0 98 99 0 0 0 68 0 0 44 0 24 59 0 0 0 19 0 0 0 0 79 0 0 91 0 18 0 0 35 0 0 0 0 4 0 0 0 0 0 0 0 0 0 0 38 0 5 0 0 0 0 47 0 35 0 0 0 0 0 0 60 20 83 30 0 27 0 0 0 0 0 57 0 62
0 0 0 0 62 0 0 0 0 75 0 0 0 0 0 0 0 0 0 0 53 30 0 0 0 0 0 0 0 0 19 95 0 51 0 0 31 0 13 66 0 0 66 0 88 0 0 0 0 0 59 0 0 0 80 74 0 0 100 0 0 0 77 0 0 23 0 0 0 0 34 0 28 0 34 0 0 0 0 0 0 66 68 0 0 97 0 0 0 0 83 0 0 0 0 16 0 0 0 76
0 72 0 0 0 0 75 0 0 33 0 38 0 0 0 0 37 53 0 0 0 18 0 0 0 5 0 0 0 0 0 0 25 0 0 0 0 0 41 0 0 0 0 0 56 0 0 0 83 0 0 81 0 0 0 0 0 0 0 0 0 0 81 0 0 0 0 0 11 0 0 0 62 1 50 42 0 0 0 49 99 0 0 0 0 0 0 27 0 0 0 59 25 9 0 0 0 0 0 0
0 0 8 0 0 0 26 25 0 0 0 0 25 0 4 7 0 0 0 0 0 0 0 0 0 0 0 0 0 0 77 0 0 0 0 0 45 0 0 0 0 0 0 76 0 0 0 0 6 0 57 0 42 0 0 0 0 0 0 21 0 0 0 81 18 0 0 43 0 0 0 0 0 0 0 0 0 0 0 75 0 4 0 55 0 0 0 0 0 0 0 0 0 87 83 89 0 0 0 8
53 0 0 0 0 0 0 0 0 0 0 31 87 0 51 0 0 21 22 0 29 25 30 0 0 87 96 0 0 49 92 0 0 0 0 0 0 13 0 0 0 0 0 90 73 0 0 0 0 0 86 93 2 0 0 62 0 0 0 0 0 0 70 0 88 0 0 0 0 0 0 0 94 0 0 0 0 0 0 0 0 61 0 75 0 0 0 8 0 0 0 9 8 0 0 0 0 81 0 0
0 0 0 0 0 0 0 0 0 0 0 0 0 33 0 0 0 24 91 0 0 0 5 0 50 0 0 0 0 0 0 0 0 0 0 37 0 0 0 0 34 0 14 72 0 0 0 0 0 0 0 58 88 0 0 44 0 0 0 0 0 20 0 0 55 7 0 0 99 0 0 0 73 0 0 0 0 0 0 32 0 12 0 0 0 0 0 35 0 0 0 0 0 0 0 0 0 0 0 12
0 0 0 0 28 0 0 0 0 75 0 0 13 0 0 0 0 2 90 28 0 0 0 0 68 0 0 26 0 0 0 0 87 0 0 73 0 0 0 0 0 48 0 0 0 0 0 9 0 0 0 69 0 0 66 0 0 0 58 39 25 0 0 36 0 0 0 64 0 0 0 89 0 76 0 0 0 0 0 0 0 0 47 0 0 0 44 0 94 79 69 0 0 0 0 0 89 0 0 0
0 0 0 8 0 91 14 79 0 0 0 51 0 0 0 0 0 53 0 90 40 0 42 7 0 0 0 30 0 0 0 0 0 0 0 0 82 40 14 0 0 0 98 0 0 0 24 71 0 83 0 0 0 49 0 0 0 0 0 0 51 0 0 12 0 0 0 0 0 0 95 0 0 0 52 0 0 21 0 0 0 50 0 0 64 0 0 0 0 0 0 88 10 0 0 0 0 0 64 0
0 0 0 0 4 12 96 0 0 0 0 0 0 68 0 30 94 0 0 0 42 0 0 0 0 0 0 0 0 0 37 0 0 16 0 0 38 0 85 0 0 0 0 0 66 0 43 45 0 0 0 0 0 0 0 0 0 0 0 0 0 0 0 0 0 0 63 0 0 0 0 0 0 0 0 0 82 0 0 84 0 0 3 45 0 0 0 0 48 0 22 0 0 0 0 0 11 0 0 0
0 0 0 0 85 0 0 0 0 0 0 5 85 8 0 0 0 0 0 0 0 0 0 0 0 0 4 82 0 0 0 0 26 0 33 0 41 0 0 98 0 0 0 0 0 0 0 39 0 0 0 0 0 50 0 0 29 8 0 0 0 0 0 77 0 0 0 0 0 0 0 0 40 0 19 0 41 0 0 0 0 33 93 0 0 0 50 0 0 62 0 0 97 93 0 78 0 50 0 0
0 0 0 0 0 37 0 0 0 90 0 0 0 0 0 74 0 0 0 22 0 0 0 0 0 0 0 100 0 0 0 0 0 6 9 0 0 0 0 0 0 0 0 0 0 0 80 0 0 0 0 0 0 0 0 36 0 0 29 19 0 61 0 0 0 93 0 0 0 0 48 0 0 95 0 0 0 0 0 0 52 89 0 0 11 0 0 0 0 45 80 0 89 0 0 0 0 0 0 71
0 0 0 87 0 0 0 0 0 54 0 0 0 66 49 0 0 94 0 0 0 0 41 4 0 0 0 11 0 0 0 60 13 0 61 0 0 0 6 0 39 0 0 0 0 0 0 0 0 56 22 33 0 24 0 0 0 0 0 40 0 51 0 0 0 0 0 0 0 83 0 0 0 0 0 58 0 4 41 34 0 0 0 71 48 71 0 0 0 0 2 0 0 0 0 0 0 7 0 0
59 25 0 0 0 0 45 0 0 0 0 0 0 0 0 0 0 0 0 0 81 0 0 0 0 0 0 0 0 0 0 76 0 0 0 0 0 0 0 0 15 0 0 0 0 33 0 19 0 46 41 0 0 0 0 0 14 0 0 0 0 0 0 0 0 0 0 0 0 76 98 0 60 0 0 0 0 91 0 0 23 73 0 0 0 0 0 2 0 0 0 0 57 0 27 0 0 0 44 0
0 0 0 0 0 63 99 54 0 0 0 0 96 0 0 0 0 0 0 0 0 0 0 0 0 0 0 0 0 0 0 0 0 0 0 0 0 87 0 0 25 0 0 73 0 0 0 94 0 62 0 0 0 0 54 0 53 0 17 29 0 64 7 0 0 0 0 0 0 0 0 32 88 0 1 0 0 0 0 0 0 0 98 0 0 0 0 0 0 89 58 0 49 0 0 0 81 18 0 0
58 0 0 7 0 0 0 0 0 76 0 0 0 0 0 0 9 0 0 0 0 13 0 78 0 90 0 0 0 0 34 0 0 0 0 0 0 0 0 0 0 0 99 0 0 0 0 0 0 81 0 0 0 0 19 0 0 0 79 0 0 0 0 0 0 66 24 0 83 0 58 0 0 0 0 37 0 0 3 0 0 0 0 0 18 0 0 59 0 0 0 0 0 0 0 0 0 52 0 0
0 0 0 0 58 0 0 0 0 41 0 0 0 0 0 0 0 0 0 0 0 0 0 77 17 0 0 15 77 0 0 0 0 0 32 0 90 76 0 59 0 0 0 2 31 48 0 0 0 0 0 0 61 0 0 0 0 0 0 0 0 96 16 30 0 0 0 24 86 0 60 0 0 58 0 4 0 0 0 0 0 0 0 0 0 0 0 0 64 41 0 0 0 0 0 0 0 0 32 0
0 0 0 0 0 0 0 40 0 0 0 0 0 0 1 36 86 75 0 0 0 27 0 35 0 0 0 52 0 30 0 0 0 0 0 78 0 0 0 0 0 0 0 0 65 11 0 55 63 0 0 0 0 82 0 0 0 15 0 20 0 0 0 0 0 0 0 9 0 0 87 0 0 0 0 0 0 0 0 0 49 0 0 0 0 50 29 36 0 0 0 0 0 0 47 6 0 0 0 20
88 0 0 0 0 0 7 0 40 0 0 0 0 0 8 0 0 31 0 0 0 0 0 0 0 0 0 0 0 0 0 0 0 38 0 4 0 0 25 73 0 0 0 0 93 0 0 0 0 0 77 0 98 0 82 0 0 22 78 0 51 0 0 58 0 0 79 0 78 73 0 10 0 0 0 10 0 0 0 0 0 0 0 0 0 0 71 0 88 86 48 0 66 0 0 32 0 0 0 90
0 63 0 0 0 0 0 0 0 0 0 0 2 0 0 32 0 0 0 0 0 0 11 0 84 61 70 52 0 0 0 0 0 0 0 91 1 14 0 94 22 51 0 0 0 0 0 0 0 0 0 0 0 0 0 0 0 20 0 0 0 69 0 0 0 0 0 0 0 0 0 100 0 0 35 0 24 0 0 0 0 0 0 0 0 0 0 0 29 35 0 0 0 15 55 47 0 0 0 0
0 0 85 76 0 0 0 11 0 79 0 0 0 0 0 0 0 0 0 71 0 70 72 0 79 0 0 0 0 0 0 0 0 0 0 0 77 0 0 22 0 0 0 0 83 0 0 1 0 0 0 66 0 0 0 0 0 4 0 0 0 0 0 0 0 0 0 0 0 77 0 0 0 0 0 0 0 0 0 0 0 0 22 0 0 0 22 14 53 1 98 93 92 85 0 0 0 0 44 0
0 0 0 0 0 0 0 0 0 0 0 0 0 0 0 0 0 0 0 0 0 50 0 0 0 100 0 0 0 0 0 0 0 0 36 0 22 0 76 0 0 0 0 0 0 0 5 0 21 0 0 0 0 0 44 0 51 0 0 26 0 0 19 0 0 9 100 0 0 0 0 0 14 0 0 0 0 0 0 0 39 0 0 0 0 0 0 0 0 76 0 0 0 0 0 70 0 0 71 0
0 77 33 0 0 14 15 70 19 0 0 0 0 3 0 0 0 0 0 0 0 0 0 0 0 20 0 0 32 0 0 76 0 59 0 8 34 0 0 56 0 0 0 0 17 0 0 0 92 0 47 0 0 0 0 94 0 0 22 0 14 0 0 14 0 0 59 0 0 0 0 88 0 42 34 0 0 41 0 0 0 79 0 0 0 0 93 0 0 0 0 0 0 82 0 0 32 0 0 0
83 0 0 0 0 0 89 0 0 0 0 0 0 0 0 56 0 0 0 0 0 0 0 36 85 0 0 0 0 0 35 24 0 39 0 0 0 0 0 0 23 0 0 100 0 60 0 0 0 0 0 0 0 0 0 0 0 0 0 78 0 0 0 0 0 0 0 20 0 0 66 0 0 0 0 0 0 38 0 0 46 0 0 0 0 0 0 0 0 0 34 0 100 0 0 0 0 0 0 0
0 80 0 99 15 63 0 0 0 0 0 0 0 25 0 6 0 0 0 0 66 0 57 58 0 0 0 0 0 81 0 0 0 0 0 0 0 0 0 0 0 66 0 0 0 6 0 77 0 0 0 0 0 0 98 6 0 0 0 0 0 0 0 0 0 0 0 0 0 0 0 0 0 0 0 0 0 0 0 0 0 0 0 0 0 0 0 0 0 64 0 0 0 0 0 0 0 0 74 0
55 0 0 0 0 0 0 0 0 0 0 0 0 0 8 99 0 0 0 0 0 0 0 0 0 65 0 0 0 0 0 0 0 0 0 0 0 15 0 0 0 0 0 0 0 0 0 33 0 12 47 0 0 0 26 0 83 0 0 0 82 0 0 0 0 0 0 0 60 9 5 75 23 0 0 0 0 0 76 0 98 0 0 0 0 0 0 24 0 82 0 0 0 0 96 0 0 0 24 0
25 0 39 0 0 26 91 0 12 0 0 0 0 0 0 0 0 0 75 0 78 0 0 0 69 70 0 0 0 77 0 0 0 0 0 0 0 0 0 0 0 0 13 0 0 0 0 0 0 0 0 0 0 54 0 58 16 0 0 0 0 0 55 0 0 0 0 0 0 44 0 75 24 0 0 0 0 0 55 77 0 0 0 0 0 88 0 0 0 68 25 0 0 25 61 0 0 0 28 14
96 56 0 0 31 0 0 0 0 0 0 0 0 0 0 0 96 78 0 0 0 0 39 90 0 0 0 0 0 83 0 0 0 0 0 61 0 0 94 0 0 0 23 0 0 54 0 0 59 0 0 0 0 0 0 0 0 0 21 0 0 0 0 0 0 0 9 0 0 32 0 0 0 46 0 0 90 0 98 0 0 0 73 0 0 0 0 0 0 0 0 91 0 0 0 0 0 32 0 0
0 0 51 0 0 0 0 0 0 0 0 98 0 0 0 45 0 0 0 0 0 0 0 0 0 52 0 0 0 0 0 0 0 0 0 99 39 0 0 0 40 10 0 18 0 0 0 97 0 0 0 98 0 0 0 0 0 23 23 0 0 0 0 0 0 0 31 0 16 32 28 0 54 0 0 0 0 0 0 0 0 0 14 0 0 0 0 0 0 0 78 0 20 0 0 0 0 0 0 0
0 0 0 6 0 57 0 73 0 0 0 0 0 0 56 0 0 0 0 0 0 0 84 56 0 0 0 0 0 0 0 0 0 0 0 0 0 0 21 0 0 0 0 0 0 0 29 48 0 0 0 57 0 0 42 0 0 0 0 0 21 0 0 0 0 0 0 0 55 0 0 14 0 0 63 0 0 0 0 0 0 0 0 0 0 0 57 11 0 0 0 0 40 0 0 0 94 0 0 36
0 1 38 0 20 0 0 0 99 0 0 36 0 4 0 37 0 0 0 0 10 0 81 10 0 6 0 0 0 63 0 0 0 16 0 35 0 0 0 69 0 0 0 55 0 32 0 0 53 0 81 0 0 0 0 28 39 77 60 0 0 32 0 0 0 55 0 0 0 0 0 0 0 38 0 0 0 0 0 4 93 0 54 28 0 0 0 0 0 0 0 0 0 4 73 0 0 0 0 0
0 0 0 0 68 0 0 0 0 96 0 0 89 95 29 0 69 42 66 0 0 0 0 53 0 30 0 0 0 0 15 0 0 53 74 0 0 3 0 0 0 0 0 0 0 0 17 4 0 0 53 4 0 0 0 0 0 0 0 0 77 85 0 1 1 0 0 0 0 0 0 78 0 0 0 0 0 38 51 0 67 0 0 22 0 0 33 0 27 0 0 0 0 0 0 0 0 0 0 79
49 43 0 0 0 0 0 27 91 0 0 11 0 0 0 0 0 0 78 94 0 0 0 0 0 0 0 0 19 0 38 53 0 0 0 0 0 71 0 0 16 0 0 49 0 0 0 44 0 0 0 0 0 0 80 0 0 0 0 93 0 0 0 0 0 0 68 0 0 0 0 0 0 0 0 0 67 0 0 88 0 0 26 0 5 0 0 92 0 0 0 0 0 0 92 0 0 0 0 13
0 0 0 49 70 0 75 0 31 100 0 0 3 0 12 0 13 0 0 0 0 89 0 87 0 0 0 0 0 0 0 0 100 0 0 71 0 0 89 0 26 78 0 0 11 0 0 0 0 0 51 6 10 0 50 0 0 47 90 73 0 0 0 0 0 0 0 18 0 0 0 0 0 0 56 19 0 0 39 0 65 0 0 0 0 0 0 0 0 0 0 0 0 20 0 23 0 0 0 0
0 0 59 0 0 0 0 0 0 0 0 0 0 0 0 0 46 0 0 65 0 0 0 0 0 0 0 0 0 17 0 0 0 0 0 0 0 0 0 0 0 0 0 0 88 93 0 0 94 0 0 0 0 17 0 0 0 0 0 67 93 50 0 0 0 79 0 57 0 0 0 0 63 0 0 0 62 0 47 0 0 0 0 4 0 28 0 0 0 0 0 86 40 0 32 0 0 0 0 0
0 0 0 12 0 0 0 0 0 0 0 0 0 94 0 0 0 0 25 74 0 0 92 27 0 0 47 32 0 0 0 0 50 0 12 0 0 6 0 0 0 0 32 0 0 60 0 0 0 0 0 0 0 0 0 0 0 24 0 0 0 26 0 0 0 0 0 0 90 0 0 0 0 34 0 65 0 0 0 0 0 83 0 0 0 10 18 0 0 0 1 0 0 40 0 60 0 0 80 0
0 0 0 0 0 0 0 57 64 0 0 27 0 0 52 0 0 64 0 0 53 27 0 0 92 14 23 0 0 0 34 0 0 0 48 0 33 40 0 0 0 0 0 0 0 75 0 29 0 0 0 23 0 0 63 0 0 0 37 0 0 0 0 0 0 63 0 83 0 0 29 0 30 0 0 0 0 0 0 0 0 0 0 0 83 22 0 0 0 0 0 0 0 66 0 0 0 0 0 0
0 0 0 0 42 0 0 0 29 0 0 0 0 0 0 0 12 0 0 0 0 0 0 0 6 0 0 0 0 0 0 0 0 0 0 59 0 0 0 0 0 0 82 0 0 0 0 67 0 0 0 99 0 0 0 0 41 0 0 19 0 48 0 0 0 0 30 0 0 0 0 0 0 0 0 0 15 0 0 86 0 0 0 0 0 62 0 91 86 95 0 0 0 0 0 0 8 0 0 0
51 0 0 11 0 0 0 0 0 0 0 0 0 0 0 0 74 0 0 10 0 12 37 0 0 22 0 0 0 0 0 0 0 0 74 69 0 0 23 0 0 0 0 0 0 0 0 0 56 0 69 0 0 0 0 0 0 0 0 0 28 0 0 18 0 0 0 0 81 33 0 0 0 0 0 0 0 18 0 0 0 0 0 0 0 0 0 0 0 6 78 0 0 0 0 0 0 44 0 0
0 0 0 0 0 40 0 0 0 0 0 0 0 56 0 0 96 51 1 0 0 0 0 0 0 0 75 89 93 0 0 0 0 0 0 0 84 0 0 0 0 0 0 0 0 0 0 30 0 0 34 0 0 0 0 70 0 65 0 0 52 96 0 0 0 0 0 0 0 0 4 0 0 0 0 0 0 0 0 96 0 44 0 0 0 0 95 0 0 0 0 56 0 0 0 0 0 0 0 67
0 0 0 0 0 0 0 5 54 55 0 0 0 0 0 0 0 0 0 0 0 43 0 0 62 0 0 0 0 71 0 0 0 0 0 0 0 0 0 10 0 0 61 0 27 0 49 0 0 41 0 0 0 0 0 0 0 0 0 17 1 0 73 0 0 0 41 5 0 0 0 0 0 7 0 0 32 0 17 64 0 0 0 87 34 0 90 0 52 0 0 0 0 0 0 16 0 0 7 0
0 0 0 64 0 0 0 0 0 0 0 0 0 0 0 98 42 98 0 72 0 0 0 0 0 17 18 0 0 0 78 13 0 0 0 46 0 0 0 11 0 0 0 0 0 0 92 0 0 0 0 0 82 0 0 0 0 0 0 0 0 73 30 0 0 2 0 0 14 0 3 0 0 0 19 0 33 0 0 29 0 44 0 0 0 0 9 0 0 0 0 0 0 0 0 0 49 0 16 0
0 17 75 0 0 98 0 0 0 0 0 0 96 0 0 77 0 0 0 0 0 62 0 0 41 13 0 0 68 0 34 0 0 100 82 85 0 0 0 0 12 0 0 0 0 0 0 0 47 0 0 0 88 28 26 0 36 0 0 0 0 57 21 0 27 0 0 0 0 0 0 0 0 48 0 0 0 0 0 0 0 0 0 0 0 0 0 35 55 0 0 0 0 10 0 0 0 0 17 0
0 0 0 0 0 0 27 0 0 0 0 95 85 11 0 0 0 0 0 11 0 0 92 21 46 0 0 33 12 0 0 0 0 0 0 42 0 0 0 66 0 0 52 0 0 0 0 0 0 22 0 0 0 0 0 61 47 0 0 0 0 0 0 0 0 0 0 0 0 0 0 11 0 0 0 0 0 0 66 29 63 78 0 0 0 0 0 0 0 0 0 58 0 0 0 0 0 15 48 0
56 13 0 14 76 0 26 15 0 0 0 4 0 0 9 0 54 0 0 95 89 86 0 94 0 0 0 85 0 23 97 0 0 100 0 0 0 68 0 0 0 81 93 29 0 0 0 80 0 5 0 55 92 0 33 0 22 0 0 0 0 0 0 0 0 53 0 0 0 0 85 0 0 0 0 0 0 0 0 39 0 0 0 24 17 0 0 0 0 0 0 0 0 94 0 0 0 0 0 0
0 0 0 0 0 0 0 0 0 0 0 0 0 0 79 22 0 0 0 17 58 0 0 76 29 0 0 0 0 93 0 0 0 49 83 0 0 0 0 2 0 77 13 62 79 0 0 0 0 0 0 0 46 0 0 0 52 63 0 0 0 0 0 0 0 0 15 0 78 0 0 0 0 0 0 0 0 0 23 0 0 60 52 0 0 0 13 0 0 0 78 0 0 0 0 98 0 0 0 0
35 0 0 0 0 0 0 0 97 0 0 0 0 28 0 0 0 35 0 2 72 0 0 0 0 0 0 0 0 0 0 0 0 0 0 0 90 21 0 0 0 0 91 6 0 0 94 8 0 0 0 0 74 0 0 0 54 0 97 0 0 0 0 0 0 0 0 60 0 0 0 0 0 0 0 0 80 0 16 0 0 0 0 0 60 4 0 0 0 0 0 0 6 0 0 66 9 13 0 0
0 0 0 0 0 73 0 0 0 0 0 0 0 0 0 0 0 0 0 0 0 0 63 74 0 0 8 0 0 0 45 0 3 78 0 0 70 0 0 0 0 26 0 0 0 0 0 0 0 0 0 49 63 0 0 0 0 97 0 0 0 0 0 0 0 36 0 0 0 84 0 0 92 0 0 100 1 91 0 89 0 0 0 0 0 0 15 0 0 0 0 0 24 0 0 0 0 91 0 0
0 0 12 0 0 3 0 0 0 0 58 0 0 0 0 0 0 0 0 0 0 51 0 82 0 0 0 26 23 0 0 0 0 0 8 0 0 0 0 0 0 0 0 0 0 0 60 0 0 0 2 0 0 55 3 0 0 0 0 85 0 0 0 0 0 0 0 0 0 47 0 0 0 0 66 0 0 0 0 0 0 0 0 0 0 63 0 8 0 0 0 69 39 0 0 0 55 81 0 0
0 0 30 31 0 0 0 0 0 0 0 0 0 37 59 0 40 0 0 0 0 0 0 0 0 0 0 79 0 0 1 0 54 0 69 0 0 0 45 0 0 0 0 0 0 31 0 0 0 50 0 11 0 74 0 0 66 1 17 0 0 0 0 65 0 0 0 18 0 0 0 0 43 59 0 0 0 0 0 0 0 0 0 0 0 0 0 0 0 0 0 0 0 0 0 0 0 0 0 58
0 0 0 0 0 46 96 0 0 27 0 0 0 87 0 33 70 0 0 0 0 1 28 0 0 0 0 0 11 59 8 54 12 0 0 0 0 6 0 0 0 0 0 0 93 0 0 0 0 0 72 0 0 0 0 0 80 48 0 0 77 100 0 0 49 0 0 55 0 0 0 0 100 0 0 80 0 75 0 0 0 0 13 0 0 0 0 0 0 0 0 34 0 0 4 0 0 0 0 48
0 0 0 0 10 0 9 0 0 0 0 0 0 0 0 80 0 0 0 0 0 0 65 0 39 0 0 0 0 49 0 0 0 0 0 0 75 0 0 79 65 0 43 69 68 0 0 0 0 0 31 0 0 0 0 0 76 0 34 0 0 52 0 0 0 0 0 0 0 0 0 0 0 0 0 0 83 0 62 10 0 10 0 0 0 0 0 0 0 0 0 0 0 0 0 0 60 0 15 0
0 0 0 78 0 0 0 0 0 0 0 0 0 0 0 0 0 0 0 0 0 31 0 0 0 0 0 65 88 0 0 28 0 0 0 0 75 0 0 0 0 0 0 0 0 0 0 56 0 0 0 0 0 0 77 0 71 0 43 0 0 0 0 0 86 0 41 68 4 0 25 0 0 0 0 24 0 0 89 0 0 0 0 69 0 0 72 0 0 10 43 38 0 0 0 0 37 0 0 0
81 53 0 0 0 5 0 0 83 0 0 31 0 0 0 67 0 0 0 97 0 0 0 0 0 0 28 0 0 0 0 0 0 8 0 0 17 0 0 48 0 0 0 88 35 0 0 91 0 0 38 1 58 34 43 0 53 0 0 0 0 0 0 0 0 0 0 0 0 0 68 89 0 53 18 42 0 0 0 0 100 0 29 0 32 38 0 0 0 0 0 0 0 0 0 0 0 0 15 0
0 0 0 0 84 0 0 68 88 0 38 100 89 0 0 0 0 0 0 0 0 15 0 0 0 0 8 0 0 0 68 7 0 0 0 98 24 0 0 81 0 0 0 19 0 0 0 0 0 0 0 0 0 0 0 0 0 71 84 0 0 0 68 38 0 0 0 0 0 0 0 30 0 0 0 77 0 0 6 6 68 0 0 0 0 0 0 61 0 0 83 0 0 63 0 0 0 0 0 60
0 11 0 21 0 0 0 0 33 90 36 0 0 0 0 0 0 14 0 0 94 15 88 15 0 0 0 0 0 0 69 0 0 0 0 61 21 0 0 0 0 0 0 80 0 0 0 0 0 0 43 0 0 0 0 47 47 0 0 0 0 93 0 0 10 0 0 0 0 0 0 0 38 75 0 0 0 39 22 0 0 0 0 23 0 6 75 0 11 98 98 0 32 40 0 59 0 83 0 0
0 0 0 0 0 0 0 24 0 0 5 0 0 28 0 0 60 0 0 0 0 0 0 44 91 0 34 0 0 0 0 0 0 12 0 24 0 72 0 0 0 0 0 0 0 0 0 0 0 0 0 75 0 0 0 89 0 78 0 0 86 0 0 0 0 0 0 92 0 0 0 43 0 0 89 100 0 0 0 0 0 0 67 0 0 0 0 9 0 0 0 0 0 17 92 0 0 46 0 0
0 29 8 32 0 0 0 0 0 49 0 0 25 0 0 0 0 0 0 0 94 0 0 67 0 63 0 0 0 0 0 0 0 12 0 0 0 0 13 44 0 0 0 0 0 6 65 0 60 46 0 0 88 0 0 0 0 0 0 0 0 0 0 0 69 0 0 0 0 0 95 0 0 43 0 0 85 0 0 26 0 0 0 0 0 0 0 96 74 0 0 0 0 0 0 0 42 0 98 0
0 16 0 0 70 0 0 56 0 3 0 0 0 0 77 0 0 0 0 0 50 0 0 0 0 86 0 0 0 0 0 0 0 0 0 0 0 69 0 89 12 0 0 0 0 0 66 0 0 15 92 0 0 75 0 0 0 0 0 0 0 9 0 0 0 0 0 0 0 0 51 0 0 0 0 32 34 0 22 0 0 0 0 0 70 40 61 0 0 0 0 0 0 0 62 0 0 0 37 49
0 0 0 0 34 0 0 0 0 0 8 0 0 0 0 0 0 0 0 0 0 0 0 0 0 0 0 0 0 0 0 0 0 0 0 0 0 0 86 64 0 0 73 75 0 61 46 0 4 0 3 0 0 0 0 0 0 0 74 0 75 0 55 0 7 0 23 0 0 0 0 0 24 0 9 0 0 0 0 3 0 81 0 0 0 0 58 79 0 0 0 0 0 0 0 21 10 0 0 0
11 0 22 0 34 0 0 0 81 6 0 0 35 0 0 0 0 0 0 0 0 0 0 0 35 0 0 0 0 37 0 0 0 0 0 86 0 0 16 0 0 0 0 5 0 0 0 0 42 0 73 14 0 0 0 0 90 0 0 91 0 0 0 0 0 0 76 61 0 28 0 0 0 3 48 0 0 88 67 0 0 0 77 51 0 0 0 0 0 0 0 52 41 0 0 24 18 69 0 0
43 0 68 0 93 0 0 0 0 0 0 0 0 0 37 0 0 0 0 0 0 45 0 0 0 0 0 0 0 0 0 75 0 2 42 0 80 88 0 0 0 0 0 0 0 0 21 0 0 39 83 0 0 0 0 0 0 0 0 0 0 31 0 0 0 50 0 0 0 92 59 0 9 0 82 0 0 57 0 0 80 0 35 0 0 0 0 0 58 57 0 21 0 14 59 95 0 0 0 0
0 0 0 0 8 59 0 0 0 0 0 0 7 0 0 0 0 0 0 0 0 38 44 0 0 8 0 11 0 0 24 0 5 0 0 0 0 0 0 0 0 0 0 41 0 0 0 0 0 0 0 0 0 0 56 0 0 0 0 0 0 0 49 0 68 0 0 0 0 49 0 0 78 0 39 0 0 0 0 0 0 0 58 0 0 0 0 0 0 0 0 88 30 44 0 0 0 0 0 64
0 0 4 92 0 8 0 0 0 19 0 0 0 0 0 81 0 0 0 62 0 34 0 0 0 0 0 0 0 0 66 0 0 34 0 0 0 0 0 0 0 0 0 64 62 0 0 0 0 0 0 0 0 0 0 0 0 0 0 0 88 0 0 91 0 0 0 6 0 0 0 3 0 10 38 86 0 23 0 0 0 0 0 91 58 0 0 0 0 0 0 0 0 0 0 0 0 82 0 0
80 0 0 0 0 0 0 0 78 0 0 0 0 0 0 0 0 0 0 0 0 0 0 78 0 0 0 0 0 41 0 0 0 70 0 0 0 0 0 0 0 32 0 0 0 0 0 0 0 0 0 0 0 0 0 0 0 0 35 94 0 0 0 0 47 0 86 2 0 0 0 0 0 5 0 32 0 0 80 1 0 0 44 0 0 97 0 71 64 0 0 23 0 0 0 9 0 80 0 91
36 0 16 0 0 0 0 0 0 0 0 69 0 0 63 0 0 45 44 12 0 0 0 0 0 0 0 0 0 0 0 0 0 0 40 0 0 0 85 0 0 0 0 0 0 31 0 0 0 0 0 0 0 83 0 0 0 0 0 0 88 0 0 5 0 0 75 0 50 0 0 0 0 0 0 0 0 0 44 0 37 0 0 0 0 5 0 0 0 0 0 83 13 0 28 0 0 0 76 0
0 0 0 0 18 0 0 0 0 0 0 0 0 0 0 0 0 0 61 0 30 0 0 0 12 29 53 0 0 0 0 0 0 0 0 0 0 0 0 0 95 0 0 0 0 0 0 68 0 0 0 0 0 0 0 0 0 58 31 9 0 0 0 65 0 0 11 0 0 0 0 0 0 0 0 0 49 0 0 0 21 0 75 0 0 0 0 0 0 72 0 43 0 0 24 56 87 0 0 0
0 0 0 38 0 0 0 0 0 0 0 0 0 0 63 0 74 0 0 0 54 53 0 95 90 0 0 0 0 0 0 0 6 0 0 0 93 0 0 0 0 0 0 0 0 0 0 0 0 0 0 0 0 26 0 0 0 0 10 0 0 0 0 78 0 0 0 0 0 0 0 0 0 0 0 0 0 0 0 0 28 0 0 0 69 0 0 0 0 0 0 0 0 0 36 0 0 0 0 0
0 0 0 0 25 9 27 0 0 0 0 0 0 18 0 35 0 0 0 0 0 0 0 0 0 9 53 0 0 0 22 0 0 34 0 32 0 6 27 0 0 0 0 0 0 0 0 99 76 0 0 38 0 0 0 53 2 0 0 0 92 25 81 0 5 0 0 0 95 0 0 0 0 0 0 0 0 0 0 0 0 0 93 0 3 46 0 0 0 0 0 0 5 0 0 83 50 0 0 43
0 0 0 0 0 34 0 0 0 0 0 55 83 0 0 0 0 71 0 26 0 23 0 0 0 0 0 0 0 0 0 0 0 69 77 43 0 79 37 0 0 0 0 0 0 87 0 0 80 95 0 0 24 0 53 0 0 0 0 0 0 26 12 0 0 0 95 0 37 0 0 0 0 0 0 45 0 0 0 0 29 0 0 0 0 83 0 0 17 42 1 0 69 0 0 43 0 0 41 0
0 0 0 0 0 0 0 0 0 0 0 0 66 0 0 31 0 20 0 0 0 0 66 99 0 0 0 61 0 0 0 0 0 49 4 0 0 0 0 64 14 0 0 0 0 0 40 0 0 80 0 0 35 0 14 0 0 0 58 0 0 35 0 73 38 0 0 39 0 74 0 0 0 0 0 0 0 0 0 0 0 0 0 0 0 0 0 0 0 71 0 0 0 93 0 0 59 0 0 0
95 0 0 0 0 21 63 84 0 0 0 0 0 0 0 0 0 0 0 0 0 60 0 0 5 0 47 0 0 0 0 88 0 0 0 0 0 0 0 0 0 0 0 0 0 0 0 62 92 0 18 0 0 0 0 0 0 0 0 0 0 75 0 0 0 0 0 0 78 82 0 0 0 0 5 0 0 0 0 0 1 0 34 40 0 0 0 0 83 0 0 85 23 0 0 0 0 0 0 0
85 14 23 0 0 0 0 0 0 0 17 0 0 0 0 0 0 42 0 0 0 0 0 36 0 0 0 0 0 52 47 0 0 0 0 0 0 0 0 0 0 0 0 100 0 0 0 91 0 92 0 61 0 0 0 0 43 0 11 0 0 0 90 0 0 0 31 75 92 0 0 0 0 36 0 15 0 0 0 0 0 0 38 0 97 0 0 0 0 0 47 0 13 0 5 97 0 27 0 0
0 11 33 0 20 82 0 0 67 0 0 0 0 30 0 69 0 0 0 0 11 0 0 0 50 0 0 64 0 0 0 0 0 0 0 0 0 0 0 0 0 0 0 0 0 0 0 0 0 0 0 0 0 0 39 0 52 0 0 66 5 80 0 0 0 77 37 59 0 0 0 0 50 0 0 0 0 0 0 0 0 0 0 0 0 0 0 0 59 0 0 0 0 0 0 0 21 0 0 0
0 37 0 0 0 0 0 0 0 8 0 0 58 0 67 0 38 85 0 0 0 20 44 0 0 75 0 0 0 0 0 0 82 59 0 0 0 0 0 0 15 16 0 3 0 69 39 45 0 0 0 0 0 46 0 0 7 0 0 0 20 0 0 0 0 0 0 0 0 0 67 46 0 93 0 0 0 0 0 0 0 0 0 76 0 0 0 0 0 29 0 0 0 0 0 0 33 0 18 57
0 19 87 14 72 0 0 0 0 0 33 17 0 0 0 0 0 0 0 0 0 0 0 62 0 0 0 0 0 0 0 98 0 0 0 14 0 0 0 0 19 0 0 0 0 0 0 0 0 0 0 0 0 0 0 20 0 0 0 31 96 85 0 56 0 0 0 0 45 59 0 0 0 0 0 50 12 61 0 0 0 0 0 0 0 0 0 0 0 83 0 0 0 0 61 0 55 0 0 0
86 0 0 0 54 0 3 69 0 0 0 0 0 0 0 0 0 0 0 44 0 0 0 0 0 0 33 0 0 0 58 0 0 0 0 0 0 0 0 0 0 0 45 0 45 0 0 35 0 34 0 0 0 0 0 19 0 0 0 0 8 0 0 0 57 0 0 0 0 0 91 0 0 0 16 0 0 70 0 0 0 0 6 36 0 29 0 0 0 0 0 0 0 51 53 38 99 0 0 0
42 0 0 56 53 8 2 0 0 0 0 0 0 0 0 0 61 14 0 0 87 0 54 0 0 0 62 0 0 0 0 95 0 0 0 0 0 0 0 0 29 0 19 0 0 0 60 0 57 0 5 0 0 0 0 0 0 0 40 77 43 0 0 56 0 0 90 0 63 50 0 0 0 24 0 58 20 62 0 0 0 0 0 0 0 0 0 0 58 0 0 0 0 0 93 0 0 0 0 0
7 0 0 0 0 25 93 92 0 0 0 0 0 0 0 0 0 0 0 0 0 73 0 90 0 15 26 0 0 0 0 0 49 0 59 40 0 0 0 0 0 0 0 89 0 3 0 0 0 47 51 0 0 46 0 0 10 0 0 0 0 0 87 0 0 0 0 0 0 0 90 0 0 0 0 0 99 0 0 0 0 0 0 0 68 0 0 44 0 76 0 0 0 0 0 0 0 1 0 77
53 0 0 0 0 0 28 0 0 0 27 89 0 0 0 0 0 0 58 0 0 31 0 86 0 0 55 12 0 0 0 0 0 0 0 0 0 0 0 0 0 80 0 56 0 0 92 37 0 0 0 0 0 0 0 0 0 0 0 80 37 0 48 97 11 0 0 76 83 96 0 0 31 75 0 0 37 0 0 0 0 0 0 0 0 0 0 0 0 0 0 0 0 0 0 0 0 0 89 0
0 0 0 0 0 0 0 0 0 0 0 0 0 83 0 0 11 0 76 0 0 84 0 0 0 0 21 0 31 0 16 21 0 60 65 70 0 0 1 0 0 0 0 0 0 0 0 0 0 0 6 0 0 0 61 0 0 0 0 46 0 0 0 95 65 0 0 47 76 27 25 0 0 0 0 38 0 0 81 0 0 80 72 9 0 0 64 0 0 0 0 72 0 0 0 0 0 49 0 0
0 0 0 0 56 0 0 0 0 0 0 64 95 0 0 0 0 0 0 0 0 0 0 0 0 0 0 0 0 0 0 41 0 51 0 0 76 0 0 0 0 0 0 79 0 52 0 0 87 0 0 86 0 0 83 0 0 64 0 0 0 0 0 67 54 0 0 0 31 72 16 35 38 0 0 0 0 0 0 0 0 0 8 68 0 0 0 0 0 0 0 0 0 0 28 0 0 69 0 63
0 0 0 0 0 0 0 60 0 0 0 0 0 61 24 0 0 0 0 61 51 0 0 78 0 47 0 0 0 0 0 0 63 0 0 0 0 72 0 0 0 99 67 0 0 3 0 0 53 0 0 0 0 0 0 0 0 0 0 0 0 0 0 0 0 0 0 0 0 0 0 0 0 0 0 0 0 0 69 0 0 0 0 81 0 0 11 0 68 0 0 0 0 42 0 0 0 27 0 18
0 16 72 40 24 0 0 0 70 0 0 0 43 0 0 0 9 0 8 0 0 0 0 3 0 32 0 0 1 95 0 31 0 0 0 0 0 16 0 61 0 0 12 0 0 0 0 0 0 80 0 0 0 0 0 0 0 0 0 0 0 0 35 0 9 0 0 66 0 0 0 0 0 38 0 0 0 0 0 0 0 0 0 18 0 0 0 0 0 0 0 91 0 0 0 57 55 0 0 0
61 0 0 18 0 0 0 64 73 0 40 0 0 0 51 0 0 84 5 32 21 78 30 0 63 0 0 0 0 0 54 0 0 0 0 0 60 0 0 37 0 18 0 0 32 0 0 67 95 81 0 0 0 0 0 0 0 16 0 0 0 0 0 89 0 0 0 36 0 75 0 0 84 0 0 14 0 7 0 0 0 0 0 77 0 0 0 0 0 0 22 0 0 0 0 0 0 0 0 0
79 0 0 22 0 0 0 17 0 0 0 0 0 0 64 0 0 0 0 0 87 0 0 0 0 81 0 0 84 0 68 0 0 0 0 0 0 74 51 0 0 0 0 0 0 0 0 0 22 0 0 0 0 0 92 0 73 0 0 0 0 0 0 0 0 0 0 0 0 39 0 0 4 91 0 94 57 0 0 19 0 0 0 0 0 13 0 0 0 28 20 0 0 0 59 0 0 0 0 0
16 0 54 34 0 0 0 0 0 0 0 89 0 0 0 0 0 0 0 0 0 0 0 0 0 0 78 23 65 0 74 0 0 0 17 0 0 89 33 0 0 0 0 0 24 0 65 0 0 0 81 97 0 0 0 0 0 0 0 0 0 0 75 0 0 70 63 90 0 0 9 0 0 72 0 0 0 0 79 49 0 0 0 0 0 62 0 0 0 0 0 0 0 95 0 0 28 79 38 0
18 0 0 55 8 0 0 0 0 0 26 0 0 13 0 0 0 0 0 0 0 0 0 0 0 70 0 0 14 0 0 0 0 0 0 32 0 94 0 0 0 60 89 50 0 0 0 0 0 0 0 0 0 0 0 0 66 0 0 0 0 36 0 0 0 28 0 0 0 0 41 0 80 91 0 0 23 0 0 0 0 75 0 0 0 31 0 0 0 0 98 0 0 5 0 0 0 0 0 0
0 0 0 0 0 0 18 0 53 73 0 8 0 0 63 0 0 0 0 43 100 41 0 0 0 22 0 0 0 0 0 74 6 0 0 72 0 0 0 0 63 72 0 0 0 0 22 0 0 0 36 80 0 0 0 55 0 86 0 11 0 0 79 0 4 94 0 0 36 0 0 0 0 18 57 0 0 46 0 0 98 0 0 0 0 0 0 0 20 95 0 0 0 24 44 0 0 14 0 34
0 0 30 0 0 0 0 0 0 0 0 0 0 90 0 0 42 29 82 0 0 0 36 0 0 0 40 0 0 0 0 0 69 14 82 0 0 0 50 0 34 96 0 28 0 0 0 0 0 0 0 0 0 0 14 0 0 23 0 71 0 0 0 57 42 32 72 0 0 0 0 0 0 0 0 0 82 0 0 0 0 0 0 0 0 0 0 0 0 26 0 0 0 0 53 0 0 0 0 0
0 0 99 10 0 0 0 26 0 0 79 0 0 0 0 0 16 0 0 0 43 0 0 95 0 0 0 0 0 0 0 0 0 84 7 0 0 0 0 0 0 0 0 0 0 0 18 0 0 0 0 0 0 0 0 0 0 0 0 0 0 0 1 0 0 0 0 52 0 0 0 6 0 99 0 31 7 0 0 0 0 0 0 0 84 0 0 0 0 0 0 0 6 0 0 0 0 0 0 0
0 0 0 0 0 0 0 0 0 0 30 0 0 95 50 0 0 0 0 0 0 0 0 58 0 0 0 0 0 29 0 0 0 0 0 0 0 0 0 31 46 0 0 0 0 0 83 0 0 0 0 0 0 25 1 92 0 0 63 26 50 0 0 0 0 0 19 0 98 77 0 70 0 0 0 0 0 0 0 71 0 86 0 0 0 0 27 0 0 0 71 0 0 0 0 0 0 0 0 0
0 0 0 72 72 0 0 0 55 8 0 0 93 0 0 72 0 0 0 0 64 0 0 0 0 0 0 0 48 0 0 0 1 0 0 89 0 0 0 0 0 0 0 0 98 28 0 46 82 0 0 0 65 0 59 57 0 0 0 0 0 0 81 0 0 0 0 86 0 0 0 0 61 67 21 0 0 0 100 0 27 0 0 38 0 85 0 21 0 0 57 0 0 0 0 95 87 0 0 0
37 0 0 0 0 0 65 0 0 52 0 0 0 0 88 25 0 0 0 0 0 0 0 0 0 0 48 0 0 0 56 49 10 0 0 10 0 0 0 0 23 90 0 0 0 0 56 0 0 0 0 0 21 0 0 18 94 0 0 4 0 0 0 0 0 0 0 0 0 0 0 0 0 23 0 35 0 0 0 0 0 68 0 0 96 0 99 0 0 55 30 36 0 0 0 0 0 0 0 0
85 0 0 19 81 61 0 7 0 0 0 0 0 0 0 0 6 0 0 0 0 0 0 82 0 0 0 0 0 0 0 0 0 0 87 80 0 0 0 0 0 0 47 0 54 45 0 94 72 0 0 0 69 58 0 0 0 0 0 0 0 58 0 0 0 80 0 0 0 0 0 0 0 0 0 0 0 21 68 0 21 0 0 0 22 58 0 79 0 43 0 30 0 5 0 0 0 0 61 0
87 0 34 0 0 96 0 0 64 73 0 39 0 71 0 0 0 67 95 0 0 0 0 0 0 0 0 0 73 43 0 0 100 0 0 0 88 0 0 0 0 0 0 0 27 43 57 0 77 0 0 0 0 0 71 0 0 0 0 0 0 21 0 0 0 0 0 0 81 0 9 0 0 0 0 10 0 19 0 0 0 32 0 0 53 0 0 0 0 0 0 65 8 0 0 58 0 0 0 0
0 0 0 0 0 57 38 0 0 55 0 0 0 0 0 24 53 20 8 0 0 84 0 0 0 91 0 0 37 0 0 0 0 12 0 0 0 0 0 0 0 33 0 0 0 0 0 24 0 0 0 0 0 74 0 9 0 0 0 0 26 0 0 8 32 38 0 51 0 0 0 0 0 0 0 0 0 10 35 0 0 0 0 69 0 0 53 0 0 0 0 79 84 0 0 0 0 17 0 65
0 0 0 29 0 0 0 67 0 0 68 0 0 0 15 6 0 0 51 0 0 0 97 0 0 0 0 0 94 50 0 0 0 0 0 0 0 0 0 0 0 0 0 0 0 0 46 57 39 0 62 0 0 24 0 0 0 0 0 0 0 0 0 0 30 0 0 22 9 0 0 0 0 0 0 0 0 0 0 0 0 0 55 0 0 0 0 0 86 0 0 0 0 0 0 0 34 26 24 0
0 0 0 0 0 0 0 7 0 0 0 51 0 0 0 0 60 19 0 0 0 0 0 55 52 28 0 15 19 0 0 0 0 0 0 16 0 85 0 0 0 9 0 0 0 0 0 0 0 0 0 0 82 62 98 0 0 48 0 0 0 39 76 0 0 0 0 0 0 0 0 74 0 62 0 0 0 0 0 8 0 83 0 0 0 0 0 0 0 0 48 0 0 0 0 0 0 0 0 0
0 0 0 0 0 98 20 0 0 0 0 81 93 50 4 0 0 70 0 37 0 0 0 0 0 0 0 0 63 0 0 0 83 0 0 0 0 0 0 0 0 0 0 0 0 0 63 91 0 0 0 0 0 0 0 0 0 0 0 0 0 1 0 0 0 0 0 79 29 0 0 0 19 0 0 0 0 0 0 0 0 0 26 0 97 100 26 0 0 91 0 0 12 0 37 0 0 0 0 0
0 7 0 0 0 0 0 36 0 0 0 0 19 0 0 0 0 0 0 0 0 0 0 0 0 84 0 49 0 13 24 48 0 68 0 0 0 0 0 46 0 93 0 0 62 0 0 0 0 0 0 0 0 0 0 30 0 63 0 0 0 0 0 63 0 75 0 0 0 0 0 0 63 0 61 35 0 24 0 73 54 0 0 0 0 75 0 62 0 80 0 99 39 95 0 0 0 62 0 0
0 0 0 0 0 0 0 0 0 94 0 0 0 0 7 0 0 0 0 0 60 0 0 0 0 0 61 31 0 0 0 3 0 0 52 0 17 24 0 0 0 19 0 0 0 0 31 0 0 34 0 25 0 0 45 0 0 0 0 84 0 0 0 0 0 0 0 0 0 0 17 0 33 0 0 0 0 57 0 58 0 0 0 0 0 0 34 100 86 6 0 15 0 0 0 0 0 8 0 50
0 0 0 0 33 0 0 0 0 90 0 0 0 0 0 0 0 0 0 0 30 99 0 0 0 0 0 0 0 0 100 34 0 100 0 0 42 0 48 21 0 0 58 0 50 0 0 0 0 0 76 0 0 0 11 11 0 0 59 0 0 0 16 0 0 53 0 0 0 0 57 0 7 0 97 0 0 0 0 0 0 62 86 0 0 93 0 0 0 0 99 0 0 0 0 55 0 0 0 58
0 97 0 0 0 0 9 0 0 79 0 29 0 0 0 0 45 94 0 0 0 54 0 0 0 9 0 0 0 0 0 0 13 0 0 0 0 0 70 0 0 0 0 0 22 0 0 0 82 0 0 6 0 0 0 0 0 0 0 0 0 0 29 0 0 0 0 0 78 0 0 0 68 6 12 92 0 0 0 48 32 0 0 0 0 0 0 2 0 0 0 99 44 21 0 0 0 0 0 0
0 0 19 0 0 0 18 32 0 0 0 0 23 0 27 23 0 0 0 0 0 0 0 0 0 0 0 0 0 0 29 0 0 0 0 0 22 0 0 0 0 0 0 36 0 0 0 0 84 0 80 0 27 0 0 0 0 0 0 77 0 0 0 52 39 0 0 34 0 0 0 0 0 0 0 0 0 0 0 59 0 92 0 66 0 0 0 0 0 0 0 0 0 83 70 73 0 0 0 46
68 0 0 0 0 0 0 0 0 0 0 26 88 0 37 0 0 81 47 0 100 86 63 0 0 99 52 0 0 98 92 0 0 0 0 0 0 57 0 0 0 0 0 36 8 0 0 0 0 0 34 70 45 0 0 97 0 0 0 0 0 0 53 0 27 0 0 0 0 0 0 0 78 0 0 0 0 0 0 0 0 77 0 47 0 0 0 34 0 0 0 95 43 0 0 0 0 65 0 0
0 0 0 0 0 0 0 0 0 0 0 0 0 73 0 0 0 87 14 0 0 0 11 0 76 0 0 0 0 0 0 0 0 0 0 88 0 0 0 0 17 0 49 13 0 0 0 0 0 0 0 62 32 0 0 52 0 0 0 0 0 10 0 0 23 80 0 0 65 0 0 0 62 0 0 0 0 0 0 8 0 14 0 0 0 0 0 8 0 0 0 0 0 0 0 0 0 0 0 69
0 0 0 0 28 0 0 0 0 80 0 0 49 0 0 0 0 23 94 1 0 0 0 0 100 0 0 46 0 0 0 0 34 0 0 77 0 0 0 0 0 43 0 0 0 0 0 78 0 0 0 9 0 0 86 0 0 0 22 48 24 0 0 89 0 0 0 64 0 0 0 55 0 72 0 0 0 0 0 0 0 0 1 0 0 0 94 0 37 96 77 0 0 0 0 0 16 0 0 0
0 0 0 49 0 30 59 17 0 0 0 13 0 0 0 0 0 75 0 87 8 0 86 15 0 0 0 14 0 0 0 0 0 0 0 0 37 38 84 0 0 0 94 0 0 0 69 52 0 79 0 0 0 36 0 0 0 0 0 0 61 0 0 96 0 0 0 0 0 0 15 0 0 0 18 0 0 39 0 0 0 20 0 0 19 0 0 0 0 0 0 10 10 0 0 0 0 0 8 0
0 0 0 0 75 62 16 0 0 0 0 0 0 65 0 37 16 0 0 0 60 0 0 0 0 0 0 0 0 0 48 0 0 80 0 0 96 0 72 0 0 0 0 0 53 0 31 16 0 0 0 0 0 0 0 0 0 0 0 0 0 0 0 0 0 0 69 0 0 0 0 0 0 0 0 0 31 0 0 39 0 0 98 2 0 0 0 0 97 0 66 0 0 0 0 0 79 0 0 0
0 0 0 0 24 0 0 0 0 0 0 88 45 40 0 0 0 0 0 0 0 0 0 0 0 0 73 90 0 0 0 0 38 0 7 0 38 0 0 10 0 0 0 0 0 0 0 53 0 0 0 0 0 60 0 0 16 3 0 0 0 0 0 20 0 0 0 0 0 0 0 0 57 0 24 0 13 0 0 0 0 16 92 0 0 0 70 0 0 33 0 0 19 83 0 27 0 12 0 0
0 0 0 0 0 2 0 0 0 45 0 0 0 0 0 68 0 0 0 90 0 0 0 0 0 0 0 91 0 0 0 0 0 31 62 0 0 0 0 0 0 0 0 0 0 0 47 0 0 0 0 0 0 0 0 2 0 0 31 71 0 99 0 0 0 52 0 0 0 0 38 0 0 49 0 0 0 0 0 0 29 18 0 0 29 0 0 0 0 7 14 0 10 0 0 0 0 0 0 8
0 0 0 30 0 0 0 0 0 98 0 0 0 5 34 0 0 60 0 0 0 0 42 99 0 0 0 38 0 0 0 59 63 0 80 0 0 0 59 0 30 0 0 0 0 0 0 0 0 34 8 33 0 79 0 0 0 0 0 80 0 70 0 0 0 0 0 0 0 2 0 0 0 0 0 6 0 60 44 45 0 0 0 49 66 68 0 0 0 0 34 0 0 0 0 0 0 47 0 0
94 28 0 0 0 0 45 0 0 0 0 0 0 0 0 0 0 0 0 0 38 0 0 0 0 0 0 0 0 0 0 100 0 0 0 0 0 0 0 0 22 0 0 0 0 43 0 20 0 94 99 0 0 0 0 0 1 0 0 0 0 0 0 0 0 0 0 0 0 45 57 0 23 0 0 0 0 29 0 0 51 36 0 0 0 0 0 71 0 0 0 0 65 0 81 0 0 0 94 0
0 0 0 0 0 10 73 33 0 0 0 0 89 0 0 0 0 0 0 0 0 0 0 0 0 0 0 0 0 0 0 0 0 0 0 0 0 67 0 0 4 0 0 8 0 0 0 96 0 15 0 0 0 0 51 0 86 0 31 10 0 32 6 0 0 0 0 0 0 0 0 11 74 0 93 0 0 0 0 0 0 0 39 0 0 0 0 0 0 98 73 0 78 0 0 0 9 31 0 0
83 0 0 18 0 0 0 0 0 70 0 0 0 0 0 0 43 0 0 0 0 19 0 3 0 24 0 0 0 0 41 0 0 0 0 0 0 0 0 0 0 0 99 0 0 0 0 0 0 60 0 0 0 0 27 0 0 0 66 0 0 0 0 0 0 95 12 0 5 0 11 0 0 0 0 83 0 0 22 0 0 0 0 0 75 0 0 4 0 0 0 0 0 0 0 0 0 77 0 0
0 0 0 0 15 0 0 0 0 18 0 0 0 0 0 0 0 0 0 0 0 0 0 35 36 0 0 2 34 0 0 0 0 0 49 0 28 87 0 12 0 0 0 64 60 54 0 0 0 0 0 0 57 0 0 0 0 0 0 0 0 56 8 86 0 0 0 79 58 0 3 0 0 64 0 17 0 0 0 0 0 0 0 0 0 0 0 0 78 91 0 0 0 0 0 0 0 0 76 0
0 0 0 0 0 0 0 9 0 0 0 0 0 0 19 29 38 37 0 0 0 20 0 42 0 0 0 69 0 42 0 0 0 0 0 8 0 0 0 0 0 0 0 0 6 42 0 3 8 0 0 0 0 95 0 0 0 100 0 36 0 0 0 0 0 0 0 60 0 0 24 0 0 0 0 0 0 0 0 0 6 0 0 0 0 70 62 84 0 0 0 0 0 0 66 4 0 0 0 51
79 0 0 0 0 0 78 0 66 0 0 0 0 0 72 0 0 63 0 0 0 0 0 0 0 0 0 0 0 0 0 0 0 69 0 98 0 0 3 91 0 0 0 0 82 0 0 0 0 0 32 0 45 0 85 0 0 55 59 0 49 0 0 33 0 0 40 0 100 61 0 51 0 0 0 21 0 0 0 0 0 0 0 0 0 0 43 0 43 9 77 0 16 0 0 58 0 0 0 82
0 2 0 0 0 0 0 0 0 0 0 0 78 0 0 83 0 0 0 0 0 0 6 0 73 3 97 59 0 0 0 0 0 0 0 97 34 35 0 18 17 68 0 0 0 0 0 0 0 0 0 0 0 0 0 0 0 69 0 0 0 29 0 0 0 0 0 0 0 0 0 53 0 0 35 0 23 0 0 0 0 0 0 0 0 0 0 0 57 83 0 0 0 92 90 15 0 0 0 0
0 0 11 91 0 0 0 72 0 24 0 0 0 0 0 0 0 0 0 100 0 70 60 0 43 0 0 0 0 0 0 0 0 0 0 0 41 0 0 38 0 0 0 0 83 0 0 73 0 0 0 11 0 0 0 0 0 5 0 0 0 0 0 0 0 0 0 0 0 14 0 0 0 0 0 0 0 0 0 0 0 0 27 0 0 0 42 70 18 77 66 89 76 35 0 0 0 0 26 0
0 0 0 0 0 0 0 0 0 0 0 0 0 0 0 0 0 0 0 0 0 32 0 0 0 91 0 0 0 0 0 0 0 0 18 0 79 0 76 0 0 0 0 0 0 0 83 0 27 0 0 0 0 0 10 0 3 0 0 79 0 0 71 0 0 38 37 0 0 0 0 0 41 0 0 0 0 0 0 0 85 0 0 0 0 0 0 0 0 7 0 0 0 0 0 12 0 0 32 0
0 12 96 0 0 93 61 68 97 0 0 0 0 42 0 0 0 0 0 0 0 0 0 0 0 29 0 0 100 0 0 59 0 20 0 56 72 0 0 25 0 0 0 0 31 0 0 0 25 0 50 0 0 0 0 6 0 0 16 0 10 0 0 21 0 0 27 0 0 0 0 39 0 49 60 0 0 64 0 0 0 65 0 0 0 0 93 0 0 0 0 0 0 55 0 0 44 0 0 0
48 0 0 0 0 0 26 0 0 0 0 0 0 0 0 2 0 0 0 0 0 0 0 88 99 0 0 0 0 0 77 98 0 3 0 0 0 0 0 0 60 0 0 98 0 41 0 0 0 0 0 0 0 0 0 0 0 0 0 74 0 0 0 0 0 0 0 82 0 0 33 0 0 0 0 0 0 24 0 0 80 0 0 0 0 0 0 0 0 0 73 0 47 0 0 0 0 0 0 0
0 91 0 50 9 55 0 0 0 0 0 0 0 4 0 87 0 0 0 0 30 0 22 38 0 0 0 0 0 87 0 0 0 0 0 0 0 0 0 0 0 3 0 0 0 65 0 68 0 0 0 0 0 0 84 89 0 0 0 0 0 0 0 0 0 0 0 0 0 0 0 0 0 0 0 0 0 0 0 0 0 0 0 0 0 0 0 0 0 80 0 0 0 0 0 0 0 0 25 0
6 0 0 0 0 0 0 0 0 0 0 0 0 0 20 34 0 0 0 0 0 0 0 0 0 18 0 0 0 0 0 0 0 0 0 0 0 79 0 0 0 0 0 0 0 0 0 50 0 58 69 0 0 0 72 0 85 0 0 0 55 0 0 0 0 0 0 0 84 79 74 73 100 0 0 0 0 0 30 0 89 0 0 0 0 0 0 54 0 18 0 0 0 0 9 0 0 0 90 0
8 0 71 0 0 54 11 0 41 0 0 0 0 0 0 0 0 0 89 0 44 0 0 0 53 82 0 0 0 90 0 0 0 0 0 0 0 0 0 0 0 0 93 0 0 0 0 0 0 0 0 0 0 25 0 80 31 0 0 0 0 0 97 0 0 0 0 0 0 89 0 99 71 0 0 0 0 0 56 96 0 0 0 0 0 78 0 0 0 44 40 0 0 79 17 0 0 0 25 22
89 13 0 0 55 0 0 0 0 0 0 0 0 0 0 0 79 96 0 0 0 0 14 84 0 0 0 0 0 62 0 0 0 0 0 12 0 0 97 0 0 0 61 0 0 33 0 0 65 0 0 0 0 0 0 0 0 0 33 0 0 0 0 0 0 0 42 0 0 7 0 0 0 44 0 0 1 0 69 0 0 0 89 0 0 0 0 0 0 0 0 70 0 0 0 0 0 19 0 0
0 0 23 0 0 0 0 0 0 0 0 85 0 0 0 79 0 0 0 0 0 0 0 0 0 42 0 0 0 0 0 0 0 0 0 61 18 0 0 0 90 38 0 82 0 0 0 2 0 0 0 19 0 0 0 0 0 32 21 0 0 0 0 0 0 0 73 0 22 13 70 0 85 0 0 0 0 0 0 0 0 0 83 0 0 0 0 0 0 0 99 0 100 0 0 0 0 0 0 0
0 0 0 29 0 46 0 13 0 0 0 0 0 0 89 0 0 0 0 0 0 0 6 39 0 0 0 0 0 0 0 0 0 0 0 0 0 0 66 0 0 0 0 0 0 0 31 11 0 0 0 27 0 0 30 0 0 0 0 0 52 0 0 0 0 0 0 0 23 0 0 87 0 0 96 0 0 0 0 0 0 0 0 0 0 0 36 54 0 0 0 0 43 0 0 0 80 0 0 37
0 37 86 0 78 0 0 0 23 0 0 17 0 9 0 9 0 0 0 0 74 0 65 59 0 38 0 0 0 36 0 0 0 90 0 39 0 0 0 50 0 0 0 21 0 5 0 0 88 0 42 0 0 0 0 2 26 17 38 0 0 45 0 0 0 27 0 0 0 0 0 0 0 88 0 0 0 0 0 52 56 0 100 93 0 0 0 0 0 0 0 0 0 99 11 0 0 0 0 0
0 0 0 0 81 0 0 0 0 6 0 0 25 30 68 0 94 45 80 0 0 0 0 64 0 61 0 0 0 0 93 0 0 74 41 0 0 2 0 0 0 0 0 0 0 0 67 72 0 0 22 46 0 0 0 0 0 0 0 0 35 64 0 73 93 0 0 0 0 0 0 14 0 0 0 0 0 84 39 0 87 0 0 24 0 0 47 0 79 0 0 0 0 0 0 0 0 0 0 6
77 99 0 0 0 0 0 13 85 0 0 25 0 0 0 0 0 0 55 81 0 0 0 0 0 0 0 0 75 0 47 66 0 0 0 0 0 87 0 0 26 0 0 22 0 0 0 81 0 0 0 0 0 0 98 0 0 0 0 16 0 0 0 0 0 0 64 0 0 0 0 0 0 0 0 0 99 0 0 31 0 0 43 0 84 0 0 42 0 0 0 0 0 0 77 0 0 0 0 95
0 0 0 78 5 0 3 0 44 67 0 0 10 0 32 0 90 0 0 0 0 39 0 4 0 0 0 0 0 0 0 0 65 0 0 1 0 0 24 0 51 28 0 0 44 0 0 0 0 0 65 56 31 0 71 0 0 97 2 52 0 0 0 0 0 0 0 7 0 0 0 0 0 0 7 70 0 0 28 0 97 0 0 0 0 0 0 0 0 0 0 0 0 7 0 49 0 0 0 0
0 0 77 0 0 0 0 0 0 0 0 0 0 0 0 0 9 0 0 2 0 0 0 0 0 0 0 0 0 59 0 0 0 0 0 0 0 0 0 0 0 0 0 0 51 19 0 0 93 0 0 0 0 14 0 0 0 0 0 44 80 9 0 0 0 42 0 59 0 0 0 0 30 0 0 0 14 0 33 0 0 0 0 79 0 75 0 0 0 0 0 85 62 0 58 0 0 0 0 0
0 0 0 11 0 0 0 0 0 0 0 0 0 67 0 0 0 0 12 18 0 0 55 61 0 0 58 51 0 0 0 0 52 0 31 0 0 84 0 0 0 0 3 0 0 24 0 0 0 0 0 0 0 0 0 0 0 8 0 0 0 13 0 0 0 0 0 0 77 0 0 0 0 25 0 57 0 0 0 0 0 81 0 0 0 3 25 0 0 0 85 0 0 68 0 70 0 0 27 0
0 0 0 0 0 0 0 59 77 0 0 90 0 0 42 0 0 14 0 0 36 2 0 0 26 37 21 0 0 0 34 0 0 0 52 0 7 76 0 0 0 0 0 0 0 27 0 12 0 0 0 95 0 0 6 0 0 0 23 0 0 0 0 0 0 20 0 35 0 0 39 0 52 0 0 0 0 0 0 0 0 0 0 0 48 17 0 0 0 0 0 0 0 74 0 0 0 0 0 0
0 0 0 0 23 0 0 0 14 0 0 0 0 0 0 0 70 0 0 0 0 0 0 0 84 0 0 0 0 0 0 0 0 0 0 92 0 0 0 0 0 0 71 0 0 0 0 24 0 0 0 95 0 0 0 0 15 0 0 61 0 8 0 0 0 0 65 0 0 0 0 0 0 0 0 0 21 0 0 36 0 0 0 0 0 47 0 7 3 55 0 0 0 0 0 0 36 0 0 0
42 0 0 45 0 0 0 0 0 0 0 0 0 0 0 0 11 0 0 41 0 95 9 0 0 27 0 0 0 0 0 0 0 0 14 20 0 0 8 0 0 0 0 0 0 0 0 0 57 0 33 0 0 0 0 0 0 0 0 0 59 0 0 51 0 0 0 0 20 89 0 0 0 0 0 0 0 48 0 0 0 0 0 0 0 0 0 0 0 42 41 0 0 0 0 0 0 41 0 0