100
0 0 0 0 0 0 0 0 0 0 0 0 0 0 0 17 0 0 0 78 0 0 0 0 77 11 0 82 17 0 0 67 0 0 91 0 0 69 0 71 0 95 0 0 0 0 38 0 0 0 0 0 0 0 0 30 0 0 95 0 0 0 0 0 0 0 0 0 0 0 0 0 17 0 0 48 0 0 0 74 0 0 0 97 0 0 0 33 0 1 0 0 18 0 30 0 0 12 14 0
8 0 0 0 0 0 35 44 0 0 0 17 0 0 0 18 0 0 12 79 40 0 0 0 0 0 0 0 0 0 0 78 0 0 0 0 0 0 0 42 51 0 0 83 0 0 0 0 66 0 0 0 0 0 0 0 0 0 0 0 0 77 0 0 0 0 0 45 66 0 0 0 0 0 0 0 0 0 0 0 0 0 5 48 0 0 0 0 0 93 29 0 87 78 95 0 0 0 0 66
0 0 0 0 0 0 41 0 71 85 0 0 0 21 67 0 0 0 0 0 28 0 23 28 0 0 0 0 79 0 0 0 92 0 0 95 0 0 0 0 0 0 0 0 0 0 0 0 0 56 28 0 0 0 0 0 0 0 0 0 34 0 52 0 0 0 41 0 94 0 0 5 0 2 0 78 0 0 0 0 0 0 40 0 63 0 0 0 0 0 0 0 0 0 37 0 0 0 0 0
0 0 0 0 0 0 88 0 0 0 0 0 0 0 74 0 0 0 76 0 1 0 0 0 0 58 66 0 0 0 96 0 0 0 0 0 0 0 0 0 0 0 38 0 0 0 0 0 0 81 0 0 0 0 0 0 51 0 0 0 0 0 0 0 0 0 0 0 78 0 0 0 0 69 0 0 0 0 0 0 0 20 0 43 43 0 0 36 0 0 64 0 0 0 0 0 49 0 0 0
39 0 0 0 0 0 0 0 59 100 0 0 0 0 0 0 0 0 4 0 0 0 0 0 0 0 0 0 0 0 0 0 0 0 58 74 25 0 18 0 18 0 0 27 4 0 0 0 0 70 82 0 0 0 0 0 0 0 0 0 0 0 0 0 0 0 0 0 0 27 0 0 67 0 0 0 0 0 86 0 95 0 0 0 0 0 0 0 0 48 88 0 0 0 0 47 85 0 0 60
80 0 0 0 0 0 0 30 0 0 0 0 0 0 0 57 34 0 0 0 0 1 3 4 0 0 0 0 0 0 93 0 0 0 0 55 0 18 0 0 0 57 0 0 0 0 0 0 0 0 7 0 0 0 0 0 26 0 0 0 0 0 0 0 0 42 0 0 0 0 0 24 0 0 0 0 0 0 0 0 0 80 0 0 0 0 0 1 0 0 0 0 0 0 0 0 0 0 0 37
0 0 57 59 0 0 0 0 6 92 76 0 0 0 0 0 0 33 35 0 0 0 0 50 0 0 0 0 0 0 0 0 40 0 0 79 0 100 0 0 0 0 97 99 0 0 0 15 0 0 0 0 0 0 0 0 0 81 87 0 0 0 0 0 36 0 0 0 0 0 0 0 0 0 0 2 0 83 0 0 46 0 0 18 0 0 82 0 0 0 0 0 0 0 0 0 0 0 0 61
38 0 0 85 0 65 0 0 0 0 0 0 0 0 0 21 0 0 0 0 0 31 0 0 0 0 52 0 0 72 0 20 0 0 0 100 0 0 0 35 85 0 16 0 0 27 0 0 0 0 0 0 0 2 22 0 48 0 0 0 0 88 0 0 27 0 0 0 0 0 0 0 0 76 0 0 0 0 0 41 39 0 0 0 0 0 0 0 0 0 30 59 0 0 96 0 0 86 0 0
0 0 0 76 0 0 0 52 0 0 0 0 51 0 0 0 0 20 0 0 0 0 54 1 32 0 0 0 0 0 26 0 0 0 7 0 0 0 96 0 51 0 0 0 0 0 0 0 91 0 69 0 99 0 0 0 0 45 0 0 0 31 0 0 88 0 0 0 0 53 38 0 0 98 0 0 0 0 0 0 0 0 19 5 0 0 0 9 0 0 0 0 0 0 0 70 56 0 22 43
0 0 28 0 0 0 93 0 2 0 0 0 0 0 0 53 57 0 0 0 0 0 0 0 0 0 57 0 0 0 0 0 0 0 0 100 0 0 0 62 37 0 0 0 0 0 0 0 0 0 37 0 0 0 92 42 0 0 90 22 93 0 93 0 0 88 13 0 53 0 0 0 0 0 0 0 0 0 2 45 0 76 0 0 0 85 0 0 0 0 0 0 0 0 0 0 0 0 0 0
0 92 0 85 0 0 0 26 32 0 0 0 0 84 95 0 0 20 0 0 0 29 0 48 0 0 98 0 0 0 82 88 0 0 0 0 0 0 58 0 0 0 0 0 0 0 0 53 0 0 78 0 28 0 0 0 79 0 0 0 0 0 0 0 0 63 0 67 8 75 0 0 0 0 0 0 0 28 0 55 26 0 0 0 0 59 0 0 0 0 8 0 0 69 97 0 0 0 0 0
3 0 0 0 0 0 0 72 0 0 0 0 0 0 0 0 0 0 0 0 21 18 0 88 0 0 0 0 0 0 0 0 0 52 88 0 0 0 0 87 0 0 12 0 55 32 0 0 0 39 91 0 69 0 0 0 0 0 0 0 0 0 31 0 0 88 0 0 50 0 0 0 0 0 0 28 63 0 0 0 0 0 0 65 0 78 0 0 0 0 0 0 0 0 0 82 45 0 0 0
0 35 0 0 0 96 0 0 90 39 0 0 0 0 0 88 0 0 0 0 0 0 10 0 8 0 23 65 0 0 0 0 0 0 0 0 0 58 0 0 0 0 98 0 0 0 0 0 0 78 0 0 0 0 0 27 0 0 0 15 0 43 0 66 0 60 0 0 0 0 0 0 0 0 0 65 0 67 58 0 28 0 0 0 0 49 0 0 0 0 0 0 95 25 0 99 0 0 0 6
0 0 0 0 0 0 70 0 86 0 56 0 59 0 0 0 0 0 53 71 0 0 0 0 0 0 0 0 0 0 0 0 0 26 0 0 0 0 0 0 0 2 0 85 0 88 0 0 0 0 0 0 0 0 0 0 0 0 58 0 57 0 0 0 18 0 0 0 0 0 0 0 0 81 80 85 0 0 0 0 0 0 0 0 0 10 0 0 0 0 0 0 0 6 0 83 0 0 21 0
0 99 92 4 0 0 0 0 0 0 22 0 0 0 0 37 0 27 52 0 95 0 0 0 0 0 0 0 29 56 0 0 0 0 0 0 0 0 0 0 0 65 25 0 0 0 0 0 85 0 0 0 0 0 0 0 16 0 0 0 0 0 0 0 97 0 10 0 38 0 0 0 0 12 0 0 0 0 0 0 50 0 0 0 0 0 0 0 0 0 0 88 0 0 0 31 0 0 45 0
0 25 0 14 0 0 0 0 0 0 9 35 0 35 0 0 0 0 0 42 0 0 14 0 0 0 44 0 0 0 0 1 0 0 0 0 0 0 5 0 0 0 0 48 0 0 0 0 20 0 0 0 0 40 0 0 10 12 0 53 0 0 0 0 0 0 0 91 0 0 0 76 35 74 0 0 0 0 0 0 0 0 39 12 0 89 0 0 0 15 8 9 0 0 0 0 0 0 0 75
0 0 0 0 0 0 98 0 0 0 92 60 0 52 40 0 0 0 0 0 0 0 4 49 48 0 51 0 0 0 0 46 0 30 0 0 0 0 0 0 0 0 87 0 0 32 40 0 0 0 0 58 0 0 0 0 29 0 47 0 0 0 0 0 0 0 23 0 0 0 0 0 0 0 0 0 56 23 0 66 21 12 0 0 0 0 47 0 8 0 0 0 71 58 72 0 53 13 92 0
73 13 0 0 0 0 0 0 5 0 100 29 0 38 0 21 0 0 0 0 0 0 0 87 0 0 0 0 0 0 83 0 0 0 30 99 0 0 0 0 44 83 0 0 0 0 0 0 89 0 0 46 90 0 0 83 0 0 71 0 0 0 0 0 72 0 0 48 0 25 0 0 0 5 0 0 0 13 0 0 0 77 0 57 0 0 0 0 0 0 0 0 0 0 0 0 0 0 0 0
1 0 0 45 0 0 0 0 0 26 0 82 0 90 0 0 0 0 0 0 0 0 0 0 27 23 0 0 0 0 0 0 0 8 0 0 0 0 0 32 0 0 80 0 10 0 0 78 0 0 0 67 0 0 23 0 0 0 0 50 7 0 0 0 0 0 0 0 0 0 3 0 0 0 32 32 0 0 98 4 0 4 0 0 0 0 0 0 0 0 0 55 0 0 0 71 0 45 0 0
0 62 0 0 0 16 0 0 0 0 0 0 0 0 0 0 96 0 0 0 0 0 0 0 0 0 45 0 44 0 0 64 88 0 35 0 0 28 0 19 0 6 0 34 0 55 0 0 0 0 48 0 0 0 38 3 20 0 0 0 0 0 0 0 0 0 0 10 27 0 71 0 0 0 0 0 59 40 0 9 93 64 0 25 0 0 0 0 0 35 0 0 0 0 50 0 0 0 0 0
0 38 0 0 0 0 40 0 0 0 0 0 0 0 0 0 0 0 0 0 0 0 0 0 0 63 0 0 1 0 0 0 0 0 21 0 0 0 0 0 50 0 35 0 0 0 0 0 37 88 0 22 73 0 0 0 0 0 0 0 0 0 0 0 17 85 0 3 0 0 0 0 0 43 0 0 94 24 0 0 0 0 97 0 0 0 0 0 0 0 0 0 0 0 0 0 0 0 0 0
0 0 0 0 0 33 7 0 0 0 0 0 38 0 0 0 0 0 0 0 0 0 0 0 0 0 0 0 0 96 66 0 0 82 0 0 26 0 0 76 0 0 0 0 0 0 0 16 0 0 0 0 0 0 0 0 76 0 0 0 0 0 0 0 0 0 0 0 0 37 0 0 0 0 0 0 0 90 0 0 0 62 11 66 0 0 2 0 34 0 0 0 35 0 0 0 0 46 0 0
0 0 0 0 83 0 0 58 0 0 99 0 0 0 0 0 0 49 0 0 0 0 0 0 0 0 0 24 8 47 65 0 25 0 0 30 0 0 0 0 68 0 0 0 0 0 0 0 59 0 0 0 0 75 59 0 0 0 0 0 0 95 0 0 0 0 79 0 44 0 0 0 80 42 0 0 0 0 1 0 0 36 0 0 85 0 0 0 0 7 0 0 0 0 0 0 0 8 33 0
50 96 0 38 0 43 0 0 54 0 0 0 0 0 0 0 0 0 0 0 86 11 59 0 0 0 39 0 0 0 0 0 0 0 0 0 0 0 0 0 0 0 0 8 47 0 0 0 0 6 0 0 0 0 20 0 0 0 0 0 0 70 0 56 85 0 0 0 0 0 24 2 0 0 21 0 0 0 0 0 0 0 0 0 0 0 0 0 36 83 0 0 0 0 0 0 15 92 0 0
0 0 17 79 0 0 0 0 0 57 0 95 22 0 5 86 26 0 0 0 0 0 0 0 0 0 95 0 0 77 87 0 0 19 0 0 0 0 0 45 0 0 85 0 0 31 0 0 0 58 0 0 0 84 5 75 0 0 0 0 0 0 0 0 0 0 85 79 0 0 0 0 0 14 0 0 0 0 0 94 0 0 0 45 59 0 13 0 0 0 0 0 0 0 0 0 73 0 73 0
0 0 64 0 33 0 0 0 0 0 72 0 0 0 0 0 0 0 0 0 8 0 0 0 0 0 0 0 0 0 0 0 0 0 0 0 52 0 0 90 0 0 0 0 0 0 0 0 0 0 0 0 0 79 0 0 78 0 0 0 0 0 100 0 0 56 0 0 6 0 0 0 83 0 38 0 0 85 0 0 4 0 0 0 0 0 0 0 88 0 0 50 94 0 0 0 0 0 0 0
0 12 0 0 20 0 96 0 0 0 95 0 0 0 18 0 0 0 0 0 0 0 0 43 0 0 0 0 94 80 0 0 0 0 0 83 43 0 29 0 5 0 0 0 0 0 0 0 20 0 0 0 2 0 0 0 0 0 0 63 0 0 0 0 0 20 0 0 6 0 68 0 62 0 38 0 0 0 0 0 0 49 0 0 0 0 13 0 0 0 0 46 53 0 0 0 0 28 0 0
0 0 0 0 0 0 0 0 0 0 6 73 0 0 0 5 0 0 0 60 57 0 0 0 0 0 0 0 0 45 57 0 0 0 0 0 0 3 19 0 9 0 0 0 59 0 0 0 0 0 89 0 0 0 80 77 0 31 0 0 99 0 0 0 66 30 26 0 0 51 85 14 0 0 0 0 0 41 16 0 0 0 40 0 0 0 0 0 0 0 0 80 0 0 0 0 0 0 25 61
0 13 0 0 0 0 0 0 0 55 0 97 0 97 64 0 0 0 11 0 0 0 0 0 28 54 100 3 0 0 1 0 0 0 91 36 0 0 0 53 0 0 0 0 0 31 5 0 60 0 0 0 0 0 0 0 0 0 0 0 0 22 0 100 0 0 0 0 6 0 0 0 0 0 0 70 0 0 0 0 0 0 0 58 0 0 86 0 0 24 0 0 0 56 77 0 0 90 0 0
0 0 0 91 0 0 0 0 0 0 0 0 0 0 0 0 0 0 0 25 39 0 0 0 0 0 0 0 21 0 0 0 0 0 0 0 0 0 73 0 0 0 0 7 73 0 0 0 0 63 0 0 0 17 23 11 0 3 66 0 0 0 0 94 0 0 0 17 13 90 24 81 0 0 0 0 0 0 35 29 54 0 0 0 87 0 0 0 0 0 64 88 0 0 0 0 0 0 0 57
0 67 92 0 77 0 0 0 0 0 27 95 0 0 0 0 52 0 0 0 0 0 0 0 0 0 26 0 55 0 0 0 0 0 0 0 37 0 0 0 0 0 0 0 61 4 0 58 53 0 0 0 0 0 0 0 0 0 0 0 0 0 0 0 0 57 74 0 0 0 0 3 0 0 0 0 0 0 0 0 0 0 0 0 0 7 37 0 0 0 0 34 20 0 10 0 0 0 53 0
0 0 71 0 76 0 0 0 0 0 0 0 0 0 0 69 0 0 0 83 12 56 0 0 0 62 16 0 0 0 79 0 0 0 0 0 0 98 0 0 76 0 0 0 0 0 74 0 52 0 0 0 0 0 0 22 0 0 41 0 44 0 0 0 0 0 53 68 92 0 97 0 0 0 53 0 0 0 9 43 0 0 0 0 0 0 0 0 0 0 0 90 0 0 0 0 0 0 0 0
84 0 0 0 0 0 45 0 0 0 0 0 0 56 0 0 0 0 0 0 45 0 0 0 0 38 63 0 0 0 0 0 0 0 0 0 0 0 36 100 0 63 0 7 95 100 0 99 0 0 66 0 0 0 0 0 0 0 0 77 0 0 0 0 0 0 0 0 0 0 0 0 0 0 0 97 0 0 0 0 0 0 51 0 0 0 0 0 89 0 0 0 0 0 29 0 0 0 0 0
4 0 0 31 0 0 0 0 0 0 0 0 0 0 39 0 0 0 49 0 0 77 0 44 0 0 0 0 81 0 0 0 41 0 27 50 59 61 0 0 0 60 89 0 0 0 0 0 37 0 22 0 0 0 0 0 0 0 0 0 0 0 37 56 99 0 0 0 0 0 0 0 42 0 0 0 0 0 0 0 0 0 0 0 0 24 64 0 0 71 0 0 0 0 0 0 0 0 0 0
0 0 0 0 0 46 0 0 0 0 0 31 0 35 0 0 0 0 0 0 33 0 0 0 0 0 0 19 3 0 0 0 96 0 0 0 0 0 0 0 0 53 0 0 0 0 0 32 0 0 60 0 0 0 73 0 0 0 0 0 0 0 0 0 80 87 0 0 0 0 0 0 0 9 0 0 0 0 84 0 0 45 0 0 43 0 85 90 0 0 0 0 37 70 0 0 0 0 7 0
0 0 0 61 0 0 0 0 0 99 0 0 0 0 38 80 0 0 0 0 0 0 0 0 0 15 79 0 0 53 0 0 0 0 49 0 0 96 62 62 0 0 0 0 81 99 33 0 0 0 0 0 0 0 39 0 0 0 0 0 0 46 23 0 0 0 0 0 0 0 40 0 0 0 17 14 0 0 0 0 0 75 35 0 0 11 0 0 0 51 0 0 0 0 27 12 0 0 44 0
0 0 41 35 0 0 0 0 0 0 0 0 0 0 0 78 0 88 0 39 0 0 30 28 72 0 0 0 0 0 0 0 26 0 0 0 0 0 0 0 0 0 0 0 0 0 37 0 77 81 0 0 0 0 0 0 0 96 0 95 0 0 0 0 0 0 0 87 0 0 0 40 0 0 0 91 0 0 0 0 67 70 0 37 0 0 0 0 0 0 0 99 0 30 0 0 0 0 0 0
0 57 17 79 0 0 0 0 0 2 0 0 81 80 54 0 0 18 0 73 0 0 92 0 0 0 0 0 19 0 38 0 63 0 0 0 0 0 11 0 0 0 0 0 75 0 8 0 0 0 0 58 83 9 39 0 0 0 0 6 83 0 0 0 0 0 84 0 0 0 0 0 0 0 0 0 0 77 0 0 0 44 0 0 12 0 0 87 0 0 0 0 0 0 0 0 0 62 29 0
0 0 22 54 0 0 0 0 0 0 0 0 0 10 0 0 0 0 69 0 0 0 100 23 61 0 0 0 0 0 55 53 0 31 0 0 84 82 0 0 0 0 0 0 91 0 0 84 0 0 0 0 0 0 0 0 0 0 0 0 0 0 82 0 0 0 69 0 0 64 0 0 0 0 0 0 45 0 0 0 0 0 24 73 0 0 25 0 0 86 0 0 0 0 0 0 0 0 0 0
0 0 0 17 0 0 0 80 0 0 0 0 0 0 0 0 0 43 0 0 0 0 0 0 0 83 0 84 59 0 0 24 69 0 93 0 0 0 0 0 0 86 0 0 59 0 0 0 0 95 16 0 0 0 0 0 0 41 96 0 0 0 0 0 10 0 53 0 0 0 0 64 0 0 0 0 0 0 0 0 0 0 0 0 0 0 0 0 0 0 0 29 17 0 0 60 0 22 0 0
0 0 0 18 0 0 52 0 0 0 0 0 0 82 0 0 57 57 0 0 0 0 0 0 0 0 0 0 0 0 0 0 0 75 9 0 0 42 0 0 0 0 34 3 0 0 57 22 0 0 0 0 0 73 0 68 0 0 40 0 29 0 0 0 35 0 0 30 0 0 0 0 29 0 99 0 0 75 0 0 0 0 0 0 0 0 0 0 0 0 36 0 0 44 13 0 0 0 0 0
0 0 0 0 0 0 0 84 53 0 0 13 0 0 45 0 0 0 0 0 0 0 0 5 0 0 0 0 0 0 7 0 0 0 75 0 0 3 0 0 34 0 0 84 0 0 0 38 0 40 0 0 94 62 0 0 0 0 0 0 0 51 5 0 11 0 0 0 0 0 0 0 0 0 0 0 95 60 0 0 0 0 0 100 0 73 0 0 0 88 0 0 0 0 0 0 0 0 0 0
21 0 0 0 0 0 0 0 0 0 4 0 100 0 0 0 82 0 12 0 0 0 26 52 0 0 0 0 0 0 0 0 0 0 0 0 0 0 0 0 0 0 0 0 49 0 64 0 0 95 0 0 78 0 0 0 58 0 0 0 0 0 0 0 0 0 99 0 0 96 0 0 0 0 52 92 0 1 0 0 0 0 0 0 0 0 0 0 0 15 0 0 0 0 0 0 0 0 0 0
0 0 0 0 70 0 0 0 0 0 0 0 1 0 0 0 7 0 0 0 0 0 0 0 76 0 18 0 53 0 0 0 0 1 12 0 16 0 0 0 0 0 0 0 0 0 0 0 0 0 0 0 0 0 0 0 0 0 74 20 0 0 0 0 69 0 0 0 0 0 0 0 0 0 0 0 0 0 0 0 0 0 0 0 0 84 69 0 0 0 0 95 50 47 0 57 26 0 0 0
20 0 86 0 0 0 43 25 0 11 69 0 0 22 0 0 74 0 0 33 0 50 0 0 0 0 0 0 0 0 0 0 22 0 85 8 0 0 72 0 0 0 0 0 0 0 0 0 0 0 26 0 0 0 0 0 23 0 0 0 0 0 62 0 0 0 0 0 38 0 77 0 80 0 78 0 0 0 0 3 0 0 0 0 88 0 0 79 0 0 0 50 0 67 0 0 0 0 0 0
0 75 54 0 0 0 82 49 10 0 0 0 0 43 0 0 89 57 0 0 0 0 0 0 0 0 0 22 0 0 0 0 0 0 0 0 84 13 50 0 0 12 0 0 0 0 95 0 0 0 61 0 10 0 88 0 84 0 0 0 0 0 0 76 0 0 0 0 0 0 0 87 0 0 0 0 0 0 0 0 0 67 0 66 50 79 0 0 0 5 0 0 38 0 45 0 0 0 0 0
5 72 0 0 0 0 17 0 44 96 0 28 0 60 0 16 0 0 68 0 0 0 0 75 0 0 0 0 0 79 0 0 0 97 0 0 78 0 69 18 52 0 0 0 0 65 0 0 0 0 0 0 0 0 0 0 0 0 0 0 18 69 0 0 12 0 0 0 0 0 0 0 0 0 0 0 0 13 0 86 0 0 85 0 0 0 0 0 16 0 0 0 0 0 0 0 0 0 0 69
0 45 0 0 0 54 0 0 92 71 0 0 0 18 93 0 90 0 0 80 0 0 0 0 0 0 39 48 0 0 0 0 0 0 0 14 0 0 0 0 0 0 0 0 0 48 34 0 0 13 0 87 0 0 0 0 20 19 0 46 0 0 0 0 58 0 0 89 0 86 0 0 0 37 0 0 0 0 64 94 0 0 85 0 0 17 98 0 14 0 96 0 0 0 0 19 87 62 0 0
0 0 0 76 62 0 0 0 68 63 38 0 0 0 0 26 0 0 0 0 0 0 0 83 0 0 12 37 0 0 0 17 0 0 0 0 22 0 36 69 0 34 53 0 0 0 0 0 0 0 0 0 0 0 78 88 0 0 0 0 0 28 0 47 0 0 0 0 0 0 5 0 86 39 0 59 0 0 0 0 0 6 99 0 0 0 0 21 65 90 37 0 33 0 0 0 0 0 0 0
0 0 0 0 0 0 0 0 0 0 64 0 0 66 0 0 0 77 0 46 0 0 0 0 46 0 0 74 0 0 47 0 0 0 0 14 0 36 16 0 0 0 0 0 0 67 0 0 47 0 0 0 0 0 0 0 0 45 0 0 0 53 0 0 15 23 0 6 89 0 0 0 0 0 51 0 0 0 5 0 78 65 6 0 4 0 0 0 0 0 0 0 0 61 0 0 0 0 0 0
0 0 13 45 0 0 0 0 0 0 0 0 0 19 66 0 0 0 0 0 0 0 0 0 37 0 0 41 0 0 0 0 22 0 90 0 0 41 0 0 0 0 98 0 54 0 0 0 0 86 0 0 0 0 0 64 0 0 0 24 0 0 0 0 0 0 83 95 0 0 0 0 29 0 0 0 0 0 52 77 1 0 0 0 0 24 0 50 0 0 0 0 0 0 0 0 0 0 0 0
0 68 0 55 0 0 7 0 0 0 0 72 0 0 0 0 0 13 0 0 0 0 0 0 0 0 0 0 0 100 0 25 0 0 0 77 0 0 0 0 0 0 0 0 0 18 99 0 0 0 59 0 72 0 0 0 99 0 0 0 26 0 0 0 0 0 0 50 0 0 0 0 0 0 0 0 0 0 1 0 98 0 0 62 0 66 20 0 0 0 34 0 0 0 97 0 0 0 46 46
0 0 0 0 0 0 0 0 0 0 0 75 0 0 0 0 0 0 0 0 67 0 0 0 2 0 0 0 0 0 0 0 0 0 0 0 76 0 0 0 0 0 0 53 0 0 0 0 0 0 10 0 0 0 0 0 65 0 0 0 72 0 0 0 0 42 0 0 0 0 0 0 0 0 94 0 49 34 9 28 29 0 0 0 0 0 0 0 0 0 0 0 0 0 0 0 79 0 27 0
0 0 0 0 0 54 0 0 0 0 0 0 0 0 0 0 84 0 7 15 28 24 0 0 36 0 0 0 0 0 0 0 0 0 0 0 0 0 0 0 0 0 0 0 0 0 55 0 0 0 0 0 0 0 0 0 0 0 0 16 0 95 0 70 0 0 0 0 0 0 0 95 0 0 0 0 0 0 0 0 0 0 0 0 90 0 0 0 0 40 4 87 86 76 0 0 0 0 0 0
65 0 0 0 86 0 0 0 72 0 75 94 0 0 85 0 0 0 0 0 46 0 0 0 0 0 0 0 0 0 0 0 0 0 0 0 0 0 0 0 0 24 0 0 0 0 70 0 37 50 0 0 70 0 0 34 0 2 0 0 0 0 0 0 0 0 0 0 86 0 9 0 0 0 0 0 93 10 50 41 0 0 0 0 0 0 24 0 0 53 0 36 0 0 0 8 18 0 0 0
0 0 0 0 0 24 35 0 0 0 0 0 0 0 0 0 0 0 0 0 43 0 0 0 0 0 57 0 0 0 17 0 90 0 0 0 0 0 0 0 0 0 0 0 0 0 0 0 0 0 48 0 0 0 0 0 63 70 0 74 0 0 82 0 0 0 0 0 0 0 0 0 0 0 0 82 0 0 99 0 0 0 0 0 0 0 0 0 0 86 0 0 0 0 0 0 0 80 0 1
0 0 0 0 0 81 0 0 85 96 55 0 77 0 0 0 0 55 0 0 95 22 0 39 0 0 0 0 52 0 0 16 0 85 0 92 46 0 0 0 25 0 0 0 0 0 0 68 0 0 0 0 52 0 0 3 0 86 0 45 37 31 98 95 0 0 0 0 0 82 0 65 42 0 0 0 0 0 25 0 0 6 0 45 0 0 0 0 0 0 0 91 0 0 50 0 0 0 75 0
0 0 0 32 61 0 10 0 0 80 79 0 0 0 0 0 69 0 0 0 5 71 34 57 0 0 0 90 0 93 0 44 0 19 0 0 64 0 68 0 0 0 2 0 91 52 30 0 90 0 0 0 0 71 0 0 39 0 8 0 0 0 0 0 0 0 0 0 0 0 0 98 0 0 0 0 0 0 0 0 0 0 0 27 0 0 10 0 100 0 0 0 0 0 0 0 0 96 0 0
0 0 0 0 0 89 62 0 0 0 0 1 51 0 0 37 0 0 0 0 0 0 6 8 19 0 0 0 0 98 0 0 0 0 54 0 5 0 0 0 0 14 0 0 0 78 0 0 0 97 0 0 50 96 83 0 0 0 0 0 0 0 0 0 0 0 0 7 0 0 0 0 0 28 0 0 0 0 0 0 0 0 45 0 0 0 0 0 0 0 0 0 0 56 0 0 0 42 0 0
78 0 0 0 0 0 92 0 0 0 0 99 0 0 0 0 36 0 0 0 40 0 0 0 77 0 52 0 0 0 28 36 45 83 5 0 0 0 0 0 30 40 0 0 43 0 0 0 0 0 0 0 0 0 27 27 0 61 0 0 0 0 0 0 0 0 61 0 74 0 0 0 0 0 0 0 0 87 0 0 0 0 37 23 0 61 0 0 0 0 57 90 0 0 0 0 92 0 48 0
0 96 0 46 0 0 0 0 0 0 0 0 22 52 2 0 97 72 0 0 0 0 0 76 0 55 0 0 0 0 0 0 26 59 0 0 0 0 0 0 0 0 0 96 0 59 0 0 0 0 0 0 0 0 0 0 93 0 0 0 0 12 44 73 0 0 0 0 0 41 10 0 0 0 63 83 0 0 0 46 0 19 0 0 0 0 0 0 0 0 0 0 0 0 0 0 3 2 0 0
0 0 0 0 0 85 89 10 0 0 0 36 0 0 60 66 0 0 0 0 95 0 36 0 0 0 12 0 0 0 20 0 0 15 0 91 50 0 0 0 0 0 0 31 62 79 0 0 9 0 29 0 0 0 0 0 0 0 0 0 63 0 0 0 56 0 0 0 73 0 0 0 0 0 2 0 0 22 0 0 0 0 0 0 14 0 0 0 27 0 0 0 0 0 95 0 0 51 0 73
0 0 0 0 0 73 36 0 0 0 0 95 0 0 0 91 0 0 81 79 0 24 0 0 0 0 0 0 0 92 0 0 0 73 0 0 54 0 0 91 0 0 0 50 16 0 52 0 0 0 0 0 0 0 63 0 0 0 0 0 0 0 0 0 82 0 14 0 0 0 66 0 0 1 0 0 22 0 0 0 72 0 0 21 0 56 70 0 0 0 0 64 0 0 0 91 8 0 0 0
56 0 0 0 88 53 43 79 0 0 0 92 0 0 0 0 0 0 0 0 0 0 0 0 61 22 80 0 0 0 0 0 0 0 0 56 0 13 0 47 35 0 0 0 42 0 41 0 0 0 0 0 90 0 0 0 0 0 0 0 0 26 0 0 91 0 0 78 3 0 29 66 0 0 0 0 33 0 0 0 0 0 0 58 0 0 0 0 0 0 0 78 0 0 51 0 84 64 0 0
0 68 0 0 58 0 0 0 0 0 0 96 51 0 0 0 0 0 0 0 44 0 0 0 0 0 0 0 0 0 52 24 0 0 0 90 0 0 0 0 0 0 0 65 0 0 0 0 23 0 0 79 75 0 36 67 0 0 0 79 0 67 67 0 0 0 0 0 0 10 0 42 0 69 0 0 0 0 99 0 0 0 72 42 0 0 0 0 0 0 82 0 70 0 70 0 0 0 0 0
0 0 21 0 0 0 0 0 0 0 0 0 0 0 0 0 0 0 0 0 0 0 0 83 0 28 0 0 63 0 6 17 0 0 0 0 0 0 0 0 34 53 15 0 0 0 0 0 28 26 0 0 0 0 0 82 0 0 0 0 0 37 0 0 0 0 0 0 0 0 53 0 0 0 0 0 0 50 0 29 26 40 77 0 0 0 41 43 0 0 0 86 0 0 0 0 0 69 0 0
34 16 0 0 0 0 0 63 0 26 0 76 41 0 0 29 0 0 18 0 0 0 0 0 0 0 0 0 0 0 0 0 0 9 0 0 0 0 0 0 0 0 0 0 86 0 0 0 0 0 0 0 0 0 36 0 45 0 0 0 0 0 17 0 58 0 0 69 0 0 0 0 5 0 0 95 0 0 0 0 0 0 0 0 0 92 0 0 0 31 51 0 0 0 0 0 0 0 0 0
58 10 33 22 0 0 0 51 16 0 0 0 0 0 0 0 50 0 0 0 0 0 71 0 0 0 0 0 0 0 0 27 0 0 0 0 0 43 17 0 0 0 90 0 0 99 0 41 0 38 54 0 0 0 0 0 0 0 0 0 0 0 0 0 0 21 0 0 0 0 19 0 0 0 0 0 0 0 56 0 0 92 0 0 0 71 0 67 99 0 42 0 0 0 0 86 0 0 8 0
0 0 0 0 0 11 5 0 0 35 0 0 10 0 0 22 0 10 0 48 26 0 0 0 0 0 77 0 43 0 0 5 88 0 44 0 0 0 26 0 0 0 0 0 0 0 0 0 0 95 0 0 0 90 0 0 0 41 0 0 0 0 0 17 19 0 0 0 0 0 0 0 0 63 0 0 0 64 0 0 0 0 3 0 0 0 25 0 0 0 0 48 0 68 0 0 0 0 69 39
0 0 0 0 0 55 0 19 39 0 0 0 0 8 0 0 0 18 0 9 0 86 0 88 0 0 0 0 0 0 91 0 0 0 0 0 27 0 0 17 0 0 0 90 0 0 0 0 31 59 0 0 0 0 63 0 27 0 0 13 85 27 0 0 0 0 0 0 0 0 1 0 0 0 45 71 0 0 83 0 0 0 0 0 0 0 0 0 0 0 90 79 0 20 0 0 81 0 0 0
0 19 71 47 0 0 56 40 0 14 92 21 0 0 0 49 0 32 84 0 0 0 52 6 0 0 0 0 66 75 0 30 0 20 0 0 0 0 0 0 0 0 0 0 0 48 0 0 0 0 0 70 0 0 0 2 14 81 0 21 0 0 0 0 0 0 0 0 78 0 0 54 0 0 39 60 0 0 2 0 0 0 0 0 0 0 0 24 47 0 0 54 0 0 0 0 0 0 0 0
0 0 53 7 0 0 70 0 0 0 0 0 0 97 51 0 72 0 0 0 0 0 28 0 0 47 57 6 0 0 0 0 0 0 0 0 0 0 0 81 0 0 0 0 0 70 0 0 0 51 0 0 0 0 0 0 0 0 0 0 0 0 0 0 77 77 0 0 0 79 0 0 0 0 0 0 77 0 0 27 0 92 0 0 28 0 0 0 45 0 0 0 0 0 0 9 0 0 0 0
0 0 58 0 0 0 0 0 0 0 0 0 48 0 0 0 0 49 40 50 0 0 0 0 0 0 0 0 0 56 0 46 0 0 0 6 0 0 0 2 0 0 0 0 6 0 0 0 0 0 0 39 14 0 0 0 0 0 0 19 0 0 0 0 0 0 0 0 86 79 87 0 0 0 0 61 0 97 24 61 84 0 27 0 0 0 0 0 65 24 0 0 0 82 0 49 80 0 0 0
0 0 17 0 69 0 0 0 62 0 26 0 0 93 38 49 0 0 0 0 0 0 0 57 65 0 0 0 95 0 77 0 0 0 0 0 0 0 0 0 0 0 0 0 44 0 0 65 0 0 0 0 0 0 0 63 0 0 44 49 96 0 26 0 0 0 0 0 0 0 4 0 0 0 0 0 67 0 0 38 0 41 87 0 0 0 0 0 0 0 0 0 0 0 0 0 0 0 90 92
0 0 0 5 0 0 0 21 0 83 0 93 67 0 44 0 0 0 32 0 65 0 0 0 98 0 0 0 0 43 0 0 74 0 0 0 26 0 0 0 33 79 0 0 0 0 0 0 0 0 0 0 0 0 0 0 26 0 0 35 10 0 0 0 0 0 0 0 43 0 0 38 0 0 0 0 0 0 0 0 79 0 0 0 20 0 0 0 0 79 61 36 0 0 0 0 90 0 30 0
0 0 64 0 0 0 40 0 47 0 0 0 0 0 0 0 52 0 0 0 55 0 0 0 0 8 0 29 79 0 29 0 0 0 0 73 0 0 0 0 84 0 0 0 0 97 0 0 0 0 0 93 100 0 72 0 0 0 66 91 0 0 0 0 0 0 0 0 0 0 27 0 0 0 0 0 0 0 0 0 0 0 0 99 0 20 0 0 5 0 0 16 0 0 0 81 43 0 0 0
0 24 60 0 0 0 20 0 0 46 0 35 86 0 0 0 0 29 0 65 99 0 0 0 0 0 0 0 0 0 0 10 0 0 0 0 0 0 0 72 0 0 0 86 0 54 1 0 0 89 0 0 0 0 0 0 0 0 0 0 0 66 36 0 89 0 0 0 0 0 85 61 74 0 47 0 0 0 0 0 0 0 0 0 74 0 0 0 0 0 0 0 0 80 0 90 0 0 0 37
0 97 0 0 0 0 20 0 0 0 0 0 0 69 0 0 0 0 0 0 81 0 0 0 0 93 99 0 0 0 79 1 36 0 0 0 0 0 75 0 0 0 0 0 0 0 0 0 0 0 0 0 68 0 0 0 49 0 0 0 0 0 0 0 0 0 47 7 0 0 0 83 0 0 0 0 0 0 0 0 0 30 78 0 0 0 0 0 74 0 93 60 94 0 81 0 0 0 0 0
0 0 8 0 84 17 0 0 51 27 0 0 0 29 42 0 0 0 55 0 0 0 0 88 0 52 72 7 0 0 49 37 0 0 66 40 0 0 0 35 0 0 0 21 0 0 0 0 33 0 89 0 0 0 0 0 0 26 0 0 0 0 0 0 64 0 0 0 14 0 0 0 0 0 0 0 0 0 0 48 0 0 86 0 0 0 0 0 47 0 91 0 0 0 0 0 0 55 0 0
0 0 0 0 0 0 0 0 0 0 0 0 7 0 0 91 0 6 0 0 1 0 0 0 0 0 13 0 0 0 0 0 0 44 73 0 0 0 0 0 0 0 85 0 0 0 15 0 0 0 100 25 0 10 0 0 0 0 0 65 0 0 0 85 0 0 0 0 61 0 0 0 0 0 0 34 5 0 34 0 0 0 0 35 64 0 42 0 0 0 0 0 0 0 0 63 0 0 29 0
0 0 0 0 0 0 0 0 0 0 0 56 0 0 0 0 61 63 0 0 75 0 0 0 0 60 0 0 0 0 0 0 0 0 22 36 0 0 0 0 0 0 66 0 0 0 57 0 0 0 0 0 0 84 0 0 92 52 0 0 21 0 0 79 0 0 15 0 0 0 0 0 0 0 63 0 0 0 99 81 0 0 0 29 0 0 0 0 0 0 0 0 56 16 0 68 0 49 0 96
63 0 0 0 0 0 0 0 0 0 0 0 39 0 0 89 0 0 0 0 29 0 0 0 0 0 0 63 0 0 33 0 0 0 0 0 0 0 0 0 36 0 0 0 48 0 63 0 0 0 0 0 30 0 0 0 0 0 0 0 0 0 38 0 0 0 0 4 31 0 0 56 0 66 0 0 0 0 0 0 0 0 0 0 0 0 0 0 0 0 0 94 0 0 0 0 0 0 0 0
0 77 0 0 59 0 0 0 83 0 0 20 0 0 46 0 66 0 0 88 0 0 0 0 42 0 0 0 0 0 0 0 0 76 0 0 0 0 44 0 0 28 0 0 0 10 48 0 0 92 0 0 95 0 0 0 0 0 0 15 0 0 0 0 0 0 0 23 84 0 52 0 0 0 7 10 95 0 0 0 44 0 0 0 0 0 33 0 0 0 0 0 0 0 0 0 0 85 0 0
0 0 0 0 0 0 0 34 0 0 0 0 0 99 23 0 52 83 0 0 0 0 0 0 0 0 0 33 0 0 46 68 0 0 0 0 0 50 0 18 0 0 0 67 0 0 20 0 0 0 0 73 0 65 0 0 45 0 0 0 0 0 0 10 0 0 58 0 0 0 0 0 0 0 0 0 79 0 49 0 84 0 0 0 0 0 0 0 0 0 0 0 0 0 0 54 1 96 10 0
66 0 18 36 0 0 0 12 0 0 0 47 13 0 97 0 22 0 54 0 88 83 0 0 100 0 0 0 93 0 0 0 30 0 0 62 0 86 0 0 62 47 0 0 77 0 0 0 0 61 0 0 0 0 0 59 0 55 0 74 70 0 47 0 0 36 1 0 0 94 0 0 0 0 35 72 0 0 0 58 0 4 0 0 0 0 0 93 100 0 0 0 95 0 29 0 0 0 0 0
38 0 0 0 0 0 0 0 0 0 0 0 0 0 80 50 0 0 81 0 0 0 0 0 0 0 26 0 0 0 0 0 0 0 0 0 0 0 0 0 73 75 43 0 0 0 0 0 0 0 0 0 0 0 0 23 11 0 0 0 0 0 0 0 0 15 0 0 0 0 53 35 0 19 0 0 0 28 96 0 0 0 0 0 0 0 29 0 0 0 0 0 0 0 0 89 12 55 0 0
0 16 0 36 53 76 0 0 0 0 12 0 0 47 64 99 0 0 0 0 0 0 57 0 0 0 0 0 0 0 0 0 0 0 41 0 0 0 25 47 0 0 0 0 61 0 58 0 5 0 0 0 0 0 0 0 0 0 0 0 66 0 0 0 0 0 0 77 0 0 0 0 85 0 0 0 55 82 0 0 45 0 80 0 79 20 0 97 15 0 0 0 0 18 0 0 0 0 0 0
0 0 0 0 0 0 96 0 65 0 0 0 0 0 0 0 0 68 35 58 94 0 37 0 0 0 0 0 0 0 0 87 0 35 0 0 0 0 0 0 0 0 0 0 0 0 0 0 86 0 0 0 64 0 0 0 0 9 0 0 0 0 0 0 0 0 48 0 0 25 4 0 40 0 96 0 0 0 0 0 42 0 65 0 0 0 0 0 0 0 0 0 0 36 0 86 0 0 0 46
0 0 0 0 0 0 74 0 0 6 0 0 0 0 0 50 41 60 0 0 0 90 0 57 0 0 0 49 0 0 0 69 0 0 11 0 0 0 0 0 15 0 0 0 0 0 16 0 44 0 75 66 67 26 7 27 0 0 0 0 0 0 93 27 0 3 0 67 0 0 0 33 0 0 0 59 0 0 0 0 0 0 0 0 0 0 0 2 0 83 0 0 0 0 72 0 0 20 0 0
93 0 0 10 0 0 31 0 0 0 0 0 51 0 0 0 0 77 0 0 0 0 15 0 0 41 0 67 0 0 0 0 65 0 83 0 22 65 0 78 0 0 80 97 0 0 0 0 0 0 0 0 0 27 0 38 0 0 0 21 0 11 0 0 0 0 0 0 0 97 77 54 36 0 0 24 0 30 56 49 0 42 0 0 0 59 0 0 65 0 15 0 0 0 0 0 0 77 0 0
0 0 0 0 0 0 12 0 0 26 0 0 0 0 0 27 0 19 0 48 74 0 79 0 0 0 0 56 0 42 58 0 11 83 0 75 0 52 0 72 0 92 0 0 9 77 0 75 0 0 7 70 0 95 0 0 0 86 0 29 0 0 0 0 0 0 88 98 0 0 0 0 88 0 0 0 40 0 72 0 0 0 0 0 0 0 0 0 0 0 0 68 0 85 87 20 0 0 0 15
75 50 0 0 0 100 0 17 21 3 0 0 0 15 35 0 0 0 0 0 0 0 0 0 0 0 0 0 0 0 0 0 0 0 0 0 0 0 0 0 9 0 76 18 0 0 0 0 0 0 0 0 18 0 61 0 0 0 45 42 0 0 85 0 0 26 0 0 0 0 64 0 0 0 0 33 0 39 0 0 0 43 0 11 0 0 12 0 0 12 0 0 0 0 44 50 0 0 34 77
0 0 0 0 82 0 0 0 24 0 0 0 0 0 0 0 0 0 32 0 0 0 0 0 0 55 0 2 0 0 19 0 0 64 0 0 0 0 0 0 0 0 69 0 92 86 15 0 0 18 0 0 0 79 0 0 0 0 0 0 0 61 0 0 0 0 0 0 0 0 0 55 0 0 81 0 72 14 76 0 0 0 0 75 10 0 0 0 53 16 0 0 0 0 0 0 0 57 0 0
3 0 0 0 10 0 0 59 0 0 0 0 0 0 0 0 82 0 0 0 0 0 0 0 0 75 0 0 0 60 0 0 0 0 0 0 0 0 0 0 0 0 0 4 99 0 84 0 0 0 0 0 70 0 0 0 0 22 0 90 84 0 17 0 0 0 0 35 38 0 0 56 0 0 0 0 0 0 0 0 0 0 99 0 0 0 0 0 0 0 75 0 0 0 0 61 0 80 0 0
88 0 100 0 0 98 0 0 11 0 0 0 0 0 0 0 0 0 0 0 0 0 0 0 0 1 68 0 0 85 91 0 0 0 0 0 0 0 0 25 0 0 0 61 0 0 0 20 0 0 0 0 0 0 46 0 71 0 0 0 91 0 28 3 8 0 0 0 0 0 0 0 0 0 0 0 0 41 99 0 0 0 0 0 95 0 71 0 0 0 0 0 0 0 0 0 0 57 0 0
81 93 0 0 0 2 0 0 0 0 0 0 0 0 98 0 0 0 0 46 0 0 0 0 0 69 0 0 0 0 35 0 85 49 0 56 0 60 0 59 50 0 85 0 16 37 0 57 20 0 28 0 0 61 0 0 68 0 0 0 0 92 0 0 0 0 57 96 0 0 15 0 56 0 0 0 0 0 0 0 0 29 0 0 0 0 0 0 0 53 0 31 0 0 0 0 78 88 0 0
0 0 6 94 0 82 0 0 0 71 0 0 0 0 0 0 0 30 0 0 16 24 0 0 29 0 0 0 0 97 0 0 95 0 0 0 0 0 100 0 0 0 0 0 0 0 34 100 0 0 0 0 0 0 93 30 0 95 0 0 0 0 0 0 4 0 50 0 99 60 0 0 0 0 0 0 0 0 91 67 0 0 0 12 0 10 0 36 0 27 5 37 0 45 81 0 0 0 19 0
0 0 0 51 77 0 0 38 0 0 0 0 0 0 0 32 0 99 83 0 0 0 0 90 0 0 72 67 0 50 61 0 0 0 0 0 30 0 69 36 10 0 88 0 0 94 0 0 95 0 0 72 0 0 0 0 0 31 66 0 0 47 0 0 98 0 0 0 0 0 0 0 0 56 0 0 0 30 0 0 0 0 0 47 0 0 0 54 0 0 0 0 0 0 0 0 0 0 57 0
79 0 0 0 0 0 0 0 0 3 0 0 0 0 81 0 0 92 0 3 0 0 0 0 20 0 0 0 18 0 0 27 0 63 0 0 0 0 0 0 0 7 0 0 0 26 0 49 51 0 0 0 0 0 90 0 21 85 0 11 0 0 11 0 0 0 63 0 0 0 0 0 0 0 0 0 0 0 0 0 69 40 0 88 0 0 0 0 0 0 5 13 0 0 73 0 81 0 0 0
96 87 0 0 0 48 0 57 0 0 0 0 1 0 0 0 0 24 0 0 8 0 51 0 17 0 0 0 0 0 0 0 0 0 64 0 0 83 0 0 0 0 0 70 0 0 88 18 0 0 53 76 0 0 73 81 0 0 8 0 0 0 0 90 0 72 71 59 0 88 60 0 55 0 76 0 0 0 0 0 0 86 7 0 0 0 0 0 0 0 51 0 27 0 0 0 0 0 0 0
0 0 0 0 0 0 0 0 0 0 0 0 0 0 0 84 0 0 0 22 0 0 0 0 45 63 0 15 42 0 0 95 0 0 80 0 0 4 0 30 0 56 0 0 0 0 4 0 0 0 0 0 0 0 0 29 0 0 31 0 0 0 0 0 0 0 0 0 0 0 0 0 93 0 0 17 0 0 0 13 0 0 0 68 0 0 0 90 0 44 0 0 39 0 88 0 0 86 59 0
56 0 0 0 0 0 70 43 0 0 0 1 0 0 0 55 0 0 83 5 72 0 0 0 0 0 0 0 0 0 0 94 0 0 0 0 0 0 0 96 80 0 0 20 0 0 0 0 75 0 0 0 0 0 0 0 0 0 0 0 0 37 0 0 0 0 0 19 27 0 0 0 0 0 0 0 0 0 0 0 0 0 1 4 0 0 0 0 0 82 14 0 16 24 83 0 0 0 0 67
0 0 0 0 0 0 90 0 45 95 0 0 0 41 94 0 0 0 0 0 27 0 46 51 0 0 0 0 7 0 0 0 66 0 0 75 0 0 0 0 0 0 0 0 0 0 0 0 0 22 8 0 0 0 0 0 0 0 0 0 72 0 15 0 0 0 85 0 12 0 0 100 0 90 0 88 0 0 0 0 0 0 96 0 48 0 0 0 0 0 0 0 0 0 3 0 0 0 0 0
0 0 0 0 0 0 30 0 0 0 0 0 0 0 94 0 0 0 84 0 87 0 0 0 0 55 18 0 0 0 37 0 0 0 0 0 0 0 0 0 0 0 58 0 0 0 0 0 0 7 0 0 0 0 0 0 95 0 0 0 0 0 0 0 0 0 0 0 14 0 0 0 0 63 0 0 0 0 0 0 0 49 0 29 67 0 0 16 0 0 7 0 0 0 0 0 86 0 0 0
90 0 0 0 0 0 0 0 13 55 0 0 0 0 0 0 0 0 41 0 0 0 0 0 0 0 0 0 0 0 0 0 0 0 59 51 8 0 74 0 3 0 0 34 87 0 0 0 0 86 23 0 0 0 0 0 0 0 0 0 0 0 0 0 0 0 0 0 0 74 0 0 62 0 0 0 0 0 70 0 49 0 0 0 0 0 0 0 0 27 97 0 0 0 0 81 63 0 0 14
87 0 0 0 0 0 0 3 0 0 0 0 0 0 0 26 49 0 0 0 0 96 33 92 0 0 0 0 0 0 57 0 0 0 0 5 0 33 0 0 0 52 0 0 0 0 0 0 0 0 83 0 0 0 0 0 14 0 0 0 0 0 0 0 0 95 0 0 0 0 0 33 0 0 0 0 0 0 0 0 0 83 0 0 0 0 0 68 0 0 0 0 0 0 0 0 0 0 0 1
0 0 31 93 0 0 0 0 75 2 57 0 0 0 0 0 0 16 29 0 0 0 0 3 0 0 0 0 0 0 0 0 27 0 0 20 0 56 0 0 0 0 60 28 0 0 0 37 0 0 0 0 0 0 0 0 0 81 29 0 0 0 0 0 68 0 0 0 0 0 0 0 0 0 0 61 0 75 0 0 89 0 0 63 0 0 21 0 0 0 0 0 0 0 0 0 0 0 0 67
100 0 0 66 0 29 0 0 0 0 0 0 0 0 0 99 0 0 0 0 0 76 0 0 0 0 55 0 0 51 0 64 0 0 0 12 0 0 0 49 43 0 79 0 0 71 0 0 0 0 0 0 0 3 32 0 77 0 0 0 0 79 0 0 79 0 0 0 0 0 0 0 0 100 0 0 0 0 0 83 57 0 0 0 0 0 0 0 0 0 81 99 0 0 24 0 0 26 0 0
0 0 0 29 0 0 0 18 0 0 0 0 29 0 0 0 0 53 0 0 0 0 97 12 76 0 0 0 0 0 74 0 0 0 66 0 0 0 65 0 67 0 0 0 0 0 0 0 46 0 78 0 96 0 0 0 0 55 0 0 0 28 0 0 37 0 0 0 0 38 22 0 0 80 0 0 0 0 0 0 0 0 89 34 0 0 0 9 0 0 0 0 0 0 0 98 44 0 66 30
0 0 62 0 0 0 30 0 11 0 0 0 0 0 0 89 18 0 0 0 0 0 0 0 0 0 21 0 0 0 0 0 0 0 0 84 0 0 0 16 93 0 0 0 0 0 0 0 0 0 23 0 0 0 18 65 0 0 72 15 1 0 76 0 0 99 27 0 71 0 0 0 0 0 0 0 0 0 92 100 0 23 0 0 0 74 0 0 0 0 0 0 0 0 0 0 0 0 0 0
0 57 0 37 0 0 0 41 40 0 0 0 0 51 14 0 0 9 0 0 0 22 0 91 0 0 48 0 0 0 61 29 0 0 0 0 0 0 80 0 0 0 0 0 0 0 0 72 0 0 44 0 71 0 0 0 13 0 0 0 0 0 0 0 0 18 0 33 6 11 0 0 0 0 0 0 0 51 0 43 38 0 0 0 0 13 0 0 0 0 36 0 0 69 7 0 0 0 0 0
8 0 0 0 0 0 0 77 0 0 0 0 0 0 0 0 0 0 0 0 56 51 0 58 0 0 0 0 0 0 0 0 0 13 9 0 0 0 0 70 0 0 88 0 98 88 0 0 0 30 38 0 43 0 0 0 0 0 0 0 0 0 39 0 0 45 0 0 34 0 0 0 0 0 0 76 83 0 0 0 0 0 0 19 0 99 0 0 0 0 0 0 0 0 0 76 36 0 0 0
0 96 0 0 0 75 0 0 77 69 0 0 0 0 0 36 0 0 0 0 0 0 78 0 96 0 17 65 0 0 0 0 0 0 0 0 0 56 0 0 0 0 87 0 0 0 0 0 0 18 0 0 0 0 0 59 0 0 0 95 0 66 0 88 0 96 0 0 0 0 0 0 0 0 0 56 0 15 57 0 80 0 0 0 0 82 0 0 0 0 0 0 84 81 0 16 0 0 0 92
0 0 0 0 0 0 1 0 42 0 98 0 16 0 0 0 0 0 75 34 0 0 0 0 0 0 0 0 0 0 0 0 0 27 0 0 0 0 0 0 0 13 0 99 0 55 0 0 0 0 0 0 0 0 0 0 0 0 89 0 37 0 0 0 86 0 0 0 0 0 0 0 0 50 66 86 0 0 0 0 0 0 0 0 0 20 0 0 0 0 0 0 0 52 0 13 0 0 16 0
0 34 24 88 0 0 0 0 0 0 52 0 0 0 0 96 0 6 39 0 36 0 0 0 0 0 0 0 24 78 0 0 0 0 0 0 0 0 0 0 0 55 78 0 0 0 0 0 59 0 0 0 0 0 0 0 8 0 0 0 0 0 0 0 77 0 90 0 55 0 0 0 0 87 0 0 0 0 0 0 15 0 0 0 0 0 0 0 0 0 0 18 0 0 0 57 0 0 20 0
0 93 0 4 0 0 0 0 0 0 42 47 0 98 0 0 0 0 0 75 0 0 6 0 0 0 36 0 0 0 0 66 0 0 0 0 0 0 2 0 0 0 0 90 0 0 0 0 65 0 0 0 0 38 0 0 16 29 0 7 0 0 0 0 0 0 0 32 0 0 0 83 30 92 0 0 0 0 0 0 0 0 99 34 0 90 0 0 0 60 21 12 0 0 0 0 0 0 0 20
0 0 0 0 0 0 4 0 0 0 38 75 0 25 95 0 0 0 0 0 0 0 94 81 27 0 28 0 0 0 0 38 0 70 0 0 0 0 0 0 0 0 51 0 0 69 38 0 0 0 0 56 0 0 0 0 26 0 34 0 0 0 0 0 0 0 17 0 0 0 0 0 0 0 0 0 83 11 0 94 22 54 0 0 0 0 65 0 58 0 0 0 55 100 45 0 33 99 82 0
45 78 0 0 0 0 0 0 84 0 67 16 0 17 0 6 0 0 0 0 0 0 0 23 0 0 0 0 0 0 78 0 0 0 39 35 0 0 0 0 51 52 0 0 0 0 0 0 42 0 0 7 16 0 0 63 0 0 4 0 0 0 0 0 58 0 0 87 0 11 0 0 0 12 0 0 0 4 0 0 0 9 0 50 0 0 0 0 0 0 0 0 0 0 0 0 0 0 0 0
44 0 0 30 0 0 0 0 0 45 0 7 0 16 0 0 0 0 0 0 0 0 0 0 78 74 0 0 0 0 0 0 0 62 0 0 0 0 0 11 0 0 57 0 68 0 0 41 0 0 0 65 0 0 4 0 0 0 0 81 92 0 0 0 0 0 0 0 0 0 35 0 0 0 45 84 0 0 6 82 0 62 0 0 0 0 0 0 0 0 0 68 0 0 0 44 0 35 0 0
0 51 0 0 0 89 0 0 0 0 0 0 0 0 0 0 14 0 0 0 0 0 0 0 0 0 15 0 27 0 0 17 66 0 12 0 0 12 0 77 0 7 0 64 0 1 0 0 0 0 97 0 0 0 61 42 92 0 0 0 0 0 0 0 0 0 0 18 16 0 35 0 0 0 0 0 32 18 0 89 20 49 0 84 0 0 0 0 0 33 0 0 0 0 24 0 0 0 0 0
0 7 0 0 0 0 70 0 0 0 0 0 0 0 0 0 0 0 0 0 0 0 0 0 0 20 0 0 12 0 0 0 0 0 93 0 0 0 0 0 46 0 39 0 0 0 0 0 45 53 0 38 79 0 0 0 0 0 0 0 0 0 0 0 67 88 0 9 0 0 0 0 0 50 0 0 82 95 0 0 0 0 30 0 0 0 0 0 0 0 0 0 0 0 0 0 0 0 0 0
0 0 0 0 0 89 72 0 0 0 0 0 78 0 0 0 0 0 0 0 0 0 0 0 0 0 0 0 0 25 28 0 0 70 0 0 91 0 0 34 0 0 0 0 0 0 0 7 0 0 0 0 0 0 0 0 91 0 0 0 0 0 0 0 0 0 0 0 0 97 0 0 0 0 0 0 0 64 0 0 0 42 79 71 0 0 45 0 58 0 0 0 73 0 0 0 0 64 0 0
0 0 0 0 45 0 0 33 0 0 73 0 0 0 0 0 0 98 0 0 0 0 0 0 0 0 0 72 92 14 4 0 71 0 0 22 0 0 0 0 26 0 0 0 0 0 0 0 29 0 0 0 0 72 84 0 0 0 0 0 0 42 0 0 0 0 78 0 16 0 0 0 98 30 0 0 0 0 46 0 0 96 0 0 55 0 0 0 0 45 0 0 0 0 0 0 0 75 10 0
69 23 0 82 0 81 0 0 84 0 0 0 0 0 0 0 0 0 0 0 90 1 48 0 0 0 50 0 0 0 0 0 0 0 0 0 0 0 0 0 0 0 0 91 95 0 0 0 0 71 0 0 0 0 25 0 0 0 0 0 0 29 0 15 18 0 0 0 0 0 31 49 0 0 45 0 0 0 0 0 0 0 0 0 0 0 0 0 2 38 0 0 0 0 0 0 91 43 0 0
0 0 49 26 0 0 0 0 0 62 0 19 72 0 31 96 62 0 0 0 0 0 0 0 0 0 87 0 0 98 29 0 0 26 0 0 0 0 0 3 0 0 95 0 0 43 0 0 0 43 0 0 0 96 38 54 0 0 0 0 0 0 0 0 0 0 53 33 0 0 0 0 0 17 0 0 0 0 0 19 0 0 0 99 38 0 73 0 0 0 0 0 0 0 0 0 39 0 80 0
0 0 35 0 95 0 0 0 0 0 1 0 0 0 0 0 0 0 0 0 79 0 0 0 0 0 0 0 0 0 0 0 0 0 0 0 51 0 0 59 0 0 0 0 0 0 0 0 0 0 0 0 0 92 0 0 94 0 0 0 0 0 62 0 0 19 0 0 69 0 0 0 95 0 69 0 0 91 0 0 71 0 0 0 0 0 0 0 2 0 0 38 19 0 0 0 0 0 0 0
0 86 0 0 81 0 28 0 0 0 71 0 0 0 43 0 0 0 0 0 0 0 0 88 0 0 0 0 55 9 0 0 0 0 0 86 73 0 72 0 66 0 0 0 0 0 0 0 89 0 0 0 81 0 0 0 0 0 0 41 0 0 0 0 0 64 0 0 88 0 77 0 44 0 67 0 0 0 0 0 0 28 0 0 0 0 85 0 0 0 0 46 36 0 0 0 0 88 0 0
0 0 0 0 0 0 0 0 0 0 79 54 0 0 0 71 0 0 0 47 92 0 0 0 0 0 0 0 0 75 17 0 0 0 0 0 0 39 66 0 89 0 0 0 45 0 0 0 0 0 42 0 0 0 40 43 0 82 0 0 13 0 0 0 73 60 41 0 0 80 40 65 0 0 0 0 0 95 20 0 0 0 65 0 0 0 0 0 0 0 0 94 0 0 0 0 0 0 50 44
0 19 0 0 0 0 0 0 0 22 0 31 0 61 71 0 0 0 25 0 0 0 0 0 71 32 58 28 0 0 37 0 0 0 91 58 0 0 0 65 0 0 0 0 0 74 1 0 86 0 0 0 0 0 0 0 0 0 0 0 0 85 0 28 0 0 0 0 24 0 0 0 0 0 0 14 0 0 0 0 0 0 0 35 0 0 18 0 0 48 0 0 0 38 35 0 0 20 0 0
0 0 0 84 0 0 0 0 0 0 0 0 0 0 0 0 0 0 0 31 59 0 0 0 0 0 0 0 63 0 0 0 0 0 0 0 0 0 26 0 0 0 0 70 28 0 0 0 0 7 0 0 0 58 3 91 0 76 52 0 0 0 0 70 0 0 0 50 78 6 18 23 0 0 0 0 0 0 51 98 83 0 0 0 47 0 0 0 0 0 62 74 0 0 0 0 0 0 0 39
0 79 97 0 9 0 0 0 0 0 2 94 0 0 0 0 89 0 0 0 0 0 0 0 0 0 75 0 32 0 0 0 0 0 0 0 35 0 0 0 0 0 0 0 28 86 0 45 7 0 0 0 0 0 0 0 0 0 0 0 0 0 0 0 0 26 77 0 0 0 0 79 0 0 0 0 0 0 0 0 0 0 0 0 0 2 53 0 0 0 0 19 37 0 44 0 0 0 12 0
0 0 14 0 79 0 0 0 0 0 0 0 0 0 0 53 0 0 0 13 92 59 0 0 0 52 57 0 0 0 12 0 0 0 0 0 0 33 0 0 4 0 0 0 0 0 85 0 8 0 0 0 0 0 0 84 0 0 62 0 92 0 0 0 0 0 37 14 2 0 92 0 0 0 48 0 0 0 29 30 0 0 0 0 0 0 0 0 0 0 0 99 0 0 0 0 0 0 0 0
8 0 0 0 0 0 19 0 0 0 0 0 0 56 0 0 0 0 0 0 53 0 0 0 0 82 27 0 0 0 0 0 0 0 0 0 0 0 30 4 0 67 0 22 29 18 0 41 0 0 76 0 0 0 0 0 0 0 0 20 0 0 0 0 0 0 0 0 0 0 0 0 0 0 0 95 0 0 0 0 0 0 19 0 0 0 0 0 74 0 0 0 0 0 73 0 0 0 0 0
1 0 0 5 0 0 0 0 0 0 0 0 0 0 35 0 0 0 24 0 0 41 0 71 0 0 0 0 24 0 0 0 77 0 65 69 78 81 0 0 0 1 36 0 0 0 0 0 38 0 18 0 0 0 0 0 0 0 0 0 0 0 63 8 37 0 0 0 0 0 0 0 79 0 0 0 0 0 0 0 0 0 0 0 0 3 36 0 0 61 0 0 0 0 0 0 0 0 0 0
0 0 0 0 0 14 0 0 0 0 0 53 0 70 0 0 0 0 0 0 18 0 0 0 0 0 0 5 9 0 0 0 64 0 0 0 0 0 0 0 0 14 0 0 0 0 0 71 0 0 55 0 0 0 39 0 0 0 0 0 0 0 0 0 30 83 0 0 0 0 0 0 0 82 0 0 0 0 24 0 0 26 0 0 83 0 16 60 0 0 0 0 48 71 0 0 0 0 50 0
0 0 0 42 0 0 0 0 0 91 0 0 0 0 46 99 0 0 0 0 0 0 0 0 0 39 8 0 0 72 0 0 0 0 47 0 0 60 3 4 0 0 0 0 63 97 91 0 0 0 0 0 0 0 20 0 0 0 0 0 0 83 53 0 0 0 0 0 0 0 82 0 0 0 48 28 0 0 0 0 0 84 38 0 0 33 0 0 0 23 0 0 0 0 63 8 0 0 46 0
0 0 85 53 0 0 0 0 0 0 0 0 0 0 0 91 0 52 0 25 0 0 63 90 14 0 0 0 0 0 0 0 20 0 0 0 0 0 0 0 0 0 0 0 0 0 16 0 72 81 0 0 0 0 0 0 0 32 0 14 0 0 0 0 0 0 0 20 0 0 0 35 0 0 0 89 0 0 0 0 46 79 0 49 0 0 0 0 0 0 0 6 0 38 0 0 0 0 0 0
0 43 69 87 0 0 0 0 0 87 0 0 10 30 13 0 0 16 0 95 0 0 96 0 0 0 0 0 98 0 87 0 7 0 0 0 0 0 15 0 0 0 0 0 99 0 6 0 0 0 0 22 55 9 97 0 0 0 0 51 55 0 0 0 0 0 23 0 0 0 0 0 0 0 0 0 0 11 0 0 0 54 0 0 33 0 0 91 0 0 0 0 0 0 0 0 0 38 42 0
0 0 31 65 0 0 0 0 0 0 0 0 0 31 0 0 0 0 93 0 0 0 99 55 82 0 0 0 0 0 61 63 0 63 0 0 49 90 0 0 0 0 0 0 79 0 0 2 0 0 0 0 0 0 0 0 0 0 0 0 0 0 44 0 0 0 42 0 0 68 0 0 0 0 0 0 7 0 0 0 0 0 58 90 0 0 35 0 0 22 0 0 0 0 0 0 0 0 0 0
0 0 0 94 0 0 0 44 0 0 0 0 0 0 0 0 0 79 0 0 0 0 0 0 0 58 0 40 75 0 0 35 65 0 99 0 0 0 0 0 0 18 0 0 53 0 0 0 0 71 44 0 0 0 0 0 0 99 82 0 0 0 0 0 88 0 1 0 0 0 0 94 0 0 0 0 0 0 0 0 0 0 0 0 0 0 0 0 0 0 0 78 93 0 0 56 0 36 0 0
0 0 0 64 0 0 6 0 0 0 0 0 0 87 0 0 46 72 0 0 0 0 0 0 0 0 0 0 0 0 0 0 0 29 53 0 0 62 0 0 0 0 17 36 0 0 53 27 0 0 0 0 0 63 0 13 0 0 63 0 73 0 0 0 69 0 0 49 0 0 0 0 15 0 70 0 0 6 0 0 0 0 0 0 0 0 0 0 0 0 9 0 0 22 54 0 0 0 0 0
0 0 0 0 0 0 0 44 11 0 0 55 0 0 27 0 0 0 0 0 0 0 0 61 0 0 0 0 0 0 55 0 0 0 16 0 0 16 0 0 9 0 0 42 0 0 0 33 0 35 0 0 71 100 0 0 0 0 0 0 0 60 75 0 65 0 0 0 0 0 0 0 0 0 0 0 40 3 0 0 0 0 0 78 0 60 0 0 0 85 0 0 0 0 0 0 0 0 0 0
54 0 0 0 0 0 0 0 0 0 21 0 6 0 0 0 13 0 36 0 0 0 36 13 0 0 0 0 0 0 0 0 0 0 0 0 0 0 0 0 0 0 0 0 77 0 92 0 0 79 0 0 30 0 0 0 80 0 0 0 0 0 0 0 0 0 85 0 0 96 0 0 0 0 91 54 0 73 0 0 0 0 0 0 0 0 0 0 0 70 0 0 0 0 0 0 0 0 0 0
0 0 0 0 46 0 0 0 0 0 0 0 12 0 0 0 85 0 0 0 0 0 0 0 10 0 94 0 85 0 0 0 0 48 91 0 9 0 0 0 0 0 0 0 0 0 0 0 0 0 0 0 0 0 0 0 0 0 91 70 0 0 0 0 19 0 0 0 0 0 0 0 0 0 0 0 0 0 0 0 0 0 0 0 0 13 19 0 0 0 0 97 78 42 0 80 33 0 0 0
77 0 65 0 0 0 53 22 0 68 52 0 0 38 0 0 77 0 0 28 0 17 0 0 0 0 0 0 0 0 0 0 71 0 2 13 0 0 63 0 0 0 0 0 0 0 0 0 0 0 71 0 0 0 0 0 40 0 0 0 0 0 50 0 0 0 0 0 3 0 79 0 75 0 63 0 0 0 0 75 0 0 0 0 25 0 0 84 0 0 0 16 0 87 0 0 0 0 0 0
0 97 5 0 0 0 65 49 6 0 0 0 0 83 0 0 34 78 0 0 0 0 0 0 0 0 0 50 0 0 0 0 0 0 0 0 51 86 18 0 0 25 0 0 0 0 65 0 0 0 94 0 41 0 54 0 47 0 0 0 0 0 0 63 0 0 0 0 0 0 0 17 0 0 0 0 0 0 0 0 0 97 0 57 14 34 0 0 0 52 0 0 100 0 19 0 0 0 0 0
5 57 0 0 0 0 27 0 11 91 0 50 0 67 0 4 0 0 40 0 0 0 0 43 0 0 0 0 0 86 0 0 0 49 0 0 42 0 40 73 30 0 0 0 0 97 0 0 0 0 0 0 0 0 0 0 0 0 0 0 46 93 0 0 73 0 0 0 0 0 0 0 0 0 0 0 0 73 0 24 0 0 26 0 0 0 0 0 42 0 0 0 0 0 0 0 0 0 0 71
0 34 0 0 0 71 0 0 5 3 0 0 0 94 19 0 95 0 0 13 0 0 0 0 0 0 54 8 0 0 0 0 0 0 0 93 0 0 0 0 0 0 0 0 0 92 71 0 0 58 0 71 0 0 0 0 16 47 0 51 0 0 0 0 24 0 0 87 0 12 0 0 0 92 0 0 0 0 19 58 0 0 16 0 0 82 20 0 43 0 49 0 0 0 0 39 8 79 0 0
0 0 0 47 22 0 0 0 60 14 14 0 0 0 0 3 0 0 0 0 0 0 0 47 0 0 18 20 0 0 0 68 0 0 0 0 77 0 83 80 0 62 45 0 0 0 0 0 0 0 0 0 0 0 66 67 0 0 0 0 0 36 0 46 0 0 0 0 0 0 72 0 51 98 0 76 0 0 0 0 0 94 94 0 0 0 0 6 87 87 82 0 6 0 0 0 0 0 0 0
0 0 0 0 0 0 0 0 0 0 85 0 0 39 0 0 0 40 0 87 0 0 0 0 1 0 0 79 0 0 2 0 0 0 0 33 0 87 100 0 0 0 0 0 0 96 0 0 75 0 0 0 0 0 0 0 0 89 0 0 0 45 0 0 98 1 0 11 23 0 0 0 0 0 12 0 0 0 72 0 28 98 53 0 32 0 0 0 0 0 0 0 0 82 0 0 0 0 0 0
0 0 39 9 0 0 0 0 0 0 0 0 0 74 48 0 0 0 0 0 0 0 0 0 16 0 0 7 0 0 0 0 40 0 16 0 0 36 0 0 0 0 59 0 91 0 0 0 0 7 0 0 0 0 0 86 0 0 0 64 0 0 0 0 0 0 31 98 0 0 0 0 74 0 0 0 0 0 47 43 54 0 0 0 0 88 0 20 0 0 0 0 0 0 0 0 0 0 0 0
0 42 0 35 0 0 34 0 0 0 0 80 0 0 0 0 0 45 0 0 0 0 0 0 0 0 0 0 0 97 0 54 0 0 0 22 0 0 0 0 0 0 0 0 0 58 2 0 0 0 35 0 10 0 0 0 19 0 0 0 74 0 0 0 0 0 0 43 0 0 0 0 0 0 0 0 0 0 81 0 62 0 0 81 0 13 33 0 0 0 80 0 0 0 2 0 0 0 50 70
0 0 0 0 0 0 0 0 0 0 0 77 0 0 0 0 0 0 0 0 53 0 0 0 64 0 0 0 0 0 0 0 0 0 0 0 82 0 0 0 0 0 0 64 0 0 0 0 0 0 71 0 0 0 0 0 97 0 0 0 35 0 0 0 0 37 0 0 0 0 0 0 0 0 72 0 93 7 69 96 74 0 0 0 0 0 0 0 0 0 0 0 0 0 0 0 24 0 99 0
0 0 0 0 0 73 0 0 0 0 0 0 0 0 0 0 13 0 73 48 7 66 0 0 95 0 0 0 0 0 0 0 0 0 0 0 0 0 0 0 0 0 0 0 0 0 29 0 0 0 0 0 0 0 0 0 0 0 0 37 0 2 0 31 0 0 0 0 0 0 0 59 0 0 0 0 0 0 0 0 0 0 0 0 59 0 0 0 0 30 52 100 56 44 0 0 0 0 0 0
88 0 0 0 43 0 0 0 70 0 34 28 0 0 48 0 0 0 0 0 74 0 0 0 0 0 0 0 0 0 0 0 0 0 0 0 0 0 0 0 0 29 0 0 0 0 48 0 33 8 0 0 84 0 0 99 0 77 0 0 0 0 0 0 0 0 0 0 45 0 72 0 0 0 0 0 93 17 50 5 0 0 0 0 0 0 43 0 0 7 0 28 0 0 0 49 66 0 0 0
0 0 0 0 0 1 2 0 0 0 0 0 0 0 0 0 0 0 0 0 39 0 0 0 0 0 6 0 0 0 61 0 1 0 0 0 0 0 0 0 0 0 0 0 0 0 0 0 0 0 57 0 0 0 0 0 41 74 0 63 0 0 62 0 0 0 0 0 0 0 0 0 0 0 0 13 0 0 61 0 0 0 0 0 0 0 0 0 0 81 0 0 0 0 0 0 0 33 0 13
0 0 0 0 0 72 0 0 19 37 56 0 94 0 0 0 0 58 0 0 30 17 0 78 0 0 0 0 60 0 0 4 0 63 0 85 43 0 0 0 97 0 0 0 0 0 0 63 0 0 0 0 85 0 0 91 0 23 0 13 50 50 93 95 0 0 0 0 0 82 0 84 75 0 0 0 0 0 36 0 0 8 0 80 0 0 0 0 0 0 0 9 0 0 6 0 0 0 49 0
0 0 0 49 18 0 31 0 0 57 27 0 0 0 0 0 71 0 0 0 38 31 47 33 0 0 0 21 0 13 0 57 0 73 0 0 8 0 40 0 0 0 88 0 97 48 66 0 63 0 0 0 0 10 0 0 64 0 6 0 0 0 0 0 0 0 0 0 0 0 0 90 0 0 0 0 0 0 0 0 0 0 0 24 0 0 63 0 80 0 0 0 0 0 0 0 0 92 0 0
0 0 0 0 0 65 6 0 0 0 0 36 55 0 0 56 0 0 0 0 0 0 53 99 97 0 0 0 0 41 0 0 0 0 41 0 65 0 0 0 0 87 0 0 0 51 0 0 0 75 0 0 34 66 13 0 0 0 0 0 0 0 0 0 0 0 0 72 0 0 0 0 0 70 0 0 0 0 0 0 0 0 73 0 0 0 0 0 0 0 0 0 0 16 0 0 0 39 0 0
3 0 0 0 0 0 59 0 0 0 0 70 0 0 0 0 54 0 0 0 53 0 0 0 46 0 38 0 0 0 87 85 31 96 73 0 0 0 0 0 42 84 0 0 10 0 0 0 0 0 0 0 0 0 91 21 0 84 0 0 0 0 0 0 0 0 73 0 34 0 0 0 0 0 0 0 0 70 0 0 0 0 11 4 0 31 0 0 0 0 96 75 0 0 0 0 16 0 20 0
0 78 0 37 0 0 0 0 0 0 0 0 34 45 9 0 59 69 0 0 0 0 0 93 0 80 0 0 0 0 0 0 47 48 0 0 0 0 0 0 0 0 0 40 0 80 0 0 0 0 0 0 0 0 0 0 23 0 0 0 0 93 72 51 0 0 0 0 0 42 75 0 0 0 4 70 0 0 0 19 0 72 0 0 0 0 0 0 0 0 0 0 0 0 0 0 13 46 0 0
0 0 0 0 0 91 27 20 0 0 0 50 0 0 9 27 0 0 0 0 77 0 34 0 0 0 93 0 0 0 21 0 0 58 0 3 79 0 0 0 0 0 0 84 88 55 0 0 59 0 26 0 0 0 0 0 0 0 0 0 4 0 0 0 90 0 0 0 79 0 0 0 0 0 68 0 0 89 0 0 0 0 0 0 64 0 0 0 38 0 0 0 0 0 66 0 0 63 0 97
0 0 0 0 0 24 8 0 0 0 0 91 0 0 0 47 0 0 12 46 0 30 0 0 0 0 0 0 0 25 0 0 0 5 0 0 33 0 0 97 0 0 0 65 29 0 59 0 0 0 0 0 0 0 52 0 0 0 0 0 0 0 0 0 7 0 74 0 0 0 41 0 0 69 0 0 100 0 0 0 21 0 0 71 0 32 7 0 0 0 0 66 0 0 0 72 30 0 0 0
71 0 0 0 16 35 100 29 0 0 0 64 0 0 0 0 0 0 0 0 0 0 0 0 52 66 73 0 0 0 0 0 0 0 0 54 0 60 0 38 39 0 0 0 94 0 53 0 0 0 0 0 70 0 0 0 0 0 0 0 0 1 0 0 69 0 0 43 49 0 82 88 0 0 0 0 84 0 0 0 0 0 0 61 0 0 0 0 0 0 0 62 0 0 51 0 10 79 0 0
0 94 0 0 12 0 0 0 0 0 0 90 12 0 0 0 0 0 0 0 17 0 0 0 0 0 0 0 0 0 9 61 0 0 0 75 0 0 0 0 0 0 0 9 0 0 0 0 37 0 0 12 45 0 36 5 0 0 0 97 0 49 100 0 0 0 0 0 0 58 0 23 0 10 0 0 0 0 30 0 0 0 25 48 0 0 0 0 0 0 50 0 26 0 20 0 0 0 0 0
0 0 18 0 0 0 0 0 0 0 0 0 0 0 0 0 0 0 0 0 0 0 0 87 0 33 0 0 53 0 61 89 0 0 0 0 0 0 0 0 16 2 71 0 0 0 0 0 7 32 0 0 0 0 0 3 0 0 0 0 0 61 0 0 0 0 0 0 0 0 79 0 0 0 0 0 0 73 0 71 62 65 10 0 0 0 62 97 0 0 0 98 0 0 0 0 0 40 0 0
77 20 0 0 0 0 0 56 0 82 0 45 12 0 0 66 0 0 90 0 0 0 0 0 0 0 0 0 0 0 0 0 0 31 0 0 0 0 0 0 0 0 0 0 14 0 0 0 0 0 0 0 0 0 90 0 19 0 0 0 0 0 56 0 81 0 0 30 0 0 0 0 43 0 0 57 0 0 0 0 0 0 0 0 0 68 0 0 0 16 31 0 0 0 0 0 0 0 0 0
35 71 21 55 0 0 0 24 10 0 0 0 0 0 0 0 42 0 0 0 0 0 8 0 0 0 0 0 0 0 0 6 0 0 0 0 0 3 77 0 0 0 15 0 0 13 0 11 0 69 48 0 0 0 0 0 0 0 0 0 0 0 0 0 0 4 0 0 0 0 24 0 0 0 0 0 0 0 10 0 0 32 0 0 0 98 0 66 27 0 98 0 0 0 0 25 0 0 19 0
0 0 0 0 0 34 37 0 0 86 0 0 87 0 0 6 0 45 0 28 68 0 0 0 0 0 91 0 56 0 0 68 42 0 24 0 0 0 38 0 0 0 0 0 0 0 0 0 0 58 0 0 0 58 0 0 0 81 0 0 0 0 0 83 87 0 0 0 0 0 0 0 0 7 0 0 0 46 0 0 0 0 79 0 0 0 75 0 0 0 0 88 0 52 0 0 0 0 89 3
0 0 0 0 0 35 0 97 88 0 0 0 0 40 0 0 0 35 0 28 0 91 0 43 0 0 0 0 0 0 29 0 0 0 0 0 55 0 0 38 0 0 0 20 0 0 0 0 44 36 0 0 0 0 10 0 7 0 0 36 37 65 0 0 0 0 0 0 0 0 98 0 0 0 78 61 0 0 32 0 0 0 0 0 0 0 0 0 0 0 20 12 0 73 0 0 9 0 0 0
0 10 76 78 0 0 72 35 0 53 65 67 0 0 0 94 0 100 8 0 0 0 98 73 0 0 0 0 67 32 0 6 0 30 0 0 0 0 0 0 0 0 0 0 0 81 0 0 0 0 0 77 0 0 0 17 30 20 0 15 0 0 0 0 0 0 0 0 17 0 0 69 0 0 71 79 0 0 99 0 0 0 0 0 0 0 0 75 23 0 0 44 0 0 0 0 0 0 0 0
0 0 31 64 0 0 20 0 0 0 0 0 0 3 63 0 79 0 0 0 0 0 18 0 0 34 84 92 0 0 0 0 0 0 0 0 0 0 0 46 0 0 0 0 0 77 0 0 0 38 0 0 0 0 0 0 0 0 0 0 0 0 0 0 59 2 0 0 0 83 0 0 0 0 0 0 15 0 0 11 0 60 0 0 40 0 0 0 100 0 0 0 0 0 0 41 0 0 0 0
0 0 24 0 0 0 0 0 0 0 0 0 93 0 0 0 0 77 54 73 0 0 0 0 0 0 0 0 0 11 0 13 0 0 0 88 0 0 0 10 0 0 0 0 51 0 0 0 0 0 0 79 21 0 0 0 0 0 0 71 0 0 0 0 0 0 0 0 7 49 86 0 0 0 0 69 0 86 58 47 51 0 24 0 0 0 0 0 35 59 0 0 0 67 0 95 59 0 0 0
0 0 26 0 69 0 0 0 93 0 8 0 0 76 49 71 0 0 0 0 0 0 0 79 25 0 0 0 54 0 28 0 0 0 0 0 0 0 0 0 0 0 0 0 7 0 0 42 0 0 0 0 0 0 0 79 0 0 44 57 33 0 40 0 0 0 0 0 0 0 12 0 0 0 0 0 9 0 0 13 0 12 80 0 0 0 0 0 0 0 0 0 0 0 0 0 0 0 70 14
0 0 0 89 0 0 0 12 0 2 0 29 12 0 11 0 0 0 65 0 4 0 0 0 16 0 0 0 0 100 0 0 52 0 0 0 71 0 0 0 98 85 0 0 0 0 0 0 0 0 0 0 0 0 0 0 94 0 0 82 8 0 0 0 0 0 0 0 95 0 0 2 0 0 0 0 0 0 0 0 25 0 0 0 82 0 0 0 0 86 20 2 0 0 0 0 31 0 80 0
0 0 8 0 0 0 77 0 75 0 0 0 0 0 0 0 86 0 0 0 95 0 0 0 0 89 0 68 79 0 63 0 0 0 0 9 0 0 0 0 37 0 0 0 0 14 0 0 0 0 0 33 92 0 74 0 0 0 32 52 0 0 0 0 0 0 0 0 0 0 67 0 0 0 0 0 0 0 0 0 0 0 0 25 0 10 0 0 17 0 0 48 0 0 0 21 19 0 0 0
0 86 69 0 0 0 97 0 0 91 0 1 15 0 0 0 0 87 0 32 87 0 0 0 0 0 0 0 0 0 0 46 0 0 0 0 0 0 0 95 0 0 0 98 0 21 14 0 0 88 0 0 0 0 0 0 0 0 0 0 0 27 22 0 31 0 0 0 0 0 92 65 47 0 2 0 0 0 0 0 0 0 0 0 76 0 0 0 0 0 0 0 0 82 0 9 0 0 0 9
0 64 0 0 0 0 95 0 0 0 0 0 0 100 0 0 0 0 0 0 53 0 0 0 0 30 39 0 0 0 41 60 80 0 0 0 0 0 88 0 0 0 0 0 0 0 0 0 0 0 0 0 64 0 0 0 82 0 0 0 0 0 0 0 0 0 95 22 0 0 0 54 0 0 0 0 0 0 0 0 0 29 12 0 0 0 0 0 50 0 81 19 79 0 90 0 0 0 0 0
0 0 69 0 29 95 0 0 84 38 0 0 0 76 1 0 0 0 87 0 0 0 0 32 0 65 98 99 0 0 54 80 0 0 74 25 0 0 0 67 0 0 0 24 0 0 0 0 57 0 21 0 0 0 0 0 0 83 0 0 0 0 0 0 25 0 0 0 16 0 0 0 0 0 0 0 0 0 0 99 0 0 91 0 0 0 0 0 19 0 7 0 0 0 0 0 0 13 0 0
0 0 0 0 0 0 0 0 0 0 0 0 50 0 0 43 0 11 0 0 34 0 0 0 0 0 4 0 0 0 0 0 0 86 89 0 0 0 0 0 0 0 61 0 0 0 57 0 0 0 58 17 0 9 0 0 0 0 0 60 0 0 0 54 0 0 0 0 82 0 0 0 0 0 0 30 53 0 52 0 0 0 0 100 26 0 16 0 0 0 0 0 0 0 0 92 0 0 16 0
0 0 0 0 0 0 0 0 0 0 0 22 0 0 0 0 98 74 0 0 15 0 0 0 0 9 0 0 0 0 0 0 0 0 96 74 0 0 0 0 0 0 14 0 0 0 53 0 0 0 0 0 0 65 0 0 84 27 0 0 61 0 0 43 0 0 86 0 0 0 0 0 0 0 34 0 0 0 10 48 0 0 0 90 0 0 0 0 0 0 0 0 86 38 0 17 0 54 0 16
78 0 0 0 0 0 0 0 0 0 0 0 93 0 0 77 0 0 0 0 16 0 0 0 0 0 0 3 0 0 75 0 0 0 0 0 0 0 0 0 39 0 0 0 94 0 44 0 0 0 0 0 68 0 0 0 0 0 0 0 0 0 72 0 0 0 0 91 63 0 0 63 0 32 0 0 0 0 0 0 0 0 0 0 0 0 0 0 0 0 0 4 0 0 0 0 0 0 0 0
0 37 0 0 90 0 0 0 89 0 0 31 0 0 6 0 44 0 0 24 0 0 0 0 73 0 0 0 0 0 0 0 0 36 0 0 0 0 76 0 0 8 0 0 0 52 6 0 0 96 0 0 64 0 0 0 0 0 0 18 0 0 0 0 0 0 0 87 36 0 20 0 0 0 89 92 3 0 0 0 79 0 0 0 0 0 77 0 0 0 0 0 0 0 0 0 0 24 0 0
0 0 0 0 0 0 0 62 0 0 0 0 0 45 34 0 41 13 0 0 0 0 0 0 0 0 0 71 0 0 27 86 0 0 0 0 0 8 0 36 0 0 0 87 0 0 3 0 0 0 0 20 0 53 0 0 34 0 0 0 0 0 0 71 0 0 57 0 0 0 0 0 0 0 0 0 93 0 73 0 54 0 0 0 0 0 0 0 0 0 0 0 0 0 0 53 29 34 6 0
20 0 3 65 0 0 0 52 0 0 0 68 78 0 81 0 66 0 45 0 47 17 0 0 17 0 0 0 88 0 0 0 77 0 0 24 0 35 0 0 50 67 0 0 52 0 0 0 0 22 0 0 0 0 0 86 0 49 0 5 4 0 92 0 0 91 81 0 0 3 0 0 0 0 48 71 0 0 0 52 0 75 0 0 0 0 0 18 81 0 0 0 45 0 50 0 0 0 0 0
51 0 0 0 0 0 0 0 0 0 0 0 0 0 17 86 0 0 16 0 0 0 0 0 0 0 79 0 0 0 0 0 0 0 0 0 0 0 0 0 7 77 82 0 0 0 0 0 0 0 0 0 0 0 0 49 62 0 0 0 0 0 0 0 0 86 0 0 0 0 55 8 0 37 0 0 0 36 30 0 0 0 0 0 0 0 93 0 0 0 0 0 0 0 0 22 4 56 0 0
0 64 0 24 82 95 0 0 0 0 93 0 0 99 46 88 0 0 0 0 0 0 82 0 0 0 0 0 0 0 0 0 0 0 53 0 0 0 27 99 0 0 0 0 35 0 9 0 19 0 0 0 0 0 0 0 0 0 0 0 77 0 0 0 0 0 0 55 0 0 0 0 72 0 0 0 16 54 0 0 32 0 6 0 88 24 0 91 73 0 0 0 0 15 0 0 0 0 0 0
0 0 0 0 0 0 22 0 19 0 0 0 0 0 0 0 0 35 53 79 32 0 64 0 0 0 0 0 0 0 0 90 0 70 0 0 0 0 0 0 0 0 0 0 0 0 0 0 44 0 0 0 27 0 0 0 0 78 0 0 0 0 0 0 0 0 13 0 0 82 46 0 68 0 41 0 0 0 0 0 95 0 35 0 0 0 0 0 0 0 0 0 0 85 0 100 0 0 0 51
0 0 0 0 0 0 23 0 0 70 0 0 0 0 0 96 21 56 0 0 0 67 0 42 0 0 0 74 0 0 0 54 0 0 72 0 0 0 0 0 67 0 0 0 0 0 59 0 70 0 19 61 84 32 67 88 0 0 0 0 0 0 90 92 0 34 0 52 0 0 0 4 0 0 0 23 0 0 0 0 0 0 0 0 0 0 0 67 0 90 0 0 0 0 20 0 0 76 0 0
50 0 0 43 0 0 69 0 0 0 0 0 75 0 0 0 0 16 0 0 0 0 47 0 0 87 0 61 0 0 0 0 41 0 54 0 24 64 0 20 0 0 94 13 0 0 0 0 0 0 0 0 0 72 0 22 0 0 0 81 0 15 0 0 0 0 0 0 0 18 1 97 59 0 0 44 0 31 68 9 0 81 0 0 0 63 0 0 44 0 85 0 0 0 0 0 0 99 0 0
0 0 0 0 0 0 51 0 0 81 0 0 0 0 0 65 0 89 0 35 9 0 59 0 0 0 0 12 0 8 100 0 68 62 0 89 0 10 0 21 0 34 0 0 95 76 0 68 0 0 55 70 0 34 0 0 0 86 0 43 0 0 0 0 0 0 18 98 0 0 0 0 74 0 0 0 4 0 87 0 0 0 0 0 0 0 0 0 0 0 0 80 0 64 28 77 0 0 0 56
89 44 0 0 0 7 0 96 68 9 0 0 0 62 2 0 0 0 0 0 0 0 0 0 0 0 0 0 0 0 0 0 0 0 0 0 0 0 0 0 90 0 43 19 0 0 0 0 0 0 0 0 95 0 42 0 0 0 62 12 0 0 50 0 0 22 0 0 0 0 59 0 0 0 0 37 0 20 0 0 0 26 0 58 0 0 67 0 0 82 0 0 0 0 67 49 0 0 39 21
0 0 0 0 44 0 0 0 85 0 0 0 0 0 0 0 0 0 76 0 0 0 0 0 0 68 0 26 0 0 25 0 0 91 0 0 0 0 0 0 0 0 100 0 88 29 90 0 0 90 0 0 0 44 0 0 0 0 0 0 0 48 0 0 0 0 0 0 0 0 0 85 0 0 3 0 32 46 52 0 0 0 0 10 81 0 0 0 76 39 0 0 0 0 0 0 0 46 0 0
67 0 0 0 2 0 0 11 0 0 0 0 0 0 0 0 47 0 0 0 0 0 0 0 0 49 0 0 0 62 0 0 0 0 0 0 0 0 0 0 0 0 0 13 70 0 31 0 0 0 0 0 81 0 0 0 0 57 0 24 44 0 79 0 0 0 0 80 79 0 0 20 0 0 0 0 0 0 0 0 0 0 62 0 0 0 0 0 0 0 72 0 0 0 0 2 0 10 0 0
72 0 84 0 0 83 0 0 49 0 0 0 0 0 0 0 0 0 0 0 0 0 0 0 0 59 2 0 0 87 68 0 0 0 0 0 0 0 0 31 0 0 0 44 0 0 0 10 0 0 0 0 0 0 5 0 14 0 0 0 39 0 7 30 64 0 0 0 0 0 0 0 0 0 0 0 0 74 44 0 0 0 0 0 18 0 76 0 0 0 0 0 0 0 0 0 0 91 0 0
31 41 0 0 0 74 0 0 0 0 0 0 0 0 96 0 0 0 0 38 0 0 0 0 0 66 0 0 0 0 83 0 54 91 0 49 0 10 0 53 65 0 53 0 100 96 0 45 18 0 82 0 0 55 0 0 4 0 0 0 0 13 0 0 0 0 94 99 0 0 44 0 81 0 0 0 0 0 0 0 0 94 0 0 0 0 0 0 0 91 0 51 0 0 0 0 13 85 0 0
0 0 82 14 0 37 0 0 0 12 0 0 0 0 0 0 0 12 0 0 13 59 0 0 95 0 0 0 0 66 0 0 24 0 0 0 0 0 55 0 0 0 0 0 0 0 48 96 0 0 0 0 0 0 60 98 0 22 0 0 0 0 0 0 97 0 47 0 20 64 0 0 0 0 0 0 0 0 80 66 0 0 0 69 0 69 0 49 0 5 4 59 0 49 90 0 0 0 61 0
0 0 0 23 81 0 0 80 0 0 0 0 0 0 0 31 0 74 9 0 0 0 0 73 0 0 62 48 0 71 33 0 0 0 0 0 63 0 78 73 15 0 20 0 0 24 0 0 92 0 0 56 0 0 0 0 0 63 74 0 0 8 0 0 46 0 0 0 0 0 0 0 0 64 0 0 0 33 0 0 0 0 0 97 0 0 0 43 0 0 0 0 0 0 0 0 0 0 70 0
48 0 0 0 0 0 0 0 0 4 0 0 0 0 6 0 0 57 0 39 0 0 0 0 28 0 0 0 72 0 0 90 0 56 0 0 0 0 0 0 0 15 0 0 0 69 0 97 9 0 0 0 0 0 98 0 72 2 0 52 0 0 60 0 0 0 57 0 0 0 0 0 0 0 0 0 0 0 0 0 58 42 0 35 0 0 0 0 0 0 41 51 0 0 54 0 11 0 0 0
87 25 0 0 0 1 0 79 0 0 0 0 31 0 0 0 0 42 0 0 33 0 11 0 8 0 0 0 0 0 0 0 0 0 70 0 0 78 0 0 0 0 0 34 0 0 94 76 0 0 52 65 0 0 15 24 0 0 63 0 0 0 0 31 0 84 96 56 0 63 50 0 47 0 13 0 0 0 0 0 0 55 96 0 0 0 0 0 0 0 26 0 21 0 0 0 0 0 0 0