100
0 36 0 0 0 0 0 32 0 23 0 0 0 0 0 0 0 0 0 93 0 0 0 71 0 0 0 33 0 85 0 0 0 0 0 0 0 96 61 3 0 0 0 0 45 4 0 51 0 0 0 0 0 0 30 35 0 0 82 0 0 0 70 0 0 0 51 0 0 27 40 0 79 0 0 5 0 0 0 0 0 0 0 0 40 0 0 18 0 44 0 0 0 40 0 0 0 0 0 0
0 0 11 0 6 0 78 0 0 0 90 0 0 0 65 0 0 0 0 0 73 100 93 0 0 0 0 0 0 0 0 56 0 0 0 0 0 82 0 0 0 0 0 0 0 0 0 53 0 0 0 0 0 0 0 0 0 2 0 0 0 37 0 80 0 0 0 0 0 64 0 0 1 0 59 0 0 0 0 0 0 0 0 0 12 0 36 0 0 0 0 62 11 5 1 0 0 13 0 0
0 89 0 0 56 78 14 0 0 0 0 0 0 0 0 0 0 0 74 0 69 97 0 8 0 0 0 0 0 0 0 0 0 0 84 0 64 83 0 0 97 0 0 0 0 53 0 0 22 15 0 0 94 83 88 0 0 0 57 0 0 0 0 0 0 0 0 0 0 0 0 0 68 0 0 0 0 0 0 0 0 0 0 85 0 0 0 33 22 0 0 70 0 27 0 40 0 41 0 0
0 0 65 0 0 0 0 41 0 0 0 0 88 0 91 0 0 23 0 0 0 0 0 0 80 35 61 0 0 0 5 0 0 49 20 0 0 18 0 0 0 0 0 0 0 0 0 44 0 0 0 38 0 93 0 31 0 0 28 0 0 0 84 0 0 64 31 0 87 82 0 0 0 0 0 0 2 0 0 0 86 0 26 0 80 0 0 0 0 0 63 0 0 0 0 52 0 0 32 0
0 0 0 0 0 39 37 0 85 0 0 0 0 33 0 0 0 0 0 0 78 80 0 0 4 33 0 0 0 0 0 0 0 0 55 0 0 17 0 0 34 0 0 97 0 0 0 8 0 0 66 0 0 0 0 0 0 0 0 58 34 0 0 0 0 0 0 0 99 0 0 53 33 0 0 0 33 3 0 0 0 0 65 27 84 0 0 0 0 41 98 0 0 0 79 0 76 6 20 0
65 61 0 0 0 0 28 0 0 0 0 0 0 0 0 36 0 0 0 9 0 0 0 0 0 0 0 0 23 0 0 0 0 0 0 0 0 0 0 0 0 0 0 0 0 0 0 0 0 0 0 0 0 0 91 0 49 0 0 0 0 0 57 25 0 0 0 0 0 0 0 0 0 0 0 46 44 0 0 0 0 0 0 0 0 0 0 0 0 16 0 0 0 0 0 0 0 13 50 10
0 92 39 0 0 0 0 89 47 0 0 36 0 0 0 0 0 27 0 0 0 0 0 0 0 0 0 0 37 59 0 0 0 0 0 0 0 0 0 0 0 48 0 0 0 0 0 0 0 0 0 57 0 0 0 77 0 0 0 89 0 0 0 0 0 0 49 0 0 0 0 0 0 0 0 0 14 32 0 0 0 0 0 0 0 0 0 0 0 0 0 0 36 0 0 0 0 0 49 21
0 40 0 0 0 0 43 0 0 27 0 0 99 0 0 0 9 0 0 0 0 0 0 71 0 0 0 0 0 0 0 0 0 0 0 24 0 63 0 0 0 98 74 0 47 0 46 35 0 0 0 0 48 0 3 0 0 0 0 0 0 88 0 0 0 0 0 0 0 96 99 0 0 0 20 0 0 0 54 0 0 0 0 0 0 100 0 0 0 0 0 0 0 0 0 0 51 62 83 32
0 0 0 0 95 0 0 0 0 0 0 68 0 0 0 10 11 0 42 0 0 0 35 0 47 0 0 0 0 0 66 27 0 0 0 0 0 70 0 36 96 0 0 0 0 0 0 0 0 92 0 0 0 0 0 0 46 0 53 0 0 53 0 0 0 84 52 0 0 0 0 0 0 0 0 0 0 82 0 54 0 0 0 0 0 0 0 84 0 0 0 78 0 0 1 0 64 87 45 0
0 0 0 0 18 0 57 50 80 0 0 0 54 88 0 0 0 47 87 0 0 0 0 0 0 100 0 0 0 0 0 0 4 0 0 0 0 39 0 0 0 0 0 0 3 0 0 0 0 0 0 52 0 0 0 0 0 48 0 0 0 0 0 0 0 0 0 0 0 0 0 0 58 0 0 0 51 0 0 0 0 0 37 0 0 41 0 0 2 0 0 0 0 0 0 0 0 0 0 0
0 19 0 0 0 0 60 0 100 66 0 0 0 0 61 0 0 0 0 24 0 0 54 0 0 0 0 97 89 4 0 0 0 0 0 73 0 95 0 0 0 74 0 31 0 0 0 100 0 0 0 0 0 0 62 0 0 0 0 0 0 54 0 0 89 0 0 0 0 0 0 0 5 0 0 27 0 0 0 78 0 96 0 34 0 0 91 0 0 0 58 0 0 0 0 95 0 50 0 0
2 0 24 0 0 0 0 0 0 0 0 0 0 0 0 0 36 0 0 99 0 0 75 0 0 79 23 55 0 0 0 0 0 0 0 32 0 0 27 0 0 0 0 0 0 0 0 48 0 0 0 0 89 56 0 0 52 58 0 0 0 0 0 0 96 0 0 0 39 29 0 63 1 0 0 0 0 0 0 42 45 0 0 0 0 0 37 0 0 61 0 0 0 0 0 0 0 0 64 0
78 0 0 0 0 50 0 0 0 31 57 0 0 0 0 0 0 63 0 0 87 0 0 0 0 0 0 0 92 0 87 0 0 0 0 0 0 0 0 0 0 0 95 0 0 0 0 0 48 0 0 2 0 27 0 0 0 0 0 29 4 0 0 0 5 0 0 0 0 11 0 0 85 81 0 0 0 0 0 59 0 32 0 0 0 0 0 0 0 52 0 0 40 27 0 0 0 73 0 0
0 0 0 0 58 2 0 82 0 0 0 6 0 0 0 0 0 0 0 96 92 0 0 0 0 11 0 0 0 87 0 0 3 0 64 0 0 0 0 0 0 11 41 0 0 0 0 0 0 74 0 0 0 0 0 0 0 0 0 92 0 86 0 0 100 72 0 0 0 0 0 0 0 0 0 0 0 0 0 0 0 0 0 67 0 60 0 0 0 9 0 0 58 45 0 0 0 0 0 0
0 0 0 0 0 0 0 20 32 0 0 0 0 0 0 0 92 0 69 93 0 80 0 0 0 0 0 0 0 22 69 0 0 46 0 0 17 0 0 0 8 0 0 0 61 59 0 0 0 0 0 53 66 0 67 0 0 15 0 0 0 0 23 0 48 0 0 0 0 61 0 0 0 0 0 0 0 0 0 0 0 0 0 85 0 0 0 0 0 0 0 48 0 0 0 13 0 35 72 0
0 0 0 0 0 0 0 33 0 0 0 0 0 0 0 0 0 64 0 82 0 54 0 0 0 0 0 0 0 0 0 0 0 0 0 0 4 7 0 22 0 0 36 0 49 0 0 0 0 0 0 0 0 0 0 0 0 0 0 0 0 0 57 64 0 19 94 0 0 0 16 0 0 100 0 0 67 0 0 0 0 0 0 0 0 0 57 30 30 0 0 63 7 0 0 0 0 0 0 33
0 45 0 1 0 73 0 0 0 0 0 0 0 0 0 0 0 0 0 0 0 0 0 100 96 0 0 73 0 0 0 0 0 0 2 0 0 0 0 0 11 0 0 42 14 99 0 0 0 98 0 0 0 0 0 0 0 0 0 0 0 0 12 51 0 78 0 0 0 0 8 0 0 0 0 0 64 0 0 0 0 74 0 0 66 0 71 0 12 99 44 0 28 0 0 0 0 0 3 0
10 0 17 57 29 0 0 41 0 7 0 42 66 73 53 0 0 0 0 0 56 78 5 0 0 0 27 0 0 0 0 0 0 0 0 0 18 77 0 0 10 0 0 0 0 0 0 0 0 21 100 0 0 0 26 0 0 31 0 85 67 0 0 0 26 34 0 0 0 0 0 0 0 81 0 0 0 0 0 76 0 0 46 0 0 0 82 0 0 0 0 0 46 0 0 0 0 0 1 0
0 29 0 0 0 6 28 0 0 23 0 0 0 0 0 0 26 0 0 0 19 0 0 0 0 77 0 66 0 0 0 0 0 0 0 5 0 0 0 0 42 0 0 0 0 19 0 13 0 0 41 0 0 68 0 42 28 0 86 84 0 0 19 0 0 23 0 0 53 35 0 0 0 0 0 1 0 0 0 17 0 0 0 0 25 0 0 0 0 48 0 37 0 0 0 0 0 83 30 0
0 42 0 0 0 0 0 0 69 0 0 0 0 0 85 0 61 0 0 0 0 0 0 85 52 0 0 0 0 0 0 0 0 0 88 91 0 10 0 66 0 0 0 0 0 0 0 0 0 6 99 0 0 0 0 0 0 0 71 0 91 0 5 0 16 0 0 0 0 0 0 0 0 0 94 0 0 0 0 0 0 0 12 0 92 43 0 64 0 0 0 0 0 0 67 0 0 0 0 0
0 0 0 0 0 0 76 64 0 0 78 0 0 0 0 0 0 1 0 96 0 88 20 0 0 0 0 0 99 0 0 0 0 0 97 0 0 0 0 0 69 78 0 0 5 0 0 22 0 18 89 37 0 0 0 0 82 0 0 0 0 0 0 0 0 0 0 25 0 87 0 44 0 45 38 0 0 0 0 0 0 0 0 0 0 0 0 0 0 0 29 0 78 56 0 9 0 0 0 0
6 0 0 0 55 0 0 0 0 0 88 0 10 0 0 0 95 95 0 70 0 0 0 37 0 67 38 0 76 48 59 78 0 37 50 11 35 0 83 0 97 0 0 17 70 0 0 0 65 18 0 0 0 0 46 0 62 0 0 0 0 0 0 61 47 54 0 0 13 0 0 0 0 0 34 0 92 0 23 0 0 13 0 0 28 0 0 96 0 33 0 66 67 0 96 0 0 0 0 0
0 37 0 0 0 67 0 0 0 0 78 0 0 0 54 0 0 0 0 0 0 0 0 12 0 0 43 0 0 0 0 3 32 0 0 0 0 0 52 0 31 77 0 45 0 0 94 0 0 0 0 90 0 82 44 88 0 0 0 92 71 87 0 0 0 0 0 0 0 0 0 1 8 0 0 0 0 0 22 44 70 0 0 89 0 0 0 0 0 0 0 0 11 0 0 0 94 0 0 0
0 29 0 65 0 0 0 0 70 0 0 0 0 0 0 0 0 0 0 71 0 0 70 0 0 0 90 0 0 0 0 0 0 0 0 48 0 0 0 89 0 0 0 60 91 90 0 0 0 0 0 7 0 0 0 0 0 0 47 0 97 0 53 0 0 0 33 0 0 0 0 0 0 16 0 0 9 0 79 0 41 48 0 0 0 18 11 0 0 78 0 0 38 0 0 0 0 43 69 0
0 0 0 0 83 0 0 0 0 0 9 0 0 0 0 0 0 0 0 0 80 13 76 91 0 66 30 0 51 0 0 59 0 0 0 0 0 0 0 0 0 0 0 0 0 39 0 0 0 0 0 37 0 91 43 12 0 0 0 0 0 0 10 0 60 0 0 0 0 0 89 0 35 0 13 72 45 0 0 21 0 0 0 0 0 0 81 0 0 45 0 80 19 0 0 0 0 0 0 45
12 0 0 0 0 56 0 67 42 0 0 0 0 0 0 0 0 0 68 0 0 0 0 0 5 0 0 31 0 0 0 0 0 0 0 16 0 33 0 0 0 0 68 90 0 0 0 0 0 0 0 0 0 0 0 0 9 0 0 0 0 0 0 0 0 62 0 23 0 0 0 0 0 18 0 0 0 0 0 48 0 0 0 0 0 0 0 0 9 0 78 0 0 0 0 0 0 0 0 0
0 0 0 0 96 0 0 0 74 0 0 0 0 0 0 0 0 0 69 0 0 0 0 0 0 0 0 77 0 0 53 0 0 0 0 0 75 0 0 0 0 0 0 0 0 0 0 0 0 0 53 0 0 0 0 0 47 13 0 0 0 0 0 49 0 75 0 0 0 38 0 85 0 0 0 0 53 94 0 3 0 0 0 0 0 0 0 35 0 0 0 8 0 0 4 83 0 0 0 0
92 0 0 0 0 0 0 9 0 0 0 0 0 0 0 0 0 0 0 0 0 0 26 0 33 0 0 0 0 0 0 0 21 0 0 0 86 51 25 0 0 0 0 0 0 0 0 0 0 0 29 0 0 0 0 24 0 0 10 92 2 0 0 0 15 0 0 0 90 3 0 55 0 0 35 0 75 0 25 0 0 75 0 17 0 0 0 0 0 50 0 58 0 24 0 0 0 77 0 0
92 0 0 0 0 51 0 28 0 0 21 0 0 0 0 0 0 80 0 0 0 0 26 0 72 0 0 66 0 94 0 0 0 0 51 92 0 0 0 0 0 0 0 83 0 91 0 0 0 0 73 0 0 0 0 0 0 0 0 76 0 0 0 0 0 0 0 0 0 56 0 52 0 71 0 0 0 0 4 0 0 0 0 0 0 0 0 84 20 61 0 0 0 0 0 59 0 45 57 9
23 0 0 0 0 25 65 0 0 1 0 0 0 0 0 0 0 0 96 33 0 0 87 0 23 0 69 78 0 0 0 0 0 36 0 0 0 0 0 0 49 0 0 0 0 0 0 0 0 78 97 0 0 0 0 39 0 0 0 61 88 0 0 75 0 0 0 67 64 0 0 0 0 0 0 0 0 0 44 0 0 0 0 81 0 0 0 0 0 0 0 0 0 83 0 0 43 0 44 0
0 0 0 0 0 0 6 0 0 0 97 0 81 57 0 0 0 0 0 0 0 0 0 0 0 0 0 0 0 51 0 78 0 0 0 0 0 0 0 53 0 25 0 36 0 0 2 0 0 100 0 0 93 0 32 0 0 0 0 57 0 15 0 0 0 69 0 76 0 0 73 0 0 54 0 0 0 22 0 79 23 0 0 0 65 0 0 11 0 76 0 0 0 0 0 2 13 0 17 0
0 0 51 43 0 0 0 0 0 0 24 0 0 0 0 0 0 0 9 0 0 0 0 0 0 58 35 0 0 0 0 0 0 0 32 0 0 0 0 0 0 0 0 0 0 95 0 91 0 0 0 0 0 0 0 0 0 0 0 0 0 49 47 0 0 0 0 0 0 0 0 65 0 0 0 0 0 0 0 73 0 0 0 0 0 0 51 0 74 95 0 0 0 0 0 29 0 0 0 0
0 0 0 0 0 0 0 0 4 0 0 75 92 81 48 0 0 0 57 0 0 34 0 0 0 0 18 0 0 0 22 0 0 0 0 19 0 11 54 0 0 0 0 0 51 0 0 92 55 0 64 0 0 29 0 0 0 98 16 19 0 0 0 0 0 0 0 0 0 0 0 0 0 28 0 0 0 0 0 0 0 0 0 0 0 73 0 0 0 0 0 0 0 0 0 0 87 0 0 0
0 0 60 0 91 0 0 68 0 29 0 0 0 0 99 0 0 33 0 12 0 0 0 4 0 99 0 0 75 11 0 0 0 0 39 0 86 0 0 0 0 0 0 0 0 0 0 65 25 0 0 0 0 0 33 0 0 44 3 0 52 0 0 0 94 0 0 0 0 0 0 0 0 0 0 3 0 0 0 0 0 0 0 0 0 0 0 0 97 28 0 0 0 0 0 0 0 0 91 0
0 0 0 29 0 0 0 4 30 2 57 0 0 0 63 0 0 0 0 0 0 71 61 35 0 0 69 0 0 0 66 86 0 0 0 0 77 0 0 0 0 56 0 0 41 58 0 0 0 0 0 0 0 1 63 25 18 0 0 0 0 64 0 0 0 0 0 0 0 0 0 0 0 84 0 0 0 0 0 0 0 0 0 0 66 0 0 0 0 1 0 0 0 0 29 0 29 0 0 0
0 0 51 0 0 0 0 0 0 26 31 0 0 0 0 0 51 0 0 0 0 0 42 0 0 0 0 0 0 0 57 0 0 0 84 0 26 0 0 0 0 3 68 0 58 0 0 0 0 0 0 0 56 0 0 0 0 0 0 0 50 0 0 5 64 25 0 9 0 1 0 0 0 0 64 0 0 0 0 0 0 0 0 0 0 0 54 0 0 0 0 0 0 24 0 0 9 0 0 0
53 57 0 0 66 22 0 0 0 69 0 77 44 0 73 86 0 0 38 93 0 0 0 0 0 0 0 0 0 0 0 0 0 20 0 0 0 0 0 0 0 0 0 0 0 0 0 0 0 0 0 0 0 0 0 54 0 0 0 34 59 0 0 0 85 0 0 0 53 0 11 0 79 0 0 9 18 0 0 77 16 0 0 0 0 0 0 0 0 0 14 0 0 0 0 0 29 0 0 0
2 0 0 0 0 0 0 0 12 0 0 0 59 0 0 0 92 0 0 0 0 0 0 0 0 0 0 69 0 12 0 0 0 84 0 1 0 0 0 0 0 97 0 0 0 46 29 36 0 0 49 0 0 0 95 85 0 0 0 88 0 0 25 21 0 0 0 0 0 0 0 0 0 0 0 14 0 0 0 0 0 0 0 0 0 0 74 0 0 0 0 0 91 0 0 84 0 0 0 0
0 0 0 0 0 0 0 0 0 0 0 0 0 0 29 31 0 59 0 0 0 0 0 0 2 0 0 0 0 0 0 0 0 0 0 0 0 0 0 0 16 0 0 0 98 0 25 0 0 0 25 0 0 0 0 0 4 0 0 91 0 55 0 0 0 0 0 0 0 61 0 38 0 0 0 52 14 0 0 0 0 0 49 0 0 0 0 0 32 0 86 0 27 8 0 0 0 0 0 0
0 0 0 0 0 20 86 0 100 0 0 0 0 39 54 0 0 0 0 0 48 38 0 0 0 0 0 83 87 0 69 76 0 0 0 0 9 39 0 0 0 34 0 0 0 0 0 17 62 0 0 0 0 0 60 0 0 17 15 0 0 36 0 0 27 9 0 95 0 96 10 0 0 0 100 0 0 0 0 0 0 37 0 0 12 38 72 0 0 3 0 0 52 0 0 0 0 48 17 0
0 0 0 12 0 0 0 0 0 0 0 0 0 0 47 0 0 67 0 0 82 0 0 0 0 0 0 100 0 0 0 0 0 0 0 0 0 0 4 0 0 50 0 41 91 0 0 0 0 29 36 11 0 0 0 0 0 0 0 0 73 0 0 0 0 47 47 93 2 0 0 4 0 88 0 50 0 32 13 32 57 0 0 0 0 0 0 0 0 0 95 0 0 0 0 0 0 0 0 0
0 0 0 59 0 0 0 0 0 0 0 0 0 67 34 27 0 0 0 0 0 0 19 0 0 0 0 0 0 63 67 38 0 72 0 14 0 0 28 0 93 0 0 99 11 0 0 0 0 0 0 45 0 62 70 70 0 70 0 97 0 0 0 0 0 0 0 0 0 0 0 47 29 0 0 0 0 68 0 94 92 0 9 0 0 0 0 75 0 0 60 35 97 0 0 0 0 0 0 23
0 0 0 48 0 0 96 0 0 0 0 0 0 0 0 0 0 0 0 0 0 0 0 11 0 0 0 0 0 0 0 0 0 0 82 28 66 0 47 24 0 0 0 0 0 0 0 0 0 0 0 60 0 0 0 0 0 27 6 0 0 0 90 0 0 0 0 0 0 0 0 0 0 0 88 43 0 0 62 0 9 0 0 0 0 65 100 0 0 0 0 0 0 0 0 34 32 81 0 0
0 92 43 71 100 64 0 0 0 90 0 9 78 17 0 0 33 0 0 56 57 56 0 0 0 0 0 0 24 0 98 0 0 0 0 0 0 0 0 0 0 0 0 0 0 87 98 82 0 0 0 0 0 0 0 0 0 10 0 0 0 0 0 0 0 0 0 0 0 0 84 0 0 95 7 0 0 0 0 81 0 0 22 0 0 0 7 0 0 0 0 17 0 79 0 0 0 0 0 0
0 0 19 16 0 0 0 0 0 90 0 0 0 64 87 0 0 0 10 0 75 3 0 0 0 90 8 0 0 0 0 0 0 0 0 14 0 0 0 0 0 73 47 0 0 24 0 0 0 0 85 8 0 0 0 0 0 0 0 97 0 24 0 17 0 0 30 87 0 0 0 0 0 0 0 34 0 0 0 0 0 33 0 33 0 0 0 0 0 0 2 0 74 42 0 33 0 0 0 0
0 0 0 0 0 0 0 60 78 90 0 55 0 0 0 0 0 0 0 0 0 0 0 0 0 0 0 0 0 0 95 0 0 0 26 0 0 0 0 0 84 95 0 97 0 0 0 0 37 0 0 0 0 0 0 0 71 0 0 0 0 7 86 85 0 0 0 93 0 0 0 0 94 0 0 82 0 0 0 0 0 0 0 0 88 0 0 0 0 0 0 0 0 88 100 46 56 85 0 59
0 40 0 0 0 0 70 16 0 0 0 0 0 79 41 0 0 0 0 29 0 1 0 100 0 31 0 88 0 0 0 0 0 40 0 0 0 0 0 0 34 0 0 0 11 0 0 0 0 0 0 0 0 0 52 0 9 0 52 0 0 0 0 40 0 0 0 55 0 0 0 0 0 0 20 71 66 0 0 0 100 31 0 0 0 0 0 47 71 0 0 0 0 32 42 42 45 0 24 0
0 0 0 0 73 0 0 0 0 0 0 0 85 0 0 0 0 0 0 95 0 0 0 0 69 0 0 0 0 0 93 0 0 0 0 0 0 0 40 0 0 20 96 0 23 0 0 0 94 0 0 20 0 0 75 0 0 0 0 0 0 8 0 0 0 33 55 59 0 55 0 0 0 0 3 0 0 0 0 0 0 1 0 3 49 0 10 0 50 0 0 14 0 19 0 16 0 0 0 0
0 0 0 0 86 82 0 0 0 0 0 0 0 0 20 0 93 0 0 0 0 0 0 0 0 0 0 0 76 0 0 78 0 0 0 0 52 51 0 73 1 0 0 0 0 55 0 0 0 0 39 0 0 0 0 0 0 0 0 0 0 0 0 29 0 0 0 0 0 0 0 0 94 0 0 0 0 0 0 52 0 0 100 0 0 0 0 0 17 0 76 0 0 84 0 0 0 0 0 0
0 0 90 53 0 0 0 0 0 0 0 0 0 0 0 0 100 86 0 0 0 61 40 0 0 0 0 0 0 0 0 93 0 0 63 0 35 40 0 89 0 0 0 50 78 0 0 0 0 0 0 0 0 0 0 0 34 0 0 0 0 0 0 36 0 73 0 0 0 58 0 0 0 88 0 45 0 0 65 72 0 0 52 0 0 0 0 73 0 0 0 0 0 71 27 26 84 0 0 0
0 0 0 1 35 0 0 18 0 0 0 0 4 21 0 0 0 0 0 0 89 0 32 0 0 0 64 0 0 0 0 26 33 0 0 0 0 0 0 0 0 0 23 0 89 0 14 0 48 0 0 81 0 75 25 47 0 0 0 0 68 84 0 0 0 0 77 0 89 0 49 16 0 0 0 13 0 86 64 0 0 78 0 0 0 43 0 0 22 0 0 0 0 0 56 0 4 0 0 0
2 0 0 98 0 0 0 0 23 0 0 0 98 39 0 0 0 0 48 0 0 66 0 39 0 0 49 0 0 0 0 99 0 0 0 0 41 0 0 0 0 0 0 0 0 0 0 9 0 0 0 0 95 0 0 0 0 0 85 74 22 0 0 95 0 6 0 0 0 0 69 19 0 0 0 93 71 0 0 0 0 0 0 0 9 87 62 0 0 0 0 0 0 0 0 0 0 0 0 0
0 0 0 0 0 0 98 0 0 0 62 14 0 0 0 0 0 0 0 79 78 7 0 0 31 0 0 0 0 0 0 47 0 0 0 5 0 98 0 0 0 0 0 0 0 0 0 42 0 0 0 0 0 74 79 0 37 0 0 0 45 0 0 0 0 0 0 0 0 0 0 0 0 56 0 0 0 0 0 0 0 0 0 0 0 0 0 0 22 0 0 0 0 31 0 0 0 83 0 0
0 0 0 2 0 56 0 0 0 20 0 5 80 0 56 0 0 0 0 0 0 29 0 48 0 0 0 0 44 0 0 32 78 52 0 0 0 59 45 0 0 0 0 0 0 0 0 0 53 0 0 0 0 0 0 0 16 0 0 0 0 0 49 0 0 0 36 0 0 0 0 0 0 0 0 0 0 0 0 0 0 74 0 0 0 84 0 0 50 84 0 0 0 0 0 0 37 0 0 0
0 0 0 0 0 0 0 0 0 0 0 0 0 0 0 0 0 0 0 98 15 72 0 70 0 77 0 64 0 64 0 0 0 45 4 100 0 0 0 0 0 0 29 70 56 0 43 0 0 0 0 9 0 0 0 0 0 0 0 0 0 0 20 30 0 0 0 0 0 82 0 0 8 0 0 0 0 74 0 11 0 0 19 54 21 0 0 0 0 14 0 0 42 0 0 72 64 0 0 0
88 0 11 3 0 86 0 16 0 0 0 0 0 95 0 85 0 0 0 0 0 0 0 0 0 0 28 0 0 0 0 0 76 0 0 0 0 0 0 0 0 0 68 0 0 0 88 0 60 0 0 3 0 0 0 0 0 0 0 86 7 99 0 46 0 0 0 0 0 0 0 24 0 0 39 0 0 0 0 0 44 0 0 0 28 27 86 0 0 0 0 33 0 0 0 0 0 0 0 0
12 0 89 75 0 0 0 0 0 0 0 0 89 83 0 51 0 0 0 25 91 0 0 77 0 44 0 45 0 0 0 0 0 0 0 0 0 0 0 0 0 0 0 0 0 0 0 0 0 0 0 0 0 93 0 33 0 75 0 0 0 0 0 0 84 0 0 0 0 0 0 0 86 0 51 0 0 90 0 0 0 5 0 90 83 0 0 0 0 68 0 10 0 0 0 76 47 0 0 0
0 8 57 0 0 0 0 0 0 0 0 0 15 0 0 0 76 57 0 0 67 22 0 82 0 0 93 100 0 0 0 0 90 0 0 0 85 86 0 0 0 0 81 41 0 0 0 85 97 0 0 0 52 0 90 0 0 0 0 17 53 0 0 0 63 83 0 0 0 0 0 0 79 0 0 0 0 0 0 0 75 0 73 0 0 8 0 0 0 0 0 50 73 0 0 50 25 0 0 0
0 16 0 0 0 0 46 0 0 0 0 0 0 0 0 0 0 0 11 0 0 0 0 97 0 0 0 31 0 0 63 0 0 20 0 0 0 0 98 58 0 0 0 0 0 0 0 0 0 0 77 0 0 0 0 0 0 0 0 0 0 71 0 0 0 0 0 0 47 0 0 0 0 0 0 0 70 0 0 0 0 0 0 0 0 0 0 0 0 0 0 93 0 0 0 0 0 59 0 49
0 0 0 80 0 0 70 0 0 0 0 57 0 0 0 0 0 0 0 0 0 0 0 0 0 0 0 0 54 0 47 0 0 84 0 0 0 100 0 0 1 30 0 58 0 85 0 0 61 0 0 0 88 0 0 0 0 0 0 0 0 0 0 0 0 84 0 0 0 0 0 0 0 84 0 0 0 0 0 0 5 0 0 0 22 0 0 0 0 0 0 0 0 0 0 0 0 0 0 0
0 0 47 0 74 0 0 0 0 41 98 51 0 0 0 0 0 0 0 0 0 0 0 8 0 7 0 0 93 15 54 0 0 0 12 0 0 0 40 45 79 0 66 0 0 99 0 0 0 0 0 18 0 0 0 0 61 0 0 70 0 0 0 0 0 0 0 29 0 56 0 0 0 0 0 0 0 0 3 35 0 0 78 62 47 0 79 0 0 1 0 2 0 0 0 0 0 28 0 0
0 0 0 29 0 0 0 0 0 81 30 47 0 0 0 63 0 0 9 0 0 0 0 0 0 26 0 0 0 0 0 0 71 0 0 0 0 37 0 0 0 81 79 0 86 0 81 58 0 0 0 99 0 0 24 0 0 0 0 0 4 0 0 0 0 25 0 0 0 0 0 0 0 0 29 0 0 0 0 13 0 0 0 60 0 0 93 0 0 39 0 0 0 66 37 0 0 0 67 60
0 85 0 50 0 27 0 0 27 0 84 0 30 0 51 0 0 67 0 0 0 48 0 90 59 0 0 0 0 0 0 0 0 0 17 0 0 0 0 0 0 0 0 0 0 0 95 0 0 0 0 0 0 0 0 6 0 0 0 0 0 28 0 0 0 0 0 0 0 47 0 0 0 0 0 0 0 85 0 0 0 0 11 0 0 0 1 23 47 0 23 96 0 98 0 0 0 0 0 0
0 0 27 0 88 68 0 0 0 0 73 76 0 98 0 0 0 0 43 0 0 0 0 0 0 0 0 0 0 0 0 0 42 0 13 40 0 0 0 0 0 37 0 0 0 0 0 0 0 0 0 0 0 0 0 29 0 25 0 0 22 0 0 0 0 0 0 0 0 22 65 0 0 90 0 0 0 0 0 0 0 0 91 0 0 0 0 0 38 0 0 91 0 0 0 0 0 0 0 0
0 0 0 0 0 0 0 0 0 0 0 0 0 48 0 0 0 87 0 64 0 100 20 0 0 5 53 0 38 0 0 18 0 0 87 0 0 0 77 0 0 12 0 0 0 0 0 0 0 41 29 72 0 0 0 0 0 0 70 23 49 0 0 0 0 26 0 0 0 0 0 0 96 0 0 0 0 0 0 28 0 0 0 25 0 0 0 0 0 6 0 0 0 0 2 39 0 40 0 0
0 0 0 0 0 6 0 0 0 99 0 19 0 0 0 0 23 0 0 41 14 21 0 0 0 35 0 0 0 0 99 0 0 92 0 0 0 0 0 0 0 47 70 0 4 0 0 98 0 90 0 41 0 0 0 0 0 0 0 0 0 0 17 0 0 0 0 0 0 0 0 0 20 0 0 0 45 22 0 0 0 0 0 0 0 0 0 0 0 0 0 0 0 4 0 0 0 0 0 62
0 49 0 0 60 0 0 0 91 0 0 0 0 82 0 0 14 0 62 0 0 0 0 0 99 98 0 51 0 0 0 0 7 0 0 0 0 3 45 11 0 25 0 0 3 0 0 0 8 0 0 61 0 0 0 0 0 89 9 0 0 0 0 21 2 0 0 0 0 0 0 68 0 0 0 0 41 0 0 6 0 0 0 0 0 0 64 0 0 0 0 0 0 0 0 0 54 0 42 0
0 0 0 0 31 63 0 0 0 0 0 0 26 0 0 0 0 0 0 0 0 0 0 0 0 12 0 0 0 0 15 0 0 77 0 0 0 0 0 36 0 0 0 27 0 0 0 0 0 0 0 0 0 0 42 0 0 38 0 82 0 0 0 58 0 0 69 0 0 0 0 0 0 0 0 17 0 0 0 21 0 0 0 0 0 0 0 100 0 0 17 0 0 0 0 0 57 0 35 0
0 0 0 0 15 0 0 0 0 0 0 84 0 0 39 0 0 0 0 0 0 0 62 0 0 0 0 0 0 0 61 51 0 0 0 0 0 0 32 47 0 0 0 0 73 0 22 0 7 12 0 48 0 0 74 47 0 0 0 67 0 0 0 0 0 0 0 77 0 0 13 49 0 0 0 0 0 15 36 0 0 0 0 0 0 0 71 0 0 0 0 29 0 0 0 0 0 0 0 27
0 58 38 0 0 0 0 0 94 46 0 0 0 5 41 2 0 0 73 0 0 0 0 0 0 0 0 0 64 0 91 0 0 0 0 0 0 0 0 0 0 71 0 0 26 0 30 0 0 0 81 0 0 0 47 17 0 0 0 0 0 0 61 5 0 0 0 0 0 0 0 0 0 0 0 40 0 0 0 0 0 0 0 0 40 0 0 48 0 0 98 43 69 0 99 0 0 0 0 0
72 0 65 0 0 0 0 0 30 27 0 0 0 0 4 57 97 0 0 0 0 0 0 0 0 73 0 0 0 0 33 0 84 0 92 0 6 0 0 0 0 0 0 0 0 0 0 0 0 0 0 0 0 0 0 0 0 0 0 41 0 0 0 0 30 0 0 0 0 36 0 0 77 0 0 0 78 0 0 0 0 72 0 0 0 0 0 0 0 0 13 21 41 0 0 0 0 0 0 0
0 0 77 0 0 0 0 74 0 0 0 0 0 0 22 0 0 0 17 0 62 0 5 85 0 0 87 90 0 0 0 42 10 18 0 19 0 23 0 0 1 0 0 0 0 0 80 0 84 0 0 85 80 0 0 0 0 0 0 0 0 0 41 0 0 0 0 23 0 0 0 0 0 5 0 79 0 0 0 0 0 0 0 0 22 0 0 0 0 0 57 30 0 0 15 0 67 84 53 50
0 0 0 0 37 40 93 0 0 0 0 0 0 0 0 0 14 0 0 0 0 0 0 0 0 29 0 34 0 0 0 0 0 0 30 8 0 0 0 76 45 0 0 0 0 0 0 0 0 0 0 0 0 2 0 0 17 0 0 0 0 0 0 0 0 0 0 5 42 0 11 0 0 0 0 0 96 0 0 56 0 79 47 0 0 63 0 6 0 0 0 22 0 87 95 17 0 21 0 20
0 0 67 0 17 0 10 0 0 93 56 44 0 0 0 0 0 0 0 15 55 0 0 59 0 0 0 1 70 0 0 8 0 48 0 55 76 0 0 0 0 52 0 0 0 0 0 0 64 29 0 0 57 0 0 0 0 42 0 0 0 0 1 0 34 0 0 0 0 0 81 0 0 0 0 0 0 0 2 0 0 0 0 0 55 0 0 0 0 0 0 0 60 78 0 0 0 0 0 0
0 0 38 76 52 0 0 82 0 0 0 0 22 0 0 3 70 0 0 0 1 78 0 0 0 0 0 0 53 0 20 0 0 3 0 70 0 0 0 23 0 71 0 0 0 0 0 0 0 0 58 0 0 0 0 32 94 0 5 0 19 0 60 0 0 0 87 0 0 1 0 34 0 0 0 0 0 20 0 0 42 0 0 0 0 29 85 100 0 0 55 0 0 0 0 41 0 0 0 0
0 0 0 0 0 0 0 0 0 27 0 0 0 0 0 13 5 0 0 0 0 0 0 0 0 0 0 0 0 0 0 0 0 0 0 0 60 0 0 0 0 9 0 60 0 99 72 0 0 0 35 0 0 0 83 0 0 0 0 0 40 0 0 0 24 0 0 0 0 0 0 0 0 0 58 0 25 0 0 0 0 10 0 0 0 0 16 0 81 0 0 37 45 0 0 0 39 0 31 0
0 46 0 0 0 0 0 0 0 0 0 0 0 0 0 94 0 0 0 0 0 0 77 0 0 0 0 0 55 0 0 0 0 15 0 0 0 0 0 48 0 0 0 0 0 0 0 0 0 0 0 0 0 0 0 0 0 0 0 74 22 0 0 0 0 0 0 0 100 0 0 0 0 47 0 0 0 19 0 0 0 0 0 33 0 0 40 0 0 10 0 0 0 0 0 0 0 0 0 0
0 0 58 0 0 0 0 0 0 0 0 61 0 38 85 0 64 0 0 0 0 0 0 0 0 0 0 0 0 0 87 0 0 14 93 0 82 0 0 0 0 0 78 0 0 79 34 21 0 0 0 0 82 0 0 33 15 12 0 0 0 0 70 0 0 0 51 65 11 0 0 0 0 0 0 0 0 0 0 0 0 28 0 0 0 0 0 0 0 0 0 56 0 0 0 45 0 0 0 37
87 0 0 0 0 0 0 0 68 20 0 0 35 5 0 38 0 0 0 0 0 35 58 0 0 0 0 0 0 0 0 0 0 0 0 0 0 0 13 0 0 0 0 0 0 0 0 0 0 80 0 35 44 0 0 0 0 1 0 0 8 0 35 33 0 0 0 0 70 0 0 0 0 0 0 30 0 47 0 0 0 27 7 0 64 0 0 12 0 0 0 33 0 0 0 0 75 0 0 0
0 0 0 23 44 0 0 0 0 0 0 0 0 0 0 0 0 0 0 0 0 0 64 0 0 0 0 0 0 0 0 0 0 0 0 91 15 10 0 26 45 0 100 69 30 0 85 0 0 0 48 0 18 0 1 0 0 63 0 0 0 30 12 0 0 0 48 0 0 0 75 75 0 0 0 40 0 90 0 0 0 0 0 94 74 0 31 0 0 0 16 0 0 0 0 0 0 0 0 85
0 0 0 63 0 0 0 0 0 0 0 80 0 0 0 0 19 46 43 84 0 60 0 0 0 0 0 0 0 42 0 100 0 0 76 0 0 0 0 0 0 0 0 11 0 23 0 0 63 0 0 0 0 0 24 17 0 0 0 100 0 0 0 0 0 0 0 0 0 0 0 0 0 0 0 0 0 73 50 0 0 0 21 0 0 0 0 0 0 0 62 0 0 0 0 0 0 15 0 0
0 0 0 0 0 0 0 0 0 0 27 0 32 57 0 0 0 0 71 0 0 66 0 0 0 0 43 0 0 0 0 0 68 0 0 0 0 0 0 0 0 0 0 0 0 72 0 0 0 0 0 3 0 0 0 60 0 0 0 88 0 0 0 65 8 0 0 0 0 0 0 0 0 0 0 84 0 71 31 36 0 0 0 0 0 0 0 12 0 0 12 89 0 0 0 0 0 0 0 0
17 0 0 0 25 0 0 43 0 0 94 0 0 0 94 0 0 0 0 14 0 0 0 0 62 0 0 0 67 0 0 0 0 23 71 0 17 25 0 0 0 33 0 0 97 0 81 10 0 11 0 8 0 0 12 0 0 57 14 0 0 82 0 0 0 0 0 0 0 5 0 55 0 0 91 0 0 0 0 0 0 0 0 89 5 0 94 0 0 0 0 0 0 0 0 0 0 76 0 0
0 0 16 0 0 0 0 32 56 0 0 0 0 3 13 57 5 0 88 0 0 0 0 50 0 64 0 0 0 0 0 99 0 0 0 0 0 0 0 0 21 0 0 0 0 0 0 0 0 0 0 38 0 21 0 88 0 41 0 0 0 0 0 0 0 0 0 0 0 0 4 0 6 0 0 0 0 0 0 0 0 0 40 0 0 0 0 0 0 16 0 0 0 25 0 55 20 0 39 0
90 0 0 69 0 78 36 78 0 0 37 22 0 68 60 0 0 0 0 0 0 82 5 0 27 0 0 29 0 0 0 0 46 64 0 0 79 0 0 86 48 41 0 97 0 0 0 72 0 0 6 0 0 0 0 75 0 0 75 0 0 0 74 0 0 0 0 37 87 86 49 0 0 0 52 0 36 0 0 0 96 33 0 0 0 0 0 35 16 0 44 0 77 0 0 0 0 29 0 0
0 0 0 27 41 0 0 0 67 0 0 0 0 0 0 0 0 35 0 0 0 0 0 0 0 0 0 87 0 19 0 0 0 0 0 0 0 0 0 0 0 0 0 0 0 0 0 0 0 0 22 0 0 32 80 0 0 0 0 0 27 0 0 0 0 0 0 0 0 0 0 93 0 0 0 0 71 0 34 0 0 0 0 0 76 0 83 50 68 0 0 0 44 0 0 0 89 12 0 0
0 0 0 33 0 0 92 0 0 21 0 58 0 0 0 0 57 0 0 0 0 0 21 49 0 0 0 0 0 0 0 0 0 52 0 0 0 0 0 0 53 0 0 0 28 0 65 88 0 35 0 0 0 0 0 0 0 0 27 64 0 0 65 0 36 0 72 0 0 0 90 0 64 73 0 0 0 0 57 0 40 0 0 0 47 0 0 0 0 0 48 56 0 0 0 0 0 0 57 60
0 66 0 0 0 29 0 0 0 0 0 98 11 0 0 0 16 0 0 99 0 0 0 95 94 0 90 0 0 70 1 68 0 30 0 0 0 0 8 0 0 0 20 56 0 0 0 16 0 0 21 57 0 0 64 0 0 0 0 0 18 0 0 0 0 0 0 0 11 0 7 0 65 0 0 0 0 0 0 0 0 0 72 67 0 92 0 0 0 0 0 0 41 0 0 0 0 0 0 0
0 0 0 67 0 76 36 0 33 0 97 0 0 0 13 0 0 20 0 0 0 81 51 0 0 0 0 0 0 0 0 0 0 36 0 0 0 23 0 0 93 0 0 0 0 0 0 0 0 0 0 18 41 0 0 0 0 0 0 0 0 0 82 0 52 0 0 25 12 0 0 0 0 0 0 35 0 49 0 79 21 0 0 74 6 0 0 0 0 1 0 0 0 0 59 26 30 0 0 0
84 0 0 0 0 0 56 0 0 0 0 15 12 0 0 0 0 0 0 0 0 0 0 0 0 24 92 89 0 6 0 0 75 66 0 69 0 0 0 92 0 64 0 0 44 0 0 0 0 0 0 0 0 4 14 0 0 0 0 0 0 0 0 0 0 0 0 0 0 0 0 0 30 65 63 0 0 2 0 0 0 24 0 0 0 0 0 36 64 0 88 0 0 0 0 52 0 20 0 0
7 0 0 0 62 0 20 0 0 0 0 77 0 0 0 0 0 67 0 0 35 0 0 0 0 8 0 0 0 43 0 0 94 0 0 0 0 75 0 0 0 0 79 37 0 0 0 0 0 0 29 9 21 0 0 76 0 88 0 48 0 0 0 67 0 0 0 0 0 0 0 0 0 0 61 0 94 0 0 0 0 0 0 0 59 0 58 0 0 12 0 0 0 0 0 17 0 0 0 0
0 0 0 0 0 0 0 0 0 22 0 0 0 0 0 0 0 0 0 51 1 73 0 20 0 85 0 99 0 0 0 0 0 65 49 0 0 0 0 78 31 0 0 0 0 0 0 0 0 46 0 0 46 0 0 34 0 24 0 82 0 0 0 0 0 0 0 0 0 0 0 26 0 0 0 0 0 3 0 89 76 0 75 0 0 0 0 0 74 0 0 0 61 0 0 0 0 0 95 84
0 0 0 0 0 0 0 0 0 0 0 0 14 0 0 66 0 0 0 0 28 0 0 0 0 46 0 0 61 0 0 37 0 0 0 47 86 0 0 76 0 0 0 0 0 0 90 0 0 66 0 0 0 0 0 31 0 0 42 0 0 0 0 0 0 0 0 0 98 48 11 0 31 0 0 0 0 0 0 0 0 0 0 0 0 0 30 0 0 0 0 0 0 96 0 0 0 0 0 0
0 0 0 0 0 0 98 0 0 0 0 0 0 0 0 0 0 40 0 0 0 0 0 0 0 0 0 80 0 0 5 0 0 0 19 0 0 0 0 0 0 0 54 5 0 0 0 47 26 59 22 0 0 71 0 5 0 22 69 0 0 0 0 0 0 0 0 0 0 0 0 35 0 0 49 0 0 0 0 68 0 0 0 94 0 0 91 0 0 0 16 93 28 0 0 0 0 0 0 0
0 0 54 0 0 75 90 60 43 0 0 16 0 81 0 0 9 0 0 0 0 0 0 0 0 85 0 0 0 0 0 0 0 21 0 0 0 0 0 0 0 0 0 0 0 0 0 0 0 5 1 0 0 0 0 0 0 0 0 7 0 0 6 79 0 0 0 0 0 2 0 0 0 45 96 0 0 91 14 0 0 26 0 0 0 0 0 76 0 0 0 0 0 78 0 0 0 84 0 0
0 80 0 0 0 0 0 0 0 0 10 0 0 0 0 0 0 0 0 0 82 0 0 0 0 0 51 0 0 0 0 0 0 0 0 0 0 0 0 0 76 0 0 0 0 0 0 0 0 0 0 0 0 0 0 0 0 0 36 23 0 0 0 0 34 0 0 74 0 0 0 0 0 0 44 0 0 0 0 0 0 0 0 0 0 30 98 0 0 0 0 0 0 88 0 0 0 0 0 0
0 0 0 0 52 0 0 0 75 0 81 0 0 0 51 0 0 0 0 0 0 0 42 41 0 61 0 0 95 15 68 0 0 0 72 0 0 0 0 57 5 0 46 7 65 0 0 0 0 0 0 75 0 0 82 0 0 0 74 0 0 0 33 0 0 0 0 0 0 0 0 0 16 0 83 0 0 55 0 0 0 0 0 0 0 0 0 0 0 0 0 0 0 0 0 0 0 0 0 0
0 0 0 0 0 0 0 3 95 0 0 0 35 18 0 0 66 0 0 0 0 0 24 43 0 0 0 0 0 75 0 0 0 0 0 0 0 58 0 0 0 0 0 0 29 0 0 79 0 0 0 0 0 0 66 0 97 0 25 44 54 0 0 0 0 0 0 30 0 0 0 0 14 56 0 0 4 0 0 0 0 0 0 0 0 0 0 0 0 0 0 13 0 0 30 0 0 0 0 0
0 0 10 44 0 0 0 0 0 0 0 0 75 0 0 0 0 89 0 0 0 0 0 0 0 0 0 44 0 0 0 58 0 10 38 0 0 0 0 0 71 0 31 0 15 0 0 0 0 0 0 0 54 0 0 0 0 0 57 7 0 0 0 0 23 0 0 0 0 21 14 50 87 0 0 0 99 55 0 0 68 74 38 83 0 0 0 80 0 0 0 0 0 0 0 0 0 0 0 38
0 9 0 69 0 0 0 0 0 0 0 0 0 0 2 0 0 0 0 0 13 0 63 0 0 44 0 0 0 0 0 0 0 0 0 0 0 0 0 0 0 0 0 82 0 71 0 0 51 34 0 0 0 70 0 0 0 0 0 0 5 0 33 0 4 0 0 0 0 0 0 57 0 77 0 21 0 91 0 0 0 0 0 0 20 92 0 0 0 0 0 71 0 18 0 0 0 2 0 0
0 90 0 0 0 0 0 39 0 73 0 0 0 0 0 0 0 0 0 78 0 0 0 96 0 0 0 59 0 84 0 0 0 0 0 0 0 11 3 65 0 0 0 0 99 94 0 46 0 0 0 0 0 0 63 77 0 0 91 0 0 0 6 0 0 0 42 0 0 79 62 0 11 0 0 84 0 0 0 0 0 0 0 0 2 0 0 29 0 51 0 0 0 15 0 0 0 0 0 0
0 0 77 0 33 0 43 0 0 0 81 0 0 0 68 0 0 0 0 0 78 43 34 0 0 0 0 0 0 0 0 21 0 0 0 0 0 93 0 0 0 0 0 0 0 0 0 81 0 0 0 0 0 0 0 0 0 24 0 0 0 90 0 32 0 0 0 0 0 42 0 0 5 0 9 0 0 0 0 0 0 0 0 0 61 0 71 0 0 0 0 91 95 73 69 0 0 47 0 0
0 25 0 0 93 5 53 0 0 0 0 0 0 0 0 0 0 0 95 0 65 2 0 20 0 0 0 0 0 0 0 0 0 0 16 0 27 46 0 0 49 0 0 0 0 6 0 0 96 23 0 0 100 67 57 0 0 0 69 0 0 0 0 0 0 0 0 0 0 0 0 0 17 0 0 0 0 0 0 0 0 0 0 56 0 0 0 76 75 0 0 80 0 15 0 19 0 13 0 0
0 0 65 0 0 0 0 64 0 0 0 0 49 0 71 0 0 72 0 0 0 0 0 0 17 15 36 0 0 0 89 0 0 8 30 0 0 71 0 0 0 0 0 0 0 0 0 17 0 0 0 1 0 27 0 80 0 0 88 0 0 0 90 0 0 27 49 0 44 97 0 0 0 0 0 0 71 0 0 0 42 0 98 0 32 0 0 0 0 0 83 0 0 0 0 59 0 0 50 0
0 0 0 0 0 13 12 0 37 0 0 0 0 1 0 0 0 0 0 0 45 77 0 0 46 66 0 0 0 0 0 0 0 0 64 0 0 77 0 0 78 0 0 20 0 0 0 17 0 0 10 0 0 0 0 0 0 0 0 44 16 0 0 0 0 0 0 0 5 0 0 51 23 0 0 0 1 17 0 0 0 0 66 13 15 0 0 0 0 33 78 0 0 0 40 0 73 19 6 0
18 1 0 0 0 0 67 0 0 0 0 0 0 0 0 1 0 0 0 38 0 0 0 0 0 0 0 0 24 0 0 0 0 0 0 0 0 0 0 0 0 0 0 0 0 0 0 0 0 0 0 0 0 0 51 0 96 0 0 0 0 0 64 4 0 0 0 0 0 0 0 0 0 0 0 10 80 0 0 0 0 0 0 0 0 0 0 0 0 100 0 0 0 0 0 0 0 88 86 51
0 29 30 0 0 0 0 13 84 0 0 68 0 0 0 0 0 66 0 0 0 0 0 0 0 0 0 0 54 18 0 0 0 0 0 0 0 0 0 0 0 66 0 0 0 0 0 0 0 0 0 69 0 0 0 42 0 0 0 13 0 0 0 0 0 0 70 0 0 0 0 0 0 0 0 0 44 11 0 0 0 0 0 0 0 0 0 0 0 0 0 0 33 0 0 0 0 0 54 97
0 76 0 0 0 0 38 0 0 59 0 0 76 0 0 0 39 0 0 0 0 0 0 79 0 0 0 0 0 0 0 0 0 0 0 18 0 41 0 0 0 60 15 0 59 0 21 96 0 0 0 0 45 0 9 0 0 0 0 0 0 82 0 0 0 0 0 0 0 14 44 0 0 0 64 0 0 0 2 0 0 0 0 0 0 78 0 0 0 0 0 0 0 0 0 0 73 44 32 68
0 0 0 0 12 0 0 0 0 0 0 97 0 0 0 25 57 0 5 0 0 0 96 0 26 0 0 0 0 0 5 22 0 0 0 0 0 90 0 93 41 0 0 0 0 0 0 0 0 52 0 0 0 0 0 0 37 0 41 0 0 19 0 0 0 86 5 0 0 0 0 0 0 0 0 0 0 37 0 45 0 0 0 0 0 0 0 83 0 0 0 16 0 0 48 0 95 2 5 0
0 0 0 0 91 0 22 83 92 0 0 0 63 22 0 0 0 43 11 0 0 0 0 0 0 35 0 0 0 0 0 0 52 0 0 0 0 96 0 0 0 0 0 0 14 0 0 0 0 0 0 47 0 0 0 0 0 38 0 0 0 0 0 0 0 0 0 0 0 0 0 0 19 0 0 0 36 0 0 0 0 0 41 0 0 82 0 0 62 0 0 0 0 0 0 0 0 0 0 0
0 52 0 0 0 0 7 0 49 5 0 0 0 0 63 0 0 0 0 18 0 0 81 0 0 0 0 90 84 82 0 0 0 0 0 53 0 60 0 0 0 14 0 66 0 0 0 22 0 0 0 0 0 0 63 0 0 0 0 0 0 11 0 0 98 0 0 0 0 0 0 0 1 0 0 44 0 0 0 43 0 48 0 65 0 0 71 0 0 0 32 0 0 0 0 77 0 88 0 0
35 0 6 0 0 0 0 0 0 0 0 0 0 0 0 0 36 0 0 98 0 0 61 0 0 22 49 10 0 0 0 0 0 0 0 24 0 0 99 0 0 0 0 0 0 0 0 53 0 0 0 0 10 46 0 0 13 47 0 0 0 0 0 0 50 0 0 0 81 69 0 2 40 0 0 0 0 0 0 90 5 0 0 0 0 0 85 0 0 73 0 0 0 0 0 0 0 0 35 0
40 0 0 0 0 22 0 0 0 15 65 0 0 0 0 0 0 45 0 0 35 0 0 0 0 0 0 0 63 0 40 0 0 0 0 0 0 0 0 0 0 0 41 0 0 0 0 0 2 0 0 49 0 84 0 0 0 0 0 29 1 0 0 0 11 0 0 0 0 81 0 0 74 73 0 0 0 0 0 21 0 74 0 0 0 0 0 0 0 71 0 0 3 58 0 0 0 23 0 0
0 0 0 0 99 96 0 4 0 0 0 83 0 0 0 0 0 0 0 13 87 0 0 0 0 68 0 0 0 91 0 0 29 0 93 0 0 0 0 0 0 80 87 0 0 0 0 0 0 52 0 0 0 0 0 0 0 0 0 37 0 98 0 0 12 63 0 0 0 0 0 0 0 0 0 0 0 0 0 0 0 0 0 16 0 99 0 0 0 53 0 0 2 24 0 0 0 0 0 0
0 0 0 0 0 0 0 20 93 0 0 0 0 0 0 0 13 0 93 2 0 85 0 0 0 0 0 0 0 56 48 0 0 4 0 0 77 0 0 0 69 0 0 0 23 78 0 0 0 0 0 70 15 0 86 0 0 45 0 0 0 0 31 0 72 0 0 0 0 47 0 0 0 0 0 0 0 0 0 0 0 0 0 17 0 0 0 0 0 0 0 87 0 0 0 65 0 97 42 0
0 0 0 0 0 0 0 52 0 0 0 0 0 0 0 0 0 13 0 75 0 61 0 0 0 0 0 0 0 0 0 0 0 0 0 0 43 52 0 60 0 0 56 0 94 0 0 0 0 0 0 0 0 0 0 0 0 0 0 0 0 0 24 90 0 13 28 0 0 0 60 0 0 8 0 0 46 0 0 0 0 0 0 0 0 0 82 70 29 0 0 21 90 0 0 0 0 0 0 18
0 90 0 91 0 82 0 0 0 0 0 0 0 0 0 0 0 0 0 0 0 0 0 99 33 0 0 45 0 0 0 0 0 0 16 0 0 0 0 0 13 0 0 66 21 90 0 0 0 9 0 0 0 0 0 0 0 0 0 0 0 0 9 36 0 5 0 0 0 0 2 0 0 0 0 0 76 0 0 0 0 7 0 0 22 0 41 0 46 1 67 0 26 0 0 0 0 0 39 0
29 0 64 77 18 0 0 47 0 89 0 73 50 32 94 0 0 0 0 0 24 8 81 0 0 0 62 0 0 0 0 0 0 0 0 0 55 77 0 0 33 0 0 0 0 0 0 0 0 22 89 0 0 0 85 0 0 23 0 9 42 0 0 0 10 27 0 0 0 0 0 0 0 75 0 0 0 0 0 11 0 0 20 0 0 0 64 0 0 0 0 0 67 0 0 0 0 0 39 0
0 86 0 0 0 10 85 0 0 23 0 0 0 0 0 0 30 0 0 0 75 0 0 0 0 89 0 78 0 0 0 0 0 0 0 64 0 0 0 0 88 0 0 0 0 13 0 56 0 0 43 0 0 100 0 86 55 0 97 96 0 0 4 0 0 36 0 0 29 7 0 0 0 0 0 62 0 0 0 20 0 0 0 0 31 0 0 0 0 28 0 40 0 0 0 0 0 97 32 0
0 43 0 0 0 0 0 0 47 0 0 0 0 0 74 0 72 0 0 0 0 0 0 13 82 0 0 0 0 0 0 0 0 0 85 73 0 37 0 84 0 0 0 0 0 0 0 0 0 80 65 0 0 0 0 0 0 0 9 0 2 0 42 0 92 0 0 0 0 0 0 0 0 0 70 0 0 0 0 0 0 0 2 0 85 28 0 21 0 0 0 0 0 0 95 0 0 0 0 0
0 0 0 0 0 0 12 47 0 0 2 0 0 0 0 0 0 67 0 12 0 77 24 0 0 0 0 0 97 0 0 0 0 0 23 0 0 0 0 0 26 1 0 0 80 0 0 43 0 17 49 51 0 0 0 0 7 0 0 0 0 0 0 0 0 0 0 33 0 17 0 55 0 85 73 0 0 0 0 0 0 0 0 0 0 0 0 0 0 0 26 0 19 17 0 100 0 0 0 0
86 0 0 0 97 0 0 0 0 0 48 0 48 0 0 0 8 8 0 78 0 0 0 56 0 87 82 0 87 29 100 59 0 43 42 81 32 0 38 0 12 0 0 32 4 0 0 0 39 95 0 0 0 0 76 0 35 0 0 0 0 0 0 28 1 44 0 0 33 0 0 0 0 0 22 0 88 0 71 0 0 91 0 0 26 0 0 29 0 88 0 78 35 0 58 0 0 0 0 0
0 87 0 0 0 58 0 0 0 0 49 0 0 0 57 0 0 0 0 0 0 0 0 65 0 0 65 0 0 0 0 29 61 0 0 0 0 0 60 0 18 36 0 3 0 0 41 0 0 0 0 45 0 68 56 56 0 0 0 89 29 46 0 0 0 0 0 0 0 0 0 11 27 0 0 0 0 0 61 66 38 0 0 34 0 0 0 0 0 0 0 0 74 0 0 0 69 0 0 0
0 67 0 68 0 0 0 0 96 0 0 0 0 0 0 0 0 0 0 57 0 0 91 0 0 0 49 0 0 0 0 0 0 0 0 63 0 0 0 75 0 0 0 89 63 97 0 0 0 0 0 70 0 0 0 0 0 0 15 0 97 0 36 0 0 0 66 0 0 0 0 0 0 12 0 0 17 0 56 0 96 38 0 0 0 55 100 0 0 10 0 0 47 0 0 0 0 14 76 0
0 0 0 0 90 0 0 0 0 0 89 0 0 0 0 0 0 0 0 0 70 58 5 34 0 50 45 0 20 0 0 1 0 0 0 0 0 0 0 0 0 0 0 0 0 69 0 0 0 0 0 28 0 41 92 39 0 0 0 0 0 0 84 0 17 0 0 0 0 0 99 0 29 0 93 19 56 0 0 15 0 0 0 0 0 0 13 0 0 18 0 18 42 0 0 0 0 0 0 99
35 0 0 0 0 40 0 81 80 0 0 0 0 0 0 0 0 0 45 0 0 0 0 0 16 0 0 5 0 0 0 0 0 0 0 66 0 78 0 0 0 0 12 7 0 0 0 0 0 0 0 0 0 0 0 0 10 0 0 0 0 0 0 0 0 15 0 55 0 0 0 0 0 30 0 0 0 0 0 25 0 0 0 0 0 0 0 0 55 0 13 0 0 0 0 0 0 0 0 0
0 0 0 0 78 0 0 0 57 0 0 0 0 0 0 0 0 0 85 0 0 0 0 0 0 0 0 65 0 0 17 0 0 0 0 0 23 0 0 0 0 0 0 0 0 0 0 0 0 0 86 0 0 0 0 0 3 4 0 0 0 0 0 86 0 50 0 0 0 24 0 13 0 0 0 0 26 3 0 44 0 0 0 0 0 0 0 37 0 0 0 80 0 0 43 86 0 0 0 0
71 0 0 0 0 0 0 19 0 0 0 0 0 0 0 0 0 0 0 0 0 0 49 0 13 0 0 0 0 0 0 0 96 0 0 0 19 96 63 0 0 0 0 0 0 0 0 0 0 0 44 0 0 0 0 23 0 0 69 11 4 0 0 0 13 0 0 0 62 36 0 80 0 0 82 0 87 0 49 0 0 1 0 9 0 0 0 0 0 32 0 25 0 31 0 0 0 73 0 0
26 0 0 0 0 21 0 46 0 0 62 0 0 0 0 0 0 67 0 0 0 0 40 0 36 0 0 29 0 78 0 0 0 0 70 65 0 0 0 0 0 0 0 35 0 8 0 0 0 0 54 0 0 0 0 0 0 0 0 76 0 0 0 0 0 0 0 0 0 35 0 10 0 75 0 0 0 0 81 0 0 0 0 0 0 0 0 52 60 53 0 0 0 0 0 85 0 31 9 32
8 0 0 0 0 21 94 0 0 49 0 0 0 0 0 0 0 0 52 57 0 0 55 0 99 0 57 10 0 0 0 0 0 33 0 0 0 0 0 0 86 0 0 0 0 0 0 0 0 21 37 0 0 0 0 36 0 0 0 51 3 0 0 78 0 0 0 13 8 0 0 0 0 0 0 0 0 0 91 0 0 0 0 56 0 0 0 0 0 0 0 0 0 36 0 0 49 0 12 0
0 0 0 0 0 0 25 0 0 0 59 0 76 75 0 0 0 0 0 0 0 0 0 0 0 0 0 0 0 94 0 49 0 0 0 0 0 0 0 83 0 36 0 54 0 0 92 0 0 75 0 0 5 0 27 0 0 0 0 19 0 12 0 0 0 91 0 53 0 0 10 0 0 41 0 0 0 15 0 9 96 0 0 0 82 0 0 62 0 71 0 0 0 0 0 25 32 0 51 0
0 0 80 16 0 0 0 0 0 0 2 0 0 0 0 0 0 0 59 0 0 0 0 0 0 32 81 0 0 0 0 0 0 0 38 0 0 0 0 0 0 0 0 0 0 88 0 98 0 0 0 0 0 0 0 0 0 0 0 0 0 31 32 0 0 0 0 0 0 0 0 87 0 0 0 0 0 0 0 84 0 0 0 0 0 0 75 0 29 59 0 0 0 0 0 85 0 0 0 0
0 0 0 0 0 0 0 0 82 0 0 99 57 69 1 0 0 0 11 0 0 3 0 0 0 0 44 0 0 0 49 0 0 0 0 27 0 1 74 0 0 0 0 0 56 0 0 69 86 0 71 0 0 34 0 0 0 60 88 73 0 0 0 0 0 0 0 0 0 0 0 0 0 58 0 0 0 0 0 0 0 0 0 0 0 43 0 0 0 0 0 0 0 0 0 0 31 0 0 0
0 0 52 0 31 0 0 59 0 87 0 0 0 0 33 0 0 67 0 79 0 0 0 72 0 86 0 0 3 90 0 0 0 0 18 0 80 0 0 0 0 0 0 0 0 0 0 16 93 0 0 0 0 0 37 0 0 26 39 0 79 0 0 0 97 0 0 0 0 0 0 0 0 0 0 10 0 0 0 0 0 0 0 0 0 0 0 0 85 57 0 0 0 0 0 0 0 0 84 0
0 0 0 17 0 0 0 2 40 57 47 0 0 0 49 0 0 0 0 0 0 40 31 79 0 0 91 0 0 0 58 18 0 0 0 0 3 0 0 0 0 80 0 0 45 66 0 0 0 0 0 0 0 26 91 94 68 0 0 0 0 33 0 0 0 0 0 0 0 0 0 0 0 79 0 0 0 0 0 0 0 0 0 0 43 0 0 0 0 30 0 0 0 0 64 0 30 0 0 0
0 0 9 0 0 0 0 0 0 92 58 0 0 0 0 0 54 0 0 0 0 0 39 0 0 0 0 0 0 0 53 0 0 0 21 0 6 0 0 0 0 88 22 0 99 0 0 0 0 0 0 0 13 0 0 0 0 0 0 0 77 0 0 80 7 25 0 92 0 2 0 0 0 0 87 0 0 0 0 0 0 0 0 0 0 0 93 0 0 0 0 0 0 19 0 0 32 0 0 0
100 63 0 0 38 97 0 0 0 6 0 24 90 0 6 14 0 0 47 23 0 0 0 0 0 0 0 0 0 0 0 0 0 50 0 0 0 0 0 0 0 0 0 0 0 0 0 0 0 0 0 0 0 0 0 74 0 0 0 19 43 0 0 0 26 0 0 0 80 0 72 0 58 0 0 34 3 0 0 93 51 0 0 0 0 0 0 0 0 0 22 0 0 0 0 0 37 0 0 0
12 0 0 0 0 0 0 0 36 0 0 0 74 0 0 0 1 0 0 0 0 0 0 0 0 0 0 19 0 7 0 0 0 14 0 5 0 0 0 0 0 71 0 0 0 30 69 41 0 0 4 0 0 0 68 52 0 0 0 6 0 0 28 52 0 0 0 0 0 0 0 0 0 0 0 13 0 0 0 0 0 0 0 0 0 0 37 0 0 0 0 0 73 0 0 41 0 0 0 0
0 0 0 0 0 0 0 0 0 0 0 0 0 0 86 65 0 74 0 0 0 0 0 0 35 0 0 0 0 0 0 0 0 0 0 0 0 0 0 0 10 0 0 0 5 0 14 0 0 0 83 0 0 0 0 0 5 0 0 74 0 21 0 0 0 0 0 0 0 43 0 28 0 0 0 64 70 0 0 0 0 0 8 0 0 0 0 0 98 0 30 0 41 99 0 0 0 0 0 0
0 0 0 0 0 83 84 0 81 0 0 0 0 58 2 0 0 0 0 0 32 68 0 0 0 0 0 13 14 0 21 87 0 0 0 0 95 41 0 0 0 56 0 0 0 0 0 27 21 0 0 0 0 0 67 0 0 30 1 0 0 23 0 0 62 62 0 22 0 55 5 0 0 0 49 0 0 0 0 0 0 95 0 0 58 7 95 0 0 66 0 0 2 0 0 0 0 87 33 0
0 0 0 12 0 0 0 0 0 0 0 0 0 0 42 0 0 32 0 0 5 0 0 0 0 0 0 76 0 0 0 0 0 0 0 0 0 0 39 0 0 43 0 4 21 0 0 0 0 86 45 83 0 0 0 0 0 0 0 0 72 0 0 0 0 92 86 39 78 0 0 70 0 77 0 98 0 69 57 8 81 0 0 0 0 0 0 0 0 0 10 0 0 0 0 0 0 0 0 0
0 0 0 25 0 0 0 0 0 0 0 0 0 35 3 56 0 0 0 0 0 0 96 0 0 0 0 0 0 40 20 49 0 23 0 95 0 0 74 0 1 0 0 84 54 0 0 0 0 0 0 82 0 21 73 6 0 37 0 88 0 0 0 0 0 0 0 0 0 0 0 3 44 0 0 0 0 84 0 12 29 0 39 0 0 0 0 18 0 0 89 86 10 0 0 0 0 0 0 36
0 0 0 41 0 0 94 0 0 0 0 0 0 0 0 0 0 0 0 0 0 0 0 82 0 0 0 0 0 0 0 0 0 0 31 54 31 0 69 60 0 0 0 0 0 0 0 0 0 0 0 42 0 0 0 0 0 76 54 0 0 0 44 0 0 0 0 0 0 0 0 0 0 0 95 31 0 0 38 0 73 0 0 0 0 99 62 0 0 0 0 0 0 0 0 50 15 19 0 0
0 95 44 30 87 44 0 0 0 40 0 43 89 50 0 0 59 0 0 78 73 71 0 0 0 0 0 0 25 0 6 0 0 0 0 0 0 0 0 0 0 0 0 0 0 77 47 26 0 0 0 0 0 0 0 0 0 73 0 0 0 0 0 0 0 0 0 0 0 0 89 0 0 77 20 0 0 0 0 97 0 0 58 0 0 0 14 0 0 0 0 1 0 33 0 0 0 0 0 0
0 0 63 58 0 0 0 0 0 18 0 0 0 58 100 0 0 0 74 0 54 49 0 0 0 53 32 0 0 0 0 0 0 0 0 16 0 0 0 0 0 1 36 0 0 86 0 0 0 0 80 7 0 0 0 0 0 0 0 59 0 34 0 66 0 0 45 93 0 0 0 0 0 0 0 100 0 0 0 0 0 17 0 24 0 0 0 0 0 0 92 0 39 47 0 22 0 0 0 0
0 0 0 0 0 0 0 56 67 53 0 24 0 0 0 0 0 0 0 0 0 0 0 0 0 0 0 0 0 0 81 0 0 0 55 0 0 0 0 0 52 52 0 25 0 0 0 0 30 0 0 0 0 0 0 0 37 0 0 0 0 43 59 90 0 0 0 60 0 0 0 0 13 0 0 83 0 0 0 0 0 0 0 0 85 0 0 0 0 0 0 0 0 21 45 23 9 94 0 17
0 52 0 0 0 0 22 12 0 0 0 0 0 62 17 0 0 0 0 17 0 14 0 41 0 87 0 14 0 0 0 0 0 87 0 0 0 0 0 0 79 0 0 0 7 0 0 0 0 0 0 0 0 0 92 0 90 0 2 0 0 0 0 71 0 0 0 85 0 0 0 0 0 0 23 67 11 0 0 0 31 69 0 0 0 0 0 79 24 0 0 0 0 63 43 1 87 0 83 0
0 0 0 0 86 0 0 0 0 0 0 0 39 0 0 0 0 0 0 34 0 0 0 0 74 0 0 0 0 0 37 0 0 0 0 0 0 0 35 0 0 95 85 0 25 0 0 0 3 0 0 94 0 0 12 0 0 0 0 0 0 11 0 0 0 2 77 83 0 64 0 0 0 0 87 0 0 0 0 0 0 35 0 51 77 0 8 0 43 0 0 37 0 97 0 8 0 0 0 0
0 0 0 0 68 66 0 0 0 0 0 0 0 0 42 0 52 0 0 0 0 0 0 0 0 0 0 0 24 0 0 71 0 0 0 0 83 11 0 88 67 0 0 0 0 100 0 0 0 0 19 0 0 0 0 0 0 0 0 0 0 0 0 79 0 0 0 0 0 0 0 0 9 0 0 0 0 0 0 91 0 0 33 0 0 0 0 0 86 0 44 0 0 36 0 0 0 0 0 0
0 0 55 20 0 0 0 0 0 0 0 0 0 0 0 0 41 13 0 0 0 73 18 0 0 0 0 0 0 0 0 6 0 0 44 0 44 97 0 66 0 0 0 41 63 0 0 0 0 0 0 0 0 0 0 0 22 0 0 0 0 0 0 23 0 37 0 0 0 10 0 0 0 61 0 76 0 0 76 17 0 0 31 0 0 0 0 31 0 0 0 0 0 75 79 65 24 0 0 0
0 0 0 2 96 0 0 43 0 0 0 0 49 56 0 0 0 0 0 0 13 0 41 0 0 0 11 0 0 0 0 35 47 0 0 0 0 0 0 0 0 0 80 0 87 0 82 0 13 0 0 67 0 75 85 58 0 0 0 0 68 71 0 0 0 0 76 0 26 0 79 33 0 0 0 2 0 14 70 0 0 71 0 0 0 46 0 0 61 0 0 0 0 0 5 0 92 0 0 0
54 0 0 73 0 0 0 0 25 0 0 0 49 5 0 0 0 0 42 0 0 44 0 25 0 0 46 0 0 0 0 31 0 0 0 0 53 0 0 0 0 0 0 0 0 0 0 55 0 0 0 0 66 0 0 0 0 0 66 18 17 0 0 65 0 22 0 0 0 0 32 47 0 0 0 71 4 0 0 0 0 0 0 0 9 55 14 0 0 0 0 0 0 0 0 0 0 0 0 0
0 0 0 0 0 0 23 0 0 0 24 48 0 0 0 0 0 0 0 4 13 36 0 0 55 0 0 0 0 0 0 4 0 0 0 94 0 5 0 0 0 0 0 0 0 0 0 29 0 0 0 0 0 73 60 0 83 0 0 0 29 0 0 0 0 0 0 0 0 0 0 0 0 80 0 0 0 0 0 0 0 0 0 0 0 0 0 0 81 0 0 0 0 10 0 0 0 79 0 0
0 0 0 37 0 13 0 0 0 90 0 68 63 0 77 0 0 0 0 0 0 36 0 76 0 0 0 0 83 0 0 10 1 65 0 0 0 66 15 0 0 0 0 0 0 0 0 0 32 0 0 0 0 0 0 0 8 0 0 0 0 0 12 0 0 0 54 0 0 0 0 0 0 0 0 0 0 0 0 0 0 24 0 0 0 39 0 0 58 17 0 0 0 0 0 0 56 0 0 0
0 0 0 0 0 0 0 0 0 0 0 0 0 0 0 0 0 0 0 54 87 65 0 94 0 65 0 99 0 31 0 0 0 93 69 85 0 0 0 0 0 0 11 84 97 0 59 0 0 0 0 59 0 0 0 0 0 0 0 0 0 0 43 67 0 0 0 0 0 33 0 0 20 0 0 0 0 72 0 17 0 0 70 26 62 0 0 0 0 75 0 0 68 0 0 49 24 0 0 0
61 0 98 37 0 56 0 73 0 0 0 0 0 26 0 51 0 0 0 0 0 0 0 0 0 0 12 0 0 0 0 0 95 0 0 0 0 0 0 0 0 0 1 0 0 0 50 0 5 0 0 36 0 0 0 0 0 0 0 68 54 27 0 94 0 0 0 0 0 0 0 55 0 0 7 0 0 0 0 0 33 0 0 0 21 14 7 0 0 0 0 76 0 0 0 0 0 0 0 0
38 0 35 68 0 0 0 0 0 0 0 0 99 87 0 21 0 0 0 25 67 0 0 50 0 54 0 86 0 0 0 0 0 0 0 0 0 0 0 0 0 0 0 0 0 0 0 0 0 0 0 0 0 39 0 69 0 22 0 0 0 0 0 0 23 0 0 0 0 0 0 0 83 0 92 0 0 88 0 0 0 95 0 97 29 0 0 0 0 11 0 14 0 0 0 90 22 0 0 0
0 69 51 0 0 0 0 0 0 0 0 0 24 0 0 0 67 55 0 0 22 43 0 43 0 0 94 13 0 0 0 0 24 0 0 0 63 59 0 0 0 0 75 61 0 0 0 77 53 0 0 0 54 0 89 0 0 0 0 41 67 0 0 0 27 33 0 0 0 0 0 0 44 0 0 0 0 0 0 0 27 0 29 0 0 67 0 0 0 0 0 48 19 0 0 3 28 0 0 0
0 76 0 0 0 0 86 0 0 0 0 0 0 0 0 0 0 0 62 0 0 0 0 69 0 0 0 1 0 0 52 0 0 34 0 0 0 0 85 23 0 0 0 0 0 0 0 0 0 0 33 0 0 0 0 0 0 0 0 0 0 98 0 0 0 0 0 0 24 0 0 0 0 0 0 0 100 0 0 0 0 0 0 0 0 0 0 0 0 0 0 73 0 0 0 0 0 93 0 77
0 0 0 81 0 0 32 0 0 0 0 78 0 0 0 0 0 0 0 0 0 0 0 0 0 0 0 0 51 0 58 0 0 44 0 0 0 26 0 0 94 4 0 79 0 25 0 0 2 0 0 0 21 0 0 0 0 0 0 0 0 0 0 0 0 25 0 0 0 0 0 0 0 15 0 0 0 0 0 0 78 0 0 0 50 0 0 0 0 0 0 0 0 0 0 0 0 0 0 0
0 0 8 0 25 0 0 0 0 81 17 71 0 0 0 0 0 0 0 0 0 0 0 29 0 10 0 0 15 85 38 0 0 0 43 0 0 0 8 94 30 0 33 0 0 12 0 0 0 0 0 49 0 0 0 0 20 0 0 53 0 0 0 0 0 0 0 13 0 28 0 0 0 0 0 0 0 0 51 17 0 0 48 18 94 0 79 0 0 32 0 70 0 0 0 0 0 19 0 0
0 0 0 69 0 0 0 0 0 86 10 92 0 0 0 11 0 0 40 0 0 0 0 0 0 64 0 0 0 0 0 0 89 0 0 0 0 90 0 0 0 56 82 0 22 0 96 91 0 0 0 6 0 0 19 0 0 0 0 0 38 0 0 0 0 86 0 0 0 0 0 0 0 0 56 0 0 0 0 84 0 0 0 53 0 0 74 0 0 33 0 0 0 52 18 0 0 0 21 21
0 13 0 37 0 45 0 0 57 0 80 0 69 0 1 0 0 95 0 0 0 57 0 8 29 0 0 0 0 0 0 0 0 0 17 0 0 0 0 0 0 0 0 0 0 0 75 0 0 0 0 0 0 0 0 12 0 0 0 0 0 99 0 0 0 0 0 0 0 76 0 0 0 0 0 0 0 47 0 0 0 0 47 0 0 0 55 82 17 0 2 53 0 58 0 0 0 0 0 0
0 0 45 0 47 33 0 0 0 0 22 46 0 98 0 0 0 0 88 0 0 0 0 0 0 0 0 0 0 0 0 0 48 0 61 63 0 0 0 0 0 95 0 0 0 0 0 0 0 0 0 0 0 0 0 70 0 54 0 0 1 0 0 0 0 0 0 0 0 45 87 0 0 94 0 0 0 0 0 0 0 0 32 0 0 0 0 0 62 0 0 21 0 0 0 0 0 0 0 0
0 0 0 0 0 0 0 0 0 0 0 0 0 63 0 0 0 5 0 3 0 79 34 0 0 53 68 0 88 0 0 98 0 0 77 0 0 0 92 0 0 2 0 0 0 0 0 0 0 75 39 63 0 0 0 0 0 0 86 61 67 0 0 0 0 88 0 0 0 0 0 0 46 0 0 0 0 0 0 72 0 0 0 27 0 0 0 0 0 16 0 0 0 0 99 4 0 1 0 0
0 0 0 0 0 30 0 0 0 47 0 34 0 0 0 0 100 0 0 14 72 43 0 0 0 9 0 0 0 0 27 0 0 48 0 0 0 0 0 0 0 52 40 0 49 0 0 84 0 71 0 60 0 0 0 0 0 0 0 0 0 0 78 0 0 0 0 0 0 0 0 0 55 0 0 0 79 66 0 0 0 0 0 0 0 0 0 0 0 0 0 0 0 90 0 0 0 0 0 43
0 63 0 0 77 0 0 0 41 0 0 0 0 14 0 0 5 0 61 0 0 0 0 0 3 78 0 63 0 0 0 0 24 0 0 0 0 57 69 55 0 51 0 0 41 0 0 0 78 0 0 71 0 0 0 0 0 5 74 0 0 0 0 75 29 0 0 0 0 0 0 74 0 0 0 0 49 0 0 57 0 0 0 0 0 0 29 0 0 0 0 0 0 0 0 0 69 0 17 0
0 0 0 0 53 24 0 0 0 0 0 0 54 0 0 0 0 0 0 0 0 0 0 0 0 48 0 0 0 0 75 0 0 58 0 0 0 0 0 33 0 0 0 11 0 0 0 0 0 0 0 0 0 0 45 0 0 55 0 37 0 0 0 20 0 0 33 0 0 0 0 0 0 0 0 31 0 0 0 44 0 0 0 0 0 0 0 70 0 0 74 0 0 0 0 0 5 0 77 0
0 0 0 0 45 0 0 0 0 0 0 2 0 0 74 0 0 0 0 0 0 0 30 0 0 0 0 0 0 0 59 90 0 0 0 0 0 0 81 20 0 0 0 0 48 0 74 0 51 91 0 10 0 0 58 37 0 0 0 6 0 0 0 0 0 0 0 75 0 0 99 63 0 0 0 0 0 92 36 0 0 0 0 0 0 0 97 0 0 0 0 88 0 0 0 0 0 0 0 5
0 19 83 0 0 0 0 0 20 50 0 0 0 76 86 16 0 0 84 0 0 0 0 0 0 0 0 0 86 0 13 0 0 0 0 0 0 0 0 0 0 71 0 0 20 0 84 0 0 0 92 0 0 0 21 72 0 0 0 0 0 0 70 69 0 0 0 0 0 0 0 0 0 0 0 40 0 0 0 0 0 0 0 0 88 0 0 54 0 0 68 42 68 0 2 0 0 0 0 0
18 0 45 0 0 0 0 0 26 3 0 0 0 0 73 35 61 0 0 0 0 0 0 0 0 100 0 0 0 0 85 0 84 0 96 0 93 0 0 0 0 0 0 0 0 0 0 0 0 0 0 0 0 0 0 0 0 0 0 98 0 0 0 0 64 0 0 0 0 6 0 0 1 0 0 0 97 0 0 0 0 60 0 0 0 0 0 0 0 0 98 40 81 0 0 0 0 0 0 0
0 0 97 0 0 0 0 55 0 0 0 0 0 0 15 0 0 0 3 0 59 0 70 87 0 0 37 63 0 0 0 94 13 5 0 44 0 43 0 0 96 0 0 0 0 0 53 0 31 0 0 76 32 0 0 0 0 0 0 0 0 0 21 0 0 0 0 94 0 0 0 0 0 7 0 22 0 0 0 0 0 0 0 0 70 0 0 0 0 0 69 22 0 0 49 0 64 37 37 54
0 0 0 0 9 83 100 0 0 0 0 0 0 0 0 0 43 0 0 0 0 0 0 0 0 23 0 58 0 0 0 0 0 0 7 35 0 0 0 31 20 0 0 0 0 0 0 0 0 0 0 0 0 65 0 0 50 0 0 0 0 0 0 0 0 0 0 98 37 0 74 0 0 0 0 0 4 0 0 77 0 86 58 0 0 82 0 51 0 0 0 8 0 73 70 23 0 49 0 48
0 0 99 0 17 0 77 0 0 11 27 86 0 0 0 0 0 0 0 80 2 0 0 4 0 0 0 10 14 0 0 94 0 50 0 74 28 0 0 0 0 42 0 0 0 0 0 0 45 9 0 0 60 0 0 0 0 95 0 0 0 0 75 0 43 0 0 0 0 0 68 0 0 0 0 0 0 0 33 0 0 0 0 0 3 0 0 0 0 0 0 0 61 29 0 0 0 0 0 0
0 0 62 21 77 0 0 32 0 0 0 0 23 0 0 21 82 0 0 0 9 12 0 0 0 0 0 0 26 0 85 0 0 16 0 89 0 0 0 7 0 28 0 0 0 0 0 0 0 0 90 0 0 0 0 81 69 0 56 0 42 0 33 0 0 0 37 0 0 91 0 97 0 0 0 0 0 58 0 0 55 0 0 0 0 59 22 48 0 0 25 0 0 0 0 88 0 0 0 0
0 0 0 0 0 0 0 0 0 27 0 0 0 0 0 48 52 0 0 0 0 0 0 0 0 0 0 0 0 0 0 0 0 0 0 0 34 0 0 0 0 43 0 28 0 72 45 0 0 0 41 0 0 0 14 0 0 0 0 0 83 0 0 0 77 0 0 0 0 0 0 0 0 0 93 0 23 0 0 0 0 40 0 0 0 0 19 0 83 0 0 17 92 0 0 0 68 0 66 0
0 28 0 0 0 0 0 0 0 0 0 0 0 0 0 61 0 0 0 0 0 0 88 0 0 0 0 0 49 0 0 0 0 58 0 0 0 0 0 42 0 0 0 0 0 0 0 0 0 0 0 0 0 0 0 0 0 0 0 81 58 0 0 0 0 0 0 0 79 0 0 0 0 5 0 0 0 61 0 0 0 0 0 49 0 0 91 0 0 89 0 0 0 0 0 0 0 0 0 0
0 0 94 0 0 0 0 0 0 0 0 61 0 41 32 0 23 0 0 0 0 0 0 0 0 0 0 0 0 0 53 0 0 12 33 0 36 0 0 0 0 0 34 0 0 59 16 97 0 0 0 0 21 0 0 19 76 30 0 0 0 0 68 0 0 0 42 26 47 0 0 0 0 0 0 0 0 0 0 0 0 62 0 0 0 0 0 0 0 0 0 76 0 0 0 42 0 0 0 23
69 0 0 0 0 0 0 0 24 53 0 0 35 74 0 92 0 0 0 0 0 5 94 0 0 0 0 0 0 0 0 0 0 0 0 0 0 0 71 0 0 0 0 0 0 0 0 0 0 44 0 71 21 0 0 0 0 76 0 0 97 0 32 70 0 0 0 0 88 0 0 0 0 0 0 40 0 87 0 0 0 87 35 0 4 0 0 6 0 0 0 34 0 0 0 0 22 0 0 0
0 0 0 71 51 0 0 0 0 0 0 0 0 0 0 0 0 0 0 0 0 0 40 0 0 0 0 0 0 0 0 0 0 0 0 96 73 51 0 31 55 0 10 53 20 0 50 0 0 0 62 0 87 0 5 0 0 43 0 0 0 57 12 0 0 0 69 0 0 0 16 1 0 0 0 73 0 3 0 0 0 0 0 75 40 0 97 0 0 0 94 0 0 0 0 0 0 0 0 9
0 0 0 54 0 0 0 0 0 0 0 90 0 0 0 0 77 27 97 81 0 30 0 0 0 0 0 0 0 58 0 6 0 0 94 0 0 0 0 0 0 0 0 12 0 28 0 0 20 0 0 0 0 0 75 73 0 0 0 3 0 0 0 0 0 0 0 0 0 0 0 0 0 0 0 0 0 89 47 0 0 0 4 0 0 0 0 0 0 0 80 0 0 0 0 0 0 11 0 0
0 0 0 0 0 0 0 0 0 0 7 0 92 79 0 0 0 0 18 0 0 9 0 0 0 0 82 0 0 0 0 0 51 0 0 0 0 0 0 0 0 0 0 0 0 48 0 0 0 0 0 3 0 0 0 96 0 0 0 28 0 0 0 5 90 0 0 0 0 0 0 0 0 0 0 64 0 73 79 47 0 0 0 0 0 0 0 80 0 0 68 17 0 0 0 0 0 0 0 0
16 0 0 0 38 0 0 22 0 0 54 0 0 0 22 0 0 0 0 62 0 0 0 0 93 0 0 0 81 0 0 0 0 80 80 0 8 27 0 0 0 59 0 0 91 0 64 58 0 57 0 54 0 0 31 0 0 44 67 0 0 4 0 0 0 0 0 0 0 74 0 22 0 0 92 0 0 0 0 0 0 0 0 94 74 0 95 0 0 0 0 0 0 0 0 0 0 33 0 0
0 0 64 0 0 0 0 64 94 0 0 0 0 75 44 1 100 0 56 0 0 0 0 17 0 49 0 0 0 0 0 71 0 0 0 0 0 0 0 0 86 0 0 0 0 0 0 0 0 0 0 65 0 72 0 66 0 45 0 0 0 0 0 0 0 0 0 0 0 0 37 0 69 0 0 0 0 0 0 0 0 0 68 0 0 0 0 0 0 35 0 0 0 69 0 19 100 0 94 0
83 0 0 1 0 87 51 88 0 0 53 43 0 45 93 0 0 0 0 0 0 59 95 0 60 0 0 48 0 0 0 0 41 58 0 0 55 0 0 6 80 76 0 20 0 0 0 58 0 0 86 0 0 0 0 88 0 0 6 0 0 0 17 0 0 0 0 17 82 70 28 0 0 0 36 0 54 0 0 0 10 53 0 0 0 0 0 97 33 0 27 0 92 0 0 0 0 81 0 0
0 0 0 48 33 0 0 0 28 0 0 0 0 0 0 0 0 6 0 0 0 0 0 0 0 0 0 85 0 16 0 0 0 0 0 0 0 0 0 0 0 0 0 0 0 0 0 0 0 0 13 0 0 48 88 0 0 0 0 0 65 0 0 0 0 0 0 0 0 0 0 16 0 0 0 0 100 0 89 0 0 0 0 0 24 0 9 60 64 0 0 0 55 0 0 0 16 99 0 0
0 0 0 34 0 0 53 0 0 13 0 30 0 0 0 0 1 0 0 0 0 0 50 8 0 0 0 0 0 0 0 0 0 51 0 0 0 0 0 0 9 0 0 0 55 0 51 71 0 53 0 0 0 0 0 0 0 0 65 20 0 0 1 0 21 0 7 0 0 0 46 0 44 15 0 0 0 0 49 0 64 0 0 0 71 0 0 0 0 0 11 93 0 0 0 0 0 0 58 14
0 41 0 0 0 52 0 0 0 0 0 9 55 0 0 0 37 0 0 91 0 0 0 88 89 0 55 0 0 31 29 43 0 31 0 0 0 0 49 0 0 0 50 91 0 0 0 28 0 0 33 4 0 0 58 0 0 0 0 0 3 0 0 0 0 0 0 0 61 0 1 0 95 0 0 0 0 0 0 0 0 0 35 41 0 30 0 0 0 0 0 0 46 0 0 0 0 0 0 0
0 0 0 65 0 99 62 0 84 0 4 0 0 0 19 0 0 39 0 0 0 81 85 0 0 0 0 0 0 0 0 0 0 72 0 0 0 58 0 0 36 0 0 0 0 0 0 0 0 0 0 64 21 0 0 0 0 0 0 0 0 0 86 0 80 0 0 61 49 0 0 0 0 0 0 20 0 92 0 48 45 0 0 96 70 0 0 0 0 34 0 0 0 0 85 59 27 0 0 0
87 0 0 0 0 0 20 0 0 0 0 88 61 0 0 0 0 0 0 0 0 0 0 0 0 20 38 84 0 10 0 0 19 16 0 54 0 0 0 63 0 70 0 0 86 0 0 0 0 0 0 0 0 26 100 0 0 0 0 0 0 0 0 0 0 0 0 0 0 0 0 0 45 23 86 0 0 44 0 0 0 61 0 0 0 0 0 1 1 0 27 0 0 0 0 5 0 32 0 0
89 0 0 0 95 0 76 0 0 0 0 27 0 0 0 0 0 2 0 0 30 0 0 0 0 44 0 0 0 72 0 0 56 0 0 0 0 36 0 0 0 0 43 30 0 0 0 0 0 0 71 22 78 0 0 30 0 91 0 94 0 0 0 3 0 0 0 0 0 0 0 0 0 0 9 0 73 0 0 0 0 0 0 0 60 0 6 0 0 82 0 0 0 0 0 83 0 0 0 0
0 0 0 0 0 0 0 0 0 77 0 0 0 0 0 0 0 0 0 35 100 10 0 67 0 84 0 36 0 0 0 0 0 74 8 0 0 0 0 91 81 0 0 0 0 0 0 0 0 7 0 0 60 0 0 21 0 7 0 19 0 0 0 0 0 0 0 0 0 0 0 25 0 0 0 0 0 42 0 73 21 0 81 0 0 0 0 0 6 0 0 0 34 0 0 0 0 0 77 69
0 0 0 0 0 0 0 0 0 0 0 0 99 0 0 58 0 0 0 0 85 0 0 0 0 71 0 0 28 0 0 72 0 0 0 12 24 0 0 15 0 0 0 0 0 0 62 0 0 99 0 0 0 0 0 72 0 0 27 0 0 0 0 0 0 0 0 0 13 34 63 0 28 0 0 0 0 0 0 0 0 0 0 0 0 0 21 0 0 0 0 0 0 18 0 0 0 0 0 0
0 0 0 0 0 0 82 0 0 0 0 0 0 0 0 0 0 67 0 0 0 0 0 0 0 0 0 2 0 0 33 0 0 0 51 0 0 0 0 0 0 0 95 8 0 0 0 67 39 40 59 0 0 45 0 34 0 70 70 0 0 0 0 0 0 0 0 0 0 0 0 71 0 0 43 0 0 0 0 11 0 0 0 8 0 0 69 0 0 0 75 66 91 0 0 0 0 0 0 0
0 0 77 0 0 33 95 58 60 0 0 82 0 95 0 0 45 0 0 0 0 0 0 0 0 88 0 0 0 0 0 0 0 99 0 0 0 0 0 0 0 0 0 0 0 0 0 0 0 25 17 0 0 0 0 0 0 0 0 6 0 0 55 26 0 0 0 0 0 13 0 0 0 93 72 0 0 36 28 0 0 29 0 0 0 0 0 89 0 0 0 0 0 30 0 0 0 31 0 0
0 42 0 0 0 0 0 0 0 0 83 0 0 0 0 0 0 0 0 0 59 0 0 0 0 0 30 0 0 0 0 0 0 0 0 0 0 0 0 0 84 0 0 0 0 0 0 0 0 0 0 0 0 0 0 0 0 0 24 76 0 0 0 0 22 0 0 10 0 0 0 0 0 0 74 0 0 0 0 0 0 0 0 0 0 18 65 0 0 0 0 0 0 53 0 0 0 0 0 0
0 0 0 0 90 0 0 0 98 0 25 0 0 0 38 0 0 0 0 0 0 0 61 66 0 48 0 0 25 53 12 0 0 0 14 0 0 0 0 18 39 0 61 57 53 0 0 0 0 0 0 55 0 0 44 0 0 0 50 0 0 0 68 0 0 0 0 0 0 0 0 0 83 0 45 0 0 38 0 0 0 0 0 0 0 0 0 0 0 0 0 0 0 0 0 0 0 0 0 0
0 0 0 0 0 0 0 12 9 0 0 0 100 11 0 0 87 0 0 0 0 0 17 56 0 0 0 0 0 61 0 0 0 0 0 0 0 41 0 0 0 0 0 0 72 0 0 66 0 0 0 0 0 0 14 0 71 0 2 78 42 0 0 0 0 0 0 66 0 0 0 0 57 94 0 0 84 0 0 0 0 0 0 0 0 0 0 0 0 0 0 53 0 0 98 0 0 0 0 0
0 0 22 76 0 0 0 0 0 0 0 0 91 0 0 0 0 64 0 0 0 0 0 0 0 0 0 56 0 0 0 14 0 36 73 0 0 0 0 0 2 0 95 0 67 0 0 0 0 0 0 0 7 0 0 0 0 0 37 10 0 0 0 0 34 0 0 0 0 82 85 83 13 0 0 0 25 95 0 0 21 67 82 40 0 0 0 4 0 0 0 0 0 0 0 0 0 0 0 13
0 81 0 34 0 0 0 0 0 0 0 0 0 0 94 0 0 0 0 0 5 0 32 0 0 29 0 0 0 0 0 0 0 0 0 0 0 0 0 0 0 0 0 60 0 24 0 0 88 64 0 0 0 8 0 0 0 0 0 0 35 0 81 0 55 0 0 0 0 0 0 67 0 38 0 83 0 43 0 0 0 0 0 0 46 54 0 0 0 0 0 85 0 11 0 0 0 20 0 0