100
0 89 59 84 0 27 92 0 0 0 0 50 0 0 0 0 0 0 0 0 0 0 32 44 0 0 32 75 0 0 0 0 0 0 0 0 0 0 0 0 0 0 0 21 0 0 0 0 53 0 0 0 0 0 0 0 92 0 0 0 0 0 0 0 7 0 0 0 0 0 0 24 0 0 0 0 0 0 0 0 0 0 90 0 0 0 0 0 14 11 80 0 0 0 88 76 0 27 0 0
0 0 0 0 0 83 0 0 36 0 0 0 0 0 0 0 0 0 0 0 0 0 0 0 0 0 0 0 0 64 0 0 0 0 0 0 0 0 64 0 0 0 0 45 0 0 0 0 4 0 83 65 0 0 0 36 0 0 0 0 0 0 0 0 7 5 69 0 0 0 0 37 0 0 53 14 0 0 0 0 0 0 20 0 0 32 0 0 0 0 14 0 95 0 0 0 0 0 0 39
0 0 0 0 0 0 72 0 32 34 0 0 0 59 14 0 0 0 0 0 0 0 0 28 0 0 0 79 0 0 0 0 0 0 0 0 0 0 0 84 47 27 0 0 0 0 0 0 0 74 0 0 0 0 0 0 0 0 0 0 0 0 0 39 0 0 0 0 52 13 69 0 0 0 0 0 0 0 0 0 0 0 92 0 0 0 0 0 0 0 0 0 0 0 0 0 0 0 32 0
0 0 0 0 1 0 36 0 0 41 0 10 0 0 0 0 0 0 98 1 0 0 0 0 0 87 23 0 0 0 73 0 0 33 0 38 69 0 0 0 0 98 0 0 0 0 0 0 89 0 0 0 0 0 0 0 83 0 0 0 0 97 0 0 0 0 65 0 44 0 78 40 0 0 0 0 0 0 0 0 38 64 79 0 0 0 0 0 25 71 0 0 0 0 0 0 0 80 0 0
0 0 68 0 0 0 0 8 0 0 27 0 48 21 0 0 0 0 0 0 0 0 0 78 0 0 50 0 0 0 0 0 0 0 0 0 15 0 70 0 94 0 0 0 0 0 0 0 0 0 0 86 0 0 0 0 0 0 0 0 0 0 0 0 0 0 0 0 0 0 0 0 40 57 81 0 0 0 0 0 0 75 41 0 0 0 0 17 0 0 0 0 68 0 0 0 0 12 86 0
0 0 56 0 42 0 0 0 51 0 0 0 0 11 0 0 0 17 0 31 0 0 0 0 0 79 0 0 0 0 46 0 0 31 0 20 0 0 52 0 0 0 0 1 55 0 0 0 88 0 0 13 0 0 0 0 0 95 0 0 90 0 0 0 0 0 0 0 0 0 83 28 0 0 0 0 0 0 0 0 0 0 24 100 0 0 0 0 0 0 44 0 0 15 77 50 0 0 0 0
0 32 0 92 26 0 0 0 0 0 0 65 0 0 0 0 0 0 0 47 0 0 0 0 0 0 0 0 0 0 0 39 0 0 0 0 62 0 0 44 0 0 0 0 6 83 0 0 0 0 0 0 0 0 97 0 74 0 26 13 0 60 0 0 0 15 0 0 7 0 40 0 0 68 0 93 47 0 0 0 0 0 0 84 0 0 0 0 0 0 17 0 0 0 0 0 0 0 0 0
0 0 0 0 0 0 0 0 0 0 0 0 0 0 0 0 0 30 0 0 0 66 0 0 0 0 0 78 67 0 0 0 0 21 35 0 12 34 0 0 0 0 0 0 13 0 89 0 0 0 0 0 85 69 0 0 0 0 0 0 77 0 0 0 0 0 0 0 46 38 43 64 0 0 0 0 0 0 0 0 0 25 0 0 0 0 89 0 0 0 0 0 0 0 0 12 0 73 0 51
0 27 12 0 0 0 0 0 0 0 0 0 0 0 78 0 0 62 0 0 0 0 0 0 0 0 0 0 0 0 0 0 0 3 0 81 76 85 0 6 0 0 0 92 0 0 0 0 89 0 65 80 0 0 0 65 0 0 0 0 0 0 0 0 0 0 0 0 12 40 34 0 0 0 0 0 0 0 0 0 0 0 66 42 0 0 72 10 44 0 0 0 0 29 0 0 84 0 0 0
0 45 0 0 0 0 0 55 0 0 0 0 0 76 0 0 0 0 0 0 0 0 0 0 0 0 0 0 0 0 0 0 36 0 0 0 0 0 44 0 0 0 46 0 0 62 5 0 16 0 0 0 0 0 0 0 0 0 0 0 0 0 0 0 0 0 0 0 0 34 0 51 0 61 33 0 0 0 92 0 0 39 0 0 0 0 0 0 0 0 92 0 0 0 0 0 69 0 0 0
0 29 0 0 27 0 0 0 20 0 0 50 0 0 0 0 0 0 0 0 12 0 0 0 8 0 73 0 64 0 5 39 0 32 0 0 0 0 69 0 0 0 42 0 3 0 0 0 0 0 0 0 0 72 0 0 76 0 0 0 0 0 0 0 49 0 0 75 0 5 0 0 0 0 48 95 0 0 0 0 0 0 0 46 0 0 0 0 0 0 41 0 0 17 63 0 7 50 0 0
0 0 17 0 0 0 0 0 0 0 0 0 0 0 16 0 0 0 0 62 80 0 0 0 0 0 10 0 25 9 0 0 51 17 0 99 0 0 0 0 6 0 0 87 0 0 0 0 0 0 62 0 0 0 53 0 0 0 15 85 0 0 65 0 0 17 0 0 19 100 29 7 61 0 0 0 0 0 0 73 0 0 0 0 0 0 0 0 0 57 0 1 92 0 0 1 0 14 0 0
88 0 0 0 94 0 0 0 98 0 42 29 0 0 0 0 0 0 0 0 0 38 0 0 47 0 0 0 0 0 0 0 0 0 0 0 7 0 0 0 0 0 0 0 0 0 9 0 0 0 56 28 0 2 42 0 2 76 0 0 0 58 0 0 0 0 0 0 0 0 0 0 47 36 0 0 0 0 0 0 65 0 0 0 41 0 41 82 0 0 83 0 0 10 0 0 0 26 33 0
30 0 0 0 50 0 0 43 0 0 0 0 0 0 0 0 22 41 0 0 0 0 18 37 0 0 0 0 99 17 0 0 0 27 0 94 0 0 80 0 0 65 0 0 0 0 0 36 0 40 6 0 75 0 0 0 0 0 0 0 60 0 0 0 0 0 0 0 0 0 0 0 0 0 0 0 91 0 0 0 0 71 0 73 0 0 48 42 0 50 0 0 0 0 0 0 12 0 0 77
0 18 0 0 69 0 55 0 40 0 0 71 0 0 0 0 8 0 69 0 0 0 0 0 20 0 0 0 99 22 0 0 0 0 0 0 56 69 0 0 99 0 0 0 83 0 17 41 0 0 0 0 50 0 0 37 13 0 0 0 0 0 0 0 0 0 0 0 43 0 0 0 0 95 0 0 0 44 8 0 0 41 0 0 0 0 3 0 75 0 0 42 96 0 3 39 40 0 34 0
0 0 0 0 0 22 0 0 0 0 0 0 0 0 0 0 0 0 0 0 0 0 59 0 0 0 0 80 0 0 89 0 0 0 0 0 76 11 0 0 0 57 0 22 0 0 0 0 0 0 47 0 0 0 0 0 0 0 0 0 0 0 93 0 0 0 63 0 0 0 0 0 0 62 0 0 9 0 6 74 0 0 28 25 0 0 0 0 0 1 0 29 0 38 0 0 0 0 0 11
0 79 0 0 0 0 0 0 0 0 97 35 41 0 0 0 0 0 0 0 0 53 67 0 90 84 0 0 6 0 0 0 0 0 0 0 25 0 0 0 0 0 0 0 0 0 0 0 0 0 0 0 57 0 0 0 22 0 0 72 0 0 0 0 0 83 56 0 0 0 0 0 0 0 0 0 0 0 0 50 0 0 59 0 0 63 0 0 81 0 75 6 0 0 73 0 0 0 1 0
0 0 0 0 0 0 0 0 73 0 43 0 20 0 0 0 0 0 0 0 28 0 0 0 79 0 0 0 31 71 0 11 67 0 0 13 0 0 0 60 0 23 0 0 0 0 0 0 0 0 0 78 0 0 0 0 0 0 0 0 0 0 0 0 0 0 0 0 0 35 0 0 0 0 0 0 0 0 0 0 0 0 3 0 0 0 0 45 0 0 0 0 0 0 0 0 65 87 0 0
0 0 0 14 0 0 58 0 0 62 0 0 58 0 0 0 0 0 0 16 0 10 77 0 0 84 0 0 57 0 0 0 0 2 7 0 0 0 56 49 0 0 0 0 0 0 84 0 0 83 57 0 0 0 0 0 0 66 70 77 64 0 2 0 0 0 18 0 17 0 0 17 0 0 0 0 74 0 0 59 81 0 0 0 0 0 0 67 0 0 0 0 0 0 0 0 0 62 0 0
0 0 58 0 0 0 0 0 0 9 0 29 87 0 0 0 0 27 26 0 0 0 0 91 0 0 60 0 5 0 0 60 11 0 0 0 0 99 3 38 0 0 0 0 0 0 0 0 0 0 35 95 0 0 88 0 0 0 78 0 0 13 93 3 26 51 1 0 0 6 0 0 0 0 0 57 0 0 0 52 9 0 0 71 0 0 0 0 0 0 53 89 0 0 0 62 0 0 0 0
0 0 35 0 0 95 0 0 91 0 0 0 0 0 40 29 0 0 0 37 0 61 0 0 0 0 0 0 86 0 0 0 17 0 0 0 0 41 0 41 0 21 0 0 0 0 97 0 0 0 0 51 87 41 0 2 0 0 0 0 0 0 0 22 0 0 0 0 31 0 60 0 0 0 0 0 3 49 0 0 93 0 0 0 0 0 81 60 1 0 0 0 0 0 0 0 0 90 0 0
0 0 0 0 45 50 0 0 0 0 0 0 0 27 0 0 35 0 0 57 0 0 0 0 0 0 0 0 0 0 0 27 31 26 0 0 0 82 46 0 0 0 0 0 0 0 22 0 0 0 0 0 0 68 0 0 0 0 0 0 0 0 74 47 82 70 0 0 0 0 14 0 0 0 0 74 0 0 0 0 0 0 0 0 4 0 0 0 0 94 0 0 0 0 0 0 0 0 0 55
0 90 97 99 71 0 0 0 0 0 0 0 0 0 0 0 0 0 0 0 66 0 0 0 0 0 0 0 0 0 66 85 0 0 0 0 0 86 0 0 92 0 0 13 0 0 0 0 34 67 0 0 0 0 0 0 0 0 0 0 0 5 0 20 21 0 21 0 0 43 0 0 0 0 0 99 71 0 0 0 68 90 0 0 0 0 0 0 39 10 0 44 0 0 0 0 19 0 33 0
0 70 9 0 14 0 0 10 11 0 32 51 0 0 0 74 0 0 0 0 0 48 0 0 0 0 0 0 0 0 0 0 47 94 0 100 0 0 0 0 0 36 0 0 0 0 0 52 41 0 29 45 0 95 0 0 0 0 0 0 0 0 0 0 0 61 0 0 0 0 0 0 0 0 0 0 55 0 0 0 0 0 0 0 0 0 0 0 0 0 0 0 0 8 0 0 4 49 0 26
0 0 40 0 0 26 16 0 100 0 31 0 0 48 0 0 0 0 0 0 0 0 65 0 0 0 0 0 0 0 0 0 0 0 0 0 0 0 0 0 0 0 0 0 0 46 0 0 0 0 0 0 0 70 0 46 0 78 0 0 8 0 0 0 0 0 0 0 0 0 0 0 0 0 0 0 0 0 0 0 44 31 0 0 0 0 34 0 0 0 32 84 0 0 0 0 0 49 0 0
0 92 0 0 0 0 0 0 0 63 99 0 0 0 0 79 0 0 0 31 0 0 57 0 62 0 0 0 0 0 0 0 50 0 0 0 0 24 0 0 21 0 0 0 0 73 0 74 0 0 0 69 17 90 95 0 0 0 30 0 0 0 45 0 0 0 100 29 0 0 7 0 88 0 84 0 24 0 0 0 0 0 73 0 0 0 89 42 0 0 0 8 0 0 76 28 0 0 0 0
74 0 0 0 29 0 0 54 0 0 0 0 0 0 0 0 0 0 25 0 0 15 0 0 0 0 0 0 71 0 0 0 0 0 0 0 0 35 0 0 0 0 0 0 0 0 0 0 0 0 0 0 7 0 0 0 0 0 0 0 79 62 0 32 0 43 0 0 78 83 0 80 37 0 0 25 23 0 0 81 0 99 0 0 0 26 0 0 0 0 62 0 0 0 0 0 0 0 0 0
0 0 85 0 46 0 26 0 0 0 0 0 0 0 0 0 0 0 0 15 0 14 0 63 0 0 0 0 26 0 0 0 0 0 0 48 0 0 0 0 98 59 0 83 0 0 0 0 0 0 0 0 9 0 88 0 0 94 0 0 0 10 89 67 0 0 0 0 0 92 0 0 0 45 0 0 0 0 0 0 0 0 0 0 0 0 96 0 36 90 73 0 0 0 0 75 0 0 0 0
0 0 0 0 0 0 0 0 0 0 0 84 35 0 0 0 0 0 37 0 0 64 0 26 0 0 0 0 0 29 0 0 61 0 14 11 0 85 0 0 0 66 0 0 0 0 0 0 0 24 0 0 0 0 14 0 0 0 0 0 0 78 0 0 19 0 0 0 0 0 0 34 0 0 80 0 0 0 0 0 0 57 55 0 53 0 0 54 18 0 63 0 0 0 0 34 0 0 0 0
68 0 0 0 0 0 96 0 0 0 0 0 0 0 64 0 0 0 0 0 0 0 0 0 43 0 0 0 0 0 0 0 0 0 0 0 3 0 0 0 11 0 0 0 0 0 0 0 56 0 0 0 0 0 0 0 53 0 0 5 0 0 0 0 94 48 0 0 0 0 15 0 0 62 0 0 3 0 60 0 0 99 0 0 0 0 0 0 0 0 0 0 0 0 0 0 0 0 0 0
0 0 0 0 0 0 0 54 0 49 0 0 0 0 0 0 0 0 0 0 0 100 0 0 0 0 0 0 0 0 0 0 98 9 0 23 84 0 0 0 86 0 0 0 0 0 0 0 0 0 0 0 0 0 13 0 0 0 86 0 0 61 0 0 0 20 0 0 0 0 0 0 0 0 0 0 0 0 32 0 11 0 0 0 0 0 0 0 0 0 15 0 0 0 31 0 53 3 0 92
0 0 89 0 0 0 0 27 0 0 0 0 86 0 0 75 0 0 52 0 75 0 0 0 9 0 0 64 0 74 0 0 0 0 0 0 0 0 0 0 0 0 0 0 0 22 0 88 91 0 0 40 0 47 0 0 0 87 0 0 0 0 40 0 0 0 92 0 65 0 0 66 0 0 0 0 0 0 0 0 33 0 0 0 0 0 86 0 0 0 0 0 0 0 10 0 0 0 0 0
0 0 10 0 41 43 0 0 42 0 0 0 0 0 0 0 25 0 0 98 0 91 59 0 44 0 0 0 18 0 26 0 0 0 0 26 0 0 0 47 0 0 0 0 0 0 0 0 0 0 0 45 32 0 0 0 11 69 0 0 0 27 64 0 0 0 0 0 0 28 0 0 0 0 0 62 0 0 0 0 36 43 51 85 0 0 0 0 0 50 0 5 13 80 0 0 0 0 0 0
0 0 97 93 0 0 0 0 0 0 0 0 98 29 0 0 0 82 0 0 0 0 0 0 23 0 0 0 22 0 0 0 0 0 0 0 0 0 0 0 0 0 0 0 88 0 0 0 0 0 0 0 52 34 73 0 13 0 0 57 0 0 0 69 17 0 0 0 0 0 0 90 0 41 0 0 0 0 0 0 0 28 0 17 0 0 94 13 0 0 64 0 72 0 0 0 21 0 74 51
0 82 0 0 0 0 75 0 0 0 0 96 0 0 58 0 0 0 0 74 0 0 0 0 52 0 0 0 0 0 0 2 0 0 0 0 0 0 91 0 0 0 0 0 0 0 0 0 14 0 0 26 0 0 71 0 0 30 0 99 99 0 0 0 0 0 90 39 0 0 0 0 0 0 0 0 0 0 0 0 0 80 96 0 34 0 0 71 51 0 36 0 0 0 0 0 0 49 0 28
0 0 0 0 0 0 0 37 0 0 0 79 0 0 0 0 9 0 23 0 0 7 0 0 0 0 13 86 0 0 0 0 0 0 0 0 0 0 0 16 0 15 0 0 20 0 73 0 3 0 0 30 0 0 0 67 0 99 0 0 0 0 52 29 0 0 0 0 0 0 85 0 60 0 0 59 0 0 0 0 0 0 0 0 0 0 0 36 0 73 0 0 0 0 60 74 33 0 0 0
0 0 0 73 0 0 82 0 0 0 0 13 98 0 0 0 0 92 0 0 0 0 0 0 0 0 0 0 0 8 37 0 0 0 56 79 0 0 0 67 0 0 0 0 79 42 0 0 0 0 95 0 0 64 78 0 0 95 0 0 0 0 0 0 50 0 0 0 35 0 0 0 0 0 0 0 0 0 30 0 0 0 83 99 0 73 0 0 0 0 0 0 0 12 0 0 0 0 0 0
0 0 9 14 0 0 0 0 0 0 0 0 0 0 0 96 67 0 0 0 0 7 0 37 0 0 0 0 64 29 0 67 0 41 0 0 0 0 0 0 0 81 0 0 0 0 0 0 5 0 0 0 0 0 46 0 0 0 0 0 0 0 88 0 0 16 72 0 0 0 18 0 0 0 0 0 0 0 19 0 0 0 0 0 36 41 0 0 0 0 26 0 0 0 0 0 89 0 0 0
0 46 0 54 0 0 0 89 0 0 0 0 0 0 0 25 10 91 12 83 0 78 0 0 12 0 0 0 14 0 61 0 0 0 38 0 0 54 0 0 0 0 0 0 0 0 0 0 0 0 0 0 66 0 71 0 0 0 65 0 0 55 0 0 0 0 0 0 53 0 0 0 0 97 0 0 0 14 96 0 0 0 0 0 0 82 0 3 0 0 0 0 9 0 0 0 0 0 0 0
66 0 0 0 0 0 0 0 0 61 0 19 0 0 0 0 0 0 0 0 88 0 88 0 0 8 0 0 0 0 25 53 0 0 0 95 0 0 0 0 0 0 0 0 0 0 0 0 0 58 0 0 0 0 36 0 0 81 0 0 0 0 14 0 0 0 17 0 0 20 19 0 5 0 0 0 85 0 17 67 0 0 34 35 0 30 91 0 71 62 0 0 75 0 0 13 0 0 0 0
95 0 0 0 0 0 52 0 0 0 84 0 0 60 0 0 0 42 0 72 0 67 0 0 0 0 0 0 98 0 34 0 0 0 0 0 0 0 0 0 0 0 4 0 0 0 0 0 41 0 15 0 0 0 0 0 0 0 0 0 0 0 0 0 0 0 50 0 21 0 0 0 26 55 0 19 0 0 0 23 0 0 0 0 30 0 0 0 37 0 0 0 0 40 0 0 0 23 0 0
0 0 0 22 0 83 29 0 0 20 69 0 0 40 0 0 0 0 35 0 0 0 0 76 0 100 0 0 76 0 0 29 0 0 15 0 45 0 0 52 0 0 41 0 0 0 27 62 0 0 0 0 0 0 0 77 0 0 0 0 0 0 0 0 0 0 15 0 22 0 20 0 0 0 0 9 0 100 0 0 0 81 58 0 0 0 0 57 42 51 11 0 98 28 84 0 91 0 59 0
0 0 0 0 0 0 93 0 0 0 0 0 0 0 0 58 0 0 0 0 0 32 27 0 93 0 0 0 0 0 0 0 72 0 0 0 0 0 2 0 0 2 0 0 0 0 100 75 0 0 0 0 0 0 0 47 17 0 0 36 0 0 0 0 33 0 0 73 0 41 0 0 80 0 0 0 69 0 18 0 0 0 0 0 0 0 0 55 0 0 0 0 0 0 0 31 0 0 57 0
0 0 0 0 0 51 0 28 0 37 12 0 62 0 68 0 58 0 0 0 0 0 0 0 0 0 0 0 0 0 52 0 78 0 41 0 18 0 0 30 0 0 0 0 0 0 0 0 0 0 0 0 0 62 0 50 0 0 19 19 0 0 0 0 0 0 0 0 0 0 0 0 36 0 0 0 0 0 0 48 0 0 1 0 9 0 0 0 0 0 0 0 0 28 0 0 68 0 0 5
0 0 69 13 97 0 0 5 0 57 24 51 0 20 0 0 0 0 26 0 38 0 69 0 0 0 4 0 0 0 0 0 0 0 0 0 20 0 0 0 0 59 0 41 0 0 50 0 28 0 0 0 0 0 0 97 0 0 72 0 0 0 94 0 0 0 79 0 0 25 0 0 0 0 0 0 11 99 0 42 0 35 0 0 0 0 0 49 0 0 0 0 45 0 0 33 0 0 0 0
99 0 0 49 65 0 0 0 60 28 0 0 0 0 0 7 0 68 0 0 0 0 0 0 31 0 47 0 0 66 0 0 0 0 67 0 0 0 46 9 0 0 0 0 0 0 0 99 0 0 0 0 0 74 0 81 0 30 0 0 29 0 0 0 0 51 0 0 0 95 0 0 0 0 0 0 0 36 0 0 0 0 0 0 26 10 0 0 0 0 24 0 0 0 0 38 0 82 0 0
0 16 0 0 0 0 60 0 0 0 0 0 0 21 0 0 0 0 0 46 0 0 44 0 0 0 0 0 0 0 0 0 0 0 47 0 0 0 0 0 0 0 0 0 0 0 0 87 0 0 0 0 0 0 0 0 99 0 0 0 0 0 0 0 0 0 89 0 0 0 0 0 0 87 0 71 0 98 0 81 0 0 0 0 5 0 84 0 0 0 90 0 0 0 11 0 0 0 0 0
0 0 0 0 100 0 0 64 71 0 0 0 89 0 49 0 0 0 74 0 0 0 0 0 0 0 0 0 95 49 0 64 89 0 10 0 0 0 64 49 0 0 0 0 0 66 0 0 0 0 46 0 0 0 0 0 0 0 0 23 73 77 0 0 3 49 0 78 91 0 0 0 0 13 0 52 0 30 0 0 0 0 0 0 16 0 0 0 0 0 0 64 0 0 44 0 0 0 0 0
0 43 0 0 0 33 0 2 0 0 63 0 0 0 57 0 0 13 0 78 0 0 86 0 0 13 0 33 0 0 0 0 18 0 0 21 0 0 0 100 0 0 28 0 31 0 0 100 0 0 0 45 0 0 0 0 0 69 0 0 0 0 0 55 0 0 15 0 0 10 0 65 4 0 0 0 0 0 0 58 0 0 0 0 53 0 65 0 0 50 0 0 0 64 0 0 60 0 0 70
0 0 0 0 0 0 0 0 0 0 0 0 18 0 0 0 11 53 0 0 0 36 0 0 0 0 0 0 0 0 81 0 0 0 0 0 0 0 0 42 0 87 0 76 0 62 0 0 67 0 0 0 13 0 0 0 0 0 0 0 0 0 0 0 58 0 0 0 0 0 84 0 0 0 0 0 0 3 26 0 92 0 0 0 0 0 0 0 0 0 0 0 0 0 97 0 0 0 0 0
71 0 0 81 0 0 0 2 0 0 68 0 0 0 0 40 0 36 0 0 0 0 0 0 2 0 0 0 0 0 12 0 0 0 49 31 57 0 0 0 0 21 0 0 0 38 0 0 0 46 0 0 0 11 28 0 18 0 0 0 0 0 0 0 0 0 0 0 0 0 61 0 0 0 0 0 0 0 0 0 0 0 0 45 0 0 0 0 0 25 0 0 16 0 0 0 0 29 0 0
0 0 0 3 0 0 18 0 44 13 60 0 0 4 45 67 3 0 0 36 0 0 0 0 0 21 0 8 0 12 0 0 97 0 39 0 0 0 0 58 70 0 0 30 0 0 0 0 0 0 0 0 0 0 0 57 0 0 0 94 0 0 0 11 0 88 0 0 0 0 61 58 0 0 0 0 0 0 0 91 0 36 19 0 0 0 23 0 0 0 0 0 0 0 0 82 64 0 0 0
0 0 0 0 0 0 0 0 75 93 0 0 63 13 0 0 0 0 74 0 0 7 0 0 0 0 60 0 0 0 0 0 0 0 0 45 0 0 0 0 0 0 0 0 81 0 21 0 0 43 0 0 0 0 0 0 0 0 42 0 0 39 61 0 43 0 0 49 0 72 0 11 0 100 0 0 0 0 0 0 0 100 0 0 0 0 0 0 41 0 0 0 0 0 0 0 0 0 0 30
92 0 0 0 0 0 0 0 0 34 0 0 61 0 0 35 88 99 0 0 0 0 0 0 0 0 0 0 0 0 36 50 0 0 3 0 0 0 0 0 0 0 0 97 0 0 0 0 0 0 0 0 84 0 0 0 17 0 73 52 0 0 0 0 0 62 0 0 42 0 0 82 0 64 77 0 0 86 0 35 0 76 27 0 0 0 0 47 57 0 0 0 0 0 0 0 0 0 63 0
0 0 0 0 0 66 39 0 0 41 0 0 0 0 0 17 41 0 0 0 0 0 29 75 0 89 0 0 0 0 0 0 0 83 0 0 53 0 77 0 0 0 93 12 0 0 0 52 0 0 0 93 0 0 0 0 0 87 46 0 0 84 95 0 0 0 0 11 0 0 0 0 3 0 97 95 0 0 0 0 0 0 36 94 0 0 77 0 77 83 0 0 0 0 0 0 0 0 0 0
4 0 75 0 0 0 0 0 0 0 0 0 0 0 0 46 0 0 0 0 100 0 0 0 0 0 0 0 0 0 0 64 0 94 0 0 25 0 51 0 0 0 0 0 0 0 31 0 24 14 0 0 0 0 0 0 0 0 0 0 0 0 0 24 0 0 0 0 0 0 0 0 0 0 81 0 13 0 9 56 0 0 0 63 0 0 0 0 0 0 0 0 0 0 0 0 74 0 0 0
0 0 0 0 0 0 0 0 0 58 0 0 0 0 0 0 39 0 92 0 76 0 0 0 0 0 0 5 0 0 0 0 0 24 0 0 3 0 65 0 0 1 0 0 0 0 0 19 0 0 0 94 0 0 0 79 0 0 0 0 0 0 0 0 0 31 0 0 0 0 0 0 0 0 22 0 0 5 0 0 0 84 0 56 95 0 58 0 0 66 0 0 2 0 0 0 0 0 0 0
95 0 0 0 0 66 0 0 59 0 0 0 0 0 35 0 0 0 0 0 0 0 0 28 0 0 60 0 0 0 81 0 0 0 0 0 0 0 0 0 0 0 0 0 0 0 0 69 0 0 0 0 57 48 0 0 0 0 0 0 23 0 0 14 0 10 0 0 0 51 25 0 0 0 0 0 59 12 0 0 0 0 0 0 0 43 0 39 0 62 0 0 28 16 87 0 0 19 64 0
0 0 0 0 0 0 0 67 73 29 0 0 0 0 0 0 0 0 0 0 0 0 0 0 61 0 60 0 0 0 0 87 7 0 0 0 0 0 58 2 98 0 0 0 0 0 10 0 52 0 19 0 0 0 0 0 15 0 0 0 0 0 0 0 0 0 0 0 0 0 0 4 0 0 52 0 29 0 10 0 0 93 81 0 0 0 0 0 0 15 52 0 0 97 0 0 0 0 0 0
0 0 55 0 0 0 0 0 0 0 0 0 70 0 0 0 0 62 0 0 0 0 0 0 0 0 100 0 0 77 0 0 13 0 47 0 73 0 3 0 0 6 76 100 0 0 11 0 44 43 0 45 0 44 70 0 0 0 0 0 0 0 42 1 0 0 39 67 0 0 5 0 0 68 0 0 3 0 66 0 0 0 0 0 37 0 0 0 0 61 0 0 0 78 0 15 0 0 0 47
43 0 11 0 16 0 0 0 0 0 0 0 0 0 40 0 0 0 0 62 15 0 0 0 0 0 0 28 51 0 0 0 98 0 0 0 0 0 0 0 65 0 0 0 14 0 77 0 0 0 0 0 28 1 0 0 0 0 0 0 0 0 0 61 8 69 0 0 0 0 0 0 0 0 8 0 0 0 63 28 18 0 90 36 0 0 0 0 0 0 0 83 52 0 0 0 0 72 0 0
0 0 0 0 0 0 0 20 0 0 0 0 30 0 0 0 9 0 0 0 13 0 0 0 0 98 0 0 55 1 0 0 0 45 0 0 0 0 0 0 0 0 0 0 0 30 0 0 0 0 0 46 0 75 0 0 0 0 74 0 0 0 0 0 0 0 0 0 0 0 0 0 0 88 0 82 12 0 0 0 55 0 0 0 0 35 0 0 0 23 0 0 0 0 45 0 0 14 0 12
0 0 0 0 0 19 0 95 0 0 17 0 0 0 0 56 24 0 0 0 0 0 0 0 0 0 6 0 0 0 0 0 0 54 0 0 0 0 0 88 33 85 0 77 0 0 80 37 0 35 35 0 18 0 0 0 0 6 0 0 0 0 0 17 91 0 0 0 0 0 0 56 0 28 2 0 0 0 0 0 0 0 98 3 0 0 0 0 100 97 89 0 44 0 0 0 19 79 36 0
0 86 96 0 0 0 0 0 0 0 0 60 0 37 0 87 0 58 0 0 21 0 72 0 0 0 0 0 0 0 0 0 0 0 0 0 0 7 10 0 0 55 59 0 0 0 0 0 0 0 0 0 45 0 0 0 66 47 0 0 0 17 25 0 78 0 0 0 0 47 21 28 0 0 44 97 0 59 7 81 0 28 0 0 0 0 0 23 0 0 27 0 0 0 45 0 0 8 0 0
0 18 52 0 0 0 55 0 0 0 0 0 0 0 0 44 0 0 0 0 0 0 0 0 96 0 73 47 77 0 0 0 20 32 0 0 0 0 89 23 0 0 0 0 0 81 0 64 0 0 65 0 0 0 0 0 0 99 0 0 0 0 0 92 0 66 0 0 0 0 58 29 88 0 67 0 4 0 0 87 61 0 0 0 0 0 0 30 59 0 83 0 0 0 0 0 0 21 0 0
0 0 0 0 59 0 0 0 43 0 0 0 99 88 0 26 0 0 82 31 17 0 94 33 0 0 0 16 97 0 0 84 0 0 0 0 0 0 0 0 0 0 0 0 0 0 0 0 27 57 0 0 0 96 26 0 0 0 0 0 3 0 0 0 0 0 0 0 0 0 0 30 0 0 0 0 0 43 0 0 0 25 36 0 93 0 0 0 0 0 12 0 0 0 0 0 10 0 0 0
28 0 0 64 0 26 0 0 98 0 44 0 0 0 0 56 0 0 0 0 0 0 0 0 0 0 0 12 0 0 0 0 0 48 0 0 9 0 0 0 0 0 80 0 0 0 0 0 0 0 21 55 0 96 0 0 10 21 0 0 0 0 0 0 0 0 0 68 0 0 90 0 0 0 86 95 0 0 0 0 0 0 0 0 65 0 0 0 0 0 60 0 29 0 0 0 50 0 0 0
84 0 0 0 0 0 0 72 0 0 0 48 0 0 0 31 0 0 67 0 0 0 0 0 0 0 0 0 68 0 64 0 0 0 67 0 0 0 0 25 0 0 0 0 0 0 0 85 0 0 0 0 66 0 12 0 0 0 0 0 62 55 0 0 0 0 0 0 0 0 0 0 0 0 56 0 63 0 52 90 0 0 0 0 67 0 5 0 0 0 0 62 0 0 0 6 0 0 71 0
42 0 13 0 0 0 0 0 45 81 15 0 0 0 0 46 0 0 0 0 0 0 0 0 0 0 0 0 0 0 0 13 0 0 0 77 0 0 0 0 0 0 0 36 0 0 27 98 94 0 0 78 0 18 0 14 0 63 0 0 64 0 0 0 0 0 0 37 0 0 0 89 0 0 0 0 48 0 0 54 0 0 0 42 0 0 0 0 33 0 10 0 0 93 49 0 79 96 59 0
0 100 37 0 0 0 0 0 94 0 0 0 0 0 19 0 0 0 0 0 0 0 0 0 39 0 0 0 12 0 0 0 0 0 13 0 0 70 0 0 0 0 0 0 1 0 12 0 45 39 91 0 0 0 0 0 0 0 0 46 0 53 78 0 0 0 0 0 0 0 77 24 0 27 0 72 3 32 83 0 9 0 96 0 0 0 0 0 0 0 0 0 0 0 0 0 0 99 0 0
0 62 0 37 0 0 0 0 0 0 56 0 73 0 0 0 0 0 0 58 0 0 74 0 0 20 0 0 0 0 0 0 0 0 0 0 0 0 0 0 0 75 0 44 37 21 43 0 93 0 0 0 0 0 0 0 0 0 0 26 88 0 0 0 0 59 0 81 94 0 0 21 0 0 0 0 0 0 66 0 0 0 39 0 0 83 0 0 0 0 0 0 0 41 97 16 7 0 0 0
1 51 29 0 0 42 0 0 58 0 0 0 0 0 0 93 0 0 0 0 0 0 0 0 0 71 0 0 56 78 1 61 0 31 0 43 0 54 0 41 0 0 84 87 0 0 12 0 0 0 34 0 0 26 88 0 0 0 0 0 0 38 0 95 90 0 0 0 0 0 0 0 0 62 0 0 56 0 0 0 33 0 54 0 0 69 0 0 0 0 0 28 0 0 0 0 0 0 0 31
0 0 11 100 0 0 0 0 94 0 43 0 78 0 0 37 0 21 0 0 71 0 0 0 66 69 0 0 0 0 37 0 0 0 0 0 0 0 0 0 0 47 15 0 0 0 83 0 0 0 0 0 0 0 0 0 0 0 0 93 33 0 0 70 0 0 0 0 37 0 0 0 0 0 0 38 0 0 0 0 0 85 0 0 57 67 0 0 0 0 0 0 89 0 0 0 91 49 0 0
0 0 0 0 0 0 69 67 66 0 41 14 0 64 73 48 0 0 15 0 31 0 0 0 95 21 62 0 0 0 0 0 0 0 53 0 0 0 0 11 0 0 2 0 0 73 0 0 0 0 0 16 0 0 0 0 0 0 0 0 0 0 0 0 96 94 76 0 0 0 0 0 74 0 18 0 0 0 0 0 7 0 0 0 0 0 0 0 0 0 0 30 0 0 0 0 0 0 0 0
0 0 0 0 24 0 0 76 0 41 0 0 0 0 91 0 0 0 44 0 0 0 0 34 0 0 0 0 0 62 25 0 38 0 0 0 0 0 0 66 9 0 41 0 0 0 0 12 0 0 0 4 0 0 0 4 0 0 0 0 0 0 0 0 0 13 64 0 0 0 0 0 22 88 0 0 0 0 0 0 0 0 0 0 0 0 99 0 0 0 0 0 0 0 0 0 0 0 27 0
5 11 77 0 0 0 0 0 0 66 98 0 30 28 0 0 0 7 0 13 0 0 0 19 0 0 0 0 77 0 14 0 31 0 58 0 0 0 0 0 0 0 0 25 0 0 0 0 97 0 0 0 0 0 0 0 64 23 81 0 11 0 89 6 0 0 0 0 32 58 0 12 0 79 0 0 0 36 0 0 17 28 49 0 0 0 0 0 0 0 0 0 0 0 0 0 0 17 26 26
0 0 0 15 0 58 67 0 33 7 0 0 18 91 0 0 27 86 42 33 0 77 30 0 0 43 0 0 0 0 23 77 0 0 96 0 0 0 0 0 0 0 0 10 89 84 0 0 0 0 87 0 0 100 0 0 0 0 0 0 0 0 34 0 0 0 0 0 0 0 0 0 0 77 0 0 0 0 52 0 0 0 0 52 0 58 0 0 28 13 7 0 0 0 0 0 0 0 0 0
0 0 0 0 0 16 0 0 0 0 87 78 35 0 0 0 0 0 0 77 0 0 0 0 0 0 0 0 16 37 0 0 0 0 0 0 0 0 0 0 9 84 0 94 56 0 0 47 0 0 0 0 85 0 4 0 0 0 0 0 0 0 0 0 0 0 0 0 43 0 0 50 0 0 0 0 0 0 13 56 0 13 0 40 52 22 0 0 0 0 0 0 0 0 0 0 0 0 0 80
0 0 89 0 4 0 0 0 0 29 0 0 27 58 0 0 0 0 0 42 12 0 0 0 61 0 0 0 79 84 0 73 40 0 0 0 0 77 65 0 0 0 0 0 79 0 0 0 0 77 0 0 0 0 0 0 0 6 36 15 0 0 0 0 0 0 0 0 0 0 0 0 0 0 0 0 23 45 0 0 54 64 1 0 0 0 0 0 0 50 0 0 0 0 0 0 0 15 13 0
0 0 0 0 0 0 4 82 0 30 0 0 71 0 0 0 0 76 0 0 0 0 0 0 0 0 0 0 0 0 0 0 0 0 0 0 0 0 0 0 0 0 0 0 65 0 0 13 0 0 44 0 0 0 0 0 91 48 18 0 0 0 0 0 74 0 0 0 0 0 0 21 94 0 0 0 0 43 30 0 0 0 0 0 0 15 0 0 0 0 0 24 0 0 0 73 0 0 0 0
0 27 20 0 0 0 0 56 0 25 0 0 0 0 61 15 0 99 0 0 0 0 69 0 8 71 0 0 0 0 0 0 0 0 0 0 0 18 0 0 0 0 0 0 82 77 0 0 0 0 0 0 0 0 5 98 34 0 0 42 21 0 0 84 0 0 0 51 0 0 0 0 0 0 0 29 78 0 0 0 0 0 0 73 0 0 0 2 46 0 0 0 0 0 39 0 0 0 51 64
3 26 0 0 0 0 79 0 4 0 0 22 0 0 0 0 0 0 0 0 0 0 0 0 0 0 0 0 29 0 0 0 0 0 0 0 0 0 0 0 52 0 0 0 9 43 0 70 0 0 0 27 0 16 36 63 45 68 0 0 62 0 0 0 0 0 0 0 0 52 0 0 0 0 0 32 0 17 0 0 0 0 0 0 70 74 0 0 0 34 0 0 81 0 0 0 94 0 0 0
0 0 0 0 0 88 27 0 0 0 0 0 0 0 0 0 0 0 58 0 70 0 56 0 0 0 8 0 0 0 0 67 0 0 0 0 0 53 0 0 0 0 0 0 0 3 19 23 100 0 0 0 0 0 0 11 0 74 0 0 19 0 0 0 0 0 53 46 53 0 0 0 0 0 0 0 57 0 0 0 0 0 0 0 0 93 97 0 0 93 0 0 91 0 0 0 0 0 0 0
0 0 0 0 0 0 0 0 0 0 0 0 0 0 0 0 43 0 0 0 97 0 0 0 0 39 83 0 0 0 0 0 0 0 0 0 0 0 40 0 0 0 0 0 0 0 63 27 19 0 0 25 0 0 0 0 0 28 0 76 0 0 0 51 33 0 0 0 0 0 0 92 1 0 0 0 0 0 0 0 0 0 0 0 19 0 0 0 21 49 0 0 0 0 0 0 0 0 0 0
0 0 0 0 50 0 0 0 0 0 0 0 0 33 18 0 0 0 0 0 0 0 0 0 0 0 3 70 94 91 0 56 0 11 0 0 0 0 25 0 0 0 0 0 84 0 0 0 0 0 0 0 0 0 0 0 0 0 0 0 0 0 0 0 0 27 0 0 53 0 0 0 0 0 0 0 36 0 0 0 64 0 0 0 0 0 0 44 92 41 61 0 0 36 0 14 0 0 0 0
0 0 0 0 0 0 0 0 0 0 0 0 0 0 0 0 0 0 0 0 55 0 0 0 0 0 0 0 0 0 0 0 13 0 0 0 0 0 52 0 0 0 0 0 0 0 16 3 0 0 0 0 72 0 44 0 0 0 59 0 0 0 0 0 0 0 0 0 0 0 0 92 0 0 59 0 0 0 54 85 83 0 0 75 69 0 0 17 0 86 48 0 0 36 0 0 0 0 0 0
0 0 0 0 0 0 91 12 72 0 0 0 0 17 0 88 0 0 46 0 0 0 36 0 0 0 10 0 0 0 0 0 0 0 62 0 45 0 0 0 0 0 65 0 39 0 0 0 21 0 0 0 0 0 68 0 0 0 83 0 0 0 0 41 0 0 0 0 86 0 0 0 0 0 0 37 0 2 0 0 0 70 0 0 20 0 0 0 0 0 87 0 0 0 77 0 66 36 0 0
0 0 0 0 0 0 0 0 0 65 0 39 76 0 0 0 0 0 28 0 0 0 0 0 0 0 0 37 78 0 47 23 0 23 0 11 0 0 0 0 21 29 0 0 0 0 0 0 0 43 0 96 0 0 0 0 1 0 89 0 0 0 81 0 70 0 0 0 0 0 0 0 77 0 68 37 0 10 0 0 0 0 0 0 0 0 0 0 0 0 0 0 92 0 0 45 23 0 0 0
0 0 0 30 0 71 0 0 0 0 0 0 0 0 0 43 100 0 1 0 0 0 0 0 0 0 91 0 0 89 0 0 0 25 0 39 0 0 0 47 0 0 0 0 0 0 0 0 19 0 24 85 0 47 0 0 31 52 0 0 0 0 0 0 0 0 0 0 0 0 22 21 0 77 0 0 0 0 0 50 0 0 0 0 0 0 0 0 0 47 0 0 0 0 23 54 0 0 0 0
0 0 0 0 95 0 0 0 0 0 0 62 27 0 0 0 84 0 0 0 0 0 0 0 0 0 0 0 0 0 0 0 47 0 0 21 0 0 0 0 0 55 0 0 71 0 0 0 0 0 0 0 84 1 0 59 0 0 76 0 87 0 0 0 0 0 0 62 47 0 0 97 0 31 0 0 0 3 0 0 91 0 3 0 0 0 0 0 0 0 0 37 0 0 27 0 88 0 23 0
0 0 0 0 0 39 42 0 0 0 48 94 85 0 67 0 0 0 47 0 0 0 2 0 0 0 35 0 56 0 0 66 0 0 0 0 0 96 0 0 59 0 36 0 0 0 0 91 0 0 0 71 0 54 87 0 0 34 0 0 0 0 17 0 0 0 85 0 0 51 0 0 0 46 0 0 0 0 61 0 0 0 0 0 0 88 0 0 98 0 0 42 0 0 61 0 0 0 0 0
0 0 33 0 78 0 0 0 0 0 58 8 9 0 0 0 54 0 0 0 0 0 29 0 0 0 0 0 49 0 0 0 0 0 0 69 0 0 59 0 0 0 0 0 62 0 0 60 0 0 0 0 0 0 0 0 0 0 0 29 0 0 0 0 88 0 0 0 0 0 0 5 0 0 0 0 0 0 97 0 50 29 74 0 0 0 0 0 0 27 0 0 0 65 0 57 42 91 0 0
0 0 0 52 13 0 98 0 0 17 0 0 0 0 0 56 0 0 21 19 0 0 10 0 0 0 0 0 0 0 28 0 35 0 0 31 16 0 44 0 0 0 11 0 31 0 97 86 45 0 0 0 32 0 0 0 49 0 62 0 0 98 0 0 0 0 0 0 0 0 0 0 93 0 84 0 0 49 50 0 98 0 0 0 0 8 0 0 0 0 29 0 0 0 0 0 0 76 0 43
0 41 0 0 0 57 87 0 0 0 0 0 0 68 46 0 0 11 0 0 0 0 0 0 19 11 0 0 86 0 0 81 0 75 0 0 0 0 0 0 0 35 50 44 0 25 0 0 0 64 0 0 90 0 87 0 0 0 0 0 5 58 0 0 0 0 0 0 69 0 0 0 0 56 93 0 46 0 0 62 43 0 94 0 21 0 0 0 0 0 0 57 0 0 0 0 0 0 0 0
0 0 0 11 0 0 0 60 0 78 92 0 0 0 0 0 73 0 72 64 0 0 22 0 0 0 0 0 0 0 0 0 0 38 62 69 73 0 0 48 0 0 88 0 31 0 0 69 0 0 0 0 0 0 0 0 0 0 0 0 0 0 0 0 0 0 0 0 0 26 0 0 0 0 63 49 0 0 81 92 0 0 0 78 0 26 0 0 0 0 0 0 0 60 0 0 0 0 0 0
17 0 0 28 96 9 0 64 12 0 0 10 0 99 0 0 0 0 0 49 27 0 0 0 0 54 59 0 0 0 0 0 44 47 66 0 0 0 0 47 0 49 0 0 13 0 0 0 0 0 0 26 56 0 0 29 0 30 0 15 0 84 0 51 11 0 0 0 0 0 0 96 0 45 0 47 68 48 46 0 90 0 0 0 0 96 0 0 0 50 0 30 0 0 57 0 0 46 0 0
0 0 97 65 0 16 0 0 81 0 77 25 0 42 0 0 1 0 0 0 0 0 49 0 64 91 0 33 0 0 0 0 0 0 0 0 0 0 0 0 0 39 0 0 0 0 0 0 95 0 0 0 0 17 27 0 0 0 0 0 0 33 0 0 0 0 0 0 0 73 0 0 95 0 80 0 0 0 0 0 0 0 0 83 0 34 0 0 0 0 0 25 34 0 65 9 0 64 0 0
0 46 0 0 0 27 0 6 0 48 39 89 7 9 0 0 0 0 0 0 0 45 0 0 0 0 0 0 53 0 43 0 0 0 0 77 0 0 0 0 0 0 0 0 91 26 84 0 0 0 0 0 0 0 42 0 0 45 60 70 86 96 71 0 0 0 0 0 30 0 0 0 0 0 0 57 71 0 0 27 56 0 0 0 0 0 0 0 95 0 0 0 0 0 0 0 0 0 0 0
0 0 3 0 79 8 0 0 0 0 79 0 0 0 0 0 55 0 0 0 43 0 93 0 0 0 0 0 0 0 0 0 41 47 64 0 0 0 0 0 0 0 88 0 0 0 0 0 0 0 0 78 93 0 0 0 0 0 0 94 0 0 0 0 0 0 0 0 23 47 0 0 0 0 0 30 0 0 0 93 74 0 0 4 45 0 0 0 0 0 0 0 0 0 0 0 48 0 0 36
0 0 0 0 0 37 12 34 0 0 0 0 0 0 0 0 69 0 79 85 0 0 0 0 0 39 0 0 0 0 0 0 59 0 0 0 0 0 0 0 0 0 0 0 52 0 0 74 0 0 0 0 0 0 62 0 73 0 0 0 0 0 0 0 0 0 0 95 0 0 40 0 0 0 36 0 74 0 0 0 0 0 73 33 0 83 0 0 0 56 0 0 0 0 0 0 0 0 0 0
0 42 39 49 0 90 23 0 0 0 0 27 0 0 0 0 0 0 0 0 0 0 7 89 0 0 77 81 0 0 0 0 0 0 0 0 0 0 0 0 0 0 0 22 0 0 0 0 72 0 0 0 0 0 0 0 5 0 0 0 0 0 0 0 22 0 0 0 0 0 0 33 0 0 0 0 0 0 0 0 0 0 11 0 0 0 0 0 42 28 54 0 0 0 45 62 0 79 0 0
0 0 0 0 0 83 0 0 53 0 0 0 0 0 0 0 0 0 0 0 0 0 0 0 0 0 0 0 0 81 0 0 0 0 0 0 0 0 83 0 0 0 0 41 0 0 0 0 42 0 25 58 0 0 0 1 0 0 0 0 0 0 0 0 58 99 5 0 0 0 0 22 0 0 48 18 0 0 0 0 0 0 73 0 0 11 0 0 0 0 45 0 26 0 0 0 0 0 0 66
0 0 0 0 0 0 32 0 42 44 0 0 0 95 41 0 0 0 0 0 0 0 0 66 0 0 0 7 0 0 0 0 0 0 0 0 0 0 0 59 73 74 0 0 0 0 0 0 0 35 0 0 0 0 0 0 0 0 0 0 0 0 0 8 0 0 0 0 25 25 79 0 0 0 0 0 0 0 0 0 0 0 70 0 0 0 0 0 0 0 0 0 0 0 0 0 0 0 36 0
0 0 0 0 79 0 16 0 0 5 0 26 0 0 0 0 0 0 58 17 0 0 0 0 0 51 61 0 0 0 40 0 0 38 0 6 95 0 0 0 0 36 0 0 0 0 0 0 83 0 0 0 0 0 0 0 98 0 0 0 0 40 0 0 0 0 20 0 28 0 20 2 0 0 0 0 0 0 0 0 100 70 29 0 0 0 0 0 62 8 0 0 0 0 0 0 0 41 0 0
0 0 26 0 0 0 0 97 0 0 85 0 50 8 0 0 0 0 0 0 0 0 0 24 0 0 8 0 0 0 0 0 0 0 0 0 85 0 86 0 58 0 0 0 0 0 0 0 0 0 0 61 0 0 0 0 0 0 0 0 0 0 0 0 0 0 0 0 0 0 0 0 56 63 13 0 0 0 0 0 0 19 54 0 0 0 0 23 0 0 0 0 70 0 0 0 0 80 51 0
0 0 3 0 15 0 0 0 13 0 0 0 0 71 0 0 0 43 0 67 0 0 0 0 0 4 0 0 0 0 83 0 0 81 0 81 0 0 78 0 0 0 0 38 53 0 0 0 56 0 0 22 0 0 0 0 0 25 0 0 71 0 0 0 0 0 0 0 0 0 82 90 0 0 0 0 0 0 0 0 0 0 6 33 0 0 0 0 0 0 89 0 0 59 33 29 0 0 0 0
0 88 0 69 71 0 0 0 0 0 0 15 0 0 0 0 0 0 0 84 0 0 0 0 0 0 0 0 0 0 0 98 0 0 0 0 23 0 0 84 0 0 0 0 77 4 0 0 0 0 0 0 0 0 21 0 58 0 12 44 0 59 0 0 0 11 0 0 33 0 66 0 0 90 0 76 78 0 0 0 0 0 0 76 0 0 0 0 0 0 21 0 0 0 0 0 0 0 0 0
0 0 0 0 0 0 0 0 0 0 0 0 0 0 0 0 0 66 0 0 0 6 0 0 0 0 0 36 60 0 0 0 0 26 4 0 76 16 0 0 0 0 0 0 46 0 16 0 0 0 0 0 48 67 0 0 0 0 0 0 65 0 0 0 0 0 0 0 39 90 59 8 0 0 0 0 0 0 0 0 0 39 0 0 0 0 83 0 0 0 0 0 0 0 0 70 0 79 0 25
0 17 34 0 0 0 0 0 0 0 0 0 0 0 33 0 0 70 0 0 0 0 0 0 0 0 0 0 0 0 0 0 0 56 0 88 62 79 0 69 0 0 0 100 0 0 0 0 74 0 29 86 0 0 0 65 0 0 0 0 0 0 0 0 0 0 0 0 87 65 57 0 0 0 0 0 0 0 0 0 0 0 88 31 0 0 58 20 93 0 0 0 0 15 0 0 26 0 0 0
0 24 0 0 0 0 0 95 0 0 0 0 0 68 0 0 0 0 0 0 0 0 0 0 0 0 0 0 0 0 0 0 22 0 0 0 0 0 84 0 0 0 31 0 0 53 11 0 71 0 0 0 0 0 0 0 0 0 0 0 0 0 0 0 0 0 0 0 0 55 0 59 0 46 63 0 0 0 41 0 0 87 0 0 0 0 0 0 0 0 97 0 0 0 0 0 82 0 0 0
0 31 0 0 72 0 0 0 23 0 0 98 0 0 0 0 0 0 0 0 78 0 0 0 86 0 58 0 74 0 11 97 0 93 0 0 0 0 64 0 0 0 82 0 84 0 0 0 0 0 0 0 0 48 0 0 81 0 0 0 0 0 0 0 11 0 0 38 0 77 0 0 0 0 92 27 0 0 0 0 0 0 0 23 0 0 0 0 0 0 93 0 0 24 91 0 54 99 0 0
0 0 27 0 0 0 0 0 0 0 0 0 0 0 73 0 0 0 0 5 92 0 0 0 0 0 8 0 93 54 0 0 34 83 0 16 0 0 0 0 5 0 0 40 0 0 0 0 0 0 96 0 0 0 43 0 0 0 22 36 0 0 43 0 0 96 0 0 55 34 22 22 17 0 0 0 0 0 0 44 0 0 0 0 0 0 0 0 0 21 0 37 13 0 0 30 0 89 0 0
93 0 0 0 49 0 0 0 49 0 6 19 0 0 0 0 0 0 0 0 0 81 0 0 51 0 0 0 0 0 0 0 0 0 0 0 66 0 0 0 0 0 0 0 0 0 50 0 0 0 62 43 0 33 19 0 50 69 0 0 0 95 0 0 0 0 0 0 0 0 0 0 42 45 0 0 0 0 0 0 50 0 0 0 45 0 40 67 0 0 84 0 0 82 0 0 0 42 9 0
79 0 0 0 12 0 0 19 0 0 0 0 0 0 0 0 21 95 0 0 0 0 78 33 0 0 0 0 5 34 0 0 0 59 0 26 0 0 51 0 0 34 0 0 0 0 0 80 0 74 50 0 18 0 0 0 0 0 0 0 12 0 0 0 0 0 0 0 0 0 0 0 0 0 0 0 42 0 0 0 0 36 0 96 0 0 42 46 0 85 0 0 0 0 0 0 47 0 0 35
0 33 0 0 79 0 100 0 74 0 0 43 0 0 0 0 80 0 85 0 0 0 0 0 71 0 0 0 78 88 0 0 0 0 0 0 88 42 0 0 64 0 0 0 58 0 2 48 0 0 0 0 54 0 0 63 79 0 0 0 0 0 0 0 0 0 0 0 45 0 0 0 0 89 0 0 0 79 95 0 0 73 0 0 0 0 73 0 32 0 0 87 36 0 20 100 91 0 42 0
0 0 0 0 0 64 0 0 0 0 0 0 0 0 0 0 0 0 0 0 0 0 24 0 0 0 0 55 0 0 32 0 0 0 0 0 8 34 0 0 0 62 0 55 0 0 0 0 0 0 42 0 0 0 0 0 0 0 0 0 0 0 51 0 0 0 16 0 0 0 0 0 0 83 0 0 82 0 75 84 0 0 86 72 0 0 0 0 0 55 0 53 0 55 0 0 0 0 0 58
0 58 0 0 0 0 0 0 0 0 65 32 21 0 0 0 0 0 0 0 0 88 45 0 96 68 0 0 43 0 0 0 0 0 0 0 8 0 0 0 0 0 0 0 0 0 0 0 0 0 0 0 47 0 0 0 55 0 0 51 0 0 0 0 0 73 46 0 0 0 0 0 0 0 0 0 0 0 0 93 0 0 17 0 0 4 0 0 62 0 96 7 0 0 58 0 0 0 53 0
0 0 0 0 0 0 0 0 11 0 79 0 48 0 0 0 0 0 0 0 62 0 0 0 82 0 0 0 87 33 0 73 28 0 0 69 0 0 0 58 0 43 0 0 0 0 0 0 0 0 0 82 0 0 0 0 0 0 0 0 0 0 0 0 0 0 0 0 0 67 0 0 0 0 0 0 0 0 0 0 0 0 91 0 0 0 0 58 0 0 0 0 0 0 0 0 98 26 0 0
0 0 0 77 0 0 38 0 0 3 0 0 31 0 0 0 0 0 0 93 0 54 47 0 0 26 0 0 25 0 0 0 0 49 93 0 0 0 90 84 0 0 0 0 0 0 98 0 0 74 58 0 0 0 0 0 0 44 60 100 87 0 88 0 0 0 30 0 62 0 0 29 0 0 0 0 95 0 0 83 93 0 0 0 0 0 0 84 0 0 0 0 0 0 0 0 0 81 0 0
0 0 51 0 0 0 0 0 0 12 0 54 9 0 0 0 0 24 47 0 0 0 0 6 0 0 35 0 26 0 0 6 31 0 0 0 0 85 43 32 0 0 0 0 0 0 0 0 0 0 41 93 0 0 40 0 0 0 61 0 0 29 55 84 60 38 66 0 0 11 0 0 0 0 0 19 0 0 0 85 35 0 0 51 0 0 0 0 0 0 75 85 0 0 0 89 0 0 0 0
0 0 30 0 0 80 0 0 80 0 0 0 0 0 13 16 0 0 0 4 0 59 0 0 0 0 0 0 80 0 0 0 50 0 0 0 0 8 0 79 0 4 0 0 0 0 92 0 0 0 0 67 44 65 0 67 0 0 0 0 0 0 0 27 0 0 0 0 80 0 46 0 0 0 0 0 19 56 0 0 9 0 0 0 0 0 5 67 27 0 0 0 0 0 0 0 0 88 0 0
0 0 0 0 35 16 0 0 0 0 0 0 0 46 0 0 80 0 0 62 0 0 0 0 0 0 0 0 0 0 0 85 37 53 0 0 0 54 66 0 0 0 0 0 0 0 98 0 0 0 0 0 0 56 0 0 0 0 0 0 0 0 48 13 29 86 0 0 0 0 88 0 0 0 0 8 0 0 0 0 0 0 0 0 50 0 0 0 0 45 0 0 0 0 0 0 0 0 0 19
0 59 27 40 21 0 0 0 0 0 0 0 0 0 0 0 0 0 0 0 74 0 0 0 0 0 0 0 0 0 7 84 0 0 0 0 0 89 0 0 82 0 0 70 0 0 0 0 26 99 0 0 0 0 0 0 0 0 0 0 0 55 0 28 53 0 61 0 0 10 0 0 0 0 0 69 86 0 0 0 11 32 0 0 0 0 0 0 32 99 0 63 0 0 0 0 56 0 59 0
0 19 42 0 22 0 0 69 41 0 100 81 0 0 0 27 0 0 0 0 0 32 0 0 0 0 0 0 0 0 0 0 88 36 0 86 0 0 0 0 0 58 0 0 0 0 0 89 4 0 78 49 0 84 0 0 0 0 0 0 0 0 0 0 0 59 0 0 0 0 0 0 0 0 0 0 56 0 0 0 0 0 0 0 0 0 0 0 0 0 0 0 0 35 0 0 76 38 0 63
0 0 2 0 0 43 5 0 94 0 52 0 0 5 0 0 0 0 0 0 0 0 89 0 0 0 0 0 0 0 0 0 0 0 0 0 0 0 0 0 0 0 0 0 0 35 0 0 0 0 0 0 0 96 0 51 0 48 0 0 29 0 0 0 0 0 0 0 0 0 0 0 0 0 0 0 0 0 0 0 72 1 0 0 0 0 88 0 0 0 66 2 0 0 0 0 0 28 0 0
0 69 0 0 0 0 0 0 0 84 47 0 0 0 0 17 0 0 0 15 0 0 38 0 69 0 0 0 0 0 0 0 15 0 0 0 0 26 0 0 1 0 0 0 0 81 0 68 0 0 0 2 37 65 12 0 0 0 74 0 0 0 24 0 0 0 75 93 0 0 57 0 47 0 17 0 60 0 0 0 0 0 20 0 0 0 82 85 0 0 0 42 0 0 53 9 0 0 0 0
5 0 0 0 23 0 0 4 0 0 0 0 0 0 0 0 0 0 20 0 0 74 0 0 0 0 0 0 29 0 0 0 0 0 0 0 0 15 0 0 0 0 0 0 0 0 0 0 0 0 0 0 21 0 0 0 0 0 0 0 10 69 0 61 0 72 0 0 92 28 0 52 91 0 0 86 68 0 0 42 0 17 0 0 0 84 0 0 0 0 29 0 0 0 0 0 0 0 0 0
0 0 93 0 89 0 78 0 0 0 0 0 0 0 0 0 0 0 0 51 0 85 0 10 0 0 0 0 24 0 0 0 0 0 0 94 0 0 0 0 21 89 0 7 0 0 0 0 0 0 0 0 16 0 73 0 0 64 0 0 0 82 22 55 0 0 0 0 0 72 0 0 0 70 0 0 0 0 0 0 0 0 0 0 0 0 100 0 58 21 19 0 0 0 0 98 0 0 0 0
0 0 0 0 0 0 0 0 0 0 0 69 37 0 0 0 0 0 72 0 0 7 0 14 0 0 0 0 0 6 0 0 36 0 22 90 0 45 0 0 0 51 0 0 0 0 0 0 0 77 0 0 0 0 69 0 0 0 0 0 0 81 0 0 5 0 0 0 0 0 0 15 0 0 52 0 0 0 0 0 0 89 90 0 92 0 0 37 46 0 92 0 0 0 0 90 0 0 0 0
99 0 0 0 0 0 39 0 0 0 0 0 0 0 63 0 0 0 0 0 0 0 0 0 25 0 0 0 0 0 0 0 0 0 0 0 84 0 0 0 21 0 0 0 0 0 0 0 38 0 0 0 0 0 0 0 66 0 0 46 0 0 0 0 37 96 0 0 0 0 99 0 0 92 0 0 24 0 73 0 0 76 0 0 0 0 0 0 0 0 0 0 0 0 0 0 0 0 0 0
0 0 0 0 0 0 0 56 0 79 0 0 0 0 0 0 0 0 0 0 0 34 0 0 0 0 0 0 0 0 0 0 9 12 0 5 2 0 0 0 94 0 0 0 0 0 0 0 0 0 0 0 0 0 12 0 0 0 85 0 0 56 0 0 0 22 0 0 0 0 0 0 0 0 0 0 0 0 52 0 80 0 0 0 0 0 0 0 0 0 27 0 0 0 53 0 88 98 0 5
0 0 50 0 0 0 0 72 0 0 0 0 36 0 0 67 0 0 38 0 4 0 0 0 41 0 0 77 0 60 0 0 0 0 0 0 0 0 0 0 0 0 0 0 0 36 0 5 71 0 0 69 0 64 0 0 0 41 0 0 0 0 51 0 0 0 19 0 37 0 0 50 0 0 0 0 0 0 0 0 4 0 0 0 0 0 54 0 0 0 0 0 0 0 43 0 0 0 0 0
0 0 13 0 51 100 0 0 91 0 0 0 0 0 0 0 70 0 0 26 0 61 4 0 37 0 0 0 90 0 45 0 0 0 0 55 0 0 0 70 0 0 0 0 0 0 0 0 0 0 0 92 78 0 0 0 26 12 0 0 0 56 15 0 0 0 0 0 0 73 0 0 0 0 0 4 0 0 0 0 35 96 24 98 0 0 0 0 0 12 0 39 51 67 0 0 0 0 0 0
0 0 88 93 0 0 0 0 0 0 0 0 62 19 0 0 0 29 0 0 0 0 0 0 20 0 0 0 85 0 0 0 0 0 0 0 0 0 0 0 0 0 0 0 80 0 0 0 0 0 0 0 66 3 44 0 25 0 0 89 0 0 0 100 91 0 0 0 0 0 0 2 0 78 0 0 0 0 0 0 0 12 0 14 0 0 94 52 0 0 7 0 47 0 0 0 53 0 84 89
0 32 0 0 0 0 82 0 0 0 0 16 0 0 48 0 0 0 0 87 0 0 0 0 94 0 0 0 0 0 0 28 0 0 0 0 0 0 22 0 0 0 0 0 0 0 0 0 94 0 0 19 0 0 78 0 0 50 0 38 86 0 0 0 0 0 10 8 0 0 0 0 0 0 0 0 0 0 0 0 0 36 41 0 50 0 0 99 36 0 17 0 0 0 0 0 0 11 0 63
0 0 0 0 0 0 0 31 0 0 0 40 0 0 0 0 8 0 95 0 0 91 0 0 0 0 97 7 0 0 0 0 0 0 0 0 0 0 0 51 0 43 0 0 79 0 88 0 32 0 0 48 0 0 0 100 0 46 0 0 0 0 23 38 0 0 0 0 0 0 38 0 42 0 0 25 0 0 0 0 0 0 0 0 0 0 0 29 0 88 0 0 0 0 100 90 66 0 0 0
0 0 0 18 0 0 18 0 0 0 0 10 26 0 0 0 0 48 0 0 0 0 0 0 0 0 0 0 0 56 98 0 0 0 44 23 0 0 0 31 0 0 0 0 7 18 0 0 0 0 1 0 0 91 40 0 0 97 0 0 0 0 0 0 39 0 0 0 95 0 0 0 0 0 0 0 0 0 23 0 0 0 13 19 0 33 0 0 0 0 0 0 0 6 0 0 0 0 0 0
0 0 5 59 0 0 0 0 0 0 0 0 0 0 0 100 93 0 0 0 0 6 0 25 0 0 0 0 79 10 0 71 0 72 0 0 0 0 0 0 0 58 0 0 0 0 0 0 9 0 0 0 0 0 63 0 0 0 0 0 0 0 87 0 0 100 94 0 0 0 47 0 0 0 0 0 0 0 73 0 0 0 0 0 29 95 0 0 0 0 94 0 0 0 0 0 46 0 0 0
0 26 0 14 0 0 0 36 0 0 0 0 0 0 0 55 66 90 72 41 0 89 0 0 50 0 0 0 77 0 38 0 0 0 92 0 0 93 0 0 0 0 0 0 0 0 0 0 0 0 0 0 87 0 93 0 0 0 31 0 0 17 0 0 0 0 0 0 21 0 0 0 0 90 0 0 0 100 77 0 0 0 0 0 0 2 0 75 0 0 0 0 72 0 0 0 0 0 0 0
4 0 0 0 0 0 0 0 0 62 0 57 0 0 0 0 0 0 0 0 33 0 30 0 0 46 0 0 0 0 16 52 0 0 0 2 0 0 0 0 0 0 0 0 0 0 0 0 0 37 0 0 0 0 20 0 0 10 0 0 0 0 49 0 0 0 87 0 0 65 17 0 75 0 0 0 24 0 79 11 0 0 49 91 0 61 36 0 10 26 0 0 93 0 0 49 0 0 0 0
9 0 0 0 0 0 72 0 0 0 69 0 0 23 0 0 0 35 0 83 0 74 0 0 0 0 0 0 53 0 84 0 0 0 0 0 0 0 0 0 0 0 63 0 0 0 0 0 16 0 42 0 0 0 0 0 0 0 0 0 0 0 0 0 0 0 96 0 17 0 0 0 60 38 0 2 0 0 0 57 0 0 0 0 17 0 0 0 5 0 0 0 0 42 0 0 0 91 0 0
0 0 0 44 0 76 2 0 0 57 8 0 0 38 0 0 0 0 90 0 0 0 0 16 0 1 0 0 42 0 0 90 0 0 48 0 50 0 0 11 0 0 45 0 0 0 59 19 0 0 0 0 0 0 0 50 0 0 0 0 0 0 0 0 0 0 28 0 2 0 7 0 0 0 0 34 0 84 0 0 0 13 66 0 0 0 0 59 31 11 57 0 28 95 26 0 21 0 85 0
0 0 0 0 0 0 51 0 0 0 0 0 0 0 0 82 0 0 0 0 0 20 97 0 13 0 0 0 0 0 0 0 34 0 0 0 0 0 48 0 0 72 0 0 0 0 82 1 0 0 0 0 0 0 0 50 88 0 0 10 0 0 0 0 3 0 0 55 0 84 0 0 98 0 0 0 34 0 9 0 0 0 0 0 0 0 0 76 0 0 0 0 0 0 0 71 0 0 36 0
0 0 0 0 0 70 0 38 0 43 23 0 50 0 30 0 49 0 0 0 0 0 0 0 0 0 0 0 0 0 13 0 15 0 39 0 19 0 0 74 0 0 0 0 0 0 0 0 0 0 0 0 0 20 0 77 0 0 64 40 0 0 0 0 0 0 0 0 0 0 0 0 29 0 0 0 0 0 0 6 0 0 15 0 8 0 0 0 0 0 0 0 0 66 0 0 38 0 0 21
0 0 25 32 20 0 0 67 0 53 6 27 0 59 0 0 0 0 62 0 96 0 90 0 0 0 38 0 0 0 0 0 0 0 0 0 36 0 0 0 0 64 0 82 0 0 36 0 2 0 0 0 0 0 0 48 0 0 34 0 0 0 39 0 0 0 74 0 0 28 0 0 0 0 0 0 100 11 0 98 0 94 0 0 0 0 0 55 0 0 0 0 4 0 0 88 0 0 0 0
45 0 0 35 67 0 0 0 72 68 0 0 0 0 0 84 0 25 0 0 0 0 0 0 45 0 37 0 0 47 0 0 0 0 97 0 0 0 8 42 0 0 0 0 0 0 0 39 0 0 0 0 0 20 0 5 0 95 0 0 33 0 0 0 0 95 0 0 0 7 0 0 0 0 0 0 0 26 0 0 0 0 0 0 46 71 0 0 0 0 50 0 0 0 0 89 0 8 0 0
0 35 0 0 0 0 100 0 0 0 0 0 0 65 0 0 0 0 0 21 0 0 95 0 0 0 0 0 0 0 0 0 0 0 3 0 0 0 0 0 0 0 0 0 0 0 0 87 0 0 0 0 0 0 0 0 60 0 0 0 0 0 0 0 0 0 20 0 0 0 0 0 0 39 0 1 0 15 0 23 0 0 0 0 48 0 8 0 0 0 39 0 0 0 49 0 0 0 0 0
0 0 0 0 69 0 0 31 43 0 0 0 34 0 98 0 0 0 59 0 0 0 0 0 0 0 0 0 35 88 0 29 92 0 46 0 0 0 36 72 0 0 0 0 0 16 0 0 0 0 12 0 0 0 0 0 0 0 0 60 75 99 0 0 98 5 0 15 92 0 0 0 0 33 0 3 0 58 0 0 0 0 0 0 52 0 0 0 0 0 0 48 0 0 5 0 0 0 0 0
0 70 0 0 0 21 0 64 0 0 86 0 0 0 23 0 0 28 0 25 0 0 100 0 0 22 0 48 0 0 0 0 47 0 0 30 0 0 0 42 0 0 68 0 71 0 0 25 0 0 0 43 0 0 0 0 0 58 0 0 0 0 0 76 0 0 54 0 0 38 0 62 44 0 0 0 0 0 0 79 0 0 0 0 52 0 79 0 0 16 0 0 0 32 0 0 36 0 0 83
0 0 0 0 0 0 0 0 0 0 0 0 55 0 0 0 57 49 0 0 0 98 0 0 0 0 0 0 0 0 23 0 0 0 0 0 0 0 0 6 0 18 0 29 0 92 0 0 7 0 0 0 93 0 0 0 0 0 0 0 0 0 0 0 3 0 0 0 0 0 90 0 0 0 0 0 0 46 94 0 1 0 0 0 0 0 0 0 0 0 0 0 0 0 43 0 0 0 0 0
22 0 0 92 0 0 0 3 0 0 69 0 0 0 0 10 0 47 0 0 0 0 0 0 64 0 0 0 0 0 29 0 0 0 74 30 72 0 0 0 0 35 0 0 0 95 0 0 0 88 0 0 0 79 47 0 26 0 0 0 0 0 0 0 0 0 0 0 0 0 44 0 0 0 0 0 0 0 0 0 0 0 0 95 0 0 0 0 0 99 0 0 50 0 0 0 0 40 0 0
0 0 0 18 0 0 5 0 19 82 60 0 0 76 38 58 88 0 0 15 0 0 0 0 0 75 0 10 0 93 0 0 83 0 26 0 0 0 0 63 33 0 0 53 0 0 0 0 0 0 0 0 0 0 0 52 0 0 0 23 0 0 0 15 0 76 0 0 0 0 83 52 0 0 0 0 0 0 0 76 0 26 56 0 0 0 25 0 0 0 0 0 0 0 0 25 95 0 0 0
0 0 0 0 0 0 0 0 10 26 0 0 20 83 0 0 0 0 31 0 0 66 0 0 0 0 79 0 0 0 0 0 0 0 0 82 0 0 0 0 0 0 0 0 78 0 20 0 0 62 0 0 0 0 0 0 0 0 7 0 0 84 6 0 89 0 0 78 0 89 0 38 0 52 0 0 0 0 0 0 0 32 0 0 0 0 0 0 79 0 0 0 0 0 0 0 0 0 0 89
3 0 0 0 0 0 0 0 0 62 0 0 32 0 0 61 62 78 0 0 0 0 0 0 0 0 0 0 0 0 83 4 0 0 68 0 0 0 0 0 0 0 0 68 0 0 0 0 0 0 0 0 74 0 0 0 42 0 2 66 0 0 0 0 0 2 0 0 94 0 0 93 0 4 39 0 0 97 0 30 0 100 32 0 0 0 0 96 36 0 0 0 0 0 0 0 0 0 50 0
0 0 0 0 0 98 33 0 0 62 0 0 0 0 0 64 56 0 0 0 0 0 87 62 0 26 0 0 0 0 0 0 0 71 0 0 81 0 68 0 0 0 12 86 0 0 0 13 0 0 0 58 0 0 0 0 0 92 75 0 0 38 42 0 0 0 0 65 0 0 0 0 82 0 90 73 0 0 0 0 0 0 15 37 0 0 62 0 59 38 0 0 0 0 0 0 0 0 0 0
1 0 43 0 0 0 0 0 0 0 0 0 0 0 0 68 0 0 0 0 82 0 0 0 0 0 0 0 0 0 0 75 0 1 0 0 22 0 29 0 0 0 0 0 0 0 61 0 52 20 0 0 0 0 0 0 0 0 0 0 0 0 0 60 0 0 0 0 0 0 0 0 0 0 30 0 7 0 91 71 0 0 0 14 0 0 0 0 0 0 0 0 0 0 0 0 46 0 0 0
0 0 0 0 0 0 0 0 0 68 0 0 0 0 0 0 83 0 56 0 75 0 0 0 0 0 0 30 0 0 0 0 0 6 0 0 2 0 11 0 0 97 0 0 0 0 0 66 0 0 0 59 0 0 0 6 0 0 0 0 0 0 0 0 0 21 0 0 0 0 0 0 0 0 32 0 0 64 0 0 0 91 0 50 10 0 43 0 0 76 0 0 96 0 0 0 0 0 0 0
12 0 0 0 0 58 0 0 83 0 0 0 0 0 32 0 0 0 0 0 0 0 0 37 0 0 48 0 0 0 52 0 0 0 0 0 0 0 0 0 0 0 0 0 0 0 0 37 0 0 0 0 68 35 0 0 0 0 0 0 31 0 0 92 0 27 0 0 0 27 66 0 0 0 0 0 49 96 0 0 0 0 0 0 0 21 0 14 0 11 0 0 80 83 93 0 0 54 24 0
0 0 0 0 0 0 0 43 90 40 0 0 0 0 0 0 0 0 0 0 0 0 0 0 53 0 51 0 0 0 0 57 59 0 0 0 0 0 49 16 13 0 0 0 0 0 6 0 51 0 15 0 0 0 0 0 5 0 0 0 0 0 0 0 0 0 0 0 0 0 0 29 0 0 77 0 55 0 65 0 0 94 56 0 0 0 0 0 0 86 88 0 0 90 0 0 0 0 0 0
0 0 56 0 0 0 0 0 0 0 0 0 70 0 0 0 0 53 0 0 0 0 0 0 0 0 16 0 0 72 0 0 40 0 34 0 2 0 61 0 0 23 25 98 0 0 25 0 96 76 0 45 0 72 17 0 0 0 0 0 0 0 80 53 0 0 93 2 0 0 97 0 0 95 0 0 100 0 19 0 0 0 0 0 83 0 0 0 0 65 0 0 0 36 0 98 0 0 0 65
20 0 88 0 3 0 0 0 0 0 0 0 0 0 66 0 0 0 0 12 52 0 0 0 0 0 0 36 82 0 0 0 49 0 0 0 0 0 0 0 72 0 0 0 5 0 19 0 0 0 0 0 8 22 0 0 0 0 0 0 0 0 0 100 2 95 0 0 0 0 0 0 0 0 76 0 0 0 32 29 79 0 79 92 0 0 0 0 0 0 0 36 30 0 0 0 0 93 0 0
0 0 0 0 0 0 0 70 0 0 0 0 77 0 0 0 100 0 0 0 63 0 0 0 0 37 0 0 52 83 0 0 0 62 0 0 0 0 0 0 0 0 0 0 0 42 0 0 0 0 0 64 0 87 0 0 0 0 62 0 0 0 0 0 0 0 0 0 0 0 0 0 0 24 0 8 38 0 0 0 4 0 0 0 0 1 0 0 0 31 0 0 0 0 61 0 0 9 0 5
0 0 0 0 0 24 0 22 0 0 3 0 0 0 0 97 26 0 0 0 0 0 0 0 0 0 13 0 0 0 0 0 0 13 0 0 0 0 0 96 85 81 0 45 0 0 56 28 0 31 60 0 80 0 0 0 0 38 0 0 0 0 0 60 73 0 0 0 0 0 0 17 0 1 35 0 0 0 0 0 0 0 74 57 0 0 0 0 79 74 99 0 90 0 0 0 67 50 1 0
0 17 71 0 0 0 0 0 0 0 0 98 0 36 0 60 0 41 0 0 23 0 50 0 0 0 0 0 0 0 0 0 0 0 0 0 0 79 24 0 0 41 30 0 0 0 0 0 0 0 0 0 39 0 0 0 85 2 0 0 0 42 62 0 78 0 0 0 0 1 50 46 0 0 82 82 0 52 2 98 0 82 0 0 0 0 0 10 0 0 22 0 0 0 61 0 0 31 0 0
0 87 67 0 0 0 11 0 0 0 0 0 0 0 0 31 0 0 0 0 0 0 0 0 54 0 23 62 85 0 0 0 51 1 0 0 0 0 67 62 0 0 0 0 0 43 0 85 0 0 86 0 0 0 0 0 0 55 0 0 0 0 0 39 0 37 0 0 0 0 51 40 55 0 3 0 27 0 0 55 97 0 0 0 0 0 0 77 51 0 16 0 0 0 0 0 0 97 0 0
0 0 0 0 70 0 0 0 59 0 0 0 89 60 0 89 0 0 43 22 23 0 60 33 0 0 0 36 43 0 0 22 0 0 0 0 0 0 0 0 0 0 0 0 0 0 0 0 8 33 0 0 0 42 92 0 0 0 0 0 91 0 0 0 0 0 0 0 0 0 0 78 0 0 0 0 0 47 0 0 0 53 54 0 24 0 0 0 0 0 98 0 0 0 0 0 95 0 0 0
48 0 0 4 0 85 0 0 7 0 95 0 0 0 0 97 0 0 0 0 0 0 0 0 0 0 0 95 0 0 0 0 0 28 0 0 32 0 0 0 0 0 96 0 0 0 0 0 0 0 62 89 0 67 0 0 49 92 0 0 0 0 0 0 0 0 0 28 0 0 79 0 0 0 4 4 0 0 0 0 0 0 0 0 50 0 0 0 0 0 20 0 68 0 0 0 1 0 0 0
90 0 0 0 0 0 0 83 0 0 0 10 0 0 0 50 0 0 36 0 0 0 0 0 0 0 0 0 10 0 86 0 0 0 37 0 0 0 0 7 0 0 0 0 0 0 0 15 0 0 0 0 38 0 83 0 0 0 0 0 9 73 0 0 0 0 0 0 0 0 0 0 0 0 76 0 63 0 19 24 0 0 0 0 98 0 96 0 0 0 0 39 0 0 0 32 0 0 61 0
24 0 42 0 0 0 0 0 70 14 42 0 0 0 0 22 0 0 0 0 0 0 0 0 0 0 0 0 0 0 0 100 0 0 0 17 0 0 0 0 0 0 0 45 0 0 91 10 22 0 0 28 0 85 0 46 0 47 0 0 45 0 0 0 0 0 0 47 0 0 0 88 0 0 0 0 78 0 0 60 0 0 0 31 0 0 0 0 60 0 21 0 0 97 94 0 13 3 92 0
0 80 47 0 0 0 0 0 2 0 0 0 0 0 87 0 0 0 0 0 0 0 0 0 16 0 0 0 78 0 0 0 0 0 50 0 0 85 0 0 0 0 0 0 24 0 22 0 75 7 40 0 0 0 0 0 0 0 0 88 0 71 16 0 0 0 0 0 0 0 23 66 0 38 0 38 59 49 77 0 4 0 40 0 0 0 0 0 0 0 0 0 0 0 0 0 0 67 0 0
0 7 0 66 0 0 0 0 0 0 4 0 26 0 0 0 0 0 0 50 0 0 16 0 0 7 0 0 0 0 0 0 0 0 0 0 0 0 0 0 0 64 0 19 36 81 28 0 46 0 0 0 0 0 0 0 0 0 0 23 12 0 0 0 0 86 0 62 59 0 0 8 0 0 0 0 0 0 3 0 0 0 48 0 0 24 0 0 0 0 0 0 0 77 3 38 96 0 0 0
84 81 15 0 0 14 0 0 82 0 0 0 0 0 0 33 0 0 0 0 0 0 0 0 0 52 0 0 100 67 81 28 0 100 0 30 0 89 0 90 0 0 14 14 0 0 48 0 0 0 48 0 0 90 83 0 0 0 0 0 0 69 0 78 40 0 0 0 0 0 0 0 0 63 0 0 25 0 0 0 1 0 37 0 0 23 0 0 0 0 0 87 0 0 0 0 0 0 0 59
0 0 17 89 0 0 0 0 7 0 43 0 94 0 0 94 0 77 0 0 93 0 0 0 76 29 0 0 0 0 63 0 0 0 0 0 0 0 0 0 0 17 95 0 0 0 19 0 0 0 0 0 0 0 0 0 0 0 0 7 84 0 0 35 0 0 0 0 69 0 0 0 0 0 0 33 0 0 0 0 0 54 0 0 13 95 0 0 0 0 0 0 20 0 0 0 52 89 0 0
0 0 0 0 0 0 16 54 100 0 92 42 0 86 48 19 0 0 5 0 62 0 0 0 58 51 45 0 0 0 0 0 0 0 69 0 0 0 0 86 0 0 60 0 0 65 0 0 0 0 0 1 0 0 0 0 0 0 0 0 0 0 0 0 6 74 65 0 0 0 0 0 63 0 95 0 0 0 0 0 23 0 0 0 0 0 0 0 0 0 0 12 0 0 0 0 0 0 0 0
0 0 0 0 70 0 0 17 0 20 0 0 0 0 49 0 0 0 33 0 0 0 0 14 0 0 0 0 0 22 14 0 76 0 0 0 0 0 0 52 49 0 3 0 0 0 0 65 0 0 0 84 0 0 0 78 0 0 0 0 0 0 0 0 0 45 96 0 0 0 0 0 87 7 0 0 0 0 0 0 0 0 0 0 0 0 55 0 0 0 0 0 0 0 0 0 0 0 87 0
91 87 32 0 0 0 0 0 0 50 18 0 75 71 0 0 0 33 0 6 0 0 0 42 0 0 0 0 75 0 55 0 27 0 60 0 0 0 0 0 0 0 0 24 0 0 0 0 84 0 0 0 0 0 0 0 40 3 10 0 46 0 38 50 0 0 0 0 3 68 0 27 0 75 0 0 0 84 0 0 92 46 27 0 0 0 0 0 0 0 0 0 0 0 0 0 0 76 30 14
0 0 0 21 0 44 25 0 62 93 0 0 42 62 0 0 38 21 66 43 0 38 77 0 0 2 0 0 0 0 11 14 0 0 70 0 0 0 0 0 0 0 0 40 2 88 0 0 0 0 66 0 0 7 0 0 0 0 0 0 0 0 32 0 0 0 0 0 0 0 0 0 0 7 0 0 0 0 25 0 0 0 0 15 0 46 0 0 87 75 8 0 0 0 0 0 0 0 0 0
0 0 0 0 0 65 0 0 0 0 29 35 79 0 0 0 0 0 0 87 0 0 0 0 0 0 0 0 44 1 0 0 0 0 0 0 0 0 0 0 16 39 0 61 34 0 0 56 0 0 0 0 1 0 2 0 0 0 0 0 0 0 0 0 0 0 0 0 5 0 0 63 0 0 0 0 0 0 50 72 0 42 0 80 87 27 0 0 0 0 0 0 0 0 0 0 0 0 0 31
0 0 9 0 82 0 0 0 0 28 0 0 4 60 0 0 0 0 0 39 50 0 0 0 76 0 0 0 27 100 0 99 60 0 0 0 0 59 80 0 0 0 0 0 49 0 0 0 0 73 0 0 0 0 0 0 0 92 61 22 0 0 0 0 0 0 0 0 0 0 0 0 0 0 0 0 35 27 0 0 98 75 94 0 0 0 0 0 0 33 0 0 0 0 0 0 0 65 68 0
0 0 0 0 0 0 8 62 0 20 0 0 76 0 0 0 0 17 0 0 0 0 0 0 0 0 0 0 0 0 0 0 0 0 0 0 0 0 0 0 0 0 0 0 62 0 0 21 0 0 68 0 0 0 0 0 75 13 54 0 0 0 0 0 32 0 0 0 0 0 0 23 92 0 0 0 0 36 79 0 0 0 0 0 0 88 0 0 0 0 0 94 0 0 0 37 0 0 0 0
0 7 4 0 0 0 0 23 0 44 0 0 0 0 34 92 0 94 0 0 0 0 4 0 5 22 0 0 0 0 0 0 0 0 0 0 0 9 0 0 0 0 0 0 94 9 0 0 0 0 0 0 0 0 59 58 90 0 0 87 20 0 0 65 0 0 0 23 0 0 0 0 0 0 0 13 31 0 0 0 0 0 0 69 0 0 0 32 52 0 0 0 0 0 20 0 0 0 2 97
86 17 0 0 0 0 51 0 41 0 0 97 0 0 0 0 0 0 0 0 0 0 0 0 0 0 0 0 70 0 0 0 0 0 0 0 0 0 0 0 58 0 0 0 57 72 0 50 0 0 0 62 0 34 1 21 38 67 0 0 57 0 0 0 0 0 0 0 0 77 0 0 0 0 0 91 0 60 0 0 0 0 0 0 47 50 0 0 0 2 0 0 73 0 0 0 75 0 0 0
0 0 0 0 0 98 82 0 0 0 0 0 0 0 0 0 0 0 36 0 36 0 25 0 0 0 11 0 0 0 0 20 0 0 0 0 0 71 0 0 0 0 0 0 0 43 67 85 5 0 0 0 0 0 0 31 0 3 0 0 5 0 0 0 0 0 80 72 77 0 0 0 0 0 0 0 48 0 0 0 0 0 0 0 0 85 5 0 0 90 0 0 15 0 0 0 0 0 0 0
0 0 0 0 0 0 0 0 0 0 0 0 0 0 0 0 84 0 0 0 26 0 0 0 0 68 25 0 0 0 0 0 0 0 0 0 0 0 1 0 0 0 0 0 0 0 71 73 26 0 0 47 0 0 0 0 0 37 0 60 0 0 0 89 83 0 0 0 0 0 0 89 22 0 0 0 0 0 0 0 0 0 0 0 6 0 0 0 78 35 0 0 0 0 0 0 0 0 0 0
0 0 0 0 53 0 0 0 0 0 0 0 0 18 42 0 0 0 0 0 0 0 0 0 0 0 11 99 79 65 0 46 0 54 0 0 0 0 47 0 0 0 0 0 51 0 0 0 0 0 0 0 0 0 0 0 0 0 0 0 0 0 0 0 0 28 0 0 23 0 0 0 0 0 0 0 51 0 0 0 43 0 0 0 0 0 0 100 33 8 15 0 0 74 0 35 0 0 0 0
0 0 0 0 0 0 0 0 0 0 0 0 0 0 0 0 0 0 0 0 25 0 0 0 0 0 0 0 0 0 0 0 21 0 0 0 0 0 13 0 0 0 0 0 0 0 18 41 0 0 0 0 85 0 63 0 0 0 47 0 0 0 0 0 0 0 0 0 0 0 0 25 0 0 94 0 0 0 14 22 3 0 0 32 91 0 0 55 0 45 43 0 0 17 0 0 0 0 0 0
0 0 0 0 0 0 78 26 14 0 0 0 0 61 0 100 0 0 65 0 0 0 80 0 0 0 46 0 0 0 0 0 0 0 12 0 8 0 0 0 0 0 30 0 36 0 0 0 44 0 0 0 0 0 83 0 0 0 90 0 0 0 0 32 0 0 0 0 48 0 0 0 0 0 0 10 0 31 0 0 0 53 0 0 8 0 0 0 0 0 37 0 0 0 24 0 53 51 0 0
0 0 0 0 0 0 0 0 0 99 0 86 48 0 0 0 0 0 77 0 0 0 0 0 0 0 0 63 65 0 27 73 0 52 0 69 0 0 0 0 32 36 0 0 0 0 0 0 0 13 0 28 0 0 0 0 38 0 62 0 0 0 60 0 25 0 0 0 0 0 0 0 40 0 97 49 0 36 0 0 0 0 0 0 0 0 0 0 0 0 0 0 50 0 0 49 71 0 0 0
0 0 0 33 0 4 0 0 0 0 0 0 0 0 0 95 2 0 17 0 0 0 0 0 0 0 62 0 0 81 0 0 0 46 0 69 0 0 0 43 0 0 0 0 0 0 0 0 34 0 97 48 0 94 0 0 69 76 0 0 0 0 0 0 0 0 0 0 0 0 99 52 0 78 0 0 0 0 0 57 0 0 0 0 0 0 0 0 0 75 0 0 0 0 97 35 0 0 0 0
0 0 0 0 87 0 0 0 0 0 0 91 13 0 0 0 41 0 0 0 0 0 0 0 0 0 0 0 0 0 0 0 35 0 0 9 0 0 0 0 0 91 0 0 44 0 0 0 0 0 0 0 23 58 0 90 0 0 29 0 78 0 0 0 0 0 0 86 11 0 0 17 0 18 0 0 0 94 0 0 60 0 26 0 0 0 0 0 0 0 0 52 0 0 57 0 60 0 41 0
0 0 0 0 0 11 22 0 0 0 73 4 57 0 16 0 0 0 57 0 0 0 18 0 0 0 8 0 76 0 0 73 0 0 0 0 0 48 0 0 99 0 21 0 0 0 0 8 0 0 0 94 0 37 88 0 0 63 0 0 0 0 28 0 0 0 66 0 0 14 0 0 0 1 0 0 0 0 40 0 0 0 0 0 0 66 0 0 50 0 0 24 0 0 95 0 0 0 0 0
0 0 25 0 3 0 0 0 0 0 48 47 56 0 0 0 36 0 0 0 0 0 20 0 0 0 0 0 52 0 0 0 0 0 0 72 0 0 32 0 0 0 0 0 39 0 0 35 0 0 0 0 0 0 0 0 0 0 0 10 0 0 0 0 76 0 0 0 0 0 0 7 0 0 0 0 0 0 23 0 7 6 99 0 0 0 0 0 0 68 0 0 0 83 0 34 77 16 0 0
0 0 0 5 43 0 30 0 0 29 0 0 0 0 0 47 0 0 64 3 0 0 25 0 0 0 0 0 0 0 60 0 38 0 0 77 54 0 54 0 0 0 31 0 33 0 19 95 95 0 0 0 32 0 0 0 85 0 3 0 0 5 0 0 0 0 0 0 0 0 0 0 74 0 33 0 0 57 6 0 50 0 0 0 0 95 0 0 0 0 34 0 0 0 0 0 0 9 0 48
0 74 0 0 0 69 89 0 0 0 0 0 0 98 16 0 0 52 0 0 0 0 0 0 4 89 0 0 39 0 0 77 0 52 0 0 0 0 0 0 0 28 89 62 0 10 0 0 0 100 0 0 16 0 18 0 0 0 0 0 77 31 0 0 0 0 0 0 6 0 0 0 0 7 12 0 29 0 0 98 10 0 81 0 71 0 0 0 0 0 0 27 0 0 0 0 0 0 0 0
0 0 0 4 0 0 0 22 0 5 86 0 0 0 0 0 84 0 54 100 0 0 48 0 0 0 0 0 0 0 0 0 0 51 3 84 24 0 0 32 0 0 43 0 13 0 0 35 0 0 0 0 0 0 0 0 0 0 0 0 0 0 0 0 0 0 0 0 0 88 0 0 0 0 23 97 0 0 34 89 0 0 0 64 0 60 0 0 0 0 0 0 0 50 0 0 0 0 0 0
93 0 0 24 18 80 0 42 42 0 0 11 0 54 0 0 0 0 0 7 3 0 0 0 0 1 74 0 0 0 0 0 80 71 17 0 0 0 0 47 0 73 0 0 18 0 0 0 0 0 0 85 29 0 0 92 0 32 0 7 0 97 0 12 35 0 0 0 0 0 0 60 0 63 0 46 2 84 54 0 59 0 0 0 0 31 0 0 0 30 0 42 0 0 82 0 0 99 0 0
0 0 12 24 0 97 0 0 59 0 33 87 0 43 0 0 1 0 0 0 0 0 100 0 34 86 0 82 0 0 0 0 0 0 0 0 0 0 0 0 0 30 0 0 0 0 0 0 83 0 0 0 0 96 48 0 0 0 0 0 0 66 0 0 0 0 0 0 0 52 0 0 71 0 37 0 0 0 0 0 0 0 0 67 0 96 0 0 0 0 0 23 13 0 91 27 0 84 0 0
0 28 0 0 0 76 0 98 0 60 91 62 70 40 0 0 0 0 0 0 0 21 0 0 0 0 0 0 45 0 54 0 0 0 0 13 0 0 0 0 0 0 0 0 90 40 87 0 0 0 0 0 0 0 23 0 0 25 6 79 100 37 72 0 0 0 0 0 46 0 0 0 0 0 0 80 25 0 0 44 92 0 0 0 0 0 0 0 26 0 0 0 0 0 0 0 0 0 0 0
0 0 100 0 61 6 0 0 0 0 4 0 0 0 0 0 94 0 0 0 22 0 52 0 0 0 0 0 0 0 0 0 55 39 36 0 0 0 0 0 0 0 46 0 0 0 0 0 0 0 0 91 63 0 0 0 0 0 0 97 0 0 0 0 0 0 0 0 41 20 0 0 0 0 0 38 0 0 0 86 50 0 0 93 65 0 0 0 0 0 0 0 0 0 0 0 30 0 0 28
0 0 0 0 0 15 80 74 0 0 0 0 0 0 0 0 24 0 64 99 0 0 0 0 0 71 0 0 0 0 0 0 50 0 0 0 0 0 0 0 0 0 0 0 49 0 0 37 0 0 0 0 0 0 52 0 54 0 0 0 0 0 0 0 0 0 0 52 0 0 77 0 0 0 3 0 81 0 0 0 0 0 38 9 0 87 0 0 0 78 0 0 0 0 0 0 0 0 0 0