100
0 0 0 0 0 33 0 0 45 0 0 41 0 0 0 0 0 0 0 0 0 0 0 0 0 0 0 0 100 0 0 0 0 0 0 0 0 0 0 0 67 64 0 0 0 53 0 68 0 0 0 0 0 0 5 41 37 0 0 0 0 0 0 0 38 0 0 0 0 0 0 0 61 0 0 0 0 0 0 41 6 0 0 41 98 0 0 0 93 93 32 83 0 0 0 0 0 0 0 43
0 0 0 29 0 57 0 0 46 0 36 0 0 0 0 0 0 5 0 0 0 87 0 0 0 0 0 0 0 0 0 0 41 0 0 0 0 0 95 0 23 0 61 15 0 0 44 0 0 21 0 0 0 0 90 0 0 16 0 0 0 0 0 0 0 21 0 0 45 50 0 2 54 0 0 0 0 0 25 0 0 0 0 0 30 0 0 0 0 90 0 0 0 0 0 0 0 0 0 0
0 0 0 0 85 0 0 0 0 0 0 0 0 0 83 0 0 0 0 0 35 0 1 0 92 0 35 87 3 0 81 88 0 0 0 6 0 0 0 0 0 0 0 0 0 0 0 40 0 65 0 0 57 0 0 97 0 5 0 0 0 0 0 49 52 0 85 0 92 0 0 0 0 0 0 0 0 0 0 17 0 0 77 0 0 0 0 0 0 0 0 87 0 1 0 25 0 0 0 0
0 0 14 0 0 18 60 0 0 0 0 0 75 96 41 25 6 48 71 0 35 51 0 86 65 58 27 53 0 68 13 0 30 0 0 0 52 0 33 0 0 0 0 0 0 0 26 0 0 50 0 0 0 0 63 0 0 90 0 0 0 0 0 0 0 0 1 16 0 0 0 0 0 0 0 0 0 6 0 0 0 0 69 0 0 0 22 0 0 0 0 0 97 12 0 0 0 80 0 0
0 80 0 0 0 0 0 0 0 0 7 0 0 0 69 0 0 0 0 0 0 0 45 0 0 26 71 0 0 0 0 26 0 0 0 0 0 0 0 0 0 87 32 0 3 0 0 0 0 0 0 0 0 0 0 0 0 0 0 54 0 0 90 0 50 0 0 0 0 0 0 0 48 0 0 0 17 0 0 26 0 0 0 47 0 0 0 0 6 57 3 0 0 0 0 4 0 0 91 0
0 0 0 0 0 0 0 0 0 0 0 26 49 0 0 0 0 0 0 0 0 0 0 0 32 0 0 0 0 0 0 0 0 0 0 0 0 0 0 0 0 0 0 0 0 0 0 0 0 0 73 0 0 0 0 72 7 2 0 0 16 0 0 0 0 0 0 77 0 79 0 34 55 0 0 0 0 0 0 0 82 0 17 0 0 0 11 0 0 0 0 93 0 0 12 97 78 22 0 0
0 0 0 0 0 0 0 0 0 64 0 57 65 30 0 0 82 0 0 0 22 39 0 40 0 0 0 0 0 0 16 0 58 0 0 0 0 0 0 0 0 0 0 0 0 0 0 9 75 0 0 0 0 0 0 60 0 0 83 0 0 21 31 0 0 0 0 74 45 0 85 46 65 0 0 0 0 0 0 0 0 35 0 0 38 0 0 0 32 30 0 98 0 0 0 0 0 0 0 0
0 0 63 90 0 0 0 0 0 60 0 0 0 0 0 0 92 0 0 22 0 0 0 0 18 14 0 0 0 71 0 48 0 64 49 0 0 0 0 0 65 0 0 0 20 0 0 0 0 0 0 28 0 0 68 0 0 0 36 0 0 0 0 0 0 0 0 74 0 0 0 0 81 0 0 29 68 32 0 0 0 0 0 0 0 0 0 0 0 0 0 0 29 0 0 100 0 0 0 54
0 80 0 58 12 0 0 0 0 57 57 0 0 0 0 0 0 82 0 0 0 0 0 0 0 0 0 0 0 0 28 0 0 0 21 0 40 0 0 53 0 0 0 0 0 95 0 0 23 0 0 0 69 51 0 0 0 0 0 18 0 0 0 0 0 0 15 0 0 0 0 0 0 0 55 0 0 64 0 56 0 36 56 0 0 0 0 0 0 83 0 0 0 0 88 0 0 0 0 0
0 0 0 0 0 0 0 0 29 0 6 0 0 0 0 0 0 61 0 0 0 29 0 0 0 0 0 0 0 52 0 0 0 54 57 0 0 0 0 90 0 0 0 0 0 0 0 75 0 41 69 0 0 46 0 0 0 0 0 67 0 0 0 26 0 0 21 12 0 0 0 33 21 3 0 0 0 27 0 74 0 0 0 0 0 0 0 0 90 0 0 0 0 60 44 84 0 0 0 0
0 0 0 0 0 0 77 26 0 78 0 3 88 30 0 16 0 0 61 0 0 0 69 0 0 0 54 58 64 0 0 0 0 2 0 0 31 0 96 0 0 0 0 0 28 62 43 0 0 0 0 0 52 0 0 0 82 0 89 0 2 68 15 0 0 36 0 0 0 0 0 0 0 0 0 0 0 0 43 0 0 0 0 74 0 0 0 12 0 74 27 100 0 0 0 0 3 0 0 0
98 0 55 51 0 0 0 0 0 0 0 0 0 81 0 0 11 0 16 0 0 0 0 0 0 0 0 0 0 0 0 0 0 2 0 0 68 50 0 0 29 0 29 0 0 45 0 0 0 97 0 14 0 0 0 98 1 0 0 0 0 78 0 0 0 0 0 0 0 0 34 0 0 84 0 0 0 0 0 89 0 0 0 0 0 0 72 67 45 0 0 47 0 0 0 0 0 0 68 0
9 0 0 0 26 8 0 0 44 0 0 0 0 51 0 0 85 52 0 11 0 45 49 0 0 0 22 76 0 0 0 0 0 0 0 0 0 0 0 0 0 4 0 0 99 20 0 67 15 0 0 0 0 0 0 0 2 63 0 0 0 0 0 0 0 32 49 0 0 0 0 0 0 48 30 0 0 0 0 0 15 37 20 32 0 0 0 0 72 0 23 28 0 77 0 65 0 0 0 0
0 69 0 0 0 0 0 0 0 0 0 0 52 0 0 0 0 0 0 0 0 0 0 0 0 0 78 0 0 0 0 0 0 32 0 0 0 0 0 52 0 0 0 12 0 0 0 0 0 26 0 0 32 0 0 0 0 21 0 82 0 0 0 0 0 58 78 0 0 0 34 0 0 0 0 0 83 61 0 0 0 0 0 0 48 0 0 20 0 0 82 0 0 0 17 0 0 0 0 0
0 0 64 0 52 32 0 0 0 0 67 0 0 73 0 22 26 0 80 19 0 0 0 41 100 0 0 92 0 19 0 0 0 0 0 0 0 0 11 0 0 0 15 16 0 0 0 50 0 0 88 0 0 0 0 0 0 0 0 44 78 52 76 0 0 0 0 0 0 0 0 0 0 0 0 0 0 0 0 49 0 0 0 0 0 43 0 0 0 0 0 0 0 0 0 0 82 21 0 58
0 0 0 0 0 0 0 0 0 0 0 0 0 57 12 0 0 0 0 0 0 0 0 0 0 0 0 74 0 0 0 0 0 0 0 0 0 69 88 0 91 0 0 0 0 0 0 0 96 0 81 0 83 0 0 90 0 0 69 51 0 56 73 0 0 0 0 0 0 0 38 0 0 5 0 4 44 0 0 0 0 0 0 0 24 66 0 0 0 0 0 0 0 0 0 29 0 55 0 0
0 0 0 0 0 0 0 0 0 0 0 0 0 0 0 0 0 0 74 0 0 0 0 0 0 0 0 0 0 0 0 0 6 0 0 0 0 0 0 0 40 0 0 0 94 0 78 0 0 0 0 72 0 58 0 0 66 0 0 0 0 77 0 34 0 0 0 39 0 0 40 0 0 0 0 0 95 0 0 0 0 0 33 0 0 0 0 0 0 0 0 0 0 99 0 88 0 49 0 95
0 7 0 0 0 94 0 0 0 67 0 0 0 0 0 0 0 0 0 0 0 0 0 82 0 0 0 0 0 95 27 0 0 0 89 0 0 0 0 0 0 64 0 0 0 0 0 0 0 61 0 0 0 0 0 0 0 0 0 73 90 26 0 0 0 0 50 0 0 58 0 0 0 0 0 0 0 0 0 0 0 92 36 0 0 0 0 0 0 83 0 97 0 75 0 0 0 20 0 0
3 0 13 0 0 0 0 0 53 35 0 0 0 0 0 0 0 0 0 0 0 0 0 0 0 0 8 0 0 0 0 58 0 0 0 0 0 0 0 0 48 0 0 0 0 0 0 0 0 0 37 0 67 0 46 0 0 0 1 66 0 0 0 0 0 0 0 0 100 0 0 0 0 0 0 8 0 0 0 0 0 0 0 0 0 0 0 0 0 0 0 0 0 0 0 31 0 0 0 0
41 0 0 0 0 0 0 0 77 0 89 0 0 0 0 0 0 0 78 0 0 23 81 69 0 0 0 99 0 64 0 67 0 2 0 0 89 0 68 0 0 0 0 0 0 70 0 0 0 31 0 0 0 0 0 0 0 55 29 0 0 0 0 0 0 0 96 0 0 0 0 0 0 0 0 0 67 0 0 0 0 31 61 0 0 0 0 43 0 0 0 91 0 0 0 100 0 0 0 0
0 92 63 0 0 0 0 0 0 0 0 0 0 0 0 0 19 0 0 54 0 0 0 44 0 0 0 84 2 0 43 0 14 0 0 0 0 0 0 0 0 0 0 63 0 0 8 69 0 60 69 0 0 0 30 38 0 0 78 0 0 0 0 0 0 0 0 0 0 0 0 0 0 0 81 16 7 0 42 0 0 0 0 0 90 88 0 0 0 0 80 0 0 0 0 0 0 70 23 0
0 0 0 0 0 0 0 1 0 0 0 0 0 0 0 0 0 79 0 0 0 0 0 18 0 0 0 0 0 0 0 0 0 0 0 34 0 0 0 0 97 0 85 48 0 0 0 11 0 96 0 0 19 74 0 36 0 0 0 94 0 0 0 0 0 20 0 0 0 0 84 0 0 0 0 0 0 0 34 99 0 64 0 83 26 13 100 34 0 0 0 98 90 0 0 0 0 0 0 0
0 71 0 36 81 0 0 0 48 0 0 85 78 18 94 0 0 58 0 0 0 0 0 0 38 0 0 0 0 0 0 0 0 84 0 69 56 0 0 0 0 0 67 49 0 0 0 0 0 0 0 0 0 0 0 0 45 0 0 0 0 79 0 0 0 0 0 71 0 0 0 0 0 0 0 89 0 0 0 45 39 0 0 0 0 0 5 77 63 0 0 0 54 0 0 0 73 0 0 45
0 4 0 0 0 0 0 0 99 0 0 0 0 0 50 0 0 0 7 0 16 0 0 0 0 6 61 0 0 0 61 0 95 0 0 81 56 0 0 0 0 66 14 0 75 0 0 26 17 0 0 0 0 89 0 0 0 17 0 0 0 0 0 0 0 0 0 0 0 0 28 0 0 65 0 0 0 0 41 0 0 46 38 0 48 0 0 23 56 0 88 28 90 0 0 0 0 65 18 0
0 0 64 0 0 0 0 0 0 0 13 0 19 0 0 0 0 0 0 0 0 0 0 66 0 0 0 0 0 0 0 0 0 0 0 0 0 93 0 0 0 33 0 0 0 0 0 61 0 0 0 0 0 0 79 0 0 0 0 15 0 0 0 0 0 0 43 0 55 74 0 0 0 0 0 9 0 0 50 97 0 0 0 0 23 0 0 0 5 0 0 0 0 20 47 0 0 53 0 1
0 0 0 0 55 0 68 0 0 31 0 0 59 0 0 0 0 0 0 0 98 0 0 0 66 0 0 0 68 74 0 0 58 2 0 0 98 0 0 51 99 0 0 0 0 0 0 0 0 0 65 82 0 0 0 0 0 0 0 27 57 0 0 0 0 73 83 47 17 0 0 0 0 0 43 66 0 82 0 70 0 76 0 87 0 0 0 0 0 0 0 0 0 50 0 0 33 0 83 0
34 0 23 0 0 0 26 0 27 27 0 0 0 0 0 33 12 0 0 0 0 0 98 73 0 0 0 25 0 0 0 0 0 0 0 0 50 0 72 0 0 0 25 0 0 0 0 51 0 0 0 0 0 0 0 0 0 32 0 0 0 46 56 0 0 0 0 0 0 0 0 0 0 0 0 1 0 0 0 0 10 0 0 0 21 0 0 0 0 69 0 83 0 0 31 0 0 0 0 0
7 0 5 0 0 0 56 0 0 0 0 0 45 38 0 0 0 62 0 0 0 0 0 0 0 0 0 0 0 38 46 0 0 79 0 0 0 60 0 12 0 0 0 0 0 0 0 46 100 72 0 42 0 0 0 0 0 18 0 0 0 0 0 0 0 59 36 0 0 75 28 0 0 0 0 0 0 0 0 0 69 0 92 0 0 0 0 38 0 78 0 0 0 0 30 76 0 0 0 0
36 55 30 41 0 0 0 0 0 0 0 14 0 35 0 0 0 0 0 0 0 19 0 0 0 0 0 51 0 0 0 0 0 0 0 24 0 86 0 11 4 74 0 20 0 46 0 0 0 0 0 67 44 0 0 86 0 84 0 0 0 0 0 0 0 0 51 0 0 0 72 0 0 0 98 0 0 0 0 65 0 0 0 0 0 1 0 85 0 0 0 80 0 0 0 0 0 0 0 20
0 0 0 0 0 0 0 0 0 21 0 0 0 0 0 0 0 0 0 16 0 0 0 0 18 0 0 0 0 0 0 0 0 0 0 63 0 0 0 34 41 0 0 0 0 85 0 98 0 85 0 0 0 0 0 0 60 0 0 0 0 0 0 0 0 39 26 80 28 0 14 0 0 91 0 30 0 94 0 43 0 0 0 23 0 76 0 0 0 0 72 0 0 0 11 75 0 0 0 0
0 0 0 0 0 0 0 19 0 15 0 0 0 0 0 0 0 0 40 0 0 0 42 0 0 58 0 46 0 0 0 0 0 72 21 0 0 34 0 0 0 0 0 0 0 0 0 0 79 0 0 0 5 54 0 67 0 0 16 0 0 0 0 0 0 0 0 0 0 0 0 0 0 100 0 72 0 0 61 0 46 0 8 0 0 0 0 0 26 13 0 0 91 19 0 0 0 99 0 98
0 0 0 0 0 0 0 0 40 0 87 0 0 62 0 0 0 0 0 19 0 0 0 0 0 0 0 26 0 0 35 0 27 96 0 0 0 0 0 93 0 0 0 0 0 0 0 0 80 0 0 64 0 43 0 0 0 0 40 0 4 0 0 0 0 54 0 0 0 58 0 0 72 0 0 80 0 0 0 0 0 0 0 0 96 0 0 0 0 0 0 63 0 0 83 0 0 0 0 100
0 0 0 0 0 0 17 0 0 0 0 0 0 0 0 0 0 78 0 0 70 5 0 11 0 5 53 0 0 0 0 0 0 0 0 0 0 86 16 70 0 56 0 0 0 0 0 0 0 0 0 0 0 0 0 83 0 0 0 0 0 0 0 19 0 0 0 0 27 0 0 0 0 46 0 0 66 0 0 0 0 1 0 0 0 52 12 0 0 0 9 0 98 0 0 0 0 0 31 0
0 5 0 0 49 0 0 0 0 0 0 0 0 23 3 0 29 0 0 0 0 0 0 0 0 33 0 35 0 5 0 0 0 0 0 58 33 0 0 53 0 0 0 33 0 34 0 0 0 0 0 0 0 20 0 17 0 0 10 0 0 8 84 0 0 83 0 0 0 32 0 0 0 0 0 63 0 0 0 0 0 0 96 0 19 72 0 0 0 0 0 0 82 0 1 0 0 0 0 0
0 61 61 0 0 0 0 0 0 0 36 0 77 66 29 39 7 66 0 0 0 0 62 0 0 74 43 0 0 0 0 0 0 0 0 0 0 76 0 0 87 0 0 0 0 93 0 0 0 42 0 0 0 89 0 0 25 0 97 0 0 0 0 0 0 0 76 0 0 0 0 64 0 0 0 0 0 0 0 0 0 50 0 0 0 0 0 0 0 91 0 0 0 60 20 0 49 50 48 0
0 0 0 0 0 0 0 0 0 0 0 0 0 0 0 0 0 91 0 0 85 0 0 30 0 0 0 0 0 0 0 0 66 0 0 0 59 0 0 0 85 0 86 0 0 0 0 0 0 0 0 0 0 32 0 23 0 0 0 0 30 0 0 0 0 0 0 0 0 49 0 0 0 0 29 0 28 61 76 0 17 63 58 0 76 0 53 0 0 0 0 0 0 0 0 0 70 0 39 0
29 16 0 19 0 0 0 0 0 0 5 0 82 0 0 0 0 0 96 0 0 0 89 0 0 0 0 0 0 46 0 0 0 0 1 0 0 77 61 0 0 0 82 0 32 0 0 0 0 79 62 0 0 85 0 0 0 0 0 0 0 0 0 0 0 3 21 0 0 0 44 0 0 0 0 0 0 0 0 32 0 0 0 0 81 26 64 0 0 0 0 0 0 0 0 0 0 5 0 0
0 0 0 0 0 57 0 0 28 0 0 0 2 0 0 0 5 98 0 0 0 20 0 78 0 0 39 0 0 0 0 0 16 0 0 0 0 0 0 0 100 0 0 24 0 0 72 0 0 0 0 0 0 0 85 0 0 0 18 0 0 0 0 65 0 0 0 0 0 0 0 0 0 0 14 0 21 6 0 0 0 0 0 0 0 0 0 0 0 0 0 0 0 0 55 16 0 0 0 23
0 0 0 78 0 0 0 0 0 0 0 0 58 12 0 84 0 0 61 0 39 0 0 38 81 47 33 0 0 0 0 46 0 0 0 71 0 0 0 0 0 8 0 0 0 0 0 0 0 0 0 0 0 0 0 0 23 0 1 0 0 78 0 0 0 0 0 0 5 0 0 0 0 0 0 0 39 0 0 82 66 0 0 0 0 0 0 0 0 0 0 0 0 55 0 52 0 21 0 0
0 0 0 0 0 0 52 0 0 52 0 0 0 0 0 0 0 0 0 0 0 81 0 0 0 97 31 0 57 0 88 0 100 0 0 0 0 0 0 0 87 0 89 33 85 0 0 0 0 0 0 0 12 0 0 0 77 0 69 0 78 0 0 0 0 68 48 0 80 0 0 0 26 82 0 0 62 0 0 0 0 0 0 72 26 0 0 0 0 0 0 0 0 0 0 0 0 0 0 0
79 0 0 0 0 0 0 0 0 0 0 0 0 0 31 43 0 86 0 85 0 0 0 0 81 12 6 12 87 0 0 25 0 0 57 0 0 0 0 0 0 0 0 0 69 0 0 0 0 0 0 0 0 47 0 0 35 91 0 0 0 14 1 0 0 0 3 0 0 40 60 0 0 0 92 0 43 0 18 0 0 0 0 0 89 27 0 0 0 0 46 0 21 0 85 0 37 29 0 34
78 0 0 0 0 99 0 0 20 62 0 0 0 0 0 0 0 16 0 0 46 0 0 0 10 0 37 66 29 72 0 0 21 0 0 0 0 0 0 0 0 0 82 0 0 0 0 7 53 68 0 0 0 0 89 0 0 27 0 0 37 0 0 0 0 0 0 0 0 0 0 0 0 10 0 0 0 86 0 27 0 0 81 0 51 80 0 0 0 0 0 42 0 0 24 0 5 0 75 0
57 0 0 0 0 88 0 0 84 0 0 56 25 0 64 0 0 0 0 0 0 0 0 82 0 52 0 0 0 0 0 19 0 0 0 0 0 0 0 0 0 0 0 91 0 0 0 17 72 0 0 0 0 0 0 86 0 0 0 0 0 0 32 0 61 0 0 48 0 0 0 0 0 45 0 0 0 0 0 0 0 0 80 0 80 68 0 25 89 76 0 0 47 0 33 61 0 0 0 0
21 99 45 0 0 0 100 45 0 0 53 0 0 0 0 0 0 0 58 0 0 0 0 68 0 0 0 0 0 54 0 0 0 0 0 0 0 0 0 94 26 2 43 0 0 85 0 0 0 0 57 0 13 0 0 0 0 0 15 0 57 0 48 0 0 0 0 0 0 0 0 56 0 0 0 0 86 0 0 0 0 0 0 0 9 0 0 0 69 0 0 27 92 0 0 0 0 49 0 0
0 95 0 0 0 0 0 0 0 0 0 0 0 0 0 0 53 0 15 24 0 0 0 0 0 0 0 0 0 0 69 0 0 0 29 95 0 0 0 0 0 0 0 11 0 0 0 0 52 0 0 0 0 0 0 0 0 72 0 0 0 0 0 11 0 0 0 35 0 34 97 44 0 0 0 0 0 72 0 0 38 0 33 34 0 90 0 31 0 0 0 0 0 0 0 0 0 0 86 0
0 0 0 0 79 0 0 0 0 0 0 0 0 97 0 98 39 0 0 80 0 0 0 0 0 0 0 0 0 0 0 0 91 0 0 88 0 0 0 0 0 0 0 0 0 0 0 0 0 0 0 0 56 0 0 0 0 0 83 30 0 0 0 0 0 0 0 0 0 0 0 40 0 86 0 37 0 0 0 0 0 0 0 0 90 0 33 0 0 0 0 90 54 0 0 0 0 0 45 68
19 0 0 73 79 0 0 76 0 0 0 0 0 0 0 76 22 14 33 5 0 0 0 0 17 0 0 0 0 0 83 0 0 0 0 0 0 0 0 0 0 0 0 0 0 0 0 52 0 4 0 0 0 0 0 0 0 0 20 0 0 0 0 0 0 75 0 25 0 17 0 0 0 0 0 44 66 0 0 44 0 0 41 10 0 0 0 0 0 0 0 0 0 0 0 0 0 0 0 0
0 0 0 26 27 0 0 0 0 30 6 72 0 0 0 0 0 81 0 0 28 0 0 0 0 0 0 0 90 0 0 34 2 0 0 100 63 0 0 0 7 0 0 100 0 0 80 0 44 0 0 0 0 0 0 0 0 0 0 0 0 0 0 0 32 0 0 63 0 0 0 0 68 0 0 0 0 0 7 60 0 0 93 0 0 26 53 0 0 0 0 64 0 0 0 0 58 0 35 0
0 0 0 0 0 0 0 0 71 0 0 67 0 0 0 0 0 63 43 0 0 0 0 0 0 0 0 0 41 92 0 0 0 0 72 0 0 100 63 93 0 0 0 27 0 0 0 52 0 36 30 0 0 0 0 0 84 0 0 45 0 0 0 85 0 0 0 44 0 0 0 0 0 0 0 86 9 0 0 0 77 0 0 8 0 0 0 0 13 0 0 0 61 0 0 0 0 0 0 0
0 0 0 0 0 24 0 0 0 0 0 0 0 0 89 0 0 0 0 0 0 0 0 0 0 0 0 0 27 0 48 77 10 0 0 0 0 0 0 0 0 80 0 0 74 7 0 0 12 0 0 0 44 0 18 50 59 0 0 52 0 0 0 88 0 68 0 0 0 0 0 0 0 0 0 0 55 0 0 59 0 89 0 0 0 81 12 9 0 9 0 60 0 34 87 0 0 0 22 0
1 0 0 0 0 0 0 0 34 0 34 0 50 25 70 0 0 0 89 0 0 0 0 0 61 0 0 0 0 0 75 97 97 0 0 67 34 0 0 0 0 0 0 0 51 97 0 22 0 0 0 0 0 90 89 0 0 15 0 65 0 0 0 0 0 0 0 0 0 0 87 0 0 0 0 0 26 0 68 5 0 0 0 0 0 0 88 75 0 0 0 0 0 42 0 0 0 0 0 83
0 9 0 0 0 0 0 0 0 45 0 1 0 0 0 0 0 0 0 59 0 0 75 0 0 0 0 0 12 0 0 56 47 0 0 0 9 0 51 0 0 66 0 97 0 6 0 0 0 0 0 0 0 0 0 24 51 2 0 0 24 0 0 97 0 0 0 0 0 0 0 0 0 0 68 0 70 0 14 12 75 0 0 19 0 37 0 0 23 0 64 0 0 0 0 0 0 0 32 3
0 0 81 0 0 0 12 0 0 0 82 0 0 0 0 100 0 0 0 0 0 94 0 0 0 0 0 41 0 0 0 0 0 37 0 0 0 0 0 31 0 81 0 0 12 0 21 95 82 48 0 0 0 0 0 0 0 0 0 0 0 0 0 0 0 0 68 0 0 0 0 18 0 0 83 0 0 98 0 30 0 46 95 0 24 0 52 0 0 0 1 0 68 0 44 59 73 8 0 0
0 31 0 0 0 0 0 67 94 0 0 84 0 82 0 0 0 0 0 0 25 0 0 0 0 0 0 0 0 5 23 47 0 0 97 55 0 8 45 22 0 0 0 0 0 0 88 0 35 23 0 0 0 0 3 0 0 0 0 0 0 0 0 0 0 0 0 36 0 0 0 54 4 6 34 14 0 18 0 0 66 5 0 0 72 0 6 0 12 0 0 0 0 0 0 0 0 0 0 68
34 0 0 0 0 0 85 0 0 0 74 0 0 0 0 0 0 17 0 52 0 0 0 0 0 0 0 0 0 0 0 0 0 0 0 0 5 0 22 0 0 0 0 36 0 0 39 0 0 0 16 0 0 0 0 0 0 0 0 0 0 78 55 0 0 0 32 0 0 30 0 0 0 75 0 0 80 14 0 0 34 54 74 0 0 0 0 0 45 0 17 47 0 0 0 0 0 58 0 0
74 16 82 0 0 0 0 0 0 0 23 0 0 0 3 0 0 0 0 0 0 0 0 0 79 99 0 0 0 71 0 0 0 0 0 0 0 79 0 0 1 0 0 0 57 0 0 53 0 0 0 0 0 0 16 0 0 0 90 0 73 0 0 0 0 0 81 0 0 35 0 0 93 0 96 0 0 0 0 0 71 34 0 0 0 0 0 0 0 0 27 5 0 54 0 0 23 0 0 0
0 0 38 91 7 0 0 88 0 0 3 0 0 0 0 0 0 0 0 0 0 0 0 0 98 33 98 0 23 0 34 0 0 0 0 0 0 0 0 0 0 0 73 0 0 0 0 0 0 0 15 79 24 34 3 0 0 0 0 43 62 0 0 0 80 0 66 0 0 0 0 71 0 0 48 51 0 0 0 0 0 0 0 0 0 0 58 0 71 0 0 35 0 62 0 0 0 0 0 0
0 0 0 21 0 0 63 0 29 0 0 0 0 0 0 0 35 0 0 0 0 0 0 0 25 0 0 0 0 0 0 0 88 4 0 13 65 0 0 0 0 0 0 0 0 30 0 0 0 0 0 0 0 0 0 0 0 0 0 6 60 0 0 0 0 0 0 77 0 0 0 47 0 0 85 0 69 0 0 0 0 0 0 68 0 0 0 0 0 0 0 0 0 0 0 0 0 0 0 15
22 0 22 0 0 91 47 0 0 82 0 40 0 93 0 53 0 0 0 0 0 69 0 58 0 0 0 0 0 0 0 49 0 74 0 56 0 93 0 0 0 0 33 0 79 0 0 0 0 0 0 46 0 0 0 0 0 0 0 0 78 0 0 0 55 0 0 0 0 0 16 16 0 0 0 0 0 0 0 0 0 0 0 81 0 42 62 0 0 0 0 0 0 0 35 0 87 0 0 0
0 0 0 0 0 0 0 0 31 0 0 0 0 0 0 82 0 0 89 66 0 0 0 0 0 0 78 0 0 0 0 0 0 0 31 0 0 0 98 0 0 95 0 0 53 59 44 35 0 0 0 0 45 0 0 73 0 0 7 0 0 0 0 0 61 0 0 73 0 0 0 0 0 0 0 90 0 0 35 0 0 0 0 0 40 0 0 75 0 0 0 0 42 0 0 0 0 0 0 0
68 0 0 0 0 0 0 0 0 0 0 0 0 0 0 0 0 0 70 0 0 0 0 0 0 20 0 0 0 0 0 0 0 0 0 21 0 0 7 94 11 0 1 92 60 0 0 0 0 8 0 63 0 0 0 73 0 0 98 0 0 0 0 0 0 2 0 0 0 53 86 0 0 18 0 60 0 0 89 96 7 0 0 51 0 0 0 0 0 0 0 0 0 0 0 0 0 80 0 0
0 0 0 0 0 0 0 0 38 52 80 0 45 36 0 0 0 66 0 0 0 0 79 0 33 22 0 0 0 0 0 0 0 91 0 0 0 0 0 0 0 15 0 0 0 49 78 0 0 0 0 0 0 85 0 0 50 0 0 0 0 0 27 13 0 0 0 12 0 0 0 0 0 0 47 0 2 29 0 0 48 0 0 0 0 0 0 0 0 28 17 0 0 93 45 0 58 30 0 0
0 0 0 0 99 0 0 0 0 0 0 64 0 0 0 0 0 0 83 38 0 0 0 0 0 80 0 0 85 0 0 22 0 77 0 0 9 77 96 69 0 0 64 19 0 0 74 0 0 0 0 7 87 0 48 6 0 0 0 0 26 0 0 0 0 0 0 0 3 0 0 0 0 31 0 0 45 0 0 0 0 0 0 0 0 0 47 0 75 0 0 0 0 0 0 0 0 0 0 0
0 0 13 0 0 0 0 0 0 0 39 0 0 0 0 0 0 0 0 0 0 0 0 86 0 0 0 0 0 0 0 37 0 0 73 0 23 0 65 0 47 0 0 0 0 0 0 9 0 0 0 0 49 0 0 61 49 0 97 5 0 0 0 0 0 0 0 0 22 30 0 0 0 0 0 0 0 0 46 0 0 3 9 0 0 0 73 0 15 0 6 0 18 0 0 0 0 0 10 0
1 66 0 17 21 0 0 92 0 87 14 0 0 0 0 0 0 0 0 0 0 0 0 0 0 0 0 0 5 0 34 0 1 0 0 13 0 0 0 0 0 0 0 0 94 0 0 0 0 0 23 0 0 0 0 14 0 52 0 0 5 0 17 52 0 0 0 0 0 0 74 0 43 0 0 96 0 0 0 0 85 0 0 0 0 0 12 0 0 70 80 86 0 0 0 0 0 18 0 0
0 0 0 0 0 0 0 0 0 0 0 77 0 48 0 0 0 0 0 0 0 0 83 0 0 0 0 0 0 0 0 4 0 0 0 0 0 0 0 0 0 0 0 0 0 0 0 0 0 0 0 0 47 93 0 78 0 0 0 0 4 0 95 0 0 0 0 22 0 0 20 4 0 0 0 0 0 9 0 0 0 0 0 38 60 66 0 0 0 0 0 0 0 94 45 0 0 0 63 0
0 41 0 94 0 0 0 0 0 0 0 0 76 29 0 0 0 0 0 0 0 0 15 0 0 63 0 0 0 0 0 68 0 39 0 0 0 0 57 0 0 0 0 0 0 0 0 0 0 0 0 0 14 0 61 69 81 0 0 95 0 0 0 86 68 43 0 0 0 0 0 92 0 0 0 0 0 0 0 0 0 0 0 0 10 0 0 33 0 0 0 0 0 42 0 0 50 0 0 0
0 0 60 0 0 62 0 0 15 16 0 0 8 3 0 0 0 85 68 37 82 0 48 0 0 0 0 18 0 0 28 96 0 69 0 0 27 0 0 0 0 0 0 16 69 0 0 0 0 0 81 0 35 0 0 5 0 58 0 0 0 0 0 0 28 0 0 0 0 12 0 0 0 98 0 12 0 0 0 0 0 0 0 0 0 0 98 85 0 0 0 0 11 0 0 48 0 0 0 0
16 0 32 15 0 0 53 0 48 0 0 0 0 0 5 21 0 0 0 0 52 0 0 0 0 0 0 0 0 0 0 0 0 0 0 0 0 40 0 88 0 0 46 0 0 0 0 0 95 91 0 0 0 36 38 0 0 0 0 85 0 21 0 75 0 0 0 0 0 0 0 0 6 98 0 0 0 0 0 0 0 59 0 0 45 0 0 99 21 0 38 0 0 0 80 0 64 0 0 0
0 0 0 52 0 0 0 96 0 89 68 0 0 0 0 0 0 0 27 0 72 0 0 58 24 0 0 78 0 0 0 0 0 0 0 0 0 0 35 0 0 0 77 0 0 13 0 0 0 59 0 0 18 46 0 0 40 0 0 0 0 0 44 0 0 0 0 0 0 0 0 100 0 0 3 0 0 0 72 0 0 84 0 0 0 12 0 0 15 0 37 0 25 41 0 0 0 0 0 0
0 0 0 0 0 0 0 0 0 0 5 0 0 1 0 0 72 0 0 68 0 0 0 75 0 0 0 85 0 0 0 64 0 0 0 68 81 0 0 0 81 0 0 0 0 0 0 46 0 0 0 0 42 0 0 0 0 11 0 0 0 0 0 0 0 72 0 0 73 15 0 0 0 0 0 0 0 0 0 0 0 0 0 44 0 50 48 0 0 0 0 0 0 29 0 0 0 97 73 0
0 0 0 0 0 0 0 0 80 0 96 0 65 0 0 0 0 0 0 0 48 0 0 22 0 0 0 0 0 2 0 34 0 57 0 0 0 0 0 0 0 0 0 0 0 0 0 0 69 2 0 0 0 0 25 0 7 0 94 88 0 0 0 0 0 89 0 4 30 81 0 0 0 0 0 61 62 53 0 0 0 0 0 0 0 0 23 0 0 0 0 12 0 57 24 0 0 0 0 0
0 0 0 0 96 0 0 15 0 0 0 0 0 0 0 0 0 0 0 62 0 0 0 83 0 0 0 0 0 81 14 0 29 0 0 0 93 0 0 0 0 9 33 0 0 0 0 0 0 0 0 0 0 0 0 70 0 0 9 0 0 0 0 98 76 0 0 0 75 0 0 49 0 0 0 32 70 0 62 0 35 42 0 63 0 0 0 0 0 0 0 0 0 52 0 0 0 0 0 0
0 0 0 0 0 0 7 0 0 0 88 0 0 0 0 0 0 0 0 0 0 0 0 0 0 0 0 81 0 17 11 0 0 0 0 0 0 0 14 0 13 0 82 0 0 45 22 0 0 0 0 38 79 0 0 54 65 0 0 0 33 0 0 0 0 0 0 69 0 0 59 0 0 0 0 0 73 0 0 0 0 0 0 0 0 0 0 0 36 0 0 57 0 0 0 0 0 0 21 0
0 0 0 0 0 0 21 0 100 0 0 0 0 0 4 0 0 3 47 0 12 0 0 19 0 0 67 0 0 0 0 0 63 0 0 0 70 29 14 0 51 95 0 0 0 82 0 0 0 89 86 57 62 0 0 0 0 0 72 0 20 0 94 0 75 0 0 0 0 0 73 0 0 0 0 0 0 0 0 94 0 84 0 0 0 0 43 0 0 0 0 0 0 35 0 0 0 0 0 0
41 0 0 0 0 0 11 0 0 0 66 0 0 0 0 55 0 0 27 0 0 0 0 87 0 0 0 0 0 0 0 72 0 0 0 0 6 5 0 0 31 2 5 0 0 0 0 0 0 61 0 0 77 19 19 77 81 92 56 0 4 0 77 0 0 87 0 0 0 0 0 0 9 0 0 0 15 0 0 29 0 86 0 0 0 0 0 0 0 0 0 0 73 0 0 0 52 0 12 0
0 60 26 0 100 0 1 0 51 0 0 0 0 0 0 0 46 0 0 0 0 0 0 0 100 0 2 45 0 0 0 88 0 0 0 0 0 0 0 18 0 0 0 0 0 0 98 0 0 0 0 29 48 0 0 0 0 32 0 0 0 52 82 0 87 87 0 0 0 0 0 82 0 0 55 0 0 0 0 0 75 0 0 0 0 1 0 0 21 0 33 20 0 0 0 0 0 0 0 0
0 36 0 0 97 0 5 80 0 0 0 0 0 39 0 59 0 32 53 0 0 75 61 0 0 49 0 52 0 0 0 75 0 20 34 74 0 73 0 0 0 23 0 0 78 71 0 0 0 0 63 0 44 0 0 0 23 0 72 0 0 0 0 0 0 0 0 0 99 0 0 0 0 0 0 0 0 0 0 0 0 0 0 0 0 0 0 18 62 0 0 0 0 0 0 0 0 0 0 0
0 0 0 71 0 0 0 48 0 0 0 7 18 0 0 0 7 0 0 0 0 0 28 0 0 98 0 0 92 0 0 0 0 0 28 98 0 11 0 0 0 0 0 6 0 0 0 0 0 0 0 0 40 0 0 0 0 0 96 0 99 0 0 0 93 0 35 17 82 0 0 0 0 0 0 0 0 0 0 0 41 0 70 0 82 0 0 0 0 0 0 0 53 31 0 0 0 0 0 0
36 0 0 0 74 0 0 38 0 0 23 0 0 0 0 0 0 0 0 0 21 7 0 1 0 60 0 0 0 0 0 0 41 0 0 0 0 0 56 0 0 0 0 66 0 0 0 0 57 0 0 0 0 0 73 0 80 0 80 0 33 75 0 0 0 28 0 0 0 0 71 0 31 0 0 55 0 0 80 0 0 58 92 59 0 0 0 0 0 0 0 0 0 0 0 3 0 99 6 0
0 0 0 0 0 0 0 0 0 0 0 0 0 79 0 0 0 0 0 90 0 0 5 60 0 0 0 100 0 34 19 0 60 0 0 0 60 0 99 0 0 0 0 0 0 14 0 0 0 95 0 52 0 71 25 0 0 0 0 79 0 0 0 0 0 0 87 0 37 0 0 0 51 0 0 0 30 0 93 0 0 0 0 0 0 2 94 0 0 0 0 0 79 0 0 0 95 0 32 0
0 0 0 0 0 0 36 0 0 0 0 74 0 0 0 0 0 0 0 3 53 0 0 0 39 0 66 32 0 0 8 0 0 0 46 0 0 0 0 0 0 0 0 0 0 0 0 0 0 0 0 0 0 0 0 65 0 0 18 57 0 0 14 0 74 87 0 0 90 87 95 0 0 0 87 0 0 0 0 0 0 0 28 0 0 0 0 0 0 0 74 0 0 11 0 0 0 0 0 92
18 0 0 0 0 0 20 0 0 66 0 68 0 0 57 0 0 0 0 0 0 0 0 0 14 0 74 0 0 17 0 58 0 0 0 0 25 0 0 15 0 0 0 0 0 20 0 57 0 0 29 0 0 0 0 0 0 0 0 0 0 0 92 20 0 0 0 0 82 0 0 0 89 0 8 0 0 82 0 0 0 0 0 63 91 0 91 0 0 28 0 51 4 0 0 0 0 0 59 1
0 61 0 50 0 0 0 66 0 0 0 0 0 0 0 0 0 0 0 0 0 0 98 0 0 0 0 0 0 0 71 78 0 0 64 0 9 0 0 0 0 0 71 0 5 0 7 0 85 0 0 0 63 0 0 0 0 35 0 0 0 90 0 0 40 94 0 0 75 0 0 0 77 35 0 0 0 23 0 0 0 0 80 0 0 85 0 53 0 34 0 0 0 0 0 0 0 0 52 0
0 0 62 24 0 0 0 0 0 0 0 0 0 72 0 0 0 0 0 21 0 0 1 76 0 0 18 96 0 50 90 0 0 0 0 0 0 0 0 0 35 0 0 0 0 0 0 0 88 0 71 0 0 0 6 19 0 78 0 11 93 0 0 0 50 0 0 31 0 0 0 0 0 0 51 67 0 68 68 0 0 0 0 0 0 0 0 0 56 0 4 0 0 0 0 0 0 11 0 0
35 27 87 0 0 0 0 0 0 0 0 0 0 0 0 51 0 92 0 78 0 0 0 0 0 59 47 0 0 0 47 0 0 0 67 0 0 0 0 0 0 0 0 0 0 100 36 0 0 0 0 0 90 0 49 0 70 0 0 34 1 0 36 0 0 0 0 0 0 0 0 0 0 69 11 0 33 0 3 80 0 0 80 58 97 0 0 0 0 0 0 0 24 98 0 86 0 7 0 66
0 58 0 45 0 80 61 0 0 0 0 0 0 16 0 0 86 69 0 0 0 0 0 0 0 0 34 0 0 0 0 0 0 0 19 0 0 0 0 0 73 0 45 0 0 0 0 0 0 0 53 0 0 0 0 97 82 33 41 0 0 0 0 0 0 0 0 0 0 0 0 0 17 0 0 0 0 0 0 0 0 0 0 0 80 0 0 0 0 0 59 76 78 86 0 28 0 0 0 20
100 0 0 0 64 0 4 0 0 0 0 0 62 0 0 0 0 0 0 61 0 0 0 0 8 0 0 0 0 53 0 0 82 0 0 0 0 40 47 0 56 0 0 0 0 0 18 0 0 0 0 0 0 0 0 0 93 0 0 0 0 62 0 18 16 54 0 0 0 0 68 0 28 0 0 0 0 0 0 0 0 0 0 0 0 43 0 0 0 0 17 34 0 0 0 36 0 78 40 29
12 0 0 68 0 0 0 0 0 0 0 0 0 0 78 0 0 0 0 0 0 7 0 18 0 0 0 0 0 2 0 0 52 0 0 0 0 0 73 0 1 12 0 0 91 0 72 0 34 0 0 0 0 0 55 0 0 42 0 0 28 0 0 0 67 0 0 0 0 0 0 0 0 0 0 0 0 0 0 0 0 3 33 55 20 0 19 0 0 82 0 61 0 21 65 0 0 50 0 16
0 86 0 0 0 0 65 0 88 52 0 23 89 0 0 96 0 0 0 0 0 0 0 0 0 53 0 0 0 0 97 0 0 0 0 0 0 0 0 0 0 68 0 0 92 0 0 0 66 0 0 2 15 0 97 0 0 0 0 12 0 51 0 0 46 0 0 0 0 72 0 0 0 0 0 0 0 0 49 65 0 1 0 0 0 0 0 0 0 0 0 0 0 0 14 0 0 53 79 0
0 0 0 0 0 34 0 1 0 0 70 0 0 0 0 0 0 0 0 0 0 0 0 0 0 0 0 0 61 0 0 51 0 0 0 0 0 0 0 0 0 21 89 0 0 0 0 0 73 59 0 0 0 0 0 0 0 79 10 73 0 0 37 0 0 0 0 0 0 0 0 0 67 94 0 98 0 0 17 0 29 37 0 0 0 0 0 20 0 12 0 0 0 0 0 0 0 0 0 60
0 100 0 43 0 0 0 0 0 0 0 0 0 0 0 0 70 75 0 49 0 0 0 0 0 0 0 26 22 0 0 0 0 0 56 0 0 0 0 0 0 0 76 0 0 0 11 75 0 41 0 0 69 0 0 0 0 0 0 0 0 0 0 0 100 0 0 55 0 11 0 0 52 0 0 0 0 33 11 0 0 0 6 0 0 0 0 0 0 56 0 0 0 0 0 0 0 0 0 94
0 0 0 63 64 0 0 0 85 0 0 0 0 80 0 44 0 31 0 0 0 74 0 67 0 67 55 0 0 0 0 70 0 0 92 0 0 82 0 0 0 0 0 0 0 0 0 0 0 0 0 0 0 0 0 0 0 0 0 0 0 0 0 0 0 0 0 0 0 0 0 79 0 43 0 0 0 0 0 1 0 0 0 0 0 64 0 45 0 0 0 0 0 62 0 21 0 88 0 10
88 0 0 0 0 0 0 0 17 0 0 0 32 16 0 0 0 0 95 0 0 0 0 36 0 24 59 70 0 67 0 0 0 68 0 84 0 0 0 11 0 0 0 0 0 0 3 0 0 28 0 0 0 0 0 0 0 0 38 0 0 0 0 0 0 95 51 19 88 0 0 70 65 0 0 53 0 0 37 0 0 43 85 0 0 0 0 0 49 0 0 0 0 0 0 83 0 80 0 0
0 0 0 0 0 0 0 0 0 0 0 0 0 0 0 100 0 0 0 32 59 77 0 0 0 0 0 0 0 0 0 3 0 0 71 0 0 0 0 48 0 0 0 18 0 0 0 23 0 0 71 95 0 89 0 0 61 0 0 0 0 0 0 81 0 0 0 0 64 0 59 0 0 0 0 0 0 0 0 0 0 0 0 0 93 0 0 4 94 0 0 0 0 0 0 0 0 0 0 48
0 0 90 51 94 0 0 5 0 0 0 85 17 0 0 7 57 0 0 44 0 0 0 0 0 17 0 0 0 21 0 0 0 0 0 0 0 0 0 0 36 0 0 0 0 0 38 0 0 0 1 0 0 75 0 0 0 0 0 0 0 0 0 93 0 0 0 0 87 0 0 0 15 0 0 0 0 0 12 77 0 71 42 0 0 0 0 65 0 0 0 0 0 94 0 0 0 92 0 0
0 0 0 0 0 0 0 54 0 0 3 0 0 68 0 1 67 0 47 0 0 45 2 0 0 0 0 0 0 0 0 0 0 0 44 0 78 0 0 0 0 0 0 0 0 0 0 0 17 0 0 0 0 0 0 0 74 0 0 0 0 0 0 24 0 72 0 0 0 18 0 0 0 65 71 0 0 0 0 0 0 0 0 0 47 17 0 0 56 0 28 0 0 0 0 35 0 0 0 0
0 0 13 38 43 0 0 0 0 82 82 0 0 0 68 28 0 0 0 0 0 0 100 0 0 90 28 84 0 0 66 0 0 0 3 0 0 0 1 0 11 0 89 0 0 0 0 0 0 0 0 0 0 0 0 0 0 0 0 0 0 65 0 0 0 0 0 0 0 0 0 0 0 0 75 0 0 0 0 0 96 0 0 0 0 0 0 0 0 0 0 0 0 0 0 0 0 0 0 0
0 0 0 0 0 0 80 0 0 0 15 0 0 0 37 0 0 52 0 0 0 0 0 0 96 0 0 0 83 0 6 0 0 0 0 0 51 0 0 0 0 0 0 0 0 78 0 0 0 0 0 49 8 0 0 0 0 0 0 0 0 0 0 0 0 0 0 0 50 0 0 0 0 0 0 0 0 0 0 0 0 0 33 0 0 0 0 0 0 99 0 0 0 0 0 0 0 0 0 0
0 61 0 48 0 0 0 44 0 67 0 0 0 0 0 27 0 0 0 16 0 0 11 0 0 70 6 0 0 49 0 0 0 0 0 7 0 0 0 0 0 0 0 0 0 0 0 0 0 0 0 0 28 0 32 0 37 45 0 0 0 0 0 0 0 0 0 82 9 0 34 0 0 0 50 0 0 0 0 0 0 0 0 0 0 72 0 0 0 0 0 0 0 0 0 0 0 0 18 0
0 0 0 0 0 83 0 0 90 0 0 71 0 0 0 0 0 0 0 0 0 0 0 0 0 0 0 0 1 0 0 0 0 0 0 0 0 0 0 0 60 70 0 0 0 22 0 42 0 0 0 0 0 0 18 47 67 0 0 0 0 0 0 0 19 0 0 0 0 0 0 0 15 0 0 0 0 0 0 78 47 0 0 99 30 0 0 0 12 25 33 14 0 0 0 0 0 0 0 75
0 0 0 50 0 12 0 0 23 0 28 0 0 0 0 0 0 81 0 0 0 90 0 0 0 0 0 0 0 0 0 0 47 0 0 0 0 0 91 0 43 0 23 98 0 0 64 0 0 39 0 0 0 0 61 0 0 91 0 0 0 0 0 0 0 21 0 0 39 25 0 25 3 0 0 0 0 0 97 0 0 0 0 0 44 0 0 0 0 12 0 0 0 0 0 0 0 0 0 0
0 0 0 0 10 0 0 0 0 0 0 0 0 0 70 0 0 0 0 0 36 0 76 0 57 0 60 54 23 0 98 91 0 0 0 71 0 0 0 0 0 0 0 0 0 0 0 53 0 59 0 0 22 0 0 74 0 95 0 0 0 0 0 90 74 0 54 0 6 0 0 0 0 0 0 0 0 0 0 84 0 0 5 0 0 0 0 0 0 0 0 58 0 90 0 91 0 0 0 0
0 0 85 0 0 68 36 0 0 0 0 0 37 6 5 32 3 22 25 0 73 50 0 37 45 85 92 19 0 55 61 0 85 0 0 0 70 0 25 0 0 0 0 0 0 0 26 0 0 54 0 0 0 0 27 0 0 87 0 0 0 0 0 0 0 0 70 78 0 0 0 0 0 0 0 0 0 19 0 0 0 0 16 0 0 0 29 0 0 0 0 0 14 55 0 0 0 43 0 0
0 52 0 0 0 0 0 0 0 0 22 0 0 0 56 0 0 0 0 0 0 0 77 0 0 61 93 0 0 0 0 74 0 0 0 0 0 0 0 0 0 4 85 0 33 0 0 0 0 0 0 0 0 0 0 0 0 0 0 54 0 0 66 0 1 0 0 0 0 0 0 0 15 0 0 0 4 0 0 34 0 0 0 53 0 0 0 0 4 7 28 0 0 0 0 25 0 0 40 0
0 0 0 0 0 0 0 0 0 0 0 71 64 0 0 0 0 0 0 0 0 0 0 0 30 0 0 0 0 0 0 0 0 0 0 0 0 0 0 0 0 0 0 0 0 0 0 0 0 0 27 0 0 0 0 42 72 57 0 0 82 0 0 0 0 0 0 39 0 12 0 75 75 0 0 0 0 0 0 0 75 0 4 0 0 0 31 0 0 0 0 39 0 0 64 62 76 71 0 0
0 0 0 0 0 0 0 0 0 50 0 81 98 69 0 0 93 0 0 0 15 38 0 81 0 0 0 0 0 0 79 0 60 0 0 0 0 0 0 0 0 0 0 0 0 0 0 21 14 0 0 0 0 0 0 30 0 0 87 0 0 5 70 0 0 0 0 77 55 0 30 23 37 0 0 0 0 0 0 0 0 82 0 0 15 0 0 0 46 85 0 46 0 0 0 0 0 0 0 0
0 0 37 72 0 0 0 0 0 37 0 0 0 0 0 0 11 0 0 64 0 0 0 0 70 6 0 0 0 74 0 85 0 74 52 0 0 0 0 0 33 0 0 0 22 0 0 0 0 0 0 43 0 0 53 0 0 0 65 0 0 0 0 0 0 0 0 33 0 0 0 0 52 0 0 1 1 70 0 0 0 0 0 0 0 0 0 0 0 0 0 0 3 0 0 9 0 0 0 50
0 62 0 70 10 0 0 0 0 14 86 0 0 0 0 0 0 17 0 0 0 0 0 0 0 0 0 0 0 0 18 0 0 0 82 0 5 0 0 53 0 0 0 0 0 63 0 0 72 0 0 0 60 32 0 0 0 0 0 52 0 0 0 0 0 0 89 0 0 0 0 0 0 0 47 0 0 32 0 98 0 40 16 0 0 0 0 0 0 26 0 0 0 0 10 0 0 0 0 0
0 0 0 0 0 0 0 0 27 0 61 0 0 0 0 0 0 17 0 0 0 45 0 0 0 0 0 0 0 15 0 0 0 3 64 0 0 0 0 74 0 0 0 0 0 0 0 93 0 21 33 0 0 13 0 0 0 0 0 98 0 0 0 23 0 0 72 11 0 0 0 29 97 93 0 0 0 85 0 72 0 0 0 0 0 0 0 0 53 0 0 0 0 19 3 14 0 0 0 0
0 0 0 0 0 0 11 63 0 8 0 11 93 80 0 87 0 0 30 0 0 0 98 0 0 0 33 27 80 0 0 0 0 46 0 0 16 0 61 0 0 0 0 0 3 60 91 0 0 0 0 0 56 0 0 0 53 0 80 0 92 100 46 0 0 52 0 0 0 0 0 0 0 0 0 0 0 0 29 0 0 0 0 87 0 0 0 66 0 65 7 62 0 0 0 0 64 0 0 0
80 0 49 54 0 0 0 0 0 0 0 0 0 46 0 0 65 0 11 0 0 0 0 0 0 0 0 0 0 0 0 0 0 41 0 0 49 4 0 0 21 0 31 0 0 87 0 0 0 47 0 54 0 0 0 64 29 0 0 0 0 38 0 0 0 0 0 0 0 0 25 0 0 95 0 0 0 0 0 23 0 0 0 0 0 0 30 20 73 0 0 71 0 0 0 0 0 0 32 0
67 0 0 0 7 50 0 0 56 0 0 0 0 60 0 0 41 55 0 41 0 72 100 0 0 0 4 100 0 0 0 0 0 0 0 0 0 0 0 0 0 7 0 0 44 100 0 21 77 0 0 0 0 0 0 0 65 61 0 0 0 0 0 0 0 82 40 0 0 0 0 0 0 70 54 0 0 0 0 0 57 45 91 23 0 0 0 0 33 0 96 61 0 50 0 17 0 0 0 0
0 71 0 0 0 0 0 0 0 0 0 0 55 0 0 0 0 0 0 0 0 0 0 0 0 0 6 0 0 0 0 0 0 59 0 0 0 0 0 62 0 0 0 7 0 0 0 0 0 16 0 0 26 0 0 0 0 18 0 99 0 0 0 0 0 81 72 0 0 0 97 0 0 0 0 0 92 78 0 0 0 0 0 0 17 0 0 39 0 0 56 0 0 0 82 0 0 0 0 0
0 0 36 0 95 29 0 0 0 0 75 0 0 92 0 91 1 0 46 34 0 0 0 44 44 0 0 95 0 72 0 0 0 0 0 0 0 0 43 0 0 0 69 16 0 0 0 54 0 0 44 0 0 0 0 0 0 0 0 72 66 29 22 0 0 0 0 0 0 0 0 0 0 0 0 0 0 0 0 85 0 0 0 0 0 94 0 0 0 0 0 0 0 0 0 0 27 89 0 24
0 0 0 0 0 0 0 0 0 0 0 0 0 34 98 0 0 0 0 0 0 0 0 0 0 0 0 21 0 0 0 0 0 0 0 0 0 79 45 0 95 0 0 0 0 0 0 0 41 0 67 0 23 0 0 64 0 0 39 59 0 75 91 0 0 0 0 0 0 0 39 0 0 74 0 60 52 0 0 0 0 0 0 0 32 35 0 0 0 0 0 0 0 0 0 77 0 69 0 0
0 0 0 0 0 0 0 0 0 0 0 0 0 0 0 0 0 0 40 0 0 0 0 0 0 0 0 0 0 0 0 0 4 0 0 0 0 0 0 0 40 0 0 0 16 0 67 0 0 0 0 30 0 64 0 0 32 0 0 0 0 29 0 68 0 0 0 100 0 0 53 0 0 0 0 0 49 0 0 0 0 0 43 0 0 0 0 0 0 0 0 0 0 38 0 19 0 70 0 51
0 34 0 0 0 5 0 0 0 98 0 0 0 0 0 0 0 0 0 0 0 0 0 74 0 0 0 0 0 35 79 0 0 0 93 0 0 0 0 0 0 10 0 0 0 0 0 0 0 15 0 0 0 0 0 0 0 0 0 10 74 9 0 0 0 0 33 0 0 48 0 0 0 0 0 0 0 0 0 0 0 81 1 0 0 0 0 0 0 13 0 71 0 51 0 0 0 76 0 0
4 0 93 0 0 0 0 0 3 20 0 0 0 0 0 0 0 0 0 0 0 0 0 0 0 0 11 0 0 0 0 37 0 0 0 0 0 0 0 0 59 0 0 0 0 0 0 0 0 0 47 0 80 0 37 0 0 0 72 13 0 0 0 0 0 0 0 0 55 0 0 0 0 0 0 30 0 0 0 0 0 0 0 0 0 0 0 0 0 0 0 0 0 0 0 100 0 0 0 0
4 0 0 0 0 0 0 0 95 0 70 0 0 0 0 0 0 0 4 0 0 43 33 9 0 0 0 22 0 42 0 3 0 42 0 0 62 0 75 0 0 0 0 0 0 8 0 0 0 71 0 0 0 0 0 0 0 9 38 0 0 0 0 0 0 0 72 0 0 0 0 0 0 0 0 0 70 0 0 0 0 48 67 0 0 0 0 21 0 0 0 51 0 0 0 74 0 0 0 0
0 28 21 0 0 0 0 0 0 0 0 0 0 0 0 0 49 0 0 64 0 0 0 76 0 0 0 88 57 0 21 0 4 0 0 0 0 0 0 0 0 0 0 34 0 0 65 73 0 92 66 0 0 0 19 57 0 0 97 0 0 0 0 0 0 0 0 0 0 0 0 0 0 0 77 72 47 0 100 0 0 0 0 0 56 97 0 0 0 0 11 0 0 0 0 0 0 66 29 0
0 0 0 0 0 0 0 66 0 0 0 0 0 0 0 0 0 34 0 0 0 0 0 39 0 0 0 0 0 0 0 0 0 0 0 30 0 0 0 0 51 0 4 22 0 0 0 60 0 51 0 0 60 41 0 3 0 0 0 38 0 0 0 0 0 22 0 0 0 0 89 0 0 0 0 0 0 0 84 27 0 56 0 35 50 81 48 41 0 0 0 17 43 0 0 0 0 0 0 0
0 79 0 35 72 0 0 0 4 0 0 95 96 14 99 0 0 7 0 0 0 0 0 0 79 0 0 0 0 0 0 0 0 79 0 3 89 0 0 0 0 0 58 65 0 0 0 0 0 0 0 0 0 0 0 0 79 0 0 0 0 97 0 0 0 0 0 7 0 0 0 0 0 0 0 11 0 0 0 31 50 0 0 0 0 0 14 83 91 0 0 0 9 0 0 0 93 0 0 31
0 41 0 0 0 0 0 0 19 0 0 0 0 0 79 0 0 0 1 0 90 0 0 0 0 65 44 0 0 0 39 0 23 0 0 13 68 0 0 0 0 60 89 0 80 0 0 86 42 0 0 0 0 22 0 0 0 48 0 0 0 0 0 0 0 0 0 0 0 0 29 0 0 25 0 0 0 0 78 0 0 10 32 0 83 0 0 40 81 0 84 24 51 0 0 0 0 95 24 0
0 0 82 0 0 0 0 0 0 0 35 0 2 0 0 0 0 0 0 0 0 0 0 100 0 0 0 0 0 0 0 0 0 0 0 0 0 79 0 0 0 74 0 0 0 0 0 38 0 0 0 0 0 0 21 0 0 0 0 49 0 0 0 0 0 0 62 0 72 56 0 0 0 0 0 34 0 0 53 89 0 0 0 0 10 0 0 0 24 0 0 0 0 84 83 0 0 14 0 95
0 0 0 0 94 0 54 0 0 77 0 0 57 0 0 0 0 0 0 0 63 0 0 0 85 0 0 0 44 96 0 0 40 47 0 0 82 0 0 15 95 0 0 0 0 0 0 0 0 0 35 9 0 0 0 0 0 0 0 78 3 0 0 0 0 79 66 54 87 0 0 0 0 0 55 30 0 71 0 83 0 29 0 15 0 0 0 0 0 0 0 0 0 55 0 0 38 0 39 0
73 0 41 0 0 0 68 0 16 93 0 0 0 0 0 94 27 0 0 0 0 0 39 49 0 0 0 59 0 0 0 0 0 0 0 0 79 0 95 0 0 0 22 0 0 0 0 87 0 0 0 0 0 0 0 0 0 22 0 0 0 74 46 0 0 0 0 0 0 0 0 0 0 0 0 54 0 0 0 0 91 0 0 0 74 0 0 0 0 41 0 33 0 0 55 0 0 0 0 0
4 0 38 0 0 0 1 0 0 0 0 0 82 83 0 0 0 6 0 0 0 0 0 0 0 0 0 0 0 73 74 0 0 63 0 0 0 44 0 28 0 0 0 0 0 0 0 62 68 41 0 97 0 0 0 0 0 27 0 0 0 0 0 0 0 77 43 0 0 36 60 0 0 0 0 0 0 0 0 0 88 0 36 0 0 0 0 81 0 16 0 0 0 0 13 78 0 0 0 0
15 47 12 81 0 0 0 0 0 0 0 35 0 41 0 0 0 0 0 0 0 45 0 0 0 0 0 64 0 0 0 0 0 0 0 31 0 96 0 24 28 13 0 54 0 53 0 0 0 0 0 23 36 0 0 72 0 58 0 0 0 0 0 0 0 0 40 0 0 0 1 0 0 0 40 0 0 0 0 29 0 0 0 0 0 11 0 71 0 0 0 50 0 0 0 0 0 0 0 19
0 0 0 0 0 0 0 0 0 38 0 0 0 0 0 0 0 0 0 95 0 0 0 0 64 0 0 0 0 0 0 0 0 0 0 92 0 0 0 51 36 0 0 0 0 57 0 8 0 21 0 0 0 0 0 0 96 0 0 0 0 0 0 0 0 90 71 69 6 0 75 0 0 11 0 92 0 51 0 24 0 0 0 53 0 27 0 0 0 0 58 0 0 0 54 42 0 0 0 0
0 0 0 0 0 0 0 97 0 98 0 0 0 0 0 0 0 0 58 0 0 0 17 0 0 70 0 59 0 0 0 0 0 13 34 0 0 39 0 0 0 0 0 0 0 0 0 0 30 0 0 0 90 78 0 74 0 0 28 0 0 0 0 0 0 0 0 0 0 0 0 0 0 99 0 57 0 0 60 0 20 0 70 0 0 0 0 0 94 87 0 0 99 99 0 0 0 60 0 68
0 0 0 0 0 0 0 0 89 0 70 0 0 2 0 0 0 0 0 3 0 0 0 0 0 0 0 63 0 0 15 0 98 57 0 0 0 0 0 52 0 0 0 0 0 0 0 0 56 0 0 27 0 55 0 0 0 0 17 0 61 0 0 0 0 56 0 0 0 58 0 0 50 0 0 87 0 0 0 0 0 0 0 0 5 0 0 0 0 0 0 29 0 0 99 0 0 0 0 98
0 0 0 0 0 0 40 0 0 0 0 0 0 0 0 0 0 6 0 0 100 22 0 14 0 67 65 0 0 0 0 0 0 0 0 0 0 95 2 98 0 8 0 0 0 0 0 0 0 0 0 0 0 0 0 68 0 0 0 0 0 0 0 73 0 0 0 0 39 0 0 0 0 29 0 0 19 0 0 0 0 6 0 0 0 39 35 0 0 0 44 0 86 0 0 0 0 0 16 0
0 20 0 0 59 0 0 0 0 0 0 0 0 96 85 0 30 0 0 0 0 0 0 0 0 77 0 37 0 95 0 0 0 0 0 58 13 0 0 60 0 0 0 11 0 89 0 0 0 0 0 0 0 92 0 54 0 0 75 0 0 73 17 0 0 97 0 0 0 17 0 0 0 0 0 39 0 0 0 0 0 0 91 0 47 74 0 0 0 0 0 0 11 0 34 0 0 0 0 0
0 10 53 0 0 0 0 0 0 0 59 0 3 90 100 92 22 47 0 0 0 0 95 0 0 33 45 0 0 0 0 0 0 0 0 0 0 63 0 0 76 0 0 0 0 80 0 0 0 58 0 0 0 99 0 0 72 0 47 0 0 0 0 0 0 0 75 0 0 0 0 56 0 0 0 0 0 0 0 0 0 30 0 0 0 0 0 0 0 75 0 0 0 2 55 0 46 16 90 0
0 0 0 0 0 0 0 0 0 0 0 0 0 0 0 0 0 60 0 0 25 0 0 24 0 0 0 0 0 0 0 0 52 0 0 0 23 0 0 0 22 0 53 0 0 0 0 0 0 0 0 0 0 58 0 97 0 0 0 0 5 0 0 0 0 0 0 0 0 25 0 0 0 0 41 0 20 61 82 0 4 86 23 0 100 0 17 0 0 0 0 0 0 0 0 0 59 0 47 0
96 32 0 34 0 0 0 0 0 0 55 0 98 0 0 0 0 0 58 0 0 0 95 0 0 0 0 0 0 14 0 0 0 0 79 0 0 53 3 0 0 0 71 0 45 0 0 0 0 51 41 0 0 18 0 0 0 0 0 0 0 0 0 0 0 50 60 0 0 0 69 0 0 0 0 0 0 0 0 65 0 0 0 0 91 35 35 0 0 0 0 0 0 0 0 0 0 37 0 0
0 0 0 0 0 53 0 0 20 0 0 0 33 0 0 0 83 55 0 0 0 9 0 69 0 0 61 0 0 0 0 0 5 0 0 0 0 0 0 0 73 0 0 80 0 0 40 0 0 0 0 0 0 0 27 0 0 0 1 0 0 0 0 56 0 0 0 0 0 0 0 0 0 0 47 0 54 6 0 0 0 0 0 0 0 0 0 0 0 0 0 0 0 0 52 90 0 0 0 30
0 0 0 4 0 0 0 0 0 0 0 0 55 81 0 93 0 0 40 0 50 0 0 38 94 99 77 0 0 0 0 69 0 0 0 70 0 0 0 0 0 94 0 0 0 0 0 0 0 0 0 0 0 0 0 0 68 0 24 0 0 2 0 0 0 0 0 0 39 0 0 0 0 0 0 0 71 0 0 94 23 0 0 0 0 0 0 0 0 0 0 0 0 90 0 41 0 60 0 0
0 0 0 0 0 0 79 0 0 9 0 0 0 0 0 0 0 0 0 0 0 71 0 0 0 19 91 0 31 0 91 0 47 0 0 0 0 0 0 0 53 0 55 55 41 0 0 0 0 0 0 0 85 0 0 0 46 0 62 0 53 0 0 0 0 31 61 0 66 0 0 0 52 40 0 0 42 0 0 0 0 0 0 76 96 0 0 0 0 0 0 0 0 0 0 0 0 0 0 0
79 0 0 0 0 0 0 0 0 0 0 0 0 0 54 83 0 59 0 90 0 0 0 0 47 66 57 68 2 0 0 72 0 0 46 0 0 0 0 0 0 0 0 0 50 0 0 0 0 0 0 0 0 44 0 0 25 1 0 0 0 48 14 0 0 0 7 0 0 75 7 0 0 0 45 0 10 0 63 0 0 0 0 0 100 95 0 0 0 0 10 0 19 0 45 0 57 35 0 65
20 0 0 0 0 28 0 0 92 26 0 0 0 0 0 0 0 50 0 0 11 0 0 0 84 0 16 56 74 20 0 0 98 0 0 0 0 0 0 0 0 0 69 0 0 0 0 6 97 46 0 0 0 0 99 0 0 99 0 0 98 0 0 0 0 0 0 0 0 0 0 0 0 44 0 0 0 54 0 19 0 0 60 0 44 59 0 0 0 0 0 87 0 0 79 0 24 0 15 0
8 0 0 0 0 13 0 0 18 0 0 30 8 0 55 0 0 0 0 0 0 0 0 19 0 64 0 0 0 0 0 54 0 0 0 0 0 0 0 0 0 0 0 85 0 0 0 14 9 0 0 0 0 0 0 79 0 0 0 0 0 0 28 0 64 0 0 14 0 0 0 0 0 4 0 0 0 0 0 0 0 0 21 0 76 88 0 69 74 23 0 0 67 0 57 6 0 0 0 0
2 66 79 0 0 0 70 25 0 0 38 0 0 0 0 0 0 0 53 0 0 0 0 24 0 0 0 0 0 45 0 0 0 0 0 0 0 0 0 1 36 82 96 0 0 71 0 0 0 0 30 0 2 0 0 0 0 0 78 0 1 0 25 0 0 0 0 0 0 0 0 64 0 0 0 0 48 0 0 0 0 0 0 0 97 0 0 0 70 0 0 67 34 0 0 0 0 88 0 0
0 71 0 0 0 0 0 0 0 0 0 0 0 0 0 0 23 0 52 42 0 0 0 0 0 0 0 0 0 0 96 0 0 0 96 10 0 0 0 0 0 0 0 54 0 0 0 0 47 0 0 0 0 0 0 0 0 74 0 0 0 0 0 61 0 0 0 90 0 94 61 46 0 0 0 0 0 31 0 0 55 0 75 4 0 67 0 30 0 0 0 0 0 0 0 0 0 0 22 0
0 0 0 0 84 0 0 0 0 0 0 0 0 7 0 77 12 0 0 11 0 0 0 0 0 0 0 0 0 0 0 0 35 0 0 29 0 0 0 0 0 0 0 0 0 0 0 0 0 0 0 0 56 0 0 0 0 0 76 67 0 0 0 0 0 0 0 0 0 0 0 33 0 6 0 15 0 0 0 0 0 0 0 0 38 0 19 0 0 0 0 48 41 0 0 0 0 0 99 79
73 0 0 25 84 0 0 6 0 0 0 0 0 0 0 49 4 78 39 39 0 0 0 0 13 0 0 0 0 0 92 0 0 0 0 0 0 0 0 0 0 0 0 0 0 0 0 25 0 44 0 0 0 0 0 0 0 0 82 0 0 0 0 0 0 76 0 10 0 12 0 0 0 0 0 76 8 0 0 52 0 0 7 60 0 0 0 0 0 0 0 0 0 0 0 0 0 0 0 0
0 0 0 40 97 0 0 0 0 22 52 76 0 0 0 0 0 51 0 0 2 0 0 0 0 0 0 0 42 0 0 52 95 0 0 37 9 0 0 0 58 0 0 63 0 0 55 0 47 0 0 0 0 0 0 0 0 0 0 0 0 0 0 0 6 0 0 52 0 0 0 0 57 0 0 0 0 0 19 45 0 0 72 0 0 80 91 0 0 0 0 1 0 0 0 0 33 0 90 0
0 0 0 0 0 0 0 0 8 0 0 26 0 0 0 0 0 52 44 0 0 0 0 0 0 0 0 0 36 5 0 0 0 0 31 0 0 75 93 94 0 0 0 87 0 0 0 9 0 37 94 0 0 0 0 0 22 0 0 87 0 0 0 58 0 0 0 91 0 0 0 0 0 0 0 95 18 0 0 0 34 0 0 56 0 0 0 0 100 0 0 0 72 0 0 0 0 0 0 0
0 0 0 0 0 12 0 0 0 0 0 0 0 0 4 0 0 0 0 0 0 0 0 0 0 0 0 0 26 0 56 46 89 0 0 0 0 0 0 0 0 35 0 0 39 63 0 0 19 0 0 0 38 0 63 65 20 0 0 31 0 0 0 38 0 43 0 0 0 0 0 0 0 0 0 0 32 0 0 5 0 53 0 0 0 24 93 24 0 47 0 48 0 23 71 0 0 0 81 0
31 0 0 0 0 0 0 0 35 0 38 0 98 17 98 0 0 0 18 0 0 0 0 0 32 0 0 0 0 0 90 6 9 0 0 88 5 0 0 0 0 0 0 0 17 22 0 76 0 0 0 0 0 29 61 0 0 75 0 53 0 0 0 0 0 0 0 0 0 0 98 0 0 0 0 0 44 0 32 90 0 0 0 0 0 0 7 64 0 0 0 0 0 38 0 0 0 0 0 1
0 15 0 0 0 0 0 0 0 26 0 39 0 0 0 0 0 0 0 28 0 0 21 0 0 0 0 0 90 0 0 17 53 0 0 0 89 0 89 0 0 7 0 35 0 47 0 0 0 0 0 0 0 0 0 45 27 61 0 0 95 0 0 68 0 0 0 0 0 0 0 0 0 0 61 0 74 0 8 54 98 0 0 20 0 15 0 0 96 0 53 0 0 0 0 0 0 0 22 98
0 0 30 0 0 0 89 0 0 0 89 0 0 0 0 31 0 0 0 0 0 91 0 0 0 0 0 16 0 0 0 0 0 24 0 0 0 0 0 74 0 70 0 0 68 0 67 64 66 28 0 0 0 0 0 0 0 0 0 0 0 0 0 0 0 0 22 0 0 0 0 93 0 0 75 0 0 78 0 19 0 88 69 0 9 0 33 0 0 0 5 0 85 0 41 40 78 55 0 0
0 25 0 0 0 0 0 10 70 0 0 26 0 81 0 0 0 0 0 0 82 0 0 0 0 0 0 0 0 3 88 23 0 0 44 42 0 48 38 84 0 0 0 0 0 0 10 0 84 81 0 0 0 0 91 0 0 0 0 0 0 0 0 0 0 0 0 47 0 0 0 78 64 21 87 52 0 60 0 0 5 50 0 0 51 0 39 0 13 0 0 0 0 0 0 0 0 0 0 19
96 0 0 0 0 0 35 0 0 0 85 0 0 0 0 0 0 100 0 90 0 0 0 0 0 0 0 0 0 0 0 0 0 0 0 0 63 0 37 0 0 0 0 32 0 0 25 0 0 0 85 0 0 0 0 0 0 0 0 0 0 79 13 0 0 0 84 0 0 75 0 0 0 49 0 0 56 83 0 0 76 9 69 0 0 0 0 0 10 0 8 63 0 0 0 0 0 16 0 0
16 26 63 0 0 0 0 0 0 0 39 0 0 0 8 0 0 0 0 0 0 0 0 0 10 49 0 0 0 4 0 0 0 0 0 0 0 9 0 0 52 0 0 0 16 0 0 8 0 0 0 0 0 0 52 0 0 0 69 0 5 0 0 0 0 0 61 0 0 45 0 0 33 0 43 0 0 0 0 0 31 67 0 0 0 0 0 0 0 0 87 32 0 99 0 0 30 0 0 0
0 0 26 2 97 0 0 53 0 0 5 0 0 0 0 0 0 0 0 0 0 0 0 0 67 74 38 0 36 0 16 0 0 0 0 0 0 0 0 0 0 0 29 0 0 0 0 0 0 0 51 39 6 39 18 0 0 0 0 78 68 0 0 0 78 0 53 0 0 0 0 87 0 0 29 75 0 0 0 0 0 0 0 0 0 0 42 0 90 0 0 74 0 25 0 0 0 0 0 0
0 0 0 21 0 0 35 0 7 0 0 0 0 0 0 0 61 0 0 0 0 0 0 0 90 0 0 0 0 0 0 0 45 65 0 18 37 0 0 0 0 0 0 0 0 10 0 0 0 0 0 0 0 0 0 0 0 0 0 54 31 0 0 0 0 0 0 78 0 0 0 35 0 0 100 0 67 0 0 0 0 0 0 48 0 0 0 0 0 0 0 0 0 0 0 0 0 0 0 37
66 0 42 0 0 50 43 0 0 82 0 88 0 22 0 94 0 0 0 0 0 56 0 87 0 0 0 0 0 0 0 17 0 65 0 99 0 13 0 0 0 0 81 0 76 0 0 0 0 0 0 72 0 0 0 0 0 0 0 0 48 0 0 0 95 0 0 0 0 0 20 64 0 0 0 0 0 0 0 0 0 0 0 14 0 7 39 0 0 0 0 0 0 0 53 0 89 0 0 0
0 0 0 0 0 0 0 0 6 0 0 0 0 0 0 67 0 0 60 64 0 0 0 0 0 0 89 0 0 0 0 0 0 0 59 0 0 0 93 0 0 26 0 0 3 43 81 45 0 0 0 0 90 0 0 56 0 0 38 0 0 0 0 0 54 0 0 76 0 0 0 0 0 0 0 51 0 0 28 0 0 0 0 0 65 0 0 25 0 0 0 0 54 0 0 0 0 0 0 0
86 0 0 0 0 0 0 0 0 0 0 0 0 0 0 0 0 0 14 0 0 0 0 0 0 24 0 0 0 0 0 0 0 0 0 79 0 0 99 5 98 0 18 99 15 0 0 0 0 16 0 27 0 0 0 13 0 0 7 0 0 0 0 0 0 52 0 0 0 7 46 0 0 57 0 18 0 0 83 69 47 0 0 62 0 0 0 0 0 0 0 0 0 0 0 0 0 76 0 0
0 0 0 0 0 0 0 0 64 64 22 0 58 4 0 0 0 21 0 0 0 0 59 0 5 100 0 0 0 0 0 0 0 32 0 0 0 0 0 0 0 1 0 0 0 57 53 0 0 0 0 0 0 62 0 0 16 0 0 0 0 0 72 20 0 0 0 15 0 0 0 0 0 0 59 0 84 23 0 0 27 0 0 0 0 0 0 0 0 24 44 0 0 48 4 0 22 34 0 0
0 0 0 0 31 0 0 0 0 0 0 15 0 0 0 0 0 0 82 45 0 0 0 0 0 39 0 0 55 0 0 3 0 62 0 0 17 25 58 7 0 0 58 52 0 0 69 0 0 0 0 61 17 0 3 17 0 0 0 0 61 0 0 0 0 0 0 0 54 0 0 0 0 63 0 0 71 0 0 0 0 0 0 0 0 0 12 0 92 0 0 0 0 0 0 0 0 0 0 0
0 0 88 0 0 0 0 0 0 0 35 0 0 0 0 0 0 0 0 0 0 0 0 86 0 0 0 0 0 0 0 58 0 0 9 0 85 0 40 0 65 0 0 0 0 0 0 16 0 0 0 0 90 0 0 26 76 0 27 49 0 0 0 0 0 0 0 0 51 69 0 0 0 0 0 0 0 0 50 0 0 19 68 0 0 0 65 0 94 0 81 0 67 0 0 0 0 0 23 0
66 90 0 98 65 0 0 14 0 2 9 0 0 0 0 0 0 0 0 0 0 0 0 0 0 0 0 0 69 0 38 0 35 0 0 15 0 0 0 0 0 0 0 0 72 0 0 0 0 0 77 0 0 0 0 57 0 36 0 0 13 0 48 100 0 0 0 0 0 0 67 0 97 0 0 96 0 0 0 0 60 0 0 0 0 0 99 0 0 28 43 27 0 0 0 0 0 47 0 0
0 0 0 0 0 0 0 0 0 0 0 57 0 36 0 0 0 0 0 0 0 0 96 0 0 0 0 0 0 0 0 35 0 0 0 0 0 0 0 0 0 0 0 0 0 0 0 0 0 0 0 0 88 30 0 19 0 0 0 0 37 0 52 0 0 0 0 38 0 0 50 38 0 0 0 0 0 87 0 0 0 0 0 68 73 79 0 0 0 0 0 0 0 72 77 0 0 0 27 0
0 33 0 61 0 0 0 0 0 0 0 0 82 75 0 0 0 0 0 0 0 0 70 0 0 93 0 0 0 0 0 56 0 20 0 0 0 0 31 0 0 0 0 0 0 0 0 0 0 0 0 0 49 0 61 34 27 0 0 82 0 0 0 35 63 96 0 0 0 0 0 69 0 0 0 0 0 0 0 0 0 0 0 0 44 0 0 35 0 0 0 0 0 48 0 0 83 0 0 0
0 0 26 0 0 90 0 0 44 9 0 0 91 7 0 0 0 98 65 26 2 0 69 0 0 0 0 29 0 0 24 88 0 13 0 0 42 0 0 0 0 0 0 43 74 0 0 0 0 0 77 0 58 0 0 54 0 32 0 0 0 0 0 0 56 0 0 0 0 80 0 0 0 50 0 32 0 0 0 0 0 0 0 0 0 0 72 82 0 0 0 0 10 0 0 16 0 0 0 0
54 0 95 22 0 0 72 0 24 0 0 0 0 0 82 46 0 0 0 0 18 0 0 0 0 0 0 0 0 0 0 0 0 0 0 0 0 58 0 93 0 0 33 0 0 0 0 0 94 25 0 0 0 99 28 0 0 0 0 48 0 52 0 52 0 0 0 0 0 0 0 0 29 98 0 0 0 0 0 0 0 75 0 0 42 0 0 73 30 0 70 0 0 0 53 0 78 0 0 0
0 0 0 11 0 0 0 5 0 78 93 0 0 0 0 0 0 0 19 0 13 0 0 22 81 0 0 64 0 0 0 0 0 0 0 0 0 0 17 0 0 0 23 0 0 26 0 0 0 12 0 0 60 21 0 0 53 0 0 0 0 0 31 0 0 0 0 0 0 0 0 31 0 0 63 0 0 0 30 0 0 36 0 0 0 55 0 0 80 0 73 0 84 60 0 0 0 0 0 0
0 0 0 0 0 0 0 0 0 0 37 0 0 34 0 0 20 0 0 29 0 0 0 29 0 0 0 28 0 0 0 22 0 0 0 3 22 0 0 0 75 0 0 0 0 0 0 12 0 0 0 0 46 0 0 0 0 64 0 0 0 0 0 0 0 99 0 0 46 68 0 0 0 0 0 0 0 0 0 0 0 0 0 61 0 16 20 0 0 0 0 0 0 70 0 0 0 76 16 0
0 0 0 0 0 0 0 0 57 0 72 0 10 0 0 0 0 0 0 0 25 0 0 97 0 0 0 0 0 82 0 66 0 65 0 0 0 0 0 0 0 0 0 0 0 0 0 0 97 35 0 0 0 0 47 0 55 0 93 53 0 0 0 0 0 49 0 14 40 49 0 0 0 0 0 89 3 54 0 0 0 0 0 0 0 0 94 0 0 0 0 35 0 16 63 0 0 0 0 0
0 0 0 0 83 0 0 34 0 0 0 0 0 0 0 0 0 0 0 50 0 0 0 47 0 0 0 0 0 77 65 0 32 0 0 0 71 0 0 0 0 65 51 0 0 0 0 0 0 0 0 0 0 0 0 71 0 0 81 0 0 0 0 42 100 0 0 0 75 0 0 85 0 0 0 41 20 0 76 0 54 20 0 33 0 0 0 0 0 0 0 0 0 79 0 0 0 0 0 0
0 0 0 0 0 0 95 0 0 0 84 0 0 0 0 0 0 0 0 0 0 0 0 0 0 0 0 91 0 56 36 0 0 0 0 0 0 0 42 0 13 0 18 0 0 43 51 0 0 0 0 33 85 0 0 77 82 0 0 0 73 0 0 0 0 0 0 71 0 0 86 0 0 0 0 0 20 0 0 0 0 0 0 0 0 0 0 0 39 0 0 49 0 0 0 0 0 0 61 0
0 0 0 0 0 0 80 0 26 0 0 0 0 0 81 0 0 66 32 0 93 0 0 97 0 0 1 0 0 0 0 0 56 0 0 0 9 41 67 0 69 6 0 0 0 50 0 0 0 49 96 96 63 0 0 0 0 0 91 0 5 0 91 0 60 0 0 0 0 0 27 0 0 0 0 0 0 0 0 99 0 92 0 0 0 0 64 0 0 0 0 0 0 85 0 0 0 0 0 0
90 0 0 0 0 0 81 0 0 0 17 0 0 0 0 33 0 0 1 0 0 0 0 12 0 0 0 0 0 0 0 22 0 0 0 0 84 98 0 0 92 76 40 0 0 0 0 0 0 41 0 0 44 99 18 70 71 91 89 0 88 0 41 0 0 19 0 0 0 0 0 0 44 0 0 0 89 0 0 73 0 46 0 0 0 0 0 0 0 0 0 0 93 0 0 0 67 0 88 0
0 59 99 0 75 0 80 0 48 0 0 0 0 0 0 0 99 0 0 0 0 0 0 0 16 0 62 55 0 0 0 93 0 0 0 0 0 0 0 96 0 0 0 0 0 0 14 0 0 0 0 64 28 0 0 0 0 84 0 0 0 30 18 0 35 82 0 0 0 0 0 33 0 0 66 0 0 0 0 0 2 0 0 0 0 94 0 0 11 0 67 52 0 0 0 0 0 0 0 0
0 47 0 0 66 0 100 99 0 0 0 0 0 8 0 96 0 95 49 0 0 80 78 0 0 42 0 44 0 0 0 72 0 83 88 42 0 75 0 0 0 32 0 0 91 65 0 0 0 0 66 0 26 0 0 0 70 0 56 0 0 0 0 0 0 0 0 0 100 0 0 0 0 0 0 0 0 0 0 0 0 0 0 0 0 0 0 52 96 0 0 0 0 0 0 0 0 0 0 0
0 0 0 20 0 0 0 20 0 0 0 46 84 0 0 0 93 0 0 0 0 0 68 0 0 1 0 0 51 0 0 0 0 0 26 75 0 76 0 0 0 0 0 10 0 0 0 0 0 0 0 0 75 0 0 0 0 0 19 0 30 0 0 0 33 0 27 50 31 0 0 0 0 0 0 0 0 0 0 0 22 0 48 0 74 0 0 0 0 0 0 0 60 77 0 0 0 0 0 0
19 0 0 0 95 0 0 66 0 0 12 0 0 0 0 0 0 0 0 0 64 12 0 79 0 19 0 0 0 0 0 0 66 0 0 0 0 0 57 0 0 0 0 71 0 0 0 0 56 0 0 0 0 0 43 0 80 0 81 0 70 10 0 0 0 32 0 0 0 0 56 0 76 0 0 66 0 0 9 0 0 24 6 91 0 0 0 0 0 0 0 0 0 0 0 74 0 45 94 0
0 0 0 0 0 0 0 0 0 0 0 0 0 48 0 0 0 0 0 27 0 0 32 77 0 0 0 65 0 54 68 0 2 0 0 0 14 0 42 0 0 0 0 0 0 75 0 0 0 73 0 45 0 43 12 0 0 0 0 90 0 0 0 0 0 0 17 0 58 0 0 0 28 0 0 0 22 0 53 0 0 0 0 0 0 75 31 0 0 0 0 0 90 0 0 0 30 0 21 0
0 0 0 0 0 0 46 0 0 0 0 68 0 0 0 0 0 0 0 12 62 0 0 0 92 0 13 6 0 0 68 0 0 0 60 0 0 0 0 0 0 0 0 0 0 0 0 0 0 0 0 0 0 0 0 12 0 0 82 85 0 0 99 0 35 16 0 0 61 8 8 0 0 0 87 0 0 0 0 0 0 0 36 0 0 0 0 0 0 0 19 0 0 95 0 0 0 0 0 77
14 0 0 0 0 0 80 0 0 83 0 53 0 0 62 0 0 0 0 0 0 0 0 0 97 0 22 0 0 98 0 21 0 0 0 0 24 0 0 37 0 0 0 0 0 49 0 63 0 0 65 0 0 0 0 0 0 0 0 0 0 0 54 28 0 0 0 0 55 0 0 0 40 0 73 0 0 53 0 0 0 0 0 65 5 0 52 0 0 34 0 5 72 0 0 0 0 0 3 19
0 46 0 52 0 0 0 43 0 0 0 0 0 0 0 0 0 0 0 0 0 0 32 0 0 0 0 0 0 0 18 6 0 0 1 0 42 0 0 0 0 0 100 0 86 0 19 0 86 0 0 0 48 0 0 0 0 44 0 0 0 80 0 0 50 79 0 0 34 0 0 0 10 79 0 0 0 60 0 0 0 0 7 0 0 92 0 86 0 80 0 0 0 0 0 0 0 0 76 0
0 0 86 61 0 0 0 0 0 0 0 0 0 100 0 0 0 0 0 94 0 0 8 25 0 0 85 8 0 12 59 0 0 0 0 0 0 0 0 0 62 0 0 0 0 0 0 0 39 0 68 0 0 0 69 52 0 21 0 43 25 0 0 0 92 0 0 83 0 0 0 0 0 0 89 52 0 94 32 0 0 0 0 0 0 0 0 0 33 0 91 0 0 0 0 0 0 96 0 0
21 88 90 0 0 0 0 0 0 0 0 0 0 0 0 11 0 74 0 45 0 0 0 0 0 94 87 0 0 0 86 0 0 0 28 0 0 0 0 0 0 0 0 0 0 34 69 0 0 0 0 0 23 0 16 0 59 0 0 62 75 0 91 0 0 0 0 0 0 0 0 0 0 87 74 0 70 0 41 3 0 0 3 70 48 0 0 0 0 0 0 0 12 61 0 36 0 25 0 98
0 90 0 60 0 66 87 0 0 0 0 0 0 55 0 0 15 76 0 0 0 0 0 0 0 0 96 0 0 0 0 0 0 0 99 0 0 0 0 0 51 0 75 0 0 0 0 0 0 0 98 0 0 0 0 7 43 11 52 0 0 0 0 0 0 0 0 0 0 0 0 0 50 0 0 0 0 0 0 0 0 0 0 0 25 0 0 0 0 0 1 59 89 83 0 14 0 0 0 23
9 0 0 0 7 0 86 0 0 0 0 0 39 0 0 0 0 0 0 48 0 0 0 0 99 0 0 0 0 21 0 0 84 0 0 0 0 94 44 0 18 0 0 0 0 0 47 0 0 0 0 0 0 0 0 0 75 0 0 0 0 47 0 3 24 81 0 0 0 0 82 0 14 0 0 0 0 0 0 0 0 0 0 0 0 80 0 0 0 0 16 24 0 0 0 70 0 94 18 18
83 0 0 80 0 0 0 0 0 0 0 0 0 0 32 0 0 0 0 0 0 9 0 31 0 0 0 0 0 97 0 0 60 0 0 0 0 0 9 0 77 87 0 0 17 0 83 0 83 0 0 0 0 0 37 0 0 32 0 0 91 0 0 0 6 0 0 0 0 0 0 0 0 0 0 0 0 0 0 0 0 96 41 15 93 0 59 0 0 95 0 22 0 55 71 0 0 4 0 44
0 39 0 0 0 0 84 0 76 86 0 16 33 0 0 4 0 0 0 0 0 0 0 0 0 93 0 0 0 0 16 0 0 0 0 0 0 0 0 0 0 69 0 0 87 0 0 0 29 0 0 43 58 0 33 0 0 0 0 97 0 88 0 0 13 0 0 0 0 35 0 0 0 0 0 0 0 0 57 14 0 65 0 0 0 0 0 0 0 0 0 0 0 0 68 0 0 15 36 0
0 0 0 0 0 27 0 21 0 0 84 0 0 0 0 0 0 0 0 0 0 0 0 0 0 0 0 0 60 0 0 17 0 0 0 0 0 0 0 0 0 18 60 0 0 0 0 0 33 39 0 0 0 0 0 0 0 1 42 73 0 0 36 0 0 0 0 0 0 0 0 0 49 71 0 15 0 0 28 0 21 54 0 0 0 0 0 21 0 71 0 0 0 0 0 0 0 0 0 60
0 15 0 37 0 0 0 0 0 0 0 0 0 0 0 0 13 93 0 99 0 0 0 0 0 0 0 63 49 0 0 0 0 0 51 0 0 0 0 0 0 0 37 0 0 0 10 68 0 57 0 0 92 0 0 0 0 0 0 0 0 0 0 0 54 0 0 81 0 14 0 0 88 0 0 0 0 89 25 0 0 0 51 0 0 0 0 0 0 37 0 0 0 0 0 0 0 0 0 5
0 0 0 39 22 0 0 0 83 0 0 0 0 83 0 40 0 96 0 0 0 40 0 22 0 13 49 0 0 0 0 63 0 0 51 0 0 74 0 0 0 0 0 0 0 0 0 0 0 0 0 0 0 0 0 0 0 0 0 0 0 0 0 0 0 0 0 0 0 0 0 14 0 32 0 0 0 0 0 16 0 0 0 0 0 73 0 41 0 0 0 0 0 22 0 28 0 83 0 34
38 0 0 0 0 0 0 0 78 0 0 0 49 19 0 0 0 0 87 0 0 0 0 67 0 62 64 87 0 4 0 0 0 27 0 34 0 0 0 87 0 0 0 0 0 0 76 0 0 80 0 0 0 0 0 0 0 0 60 0 0 0 0 0 0 46 97 1 84 0 0 77 81 0 0 31 0 0 10 0 0 81 32 0 0 0 0 0 24 0 0 0 0 0 0 36 0 17 0 0
0 0 0 0 0 0 0 0 0 0 0 0 0 0 0 87 0 0 0 7 80 22 0 0 0 0 0 0 0 0 0 96 0 0 54 0 0 0 0 19 0 0 0 18 0 0 0 6 0 0 3 87 0 58 0 0 83 0 0 0 0 0 0 6 0 0 0 0 21 0 76 0 0 0 0 0 0 0 0 0 0 0 0 0 95 0 0 43 100 0 0 0 0 0 0 0 0 0 0 9
0 0 56 45 24 0 0 22 0 0 0 52 74 0 0 33 60 0 0 49 0 0 0 0 0 78 0 0 0 47 0 0 0 0 0 0 0 0 0 0 87 0 0 0 0 0 55 0 0 0 48 0 0 6 0 0 0 0 0 0 0 0 0 11 0 0 0 0 89 0 0 0 49 0 0 0 0 0 64 37 0 66 22 0 0 0 0 100 0 0 0 0 0 54 0 0 0 99 0 0
0 0 0 0 0 0 0 58 0 0 54 0 0 1 0 63 46 0 75 0 0 86 32 0 0 0 0 0 0 0 0 0 0 0 76 0 2 0 0 0 0 0 0 0 0 0 0 0 50 0 0 0 0 0 0 0 92 0 0 0 0 0 0 47 0 99 0 0 0 30 0 0 0 6 32 0 0 0 0 0 0 0 0 0 26 24 0 0 53 0 18 0 0 0 0 49 0 0 0 0
0 0 34 69 96 0 0 0 0 59 70 0 0 0 25 45 0 0 0 0 0 0 64 0 0 30 13 94 0 0 40 0 0 0 61 0 0 0 88 0 21 0 35 0 0 0 0 0 0 0 0 0 0 0 0 0 0 0 0 0 0 32 0 0 0 0 0 0 0 0 0 0 0 0 56 0 0 0 0 0 78 0 0 0 0 0 0 0 0 0 0 0 0 0 0 0 0 0 0 0
0 0 0 0 0 0 46 0 0 0 74 0 0 0 40 0 0 18 0 0 0 0 0 0 56 0 0 0 48 0 15 0 0 0 0 0 54 0 0 0 0 0 0 0 0 38 0 0 0 0 0 79 83 0 0 0 0 0 0 0 0 0 0 0 0 0 0 0 43 0 0 0 0 0 0 0 0 0 0 0 0 0 22 0 0 0 0 0 0 11 0 0 0 0 0 0 0 0 0 0
0 83 0 65 0 0 0 34 0 18 0 0 0 0 0 36 0 0 0 62 0 0 3 0 0 28 81 0 0 75 0 0 0 0 0 4 0 0 0 0 0 0 0 0 0 0 0 0 0 0 0 0 9 0 7 0 8 2 0 0 0 0 0 0 0 0 0 7 96 0 13 0 0 0 87 0 0 0 0 0 0 0 0 0 0 50 0 0 0 0 0 0 0 0 0 0 0 0 42 0