100
0 91 3 49 50 31 0 0 74 84 13 36 0 0 0 0 18 0 10 0 0 6 0 0 0 32 0 0 6 62 81 14 0 0 0 44 6 0 0 29 0 0 0 0 0 0 0 0 0 0 0 0 0 0 0 0 0 0 0 0 0 17 0 0 0 27 0 30 0 0 0 0 0 0 0 14 0 0 0 0 94 0 0 0 0 0 25 0 50 0 0 81 0 0 0 0 0 90 26 0
0 0 43 0 0 0 0 0 0 37 0 0 19 1 0 0 0 0 0 0 0 0 83 55 0 0 0 0 0 19 0 0 0 0 0 0 0 0 29 0 49 0 0 52 0 0 41 0 0 73 90 0 63 0 0 0 2 0 0 0 0 0 0 0 0 0 0 0 0 49 0 0 0 0 0 39 0 0 0 0 0 0 60 0 0 17 0 5 0 0 0 1 0 0 0 15 0 0 0 7
0 0 0 0 0 0 22 0 0 0 0 0 0 0 0 0 0 0 0 0 0 0 2 0 0 12 0 0 94 0 52 0 27 64 0 13 35 49 0 27 0 0 95 70 0 0 0 79 0 0 0 0 73 87 0 0 79 0 0 0 0 6 51 0 0 0 0 0 0 90 0 0 0 0 0 0 0 0 0 0 0 52 0 0 0 0 0 0 0 0 0 17 36 0 0 20 0 0 7 85
0 39 0 0 0 0 0 0 0 0 73 0 0 76 0 0 0 0 0 0 0 55 0 0 0 0 0 0 41 0 0 0 0 0 0 27 0 0 0 64 0 0 0 48 82 0 36 0 81 0 96 0 0 0 0 0 0 63 0 10 0 0 0 0 0 0 0 8 0 0 0 0 19 32 0 0 0 67 0 0 35 0 35 0 0 70 0 0 0 0 0 0 44 29 0 32 0 37 0 48
0 0 0 0 0 82 0 0 0 0 79 0 0 0 0 0 83 34 0 0 0 0 0 17 0 0 0 0 0 0 20 59 0 0 81 0 0 0 0 0 41 0 0 0 84 85 0 0 0 50 0 0 0 0 0 100 0 31 29 0 0 0 0 0 0 35 0 0 0 0 0 56 0 46 0 0 0 60 0 0 0 0 0 0 51 0 51 97 0 0 0 0 0 0 0 0 0 0 25 36
0 0 0 0 48 0 0 33 0 0 0 0 0 13 43 0 58 0 0 0 0 0 0 0 98 36 0 0 0 4 13 0 38 0 0 0 0 0 0 66 0 0 0 0 0 0 73 62 0 85 0 0 14 0 67 0 0 0 0 0 0 0 0 0 0 0 0 0 0 0 0 5 0 39 0 0 0 0 37 0 0 0 0 0 0 0 0 0 0 54 0 0 0 0 0 0 0 0 0 0
49 0 88 0 10 0 0 0 53 23 0 0 0 0 50 83 0 0 0 0 0 0 0 0 0 0 0 0 0 0 0 0 0 0 0 54 0 0 0 56 0 0 0 0 0 81 82 0 0 0 0 0 0 96 0 0 0 0 0 0 0 0 0 48 0 0 4 0 0 0 9 0 0 0 0 0 0 0 0 0 91 0 0 15 0 0 57 0 38 0 0 0 97 0 19 0 65 0 0 0
0 0 0 0 0 0 0 0 100 0 0 100 0 37 0 0 0 28 0 0 0 0 0 0 0 0 0 0 0 0 0 27 55 0 0 0 0 0 0 0 0 0 0 0 0 42 0 0 47 0 0 0 0 47 28 0 0 5 0 0 0 0 4 0 0 20 21 93 0 0 11 0 76 36 51 0 0 0 0 0 0 0 0 0 76 67 0 0 10 0 57 0 0 0 93 0 0 0 0 78
0 0 0 0 0 0 0 0 0 0 0 0 0 0 62 0 0 44 69 35 0 0 0 0 0 42 0 0 0 0 0 0 0 0 0 0 0 0 0 0 0 49 0 0 0 0 0 0 0 79 0 0 0 0 0 1 0 0 0 0 0 31 0 0 0 0 0 0 45 68 0 0 0 0 0 0 0 0 0 0 0 0 0 0 69 0 0 0 73 0 100 0 0 0 0 0 16 0 0 0
0 0 0 0 64 0 0 55 0 0 4 0 68 0 0 0 0 0 0 70 18 0 0 0 0 0 0 0 0 85 50 0 76 0 0 95 0 0 62 0 0 0 0 86 0 0 0 0 0 0 0 0 0 6 78 61 0 0 0 0 0 0 0 91 22 0 3 0 0 10 95 0 0 0 11 0 71 0 0 0 0 0 0 0 0 0 0 0 0 0 80 0 0 66 0 96 0 34 0 60
0 0 0 0 0 0 0 0 0 0 0 0 0 0 0 0 0 0 0 4 0 0 49 0 0 0 0 0 0 0 0 0 76 24 0 0 0 0 0 18 0 21 0 0 18 34 0 12 0 0 100 0 50 0 0 0 0 0 0 0 0 0 0 10 0 0 20 0 23 0 0 0 87 0 0 0 0 0 0 0 0 0 0 0 0 63 0 50 0 0 0 0 70 0 0 0 0 0 0 0
0 98 0 0 0 0 0 4 52 0 75 0 0 0 0 58 0 0 0 49 0 78 63 0 0 0 0 40 85 0 0 0 49 0 89 89 18 61 87 0 0 0 0 0 0 0 0 0 43 0 0 0 0 0 0 26 0 0 0 0 0 0 0 45 0 0 0 65 0 0 0 0 0 0 0 0 34 0 0 0 93 0 0 0 0 27 0 0 0 0 0 65 0 0 0 0 0 23 0 0
0 0 33 0 0 0 0 0 0 0 0 0 0 0 0 0 0 82 0 0 0 0 0 0 50 0 0 79 0 50 0 0 0 0 0 0 0 0 0 0 0 0 9 0 0 0 0 95 0 0 0 58 0 44 0 0 0 0 0 0 0 67 0 0 0 76 33 0 0 0 65 31 0 0 39 0 6 0 0 0 0 0 90 0 0 0 0 0 0 16 0 38 8 83 0 52 26 0 0 0
0 48 19 0 72 0 0 0 29 0 0 0 0 0 69 0 0 46 0 0 48 32 64 5 0 0 0 0 0 0 26 0 0 0 66 0 0 0 0 0 0 0 0 0 0 0 0 50 61 0 0 0 0 0 0 0 0 44 0 0 49 0 0 0 80 25 0 32 0 0 0 4 50 34 0 0 84 0 0 23 0 45 57 49 0 37 0 0 0 32 9 75 27 0 32 0 0 0 0 0
0 98 0 27 0 0 0 47 93 0 0 0 0 0 0 0 0 0 32 22 0 0 0 0 0 5 0 0 0 0 0 0 21 38 0 0 0 0 0 0 0 0 93 0 0 0 0 0 0 0 74 0 0 0 5 0 8 84 0 54 0 0 0 0 0 38 0 90 0 0 0 0 0 0 0 0 0 0 17 0 0 0 95 91 42 0 0 0 77 0 46 0 0 16 0 0 0 0 0 0
7 0 0 0 0 16 0 87 0 6 0 0 0 0 0 0 0 41 0 15 92 74 0 0 17 0 59 95 0 0 0 0 69 94 0 0 0 0 21 0 0 0 90 0 0 0 0 0 0 0 55 0 0 0 2 0 0 0 0 0 0 0 0 0 79 53 0 0 73 0 0 47 0 0 0 0 23 0 0 0 0 0 0 0 0 0 0 0 80 0 0 0 0 0 0 0 0 0 0 0
42 0 16 9 0 0 90 0 0 0 0 0 0 0 0 0 0 0 0 0 57 0 99 72 0 42 0 52 52 0 4 0 42 0 0 0 44 0 0 24 70 11 0 0 0 0 55 0 20 42 93 0 0 0 0 0 0 0 0 0 0 0 0 0 0 0 0 0 0 100 0 0 0 0 0 0 0 0 0 0 8 0 0 0 0 0 0 0 89 0 0 0 0 0 85 0 43 85 0 0
24 98 0 0 0 0 0 2 0 0 0 41 0 0 0 88 59 0 29 0 0 0 43 0 0 0 0 54 0 0 0 0 93 73 0 0 0 0 0 69 0 0 0 0 0 0 0 0 0 0 0 76 0 0 0 0 0 0 0 52 38 0 0 61 0 9 61 0 0 0 0 0 0 0 55 0 0 0 0 0 51 0 0 0 37 63 0 0 21 0 0 0 0 0 0 0 0 0 0 0
0 0 81 0 0 0 0 73 0 61 0 83 0 0 56 16 0 0 0 0 3 0 0 0 0 0 75 0 0 39 0 0 0 0 40 0 0 0 0 0 0 0 0 0 71 0 22 0 0 0 0 0 0 0 0 0 29 0 0 0 17 0 0 0 85 29 4 0 0 0 0 0 0 57 0 0 0 47 0 0 0 0 0 0 0 59 0 55 0 0 0 17 0 0 0 43 0 0 0 0
0 0 8 61 100 0 0 0 0 0 0 0 0 0 0 0 0 82 47 0 0 94 0 0 20 0 0 42 18 0 0 0 0 0 0 0 0 0 0 0 2 0 69 68 0 90 0 0 21 0 0 0 0 0 0 0 15 0 0 0 93 0 0 0 62 0 0 0 0 82 0 0 0 39 0 0 0 0 91 0 0 0 0 32 0 0 41 0 36 0 0 0 0 0 50 0 0 0 0 0
0 0 0 0 0 0 0 0 0 0 0 0 0 0 0 0 85 0 0 0 0 0 0 70 60 17 0 12 0 12 13 0 22 59 0 26 0 0 0 18 93 0 0 27 21 64 0 0 0 0 0 0 0 0 0 0 0 0 0 0 0 67 0 64 0 53 0 67 0 0 0 0 0 0 21 0 0 26 0 0 0 0 0 0 0 0 0 45 0 34 0 29 62 0 0 0 66 0 0 0
0 14 0 0 0 0 0 0 0 68 0 0 0 0 0 0 45 0 0 0 0 0 0 0 0 0 0 0 0 0 7 0 0 0 0 0 18 0 0 0 11 35 0 0 0 0 0 0 68 0 0 0 0 0 0 0 0 0 0 0 0 0 0 48 0 0 0 0 0 0 0 0 47 0 44 3 0 12 0 0 82 79 69 0 87 0 0 91 0 0 0 0 0 0 0 46 0 11 96 69
0 0 0 0 25 0 80 44 0 82 0 0 0 0 0 0 0 28 5 0 48 0 0 0 0 0 0 0 2 43 0 0 0 25 54 0 0 0 84 33 0 31 0 58 0 74 0 0 68 2 81 0 18 0 0 52 0 65 0 0 0 0 0 0 0 98 0 8 0 0 0 0 5 23 0 0 0 74 0 0 0 0 0 0 92 0 44 0 0 0 0 78 75 34 35 0 75 0 0 0
0 0 0 23 0 0 0 98 0 39 0 97 65 0 0 0 0 74 97 0 78 0 0 0 0 39 5 0 1 0 90 32 0 0 27 0 0 28 0 0 0 0 0 44 0 0 62 0 0 0 0 0 0 0 0 0 0 96 27 64 0 0 12 0 0 0 31 95 0 61 94 77 0 0 0 13 38 0 0 0 97 24 93 0 0 47 0 0 0 0 0 0 0 0 0 0 0 0 29 0
49 0 87 87 0 0 7 0 0 0 0 0 0 0 0 0 0 0 0 0 80 0 30 0 0 0 84 0 0 0 97 93 0 0 0 0 0 0 46 0 0 0 0 0 0 0 0 0 0 99 0 4 50 0 0 0 95 0 62 0 1 16 0 0 0 36 0 0 100 0 0 12 0 0 0 0 0 0 82 0 0 68 86 0 0 45 0 0 2 0 0 0 0 39 0 0 0 0 0 95
60 0 0 0 97 0 95 0 23 0 0 16 0 0 0 1 0 0 0 0 45 0 0 0 0 0 43 51 0 16 0 72 0 0 0 0 0 0 0 96 0 0 0 69 0 0 0 93 80 0 76 0 0 0 0 0 0 0 0 0 41 0 0 0 0 0 63 0 49 0 0 0 0 0 83 0 0 0 0 0 0 0 0 93 0 0 0 0 90 0 0 0 0 0 0 0 0 0 0 0
49 92 0 0 0 35 19 0 0 0 0 0 0 0 2 0 0 0 0 0 99 0 0 0 0 0 0 50 0 0 0 0 24 0 0 0 0 0 0 64 0 0 0 74 0 0 0 51 0 93 32 0 0 0 0 0 64 93 0 0 0 0 0 0 0 21 0 0 0 0 0 68 0 60 0 55 0 27 39 0 0 55 34 0 0 77 0 0 0 0 25 0 0 97 0 0 0 0 0 0
0 0 0 0 35 0 73 0 75 0 0 42 0 0 86 0 22 44 0 0 0 17 0 0 52 43 0 0 0 0 0 97 57 0 0 37 63 0 0 0 0 0 0 61 98 64 93 75 0 90 94 0 0 0 0 0 0 0 57 0 83 0 0 0 0 11 0 0 0 0 28 0 5 0 27 0 0 70 0 0 0 0 0 49 93 0 0 0 0 0 0 0 0 0 0 0 0 0 98 90
0 0 0 0 0 0 0 33 0 0 0 48 48 0 0 0 0 45 11 0 0 0 0 0 0 0 0 0 0 91 52 0 0 0 0 0 32 0 0 0 0 0 0 0 0 24 0 0 39 0 0 0 0 43 0 0 0 0 48 65 0 36 85 0 0 0 0 83 0 0 0 0 0 0 0 0 0 0 0 0 0 99 0 0 0 0 0 0 0 0 0 0 71 74 0 81 67 0 14 0
0 0 0 0 0 0 50 0 0 0 90 0 49 0 0 0 14 49 0 73 0 0 54 0 0 0 0 0 0 0 0 0 0 0 20 0 0 0 0 0 0 47 24 0 12 93 0 0 0 39 59 0 0 32 0 0 0 53 0 20 0 0 0 0 1 0 0 0 64 0 0 35 28 41 93 0 0 0 0 0 39 0 12 86 0 0 0 0 60 62 0 0 0 0 0 0 0 0 0 0
0 0 59 90 0 39 0 0 62 0 0 0 28 0 0 0 0 0 0 0 0 0 16 86 7 18 79 0 0 0 0 0 0 10 0 0 0 0 11 0 30 0 0 0 0 25 0 0 0 0 21 0 46 0 31 0 0 18 0 24 0 0 49 83 51 0 76 0 0 33 0 0 0 0 80 92 74 76 0 0 0 0 0 0 80 0 0 34 0 0 0 0 0 86 0 89 87 0 38 0
0 61 0 0 0 0 0 58 0 0 0 50 0 81 0 43 6 0 0 0 0 0 0 0 0 0 0 0 0 0 17 0 31 86 0 0 0 0 33 0 0 52 0 0 60 0 0 0 0 0 0 0 99 0 0 0 61 56 51 57 0 0 0 0 88 0 0 0 0 0 0 0 0 0 0 0 0 0 0 37 0 0 0 0 71 0 0 53 87 0 0 0 0 0 74 0 0 0 0 0
0 0 5 0 54 0 0 0 0 0 0 33 0 0 0 78 0 20 0 0 0 0 9 64 0 0 0 0 69 0 1 0 0 0 0 89 82 0 0 38 0 0 0 0 0 0 0 0 89 52 0 0 0 0 0 0 0 61 0 0 60 53 0 0 0 55 67 6 23 91 18 83 0 0 0 38 0 0 0 46 79 0 0 0 0 61 0 0 0 0 0 90 0 0 0 0 0 0 0 0
0 0 4 0 0 0 0 0 0 0 0 0 0 0 0 0 80 93 0 0 0 0 0 0 0 0 80 0 0 23 59 0 8 0 0 0 0 82 30 22 0 0 0 15 81 67 0 0 0 0 0 0 0 84 78 0 0 49 0 0 0 0 0 0 0 0 0 0 2 0 0 0 0 0 0 0 0 0 79 0 0 0 19 0 0 0 0 0 22 0 0 0 0 55 0 0 0 0 0 76
39 0 0 0 0 0 0 0 53 20 69 0 61 0 42 0 0 26 0 0 0 0 0 8 0 36 0 0 0 0 0 0 0 0 0 0 0 0 0 23 98 0 0 27 19 0 0 0 52 5 4 0 0 76 0 86 37 0 0 0 0 0 14 0 53 0 0 26 40 0 0 0 0 0 0 0 53 0 23 25 0 16 0 0 0 0 0 74 25 0 0 0 0 0 0 49 32 0 0 12
0 0 0 98 0 0 0 79 0 0 0 0 0 0 80 86 0 0 25 0 0 0 0 0 2 0 0 7 0 0 0 0 0 0 0 0 0 0 0 0 100 22 0 14 24 0 28 0 0 41 0 30 0 47 0 96 0 0 0 0 43 0 0 0 0 33 0 0 17 0 0 0 0 0 0 0 0 66 43 0 0 0 0 0 14 0 0 0 0 95 0 0 49 64 0 0 0 0 0 0
0 0 0 0 0 20 83 0 97 0 0 0 0 0 0 0 0 0 0 0 12 70 0 0 0 0 44 0 0 0 0 0 42 0 0 0 0 0 0 0 45 0 0 0 40 30 0 0 0 72 0 0 0 0 0 0 0 0 9 0 0 100 0 0 18 0 0 0 10 0 0 0 72 0 0 0 46 0 0 0 0 0 8 0 74 0 0 0 0 0 83 0 0 36 0 0 0 66 0 0
0 95 0 65 0 0 0 0 43 0 0 0 0 0 6 0 0 0 0 35 0 0 0 0 30 0 0 0 3 0 15 0 0 45 0 0 0 0 16 71 30 0 51 0 0 99 0 0 0 78 0 0 0 0 0 0 0 0 91 31 0 0 0 0 0 0 32 0 32 0 0 0 0 0 0 0 67 66 0 0 28 67 0 0 0 0 0 0 0 49 0 11 0 25 0 64 0 0 97 0
65 0 0 0 0 0 0 26 0 0 0 0 37 0 75 0 0 78 0 0 0 0 0 0 74 0 28 16 43 0 0 94 0 0 0 0 0 30 0 0 0 0 0 0 0 0 0 0 0 9 0 0 0 0 0 0 26 0 0 0 0 0 0 0 79 0 0 0 28 0 0 0 0 0 73 0 42 0 9 56 0 0 0 0 22 0 0 0 75 0 0 0 0 0 0 66 0 0 0 0
0 0 0 0 35 0 15 0 54 0 0 0 0 0 0 0 24 0 0 0 81 0 0 0 30 0 0 0 0 0 0 0 0 0 23 0 0 0 0 0 0 0 2 0 0 0 0 65 0 0 0 0 0 0 20 0 0 0 0 0 45 0 0 84 0 0 0 0 49 0 40 0 0 0 59 75 0 0 0 0 90 0 0 94 0 0 0 0 0 0 0 0 0 28 5 0 0 0 0 0
0 0 0 0 0 0 0 0 0 39 0 0 0 0 0 0 73 0 0 0 0 3 0 0 0 0 0 0 0 26 3 0 0 0 0 0 0 0 0 0 0 0 0 0 0 0 85 0 52 6 0 0 22 0 0 0 0 0 0 0 0 33 59 0 0 0 0 92 0 0 0 0 0 26 61 0 0 22 0 0 0 0 0 0 0 0 0 89 77 0 0 30 0 0 0 0 0 0 0 0
0 97 0 62 0 51 38 0 79 0 0 72 0 0 0 0 76 0 0 0 0 0 0 38 0 0 0 0 0 0 19 68 76 0 74 0 0 49 0 36 27 0 0 0 0 0 0 0 31 0 0 42 0 0 34 0 0 74 0 0 0 0 88 27 16 0 37 0 0 0 99 76 27 0 0 0 0 0 0 0 0 99 0 0 0 99 0 32 0 0 0 0 23 0 11 78 13 0 70 1
0 0 0 0 0 0 0 0 0 10 0 73 0 0 0 0 0 0 0 54 0 97 43 90 0 0 0 33 67 0 0 0 0 89 0 0 0 0 0 0 0 0 0 0 0 41 0 74 0 0 30 0 0 0 0 69 0 24 0 0 8 16 0 53 0 0 0 29 22 0 0 0 2 4 0 0 0 0 0 0 0 0 0 0 0 0 0 64 0 0 60 0 0 0 0 90 0 84 83 0
0 88 0 0 0 75 0 0 0 0 0 0 27 0 0 0 8 84 0 0 0 0 0 0 20 0 60 27 0 0 0 0 0 0 0 0 0 0 0 0 0 53 0 0 0 69 0 0 0 0 0 0 0 0 0 0 0 0 0 0 0 77 0 8 74 0 12 0 87 0 78 0 0 0 0 20 0 0 0 0 0 0 0 0 0 0 10 16 0 0 32 61 2 17 0 0 12 0 0 0
0 0 0 0 0 0 0 0 0 0 0 89 0 0 89 64 20 0 0 1 0 15 0 0 0 0 0 0 0 0 0 0 0 0 72 0 0 92 0 99 56 49 0 0 0 0 93 0 0 0 20 21 0 0 0 0 0 0 42 0 72 0 0 17 0 0 98 0 0 59 74 0 0 0 0 0 0 0 0 0 0 0 0 0 0 0 87 13 0 0 0 0 55 23 0 76 0 0 0 0
0 0 0 0 0 0 0 0 0 0 0 0 0 0 0 47 0 0 0 0 88 0 69 0 0 0 0 0 0 86 0 0 0 0 0 0 95 0 0 44 76 0 49 0 0 0 0 0 60 67 0 0 0 0 0 0 0 0 0 0 0 0 0 0 0 0 38 95 10 86 0 0 0 0 0 0 0 83 0 0 0 0 6 0 0 0 0 0 0 0 0 67 57 95 20 59 97 23 0 0
0 0 0 87 0 0 0 1 48 0 0 56 0 0 63 17 87 0 0 0 0 54 7 0 0 58 0 55 0 0 0 0 15 78 0 0 0 23 0 0 0 0 0 0 0 94 0 0 0 78 78 40 0 19 0 0 20 0 1 0 0 0 59 0 0 74 1 1 0 0 0 0 0 0 0 6 91 79 0 58 0 0 0 0 87 0 0 89 10 0 42 0 10 89 76 0 0 33 0 0
0 0 0 0 0 17 0 0 0 0 28 0 0 0 0 0 0 0 0 0 0 31 0 0 0 0 38 0 0 0 0 0 0 35 93 42 0 0 0 0 89 0 38 0 35 0 0 0 0 0 0 0 0 0 73 0 0 0 32 0 37 0 0 97 0 0 0 0 0 0 0 0 0 0 0 0 48 90 0 0 0 0 0 0 0 0 0 0 0 0 46 0 0 0 51 0 0 0 71 0
0 69 27 0 0 49 0 0 90 25 50 26 74 0 0 0 0 0 0 7 0 0 0 0 0 0 34 70 0 14 0 0 0 0 0 0 0 0 96 0 70 0 0 0 0 0 33 0 0 85 0 0 76 0 0 0 0 0 47 0 0 0 48 0 0 0 0 0 0 0 0 0 0 57 0 0 0 65 69 44 0 0 0 19 20 0 100 0 0 0 0 0 0 0 0 19 85 1 0 0
0 38 0 0 75 29 0 24 0 0 55 0 92 0 0 60 4 95 0 0 0 0 51 0 0 0 95 0 0 0 89 0 0 0 0 0 0 0 0 0 0 0 0 0 0 0 0 0 20 0 0 0 27 0 0 0 0 0 0 0 2 0 0 0 0 0 0 76 0 0 0 50 0 0 0 0 0 0 0 0 31 84 0 0 39 0 0 0 64 0 0 0 4 0 0 41 0 0 0 0
0 26 0 0 84 0 0 61 0 0 0 77 0 34 0 10 0 0 0 0 0 0 0 0 0 0 0 0 0 0 24 87 56 0 0 35 0 68 0 0 0 26 0 0 0 59 5 0 0 0 0 84 71 83 64 0 0 0 0 100 85 0 0 0 0 0 0 0 0 0 0 73 0 0 0 12 0 0 0 0 0 39 0 0 0 0 0 0 0 0 53 0 0 0 0 0 0 0 20 0
0 0 0 0 63 0 0 42 95 65 99 0 0 0 0 0 0 0 0 0 0 0 0 0 0 0 0 0 0 81 0 71 0 80 0 0 0 49 0 0 0 0 79 0 0 0 0 0 0 0 0 0 0 28 0 0 0 58 79 0 0 75 0 19 86 0 0 0 62 0 51 0 0 0 0 0 0 87 73 0 0 0 12 48 0 0 100 92 0 0 49 0 0 0 0 56 0 0 0 0
0 0 0 0 96 0 9 0 0 0 0 0 0 56 0 28 0 0 44 0 0 99 0 23 0 0 0 0 0 0 0 0 47 0 0 0 0 0 0 35 0 15 0 0 0 0 76 0 0 76 24 0 0 0 0 0 0 0 0 0 0 0 0 0 0 0 0 29 0 24 47 0 55 5 34 0 0 71 0 0 0 0 0 36 0 3 89 0 0 0 0 0 0 0 0 47 22 0 19 9
0 61 0 68 11 44 0 0 0 0 93 0 0 0 0 37 0 32 0 0 0 0 82 82 0 50 0 0 0 0 0 85 0 98 0 0 78 0 0 0 23 97 51 0 0 0 0 0 0 0 0 20 0 0 0 0 0 64 2 0 0 0 12 0 0 0 0 0 0 0 0 0 0 78 0 0 0 76 0 11 0 0 34 0 0 0 0 34 61 87 0 0 0 0 0 0 0 0 83 0
0 0 0 72 0 0 0 96 0 0 0 0 0 0 0 0 0 0 0 0 0 0 0 0 0 0 93 0 97 23 58 0 0 0 0 0 0 0 0 0 0 16 100 0 0 0 0 0 0 0 43 0 0 0 0 0 0 0 68 0 0 0 0 0 0 0 71 90 0 0 0 0 1 0 98 0 0 46 0 0 0 0 0 0 0 0 0 0 0 0 0 0 0 41 0 0 0 81 0 0
0 1 0 0 0 0 0 0 20 0 0 78 88 24 0 0 0 0 0 84 0 0 0 0 0 77 47 0 52 0 0 0 35 0 33 53 0 49 0 0 0 0 67 0 63 0 0 20 0 21 0 0 0 0 0 0 0 75 0 95 0 0 0 0 0 0 0 0 0 28 65 24 0 0 78 0 2 0 0 0 0 0 3 0 0 0 0 0 0 0 0 0 0 0 62 0 0 0 0 0
0 64 0 0 0 0 0 92 0 76 0 0 0 0 0 75 0 0 0 0 81 0 33 70 0 0 0 0 0 0 0 8 91 68 0 0 0 21 0 0 0 0 0 67 0 0 81 0 0 0 0 85 14 0 0 0 0 6 0 0 0 16 0 0 0 0 0 0 0 0 0 74 0 0 52 0 0 0 0 0 38 0 53 44 79 0 0 0 0 0 89 0 0 0 0 0 29 0 78 0
0 0 0 75 0 0 0 0 86 0 0 0 0 0 0 0 78 19 77 0 69 0 0 0 2 0 0 0 0 28 0 0 0 0 0 0 97 53 0 0 0 0 0 0 0 0 0 0 0 0 0 0 0 0 35 0 0 0 0 0 0 0 0 37 0 0 0 0 0 72 0 0 0 56 0 0 0 9 18 29 0 0 2 0 0 0 63 0 89 0 0 33 0 0 41 0 49 8 75 0
91 0 0 70 0 0 0 0 0 0 12 0 0 0 0 0 0 0 0 0 0 77 0 0 0 0 0 0 0 0 0 0 0 0 0 0 76 0 0 0 0 0 0 0 0 12 9 0 0 0 17 44 0 91 0 0 0 0 0 0 0 0 8 0 0 0 0 0 0 0 8 0 0 45 0 0 2 0 15 0 0 96 94 4 0 5 0 75 22 0 0 0 38 0 0 0 11 0 0 0
0 0 0 0 0 0 0 0 0 0 0 0 0 0 0 0 0 0 0 10 0 0 0 32 0 0 0 0 0 0 100 0 0 0 94 25 0 0 0 0 56 60 0 0 0 0 0 78 0 0 76 0 0 0 0 54 0 0 60 0 0 0 0 0 83 0 0 0 0 14 0 0 0 15 0 0 0 50 0 0 0 95 0 0 0 0 0 0 0 0 44 0 0 0 0 0 0 75 0 0
0 0 0 0 10 0 73 46 97 0 0 0 0 0 0 59 0 80 0 63 0 23 0 0 33 0 42 0 60 0 60 0 0 0 0 0 46 0 0 0 80 0 0 0 0 0 16 0 41 0 0 53 0 0 38 0 0 0 19 0 0 69 0 56 0 0 0 0 0 0 0 0 0 62 0 0 0 0 0 0 11 78 0 0 0 0 0 0 0 0 0 0 71 0 12 0 67 0 0 0
0 0 0 0 0 77 34 0 0 0 0 0 0 49 0 25 0 58 0 0 0 0 0 0 94 81 0 0 0 79 0 0 72 96 100 28 0 0 0 0 0 0 97 0 0 0 0 0 0 0 0 96 0 37 0 0 0 0 0 0 0 0 0 0 0 0 0 0 94 0 56 0 0 0 11 83 0 0 40 45 92 84 0 59 0 35 0 0 0 0 0 0 0 0 0 0 0 0 0 0
0 0 0 0 0 0 36 0 10 86 11 1 0 0 39 0 0 0 0 0 0 0 70 0 0 0 0 0 0 0 0 0 0 0 0 0 0 0 2 0 0 0 0 0 0 0 45 0 39 0 0 0 0 0 54 0 0 19 47 0 0 69 0 77 0 100 0 19 0 0 0 23 0 0 84 0 0 0 0 0 75 0 0 0 49 0 0 99 98 0 0 0 0 0 0 0 0 0 0 0
0 82 0 12 72 0 71 0 0 0 0 0 0 0 0 0 0 0 0 0 64 0 0 0 0 0 68 17 86 0 0 0 0 0 0 69 29 0 0 0 51 0 5 0 0 0 0 17 0 0 0 0 79 0 0 36 31 0 0 0 0 0 79 0 1 0 78 0 0 0 90 0 0 37 0 0 0 0 0 61 0 97 16 0 23 0 0 0 0 0 34 46 19 0 36 0 0 0 0 0
48 0 0 0 1 0 0 0 0 60 0 0 99 82 0 0 0 0 0 72 78 0 0 0 0 0 76 0 0 0 0 56 9 66 53 0 0 51 0 0 0 20 0 0 0 10 0 0 0 0 0 80 0 0 75 0 0 26 0 0 0 15 0 25 0 58 0 0 0 0 19 0 0 0 0 0 0 44 56 0 0 0 0 0 0 0 0 0 42 0 0 0 0 0 2 0 0 0 0 52
0 61 0 0 0 0 0 0 9 68 0 0 0 81 0 0 0 0 0 0 0 0 39 5 0 0 0 0 93 0 0 0 0 0 0 0 0 0 0 0 27 0 0 53 0 0 0 0 0 0 0 0 11 83 0 0 0 0 0 0 14 0 0 0 0 0 0 68 25 0 0 0 0 77 55 78 0 0 6 0 0 95 73 60 0 0 0 52 0 0 53 18 0 0 0 0 0 0 0 0
0 0 0 17 0 52 0 29 0 0 0 0 0 0 0 0 100 25 0 0 0 0 0 0 0 0 0 0 36 0 36 0 0 0 0 0 59 0 0 0 0 0 0 0 0 0 0 0 0 6 0 0 0 0 0 0 0 0 0 0 70 0 0 0 12 0 0 0 74 0 0 0 22 0 0 2 0 0 0 0 0 80 0 0 0 0 0 0 0 0 35 0 2 0 23 0 0 0 0 0
7 0 0 0 0 0 0 0 95 0 0 0 0 68 0 0 67 0 0 0 15 0 0 0 0 0 0 0 0 65 0 0 0 0 25 0 0 35 28 0 0 0 0 0 55 61 49 0 0 0 0 0 0 0 43 6 0 0 0 0 0 36 0 0 0 0 0 0 0 0 0 0 0 12 34 0 0 70 0 0 0 0 0 0 0 0 0 0 0 66 0 0 0 0 0 0 89 0 0 0
100 0 0 0 0 45 0 0 0 89 100 0 0 96 0 0 28 0 0 22 75 0 72 0 12 27 0 0 0 6 35 0 85 0 0 0 0 68 0 0 0 0 79 55 0 30 0 12 27 21 50 97 0 0 0 0 88 20 39 0 0 56 0 0 0 49 0 0 0 0 0 0 0 67 0 0 97 0 0 0 0 17 56 0 0 60 0 0 4 0 0 0 0 0 0 24 0 79 0 0
0 19 0 51 14 0 0 44 76 0 93 0 0 0 37 0 85 0 54 0 0 0 0 7 0 94 0 0 83 83 0 99 41 0 0 0 0 0 55 14 0 89 0 0 0 0 0 0 0 17 0 0 0 0 79 0 0 0 68 0 84 0 42 0 49 0 0 0 0 0 91 0 0 0 0 0 0 86 55 0 0 28 10 0 43 0 0 0 0 0 0 0 26 0 37 3 27 0 73 0
0 57 0 0 0 0 99 40 0 0 0 0 0 0 0 12 0 0 94 0 0 19 0 0 0 34 0 0 12 0 0 51 95 0 87 0 0 0 0 91 0 0 0 0 8 0 0 88 0 0 0 0 0 0 70 79 0 0 0 0 64 0 48 0 0 19 0 0 0 0 0 81 64 0 0 0 42 0 0 0 0 0 23 14 0 0 0 0 0 71 0 0 0 0 0 63 0 9 0 0
0 0 0 78 0 0 0 0 54 0 0 21 0 0 0 0 81 64 0 0 0 0 21 64 29 0 0 0 0 85 0 0 0 0 79 0 0 0 0 0 0 62 0 0 0 0 0 0 6 0 0 0 19 0 0 14 0 0 0 70 0 0 0 0 49 0 38 0 0 0 0 0 0 0 0 59 0 0 0 4 0 0 0 0 64 0 45 0 0 93 0 0 0 99 0 0 0 0 0 0
0 0 39 82 0 0 27 0 0 5 40 0 0 0 0 0 0 0 0 0 0 0 10 0 0 0 0 0 0 0 0 48 0 0 0 0 0 71 0 84 0 0 57 0 0 0 0 0 61 0 0 0 7 0 0 88 67 0 0 0 0 0 0 0 0 0 0 4 0 0 55 73 0 0 0 0 0 0 0 0 75 0 0 0 0 0 0 0 0 59 0 0 0 0 0 0 0 0 0 0
0 0 0 20 0 0 0 0 21 82 0 2 57 0 0 3 0 94 0 0 0 0 15 0 60 92 0 0 28 27 0 0 0 0 0 0 0 0 0 0 0 99 0 0 0 29 12 19 0 0 0 0 0 0 8 0 0 0 80 0 0 0 0 0 0 0 0 0 0 0 0 4 0 0 0 0 0 0 0 0 0 0 0 0 97 0 0 47 31 0 0 0 17 0 0 0 0 0 0 75
0 0 0 0 0 89 0 0 0 0 0 0 0 0 0 0 0 0 0 0 0 91 79 72 0 0 0 70 0 0 0 85 0 100 88 0 89 80 0 0 33 4 29 25 0 0 0 0 0 0 85 0 0 7 63 77 3 0 0 0 0 0 0 0 0 0 33 0 11 0 71 0 0 0 0 11 0 12 0 0 0 0 0 0 0 36 0 0 63 0 0 0 11 66 0 0 0 0 0 0
85 0 0 0 0 38 0 62 4 0 0 0 23 64 0 0 0 0 0 0 0 93 0 0 0 0 0 0 0 0 0 0 0 66 0 0 0 18 0 0 0 0 59 0 0 0 0 0 0 0 0 50 0 83 0 76 0 0 0 26 0 0 0 0 0 0 0 0 0 0 0 0 0 0 0 0 0 0 74 0 55 0 0 0 44 0 0 2 63 0 0 0 0 0 2 18 12 0 0 0
0 44 0 0 0 0 0 62 0 0 96 0 0 0 0 1 0 0 83 0 100 0 0 0 0 0 0 69 0 0 0 0 0 0 0 0 0 0 0 47 0 0 0 57 0 72 0 0 0 0 0 0 0 0 0 0 0 0 0 0 0 0 0 0 84 17 18 3 17 13 0 0 0 13 0 0 0 0 0 0 0 0 0 45 0 0 0 95 0 55 0 0 0 0 0 0 0 41 0 0
0 25 0 0 0 59 0 0 0 0 0 0 0 0 0 0 0 32 0 0 0 0 0 89 0 17 0 0 0 0 0 70 0 0 0 0 0 0 0 37 0 0 49 0 0 0 98 79 0 0 0 6 0 0 0 55 0 0 0 0 0 0 0 0 87 24 0 0 0 0 0 0 0 0 0 0 0 0 0 0 0 0 0 0 0 0 0 0 0 77 0 0 0 0 0 53 0 0 0 0
28 0 0 47 0 0 0 0 0 0 0 0 0 44 60 0 90 0 0 0 0 0 48 0 81 0 25 0 73 23 0 0 0 0 0 46 0 0 0 0 0 0 0 0 79 48 0 0 0 96 0 0 0 0 0 0 0 0 98 0 32 0 24 0 0 39 0 0 0 0 0 0 0 0 0 0 99 0 0 37 36 0 0 0 0 0 0 0 0 0 0 0 0 0 0 20 75 0 0 0
10 0 59 0 63 74 73 0 0 0 0 0 0 24 0 0 0 0 48 0 90 0 0 76 0 0 0 0 0 0 24 0 0 0 0 42 0 0 0 89 85 0 0 94 0 0 83 19 0 76 0 0 0 0 0 25 92 0 0 0 0 0 83 0 0 0 73 0 35 39 0 0 0 0 8 0 0 83 0 0 0 0 69 34 0 0 0 0 0 0 0 0 0 0 71 0 0 35 2 0
0 0 0 0 0 0 0 0 0 80 73 0 0 0 15 0 0 0 0 72 0 0 0 20 0 0 30 0 0 0 66 0 71 0 0 0 0 0 0 0 0 0 0 0 91 0 0 0 0 94 7 55 0 0 0 0 0 0 20 0 85 0 0 0 0 0 0 0 0 0 70 0 0 0 0 0 0 0 0 0 0 0 49 0 54 0 0 0 100 34 0 0 0 0 0 0 0 0 0 0
0 0 0 0 0 0 0 0 0 77 0 0 69 79 0 0 0 0 0 17 0 0 0 0 0 31 34 0 0 0 0 0 0 22 98 75 0 22 0 0 0 0 0 0 0 0 19 0 0 0 0 0 0 0 50 0 0 0 0 0 85 44 0 1 0 0 0 0 12 96 96 0 0 0 0 88 86 0 0 0 0 0 26 0 0 0 0 55 0 0 0 86 99 0 0 44 0 0 0 0
81 50 12 0 0 42 0 0 0 0 0 0 0 0 0 0 27 0 34 0 0 98 0 57 91 0 67 0 0 0 70 0 0 17 56 0 0 0 27 0 0 0 0 0 0 0 78 0 79 0 0 0 0 0 0 47 0 0 0 0 0 0 0 0 64 0 0 33 63 0 61 0 74 0 0 0 0 54 0 63 0 0 0 0 8 97 0 0 0 0 97 48 0 64 0 0 0 0 0 0
43 0 0 0 0 3 14 0 0 0 0 0 39 0 0 0 0 0 0 46 0 0 0 0 0 0 74 71 0 0 0 5 0 0 92 0 26 0 0 0 0 0 0 88 0 0 0 83 0 0 82 0 31 0 0 40 85 0 0 0 0 0 0 0 0 0 0 56 0 0 0 0 0 0 0 0 92 0 34 0 0 0 0 0 0 55 69 79 54 0 80 0 69 0 0 0 0 0 0 95
0 0 79 75 0 0 30 0 0 0 0 57 26 0 0 0 0 0 19 0 55 0 0 0 0 0 0 0 19 0 0 0 0 0 0 0 0 91 0 0 0 93 0 92 0 41 0 0 91 34 0 0 83 0 0 0 9 0 0 76 0 0 0 0 0 0 31 0 43 0 0 0 73 48 0 0 0 0 0 0 0 0 0 0 0 99 0 0 0 0 0 69 0 0 78 89 18 0 0 0
0 7 19 78 0 62 0 0 0 0 0 0 0 0 0 34 34 0 0 0 0 57 0 92 5 0 38 21 0 0 0 0 70 82 0 0 0 0 0 0 0 0 0 0 0 0 30 25 0 91 57 0 0 0 24 0 0 0 0 0 0 0 0 0 7 0 57 0 0 30 0 0 0 0 0 60 0 50 0 0 0 82 32 0 91 0 0 0 0 0 0 0 0 0 0 0 0 0 0 0
0 93 0 99 0 19 0 0 78 0 0 0 0 0 0 0 0 0 0 39 0 0 67 0 0 0 0 0 0 0 2 0 10 0 91 0 0 0 8 0 0 0 0 0 0 0 0 0 0 4 0 45 0 0 22 79 0 0 0 0 0 0 0 0 0 0 0 0 0 0 35 81 54 0 45 0 0 92 0 0 0 0 0 0 63 0 0 0 0 0 0 0 0 0 70 92 72 0 58 0
0 0 0 0 0 0 11 45 0 0 0 0 50 50 96 0 0 0 0 40 0 0 0 0 94 0 14 0 0 0 0 0 0 0 0 32 0 0 0 0 5 0 0 44 0 0 0 0 0 0 30 0 0 0 0 0 0 0 34 0 54 84 0 0 0 0 0 0 0 39 0 0 12 0 0 0 0 0 0 100 0 0 95 0 0 0 0 0 0 0 0 0 39 0 0 0 0 0 0 34
74 47 0 0 0 37 0 31 0 15 0 70 35 0 0 0 0 81 0 0 51 0 0 0 0 28 0 5 0 0 0 0 0 0 27 0 0 30 0 77 0 12 0 0 0 0 0 43 0 0 1 14 55 59 0 0 0 0 0 0 0 0 48 0 0 0 0 0 0 0 0 32 0 0 35 0 0 0 77 0 0 0 0 74 0 56 0 0 0 0 0 30 0 0 0 0 12 35 42 0
0 89 0 0 0 0 7 0 37 0 0 0 0 19 42 0 0 27 0 0 0 0 76 0 0 0 67 0 0 0 0 0 0 0 97 0 0 0 0 0 70 0 0 47 0 0 0 0 0 0 0 0 20 0 0 0 99 0 0 0 0 16 11 50 0 44 0 0 0 97 0 0 41 7 41 0 0 0 0 0 0 0 0 0 25 88 5 0 0 0 79 0 0 0 20 0 79 0 0 0
91 0 0 0 0 0 0 0 0 0 0 10 0 0 0 21 0 0 39 0 0 64 0 0 0 0 0 0 0 0 0 0 0 0 0 0 35 0 0 45 0 31 0 77 0 0 0 69 37 0 0 0 0 66 0 0 0 87 0 0 0 0 0 47 80 0 0 0 0 0 85 0 0 0 88 0 0 0 0 0 23 0 31 0 0 0 0 0 0 58 0 0 0 0 58 73 0 0 0 0
0 70 0 51 0 8 0 98 0 70 0 83 65 0 76 0 0 82 0 15 0 0 27 33 0 0 0 0 0 0 0 0 0 0 0 0 0 0 53 0 0 66 0 0 0 0 66 0 0 0 73 0 0 97 0 0 0 0 0 0 0 0 33 100 0 0 0 0 0 0 0 52 0 0 0 0 0 44 98 0 0 0 97 0 0 0 0 0 0 0 0 0 32 0 0 0 0 0 0 11
0 48 0 0 0 0 0 0 51 0 0 17 71 0 0 0 0 0 60 0 0 0 0 0 0 0 0 0 0 0 84 20 0 90 0 12 0 90 0 0 0 0 67 26 0 0 0 0 0 0 26 1 73 0 0 0 0 0 0 55 0 11 0 0 0 0 0 0 0 0 0 0 0 0 0 0 0 0 0 0 89 0 26 0 0 84 0 81 0 0 0 0 0 78 0 0 0 0 0 0
95 0 0 0 0 0 77 0 0 0 0 0 0 0 0 0 24 0 57 92 0 0 0 0 11 0 0 0 19 0 0 0 0 0 0 0 0 96 0 0 0 11 71 0 0 0 0 0 0 0 0 0 0 37 93 0 0 0 0 0 0 62 0 0 0 100 0 0 0 0 5 0 0 0 0 82 0 0 0 0 0 10 0 0 0 0 0 0 0 0 88 0 72 0 59 0 0 0 44 0
92 0 0 0 0 55 16 88 45 0 0 0 0 41 0 0 0 97 0 0 0 0 0 0 0 0 0 0 0 9 0 0 0 0 0 67 0 0 0 0 0 0 0 53 74 62 0 0 0 0 0 23 91 0 0 0 0 0 88 0 0 0 0 38 0 0 0 0 0 87 0 0 0 0 0 0 0 0 39 53 0 0 88 0 0 0 0 0 0 0 77 0 0 69 0 58 0 2 0 0
0 0 0 0 0 0 0 0 0 0 80 0 0 0 5 0 0 0 0 0 1 44 0 0 0 6 0 0 76 0 61 45 0 0 0 0 6 0 1 96 0 0 4 0 0 0 0 0 0 0 0 80 0 0 0 95 82 0 0 58 0 67 0 0 84 0 0 0 0 0 0 0 0 0 0 0 0 0 0 0 22 0 0 0 0 0 0 22 0 0 0 12 45 0 23 0 0 0 0 0
0 0 0 0 0 0 0 0 1 21 0 0 40 0 0 0 0 27 0 8 0 0 0 0 0 36 44 0 0 0 0 0 0 0 43 0 0 0 0 56 0 89 0 76 0 0 0 0 0 42 77 0 0 0 0 16 0 0 0 0 5 0 0 0 0 0 0 0 0 23 0 0 0 85 0 0 0 21 0 0 0 0 0 0 20 0 66 0 0 57 84 16 0 0 0 0 0 0 0 0
0 0 0 0 0 0 0 0 33 0 0 0 76 54 0 0 0 68 0 0 0 0 0 0 0 0 6 0 0 87 0 88 0 13 0 0 40 0 0 64 0 0 0 0 0 0 11 0 0 67 0 0 0 55 22 0 0 0 0 0 0 0 93 0 0 0 0 0 0 0 0 0 0 0 31 0 0 0 92 0 16 0 0 0 50 0 0 0 0 0 0 99 0 0 71 0 0 0 0 19
0 0 0 0 0 0 18 0 0 0 26 0 0 94 0 0 0 12 0 0 0 0 0 0 0 93 0 38 0 0 0 31 0 0 0 60 14 0 0 0 0 0 0 0 21 0 1 0 0 0 0 7 0 64 0 0 0 0 78 0 0 0 0 0 0 0 0 0 68 0 0 0 0 0 0 0 0 32 0 0 0 0 0 0 0 0 0 0 0 0 0 39 29 0 0 0 0 0 0 0
0 0 0 36 49 0 52 0 0 0 0 0 0 0 60 0 0 0 0 34 0 0 0 0 0 8 0 99 0 0 0 0 0 0 0 0 0 0 0 0 0 49 0 0 0 0 0 0 0 0 0 0 0 0 0 0 0 52 0 0 0 0 0 0 0 86 0 0 0 0 0 0 0 0 64 14 0 96 0 0 0 48 0 0 0 0 0 0 0 0 0 0 0 0 34 0 0 51 0 0
0 7 57 51 37 19 0 0 45 50 28 19 0 0 0 0 40 0 31 0 0 51 0 0 0 55 0 0 73 31 52 35 0 0 0 61 59 0 0 60 0 0 0 0 0 0 0 0 0 0 0 0 0 0 0 0 0 0 0 0 0 87 0 0 0 64 0 94 0 0 0 0 0 0 0 27 0 0 0 0 18 0 0 0 0 0 30 0 24 0 0 63 0 0 0 0 0 56 7 0
0 0 70 0 0 0 0 0 0 19 0 0 47 71 0 0 0 0 0 0 0 0 73 61 0 0 0 0 0 40 0 0 0 0 0 0 0 0 9 0 40 0 0 50 0 0 20 0 0 39 18 0 39 0 0 0 20 0 0 0 0 0 0 0 0 0 0 0 0 22 0 0 0 0 0 31 0 0 0 0 0 0 36 0 0 82 0 19 0 0 0 11 0 0 0 50 0 0 0 91
0 0 0 0 0 0 21 0 0 0 0 0 0 0 0 0 0 0 0 0 0 0 95 0 0 60 0 0 46 0 16 0 41 91 0 69 69 6 0 91 0 0 77 92 0 0 0 57 0 0 0 0 23 56 0 0 37 0 0 0 0 16 59 0 0 0 0 0 0 48 0 0 0 0 0 0 0 0 0 0 0 87 0 0 0 0 0 0 0 0 0 94 83 0 0 3 0 0 67 94
0 83 0 0 0 0 0 0 0 0 22 0 0 53 0 0 0 0 0 0 0 74 0 0 0 0 0 0 49 0 0 0 0 0 0 28 0 0 0 87 0 0 0 82 94 0 41 0 27 0 31 0 0 0 0 0 0 60 0 48 0 0 0 0 0 0 0 65 0 0 0 0 53 28 0 0 0 45 0 0 23 0 27 0 0 45 0 0 0 0 0 0 58 14 0 34 0 71 0 61
0 0 0 0 0 26 0 0 0 0 82 0 0 0 0 0 25 30 0 0 0 0 0 13 0 0 0 0 0 0 37 23 0 0 59 0 0 0 0 0 67 0 0 0 88 41 0 0 0 7 0 0 0 0 0 14 0 80 36 0 0 0 0 0 0 64 0 0 0 0 0 73 0 41 0 0 0 99 0 0 0 0 0 0 89 0 57 99 0 0 0 0 0 0 0 0 0 0 12 61
0 0 0 0 74 0 0 94 0 0 0 0 0 82 92 0 53 0 0 0 0 0 0 0 31 83 0 0 0 93 32 0 78 0 0 0 0 0 0 22 0 0 0 0 0 0 66 17 0 2 0 0 34 0 43 0 0 0 0 0 0 0 0 0 0 0 0 0 0 0 0 2 0 60 0 0 0 0 54 0 0 0 0 0 0 0 0 0 0 65 0 0 0 0 0 0 0 0 0 0
54 0 22 0 89 0 0 0 100 65 0 0 0 0 29 38 0 0 0 0 0 0 0 0 0 0 0 0 0 0 0 0 0 0 0 57 0 0 0 22 0 0 0 0 0 36 46 0 0 0 0 0 0 53 0 0 0 0 0 0 0 0 0 24 0 0 30 0 0 0 67 0 0 0 0 0 0 0 0 0 5 0 0 69 0 0 19 0 16 0 0 0 39 0 54 0 28 0 0 0
0 0 0 0 0 0 0 0 71 0 0 49 0 20 0 0 0 33 0 0 0 0 0 0 0 0 0 0 0 0 0 44 98 0 0 0 0 0 0 0 0 0 0 0 0 95 0 0 41 0 0 0 0 58 81 0 0 73 0 0 0 0 42 0 0 3 33 55 0 0 47 0 6 59 94 0 0 0 0 0 0 0 0 0 78 67 0 0 24 0 32 0 0 0 57 0 0 0 0 70
0 0 0 0 0 0 0 0 0 0 0 0 0 0 34 0 0 81 6 57 0 0 0 0 0 39 0 0 0 0 0 0 0 0 0 0 0 0 0 0 0 35 0 0 0 0 0 0 0 34 0 0 0 0 0 17 0 0 0 0 0 70 0 0 0 0 0 0 82 40 0 0 0 0 0 0 0 0 0 0 0 0 0 0 45 0 0 0 66 0 44 0 0 0 0 0 53 0 0 0
0 0 0 0 25 0 0 85 0 0 6 0 38 0 0 0 0 0 0 14 3 0 0 0 0 0 0 0 0 67 74 0 97 0 0 18 0 0 88 0 0 0 0 64 0 0 0 0 0 0 0 0 0 34 1 85 0 0 0 0 0 0 0 47 59 0 68 0 0 38 4 0 0 0 21 0 98 0 0 0 0 0 0 0 0 0 0 0 0 0 37 0 0 24 0 78 0 48 0 65
0 0 0 0 0 0 0 0 0 0 0 0 0 0 0 0 0 0 0 55 0 0 57 0 0 0 0 0 0 0 0 0 2 74 0 0 0 0 0 29 0 98 0 0 84 33 0 92 0 0 100 0 85 0 0 0 0 0 0 0 0 0 0 92 0 0 72 0 69 0 0 0 28 0 0 0 0 0 0 0 0 0 0 0 0 84 0 99 0 0 0 0 63 0 0 0 0 0 0 0
0 12 0 0 0 0 0 99 86 0 38 0 0 0 0 7 0 0 0 100 0 5 9 0 0 0 0 45 66 0 0 0 23 0 80 44 58 34 95 0 0 0 0 0 0 0 0 0 48 0 0 0 0 0 0 30 0 0 0 0 0 0 0 70 0 0 0 43 0 0 0 0 0 0 0 0 61 0 0 0 76 0 0 0 0 100 0 0 0 0 0 56 0 0 0 0 0 27 0 0
0 0 67 0 0 0 0 0 0 0 0 0 0 0 0 0 0 58 0 0 0 0 0 0 4 0 0 15 0 23 0 0 0 0 0 0 0 0 0 0 0 0 74 0 0 0 0 87 0 0 0 71 0 48 0 0 0 0 0 0 0 58 0 0 0 27 63 0 0 0 84 96 0 0 85 0 15 0 0 0 0 0 46 0 0 0 0 0 0 30 0 92 25 11 0 84 66 0 0 0
0 82 83 0 49 0 0 0 61 0 0 0 0 0 15 0 0 35 0 0 42 3 3 10 0 0 0 0 0 0 69 0 0 0 28 0 0 0 0 0 0 0 0 0 0 0 0 3 19 0 0 0 0 0 0 0 0 39 0 0 1 0 0 0 61 21 0 58 0 0 0 56 64 88 0 0 94 0 0 4 0 16 84 71 0 94 0 0 0 57 25 45 8 0 89 0 0 0 0 0
0 35 0 18 0 0 0 54 81 0 0 0 0 0 0 0 0 0 80 45 0 0 0 0 0 96 0 0 0 0 0 0 63 78 0 0 0 0 0 0 0 0 86 0 0 0 0 0 0 0 36 0 0 0 56 0 78 75 0 41 0 0 0 0 0 69 0 83 0 0 0 0 0 0 0 0 0 0 70 0 0 0 28 37 27 0 0 0 34 0 46 0 0 31 0 0 0 0 0 0
60 0 0 0 0 10 0 53 0 69 0 0 0 0 0 0 0 65 0 45 89 91 0 0 89 0 51 47 0 0 0 0 81 80 0 0 0 0 85 0 0 0 47 0 0 0 0 0 0 0 21 0 0 0 87 0 0 0 0 0 0 0 0 0 80 89 0 0 36 0 0 7 0 0 0 0 48 0 0 0 0 0 0 0 0 0 0 0 74 0 0 0 0 0 0 0 0 0 0 0
12 0 73 20 0 0 59 0 0 0 0 0 0 0 0 0 0 0 0 0 64 0 12 99 0 44 0 33 66 0 84 0 24 0 0 0 31 0 0 95 29 11 0 0 0 0 72 0 10 46 100 0 0 0 0 0 0 0 0 0 0 0 0 0 0 0 0 0 0 78 0 0 0 0 0 0 0 0 0 0 48 0 0 0 0 0 0 0 12 0 0 0 0 0 93 0 57 47 0 0
30 30 0 0 0 0 0 41 0 0 0 24 0 0 0 27 59 0 30 0 0 0 3 0 0 0 0 40 0 0 0 0 58 31 0 0 0 0 0 4 0 0 0 0 0 0 0 0 0 0 0 55 0 0 0 0 0 0 0 44 22 0 0 93 0 13 33 0 0 0 0 0 0 0 84 0 0 0 0 0 38 0 0 0 90 32 0 0 75 0 0 0 0 0 0 0 0 0 0 0
0 0 66 0 0 0 0 7 0 39 0 51 0 0 66 65 0 0 0 0 58 0 0 0 0 0 14 0 0 85 0 0 0 0 63 0 0 0 0 0 0 0 0 0 49 0 75 0 0 0 0 0 0 0 0 0 89 0 0 0 57 0 0 0 99 31 2 0 0 0 0 0 0 98 0 0 0 41 0 0 0 0 0 0 0 69 0 80 0 0 0 90 0 0 0 57 0 0 0 0
0 0 51 78 13 0 0 0 0 0 0 0 0 0 0 0 0 37 50 0 0 83 0 0 24 0 0 18 70 0 0 0 0 0 0 0 0 0 0 0 17 0 42 88 0 38 0 0 58 0 0 0 0 0 0 0 80 0 0 0 82 0 0 0 52 0 0 0 0 74 0 0 0 66 0 0 0 0 69 0 0 0 0 9 0 0 52 0 50 0 0 0 0 0 48 0 0 0 0 0
0 0 0 0 0 0 0 0 0 0 0 0 0 0 0 0 53 0 0 0 0 0 0 10 53 36 0 41 0 95 47 0 40 99 0 39 0 0 0 5 50 0 0 37 48 36 0 0 0 0 0 0 0 0 0 0 0 0 0 0 0 25 0 23 0 56 0 82 0 0 0 0 0 0 79 0 0 83 0 0 0 0 0 0 0 0 0 75 0 46 0 37 97 0 0 0 70 0 0 0
0 37 0 0 0 0 0 0 0 88 0 0 0 0 0 0 52 0 0 0 0 0 0 0 0 0 0 0 0 0 15 0 0 0 0 0 2 0 0 0 64 45 0 0 0 0 0 0 79 0 0 0 0 0 0 0 0 0 0 0 0 0 0 79 0 0 0 0 0 0 0 0 40 0 82 32 0 51 0 0 95 6 72 0 62 0 0 46 0 0 0 0 0 0 0 61 0 57 39 59
0 0 0 0 67 0 62 81 0 48 0 0 0 0 0 0 0 38 70 0 10 0 0 0 0 0 0 0 79 48 0 0 0 30 62 0 0 0 98 99 0 83 0 82 0 99 0 0 27 74 100 0 43 0 0 26 0 2 0 0 0 0 0 0 0 31 0 99 0 0 0 0 8 46 0 0 0 3 0 0 0 0 0 0 10 0 18 0 0 0 0 33 78 93 69 0 76 0 0 0
0 0 0 79 0 0 0 25 0 86 0 86 68 0 0 0 0 96 68 0 77 0 0 0 0 11 74 0 78 0 96 45 0 0 58 0 0 76 0 0 0 0 0 56 0 0 40 0 0 0 0 0 0 0 0 0 0 60 22 16 0 0 89 0 0 0 23 66 0 37 5 37 0 0 0 12 65 0 0 0 38 26 8 0 0 4 0 0 0 0 0 0 0 0 0 0 0 0 36 0
55 0 56 48 0 0 74 0 0 0 0 0 0 0 0 0 0 0 0 0 77 0 70 0 0 0 100 0 0 0 53 73 0 0 0 0 0 0 51 0 0 0 0 0 0 0 0 0 0 81 0 65 66 0 0 0 28 0 45 0 77 88 0 0 0 20 0 0 37 0 0 30 0 0 0 0 0 0 42 0 0 41 78 0 0 40 0 0 29 0 0 0 0 75 0 0 0 0 0 3
31 0 0 0 59 0 66 0 63 0 0 31 0 0 0 83 0 0 0 0 36 0 0 0 0 0 56 88 0 2 0 51 0 0 0 0 0 0 0 31 0 0 0 38 0 0 0 33 61 0 76 0 0 0 0 0 0 0 0 0 93 0 0 0 0 0 17 0 97 0 0 0 0 0 75 0 0 0 0 0 0 0 0 18 0 0 0 0 63 0 0 0 0 0 0 0 0 0 0 0
45 98 0 0 0 97 97 0 0 0 0 0 0 0 20 0 0 0 0 0 96 0 0 0 0 0 0 28 0 0 0 0 92 0 0 0 0 0 0 32 0 0 0 12 0 0 0 85 0 14 7 0 0 0 0 0 70 81 0 0 0 0 0 0 0 40 0 0 0 0 0 17 0 41 0 40 0 68 65 0 0 55 16 0 0 11 0 0 0 0 39 0 0 22 0 0 0 0 0 0
0 0 0 0 88 0 96 0 62 0 0 60 0 0 65 0 46 84 0 0 0 77 0 0 42 28 0 0 0 0 0 64 59 0 0 71 35 0 0 0 0 0 0 32 36 27 17 6 0 10 33 0 0 0 0 0 0 0 37 0 98 0 0 0 0 96 0 0 0 0 17 0 87 0 41 0 0 3 0 0 0 0 0 58 76 0 0 0 0 0 0 0 0 0 0 0 0 0 93 88
0 0 0 0 0 0 0 47 0 0 0 21 42 0 0 0 0 4 64 0 0 0 0 0 0 0 0 0 0 8 11 0 0 0 0 0 54 0 0 0 0 0 0 0 0 43 0 0 18 0 0 0 0 83 0 0 0 0 5 6 0 80 63 0 0 0 0 50 0 0 0 0 0 0 0 0 0 0 0 0 0 69 0 0 0 0 0 0 0 0 0 0 96 69 0 100 96 0 74 0
0 0 0 0 0 0 40 0 0 0 67 0 90 0 0 0 87 65 0 75 0 0 19 0 0 0 0 0 0 0 0 0 0 0 88 0 0 0 0 0 0 5 63 0 96 22 0 0 0 5 52 0 0 77 0 0 0 68 0 31 0 0 0 0 50 0 0 0 42 0 0 9 6 52 72 0 0 0 0 0 13 0 59 88 0 0 0 0 13 74 0 0 0 0 0 0 0 0 0 0
0 0 98 46 0 35 0 0 60 0 0 0 96 0 0 0 0 0 0 0 0 0 32 21 9 11 86 0 0 0 0 0 0 20 0 0 0 0 16 0 6 0 0 0 0 88 0 0 0 0 76 0 26 0 45 0 0 12 0 3 0 0 41 94 100 0 43 0 0 13 0 0 0 0 73 33 64 29 0 0 0 0 0 0 56 0 0 68 0 0 0 0 0 55 0 45 93 0 13 0
0 100 0 0 0 0 0 11 0 0 0 61 0 54 0 30 44 0 0 0 0 0 0 0 0 0 0 0 0 0 20 0 69 22 0 0 0 0 79 0 0 65 0 0 21 0 0 0 0 0 0 0 70 0 0 0 32 3 71 70 0 0 0 0 19 0 0 0 0 0 0 0 0 0 0 0 0 0 0 73 0 0 0 0 50 0 0 79 87 0 0 0 0 0 76 0 0 0 0 0
0 0 7 0 83 0 0 0 0 0 0 45 0 0 0 72 0 10 0 0 0 0 30 63 0 0 0 0 27 0 22 0 0 0 0 5 55 0 0 22 0 0 0 0 0 0 0 0 89 100 0 0 0 0 0 0 0 2 0 0 96 18 0 0 0 49 18 10 6 72 7 88 0 0 0 25 0 0 0 74 54 0 0 0 0 39 0 0 0 0 0 38 0 0 0 0 0 0 0 0
0 0 86 0 0 0 0 0 0 0 0 0 0 0 0 0 79 84 0 0 0 0 0 0 0 0 7 0 0 61 37 0 75 0 0 0 0 86 9 68 0 0 0 84 65 49 0 0 0 0 0 0 0 6 49 0 0 87 0 0 0 0 0 0 0 0 0 0 31 0 0 0 0 0 0 0 0 0 47 0 0 0 14 0 0 0 0 0 38 0 0 0 0 8 0 0 0 0 0 19
76 0 0 0 0 0 0 0 11 57 65 0 8 0 97 0 0 52 0 0 0 0 0 79 0 30 0 0 0 0 0 0 0 0 0 0 0 0 0 4 83 0 0 5 35 0 0 0 100 4 89 0 0 4 0 41 70 0 0 0 0 0 67 0 16 0 0 74 96 0 0 0 0 0 0 0 85 0 44 55 0 98 0 0 0 0 0 72 55 0 0 0 0 0 0 100 70 0 0 10
0 0 0 95 0 0 0 1 0 0 0 0 0 0 13 96 0 0 45 0 0 0 0 0 76 0 0 38 0 0 0 0 0 0 0 0 0 0 0 0 67 18 0 24 20 0 87 0 0 88 0 50 0 73 0 93 0 0 0 0 24 0 0 0 0 67 0 0 45 0 0 0 0 0 0 0 0 32 99 0 0 0 0 0 44 0 0 0 0 9 0 0 36 66 0 0 0 0 0 0
0 0 0 0 0 7 60 0 5 0 0 0 0 0 0 0 0 0 0 0 69 76 0 0 0 0 10 0 0 0 0 0 66 0 0 0 0 0 0 0 71 0 0 0 15 84 0 0 0 63 0 0 0 0 0 0 0 0 47 0 0 8 0 0 40 0 0 0 62 0 0 0 28 0 0 0 75 0 0 0 0 0 42 0 41 0 0 0 0 0 22 0 0 79 0 0 0 24 0 0
0 88 0 18 0 0 0 0 69 0 0 0 0 0 64 0 0 0 0 61 0 0 0 0 8 0 0 0 62 0 71 0 0 58 0 0 0 0 90 6 78 0 91 0 0 75 0 0 0 5 0 0 0 0 0 0 0 0 35 93 0 0 0 0 0 0 91 0 43 0 0 0 0 0 0 0 98 91 0 0 35 59 0 0 0 0 0 0 0 78 0 52 0 89 0 84 0 0 41 0
22 0 0 0 0 0 0 54 0 0 0 0 16 0 82 0 0 1 0 0 0 0 0 0 68 0 21 73 12 0 0 54 0 0 0 0 0 93 0 0 0 0 0 0 0 0 0 0 0 100 0 0 0 0 0 0 33 0 0 0 0 0 0 0 66 0 0 0 64 0 0 0 0 0 98 0 16 0 56 58 0 0 0 0 46 0 0 0 37 0 0 0 0 0 0 43 0 0 0 0
0 0 0 0 92 0 17 0 22 0 0 0 0 0 0 0 24 0 0 0 35 0 0 0 89 0 0 0 0 0 0 0 0 0 19 0 0 0 0 0 0 0 10 0 0 0 0 85 0 0 0 0 0 0 67 0 0 0 0 0 69 0 0 81 0 0 0 0 19 0 8 0 0 0 9 79 0 0 0 0 76 0 0 55 0 0 0 0 0 0 0 0 0 80 65 0 0 0 0 0
0 0 0 0 0 0 0 0 0 73 0 0 0 0 0 0 66 0 0 0 0 59 0 0 0 0 0 0 0 86 45 0 0 0 0 0 0 0 0 0 0 0 0 0 0 0 54 0 67 46 0 0 85 0 0 0 0 0 0 0 0 15 13 0 0 0 0 12 0 0 0 0 0 78 63 0 0 13 0 0 0 0 0 0 0 0 0 6 41 0 0 31 0 0 0 0 0 0 0 0
0 65 0 55 0 56 21 0 5 0 0 24 0 0 0 0 12 0 0 0 0 0 0 87 0 0 0 0 0 0 100 59 98 0 28 0 0 2 0 24 84 0 0 0 0 0 0 0 8 0 0 90 0 0 46 0 0 55 0 0 0 0 6 31 1 0 54 0 0 0 37 18 58 0 0 0 0 0 0 0 0 34 0 0 0 9 0 22 0 0 0 0 61 0 37 12 72 0 34 3
0 0 0 0 0 0 0 0 0 92 0 74 0 0 0 0 0 0 0 65 0 58 66 95 0 0 0 3 23 0 0 0 0 97 0 0 0 0 0 0 0 0 0 0 0 46 0 47 0 0 38 0 0 0 0 34 0 22 0 0 9 5 0 20 0 0 0 37 50 0 0 0 44 23 0 0 0 0 0 0 0 0 0 0 0 0 0 28 0 0 67 0 0 0 0 69 0 5 8 0
0 76 0 0 0 65 0 0 0 0 0 0 75 0 0 0 57 19 0 0 0 0 0 0 17 0 14 94 0 0 0 0 0 0 0 0 0 0 0 0 0 75 0 0 0 1 0 0 0 0 0 0 0 0 0 0 0 0 0 0 0 61 0 44 80 0 82 0 47 0 35 0 0 0 0 36 0 0 0 0 0 0 0 0 0 0 12 50 0 0 88 61 55 94 0 0 94 0 0 0
0 0 0 0 0 0 0 0 0 0 0 11 0 0 6 42 99 0 0 49 0 96 0 0 0 0 0 0 0 0 0 0 0 0 84 0 0 15 0 33 75 100 0 0 0 0 40 0 0 0 58 88 0 0 0 0 0 0 60 0 18 0 0 82 0 0 4 0 0 51 37 0 0 0 0 0 0 0 0 0 0 0 0 0 0 0 41 99 0 0 0 0 51 54 0 20 0 0 0 0
0 0 0 0 0 0 0 0 0 0 0 0 0 0 0 21 0 0 0 0 46 0 49 0 0 0 0 0 0 87 0 0 0 0 0 0 3 0 0 85 44 0 63 0 0 0 0 0 11 93 0 0 0 0 0 0 0 0 0 0 0 0 0 0 0 0 40 45 31 58 0 0 0 0 0 0 0 27 0 0 0 0 12 0 0 0 0 0 0 0 0 69 58 89 83 77 100 26 0 0
0 0 0 98 0 0 0 98 25 0 0 83 0 0 95 49 75 0 0 0 0 1 98 0 0 4 0 47 0 0 0 0 77 83 0 0 0 14 0 0 0 0 0 0 0 61 0 0 0 70 47 59 0 27 0 0 35 0 64 0 0 0 50 0 0 43 75 43 0 0 0 0 0 0 0 33 49 11 0 80 0 0 0 0 10 0 0 60 98 0 53 0 28 75 17 0 0 8 0 0
0 0 0 0 0 25 0 0 0 0 63 0 0 0 0 0 0 0 0 0 0 79 0 0 0 0 87 0 0 0 0 0 0 40 29 72 0 0 0 0 46 0 62 0 10 0 0 0 0 0 0 0 0 0 45 0 0 0 45 0 97 0 0 67 0 0 0 0 0 0 0 0 0 0 0 0 27 67 0 0 0 0 0 0 0 0 0 0 0 0 58 0 0 0 56 0 0 0 87 0
0 73 6 0 0 77 0 0 77 20 42 51 63 0 0 0 0 0 0 32 0 0 0 0 0 0 46 29 0 27 0 0 0 0 0 0 0 0 75 0 97 0 0 0 0 0 36 0 0 68 0 0 89 0 0 0 0 0 35 0 0 0 38 0 0 0 0 0 0 0 0 0 0 44 0 0 0 47 6 26 0 0 0 55 10 0 79 0 0 0 0 0 0 0 0 45 74 55 0 0
0 63 0 0 90 17 0 100 0 0 1 0 88 0 0 66 92 23 0 0 0 0 83 0 0 0 57 0 0 0 8 0 0 0 0 0 0 0 0 0 0 0 0 0 0 0 0 0 90 0 0 0 67 0 0 0 0 0 0 0 2 0 0 0 0 0 0 84 0 0 0 35 0 0 0 0 0 0 0 0 27 31 0 0 98 0 0 0 28 0 0 0 50 0 0 1 0 0 0 0
0 36 0 0 25 0 0 63 0 0 0 61 0 76 0 29 0 0 0 0 0 0 0 0 0 0 0 0 0 0 58 89 99 0 0 26 0 18 0 0 0 2 0 0 0 84 79 0 0 0 0 85 26 96 66 0 0 0 0 76 61 0 0 0 0 0 0 0 0 0 0 3 0 0 0 95 0 0 0 0 0 81 0 0 0 0 0 0 0 0 46 0 0 0 0 0 0 0 77 0
0 0 0 0 80 0 0 97 74 63 37 0 0 0 0 0 0 0 0 0 0 0 0 0 0 0 0 0 0 82 0 11 0 64 0 0 0 37 0 0 0 0 16 0 0 0 0 0 0 0 0 0 0 20 0 0 0 92 66 0 0 60 0 89 46 0 0 0 48 0 61 0 0 0 0 0 0 38 23 0 0 0 47 90 0 0 22 75 0 0 11 0 0 0 0 8 0 0 0 0
0 0 0 0 71 0 19 0 0 0 0 0 0 43 0 92 0 0 98 0 0 15 0 100 0 0 0 0 0 0 0 0 29 0 0 0 0 0 0 21 0 89 0 0 0 0 90 0 0 61 99 0 0 0 0 0 0 0 0 0 0 0 0 0 0 0 0 45 0 67 11 0 92 22 67 0 0 83 0 0 0 0 0 52 0 17 96 0 0 0 0 0 0 0 0 41 60 0 58 13
0 59 0 27 56 59 0 0 0 0 67 0 0 0 0 54 0 92 0 0 0 0 40 16 0 86 0 0 0 0 0 6 0 58 0 0 39 0 0 0 43 69 13 0 0 0 0 0 0 0 0 73 0 0 0 0 0 70 75 0 0 0 76 0 0 0 0 0 0 0 0 0 0 25 0 0 0 92 0 100 0 0 73 0 0 0 0 64 72 48 0 0 0 0 0 0 0 0 78 0
0 0 0 74 0 0 0 71 0 0 0 0 0 0 0 0 0 0 0 0 0 0 0 0 0 0 61 0 15 46 18 0 0 0 0 0 0 0 0 0 0 1 44 0 0 0 0 0 0 0 28 0 0 0 0 0 0 0 54 0 0 0 0 0 0 0 25 95 0 0 0 0 70 0 73 0 0 96 0 0 0 0 0 0 0 0 0 0 0 0 0 0 0 35 0 0 0 92 0 0
0 80 0 0 0 0 0 0 75 0 0 78 9 78 0 0 0 0 0 75 0 0 0 0 0 24 95 0 43 0 0 0 92 0 23 27 0 57 0 0 0 0 78 0 97 0 0 19 0 57 0 0 0 0 0 0 0 21 0 37 0 0 0 0 0 0 0 0 0 92 34 40 0 0 66 0 15 0 0 0 0 0 71 0 0 0 0 0 0 0 0 0 0 0 89 0 0 0 0 0
0 30 0 0 0 0 0 1 0 93 0 0 0 0 0 89 0 0 0 0 93 0 18 82 0 0 0 0 0 0 0 74 74 26 0 0 0 20 0 0 0 0 0 73 0 0 29 0 0 0 0 60 41 0 0 0 0 82 0 0 0 30 0 0 0 0 0 0 0 0 0 82 0 0 48 0 0 0 0 0 73 0 17 93 29 0 0 0 0 0 97 0 0 0 0 0 77 0 31 0
0 0 0 86 0 0 0 0 44 0 0 0 0 0 0 0 57 87 86 0 25 0 0 0 49 0 0 0 0 55 0 0 0 0 0 0 62 99 0 0 0 0 0 0 0 0 0 0 0 0 0 0 0 0 91 0 0 0 0 0 0 0 0 42 0 0 0 0 0 39 0 0 0 66 0 0 0 98 28 33 0 0 98 0 0 0 94 0 75 0 0 4 0 0 59 0 36 60 28 0
26 0 0 38 0 0 0 0 0 0 67 0 0 0 0 0 0 0 0 0 0 35 0 0 0 0 0 0 0 0 0 0 0 0 0 0 6 0 0 0 0 0 0 0 0 26 29 0 0 0 28 57 0 41 0 0 0 0 0 0 0 0 46 0 0 0 0 0 0 0 76 0 0 98 0 0 31 0 49 0 0 30 80 62 0 38 0 28 24 0 0 0 40 0 0 0 64 0 0 0
0 0 0 0 0 0 0 0 0 0 0 0 0 0 0 0 0 0 0 16 0 0 0 3 0 0 0 0 0 0 3 0 0 0 39 86 0 0 0 0 16 93 0 0 0 0 0 21 0 0 72 0 0 0 0 3 0 0 21 0 0 0 0 0 85 0 0 0 0 47 0 0 0 67 0 0 0 16 0 0 0 60 0 0 0 0 0 0 0 0 64 0 0 0 0 0 0 94 0 0
0 0 0 0 78 0 2 5 27 0 0 0 0 0 0 90 0 62 0 42 0 42 0 0 34 0 21 0 79 0 63 0 0 0 0 0 55 0 0 0 43 0 0 0 0 0 15 0 34 0 0 96 0 0 86 0 0 0 38 0 0 48 0 32 0 0 0 0 0 0 0 0 0 63 0 0 0 0 0 0 93 73 0 0 0 0 0 0 0 0 0 0 87 0 34 0 63 0 0 0
0 0 0 0 0 19 39 0 0 0 0 0 0 95 0 81 0 97 0 0 0 0 0 0 87 69 0 0 0 37 0 0 100 74 83 74 0 0 0 0 0 0 100 0 0 0 0 0 0 0 0 51 0 38 0 0 0 0 0 0 0 0 0 0 0 0 0 0 12 0 64 0 0 0 92 73 0 0 31 76 24 31 0 40 0 46 0 0 0 0 0 0 0 0 0 0 0 0 0 0
0 0 0 0 0 0 14 0 9 3 68 86 0 0 5 0 0 0 0 0 0 0 38 0 0 0 0 0 0 0 0 0 0 0 0 0 0 0 10 0 0 0 0 0 0 0 44 0 39 0 0 0 0 0 62 0 0 83 65 0 0 45 0 19 0 51 0 83 0 0 0 95 0 0 10 0 0 0 0 0 88 0 0 0 28 0 0 54 4 0 0 0 0 0 0 0 0 0 0 0
0 94 0 61 33 0 10 0 0 0 0 0 0 0 0 0 0 0 0 0 15 0 0 0 0 0 90 84 56 0 0 0 0 0 0 98 76 0 0 0 77 0 16 0 0 0 0 68 0 0 0 0 63 0 0 76 15 0 0 0 0 0 14 0 33 0 7 0 0 0 76 0 0 65 0 0 0 0 0 65 0 56 25 0 76 0 0 0 0 0 94 2 32 0 13 0 0 0 0 0
9 0 0 0 89 0 0 0 0 81 0 0 27 98 0 0 0 0 0 1 73 0 0 0 0 0 70 0 0 0 0 12 79 90 79 0 0 98 0 0 0 30 0 0 0 52 0 0 0 0 0 81 0 0 86 0 0 94 0 0 0 12 0 96 0 99 0 0 0 0 89 0 0 0 0 0 0 19 11 0 0 0 0 0 0 0 0 0 97 0 0 0 0 0 45 0 0 0 0 7
0 47 0 0 0 0 0 0 87 88 0 0 0 27 0 0 0 0 0 0 0 0 53 12 0 0 0 0 10 0 0 0 0 0 0 0 0 0 0 0 39 0 0 78 0 0 0 0 0 0 0 0 93 11 0 0 0 0 0 0 84 0 0 0 0 0 0 8 64 0 0 0 0 93 38 5 0 0 73 0 0 61 72 83 0 0 0 22 0 0 54 88 0 0 0 0 0 0 0 0
0 0 0 27 0 85 0 57 0 0 0 0 0 0 0 0 18 74 0 0 0 0 0 0 0 0 0 0 99 0 1 0 0 0 0 0 11 0 0 0 0 0 0 0 0 0 0 0 0 82 0 0 0 0 0 0 0 0 0 0 42 0 0 0 72 0 0 0 58 0 0 0 74 0 0 91 0 0 0 0 0 12 0 0 0 0 0 0 0 0 12 0 52 0 69 0 0 0 0 0
29 0 0 0 0 0 0 0 10 0 0 0 0 61 0 0 86 0 0 0 47 0 0 0 0 0 0 0 0 50 0 0 0 0 27 0 0 77 70 0 0 0 0 0 87 97 51 0 0 0 0 0 0 0 91 69 0 0 0 0 0 43 0 0 0 0 0 0 0 0 0 0 0 78 19 0 0 86 0 0 0 0 0 0 0 0 0 0 0 18 0 0 0 0 0 0 4 0 0 0
36 0 0 0 0 1 0 0 0 60 40 0 0 49 0 0 64 0 0 82 48 0 100 0 88 77 0 0 0 85 95 0 51 0 0 0 0 96 0 0 0 0 4 22 0 78 0 75 77 99 70 79 0 0 0 0 38 91 74 0 0 83 0 0 0 96 0 0 0 0 0 0 0 85 0 0 2 0 0 0 0 68 92 0 0 20 0 0 41 0 0 0 0 0 0 36 0 45 0 0
0 44 0 43 78 0 0 58 86 0 50 0 0 0 38 0 1 0 26 0 0 0 0 90 0 11 0 0 68 69 0 83 9 0 0 0 0 0 82 63 0 42 0 0 0 0 0 0 0 80 0 0 0 0 11 0 0 0 85 0 23 0 32 0 49 0 0 0 0 0 97 0 0 0 0 0 0 21 88 0 0 69 18 0 99 0 0 0 0 0 0 0 25 0 59 35 4 0 4 0
0 15 0 0 0 0 17 27 0 0 0 0 0 0 0 44 0 0 80 0 0 36 0 0 0 28 0 0 23 0 0 68 53 0 56 0 0 0 0 65 0 0 0 0 96 0 0 27 0 0 0 0 0 0 9 64 0 0 0 0 48 0 72 0 0 43 0 0 0 0 0 10 17 0 0 0 16 0 0 0 0 0 2 95 0 0 0 0 0 29 0 0 0 0 0 28 0 60 0 0
0 0 0 91 0 0 0 0 21 0 0 34 0 0 0 0 63 80 0 0 0 0 6 24 81 0 0 0 0 14 0 0 0 0 72 0 0 0 0 0 0 84 0 0 0 0 0 0 36 0 0 0 18 0 0 90 0 0 0 14 0 0 0 0 83 0 19 0 0 0 0 0 0 0 0 78 0 0 0 8 0 0 0 0 80 0 94 0 0 57 0 0 0 62 0 0 0 0 0 0
0 0 69 72 0 0 53 0 0 36 50 0 0 0 0 0 0 0 0 0 0 0 32 0 0 0 0 0 0 0 0 69 0 0 0 0 0 34 0 37 0 0 58 0 0 0 0 0 60 0 0 0 48 0 0 38 45 0 0 0 0 0 0 0 0 0 0 94 0 0 2 33 0 0 0 0 0 0 0 0 6 0 0 0 0 0 0 0 0 54 0 0 0 0 0 0 0 0 0 0
0 0 0 91 0 0 0 0 3 66 0 78 43 0 0 94 0 46 0 0 0 0 29 0 86 84 0 0 97 27 0 0 0 0 0 0 0 0 0 0 0 37 0 0 0 49 74 65 0 0 0 0 0 0 71 0 0 0 77 0 0 0 0 0 0 0 0 0 0 0 0 99 0 0 0 0 0 0 0 0 0 0 0 0 3 0 0 79 73 0 0 0 46 0 0 0 0 0 0 60
0 0 0 0 0 5 0 0 0 0 0 0 0 0 0 0 0 0 0 0 0 51 94 49 0 0 0 17 0 0 0 48 0 53 69 0 46 31 0 0 17 36 12 61 0 0 0 0 0 0 13 0 0 96 58 77 15 0 0 0 0 0 0 0 0 0 21 0 49 0 34 0 0 0 0 77 0 26 0 0 0 0 0 0 0 32 0 0 97 0 0 0 54 18 0 0 0 0 0 0
24 0 0 0 0 22 0 68 75 0 0 0 70 11 0 0 0 0 0 0 0 97 0 0 0 0 0 0 0 0 0 0 0 93 0 0 0 27 0 0 0 0 11 0 0 0 0 0 0 0 0 13 0 64 0 87 0 0 0 48 0 0 0 0 0 0 0 0 0 0 0 0 0 0 0 0 0 0 28 0 57 0 0 0 79 0 0 86 90 0 0 0 0 0 45 80 13 0 0 0
0 21 0 0 0 0 0 30 0 0 76 0 0 0 0 75 0 0 63 0 46 0 0 0 0 0 0 95 0 0 0 0 0 0 0 0 0 0 0 8 0 0 0 100 0 27 0 0 0 0 0 0 0 0 0 0 0 0 0 0 0 0 0 0 59 6 56 96 47 64 0 0 0 31 0 0 0 0 0 0 0 0 0 17 0 0 0 93 0 87 0 0 0 0 0 0 0 76 0 0
0 86 0 0 0 63 0 0 0 0 0 0 0 0 0 0 0 25 0 0 0 0 0 71 0 99 0 0 0 0 0 29 0 0 0 0 0 0 0 82 0 0 42 0 0 0 23 16 0 0 0 54 0 0 0 95 0 0 0 0 0 0 0 0 14 90 0 0 0 0 0 0 0 0 0 0 0 0 0 0 0 0 0 0 0 0 0 0 0 44 0 0 0 0 0 32 0 0 0 0
3 0 0 62 0 0 0 0 0 0 0 0 0 23 59 0 10 0 0 0 0 0 40 0 44 0 37 0 51 45 0 0 0 0 0 20 0 0 0 0 0 0 0 0 61 13 0 0 0 53 0 0 0 0 0 0 0 0 15 0 30 0 58 0 0 79 0 0 0 0 0 0 0 0 0 0 10 0 0 47 68 0 0 0 0 0 0 0 0 0 0 0 0 0 0 20 58 0 0 0
36 0 100 0 80 35 6 0 0 0 0 0 0 14 0 0 0 0 83 0 23 0 0 88 0 0 0 0 0 0 15 0 0 0 0 66 0 0 0 63 90 0 0 57 0 0 4 41 0 14 0 0 0 0 0 48 39 0 0 0 0 0 28 0 0 0 99 0 51 78 0 0 0 0 36 0 0 57 0 0 0 0 83 100 0 0 0 0 0 0 0 0 0 0 100 0 0 89 83 0
0 0 0 0 0 0 0 0 0 1 81 0 0 0 67 0 0 0 0 57 0 0 0 48 0 0 66 0 0 0 31 0 49 0 0 0 0 0 0 0 0 0 0 0 19 0 0 0 0 71 24 58 0 0 0 0 0 0 66 0 99 0 0 0 0 0 0 0 0 0 65 0 0 0 0 0 0 0 0 0 0 0 78 0 42 0 0 0 61 38 0 0 0 0 0 0 0 0 0 0
0 0 0 0 0 0 0 0 0 23 0 0 2 66 0 0 0 0 0 2 0 0 0 0 0 23 66 0 0 0 0 0 0 98 26 8 0 83 0 0 0 0 0 0 0 0 36 0 0 0 0 0 0 0 35 0 0 0 0 0 44 24 0 63 0 0 0 0 10 50 21 0 0 0 0 42 85 0 0 0 0 0 43 0 0 0 0 85 0 0 0 31 98 0 0 25 0 0 0 0
72 59 12 0 0 3 0 0 0 0 0 0 0 0 0 0 100 0 21 0 0 85 0 87 11 0 77 0 0 0 21 0 0 50 92 0 0 0 69 0 0 0 0 0 0 0 69 0 7 0 0 0 0 0 0 14 0 0 0 0 0 0 0 0 68 0 0 15 52 0 21 0 61 0 0 0 0 94 0 94 0 0 0 0 22 36 0 0 0 0 71 37 0 70 0 0 0 0 0 0
58 0 0 0 0 60 89 0 0 0 0 0 55 0 0 0 0 0 0 62 0 0 0 0 0 0 1 41 0 0 0 77 0 0 20 0 9 0 0 0 0 0 0 72 0 0 0 47 0 0 79 0 20 0 0 49 71 0 0 0 0 0 0 0 0 0 0 59 0 0 0 0 0 0 0 0 86 0 39 0 0 0 0 0 0 38 7 100 83 0 49 0 20 0 0 0 0 0 0 32
0 0 41 23 0 0 43 0 0 0 0 63 82 0 0 0 0 0 55 0 23 0 0 0 0 0 0 0 63 0 0 0 0 0 0 0 0 80 0 0 0 49 0 44 0 98 0 0 52 21 0 0 28 0 0 0 24 0 0 12 0 0 0 0 0 0 53 0 81 0 0 0 73 54 0 0 0 0 0 0 0 0 0 0 0 26 0 0 0 0 0 69 0 0 99 54 29 0 0 0
0 69 56 19 0 79 0 0 0 0 0 0 0 0 0 12 55 0 0 0 0 61 0 24 89 0 55 12 0 0 0 0 97 48 0 0 0 0 0 0 0 0 0 0 0 0 92 5 0 11 54 0 0 0 15 0 0 0 0 0 0 0 0 0 63 0 65 0 0 13 0 0 0 0 0 53 0 40 0 0 0 82 10 0 49 0 0 0 0 0 0 0 0 0 0 0 0 0 0 0
0 21 0 38 0 3 0 0 98 0 0 0 0 0 0 0 0 0 0 34 0 0 89 0 0 0 0 0 0 0 48 0 53 0 69 0 0 0 86 0 0 0 0 0 0 0 0 0 0 72 0 76 0 0 57 69 0 0 0 0 0 0 0 0 0 0 0 0 0 0 10 12 94 0 28 0 0 89 0 0 0 0 0 0 60 0 0 0 0 0 0 0 0 0 59 100 70 0 88 0
0 0 0 0 0 0 91 82 0 0 0 0 4 85 84 0 0 0 0 60 0 0 0 0 73 0 53 0 0 0 0 0 0 0 0 1 0 0 0 0 48 0 0 62 0 0 0 0 0 0 92 0 0 0 0 0 0 0 96 0 75 94 0 0 0 0 0 0 0 15 0 0 28 0 0 0 0 0 0 51 0 0 60 0 0 0 0 0 0 0 0 0 86 0 0 0 0 0 0 29
98 30 0 0 0 33 0 76 0 12 0 45 88 0 0 0 0 13 0 0 36 0 0 0 0 42 0 34 0 0 0 0 0 0 15 0 0 34 0 34 0 56 0 0 0 0 0 45 0 0 28 84 25 92 0 0 0 0 0 0 0 0 54 0 0 0 0 0 0 0 0 62 0 0 68 0 0 0 6 0 0 0 0 68 0 95 0 0 0 0 0 38 0 0 0 0 92 55 69 0
0 79 0 0 0 0 58 0 24 0 0 0 0 97 9 0 0 5 0 0 0 0 88 0 0 0 23 0 0 0 0 0 0 0 13 0 0 0 0 0 24 0 0 20 0 0 0 0 0 0 0 0 6 0 0 0 28 0 0 0 0 81 49 43 0 8 0 0 0 62 0 0 66 37 89 0 0 0 0 0 0 0 0 0 46 78 57 0 0 0 82 0 0 0 94 0 56 0 0 0
76 0 0 0 0 0 0 0 0 0 0 79 0 0 0 78 0 0 39 0 0 74 0 0 0 0 0 0 0 0 0 0 0 0 0 0 81 0 0 33 0 63 0 70 0 0 0 25 91 0 0 0 0 93 0 0 0 43 0 0 0 0 0 54 63 0 0 0 0 0 96 0 0 0 39 0 0 0 0 0 76 0 67 0 0 0 0 0 0 100 0 0 0 0 55 100 0 0 0 0
0 6 0 70 0 18 0 45 0 2 0 68 98 0 63 0 0 18 0 86 0 0 13 96 0 0 0 0 0 0 0 0 0 0 0 0 0 0 35 0 0 25 0 0 0 0 24 0 0 0 58 0 0 26 0 0 0 0 0 0 0 0 2 6 0 0 0 0 0 0 0 61 0 0 0 0 0 82 66 0 0 0 53 0 0 0 0 0 0 0 0 0 60 0 0 0 0 0 0 12
0 4 0 0 0 0 0 0 12 0 0 13 50 0 0 0 0 0 71 0 0 0 0 0 0 0 0 0 0 0 37 35 0 38 0 3 0 56 0 0 0 0 55 73 0 0 0 0 0 0 40 44 73 0 0 0 0 0 0 5 0 54 0 0 0 0 0 0 0 0 0 0 0 0 0 0 0 0 0 0 37 0 71 0 0 13 0 89 0 0 0 0 0 59 0 0 0 0 0 0
43 0 0 0 0 0 45 0 0 0 0 0 0 0 0 0 32 0 75 45 0 0 0 0 33 0 0 0 86 0 0 0 0 0 0 0 0 50 0 0 0 73 40 0 0 0 0 0 0 0 0 0 0 41 61 0 0 0 0 0 0 70 0 0 0 69 0 0 0 0 77 0 0 0 0 100 0 0 0 0 0 29 0 0 0 0 0 0 0 0 21 0 27 0 31 0 0 0 86 0
99 0 0 0 0 14 25 74 31 0 0 0 0 45 0 0 0 26 0 0 0 0 0 0 0 0 0 0 0 55 0 0 0 0 0 20 0 0 0 0 0 0 0 34 55 1 0 0 0 0 0 2 36 0 0 0 0 0 17 0 0 0 0 3 0 0 0 0 0 79 0 0 0 0 0 0 0 0 5 52 0 0 62 0 0 0 0 0 0 0 25 0 0 91 0 34 0 68 0 0
0 0 0 0 0 0 0 0 0 0 88 0 0 0 73 0 0 0 0 0 93 49 0 0 0 19 0 0 20 0 54 16 0 0 0 0 95 0 33 88 0 0 46 0 0 0 0 0 0 0 0 46 0 0 0 27 3 0 0 21 0 10 0 0 19 0 0 0 0 0 0 0 0 0 0 0 0 0 0 0 27 0 0 0 0 0 0 10 0 0 0 79 10 0 94 0 0 0 0 0
0 0 0 0 0 0 0 0 65 56 0 0 42 0 0 0 0 24 0 20 0 0 0 0 0 99 91 0 0 0 0 0 0 0 93 0 0 0 0 96 0 37 0 40 0 0 0 0 0 49 27 0 0 0 0 98 0 0 0 0 99 0 0 0 0 0 0 0 0 1 0 0 0 96 0 0 0 74 0 0 0 0 0 0 92 0 45 0 0 40 14 92 0 0 0 0 0 0 0 0
0 0 0 0 0 0 0 0 32 0 0 0 81 53 0 0 0 71 0 0 0 0 0 0 0 0 22 0 0 93 0 33 0 1 0 0 53 0 0 92 0 0 0 0 0 0 82 0 0 86 0 0 0 16 83 0 0 0 0 0 0 0 12 0 0 0 0 0 0 0 0 0 0 0 11 0 0 0 75 0 15 0 0 0 52 0 0 0 0 0 0 54 0 0 73 0 0 0 0 27
0 0 0 0 0 0 22 0 0 0 34 0 0 56 0 0 0 75 0 0 0 0 0 0 0 88 0 63 0 0 0 96 0 0 0 55 7 0 0 0 0 0 0 0 34 0 40 0 0 0 0 21 0 18 0 0 0 0 100 0 0 0 0 0 0 0 0 0 44 0 0 0 0 0 0 0 0 69 0 0 0 0 0 0 0 0 0 0 0 0 0 27 63 0 0 0 0 0 0 0
0 0 0 57 67 0 59 0 0 0 0 0 0 0 59 0 0 0 0 83 0 0 0 0 0 39 0 40 0 0 0 0 0 0 0 0 0 0 0 0 0 64 0 0 0 0 0 0 0 0 0 0 0 0 0 0 0 30 0 0 0 0 0 0 0 13 0 0 0 0 0 0 0 0 14 27 0 73 0 0 0 46 0 0 0 0 0 0 0 0 0 0 0 0 41 0 0 8 0 0