100
0 0 0 79 0 0 0 23 95 0 0 0 0 0 0 0 0 0 0 11 19 78 0 0 0 0 12 64 0 35 0 10 0 0 17 96 0 0 0 0 0 0 0 90 0 0 0 0 0 7 0 53 70 0 80 0 0 0 72 0 0 0 0 0 0 0 0 41 10 0 0 0 0 0 0 0 0 0 0 0 0 0 19 0 23 0 0 0 0 0 95 0 84 0 22 0 0 0 0 0
56 0 0 0 0 0 66 0 0 0 0 90 0 0 18 0 44 0 0 0 0 62 0 0 0 0 0 0 0 0 0 63 0 0 0 0 91 0 0 0 0 16 0 0 0 0 97 0 0 0 0 0 0 0 54 13 0 0 0 0 34 0 52 80 4 0 0 0 0 0 0 0 0 65 53 59 0 0 0 52 32 83 0 0 0 2 0 84 0 0 0 0 0 0 0 0 0 0 0 0
0 0 0 0 0 0 0 0 12 0 58 0 91 0 60 80 94 46 0 0 46 0 0 0 0 2 0 0 0 0 0 0 0 0 0 0 14 0 83 0 0 0 0 0 75 71 0 0 0 0 40 0 35 0 0 0 0 0 0 15 9 0 0 0 69 0 0 0 0 0 0 73 28 0 46 0 0 0 0 0 0 0 0 0 77 0 0 0 0 54 13 23 0 0 4 0 0 0 0 0
11 34 0 0 0 80 91 0 0 56 0 0 40 0 0 0 0 0 0 0 63 0 0 69 0 0 0 0 0 33 33 0 0 0 0 89 0 0 0 35 0 0 0 0 0 11 0 22 43 0 0 0 0 0 0 0 0 0 0 81 22 0 0 0 0 0 0 0 25 82 0 0 100 0 92 85 94 0 0 0 0 70 0 0 80 0 98 0 0 0 70 0 0 56 0 0 8 0 14 76
0 17 0 0 0 0 65 0 82 0 92 28 0 0 0 0 0 0 0 0 0 0 0 0 0 0 30 0 44 0 0 0 0 53 0 77 0 98 15 62 93 0 76 28 72 89 0 0 0 74 0 15 0 0 0 0 0 0 82 0 0 0 0 0 0 0 0 0 0 0 14 23 0 0 0 0 46 0 0 0 70 0 0 18 0 0 0 0 0 43 0 0 0 0 0 62 0 32 72 0
1 96 0 0 0 0 0 0 0 0 0 0 53 0 0 0 26 0 64 0 0 0 0 70 0 0 0 41 0 23 59 0 57 0 53 96 0 0 0 0 0 0 0 61 0 16 0 0 79 8 0 22 94 40 59 0 0 21 78 0 0 48 0 13 76 0 75 29 0 0 75 0 16 31 83 0 38 0 0 0 0 0 71 0 0 0 0 50 0 0 0 57 0 78 0 0 30 0 0 0
0 0 0 0 0 0 0 50 93 0 0 91 0 40 0 0 0 27 0 48 74 0 0 28 0 75 0 0 0 0 0 0 0 72 0 0 0 0 0 0 0 35 0 0 58 0 0 0 0 0 0 0 0 0 0 0 0 99 0 0 0 0 73 86 0 71 0 0 0 60 0 0 32 0 0 0 0 0 0 4 0 0 27 71 57 0 0 0 49 0 0 0 0 0 83 0 81 0 0 0
0 42 0 29 0 0 85 0 0 20 0 0 0 0 50 0 0 0 0 0 0 0 0 0 0 0 0 0 0 0 0 0 0 0 0 0 14 0 6 0 63 0 0 0 0 45 0 0 96 0 0 56 0 0 19 45 0 0 0 0 0 0 0 0 0 0 0 0 0 2 0 64 57 0 0 0 0 0 58 46 92 0 0 0 55 0 0 0 53 0 58 0 0 0 0 0 0 0 0 0
0 0 69 0 0 0 0 0 0 0 25 0 9 0 0 0 0 0 82 0 0 80 35 0 0 0 0 21 0 0 92 0 0 32 0 0 0 0 0 0 0 0 0 0 0 0 72 0 0 0 0 50 83 0 54 0 0 0 0 79 0 0 0 0 0 23 0 0 0 0 0 0 0 0 0 0 23 48 49 0 0 0 0 0 0 0 12 77 0 0 0 0 21 0 100 0 0 63 0 62
0 0 0 0 0 62 0 0 0 0 0 94 0 2 15 0 0 0 0 0 67 0 0 0 0 0 0 16 0 0 0 0 0 0 0 0 0 22 72 36 0 0 0 0 0 0 0 52 0 0 0 0 0 0 0 0 0 66 67 57 0 0 54 91 0 0 0 72 0 0 0 79 0 0 0 0 0 0 0 77 0 0 0 0 0 0 0 0 0 0 0 0 0 0 0 82 74 0 43 0
0 72 0 19 0 0 0 39 0 26 0 79 0 76 0 0 0 0 0 0 0 55 0 0 0 0 0 0 0 44 0 0 85 0 42 29 0 24 0 0 0 0 0 0 0 0 0 28 57 0 0 90 0 0 0 0 66 0 0 21 85 0 0 0 0 47 0 0 20 0 0 0 0 0 0 0 0 0 0 0 90 0 0 0 0 0 23 0 0 0 0 0 0 0 83 99 44 0 33 0
0 0 0 0 0 0 0 0 0 0 7 0 0 0 42 0 0 95 0 0 0 0 0 0 35 0 0 0 6 0 0 0 0 7 0 0 56 11 23 0 0 0 0 0 0 0 6 0 0 0 0 0 0 0 0 0 0 0 0 67 0 0 0 0 0 0 23 0 79 0 0 0 0 0 0 0 0 0 0 0 0 0 0 0 24 0 72 0 100 0 0 15 0 0 0 0 54 88 3 0
95 0 0 0 0 0 88 6 7 0 0 14 0 0 43 31 0 0 0 76 0 0 0 0 29 0 0 0 28 100 25 0 56 84 56 0 0 0 0 52 0 0 0 0 64 42 0 0 0 0 0 0 5 0 0 0 0 0 54 0 49 0 0 0 0 72 0 0 0 0 0 97 0 0 49 8 31 0 73 0 0 0 85 0 0 70 60 0 0 0 0 0 0 0 0 0 71 8 0 34
12 0 0 95 27 0 0 0 83 0 0 49 53 0 0 0 0 0 0 26 0 0 0 0 53 0 0 0 81 0 98 0 73 0 0 0 8 99 0 0 0 0 0 0 0 0 0 0 0 74 0 7 74 90 76 0 60 0 35 0 0 78 0 0 0 0 0 0 0 0 37 0 10 0 99 0 0 88 0 87 0 0 0 0 0 0 24 0 0 0 0 0 0 26 0 97 0 0 0 0
0 43 0 0 0 0 0 0 0 0 0 0 0 0 0 0 50 0 0 0 0 0 0 60 0 0 89 0 0 0 0 45 0 57 0 82 14 0 0 40 74 3 0 0 0 0 86 41 0 0 64 0 75 0 0 0 0 0 0 39 0 0 36 46 0 0 0 0 0 0 0 0 0 0 0 0 0 18 0 0 0 92 0 2 0 0 0 12 0 0 0 0 90 0 0 0 0 0 0 0
0 0 0 0 0 60 0 0 0 0 0 0 0 0 0 0 0 39 0 10 0 0 91 0 2 71 13 0 89 0 0 0 0 0 0 2 0 0 0 0 0 0 0 87 0 16 37 62 0 0 0 0 58 0 0 0 0 0 31 0 0 0 3 91 0 0 65 91 0 78 0 0 0 0 0 11 0 0 0 0 0 0 0 0 0 0 0 0 0 0 2 0 0 0 0 0 0 80 47 0
0 0 0 0 0 29 0 0 0 0 0 0 73 0 0 0 0 0 0 0 58 0 64 0 0 0 0 20 0 0 0 52 0 74 0 0 50 0 20 0 19 0 0 0 0 0 0 0 0 0 0 78 0 99 0 0 0 0 0 0 0 0 0 0 0 0 98 0 0 0 0 0 0 45 0 0 0 0 68 68 0 78 0 0 0 0 0 0 0 0 63 0 0 76 33 0 0 0 17 0
27 93 0 0 61 0 0 0 0 41 0 0 0 0 53 0 35 0 0 0 0 0 0 0 0 0 0 0 0 47 0 0 0 20 0 0 0 96 0 0 10 0 0 0 100 6 0 0 32 0 76 0 0 0 27 75 0 0 0 0 0 0 0 0 0 22 0 0 70 0 12 0 0 0 14 0 0 5 0 0 0 0 0 0 0 0 0 0 7 0 0 34 3 61 73 0 0 0 0 0
76 0 0 0 94 38 51 0 0 0 0 0 0 0 0 0 0 0 0 0 0 60 0 82 0 0 4 0 0 0 0 0 0 0 0 0 0 0 0 0 0 0 0 77 0 8 0 0 0 0 0 0 71 31 46 0 0 0 42 79 0 0 0 0 34 0 0 0 0 0 20 26 0 0 57 0 0 0 71 0 0 0 0 68 0 0 57 0 0 0 0 0 36 0 0 0 0 0 0 0
9 82 0 0 73 0 0 0 0 74 0 97 0 0 0 0 0 0 0 0 84 0 17 89 0 6 0 0 0 0 16 0 1 0 0 0 0 0 0 67 38 0 0 73 0 56 0 0 0 0 0 0 0 0 0 0 0 0 0 0 0 0 0 0 0 0 0 0 79 0 0 44 0 0 0 0 0 0 27 0 0 0 0 0 0 0 27 9 15 23 33 0 0 0 87 0 0 0 91 0
17 0 0 0 0 0 0 79 0 0 0 0 0 0 0 0 0 0 5 0 0 80 0 0 0 100 0 0 0 27 0 33 0 0 0 89 0 0 0 0 96 0 0 0 97 0 0 0 0 0 62 0 0 78 0 0 0 40 0 0 0 0 0 0 0 0 0 65 0 97 0 0 0 0 53 91 0 0 0 85 5 81 0 0 0 0 48 0 90 0 70 85 0 0 70 7 0 0 0 0
0 0 0 0 58 0 0 0 0 0 0 4 0 0 0 0 0 0 0 88 0 0 0 87 0 0 0 0 0 0 0 90 0 35 0 4 0 97 0 0 0 70 78 0 0 0 43 0 0 0 26 0 45 0 0 22 0 0 14 0 0 0 0 0 8 48 0 0 14 0 0 0 0 0 0 33 0 0 0 0 0 0 23 0 95 72 0 0 82 90 0 70 0 50 0 66 0 0 30 99
1 57 0 0 0 0 0 0 0 0 0 0 0 0 79 80 0 0 0 0 48 0 0 0 0 0 0 0 0 0 0 0 53 42 0 10 72 0 58 0 0 0 0 0 41 0 0 0 0 0 54 52 0 0 0 42 0 0 80 0 0 0 0 77 0 0 0 16 80 20 0 64 0 0 0 0 54 0 27 0 0 20 0 0 0 0 12 92 0 0 0 0 0 0 0 0 0 0 0 0
0 0 0 0 0 0 0 0 0 25 0 0 61 52 0 78 29 35 0 0 0 0 0 0 0 0 0 0 0 0 93 0 0 11 0 77 0 0 0 0 0 0 63 84 0 0 0 0 0 25 91 67 0 0 0 0 0 0 45 0 0 0 0 0 0 81 0 0 0 0 0 0 33 0 0 0 4 94 0 0 0 0 0 0 0 0 8 0 71 28 0 69 0 0 0 0 0 66 9 0
83 0 0 0 0 0 0 0 0 36 0 60 43 0 7 0 0 72 8 98 0 0 0 0 0 0 0 0 0 0 0 51 0 21 0 0 0 0 73 0 0 0 0 0 0 68 0 0 66 0 98 0 0 47 0 0 0 0 0 10 34 0 0 0 0 88 72 0 0 0 0 87 0 0 7 0 0 0 0 38 0 73 0 0 0 0 0 0 74 0 84 58 0 0 0 0 0 19 0 0
95 0 0 0 0 35 93 0 0 0 0 79 0 0 94 66 0 0 0 0 0 0 9 0 0 0 0 0 0 0 0 0 0 0 0 0 49 0 0 59 0 7 0 0 0 0 26 9 0 23 0 0 39 0 0 55 0 0 0 0 81 0 0 0 0 67 0 0 0 0 0 0 0 93 0 0 0 0 0 86 0 0 79 0 0 0 0 1 48 0 0 0 0 32 0 3 0 37 0 0
0 0 0 0 0 0 0 0 57 0 0 88 0 72 95 0 0 0 47 81 0 0 0 0 42 0 0 0 45 0 0 0 0 0 0 0 0 0 0 0 45 0 0 0 0 0 0 0 0 0 0 0 0 0 16 0 0 0 0 0 0 0 0 0 0 0 0 0 7 97 0 0 0 0 0 0 0 0 0 0 0 0 0 20 0 65 0 0 29 22 0 0 0 0 0 0 0 13 0 0
0 0 0 0 0 64 0 0 0 0 92 62 0 0 0 0 6 61 0 0 24 0 0 0 51 0 0 0 0 0 29 35 0 22 0 0 88 0 3 0 0 0 0 0 0 0 0 72 78 0 0 0 0 0 45 43 8 0 0 0 0 95 0 0 0 0 22 0 0 19 86 0 0 0 34 0 0 0 0 0 0 0 0 0 0 0 0 0 0 69 0 15 0 37 0 0 0 0 0 0
89 0 33 54 0 0 0 0 0 43 0 0 0 0 0 0 0 0 0 0 0 0 0 0 0 0 99 0 0 0 89 53 0 0 0 0 0 73 0 0 0 0 0 0 91 0 6 0 0 0 64 0 93 51 2 0 48 0 0 0 0 0 0 0 56 30 0 0 0 47 0 25 12 0 0 0 45 5 45 0 0 0 5 0 4 56 0 0 0 0 0 0 84 0 0 87 3 0 8 0
67 0 33 0 0 2 0 90 92 0 0 0 20 0 60 19 74 0 0 0 0 45 0 0 0 0 0 0 0 0 39 0 16 0 4 0 41 62 0 64 0 0 0 0 0 0 0 0 0 85 0 0 0 18 0 0 96 13 0 0 0 0 0 57 0 0 0 0 74 0 0 0 0 0 63 0 0 77 38 0 0 21 0 0 0 76 0 0 0 25 0 0 0 19 60 0 0 0 0 62
0 0 0 0 68 0 0 70 56 0 0 0 67 0 0 0 0 0 0 0 0 0 0 0 0 0 38 0 0 58 0 0 0 0 0 0 0 0 70 0 0 0 15 72 0 0 0 0 0 0 0 0 0 0 0 0 0 0 0 0 0 0 0 80 0 0 88 4 9 0 0 0 87 0 0 0 0 0 11 17 41 12 87 0 28 0 0 0 0 0 0 0 0 0 25 0 0 0 0 0
18 0 0 0 38 0 57 92 0 0 34 0 76 72 0 0 4 0 0 0 98 0 0 0 8 0 0 0 0 0 1 0 0 50 0 77 0 0 11 0 0 0 0 0 0 0 0 0 0 0 0 0 93 0 15 0 0 0 0 0 40 0 5 0 0 0 18 84 0 95 24 0 29 81 0 0 0 73 0 0 0 0 0 0 0 0 99 0 0 0 0 0 0 0 0 0 0 0 0 0
0 0 0 0 20 22 48 0 0 0 0 58 0 0 30 0 0 0 0 0 46 0 0 0 0 0 0 0 0 96 0 0 0 54 0 0 0 0 0 89 42 94 0 0 0 39 0 0 48 0 0 0 0 0 0 0 0 0 0 26 0 0 0 0 49 0 0 0 0 0 0 0 0 44 28 0 0 0 0 0 0 0 51 38 0 0 0 0 0 0 0 0 0 0 0 0 0 0 0 0
0 0 0 0 0 0 86 0 73 0 0 0 0 0 6 0 0 0 0 0 15 0 0 0 0 0 0 0 85 2 0 0 0 0 0 0 69 0 0 0 0 64 0 69 72 0 13 0 33 0 0 0 19 0 86 0 94 0 0 0 0 0 0 0 0 0 0 0 0 0 71 0 0 0 0 71 0 0 0 0 0 0 0 0 0 0 6 0 0 0 93 0 0 0 0 0 0 50 0 0
0 82 0 0 97 0 40 0 0 0 0 0 0 0 0 76 0 0 32 97 72 0 0 0 0 0 0 0 0 0 0 0 56 0 0 0 0 0 0 0 39 0 56 17 0 75 0 0 0 35 0 58 0 0 0 0 0 0 0 0 89 12 0 0 51 0 94 0 65 0 0 26 0 0 0 0 0 0 85 81 0 0 0 57 0 0 0 0 25 0 0 0 0 75 4 0 0 0 0 81
0 0 0 0 0 7 0 0 54 0 0 0 0 0 0 0 0 0 0 0 4 0 0 0 21 0 92 51 0 80 0 0 0 0 0 0 0 0 0 0 80 0 0 0 0 0 0 0 98 0 41 0 0 0 0 0 0 0 0 0 0 91 0 0 0 0 0 72 0 0 0 0 0 0 0 72 0 0 0 0 0 52 0 0 0 0 12 0 0 0 0 75 25 0 0 0 8 12 0 99
48 0 0 0 99 5 8 58 82 0 0 0 0 0 0 32 0 0 96 0 0 0 0 0 65 0 46 23 0 39 0 99 0 78 32 0 0 57 0 0 0 21 0 0 91 0 0 0 99 0 47 66 0 6 16 0 0 21 0 0 0 0 18 0 0 21 0 72 0 0 0 0 0 0 0 0 93 1 53 0 0 99 0 0 70 0 82 0 0 98 1 0 0 0 0 0 0 0 47 0
0 67 0 15 0 75 24 0 0 0 0 0 0 0 0 86 0 62 44 25 0 0 0 0 0 78 0 0 0 53 74 67 0 16 0 0 17 0 0 0 97 0 0 0 0 0 0 0 0 0 0 0 0 0 0 86 0 0 89 0 23 0 60 94 0 72 0 72 0 0 0 82 0 0 0 0 0 0 0 73 83 0 99 0 38 0 0 10 34 0 0 0 0 0 0 0 0 0 0 0
5 0 0 0 0 0 0 0 0 0 0 0 0 14 76 55 0 0 0 56 14 0 0 0 0 0 0 0 59 7 0 0 0 0 0 99 0 0 0 74 0 0 0 68 0 0 0 68 0 0 0 0 0 0 0 0 0 0 97 0 22 32 0 51 18 0 0 0 0 0 0 0 11 0 0 0 0 96 0 25 0 0 0 0 98 0 0 12 51 58 0 75 0 0 0 0 3 0 0 0
0 0 0 48 0 0 0 0 0 0 0 0 0 95 0 82 61 70 0 48 0 96 0 0 42 0 0 34 0 23 33 14 0 0 0 0 0 51 77 0 0 77 0 0 85 0 0 0 0 70 0 0 0 0 0 0 0 0 0 0 0 0 0 36 37 0 0 0 0 0 0 32 0 86 0 0 0 0 12 0 0 0 0 54 82 0 0 0 0 0 0 0 0 79 0 0 48 53 3 0
59 0 0 0 0 0 0 0 43 0 0 26 0 0 0 0 0 0 0 0 23 0 43 0 73 0 22 0 0 0 0 0 0 0 0 90 0 0 0 0 0 93 0 0 59 0 1 0 0 0 0 0 0 0 0 0 0 0 0 26 83 22 15 0 0 0 90 95 8 0 0 0 0 0 0 0 92 0 22 0 59 20 0 0 0 0 0 0 0 38 0 35 0 42 0 0 25 0 0 0
0 0 0 16 76 14 0 0 0 0 0 0 0 47 0 92 0 0 92 0 0 10 0 0 0 0 24 0 0 0 0 98 0 0 27 53 0 0 0 0 87 0 0 16 0 0 0 0 0 87 0 0 0 0 0 0 0 0 0 0 98 0 0 0 0 0 0 0 0 0 0 15 0 0 0 0 0 83 0 40 0 0 0 97 0 0 0 0 0 0 0 44 0 93 0 0 0 49 0 3
0 0 0 0 0 75 0 0 28 61 0 0 0 0 0 33 0 0 0 0 0 0 0 0 51 0 0 0 0 0 0 0 0 51 0 0 0 40 0 17 25 0 0 27 0 2 0 0 0 34 0 0 0 0 0 0 0 0 0 91 0 0 0 0 0 94 0 26 0 0 0 84 0 0 0 0 0 0 0 0 0 82 0 0 0 0 16 0 29 0 0 62 0 0 0 11 17 0 67 0
0 32 49 0 0 0 67 0 40 0 78 0 0 0 0 0 0 0 34 0 0 0 56 0 0 0 10 97 0 0 0 0 0 0 0 3 0 0 0 85 65 0 0 0 0 41 8 0 67 0 0 0 21 39 0 0 48 0 0 0 0 0 0 17 0 0 0 40 0 0 0 0 66 0 0 0 0 14 98 0 0 0 93 0 0 0 0 0 0 0 0 0 37 0 67 87 40 68 0 79
0 34 0 0 0 0 44 50 0 0 0 80 58 46 0 0 0 0 0 0 0 0 25 0 0 71 0 7 0 0 0 0 0 0 0 73 0 35 0 0 85 0 0 0 0 0 0 0 0 0 0 0 0 72 0 0 0 64 0 0 0 0 0 0 47 46 61 55 0 0 0 84 0 0 0 83 93 0 0 0 0 0 0 96 0 0 0 57 0 61 4 0 0 0 0 0 70 68 0 0
0 65 66 0 0 0 0 0 0 0 0 0 0 0 0 5 0 0 0 0 0 0 0 19 0 0 0 0 0 0 22 0 0 0 69 0 0 38 0 31 0 0 88 8 0 0 0 0 0 79 0 11 0 0 0 0 0 63 0 0 0 0 0 0 0 0 0 0 19 0 0 0 0 88 74 0 77 0 0 54 0 0 0 0 0 0 0 0 0 0 0 0 0 0 0 0 14 0 0 0
0 100 0 72 0 21 59 0 42 0 0 0 17 0 0 81 52 0 0 0 0 12 0 0 0 0 87 0 0 0 0 74 0 0 0 98 0 0 0 21 0 70 0 0 0 0 0 52 0 0 0 0 33 0 71 0 0 0 86 0 0 0 7 0 54 0 0 0 0 0 5 0 0 0 90 23 0 0 0 0 75 0 0 8 0 0 0 41 0 26 47 0 0 0 0 58 0 74 0 10
54 0 37 0 77 0 46 13 76 0 23 0 88 0 0 45 0 0 0 79 0 0 100 0 0 6 0 0 0 0 71 0 0 0 0 0 0 0 42 0 0 18 0 0 0 0 96 0 0 0 0 0 0 0 0 0 63 0 0 0 29 0 0 52 92 11 67 17 0 0 0 0 0 0 0 0 0 0 0 0 0 0 0 0 16 0 0 0 0 0 0 0 3 0 36 0 0 0 14 22
0 0 0 17 0 0 0 10 0 0 0 0 0 0 0 0 0 95 3 0 0 35 0 0 82 0 88 0 77 0 28 0 0 29 0 54 0 0 0 0 0 0 0 75 0 80 93 11 0 0 51 18 0 0 0 0 4 0 0 0 37 0 0 0 0 0 88 0 0 0 0 0 0 100 0 0 0 0 9 0 0 0 0 30 0 0 0 80 0 0 0 0 0 44 83 0 0 0 2 0
0 22 0 0 0 71 0 0 0 0 0 0 0 0 0 84 0 36 0 0 0 0 0 0 0 0 0 0 0 0 0 15 0 70 0 0 21 0 0 92 10 0 0 0 0 0 0 0 0 0 0 73 9 0 0 0 0 0 0 0 0 0 0 0 0 0 0 90 0 0 0 0 0 0 35 0 73 0 9 0 3 0 0 0 0 68 0 8 0 0 0 0 0 0 0 0 0 0 0 0
0 0 0 0 0 0 0 74 89 3 98 0 0 0 0 0 90 0 32 0 0 0 0 0 0 0 0 0 33 0 0 0 0 0 0 0 0 0 20 40 18 70 0 56 33 0 0 0 0 0 0 0 22 29 29 22 0 0 0 0 0 0 0 0 0 0 0 0 57 74 0 23 70 0 0 0 0 77 61 0 0 99 0 0 39 4 0 0 0 0 52 0 0 46 0 0 0 0 0 0
0 0 8 5 0 0 0 0 0 0 0 0 0 0 76 0 0 0 66 0 0 19 0 0 0 65 0 0 0 0 0 0 0 0 0 86 0 0 0 78 0 0 0 71 0 0 0 0 0 0 0 0 0 0 6 0 0 0 56 0 22 0 9 0 0 0 22 0 53 73 0 0 0 0 0 22 0 0 0 0 45 36 0 0 0 32 70 0 83 0 0 0 20 39 0 0 86 0 0 0
0 7 0 66 0 0 92 0 0 0 0 0 31 0 0 0 0 0 0 0 0 0 0 54 76 0 0 13 18 51 0 0 0 0 0 51 0 17 90 0 0 0 96 0 0 0 0 0 0 0 35 0 0 79 27 0 0 77 0 0 0 0 12 0 0 0 0 0 0 69 0 0 0 0 0 0 0 0 0 0 0 10 0 0 0 68 0 0 0 0 0 66 62 0 0 0 0 0 100 95
0 0 100 0 0 12 0 0 16 83 7 0 0 0 0 62 0 0 0 0 0 0 0 0 0 0 0 58 0 80 0 85 0 0 0 0 0 0 0 0 0 1 0 4 0 0 0 0 0 0 0 0 0 0 53 0 0 0 0 0 0 0 0 0 0 1 26 0 0 32 0 0 0 0 0 0 55 52 0 0 62 0 65 0 0 0 0 1 94 12 0 0 0 98 0 0 0 37 0 0
56 0 0 25 67 0 95 33 6 0 47 0 0 52 0 0 82 0 0 0 0 0 0 0 0 0 39 0 0 0 0 0 0 0 100 0 0 51 0 0 0 40 0 0 46 0 0 35 0 77 0 0 0 0 0 29 0 0 21 0 37 0 0 1 60 56 0 0 0 0 0 0 0 64 0 0 0 0 0 0 0 0 0 9 25 0 0 0 0 0 0 0 79 75 0 0 72 0 0 0
84 0 0 15 84 0 0 0 0 47 0 77 0 0 0 39 68 0 68 0 0 1 0 0 0 0 0 0 0 0 0 4 32 41 0 0 0 22 0 27 0 0 0 0 0 0 0 0 0 0 0 0 0 0 20 0 0 0 0 0 0 0 0 0 28 0 78 0 100 0 0 0 0 0 0 0 89 0 62 0 0 1 31 82 0 0 0 0 0 0 54 0 0 0 0 0 0 0 1 0
0 0 0 0 3 0 0 32 58 63 0 0 0 0 100 90 0 0 0 61 0 100 0 0 0 0 24 74 0 0 35 0 0 0 0 0 0 45 59 0 0 0 0 0 0 0 98 40 0 0 0 0 33 0 0 10 0 0 0 0 63 0 0 0 0 0 0 0 100 68 0 54 0 44 0 0 0 0 65 23 0 0 0 0 88 12 0 0 91 0 41 0 11 0 0 0 0 0 0 48
0 93 0 0 0 0 0 0 0 19 0 0 0 62 0 31 0 0 0 0 0 0 0 54 0 20 0 0 0 0 0 0 0 5 0 40 98 0 0 52 0 0 0 0 0 0 0 0 0 0 0 0 0 0 0 0 0 0 0 0 0 0 0 0 0 0 0 38 0 0 0 0 0 0 0 0 0 0 0 100 0 63 0 51 0 0 0 0 0 0 0 0 83 0 0 0 0 13 0 0
0 0 0 0 0 36 0 58 2 0 0 0 84 0 80 0 0 58 41 0 0 0 64 0 0 0 0 0 0 84 0 0 0 47 2 0 0 0 0 0 1 0 0 70 0 0 0 77 0 0 81 0 0 0 0 0 0 0 0 0 68 89 0 0 37 73 0 0 0 0 87 0 0 0 0 66 0 0 0 0 62 0 0 0 0 0 0 38 62 0 0 0 0 15 0 0 0 0 0 0
0 59 0 0 0 67 0 0 0 0 0 28 0 0 0 0 24 0 72 69 16 0 0 0 0 0 0 0 31 0 0 0 0 64 61 0 0 0 0 0 0 79 0 0 0 0 0 0 0 0 87 3 67 0 88 0 76 0 0 0 28 0 0 0 0 7 0 28 0 0 0 0 0 57 0 0 0 0 0 0 0 0 0 0 0 0 0 0 0 0 0 27 0 0 0 0 0 69 25 0
0 0 61 12 0 35 74 0 0 0 0 0 83 0 0 0 0 0 0 0 0 0 0 0 1 0 42 0 0 0 75 0 0 27 0 0 0 0 11 0 0 62 0 0 0 0 0 0 0 0 68 0 0 0 0 4 0 0 0 0 0 0 0 0 0 0 0 0 0 0 0 0 31 0 0 0 0 0 0 0 0 0 25 0 0 0 0 0 0 0 0 0 0 0 0 0 0 0 0 0
65 0 0 79 0 0 96 10 85 0 0 0 0 0 29 84 21 20 0 0 0 57 0 0 30 0 0 0 0 65 0 51 0 0 0 7 0 1 0 0 0 0 0 0 0 41 0 0 0 0 0 0 0 90 52 0 0 48 0 0 51 0 0 0 0 0 0 0 0 0 0 0 0 0 0 0 82 0 0 0 0 0 0 0 0 46 0 0 0 0 93 96 0 0 0 57 0 0 0 0
0 92 0 0 82 0 0 0 0 39 0 0 0 0 0 0 0 84 0 0 0 0 0 49 100 78 0 0 19 0 0 0 86 0 0 0 0 0 0 0 0 0 34 0 45 50 0 0 0 0 0 0 8 85 15 0 42 13 0 0 8 0 0 0 0 0 0 0 0 0 8 30 0 0 0 21 0 0 0 0 0 0 0 0 0 0 0 0 0 0 75 95 0 0 21 0 0 0 96 0
0 0 0 0 0 0 45 0 0 0 0 0 42 0 97 95 0 0 0 0 59 0 0 10 36 0 0 0 0 27 0 93 0 52 0 36 0 0 0 0 0 3 0 94 0 0 0 0 75 0 0 40 0 100 0 0 58 0 64 0 0 0 36 0 9 0 99 18 0 67 0 0 0 0 0 20 0 0 0 0 83 0 0 0 0 0 10 20 80 0 0 0 0 0 0 0 0 0 0 0
0 0 0 65 0 84 0 0 0 0 0 0 19 0 0 0 0 0 0 0 0 68 0 0 40 57 87 0 0 0 0 0 20 0 83 0 0 0 0 0 0 0 0 0 0 0 0 0 57 0 0 60 0 0 0 0 0 0 0 0 4 0 0 0 0 0 0 0 48 0 0 0 0 0 0 0 61 0 0 73 0 0 58 0 0 0 6 0 0 0 0 0 54 0 0 0 0 0 0 0
0 0 0 0 85 86 0 0 0 0 0 0 0 16 17 0 61 0 0 0 75 0 0 0 76 0 0 73 93 0 0 64 0 0 0 36 70 0 0 0 0 0 0 51 0 36 0 0 0 69 21 23 89 0 0 0 40 19 39 0 0 0 80 76 0 0 92 0 0 0 0 46 57 48 0 0 0 0 18 0 0 0 0 0 0 32 7 0 0 0 0 0 0 0 0 0 0 0 21 0
0 0 63 0 49 11 0 0 0 0 0 0 0 63 0 0 0 0 0 0 0 0 0 92 0 26 0 0 0 22 0 0 0 0 0 0 0 0 77 0 0 0 0 0 0 49 85 86 0 0 75 45 0 0 0 0 0 0 0 0 0 0 0 0 85 58 0 25 0 0 0 0 0 0 0 54 58 0 0 30 0 0 0 0 95 0 0 0 39 0 20 73 0 70 0 0 0 16 0 0
0 0 72 44 0 0 0 0 0 0 0 0 0 0 71 0 0 0 0 0 0 31 0 0 0 0 64 0 0 0 38 70 0 0 0 0 0 53 0 0 91 0 0 0 42 0 0 0 0 47 0 0 0 51 2 0 42 0 0 0 0 0 0 0 0 0 0 0 9 0 86 0 0 0 37 0 91 88 0 0 0 0 0 0 0 0 0 0 0 0 77 18 81 0 82 30 0 0 0 0
0 73 0 0 49 0 0 0 0 0 0 0 0 0 0 0 0 96 0 0 0 0 0 0 0 0 0 0 55 96 3 0 0 25 36 0 0 36 62 0 0 79 0 0 82 47 0 0 68 0 0 0 0 0 0 0 0 74 0 0 31 0 0 0 0 0 62 38 0 0 65 36 0 0 0 0 84 0 0 0 0 0 0 39 16 0 0 0 0 0 0 0 0 0 0 0 0 0 0 51
0 0 0 87 0 0 0 60 0 0 0 9 0 0 0 0 0 0 0 0 32 34 0 0 0 0 0 0 54 0 0 0 0 21 0 0 0 0 99 0 0 0 53 0 0 58 75 0 0 19 0 0 0 21 0 0 78 0 0 0 0 40 0 0 0 0 0 0 0 0 88 98 57 79 0 24 54 0 0 0 0 35 5 83 0 0 0 0 5 0 0 0 0 0 0 0 0 40 0 0
0 0 0 0 0 0 0 0 0 0 0 0 0 66 96 0 0 0 0 0 0 86 0 0 0 70 0 0 0 0 100 0 18 0 0 0 55 0 0 0 0 28 0 58 0 0 0 0 0 0 2 53 57 50 0 54 0 18 0 1 0 0 0 6 0 93 0 0 0 0 0 0 0 0 0 0 0 0 0 35 49 0 0 0 0 0 0 0 0 77 0 0 61 0 0 0 0 27 0 0
0 0 0 67 0 0 0 0 0 88 0 0 0 0 84 0 0 0 21 0 7 10 0 0 24 10 0 55 1 48 7 0 0 0 46 16 0 0 0 0 41 0 0 0 0 0 0 63 0 0 75 0 87 0 0 71 7 39 0 33 0 0 0 0 0 0 50 0 0 83 0 0 0 47 0 0 0 0 0 97 46 0 45 0 0 0 0 0 0 0 0 0 0 0 0 0 27 0 22 0
0 0 0 95 0 0 0 0 0 36 0 0 25 0 0 69 0 0 2 0 0 0 0 0 0 0 0 0 92 0 0 0 0 0 0 0 0 0 0 0 56 0 0 0 0 0 0 24 0 0 0 0 0 0 0 0 0 69 59 0 0 0 0 0 49 0 0 0 0 74 0 56 0 0 0 49 0 57 0 36 0 49 5 0 0 0 0 0 0 0 9 0 0 38 0 0 0 80 0 0
0 51 0 32 0 0 0 0 0 0 0 0 0 0 0 45 0 0 87 37 0 0 0 0 0 0 0 0 77 0 0 0 0 0 0 63 0 0 0 28 42 0 0 0 54 8 4 0 0 0 0 0 0 68 0 0 0 27 0 13 0 29 0 0 0 0 0 0 77 0 0 0 0 0 39 0 0 0 0 97 0 0 49 97 0 0 0 37 0 0 0 44 0 0 95 43 0 0 0 0
0 0 0 0 0 0 0 0 0 0 0 0 2 0 0 0 51 35 0 0 55 0 0 39 0 0 0 0 14 57 0 0 3 0 0 0 0 29 85 0 0 0 0 0 10 0 0 0 0 29 0 0 0 0 0 0 0 0 0 77 0 0 0 0 0 0 0 0 65 0 9 0 59 0 0 15 0 0 0 0 0 0 0 0 0 81 0 0 0 0 0 0 0 0 0 0 0 0 57 0
0 0 62 0 25 96 85 0 0 36 80 0 0 0 0 46 38 0 0 0 0 0 0 0 0 68 0 0 48 0 24 0 0 0 20 0 0 5 0 0 0 0 0 0 0 0 0 0 95 10 92 0 0 0 0 0 0 0 0 0 0 0 0 0 0 0 0 0 13 0 30 0 92 0 0 0 44 0 0 0 56 0 0 4 0 0 28 0 45 0 7 13 0 1 83 0 0 0 0 0
0 20 0 0 78 0 0 0 0 0 45 0 0 86 0 0 83 0 0 0 0 0 0 0 0 17 0 0 0 0 0 0 0 0 0 63 0 0 0 0 0 0 12 0 44 0 0 0 0 0 0 0 57 47 0 0 0 0 0 5 0 0 53 45 18 0 0 0 0 0 0 0 0 94 0 0 0 0 0 98 0 0 89 0 98 79 0 9 95 0 0 51 72 46 71 0 0 85 0 66
0 0 87 56 0 0 0 44 0 69 0 0 0 62 0 8 47 0 0 0 39 0 0 9 0 0 28 0 0 0 0 72 0 0 0 0 0 44 62 0 0 0 31 0 0 0 0 57 0 0 6 0 0 31 0 0 0 0 0 0 93 0 0 0 36 0 0 0 0 0 0 0 0 52 0 0 63 0 0 0 55 0 0 0 27 71 0 0 63 0 0 77 33 0 0 75 0 95 0 0
0 64 0 49 0 0 0 98 72 0 0 61 0 17 0 0 0 0 11 0 7 0 46 0 0 0 50 0 0 0 0 0 0 0 0 0 0 0 0 0 0 27 11 0 0 0 59 0 0 44 0 89 0 82 0 65 0 0 0 53 0 0 42 0 0 22 0 0 0 0 0 0 0 0 0 4 68 87 0 100 0 0 0 0 74 0 0 0 0 32 50 0 58 0 0 90 0 0 0 0
0 0 0 0 30 0 0 0 0 0 0 0 0 0 0 0 24 0 100 0 32 0 0 0 4 66 0 0 0 0 10 0 0 0 0 18 55 0 0 82 54 0 29 6 0 0 0 0 0 92 0 53 0 0 0 0 0 0 4 31 0 16 0 29 0 14 0 0 81 0 0 0 0 62 0 0 0 0 0 0 0 0 0 0 0 0 68 42 73 0 33 0 0 0 0 0 0 64 0 0
0 58 0 53 0 0 0 0 0 89 0 0 0 50 0 0 0 0 0 90 18 0 0 0 0 43 0 0 0 0 0 0 0 0 43 0 0 0 0 0 0 0 15 28 96 54 0 0 0 0 0 0 0 24 0 0 2 0 19 0 0 28 0 17 0 0 0 0 0 0 0 0 0 5 0 0 0 0 0 0 0 86 0 20 11 71 0 26 0 0 0 27 0 0 23 8 40 16 0 0
0 64 0 0 0 68 33 0 0 0 0 0 0 0 0 0 0 0 0 45 0 0 0 0 67 0 0 0 0 0 82 0 0 67 0 0 0 0 0 0 0 0 0 0 0 39 5 0 0 0 0 0 0 0 0 0 0 15 0 0 0 0 0 37 0 12 0 0 0 0 0 0 48 0 0 80 82 0 0 0 0 0 0 0 56 62 0 0 0 0 0 0 0 0 0 32 33 35 99 0
0 45 0 0 0 0 7 0 0 74 0 0 0 100 74 10 0 0 0 0 0 0 0 0 0 0 0 0 0 0 0 29 19 0 0 0 0 44 58 0 28 0 81 0 0 2 0 0 0 0 0 19 3 0 0 10 0 0 0 91 0 23 0 0 0 77 0 0 0 93 63 0 0 0 0 0 0 0 0 0 0 0 0 0 0 0 0 0 0 0 0 0 0 0 0 30 0 0 0 0
28 0 0 0 0 20 95 0 0 0 0 91 85 0 0 0 14 27 0 0 40 0 0 0 0 0 54 0 0 0 0 0 76 0 0 49 0 0 84 0 0 0 0 58 0 0 0 0 0 0 0 0 0 0 0 0 0 0 0 0 0 0 0 0 0 0 0 91 12 0 0 0 0 0 99 0 0 55 0 0 0 0 41 0 0 0 0 0 0 0 0 0 11 0 0 0 0 0 0 0
0 25 0 0 0 0 0 0 0 0 0 31 8 0 0 0 0 0 0 0 2 0 61 0 0 0 65 0 0 0 8 0 0 0 0 0 0 39 0 0 0 0 0 0 0 0 0 75 0 0 0 0 0 0 0 0 0 0 0 0 0 0 39 0 43 0 92 0 0 0 43 24 0 0 95 0 0 0 0 48 38 0 0 0 0 0 0 0 44 0 0 0 0 0 0 36 0 0 0 0
70 0 0 0 80 0 0 0 59 0 0 0 9 0 0 43 0 0 0 0 0 0 0 0 0 0 0 58 1 0 31 29 65 0 60 87 0 0 52 0 0 0 0 0 0 0 0 0 0 8 0 0 95 0 0 0 0 0 0 0 0 0 48 0 0 0 0 0 0 0 0 0 0 0 0 0 0 0 0 0 0 83 0 0 78 0 88 0 0 0 0 63 0 0 0 0 98 0 10 0
0 0 56 0 0 0 0 0 24 0 0 0 0 62 0 0 88 0 1 0 0 0 0 22 0 0 0 0 0 0 0 0 0 0 0 54 0 0 0 0 0 0 89 0 0 0 0 48 0 0 25 0 0 86 0 0 4 0 57 25 0 0 0 56 0 0 23 0 0 0 0 0 91 0 0 0 24 83 0 0 0 0 0 16 0 0 0 0 3 0 0 73 0 0 46 0 0 0 0 0
0 0 0 65 62 0 0 95 0 59 19 0 35 0 17 0 0 0 0 0 0 6 0 0 41 63 34 0 8 98 86 0 0 0 0 0 0 32 0 78 0 39 0 12 0 0 0 0 0 0 0 0 0 0 66 46 0 0 0 0 47 0 0 96 98 0 0 0 0 0 46 0 0 11 0 0 0 0 0 60 0 75 0 64 0 0 0 0 0 0 0 0 0 0 85 33 0 77 0 0
0 0 0 0 91 0 0 0 86 0 0 35 0 0 0 32 0 0 0 0 0 0 0 0 28 0 0 0 0 0 0 0 0 0 6 0 0 0 0 0 0 0 24 0 0 100 0 0 7 57 0 0 0 0 96 29 0 0 95 0 0 0 18 0 0 0 0 17 0 0 0 96 0 0 0 0 0 0 7 0 78 0 0 0 0 0 0 0 0 0 0 0 0 0 0 0 0 0 0 0
0 23 0 0 76 0 0 0 0 0 95 0 0 0 0 0 0 24 0 0 0 94 0 0 0 96 0 0 0 46 0 41 0 0 0 0 71 0 0 0 0 96 0 77 0 0 0 0 0 0 0 95 0 0 63 0 0 0 0 0 0 0 7 0 0 0 0 0 0 0 0 0 0 0 0 53 0 0 0 60 0 26 0 0 56 0 5 0 84 0 2 0 19 0 0 0 0 28 16 0
40 63 12 30 83 0 0 0 0 8 11 0 0 0 0 11 30 0 0 0 0 0 0 0 0 0 0 0 0 0 0 0 34 0 39 0 47 0 0 0 0 0 0 0 91 0 44 0 0 0 94 0 0 0 0 0 0 85 0 0 0 76 0 0 0 0 0 0 0 0 0 89 0 0 0 7 0 0 0 0 0 0 0 39 0 0 0 0 0 0 0 0 0 0 29 78 0 0 0 75
83 19 0 0 0 0 0 83 0 0 0 4 50 0 0 0 0 0 99 0 0 0 0 41 1 0 0 0 82 0 0 61 0 0 0 13 0 0 0 0 92 58 0 31 0 0 0 98 0 0 0 0 0 0 0 0 0 0 0 0 0 0 92 0 0 0 0 0 0 0 0 0 1 0 0 0 40 0 49 82 0 0 46 0 0 0 11 97 0 0 0 0 6 0 0 47 0 0 0 0
0 0 0 0 0 0 0 0 0 0 0 43 0 0 0 0 0 45 0 70 89 55 0 0 64 51 73 56 0 0 33 0 0 0 0 30 46 66 0 0 0 75 0 0 0 0 0 0 0 0 0 25 0 0 0 0 0 1 0 0 0 0 93 0 0 0 0 0 0 2 0 0 0 0 0 0 0 3 8 63 0 16 0 0 0 17 0 0 0 69 0 0 0 0 0 0 0 0 0 0
0 0 0 0 0 15 7 0 0 5 0 0 0 53 0 0 60 15 0 0 0 0 77 0 0 0 0 0 0 2 0 0 0 94 0 0 44 0 0 0 0 1 0 0 0 0 35 0 46 0 0 0 0 0 0 0 0 0 0 0 0 0 0 68 2 0 0 59 0 24 3 0 51 0 0 0 0 0 0 0 0 0 0 0 0 0 0 0 0 0 0 65 0 0 0 0 64 0 0 0
23 0 0 0 0 0 13 0 0 0 0 0 0 0 0 0 0 49 18 31 0 19 0 0 0 0 0 0 59 0 21 21 0 0 0 0 0 0 0 0 0 0 0 0 0 0 14 0 55 0 0 0 0 0 0 0 0 0 0 54 0 0 0 0 0 0 19 0 0 0 38 0 0 0 95 0 53 3 0 0 83 0 0 0 0 0 0 0 61 65 0 0 21 0 0 0 0 0 0 0
0 76 0 0 0 0 0 0 0 0 0 0 0 0 0 70 0 0 0 21 6 0 75 0 0 0 31 0 0 0 0 0 0 35 75 0 0 0 0 0 0 0 22 0 0 0 0 0 0 0 0 28 59 0 0 0 48 87 0 0 79 0 0 0 0 0 0 52 16 37 68 0 27 0 0 0 69 0 0 0 0 92 15 0 0 77 67 0 0 0 0 0 0 0 0 0 50 0 0 0
23 0 0 0 0 0 0 0 0 0 0 0 0 0 0 0 0 0 0 0 0 31 0 0 0 0 0 0 0 0 0 46 0 0 0 0 0 0 0 77 0 0 0 0 0 90 36 0 0 0 38 32 0 0 0 0 0 0 18 0 0 0 0 100 0 64 0 0 0 87 59 0 0 0 0 0 54 0 0 0 0 0 31 0 24 0 0 0 0 0 84 65 0 0 0 0 0 90 20 0
0 0 86 17 0 91 0 0 31 0 0 0 0 0 71 86 0 92 0 0 51 35 35 0 70 0 0 55 0 0 0 0 0 0 0 0 96 0 59 68 0 0 59 0 0 0 0 0 0 0 0 0 0 27 0 0 0 0 0 0 0 8 48 0 21 0 0 86 0 0 0 0 0 0 0 31 75 0 0 0 0 0 0 51 0 0 0 0 0 0 0 0 0 0 0 0 0 0 0 0
0 0 22 0 97 60 0 0 4 0 0 64 0 0 0 0 0 52 0 0 0 0 0 0 0 0 52 0 0 42 0 0 23 0 0 0 95 0 0 0 0 0 17 0 1 0 0 0 0 0 0 0 0 54 0 0 0 0 0 0 0 65 95 0 0 0 0 0 0 0 0 31 0 0 0 0 0 26 0 0 0 0 0 0 0 0 0 0 0 0 0 0 0 0 0 84 0 0 0 0
0 0 0 0 0 0 25 0 0 50 0 0 67 0 0 0 0 0 0 54 0 0 0 0 100 52 0 50 79 76 0 0 0 30 0 0 0 0 0 0 0 0 0 58 0 0 0 72 0 0 14 0 36 0 1 0 0 0 0 83 0 0 0 0 0 0 0 0 0 0 0 1 0 0 26 0 0 0 0 75 0 0 0 0 0 0 0 0 0 83 0 59 0 0 0 0 0 0 0 0
0 0 0 52 0 0 0 83 5 0 0 0 0 0 0 0 0 0 0 52 33 87 0 0 0 0 26 41 0 41 0 12 0 0 8 82 0 0 0 0 0 0 0 69 0 0 0 0 0 32 0 41 68 0 88 0 0 0 41 0 0 0 0 0 0 0 0 75 85 0 0 0 0 0 0 0 0 0 0 0 0 0 27 0 6 0 0 0 0 0 42 0 14 0 29 0 0 0 0 0
16 0 0 0 0 0 12 0 0 0 0 59 0 0 49 0 36 0 0 0 0 27 0 0 0 0 0 0 0 0 0 74 0 0 0 0 41 0 0 0 0 96 0 0 0 0 8 0 0 0 0 0 0 0 70 96 0 0 0 0 70 0 80 56 61 0 0 0 0 0 0 0 0 39 65 25 0 0 0 96 51 17 0 0 0 42 0 1 0 0 0 0 0 0 0 0 0 0 0 0
0 0 0 0 0 0 0 0 87 0 82 0 75 0 9 19 98 68 0 0 20 0 0 0 0 25 0 0 0 0 0 0 0 0 0 0 25 0 97 0 0 0 0 0 35 78 0 0 0 0 88 0 84 0 0 0 0 0 0 79 44 0 0 0 93 0 0 0 0 0 0 22 99 0 69 0 0 0 0 0 0 0 0 0 94 0 0 0 0 65 35 54 0 0 2 0 0 0 0 0
52 43 0 0 0 34 10 0 0 17 0 0 95 0 0 0 0 0 0 0 95 0 0 11 0 0 0 0 0 75 93 0 0 0 0 62 0 0 0 37 0 0 0 0 0 30 0 22 76 0 0 0 0 0 0 0 0 0 0 45 87 0 0 0 0 0 0 0 4 76 0 0 79 0 16 94 22 0 0 0 0 64 0 0 82 0 31 0 0 0 77 0 0 100 0 0 15 0 9 3
0 27 0 0 0 0 38 0 70 0 74 50 0 0 0 0 0 0 0 0 0 0 0 0 0 0 33 0 41 0 0 0 0 44 0 15 0 69 95 30 98 0 58 60 46 42 0 0 0 21 0 53 0 0 0 0 0 0 91 0 0 0 0 0 0 0 0 0 0 0 28 80 0 0 0 0 46 0 0 0 60 0 0 68 0 0 0 0 0 13 0 0 0 0 0 64 0 51 90 0
4 11 0 0 0 0 0 0 0 0 0 0 6 0 0 0 23 0 61 0 0 0 0 87 0 0 0 30 0 77 37 0 2 0 37 98 0 0 0 0 0 0 0 3 0 36 0 0 99 19 0 51 53 18 82 0 0 98 98 0 0 11 0 30 66 0 72 30 0 0 48 0 14 27 93 0 84 0 0 0 0 0 32 0 0 0 0 49 0 0 0 97 0 15 0 0 50 0 0 0
0 0 0 0 0 0 0 32 84 0 0 21 0 37 0 0 0 12 0 29 86 0 0 84 0 87 0 0 0 0 0 0 0 60 0 0 0 0 0 0 0 93 0 0 25 0 0 0 0 0 0 0 0 0 0 0 0 25 0 0 0 0 47 62 0 13 0 0 0 93 0 0 66 0 0 0 0 0 0 53 0 0 75 29 96 0 0 0 77 0 0 0 0 0 45 0 20 0 0 0
0 91 0 4 0 0 50 0 0 97 0 0 0 0 71 0 0 0 0 0 0 0 0 0 0 0 0 0 0 0 0 0 0 0 0 0 93 0 13 0 49 0 0 0 0 64 0 0 10 0 0 4 0 0 93 71 0 0 0 0 0 0 0 0 0 0 0 0 0 93 0 42 17 0 0 0 0 0 77 52 89 0 0 0 67 0 0 0 28 0 17 0 0 0 0 0 0 0 0 0
0 0 19 0 0 0 0 0 0 0 23 0 24 0 0 0 0 0 10 0 0 44 43 0 0 0 0 48 0 0 83 0 0 12 0 0 0 0 0 0 0 0 0 0 0 0 79 0 0 0 0 87 39 0 48 0 0 0 0 28 0 0 0 0 0 57 0 0 0 0 0 0 0 0 0 0 99 16 92 0 0 0 0 0 0 0 85 29 0 0 0 0 86 0 26 0 0 12 0 55
0 0 0 0 0 76 0 0 0 0 0 75 0 39 91 0 0 0 0 0 53 0 0 0 0 0 0 36 0 0 0 0 0 0 0 0 0 45 9 15 0 0 0 0 0 0 0 29 0 0 0 0 0 0 0 0 0 65 70 71 0 0 7 87 0 0 0 58 0 0 0 46 0 0 0 0 0 0 0 56 0 0 0 0 0 0 0 0 0 0 0 0 0 0 0 14 47 0 25 0
0 7 0 14 0 0 0 33 0 5 0 94 0 96 0 0 0 0 0 0 0 93 0 0 0 0 0 0 0 64 0 0 56 0 30 65 0 36 0 0 0 0 0 0 0 0 0 92 36 0 0 4 0 0 0 0 74 0 0 5 96 0 0 0 0 69 0 0 22 0 0 0 0 0 0 0 0 0 0 0 29 0 0 0 0 0 55 0 0 0 0 0 0 0 74 82 48 0 73 0
0 0 0 0 0 0 0 0 0 0 72 0 0 0 69 0 0 37 0 0 0 0 0 0 10 0 0 0 20 0 0 0 0 62 0 0 54 49 51 0 0 0 0 0 0 0 32 0 0 0 0 0 0 0 0 0 0 0 0 20 0 0 0 0 0 0 72 0 61 0 0 0 0 0 0 0 0 0 0 0 0 0 0 0 22 0 6 0 17 0 0 63 0 0 0 0 5 45 76 0
54 0 0 0 0 0 45 25 49 0 0 50 0 0 85 55 0 0 0 97 0 0 0 0 100 0 0 0 29 26 43 0 9 56 95 0 0 0 0 55 0 0 0 0 44 26 0 0 0 0 0 0 90 0 0 0 0 0 30 0 25 0 0 0 0 2 0 0 0 0 0 33 0 0 33 83 11 0 32 0 0 0 93 0 0 28 11 0 0 0 0 0 0 0 0 0 81 4 0 87
41 0 0 64 48 0 0 0 70 0 0 90 58 0 0 0 0 0 0 95 0 0 0 0 8 0 0 0 40 0 8 0 16 0 0 0 8 34 0 0 0 0 0 0 0 0 0 0 0 8 0 59 83 33 61 0 89 0 93 0 0 29 0 0 0 0 0 0 0 0 69 0 26 0 80 0 0 99 0 77 0 0 0 0 0 0 15 0 0 0 0 0 0 82 0 49 0 0 0 0
0 67 0 0 0 0 0 0 0 0 0 0 0 0 0 0 54 0 0 0 0 0 0 83 0 0 22 0 0 0 0 45 0 49 0 82 38 0 0 45 92 9 0 0 0 0 44 20 0 0 51 0 52 0 0 0 0 0 0 85 0 0 94 63 0 0 0 0 0 0 0 0 0 0 0 0 0 44 0 0 0 7 0 69 0 0 0 11 0 0 0 0 88 0 0 0 0 0 0 0
0 0 0 0 0 92 0 0 0 0 0 0 0 0 0 0 0 94 0 43 0 0 56 0 36 79 64 0 7 0 0 0 0 0 0 95 0 0 0 0 0 0 0 28 0 7 10 8 0 0 0 0 40 0 0 0 0 0 86 0 0 0 99 93 0 0 83 84 0 87 0 0 0 0 0 84 0 0 0 0 0 0 0 0 0 0 0 0 0 0 50 0 0 0 0 0 0 70 25 0
0 0 0 0 0 61 0 0 0 0 0 0 48 0 0 0 0 0 0 0 35 0 32 0 0 0 0 69 0 0 0 56 0 68 0 0 10 0 98 0 12 0 0 0 0 0 0 0 0 0 0 1 0 60 0 0 0 0 0 0 0 0 0 0 0 0 16 0 0 0 0 0 0 90 0 0 0 0 96 37 0 14 0 0 0 0 0 0 0 0 67 0 0 51 58 0 0 0 77 0
4 84 0 0 1 0 0 0 0 88 0 0 0 0 34 0 48 0 0 0 0 0 0 0 0 0 0 0 0 59 0 0 0 2 0 0 0 20 0 0 65 0 0 0 20 19 0 0 66 0 73 0 0 0 89 9 0 0 0 0 0 0 0 0 0 23 0 0 82 0 62 0 0 0 74 0 0 43 0 0 0 0 0 0 0 0 0 0 72 0 0 54 81 25 71 0 0 0 0 0
83 0 0 0 84 63 99 0 0 0 0 0 0 0 0 0 0 0 0 0 0 31 0 33 0 0 14 0 0 0 0 0 0 0 0 0 0 0 0 0 0 0 0 59 0 72 0 0 0 0 0 0 88 22 91 0 0 0 32 25 0 0 0 0 70 0 0 0 0 0 69 85 0 0 41 0 0 0 80 0 0 0 0 78 0 0 50 0 0 0 0 0 44 0 0 0 0 0 0 0
68 15 0 0 23 0 0 0 0 53 0 23 0 0 0 0 0 0 0 0 3 0 24 41 0 77 0 0 0 0 17 0 40 0 0 0 0 0 0 74 40 0 0 31 0 12 0 0 0 0 0 0 0 0 0 0 0 0 0 0 0 0 0 0 0 0 0 0 7 0 0 13 0 0 0 0 0 0 58 0 0 0 0 0 0 0 65 70 20 6 58 0 0 0 44 0 0 0 8 0
27 0 0 0 0 0 0 65 0 0 0 0 0 0 0 0 0 0 13 0 0 14 0 0 0 65 0 0 0 45 0 78 0 0 0 93 0 0 0 0 36 0 0 0 36 0 0 0 0 0 24 0 0 76 0 0 0 56 0 0 0 0 0 0 0 0 0 44 0 73 0 0 0 0 31 87 0 0 0 69 12 47 0 0 0 0 19 0 29 0 8 97 0 0 29 19 0 0 0 0
0 0 0 0 100 0 0 0 0 0 0 47 0 0 0 0 0 0 0 41 0 0 0 66 0 0 0 0 0 0 0 2 0 4 0 24 0 28 0 0 0 78 49 0 0 0 97 0 0 0 70 0 76 0 0 23 0 0 6 0 0 0 0 0 28 22 0 0 45 0 0 0 0 0 0 55 0 0 0 0 0 0 13 0 84 30 0 0 22 28 0 86 0 86 0 89 0 0 70 25
90 80 0 0 0 0 0 0 0 0 0 0 0 0 77 10 0 0 0 0 9 0 0 0 0 0 0 0 0 0 0 0 78 11 0 99 27 0 31 0 0 0 0 0 15 0 0 0 0 0 59 75 0 0 0 29 0 0 88 0 0 0 0 45 0 0 0 71 68 6 0 57 0 0 0 0 90 0 61 0 0 42 0 0 0 0 22 37 0 0 0 0 0 0 0 0 0 0 0 0
0 0 0 0 0 0 0 0 0 81 0 0 83 27 0 8 82 19 0 0 0 0 0 0 0 0 0 0 0 0 58 0 0 74 0 8 0 0 0 0 0 0 3 61 0 0 0 0 0 32 85 63 0 0 0 0 0 0 100 0 0 0 0 0 0 85 0 0 0 0 0 0 40 0 0 0 4 62 0 0 0 0 0 0 0 0 68 0 11 19 0 73 0 0 0 0 0 39 63 0
87 0 0 0 0 0 0 0 0 67 0 9 2 0 82 0 0 13 53 57 0 0 0 0 0 0 0 0 0 0 0 56 0 89 0 0 0 0 19 0 0 0 0 0 0 82 0 0 48 0 67 0 0 95 0 0 0 0 0 6 53 0 0 0 0 53 35 0 0 0 0 46 0 0 64 0 0 0 0 89 0 92 0 0 0 0 0 0 99 0 12 53 0 0 0 0 0 33 0 0
96 0 0 0 0 6 99 0 0 0 0 76 0 0 13 2 0 0 0 0 0 0 11 0 0 0 0 0 0 0 0 0 0 0 0 0 22 0 0 76 0 18 0 0 0 0 13 17 0 16 0 0 49 0 0 46 0 0 0 0 100 0 0 0 0 95 0 0 0 0 0 0 0 83 0 0 0 0 0 58 0 0 81 0 0 0 0 81 35 0 0 0 0 12 0 21 0 96 0 0
0 0 0 0 0 0 0 0 28 0 0 25 0 31 65 0 0 0 46 15 0 0 0 0 15 0 0 0 99 0 0 0 0 0 0 0 0 0 0 0 39 0 0 0 0 0 0 0 0 0 0 0 0 0 67 0 0 0 0 0 0 0 0 0 0 0 0 0 31 97 0 0 0 0 0 0 0 0 0 0 0 0 0 30 0 1 0 0 67 19 0 0 0 0 0 0 0 70 0 0
0 0 0 0 0 90 0 0 0 0 85 8 0 0 0 0 90 40 0 0 33 0 0 0 98 0 0 0 0 0 89 42 0 38 0 0 52 0 48 0 0 0 0 0 0 0 0 7 61 0 0 0 0 0 21 18 83 0 0 0 0 89 0 0 0 0 57 0 0 57 18 0 0 0 37 0 0 0 0 0 0 0 0 0 0 0 0 0 0 41 0 25 0 48 0 0 0 0 0 0
21 0 32 80 0 0 0 0 0 5 0 0 0 0 0 0 0 0 0 0 0 0 0 0 0 0 94 0 0 0 6 97 0 0 0 0 0 97 0 0 0 0 0 0 70 0 55 0 0 0 74 0 20 68 49 0 41 0 0 0 0 0 0 0 13 87 0 0 0 16 0 46 1 0 0 0 44 51 77 0 0 0 73 0 49 58 0 0 0 0 0 0 1 0 0 12 64 0 57 0
19 0 10 0 0 7 0 49 47 0 0 0 92 0 58 45 55 0 0 0 0 9 0 0 0 0 0 0 0 0 43 0 53 0 75 0 66 76 0 27 0 0 0 0 0 0 0 0 0 18 0 0 0 50 0 0 41 23 0 0 0 0 0 79 0 0 0 0 52 0 0 0 0 0 34 0 0 21 63 0 0 85 0 0 0 4 0 0 0 2 0 0 0 71 51 0 0 0 0 4
0 0 0 0 51 0 0 57 65 0 0 0 27 0 0 0 0 0 0 0 0 0 0 0 0 0 77 0 0 86 0 0 0 0 0 0 0 0 30 0 0 0 62 20 0 0 0 0 0 0 0 0 0 0 0 0 0 0 0 0 0 0 0 74 0 0 61 75 74 0 0 0 45 0 0 0 0 0 38 63 12 56 26 0 47 0 0 0 0 0 0 0 0 0 93 0 0 0 0 0
27 0 0 0 62 0 68 70 0 0 36 0 62 96 0 0 11 0 0 0 40 0 0 0 21 0 0 0 0 0 35 0 0 40 0 61 0 0 74 0 0 0 0 0 0 0 0 0 0 0 0 0 67 0 98 0 0 0 0 0 81 0 63 0 0 0 78 20 0 97 80 0 22 1 0 0 0 49 0 0 0 0 0 0 0 0 80 0 0 0 0 0 0 0 0 0 0 0 0 0
0 0 0 0 85 57 96 0 0 0 0 41 0 0 31 0 0 0 0 0 29 0 0 0 0 0 0 0 0 7 0 0 0 98 0 0 0 0 0 68 34 37 0 0 0 90 0 0 50 0 0 0 0 0 0 0 0 0 0 91 0 0 0 0 50 0 0 0 0 0 0 0 0 61 34 0 0 0 0 0 0 0 18 5 0 0 0 0 0 0 0 0 0 0 0 0 0 0 0 0
0 0 0 0 0 0 8 0 84 0 0 0 0 0 45 0 0 0 0 0 44 0 0 0 0 0 0 0 66 58 0 0 0 0 0 0 86 0 0 0 0 22 0 27 86 0 54 0 15 0 0 0 74 0 11 0 7 0 0 0 0 0 0 0 0 0 0 0 0 0 13 0 0 0 0 73 0 0 0 0 0 0 0 0 0 0 1 0 0 0 44 0 0 0 0 0 0 46 0 0
0 27 0 0 8 0 19 0 0 0 0 0 0 0 0 71 0 0 62 50 25 0 0 0 0 0 0 0 0 0 0 0 22 0 0 0 0 0 0 0 50 0 12 25 0 55 0 0 0 36 0 4 0 0 0 0 0 0 0 0 26 15 0 0 77 0 51 0 27 0 0 36 0 0 0 0 0 0 77 55 0 0 0 90 0 0 0 0 94 0 0 0 0 77 23 0 0 0 0 8
0 0 0 0 0 42 0 0 65 0 0 0 0 0 0 0 0 0 0 0 44 0 0 0 79 0 76 56 0 36 0 0 0 0 0 0 0 0 0 0 87 0 0 0 0 0 0 0 5 0 34 0 0 0 0 0 0 0 0 0 0 96 0 0 0 0 0 39 0 0 0 0 0 0 0 58 0 0 0 0 0 28 0 0 0 0 75 0 0 0 0 82 59 0 0 0 31 78 0 30
92 0 0 0 63 52 40 91 38 0 0 0 0 0 0 80 0 0 41 0 0 0 0 0 22 0 95 12 0 6 0 52 0 85 51 0 0 24 0 0 0 21 0 0 5 0 0 0 36 0 90 46 0 2 93 0 0 3 0 0 0 0 45 0 0 80 0 49 0 0 0 0 0 0 0 0 66 8 98 0 0 98 0 0 14 0 82 0 0 98 36 0 0 0 0 0 0 0 41 0
0 12 0 57 0 24 41 0 0 0 0 0 0 0 0 90 0 61 37 76 0 0 0 0 0 72 0 0 0 96 40 8 0 32 0 0 32 0 0 0 53 0 0 0 0 0 0 0 0 0 0 0 0 0 0 46 0 0 24 0 76 0 71 21 0 78 0 64 0 0 0 7 0 0 0 0 0 0 0 97 63 0 78 0 51 0 0 20 86 0 0 0 0 0 0 0 0 0 0 0
61 0 0 0 0 0 0 0 0 0 0 0 0 77 60 63 0 0 0 96 59 0 0 0 0 0 0 0 51 90 0 0 0 0 0 40 0 0 0 52 0 0 0 62 0 0 0 65 0 0 0 0 0 0 0 0 0 0 31 0 58 8 0 55 77 0 0 0 0 0 0 0 38 0 0 0 0 15 0 13 0 0 0 0 37 0 0 10 70 78 0 64 0 0 0 0 81 0 0 0
0 0 0 40 0 0 0 0 0 0 0 0 0 56 0 5 99 24 0 39 0 73 0 0 44 0 0 33 0 23 24 36 0 0 0 0 0 88 84 0 0 5 0 0 78 0 0 0 0 75 0 0 0 0 0 0 0 0 0 0 0 0 0 21 96 0 0 0 0 0 0 47 0 90 0 0 0 0 77 0 0 0 0 42 17 0 0 0 0 0 0 0 0 19 0 0 84 29 42 0
53 0 0 0 0 0 0 0 79 0 0 95 0 0 0 0 0 0 0 0 65 0 32 0 24 0 81 0 0 0 0 0 0 0 0 65 0 0 0 0 0 21 0 0 32 0 28 0 0 0 0 0 0 0 0 0 0 0 0 16 1 24 46 0 0 0 96 8 4 0 0 0 0 0 0 0 80 0 82 0 93 37 0 0 0 0 0 0 0 97 0 55 0 2 0 0 59 0 0 0
0 0 0 25 43 44 0 0 0 0 0 0 0 92 0 66 0 0 29 0 0 55 0 0 0 0 8 0 0 0 0 52 0 0 89 6 0 0 0 0 55 0 0 97 0 0 0 0 0 58 0 0 0 0 0 0 0 0 0 0 56 0 0 0 0 0 0 0 0 0 0 37 0 0 0 0 0 9 0 55 0 0 0 43 0 0 0 0 0 0 0 87 0 41 0 0 0 29 0 99
0 0 0 0 0 80 0 0 6 17 0 0 0 0 0 26 0 0 0 0 0 0 0 0 40 0 0 0 0 0 0 0 0 42 0 0 0 7 0 50 89 0 0 25 0 11 0 0 0 80 0 0 0 0 0 0 0 0 0 1 0 0 0 0 0 8 0 50 0 0 0 91 0 0 0 0 0 0 0 0 0 4 0 0 0 0 23 0 75 0 0 71 0 0 0 85 80 0 10 0
0 53 35 0 0 0 58 0 86 0 34 0 0 0 0 0 0 0 67 0 0 0 1 0 0 0 51 74 0 0 0 0 0 0 0 26 0 0 0 51 29 0 0 0 0 47 20 0 77 0 0 0 56 15 0 0 28 0 0 0 0 0 0 35 0 0 0 91 0 0 0 0 15 0 0 0 0 70 78 0 0 0 6 0 0 0 0 0 0 0 0 0 78 0 39 36 40 45 0 71
0 14 0 0 0 0 40 85 0 0 0 83 27 77 0 0 0 0 0 0 0 0 35 0 0 53 0 39 0 0 0 0 0 0 0 43 0 82 0 0 90 0 0 0 0 0 0 0 0 0 0 0 0 28 0 0 0 4 0 0 0 0 0 0 31 35 8 95 0 0 0 12 0 0 0 85 90 0 0 0 0 0 0 46 0 0 0 69 0 47 50 0 0 0 0 0 50 81 0 0
0 59 48 0 0 0 0 0 0 0 0 0 0 0 0 71 0 0 0 0 0 0 0 10 0 0 0 0 0 0 84 0 0 0 78 0 0 25 0 88 0 0 61 75 0 0 0 0 0 24 0 13 0 0 0 0 0 89 0 0 0 0 0 0 0 0 0 0 5 0 0 0 0 11 76 0 35 0 0 66 0 0 0 0 0 0 0 0 0 0 0 0 0 0 0 0 52 0 0 0
0 28 0 69 0 71 19 0 12 0 0 0 55 0 0 16 41 0 0 0 0 58 0 0 0 0 10 0 0 0 0 58 0 0 0 43 0 0 0 56 0 17 0 0 0 0 0 35 0 0 0 0 3 0 46 0 0 0 96 0 0 0 57 0 14 0 0 0 0 0 71 0 0 0 8 41 0 0 0 0 98 0 0 26 0 0 0 23 0 93 52 0 0 0 0 57 0 24 0 4
88 0 70 0 33 0 79 28 15 0 92 0 70 0 0 33 0 0 0 85 0 0 77 0 0 24 0 0 0 0 14 0 0 0 0 0 0 0 81 0 0 70 0 0 0 0 48 0 0 0 0 0 0 0 0 0 23 0 0 0 54 0 0 16 2 82 53 29 0 0 0 0 0 0 0 0 0 0 0 0 0 0 0 0 87 0 0 0 0 0 0 0 87 0 97 0 0 0 52 80
0 0 0 57 0 0 0 32 0 0 0 0 0 0 0 0 0 98 74 0 0 61 0 0 17 0 36 0 67 0 34 0 0 97 0 15 0 0 0 0 0 0 0 61 0 86 22 96 0 0 11 30 0 0 0 0 35 0 0 0 64 0 0 0 0 0 64 0 0 0 0 0 0 61 0 0 0 0 23 0 0 0 0 66 0 0 0 69 0 0 0 0 0 71 31 0 0 0 13 0
0 6 0 0 0 1 0 0 0 0 0 0 0 0 0 5 0 96 0 0 0 0 0 0 0 0 0 0 0 0 0 61 0 25 0 0 13 0 0 61 8 0 0 0 0 0 0 0 0 0 0 3 35 0 0 0 0 0 0 0 0 0 0 0 0 0 0 9 0 0 0 0 0 0 45 0 81 0 11 0 18 0 0 0 0 20 0 84 0 0 0 0 0 0 0 0 0 0 0 0
0 0 0 0 0 0 0 66 32 41 32 0 0 0 0 0 60 0 66 0 0 0 0 0 0 0 0 0 59 0 0 0 0 0 0 0 0 0 19 57 64 87 0 43 48 0 0 0 0 0 0 0 5 75 82 98 0 0 0 0 0 0 0 0 0 0 0 0 75 68 0 89 19 0 0 0 0 42 49 0 0 12 0 0 41 84 0 0 0 0 85 0 0 71 0 0 0 0 0 0
0 0 72 24 0 0 0 0 0 0 0 0 0 0 27 0 0 0 8 0 0 74 0 0 0 24 0 0 0 0 0 0 0 0 0 66 0 0 0 38 0 0 0 23 0 0 0 0 0 0 0 0 0 0 63 0 0 0 44 0 89 0 51 0 0 0 85 0 56 33 0 0 0 0 0 31 0 0 0 0 89 84 0 0 0 3 55 0 90 0 0 0 86 36 0 0 66 0 0 0
0 22 0 15 0 0 14 0 0 0 0 0 10 0 0 0 0 0 0 0 0 0 0 9 63 0 0 75 79 70 0 0 0 0 0 1 0 77 71 0 0 0 69 0 0 0 0 0 0 0 29 0 0 63 74 0 0 72 0 0 0 0 50 0 0 0 0 0 0 13 0 0 0 0 0 0 0 0 0 0 0 50 0 0 0 48 0 0 0 0 0 9 17 0 0 0 0 0 60 79
0 0 49 0 0 26 0 0 51 53 58 0 0 0 0 73 0 0 0 0 0 0 0 0 0 0 0 45 0 48 0 76 0 0 0 0 0 0 0 0 0 69 0 86 0 0 0 0 0 0 0 0 0 0 55 0 0 0 0 0 0 0 0 0 0 66 7 0 0 21 0 0 0 0 0 0 77 54 0 0 62 0 82 0 0 0 0 73 49 16 0 0 0 99 0 0 0 48 0 0
78 0 0 69 28 0 66 13 7 0 49 0 0 13 0 0 52 0 0 0 0 0 0 0 0 0 61 0 0 0 0 0 0 0 22 0 0 10 0 0 0 3 0 0 65 0 0 16 0 26 0 0 0 0 0 92 0 0 33 0 15 0 0 25 1 73 0 0 0 0 0 0 0 5 0 0 0 0 0 0 0 0 0 13 64 0 0 0 0 0 0 0 38 80 0 0 63 0 0 0
61 0 0 25 91 0 0 0 0 54 0 49 0 0 0 9 47 0 29 0 0 70 0 0 0 0 0 0 0 0 0 84 59 1 0 0 0 47 0 45 0 0 0 0 0 0 0 0 0 0 0 0 0 0 67 0 0 0 0 0 0 0 0 0 28 0 84 0 23 0 0 0 0 0 0 0 13 0 83 0 0 97 64 52 0 0 0 0 0 0 64 0 0 0 0 0 0 0 16 0
0 0 0 0 46 0 0 14 11 32 0 0 0 0 88 37 0 0 0 60 0 11 0 0 0 0 88 28 0 0 48 0 0 0 0 0 0 68 46 0 0 0 0 0 0 0 19 52 0 0 0 0 57 0 0 33 0 0 0 0 45 0 0 0 0 0 0 0 47 100 0 26 0 5 0 0 0 0 51 69 0 0 0 0 98 39 0 0 25 0 99 0 71 0 0 0 0 0 0 84
0 81 0 0 0 0 0 0 0 97 0 0 0 27 0 60 0 0 0 0 0 0 0 60 0 32 0 0 0 0 0 0 0 69 0 33 54 0 0 98 0 0 0 0 0 0 0 0 0 0 0 0 0 0 0 0 0 0 0 0 0 0 0 0 0 0 0 17 0 0 0 0 0 0 0 0 0 0 0 69 0 19 0 1 0 0 0 0 0 0 0 0 3 0 0 0 0 10 0 0
0 0 0 0 0 35 0 23 49 0 0 0 29 0 39 0 0 54 57 0 0 0 55 0 0 0 0 0 0 27 0 0 0 48 11 0 0 0 0 0 69 0 0 34 0 0 0 11 0 0 100 0 0 0 0 0 0 0 0 0 38 100 0 0 96 74 0 0 0 0 29 0 0 0 0 93 0 0 0 0 52 0 0 0 0 0 0 68 5 0 0 0 0 61 0 0 0 0 0 0
0 42 0 0 0 38 0 0 0 0 0 4 0 0 0 0 21 0 85 3 55 0 0 0 0 0 0 0 53 0 0 0 0 23 56 0 0 0 0 0 0 15 0 0 0 0 0 0 0 0 54 85 98 0 62 0 40 0 0 0 94 0 0 0 0 81 0 56 0 0 0 0 0 100 0 0 0 0 0 0 0 0 0 0 0 0 0 0 0 0 0 23 0 0 0 0 0 15 20 0
0 0 38 52 0 99 2 0 0 0 0 0 23 0 0 0 0 0 0 0 0 0 0 0 37 0 14 0 0 0 72 0 0 67 0 0 0 0 57 0 0 21 0 0 0 0 0 0 0 0 45 0 0 0 0 85 0 0 0 0 0 0 0 0 0 0 0 0 0 0 0 0 84 0 0 0 0 0 0 0 0 0 35 0 0 0 0 0 0 0 0 0 0 0 0 0 0 0 0 0
41 0 0 76 0 0 70 54 6 0 0 0 0 0 46 46 52 40 0 0 0 35 0 0 57 0 0 0 0 69 0 45 0 0 0 19 0 27 0 0 0 0 0 0 0 46 0 0 0 0 0 0 0 100 33 0 0 66 0 0 40 0 0 0 0 0 0 0 0 0 0 0 0 0 0 0 60 0 0 0 0 0 0 0 0 90 0 0 0 0 76 34 0 0 0 1 0 0 0 0
0 60 0 0 84 0 0 0 0 76 0 0 0 0 0 0 0 27 0 0 0 0 0 42 1 34 0 0 19 0 0 0 86 0 0 0 0 0 0 0 0 0 3 0 94 84 0 0 0 0 0 0 55 91 80 0 68 81 0 0 44 0 0 0 0 0 0 0 0 0 38 74 0 0 0 61 0 0 0 0 0 0 0 0 0 0 0 0 0 0 41 54 0 0 65 0 0 0 96 0
0 0 0 0 0 0 89 0 0 0 0 0 24 0 49 78 0 0 0 0 50 0 0 91 21 0 0 0 0 80 0 81 0 45 0 51 0 0 0 0 0 13 0 86 0 0 0 0 61 0 0 75 0 98 0 0 84 0 26 0 0 0 72 0 86 0 44 95 0 78 0 0 0 0 0 57 0 0 0 0 53 0 0 0 0 0 47 71 100 0 0 0 0 0 0 0 0 0 0 0
0 0 0 15 0 2 0 0 0 0 0 0 48 0 0 0 0 0 0 0 0 23 0 0 15 4 15 0 0 0 0 0 11 0 73 0 0 0 0 0 0 0 0 0 0 0 0 0 63 0 0 17 0 0 0 0 0 0 0 0 16 0 0 0 0 0 0 0 25 0 0 0 0 0 0 0 90 0 0 5 0 0 43 0 0 0 21 0 0 0 0 0 18 0 0 0 0 0 0 0
0 0 0 0 58 77 0 0 0 0 0 0 0 96 33 0 63 0 0 0 41 0 0 0 29 0 0 56 20 0 0 69 0 0 0 57 57 0 0 0 0 0 0 37 0 29 0 0 0 37 91 21 72 0 0 0 59 64 94 0 0 0 95 35 0 0 48 0 0 0 0 49 64 24 0 0 0 0 82 0 0 0 0 0 0 28 8 0 0 0 0 0 0 0 0 0 0 0 76 0
0 0 70 0 66 10 0 0 0 0 0 0 0 43 0 0 0 0 0 0 0 0 0 99 0 69 0 0 0 20 0 0 0 0 0 0 0 0 34 0 0 0 0 0 0 69 31 55 0 0 17 83 0 0 0 0 0 0 0 0 0 0 0 0 36 11 0 51 0 0 0 0 0 0 0 81 16 0 0 31 0 0 0 0 91 0 0 0 35 0 30 34 0 55 0 0 0 60 0 0
0 0 9 97 0 0 0 0 0 0 0 0 0 0 80 0 0 0 0 0 0 26 0 0 0 0 64 0 0 0 50 71 0 0 0 0 0 56 0 0 36 0 0 0 32 0 0 0 0 22 0 0 0 96 51 0 50 0 0 0 0 0 0 0 0 0 0 0 25 0 58 0 0 0 29 0 94 47 0 0 0 0 0 0 0 0 0 0 0 0 20 63 55 0 71 100 0 0 0 0
0 59 0 0 96 0 0 0 0 0 0 0 0 0 0 0 0 24 0 0 0 0 0 0 0 0 0 0 30 32 68 0 0 12 72 0 0 22 26 0 0 45 0 0 53 4 0 0 4 0 0 0 0 0 0 0 0 89 0 0 100 0 0 0 0 0 57 7 0 0 88 72 0 0 0 0 91 0 0 0 0 0 0 40 49 0 0 0 0 0 0 0 0 0 0 0 0 0 0 38
0 0 0 25 0 0 0 64 0 0 0 70 0 0 0 0 0 0 0 0 8 4 0 0 0 0 0 0 89 0 0 0 0 11 0 0 0 0 88 0 0 0 1 0 0 80 51 0 0 25 0 0 0 34 0 0 94 0 0 0 0 36 0 0 0 0 0 0 0 0 18 51 34 80 0 77 98 0 0 0 0 7 95 34 0 0 0 0 96 0 0 0 0 0 0 0 0 34 0 0
0 0 0 0 0 0 0 0 0 0 0 0 0 94 43 0 0 0 0 0 0 82 0 0 0 28 0 0 0 0 14 0 24 0 0 0 51 0 0 0 0 38 0 91 0 0 0 0 0 0 35 50 41 90 0 65 0 100 0 49 0 0 0 87 0 7 0 0 0 0 0 0 0 0 0 0 0 0 0 51 93 0 0 0 0 0 0 0 0 6 0 0 82 0 0 0 0 17 0 0
0 0 0 27 0 0 0 0 0 88 0 0 0 0 16 0 0 0 74 0 16 56 0 0 36 1 0 47 73 65 68 0 0 0 74 51 0 0 0 0 71 0 0 0 0 0 0 63 0 0 29 0 71 0 0 21 34 47 0 82 0 0 0 0 0 0 39 0 0 48 0 0 0 14 0 0 0 0 0 38 5 0 38 0 0 0 0 0 0 0 0 0 0 0 0 0 14 0 10 0
0 0 0 98 0 0 0 0 0 35 0 0 100 0 0 80 0 0 5 0 0 0 0 0 0 0 0 0 72 0 0 0 0 0 0 0 0 0 0 0 69 0 0 0 0 0 0 44 0 0 0 0 0 0 0 0 0 98 81 0 0 0 0 0 53 0 0 0 0 67 0 40 0 0 0 26 0 10 0 38 0 12 20 0 0 0 0 0 0 0 51 0 0 27 0 0 0 30 0 0
0 100 0 58 0 0 0 0 0 0 0 0 0 0 0 4 0 0 75 85 0 0 0 0 0 0 0 0 47 0 0 0 0 0 0 67 0 0 0 49 33 0 0 0 5 45 16 0 0 0 0 0 0 58 0 0 0 21 0 77 0 16 0 0 0 0 0 0 2 0 0 0 0 0 55 0 0 0 0 86 0 0 58 77 0 0 0 30 0 0 0 86 0 0 90 77 0 0 0 0
0 0 0 0 0 0 0 0 0 0 0 0 65 0 0 0 39 13 0 0 9 0 0 4 0 0 0 0 67 69 0 0 61 0 0 0 0 64 83 0 0 0 0 0 75 0 0 0 0 50 0 0 0 0 0 0 0 0 0 32 0 0 0 0 0 0 0 0 46 0 23 0 53 0 0 23 0 0 0 0 0 0 0 0 0 44 0 0 0 0 0 0 0 0 0 0 0 0 6 0
0 0 67 0 18 17 76 0 0 33 93 0 0 0 0 6 76 0 0 0 0 0 0 0 0 49 0 0 89 0 54 0 0 0 2 0 0 36 0 0 0 0 0 0 0 0 0 0 14 77 15 0 0 0 0 0 0 0 0 0 0 0 0 0 0 0 0 0 17 0 1 0 30 0 0 0 40 0 0 0 78 0 0 78 0 0 50 0 79 0 77 40 0 27 69 0 0 0 0 0
0 2 0 0 29 0 0 0 0 0 45 0 0 46 0 0 24 0 0 0 0 0 0 0 0 99 0 0 0 0 0 0 0 0 0 59 0 0 0 0 0 0 38 0 61 0 0 0 0 0 0 0 15 78 0 0 0 0 0 12 0 0 13 61 85 0 0 0 0 0 0 0 0 21 0 0 0 0 0 72 0 0 10 0 27 37 0 47 16 0 0 85 17 24 2 0 0 38 0 63
0 0 91 37 0 0 0 65 0 1 0 0 0 90 0 85 48 0 0 0 77 0 0 89 0 0 64 0 0 0 0 90 0 0 0 0 0 53 66 0 0 0 54 0 0 0 0 10 0 0 97 0 0 16 0 0 0 0 0 0 93 0 0 0 72 0 0 0 0 0 0 0 0 65 0 0 5 0 0 0 20 0 0 0 40 9 0 0 42 0 0 35 53 0 0 21 0 86 0 0
0 52 0 3 0 0 0 45 50 0 0 39 0 75 0 0 0 0 45 0 84 0 80 0 0 0 21 0 0 0 0 0 0 0 0 0 0 0 0 0 0 30 74 0 0 0 23 0 0 13 0 16 0 12 0 34 0 0 0 45 0 0 55 0 0 49 0 0 0 0 0 0 0 0 0 40 94 42 0 11 0 0 0 0 14 0 0 0 0 34 4 0 78 0 0 63 0 0 0 0
0 0 0 0 62 0 0 0 0 0 0 0 0 0 0 0 71 0 22 0 8 0 0 0 39 99 0 0 0 0 97 0 0 0 0 97 70 0 0 30 56 0 40 57 0 0 0 0 0 92 0 38 0 0 0 0 0 0 80 37 0 42 0 3 0 6 0 0 25 0 0 0 0 26 0 0 0 0 0 0 0 0 0 0 0 0 13 37 18 0 47 0 0 0 0 0 0 19 0 0
0 59 0 40 0 0 0 0 0 18 0 0 0 44 0 0 0 0 0 98 87 0 0 0 0 72 0 0 0 0 0 0 0 0 85 0 0 0 0 0 0 0 16 28 21 9 0 0 0 0 0 0 0 74 0 0 98 0 43 0 0 10 0 4 0 0 0 0 0 0 0 0 0 5 0 0 0 0 0 0 0 19 0 64 78 69 0 82 0 0 0 69 0 0 91 55 93 23 0 0
0 41 0 0 0 21 30 0 0 0 0 0 0 0 0 0 0 0 0 24 0 0 0 0 32 0 0 0 0 0 86 0 0 21 0 0 0 0 0 0 0 0 0 0 0 24 13 0 0 0 0 0 0 0 0 0 0 56 0 0 0 0 0 23 0 68 0 0 0 0 0 0 3 0 0 71 64 0 0 0 0 0 0 0 22 63 0 0 0 0 0 0 0 0 0 98 91 89 87 0
0 63 0 0 0 0 11 0 0 21 0 0 0 67 70 86 0 0 0 0 0 0 0 0 0 0 0 0 0 0 0 1 33 0 0 0 0 23 95 0 72 0 74 0 0 69 0 0 0 0 0 44 60 0 0 77 0 0 0 4 0 25 0 0 0 67 0 0 0 62 73 0 0 0 0 0 0 0 0 0 0 0 0 0 0 0 0 0 0 0 0 0 0 0 0 18 0 0 0 0
76 0 0 0 0 96 70 0 0 0 0 9 68 0 0 0 40 37 0 0 75 0 0 0 0 0 28 0 0 0 0 0 44 0 0 75 0 0 46 0 0 0 0 30 0 0 0 0 0 0 0 0 0 0 0 0 0 0 0 0 0 0 0 0 0 0 0 53 76 0 0 0 0 0 45 0 0 55 0 0 0 0 66 0 0 0 0 0 0 0 0 0 98 0 0 0 0 0 0 0
0 19 0 0 0 0 0 0 0 0 0 12 35 0 0 0 0 0 0 0 83 0 73 0 0 0 9 0 0 0 81 0 0 0 0 0 0 1 0 0 0 0 0 0 0 0 0 91 0 0 0 0 0 0 0 0 0 0 0 0 0 0 28 0 20 0 57 0 0 0 94 13 0 0 73 0 0 0 0 33 53 0 0 0 0 0 0 0 55 0 0 0 0 0 0 38 0 0 0 0
84 0 0 0 83 0 0 0 86 0 0 0 22 0 0 34 0 0 0 0 0 0 0 0 0 0 0 49 97 0 15 91 73 0 97 67 0 0 90 0 0 0 0 0 0 0 0 0 0 31 0 0 50 0 0 0 0 0 0 0 0 0 46 0 0 0 0 0 0 0 0 0 0 0 0 0 0 0 0 0 0 6 0 0 49 0 90 0 0 0 0 76 0 0 0 0 9 0 60 0
0 0 75 0 0 0 0 0 84 0 0 0 0 28 0 0 43 0 30 0 0 0 0 53 0 0 0 0 0 0 0 0 0 0 0 16 0 0 0 0 0 0 40 0 0 0 0 83 0 0 75 0 0 96 0 0 58 0 72 92 0 0 0 81 0 0 37 0 0 0 0 0 77 0 0 0 78 16 0 0 0 0 0 66 0 0 0 0 85 0 0 89 0 0 78 0 0 0 0 0
0 0 0 8 75 0 0 99 0 17 59 0 77 0 74 0 0 0 0 0 0 50 0 0 96 63 86 0 4 53 60 0 0 0 0 0 0 51 0 10 0 15 0 85 0 0 0 0 0 0 0 0 0 0 87 82 0 0 0 0 83 0 0 23 67 0 0 0 0 0 19 0 0 5 0 0 0 0 0 18 0 42 0 63 0 0 0 0 0 0 0 0 0 0 20 9 0 100 0 0
0 0 0 0 55 0 0 0 51 0 0 26 0 0 0 7 0 0 0 0 0 0 0 0 86 0 0 0 0 0 0 0 0 0 95 0 0 0 0 0 0 0 18 0 0 45 0 0 60 69 0 0 0 0 27 32 0 0 83 0 0 0 78 0 0 0 0 87 0 0 0 76 0 0 0 0 0 0 96 0 51 0 0 0 0 0 0 0 0 0 0 0 0 0 0 0 0 0 0 0
0 26 0 0 28 0 0 0 0 0 64 0 0 0 0 0 0 22 0 0 0 82 0 0 0 98 0 0 0 62 0 98 0 0 0 0 63 0 0 0 0 16 0 97 0 0 0 0 0 0 0 99 0 0 4 0 0 0 0 0 0 0 13 0 0 0 0 0 0 0 0 0 0 0 0 35 0 0 0 29 0 48 0 0 72 0 11 0 55 0 89 0 17 0 0 0 0 22 47 0
79 25 31 34 47 0 0 0 0 41 24 0 0 0 0 95 47 0 0 0 0 0 0 0 0 0 0 0 0 0 0 0 62 0 73 0 5 0 0 0 0 0 0 0 1 0 53 0 0 0 47 0 0 0 0 0 0 17 0 0 0 89 0 0 0 0 0 0 0 0 0 50 0 0 0 49 0 0 0 0 0 0 0 41 0 0 0 0 0 0 0 0 0 0 50 51 0 0 0 16
94 100 0 0 0 0 0 75 0 0 0 4 55 0 0 0 0 0 3 0 0 0 0 55 10 0 0 0 16 0 0 21 0 0 0 80 0 0 0 0 19 2 0 42 0 0 0 39 0 0 0 0 0 0 0 0 0 0 0 0 0 0 28 0 0 0 0 0 0 0 0 0 44 0 0 0 94 0 84 70 0 0 92 0 0 0 97 10 0 0 0 0 53 0 0 26 0 0 0 0
0 0 0 0 0 0 0 0 0 0 0 46 0 0 0 0 0 25 0 98 61 76 0 0 74 52 12 84 0 0 89 0 0 0 0 26 43 75 0 0 0 33 0 0 0 0 0 0 0 0 0 53 0 0 0 0 0 46 0 0 0 0 50 0 0 0 0 0 0 21 0 0 0 0 0 0 0 45 33 41 0 82 0 0 0 4 0 0 0 67 0 0 0 0 0 0 0 0 0 0
0 0 0 0 0 52 7 0 0 12 0 0 0 96 0 0 56 96 0 0 0 0 39 0 0 0 0 0 0 81 0 0 0 88 0 0 71 0 0 0 0 12 0 0 0 0 92 0 37 0 0 0 0 0 0 0 0 0 0 0 0 0 0 50 37 0 0 10 0 83 97 0 95 0 0 0 0 0 0 0 0 0 0 0 0 0 0 0 0 0 0 84 0 0 0 0 41 0 0 0
60 0 0 0 0 0 41 0 0 0 0 0 0 0 0 0 0 13 40 99 0 34 0 0 0 0 0 0 73 0 73 88 0 0 0 0 0 0 0 0 0 0 0 0 0 0 20 0 2 0 0 0 0 0 0 0 0 0 0 36 0 0 0 0 0 0 97 0 0 0 60 0 0 0 30 0 1 34 0 0 25 0 0 0 0 0 0 0 96 37 0 0 55 0 0 0 0 0 0 0
0 10 0 0 0 0 0 0 0 0 0 0 0 0 0 33 0 0 0 85 71 0 99 0 0 0 90 0 0 0 0 0 0 25 68 0 0 0 0 0 0 0 64 0 0 0 0 0 0 0 0 25 59 0 0 0 64 80 0 0 99 0 0 0 0 0 0 46 75 37 30 0 48 0 0 0 27 0 0 0 0 31 18 0 0 63 52 0 0 0 0 0 0 0 0 0 48 0 0 0
9 0 0 0 0 0 0 0 0 0 0 0 0 0 0 0 0 0 0 0 0 8 0 0 0 0 0 0 0 0 0 28 0 0 0 0 0 0 0 44 0 0 0 0 0 59 54 0 0 0 90 27 0 0 0 0 0 0 28 0 0 0 0 10 0 31 0 0 0 57 58 0 0 0 0 0 60 0 0 0 0 0 8 0 95 0 0 0 0 0 78 11 0 0 0 0 0 76 35 0
0 0 37 45 0 99 0 0 73 0 0 0 0 0 42 86 0 15 0 0 29 2 9 0 7 0 0 74 0 0 0 0 0 0 0 0 31 0 63 65 0 0 50 0 0 0 0 0 0 0 0 0 0 65 0 0 0 0 0 0 0 31 36 0 84 0 0 29 0 0 0 0 0 0 0 68 62 0 0 0 0 0 0 52 0 0 0 0 0 0 0 0 0 0 0 0 0 0 0 0
0 0 95 0 15 92 0 0 90 0 0 43 0 0 0 0 0 13 0 0 0 0 0 0 0 0 36 0 0 27 0 0 26 0 0 0 46 0 0 0 0 0 34 0 53 0 0 0 0 0 0 0 0 83 0 0 0 0 0 0 0 22 28 0 0 0 0 0 0 0 0 6 0 0 0 0 0 4 0 0 0 0 0 0 0 0 0 0 0 0 0 0 0 0 0 18 0 0 0 0
0 0 0 0 0 0 6 0 0 20 0 0 17 0 0 0 0 0 0 71 0 0 0 0 52 42 0 52 31 29 0 0 0 76 0 0 0 0 0 0 0 0 0 35 0 0 0 64 0 0 17 0 58 0 84 0 0 0 0 47 0 0 0 0 0 0 0 0 0 0 0 36 0 0 19 0 0 0 0 36 0 0 0 0 0 0 0 0 0 83 0 100 0 0 0 0 0 0 0 0