100
0 0 78 0 72 0 0 0 0 0 0 0 0 0 92 77 0 0 2 0 0 0 0 0 0 13 36 89 0 0 28 0 0 0 0 0 0 96 0 0 1 0 0 0 0 0 0 0 70 0 0 47 33 0 3 0 0 0 0 21 0 0 0 0 0 0 56 94 0 57 0 0 0 10 0 0 46 79 0 73 72 0 0 0 0 63 0 0 0 0 0 0 0 0 24 0 0 0 53 0
98 0 0 0 0 0 0 0 0 0 0 0 1 0 0 0 0 0 0 0 43 0 0 0 0 0 0 0 72 0 0 0 87 0 0 0 0 67 0 0 47 0 74 36 0 0 28 10 0 59 0 0 0 0 0 0 0 0 0 0 0 20 0 34 53 59 0 64 81 0 0 48 93 0 0 26 0 0 0 0 38 0 18 0 0 0 0 85 78 0 0 0 0 0 0 0 0 0 0 0
0 11 0 0 0 0 0 0 0 0 0 0 0 0 81 0 0 0 0 0 0 0 1 0 58 0 0 0 0 0 71 67 0 0 40 0 0 0 0 0 0 0 0 0 0 84 0 0 12 0 0 0 0 0 0 0 0 0 0 20 0 0 0 0 0 0 0 0 70 0 0 0 0 0 0 66 0 0 0 0 0 0 0 0 0 0 0 66 0 0 61 0 0 0 0 0 0 0 0 36
25 0 0 0 0 0 0 0 0 0 0 0 0 0 35 0 75 83 81 0 14 0 0 0 0 0 0 0 0 0 0 0 1 0 0 75 0 0 0 73 71 0 0 0 0 0 0 0 75 50 51 0 0 68 0 0 0 72 0 20 49 0 39 0 0 19 70 0 0 0 0 0 0 97 41 38 0 0 81 0 0 70 77 0 47 0 4 45 74 0 31 0 0 15 0 0 0 0 0 0
0 0 0 0 0 29 93 0 0 0 14 0 0 0 18 0 0 0 0 0 0 17 0 0 72 0 0 21 0 0 0 2 0 0 0 0 0 0 0 0 0 80 0 83 0 0 4 0 0 22 0 86 0 0 44 0 70 0 0 0 0 0 0 0 0 0 0 0 0 0 0 56 0 0 0 0 0 0 75 81 98 0 0 0 57 0 0 0 8 0 0 0 0 0 0 46 0 0 0 0
0 0 82 78 0 0 0 0 0 0 0 0 39 0 79 0 60 0 0 0 0 0 0 0 0 0 0 0 0 0 0 0 0 0 0 0 0 4 0 20 0 99 5 0 99 85 0 0 0 66 0 0 23 0 0 22 0 0 10 0 0 0 0 0 0 92 0 0 0 0 0 0 0 0 0 30 0 0 0 0 0 0 0 55 0 0 0 0 0 0 0 0 0 75 43 0 64 0 26 0
0 0 0 0 0 0 0 0 0 0 0 0 0 0 0 8 4 0 0 23 0 0 0 1 0 0 0 62 0 0 0 0 0 0 0 0 0 0 0 0 0 0 100 0 0 0 0 22 0 0 0 45 23 98 0 0 0 0 65 24 0 0 45 44 0 0 0 64 32 2 0 48 0 0 74 0 0 0 90 0 0 0 0 84 0 44 0 0 0 0 0 0 0 0 0 0 79 62 0 0
52 0 0 0 0 0 0 0 0 0 0 0 0 0 0 0 0 0 0 1 0 54 0 0 46 0 0 0 97 0 0 0 0 0 0 0 39 0 0 96 0 0 95 0 0 0 0 0 0 25 26 0 0 0 0 0 0 22 0 0 92 47 44 0 63 0 56 0 0 0 0 0 28 60 0 58 0 0 0 0 0 10 0 0 0 0 63 0 0 35 0 20 76 0 0 0 0 0 24 0
0 99 0 0 0 0 0 0 0 0 0 74 0 0 0 0 0 25 0 0 0 78 0 0 0 88 0 0 0 42 0 55 0 0 0 0 0 0 0 0 0 0 0 0 0 73 0 0 0 0 78 0 0 0 0 0 0 0 0 0 0 0 0 0 74 36 0 67 0 16 0 53 0 78 0 0 0 19 0 0 0 0 0 0 0 0 0 0 46 0 27 0 0 0 0 9 1 0 45 90
0 0 0 17 0 0 86 0 53 0 0 0 0 0 0 0 0 0 0 0 0 56 10 33 0 17 0 0 0 0 0 0 45 60 33 0 0 79 0 0 0 0 0 0 0 93 0 0 0 0 81 0 86 0 0 0 14 0 0 85 12 0 0 0 0 7 0 0 0 0 0 0 0 0 0 0 0 0 0 0 0 0 0 43 0 0 96 0 0 0 0 0 0 75 69 0 0 100 0 0
0 0 0 0 0 81 0 32 53 0 0 0 0 0 0 0 0 0 0 48 0 0 60 0 5 11 92 0 0 0 0 26 65 0 0 0 41 81 0 0 0 0 34 0 10 0 56 0 0 0 0 0 0 0 0 0 0 0 0 0 17 0 0 0 0 19 0 0 0 78 0 15 60 0 0 0 0 6 0 0 0 0 0 0 0 93 86 47 0 0 0 15 0 0 0 0 0 0 57 52
0 0 0 9 0 0 0 31 0 0 0 0 96 0 0 0 0 0 0 0 20 0 0 0 0 16 0 0 0 0 0 20 0 15 10 0 0 7 91 93 0 0 0 0 0 62 18 0 0 0 0 0 64 0 0 44 72 83 70 0 86 0 0 0 0 0 0 96 0 0 0 0 99 0 0 0 0 0 0 0 0 0 0 14 0 0 0 0 75 81 0 0 13 0 0 5 0 0 0 41
97 0 0 9 0 20 0 0 0 0 0 26 0 0 0 0 0 0 0 0 30 0 0 0 79 0 0 0 0 56 0 0 0 0 0 0 0 0 0 46 0 0 0 0 0 0 0 0 0 0 0 0 0 0 0 0 0 0 0 23 0 0 0 95 37 43 98 0 0 0 83 0 0 86 0 75 94 0 0 0 0 0 0 0 0 0 82 0 0 0 0 0 0 0 0 0 0 0 0 0
0 0 21 30 0 37 0 0 13 0 0 0 92 0 0 0 0 0 29 0 0 0 0 0 0 0 73 0 17 0 0 0 0 0 0 55 71 0 0 0 5 8 0 0 0 0 0 0 0 60 0 0 0 0 0 0 38 0 0 0 0 34 0 39 0 11 0 43 0 48 0 89 0 66 0 0 0 0 0 45 0 0 0 0 0 0 0 0 0 0 3 0 0 87 0 0 0 0 0 0
0 77 86 0 0 56 3 0 53 0 6 73 0 0 0 0 0 0 28 0 0 0 50 0 0 0 0 0 93 0 87 0 0 90 0 67 0 0 0 0 0 0 36 0 0 0 0 0 86 0 93 0 25 45 0 0 0 0 0 0 0 5 0 0 90 0 0 0 0 0 0 0 0 0 0 0 0 0 29 0 0 0 0 0 0 0 34 0 0 0 0 0 0 0 53 0 84 0 0 0
0 51 0 0 66 0 0 50 68 0 11 99 0 0 11 0 0 0 94 0 33 0 96 0 0 0 18 100 0 0 0 0 0 0 0 0 66 0 0 45 67 0 0 0 0 0 0 51 0 0 0 51 0 1 0 71 40 0 0 22 0 0 0 0 0 83 0 0 0 0 0 0 0 0 73 0 0 0 0 0 5 38 0 18 0 45 0 7 0 0 13 0 0 0 89 0 0 0 0 0
65 0 0 3 0 0 0 0 0 16 52 0 63 86 49 9 0 0 47 54 0 5 52 0 64 0 15 81 0 0 0 0 0 0 0 0 0 22 15 0 0 68 0 0 13 0 52 73 0 0 69 0 50 0 0 0 0 0 0 0 0 0 34 0 98 0 0 0 0 0 0 0 0 72 0 0 0 32 0 0 0 0 51 0 0 0 0 30 0 0 0 0 0 0 0 0 0 0 0 81
53 0 0 0 0 0 0 93 0 74 0 0 0 0 23 0 0 0 0 0 0 0 0 0 0 0 0 0 0 0 0 0 0 0 0 0 63 0 0 0 0 0 0 0 0 85 4 0 0 0 0 0 0 100 0 0 0 0 0 0 0 0 93 18 0 0 53 34 0 0 46 0 0 0 54 0 0 0 24 43 0 0 0 0 0 0 98 82 0 21 0 0 80 0 7 0 0 0 0 75
0 0 67 0 0 0 0 0 0 0 0 0 0 0 0 0 0 0 0 0 0 82 0 0 0 0 0 0 0 63 0 0 75 0 23 0 0 0 0 12 0 0 2 0 0 18 0 0 0 0 0 0 72 0 0 0 0 0 0 0 47 0 92 0 0 18 0 0 0 0 0 0 91 39 43 0 55 0 19 0 0 0 0 0 0 62 0 0 0 0 93 89 22 56 61 48 0 0 0 11
0 0 4 0 0 0 81 0 52 0 100 0 62 0 18 0 0 0 0 0 0 0 0 0 6 0 0 0 0 0 0 0 0 0 0 0 18 0 0 99 0 46 0 71 0 0 0 0 0 26 0 25 0 0 62 84 0 0 0 0 7 0 0 0 95 0 0 0 0 15 0 0 0 0 0 0 73 33 0 0 0 0 0 0 0 0 33 77 2 0 0 0 0 16 0 0 0 0 0 0
0 27 0 95 0 69 73 0 0 0 0 18 95 0 0 0 0 0 0 56 0 80 0 0 0 0 0 50 0 7 0 0 0 0 0 0 0 0 0 63 0 36 0 91 0 0 0 5 10 0 0 0 23 0 0 0 0 0 0 86 16 0 24 0 0 59 67 0 48 0 0 0 97 68 0 0 67 85 76 0 69 0 0 0 0 82 0 0 0 0 0 0 0 0 0 0 0 0 0 0
64 0 0 0 0 0 0 0 87 0 0 75 13 71 0 0 0 0 0 0 0 0 0 69 0 0 0 42 0 0 0 0 0 33 24 0 8 0 0 0 0 0 0 12 69 0 57 0 0 0 0 0 0 0 0 0 0 0 53 95 0 77 0 94 0 0 0 0 0 0 0 99 0 0 0 0 0 0 0 0 0 77 0 0 74 0 0 14 55 0 67 5 82 0 6 0 0 0 0 0
0 0 28 30 0 0 0 0 0 13 0 0 69 90 0 0 0 0 0 52 0 98 0 0 0 0 0 0 35 0 0 0 55 0 90 0 13 18 0 43 0 0 0 0 0 0 0 0 0 78 0 0 0 0 0 0 27 85 79 0 0 0 0 19 0 94 0 97 0 0 0 0 0 0 0 0 37 0 0 0 0 100 0 0 0 0 0 0 29 0 0 74 0 0 97 0 0 0 0 0
50 87 85 0 0 0 36 0 0 0 0 0 0 0 0 0 34 0 0 44 0 0 15 0 32 0 0 0 85 0 0 0 0 0 0 0 0 0 20 78 0 37 0 56 46 0 0 0 0 0 0 0 0 0 0 0 0 0 0 0 31 58 0 0 0 0 0 14 0 0 0 0 0 86 0 0 77 0 0 0 0 0 0 0 0 0 68 0 0 0 12 0 0 0 0 0 0 0 0 0
0 0 0 49 0 0 0 0 58 43 0 0 0 0 0 0 10 0 23 0 0 0 0 71 0 0 0 0 0 11 0 0 0 0 88 5 0 0 0 0 0 0 0 0 15 7 0 0 3 0 0 0 0 0 0 67 0 0 0 0 80 65 0 0 0 0 94 0 0 70 87 48 34 73 0 0 0 0 20 0 0 0 0 0 0 0 0 0 22 0 0 0 0 0 21 5 0 0 0 0
81 0 0 0 71 22 0 0 0 0 46 0 40 0 0 0 0 10 0 0 0 0 0 0 0 0 0 0 0 0 0 0 40 0 11 0 31 0 0 0 0 0 0 0 0 0 0 26 45 0 7 91 91 0 0 0 56 0 0 0 0 0 0 0 0 0 0 26 96 0 0 0 0 0 0 0 0 68 0 46 0 0 28 0 38 0 0 0 0 0 0 0 0 16 0 0 96 80 63 0
0 0 0 97 31 0 0 0 0 0 0 23 27 0 45 0 0 0 0 0 0 0 0 0 59 0 0 0 0 13 0 40 0 0 32 20 0 52 6 0 0 0 69 0 0 0 74 0 0 0 46 0 0 0 0 75 0 0 0 0 0 0 0 0 0 4 0 0 55 79 0 0 0 31 0 0 0 0 0 0 0 0 63 0 0 0 0 0 0 0 0 42 0 70 32 0 0 0 0 0
0 0 0 0 87 77 0 0 30 67 0 0 0 0 0 82 0 0 0 0 0 0 0 0 0 0 0 0 62 0 0 95 0 0 0 69 0 33 0 0 39 0 0 17 96 0 0 67 0 0 12 0 0 0 0 0 0 0 0 10 28 0 0 0 0 68 41 0 0 62 18 0 41 13 0 0 0 0 0 0 0 0 11 0 0 34 66 0 67 0 0 0 38 1 0 0 0 68 73 58
0 17 0 90 67 5 0 0 42 0 0 73 0 0 63 0 0 0 20 21 0 0 0 0 10 0 0 0 0 0 0 11 0 78 0 0 0 0 0 0 6 0 0 0 0 0 0 0 99 80 48 0 41 0 0 30 91 9 0 56 0 0 58 0 0 0 0 92 0 0 0 32 0 98 66 45 0 0 0 0 0 45 0 0 0 0 0 0 43 0 0 0 0 0 79 0 71 86 20 0
71 7 74 0 21 91 0 0 0 29 100 27 100 0 62 45 0 0 82 0 0 0 94 0 0 58 0 0 0 0 0 91 0 0 0 81 0 38 0 98 0 13 0 22 0 0 2 0 0 0 0 0 0 0 0 77 22 0 0 0 43 0 0 46 0 0 0 0 0 0 0 8 0 18 79 0 0 95 0 66 0 0 0 0 0 17 0 0 0 0 0 0 0 0 0 0 0 96 0 0
80 0 0 0 0 0 0 0 0 89 0 0 0 0 77 0 0 0 0 95 0 0 0 0 0 0 56 0 0 0 0 0 0 0 0 0 0 45 0 0 0 0 0 58 0 0 33 7 0 0 0 0 0 0 0 0 0 0 0 0 0 0 0 0 0 0 0 0 0 0 0 41 25 66 0 0 0 0 0 0 27 65 0 93 0 0 0 0 0 17 0 43 48 0 64 0 0 0 0 0
0 0 0 0 0 0 0 97 0 0 0 0 0 58 0 31 0 0 21 0 0 0 0 25 40 0 77 0 17 0 15 0 0 0 0 0 0 0 0 0 0 0 0 0 0 0 0 0 0 0 0 0 0 83 0 0 0 0 0 0 0 50 0 0 0 33 0 0 20 0 0 0 0 0 0 0 60 18 0 57 0 0 53 0 0 0 71 0 17 0 0 0 0 50 51 0 0 65 0 0
79 60 0 0 0 0 0 0 0 33 0 0 0 87 0 0 8 0 41 0 0 22 0 0 0 0 33 0 13 43 0 0 0 0 0 0 0 2 0 0 0 0 54 0 36 0 28 0 0 0 96 0 0 0 0 56 0 25 0 0 0 0 0 92 0 0 0 18 45 0 0 0 0 0 0 0 0 29 0 0 0 0 64 0 0 0 0 0 97 91 0 0 0 1 0 0 0 20 0 0
0 69 0 0 0 0 0 24 1 0 71 65 0 0 0 0 0 0 3 0 24 0 48 0 0 23 40 0 0 75 0 0 0 0 0 0 0 0 99 0 1 0 85 0 0 4 73 0 89 0 0 0 0 0 0 0 0 0 0 0 32 0 45 0 21 87 0 0 0 40 0 0 0 0 0 0 0 0 0 48 0 0 68 0 0 0 0 0 0 65 16 0 51 47 0 46 0 0 0 2
79 0 62 17 0 54 0 0 47 79 0 0 0 0 0 0 0 0 88 0 0 0 0 0 0 85 0 0 0 0 0 35 0 6 0 0 0 54 0 69 0 0 0 76 0 20 0 44 0 63 8 61 0 57 0 0 0 0 0 0 47 100 0 0 21 91 93 93 32 71 0 0 63 0 57 0 0 0 42 0 3 0 0 0 0 0 0 0 0 28 0 56 0 51 91 91 11 23 0 0
0 0 52 33 0 5 0 0 0 0 0 0 0 0 0 0 0 29 0 0 0 36 0 0 0 0 0 0 0 0 15 0 88 0 21 0 30 0 0 0 48 0 42 0 0 0 0 0 0 6 0 0 77 0 0 0 0 52 0 0 0 0 0 0 60 0 0 0 86 0 0 0 0 0 0 0 0 0 0 0 0 0 0 0 0 62 0 0 0 54 0 0 6 0 0 0 0 0 96 0
0 95 0 0 0 0 0 47 0 0 0 0 89 0 0 0 0 0 0 0 0 56 0 0 0 36 0 0 0 0 33 0 16 0 0 0 0 91 0 84 0 0 0 0 0 0 0 0 0 0 0 0 0 90 0 87 0 16 0 0 0 6 0 0 0 0 0 56 0 0 0 0 0 0 0 51 0 0 0 0 0 0 0 0 0 0 0 0 34 43 0 0 40 0 0 37 29 0 35 0
0 0 0 32 84 23 0 0 47 1 40 0 8 0 77 0 0 63 25 0 100 0 0 62 0 0 0 0 45 0 0 51 0 0 0 56 4 0 0 0 0 0 11 68 72 0 0 0 0 0 0 0 0 0 0 0 0 0 0 0 0 0 0 0 0 48 0 0 90 0 0 0 0 0 0 5 58 87 0 0 0 0 40 0 0 12 0 46 0 0 0 0 0 0 0 0 0 0 87 0
0 0 0 0 0 0 0 0 0 51 0 68 0 0 0 0 0 36 0 0 0 0 0 38 0 0 0 0 93 0 0 0 0 0 0 0 0 6 0 0 0 32 0 0 0 0 62 0 58 13 0 0 0 0 0 0 97 0 0 61 0 0 0 66 2 0 0 0 0 0 0 0 71 0 0 36 0 0 100 0 59 0 0 0 0 0 0 0 0 0 0 23 86 0 87 67 0 0 0 0
0 0 0 0 0 0 0 0 0 53 0 0 0 0 0 0 0 76 100 0 0 0 66 78 77 0 0 0 0 0 0 85 69 0 60 47 0 0 0 0 0 0 34 0 0 38 0 0 0 64 0 0 38 0 0 0 0 38 0 0 0 0 0 0 0 0 0 0 2 73 0 0 0 5 0 0 0 0 92 0 0 0 0 0 0 0 0 0 0 0 39 37 0 0 0 17 0 0 0 0
0 0 66 0 0 0 0 0 16 0 43 0 0 0 13 0 0 91 17 0 0 0 95 0 55 0 0 0 0 0 48 16 0 82 0 0 0 0 0 0 0 52 0 0 51 0 67 0 0 0 0 0 0 0 91 0 0 0 47 0 0 0 0 0 0 0 0 0 7 62 53 0 0 0 0 0 75 0 0 34 11 0 0 0 0 86 100 70 0 0 0 81 0 7 0 0 0 0 0 0
0 2 0 0 0 0 52 0 0 0 0 52 93 0 0 0 0 0 0 0 0 0 24 0 6 0 0 0 0 0 0 66 0 0 84 0 0 0 82 0 0 0 0 0 0 0 0 0 52 0 0 0 0 0 0 0 65 0 0 0 0 0 0 0 0 0 0 0 0 0 16 0 0 0 76 0 0 0 0 0 0 0 0 0 95 0 59 0 0 57 93 0 0 0 0 0 74 85 25 30
0 0 0 0 0 23 0 0 0 0 0 1 0 0 0 0 0 0 5 0 0 0 45 0 97 0 0 0 56 0 0 80 0 0 0 0 0 0 0 0 0 0 0 0 0 83 0 59 0 0 92 0 40 0 0 0 20 0 53 0 0 0 0 0 0 0 0 0 85 8 0 0 51 0 93 50 1 0 0 0 35 0 80 70 0 11 0 0 0 24 0 0 0 0 0 0 87 0 0 85
0 0 0 0 0 0 0 0 0 43 0 0 0 0 0 49 0 69 9 0 0 0 0 0 0 0 0 0 69 0 0 0 0 31 85 0 0 0 57 0 0 0 0 0 0 0 73 0 0 39 0 38 13 0 0 0 0 0 1 0 0 0 0 0 0 0 61 0 46 0 0 0 81 0 0 87 0 48 0 0 0 7 0 0 47 0 0 0 0 69 0 0 0 0 0 69 38 0 98 0
0 0 0 0 0 0 79 0 92 0 0 86 0 90 0 0 0 0 0 0 0 0 0 0 0 0 21 54 0 0 84 0 0 0 0 0 0 0 0 95 0 0 0 0 0 0 0 97 0 68 78 71 0 0 0 43 0 0 0 0 4 0 0 0 0 0 0 82 0 0 0 0 0 0 0 0 0 0 42 0 0 0 0 0 0 0 17 0 0 0 0 0 0 0 0 95 0 12 61 0
0 0 0 0 0 63 0 0 0 40 0 16 0 0 0 0 0 64 0 0 0 0 0 0 0 0 0 0 0 0 74 0 49 0 0 0 85 0 0 0 14 50 0 0 0 0 0 30 0 0 39 76 87 0 0 0 1 0 0 0 37 0 0 0 52 0 0 0 0 0 0 0 0 24 0 13 0 24 48 0 0 0 0 0 0 0 38 0 0 0 92 100 0 97 0 0 8 0 0 0
0 79 0 0 0 5 55 0 0 0 0 0 0 0 0 0 0 0 61 62 0 0 0 67 0 0 0 86 0 0 0 69 38 0 0 0 0 70 46 0 0 17 0 0 0 0 0 0 0 0 60 0 0 0 0 62 0 0 0 30 0 0 57 0 0 0 0 0 0 36 0 0 0 0 0 0 0 0 0 81 0 0 0 0 0 55 5 0 0 0 0 0 0 0 0 0 0 0 0 35
0 0 0 0 0 0 65 0 15 0 0 0 0 0 56 0 63 99 0 0 10 0 87 0 0 0 0 0 0 0 0 0 0 63 0 0 0 89 0 0 0 0 0 94 0 72 0 0 82 0 56 0 35 0 0 24 0 19 0 0 75 0 10 0 0 65 64 53 60 0 0 0 20 0 0 0 0 0 0 85 0 0 0 0 0 0 0 0 88 64 0 0 0 0 34 0 0 0 0 0
0 0 0 0 29 56 0 0 0 94 0 0 0 0 0 0 12 0 0 0 0 0 0 0 0 0 26 78 0 0 0 0 0 22 0 0 0 0 92 0 0 0 26 0 30 0 0 0 0 62 0 0 32 0 0 90 0 12 0 0 0 51 0 0 84 59 6 0 0 96 0 52 0 0 0 4 33 0 0 34 0 0 0 0 0 0 0 0 82 0 0 0 89 0 0 0 0 0 41 0
0 19 0 0 0 0 0 0 97 99 0 0 0 0 78 0 0 16 0 0 41 0 0 0 0 0 60 0 0 0 66 0 42 0 0 0 0 0 0 0 8 0 75 41 0 0 0 0 0 0 0 63 0 0 0 0 0 0 0 0 0 58 14 0 0 0 0 59 62 0 0 0 0 0 0 0 0 0 0 0 0 98 0 0 0 0 0 0 49 0 0 43 0 0 0 51 42 30 0 0
0 0 0 57 0 0 0 0 0 0 0 0 0 16 35 0 0 16 78 0 0 0 0 0 87 0 0 0 75 72 0 0 0 0 0 0 51 80 71 56 0 0 0 0 60 0 0 0 0 0 0 0 0 0 0 52 0 0 0 0 0 77 4 0 0 0 0 9 0 0 3 70 0 0 0 0 0 42 71 0 0 0 0 0 0 77 0 0 0 0 0 71 0 0 52 0 57 0 45 0
0 0 0 98 0 92 99 51 0 0 0 32 0 0 0 0 0 0 0 0 0 0 0 0 0 43 0 0 0 0 0 0 38 0 100 39 0 0 0 0 0 46 0 65 0 0 0 0 0 0 13 0 0 0 0 0 0 68 0 0 0 0 6 55 0 0 95 0 0 0 0 28 0 0 0 0 0 0 0 87 38 0 12 0 4 57 0 0 0 0 21 5 0 0 0 26 0 0 0 0
36 0 0 0 0 0 0 0 0 23 55 0 0 0 0 0 0 0 0 0 0 0 0 8 0 0 0 0 0 0 0 0 28 0 0 0 0 0 0 0 72 0 0 0 0 0 0 45 0 0 0 0 0 0 0 0 0 0 0 96 96 0 0 0 0 0 0 74 58 0 0 0 12 0 0 0 0 0 0 0 0 0 0 17 0 0 0 0 0 75 0 0 0 69 98 0 0 0 0 92
68 0 20 0 0 0 0 0 0 0 0 15 0 48 0 61 0 0 0 94 0 0 0 0 0 0 0 0 0 0 23 48 0 0 0 0 0 41 92 0 0 0 0 0 0 0 0 0 0 27 0 0 0 0 0 0 0 69 0 20 0 0 81 0 0 0 0 0 0 0 0 0 0 34 0 0 0 0 0 0 0 0 91 22 0 0 0 0 69 76 0 6 0 0 86 0 0 0 0 0
78 0 0 13 0 0 0 97 0 7 0 0 45 0 0 0 5 0 68 0 0 81 73 66 0 0 0 0 48 0 89 0 0 0 0 0 27 0 0 0 0 0 70 0 16 0 0 0 0 49 0 0 0 0 0 0 0 0 43 0 0 0 0 26 0 0 32 0 0 0 0 54 0 0 51 0 0 0 0 13 0 0 0 0 2 0 0 0 0 50 64 0 99 39 0 0 0 0 0 60
0 40 0 0 0 72 0 0 0 78 0 0 0 0 0 0 0 0 48 0 30 0 0 17 0 0 24 0 0 38 0 0 0 0 0 0 0 27 0 0 32 0 61 46 0 0 0 0 0 98 0 0 0 0 0 0 0 0 0 0 54 0 0 0 0 7 97 0 10 0 0 0 0 0 83 0 0 47 0 0 73 0 63 0 0 0 0 0 0 0 2 0 0 0 44 0 12 24 0 0
0 0 0 0 0 0 0 0 0 0 0 94 0 0 53 0 0 0 0 53 0 81 0 0 82 0 0 0 0 0 0 0 0 44 0 9 0 18 58 0 26 0 0 0 90 91 0 89 0 0 0 0 0 0 0 0 0 0 0 0 0 4 0 62 0 0 0 0 22 0 0 0 0 0 0 0 0 90 46 0 63 0 0 0 0 0 49 69 61 0 0 0 0 0 0 0 80 0 0 48
0 0 73 73 0 0 0 78 0 0 0 0 0 0 0 89 0 0 0 54 0 0 44 0 22 0 100 0 82 0 0 0 0 0 42 53 0 47 0 0 0 4 0 0 47 0 0 0 0 0 0 97 46 0 84 0 43 0 0 0 0 47 0 0 0 0 23 53 0 0 0 0 29 0 0 0 97 40 90 62 0 0 0 0 0 0 0 0 0 40 50 62 35 0 0 47 0 0 39 0
0 0 19 14 0 0 0 18 0 0 87 0 45 0 0 91 72 0 0 0 0 0 0 0 0 0 55 0 0 54 0 0 0 84 64 0 0 0 48 0 0 0 0 0 42 99 0 0 0 0 0 0 0 0 0 0 0 0 0 57 0 0 0 0 10 0 42 26 0 0 0 0 0 0 0 14 0 0 36 0 0 56 16 47 0 0 0 41 0 0 0 0 80 0 90 0 0 0 100 0
0 0 0 0 99 0 94 0 42 0 52 0 0 0 0 0 0 0 0 0 0 0 0 50 0 0 0 0 42 0 0 0 0 0 0 19 46 0 0 62 0 0 0 0 70 0 84 0 94 74 0 0 0 0 0 0 0 98 0 0 0 0 0 0 0 0 0 86 0 38 80 0 0 0 0 0 0 27 42 0 0 0 0 71 27 66 2 1 0 0 97 30 0 0 0 77 0 0 0 0
75 49 0 0 0 0 0 0 0 0 0 0 0 0 0 0 76 0 26 0 24 0 0 0 0 0 0 0 0 0 69 0 0 0 0 0 0 66 26 0 0 97 0 0 43 0 0 31 99 0 0 0 20 64 18 4 32 41 0 0 0 0 55 0 0 0 46 0 0 0 10 0 0 9 0 0 0 60 0 0 0 15 0 0 96 0 0 0 7 0 0 0 0 0 0 74 0 0 0 0
0 22 54 0 0 0 0 0 67 0 98 25 0 0 0 0 0 0 6 0 98 0 27 36 0 0 0 0 0 0 27 0 25 0 0 0 0 81 0 0 0 0 0 0 0 99 0 32 0 0 0 0 13 0 0 15 17 0 0 0 55 0 0 17 0 0 0 38 0 0 0 59 42 0 37 0 25 0 11 0 0 2 0 0 17 0 54 0 0 0 0 0 0 66 0 0 0 0 0 0
0 0 0 0 0 0 0 0 0 0 0 5 0 24 21 0 62 0 0 0 0 74 97 0 0 0 0 0 36 29 5 0 0 0 0 0 0 37 0 52 0 0 0 0 68 0 0 53 0 0 90 0 0 0 0 0 0 0 0 0 0 0 0 0 0 0 0 0 0 58 0 0 0 0 0 0 33 0 0 0 21 0 0 0 15 0 0 0 0 0 95 0 0 0 0 0 0 0 0 0
0 49 0 0 74 0 0 0 0 0 62 0 31 0 0 0 0 0 17 0 0 0 0 46 0 9 0 0 61 0 0 40 0 0 0 83 79 0 53 13 0 0 0 85 0 40 0 0 0 0 0 0 58 0 0 0 0 0 59 0 0 0 0 0 0 0 0 80 0 0 0 0 0 45 0 23 0 0 0 0 0 90 0 0 0 68 0 0 0 90 41 0 0 0 0 0 30 0 8 0
42 0 7 0 42 0 0 0 0 0 0 91 0 0 0 69 0 7 0 0 0 0 0 0 0 0 45 43 0 0 64 0 63 0 5 0 0 38 0 61 3 0 0 0 12 84 60 0 0 0 0 0 93 55 0 0 0 0 57 0 0 50 0 0 0 0 0 0 0 11 0 37 38 0 0 0 61 65 0 99 0 71 0 0 0 0 0 30 30 0 0 0 86 47 77 0 0 0 0 0
0 0 0 0 0 0 43 0 0 0 10 0 0 20 0 0 0 0 0 27 0 0 0 88 34 79 24 0 30 33 29 0 0 57 0 0 23 0 0 0 0 0 0 0 6 0 0 93 84 0 0 19 0 0 0 11 0 0 0 100 0 93 0 0 0 0 0 28 0 46 0 0 88 0 0 70 12 0 0 0 0 0 0 0 4 0 0 0 34 0 0 32 0 0 0 0 0 0 0 0
0 0 24 13 0 0 33 0 0 0 76 0 73 0 0 0 40 0 0 0 0 0 29 0 0 95 37 0 0 0 22 0 0 0 0 0 0 0 100 0 0 0 0 75 0 0 68 0 0 21 0 0 0 0 0 0 10 87 0 0 48 0 0 0 0 0 0 0 0 0 30 9 0 0 0 37 0 46 0 0 67 0 88 0 0 0 0 8 0 48 0 42 0 0 0 0 0 0 0 0
93 0 0 0 0 0 27 0 0 31 92 0 0 0 0 0 76 0 0 43 0 0 0 70 0 0 60 44 0 0 0 0 0 0 0 0 0 0 0 0 0 0 0 0 41 0 13 0 90 0 36 0 0 0 0 34 0 41 0 0 0 0 0 65 0 0 0 0 0 0 0 91 0 42 0 0 88 0 0 0 89 0 0 21 89 6 34 58 0 0 0 0 62 2 0 0 0 0 0 0
59 0 78 0 0 0 0 0 23 0 100 0 0 0 0 0 90 0 77 0 0 0 0 13 0 0 0 0 0 0 35 0 0 0 0 0 0 0 0 0 0 0 0 0 0 69 0 0 0 0 0 0 9 0 0 90 0 0 0 0 30 0 0 0 0 0 0 40 0 0 0 0 0 0 28 0 62 0 68 55 0 0 0 0 0 0 0 86 0 0 37 0 59 0 28 0 0 0 0 73
0 79 8 0 0 0 0 0 0 12 38 99 85 0 0 0 0 0 0 0 0 0 0 0 0 0 0 0 0 66 38 95 0 0 0 0 0 78 0 0 0 0 0 0 0 18 0 13 6 0 65 45 51 0 0 26 35 12 0 53 0 0 0 0 83 0 35 0 0 0 0 0 0 0 0 0 17 0 0 0 0 38 0 0 93 0 71 0 0 13 0 0 0 0 62 0 0 0 0 0
0 0 0 0 0 0 93 0 0 83 0 0 0 0 0 0 0 0 38 0 0 0 0 0 0 0 83 0 56 0 0 99 0 0 0 0 0 8 0 0 0 0 32 0 0 4 0 33 0 63 0 52 0 0 0 0 0 0 0 0 0 0 0 37 0 42 0 0 87 0 0 0 0 0 0 0 0 29 36 100 0 72 0 0 0 79 0 0 0 0 0 26 0 0 0 0 95 0 0 0
74 25 0 0 83 0 0 0 0 91 0 0 57 44 82 11 0 0 24 0 58 0 0 0 0 0 0 84 0 0 0 0 26 53 0 0 0 0 0 0 0 0 0 0 72 0 0 0 0 83 0 14 0 69 0 0 63 0 0 36 0 0 0 28 0 0 0 0 0 0 0 0 0 0 49 46 0 0 0 28 0 0 0 0 0 0 35 0 0 0 0 0 0 0 0 51 96 0 0 0
0 0 0 0 0 0 0 0 0 0 0 0 0 43 0 3 0 0 0 80 0 0 0 0 0 0 0 0 0 0 0 0 0 0 0 0 19 0 87 43 0 0 0 15 0 0 0 42 0 0 0 1 48 0 35 0 0 0 0 0 80 58 0 0 0 0 23 0 0 0 75 0 0 0 0 0 0 0 7 0 0 0 0 0 0 0 39 34 0 0 0 0 0 5 0 2 0 24 86 0
20 0 0 0 0 77 0 0 0 0 0 0 0 0 0 0 0 10 37 0 0 6 0 0 0 0 0 0 0 0 0 0 0 61 0 0 0 0 7 0 0 0 0 0 0 0 0 0 0 0 0 0 0 0 0 83 0 0 0 0 0 0 88 4 91 0 49 0 0 0 0 0 0 0 25 66 0 0 0 0 0 0 92 24 0 0 0 0 0 67 0 44 0 0 0 0 82 0 0 100
49 0 0 94 0 80 0 0 0 50 0 48 27 0 0 0 0 0 0 0 0 85 0 0 0 0 0 0 0 0 0 0 84 0 0 0 0 34 0 0 0 0 0 0 0 100 0 0 0 0 0 87 84 97 0 0 0 0 0 0 0 0 75 0 0 0 100 0 0 0 0 26 0 0 0 0 0 0 0 0 0 21 0 0 10 0 0 95 0 0 0 0 0 0 1 0 0 0 0 0
0 0 0 0 0 0 54 0 0 0 0 0 0 0 0 63 0 0 0 0 0 0 0 0 0 0 0 0 0 0 0 0 25 0 0 0 0 0 0 0 0 0 0 0 0 0 1 0 0 87 0 21 33 0 29 0 46 0 0 84 0 0 0 0 0 0 0 0 41 25 0 75 0 29 0 0 0 0 0 0 0 0 85 0 0 0 15 0 0 0 0 68 0 0 0 0 97 94 0 0
0 25 0 0 0 86 0 0 0 0 51 0 58 0 0 0 21 34 3 0 0 0 0 0 0 24 0 0 0 0 60 0 0 0 0 0 0 95 0 19 0 0 85 93 0 0 0 0 0 90 0 0 0 1 0 0 0 45 0 0 0 0 0 0 0 0 0 0 0 0 0 70 0 0 0 0 0 39 0 0 50 0 0 0 0 1 74 0 0 0 0 0 0 0 0 0 75 0 0 69
0 0 0 77 33 0 33 0 0 0 0 0 0 0 56 0 0 0 0 0 0 63 0 0 29 0 0 100 0 0 61 0 0 0 0 0 0 0 0 0 0 15 0 0 0 0 0 0 0 13 0 97 0 0 0 43 0 0 0 0 0 39 0 0 0 0 17 0 0 75 0 24 0 0 0 0 38 0 0 0 0 41 0 0 0 92 0 0 0 0 0 41 0 0 12 0 0 0 88 54
0 0 0 0 0 61 0 0 0 0 2 87 0 0 80 0 0 0 82 0 0 0 0 0 89 0 0 0 0 0 0 23 97 0 0 0 0 0 0 0 74 32 0 0 0 78 0 0 0 0 0 0 0 0 0 0 0 12 0 0 0 0 43 0 0 77 0 0 0 94 91 0 22 0 97 0 33 0 0 0 0 0 0 0 0 0 0 0 0 21 0 0 0 0 0 0 21 31 0 98
0 0 0 0 0 0 0 0 0 0 0 0 0 0 0 0 0 0 93 0 0 0 0 37 60 0 0 0 78 0 0 0 0 0 0 12 61 0 0 33 0 37 0 0 39 0 0 24 0 98 0 0 0 0 0 0 0 0 0 0 0 0 0 50 0 0 0 0 91 0 0 0 0 0 0 78 46 0 77 0 0 66 0 0 37 0 0 0 4 0 0 0 92 0 0 0 0 35 21 0
65 0 0 0 0 0 0 0 36 0 72 91 86 0 0 96 0 0 0 0 28 0 12 0 0 0 0 75 80 0 0 0 0 65 0 0 0 92 0 0 0 0 0 0 0 0 0 0 0 0 0 43 0 95 0 0 89 21 62 0 0 0 0 0 48 0 0 0 33 22 0 0 0 0 0 62 0 4 0 0 0 0 0 0 0 0 0 0 0 0 0 0 0 13 0 0 41 0 45 0
0 11 0 53 0 0 0 0 0 0 0 0 0 0 96 54 27 0 0 0 34 0 47 34 50 0 0 0 0 0 0 0 0 0 51 0 0 0 0 0 0 0 0 0 0 0 45 0 90 0 53 0 12 52 0 0 77 91 0 0 0 0 0 0 0 0 30 0 40 0 0 0 0 0 0 0 0 0 0 0 0 0 0 0 0 80 0 0 0 76 0 0 6 0 0 0 0 0 0 0
8 0 0 0 0 0 0 0 0 0 35 0 40 71 0 0 0 36 0 39 0 0 0 0 0 99 0 60 0 0 0 0 0 0 0 0 0 0 0 81 26 0 0 0 0 19 0 0 0 0 0 0 0 0 0 0 0 99 0 0 0 55 0 0 0 22 89 0 0 0 0 0 0 18 86 0 0 46 0 0 0 0 0 0 36 90 3 0 0 0 0 0 0 0 0 0 0 0 0 0
0 0 0 13 0 78 0 84 97 0 0 0 0 49 0 0 0 92 0 0 12 0 4 0 0 0 0 0 0 0 0 0 0 0 0 0 0 0 0 0 0 0 0 0 0 28 0 65 0 0 67 92 49 91 0 0 0 0 0 0 0 0 0 0 0 0 0 0 73 0 93 0 19 0 0 0 0 0 0 0 0 50 0 0 0 0 0 0 0 0 96 0 0 0 0 22 0 0 0 0
62 0 0 0 19 0 0 0 49 0 0 12 0 0 0 87 66 0 0 0 58 0 0 0 0 0 0 0 0 0 0 0 41 30 0 9 0 32 0 0 0 0 0 0 0 0 0 25 0 28 0 0 0 0 52 0 0 0 93 55 0 0 91 88 0 0 0 30 0 0 0 0 0 34 0 12 57 28 0 0 72 0 0 84 0 0 0 0 0 0 0 0 0 0 21 0 0 79 0 32
0 0 0 0 0 0 0 11 0 0 77 0 0 0 20 0 0 0 0 0 44 0 0 0 0 0 0 0 0 0 86 0 19 71 0 0 0 88 0 0 0 0 0 0 28 0 18 0 0 0 0 0 0 10 32 0 18 78 0 30 11 0 84 0 98 0 0 0 44 0 0 0 0 6 0 30 0 0 0 34 0 13 0 0 6 0 0 0 0 0 0 50 23 0 0 0 0 44 0 0
0 39 0 48 0 0 13 0 0 0 0 83 0 0 0 0 0 0 0 24 0 0 67 0 100 97 0 0 0 45 0 46 0 0 98 0 19 0 0 65 94 0 0 0 0 0 0 40 0 0 28 42 7 0 0 0 40 0 0 0 0 0 0 74 90 79 0 0 0 0 35 0 1 93 0 0 9 0 0 42 9 0 0 0 63 0 0 85 0 0 0 81 36 0 70 57 0 10 0 0
0 0 0 10 0 90 0 65 0 0 0 91 0 0 88 53 89 0 0 0 0 0 80 0 0 0 0 0 17 0 40 0 0 0 0 66 31 0 0 70 0 0 0 0 9 98 0 0 0 0 0 0 0 0 0 54 41 0 0 56 0 0 0 0 39 0 0 56 73 0 0 0 0 0 42 0 0 0 81 0 0 0 0 0 0 0 0 0 8 0 0 75 0 0 81 0 47 0 77 0
0 0 0 0 62 89 0 0 0 0 0 0 3 0 41 0 0 0 0 0 0 34 0 47 0 0 0 47 0 74 0 0 3 0 0 0 0 0 97 36 0 0 71 0 0 0 0 0 0 0 0 63 15 0 0 0 0 0 0 0 0 42 41 0 0 0 0 0 18 0 95 0 0 0 0 0 0 0 0 14 74 87 0 0 64 0 0 0 0 0 0 0 0 0 0 0 0 91 0 0
0 0 0 0 0 0 0 0 0 0 27 0 41 0 0 0 76 0 0 0 22 0 0 0 0 0 96 36 0 16 92 0 4 0 0 0 0 0 28 0 0 93 0 27 0 0 0 0 0 0 0 0 31 0 0 75 0 0 75 0 60 0 88 0 0 0 0 0 10 0 17 0 0 0 0 0 0 0 0 0 97 21 0 2 0 0 88 0 0 0 0 0 38 0 0 0 0 0 0 0
0 0 0 45 0 0 0 0 25 0 0 67 0 25 0 0 0 0 68 0 0 0 0 0 14 0 0 28 27 88 0 0 0 0 49 0 68 0 0 40 0 0 0 0 0 0 0 31 0 0 0 7 0 0 0 45 0 0 0 0 0 0 0 0 95 0 0 0 0 0 0 0 43 0 8 0 0 0 55 0 73 0 0 0 0 0 0 84 0 0 0 0 0 0 0 0 0 0 0 0
0 0 45 0 0 0 0 0 0 0 0 0 0 0 0 71 0 0 0 43 77 0 0 40 0 0 0 0 0 0 0 0 0 0 93 0 0 0 92 83 0 0 0 98 0 0 0 59 0 19 0 0 23 0 0 12 0 0 0 0 0 0 0 58 0 0 94 49 66 0 0 0 0 0 0 0 0 0 0 65 0 0 0 23 0 0 29 0 0 0 0 0 0 0 0 0 0 14 0 0
54 0 0 11 0 0 0 0 0 0 0 0 91 96 0 67 41 98 0 0 97 6 0 0 0 18 0 0 0 0 56 63 0 0 83 100 0 23 0 0 0 0 24 78 30 0 0 66 37 0 0 0 0 81 0 0 0 4 0 0 0 0 0 0 0 22 0 39 0 0 0 0 0 0 0 0 0 74 35 0 0 0 0 0 0 22 0 0 16 64 61 0 0 90 0 0 0 69 0 0
0 0 0 0 0 0 0 0 58 93 0 0 0 0 0 3 25 0 0 0 0 0 59 0 0 89 0 0 0 0 0 0 0 0 0 90 0 0 0 56 0 51 0 0 48 0 0 0 0 0 0 0 37 88 0 0 97 0 48 0 0 0 79 0 0 81 0 44 0 0 0 0 0 0 29 0 75 0 11 0 0 0 0 0 0 0 0 0 0 0 0 63 0 0 0 0 0 3 74 98
0 0 0 25 53 0 0 97 0 0 0 0 0 0 0 0 60 0 0 0 0 63 63 0 0 0 0 0 0 0 0 0 42 0 0 0 0 0 0 77 0 0 86 0 0 0 11 0 0 0 0 0 43 39 0 0 65 0 0 0 0 32 0 0 0 0 0 0 0 0 62 0 1 0 0 32 0 0 0 0 0 35 0 0 0 0 0 0 0 0 0 0 0 0 0 38 54 0 0 0
0 0 0 0 0 0 25 0 0 0 0 69 0 0 0 0 0 0 0 0 0 0 0 0 0 0 0 0 0 39 0 0 42 0 0 0 0 0 31 0 0 0 9 0 0 0 0 0 0 0 0 0 0 0 37 100 0 0 0 0 13 0 0 0 26 0 29 0 53 0 0 0 0 0 0 0 0 54 0 0 77 0 0 0 0 0 0 0 0 0 9 0 0 0 0 0 0 53 5 57
0 0 0 0 0 0 48 0 0 0 92 54 0 0 0 0 92 0 0 76 0 0 13 96 0 0 0 0 0 0 0 22 78 0 0 63 0 0 0 0 41 86 0 0 51 0 0 0 0 0 0 0 0 0 0 0 0 0 34 0 0 0 0 8 0 0 0 0 0 0 27 0 82 0 0 0 60 0 0 0 100 0 0 29 0 0 0 0 0 64 40 6 75 0 0 0 0 7 0 0
100 0 0 0 0 0 0 16 47 0 20 0 0 0 0 0 0 6 0 62 0 0 0 0 0 0 0 0 0 0 0 0 0 0 0 0 4 0 0 0 0 89 0 80 0 20 0 0 0 0 1 0 0 0 25 0 0 26 83 22 0 68 0 0 0 0 0 0 0 0 0 0 0 64 0 0 0 66 0 0 0 0 0 0 0 0 49 0 0 0 49 0 0 0 0 0 40 0 47 39
0 37 0 21 0 0 0 0 0 0 0 87 66 0 0 0 0 52 38 0 0 78 0 58 0 0 2 0 0 0 0 0 0 0 0 0 33 0 0 38 0 0 0 0 0 0 0 0 0 0 0 0 0 0 0 0 8 13 38 25 0 51 0 88 0 0 0 84 41 0 0 0 75 54 0 88 0 0 34 0 0 0 90 0 0 64 0 0 0 96 83 0 99 0 0 0 10 92 0 0
0 0 0 64 0 4 0 0 0 0 42 0 0 0 0 82 25 0 0 0 0 0 79 88 0 0 59 0 0 0 0 0 0 0 0 0 0 0 4 0 0 0 0 0 0 42 0 0 0 0 0 91 0 3 98 0 0 0 0 0 0 0 0 42 0 9 0 0 0 0 0 97 0 32 36 0 0 94 0 0 0 0 0 0 62 0 40 0 30 0 60 0 0 0 0 53 0 0 0 0
0 0 56 0 61 0 0 0 0 0 0 0 0 0 11 22 0 0 15 0 0 0 0 0 0 57 47 29 0 0 75 0 0 0 0 0 0 97 0 0 67 0 0 0 0 0 0 0 4 0 0 79 34 0 100 0 0 0 0 20 0 0 0 0 0 0 96 34 0 41 0 0 0 33 0 0 98 13 0 19 97 0 0 0 0 57 0 0 0 0 0 0 0 0 47 0 0 0 85 0
55 0 0 0 0 0 0 0 0 0 0 0 29 0 0 0 0 0 0 0 11 0 0 0 0 0 0 0 51 0 0 0 19 0 0 0 0 79 0 0 48 0 32 78 0 0 65 46 0 69 0 0 0 0 0 0 0 0 0 0 0 99 0 82 38 37 0 99 80 0 0 56 29 0 0 2 0 0 0 0 75 0 16 0 0 0 0 61 11 0 0 0 0 0 0 0 0 0 0 0
0 12 0 0 0 0 0 0 0 0 0 0 0 0 92 0 0 0 0 0 0 0 95 0 4 0 0 0 0 0 90 73 0 0 45 0 0 0 0 0 0 0 0 0 0 42 0 0 46 0 0 0 0 0 0 0 0 0 0 92 0 0 0 0 0 0 0 0 79 0 0 0 0 0 0 18 0 0 0 0 0 0 0 0 0 0 0 65 0 0 25 0 0 0 0 0 0 0 0 5
75 0 0 0 0 0 0 0 0 0 0 0 0 0 60 0 27 79 56 0 94 0 0 0 0 0 0 0 0 0 0 0 88 0 0 1 0 0 0 78 8 0 0 0 0 0 0 0 8 51 65 0 0 21 0 0 0 6 0 12 51 0 17 0 0 82 92 0 0 0 0 0 0 93 8 75 0 0 65 0 0 72 91 0 8 0 98 78 97 0 56 0 0 52 0 0 0 0 0 0
0 0 0 0 0 19 10 0 0 0 84 0 0 0 31 0 0 0 0 0 0 66 0 0 29 0 0 68 0 0 0 79 0 0 0 0 0 0 0 0 0 95 0 75 0 0 14 0 0 34 0 4 0 0 83 0 27 0 0 0 0 0 0 0 0 0 0 0 0 0 0 32 0 0 0 0 0 0 98 79 58 0 0 0 45 0 0 0 91 0 0 0 0 0 0 22 0 0 0 0
0 0 73 43 0 0 0 0 0 0 0 0 84 0 94 0 44 0 0 0 0 0 0 0 0 0 0 0 0 0 0 0 0 0 0 0 0 54 0 53 0 27 58 0 81 47 0 0 0 57 0 0 28 0 0 31 0 0 34 0 0 0 0 0 0 93 0 0 0 0 0 0 0 0 0 60 0 0 0 0 0 0 0 6 0 0 0 0 0 0 0 0 0 72 16 0 18 0 97 0
0 0 0 0 0 0 0 0 0 0 0 0 0 0 0 38 38 0 0 56 0 0 0 1 0 0 0 29 0 0 0 0 0 0 0 0 0 0 0 0 0 0 78 0 0 0 0 86 0 0 0 95 22 59 0 0 0 0 81 35 0 0 7 53 0 0 0 55 53 22 0 65 0 0 54 0 0 0 66 0 0 0 0 22 0 20 0 0 0 0 0 0 0 0 0 0 41 43 0 0
41 0 0 0 0 0 0 0 0 0 0 0 0 0 0 0 0 0 0 17 0 36 0 0 29 0 0 0 24 0 0 0 0 0 0 0 25 0 0 64 0 0 19 0 0 0 0 0 0 3 47 0 0 0 0 0 0 13 0 0 66 32 73 0 25 0 30 0 0 0 0 0 91 59 0 5 0 0 0 0 0 2 0 0 0 0 54 0 0 41 0 57 11 0 0 0 0 0 70 0
0 21 0 0 0 0 0 0 0 0 0 43 0 0 0 0 0 5 0 0 0 8 0 0 0 57 0 0 0 44 0 32 0 0 0 0 0 0 0 0 0 0 0 0 0 17 0 0 0 0 93 0 0 0 0 0 0 0 0 0 0 0 0 0 10 98 0 100 0 71 0 7 0 15 0 0 0 40 0 0 0 0 0 0 0 0 0 0 65 0 24 0 0 0 0 66 17 0 33 9
0 0 0 95 0 0 50 0 53 0 0 0 0 0 0 0 0 0 0 0 0 30 28 80 0 80 0 0 0 0 0 0 96 93 2 0 0 11 0 0 0 0 0 0 0 9 0 0 0 0 44 0 21 0 0 0 62 0 0 46 100 0 0 0 0 76 0 0 0 0 0 0 0 0 0 0 0 0 0 0 0 0 0 86 0 0 15 0 0 0 0 0 0 8 51 0 0 8 0 0
0 0 0 0 0 65 0 75 80 0 0 0 0 0 0 0 0 0 0 4 0 0 52 0 63 34 95 0 0 0 0 80 25 0 0 0 30 87 0 0 0 0 92 0 16 0 35 0 0 0 0 0 0 0 0 0 0 0 0 0 62 0 0 0 0 67 0 0 0 3 0 61 45 0 0 0 0 51 0 0 0 0 0 0 0 15 74 3 0 0 0 99 0 0 0 0 0 0 28 7
0 0 0 61 0 0 0 82 0 0 0 0 93 0 0 0 0 0 0 0 69 0 0 0 0 89 0 0 0 0 0 93 0 11 68 0 0 57 7 38 0 0 0 0 0 70 19 0 0 0 0 0 90 0 0 44 50 27 46 0 80 0 0 0 0 0 0 55 0 0 0 0 66 0 0 0 0 0 0 0 0 0 0 90 0 0 0 0 3 94 0 0 1 0 0 94 0 0 0 86
27 0 0 25 0 63 0 0 0 0 0 15 0 0 0 0 0 0 0 0 46 0 0 0 13 0 0 0 0 99 0 0 0 0 0 0 0 0 0 54 0 0 0 0 0 0 0 0 0 0 0 0 0 0 0 0 0 0 0 94 0 0 0 92 43 78 55 0 0 0 50 0 0 74 0 2 66 0 0 0 0 0 0 0 0 0 56 0 0 0 0 0 0 0 0 0 0 0 0 0
0 0 72 12 0 46 0 0 56 0 0 0 57 0 0 0 0 0 57 0 0 0 0 0 0 0 12 0 70 0 0 0 0 0 0 83 37 0 0 0 18 32 0 0 0 0 0 0 0 98 0 0 0 0 0 0 58 0 0 0 0 81 0 93 0 11 0 29 0 73 0 65 0 78 0 0 0 0 0 52 0 0 0 0 0 0 0 0 0 0 42 0 0 49 0 0 0 0 0 0
0 28 35 0 0 85 52 0 74 0 23 18 0 0 0 0 0 0 12 0 0 0 87 0 0 0 0 0 88 0 76 0 0 75 0 62 0 0 0 0 0 0 88 0 0 0 0 0 34 0 61 0 8 52 0 0 0 0 0 0 0 98 0 0 36 0 0 0 0 0 0 0 0 0 0 0 0 0 92 0 0 0 0 0 0 0 38 0 0 0 0 0 0 0 31 0 75 0 0 0
0 1 0 0 74 0 0 22 49 0 31 38 0 0 65 0 0 0 53 0 60 0 72 0 0 0 67 46 0 0 0 0 0 0 0 0 77 0 0 83 32 0 0 0 0 0 0 5 0 0 0 82 0 26 0 1 21 0 0 83 0 0 0 0 0 16 0 0 0 0 0 0 0 0 95 0 0 0 0 0 71 61 0 61 0 46 0 29 0 0 16 0 0 0 53 0 0 0 0 0
52 0 0 99 0 0 0 0 0 10 32 0 92 42 66 30 0 0 4 3 0 28 54 0 35 0 56 29 0 0 0 0 0 0 0 0 0 98 9 0 0 94 0 0 66 0 77 63 0 0 33 0 61 0 0 0 0 0 0 0 0 0 67 0 89 0 0 0 0 0 0 0 0 4 0 0 0 34 0 0 0 0 14 0 0 0 0 36 0 0 0 0 0 0 0 0 0 0 0 35
86 0 0 0 0 0 0 42 0 9 0 0 0 0 73 0 0 0 0 0 0 0 0 0 0 0 0 0 0 0 0 0 0 0 0 0 97 0 0 0 0 0 0 0 0 64 2 0 0 0 0 0 0 40 0 0 0 0 0 0 0 0 99 55 0 0 47 47 0 0 48 0 0 0 45 0 0 0 71 83 0 0 0 0 0 0 64 44 0 2 0 0 17 0 18 0 0 0 0 87
0 0 79 0 0 0 0 0 0 0 0 0 0 0 0 0 0 0 0 0 0 99 0 0 0 0 0 0 0 98 0 0 8 0 37 0 0 0 0 49 0 0 7 0 0 7 0 0 0 0 0 0 12 0 0 0 0 0 0 0 26 0 90 0 0 37 0 0 0 0 0 0 46 18 91 0 66 0 61 0 0 0 0 0 0 86 0 0 0 0 95 56 7 50 41 14 0 0 0 61
0 0 57 0 0 0 91 0 61 0 80 0 30 0 68 0 0 0 0 0 0 0 0 0 74 0 0 0 0 0 0 0 0 0 0 0 30 0 0 81 0 39 0 58 0 0 0 0 0 96 0 47 0 0 14 41 0 0 0 0 22 0 0 0 18 0 0 0 0 52 0 0 0 0 0 0 52 41 0 0 0 0 0 0 0 0 36 70 82 0 0 0 0 10 0 0 0 0 0 0
0 52 0 36 0 44 49 0 0 0 0 44 77 0 0 0 0 0 0 66 0 20 0 0 0 0 0 35 0 79 0 0 0 0 0 0 0 0 0 9 0 84 0 89 0 0 0 73 41 0 0 0 88 0 0 0 0 0 0 29 7 0 7 0 0 27 24 0 20 0 0 0 29 67 0 0 88 71 34 0 35 0 0 0 0 96 0 0 0 0 0 0 0 0 0 0 0 0 0 0
42 0 0 0 0 0 0 0 82 0 0 64 88 84 0 0 0 0 0 0 0 0 0 6 0 0 0 10 0 0 0 0 0 42 64 0 47 0 0 0 0 0 0 98 84 0 67 0 0 0 0 0 0 0 0 0 0 0 77 99 0 50 0 61 0 0 0 0 0 0 0 30 0 0 0 0 0 0 0 0 0 43 0 0 83 0 0 17 5 0 69 87 50 0 7 0 0 0 0 0
0 0 50 95 0 0 0 0 0 71 0 0 98 52 0 0 0 0 0 30 0 39 0 0 0 0 0 0 95 0 0 0 96 0 35 0 7 91 0 33 0 0 0 0 0 0 0 0 0 31 0 0 0 0 0 0 27 71 47 0 0 0 0 83 0 18 0 91 0 0 0 0 0 0 0 0 52 0 0 0 0 25 0 0 0 0 0 0 9 0 0 61 0 0 61 0 0 0 0 0
20 87 43 0 0 0 74 0 0 0 0 0 0 0 0 0 97 0 0 62 0 0 80 0 49 0 0 0 15 0 0 0 0 0 0 0 0 0 50 8 0 31 0 68 12 0 0 0 0 0 0 0 0 0 0 0 0 0 0 0 88 56 0 0 0 0 0 41 0 0 0 0 0 45 0 0 98 0 0 0 0 0 0 0 0 0 15 0 0 0 94 0 0 0 0 0 0 0 0 0
0 0 0 87 0 0 0 0 85 78 0 0 0 0 0 0 44 0 13 0 0 0 0 79 0 0 0 0 0 29 0 0 0 0 16 38 0 0 0 0 0 0 0 0 1 62 0 0 66 0 0 0 0 0 0 14 0 0 0 0 47 82 0 0 0 0 88 0 0 27 7 13 10 61 0 0 0 0 100 0 0 0 0 0 0 0 0 0 96 0 0 0 0 0 83 75 0 0 0 0
11 0 0 0 98 84 0 0 0 0 38 0 79 0 0 0 0 16 0 0 0 0 0 0 0 0 0 0 0 0 0 0 16 0 66 0 73 0 0 0 0 0 0 0 0 0 0 42 86 0 53 69 54 0 0 0 88 0 0 0 0 0 0 0 0 0 0 4 94 0 0 0 0 0 0 0 0 88 0 67 0 0 14 0 88 0 0 0 0 0 0 0 0 78 0 0 89 43 49 0
0 0 0 39 20 0 0 0 0 0 0 70 5 0 9 0 0 0 0 0 0 0 0 0 59 0 0 0 0 51 0 65 0 0 80 93 0 29 77 0 0 0 48 0 0 0 46 0 0 0 82 0 0 0 0 18 0 0 0 0 0 0 0 0 0 11 0 0 36 66 0 0 0 48 0 0 0 0 0 0 0 0 73 0 0 0 0 0 0 0 0 43 0 15 21 0 0 0 0 0
0 0 0 0 86 3 0 0 1 14 0 0 0 0 0 89 0 0 0 0 0 0 0 0 0 0 0 0 62 0 0 83 0 0 0 58 0 13 0 0 81 0 0 9 49 0 0 28 0 0 98 0 0 0 0 0 0 0 0 36 50 0 0 0 0 8 86 0 0 38 50 0 97 28 0 0 0 0 0 0 0 0 9 0 0 77 57 0 74 0 0 0 55 46 0 0 0 19 37 91
0 91 0 36 50 30 0 0 2 0 0 19 0 0 53 0 0 0 14 64 0 0 0 0 22 0 0 0 0 0 0 60 0 14 0 0 0 0 0 0 96 0 0 0 0 0 0 0 4 43 3 0 90 0 0 22 84 46 0 6 0 0 67 0 0 0 0 24 0 0 0 22 0 49 39 26 0 0 0 0 0 31 0 0 0 0 0 0 78 0 0 0 0 0 40 0 37 52 7 0
65 50 34 0 3 66 0 0 0 38 73 88 68 0 76 57 0 0 70 0 0 0 68 0 0 42 0 0 0 0 0 58 0 0 0 4 0 17 0 99 0 30 0 10 0 0 15 0 0 0 0 0 0 0 0 50 22 0 0 0 40 0 0 83 0 0 0 0 0 0 0 39 0 5 9 0 0 54 0 44 0 0 0 0 0 42 0 0 0 0 0 0 0 0 0 0 0 27 0 0
78 0 0 0 0 0 0 0 0 67 0 0 0 0 17 0 0 0 0 67 0 0 0 0 0 0 29 0 0 0 0 0 0 0 0 0 0 64 0 0 0 0 0 3 0 0 86 31 0 0 0 0 0 0 0 0 0 0 0 0 0 0 0 0 0 0 0 0 0 0 0 52 74 16 0 0 0 0 0 0 41 29 0 71 0 0 0 0 0 44 0 50 89 0 27 0 0 0 0 0
0 0 0 0 0 0 0 1 0 0 0 0 0 4 0 93 0 0 68 0 0 0 0 17 75 0 5 0 98 0 68 0 0 0 0 0 0 0 0 0 0 0 0 0 0 0 0 0 0 0 0 0 0 69 0 0 0 0 0 0 0 82 0 0 0 36 0 0 3 0 0 0 0 0 0 0 15 12 0 29 0 0 71 0 0 0 37 0 76 0 0 0 0 28 62 0 0 55 0 0
5 53 0 0 0 0 0 0 0 7 0 0 0 59 0 0 91 0 95 0 0 70 0 0 0 0 94 0 49 49 0 0 0 0 0 0 0 85 0 0 0 0 62 0 79 0 59 0 0 0 22 0 0 0 0 10 0 56 0 0 0 0 0 36 0 0 0 22 23 0 0 0 0 0 0 0 0 30 0 0 0 0 20 0 0 0 0 0 81 83 0 0 0 58 0 0 0 97 0 0
0 5 0 0 0 0 0 77 19 0 54 50 0 0 0 0 0 0 55 0 63 0 34 0 0 6 94 0 0 46 0 0 0 0 0 0 0 0 100 0 92 0 76 0 0 79 16 0 73 0 0 0 0 0 0 0 0 0 0 0 100 0 37 0 86 58 0 0 0 61 0 0 0 0 0 0 0 0 0 96 0 0 64 0 0 0 0 0 0 28 24 0 29 52 0 46 0 0 0 99
96 0 94 30 0 54 0 0 16 76 0 0 0 0 0 0 0 0 68 0 0 0 0 0 0 65 0 0 0 0 0 74 0 38 0 0 0 66 0 1 0 0 0 60 0 68 0 31 0 89 59 9 0 100 0 0 0 0 0 0 86 23 0 0 55 87 57 68 20 8 0 0 80 0 59 0 0 0 30 0 97 0 0 0 0 0 0 0 0 22 0 52 0 37 45 56 58 55 0 0
0 0 49 59 0 13 0 0 0 0 0 0 0 0 0 0 0 4 0 0 0 15 0 0 0 0 0 0 0 0 73 0 49 0 82 0 74 0 0 0 33 0 82 0 0 0 0 0 0 18 0 0 35 0 0 0 0 41 0 0 0 0 0 0 61 0 0 0 25 0 0 0 0 0 0 0 0 0 0 0 0 0 0 0 0 86 0 0 0 25 0 0 45 0 0 0 0 0 52 0
0 61 0 0 0 0 0 11 0 0 0 0 64 0 0 0 0 0 0 0 0 88 0 0 0 55 0 0 0 0 42 0 21 0 0 0 0 81 0 15 0 0 0 0 0 0 0 0 0 0 0 0 0 44 0 58 0 15 0 0 0 35 0 0 0 0 0 25 0 0 0 0 0 0 0 85 0 0 0 0 0 0 0 0 0 0 0 0 87 78 0 0 89 0 0 95 90 0 32 0
0 0 0 82 58 6 0 0 86 33 84 0 84 0 64 0 0 27 34 0 1 0 0 52 0 0 0 0 81 0 0 46 0 0 0 100 70 0 0 0 0 0 6 18 43 0 0 0 0 0 0 0 0 0 0 0 0 0 0 0 0 0 0 0 0 35 0 0 8 0 0 0 0 0 0 65 32 79 0 0 0 0 21 0 0 10 0 77 0 0 0 0 0 0 0 0 0 0 23 0
0 0 0 0 0 0 0 0 0 8 0 40 0 0 0 0 0 86 0 0 0 0 0 38 0 0 0 0 55 0 0 0 0 0 0 0 0 39 0 0 0 25 0 0 0 0 82 0 77 52 0 0 0 0 0 0 16 0 0 78 0 0 0 55 88 0 0 0 0 0 0 0 41 0 0 56 0 0 74 0 62 0 0 0 0 0 0 0 0 0 0 20 13 0 25 39 0 0 0 0
0 0 0 0 0 0 0 0 0 36 0 0 0 0 0 0 0 53 96 0 0 0 99 37 48 0 0 0 0 0 0 22 55 0 72 29 0 0 0 0 0 0 81 0 0 15 0 0 0 46 0 0 30 0 0 0 0 22 0 0 0 0 0 0 0 0 0 0 84 80 0 0 0 70 0 0 0 0 97 0 0 0 0 0 0 0 0 0 0 0 44 87 0 0 0 76 0 0 0 0
0 0 29 0 0 0 0 0 24 0 26 0 0 0 92 0 0 56 19 0 0 0 34 0 4 0 0 0 0 0 19 64 0 63 0 0 0 0 0 0 0 28 0 0 55 0 38 0 0 0 0 0 0 0 80 0 0 0 27 0 0 0 0 0 0 0 0 0 70 7 94 0 0 0 0 0 83 0 0 24 88 0 0 0 0 49 48 42 0 0 0 35 0 10 0 0 0 0 0 0
0 51 0 0 0 0 2 0 0 0 0 31 85 0 0 0 0 0 0 0 0 0 95 0 52 0 0 0 0 0 0 22 0 0 11 0 0 0 17 0 0 0 0 0 0 0 0 0 53 0 0 0 0 0 0 0 84 0 0 0 0 0 0 0 0 0 0 0 0 0 79 0 0 0 90 0 0 0 0 0 0 0 0 0 37 0 12 0 0 58 10 0 0 0 0 0 6 60 15 26
0 0 0 0 0 15 0 0 0 0 0 9 0 0 0 0 0 0 35 0 0 0 93 0 95 0 0 0 11 0 0 50 0 0 0 0 0 0 0 0 0 0 0 0 0 40 0 94 0 0 95 0 1 0 0 0 35 0 95 0 0 0 0 0 0 0 0 0 75 41 0 0 53 0 45 53 3 0 0 0 46 0 96 2 0 80 0 0 0 88 0 0 0 0 0 0 78 0 0 66
0 0 0 0 0 0 0 0 0 1 0 0 0 0 0 3 0 67 43 0 0 0 0 0 0 0 0 0 11 0 0 0 0 89 96 0 0 0 52 0 0 0 0 0 0 0 67 0 0 8 0 54 71 0 0 0 0 0 28 0 0 0 0 0 0 0 27 0 27 0 0 0 34 0 0 40 0 20 0 0 0 55 0 0 46 0 0 0 0 71 0 0 0 0 0 15 91 0 28 0
0 0 0 0 0 0 70 0 91 0 0 75 0 27 0 0 0 0 0 0 0 0 0 0 0 0 85 57 0 0 29 0 0 0 0 0 0 0 0 65 0 0 0 0 0 0 0 14 0 59 97 2 0 0 0 74 0 0 0 0 48 0 0 0 0 0 0 98 0 0 0 0 0 0 0 0 0 0 64 0 0 0 0 0 0 0 29 0 0 0 0 0 0 0 0 73 0 33 90 0
0 0 0 0 0 99 0 0 0 84 0 82 0 0 0 0 0 73 0 0 0 0 0 0 0 0 0 0 0 0 89 0 100 0 0 0 31 0 0 0 13 43 0 0 0 0 0 81 0 0 55 59 32 0 0 0 14 0 0 0 72 0 0 0 97 0 0 0 0 0 0 0 0 100 0 12 0 55 67 0 0 0 0 0 0 0 46 0 0 0 52 74 0 36 0 0 74 0 0 0
0 66 0 0 0 34 51 0 0 0 0 0 0 0 0 0 0 0 99 63 0 0 0 90 0 0 0 18 0 0 0 50 42 0 0 0 0 82 83 0 0 56 0 0 0 0 0 0 0 0 22 0 0 0 0 48 0 0 0 1 0 0 60 0 0 0 0 0 0 67 0 0 0 0 0 0 0 0 0 63 0 0 0 0 0 36 43 0 0 0 0 0 0 0 0 0 0 0 0 84
0 0 0 0 0 0 75 0 55 0 0 0 0 0 51 0 72 33 0 0 94 0 68 0 0 0 0 0 0 0 0 0 0 44 0 0 0 88 0 0 0 0 0 65 0 100 0 0 32 0 52 0 24 0 0 41 0 88 0 0 51 0 22 0 0 97 32 37 63 0 0 0 69 0 0 0 0 0 0 56 0 0 0 0 0 0 0 0 49 45 0 0 0 0 22 0 0 0 0 0
0 0 0 0 78 8 0 0 0 4 0 0 0 0 0 0 24 0 0 0 0 0 0 0 0 0 60 89 0 0 0 0 0 88 0 0 0 0 17 0 0 0 76 0 69 0 0 0 0 49 0 0 3 0 0 4 0 14 0 0 0 70 0 0 98 77 70 0 0 80 0 78 0 0 0 44 79 0 0 93 0 0 0 0 0 0 0 0 62 0 0 0 60 0 0 0 0 0 14 0
0 28 0 0 0 0 0 0 78 59 0 0 0 0 3 0 0 14 0 0 25 0 0 0 0 0 73 0 0 0 9 0 53 0 0 0 0 0 0 0 26 0 74 15 0 0 0 0 0 0 0 34 0 0 0 0 0 0 0 0 0 76 21 0 0 0 0 15 48 0 0 0 0 0 0 0 0 0 0 0 0 45 0 0 0 0 0 0 86 0 0 67 0 0 0 80 41 56 0 0
0 0 0 100 0 0 0 0 0 0 0 0 0 86 54 0 0 39 44 0 0 0 0 0 5 0 0 0 30 37 0 0 0 0 0 0 14 25 85 32 0 0 0 0 97 0 0 0 0 0 0 0 0 0 0 14 0 0 0 0 0 42 7 0 0 0 0 20 0 0 84 33 0 0 0 0 0 43 24 0 0 0 0 0 0 2 0 0 0 0 0 81 0 0 23 0 83 0 31 0
0 0 0 37 0 92 74 48 0 0 0 42 0 0 0 0 0 0 0 0 0 0 0 0 0 77 0 0 0 0 0 0 82 0 6 49 0 0 0 0 0 80 0 14 0 0 0 0 0 0 2 0 0 0 0 0 0 22 0 0 0 0 25 61 0 0 85 0 0 0 0 47 0 0 0 0 0 0 0 18 62 0 42 0 61 91 0 0 0 0 27 73 0 0 0 94 0 0 0 0
69 0 0 0 0 0 0 0 0 13 4 0 0 0 0 0 0 0 0 0 0 0 0 17 0 0 0 0 0 0 0 0 70 0 0 0 0 0 0 0 92 0 0 0 0 0 0 28 0 0 0 0 0 0 0 0 0 0 0 75 19 0 0 0 0 0 0 86 39 0 0 0 14 0 0 0 0 0 0 0 0 0 0 99 0 0 0 0 0 98 0 0 0 53 20 0 0 0 0 71
54 0 7 0 0 0 0 0 0 0 0 6 0 3 0 98 0 0 0 48 0 0 0 0 0 0 0 0 0 0 80 97 0 0 0 0 0 16 72 0 0 0 0 0 0 0 0 0 0 66 0 0 0 0 0 0 0 22 0 40 0 0 4 0 0 0 0 0 0 0 0 0 0 74 0 0 0 0 0 0 0 0 100 55 0 0 0 0 89 66 0 98 0 0 21 0 0 0 0 0
43 0 0 5 0 0 0 58 0 20 0 0 86 0 0 0 96 0 73 0 0 75 100 78 0 0 0 0 64 0 24 0 0 0 0 0 30 0 0 0 0 0 37 0 39 0 0 0 0 70 0 0 0 0 0 0 0 0 78 0 0 0 0 67 0 0 79 0 0 0 0 5 0 0 58 0 0 0 0 44 0 0 0 0 56 0 0 0 0 67 72 0 75 88 0 0 0 0 0 55
0 59 0 0 0 85 0 0 0 35 0 0 0 0 0 0 0 0 13 0 2 0 0 25 0 0 25 0 0 45 0 0 0 0 0 0 0 32 0 0 38 0 15 73 0 0 0 0 0 49 0 0 0 0 0 0 0 0 0 0 14 0 0 0 0 96 48 0 69 0 0 0 0 0 99 0 0 62 0 0 27 0 33 0 0 0 0 0 0 0 79 0 0 0 54 0 9 33 0 0
0 0 0 0 0 0 0 0 0 0 0 59 0 0 11 0 0 0 0 51 0 5 0 0 70 0 0 0 0 0 0 0 0 45 0 14 0 8 9 0 50 0 0 0 32 43 0 68 0 0 0 0 0 0 0 0 0 0 0 0 0 36 0 55 0 0 0 0 75 0 0 0 0 0 0 0 0 32 27 0 66 0 0 0 0 0 72 25 13 0 0 0 0 0 0 0 45 0 0 73
0 0 18 85 0 0 0 17 0 0 0 0 0 0 0 61 0 0 0 68 0 0 89 0 79 0 10 0 22 0 0 0 0 0 28 71 0 72 0 0 0 11 0 0 85 0 0 0 0 0 0 16 74 0 47 0 17 0 0 0 0 9 0 0 0 0 15 73 0 0 0 0 32 0 0 0 26 19 52 4 0 0 0 0 0 0 0 0 0 61 9 16 88 0 0 28 0 0 53 0
0 0 80 76 0 0 0 87 0 0 91 0 28 0 0 2 78 0 0 0 0 0 0 0 0 0 24 0 0 72 0 0 0 86 89 0 0 0 39 0 0 0 0 0 40 26 0 0 0 0 0 0 0 0 0 0 0 0 0 12 0 0 0 0 47 0 89 32 0 0 0 0 0 0 0 81 0 0 25 0 0 90 65 58 0 0 0 96 0 0 0 0 53 0 65 0 0 0 5 0
0 0 0 0 59 0 70 0 1 0 75 0 0 0 0 0 0 0 0 0 0 0 0 93 0 0 0 0 20 0 0 0 0 0 0 80 25 0 0 7 0 0 0 0 60 0 50 0 11 44 0 0 0 0 0 0 0 97 0 0 0 0 0 0 0 0 0 13 0 57 24 0 0 0 0 0 0 4 78 0 0 0 0 47 97 35 62 86 0 0 55 15 0 0 0 47 0 0 0 0
42 64 0 0 0 0 0 0 0 0 0 0 0 0 0 0 6 0 36 0 42 0 0 0 0 0 0 0 0 0 2 0 0 0 0 0 0 56 98 0 0 99 0 0 89 0 0 32 93 0 0 0 96 22 33 69 29 35 0 0 0 0 49 0 0 0 70 0 0 0 56 0 0 89 0 0 0 65 0 0 0 59 0 0 26 0 0 0 57 0 0 0 0 0 0 37 0 0 0 0
0 2 82 0 0 0 0 0 93 0 35 31 0 0 0 0 0 0 43 0 70 0 23 42 0 0 0 0 0 0 31 0 61 0 0 0 0 49 0 0 0 0 0 0 0 85 0 56 0 0 0 0 11 0 0 39 11 0 0 0 88 0 0 81 0 0 0 13 0 0 0 13 25 0 81 0 86 0 44 0 0 15 0 0 48 0 90 0 0 0 0 0 0 85 0 0 0 0 0 0
0 0 0 0 0 0 0 0 0 0 0 4 0 72 76 0 82 0 0 0 0 17 46 0 0 0 0 0 41 85 31 0 0 0 0 0 0 60 0 24 0 0 0 0 87 0 0 17 0 0 94 0 0 0 0 0 0 0 0 0 0 0 0 0 0 0 0 0 0 39 0 0 0 0 0 0 82 0 0 0 23 0 0 0 95 0 0 0 0 0 41 0 0 0 0 0 0 0 0 0
0 42 0 0 81 0 0 0 0 0 84 0 80 0 0 0 0 0 73 0 0 0 0 99 0 20 0 0 25 0 0 67 0 0 0 34 46 0 94 83 0 0 0 82 0 42 0 0 0 0 0 0 46 0 0 0 0 0 62 0 0 0 0 0 0 0 0 71 0 0 0 0 0 80 0 86 0 0 0 0 0 18 0 0 0 29 0 0 0 77 27 0 0 0 0 0 3 0 13 0
70 0 89 0 50 0 0 0 0 0 0 60 0 0 0 43 0 63 0 0 0 0 0 0 0 0 49 16 0 0 14 0 54 0 81 0 0 63 0 36 75 0 0 0 29 74 1 0 0 0 0 0 54 31 0 0 0 0 36 0 0 91 0 0 0 0 0 0 0 6 0 91 20 0 0 0 73 28 0 19 0 100 0 0 0 0 0 22 85 0 0 0 28 78 61 0 0 0 0 0
0 0 0 0 0 0 56 0 0 0 66 0 0 59 0 0 0 0 0 98 0 0 0 18 27 63 97 0 73 50 75 0 0 26 0 0 31 0 0 0 0 0 0 0 71 0 0 5 50 0 0 9 0 0 0 24 0 0 0 21 0 48 0 0 0 0 0 21 0 35 0 0 55 0 0 14 64 0 0 0 0 0 0 0 54 0 0 0 70 0 0 72 0 0 0 0 0 0 0 0
0 0 6 51 0 0 25 0 0 0 99 0 65 0 0 0 32 0 0 0 0 0 49 0 0 84 95 0 0 0 26 0 0 0 0 0 0 0 80 0 0 0 0 11 0 0 23 0 0 30 0 0 0 0 0 0 6 83 0 0 3 0 0 0 0 0 0 0 0 0 94 21 0 0 0 12 0 96 0 0 98 0 78 0 0 0 0 19 0 17 0 27 0 0 0 0 0 0 0 0
74 0 0 0 0 0 70 0 0 70 55 0 0 0 0 0 11 0 0 57 0 0 0 35 0 0 48 89 0 0 0 0 0 0 0 0 0 0 0 0 0 0 0 0 6 0 23 0 30 0 42 0 0 0 0 68 0 4 0 0 0 0 0 85 0 0 0 0 0 0 0 67 0 35 0 0 90 0 0 0 21 0 0 54 23 84 79 99 0 0 0 0 27 25 0 0 0 0 0 0
65 0 28 0 0 0 0 0 94 0 82 0 0 0 0 0 85 0 5 0 0 0 0 54 0 0 0 0 0 0 42 0 0 0 0 0 0 0 0 0 0 0 0 0 0 87 0 0 0 0 0 0 60 0 0 1 0 0 0 0 87 0 0 0 0 0 0 71 0 0 0 0 0 0 62 0 27 0 17 46 0 0 0 0 0 0 0 16 0 0 46 0 31 0 78 0 0 0 0 81
0 76 72 0 0 0 0 0 0 96 66 66 67 0 0 0 0 0 0 0 0 0 0 0 0 0 0 0 0 16 60 69 0 0 0 0 0 96 0 0 0 0 0 0 0 9 0 90 98 0 7 10 78 0 0 97 71 60 0 95 0 0 0 0 68 0 39 0 0 0 0 0 0 0 0 0 74 0 0 0 0 1 0 0 94 0 12 0 0 22 0 0 0 0 37 0 0 0 0 0
0 0 0 0 0 0 18 0 0 94 0 0 0 0 0 0 0 0 10 0 0 0 0 0 0 0 48 0 58 0 0 14 0 0 0 0 0 91 0 0 0 0 30 0 0 22 0 97 0 36 0 76 0 0 0 0 0 0 0 0 0 0 0 74 0 81 0 0 63 0 0 0 0 0 0 0 0 58 59 19 0 64 0 0 0 86 0 0 0 0 0 52 0 0 0 0 35 0 0 0
4 82 0 0 88 0 0 0 0 52 0 0 11 93 58 16 0 0 15 0 39 0 0 0 0 0 0 82 0 0 0 0 28 64 0 0 0 0 0 0 0 0 0 0 20 0 0 0 0 98 0 22 0 43 0 0 66 0 0 79 0 0 0 72 0 0 0 0 0 0 0 0 0 0 20 69 0 0 0 56 0 0 0 0 0 0 36 0 0 0 0 0 0 0 0 99 9 0 0 0
0 0 0 0 0 0 0 0 0 0 0 0 0 19 0 37 0 0 0 100 0 0 0 0 0 0 0 0 0 0 0 0 0 0 0 0 54 0 56 52 0 0 0 77 0 0 0 84 0 0 0 57 85 0 52 0 0 0 0 0 85 84 0 0 0 0 47 0 0 0 44 0 0 0 0 0 0 0 54 0 0 0 0 0 0 0 62 54 0 0 0 0 0 6 0 31 0 23 82 0
76 0 0 0 0 5 0 0 0 0 0 0 0 0 0 0 0 6 79 0 0 31 0 0 0 0 0 0 0 0 0 0 0 75 0 0 0 0 90 0 0 0 0 0 0 0 0 0 0 0 0 0 0 0 0 86 0 0 0 0 0 0 26 63 67 0 57 0 0 0 0 0 0 0 95 39 0 0 0 0 0 0 57 94 0 0 0 0 0 74 0 72 0 0 0 0 13 0 0 83
99 0 0 20 0 49 0 0 0 45 0 77 57 0 0 0 0 0 0 0 0 45 0 0 0 0 0 0 0 0 0 0 31 0 0 0 0 93 0 0 0 0 0 0 0 57 0 0 0 0 0 88 88 88 0 0 0 0 0 0 0 0 54 0 0 0 15 0 0 0 0 15 0 0 0 0 0 0 0 0 0 87 0 0 75 0 0 44 0 0 0 0 0 0 85 0 0 0 0 0
0 0 0 0 0 0 41 0 0 0 0 0 0 0 0 39 0 0 0 0 0 0 0 0 0 0 0 0 0 0 0 0 12 0 0 0 0 0 0 0 0 0 0 0 0 0 13 0 0 88 0 18 27 0 62 0 95 0 0 65 0 0 0 0 0 0 0 0 38 92 0 13 0 80 0 0 0 0 0 0 0 0 19 0 0 0 12 0 0 0 0 88 0 0 0 0 94 84 0 0
0 33 0 0 0 98 0 0 0 0 46 0 95 0 0 0 42 99 40 0 0 0 0 0 0 20 0 0 0 0 24 0 0 0 0 0 0 22 0 50 0 0 98 17 0 0 0 0 0 48 0 0 0 62 0 0 0 70 0 0 0 0 0 0 0 0 0 0 0 0 0 6 0 0 0 0 0 49 0 0 91 0 0 0 0 90 20 0 0 0 0 0 0 0 0 0 86 0 0 70
0 0 0 10 30 0 60 0 0 0 0 0 0 0 45 0 0 0 0 0 0 95 0 0 55 0 0 43 0 0 56 0 0 0 0 0 0 0 0 0 0 4 0 0 0 0 0 0 0 68 0 34 0 0 0 52 0 0 0 0 0 80 0 0 0 0 13 0 0 68 0 60 0 0 0 0 57 0 0 0 0 22 0 0 0 13 0 0 0 0 0 3 0 0 24 0 0 0 94 55
0 0 0 0 0 9 0 0 0 0 64 80 0 0 92 0 0 0 69 0 0 0 0 0 62 0 0 0 0 0 0 35 38 0 0 0 0 0 0 0 85 90 0 0 0 97 0 0 0 0 0 0 0 0 0 0 0 78 0 0 0 0 24 0 0 7 0 0 0 40 48 0 93 0 2 0 83 0 0 0 0 0 0 0 0 0 0 0 0 6 0 0 0 0 0 0 33 18 0 56
0 0 0 0 0 0 0 0 0 0 0 0 0 0 0 0 0 0 96 0 0 0 0 61 67 0 0 0 20 0 0 0 0 0 0 9 28 0 0 37 0 35 0 0 75 0 0 43 0 23 0 0 0 0 0 0 0 0 0 0 0 0 0 73 0 0 0 0 48 0 0 0 0 0 0 43 33 0 91 0 0 16 0 0 77 0 0 0 50 0 0 0 67 0 0 0 0 73 13 0
55 0 0 0 0 0 0 0 4 0 24 89 92 0 0 24 0 0 0 0 83 0 94 0 0 0 0 84 62 0 0 0 0 75 0 0 0 14 0 0 0 0 0 0 0 0 0 0 0 0 0 17 0 21 0 0 41 59 86 0 0 0 0 0 31 0 0 0 31 64 0 0 0 0 0 58 0 62 0 0 0 0 0 0 0 0 0 0 0 0 0 0 0 79 0 0 57 0 28 0
0 22 0 47 0 0 0 0 0 0 0 0 0 0 69 75 49 0 0 0 86 0 12 64 4 0 0 0 0 0 0 0 0 0 14 0 0 0 0 0 0 0 0 0 0 0 9 0 98 0 26 0 94 78 0 0 75 22 0 0 0 0 0 0 0 0 94 0 7 0 0 0 0 0 0 0 0 0 0 0 0 0 0 0 0 5 0 0 0 7 0 0 36 0 0 0 0 0 0 0
36 0 0 0 0 0 0 0 0 0 15 0 78 7 0 0 0 94 0 58 0 0 0 0 0 44 0 3 0 0 0 0 0 0 0 0 0 0 0 59 4 0 0 0 0 33 0 0 0 0 0 0 0 0 0 0 0 31 0 0 0 26 0 0 0 69 78 0 0 0 0 0 0 82 25 0 0 71 0 0 0 0 0 0 85 86 39 0 0 0 0 0 0 0 0 0 0 0 0 0
0 0 0 29 0 12 0 63 55 0 0 0 0 4 0 0 0 82 0 0 84 0 46 0 0 0 0 0 0 0 0 0 0 0 0 0 0 0 0 0 0 0 0 0 0 36 0 37 0 0 94 26 6 56 0 0 0 0 0 0 0 0 0 0 0 0 0 0 51 0 92 0 12 0 0 0 0 0 0 0 0 64 0 0 0 0 0 0 0 0 45 0 0 0 0 61 0 0 0 0
98 0 0 0 39 0 0 0 47 0 0 40 0 0 0 87 37 0 0 0 9 0 0 0 0 0 0 0 0 0 0 0 32 85 0 67 0 60 0 0 0 0 0 0 0 0 0 14 0 92 0 0 0 0 10 0 0 0 91 49 0 0 90 76 0 0 0 3 0 0 0 0 0 89 0 38 67 96 0 0 58 0 0 31 0 0 0 0 0 0 0 0 0 0 73 0 0 74 0 28
0 0 0 0 0 0 0 42 0 0 31 0 0 0 48 0 0 0 0 0 31 0 0 0 0 0 0 0 0 0 20 0 31 85 0 0 0 57 0 0 0 0 0 0 4 0 5 0 0 0 0 0 0 81 63 0 33 3 0 31 81 0 36 0 24 0 0 0 6 0 0 0 0 45 0 49 0 0 0 58 0 3 0 0 37 0 0 0 0 0 0 43 68 0 0 0 0 98 0 0
0 12 0 59 0 0 14 0 0 0 0 73 0 0 0 0 0 0 0 53 0 0 20 0 69 48 0 0 0 15 0 73 0 0 34 0 95 0 0 33 72 0 0 0 0 0 0 50 0 0 87 60 5 0 0 0 41 0 0 0 0 0 0 85 1 83 0 0 0 0 22 0 74 36 0 0 3 0 0 18 7 0 0 0 34 0 0 12 0 0 0 9 52 0 16 18 0 88 0 0
0 0 0 25 0 53 0 50 0 0 0 15 0 0 63 74 92 0 0 0 0 0 6 0 0 0 0 0 76 0 4 0 0 0 0 9 38 0 0 42 0 0 0 0 2 13 0 0 0 0 0 0 0 0 0 72 33 0 0 58 0 0 0 0 69 0 0 37 20 0 0 0 0 0 18 0 0 0 88 0 0 0 0 0 0 0 0 0 77 0 0 80 0 0 71 0 91 0 82 0
0 0 0 0 17 22 0 0 0 0 0 0 36 0 9 0 0 0 0 0 0 42 0 33 0 0 0 32 0 64 0 0 37 0 0 0 0 0 71 18 0 0 38 0 0 0 0 0 0 0 0 60 75 0 0 0 0 0 0 0 0 52 66 0 0 0 0 0 39 0 16 0 0 0 0 0 0 0 0 65 94 47 0 0 56 0 0 0 0 0 0 0 0 0 0 0 0 28 0 0
0 0 0 0 0 0 0 0 0 0 32 0 66 0 0 0 36 0 0 0 7 0 0 0 0 0 67 61 0 4 30 0 68 0 0 0 0 0 20 0 0 12 0 98 0 0 0 0 0 0 0 0 67 0 0 68 0 0 42 0 84 0 50 0 0 0 0 0 57 0 25 0 0 0 0 0 0 0 0 0 42 46 0 65 0 0 54 0 0 0 0 0 2 0 0 0 0 0 0 0
0 0 0 14 0 0 0 0 92 0 0 37 0 26 0 0 0 0 3 0 0 0 0 0 51 0 0 91 18 52 0 0 0 0 90 0 28 0 0 76 0 0 0 0 0 0 0 30 0 0 0 87 0 0 0 41 0 0 0 0 0 0 0 0 89 0 0 0 0 0 0 0 29 0 32 0 0 0 84 0 20 0 0 0 0 0 0 21 0 0 0 0 0 0 0 0 0 0 0 0
0 0 45 0 0 0 0 0 0 0 0 0 0 0 0 16 0 0 0 79 42 0 0 93 0 0 0 0 0 0 0 0 0 0 10 0 0 0 56 24 0 0 0 37 0 0 0 98 0 24 0 0 19 0 0 62 0 0 0 0 0 0 0 15 0 0 39 71 83 0 0 0 0 0 0 0 0 0 0 38 0 0 0 49 0 0 12 0 0 0 0 0 0 0 0 0 0 37 0 0
24 0 0 95 0 0 0 0 0 0 0 0 70 97 0 91 40 29 0 0 7 53 0 0 0 58 0 0 0 0 100 51 0 0 12 99 0 87 0 0 0 0 30 49 26 0 0 93 98 0 0 0 0 23 0 0 0 32 0 0 0 0 0 0 0 15 0 64 0 0 0 0 0 0 0 0 0 20 36 0 0 0 0 0 0 23 0 0 63 18 97 0 0 87 0 0 0 37 0 0
0 0 0 0 0 0 0 0 71 71 0 0 0 0 0 93 13 0 0 0 0 0 67 0 0 67 0 0 0 0 0 0 0 0 0 90 0 0 0 46 0 78 0 0 84 0 0 0 0 0 0 0 71 28 0 0 91 0 64 0 0 0 12 0 0 7 0 32 0 0 0 0 0 0 57 0 59 0 12 0 0 0 0 0 0 0 0 0 0 0 0 86 0 0 0 0 0 63 44 7
0 0 0 84 91 0 0 58 0 0 0 0 0 0 0 0 92 0 0 0 0 90 49 0 0 0 0 0 0 0 0 0 39 0 0 0 0 0 0 83 0 0 64 0 0 0 91 0 0 0 0 0 66 80 0 0 3 0 0 0 0 5 0 0 0 0 0 0 0 0 30 0 59 0 0 44 0 0 0 0 0 63 0 0 0 0 0 0 0 0 0 0 0 0 0 70 13 0 0 0
0 0 0 0 0 0 35 0 0 0 0 28 0 0 0 0 0 0 0 0 0 0 0 0 0 0 0 0 0 26 0 0 97 0 0 0 0 0 71 0 0 0 5 0 0 0 0 0 0 0 0 0 0 0 80 98 0 0 0 0 11 0 0 0 42 0 38 0 92 0 0 0 0 0 0 0 0 19 0 0 86 0 0 0 0 0 0 0 0 0 28 0 0 0 0 0 0 93 11 24
0 0 0 0 0 0 5 0 0 0 12 78 0 0 0 0 66 0 0 4 0 0 43 1 0 0 0 0 0 0 0 39 100 0 0 38 0 0 0 0 22 74 0 0 28 0 0 0 0 0 0 0 0 0 0 0 0 0 35 0 0 0 0 40 0 0 0 0 0 0 91 0 1 0 0 0 91 0 0 0 7 0 0 21 0 0 0 0 0 95 58 20 67 0 0 0 0 22 0 0
4 0 0 0 0 0 0 86 7 0 64 0 0 0 0 0 0 17 0 38 0 0 0 0 0 0 0 0 0 0 0 0 0 0 0 0 71 0 0 0 0 19 0 83 0 14 0 0 0 0 20 0 0 0 86 0 0 73 44 1 0 29 0 0 0 0 0 0 0 0 0 0 0 26 0 0 0 87 0 0 0 0 0 0 0 0 50 0 0 0 26 0 0 0 0 0 13 0 71 98
0 56 0 13 0 0 0 0 0 0 0 67 55 0 0 0 0 4 21 0 0 44 0 4 0 0 43 0 0 0 0 0 0 0 0 0 5 0 0 65 0 0 0 0 0 0 0 0 0 0 0 0 0 0 0 0 52 7 90 73 0 56 0 8 0 0 0 58 10 0 0 0 13 63 0 82 0 0 50 0 0 0 37 0 0 2 0 0 0 73 45 0 36 0 0 0 28 75 0 0
0 0 0 1 0 36 0 0 0 0 64 0 0 0 0 57 47 0 0 0 0 0 39 93 0 0 6 0 0 0 0 0 0 0 0 0 0 0 23 0 0 0 0 0 0 91 0 0 0 0 0 58 0 12 68 0 0 0 0 0 0 0 0 93 0 42 0 0 0 0 0 13 0 33 11 0 0 5 0 0 0 0 0 0 89 0 54 0 39 0 64 0 0 0 0 69 0 0 0 0