100
0 49 0 0 0 0 33 8 34 0 0 0 72 0 0 0 0 0 9 0 0 0 0 0 11 0 0 0 0 0 0 0 41 0 39 0 0 0 0 0 0 51 100 68 0 72 0 0 0 0 20 33 0 0 0 0 0 0 87 0 0 0 0 0 80 0 86 88 0 0 0 0 75 0 0 0 86 0 0 0 0 0 0 71 0 15 0 0 0 0 0 35 0 0 0 0 0 0 0 0
11 0 28 18 0 0 0 0 0 0 0 0 0 60 0 0 45 0 0 0 0 0 0 0 0 0 0 0 0 0 0 0 7 0 0 68 0 0 60 0 0 78 0 1 0 31 0 0 65 0 0 11 83 0 7 88 57 0 0 94 0 84 75 90 0 0 51 10 0 0 0 0 0 26 27 0 11 0 0 0 0 0 0 0 0 0 0 0 0 0 0 0 64 0 0 4 85 0 0 31
0 0 0 0 0 0 0 0 92 74 0 0 0 47 0 0 0 0 6 0 40 0 0 0 0 0 57 0 0 31 14 0 52 0 0 0 27 0 33 0 0 0 56 0 83 0 0 0 0 0 0 0 0 33 0 0 0 0 0 0 0 69 0 0 8 0 0 24 0 0 0 27 0 0 0 0 0 13 0 6 17 0 0 0 0 0 79 0 0 0 0 0 0 94 0 53 0 0 0 52
0 0 0 0 15 0 0 0 0 0 0 0 19 0 0 25 0 0 0 0 59 0 0 0 0 0 0 0 33 0 0 0 0 0 48 0 0 0 0 0 83 46 0 0 31 0 0 0 3 0 0 0 0 69 0 0 0 0 0 62 59 0 41 0 0 99 0 0 0 28 18 65 15 0 0 0 0 0 67 27 11 44 0 0 31 0 0 0 0 0 0 0 0 0 41 0 0 0 0 0
0 0 48 0 0 0 0 52 0 0 0 0 48 36 0 0 0 25 0 0 0 0 3 92 75 0 0 21 72 0 0 0 0 0 0 0 0 31 0 0 89 0 0 0 0 40 0 0 0 22 0 53 13 0 91 0 0 0 0 0 76 0 0 0 0 0 0 0 76 0 0 53 0 33 0 0 0 0 0 37 0 0 0 54 0 0 0 53 0 0 0 0 0 0 76 48 61 0 0 0
0 98 0 0 90 0 0 0 89 95 92 0 3 0 4 1 0 99 60 0 0 0 0 0 0 50 0 0 0 43 0 0 0 0 0 0 0 0 0 0 0 68 0 1 0 0 0 0 0 0 0 0 0 0 0 0 0 0 0 0 0 0 0 0 0 0 0 0 0 0 0 0 0 0 0 0 0 16 0 89 0 0 0 54 92 0 48 0 0 75 0 0 27 0 0 0 0 0 0 0
24 0 53 15 0 0 0 0 95 58 82 26 0 0 0 67 0 0 44 0 12 0 0 51 0 0 0 29 0 0 0 71 0 25 0 0 94 80 0 0 0 0 0 0 0 0 0 0 0 0 0 0 0 86 0 0 9 0 0 18 0 0 0 73 0 0 9 21 0 35 0 0 0 0 0 66 0 0 43 0 0 75 0 0 9 0 0 0 0 0 0 0 26 0 41 0 22 44 92 0
0 0 0 0 0 0 0 0 0 18 25 0 0 0 0 0 0 0 0 0 0 0 0 0 0 0 98 84 0 0 90 0 0 62 0 56 0 85 0 0 38 85 0 0 0 90 0 0 0 0 19 0 0 0 0 0 62 0 20 96 0 0 0 0 58 0 0 10 0 0 0 0 76 0 11 0 88 57 0 0 0 0 54 0 0 0 0 0 90 4 0 0 0 0 22 0 0 2 0 66
0 0 0 0 0 0 69 0 0 0 41 22 48 2 0 0 92 0 17 0 0 0 0 0 0 0 0 0 0 0 0 0 59 0 20 0 0 51 0 0 0 0 0 77 0 0 0 0 0 0 0 0 0 0 0 75 0 0 0 0 32 0 0 0 0 48 0 0 0 0 0 0 0 0 33 0 0 0 0 0 0 0 0 0 0 0 0 0 74 79 77 0 0 43 0 0 0 0 0 5
99 0 0 0 0 0 0 0 28 0 0 0 0 64 75 0 0 0 0 0 0 0 0 0 91 41 0 0 0 0 0 0 0 66 0 61 0 11 0 46 0 0 0 0 0 80 0 0 0 0 0 99 31 0 0 63 0 0 0 0 15 0 0 64 0 0 0 0 0 0 0 20 0 0 0 0 85 0 0 73 64 0 0 0 0 67 94 0 0 31 0 0 0 0 69 48 0 0 0 0
0 0 0 0 0 0 0 67 0 0 0 75 0 0 0 0 54 0 16 0 0 0 0 0 0 0 19 0 0 0 0 27 23 55 0 0 0 0 0 0 0 91 0 22 0 0 26 0 0 0 0 0 0 87 99 17 0 39 0 0 0 0 0 0 0 0 1 46 0 0 0 0 0 89 0 0 0 28 0 84 72 54 0 65 0 100 87 0 0 25 0 0 37 0 0 0 4 40 0 0
0 0 25 0 0 0 2 0 0 0 0 0 20 0 0 0 0 88 0 0 87 0 0 0 0 22 84 0 0 0 0 0 0 80 0 1 0 0 0 0 0 0 0 0 0 63 0 2 0 0 0 43 0 0 0 0 0 0 0 0 0 91 0 0 0 55 37 0 0 0 0 0 66 0 0 0 0 26 0 72 0 0 48 21 2 57 27 0 34 0 0 0 0 1 0 0 0 0 45 0
0 0 18 0 0 0 0 0 0 36 0 0 0 0 19 0 0 0 0 0 0 0 0 0 0 0 12 0 0 0 0 0 0 0 0 0 0 65 0 0 0 0 0 0 0 0 62 100 0 0 0 81 59 0 0 0 0 0 3 91 0 0 0 72 0 0 0 0 0 0 0 0 6 0 0 0 0 0 73 0 21 0 46 0 0 0 0 0 67 0 27 15 93 0 0 0 56 0 0 0
89 44 0 8 0 0 51 0 0 0 0 0 0 0 0 0 0 0 78 0 0 0 39 0 0 0 0 0 0 53 0 0 0 0 0 0 21 28 0 0 0 0 0 0 0 0 0 72 0 0 0 0 51 19 0 0 0 0 0 0 0 16 0 0 0 52 0 0 0 0 0 0 45 0 0 0 22 0 0 0 0 0 0 0 0 33 0 0 0 0 0 0 0 0 0 21 0 48 0 66
0 17 97 0 0 0 0 0 0 0 20 0 0 0 0 0 0 12 79 0 0 0 0 0 0 0 0 0 0 0 61 0 63 0 0 0 0 0 0 0 0 95 0 0 86 68 0 66 0 0 25 34 0 9 74 0 0 44 0 0 94 46 0 92 0 21 0 26 0 0 0 0 0 0 34 0 0 21 0 0 22 0 22 0 44 0 38 50 0 3 0 0 0 0 0 0 13 0 44 0
28 0 0 0 0 0 0 38 0 0 2 0 0 0 0 0 46 0 0 0 0 0 0 0 0 26 0 98 0 0 0 43 0 0 0 63 0 24 21 0 0 0 0 0 95 0 0 0 89 44 62 0 0 78 0 0 0 0 0 0 0 0 0 67 0 0 84 0 0 54 0 0 0 0 45 14 0 0 0 16 2 0 0 0 0 0 0 78 68 0 0 0 0 0 0 70 2 0 0 0
0 0 11 0 0 0 82 0 51 0 0 0 0 100 0 0 0 0 66 0 0 0 0 0 54 0 0 25 26 0 0 0 0 29 93 0 0 0 0 0 0 0 0 43 0 0 0 0 0 0 0 69 16 0 0 21 0 0 0 0 0 0 0 0 0 0 0 0 0 0 0 0 0 0 0 0 0 0 32 7 0 0 0 0 1 0 0 0 0 10 0 0 0 0 0 0 0 0 12 99
0 0 0 0 10 0 0 0 0 0 0 0 0 27 0 0 0 0 13 38 0 35 0 15 0 0 0 0 0 0 0 0 0 0 45 0 0 32 0 0 0 79 0 0 0 0 0 0 0 0 0 0 56 0 0 62 0 0 0 0 0 0 0 55 0 0 0 0 0 0 0 23 0 0 11 0 7 0 64 62 0 0 58 29 0 23 0 0 0 0 0 0 0 0 81 85 0 0 0 0
0 0 0 79 3 0 0 12 0 93 0 0 74 0 54 0 73 85 0 0 0 0 0 0 0 72 48 0 0 0 11 0 56 0 0 40 0 62 0 0 0 0 0 0 98 14 58 0 11 0 0 0 0 0 15 0 0 0 0 0 0 0 0 84 0 0 0 0 0 59 0 0 7 91 0 89 0 0 0 0 49 0 0 0 0 94 0 0 0 0 0 0 0 0 0 41 0 18 99 0
14 85 0 0 91 0 99 0 0 0 0 59 0 0 0 0 9 0 15 0 0 0 0 29 0 0 0 0 0 0 1 0 0 0 76 6 0 0 0 30 0 82 0 0 0 0 0 0 0 0 15 57 65 96 0 0 0 0 39 0 0 0 66 0 0 0 0 0 0 66 62 0 7 0 0 0 0 0 0 0 0 0 0 0 0 0 0 70 0 0 25 0 0 0 0 0 0 59 0 13
14 0 0 0 0 0 0 0 0 0 0 0 0 0 31 0 72 0 0 0 0 53 0 0 0 0 0 6 0 0 0 58 0 0 0 46 0 0 0 0 0 0 0 0 1 0 0 0 0 0 0 99 0 0 88 4 0 0 0 0 81 0 0 0 0 0 0 0 0 0 80 7 12 0 54 0 0 0 74 22 0 0 0 0 0 0 0 98 0 86 44 0 53 0 0 21 9 0 0 0
90 0 0 0 0 0 63 0 0 0 0 0 0 0 0 13 0 0 0 0 0 0 0 35 85 94 0 4 0 0 0 0 0 0 0 75 88 0 0 0 0 81 0 0 0 0 88 0 0 0 0 49 0 75 0 0 0 48 0 0 0 0 0 0 0 0 45 0 0 0 40 95 0 0 0 0 0 0 0 0 67 0 0 0 0 0 0 0 0 0 15 54 72 0 0 0 91 0 0 50
36 0 17 71 0 52 0 0 0 0 0 0 0 21 0 0 0 66 0 0 0 0 0 0 3 0 0 0 0 76 0 0 0 0 3 68 0 0 36 0 0 0 0 0 0 0 0 0 0 0 0 57 0 62 0 0 0 40 0 23 0 26 0 0 0 25 0 0 33 77 0 0 0 0 0 0 0 0 54 0 0 69 55 68 0 0 0 58 0 0 0 84 0 0 0 0 0 0 0 0
0 49 0 0 0 0 0 0 0 0 68 74 0 0 0 0 0 6 0 0 0 0 0 0 0 0 0 0 0 0 0 0 0 17 36 74 0 30 0 44 0 0 70 0 0 0 0 0 0 0 0 0 50 38 65 0 47 0 45 0 0 97 0 0 0 0 10 0 0 28 0 0 0 0 5 49 0 0 88 0 0 0 92 0 0 0 0 0 96 0 0 79 0 0 0 0 0 0 0 14
0 0 0 0 0 0 56 0 0 70 0 0 0 6 0 0 0 0 0 0 0 74 0 6 0 0 4 0 0 0 0 0 84 0 0 0 0 9 50 0 0 0 0 0 88 57 0 0 0 0 0 0 0 0 0 0 26 0 0 49 95 57 0 0 0 57 47 0 0 98 0 0 0 0 0 0 0 0 28 0 0 0 0 0 5 13 0 42 0 0 100 0 0 0 79 0 0 0 72 0
0 0 0 0 0 0 79 1 75 19 0 0 0 0 0 0 0 0 0 0 0 67 30 0 0 0 0 0 0 0 0 2 0 0 53 0 0 0 89 1 0 0 0 0 0 0 0 0 62 0 0 0 11 0 39 0 0 0 56 42 21 0 0 0 0 0 0 0 0 0 0 0 0 0 0 0 0 0 0 0 96 0 60 0 58 0 0 0 0 0 0 0 0 0 0 0 0 0 0 0
29 0 0 0 0 0 0 0 0 95 51 47 0 0 0 61 0 0 0 0 0 0 0 0 0 0 0 0 0 0 66 0 0 81 0 5 0 0 0 0 0 0 0 0 33 0 88 0 0 0 0 0 82 0 57 0 0 0 0 9 0 0 34 62 10 0 86 79 0 92 0 0 0 0 0 0 0 9 0 0 0 0 0 59 11 55 19 93 0 93 3 0 0 0 0 6 0 0 0 0
0 0 0 88 89 0 77 0 0 0 0 0 0 0 0 0 0 0 0 0 0 29 33 0 0 0 0 0 0 42 17 0 62 0 0 0 4 0 0 0 0 0 0 0 0 0 15 0 0 0 0 0 0 4 0 8 0 0 1 27 60 0 0 0 0 0 100 1 0 95 88 0 0 0 0 0 0 74 0 0 94 0 0 0 0 0 0 31 0 0 94 0 0 0 0 0 0 54 0 0
0 0 0 0 0 0 0 22 87 0 0 37 0 0 0 0 0 0 0 0 83 0 15 37 80 0 0 0 0 0 0 0 0 26 0 0 0 0 56 0 0 0 0 0 44 0 0 0 0 0 0 0 0 0 0 14 0 67 0 0 0 0 7 0 0 10 86 0 0 17 0 0 0 0 0 0 0 0 0 0 62 13 0 0 94 92 0 87 0 0 0 0 46 99 0 56 0 4 100 15
68 0 0 70 0 0 2 0 0 0 0 0 95 0 0 0 16 0 0 0 0 0 0 72 0 0 0 19 35 0 0 0 74 46 0 56 0 0 0 0 0 0 0 0 0 0 0 0 36 0 0 0 0 0 0 0 95 0 0 41 85 0 79 0 0 0 0 0 65 0 0 0 0 0 0 10 0 0 55 54 0 0 0 69 21 0 84 0 0 0 0 0 0 67 0 0 0 55 0 0
0 0 0 41 0 42 0 38 0 0 0 85 0 0 0 0 75 0 0 0 0 0 0 0 0 0 45 0 0 0 0 0 54 0 52 0 0 0 0 84 79 40 0 0 0 39 0 0 0 0 0 0 98 74 0 25 64 0 0 0 0 85 0 48 0 0 1 0 62 0 68 0 0 0 0 85 0 0 0 0 0 10 0 0 0 0 0 58 80 0 40 0 65 75 0 0 0 0 0 0
46 0 0 0 82 6 0 0 96 0 0 0 11 0 0 13 92 0 23 0 0 0 0 54 0 0 40 94 0 61 0 0 0 0 0 0 0 0 0 7 0 0 0 0 68 0 0 0 0 0 0 0 0 0 64 70 62 0 0 85 0 0 0 0 72 0 0 76 63 32 0 0 0 0 0 0 0 0 33 32 0 66 94 69 0 0 0 0 0 0 0 0 0 0 0 0 10 0 0 0
0 85 28 14 21 0 87 0 38 0 52 0 0 0 0 0 0 0 0 0 64 0 0 0 0 0 45 10 0 0 17 0 0 0 0 35 0 47 0 13 52 65 0 100 0 56 0 0 0 51 0 0 0 0 0 34 74 82 14 0 0 0 0 0 0 0 46 42 98 92 0 0 0 0 0 43 0 0 4 0 47 0 78 0 50 0 0 0 0 0 0 0 0 0 0 9 0 0 0 27
0 0 0 54 17 30 50 0 0 94 0 0 0 58 0 67 3 0 0 38 27 68 0 0 0 0 0 42 0 0 21 0 0 0 0 0 0 42 53 0 19 0 82 0 0 73 0 0 0 0 0 0 0 0 0 0 0 0 0 0 0 0 0 91 0 0 8 100 0 0 0 0 0 0 0 0 0 0 4 69 0 0 0 0 0 0 0 0 27 0 0 0 0 48 71 66 28 0 22 0
0 0 0 0 29 0 42 0 0 0 0 47 0 0 0 0 14 90 0 0 0 0 12 0 0 0 97 0 0 0 30 0 0 0 0 0 0 85 0 0 0 0 0 0 0 0 0 0 0 0 0 0 0 0 58 0 0 50 23 63 100 81 57 0 0 0 0 59 0 0 0 47 0 0 0 0 0 0 0 0 0 0 22 0 92 0 0 0 0 70 0 0 0 0 0 0 0 14 36 10
22 0 0 0 0 32 0 0 0 44 0 0 0 6 0 0 0 0 68 19 0 0 0 0 0 0 0 0 0 0 0 0 81 0 94 0 0 0 12 100 0 0 0 13 0 0 0 0 0 0 96 0 18 0 0 0 0 0 0 5 0 0 0 0 0 0 7 40 0 0 0 0 44 0 0 0 31 0 0 0 0 0 0 99 76 0 63 0 28 0 0 55 42 0 0 0 41 0 64 0
83 0 0 0 0 0 0 0 0 0 0 97 0 0 83 0 0 0 0 0 0 94 0 18 0 0 0 0 0 58 0 1 0 0 0 49 0 0 0 60 0 60 2 0 0 79 0 33 0 99 0 0 0 0 0 25 0 10 0 77 0 46 0 0 77 0 0 0 0 0 0 0 0 0 0 0 0 0 0 0 0 54 80 0 0 0 0 0 79 0 0 0 14 0 24 0 0 0 14 0
53 0 0 0 89 0 0 0 0 0 0 0 0 82 0 0 0 0 0 0 0 0 0 0 0 0 0 91 0 83 41 0 13 38 80 0 0 0 0 0 0 0 0 0 0 0 98 0 0 0 0 0 0 0 0 0 0 0 0 0 0 0 0 48 0 0 0 0 0 0 68 0 0 0 0 4 0 0 0 0 0 0 89 0 58 54 0 0 0 0 0 0 0 0 0 0 0 0 0 99
0 0 0 0 0 0 0 0 0 0 0 0 0 0 0 0 0 0 0 72 0 0 0 0 0 0 0 0 37 0 49 0 0 0 0 0 0 0 0 82 0 94 32 0 0 0 0 0 0 0 0 0 0 10 31 0 0 0 0 0 98 0 100 56 40 0 0 0 0 68 0 0 0 0 0 0 0 68 20 0 0 0 28 0 0 0 0 18 0 0 0 0 95 0 0 0 0 0 96 0
0 0 95 99 0 0 5 0 0 0 0 0 76 0 0 0 0 0 0 36 81 0 39 0 0 0 38 0 0 0 33 0 0 0 0 0 0 0 0 0 0 0 0 0 0 52 0 0 0 71 0 0 0 10 0 0 29 0 0 4 0 0 0 10 0 0 0 0 0 0 92 0 0 0 64 0 0 20 0 0 0 0 0 0 0 0 0 64 0 0 0 88 13 0 0 0 0 0 0 57
0 0 0 0 0 0 0 0 26 0 18 0 6 0 0 0 0 75 0 0 0 0 0 0 55 28 0 0 0 0 0 0 0 0 0 0 0 0 0 0 0 0 0 0 0 62 74 50 0 0 0 0 10 0 0 0 14 0 0 0 0 0 0 0 0 27 0 0 0 0 0 0 0 0 0 3 0 0 42 0 35 0 0 0 0 0 0 0 0 0 97 0 0 0 0 0 0 0 100 0
0 26 0 0 0 0 29 0 0 0 49 0 0 0 0 0 0 8 44 0 0 22 0 0 0 0 83 0 0 0 6 69 0 62 90 10 48 71 0 32 0 0 20 0 0 0 74 0 0 0 0 24 0 0 0 0 0 0 0 0 0 0 0 0 33 0 13 0 0 0 0 24 0 0 0 0 94 0 62 0 0 0 0 0 0 17 0 77 48 18 0 86 0 0 0 97 0 0 0 0
0 79 73 0 0 0 0 0 0 0 66 72 0 0 0 0 0 0 79 0 0 0 0 5 0 0 0 0 0 0 0 0 34 52 0 10 0 0 0 27 0 0 0 0 0 0 0 0 0 66 0 0 0 0 0 0 0 0 10 0 9 43 49 0 0 0 0 86 0 0 83 0 0 0 61 0 0 0 0 0 24 0 0 78 0 0 0 0 0 0 0 69 0 0 0 0 0 0 0 0
0 0 0 0 0 0 23 0 0 0 0 9 0 55 0 0 81 0 36 0 0 0 0 0 0 0 0 2 0 85 52 36 69 60 0 0 36 0 0 0 0 0 0 0 0 0 0 0 0 0 14 0 0 0 0 17 32 0 33 0 23 99 2 97 3 0 0 0 87 0 0 13 0 100 34 0 0 0 0 0 0 53 0 0 0 44 0 0 0 0 69 0 0 0 15 75 0 0 0 0
74 23 20 0 0 0 0 0 0 16 83 95 0 0 0 0 0 86 0 32 0 0 0 0 0 0 2 0 0 0 0 12 0 0 0 0 0 0 0 0 0 91 0 0 0 0 0 47 12 0 58 0 0 58 0 0 0 0 0 0 31 0 0 0 0 0 0 0 53 0 0 88 0 0 0 0 25 75 0 0 0 49 0 0 0 0 70 0 0 99 46 13 0 0 0 87 0 0 0 0
0 0 62 0 71 60 0 0 25 0 0 86 0 0 58 0 0 0 0 0 0 97 45 0 0 0 73 0 0 0 0 0 61 0 0 0 26 0 40 0 49 0 34 0 0 0 0 0 0 0 0 45 0 84 90 14 0 0 0 0 0 0 59 0 0 0 0 0 0 0 23 0 0 0 30 67 0 0 0 0 0 0 0 0 0 69 0 0 0 0 0 0 3 0 20 0 0 79 62 47
0 0 0 0 0 0 0 80 60 0 67 0 0 0 40 0 0 99 0 0 0 0 0 0 0 0 0 0 71 0 0 0 0 0 0 0 94 0 0 0 0 0 0 0 33 69 0 0 0 0 0 0 0 0 73 0 0 0 0 0 0 0 0 0 0 0 0 0 3 0 0 0 0 83 0 45 50 0 0 66 0 0 0 0 0 0 0 0 0 93 0 0 0 0 0 2 0 0 0 0
0 0 0 37 0 0 0 29 0 44 0 0 0 0 0 0 0 75 0 0 0 0 0 0 0 0 0 0 0 0 0 0 0 0 0 0 0 0 86 0 0 0 0 0 0 0 81 0 0 23 64 0 0 0 0 14 0 35 0 0 98 0 100 0 0 0 0 34 0 0 71 0 0 0 0 74 0 0 0 0 100 0 0 0 0 0 0 8 0 0 79 0 7 0 0 0 0 0 0 0
62 6 0 0 26 0 0 0 0 0 0 29 0 0 0 0 0 0 33 0 15 0 44 0 0 5 73 0 0 0 66 0 56 0 0 21 0 0 58 0 0 0 0 81 0 0 10 0 0 0 0 0 0 87 0 0 95 0 74 0 94 0 0 40 0 0 0 0 0 0 0 0 0 0 0 0 0 0 0 0 67 0 0 0 0 0 0 0 28 0 59 0 0 0 0 58 0 27 33 0
65 0 0 0 0 72 32 0 0 0 0 0 0 0 0 0 83 0 0 0 0 0 88 0 0 0 5 47 0 57 0 47 57 0 89 0 0 0 0 0 0 65 0 30 0 0 20 0 95 0 79 0 53 0 0 0 0 41 0 47 0 0 90 3 0 0 0 0 0 0 25 0 0 0 0 46 0 45 0 0 0 0 0 0 0 0 0 88 44 0 0 89 0 12 4 0 80 0 0 18
95 0 44 0 3 0 0 0 0 0 15 0 0 0 0 0 0 68 57 86 0 0 0 62 21 0 0 63 0 19 0 0 0 0 10 0 45 0 0 88 0 0 0 0 0 0 15 0 0 55 0 0 0 0 0 8 72 0 0 14 0 0 0 0 23 0 0 0 0 16 0 0 52 0 0 0 53 0 0 0 0 0 0 0 0 4 0 66 0 0 0 0 0 0 0 0 0 0 0 0
0 0 71 0 0 0 0 98 0 0 0 0 0 63 0 31 0 0 96 0 0 0 0 0 0 0 3 0 15 24 0 0 0 0 0 0 0 23 0 0 0 0 0 0 0 0 0 0 0 0 0 0 96 11 0 0 0 20 54 0 58 0 0 0 0 0 0 0 0 86 0 100 0 0 0 0 39 0 0 19 0 42 0 0 63 0 0 0 0 0 0 94 0 0 0 0 0 0 0 0
0 0 10 48 0 0 0 0 0 8 0 0 0 0 0 74 0 0 62 0 0 8 0 0 0 4 5 0 74 67 93 0 0 74 22 74 0 0 0 0 74 0 0 0 0 0 76 0 0 0 0 0 0 3 0 58 24 0 0 0 0 0 0 22 56 46 0 21 16 0 0 64 0 50 69 54 0 0 59 0 0 0 0 0 0 0 0 0 67 0 46 0 0 34 0 94 19 12 3 0
0 0 36 0 0 21 1 0 0 0 0 0 0 0 8 0 0 0 0 0 57 0 0 54 0 0 0 0 0 0 0 0 0 88 82 0 0 4 19 97 0 0 58 0 54 0 0 86 60 0 37 0 43 0 0 0 29 81 0 0 0 27 0 0 0 0 0 29 0 26 0 0 0 7 0 0 0 0 30 0 0 0 32 24 0 0 0 0 0 0 0 0 0 0 0 0 0 64 0 65
0 0 0 0 0 51 0 63 87 0 0 0 0 58 0 28 78 64 0 0 0 0 0 67 86 0 52 39 0 0 0 0 0 56 0 0 0 0 0 0 0 60 0 0 0 40 0 0 0 0 0 0 0 0 0 0 0 0 0 65 33 7 0 0 0 0 0 0 88 0 98 0 47 0 0 0 0 0 30 0 63 0 0 0 0 0 0 0 0 0 0 0 16 0 50 53 32 0 31 40
0 0 0 0 71 54 0 0 90 0 0 0 0 0 0 54 52 0 0 0 0 0 0 23 82 0 0 27 0 0 0 0 0 0 0 0 0 0 0 0 0 0 38 0 0 0 0 90 0 0 40 0 0 1 79 0 0 82 0 0 0 0 0 0 36 0 13 0 0 0 0 0 62 0 0 0 79 0 53 0 0 0 0 0 0 0 0 0 0 0 40 40 0 0 0 0 0 0 83 0
0 0 0 3 0 0 0 0 0 0 92 0 0 0 0 80 0 31 0 0 53 0 0 58 0 0 0 0 0 0 35 48 0 0 0 0 6 0 0 0 0 0 0 0 0 73 0 0 72 0 91 92 0 0 84 0 0 28 0 0 0 0 0 0 17 0 79 0 0 0 98 44 25 0 0 0 0 89 72 0 0 0 0 0 0 0 0 0 68 0 0 0 0 0 0 0 0 0 0 0
0 0 0 0 0 14 99 0 0 0 44 12 0 0 0 77 37 0 0 0 0 0 0 0 0 0 0 0 0 74 0 0 0 51 0 0 0 32 45 0 0 0 0 27 0 0 0 0 0 0 0 0 0 0 0 98 0 0 0 9 0 73 0 70 0 0 0 0 0 0 0 0 93 91 88 0 0 0 0 0 0 0 99 86 26 0 36 0 0 0 63 0 0 59 0 19 0 0 0 0
0 96 46 0 0 0 0 2 0 0 0 9 0 65 0 14 0 0 73 0 0 0 0 0 67 0 17 0 0 36 59 0 0 0 31 0 93 0 18 0 0 0 0 0 0 0 0 0 0 0 0 0 0 0 0 0 0 0 0 0 10 0 0 34 90 25 0 0 0 0 0 0 0 0 7 0 0 0 0 86 65 0 0 0 0 98 0 0 97 0 36 0 89 53 47 0 0 0 52 0
0 24 0 0 0 0 17 26 91 0 0 0 0 0 0 93 0 0 0 0 0 0 0 0 0 0 0 5 0 0 58 0 0 50 0 3 17 0 0 0 0 0 0 0 49 0 12 0 60 0 20 62 98 0 0 0 0 0 0 0 0 0 85 0 0 0 0 0 0 0 0 0 0 0 0 0 0 0 36 44 0 0 0 0 0 0 0 92 29 0 41 0 0 0 0 0 0 0 0 43
74 63 0 92 0 0 15 0 34 0 25 0 0 0 0 0 32 0 0 12 0 0 0 0 0 94 77 36 0 0 0 0 0 84 0 0 0 0 0 0 0 0 0 0 0 0 0 0 0 0 0 0 0 42 0 28 0 0 0 0 0 0 0 0 63 22 7 0 0 0 0 0 0 70 0 52 0 0 86 0 0 0 0 0 0 0 0 0 0 11 0 0 69 0 0 44 0 0 0 0
0 0 44 0 0 0 0 94 0 0 0 0 97 0 0 43 0 0 4 0 0 0 0 0 30 0 0 0 62 0 0 33 0 0 0 0 0 0 98 0 0 0 0 0 36 0 20 0 1 0 47 6 0 0 0 2 47 0 0 0 0 0 0 0 47 0 0 0 0 0 66 0 0 0 0 6 0 25 13 0 30 0 0 40 0 0 0 0 0 0 24 0 0 45 0 69 0 0 0 0
0 0 0 0 0 60 0 0 41 0 0 0 0 0 55 91 0 0 0 0 0 0 0 0 0 0 0 85 0 0 0 89 0 0 0 58 0 0 0 93 0 0 0 23 0 0 0 0 0 0 0 0 0 0 0 0 0 0 0 0 0 0 0 8 0 0 6 0 0 0 0 0 0 0 0 0 38 41 0 0 0 0 86 0 0 68 95 78 0 0 0 0 0 6 24 0 25 0 0 0
0 0 0 0 13 0 0 0 0 0 42 68 0 0 0 0 0 98 13 63 0 19 0 0 0 0 0 0 0 0 0 0 28 29 47 0 0 0 0 0 0 0 0 0 79 0 22 0 0 70 56 0 0 0 0 0 86 0 68 0 26 2 6 0 0 12 0 0 0 0 0 0 0 92 59 0 0 0 0 0 0 0 0 0 0 0 0 47 0 0 0 0 0 0 0 0 0 0 41 0
0 86 0 0 0 0 37 0 41 0 0 0 0 0 46 0 0 0 0 0 0 0 56 0 0 0 0 0 0 0 84 8 4 0 0 0 0 0 0 0 0 0 0 54 0 0 0 0 0 0 0 0 0 0 0 0 40 0 0 0 0 0 0 37 0 0 0 0 0 0 0 90 55 0 0 27 0 0 10 0 0 0 0 30 0 0 0 0 0 0 0 0 0 0 0 0 18 0 0 0
0 0 7 0 0 0 0 0 16 0 0 0 0 0 0 0 0 0 0 0 0 85 0 51 0 0 0 19 0 0 0 0 86 0 0 0 0 0 0 0 0 0 0 0 0 0 0 0 0 0 0 0 0 0 26 0 0 0 0 0 0 0 0 80 0 0 89 0 0 0 0 0 0 57 0 0 0 84 25 0 0 0 0 73 0 0 0 0 75 0 0 0 0 54 0 0 0 0 2 0
0 0 0 0 0 0 37 0 71 0 0 0 71 0 0 0 21 0 0 0 0 0 0 0 73 0 34 0 0 0 68 0 0 25 0 0 0 9 0 0 94 0 91 0 73 0 0 0 0 0 0 0 0 33 0 0 0 0 0 0 0 23 0 0 0 60 0 0 0 0 0 0 0 0 0 0 0 0 0 0 0 0 0 37 0 57 0 100 0 0 0 0 0 52 0 0 0 0 0 36
0 0 0 0 0 0 0 10 0 67 49 0 0 0 100 0 0 0 100 0 0 0 0 0 0 0 0 0 0 61 0 80 0 0 0 0 0 82 0 0 0 18 57 29 0 0 0 0 0 0 0 0 53 69 0 0 0 78 0 0 0 0 0 0 0 0 0 0 0 4 0 0 36 0 0 0 0 0 0 0 0 0 20 0 0 0 0 0 0 0 0 9 22 0 53 0 30 36 74 0
8 0 0 0 0 0 0 61 0 47 62 85 46 0 0 57 0 0 0 0 0 0 0 0 0 0 0 0 0 0 0 0 0 41 33 0 0 11 0 0 0 0 17 0 0 0 45 0 0 0 0 25 0 0 0 66 71 0 0 0 0 16 0 0 0 0 0 0 0 10 0 0 0 58 0 0 95 0 0 48 0 0 0 0 17 0 21 0 0 0 57 77 30 0 0 0 0 0 28 48
95 74 0 0 0 76 0 0 26 0 0 0 11 0 0 0 0 31 0 0 0 0 0 0 0 0 0 0 76 0 0 0 24 0 0 0 0 36 0 0 42 0 0 13 0 72 0 63 0 0 0 0 0 17 0 42 3 0 0 0 0 0 16 0 0 0 0 0 0 0 0 0 0 0 0 80 89 0 0 0 0 47 0 66 0 0 0 0 89 0 86 0 97 0 0 0 0 0 20 0
0 0 0 0 0 0 0 0 56 0 0 0 0 0 0 6 0 0 0 0 0 0 0 0 0 0 25 75 0 2 0 0 0 0 0 23 0 0 0 0 0 32 90 94 0 0 0 0 0 0 0 0 94 86 0 0 0 0 0 0 40 0 0 31 100 0 0 0 0 0 0 0 0 6 13 62 0 0 66 89 0 78 0 0 31 53 0 0 0 25 0 0 0 0 0 48 0 83 0 0
0 22 0 0 27 0 4 0 33 0 0 0 91 49 0 0 0 0 0 31 0 0 0 0 0 59 0 0 0 0 0 0 84 0 0 94 0 0 25 0 0 12 0 0 83 0 0 0 30 0 0 0 0 0 86 0 0 98 0 100 0 0 0 0 3 0 0 0 0 0 0 0 92 0 0 0 0 0 0 0 0 30 0 0 0 0 0 0 0 0 96 0 0 82 0 90 0 0 0 68
0 0 0 0 0 0 21 0 0 29 53 0 0 49 0 0 0 69 0 0 0 0 79 0 0 0 0 96 0 0 0 0 0 9 0 0 50 0 0 0 0 0 0 0 0 46 0 0 34 0 98 0 0 39 0 0 11 0 0 0 0 90 0 0 2 0 0 0 0 0 58 0 0 0 33 0 0 0 0 0 25 0 0 0 0 92 15 0 0 0 0 0 0 0 17 11 0 0 70 0
0 23 0 0 0 0 3 0 97 0 0 0 0 0 0 66 0 44 0 0 0 0 0 5 0 0 0 20 0 73 0 0 0 22 0 0 13 89 0 0 0 0 0 0 0 0 0 1 2 1 0 0 0 85 0 0 0 0 0 15 100 0 100 0 0 0 0 0 0 0 0 0 0 0 0 0 44 0 0 10 57 0 0 0 0 0 25 0 42 0 91 0 0 0 0 0 0 0 0 0
0 85 0 49 52 0 0 0 10 81 0 0 0 0 0 0 22 0 0 0 0 74 31 0 34 0 88 0 0 49 0 0 0 0 0 0 5 0 20 24 0 0 0 0 0 0 0 0 0 0 9 42 0 14 0 0 0 29 0 0 0 0 35 0 77 0 0 0 0 1 99 0 0 0 0 0 0 0 0 79 0 3 6 64 0 0 0 97 0 0 0 64 15 0 0 0 0 99 54 56
0 0 58 0 0 0 0 0 0 10 0 0 0 49 0 0 72 0 0 0 0 0 68 0 0 0 0 0 0 43 0 0 28 0 0 0 0 0 0 0 0 26 0 0 0 0 0 57 0 34 19 0 0 0 0 0 0 0 0 0 0 0 0 0 8 0 36 0 10 0 0 0 46 0 54 0 0 30 0 71 0 2 26 43 92 0 0 9 0 0 0 0 0 0 0 0 0 0 0 12
0 0 49 0 0 63 46 64 0 56 0 38 0 0 0 88 0 0 3 0 77 0 85 0 0 0 80 0 0 0 71 0 0 0 29 0 0 0 0 0 0 73 0 75 0 0 77 0 0 19 0 0 0 0 0 0 0 0 0 0 0 0 19 0 0 0 0 0 62 91 33 0 93 0 37 0 0 0 0 41 59 0 0 7 0 0 0 0 0 0 14 0 0 0 0 0 5 0 0 26
0 2 14 0 0 28 0 0 0 100 0 0 0 0 0 0 0 23 0 0 90 0 0 0 0 0 0 91 0 0 0 0 0 0 84 0 0 0 0 0 0 0 0 87 0 0 0 0 87 0 84 0 78 34 0 0 0 0 0 28 42 0 0 0 0 0 0 0 0 0 0 0 0 43 35 31 76 0 0 0 0 0 0 0 26 0 0 0 0 0 0 0 0 0 0 0 0 0 0 0
19 0 0 16 74 0 0 0 0 0 0 0 0 0 0 0 0 0 0 0 29 0 68 0 0 0 0 0 9 1 62 0 0 32 0 59 0 38 96 16 0 0 0 0 0 0 0 88 81 0 59 80 86 66 61 0 0 0 0 0 0 0 0 0 0 0 0 0 0 0 0 0 42 0 0 0 0 0 0 0 0 0 0 0 0 0 70 31 0 0 0 0 0 0 71 40 0 0 0 84
87 0 0 87 0 0 0 0 0 0 62 60 0 44 0 39 0 0 0 0 95 0 0 0 0 40 0 0 45 10 36 0 0 0 21 0 0 0 0 0 0 44 0 20 0 64 0 0 0 0 0 0 0 0 0 0 0 0 0 100 0 0 0 0 0 0 39 15 0 97 0 0 18 0 0 0 0 0 0 0 0 0 0 0 59 0 0 30 0 0 0 0 0 0 0 0 72 90 0 0
0 0 0 60 0 17 71 0 87 64 0 0 0 0 0 0 0 0 0 0 8 0 0 0 16 0 0 0 0 0 75 0 0 0 0 0 0 0 0 0 0 0 0 0 0 0 0 0 0 0 0 0 3 0 0 0 0 0 0 0 0 57 0 0 38 0 24 60 0 99 68 0 69 0 0 19 0 94 64 0 0 26 67 0 0 49 0 0 0 0 0 0 0 0 0 18 0 68 0 0
0 0 56 72 0 0 0 0 0 16 0 0 0 0 54 69 0 0 46 40 0 0 0 0 0 0 0 0 0 54 14 0 93 29 0 0 0 0 77 0 0 0 14 0 0 63 83 0 0 0 15 0 0 14 33 0 0 0 0 0 0 28 0 0 75 0 0 0 0 0 0 0 0 0 0 66 0 9 0 20 0 0 0 0 0 0 57 6 19 0 51 68 0 0 3 0 0 33 18 0
0 0 78 0 0 0 65 0 0 0 0 96 0 0 0 0 0 0 0 0 0 0 58 0 0 0 65 0 46 82 0 0 24 0 0 0 12 0 0 0 81 0 0 0 0 0 0 0 0 0 90 0 0 0 0 0 0 0 0 0 0 0 21 0 40 22 88 0 0 0 0 53 0 0 49 0 0 0 0 0 0 0 0 0 0 0 0 0 56 0 34 0 0 0 69 0 0 0 0 39
0 0 42 53 0 22 0 99 0 95 0 0 0 0 8 29 77 0 0 0 90 0 58 95 0 0 57 28 0 42 0 0 56 0 0 0 40 0 0 0 0 43 48 22 25 14 0 0 0 0 0 0 0 68 0 0 0 0 0 0 0 0 0 72 0 98 90 0 0 0 0 0 0 63 0 0 0 0 0 0 0 0 0 0 0 0 0 0 0 84 0 0 0 0 29 0 0 0 0 0
0 0 0 0 0 0 3 0 0 0 26 0 0 0 0 0 0 0 5 47 0 74 0 0 0 0 53 0 44 0 64 0 0 0 0 68 0 0 0 0 0 0 58 52 52 0 0 18 0 88 0 0 0 0 73 0 0 0 0 0 0 0 0 0 41 55 0 0 0 2 0 0 0 1 0 0 6 89 0 27 100 0 0 0 0 0 0 0 0 0 0 0 0 0 0 0 0 0 0 0
59 0 0 14 0 0 98 0 85 0 0 0 86 0 0 0 0 0 0 0 0 0 0 0 69 0 48 0 0 0 0 96 0 71 0 0 0 100 0 34 0 0 0 0 93 0 0 0 57 0 56 43 0 59 0 0 0 0 0 0 0 0 61 29 0 0 0 0 56 13 1 0 0 0 0 12 0 0 0 0 0 0 94 27 0 0 0 93 59 0 43 0 30 0 0 0 0 0 48 0
97 0 0 0 80 0 0 0 0 0 0 0 0 74 16 0 0 81 0 0 100 0 0 77 0 46 0 0 0 0 0 0 0 28 84 73 0 0 0 0 0 0 23 0 42 20 37 0 7 0 0 0 0 0 57 68 0 0 0 0 0 0 0 0 37 0 41 0 0 0 32 53 0 0 0 0 0 0 7 0 0 0 0 0 35 0 0 0 0 0 57 75 0 0 30 0 27 0 0 60
0 0 0 0 2 0 3 0 70 0 47 0 40 0 0 0 0 0 0 0 0 0 0 58 0 0 0 27 0 0 0 0 0 52 0 0 0 0 0 0 0 2 89 0 0 0 0 0 0 69 0 0 0 0 0 17 0 0 0 0 0 0 49 0 0 0 0 65 0 0 0 0 0 0 0 0 86 82 30 0 85 97 7 0 0 0 0 0 0 0 0 0 20 0 0 0 0 0 0 0
0 41 0 0 0 0 0 0 53 0 54 0 0 71 0 76 0 71 0 7 0 0 0 0 20 0 0 0 28 0 49 0 0 47 0 0 0 47 0 0 0 0 0 0 0 0 0 24 1 89 0 0 0 0 78 0 0 0 0 82 0 96 93 93 36 97 0 0 0 0 47 0 91 0 0 0 0 0 0 0 0 0 0 0 0 8 16 0 0 0 87 57 15 0 0 0 0 0 0 0
0 0 0 0 0 0 0 0 82 0 0 0 52 33 0 0 30 0 0 0 0 50 0 0 0 78 0 0 0 0 0 0 0 0 0 0 0 0 0 0 0 0 0 0 50 0 72 0 20 47 0 0 0 0 53 0 0 99 0 0 95 0 0 52 0 0 61 19 24 86 0 20 40 0 64 0 91 50 0 55 17 0 0 0 0 51 0 0 0 0 16 0 45 0 0 0 40 44 0 59
59 0 0 0 62 0 0 0 0 0 87 80 0 0 0 0 92 0 86 0 0 0 53 0 0 0 33 0 0 0 0 99 0 78 0 82 0 0 0 52 0 40 0 0 0 0 0 0 0 0 50 51 0 0 0 29 2 0 0 0 99 0 0 0 74 0 5 93 0 0 0 0 69 0 0 88 0 0 0 40 0 0 0 0 0 0 61 89 0 0 0 0 0 48 0 0 0 99 77 54
0 0 0 61 0 0 0 0 0 0 0 31 0 0 86 0 0 0 0 0 0 0 0 24 88 0 77 21 0 0 0 44 0 17 0 0 0 0 0 0 95 57 54 0 0 0 0 0 0 17 0 0 0 0 0 7 0 32 0 24 0 0 0 0 33 0 0 0 0 0 34 0 0 0 0 0 0 98 0 0 0 0 0 0 0 63 0 0 0 0 0 0 0 0 0 51 0 0 73 0
0 0 0 0 0 0 0 0 0 0 0 0 0 0 84 0 0 0 66 0 74 0 74 0 20 1 85 0 0 0 62 0 0 77 0 0 0 0 62 0 0 19 86 0 74 0 0 0 77 0 0 0 0 0 0 0 0 70 0 0 0 0 0 0 73 0 0 0 66 0 0 0 0 0 86 52 0 0 0 0 0 0 0 0 0 0 100 0 69 3 61 0 0 0 0 0 0 0 76 0
0 0 44 0 0 0 0 0 24 58 0 0 0 0 0 0 0 0 72 0 0 0 84 0 0 0 0 0 0 0 0 0 0 0 0 0 0 0 0 0 45 0 0 0 0 0 0 18 99 0 0 88 60 25 14 0 0 0 0 0 0 0 22 0 0 40 68 0 0 0 0 0 0 0 0 75 0 0 71 0 0 21 0 46 0 0 0 0 0 0 91 0 0 0 86 0 0 84 0 0
0 0 0 0 0 0 0 0 0 0 28 0 0 0 0 0 0 0 0 63 0 0 33 0 0 0 0 0 0 0 0 0 0 0 0 0 0 0 0 0 0 0 0 0 92 0 28 0 14 9 0 0 0 0 0 59 0 0 40 0 0 0 0 0 0 0 0 61 0 0 0 9 0 0 0 48 87 0 0 0 0 0 0 0 0 0 82 76 0 0 0 0 0 0 0 0 0 0 0 42
74 59 0 0 0 0 88 0 0 0 0 0 0 60 0 0 48 0 74 4 5 0 47 0 0 0 0 0 0 0 0 67 0 0 0 12 0 0 16 0 0 0 0 0 0 0 0 51 0 56 20 0 0 0 0 43 0 0 0 0 0 46 0 0 0 76 0 0 83 0 0 25 0 0 0 0 0 0 0 0 0 0 0 0 0 0 0 0 0 83 81 0 0 90 0 0 0 0 0 0
4 0 0 0 0 0 53 0 0 0 0 0 0 0 32 6 0 0 0 5 0 72 61 0 0 57 0 0 0 0 10 0 0 0 0 0 0 0 43 0 0 88 89 0 0 62 84 0 0 0 79 99 0 0 0 15 0 95 0 0 0 0 0 0 0 0 0 0 32 0 0 0 0 0 67 0 0 0 0 0 0 0 0 85 7 0 0 0 0 0 91 0 0 0 17 16 0 71 0 58
0 0 0 0 22 98 0 0 0 0 0 0 0 25 0 0 0 0 0 0 0 0 0 58 33 73 0 88 0 0 0 95 0 35 0 0 0 0 0 28 0 0 9 36 37 69 56 62 0 0 0 92 0 6 61 0 18 3 0 81 21 90 0 0 26 0 0 0 0 0 0 0 0 46 37 89 0 0 0 87 0 0 41 0 0 0 0 66 0 0 0 0 0 0 0 7 0 0 0 0
0 0 0 0 0 0 0 0 0 0 33 0 0 0 0 0 0 0 0 0 0 0 0 0 52 0 0 0 0 91 0 0 0 0 0 0 0 0 0 0 0 0 0 0 0 0 0 0 0 0 0 0 0 0 0 0 0 91 37 0 0 0 0 0 0 0 0 0 90 0 4 0 0 0 93 39 0 78 90 6 8 0 0 0 0 0 0 0 0 0 0 0 0 0 0 0 0 0 0 0
0 0 0 0 0 0 0 45 0 0 0 0 0 0 0 0 0 0 0 0 51 0 0 0 0 30 92 40 0 0 0 72 0 0 0 0 0 0 0 26 0 32 0 78 0 0 0 14 0 100 0 0 87 70 0 0 0 0 0 0 0 0 0 23 0 0 0 0 0 53 0 0 0 0 95 5 0 0 0 35 0 0 0 0 0 0 8 0 0 0 0 0 0 0 0 62 0 93 0 0
0 93 0 0 0 0 88 47 55 0 0 0 69 0 0 0 0 0 88 0 0 0 0 0 73 0 0 0 0 0 0 0 52 0 16 0 0 0 0 0 0 83 100 35 0 92 0 0 0 0 9 11 0 0 0 0 0 0 29 0 0 0 0 0 93 0 54 81 0 0 0 0 90 0 0 0 79 0 0 0 0 0 0 20 0 86 0 0 0 0 0 33 0 0 0 0 0 0 0 0
9 0 39 23 0 0 0 0 0 0 0 0 0 30 0 0 3 0 0 0 0 0 0 0 0 0 0 0 0 0 0 0 52 0 0 39 0 0 62 0 0 40 0 42 0 1 0 0 3 0 0 59 1 0 95 88 9 0 0 37 0 87 20 3 0 0 22 59 0 0 0 0 0 88 24 0 31 0 0 0 0 0 0 0 0 0 0 0 0 0 0 0 67 0 0 27 30 0 0 24
0 0 0 0 0 0 0 0 83 9 0 0 0 98 0 0 0 0 10 0 3 0 0 0 0 0 15 0 0 50 56 0 48 0 0 0 36 0 91 0 0 0 19 0 38 0 0 0 0 0 0 0 0 76 0 0 0 0 0 0 0 28 0 0 41 0 0 32 0 0 0 33 0 0 0 0 0 8 0 68 33 0 0 0 0 0 34 0 0 0 0 0 0 94 0 61 0 0 0 20
0 0 0 0 6 0 0 0 0 0 0 0 7 0 0 22 0 0 0 0 34 0 0 0 0 0 0 0 44 0 0 0 0 0 33 0 0 0 0 0 30 43 0 0 52 0 0 0 95 0 0 0 0 86 0 0 0 0 0 53 24 0 55 0 0 1 0 0 0 29 77 2 51 0 0 0 0 0 51 23 92 47 0 0 85 0 0 0 0 0 0 0 0 0 43 0 0 0 0 0
0 0 63 0 0 0 0 15 0 0 0 0 90 5 0 0 0 26 0 0 0 0 63 84 45 0 0 34 12 0 0 0 0 0 0 0 0 19 0 0 4 0 0 0 0 88 0 0 0 9 0 45 53 0 66 0 0 0 0 0 94 0 0 0 0 0 0 0 5 0 0 84 0 22 0 0 0 0 0 81 0 0 0 6 0 0 0 93 0 0 0 0 0 0 73 24 4 0 0 0
0 54 0 0 36 0 0 0 90 25 37 0 15 0 61 27 0 50 22 0 0 0 0 0 0 51 0 0 0 20 0 0 0 0 0 0 0 0 0 0 0 63 0 49 0 0 0 0 0 0 0 0 0 0 0 0 0 0 0 0 0 0 0 0 0 0 0 0 0 0 0 0 0 0 0 0 0 28 0 94 0 0 0 16 5 0 62 0 0 88 0 0 66 0 0 0 0 0 0 0
32 0 4 59 0 0 0 0 96 25 75 88 0 0 0 3 0 0 57 0 35 0 0 66 0 0 0 71 0 0 0 80 0 32 0 0 73 86 0 0 0 0 0 0 0 0 0 0 0 0 0 0 0 63 0 0 51 0 0 36 0 0 0 62 0 0 83 86 0 3 0 0 0 0 0 63 0 0 80 0 0 9 0 0 75 0 0 0 0 0 0 0 82 0 13 0 69 10 16 0
0 0 0 0 0 0 0 0 0 15 75 0 0 0 0 0 0 0 0 0 0 0 0 0 0 0 88 27 0 0 65 0 0 7 0 73 0 41 0 0 57 55 0 0 0 83 0 0 0 0 53 0 0 0 0 0 81 0 98 40 0 0 0 0 23 0 0 23 0 0 0 0 3 0 35 0 86 18 0 0 0 0 25 0 0 0 0 0 19 35 0 0 0 0 12 0 0 61 0 25
0 0 0 0 0 0 16 0 0 0 7 53 54 90 0 0 81 0 10 0 0 0 0 0 0 0 0 0 0 0 0 0 71 0 25 0 0 93 0 0 0 0 0 18 0 0 0 0 0 0 0 0 0 0 0 16 0 0 0 0 73 0 0 0 0 39 0 0 0 0 0 0 0 0 8 0 0 0 0 0 0 0 0 0 0 0 0 0 84 26 65 0 0 42 0 0 0 0 0 11
55 0 0 0 0 0 0 0 33 0 0 0 0 97 51 0 0 0 0 0 0 0 0 0 64 12 0 0 0 0 0 0 0 1 0 58 0 71 0 96 0 0 0 0 0 14 0 0 0 0 0 97 13 0 0 98 0 0 0 0 10 0 0 85 0 0 0 0 0 0 0 4 0 0 0 0 26 0 0 11 26 0 0 0 0 30 45 0 0 40 0 0 0 0 83 29 0 0 0 0
0 0 0 0 0 0 0 81 0 0 0 39 0 0 0 0 56 0 62 0 0 0 0 0 0 0 38 0 0 0 0 88 96 29 0 0 0 0 0 0 0 85 0 37 0 0 64 0 0 0 0 0 0 38 65 26 0 12 0 0 0 0 0 0 0 0 2 75 0 0 0 0 0 69 0 0 0 61 0 81 55 53 0 68 0 63 16 0 0 18 0 0 98 0 0 0 74 33 0 0
0 0 48 0 0 0 44 0 0 0 0 0 40 0 0 0 0 71 0 0 86 0 0 0 0 46 89 0 0 0 0 0 0 2 0 29 0 0 0 0 0 0 0 0 0 58 0 55 0 0 0 44 0 0 0 0 0 0 0 0 0 60 0 0 0 73 81 0 0 0 0 0 34 0 0 0 0 66 0 55 0 0 61 86 59 39 33 0 22 0 0 0 0 87 0 0 0 0 29 0
0 0 54 0 0 0 0 0 0 91 0 0 0 0 46 0 0 0 0 0 0 0 0 0 0 0 27 0 0 0 0 0 0 0 0 0 0 55 0 0 0 0 0 0 0 0 7 55 0 0 0 11 56 0 0 0 0 0 35 85 0 0 0 13 0 0 0 0 0 0 0 0 67 0 0 0 0 0 34 0 79 0 80 0 0 0 0 0 86 0 100 43 81 0 0 0 80 0 0 0
23 31 0 5 0 0 18 0 0 0 0 0 0 0 0 0 0 0 59 0 0 0 12 0 0 0 0 0 0 19 0 0 0 0 0 0 94 16 0 0 0 0 0 0 0 0 0 46 0 0 0 0 13 94 0 0 0 0 0 0 0 7 0 0 0 99 0 0 0 0 0 0 32 0 0 0 100 0 0 0 0 0 0 0 0 82 0 0 0 0 0 0 0 0 0 21 0 90 0 99
0 14 77 0 0 0 0 0 0 0 8 0 0 0 0 0 0 50 54 0 0 0 0 0 0 0 0 0 0 0 45 0 51 0 0 0 0 0 0 0 0 1 0 0 12 54 0 32 0 0 94 54 0 76 35 0 0 30 0 0 55 79 0 96 0 35 0 37 0 0 0 0 0 0 62 0 0 95 0 0 78 0 50 0 25 0 9 2 0 87 0 0 0 0 0 0 11 0 51 0
53 0 0 0 0 0 0 11 0 0 56 0 0 0 0 0 47 0 0 0 0 0 0 0 0 35 0 52 0 0 0 60 0 0 0 75 0 14 39 0 0 0 0 0 76 0 0 0 86 35 78 0 0 90 0 0 0 0 0 0 0 0 0 71 0 0 45 0 0 66 0 0 0 0 43 83 0 0 0 78 66 0 0 0 0 0 0 1 36 0 0 0 0 0 0 26 55 0 0 0
0 0 89 0 0 0 74 0 15 0 0 0 0 96 0 0 0 0 3 0 0 0 0 0 24 0 0 22 79 0 0 0 0 20 36 0 0 0 0 0 0 0 0 9 0 0 0 0 0 0 0 80 1 0 0 41 0 0 0 0 0 0 0 0 0 0 0 0 0 0 0 0 0 0 0 0 0 0 84 83 0 0 0 0 21 0 0 0 0 43 0 0 0 0 0 0 0 0 85 87
0 0 0 0 98 0 0 0 0 0 0 0 0 69 0 0 0 0 97 61 0 23 0 19 0 0 0 0 0 0 0 0 0 0 59 0 0 64 0 0 0 58 0 0 0 0 0 0 0 0 0 0 10 0 0 48 0 0 0 0 0 0 0 20 0 0 0 0 0 0 0 43 0 0 66 0 39 0 62 68 0 0 67 91 0 7 0 0 0 0 0 0 0 0 1 90 0 0 0 0
0 0 0 49 77 0 0 2 0 30 0 0 32 0 97 0 99 91 0 0 0 0 0 0 0 100 8 0 0 0 16 0 3 0 0 16 0 12 0 0 0 0 0 0 9 9 73 0 25 0 0 0 0 0 63 0 0 0 0 0 0 0 0 93 0 0 0 0 0 21 0 0 78 41 0 84 0 0 0 0 59 0 0 0 0 60 0 0 0 0 0 0 0 0 0 4 0 17 53 0
65 37 0 0 33 0 93 0 0 0 0 32 0 0 0 0 55 0 51 0 0 0 0 30 0 0 0 0 0 0 17 0 0 0 1 92 0 0 0 32 0 63 0 0 0 0 0 0 0 0 2 45 59 84 0 0 0 0 88 0 0 0 29 0 0 0 0 0 0 87 42 0 99 0 0 0 0 0 0 0 0 0 0 0 0 0 0 28 0 0 51 0 0 0 0 0 0 98 0 2
53 0 0 0 0 0 0 0 0 0 0 0 0 0 33 0 44 0 0 0 0 12 0 0 0 0 0 31 0 0 0 82 0 0 0 2 0 0 0 0 0 0 0 0 11 0 0 0 0 0 0 81 0 0 31 61 0 0 0 0 91 0 0 0 0 0 0 0 0 0 29 44 22 0 46 0 0 0 37 4 0 0 0 0 0 0 0 15 0 9 83 0 13 0 0 23 53 0 0 0
42 0 0 0 0 0 96 0 0 0 0 0 0 0 0 82 0 0 0 0 0 0 0 19 19 91 0 10 0 0 0 0 0 0 0 42 10 0 0 0 0 41 0 0 0 0 49 0 0 0 0 38 0 7 0 0 0 89 0 0 0 0 0 0 0 0 96 0 0 0 71 33 0 0 0 0 0 0 0 0 76 0 0 0 0 0 0 0 0 0 51 58 56 0 0 0 75 0 0 7
27 0 62 60 0 81 0 0 0 0 0 0 0 71 0 0 0 50 0 0 0 0 0 0 72 0 0 0 0 23 0 0 0 0 38 46 0 0 23 0 0 0 0 0 0 0 0 0 0 0 0 28 0 48 0 0 0 17 0 46 0 11 0 0 0 38 0 0 85 44 0 0 0 0 0 0 0 0 31 0 0 60 4 58 0 0 0 60 0 0 0 40 0 0 0 0 0 0 0 0
0 1 0 0 0 0 0 0 0 0 22 11 0 0 0 0 0 60 0 0 0 0 0 0 0 0 0 0 0 0 0 0 0 23 49 73 0 13 0 50 0 0 41 0 0 0 0 0 0 0 0 0 17 20 60 0 50 0 43 0 0 85 0 0 0 0 73 0 0 55 0 0 0 0 11 90 0 0 73 0 0 0 8 0 0 0 0 0 93 0 0 85 0 0 0 0 0 0 0 94
0 0 0 0 0 0 9 0 0 95 0 0 0 84 0 0 0 0 0 0 0 66 0 17 0 0 68 0 0 0 0 0 6 0 0 0 0 61 41 0 0 0 0 0 35 8 0 0 0 0 0 0 0 0 0 0 8 0 0 25 44 27 0 0 0 74 33 0 0 36 0 0 0 0 0 0 0 0 92 0 0 0 0 0 26 90 0 99 0 0 44 0 0 0 76 0 0 0 39 0
0 0 0 0 0 0 67 33 89 31 0 0 0 0 0 0 0 0 0 0 0 9 83 0 0 0 0 0 0 0 0 80 0 0 68 0 0 0 61 33 0 0 0 0 0 0 0 0 24 0 0 0 60 0 99 0 0 0 80 76 55 0 0 0 0 0 0 0 0 0 0 0 0 0 0 0 0 0 0 0 70 0 85 0 57 0 0 0 0 0 0 0 0 0 0 0 0 0 0 0
67 0 0 0 0 0 0 0 0 14 27 13 0 0 0 25 0 0 0 0 0 0 0 0 0 0 0 0 0 0 98 0 0 81 0 71 0 0 0 0 0 0 0 0 34 0 50 0 0 0 0 0 7 0 24 0 0 0 0 84 0 0 14 25 55 0 17 10 0 75 0 0 0 0 0 0 0 67 0 0 0 0 0 80 35 15 90 5 0 54 15 0 0 0 0 50 0 0 0 0
0 0 0 5 64 0 45 0 0 0 0 0 0 0 0 0 0 0 0 0 0 50 43 0 0 0 0 0 0 75 15 0 37 0 0 0 18 0 0 0 0 0 0 0 0 0 98 0 0 0 0 0 0 64 0 72 0 0 48 53 18 0 0 0 0 0 25 63 0 5 10 0 0 0 0 0 0 78 0 0 91 0 0 0 0 0 0 36 0 0 76 0 0 0 0 0 0 36 0 0
0 0 0 0 0 0 0 62 61 0 0 31 0 0 0 0 0 0 0 0 56 0 38 85 33 0 0 0 0 0 0 0 0 26 0 0 0 0 26 0 0 0 0 0 72 0 0 0 0 0 0 0 0 0 0 40 0 7 0 0 0 0 61 0 0 66 63 0 0 82 0 0 0 0 0 0 0 0 0 0 9 38 0 0 34 99 0 28 0 0 0 0 54 64 0 7 0 95 59 6
42 0 0 21 0 0 23 0 0 0 0 0 36 0 0 0 16 0 0 0 0 0 0 40 0 0 0 96 20 0 0 0 32 29 0 58 0 0 0 0 0 0 0 0 0 0 0 0 45 0 0 0 0 0 0 0 80 0 0 55 19 0 97 0 0 0 0 0 64 0 0 0 0 0 0 73 0 0 3 49 0 0 0 9 12 0 89 0 0 0 0 0 0 17 0 0 0 89 0 0
0 0 0 33 0 67 0 66 0 0 0 89 0 0 0 0 76 0 0 0 0 0 0 0 0 0 40 0 0 0 0 0 7 0 86 0 0 0 0 79 25 12 0 0 0 53 0 0 0 0 0 0 31 79 0 75 19 0 0 0 0 80 0 27 0 0 52 0 85 0 97 0 0 0 0 85 0 0 0 0 0 77 0 0 0 0 0 80 34 0 7 0 69 82 0 0 0 0 0 0
59 0 0 0 9 40 0 0 65 0 0 0 45 0 0 36 30 0 89 0 0 0 0 66 0 0 52 93 0 43 0 0 0 0 0 0 0 0 0 10 0 0 0 0 40 0 0 0 0 0 0 0 0 0 10 90 61 0 0 85 0 0 0 0 72 0 0 93 64 83 0 0 0 0 0 0 0 0 22 61 0 68 33 27 0 0 0 0 0 0 0 0 0 0 0 0 98 0 0 0
0 44 18 35 85 0 10 0 82 0 74 0 0 0 0 0 0 0 0 0 94 0 0 0 0 0 80 58 0 0 36 0 0 0 0 58 0 30 0 50 49 59 0 8 0 92 0 0 0 77 0 0 0 0 0 100 11 89 18 0 0 0 0 0 0 0 1 62 23 19 0 0 0 0 0 1 0 0 93 0 37 0 41 0 85 0 0 0 0 0 0 0 0 0 0 49 0 0 0 51
0 0 0 50 52 77 13 0 0 54 0 0 0 73 0 19 51 0 0 82 66 29 0 0 0 0 0 24 0 0 63 0 0 0 0 0 0 32 39 0 20 0 42 0 0 66 0 0 0 0 0 0 0 0 0 0 0 0 0 0 0 0 0 15 0 0 36 37 0 0 0 0 0 0 0 0 0 0 16 7 0 0 0 0 0 0 0 0 70 0 0 0 0 87 99 92 29 0 17 0
0 0 0 0 45 0 52 0 0 0 0 83 0 0 0 0 19 3 0 0 0 0 80 0 0 0 15 0 0 0 69 0 0 0 0 0 0 91 0 0 0 0 0 0 0 0 0 0 0 0 0 0 0 0 54 0 0 71 82 84 45 60 52 0 0 0 0 54 0 0 0 33 0 0 0 0 0 0 0 0 0 0 13 0 100 0 0 0 0 89 0 0 0 0 0 0 0 81 31 45
37 0 0 0 0 33 0 0 0 97 0 0 0 75 0 0 0 0 65 67 0 0 0 0 0 0 0 0 0 0 0 0 7 0 92 0 0 0 72 97 0 0 0 60 0 0 0 0 0 0 37 0 50 0 0 0 0 0 0 58 0 0 0 0 0 0 35 74 0 0 0 0 3 0 0 0 52 0 0 0 0 0 0 14 2 0 10 0 21 0 0 30 21 0 0 0 4 0 19 0
76 0 0 0 0 0 0 0 0 0 0 49 0 0 5 0 0 0 0 0 0 67 0 53 0 0 0 0 0 3 0 49 0 0 0 53 0 0 0 21 0 87 50 0 0 73 0 32 0 51 0 0 0 0 0 8 0 56 0 44 0 67 0 0 96 0 0 0 0 0 0 0 0 0 0 0 0 0 0 0 0 55 40 0 0 0 0 0 72 0 0 0 88 0 20 0 0 0 99 0
60 0 0 0 100 0 0 0 0 0 0 0 0 36 0 0 0 0 0 0 0 0 0 0 0 0 0 58 0 90 60 0 91 54 34 0 0 0 0 0 0 0 0 0 0 0 54 0 0 0 0 0 0 0 0 0 0 0 0 0 0 0 0 90 0 0 0 0 0 0 92 0 0 0 0 60 0 0 0 0 0 0 74 0 22 54 0 0 0 0 0 0 0 0 0 0 0 0 0 55
0 0 0 0 0 0 0 0 0 0 0 0 0 0 0 0 0 0 0 23 0 0 0 0 0 0 0 0 5 0 80 0 0 0 0 0 0 0 0 98 0 76 79 0 0 0 0 0 0 0 0 0 0 57 43 0 0 0 0 0 4 0 13 97 79 0 0 0 0 4 0 0 0 0 0 0 0 64 14 0 0 0 33 0 0 0 0 93 0 0 0 0 33 0 0 0 0 0 96 0
0 0 40 18 0 0 9 0 0 0 0 0 71 0 0 0 0 0 0 17 49 0 75 0 0 0 71 0 0 0 85 0 0 0 0 0 0 0 0 0 0 0 0 0 0 53 0 0 0 15 0 0 0 95 0 0 31 0 0 69 0 0 0 26 0 0 0 0 0 0 4 0 0 0 34 0 0 22 0 0 0 0 0 0 0 0 0 13 0 0 0 92 81 0 0 0 0 0 0 23
0 0 0 0 0 0 0 0 84 0 97 0 23 0 0 0 0 5 0 0 0 0 0 0 29 5 0 0 0 0 0 0 0 0 0 0 0 0 0 0 0 0 0 0 0 55 46 13 0 0 0 0 16 0 0 0 39 0 0 0 0 0 0 0 0 54 0 0 0 0 0 0 0 0 0 93 0 0 64 0 2 0 0 0 0 0 0 0 0 0 15 0 0 0 0 0 0 0 78 0
0 5 0 0 0 0 2 0 0 0 17 0 0 0 0 0 0 57 94 0 0 2 0 0 0 0 90 0 0 0 90 96 0 50 87 79 16 76 0 100 0 0 40 0 0 0 58 0 0 0 0 79 0 0 0 0 0 0 0 0 0 0 0 0 30 0 95 0 0 0 0 78 0 0 0 0 37 0 33 0 0 0 0 0 0 11 0 30 50 16 0 40 0 0 0 81 0 0 0 0
0 55 61 0 0 0 0 0 0 0 93 85 0 0 0 0 0 0 93 0 0 0 0 9 0 0 0 0 0 0 0 0 71 83 0 86 0 0 0 52 0 0 0 0 0 0 0 0 0 67 0 0 0 0 0 0 0 0 18 0 79 74 7 0 0 0 0 100 0 0 54 0 0 0 9 0 0 0 0 0 40 0 0 90 0 0 0 0 0 0 0 52 0 0 0 0 0 0 0 0
0 0 0 0 0 0 99 0 0 0 0 11 0 13 0 0 85 0 42 0 0 0 0 0 0 0 0 48 0 19 60 75 18 17 0 0 59 0 0 0 0 0 0 0 0 0 0 0 0 0 94 0 0 0 0 35 52 0 72 0 36 57 43 66 24 0 0 0 82 0 0 52 0 10 1 0 0 0 0 0 0 99 0 0 0 3 0 0 0 0 91 0 0 0 24 75 0 0 0 0
73 100 8 0 0 0 0 0 0 23 17 31 0 0 0 0 0 24 0 20 0 0 0 0 0 0 45 0 0 0 0 56 0 0 0 0 0 0 0 0 0 12 0 0 0 0 0 42 71 0 78 0 0 96 0 0 0 0 0 0 70 0 0 0 0 0 0 0 59 0 0 27 0 0 0 0 6 49 0 0 0 24 0 0 0 0 10 0 0 89 22 50 0 0 0 56 0 0 0 0
0 0 28 0 46 53 0 0 61 0 0 28 0 0 8 0 0 0 0 0 0 72 67 0 0 0 100 0 0 0 0 0 97 0 0 0 26 0 73 0 61 0 62 0 0 0 0 0 0 0 0 91 0 83 55 70 0 0 0 0 0 0 27 0 0 0 0 0 0 0 4 0 0 0 99 87 0 0 0 0 0 0 0 0 0 2 0 0 0 0 0 0 34 0 40 0 0 11 21 8
0 0 0 0 0 0 0 67 21 0 21 0 0 0 15 0 0 28 0 0 0 0 0 0 0 0 0 0 2 0 0 0 0 0 0 0 98 0 0 0 0 0 0 0 88 67 0 0 0 0 0 0 0 0 19 0 0 0 0 0 0 0 0 0 0 0 0 0 50 0 0 0 0 90 0 15 68 0 0 9 0 0 0 0 0 0 0 0 0 49 0 0 0 0 0 33 0 0 0 0
0 0 0 62 0 0 0 43 0 34 0 0 0 0 0 0 0 25 0 0 0 0 0 0 0 0 0 0 0 0 0 0 0 0 0 0 0 0 100 0 0 0 0 0 0 0 46 0 0 16 18 0 0 0 0 77 0 11 0 0 14 0 87 0 0 0 0 54 0 0 31 0 0 0 0 54 0 0 0 0 65 0 0 0 0 0 0 14 0 0 34 0 67 0 0 0 0 0 0 0
64 49 0 0 52 0 0 0 0 0 0 6 0 0 0 0 0 0 56 0 69 0 45 0 0 47 46 0 0 0 72 0 85 0 0 30 0 0 42 0 0 0 0 92 0 0 77 0 0 0 0 0 0 90 0 0 74 0 81 0 58 0 0 90 0 0 0 0 0 0 0 0 0 0 0 0 0 0 0 0 83 0 0 0 0 0 0 0 91 0 84 0 0 0 0 11 0 43 33 0
76 0 0 0 0 85 35 0 0 0 0 0 0 0 0 0 32 0 0 0 0 0 20 0 0 0 24 10 0 42 0 10 71 0 15 0 0 0 0 0 0 46 0 44 0 0 32 0 42 0 49 0 96 0 0 0 0 86 0 65 0 0 89 91 0 0 0 0 0 0 65 0 0 0 0 4 0 17 0 0 0 0 0 0 0 0 0 33 6 0 0 66 0 11 84 0 86 0 0 36
14 0 6 0 57 0 0 0 0 0 46 0 0 0 0 0 0 98 3 49 0 0 0 1 38 0 0 57 0 22 0 0 0 0 79 0 83 0 0 56 0 0 0 0 0 0 51 0 0 76 0 0 0 0 0 71 89 0 0 37 0 0 0 0 69 0 0 0 0 77 0 0 91 0 0 0 69 0 0 0 0 0 0 0 0 100 0 38 0 0 0 0 0 0 0 0 0 0 0 0
0 0 43 0 0 0 0 44 0 0 0 0 0 96 0 54 0 0 47 0 0 0 0 0 0 0 20 0 65 68 0 0 0 0 0 0 0 85 0 0 0 0 0 0 0 0 0 0 0 0 0 0 39 30 0 0 0 28 31 0 26 0 0 0 0 0 0 0 0 10 0 24 0 0 0 0 64 0 0 69 0 22 0 0 74 0 0 0 0 0 0 89 0 0 0 0 0 0 0 0
0 0 91 2 0 0 0 0 0 50 0 0 0 0 0 3 0 0 86 0 0 54 0 0 0 71 85 0 92 12 37 0 0 10 36 97 0 0 0 0 62 0 0 0 0 0 91 0 0 0 0 0 0 81 0 28 39 0 0 0 0 0 0 25 48 54 0 43 22 0 0 30 0 50 28 53 0 0 74 0 0 0 0 0 0 0 0 0 19 0 46 0 0 49 0 45 60 99 55 0
0 0 76 0 0 83 30 0 0 0 0 0 0 0 62 0 0 0 0 0 83 0 0 89 0 0 0 0 0 0 0 0 0 91 16 0 0 68 69 7 0 0 73 0 84 0 0 97 100 0 6 0 44 0 0 0 40 100 0 0 0 3 0 0 0 0 0 5 0 14 0 0 0 47 0 0 0 0 39 0 0 0 29 50 0 0 0 0 0 0 0 0 0 0 0 0 0 91 0 27
0 0 0 0 0 86 0 46 46 0 0 0 0 29 0 26 80 98 0 0 0 0 0 60 35 0 34 61 0 0 0 0 0 11 0 0 0 0 0 0 0 10 0 0 0 79 0 0 0 0 0 0 0 0 0 0 0 0 0 96 8 34 0 0 0 0 0 0 90 0 57 0 58 0 0 0 0 0 51 0 48 0 0 0 0 0 0 0 0 0 0 0 69 0 62 26 73 0 79 93
0 0 0 0 87 89 0 0 57 0 0 0 0 0 0 23 93 0 0 0 0 0 0 95 60 0 0 94 0 0 0 0 0 0 0 0 0 0 0 0 0 0 57 0 0 0 0 33 0 0 54 0 0 66 51 0 0 87 0 0 0 0 0 0 72 0 64 0 0 0 0 0 9 0 0 0 83 0 86 0 0 0 0 0 0 0 0 0 0 0 65 58 0 0 0 0 0 0 43 0
0 0 0 52 0 0 0 0 0 0 85 0 0 0 0 32 0 12 0 0 27 0 0 32 0 0 0 0 0 0 69 27 0 0 0 0 9 0 0 0 0 0 0 0 0 56 0 0 33 0 40 12 0 0 66 0 0 53 0 0 0 0 0 0 74 0 45 0 0 0 54 17 11 0 0 0 0 2 46 0 0 0 0 0 0 0 0 0 96 0 0 0 0 0 0 0 0 0 0 0
0 0 0 0 0 96 19 0 0 0 95 95 0 0 0 39 47 0 0 0 0 0 0 0 0 0 0 0 0 68 0 0 0 16 0 0 0 69 86 0 0 0 0 32 0 0 0 0 0 0 0 0 0 0 0 34 0 0 0 75 0 8 0 19 0 0 0 0 0 0 0 0 13 48 26 0 0 0 0 0 0 0 47 66 9 0 61 0 0 0 99 0 0 96 0 59 0 0 0 0
0 40 35 0 0 0 0 7 0 0 0 44 0 22 0 65 0 0 46 0 0 0 0 0 27 0 24 0 0 22 71 0 0 0 95 0 27 0 29 0 0 0 0 0 0 0 0 0 0 0 0 0 0 0 0 0 0 0 0 0 87 0 0 54 28 87 0 0 0 0 0 0 0 0 63 0 0 0 0 60 99 0 0 0 0 59 0 0 6 0 31 0 15 71 98 0 0 0 49 0
0 42 0 0 0 0 2 58 7 0 0 0 0 0 0 11 0 0 0 0 0 0 0 0 0 0 0 18 0 0 8 0 0 87 0 43 29 0 0 0 0 0 0 0 79 0 7 0 34 0 28 51 44 0 0 0 0 0 0 0 0 0 84 0 0 0 0 0 0 0 0 0 0 0 0 0 0 0 53 93 0 0 0 0 0 0 0 64 64 0 37 0 0 0 0 0 0 0 0 83
83 39 0 59 0 0 67 0 67 0 81 0 0 0 0 0 22 0 0 73 0 0 0 0 0 99 27 50 0 0 0 0 0 31 0 0 0 0 0 0 0 0 0 0 0 0 0 0 0 0 0 0 0 55 0 53 0 0 0 0 0 0 0 0 17 79 70 0 0 0 0 0 0 8 0 32 0 0 5 0 0 0 0 0 0 0 0 0 0 23 0 0 60 0 0 64 0 0 0 0
0 0 17 0 0 0 0 28 0 0 0 0 69 0 0 88 0 0 44 0 0 0 0 0 26 0 0 0 7 0 0 39 0 0 0 0 0 0 83 0 0 0 0 0 18 0 77 0 46 0 90 70 0 0 0 47 63 0 0 0 0 0 0 0 7 0 0 0 0 0 53 0 0 0 0 11 0 14 93 0 41 0 0 15 0 0 0 0 0 0 89 0 0 31 0 7 0 0 0 0
0 0 0 0 0 27 0 0 20 0 0 0 0 0 95 32 0 0 0 0 0 0 0 0 0 0 0 69 0 0 0 36 0 0 0 54 0 0 0 2 0 0 0 100 0 0 0 0 0 0 0 0 0 0 0 0 0 0 0 0 0 0 0 75 0 0 79 0 0 0 0 0 0 0 0 0 78 85 0 0 0 0 63 0 0 59 98 12 0 0 0 0 0 94 53 0 78 0 0 0
0 0 0 0 99 0 0 0 0 0 51 26 0 0 0 0 0 29 41 56 0 6 0 0 0 0 0 0 0 0 0 0 9 39 92 0 0 0 0 0 0 0 0 0 58 0 87 0 0 28 37 0 0 0 0 0 95 0 19 0 11 70 72 0 0 86 0 0 0 0 0 0 0 51 66 0 0 0 0 0 0 0 0 0 0 0 0 22 0 0 0 0 0 0 0 0 0 0 5 0
0 89 0 0 0 0 94 0 94 0 0 0 0 0 32 0 0 0 0 0 0 0 75 0 0 0 0 0 0 0 50 76 41 0 0 0 0 0 0 0 0 0 0 7 0 0 0 0 0 0 0 0 0 0 0 0 25 0 0 0 0 0 0 30 0 0 0 0 0 0 0 81 100 0 0 40 0 0 54 0 0 0 0 57 0 0 0 0 0 0 0 0 0 0 0 0 19 0 0 0
0 0 2 0 0 0 0 0 63 0 0 0 0 0 0 0 0 0 0 0 0 53 0 20 0 0 0 11 0 0 0 0 7 0 0 0 0 0 0 0 0 0 0 0 0 0 0 0 0 0 0 0 0 0 53 0 0 0 0 0 0 0 0 70 0 0 42 0 0 0 0 0 0 76 0 0 0 66 69 0 0 0 0 77 0 0 0 0 31 0 0 0 0 56 0 0 0 0 32 0
0 0 0 0 0 0 7 0 40 0 0 0 86 0 0 0 29 0 0 0 0 0 0 0 65 0 63 0 0 0 92 0 0 78 0 0 0 79 0 0 17 0 90 0 81 0 0 0 0 0 0 0 0 80 0 0 0 0 0 0 0 1 0 0 0 41 0 0 0 0 0 0 0 0 0 0 0 0 0 0 0 0 0 80 0 53 0 56 0 0 0 0 0 62 0 0 0 0 0 40
0 0 0 0 0 0 0 67 0 66 13 0 0 0 62 0 0 0 70 0 0 0 0 0 0 0 0 0 0 31 0 91 0 0 0 0 0 53 0 0 0 68 55 59 0 0 0 0 0 0 0 0 7 100 0 0 0 91 0 0 0 0 0 0 0 0 0 0 0 59 0 0 52 0 0 0 0 0 0 0 0 0 57 0 0 0 0 0 0 0 0 8 74 0 33 0 46 79 38 0
11 0 0 0 0 0 0 58 0 97 91 8 97 0 0 9 0 0 0 0 0 0 0 0 0 0 0 0 0 0 0 0 0 60 92 0 0 71 0 0 0 0 74 0 0 0 67 0 0 0 0 18 0 0 0 60 38 0 0 0 0 53 0 0 0 0 0 0 0 83 0 0 0 8 0 0 75 0 0 74 0 0 0 0 88 0 26 0 0 0 69 75 50 0 0 0 0 0 8 41
58 62 0 0 0 68 0 0 78 0 0 0 68 0 0 0 0 73 0 0 0 0 0 0 0 0 0 0 58 0 0 0 99 0 0 0 0 76 0 0 92 0 0 22 0 56 0 33 0 0 0 0 0 87 0 80 72 0 0 0 0 0 65 0 0 0 0 0 0 0 0 0 0 0 0 65 40 0 0 0 0 83 0 64 0 0 0 0 80 0 93 0 5 0 0 0 0 0 72 0
0 0 0 0 0 0 0 0 42 0 0 0 0 0 0 58 0 0 0 0 0 0 0 0 0 0 87 75 0 32 0 0 0 0 0 74 0 0 0 0 0 46 86 52 0 0 0 0 0 0 0 0 31 31 0 0 0 0 0 0 98 0 0 18 63 0 0 0 0 0 0 0 0 67 37 93 0 0 34 93 0 21 0 0 55 97 0 0 0 10 0 0 0 0 0 39 0 73 0 0
0 9 0 0 32 0 86 0 50 0 0 0 93 64 0 0 0 0 0 42 0 0 0 0 0 23 0 0 0 0 0 0 61 0 0 82 0 0 58 0 0 65 0 0 44 0 0 0 70 0 0 0 0 0 54 0 0 76 0 27 0 0 0 0 79 0 0 0 0 0 0 0 3 0 0 0 0 0 0 0 0 9 0 0 0 0 0 0 0 0 61 0 0 9 0 64 0 0 0 62
0 0 0 0 0 0 29 0 0 43 41 0 0 11 0 0 0 15 0 0 0 0 33 0 0 0 0 39 0 0 0 0 0 22 0 0 25 0 0 0 0 0 0 0 0 90 0 0 82 0 93 0 0 33 0 0 45 0 0 0 0 80 0 0 67 0 0 0 0 0 50 0 0 0 4 0 0 0 0 0 37 0 0 0 0 5 57 0 0 0 0 0 0 0 21 3 0 0 96 0
0 22 0 0 0 0 69 0 22 0 0 0 0 0 0 76 0 40 0 0 0 0 0 82 0 0 0 100 0 1 0 0 0 26 0 0 33 86 0 0 0 0 0 0 0 0 0 72 66 28 0 0 0 26 0 0 0 0 0 45 68 0 23 0 0 0 0 0 0 0 0 0 0 0 0 0 15 0 0 10 48 0 0 0 0 0 42 0 26 0 12 0 0 0 0 0 0 0 0 0
0 43 0 49 13 0 0 0 75 31 0 0 0 0 0 0 5 0 0 0 0 81 38 0 12 0 25 0 0 12 0 0 0 0 0 0 33 0 80 9 0 0 0 0 0 0 0 0 0 0 91 65 0 16 0 0 0 92 0 0 0 0 84 0 95 0 0 0 0 8 17 0 0 0 0 0 0 0 0 56 0 65 44 1 0 0 0 1 0 0 0 85 74 0 0 0 0 39 21 15
0 0 51 0 0 0 0 0 0 10 0 0 0 47 0 0 63 0 0 0 0 0 41 0 0 0 0 0 0 79 0 0 46 0 0 0 0 0 0 0 0 37 0 0 0 0 0 16 0 84 31 0 0 0 0 0 0 0 0 0 0 0 0 0 91 0 71 0 49 0 0 0 89 0 65 0 0 16 0 63 0 74 83 47 87 0 0 16 0 0 0 0 0 0 0 0 0 0 0 63
0 0 74 0 0 9 95 13 0 78 0 36 0 0 0 41 0 0 7 0 60 0 63 0 0 0 75 0 0 0 100 0 0 0 40 0 0 0 0 0 0 33 0 59 0 0 63 0 0 45 0 0 0 0 0 0 0 0 0 0 0 0 40 0 0 0 0 0 2 4 58 0 17 0 32 0 0 0 0 44 71 0 0 32 0 0 0 0 0 0 62 0 0 0 0 0 69 0 0 69
0 44 38 0 0 61 0 0 0 25 0 0 0 0 0 0 0 25 0 0 40 0 0 0 0 0 0 55 0 0 0 0 0 0 67 0 0 0 0 0 0 0 0 58 0 0 0 0 65 0 76 0 65 14 0 0 0 0 0 96 32 0 0 0 0 0 0 0 0 0 0 0 0 45 28 8 70 0 0 0 0 0 0 0 21 0 0 0 0 0 0 0 0 0 0 0 0 0 0 0
43 0 0 73 92 0 0 0 0 0 0 0 0 0 0 0 0 0 0 0 93 0 37 0 0 0 0 0 1 65 52 0 0 31 0 66 0 49 43 34 0 0 0 0 0 0 0 13 46 0 41 11 85 75 31 0 0 0 0 0 0 0 0 0 0 0 0 0 0 0 0 0 5 0 0 0 0 0 0 0 0 0 0 0 0 0 29 87 0 0 0 0 0 0 37 52 0 0 0 98
80 0 0 24 0 0 0 0 0 0 41 70 0 98 0 93 0 0 0 0 31 0 0 0 0 86 0 0 2 23 46 0 0 0 10 0 0 0 0 0 0 60 0 46 0 93 0 0 0 0 0 0 0 0 0 0 0 0 0 65 0 0 0 0 0 0 89 71 0 33 0 0 57 0 0 0 0 0 0 0 0 0 0 0 96 0 0 53 0 0 0 0 0 0 0 0 60 71 0 0
0 0 0 55 0 45 43 0 32 36 0 0 0 0 0 0 0 0 0 0 99 0 0 0 20 0 0 0 0 0 16 0 0 0 0 0 0 0 0 0 0 0 0 0 0 0 0 0 0 0 0 0 24 0 0 0 0 0 0 0 0 25 0 0 57 0 36 54 0 81 78 0 81 0 0 40 0 2 7 0 0 25 13 0 0 1 0 0 0 0 0 0 0 0 0 23 0 37 0 0
0 0 65 7 0 0 0 0 0 49 0 0 0 0 82 87 0 0 78 86 0 0 0 0 0 0 0 0 0 58 87 0 91 53 0 0 0 0 37 0 0 0 10 0 0 4 32 0 0 0 44 0 0 63 31 0 0 0 0 0 0 48 0 0 35 0 0 0 0 0 0 0 0 0 0 33 0 14 0 66 0 0 0 0 0 0 76 13 13 0 44 44 0 0 50 0 0 30 2 0
0 0 73 0 0 0 13 0 0 0 0 34 0 0 0 0 0 0 0 0 0 0 4 0 0 0 15 0 88 90 0 0 9 0 0 0 8 0 0 0 96 0 0 0 0 0 0 0 0 0 27 0 0 0 0 0 0 0 0 0 0 0 4 0 4 24 3 0 0 0 0 73 0 0 3 0 0 0 0 0 0 0 0 0 0 0 0 0 67 0 77 0 0 0 12 0 0 0 0 43
0 0 84 85 0 10 0 56 0 30 0 0 0 0 14 86 27 0 0 0 80 0 15 92 0 0 8 1 0 86 0 0 72 0 0 0 25 0 0 0 0 29 50 2 7 68 0 0 0 0 0 0 0 54 0 0 0 0 0 0 0 0 0 4 0 39 73 0 0 0 0 0 0 39 0 0 0 0 0 0 0 0 0 0 0 0 0 0 0 72 0 0 0 0 59 0 0 0 0 0
0 0 0 0 0 0 35 0 0 0 22 0 0 0 0 0 0 0 11 100 0 41 0 0 0 0 57 0 98 0 79 0 0 0 0 34 0 0 0 0 0 0 27 45 35 0 0 57 0 67 0 0 0 0 71 0 0 0 0 0 0 0 0 0 22 42 0 0 0 31 0 0 0 11 0 0 40 45 0 75 36 0 0 0 0 0 0 0 0 0 0 0 0 0 0 0 0 0 0 0
40 0 0 61 0 0 18 0 55 0 0 0 92 0 0 0 0 0 0 0 0 0 0 0 85 0 96 0 0 0 0 73 0 39 0 0 0 100 0 36 0 0 0 0 24 0 0 0 1 0 33 16 0 29 0 0 0 0 0 0 0 0 98 23 0 0 0 0 23 23 44 0 0 0 0 86 0 0 0 0 0 0 24 49 0 0 0 69 22 0 68 0 56 0 0 0 0 0 77 0
100 0 0 0 89 0 0 0 0 0 0 0 0 65 79 0 0 4 0 0 74 0 0 9 0 79 0 0 0 0 0 0 0 76 49 80 0 0 0 0 0 0 29 0 24 76 51 0 56 0 0 0 0 0 86 5 0 0 0 0 0 0 0 0 96 0 16 0 0 0 67 87 0 0 0 0 0 0 82 0 0 0 0 0 81 0 0 0 0 0 65 62 0 0 46 0 95 0 0 16
0 0 0 0 4 0 73 0 17 0 98 0 52 0 0 0 0 0 0 0 0 0 0 72 0 0 0 9 0 0 0 0 0 74 0 0 0 0 0 0 0 2 19 0 0 0 0 0 0 19 0 0 0 0 0 61 0 0 0 0 0 0 70 0 0 0 0 38 0 0 0 0 0 0 0 0 36 27 98 0 9 55 100 0 0 0 0 0 0 0 0 0 72 0 0 0 0 0 0 0
0 95 0 0 0 0 0 0 77 0 88 0 0 58 0 71 0 74 0 49 0 0 0 0 17 0 0 0 1 0 69 0 0 97 0 0 0 16 0 0 0 0 0 0 0 0 0 37 29 55 0 0 0 0 5 0 0 0 0 7 0 51 54 82 66 35 0 0 0 0 22 0 82 0 0 0 0 0 0 0 0 0 0 0 0 93 25 0 0 0 78 94 22 0 0 0 0 0 0 0
0 0 0 0 0 0 0 0 63 0 0 0 95 6 0 0 54 0 0 0 0 74 0 0 0 30 0 0 0 0 0 0 0 0 0 0 0 0 0 0 0 0 0 0 71 0 69 0 52 3 0 0 0 0 18 0 0 94 0 0 72 0 0 93 0 0 100 30 2 58 0 58 43 0 9 0 16 83 0 51 4 0 0 0 0 72 0 0 0 0 3 0 88 0 0 0 21 67 0 3
8 0 0 0 86 0 0 0 0 0 82 85 0 0 0 0 81 0 16 0 0 0 78 0 0 0 54 0 0 0 0 49 0 58 0 69 0 0 0 41 0 42 0 0 0 0 0 0 0 0 53 93 0 0 0 40 8 0 0 0 74 0 0 0 52 0 18 56 0 0 0 0 21 0 0 90 0 0 0 92 0 0 0 0 0 0 25 42 0 0 0 0 0 16 0 0 0 53 8 66
0 0 0 52 0 0 0 0 0 0 0 11 0 0 27 0 0 0 0 0 0 0 0 68 34 0 8 95 0 0 0 1 0 53 0 0 0 0 0 0 54 74 34 0 0 0 0 0 0 38 0 0 0 0 0 23 0 7 0 20 0 0 0 0 48 0 0 0 0 0 9 0 0 0 0 0 0 63 0 0 0 0 0 0 0 60 0 0 0 0 0 0 0 0 0 1 0 0 28 0
0 0 0 0 0 0 0 0 0 0 0 0 0 0 94 0 0 0 34 0 75 0 78 0 34 69 3 0 0 0 64 0 0 13 0 0 0 0 43 0 0 1 68 0 6 0 0 0 88 0 0 0 0 0 0 0 0 3 0 0 0 0 0 0 22 0 0 0 64 0 0 0 0 0 38 47 0 0 0 0 0 0 0 0 0 0 17 0 67 95 59 0 0 0 0 0 0 0 63 0
0 0 34 0 0 0 0 0 72 89 0 0 0 0 0 0 0 0 89 0 0 0 28 0 0 0 0 0 0 0 0 0 0 0 0 0 0 0 0 0 50 0 0 0 0 0 0 9 97 0 0 17 36 19 100 0 0 0 0 0 0 0 18 0 0 38 38 0 0 0 0 0 0 0 0 10 0 0 41 0 0 61 0 61 0 0 0 0 0 0 59 0 0 0 46 0 0 25 0 0
0 0 0 0 0 0 0 0 0 0 53 0 0 0 0 0 0 0 0 6 0 0 24 0 0 0 0 0 0 0 0 0 0 0 0 0 0 0 0 0 0 0 0 0 11 0 100 0 24 64 0 0 0 0 0 51 0 0 17 0 0 0 0 0 0 0 0 31 0 0 0 72 0 0 0 40 61 0 0 0 0 0 0 0 0 0 85 30 0 0 0 0 0 0 0 0 0 0 0 18
91 28 0 0 0 0 63 0 0 0 0 0 0 77 0 0 81 0 14 45 40 0 98 0 0 0 0 0 0 0 0 76 0 0 0 21 0 0 52 0 0 0 0 0 0 0 0 59 0 37 29 0 0 0 0 41 0 0 0 0 0 30 0 0 0 100 0 0 85 0 0 44 0 0 0 0 0 0 0 0 0 0 0 0 0 0 0 0 0 12 32 0 0 66 0 0 0 0 0 0
3 0 0 0 0 0 14 0 0 0 0 0 0 0 75 89 0 0 0 44 0 12 55 0 0 58 0 0 0 0 21 0 0 0 0 0 0 0 30 0 0 76 43 0 0 97 52 0 0 0 30 82 0 0 0 7 0 6 0 0 0 0 0 0 0 0 0 0 82 0 0 0 0 0 10 0 0 0 0 0 0 0 0 80 44 0 0 0 0 0 41 0 0 0 27 98 0 17 0 84
0 0 0 0 90 31 0 0 0 0 0 0 0 94 0 0 0 0 0 0 0 0 0 34 93 8 0 67 0 0 0 73 0 8 0 0 0 0 0 83 0 0 39 62 19 16 75 74 0 0 0 22 0 37 29 0 1 86 0 19 33 34 0 0 6 0 0 0 0 0 0 0 0 51 86 6 0 0 0 43 0 0 7 0 0 0 0 79 0 0 0 0 0 0 0 49 0 0 0 0
0 0 0 0 0 0 0 0 0 0 94 0 0 0 0 0 0 0 0 0 0 0 0 0 77 0 0 0 0 30 0 0 0 0 0 0 0 0 0 0 0 0 0 0 0 0 0 0 0 0 0 0 0 0 0 0 0 36 58 0 0 0 0 0 0 0 0 0 79 0 43 0 0 0 87 40 0 10 87 51 43 0 0 0 0 0 0 0 0 0 0 0 0 0 0 0 0 0 0 0
0 0 0 0 0 0 0 78 0 0 0 0 0 0 0 0 0 0 0 0 63 0 0 0 0 59 57 47 0 0 0 74 0 0 0 0 0 0 0 60 0 65 0 69 0 0 0 33 0 6 0 0 52 25 0 0 0 0 0 0 0 0 0 26 0 0 0 0 0 58 0 0 0 0 53 7 0 0 0 69 0 0 0 0 0 0 54 0 0 0 0 0 0 0 0 23 0 40 0 0