100
0 0 0 0 0 8 26 0 0 0 37 0 0 22 0 0 0 62 0 0 0 33 0 0 0 0 0 0 0 85 3 0 25 16 30 0 0 35 0 0 0 0 0 0 0 9 0 0 0 0 0 0 0 0 3 0 92 0 0 0 0 84 0 0 79 0 5 0 0 31 94 0 0 0 0 0 0 7 0 0 45 0 0 0 0 0 0 0 0 0 0 0 0 25 0 0 0 0 0 69
0 0 19 0 4 0 0 0 0 0 0 0 0 0 93 29 32 0 0 0 0 88 0 25 0 0 68 89 0 0 45 0 0 0 0 0 81 0 0 0 0 93 0 0 0 0 0 0 0 0 0 0 41 0 0 0 0 0 0 0 0 5 0 0 52 0 60 0 0 56 42 0 0 0 0 0 0 0 62 0 25 0 0 0 0 0 0 0 23 0 0 0 35 0 71 0 0 0 0 71
0 20 0 0 0 0 0 96 0 0 0 0 0 84 0 86 0 0 0 0 0 0 0 0 0 0 0 0 0 0 0 24 68 53 0 25 18 0 0 0 87 0 0 0 0 60 0 29 0 22 0 0 68 0 0 0 0 0 15 0 69 13 0 0 0 0 5 0 71 0 0 16 0 0 0 0 0 19 0 0 0 69 0 0 0 0 0 0 0 0 33 80 0 49 0 0 0 0 0 47
0 0 0 0 0 0 0 0 12 0 0 0 0 0 0 0 0 98 88 0 0 5 22 75 37 0 0 0 0 0 0 54 0 0 5 0 0 0 0 0 0 0 0 0 0 0 0 0 24 0 51 92 0 83 24 0 0 0 0 0 0 37 0 83 0 0 0 0 0 0 0 64 0 0 0 0 0 0 0 46 36 0 0 63 0 47 0 83 0 33 0 72 0 16 66 0 64 0 0 64
0 0 99 0 0 72 0 0 0 6 0 0 0 0 16 0 0 58 0 0 0 0 0 0 0 0 0 0 0 0 0 0 21 0 16 0 0 0 0 0 0 0 0 62 95 0 0 73 0 0 0 0 0 0 60 65 0 0 0 0 0 48 0 0 0 0 0 0 51 0 41 0 0 0 0 0 46 0 23 0 11 0 8 1 0 0 0 0 0 0 0 0 0 0 0 0 50 0 0 67
0 0 12 0 0 0 0 33 86 0 0 0 0 0 0 65 0 0 0 0 0 50 0 0 0 0 0 69 0 0 0 0 0 99 0 0 0 0 97 0 0 0 0 0 10 0 1 0 0 0 0 0 86 67 0 0 0 0 0 89 56 0 0 0 0 0 0 0 0 86 0 93 0 0 0 0 0 0 0 0 0 0 16 0 0 0 0 0 8 0 0 0 0 49 0 78 0 95 26 0
0 0 0 61 0 0 0 0 0 13 0 0 0 0 0 0 25 0 12 63 0 22 0 64 0 0 47 0 0 3 0 0 0 0 0 0 0 0 0 30 0 0 0 76 0 0 32 64 79 73 0 0 0 0 0 0 0 38 0 0 27 0 0 2 0 56 9 0 43 0 0 0 0 0 0 0 63 68 0 69 0 0 0 0 0 0 0 0 0 8 87 35 0 0 0 0 0 0 62 0
44 0 0 0 44 94 0 0 83 2 0 0 0 0 0 0 0 6 0 0 0 0 0 90 0 27 33 16 81 0 0 0 0 0 0 0 0 0 0 0 0 27 0 11 43 0 20 79 0 0 41 0 0 25 0 0 95 0 0 0 0 18 28 12 0 83 0 86 0 0 0 0 0 0 0 0 34 0 0 0 0 0 0 32 0 81 48 60 96 6 0 0 0 0 0 0 0 21 0 11
0 0 16 74 0 40 76 0 0 0 0 0 96 0 0 17 42 0 0 87 0 0 0 46 0 0 19 0 59 0 0 0 49 0 0 0 0 0 68 0 0 0 62 82 0 0 0 0 0 31 0 0 0 0 0 0 6 0 34 0 0 0 0 0 0 34 0 0 24 16 0 0 0 0 14 0 0 89 0 0 73 70 0 96 0 18 0 21 0 34 0 0 0 0 0 0 26 98 0 0
0 0 0 0 0 0 0 0 61 0 0 0 0 0 0 12 0 0 97 18 0 6 0 0 0 0 0 0 0 31 0 0 0 59 16 0 79 0 0 45 95 24 0 0 0 0 0 0 0 0 0 0 0 47 12 0 0 0 0 0 0 94 47 0 0 90 0 0 0 49 0 0 0 42 0 0 0 0 0 0 0 0 96 0 45 0 0 90 0 2 0 0 0 3 0 0 0 0 0 0
77 0 0 0 88 0 0 0 60 0 0 88 0 0 0 0 0 0 0 0 0 0 0 70 0 0 0 0 0 0 0 0 0 0 0 24 0 0 0 0 0 0 0 0 0 8 0 0 27 0 25 0 0 87 100 48 0 0 0 0 0 0 0 0 0 0 0 0 0 81 25 0 0 0 0 0 4 0 52 65 0 0 29 0 29 0 0 43 40 0 80 0 11 0 0 0 0 0 0 8
0 59 0 0 0 5 0 0 0 0 0 0 0 0 0 86 0 0 0 81 86 29 35 0 0 0 59 0 62 3 0 0 32 33 0 0 69 0 0 75 0 0 45 0 10 0 0 0 0 47 0 0 0 0 18 0 0 0 0 0 19 0 91 99 0 0 0 0 0 0 0 0 0 0 0 0 10 73 49 0 0 53 0 17 0 0 0 0 0 0 0 0 0 94 0 0 0 0 0 0
24 0 0 0 0 0 21 0 0 0 0 66 0 0 0 30 0 0 0 0 1 0 0 79 0 0 0 0 0 0 0 31 0 0 0 0 0 0 17 63 0 0 99 5 0 0 92 85 0 0 0 0 0 0 39 76 0 0 0 11 0 92 6 0 7 0 0 0 62 0 0 0 0 0 0 7 0 0 0 73 0 0 95 0 2 0 0 0 31 45 37 0 0 0 75 0 0 0 0 0
0 13 0 22 0 0 0 0 9 0 70 0 0 0 24 0 0 74 0 76 0 0 0 0 0 0 0 0 83 0 52 0 0 46 49 0 0 0 58 91 0 12 0 0 0 7 0 87 0 22 0 0 0 0 0 7 0 33 0 18 0 0 81 0 36 0 1 0 96 29 0 15 0 0 83 0 0 0 0 49 0 0 0 0 45 0 0 0 0 0 0 0 0 0 0 0 0 0 0 0
0 62 0 0 0 0 29 0 0 0 0 0 0 0 0 42 0 0 0 99 4 0 87 0 0 0 0 0 0 0 0 0 0 0 0 0 0 0 0 0 0 0 0 0 0 0 0 87 0 0 0 0 0 0 0 0 0 0 0 0 11 7 85 37 0 8 0 0 34 31 51 0 0 0 63 0 0 0 0 0 0 20 0 0 0 0 0 89 3 0 0 0 18 0 0 98 0 0 0 0
0 0 0 0 0 0 0 0 0 0 0 32 0 0 0 0 91 30 0 0 10 0 0 57 0 0 0 11 32 0 51 35 0 0 0 0 31 0 0 0 0 20 86 0 0 0 0 0 0 0 0 52 0 0 0 97 0 0 33 9 0 0 0 80 0 95 0 0 93 0 0 0 0 0 0 0 13 0 0 0 0 0 0 0 0 0 0 0 0 62 0 0 88 0 0 89 0 0 0 0
6 0 0 0 67 0 41 89 0 0 0 23 0 0 51 14 0 92 0 0 0 0 0 0 1 0 57 0 0 63 0 0 0 0 0 0 76 0 0 0 19 0 23 0 0 0 0 41 29 0 19 0 0 0 77 0 0 0 0 0 0 0 98 0 0 0 0 0 0 0 0 0 1 0 0 0 0 0 0 61 0 0 0 0 0 0 0 77 0 0 0 93 0 0 0 0 10 10 0 0
0 0 0 0 0 0 0 0 0 0 0 69 87 0 0 0 37 0 0 11 52 0 12 0 0 0 0 76 0 50 88 0 35 0 0 0 0 0 70 79 0 0 0 0 47 0 0 24 46 0 9 18 0 0 0 0 0 0 56 0 0 0 0 0 98 0 0 1 0 48 0 0 0 0 15 21 0 0 0 0 0 0 0 0 0 0 0 0 0 0 0 70 0 61 0 97 0 0 0 100
0 97 0 0 95 0 0 0 87 0 0 0 0 0 0 79 0 0 0 0 0 0 0 0 89 0 0 0 0 0 95 0 0 0 99 0 0 0 0 35 0 70 0 96 0 0 81 0 0 0 0 72 0 8 0 73 0 0 0 0 0 0 0 0 0 0 77 46 75 0 0 24 96 0 0 0 0 0 0 0 88 0 0 0 0 0 0 0 0 28 0 0 0 0 0 0 0 14 56 26
0 0 0 0 0 0 21 90 0 0 0 6 0 0 38 0 59 0 0 0 0 0 15 0 0 0 0 0 0 0 0 52 0 68 0 0 0 0 4 0 0 0 0 67 0 0 0 0 0 0 0 0 0 0 0 0 64 0 0 0 79 0 0 0 0 71 80 0 0 0 7 83 0 14 0 0 0 0 89 0 0 0 28 0 0 33 5 10 19 57 0 0 64 0 0 0 0 93 0 0
0 0 0 0 0 0 0 0 0 68 0 0 0 31 0 62 0 0 35 0 0 0 0 0 0 0 78 0 46 0 60 0 61 0 81 0 0 0 0 0 0 0 0 0 0 42 0 37 0 0 0 0 0 0 0 0 0 0 0 0 0 0 42 100 78 0 0 0 0 0 0 0 0 0 82 0 0 0 0 0 0 97 0 0 0 0 0 0 79 0 0 0 0 20 47 0 0 0 0 0
0 0 0 0 0 0 0 0 0 0 0 0 0 77 0 0 0 0 0 0 62 0 73 0 0 0 0 0 0 0 0 0 0 0 0 0 0 65 0 0 0 0 0 0 0 0 28 26 0 0 0 85 6 37 0 15 0 0 0 0 0 0 0 57 0 0 0 0 0 0 0 0 0 0 0 0 0 88 41 0 0 0 4 0 39 0 0 0 60 0 0 0 0 0 26 0 0 0 0 0
0 0 5 0 39 0 0 0 0 3 0 0 64 0 0 91 0 0 0 61 0 55 0 0 0 0 72 0 0 0 84 0 0 11 0 1 0 0 0 59 0 0 0 0 0 52 0 0 70 0 0 0 0 0 0 0 0 25 0 0 0 57 0 0 0 58 0 0 0 0 0 0 92 0 0 0 0 44 0 0 0 0 70 15 0 0 0 0 0 0 0 0 40 17 0 0 0 0 0 32
63 0 0 0 0 28 0 90 0 0 98 0 0 16 0 0 71 0 0 56 0 0 0 0 0 0 40 73 0 0 0 0 0 0 0 72 0 51 17 0 0 0 0 0 0 82 71 0 0 0 0 0 0 0 0 0 0 10 14 0 0 0 0 0 0 0 28 14 0 0 0 0 0 0 0 91 0 0 37 0 0 0 0 0 0 0 3 0 0 0 0 0 0 30 22 78 0 0 0 0
38 0 0 0 0 0 0 0 0 0 92 0 0 88 0 0 0 0 0 99 0 0 0 0 0 87 5 0 0 50 83 0 0 0 0 37 0 0 0 0 0 0 0 0 79 0 42 0 0 0 0 0 0 0 0 5 0 0 0 0 78 0 0 0 0 0 0 0 0 0 0 0 67 0 89 0 0 0 0 0 0 0 0 0 79 0 0 0 0 96 63 0 90 0 0 0 43 1 56 0
84 0 0 0 0 0 0 84 2 0 0 0 45 0 0 0 0 0 31 0 0 0 0 64 0 0 72 0 30 0 0 0 36 12 0 0 0 51 0 0 0 0 14 0 4 0 90 99 0 0 0 0 55 0 0 0 0 21 0 0 0 0 78 0 75 62 0 0 0 23 0 0 0 0 0 0 0 0 0 0 0 6 45 0 0 0 0 50 0 27 0 0 0 0 0 0 0 0 0 66
0 4 0 0 0 0 0 0 0 0 0 0 88 0 0 0 0 7 58 0 0 0 0 0 0 0 0 0 0 0 0 77 0 0 0 0 0 5 0 0 0 0 33 0 86 0 40 0 0 0 0 0 0 0 0 2 0 0 0 0 5 0 0 0 0 58 0 54 0 91 14 0 0 0 0 0 0 0 5 0 0 0 0 5 6 0 0 0 25 0 10 0 0 0 0 0 0 0 0 3
0 0 0 0 0 0 0 17 0 50 0 99 0 0 0 56 0 0 0 57 0 0 85 0 21 0 0 0 36 0 0 0 0 0 0 30 0 0 81 66 0 0 75 0 0 0 0 87 0 0 0 0 0 0 0 87 0 25 8 0 0 0 0 0 0 0 0 0 0 0 0 0 98 0 0 0 0 46 73 0 0 0 0 0 0 0 0 27 0 0 0 0 0 0 0 0 49 0 0 0
0 0 0 0 86 0 0 0 0 0 0 47 0 54 12 45 0 0 0 51 0 36 64 18 0 0 66 0 0 97 0 0 0 20 0 22 0 0 47 0 93 0 85 0 0 0 0 83 0 0 0 0 3 39 0 64 0 0 0 0 0 18 0 0 0 0 0 20 0 0 85 0 0 0 0 22 0 0 0 0 0 77 3 0 0 0 0 0 0 0 0 0 33 62 0 0 0 0 0 0
0 0 97 0 0 0 0 86 0 0 0 93 41 34 0 0 0 0 0 22 0 0 37 0 83 95 0 0 0 0 80 0 0 0 0 78 0 0 0 75 69 0 0 0 45 0 0 7 0 0 67 0 0 0 0 0 0 0 0 0 0 0 0 71 0 0 0 52 0 0 0 8 0 0 41 0 0 35 44 0 51 0 22 11 0 0 0 0 0 0 0 0 92 0 0 0 0 55 0 0
0 0 56 0 0 82 0 0 0 0 0 0 80 0 0 0 41 10 0 0 0 0 17 0 0 0 0 97 8 0 0 0 20 0 0 21 30 0 0 0 0 0 0 0 0 0 0 0 94 0 0 0 0 0 77 0 0 0 0 26 0 87 0 94 0 24 0 17 0 0 6 0 0 0 0 0 65 0 0 0 48 57 0 60 9 0 0 0 0 16 0 0 0 0 0 23 31 24 0 21
0 67 0 0 9 0 0 93 0 0 0 0 0 3 0 0 0 0 0 0 95 0 0 0 0 0 0 0 0 0 0 0 99 0 0 0 48 0 0 0 0 96 0 75 0 0 0 0 0 95 0 0 0 0 0 0 0 3 0 0 0 96 0 0 0 0 0 0 0 0 0 0 0 0 0 0 0 0 22 0 97 13 0 0 25 0 61 0 0 9 0 0 0 0 0 0 29 0 0 97
0 21 0 0 0 0 41 16 0 0 77 68 0 40 0 0 0 0 13 15 25 81 0 0 0 0 90 0 0 0 0 0 0 0 0 0 44 87 0 0 0 22 74 0 0 0 0 0 35 72 0 0 62 0 0 26 0 0 0 0 0 0 0 0 30 85 0 0 0 0 47 3 56 0 88 65 0 68 0 0 0 0 0 40 0 0 0 0 0 0 23 0 0 80 0 0 76 0 0 0
0 81 49 85 0 0 0 98 0 0 0 98 0 0 0 0 64 0 0 0 0 0 10 87 0 0 0 79 0 0 93 0 0 0 0 0 0 7 0 0 62 0 0 0 0 0 0 9 0 0 58 0 96 0 0 0 0 0 53 0 10 0 52 0 0 0 0 0 0 0 0 33 0 0 0 0 41 0 0 3 0 0 0 0 0 0 0 0 0 0 0 0 0 0 0 0 0 0 49 0
0 0 0 0 0 0 0 0 0 33 0 0 0 0 0 17 0 0 21 0 0 7 0 75 37 0 53 24 0 0 28 0 0 12 0 0 0 0 0 0 16 0 0 0 0 0 31 31 0 0 62 24 0 48 0 0 0 50 90 0 61 78 0 0 0 0 24 0 0 0 5 12 0 9 0 56 0 24 0 51 0 28 84 0 0 0 0 0 57 0 47 15 0 0 0 0 0 0 0 46
44 7 0 0 0 58 0 0 0 0 50 0 0 0 86 0 40 56 0 37 0 0 6 0 0 0 0 0 0 0 31 0 0 0 42 0 0 0 0 58 0 62 0 63 10 53 0 0 0 0 0 0 0 0 0 85 0 45 0 0 53 0 0 0 26 49 0 0 5 0 0 0 0 0 35 0 59 83 0 0 0 0 46 0 0 0 0 0 0 0 0 0 0 0 0 0 0 94 0 0
0 0 0 80 0 52 44 49 37 0 0 0 0 0 0 25 0 0 54 0 0 14 81 0 0 8 0 0 0 35 0 0 0 0 0 0 0 0 0 0 0 0 46 0 0 0 0 0 0 0 0 0 0 0 0 0 57 0 0 0 0 0 0 0 53 0 38 0 0 0 0 0 62 0 23 12 0 0 0 0 0 0 0 0 0 0 95 0 0 0 0 0 20 0 79 0 0 0 70 0
0 0 0 0 0 0 0 39 0 0 55 0 0 0 0 0 0 0 19 0 0 0 54 0 24 50 0 0 0 0 0 70 0 45 0 93 0 0 0 53 0 0 0 0 0 62 0 0 0 0 0 0 0 0 0 46 0 0 0 49 0 0 0 0 0 0 0 0 92 0 25 0 0 0 0 0 0 5 0 0 0 41 0 0 0 0 0 0 42 0 0 81 0 0 0 0 74 55 0 45
69 0 0 0 0 0 0 0 0 0 0 0 0 0 0 76 0 0 0 0 0 76 0 17 55 0 0 0 0 0 0 0 0 0 0 59 0 0 0 0 0 0 0 0 0 0 97 0 0 0 0 0 0 0 0 0 0 0 0 0 0 18 19 0 0 89 0 0 0 0 0 0 95 17 0 0 0 0 100 16 0 0 0 0 0 75 0 0 0 0 0 0 0 0 0 0 63 0 0 0
26 0 69 0 0 0 0 57 0 0 0 53 0 0 0 0 0 97 27 0 0 0 0 0 0 0 0 0 0 0 0 83 67 0 0 0 0 0 0 0 0 0 0 0 40 0 0 0 0 0 0 0 0 38 0 0 0 0 0 25 0 0 0 0 0 92 82 0 0 0 0 0 0 0 91 0 0 0 0 86 0 0 0 87 0 86 0 0 0 0 0 0 0 69 69 82 0 0 0 0
0 0 0 43 0 0 0 0 1 18 0 38 93 43 0 12 0 22 0 0 25 0 0 0 0 0 0 0 0 0 0 0 0 0 0 27 0 32 77 0 0 0 21 0 0 37 0 0 33 0 98 0 61 91 100 0 99 0 0 95 0 64 40 0 0 0 0 50 0 0 0 0 0 46 0 0 0 0 0 0 0 0 0 0 0 0 0 0 0 0 0 0 0 0 0 0 0 0 0 44
0 47 0 0 0 0 0 0 0 46 0 0 0 0 76 20 32 82 0 0 0 3 51 0 0 0 0 0 0 0 88 30 57 0 46 0 0 0 0 0 0 0 0 58 77 0 0 0 0 0 0 28 0 0 0 0 0 0 62 0 0 0 0 0 0 0 0 0 0 0 32 0 22 0 59 94 0 0 0 0 99 0 0 0 0 0 0 0 0 0 81 0 56 31 0 0 0 0 0 0
0 0 88 0 0 0 67 0 11 15 0 0 0 0 0 0 77 0 0 68 0 0 0 0 0 0 0 0 0 82 72 0 0 0 0 0 0 0 0 10 0 100 0 0 96 0 0 0 44 38 0 0 19 79 0 12 0 0 0 85 0 0 0 0 0 0 0 0 0 0 0 0 0 0 0 0 55 59 0 0 61 0 95 0 0 0 0 0 0 0 0 0 0 0 0 0 54 0 88 42
13 0 23 0 0 0 0 34 48 19 92 0 0 7 0 0 0 0 0 0 38 0 0 0 0 0 0 56 0 46 0 0 0 51 0 0 0 0 0 73 0 0 10 0 0 0 0 0 59 0 76 0 0 0 0 0 0 0 1 0 0 0 17 0 0 0 0 70 0 0 0 92 46 0 0 0 0 0 0 0 0 0 0 0 0 0 67 0 92 0 0 0 0 0 0 73 52 0 0 0
6 0 0 0 64 0 0 75 0 0 4 13 0 0 43 2 0 67 0 47 58 42 55 0 0 23 0 52 29 0 0 0 0 0 0 12 0 99 95 0 57 0 0 0 0 0 0 0 36 0 0 0 0 22 0 0 0 0 0 0 9 90 0 27 0 0 0 0 0 0 0 0 0 91 0 10 67 0 0 1 0 13 51 0 0 17 0 0 0 0 58 0 0 16 32 95 0 41 77 0
0 0 0 0 73 0 0 90 0 0 0 0 0 0 0 52 0 0 90 0 0 0 22 0 0 0 0 0 34 0 18 0 0 12 0 0 5 0 0 82 0 0 49 49 0 0 0 62 0 12 0 39 0 0 0 0 0 0 0 0 0 72 83 0 0 0 0 0 0 0 0 0 0 0 0 96 0 54 0 0 0 0 0 0 0 16 0 71 0 0 0 0 0 17 48 20 0 64 0 0
0 26 0 0 47 0 37 30 0 0 0 0 0 0 0 0 0 0 30 0 0 82 0 0 20 0 21 0 0 0 77 0 0 0 0 0 0 0 0 0 88 0 0 0 0 0 0 1 55 0 0 0 0 0 91 65 0 64 0 33 0 84 0 0 45 0 0 0 0 0 0 37 0 0 0 86 0 18 0 0 0 1 0 0 7 0 0 0 43 0 38 4 0 0 66 0 14 0 0 0
98 14 0 0 0 83 55 0 55 22 0 0 86 0 0 0 0 0 54 59 0 0 0 0 0 0 0 0 44 0 38 0 0 22 0 30 2 0 0 0 0 91 0 0 0 89 0 0 0 0 0 0 0 0 0 39 0 0 0 0 0 0 0 0 0 0 0 0 0 0 40 23 0 0 0 0 0 0 0 22 0 0 0 0 0 18 0 0 40 15 0 90 24 36 0 0 0 27 0 0
0 0 0 0 41 98 0 0 0 51 0 0 56 0 0 1 2 0 99 6 0 0 0 0 70 0 0 0 42 60 0 0 0 0 0 0 0 0 0 0 0 0 0 0 0 0 55 0 0 40 0 20 0 47 0 69 0 0 0 0 21 26 0 0 0 0 0 0 73 0 37 0 0 22 40 20 0 0 0 0 0 0 32 0 0 0 0 0 0 0 0 33 0 0 0 0 0 0 0 0
87 85 0 0 0 0 30 0 0 0 0 0 34 0 0 0 89 0 0 0 0 0 0 0 0 77 0 0 86 0 27 0 0 0 0 84 0 72 0 0 0 0 86 71 78 0 0 21 84 0 68 0 91 50 0 37 0 0 0 0 36 28 0 12 0 0 0 0 0 0 0 0 0 67 0 0 0 0 0 75 0 94 91 0 0 0 0 0 12 0 0 90 0 0 80 0 0 0 0 0
36 0 67 0 33 0 0 0 100 0 0 0 38 0 0 89 34 0 0 0 0 96 0 0 0 0 0 0 61 0 0 0 0 0 65 0 75 0 0 78 0 0 0 52 0 0 0 0 0 0 0 0 0 0 0 0 78 0 0 0 0 0 0 0 0 0 2 77 0 0 0 0 73 0 0 32 0 76 0 0 95 37 1 0 0 0 0 59 42 13 0 57 0 0 0 0 0 0 0 0
0 0 10 61 0 0 48 0 0 0 0 0 0 0 0 0 0 0 0 0 0 0 0 0 0 0 0 37 0 0 0 95 0 0 0 0 0 18 99 0 91 0 0 0 0 89 20 49 37 0 0 0 0 0 90 0 0 0 10 0 0 64 38 78 95 0 42 0 25 0 91 0 15 0 95 0 0 0 0 0 78 0 0 0 0 74 0 26 0 0 0 40 65 0 96 0 24 0 0 0
0 0 0 0 0 0 0 0 13 0 95 0 0 44 0 0 0 0 77 0 0 0 0 21 0 0 0 0 0 0 0 0 0 0 0 0 0 0 0 0 40 65 0 94 0 0 0 0 0 14 0 0 0 0 57 70 55 0 18 0 0 0 0 0 0 0 0 0 0 30 0 0 12 48 0 13 0 19 0 0 0 0 66 46 0 0 0 0 0 0 37 0 0 0 0 0 0 0 0 0
0 0 8 88 0 0 0 0 0 0 52 0 0 0 0 65 0 0 0 8 0 0 0 62 41 0 0 0 0 100 0 0 0 0 0 0 0 50 0 0 44 0 44 88 0 25 81 0 0 0 0 54 35 0 0 53 84 0 0 0 58 0 0 0 0 0 0 76 0 0 40 0 0 0 0 0 0 0 0 0 0 0 0 0 0 0 74 0 0 0 0 7 63 0 90 0 44 0 20 0
0 0 0 0 0 0 0 0 0 0 0 0 74 0 73 67 0 0 0 37 0 0 35 0 77 0 0 0 0 0 0 0 79 0 17 6 69 0 0 0 0 0 64 10 0 0 0 0 0 0 0 0 0 57 0 64 0 34 0 43 0 40 0 0 0 10 0 23 0 0 87 56 23 91 0 90 0 0 0 16 0 53 0 0 0 0 0 0 0 0 89 0 0 0 0 0 0 0 0 36
0 0 0 0 0 0 0 0 51 0 0 75 44 0 56 74 0 0 0 95 76 0 0 0 12 0 0 0 0 0 0 0 0 0 0 0 13 25 82 0 0 0 63 0 0 0 0 0 77 0 0 0 0 0 0 0 64 0 0 0 80 0 45 70 0 0 0 30 0 0 0 0 0 0 0 0 0 0 0 0 69 0 12 57 0 0 0 0 50 0 0 0 0 0 0 78 0 0 0 47
39 64 0 0 19 0 0 0 0 0 0 0 0 0 0 0 0 0 0 0 0 0 11 0 0 62 44 0 31 34 0 0 0 0 0 14 23 0 51 94 0 0 0 0 35 0 0 0 0 0 0 0 0 0 98 0 0 0 28 82 0 0 0 7 0 0 0 0 0 0 0 0 0 0 0 0 0 72 23 0 0 0 0 31 0 0 0 71 0 0 0 0 22 0 40 0 0 0 0 0
0 0 0 17 93 79 0 0 0 0 38 90 40 0 0 0 0 0 0 0 0 0 0 0 0 0 0 0 0 0 0 4 0 0 0 0 84 67 0 0 0 0 0 98 73 0 0 92 0 78 0 0 0 0 0 0 0 0 0 67 0 25 73 0 1 0 0 19 85 0 2 7 98 16 9 0 0 29 0 0 0 0 64 15 0 0 0 0 0 0 0 0 0 94 0 0 97 0 99 0
85 0 0 57 0 19 15 51 0 40 0 0 24 0 0 12 0 0 0 0 0 57 0 95 0 46 44 32 0 25 49 0 0 0 0 0 0 0 0 0 0 0 0 92 0 0 0 0 0 0 81 0 0 0 50 0 0 85 0 8 0 0 0 0 0 0 50 0 0 0 0 0 0 61 89 0 0 0 44 0 13 0 59 0 0 0 0 0 0 80 0 0 95 0 0 0 0 0 38 23
0 59 52 0 95 0 50 0 0 16 10 0 0 0 0 0 0 0 0 0 0 0 0 0 8 0 0 0 0 0 0 0 0 97 0 0 0 53 92 68 61 66 0 0 0 0 0 0 87 0 0 0 0 0 18 0 1 0 0 0 0 27 0 0 0 0 0 0 0 90 0 0 66 22 0 0 0 0 0 0 0 0 0 0 0 0 0 0 0 0 23 0 0 0 0 0 27 0 0 0
0 0 0 72 0 68 0 0 0 0 0 0 0 28 0 0 0 0 0 0 0 0 0 0 70 36 0 0 0 26 0 0 0 0 0 0 0 0 0 0 0 28 0 0 87 0 18 18 47 0 87 0 95 0 100 0 0 26 94 51 0 0 0 0 0 59 0 0 84 0 0 63 0 0 88 61 84 0 0 0 0 7 0 80 0 0 0 0 0 36 0 0 0 0 0 0 48 0 0 0
0 21 0 0 0 0 98 0 0 0 0 0 63 0 66 0 10 0 0 0 36 0 0 0 5 0 0 25 47 0 0 0 0 88 0 0 0 0 0 0 22 63 0 0 0 0 5 0 49 0 0 0 85 0 0 0 0 0 0 23 94 0 79 0 0 0 50 0 0 0 70 0 0 0 0 39 0 92 0 13 0 0 0 0 0 0 1 0 0 89 0 0 0 0 0 0 0 0 0 0
0 0 0 0 0 0 0 55 0 0 0 0 16 0 0 0 0 0 0 0 0 0 0 0 0 0 0 0 71 0 0 0 0 55 0 24 8 40 0 0 0 0 0 0 44 54 0 0 0 0 0 0 0 5 0 0 0 0 0 54 13 0 0 0 0 0 87 0 0 0 0 0 0 28 17 0 0 0 0 0 0 0 0 0 0 0 0 0 95 0 0 0 0 4 0 0 50 58 0 64
0 0 0 0 0 39 0 0 0 100 0 0 0 0 0 98 65 0 0 0 0 0 0 0 96 0 0 0 0 0 80 0 0 0 0 0 0 0 40 27 0 0 0 0 0 0 0 0 0 0 0 0 0 0 100 0 0 0 90 0 0 0 33 0 91 0 0 0 0 35 0 0 0 0 0 0 10 0 0 0 0 0 0 26 0 0 0 48 0 0 0 0 0 0 11 0 0 58 0 0
0 0 0 53 0 12 0 0 0 0 0 2 0 89 0 0 0 0 99 73 0 0 0 0 0 0 0 0 48 92 0 0 0 0 0 0 0 0 0 0 0 40 25 0 0 0 93 0 0 0 0 0 0 0 59 99 0 80 0 0 0 35 0 22 0 0 0 0 0 0 0 0 0 0 0 0 0 0 4 0 23 0 0 0 0 0 33 0 0 0 0 0 0 0 0 0 0 0 11 30
0 65 72 77 0 96 0 0 29 79 0 0 0 0 0 59 0 78 0 0 0 9 0 0 0 0 0 0 0 0 0 0 0 12 41 0 0 0 0 0 0 33 0 0 58 0 0 0 0 93 0 0 27 0 0 0 0 0 0 0 0 0 62 0 0 0 0 0 0 0 67 0 0 0 0 0 0 0 0 0 0 0 0 0 0 0 0 16 0 0 82 0 13 0 0 0 0 48 0 0
0 0 0 0 0 9 0 51 0 11 0 0 0 7 0 0 0 0 0 0 70 0 0 0 44 0 0 0 0 0 20 0 0 0 34 0 11 0 0 0 0 0 0 0 84 0 0 0 0 0 0 31 0 0 0 0 0 0 0 42 1 44 0 0 82 0 0 0 0 0 0 0 47 1 0 0 0 34 0 0 0 0 0 87 0 26 74 0 0 0 0 0 90 0 0 24 67 0 23 0
0 0 69 0 0 0 0 95 0 0 0 0 0 0 97 0 98 0 0 0 0 0 0 100 0 48 74 33 34 0 0 35 0 79 0 28 99 0 0 0 0 0 0 0 0 8 48 0 0 0 94 40 0 0 41 0 0 0 0 0 0 84 73 21 0 0 60 0 0 0 0 0 11 0 0 99 0 0 0 0 0 85 39 0 0 0 15 0 0 0 0 0 0 0 0 0 16 0 22 0
72 61 0 0 0 83 0 94 0 86 0 69 0 0 0 0 0 66 22 52 0 0 0 0 0 0 0 0 80 0 0 0 0 41 99 40 0 0 70 0 0 0 0 0 0 0 0 0 43 0 0 0 0 0 0 0 0 0 85 0 91 47 0 0 53 0 0 0 0 0 0 82 0 0 12 0 0 0 0 0 83 0 0 0 0 0 0 0 0 0 96 0 0 52 0 18 0 0 80 60
97 0 15 0 0 92 0 0 0 0 40 12 0 0 0 0 0 0 0 0 0 0 0 0 0 41 0 14 0 0 0 0 0 0 45 0 0 6 0 57 99 0 0 84 21 0 0 43 0 0 0 0 0 97 0 99 0 0 0 31 62 0 0 0 0 0 0 0 0 0 0 0 0 0 0 0 83 0 0 0 0 33 0 0 0 6 0 0 0 0 0 3 51 0 0 0 0 0 74 0
0 13 95 0 0 0 0 0 0 0 35 0 0 18 0 30 0 86 0 0 0 0 0 0 0 0 0 0 23 72 0 0 0 87 0 0 0 0 0 0 0 0 0 0 0 0 0 0 0 2 4 91 0 0 0 0 0 53 88 0 0 0 0 0 0 0 0 98 37 0 0 0 0 0 0 25 0 0 0 0 0 64 0 0 0 0 0 0 59 92 0 34 0 0 45 0 0 0 0 66
0 91 0 0 0 0 0 0 0 0 0 0 0 0 0 0 0 0 98 0 0 0 0 0 7 0 0 0 0 0 0 0 0 0 0 31 0 0 0 0 57 0 50 0 0 83 0 0 0 0 0 24 0 0 39 0 0 94 0 0 0 0 0 79 0 0 12 81 0 0 0 0 61 0 0 0 0 9 0 1 0 0 0 0 0 0 0 0 0 0 84 0 0 0 0 0 0 10 89 0
0 0 0 57 27 0 0 51 0 0 45 0 0 0 0 0 0 0 0 0 16 62 0 0 87 55 68 80 0 12 0 0 0 0 0 0 0 0 0 0 0 0 0 0 0 0 13 0 0 0 0 0 0 0 0 85 40 4 40 0 0 0 0 0 0 0 0 0 75 0 0 0 0 0 0 0 68 0 0 0 0 75 0 0 0 0 0 0 0 0 0 0 24 0 0 0 0 0 0 0
77 0 23 0 90 0 28 8 0 0 45 0 0 11 0 0 0 81 68 0 0 0 0 71 0 0 0 0 0 12 0 0 0 0 0 25 0 0 30 0 0 25 27 0 0 0 0 0 0 0 66 0 0 0 0 0 0 0 0 0 0 0 0 0 0 0 0 0 0 68 57 0 0 0 0 0 0 0 0 0 0 0 0 0 0 73 0 0 0 0 0 0 0 0 0 0 0 0 85 0
57 0 19 0 0 21 0 0 0 0 0 0 0 0 0 38 0 0 92 0 0 0 0 0 83 0 0 0 75 0 72 0 31 0 18 0 0 35 0 4 0 0 99 40 0 0 0 0 66 0 0 0 53 0 0 84 24 0 33 0 0 86 69 0 0 67 62 0 0 0 0 0 0 82 0 0 0 37 0 0 38 0 0 0 0 0 0 0 0 96 0 29 100 50 0 0 0 34 0 0
0 0 0 0 0 0 0 100 0 0 39 0 0 0 0 36 0 0 0 0 79 0 0 0 0 0 0 14 0 0 0 87 60 0 0 0 0 0 0 0 92 0 67 0 0 0 0 0 0 0 0 0 0 95 0 0 0 0 0 25 0 0 21 0 82 0 0 0 0 0 0 0 8 89 0 0 0 0 34 0 0 0 0 0 0 0 66 0 21 0 0 0 0 26 67 0 67 0 0 0
61 0 0 0 30 0 0 0 0 0 0 10 29 0 72 0 0 0 0 58 0 0 93 20 0 0 0 0 92 0 0 0 52 0 0 0 0 0 0 0 66 32 0 28 0 23 2 0 0 0 0 0 0 0 33 0 0 0 0 0 61 59 0 6 0 40 1 0 0 90 0 0 0 37 0 80 0 0 0 48 0 0 0 0 0 0 0 0 0 42 0 0 0 0 98 0 0 71 50 0
0 0 0 0 77 0 31 42 54 0 0 0 8 0 0 20 0 31 35 0 0 0 0 0 0 7 0 0 0 0 41 69 0 0 0 0 0 81 0 26 0 0 0 2 0 0 0 0 95 85 0 0 46 0 31 0 28 0 0 0 77 0 0 0 0 96 88 19 0 0 2 0 0 0 12 0 93 0 0 0 79 98 0 0 0 0 0 0 0 70 0 0 0 0 89 0 0 83 0 0
0 0 54 0 0 0 0 0 54 0 0 69 0 75 0 0 0 0 0 0 0 0 0 0 0 0 0 0 0 0 0 0 0 94 0 49 0 0 0 0 0 0 89 0 0 0 90 0 55 0 0 0 0 0 0 0 0 79 88 21 20 0 0 0 0 0 0 0 0 0 0 97 0 0 80 87 90 25 0 39 0 0 83 0 0 0 0 0 80 0 90 0 0 91 0 0 0 0 0 0
0 0 59 34 0 0 28 0 38 2 65 0 88 0 0 0 0 0 0 0 0 54 0 0 0 71 0 93 95 0 0 0 0 0 0 0 0 94 8 0 0 0 99 0 0 0 0 70 0 0 0 0 0 0 0 0 0 82 0 0 0 0 0 12 23 63 0 0 0 0 0 0 0 0 0 0 0 4 0 0 0 0 0 0 0 0 0 0 0 9 11 0 0 52 11 0 0 0 0 0
0 91 0 82 0 0 0 0 0 0 0 0 15 0 0 95 0 0 18 0 16 0 0 0 0 0 0 0 53 0 0 0 0 30 0 80 0 0 0 0 0 0 0 33 0 0 0 0 0 92 0 0 0 0 0 70 42 0 0 0 0 0 100 0 0 0 59 0 0 25 70 0 1 0 0 0 0 30 95 0 0 0 0 0 0 64 0 0 0 2 0 0 0 91 0 0 0 38 0 18
0 77 62 0 17 0 0 15 41 0 0 17 67 9 0 0 98 0 0 0 6 0 0 0 0 0 0 0 0 44 0 0 0 0 0 0 0 0 27 34 29 0 0 0 0 0 0 0 0 0 0 0 0 0 0 0 0 0 0 0 0 0 5 0 0 0 61 0 0 0 0 0 0 0 0 4 0 0 0 0 0 0 84 0 0 0 0 0 0 70 0 0 0 0 0 0 0 0 51 0
0 0 0 0 0 0 0 0 0 39 0 0 57 67 0 0 0 76 0 0 0 0 0 0 0 0 0 0 0 24 0 56 0 46 0 0 0 0 0 65 0 0 0 0 85 0 87 0 52 0 71 0 0 0 0 0 0 0 56 0 0 0 0 0 0 0 77 0 84 0 63 0 0 0 59 0 0 0 0 0 0 0 0 0 0 0 0 100 0 0 0 0 0 0 0 0 0 59 0 0
0 0 0 98 0 0 0 0 0 59 0 0 74 0 72 7 0 29 0 22 22 0 0 0 0 0 0 64 50 0 0 0 28 20 0 0 0 0 80 0 38 0 55 0 0 40 0 0 0 0 0 75 78 0 0 0 0 0 0 0 0 0 0 0 0 83 0 87 0 0 26 0 0 0 0 0 0 0 100 0 0 0 0 0 0 0 0 0 0 0 0 62 82 0 0 0 0 30 97 0
0 0 0 0 100 97 0 71 0 0 0 99 0 0 0 0 0 0 54 0 0 0 0 0 0 40 0 0 0 0 0 0 0 0 0 0 0 0 0 0 41 0 0 0 77 0 0 0 0 0 0 0 0 0 0 12 73 0 0 0 0 0 0 0 0 0 0 0 16 0 0 0 0 28 0 84 0 27 0 0 0 40 60 0 0 0 0 86 0 74 88 0 0 0 0 30 0 0 0 0
0 0 0 0 0 0 0 0 0 0 0 86 0 0 0 0 0 0 26 45 43 23 0 0 0 0 0 0 78 0 0 39 0 0 0 0 0 0 0 0 0 0 0 19 0 0 0 80 0 0 0 0 0 89 0 0 0 84 0 19 84 0 0 0 0 0 0 0 0 0 0 34 0 0 64 0 25 71 0 0 0 0 18 0 0 0 0 20 0 72 0 0 0 0 0 0 72 0 85 68
0 0 0 0 0 0 0 0 0 0 0 0 88 0 0 0 0 84 0 0 9 0 0 0 0 0 0 0 0 0 79 57 0 0 0 50 57 0 0 0 99 0 18 0 0 0 0 5 0 19 0 0 0 0 0 63 0 0 0 0 0 0 12 21 0 0 0 63 0 0 60 0 0 0 0 0 5 0 0 0 16 0 0 0 0 0 0 86 0 0 23 0 86 0 0 0 28 0 46 0
0 0 0 0 0 0 0 98 69 0 0 0 0 0 75 0 0 0 67 0 0 0 0 73 0 0 0 0 0 0 0 0 0 40 0 0 0 0 19 0 0 0 0 0 0 9 85 0 0 0 0 38 0 81 0 0 22 0 0 83 0 76 43 0 0 0 0 0 0 0 0 0 16 77 0 0 0 0 0 0 47 0 0 68 0 0 99 0 37 87 3 0 0 28 0 0 76 0 89 99
0 0 0 0 0 0 0 0 0 0 0 0 0 0 80 0 0 36 0 0 0 0 0 64 4 81 91 0 0 0 0 0 73 90 10 0 0 0 0 0 0 25 55 0 0 0 0 30 33 0 46 0 0 88 0 0 0 0 82 3 0 0 58 0 0 0 0 95 0 0 0 0 0 0 0 0 72 0 82 0 0 0 0 0 0 0 0 0 0 0 0 95 30 30 0 0 0 0 0 0
0 0 0 89 0 0 70 0 95 0 0 49 0 0 0 57 0 0 2 82 0 0 0 0 24 0 39 0 0 79 0 0 0 0 0 0 0 0 31 0 0 96 66 0 0 0 0 0 0 0 0 0 76 0 0 27 0 0 0 13 0 0 0 0 0 0 23 0 0 0 7 0 59 0 56 16 0 0 0 49 0 0 0 0 0 0 0 0 0 0 59 0 21 0 39 0 0 0 0 0
93 0 83 54 0 14 0 68 0 0 0 0 0 0 0 0 0 32 0 45 0 0 0 0 0 0 0 0 89 11 0 0 0 0 0 62 0 30 0 58 0 0 17 0 0 0 0 26 0 0 0 0 0 0 0 8 0 19 0 0 0 66 33 7 0 0 66 47 0 24 0 68 0 0 0 76 31 0 15 0 0 2 0 0 69 0 0 0 0 0 0 0 0 0 0 59 0 0 0 0
19 0 44 92 0 0 0 0 0 0 17 0 0 0 80 0 0 0 0 0 0 0 0 0 20 0 0 8 0 84 0 0 0 76 0 0 0 0 0 58 0 0 24 0 48 55 0 77 0 62 24 38 23 0 0 30 0 0 0 0 0 0 33 0 0 0 0 0 0 0 0 48 0 0 0 0 0 0 0 56 0 48 0 0 0 7 0 36 0 100 0 0 0 90 0 0 0 0 93 0
0 61 0 0 1 0 0 0 0 0 0 0 0 0 0 0 18 88 73 0 0 0 0 58 0 0 30 0 0 0 0 0 0 22 0 0 0 0 29 0 0 0 0 0 0 14 0 0 47 0 0 0 3 93 0 0 0 68 0 79 0 0 0 0 4 0 0 0 31 30 68 0 0 6 0 0 0 0 33 15 0 0 64 41 0 0 0 0 0 15 0 0 0 35 0 0 55 0 0 0
0 0 0 0 88 0 14 0 0 61 0 0 0 59 0 0 0 0 0 0 17 19 0 0 62 83 0 0 0 0 0 0 0 0 0 0 0 0 0 0 0 35 0 0 0 0 0 0 19 15 0 0 0 41 0 98 0 15 61 0 0 0 0 0 0 0 0 93 75 67 0 0 0 0 0 0 0 0 29 0 64 43 28 0 0 0 0 0 0 0 0 0 0 0 78 0 28 53 0 0
74 0 28 95 0 0 0 0 0 0 0 0 67 26 0 0 0 0 0 0 0 4 0 0 0 0 42 93 0 0 16 0 0 0 0 0 79 0 0 0 16 0 0 0 0 0 13 0 0 49 0 0 0 0 32 0 0 68 0 0 0 0 41 0 17 0 46 0 0 30 0 0 0 0 0 0 0 0 0 88 0 0 69 0 0 0 26 0 0 0 0 0 0 0 0 30 0 0 0 0
0 75 0 0 0 0 0 14 0 0 0 0 0 87 0 0 75 0 0 0 0 0 0 0 0 0 0 0 2 96 0 0 0 0 0 0 0 0 0 0 0 0 0 0 0 20 24 0 0 0 0 0 0 0 0 33 18 0 0 0 73 0 0 0 0 0 0 0 0 90 0 0 32 0 0 0 0 0 16 94 71 0 0 0 0 0 0 0 0 0 0 0 5 0 0 0 0 0 0 0
0 0 0 34 0 0 0 60 0 0 0 11 0 96 19 16 0 72 0 0 0 0 68 0 0 80 0 0 0 0 37 0 0 0 0 24 0 79 0 0 0 3 83 0 0 75 55 53 0 0 0 0 0 0 0 0 0 22 47 29 0 0 47 0 5 33 0 0 0 0 0 0 58 0 0 0 0 0 0 18 0 40 0 0 0 12 42 0 0 0 0 0 74 0 35 0 0 0 0 35
62 0 0 0 8 0 0 0 0 0 0 0 0 0 0 0 0 0 0 0 0 0 0 65 0 0 0 0 27 0 96 0 0 64 0 13 0 0 47 0 0 0 24 0 0 0 0 35 0 0 0 0 0 0 0 0 0 0 0 0 94 0 30 0 0 31 0 0 0 78 0 0 0 0 0 93 0 0 0 49 0 0 43 0 0 0 0 0 18 0 0 0 0 94 93 0 0 0 0 0
0 0 59 0 85 45 0 0 0 0 0 25 0 0 77 0 0 0 0 0 0 54 0 83 0 22 0 0 43 83 80 0 0 0 0 0 0 88 0 0 0 56 0 0 0 23 0 0 0 0 11 0 0 0 67 0 0 0 0 94 0 93 0 0 0 76 0 0 60 0 0 46 77 0 52 0 0 0 0 33 7 0 100 7 0 97 75 96 0 15 0 0 0 0 0 0 0 0 0 0
22 0 0 0 0 0 0 0 0 0 0 0 0 0 0 63 0 0 0 0 59 0 0 96 0 0 0 0 0 33 0 0 0 0 0 0 0 0 0 0 0 64 0 0 0 0 0 0 0 0 0 0 26 0 0 0 26 0 0 0 0 0 0 0 63 0 0 0 8 45 0 0 0 0 0 0 0 11 0 0 0 0 0 0 0 0 0 0 0 86 45 30 77 28 0 0 0 0 0 0
0 0 0 0 0 99 44 0 0 0 70 0 0 88 0 0 0 44 0 0 0 52 0 0 0 0 0 0 0 9 83 0 20 13 1 0 0 66 0 0 0 0 0 0 0 48 0 0 0 0 0 0 0 0 49 0 72 0 0 0 0 28 0 0 48 0 99 0 0 97 63 0 0 0 0 0 0 59 0 0 94 0 0 0 0 0 0 0 0 0 0 0 0 17 0 0 0 0 0 27
0 0 29 0 73 0 0 0 0 0 0 0 0 0 25 86 65 0 0 0 0 72 0 91 0 0 64 87 0 0 71 0 0 0 0 0 88 0 0 0 0 80 0 0 0 0 0 0 0 0 0 0 39 0 0 0 0 0 0 0 0 71 0 0 25 0 74 0 0 42 43 0 0 0 0 0 0 0 4 0 98 0 0 0 0 0 0 0 72 0 0 0 19 0 12 0 0 0 0 86
0 100 0 0 0 0 0 50 0 0 0 0 0 79 0 71 0 0 0 0 0 0 0 0 0 0 0 0 0 0 0 30 72 39 0 77 17 0 0 0 75 0 0 0 0 37 0 54 0 28 0 0 55 0 0 0 0 0 5 0 69 81 0 0 0 0 99 0 3 0 0 48 0 0 0 0 0 4 0 0 0 28 0 0 0 0 0 0 0 0 46 85 0 95 0 0 0 0 0 40
0 0 0 0 0 0 0 0 66 0 0 0 0 0 0 0 0 44 81 0 0 4 60 14 72 0 0 0 0 0 0 29 0 0 15 0 0 0 0 0 0 0 0 0 0 0 0 0 46 0 15 62 0 51 91 0 0 0 0 0 0 70 0 31 0 0 0 0 0 0 0 50 0 0 0 0 0 0 0 15 39 0 0 40 0 34 0 30 0 91 0 93 0 41 53 0 27 0 0 19
0 0 86 0 0 70 0 0 0 92 0 0 0 0 33 0 0 99 0 0 0 0 0 0 0 0 0 0 0 0 0 0 75 0 71 0 0 0 0 0 0 0 0 99 73 0 0 6 0 0 0 0 0 0 69 15 0 0 0 0 0 97 0 0 0 0 0 0 95 0 52 0 0 0 0 0 64 0 60 0 90 0 57 70 0 0 0 0 0 0 0 0 0 0 0 0 24 0 0 89
0 0 24 0 0 0 0 25 39 0 0 0 0 0 0 62 0 0 0 0 0 93 0 0 0 0 0 55 0 0 0 0 0 92 0 0 0 0 56 0 0 0 0 0 81 0 20 0 0 0 0 0 81 54 0 0 0 0 0 61 53 0 0 0 0 0 0 0 0 28 0 70 0 0 0 0 0 0 0 0 0 0 49 0 0 0 0 0 14 0 0 0 0 1 0 58 0 77 6 0
0 0 0 1 0 0 0 0 0 99 0 0 0 0 0 0 46 0 9 25 0 60 0 68 0 0 88 0 0 24 0 0 0 0 0 0 0 0 0 95 0 0 0 56 0 0 5 73 95 45 0 0 0 0 0 0 0 92 0 0 25 0 0 43 0 56 38 0 88 0 0 0 0 0 0 0 26 43 0 57 0 0 0 0 0 0 0 0 0 48 1 55 0 0 0 0 0 0 17 0
57 0 0 0 11 33 0 0 56 66 0 0 0 0 0 0 0 47 0 0 0 0 0 76 0 95 26 33 97 0 0 0 0 0 0 0 0 0 0 0 0 99 0 23 38 0 100 89 0 0 63 0 0 94 0 0 31 0 0 0 0 26 17 99 0 45 0 46 0 0 0 0 0 0 0 0 48 0 0 0 0 0 0 46 0 47 90 10 92 39 0 0 0 0 0 0 0 21 0 48
0 0 78 21 0 46 72 0 0 0 0 0 27 0 0 89 59 0 0 97 0 0 0 22 0 0 52 0 59 0 0 0 62 0 0 0 0 0 64 0 0 0 42 1 0 0 0 0 0 98 0 0 0 0 0 0 17 0 47 0 0 0 0 0 0 46 0 0 51 4 0 0 0 0 29 0 0 10 0 0 77 94 0 56 0 14 0 37 0 26 0 0 0 0 0 0 55 16 0 0
0 0 0 0 0 0 0 0 1 0 0 0 0 0 0 57 0 0 88 40 0 56 0 0 0 0 0 0 0 12 0 0 0 22 32 0 33 0 0 92 55 10 0 0 0 0 0 0 0 0 0 0 0 32 33 0 0 0 0 0 0 80 94 0 0 47 0 0 0 25 0 0 0 20 0 0 0 0 0 0 0 0 10 0 50 0 0 56 0 31 0 0 0 100 0 0 0 0 0 0
70 0 0 0 48 0 0 0 45 0 0 9 0 0 0 0 0 0 0 0 0 0 0 54 0 0 0 0 0 0 0 0 0 0 0 1 0 0 0 0 0 0 0 0 0 79 0 0 62 0 50 0 0 42 73 16 0 0 0 0 0 0 0 0 0 0 0 0 0 50 43 0 0 0 0 0 40 0 47 89 0 0 8 0 93 0 0 27 38 0 70 0 74 0 0 0 0 0 0 70
0 23 0 0 0 76 0 0 0 0 0 0 0 0 0 33 0 0 0 53 50 12 50 0 0 0 43 0 84 64 0 0 15 82 0 0 43 0 0 86 0 0 76 0 22 0 0 0 0 3 0 0 0 0 8 0 0 0 0 0 67 0 81 47 0 0 0 0 0 0 0 0 0 0 0 0 50 3 14 0 0 39 0 4 0 0 0 0 0 0 0 0 0 24 0 0 0 0 0 0
38 0 0 0 0 0 62 0 0 0 0 22 0 0 0 43 0 0 0 0 37 0 0 82 0 0 0 0 0 0 0 51 0 0 0 0 0 0 32 33 0 0 63 12 0 0 87 30 0 0 0 0 0 0 99 26 0 0 0 90 0 85 67 0 62 0 0 0 8 0 0 0 0 0 0 30 0 0 0 7 0 0 18 0 54 0 0 0 13 68 70 0 0 0 9 0 0 0 0 0
0 19 0 97 0 0 0 0 89 0 37 0 0 0 44 0 0 35 0 48 0 0 0 0 0 0 0 0 45 0 9 0 0 20 65 0 0 0 76 67 0 14 0 0 0 87 0 8 0 26 0 0 0 0 0 63 0 16 0 94 0 0 73 0 51 0 28 0 18 12 0 32 0 0 4 0 0 0 0 34 0 0 0 0 14 0 0 0 0 0 0 0 0 0 0 0 0 0 0 0
0 98 0 0 0 0 67 0 0 0 0 0 0 0 0 2 0 0 0 60 95 0 34 0 0 0 0 0 0 0 0 0 0 0 0 0 0 0 0 0 0 0 0 0 0 0 0 83 0 0 0 0 0 0 0 0 0 0 0 0 16 64 19 22 0 93 0 0 19 60 32 0 0 0 84 0 0 0 0 0 0 74 0 0 0 0 0 100 68 0 0 0 63 0 0 3 0 0 0 0
0 0 0 0 0 0 0 0 0 0 0 20 0 0 0 0 53 91 0 0 52 0 0 100 0 0 0 57 62 0 15 26 0 0 0 0 70 0 0 0 0 36 76 0 0 0 0 0 0 0 0 86 0 0 0 19 0 0 35 52 0 0 0 87 0 78 0 0 24 0 0 0 0 0 0 0 41 0 0 0 0 0 0 0 0 0 0 0 0 17 0 0 20 0 0 45 0 0 0 0
62 0 0 0 41 0 23 71 0 0 0 34 0 0 66 53 0 7 0 0 0 0 0 0 16 0 62 0 0 29 0 0 0 0 0 0 58 0 0 0 26 0 30 0 0 0 0 31 31 0 31 0 0 0 55 0 0 0 0 0 0 0 12 0 0 0 0 0 0 0 0 0 18 0 0 0 0 0 0 31 0 0 0 0 0 0 0 71 0 0 0 77 0 0 0 0 91 59 0 0
0 0 0 0 0 0 0 0 0 0 0 61 27 0 0 0 76 0 0 20 59 0 83 0 0 0 0 27 0 70 5 0 54 0 0 0 0 0 19 10 0 0 0 0 43 0 0 33 58 0 84 46 0 0 0 0 0 0 25 0 0 0 0 0 31 0 0 70 0 64 0 0 0 0 19 94 0 0 0 0 0 0 0 0 0 0 0 0 0 0 0 99 0 24 0 41 0 0 0 77
0 41 0 0 95 0 0 0 10 0 0 0 0 0 0 93 0 0 0 0 0 0 0 0 44 0 0 0 0 0 92 0 0 0 76 0 0 0 0 98 0 95 0 9 0 0 83 0 0 0 0 6 0 24 0 6 0 0 0 0 0 0 0 0 0 0 35 88 21 0 0 27 10 0 0 0 0 0 0 0 18 0 0 0 0 0 0 0 0 87 0 0 0 0 0 0 0 100 6 50
0 0 0 0 0 0 23 14 0 0 0 28 0 0 70 0 64 0 0 0 0 0 91 0 0 0 0 0 0 0 0 27 0 49 0 0 0 0 54 0 0 0 0 53 0 0 0 0 0 0 0 0 0 0 0 0 92 0 0 0 35 0 0 0 0 57 31 0 0 0 12 88 0 36 0 0 0 0 39 0 0 0 79 0 0 15 95 78 57 49 0 0 98 0 0 0 0 25 0 0
0 0 0 0 0 0 0 0 0 99 0 0 0 52 0 74 0 0 51 0 0 0 0 0 0 0 84 0 11 0 57 0 53 0 35 0 0 0 0 0 0 0 0 0 0 40 0 21 0 0 0 0 0 0 0 0 0 0 0 0 0 0 100 69 79 0 0 0 0 0 0 0 0 0 26 0 0 0 0 0 0 22 0 0 0 0 0 0 45 0 0 0 0 81 99 0 0 0 0 0
0 0 0 0 0 0 0 0 0 0 0 0 0 99 0 0 0 0 0 0 71 0 14 0 0 0 0 0 0 0 0 0 0 0 0 0 0 24 0 0 0 0 0 0 0 0 11 99 0 0 0 20 4 66 0 85 0 0 0 0 0 0 0 7 0 0 0 0 0 0 0 0 0 0 0 0 0 75 85 0 0 0 4 0 61 0 0 0 28 0 0 0 0 0 69 0 0 0 0 0
0 0 34 0 18 0 0 0 0 21 0 0 15 0 0 61 0 0 0 23 0 85 0 0 0 0 91 0 0 0 18 0 0 56 0 76 0 0 0 38 0 0 0 0 0 54 0 0 88 0 0 0 0 0 0 0 0 11 0 0 0 8 0 0 0 34 0 0 0 0 0 0 48 0 0 0 0 10 0 0 0 0 17 36 0 0 0 0 0 0 0 0 39 44 0 0 0 0 0 68
25 0 0 0 0 45 0 18 0 0 19 0 0 69 0 0 83 0 0 61 0 0 0 0 0 0 48 26 0 0 0 0 0 0 0 32 0 5 9 0 0 0 0 0 0 99 9 0 0 0 0 0 0 0 0 0 0 50 97 0 0 0 0 0 0 0 23 39 0 0 0 0 0 0 0 96 0 0 26 0 0 0 0 0 0 0 9 0 0 0 0 0 0 13 4 21 0 0 0 0
21 0 0 0 0 0 0 0 0 0 44 0 0 75 0 0 0 0 0 74 0 0 0 0 0 45 57 0 0 82 48 0 0 0 0 52 0 0 0 0 0 0 0 0 5 0 40 0 0 0 0 0 0 0 0 95 0 0 0 0 37 0 0 0 0 0 0 0 0 0 0 0 93 0 18 0 0 0 0 0 0 0 0 0 96 0 0 0 0 98 66 0 51 0 0 0 5 30 44 0
4 0 0 0 0 0 0 14 38 0 0 0 40 0 0 0 0 0 37 0 0 0 0 78 0 0 92 0 8 0 0 0 92 93 0 0 0 33 0 0 0 0 85 0 40 0 44 26 0 0 0 0 28 0 0 0 0 24 0 0 0 0 77 0 38 93 0 0 0 16 0 0 0 0 0 0 0 0 0 0 0 93 55 0 0 0 0 90 0 36 0 0 0 0 0 0 0 0 0 78
0 7 0 0 0 0 0 0 0 0 0 0 11 0 0 0 0 13 11 0 0 0 0 0 0 0 0 0 0 0 0 82 0 0 0 0 0 23 0 0 0 0 35 0 40 0 73 0 0 0 0 0 0 0 0 49 0 0 0 0 63 0 0 0 0 1 0 12 0 65 26 0 0 0 0 0 0 0 93 0 0 0 0 10 44 0 0 0 61 0 90 0 0 0 0 0 0 0 0 33
0 0 0 0 0 0 0 6 0 49 0 89 0 0 0 60 0 0 0 12 0 0 34 0 36 0 0 0 56 0 0 0 0 0 0 87 0 0 58 22 0 0 2 0 0 0 0 9 0 0 0 0 0 0 0 7 0 48 34 0 0 0 0 0 0 0 0 0 0 0 0 0 3 0 0 0 0 33 47 0 0 0 0 0 0 0 0 12 0 0 0 0 0 0 0 0 22 0 0 0
0 0 0 0 41 0 0 0 0 0 0 44 0 53 88 15 0 0 0 42 0 17 24 13 0 0 69 0 0 49 0 0 0 28 0 100 0 0 31 0 83 0 67 0 0 0 0 17 0 0 0 0 64 6 0 19 0 0 0 0 0 6 0 0 0 0 0 79 0 0 27 0 0 0 0 41 0 0 0 0 0 61 91 0 0 0 0 0 0 0 0 0 92 76 0 0 0 0 0 0
0 0 42 0 0 0 0 1 0 0 0 83 91 98 0 0 0 0 0 41 0 0 61 0 25 94 0 0 0 0 6 0 0 0 0 72 0 0 0 99 25 0 0 0 97 0 0 86 0 0 33 0 0 0 0 0 0 0 0 0 0 0 0 9 0 0 0 70 0 0 0 11 0 0 63 0 0 27 83 0 1 0 75 11 0 0 0 0 0 0 0 0 35 0 0 0 0 57 0 0
0 0 60 0 0 23 0 0 0 0 0 0 61 0 0 0 27 50 0 0 0 0 26 0 0 0 0 66 94 0 0 0 57 0 0 72 70 0 0 0 0 0 0 0 0 0 0 0 87 0 0 0 0 0 48 0 0 0 0 41 0 31 0 100 0 93 0 48 0 0 21 0 0 0 0 0 60 0 0 0 43 39 0 51 25 0 0 0 0 14 0 0 0 0 0 91 76 18 0 37
0 58 0 0 14 0 0 94 0 0 0 0 0 65 0 0 0 0 0 0 7 0 0 0 0 0 0 0 0 0 0 0 90 0 0 0 60 0 0 0 0 82 0 9 0 0 0 0 0 2 0 0 0 0 0 0 0 84 0 0 0 69 0 0 0 0 0 0 0 0 0 0 0 0 0 0 0 0 3 0 26 79 0 0 90 0 64 0 0 69 0 0 0 0 0 0 92 0 0 92
0 6 0 0 0 0 97 89 0 0 15 36 0 13 0 0 0 0 95 39 99 66 0 0 0 0 69 0 0 0 0 0 0 0 0 0 85 43 0 0 0 45 45 0 0 0 0 0 88 40 0 0 57 0 0 34 0 0 0 0 0 0 0 0 3 31 0 0 0 0 44 15 43 0 99 76 0 74 0 0 0 0 0 79 0 0 0 0 0 0 90 0 0 61 0 0 19 0 0 0
0 46 62 8 0 0 0 68 0 0 0 9 0 0 0 0 10 0 0 0 0 0 20 75 0 0 0 18 0 0 91 0 0 0 0 0 0 99 0 0 41 0 0 0 0 0 0 15 0 0 29 0 61 0 0 0 0 0 55 0 66 0 61 0 0 0 0 0 0 0 0 44 0 0 0 0 18 0 0 2 0 0 0 0 0 0 0 0 0 0 0 0 0 0 0 0 0 0 59 0
0 0 0 0 0 0 0 0 0 86 0 0 0 0 0 48 0 0 39 0 0 87 0 20 68 0 39 58 0 0 5 0 0 2 0 0 0 0 0 0 56 0 0 0 0 0 84 96 0 0 55 88 0 46 0 0 0 97 77 0 21 40 0 0 0 0 45 0 0 0 25 65 0 58 0 59 0 17 0 21 0 88 14 0 0 0 0 0 50 0 94 70 0 0 0 0 0 0 0 7
46 87 0 0 0 91 0 0 0 0 82 0 0 0 38 0 35 12 0 44 0 0 60 0 0 0 0 0 0 0 33 0 0 0 30 0 0 0 0 69 0 64 0 91 98 8 0 0 0 0 0 0 0 0 0 71 0 45 0 0 60 0 0 0 98 19 0 0 23 0 0 0 0 0 51 0 14 37 0 0 0 0 24 0 0 0 0 0 0 0 0 0 0 0 0 0 0 23 0 0
0 0 0 88 0 46 48 24 53 0 0 0 0 0 0 52 0 0 71 0 0 37 49 0 0 15 0 0 0 33 0 0 0 0 0 0 0 0 0 0 0 0 75 0 0 0 0 0 0 0 0 0 0 0 0 0 3 0 0 0 0 0 0 0 77 0 83 0 0 0 0 0 58 0 20 39 0 0 0 0 0 0 0 0 0 0 94 0 0 0 0 0 95 0 91 0 0 0 77 0
0 0 0 0 0 0 0 7 0 0 67 0 0 0 0 0 0 0 58 0 0 0 95 0 73 81 0 0 0 0 0 58 0 46 0 13 0 0 0 75 0 0 0 0 0 7 0 0 0 0 0 0 0 0 0 43 0 0 0 90 0 0 0 0 0 0 0 0 94 0 14 0 0 0 0 0 0 36 0 0 0 78 0 0 0 0 0 0 89 0 0 87 0 0 0 0 100 30 0 32
94 0 0 0 0 0 0 0 0 0 0 0 0 0 0 49 0 0 0 0 0 51 0 17 37 0 0 0 0 0 0 0 0 0 0 4 0 0 0 0 0 0 0 0 0 0 82 0 0 0 0 0 0 0 0 0 0 0 0 0 0 14 36 0 0 3 0 0 0 0 0 0 39 3 0 0 0 0 41 66 0 0 0 0 0 67 0 0 0 0 0 0 0 0 0 0 56 0 0 0
67 0 8 0 0 0 0 92 0 0 0 55 0 0 0 0 0 11 87 0 0 0 0 0 0 0 0 0 0 0 0 10 7 0 0 0 0 0 0 0 0 0 0 0 33 0 0 0 0 0 0 0 0 79 0 0 0 0 0 62 0 0 0 0 0 21 50 0 0 0 0 0 0 0 85 0 0 0 0 99 0 0 0 67 0 50 0 0 0 0 0 0 0 84 26 45 0 0 0 0
0 0 0 93 0 0 0 0 45 67 0 39 88 66 0 12 0 3 0 0 68 0 0 0 0 0 0 0 0 0 0 0 0 0 0 6 0 26 32 0 0 0 82 0 0 98 0 0 53 0 55 0 27 24 53 0 32 0 0 8 0 49 6 0 0 0 0 62 0 0 0 0 0 32 0 0 0 0 0 0 0 0 0 0 0 0 0 0 0 0 0 0 0 0 0 0 0 0 0 34
0 54 0 0 0 0 0 0 0 22 0 0 0 0 62 44 53 3 0 0 0 3 92 0 0 0 0 0 0 0 1 70 95 0 15 0 0 0 0 0 0 0 0 47 49 0 0 0 0 0 0 60 0 0 0 0 0 0 47 0 0 0 0 0 0 0 0 0 0 0 44 0 51 0 31 4 0 0 0 0 37 0 0 0 0 0 0 0 0 0 18 0 27 48 0 0 0 0 0 0
0 0 70 0 0 0 49 0 32 58 0 0 0 0 0 0 39 0 0 51 0 0 0 0 0 0 0 0 0 9 88 0 0 0 0 0 0 0 0 94 0 51 0 0 18 0 0 0 64 66 0 0 9 89 0 55 0 0 0 58 0 0 0 0 0 0 0 0 0 0 0 0 0 0 0 0 81 70 0 0 8 0 29 0 0 0 0 0 0 0 0 0 0 0 0 0 68 0 53 16
40 0 31 0 0 0 0 12 29 28 32 0 0 79 0 0 0 0 0 0 89 0 0 0 0 0 0 76 0 50 0 0 0 36 0 0 0 0 0 56 0 0 71 0 0 0 0 0 85 0 47 0 0 0 0 0 0 0 8 0 0 0 21 0 0 0 0 61 0 0 0 97 95 0 0 0 0 0 0 0 0 0 0 0 0 0 85 0 3 0 0 0 0 0 0 10 6 0 0 0
31 0 0 0 24 0 0 92 0 0 86 41 0 0 53 41 0 24 0 52 21 11 97 0 0 68 0 19 23 0 0 0 0 0 0 49 0 96 68 0 64 0 0 0 0 0 0 0 63 0 0 0 0 68 0 0 0 0 0 0 49 75 0 3 0 0 0 0 0 0 0 0 0 50 0 62 83 0 0 39 0 61 44 0 0 16 0 0 0 0 46 0 0 69 45 92 0 18 76 0
0 0 0 0 53 0 0 2 0 0 0 0 0 0 0 23 0 0 93 0 0 0 26 0 0 0 0 0 87 0 18 0 0 46 0 0 54 0 0 48 0 0 20 36 0 0 0 45 0 40 0 10 0 0 0 0 0 0 0 0 0 31 11 0 0 0 0 0 0 0 0 0 0 0 0 83 0 63 0 0 0 0 0 0 0 37 0 77 0 0 0 0 0 48 73 27 0 84 0 0
0 3 0 0 59 0 54 13 0 0 0 0 0 0 0 0 0 0 48 0 0 98 0 0 15 0 65 0 0 0 5 0 0 0 0 0 0 0 0 0 5 0 0 0 0 0 0 57 45 0 0 0 0 0 5 43 0 74 0 24 0 16 0 0 72 0 0 0 0 0 0 76 0 0 0 69 0 54 0 0 0 1 0 0 60 0 0 0 85 0 83 94 0 0 57 0 10 0 0 0
77 26 0 0 0 54 73 0 27 2 0 0 45 0 0 0 0 0 7 41 0 0 0 0 0 0 0 0 36 0 99 0 0 82 0 83 9 0 0 0 0 51 0 0 0 12 0 0 0 0 0 0 0 0 0 35 0 0 0 0 0 0 0 0 0 0 0 0 0 0 13 84 0 0 0 0 0 0 0 18 0 0 0 0 0 89 0 0 51 20 0 38 89 53 0 0 0 73 0 0
0 0 0 0 67 35 0 0 0 40 0 0 8 0 0 66 70 0 18 18 0 0 0 0 87 0 0 0 99 17 0 0 0 0 0 0 0 0 0 0 0 0 0 0 0 0 29 0 0 35 0 50 0 42 0 50 0 0 0 0 80 65 0 0 0 0 0 0 66 0 72 0 0 24 67 7 0 0 0 0 0 0 25 0 0 0 0 0 0 0 0 72 0 0 0 0 0 0 0 0
43 92 0 0 0 0 36 0 0 0 0 0 65 0 0 0 59 0 0 0 0 0 0 0 0 49 0 0 58 0 15 0 0 0 0 84 0 44 0 0 0 0 49 92 33 0 0 30 90 0 51 0 15 40 0 62 0 0 0 0 61 65 0 48 0 0 0 0 0 0 0 0 0 75 0 0 0 0 0 30 0 5 49 0 0 0 0 0 88 0 0 49 0 0 94 0 0 0 0 0
87 0 41 0 13 0 0 0 33 0 0 0 9 0 0 53 78 0 0 0 0 54 0 0 0 0 0 0 85 0 0 0 0 0 39 0 67 0 0 63 0 0 0 95 0 0 0 0 0 0 0 0 0 0 0 0 62 0 0 0 0 0 0 0 0 0 10 70 0 0 0 0 59 0 0 81 0 34 0 0 40 26 17 0 0 0 0 97 9 36 0 88 0 0 0 0 0 0 0 0
0 0 73 72 0 0 38 0 0 0 0 0 0 0 0 0 0 0 0 0 0 0 0 0 0 0 0 60 0 0 0 37 0 0 0 0 0 63 30 0 7 0 0 0 0 91 82 4 57 0 0 0 0 0 78 0 0 0 88 0 0 50 33 74 1 0 24 0 41 0 9 0 72 0 79 0 0 0 0 0 96 0 0 0 0 34 0 62 0 0 0 47 54 0 72 0 100 0 0 0
0 0 0 0 0 0 0 0 36 0 16 0 0 56 0 0 0 0 96 0 0 0 0 77 0 0 0 0 0 0 0 0 0 0 0 0 0 0 0 0 52 16 0 24 0 0 0 0 0 90 0 0 0 0 91 31 26 0 74 0 0 0 0 0 0 0 0 0 0 60 0 0 65 92 0 85 0 39 0 0 0 0 7 84 0 0 0 0 0 0 93 0 0 0 0 0 0 0 0 0
0 0 98 48 0 0 0 0 0 0 47 0 0 0 0 60 0 0 0 32 0 0 0 56 100 0 0 0 0 21 0 0 0 0 0 0 0 96 0 0 25 0 95 7 0 26 6 0 0 0 0 79 43 0 0 8 73 0 0 0 79 0 0 0 0 0 0 3 0 0 93 0 0 0 0 0 0 0 0 0 0 0 0 0 0 0 32 0 0 0 0 22 48 0 1 0 22 0 47 0
0 0 0 0 0 0 0 0 0 0 0 0 27 0 88 94 0 0 0 50 0 0 5 0 47 0 0 0 0 0 0 0 6 0 47 34 100 0 0 0 0 0 71 10 0 0 0 0 0 0 0 0 0 43 0 5 0 49 0 99 0 71 0 0 0 22 0 52 0 0 25 35 85 91 0 47 0 0 0 37 0 35 0 0 0 0 0 0 0 0 24 0 0 0 0 0 0 0 0 50
0 0 0 0 0 0 0 0 95 0 0 60 99 0 33 71 0 0 0 83 5 0 0 0 100 0 0 0 0 0 0 0 0 0 0 0 92 46 92 0 0 0 21 0 0 0 0 0 19 0 0 0 0 0 0 0 69 0 0 0 94 0 87 9 0 0 0 83 0 0 0 0 0 0 0 0 0 0 0 0 34 0 70 54 0 0 0 0 67 0 0 0 0 0 0 19 0 0 0 4
27 7 0 0 88 0 0 0 0 0 0 0 0 0 0 0 0 0 0 0 0 0 98 0 0 73 96 0 35 60 0 0 0 0 0 79 77 0 27 5 0 0 0 0 72 0 0 0 0 0 0 0 0 0 72 0 0 0 20 57 0 0 0 17 0 0 0 0 0 0 0 0 0 0 0 0 0 35 16 0 0 0 0 86 0 0 0 22 0 0 0 0 89 0 79 0 0 0 0 0
0 0 0 20 76 57 0 0 0 0 31 16 48 0 0 0 0 0 0 0 0 0 0 0 0 0 0 0 0 0 0 92 0 0 0 0 56 54 0 0 0 0 0 98 13 0 0 54 0 33 0 0 0 0 0 0 0 0 0 89 0 86 77 0 38 0 0 55 10 0 72 55 98 2 40 0 0 54 0 0 0 0 93 99 0 0 0 0 0 0 0 0 0 54 0 0 28 0 80 0
72 0 0 96 0 14 35 1 0 63 0 0 66 0 0 6 0 0 0 0 0 26 0 66 0 17 31 21 0 29 48 0 0 0 0 0 0 0 0 0 0 0 0 96 0 0 0 0 0 0 30 0 0 0 66 0 0 22 0 97 0 0 0 0 0 0 68 0 0 0 0 0 0 68 47 0 0 0 71 0 4 0 4 0 0 0 0 0 0 32 0 0 12 0 0 0 0 0 23 32
0 13 15 0 19 0 13 0 0 70 26 0 0 0 0 0 0 0 0 0 0 0 0 0 72 0 0 0 0 0 0 0 0 67 0 0 0 42 63 54 88 53 0 0 0 0 0 0 22 0 0 0 0 0 17 0 28 0 0 0 0 98 0 0 0 0 0 0 0 23 0 0 35 92 0 0 0 0 0 0 0 0 0 0 0 0 0 0 0 0 7 0 0 0 0 0 92 0 0 0
0 0 0 43 0 39 0 0 0 0 0 0 0 33 0 0 0 0 0 0 0 0 0 0 27 42 0 0 0 23 0 0 0 0 0 0 0 0 0 0 0 61 0 0 3 0 33 30 14 0 78 0 13 0 40 0 0 16 16 33 0 0 0 0 0 55 0 0 62 0 0 86 0 0 1 80 47 0 0 0 0 19 0 45 0 0 0 0 0 22 0 0 0 0 0 0 83 0 0 0
0 31 0 0 0 0 41 0 0 0 0 0 49 0 52 0 73 0 0 0 15 0 0 0 6 0 0 34 51 0 0 0 0 96 0 0 0 0 0 0 23 82 0 0 0 0 17 0 97 0 0 0 47 0 0 0 0 0 0 100 79 0 51 0 0 0 76 0 0 0 18 0 0 0 0 24 0 4 0 11 0 0 0 0 0 0 88 0 0 9 0 0 0 0 0 0 0 0 0 0
0 0 0 0 0 0 0 97 0 0 0 0 45 0 0 0 0 0 0 0 0 0 0 0 0 0 0 0 51 0 0 0 0 44 0 24 71 52 0 0 0 0 0 0 1 15 0 0 0 0 0 0 0 6 0 0 0 0 0 26 56 0 0 0 0 0 63 0 0 0 0 0 0 36 74 0 0 0 0 0 0 0 0 0 0 0 0 0 97 0 0 0 0 100 0 0 81 56 0 28
0 0 0 0 0 37 0 0 0 96 0 0 0 0 0 80 50 0 0 0 0 0 0 0 77 0 0 0 0 0 74 0 0 0 0 0 0 0 39 82 0 0 0 0 0 0 0 0 0 0 0 0 0 0 76 0 0 0 65 0 0 0 24 0 40 0 0 0 0 95 0 0 0 0 0 0 95 0 0 0 0 0 0 98 0 0 0 95 0 0 0 0 0 0 34 0 0 77 0 0
0 0 0 77 0 58 0 0 0 0 0 13 0 73 0 0 0 0 58 90 0 0 0 0 0 0 0 0 49 42 0 0 0 0 0 0 0 0 0 0 0 9 79 0 0 0 28 0 0 0 0 0 0 0 92 99 0 22 0 0 0 85 0 41 0 0 0 0 0 0 0 0 0 0 0 0 0 0 61 0 76 0 0 0 0 0 88 0 0 0 0 0 0 0 0 0 0 0 57 14
0 90 65 84 0 22 0 0 7 44 0 0 0 0 0 20 0 7 0 0 0 51 0 0 0 0 0 0 0 0 0 0 0 19 67 0 0 0 0 0 0 64 0 0 49 0 0 0 0 3 0 0 71 0 0 0 0 0 0 0 0 0 24 0 0 0 0 0 0 0 7 0 0 0 0 0 0 0 0 0 0 0 0 0 0 0 0 26 0 0 82 0 18 0 0 0 0 33 0 0
0 0 0 0 0 44 0 63 0 75 0 0 0 40 0 0 0 0 0 0 3 0 0 0 68 0 0 0 0 0 31 0 0 0 42 0 23 0 0 0 0 0 0 0 84 0 0 0 0 0 0 31 0 0 0 0 0 0 0 13 100 46 0 0 74 0 0 0 0 0 0 0 75 87 0 0 0 83 0 0 0 0 0 16 0 62 78 0 0 0 0 0 29 0 0 17 18 0 9 0
0 0 26 0 0 0 0 3 0 0 0 0 0 0 46 0 19 0 0 0 0 0 0 42 0 8 77 3 27 0 0 25 0 93 0 1 32 0 0 0 0 0 0 0 0 19 75 0 0 0 22 58 0 0 89 0 0 0 0 0 0 32 27 28 0 0 95 0 0 0 0 0 24 0 0 8 0 0 0 0 0 74 89 0 0 0 64 0 0 0 0 0 0 0 0 0 47 0 81 0
42 31 0 0 0 98 0 45 0 73 0 96 0 0 0 0 0 26 24 41 0 0 0 0 0 0 0 0 56 0 0 0 0 25 18 32 0 0 34 0 0 0 0 0 0 0 0 0 43 0 0 0 0 0 0 0 0 0 91 0 60 67 0 0 98 0 0 0 0 0 0 75 0 0 89 0 0 0 0 0 26 0 0 0 0 0 0 0 0 0 23 0 0 87 0 81 0 0 17 59
94 0 19 0 0 28 0 0 0 0 61 9 0 0 0 0 0 0 0 0 0 0 0 0 0 31 0 26 0 0 0 0 0 0 42 0 0 70 0 20 57 0 0 97 28 0 0 4 0 0 0 0 0 69 0 49 0 0 0 76 15 0 0 0 0 0 0 0 0 0 0 0 0 0 0 0 21 0 0 0 0 81 0 0 0 56 0 0 0 0 0 50 28 0 0 0 0 0 49 0
0 70 41 0 0 0 0 0 0 0 99 0 0 22 0 49 0 95 0 0 0 0 0 0 0 0 0 0 60 90 0 0 0 10 0 0 0 0 0 0 0 0 0 0 0 0 0 0 0 72 20 74 0 0 0 0 0 68 34 0 0 0 0 0 0 0 0 89 45 0 0 0 0 0 0 41 0 0 0 0 0 7 0 0 0 0 0 0 58 64 0 90 0 0 49 0 0 0 0 38
0 23 0 0 0 0 0 0 0 0 0 0 0 0 0 0 0 0 47 0 0 0 0 0 82 0 0 0 0 0 0 0 0 0 0 85 0 0 0 0 79 0 51 0 0 99 0 0 0 0 0 53 0 0 7 0 0 14 0 0 0 0 0 73 0 0 70 91 0 0 0 0 30 0 0 0 0 55 0 75 0 0 0 0 0 0 0 0 0 0 35 0 0 0 0 0 0 61 9 0
0 0 0 11 47 0 0 42 0 0 92 0 0 0 0 0 0 0 0 0 35 82 0 0 26 31 56 7 0 53 0 0 0 0 0 0 0 0 0 0 0 0 0 0 0 0 72 0 0 0 0 0 0 0 0 98 87 67 92 0 0 0 0 0 0 0 0 0 89 0 0 0 0 0 0 0 71 0 0 0 0 45 0 0 0 0 0 0 0 0 0 0 47 0 0 0 0 0 0 0
94 0 26 0 50 0 30 96 0 0 2 0 0 83 0 0 0 43 98 0 0 0 0 46 0 0 0 0 0 60 0 0 0 0 0 88 0 0 57 0 0 31 39 0 0 0 0 0 0 0 61 0 0 0 0 0 0 0 0 0 0 0 0 0 0 0 0 0 0 52 32 0 0 0 0 0 0 0 0 0 0 0 0 0 0 42 0 0 0 0 0 0 0 0 0 0 0 0 30 0
52 0 63 0 0 81 0 0 0 0 0 0 0 0 0 6 0 0 66 0 0 0 0 0 31 0 0 0 92 0 97 0 79 0 21 0 0 71 0 41 0 0 69 59 0 0 0 0 57 0 0 0 86 0 0 56 30 0 68 0 0 11 23 0 0 46 67 0 0 0 0 0 0 13 0 0 0 26 0 0 85 0 0 0 0 0 0 0 0 80 0 47 66 19 0 0 0 97 0 0
0 0 0 0 0 0 0 73 0 0 76 0 0 0 0 90 0 0 0 0 31 0 0 0 0 0 0 51 0 0 0 37 25 0 0 0 0 0 0 0 38 0 70 0 0 0 0 0 0 0 0 0 0 79 0 0 0 0 0 87 0 0 58 0 56 0 0 0 0 0 0 0 69 99 0 0 0 0 67 0 0 0 0 0 0 0 20 0 35 0 0 0 0 80 35 0 18 0 0 0
37 0 0 0 82 0 0 0 0 0 0 72 67 0 23 0 0 0 0 100 0 0 13 49 0 0 0 0 86 0 0 0 79 0 0 0 0 0 0 0 60 28 0 90 0 39 52 0 0 0 0 0 0 0 34 0 0 0 0 0 70 3 0 14 0 24 44 0 0 96 0 0 0 11 0 78 0 0 0 66 0 0 0 0 0 0 0 0 0 26 0 0 0 0 18 0 0 9 96 0
0 0 0 0 20 0 1 74 9 0 0 0 18 0 0 88 0 96 86 0 0 0 0 0 0 98 0 0 0 0 83 94 0 0 0 0 0 83 0 78 0 0 0 34 0 0 0 0 3 97 0 0 38 0 48 0 56 0 0 0 22 0 0 0 0 36 87 45 0 0 41 0 0 0 52 0 96 0 0 0 48 14 0 0 0 0 0 0 0 12 0 0 0 0 95 0 0 8 0 0
0 0 84 0 0 0 0 0 54 0 0 47 0 69 0 0 0 0 0 0 0 0 0 0 0 0 0 0 0 0 0 0 0 26 0 9 0 0 0 0 0 0 48 0 0 0 71 0 51 0 0 0 0 0 0 0 0 1 29 98 33 0 0 0 0 0 0 0 0 0 0 89 0 0 35 66 11 83 0 47 0 0 41 0 0 0 0 0 87 0 85 0 0 40 0 0 0 0 0 0
0 0 23 60 0 0 59 0 67 45 12 0 19 0 0 0 0 0 0 0 0 48 0 0 0 78 0 2 71 0 0 0 0 0 0 0 0 71 7 0 0 0 3 0 0 0 0 59 0 0 0 0 0 0 0 0 0 94 0 0 0 0 0 66 66 7 0 0 0 0 0 0 0 0 0 0 0 99 0 0 0 0 0 0 0 0 0 0 0 99 91 0 0 61 3 0 0 0 0 0
0 91 0 73 0 0 0 0 0 0 0 0 71 0 0 49 0 0 97 0 56 0 0 0 0 0 0 0 76 0 0 0 0 90 0 6 0 0 0 0 0 0 0 44 0 0 0 0 0 78 0 0 0 0 0 63 18 0 0 0 0 0 53 0 0 0 58 0 0 66 39 0 22 0 0 0 0 23 36 0 0 0 0 0 0 91 0 0 0 51 0 0 0 15 0 0 0 87 0 75
0 6 15 0 53 0 0 94 57 0 0 69 72 61 0 0 73 0 0 0 16 0 0 0 0 0 0 0 0 73 0 0 0 0 0 0 0 0 53 97 64 0 0 0 0 0 0 0 0 0 0 0 0 0 0 0 0 0 0 0 0 0 55 0 0 0 38 0 0 0 0 0 0 0 0 3 0 0 0 0 0 0 97 0 0 0 0 0 0 88 0 0 0 0 0 0 0 0 99 0
0 0 0 0 0 0 0 0 0 71 0 0 47 66 0 0 0 76 0 0 0 0 0 0 0 0 0 0 0 8 0 100 0 77 0 0 0 0 0 47 0 0 0 0 2 0 73 0 20 0 3 0 0 0 0 0 0 0 94 0 0 0 0 0 0 0 94 0 39 0 32 0 0 0 60 0 0 0 0 0 0 0 0 0 0 0 0 95 0 0 0 0 0 0 0 0 0 16 0 0
0 0 0 47 0 0 0 0 0 68 0 0 31 0 22 67 0 46 0 33 59 0 0 0 0 0 0 60 24 0 0 0 17 83 0 0 0 0 51 0 1 0 76 0 0 77 0 0 0 0 0 13 22 0 0 0 0 0 0 0 0 0 0 0 0 68 0 31 0 0 21 0 0 0 0 0 0 0 49 0 0 0 0 0 0 0 0 0 0 0 0 60 10 0 0 0 0 87 66 0
0 0 0 0 7 38 0 1 0 0 0 6 0 0 0 0 0 0 44 0 0 0 0 0 0 15 0 0 0 0 0 0 0 0 0 0 0 0 0 0 14 0 0 0 78 0 0 0 0 0 0 0 0 0 0 28 65 0 0 0 0 0 0 0 0 0 0 0 1 0 0 0 0 41 0 58 0 32 0 0 0 84 69 0 0 0 0 72 0 10 57 0 0 0 0 14 0 0 0 0
0 0 0 0 0 0 0 0 0 0 0 93 0 0 0 0 0 0 62 28 90 67 0 0 0 0 0 0 35 0 0 74 0 0 0 0 0 0 0 0 0 0 0 44 0 0 0 62 0 0 0 0 0 66 0 0 0 77 0 73 33 0 0 0 0 0 0 0 0 0 0 77 0 0 11 0 22 77 0 0 0 0 26 0 0 0 0 32 0 11 0 0 0 0 0 0 60 0 48 9
0 0 0 0 0 0 0 0 0 0 0 0 42 0 0 0 0 68 0 0 89 0 0 0 0 0 0 0 0 0 25 11 0 0 0 38 41 0 0 0 49 0 93 0 0 0 0 57 0 49 0 0 0 0 0 69 0 0 0 0 0 0 43 18 0 0 0 11 0 0 16 0 0 0 0 0 47 0 0 0 11 0 0 0 0 0 0 45 0 0 40 0 23 0 0 0 22 0 1 0
0 0 0 0 0 0 0 78 61 0 0 0 0 0 52 0 0 0 39 0 0 0 0 44 0 0 0 0 0 0 0 0 0 19 0 0 0 0 93 0 0 0 0 0 0 78 28 0 0 0 0 29 0 45 0 0 22 0 0 26 0 80 53 0 0 0 0 0 0 0 0 0 15 14 0 0 0 0 0 0 21 0 0 19 0 0 1 0 43 84 62 0 0 90 0 0 37 0 81 80
0 0 0 0 0 0 0 0 0 0 0 0 0 0 48 0 0 79 0 0 0 0 0 52 27 93 77 0 0 0 0 0 49 21 52 0 0 0 0 0 0 35 60 0 0 0 0 9 81 0 29 0 0 13 0 0 0 0 79 27 0 0 33 0 0 0 0 60 0 0 0 0 0 0 0 0 73 0 54 0 0 0 0 0 0 0 0 0 0 0 0 86 49 63 0 0 0 0 0 0
0 0 0 46 0 0 47 0 57 0 0 65 0 0 0 9 0 0 91 79 0 0 0 0 56 0 97 0 0 46 0 0 0 0 0 0 0 0 75 0 0 46 62 0 0 0 0 0 0 0 0 0 77 0 0 41 0 0 0 19 0 0 0 0 0 0 34 0 0 0 50 0 63 0 12 3 0 0 0 14 0 0 0 0 0 0 0 0 0 0 83 0 87 0 86 0 0 0 0 0
17 0 59 13 0 3 0 56 0 0 0 0 0 0 0 0 0 50 0 58 0 0 0 0 0 0 0 0 39 2 0 0 0 0 0 88 0 21 0 84 0 0 82 0 0 0 0 7 0 0 0 0 0 0 0 12 0 27 0 0 0 75 47 30 0 0 69 81 0 65 0 17 0 0 0 58 82 0 95 0 0 70 0 0 48 0 0 0 0 0 0 0 0 0 0 17 0 0 0 0
30 0 21 22 0 0 0 0 0 0 6 0 0 0 99 0 0 0 0 0 0 0 0 0 61 0 0 73 0 86 0 0 0 89 0 0 0 0 0 27 0 0 83 0 4 43 0 83 0 81 83 78 68 0 0 88 0 0 0 0 0 0 22 0 0 0 0 0 0 0 0 76 0 0 0 0 0 0 0 79 0 28 0 0 0 79 0 40 0 83 0 0 0 51 0 0 0 0 37 0
0 93 0 0 75 0 0 0 0 0 0 0 0 0 0 0 17 43 2 0 0 0 0 99 0 0 20 0 0 0 0 0 0 67 0 0 0 0 50 0 0 0 0 0 0 79 0 0 58 0 0 0 78 68 0 0 0 83 0 35 0 0 0 0 8 0 0 0 35 11 10 0 0 97 0 0 0 0 8 45 0 0 80 8 0 0 0 0 0 3 0 0 0 46 0 0 1 0 0 0
0 0 0 0 21 0 4 0 0 94 0 0 0 82 0 0 0 0 0 0 72 37 0 0 25 58 0 0 0 0 0 0 0 0 0 0 0 0 0 0 0 59 0 0 0 0 0 0 73 11 0 0 0 15 0 77 0 11 15 0 0 0 0 0 0 0 0 74 3 17 0 0 0 0 0 0 0 0 87 0 89 35 21 0 0 0 0 0 0 0 0 0 0 0 30 0 7 1 0 0
4 0 65 11 0 0 0 0 0 0 0 0 8 63 0 0 0 0 0 0 0 1 0 0 0 0 54 79 0 0 17 0 0 0 0 0 88 0 0 0 35 0 0 0 0 0 87 0 0 42 0 0 0 0 73 0 0 78 0 0 0 0 21 0 59 0 49 0 0 19 0 0 0 0 0 0 0 0 0 44 0 0 28 0 0 0 72 0 0 0 0 0 0 0 0 29 0 0 0 0
0 80 0 0 0 0 0 93 0 0 0 0 0 88 0 0 68 0 0 0 0 0 0 0 0 0 0 0 61 86 0 0 0 0 0 0 0 0 0 0 0 0 0 0 0 52 31 0 0 0 0 0 0 0 0 97 59 0 0 0 2 0 0 0 0 0 0 0 0 6 0 0 32 0 0 0 0 0 64 48 53 0 0 0 0 0 0 0 0 0 0 0 74 0 0 0 0 0 0 0
0 0 0 63 0 0 0 19 0 0 0 17 0 39 66 51 0 48 0 0 0 0 23 0 0 65 0 0 0 0 36 0 0 0 0 61 0 66 0 0 0 52 50 0 0 45 15 6 0 0 0 0 0 0 0 0 0 38 11 1 0 0 25 0 11 54 0 0 0 0 0 0 25 0 0 0 0 0 0 62 0 83 0 0 0 96 33 0 0 0 0 0 80 0 55 0 0 0 0 44
43 0 0 0 29 0 0 0 0 0 0 0 0 0 0 0 0 0 0 0 0 0 0 87 0 0 0 0 31 0 77 0 0 26 0 51 0 0 81 0 0 0 26 0 0 0 0 91 0 0 0 0 0 0 0 0 0 0 0 0 50 0 95 0 0 26 0 0 0 21 0 0 0 0 0 47 0 0 0 31 0 0 49 0 0 0 0 0 4 0 0 0 0 4 86 0 0 0 0 0
0 0 77 0 65 100 0 0 0 0 0 44 0 0 15 0 0 0 0 0 0 10 0 96 0 82 0 0 49 5 15 0 0 0 0 0 0 85 0 0 0 26 0 0 0 95 0 0 0 0 2 0 0 0 66 0 0 0 0 69 0 72 0 0 0 87 0 0 75 0 0 87 46 0 11 0 0 0 0 22 31 0 23 15 0 44 74 92 0 33 0 0 0 0 0 0 0 0 0 0
78 0 0 0 0 0 0 0 0 0 0 0 0 0 0 88 0 0 0 0 23 0 0 64 0 0 0 0 0 51 0 0 0 0 0 0 0 0 0 0 0 92 0 0 0 0 0 0 0 0 0 0 93 0 0 0 84 0 0 0 0 0 0 0 99 0 0 0 7 51 0 0 0 0 0 0 0 91 0 0 0 0 0 0 0 0 0 0 0 91 23 30 41 20 0 0 0 0 0 0