100
0 0 0 0 0 0 17 0 0 0 0 20 29 70 6 0 0 33 51 0 0 68 0 0 0 88 0 15 0 93 0 0 0 0 95 0 25 0 0 0 93 79 36 34 0 0 73 0 0 0 0 0 0 33 96 0 0 82 0 0 0 6 0 0 0 0 0 70 0 0 0 0 0 0 0 0 0 0 0 0 8 14 91 37 0 0 0 0 0 0 0 0 0 0 0 0 35 0 44 0
27 0 19 0 27 40 0 0 0 0 21 0 0 0 0 0 0 0 71 0 0 0 0 0 0 16 0 0 0 0 0 0 62 0 24 38 24 0 0 49 0 0 0 0 0 0 0 0 35 70 88 0 0 87 0 0 0 0 0 45 22 0 0 3 0 0 0 0 0 0 0 0 0 6 0 0 69 0 20 0 0 0 52 0 0 45 0 0 0 0 0 0 0 12 0 0 0 21 0 0
0 0 0 0 0 76 0 0 0 0 71 0 0 0 0 0 0 0 0 0 0 0 0 0 0 21 0 0 0 0 0 0 0 0 52 0 0 0 26 0 0 0 0 0 100 71 0 0 0 0 0 32 0 0 0 0 0 0 0 25 26 0 0 52 0 0 33 0 0 0 0 0 0 0 0 16 0 0 81 0 44 0 0 0 96 0 0 0 0 0 0 0 0 0 38 0 0 0 0 25
89 0 87 0 0 0 0 0 66 0 0 0 0 0 3 97 0 0 0 31 0 0 0 0 0 0 0 0 54 0 0 0 16 0 0 0 0 0 0 95 0 0 66 0 0 0 0 0 0 0 40 0 0 0 0 36 0 0 0 87 0 0 0 0 0 0 0 0 0 85 0 0 0 85 0 0 0 0 7 0 0 0 55 0 7 0 0 0 92 0 0 0 0 0 92 0 0 0 0 7
50 0 0 0 0 0 0 0 0 8 0 0 83 24 0 9 0 75 0 0 100 49 0 76 0 0 0 0 0 0 0 0 0 0 12 0 0 0 6 0 0 0 0 0 0 0 0 87 0 0 0 0 0 0 0 0 70 57 94 0 0 47 65 0 0 0 0 0 64 15 0 0 24 0 0 0 0 48 0 0 41 0 0 0 69 0 0 0 0 0 0 0 77 0 0 0 40 0 0 0
0 0 0 0 0 0 0 0 0 0 0 0 0 0 0 0 0 0 0 93 0 23 0 87 0 0 0 0 0 0 0 0 0 0 47 0 90 0 0 58 0 0 0 0 64 0 96 0 0 59 0 0 0 0 0 58 0 0 0 0 0 0 0 17 64 0 0 0 0 0 22 54 0 0 0 0 0 91 0 4 60 0 0 0 0 0 67 0 0 23 0 26 91 94 0 0 0 0 0 0
0 0 0 0 85 66 0 0 0 0 95 0 0 0 0 0 0 19 0 68 43 0 0 0 0 0 0 7 0 0 0 0 17 59 0 0 93 0 0 0 0 49 0 0 97 0 0 0 52 98 0 0 0 0 0 20 16 0 0 66 0 0 97 0 89 0 0 0 0 0 84 0 0 0 0 0 0 42 0 0 99 0 78 0 0 0 0 71 0 93 0 94 57 0 6 0 62 0 0 64
0 0 0 0 0 92 51 0 0 0 0 5 0 0 12 0 0 0 0 0 100 0 0 0 0 30 11 0 0 0 0 0 0 0 0 73 0 0 0 0 88 1 0 0 0 0 0 0 0 0 41 0 0 55 0 0 0 0 0 0 0 0 0 0 0 0 0 85 0 0 0 0 0 0 82 0 0 0 0 0 0 0 0 0 0 0 0 76 0 0 0 0 28 0 0 86 0 0 52 0
52 0 0 0 95 96 57 0 0 0 0 20 0 0 40 0 0 81 0 0 0 4 0 71 0 0 0 0 7 0 0 43 0 100 0 0 0 86 0 0 0 0 99 0 0 72 27 0 0 0 0 89 0 0 95 0 0 0 0 0 14 0 0 0 69 0 0 0 0 83 0 0 0 0 0 0 0 25 0 0 0 63 18 0 0 0 0 0 0 0 0 0 0 46 7 0 63 24 65 0
53 0 33 0 0 0 0 0 0 0 0 0 0 0 0 0 0 0 86 0 0 25 0 25 86 0 0 0 3 0 0 0 0 0 16 0 0 83 0 0 0 54 61 0 0 0 99 0 0 0 0 0 0 0 0 0 0 0 0 0 38 0 0 0 82 0 39 0 0 0 0 0 4 0 0 0 0 0 1 0 0 0 76 0 0 0 0 0 0 0 0 75 0 0 18 0 0 0 0 0
0 97 0 0 0 0 0 0 0 0 0 0 0 0 42 0 0 0 88 5 0 0 0 0 89 0 17 55 0 10 0 0 0 0 0 2 0 14 0 0 0 0 89 0 0 0 0 0 0 0 0 0 0 0 0 0 0 0 10 0 37 0 0 0 0 0 0 0 90 0 0 0 0 0 0 85 0 27 0 0 0 21 0 0 0 0 0 68 0 0 0 0 0 0 0 21 0 21 68 0
89 20 0 41 0 0 0 0 23 0 0 0 0 33 46 0 0 0 0 0 0 0 34 0 71 82 0 37 0 69 47 0 89 0 0 0 0 11 0 0 69 0 98 0 47 0 0 0 0 0 38 0 0 0 0 16 30 0 0 23 0 69 0 0 0 35 0 0 0 0 0 0 0 0 0 8 0 0 0 89 0 44 0 0 0 0 0 0 0 0 0 0 61 21 25 0 0 0 0 0
33 0 0 0 76 0 37 14 32 0 0 86 0 80 91 0 0 0 0 0 0 60 0 0 0 0 95 0 64 0 0 65 0 45 0 66 84 46 53 0 15 0 13 17 0 0 95 34 0 22 0 0 95 0 0 93 0 0 0 0 3 5 18 0 0 0 0 35 11 0 0 0 0 0 21 0 0 0 52 0 0 90 0 72 74 0 0 0 0 0 0 0 0 0 0 81 0 0 0 0
0 0 60 0 0 0 0 3 10 0 68 25 0 0 0 0 0 0 38 0 0 0 61 0 0 42 0 0 0 0 69 0 9 0 0 46 0 0 0 0 36 0 0 19 0 0 51 0 0 42 0 16 0 45 0 0 86 0 0 0 0 0 0 0 0 41 0 0 21 0 23 0 0 62 0 0 0 0 50 72 0 0 0 0 0 67 0 50 0 72 0 92 0 0 0 0 0 0 0 83
78 0 0 0 49 0 0 0 0 0 0 0 0 10 0 84 0 0 0 0 0 0 0 63 0 0 44 0 0 58 0 0 0 0 0 0 0 3 0 0 63 83 0 0 0 0 0 0 16 84 0 0 0 0 0 12 0 0 0 0 0 0 0 0 21 0 0 0 34 0 0 96 0 0 0 0 59 38 0 0 96 0 88 0 0 0 33 0 0 0 0 0 0 0 0 0 0 0 32 0
54 0 0 78 0 51 0 0 0 0 16 0 0 0 0 0 0 0 0 0 0 0 10 0 0 0 0 0 0 0 64 28 0 0 0 0 38 0 0 0 0 5 0 0 0 0 0 0 0 0 0 99 46 0 0 0 2 70 57 0 0 0 0 0 0 0 22 20 0 0 0 0 38 0 0 0 57 90 0 0 0 0 0 0 0 0 17 9 0 0 0 0 62 0 40 0 0 31 45 73
0 16 64 74 0 82 0 13 0 74 27 9 0 0 0 17 0 13 67 0 50 46 0 0 0 0 0 0 0 0 32 0 0 0 0 0 0 25 0 0 0 0 20 0 75 0 66 80 0 0 0 0 0 0 0 0 0 0 91 17 66 47 0 0 0 0 42 78 0 0 0 0 28 0 0 0 0 0 0 62 0 0 0 0 0 84 21 0 0 0 0 0 0 0 16 0 0 25 0 0
0 53 0 0 50 0 87 0 0 0 0 0 0 29 33 0 51 0 0 0 0 0 0 0 0 0 0 48 0 0 0 0 0 6 24 0 24 0 96 0 0 1 0 0 0 0 0 0 0 80 0 0 0 0 22 44 0 0 0 0 0 0 0 0 37 0 5 0 5 0 0 92 0 0 0 0 0 0 90 0 0 0 0 0 79 0 0 0 77 0 42 0 0 0 0 0 0 0 59 0
0 0 0 0 0 0 0 0 0 0 17 0 6 0 0 0 51 0 0 0 0 0 57 0 0 0 0 0 0 0 0 74 0 0 0 0 0 0 32 0 0 18 0 57 0 88 0 0 0 0 0 1 92 0 0 0 0 0 17 68 0 38 0 0 0 0 0 0 58 4 18 0 0 81 32 0 0 48 0 0 0 0 3 0 47 80 0 6 0 0 97 0 58 98 0 0 85 0 0 0
0 0 54 62 0 0 1 30 0 0 0 0 87 0 0 37 0 0 0 0 0 0 0 0 0 0 0 0 21 0 67 0 0 0 0 0 0 0 0 39 0 0 98 48 0 93 0 0 0 0 38 0 38 0 0 0 0 0 0 0 0 0 0 23 0 0 48 0 0 0 0 0 0 0 0 21 84 92 0 0 6 0 0 31 0 0 15 0 0 0 0 0 0 0 0 0 0 0 0 0
0 0 0 0 23 0 0 0 0 0 45 0 0 0 67 0 0 0 0 0 0 0 86 0 0 75 0 42 0 0 0 0 0 0 0 0 1 0 73 0 0 0 0 0 0 0 0 0 0 0 0 0 0 0 38 0 0 0 0 0 0 0 0 0 0 18 0 93 0 0 0 0 0 88 0 54 0 0 0 0 0 65 0 0 0 0 0 0 16 41 100 6 0 26 0 0 0 0 0 0
0 0 54 59 35 0 0 0 0 12 26 0 0 24 12 30 0 89 0 0 0 0 0 0 0 0 62 0 0 63 0 0 0 0 0 0 47 0 0 0 0 0 0 0 0 95 0 61 0 0 38 50 25 0 3 84 0 0 0 0 0 100 0 99 0 0 0 0 0 71 0 0 0 0 0 0 100 0 18 38 0 0 0 62 0 0 69 0 11 0 0 0 0 0 0 0 36 46 87 0
0 0 0 0 0 97 0 0 0 0 0 0 0 5 0 0 0 84 0 74 0 58 0 12 2 98 0 90 53 0 0 0 0 0 0 0 0 56 0 82 0 0 0 0 0 22 0 0 60 5 54 0 31 0 0 0 0 0 0 0 0 65 0 0 0 72 74 0 97 0 0 0 0 0 0 18 0 0 4 0 0 0 0 0 0 0 0 0 89 0 73 0 26 84 22 35 0 0 0 0
0 42 0 11 0 0 0 0 0 0 0 35 0 0 0 0 0 0 68 61 0 0 0 0 33 65 0 0 22 0 0 100 0 0 0 96 0 0 0 0 7 0 0 0 0 24 0 3 0 0 60 0 0 79 62 50 0 0 0 0 0 0 0 0 29 2 0 1 0 0 62 56 0 91 98 0 0 0 0 0 0 0 0 0 0 0 0 0 0 0 0 0 0 0 0 0 47 0 0 0
14 0 0 0 0 0 0 65 0 7 0 0 68 0 60 0 0 77 0 0 0 0 0 0 0 76 0 0 0 0 0 0 0 0 0 0 0 0 0 0 0 0 30 0 0 0 0 0 0 0 19 0 0 0 0 0 0 65 0 0 0 0 0 81 0 0 0 0 0 0 0 0 0 0 56 0 0 0 0 0 0 0 80 0 0 0 0 0 97 0 0 0 0 0 0 0 0 0 0 74
0 0 0 0 39 16 0 0 0 0 0 0 0 40 93 18 65 0 88 0 0 0 0 0 0 0 34 47 0 0 0 0 0 0 0 0 0 0 42 38 62 0 33 0 62 0 0 0 0 0 0 0 0 78 0 0 0 81 0 15 0 12 0 79 99 28 0 32 81 0 17 0 0 0 0 0 22 0 0 86 0 12 0 0 0 0 0 0 0 0 0 0 0 0 0 0 3 0 65 0
0 17 0 80 17 0 98 0 80 68 0 0 0 10 33 0 0 0 7 52 0 0 24 0 77 53 0 0 0 0 0 0 0 0 0 0 0 0 0 83 0 26 0 0 0 0 0 0 17 0 0 0 22 0 0 0 0 0 0 0 0 77 0 0 0 0 0 60 0 0 0 0 87 23 62 0 0 0 0 0 0 0 58 0 0 86 0 37 0 0 0 0 0 5 24 0 92 0 0 0
0 0 0 0 0 0 14 0 0 0 91 0 19 0 0 0 8 0 0 0 0 0 49 49 98 0 7 0 0 0 5 0 0 0 0 0 6 0 0 68 0 63 0 0 0 0 62 0 0 0 0 22 0 83 86 0 0 80 92 84 19 0 0 0 0 0 82 0 0 0 0 0 0 0 0 0 0 0 0 0 0 0 0 90 45 0 0 56 0 24 0 0 0 0 0 0 0 0 0 0
0 0 0 0 0 0 0 0 0 0 0 40 67 58 0 33 0 0 0 0 0 0 86 0 0 0 20 41 0 0 0 0 0 0 0 0 0 0 0 0 0 20 0 0 0 0 93 0 0 0 39 0 0 0 0 0 0 0 64 0 0 0 0 0 0 0 0 0 100 0 0 0 0 57 0 0 88 0 53 0 0 0 0 0 0 0 0 0 0 0 0 0 0 0 0 67 8 0 0 0
0 0 0 0 0 0 0 0 0 0 92 25 0 0 0 40 0 11 0 0 30 0 0 0 0 0 0 61 0 0 0 0 0 52 45 0 0 0 0 0 0 0 7 0 0 0 0 0 0 0 0 0 0 0 0 0 78 0 0 0 0 0 0 12 0 0 7 0 37 84 0 75 0 57 0 0 0 0 0 0 0 0 0 0 0 0 0 0 0 0 4 0 0 0 0 0 0 12 0 0
81 0 0 50 36 0 0 0 0 99 0 0 99 0 0 97 48 0 0 0 0 0 99 11 0 0 0 0 0 0 0 0 0 10 0 92 0 0 0 0 0 0 83 0 0 0 0 41 0 0 0 0 0 0 85 19 0 82 77 0 0 99 0 0 0 0 95 0 0 0 0 0 0 52 96 0 81 0 76 0 0 0 0 0 0 0 0 27 0 97 0 0 28 0 0 54 0 76 0 18
0 0 0 0 0 0 88 0 0 0 0 0 1 0 42 0 87 0 0 0 0 0 89 65 0 45 0 0 0 0 0 0 0 0 4 0 0 0 0 0 77 0 56 0 96 0 0 0 0 0 0 99 29 20 0 84 69 0 24 0 0 0 0 0 0 89 0 0 0 0 0 0 0 0 11 0 0 0 0 0 0 0 0 0 0 0 0 0 0 0 0 0 0 0 85 29 0 0 0 0
81 0 78 0 0 0 0 0 0 0 0 0 56 37 30 81 0 25 0 0 99 52 60 0 0 13 0 9 0 56 0 49 0 0 0 0 0 33 63 0 21 0 94 0 0 0 0 0 0 0 0 0 0 47 82 0 0 99 0 0 0 27 0 0 0 0 90 0 0 0 0 0 22 57 0 0 0 34 0 69 0 0 0 68 63 0 0 0 67 0 0 0 0 0 0 0 0 0 0 0
0 21 0 0 32 76 0 79 0 0 0 65 0 0 0 0 0 0 0 11 0 65 0 0 0 0 0 0 0 0 0 0 0 0 0 0 0 76 0 0 0 0 0 0 0 0 52 71 92 0 100 0 0 0 0 0 0 0 0 0 0 0 0 0 0 0 0 0 0 0 0 0 0 0 0 0 0 0 0 0 0 0 0 0 64 90 35 0 0 0 0 0 0 0 0 74 0 12 70 0
98 0 0 0 0 0 0 0 0 0 69 0 0 0 0 0 52 0 0 0 0 0 72 0 0 0 0 0 71 48 0 0 71 0 0 0 42 0 0 0 0 0 34 20 13 73 0 20 92 0 72 11 23 0 0 2 0 0 75 0 0 0 0 0 13 0 80 0 0 0 0 0 0 0 0 46 0 0 0 0 0 0 14 0 0 0 0 93 0 0 42 0 0 17 0 0 63 0 0 0
52 0 0 0 92 0 1 6 47 0 2 0 0 0 0 0 0 0 0 0 0 0 31 0 20 13 0 0 32 0 38 19 0 93 0 0 0 0 0 0 0 0 0 1 0 0 42 0 0 0 0 78 0 84 69 0 33 0 0 0 0 0 0 0 55 80 0 0 0 8 0 89 0 73 0 0 0 0 25 0 0 56 66 78 0 0 21 0 0 0 86 0 0 0 77 0 0 0 0 0
0 0 71 0 0 0 46 0 0 0 36 0 0 27 0 0 0 0 53 0 0 0 0 0 97 23 0 0 0 0 0 0 0 51 0 46 0 29 0 0 42 50 0 0 0 23 0 0 0 0 0 0 0 0 0 0 0 0 0 0 1 0 0 0 0 0 73 76 74 0 0 48 0 0 0 0 10 0 0 0 0 0 0 0 86 0 0 0 0 0 0 0 0 0 73 0 0 0 0 0
0 0 98 97 13 30 0 0 0 11 0 0 0 32 0 0 0 0 19 0 23 0 0 0 0 73 0 0 0 0 28 0 0 0 41 0 41 0 0 0 0 0 96 0 70 0 0 0 18 0 0 29 0 0 0 21 2 27 57 0 0 0 0 35 0 22 0 0 0 69 51 0 0 69 0 52 27 82 0 12 0 0 0 0 12 0 0 0 0 0 0 0 0 0 0 0 0 0 0 0
0 0 0 0 0 0 96 0 3 0 0 0 0 58 0 0 22 0 2 0 2 0 0 0 55 0 0 0 0 0 0 5 0 0 99 0 0 0 0 33 88 0 0 0 0 56 0 0 0 90 0 0 18 0 96 0 0 87 0 91 0 0 20 0 27 0 0 0 0 0 0 8 0 94 0 0 35 0 0 0 0 0 0 0 0 0 0 81 14 0 0 2 0 0 0 0 0 7 11 91
6 0 0 0 0 0 0 39 0 0 14 0 0 0 0 0 0 0 0 84 0 0 0 0 0 70 0 24 0 0 0 57 0 0 89 0 0 0 87 0 0 0 0 0 22 71 0 0 0 0 0 0 0 0 49 5 53 0 26 0 0 0 0 55 83 65 0 91 0 0 0 0 0 0 0 0 0 0 0 0 0 0 0 0 0 85 5 0 0 0 0 0 37 0 0 0 0 0 0 0
0 0 0 0 70 0 0 0 0 0 0 0 0 0 0 0 0 0 51 0 0 0 23 0 0 0 0 0 0 0 52 0 0 0 0 0 0 5 0 52 0 0 79 0 0 0 0 61 0 0 55 0 0 0 0 0 0 0 0 0 0 30 16 0 93 0 74 95 0 0 0 53 79 0 0 0 0 0 0 0 71 0 59 4 73 0 0 0 53 0 0 0 0 0 22 96 0 0 0 62
0 0 0 0 0 0 0 80 0 55 0 0 0 0 0 0 0 6 0 0 38 0 0 0 39 0 0 0 0 0 0 39 0 0 0 47 0 0 16 86 77 0 0 0 0 97 0 0 0 0 0 0 85 0 0 0 0 0 0 81 0 0 0 0 8 0 0 0 0 0 7 60 67 0 0 0 0 0 0 0 0 0 0 0 41 0 22 5 0 0 0 12 0 94 0 0 0 0 0 0
0 0 0 0 52 0 0 0 0 0 0 0 0 30 0 0 0 0 0 0 0 3 10 0 0 0 0 0 0 55 91 0 0 86 0 0 0 0 0 99 0 0 0 0 0 0 0 0 0 0 0 0 0 0 0 79 0 0 71 39 0 0 0 0 8 0 0 0 0 98 0 98 0 83 20 0 0 0 93 0 0 0 0 0 0 0 0 0 0 0 90 0 0 0 0 0 0 39 0 0
0 0 0 0 0 0 0 53 0 37 57 0 50 52 0 0 0 0 89 0 47 0 0 0 0 89 12 0 0 0 0 0 0 0 0 0 0 0 0 0 76 0 0 0 84 0 0 0 0 0 0 0 0 0 0 0 0 0 91 78 0 0 0 0 2 0 0 0 0 0 0 0 85 0 84 0 0 67 44 28 19 0 0 0 0 0 0 0 0 0 6 27 0 0 17 0 0 0 0 0
0 0 0 0 0 0 0 0 8 0 75 0 0 0 0 0 0 83 0 49 0 0 0 0 0 0 84 0 0 0 0 0 43 0 0 20 0 0 0 95 59 0 0 0 0 0 0 0 0 0 0 0 0 0 0 0 0 35 0 0 0 73 0 0 0 68 81 39 0 0 0 0 6 0 0 0 0 0 41 0 0 0 0 0 0 0 4 0 0 0 0 0 0 0 0 0 85 0 0 0
0 0 0 0 0 0 0 0 17 0 0 0 0 0 0 0 0 0 0 0 19 0 0 28 0 43 0 0 0 46 0 5 0 0 59 0 56 0 0 0 0 13 0 93 46 0 0 0 80 0 0 0 0 0 0 0 0 38 0 0 0 25 0 0 0 49 0 0 81 0 0 0 80 6 0 0 84 0 92 79 0 0 0 0 0 0 0 50 38 0 0 0 0 55 0 6 0 9 0 0
70 0 15 0 68 0 0 0 0 0 0 0 0 1 71 0 0 0 0 0 0 0 0 0 31 0 0 0 0 17 0 0 0 0 0 0 34 39 99 0 26 82 0 0 0 0 0 0 0 0 0 0 0 0 0 0 0 0 76 55 0 0 0 0 0 0 0 0 0 0 0 0 0 0 33 52 0 0 0 0 42 0 0 0 56 0 0 11 0 0 0 91 0 0 0 0 0 72 0 0
0 3 8 52 0 0 0 31 0 0 0 0 77 0 0 25 0 0 0 0 0 0 0 0 0 0 0 0 0 0 0 0 0 0 0 0 0 0 0 0 0 0 0 0 0 0 53 0 0 0 0 0 92 31 61 86 58 0 94 78 80 36 77 0 0 0 25 0 0 26 0 56 0 0 0 0 69 0 65 57 0 0 0 0 0 0 70 41 59 0 21 0 17 0 94 36 90 0 0 10
0 0 0 0 0 0 0 0 0 86 0 0 0 0 94 0 0 0 0 29 15 0 67 27 32 0 0 0 8 0 71 0 0 76 0 0 0 0 0 0 0 0 69 0 0 85 0 0 0 0 0 0 69 26 0 0 0 0 21 0 0 0 51 99 7 0 76 0 98 0 0 66 0 0 0 0 0 28 0 0 0 54 0 0 0 0 0 0 85 53 0 0 0 32 5 0 89 77 0 0
39 0 0 0 0 43 0 13 0 0 37 0 0 0 83 0 0 0 59 0 71 0 47 61 0 0 0 0 0 0 0 0 0 0 19 0 0 0 65 0 0 32 0 0 0 0 0 0 0 0 85 0 10 0 54 79 51 0 0 71 0 0 0 31 0 0 0 62 73 0 86 0 0 0 0 0 0 0 59 0 0 0 0 0 0 0 0 0 0 97 85 61 0 0 0 0 0 0 64 0
0 11 0 0 0 0 0 0 0 35 0 0 0 0 0 0 0 0 0 0 2 0 38 19 0 0 0 0 0 0 0 0 0 48 32 0 43 0 0 33 0 34 0 98 0 0 0 31 0 0 0 0 0 100 65 0 74 23 0 0 0 70 0 0 15 0 0 0 57 0 0 97 0 0 0 0 1 0 0 0 86 0 0 0 0 0 0 6 0 18 66 33 0 0 0 0 0 0 0 0
0 92 14 0 88 0 0 0 0 0 0 0 0 23 0 0 0 0 26 0 0 0 0 0 0 0 0 0 0 0 0 0 0 0 0 0 0 0 56 29 0 0 71 0 72 0 0 67 0 0 0 0 0 0 0 0 0 20 99 0 0 0 0 0 0 0 0 0 0 0 0 0 0 0 42 0 0 0 28 88 0 0 12 50 0 70 26 0 28 0 0 5 0 0 0 0 0 21 0 0
0 0 25 0 0 0 0 0 0 71 0 63 0 0 63 45 0 31 24 0 0 31 18 0 0 0 0 12 97 0 0 0 61 0 0 0 13 0 0 38 32 0 28 0 0 0 0 0 0 0 0 0 0 60 0 0 0 0 0 0 0 0 0 0 0 44 0 0 0 0 0 0 36 0 0 0 0 0 0 83 0 64 0 0 3 0 0 0 0 0 0 35 21 0 0 0 0 65 0 0
0 0 0 0 0 0 12 56 0 0 0 0 0 15 17 0 0 0 75 53 0 0 0 0 0 71 0 0 0 0 0 0 0 75 0 60 0 0 0 0 0 0 0 0 0 0 0 0 0 0 0 78 0 0 0 48 0 90 91 0 0 0 38 58 0 0 0 0 36 0 0 0 0 0 0 0 0 0 0 0 0 64 0 0 0 0 50 0 0 0 0 0 16 0 0 0 4 0 0 0
0 0 0 0 96 0 0 0 0 0 0 65 0 24 0 0 0 0 0 15 0 27 3 0 0 0 0 34 47 0 11 12 82 29 0 0 60 0 0 0 0 0 0 17 0 0 27 0 0 0 0 0 0 0 0 56 0 0 0 60 0 0 0 0 0 0 0 0 0 0 44 0 0 31 0 0 0 0 0 31 0 36 47 0 0 0 0 36 0 0 0 0 0 0 0 51 32 0 0 0
0 0 0 0 0 0 81 29 0 85 0 0 61 0 0 0 0 0 0 0 18 0 5 0 0 39 65 0 0 86 27 0 0 11 0 0 0 0 30 0 0 0 0 65 48 11 55 0 63 0 0 14 32 11 2 0 0 0 0 64 0 0 0 0 0 0 0 0 51 86 0 11 0 90 28 57 0 63 0 76 0 0 0 0 22 0 72 0 0 0 0 0 0 0 0 38 0 0 0 42
0 0 86 0 84 0 0 48 0 0 0 13 0 49 0 25 0 52 0 0 0 0 0 0 0 0 0 0 55 55 0 0 0 0 0 51 0 0 54 0 76 0 39 0 0 99 0 0 0 26 0 64 0 0 0 0 0 36 93 0 0 0 0 0 0 8 0 0 0 0 0 0 0 0 0 0 0 53 53 0 83 0 0 0 0 24 0 56 19 0 40 0 0 0 77 0 0 0 0 16
0 75 0 0 0 7 0 0 0 0 57 0 0 0 66 0 0 49 75 46 0 0 0 99 0 0 0 0 0 0 0 0 0 0 0 0 0 0 31 0 0 0 0 77 0 0 0 0 19 1 0 6 0 68 0 0 0 0 0 0 33 0 0 99 0 100 0 22 0 78 0 0 0 0 0 0 0 50 0 0 0 0 0 0 0 0 73 0 98 0 0 0 0 26 0 0 0 0 0 0
0 0 0 0 0 0 0 0 36 98 0 0 0 0 0 0 37 0 17 86 0 0 0 0 0 0 0 0 0 50 0 0 25 0 84 53 0 0 0 62 87 11 43 0 0 0 0 34 0 0 0 0 0 22 48 19 0 0 0 0 0 0 0 0 0 0 4 31 93 0 0 61 91 0 0 85 0 0 0 0 0 0 0 0 0 46 0 0 54 0 0 0 0 0 0 0 0 0 0 0
0 0 0 0 0 45 0 0 0 0 0 0 56 0 0 0 98 0 17 0 0 0 0 0 0 0 15 0 1 0 0 43 92 0 0 37 88 0 0 0 80 0 0 46 0 0 3 0 0 0 0 0 75 42 0 0 0 19 0 0 0 0 0 0 0 14 0 0 36 0 9 0 0 0 0 0 0 0 82 0 18 0 0 0 0 0 0 0 0 0 0 81 0 0 51 0 0 60 0 28
0 0 0 0 97 0 16 0 0 0 0 0 0 0 0 0 4 18 0 0 12 20 43 0 0 0 0 77 73 0 26 0 0 95 86 11 0 0 0 0 0 0 0 0 0 0 0 0 23 0 0 0 70 0 0 0 0 0 0 60 0 10 0 40 0 0 0 0 0 0 0 0 0 0 53 0 0 0 0 0 0 13 0 0 0 0 0 0 0 0 0 0 0 94 0 0 95 0 86 0
0 81 0 0 55 0 0 0 16 26 0 0 0 0 0 82 0 0 0 0 0 61 12 53 0 0 94 0 0 0 0 0 0 0 11 40 0 0 0 0 59 0 0 0 0 0 46 0 0 0 0 22 0 0 0 0 46 0 0 0 0 0 10 0 0 29 72 95 18 0 0 0 0 0 56 0 0 0 85 0 0 0 0 0 0 0 0 25 0 0 25 0 69 0 0 0 79 0 95 11
0 0 32 0 0 3 0 0 78 0 98 0 28 0 62 0 71 33 0 0 0 38 0 23 0 0 0 32 0 0 0 0 0 63 0 0 0 0 18 0 0 0 0 75 0 0 0 0 0 0 0 56 0 0 0 71 0 0 2 56 0 0 0 0 0 0 0 0 78 0 0 13 25 0 84 0 0 0 65 0 27 0 0 58 0 0 0 97 0 0 22 0 0 0 0 52 0 0 0 0
0 0 0 0 0 0 47 69 0 45 82 0 0 0 0 0 0 14 0 0 0 0 0 0 0 10 0 0 0 0 0 9 73 59 0 40 0 0 0 0 0 53 0 0 0 0 0 0 0 0 0 0 0 0 90 0 0 0 0 0 0 0 0 0 0 0 0 0 0 48 0 0 45 42 82 16 0 0 0 70 0 0 0 0 0 0 0 0 0 0 0 10 0 0 0 0 0 0 85 0
0 0 60 78 0 0 0 0 0 0 0 0 0 0 0 75 56 0 69 0 0 4 0 0 55 0 0 0 0 0 52 0 92 49 31 0 0 67 0 65 0 0 66 0 11 48 0 0 0 0 0 0 0 0 0 8 45 0 0 0 0 0 0 0 0 0 0 23 0 0 0 0 0 0 74 0 0 0 68 65 0 38 0 1 0 0 67 0 23 0 0 0 45 0 0 0 0 0 0 0
0 0 0 97 96 78 0 0 0 0 0 0 0 0 0 0 0 0 0 0 0 4 0 0 0 0 0 0 0 0 0 0 0 0 90 0 0 38 0 0 0 0 13 0 11 63 0 0 0 0 0 13 47 58 0 0 0 0 0 1 0 0 0 16 10 0 70 0 0 0 0 0 0 0 0 0 0 91 28 0 15 0 0 0 0 0 0 0 0 0 0 93 0 0 0 3 0 0 0 13
0 0 27 0 0 0 0 0 0 0 0 0 36 0 0 0 0 42 0 0 0 0 0 0 0 0 0 0 0 0 39 0 0 0 0 88 0 84 0 0 0 94 92 0 0 0 0 22 0 0 0 0 81 0 75 0 0 13 0 0 0 0 0 0 0 0 0 61 0 20 0 0 0 0 84 52 0 0 0 0 0 100 0 0 0 0 0 0 10 0 0 0 86 59 52 0 0 0 0 41
0 81 0 0 87 0 0 0 0 45 0 94 0 3 0 22 0 86 0 0 0 0 0 0 100 0 0 0 0 74 0 86 0 0 0 0 0 30 97 0 0 0 0 0 90 0 0 0 0 80 0 40 0 0 0 0 0 0 0 0 41 0 66 0 0 0 24 0 78 35 58 67 21 70 0 0 0 0 0 66 0 0 0 73 0 0 0 0 0 0 0 0 0 81 44 0 0 0 99 31
0 0 0 0 0 0 0 11 0 92 0 0 0 0 0 0 83 0 33 0 74 0 0 0 0 8 29 0 0 0 0 66 0 76 0 0 0 0 14 0 0 0 18 0 0 0 0 48 0 51 0 89 0 0 0 0 39 0 90 0 28 0 0 0 0 0 0 0 0 0 37 0 0 0 0 0 0 0 47 0 0 0 0 0 97 0 0 0 0 0 0 19 39 0 0 0 65 0 0 0
0 0 0 0 0 0 73 0 81 11 60 0 0 0 92 0 0 0 50 77 0 0 0 0 0 0 0 61 0 79 0 0 0 0 0 0 10 58 56 0 0 0 36 52 15 0 0 0 0 0 80 0 0 45 0 0 0 0 85 97 10 0 100 33 0 0 0 0 0 0 0 0 0 0 0 0 0 0 0 95 0 49 0 0 90 0 0 0 0 0 0 0 0 0 0 0 0 0 0 0
0 0 0 0 0 0 0 0 0 0 0 91 0 0 13 0 0 0 0 15 25 0 0 0 92 82 0 0 0 0 0 0 44 0 0 18 57 0 0 41 0 0 0 0 0 95 0 11 0 0 9 0 0 97 0 0 0 0 2 0 0 0 0 0 0 0 0 0 0 0 0 88 0 89 0 15 57 0 0 0 0 0 0 65 0 0 8 0 0 86 0 14 0 0 0 0 0 0 99 0
0 0 98 0 0 5 0 0 0 90 0 0 0 0 0 0 0 0 70 0 2 0 64 14 0 84 0 0 86 0 75 0 0 0 0 83 0 0 0 0 0 0 25 0 0 98 0 0 0 0 0 0 0 0 0 0 0 0 9 97 0 0 0 0 0 0 93 0 92 0 0 0 27 0 86 0 0 0 0 0 0 75 0 0 0 0 67 0 0 0 43 0 0 27 0 0 56 0 0 0
33 0 0 0 0 0 0 0 53 0 0 0 0 0 0 0 0 72 0 0 0 0 0 0 0 94 0 0 42 49 0 0 52 14 0 0 0 0 1 0 0 61 0 0 0 0 0 0 0 0 0 0 0 0 0 0 31 0 0 0 0 0 0 0 53 0 32 0 0 84 97 0 0 0 0 84 0 48 0 69 0 0 0 17 0 0 0 0 0 0 35 0 0 0 69 64 0 64 0 0
19 0 68 95 46 0 0 0 45 0 0 0 0 0 0 33 0 11 49 0 0 0 33 0 0 0 0 0 0 0 0 0 0 0 0 0 0 25 0 63 34 0 0 0 0 0 0 0 0 75 0 0 0 72 36 0 19 0 0 0 0 0 98 0 0 0 0 0 0 0 16 0 0 0 0 0 0 0 0 76 0 0 76 0 0 0 0 0 0 0 23 52 0 0 100 0 0 0 0 0
90 0 22 0 0 32 0 75 0 0 0 0 32 0 0 0 0 93 0 100 0 0 0 32 0 24 80 0 0 0 0 0 0 0 31 0 11 0 0 0 0 0 12 0 0 0 0 0 0 0 27 0 75 0 0 0 0 0 0 77 0 80 0 0 0 0 0 3 0 15 0 39 9 0 0 0 0 76 0 13 0 0 0 0 0 0 61 9 0 56 0 0 0 39 0 0 0 0 0 0
0 0 0 0 48 51 23 0 12 0 0 53 0 0 0 0 0 0 0 0 50 0 0 0 31 0 0 42 64 0 98 0 0 12 0 40 0 0 0 0 0 0 0 0 79 0 0 0 90 0 18 34 21 0 0 0 0 29 0 56 0 38 78 0 0 0 4 0 0 0 0 33 0 0 0 0 0 78 56 0 0 69 0 0 69 0 0 8 0 1 0 0 0 0 21 0 50 0 0 15
0 0 0 0 14 0 0 0 0 0 0 0 0 8 0 0 100 0 0 0 0 0 0 0 0 0 0 0 0 27 89 0 24 0 6 73 4 0 0 0 0 25 54 0 0 0 0 0 0 0 4 0 0 0 67 0 60 55 0 0 31 0 50 0 20 53 0 68 0 0 0 0 33 94 0 0 0 0 57 0 0 67 39 0 0 0 0 0 0 0 10 0 0 80 0 0 49 24 72 0
27 0 70 0 0 0 80 0 64 0 0 0 0 0 72 0 0 29 0 0 25 0 0 0 0 0 0 86 0 0 38 96 29 0 89 0 0 0 55 0 0 0 0 0 32 95 0 0 0 0 0 0 81 0 0 0 45 0 31 0 0 31 0 0 0 38 0 0 15 0 0 0 0 0 0 0 0 0 0 100 0 0 0 0 0 0 0 0 34 94 0 0 0 27 0 71 0 0 0 0
0 67 0 91 75 0 0 0 0 0 46 0 0 0 0 0 63 10 0 0 0 0 0 0 0 0 0 0 16 0 0 0 0 0 0 10 0 0 0 15 0 18 22 0 0 10 0 0 0 0 0 0 0 0 0 0 51 0 0 0 0 0 0 33 0 0 40 0 0 0 0 0 69 0 0 0 0 0 0 0 0 98 0 0 72 0 0 0 74 0 0 0 0 0 0 0 0 0 0 32
84 12 0 0 79 0 12 0 0 0 0 0 0 0 0 0 38 0 36 0 0 0 0 66 0 0 0 82 0 0 0 0 0 0 0 0 0 78 0 0 0 0 85 69 0 0 0 0 0 0 0 0 88 0 0 0 6 0 0 0 0 43 95 66 0 0 44 0 0 0 0 100 0 0 0 55 0 43 0 0 69 0 83 0 0 0 34 0 0 82 0 0 0 0 0 57 18 94 0 92
0 0 0 0 21 0 0 0 97 46 0 0 0 0 0 0 0 0 0 0 0 0 0 79 0 12 0 0 0 0 6 0 0 0 18 0 0 83 0 0 0 0 97 0 35 0 0 0 0 0 0 0 0 0 0 0 0 0 58 0 0 1 82 0 0 0 0 0 0 0 0 2 23 0 0 47 0 98 0 24 0 0 0 0 2 0 0 0 65 71 0 0 0 0 0 0 0 0 0 0
0 0 0 0 0 0 0 0 0 0 0 0 0 84 0 0 0 0 0 0 0 0 0 0 0 14 6 0 0 0 0 0 0 0 0 0 0 0 0 0 72 0 0 0 0 34 0 0 0 0 0 0 0 0 0 0 0 71 0 43 0 47 47 0 0 0 0 3 0 95 37 0 0 0 0 0 90 0 0 0 0 0 0 0 0 78 0 0 18 0 90 0 0 0 0 0 0 0 0 0
0 0 0 0 0 0 0 16 0 0 63 0 8 11 0 0 0 0 0 0 0 98 45 0 0 0 0 0 0 70 0 0 93 0 0 0 30 0 0 95 0 0 0 0 0 0 0 0 9 0 0 0 0 21 0 0 0 0 0 0 20 30 0 0 0 0 0 56 0 0 12 0 0 0 0 0 93 35 0 0 0 0 0 0 96 0 0 0 0 0 0 0 0 0 0 22 0 0 0 0
0 0 59 0 0 0 0 0 0 0 0 0 0 0 14 0 0 0 66 0 88 39 0 0 0 0 0 0 0 0 0 81 0 0 27 0 8 0 0 11 0 0 0 0 41 0 76 29 0 0 0 0 0 0 0 0 0 0 89 0 0 0 0 0 0 0 0 0 0 0 0 0 0 0 0 0 0 0 7 0 0 72 0 0 52 76 18 13 13 16 83 12 0 0 0 19 0 0 0 2
11 0 87 0 0 0 25 21 0 33 0 0 0 37 0 0 0 40 0 0 15 0 0 0 0 0 0 0 0 0 0 0 0 0 35 52 0 59 0 64 0 0 86 0 0 0 0 0 0 0 0 0 0 47 57 0 0 0 82 0 0 0 0 0 0 0 0 0 0 0 0 67 0 0 66 0 0 0 0 0 79 0 0 0 0 0 0 83 0 0 0 0 0 0 0 15 69 17 0 65
42 0 13 0 0 0 0 80 0 0 47 74 0 0 0 37 0 67 0 51 0 0 81 0 0 0 0 0 64 0 0 0 0 0 0 78 0 50 0 0 0 0 94 0 84 0 0 0 0 82 0 0 0 10 0 0 0 0 0 15 0 0 0 0 0 0 0 0 0 0 43 72 8 39 0 0 0 0 44 57 0 9 0 0 0 0 0 0 93 0 0 0 0 0 27 0 0 0 59 0
0 0 0 0 90 0 0 0 0 0 0 0 80 42 0 35 0 0 0 22 0 0 0 0 0 0 0 0 0 99 0 0 91 0 0 0 0 0 82 0 0 0 0 51 0 0 89 0 0 0 0 0 88 45 0 0 64 0 0 0 53 0 0 0 0 0 0 91 0 29 0 0 0 0 0 85 0 0 0 0 0 0 0 0 0 0 0 0 0 0 0 0 87 0 88 10 78 19 1 0
29 0 0 0 0 20 37 30 85 0 26 0 0 0 0 0 0 0 12 0 0 0 0 0 54 0 0 0 0 0 97 0 0 0 65 0 55 0 27 0 0 0 0 0 0 22 0 0 0 0 0 0 0 69 0 0 0 43 100 0 56 9 0 7 0 97 0 47 94 0 37 0 0 0 99 0 0 0 0 0 34 0 0 0 64 0 0 0 0 0 0 0 47 0 7 0 0 12 0 0
0 0 17 0 0 0 0 0 70 2 0 54 0 0 0 0 0 92 0 8 0 0 0 0 0 93 0 0 0 30 0 0 0 0 89 0 0 0 0 0 83 0 0 0 0 35 0 0 0 0 31 0 0 32 0 0 0 0 0 0 0 14 0 0 79 0 0 0 36 0 0 0 0 0 0 80 0 56 0 0 0 0 0 0 13 24 33 0 0 0 0 0 99 0 0 0 0 0 12 70
26 0 0 0 0 83 0 0 0 0 0 0 0 0 0 0 72 0 0 0 0 0 71 0 0 0 0 0 39 0 0 1 0 0 0 0 2 65 0 23 0 75 0 73 0 0 0 0 0 0 59 0 54 0 0 88 0 0 0 0 49 0 0 0 0 0 0 0 0 0 0 21 12 0 0 0 100 0 0 27 0 0 14 0 0 0 0 0 0 0 41 71 63 0 0 0 0 0 0 0
0 68 72 0 0 0 0 0 0 22 0 0 0 0 58 71 0 92 0 0 0 0 96 0 0 55 0 0 0 0 0 80 93 0 0 0 0 0 8 0 100 1 0 0 0 0 0 0 0 0 0 0 41 0 0 0 0 0 0 6 0 0 0 5 19 60 0 0 12 0 0 54 17 0 67 0 34 0 0 0 0 96 0 0 0 0 0 5 0 0 0 0 81 0 0 0 0 0 0 0
0 0 28 0 0 4 0 0 39 0 44 0 0 0 0 0 0 0 0 0 0 58 0 0 0 64 0 0 0 0 0 0 0 0 0 0 0 56 0 18 0 0 0 0 0 0 0 0 0 0 0 0 80 72 0 0 0 33 81 82 0 0 33 0 0 0 0 0 0 0 0 31 0 0 0 0 0 0 0 0 0 42 0 0 0 38 0 0 0 6 8 0 0 0 0 0 0 0 88 37
91 0 91 0 0 0 0 6 85 0 0 0 0 0 74 40 54 0 0 66 2 0 0 0 15 0 0 23 0 0 65 0 66 0 0 25 0 0 0 0 8 0 41 60 0 0 67 42 0 0 0 23 81 0 0 0 0 0 0 0 0 0 0 0 0 0 22 0 0 0 0 0 0 47 52 0 0 85 0 0 0 0 0 99 0 0 0 0 0 0 0 0 0 0 0 0 57 79 1 0
0 0 37 0 0 0 94 0 0 0 0 0 0 8 19 0 0 76 0 0 0 0 89 63 0 0 0 0 0 7 0 0 0 100 0 0 0 0 0 0 25 0 0 0 0 0 0 58 0 0 0 0 0 0 0 93 0 8 0 0 90 0 95 0 0 0 0 0 0 7 0 0 18 0 0 80 38 0 74 0 0 0 0 0 0 0 89 70 0 0 2 55 0 0 0 46 0 0 0 0
0 0 0 0 100 100 0 0 20 0 66 0 0 82 24 11 0 0 0 0 0 48 83 0 0 0 0 0 48 0 50 0 0 0 0 0 14 0 0 0 0 0 21 0 0 0 0 0 0 0 0 0 0 0 0 0 0 0 0 0 37 0 0 0 0 0 39 0 0 0 69 0 0 0 0 0 86 74 0 0 0 0 0 22 0 0 42 0 0 59 0 80 0 0 0 0 0 0 0 50
0 63 30 0 0 51 0 0 0 39 0 0 0 0 52 0 11 0 0 0 65 0 0 0 79 55 0 0 0 0 0 0 0 0 0 0 0 0 0 0 0 0 0 0 0 0 0 0 0 0 0 0 0 0 0 31 0 0 6 0 0 0 0 0 0 7 0 0 0 0 0 0 0 0 32 0 0 32 7 0 0 0 0 0 58 34 0 0 0 69 29 10 0 0 0 0 0 0 0 62
0 0 0 0 0 0 0 0 0 0 0 98 0 0 0 0 57 0 0 0 0 83 0 0 0 0 0 0 0 0 0 63 96 0 0 0 0 0 0 0 0 48 0 0 0 0 0 0 0 0 28 0 0 18 0 0 5 0 0 0 0 0 0 0 0 0 32 0 8 0 0 0 0 0 0 73 45 0 0 54 0 0 0 75 0 22 0 55 0 0 0 0 0 0 64 0 0 0 62 43
0 0 0 62 0 0 0 0 0 0 0 0 64 38 0 33 50 0 0 0 0 0 0 0 13 0 1 0 0 0 0 0 77 0 27 0 0 0 32 49 0 0 0 0 0 61 36 74 0 0 0 0 0 8 9 0 0 0 0 0 0 23 0 23 0 0 0 13 0 99 0 0 0 0 0 0 77 27 1 0 22 0 0 0 0 0 0 0 0 0 0 0 0 0 85 0 0 0 0 0
9 0 0 34 0 57 0 0 0 0 0 0 0 0 0 76 27 96 0 0 0 0 96 0 3 12 6 0 0 0 84 0 0 16 16 0 0 0 28 0 0 0 27 0 72 0 80 0 0 20 82 0 23 0 0 0 0 0 11 0 0 28 24 0 0 0 0 0 0 0 0 0 0 17 0 0 0 0 0 0 0 0 0 0 0 83 0 0 78 0 0 83 46 0 58 0 0 93 0 0
0 56 0 0 0 0 0 0 0 0 0 0 0 0 1 0 27 0 80 45 0 15 0 0 56 0 0 49 6 97 0 0 0 0 0 80 0 45 0 0 0 0 0 0 0 0 25 36 69 0 0 2 0 0 0 37 0 0 0 0 0 0 0 0 0 0 0 56 97 0 0 69 0 0 0 0 0 86 0 0 0 36 0 0 0 0 0 0 0 0 0 68 0 0 0 94 0 0 46 0
0 0 0 0 0 0 55 0 0 0 0 74 89 11 89 0 0 60 32 0 0 78 0 0 0 70 0 26 0 72 0 0 0 0 99 0 3 0 0 0 72 82 42 56 0 0 15 0 0 0 0 0 0 53 7 0 0 82 0 0 0 6 0 0 0 0 0 53 0 0 0 0 0 0 0 0 0 0 0 0 96 33 15 42 0 0 0 0 0 0 0 0 0 0 0 0 96 0 78 0
5 0 24 0 93 35 0 0 0 0 11 0 0 0 0 0 0 0 47 0 0 0 0 0 0 97 0 0 0 0 0 0 49 0 80 89 15 0 0 90 0 0 0 0 0 0 0 0 10 47 4 0 0 37 0 0 0 0 0 63 27 0 0 34 0 0 0 0 0 0 0 0 0 49 0 0 53 0 17 0 0 0 92 0 0 31 0 0 0 0 0 0 0 70 0 0 0 79 0 0
0 0 0 0 0 11 0 0 0 0 36 0 0 0 0 0 0 0 0 0 0 0 0 0 0 58 0 0 0 0 0 0 0 0 49 0 0 0 66 0 0 0 0 0 99 97 0 0 0 0 0 69 0 0 0 0 0 0 0 81 98 0 0 58 0 0 41 0 0 0 0 0 0 0 0 76 0 0 39 0 74 0 0 0 12 0 0 0 0 0 0 0 0 0 79 0 0 0 0 32
7 0 32 0 0 0 0 0 43 0 0 0 0 0 85 23 0 0 0 53 0 0 0 0 0 0 0 0 85 0 0 0 35 0 0 0 0 0 0 2 0 0 69 0 0 0 0 0 0 0 57 0 0 0 0 36 0 0 0 55 0 0 0 0 0 0 0 0 0 96 0 0 0 2 0 0 0 0 90 0 0 0 51 0 42 0 0 0 14 0 0 0 0 0 1 0 0 0 0 46
50 0 0 0 0 0 0 0 0 37 0 0 84 8 0 23 0 7 0 0 35 78 0 51 0 0 0 0 0 0 0 0 0 0 12 0 0 0 76 0 0 0 0 0 0 0 0 15 0 0 0 0 0 0 0 0 90 96 13 0 0 73 43 0 0 0 0 0 96 80 0 0 17 0 0 0 0 23 0 0 58 0 0 0 91 0 0 0 0 0 0 0 39 0 0 0 19 0 0 0
0 0 0 0 0 0 0 0 0 0 0 0 0 0 0 0 0 0 0 40 0 88 0 11 0 0 0 0 0 0 0 0 0 0 72 0 96 0 0 86 0 0 0 0 76 0 26 0 0 85 0 0 0 0 0 83 0 0 0 0 0 0 0 83 40 0 0 0 0 0 83 42 0 0 0 0 0 69 0 99 23 0 0 0 0 0 91 0 0 9 0 91 1 28 0 0 0 0 0 0
0 0 0 0 94 23 0 0 0 0 15 0 0 0 0 0 0 35 0 54 11 0 0 0 0 0 0 90 0 0 0 0 95 40 0 0 48 0 0 0 0 30 0 0 58 0 0 0 92 59 0 0 0 0 0 94 48 0 0 36 0 0 20 0 17 0 0 0 0 0 47 0 0 0 0 0 0 90 0 0 73 0 37 0 0 0 0 59 0 67 0 8 31 0 12 0 15 0 0 40
0 0 0 0 0 23 94 0 0 0 0 47 0 0 55 0 0 0 0 0 96 0 0 0 0 14 18 0 0 0 0 0 0 0 0 60 0 0 0 0 56 31 0 0 0 0 0 0 0 0 32 0 0 77 0 0 0 0 0 0 0 0 0 0 0 0 0 69 0 0 0 0 0 0 44 0 0 0 0 0 0 0 0 0 0 0 0 60 0 0 0 0 8 0 0 65 0 0 1 0
59 0 0 0 15 47 66 0 0 0 0 73 0 0 19 0 0 54 0 0 0 20 0 98 0 0 0 0 31 0 0 39 0 73 0 0 0 71 0 0 0 0 2 0 0 85 87 0 0 0 0 81 0 0 48 0 0 0 0 0 23 0 0 0 17 0 0 0 0 58 0 0 0 0 0 0 0 62 0 0 0 3 24 0 0 0 0 0 0 0 0 0 0 46 83 0 66 81 97 0
6 0 57 0 0 0 0 0 0 0 0 0 0 0 0 0 0 0 14 0 0 44 0 56 50 0 0 0 47 0 0 0 0 0 6 0 0 3 0 0 0 7 21 0 0 0 79 0 0 0 0 0 0 0 0 0 0 0 0 0 5 0 0 0 87 0 75 0 0 0 0 0 78 0 0 0 0 0 48 0 0 0 50 0 0 0 0 0 0 0 0 69 0 0 90 0 0 0 0 0
0 11 0 0 0 0 0 0 0 0 0 0 0 0 12 0 0 0 82 60 0 0 0 0 42 0 81 83 0 55 0 0 0 0 0 85 0 35 0 0 0 0 95 0 0 0 0 0 0 0 0 0 0 0 0 0 0 0 71 0 71 0 0 0 0 0 0 0 32 0 0 0 0 0 0 2 0 24 0 0 0 10 0 0 0 0 0 42 0 0 0 0 0 0 0 16 0 58 80 0
12 41 0 55 0 0 0 0 24 0 0 0 0 87 9 0 0 0 0 0 0 0 16 0 70 27 0 69 0 4 77 0 1 0 0 0 0 57 0 0 50 0 15 0 100 0 0 0 0 0 81 0 0 0 0 60 12 0 0 79 0 29 0 0 0 75 0 0 0 0 0 0 0 0 0 81 0 0 0 80 0 77 0 0 0 0 0 0 0 0 0 0 23 58 42 0 0 0 0 0
40 0 0 0 19 0 3 42 93 0 0 63 0 36 69 0 0 0 0 0 0 25 0 0 0 0 74 0 23 0 0 98 0 70 0 21 10 9 89 0 16 0 73 35 0 0 53 61 0 33 0 0 90 0 0 12 0 0 0 0 69 72 51 0 0 0 0 71 83 0 0 0 0 0 40 0 0 0 65 0 0 80 0 15 7 0 0 0 0 0 0 0 0 0 0 83 0 0 0 0
0 0 32 0 0 0 0 41 99 0 10 59 0 0 0 0 0 0 56 0 0 0 53 0 0 69 0 0 0 0 2 0 70 0 0 70 0 0 0 0 86 0 0 98 0 0 54 0 0 26 0 70 0 86 0 0 17 0 0 0 0 0 0 0 0 37 0 0 46 0 40 0 0 77 0 0 0 0 48 46 0 0 0 0 0 93 0 37 0 71 0 98 0 0 0 0 0 0 0 88
43 0 0 0 80 0 0 0 0 0 0 0 0 76 0 8 0 0 0 0 0 0 0 10 0 0 94 0 0 87 0 0 0 0 0 0 0 68 0 0 59 55 0 0 0 0 0 0 28 66 0 0 0 0 0 15 0 0 0 0 0 0 0 0 15 0 0 0 54 0 0 45 0 0 0 0 61 29 0 0 43 0 65 0 0 0 71 0 0 0 0 0 0 0 0 0 0 0 13 0
46 0 0 67 0 99 0 0 0 0 57 0 0 0 0 0 0 0 0 0 0 0 81 0 0 0 0 0 0 0 6 7 0 0 0 0 55 0 0 0 0 7 0 0 0 0 0 0 0 0 0 11 31 0 0 0 65 52 78 0 0 0 0 0 0 0 86 58 0 0 0 0 98 0 0 0 34 99 0 0 0 0 0 0 0 0 11 44 0 0 0 0 89 0 46 0 0 90 71 62
0 1 72 6 0 33 0 39 0 38 13 26 0 0 0 32 0 10 27 0 13 21 0 0 0 0 0 0 0 0 6 0 0 0 0 0 0 20 0 0 0 0 56 0 61 0 38 10 0 0 0 0 0 0 0 0 0 0 92 14 14 27 0 0 0 0 17 29 0 0 0 0 33 0 0 0 0 0 0 48 0 0 0 0 0 88 72 0 0 0 0 0 0 0 83 0 0 81 0 0
0 31 0 0 49 0 45 0 0 0 0 0 0 7 8 0 71 0 0 0 0 0 0 0 0 0 0 27 0 0 0 0 0 21 89 0 94 0 27 0 0 70 0 0 0 0 0 0 0 77 0 0 0 0 96 84 0 0 0 0 0 0 0 0 56 0 40 0 19 0 0 11 0 0 0 0 0 0 47 0 0 0 0 0 61 0 0 0 92 0 29 0 0 0 0 0 0 0 54 0
0 0 0 0 0 0 0 0 0 0 78 0 38 0 0 0 35 0 0 0 0 0 29 0 0 0 0 0 0 0 0 64 0 0 0 0 0 0 46 0 0 77 0 72 0 32 0 0 0 0 0 52 96 0 0 0 0 0 13 62 0 24 0 0 0 0 0 0 19 36 37 0 0 17 9 0 0 25 0 0 0 0 61 0 6 70 0 6 0 0 92 0 30 83 0 0 10 0 0 0
0 0 54 94 0 0 84 57 0 0 0 0 22 0 0 55 0 0 0 0 0 0 0 0 0 0 0 0 86 0 97 0 0 0 0 0 0 0 0 84 0 0 25 53 0 40 0 0 0 0 67 0 46 0 0 0 0 0 0 0 0 0 0 10 0 0 83 0 0 0 0 0 0 0 0 55 30 70 0 0 71 0 0 14 0 0 56 0 0 0 0 0 0 0 0 0 0 0 0 0
0 0 0 0 74 0 0 0 0 0 65 0 0 0 48 0 0 0 0 0 0 0 82 0 0 12 0 6 0 0 0 0 0 0 0 0 4 0 47 0 0 0 0 0 0 0 0 0 0 0 0 0 0 0 25 0 0 0 0 0 0 0 0 0 0 83 0 88 0 0 0 0 0 49 0 48 0 0 0 0 0 7 0 0 0 0 0 0 46 40 56 3 0 77 0 0 0 0 0 0
0 0 5 96 68 0 0 0 0 77 9 0 0 74 94 48 0 46 0 0 0 0 0 0 0 0 24 0 0 31 0 0 0 0 0 0 62 0 0 0 0 0 0 0 0 75 0 74 0 0 61 15 43 0 65 3 0 0 0 0 0 35 0 61 0 0 0 0 0 2 0 0 0 0 0 0 27 0 81 15 0 0 0 1 0 0 95 0 63 0 0 0 0 0 0 0 51 89 72 0
0 0 0 0 0 50 0 0 0 0 0 0 0 51 0 0 0 68 0 56 0 27 0 36 37 11 0 48 21 0 0 0 0 0 0 0 0 80 0 75 0 0 0 0 0 80 0 0 43 4 38 0 16 0 0 0 0 0 0 0 0 38 0 0 0 13 28 0 80 0 0 0 0 0 0 88 0 0 85 0 0 0 0 0 0 0 0 0 95 0 62 0 53 50 52 52 0 0 0 0
0 79 0 14 0 0 0 0 0 0 0 42 0 0 0 0 0 0 15 63 0 0 0 0 12 35 0 0 29 0 0 5 0 0 0 64 0 0 0 0 68 0 0 0 0 3 0 89 0 0 67 0 0 62 39 87 0 0 0 0 0 0 0 0 60 27 0 37 0 0 47 39 0 34 67 0 0 0 0 0 0 0 0 0 0 0 0 0 0 0 0 0 0 0 0 0 53 0 0 0
15 0 0 0 0 0 0 37 0 72 0 0 1 0 6 0 0 22 0 0 0 0 0 0 0 94 0 0 0 0 0 0 0 0 0 0 0 0 0 0 0 0 14 0 0 0 0 0 0 0 49 0 0 0 0 0 0 98 0 0 0 0 0 70 0 0 0 0 0 0 0 0 0 0 58 0 0 0 0 0 0 0 31 0 0 0 0 0 23 0 0 0 0 0 0 0 0 0 0 7
0 0 0 0 49 76 0 0 0 0 0 0 0 17 85 60 25 0 92 0 0 0 0 0 0 0 87 84 0 0 0 0 0 0 0 0 0 0 68 82 81 0 79 0 16 0 0 0 0 0 0 0 0 57 0 0 0 36 0 100 0 52 0 85 34 96 0 88 78 0 75 0 0 0 0 0 92 0 0 18 0 36 0 0 0 0 0 0 0 0 0 0 0 0 0 0 31 0 51 0
0 46 0 19 49 0 15 0 14 66 0 0 0 73 69 0 0 0 82 34 0 0 32 0 57 77 0 0 0 0 0 0 0 0 0 0 0 0 0 14 0 56 0 0 0 0 0 0 87 0 0 0 36 0 0 0 0 0 0 0 0 62 0 0 0 0 0 63 0 0 0 0 85 60 64 0 0 0 0 0 0 0 98 0 0 9 0 71 0 0 0 0 0 23 44 0 32 0 0 0
0 0 0 0 0 0 5 0 0 0 61 0 75 0 0 0 20 0 0 0 0 0 74 32 31 0 78 0 0 0 83 0 0 0 0 0 58 0 0 33 0 44 0 0 0 0 26 0 0 0 0 40 0 92 52 0 0 90 42 19 99 0 0 0 0 0 64 0 0 0 0 0 0 0 0 0 0 0 0 0 0 0 0 57 83 0 0 28 0 52 0 0 0 0 0 0 0 0 0 0
0 0 0 0 0 0 0 0 0 0 0 82 98 14 0 60 0 0 0 0 0 0 55 0 0 0 2 14 0 0 0 0 0 0 0 0 0 0 0 0 0 2 0 0 0 0 20 0 0 0 66 0 0 0 0 0 0 0 53 0 0 0 0 0 0 0 0 0 88 0 0 0 0 81 0 0 59 0 94 0 0 0 0 0 0 0 0 0 0 0 0 0 0 0 0 78 1 0 0 0
0 0 0 0 0 0 0 0 0 0 62 77 0 0 0 97 0 10 0 0 38 0 0 0 0 0 0 7 0 0 0 0 0 76 10 0 0 0 0 0 0 0 56 0 0 0 0 0 0 0 0 0 0 0 0 0 3 0 0 0 0 0 0 39 0 0 63 0 64 8 0 55 0 22 0 0 0 0 0 0 0 0 0 0 0 0 0 0 0 0 38 0 0 0 0 0 0 67 0 0
96 0 0 60 81 0 0 0 0 69 0 0 13 0 0 91 59 0 0 0 0 0 81 59 0 0 0 0 0 0 0 0 0 68 0 38 0 0 0 0 0 0 24 0 0 0 0 81 0 0 0 0 0 0 2 44 0 55 96 0 0 75 0 0 0 0 52 0 0 0 0 0 0 23 46 0 40 0 92 0 0 0 0 0 0 0 0 100 0 41 0 0 59 0 0 88 0 59 0 49
0 0 0 0 0 0 7 0 0 0 0 0 54 0 89 0 95 0 0 0 0 0 93 86 0 93 0 0 0 0 0 0 0 0 96 0 0 0 0 0 1 0 27 0 16 0 0 0 0 0 0 26 24 9 0 26 90 0 79 0 0 0 0 0 0 88 0 0 0 0 0 0 0 0 21 0 0 0 0 0 0 0 0 0 0 0 0 0 0 0 0 0 0 0 52 1 0 0 0 0
91 0 74 0 0 0 0 0 0 0 0 0 100 41 94 93 0 6 0 0 43 66 25 0 0 71 0 30 0 33 0 13 0 0 0 0 0 30 56 0 4 0 90 0 0 0 0 0 0 0 0 0 0 39 94 0 0 1 0 0 0 98 0 0 0 0 40 0 0 0 0 0 28 13 0 0 0 75 0 86 0 0 0 26 29 0 0 0 75 0 0 0 0 0 0 0 0 0 0 0
0 82 0 0 23 18 0 31 0 0 0 71 0 0 0 0 0 0 0 1 0 41 0 0 0 0 0 0 0 0 0 0 0 0 0 0 0 7 0 0 0 0 0 0 0 0 68 33 83 0 81 0 0 0 0 0 0 0 0 0 0 0 0 0 0 0 0 0 0 0 0 0 0 0 0 0 0 0 0 0 0 0 0 0 45 23 42 0 0 0 0 0 0 0 0 72 0 9 27 0
95 0 0 0 0 0 0 0 0 0 38 0 0 0 0 0 57 0 0 0 0 0 79 0 0 0 0 0 8 6 0 0 97 0 0 0 65 0 0 0 0 0 85 8 96 6 0 83 5 0 37 22 20 0 0 85 0 0 92 0 0 0 0 0 93 0 57 0 0 0 0 0 0 0 0 82 0 0 0 0 0 0 12 0 0 0 0 41 0 0 66 0 0 44 0 0 29 0 0 0
74 0 0 0 46 0 100 10 81 0 83 0 0 0 0 0 0 0 0 0 0 0 22 0 62 75 0 0 25 0 7 23 0 55 0 0 0 0 0 0 0 0 0 31 0 0 63 0 0 0 0 41 0 4 83 0 62 0 0 0 0 0 0 0 57 42 0 0 0 86 0 33 0 90 0 0 0 0 72 0 0 71 45 82 0 0 3 0 0 0 85 0 0 0 6 0 0 0 0 0
0 0 70 0 0 0 13 0 0 0 18 0 0 5 0 0 0 0 66 0 0 0 0 0 51 42 0 0 0 0 0 0 0 36 0 96 0 80 0 0 14 45 0 0 0 72 0 0 0 0 0 0 0 0 0 0 0 0 0 0 92 0 0 0 0 0 42 83 10 0 0 19 0 0 0 0 54 0 0 0 0 0 0 0 4 0 0 0 0 0 0 0 0 0 39 0 0 0 0 0
0 0 53 17 73 94 0 0 0 5 0 0 0 7 0 0 0 0 90 0 28 0 0 0 0 47 0 0 0 0 51 0 0 0 11 0 9 0 0 0 0 0 25 0 29 0 0 0 55 0 0 100 0 0 0 67 9 20 74 0 0 0 0 60 0 23 0 0 0 7 50 0 0 74 0 2 53 19 0 99 0 0 0 0 39 0 0 0 0 0 0 0 0 0 0 0 0 0 0 0
0 0 0 0 0 0 41 0 46 0 0 0 0 87 0 0 25 0 44 0 15 0 0 0 26 0 0 0 0 0 0 84 0 0 97 0 0 0 0 55 96 0 0 0 0 41 0 0 0 38 0 0 87 0 37 0 0 50 0 9 0 0 98 0 49 0 0 0 0 0 0 77 0 44 0 0 97 0 0 0 0 0 0 0 0 0 0 63 82 0 0 15 0 0 0 0 0 57 11 26
80 0 0 0 0 0 0 65 0 0 68 0 0 0 0 0 0 0 0 29 0 0 0 0 0 10 0 5 0 0 0 56 0 0 22 0 0 0 29 0 0 0 0 0 48 18 0 0 0 0 0 0 0 0 16 44 46 0 69 0 0 0 0 46 87 84 0 80 0 0 0 0 0 0 0 0 0 0 0 0 0 0 0 0 0 87 91 0 0 0 0 0 34 0 0 0 0 0 0 0
0 0 0 0 29 0 0 0 0 0 0 0 0 0 0 0 0 0 75 0 0 0 15 0 0 0 0 0 0 0 29 0 0 0 0 0 0 74 0 92 0 0 14 0 0 0 0 7 0 0 58 0 0 0 0 0 0 0 0 0 0 23 13 0 51 0 33 83 0 0 0 29 28 0 0 0 0 0 0 0 69 0 100 11 36 0 0 0 12 0 0 0 0 0 67 32 0 0 0 23
0 0 0 0 0 0 0 72 0 16 0 0 0 0 0 0 0 99 0 0 53 0 0 0 29 0 0 0 0 0 0 23 0 0 0 67 0 0 14 2 8 0 0 0 0 9 0 0 0 0 0 0 45 0 0 0 0 0 0 79 0 0 0 0 49 0 0 0 0 0 50 69 80 0 0 0 0 0 0 0 0 0 0 0 1 0 84 93 0 0 0 37 0 68 0 0 0 0 0 0
0 0 0 0 93 0 0 0 0 0 0 0 0 2 0 0 0 0 0 0 0 87 2 0 0 0 0 0 0 40 24 0 0 35 0 0 0 0 0 20 0 0 0 0 0 0 0 0 0 0 0 0 0 0 0 95 0 0 44 13 0 0 0 0 48 0 0 0 0 81 0 71 0 34 69 0 0 0 35 0 0 0 0 0 0 0 0 0 0 0 65 0 0 0 0 0 0 3 0 0
0 0 0 0 0 0 0 3 0 23 77 0 27 43 0 0 0 0 25 0 94 0 0 0 0 18 1 0 0 0 0 0 0 0 0 0 0 0 0 0 97 0 0 0 14 0 0 0 0 0 0 0 0 0 0 0 0 0 73 24 0 0 0 0 98 0 0 0 0 0 0 0 4 0 26 0 0 59 64 56 9 0 0 0 0 0 0 0 0 0 33 52 0 0 71 0 0 0 0 0
0 0 0 0 0 0 0 0 58 0 50 0 0 0 0 0 0 7 0 64 0 0 0 0 0 0 30 0 0 0 0 0 59 0 0 31 0 0 0 56 91 0 0 0 0 0 0 0 0 0 0 0 0 0 0 0 0 40 0 0 0 94 0 0 0 56 30 21 0 0 0 0 64 0 0 0 0 0 61 0 0 0 0 0 0 0 68 0 0 0 0 0 0 0 0 0 34 0 0 0
0 0 0 0 0 0 0 0 52 0 0 0 0 0 0 0 0 0 0 0 70 0 0 57 0 69 0 0 0 50 0 22 0 0 40 0 66 0 0 0 0 1 0 33 41 0 0 0 42 0 0 0 0 0 0 0 0 50 0 0 0 58 0 0 0 83 0 0 19 0 0 0 68 92 0 0 60 0 100 50 0 0 0 0 0 0 0 95 59 0 0 0 0 8 0 67 0 22 0 0
31 0 25 0 39 0 0 0 0 0 0 0 0 28 46 0 0 0 0 0 0 0 0 0 56 0 0 0 0 79 0 0 0 0 0 0 66 76 77 0 88 65 0 0 0 0 0 0 0 0 0 0 0 0 0 0 0 0 25 80 0 0 0 0 0 0 0 0 0 0 0 0 0 0 62 59 0 0 0 0 7 0 0 0 22 0 0 76 0 0 0 16 0 0 0 0 0 76 0 0
0 48 17 98 0 0 0 13 0 0 0 0 98 0 0 46 0 0 0 0 0 0 0 0 0 0 0 0 0 0 0 0 0 0 0 0 0 0 0 0 0 0 0 0 0 0 11 0 0 0 0 0 25 6 87 7 52 0 44 19 46 12 93 0 0 0 77 0 0 100 0 74 0 0 0 0 87 0 10 61 0 0 0 0 0 0 22 48 1 0 48 0 98 0 12 81 68 0 0 59
0 0 0 0 0 0 0 0 0 90 0 0 0 0 90 0 0 0 0 85 76 0 21 78 6 0 0 0 100 0 44 0 0 100 0 0 0 0 0 0 0 0 93 0 0 8 0 0 0 0 0 0 100 96 0 0 0 0 74 0 0 0 96 57 60 0 82 0 49 0 0 33 0 0 0 0 0 49 0 0 0 39 0 0 0 0 0 0 12 79 0 0 0 51 34 0 73 6 0 0
93 0 0 0 0 55 0 53 0 0 9 0 0 0 68 0 0 0 14 0 14 0 51 67 0 0 0 0 0 0 0 0 0 0 2 0 0 0 22 0 0 47 0 0 0 0 0 0 0 0 88 0 65 0 48 71 26 0 0 81 0 0 0 37 0 0 0 94 32 0 45 0 0 0 0 0 0 0 26 0 0 0 0 0 0 0 0 0 0 17 27 51 0 0 0 0 0 0 80 0
0 39 0 0 0 0 0 0 0 32 0 0 0 0 0 0 0 0 0 0 87 0 53 70 0 0 0 0 0 0 0 0 0 45 37 0 9 0 0 10 0 82 0 50 0 0 0 82 0 0 0 0 0 74 3 0 8 65 0 0 0 36 0 0 34 0 0 0 98 0 0 15 0 0 0 0 93 0 0 0 86 0 0 0 0 0 0 12 0 72 19 99 0 0 0 0 0 0 0 0
0 29 57 0 71 0 0 0 0 0 0 0 0 47 0 0 0 0 47 0 0 0 0 0 0 0 0 0 0 0 0 0 0 0 0 0 0 0 96 100 0 0 55 0 38 0 0 20 0 0 0 0 0 0 0 0 0 50 31 0 0 0 0 0 0 0 0 0 0 0 0 0 0 0 37 0 0 0 91 97 0 0 86 37 0 32 70 0 82 0 0 42 0 0 0 0 0 13 0 0
0 0 96 0 0 0 0 0 0 1 0 36 0 0 89 99 0 77 88 0 0 73 37 0 0 0 0 58 48 0 0 0 62 0 0 0 29 0 0 52 5 0 3 0 0 0 0 0 0 0 0 0 0 37 0 0 0 0 0 0 0 0 0 0 0 68 0 0 0 0 0 0 11 0 0 0 0 0 0 53 0 43 0 0 18 0 0 0 0 0 0 29 53 0 0 0 0 31 0 0
0 0 0 0 0 0 61 41 0 0 0 0 0 61 90 0 0 0 83 30 0 0 0 0 0 83 0 0 0 0 0 0 0 92 0 91 0 0 0 0 0 0 0 0 0 0 0 0 0 0 0 93 0 0 0 99 0 72 72 0 0 0 61 41 0 0 0 0 39 0 0 0 0 0 0 0 0 0 0 0 0 33 0 0 0 0 38 0 0 0 0 0 46 0 0 0 7 0 0 0
0 0 0 0 22 0 0 0 0 0 0 97 0 70 0 0 0 0 0 6 0 41 42 0 0 0 0 81 51 0 96 45 63 95 0 0 35 0 0 0 0 0 0 87 0 0 82 0 0 0 0 0 0 0 0 3 0 0 0 88 0 0 0 0 0 0 0 0 0 0 95 0 0 75 0 0 0 0 0 77 0 45 12 0 0 0 0 71 0 0 0 0 0 0 0 80 71 0 0 0
0 0 0 0 0 0 5 86 0 95 0 0 22 0 0 0 0 0 0 0 91 0 89 0 0 100 54 0 0 92 50 0 0 47 0 0 0 0 57 0 0 0 0 53 22 98 37 0 65 0 0 85 6 92 43 0 0 0 0 16 0 0 0 0 0 0 0 0 51 23 0 39 0 23 55 63 0 12 0 29 0 0 0 0 50 0 25 0 0 0 0 0 0 0 0 97 0 0 0 24
0 0 44 0 50 0 0 2 0 0 0 11 0 21 0 42 0 78 0 0 0 0 0 0 0 0 0 0 94 30 0 0 0 0 0 35 0 0 77 0 43 0 67 0 0 41 0 0 0 46 0 50 0 0 0 0 0 53 46 0 0 0 0 0 0 74 0 0 0 0 0 0 0 0 0 0 0 38 70 0 47 0 0 0 0 37 0 40 25 0 92 0 0 0 17 0 0 0 0 62
0 87 0 0 0 16 0 0 0 0 58 0 0 0 15 0 0 92 27 84 0 0 0 57 0 0 0 0 0 0 0 0 0 0 0 0 0 0 29 0 0 0 0 44 0 0 0 0 45 46 0 27 0 80 0 0 0 0 0 0 37 0 0 62 0 40 0 13 0 39 0 0 0 0 0 0 0 46 0 0 0 0 0 0 0 0 58 0 82 0 0 0 0 24 0 0 0 0 0 0
0 0 0 0 0 0 0 0 44 68 0 0 0 0 0 0 92 0 43 64 0 0 0 0 0 0 0 0 0 93 0 0 30 0 56 73 0 0 0 90 73 25 87 0 0 0 0 1 0 0 0 0 0 57 94 63 0 0 0 0 0 0 0 0 0 0 7 60 16 0 0 13 94 0 0 57 0 0 0 0 0 0 0 0 0 52 0 0 26 0 0 0 0 0 0 0 0 0 0 0
0 0 0 0 0 48 0 0 0 0 0 0 90 0 0 0 43 0 58 0 0 0 0 0 0 0 12 0 26 0 0 25 5 0 0 80 65 0 0 0 39 0 0 45 0 0 33 0 0 0 0 0 83 15 0 0 0 22 0 0 0 0 0 0 0 43 0 0 23 0 47 0 0 0 0 0 0 0 32 0 20 0 0 0 0 0 0 0 0 0 0 19 0 0 23 0 0 32 0 15
0 0 0 0 38 0 61 0 0 0 0 0 0 0 0 0 42 95 0 0 46 93 42 0 0 0 0 46 79 0 20 0 0 47 75 1 0 0 0 0 0 0 0 0 0 0 0 0 6 0 0 0 30 0 0 0 0 0 0 59 0 31 0 38 0 0 0 0 0 0 0 0 0 0 87 0 0 0 0 0 0 65 0 0 0 0 0 0 0 0 0 0 0 27 0 0 58 0 39 0
0 17 0 0 2 0 0 0 90 94 0 0 0 0 0 22 0 0 0 0 0 26 98 100 0 0 94 0 0 0 0 0 0 0 33 88 0 0 0 0 20 0 0 0 0 0 63 0 0 0 0 40 0 0 0 0 5 0 0 0 0 0 51 0 0 39 22 81 68 0 0 0 0 0 68 0 0 0 4 0 0 0 0 0 0 0 0 74 0 0 53 0 6 0 0 0 55 0 87 22
0 0 11 0 0 69 0 0 30 0 14 0 35 0 87 0 10 10 0 0 0 65 0 31 0 0 0 2 0 0 0 0 0 20 0 0 0 0 85 0 0 0 0 25 0 0 0 0 0 0 0 20 0 0 0 60 0 0 7 18 0 0 0 0 0 0 0 0 76 0 0 89 12 0 90 0 0 0 56 0 3 0 0 29 0 0 0 75 0 0 18 0 0 0 0 42 0 0 0 0
0 0 0 0 0 0 69 63 0 99 86 0 0 0 0 0 0 19 0 0 0 0 0 0 0 3 0 0 0 0 0 27 57 77 0 72 0 0 0 0 0 63 0 0 0 0 0 0 0 0 0 0 0 0 99 0 0 0 0 0 0 0 0 0 0 0 0 0 0 37 0 0 34 8 35 19 0 0 0 99 0 0 0 0 0 0 0 0 0 0 0 9 0 0 0 0 0 0 36 0
0 0 86 33 0 0 0 0 0 0 0 0 0 0 0 21 78 0 66 0 0 48 0 0 15 0 0 0 0 0 11 0 76 98 55 0 0 77 0 65 0 0 13 0 100 34 0 0 0 0 0 0 0 0 0 17 19 0 0 0 0 0 0 0 0 0 0 27 0 0 0 0 0 0 56 0 0 0 2 35 0 56 0 25 0 0 85 0 65 0 0 0 70 0 0 0 0 0 0 0
0 0 0 60 61 93 0 0 0 0 0 0 0 0 0 0 0 0 0 0 0 75 0 0 0 0 0 0 0 0 0 0 0 0 18 0 0 28 0 0 0 0 15 0 11 64 0 0 0 0 0 32 45 53 0 0 0 0 0 84 0 0 0 4 92 0 93 0 0 0 0 0 0 0 0 0 0 67 23 0 30 0 0 0 0 0 0 0 0 0 0 39 0 0 0 71 0 0 0 14
0 0 25 0 0 0 0 0 0 0 0 0 52 0 0 0 0 50 0 0 0 0 0 0 0 0 0 0 0 0 43 0 0 0 0 49 0 97 0 0 0 97 13 0 0 0 0 22 0 0 0 0 5 0 86 0 0 61 0 0 0 0 0 0 0 0 0 62 0 34 0 0 0 0 79 90 0 0 0 0 0 67 0 0 0 0 0 0 84 0 0 0 39 27 72 0 0 0 0 67
0 56 0 0 20 0 0 0 0 99 0 61 0 41 0 70 0 84 0 0 0 0 0 0 36 0 0 0 0 13 0 69 0 0 0 0 0 52 5 0 0 0 0 0 22 0 0 0 0 22 0 85 0 0 0 0 0 0 0 0 56 0 80 0 0 0 40 0 87 19 44 41 11 86 0 0 0 0 0 79 0 0 0 80 0 0 0 0 0 0 0 0 0 60 75 0 0 0 87 77
0 0 0 0 0 0 0 52 0 51 0 0 0 0 0 0 52 0 90 0 32 0 0 0 0 93 100 0 0 0 0 17 0 88 0 0 0 0 24 0 0 0 83 0 0 0 0 88 0 21 0 34 0 0 0 0 67 0 45 0 20 0 0 0 0 0 0 0 0 0 23 0 0 0 0 0 0 0 79 0 0 0 0 0 75 0 0 0 0 0 0 17 21 0 0 0 22 0 0 0
0 0 0 0 0 0 11 0 78 53 81 0 0 0 28 0 0 0 18 91 0 0 0 0 0 0 0 35 0 55 0 0 0 0 0 0 91 43 92 0 0 0 82 61 100 0 0 0 0 0 29 0 0 13 0 0 0 0 85 86 80 0 25 86 0 0 0 0 0 0 0 0 0 0 0 0 0 0 0 59 0 30 0 0 68 0 0 0 0 0 0 0 0 0 0 0 0 0 0 0
0 0 0 0 0 0 0 0 0 0 0 11 0 0 74 0 0 0 0 48 38 0 0 0 70 80 0 0 0 0 0 0 30 0 0 16 39 0 0 34 0 0 0 0 0 96 0 43 0 0 83 0 0 19 0 0 0 0 1 0 0 0 0 0 0 0 0 0 0 0 0 60 0 10 0 42 86 0 0 0 0 0 0 84 0 0 77 0 0 36 0 100 0 0 0 0 0 0 10 0
0 0 63 0 0 91 0 0 0 23 0 0 0 0 0 0 0 0 21 0 52 0 95 78 0 58 0 0 30 0 22 0 0 0 0 60 0 0 0 0 0 0 87 0 0 47 0 0 0 0 0 0 0 0 0 0 0 0 56 32 0 0 0 0 0 0 71 0 29 0 0 0 23 0 93 0 0 0 0 0 0 28 0 0 0 0 97 0 0 0 52 0 0 62 0 0 32 0 0 0
54 0 0 0 0 0 0 0 62 0 0 0 0 0 0 0 0 57 0 0 0 0 0 0 0 2 0 0 77 75 0 0 19 76 0 0 0 0 3 0 0 13 0 0 0 0 0 0 0 0 0 0 0 0 0 0 10 0 0 0 0 0 0 0 90 0 9 0 0 11 73 0 0 0 0 60 0 17 0 18 0 0 0 64 0 0 0 0 0 0 68 0 0 0 26 3 0 79 0 0
52 0 21 47 6 0 0 0 88 0 0 0 0 0 0 4 0 47 43 0 0 0 94 0 0 0 0 0 0 0 0 0 0 0 0 0 0 92 0 54 4 0 0 0 0 0 0 0 0 96 0 0 0 98 71 0 24 0 0 0 0 0 67 0 0 0 0 0 0 0 59 0 0 0 0 0 0 0 0 40 0 0 74 0 0 0 0 0 0 0 56 67 0 0 7 0 0 0 0 0
18 0 58 0 0 71 0 74 0 0 0 0 24 0 0 0 0 68 0 82 0 0 0 50 0 14 74 0 0 0 0 0 0 0 88 0 40 0 0 0 0 0 69 0 0 0 0 0 0 0 71 0 91 0 0 0 0 0 0 6 0 52 0 0 0 0 0 38 0 58 0 95 31 0 0 0 0 7 0 11 0 0 0 0 0 0 79 56 0 77 0 0 0 22 0 0 0 0 0 0
0 0 0 0 32 61 65 0 36 0 0 78 0 0 0 0 0 0 0 0 65 0 0 0 26 0 0 26 20 0 12 0 0 45 0 81 0 0 0 0 0 0 0 0 80 0 0 0 91 0 26 68 53 0 0 0 0 45 0 38 0 48 67 0 0 0 97 0 0 0 0 34 0 0 0 0 0 25 94 0 0 42 0 0 83 0 0 67 0 6 0 0 0 0 6 0 58 0 0 35
0 0 0 0 16 0 0 0 0 0 0 0 0 37 0 0 79 0 0 0 0 0 0 0 0 0 0 0 0 35 4 0 79 0 64 51 64 0 0 0 0 89 9 0 0 0 0 0 0 0 83 0 0 0 86 0 95 19 0 0 56 0 44 0 22 57 0 67 0 0 0 0 14 52 0 0 0 0 98 0 0 50 65 0 0 0 0 0 0 0 90 0 0 56 0 0 64 55 95 0
28 0 85 0 0 0 47 0 66 0 0 0 0 0 97 0 0 29 0 0 83 0 0 0 0 0 0 78 0 0 17 69 89 0 71 0 0 0 87 0 0 0 0 0 18 71 0 0 0 0 0 0 93 0 0 0 41 0 54 0 0 82 0 0 0 75 0 0 35 0 0 0 0 0 0 0 0 0 0 2 0 0 0 0 0 0 0 0 42 62 0 0 0 72 0 8 0 0 0 0
0 45 0 73 1 0 0 0 0 0 69 0 0 0 0 0 19 9 0 0 0 0 0 0 0 0 0 0 37 0 0 0 0 0 0 47 0 0 0 7 0 24 91 0 0 91 0 0 0 0 0 0 0 0 0 0 14 0 0 0 0 0 0 36 0 0 38 0 0 0 0 0 99 0 0 0 0 0 0 0 0 15 0 0 68 0 0 0 37 0 0 0 0 0 0 0 0 0 0 73
90 52 0 0 22 0 70 0 0 0 0 0 0 0 0 0 93 0 61 0 0 0 0 87 0 0 0 60 0 0 0 0 0 0 0 0 0 63 0 0 0 0 29 30 0 0 0 0 0 0 0 0 77 0 0 0 18 0 0 0 0 96 50 23 0 0 33 0 0 0 0 87 0 0 0 28 0 74 0 0 86 0 84 0 0 0 95 0 0 41 0 0 0 0 0 81 34 94 0 83
0 0 0 0 30 0 0 0 54 28 0 0 0 0 0 0 0 0 0 0 0 0 0 62 0 69 0 0 0 0 31 0 0 0 37 0 0 35 0 0 0 0 45 0 45 0 0 0 0 0 0 0 0 0 0 0 0 0 62 0 0 73 84 0 0 0 0 0 0 0 0 59 17 0 0 83 0 10 0 75 0 0 0 0 74 0 0 0 94 78 0 0 0 0 0 0 0 0 0 0
0 0 0 0 0 0 0 0 0 0 0 0 0 1 0 0 0 0 0 0 0 0 0 0 0 50 61 0 0 0 0 0 0 0 0 0 0 0 0 0 30 0 0 0 0 59 0 0 0 0 0 0 0 0 0 0 0 99 0 96 0 44 8 0 0 0 0 57 0 32 22 0 0 0 0 0 90 0 0 0 0 0 0 0 0 93 0 0 70 0 45 0 0 0 0 0 0 0 0 0
0 0 0 0 0 0 0 89 0 0 75 0 33 59 0 0 0 0 0 0 0 79 25 0 0 0 0 0 0 42 0 0 77 0 0 0 69 0 0 14 0 0 0 0 0 0 0 0 92 0 0 0 0 73 0 0 0 0 0 0 95 80 0 0 0 0 0 83 0 0 14 0 0 0 0 0 95 1 0 0 0 0 0 0 52 0 0 0 0 0 0 0 0 0 0 45 0 0 0 0
0 0 74 0 0 0 0 0 0 0 0 0 0 0 26 0 0 0 20 0 81 64 0 0 0 0 0 0 0 0 0 20 0 0 62 0 17 0 0 98 0 0 0 0 42 0 46 7 0 0 0 0 0 0 0 0 0 0 15 0 0 0 0 0 0 0 0 0 0 0 0 0 0 0 0 0 0 0 23 0 0 37 0 0 89 89 57 77 34 29 99 98 0 0 0 39 0 0 0 83
86 0 90 0 0 0 75 84 0 69 0 0 0 81 0 0 0 38 0 0 3 0 0 0 0 0 0 0 0 0 0 0 0 0 33 32 0 80 0 70 0 0 19 0 0 0 0 0 0 0 0 0 0 62 83 0 0 0 42 0 0 0 0 0 0 0 0 0 0 0 0 35 0 0 69 0 0 0 0 0 89 0 0 0 0 0 0 28 0 0 0 0 0 0 0 6 68 84 0 42
67 0 38 0 0 0 0 50 0 0 36 2 0 0 0 3 0 4 0 82 0 0 89 0 0 0 0 0 55 0 0 0 0 0 0 26 0 2 0 0 0 0 57 0 81 0 0 0 0 20 0 0 0 98 0 0 0 0 0 57 0 0 0 0 0 0 0 0 0 0 54 50 77 6 0 0 0 0 6 19 0 39 0 0 0 0 0 0 96 0 0 0 0 0 32 0 0 0 72 0
0 0 0 0 26 0 0 0 0 0 0 0 84 2 0 19 0 0 0 92 0 0 0 0 0 0 0 0 0 69 0 0 35 0 0 0 0 0 39 0 0 0 0 72 0 0 26 0 0 0 0 0 76 86 0 0 74 0 0 0 70 0 0 0 0 0 0 80 0 3 0 0 0 0 0 79 0 0 0 0 0 0 0 0 0 0 0 0 0 0 0 0 94 0 20 69 40 96 91 0
60 0 0 0 0 4 69 8 17 0 77 0 0 0 0 0 0 0 25 0 0 0 0 0 47 0 0 0 0 0 26 0 0 0 100 0 84 0 69 0 0 0 0 0 0 95 0 0 0 0 0 0 0 60 0 0 0 19 16 0 48 4 0 32 0 38 0 44 41 0 88 0 0 0 56 0 0 0 0 0 42 0 0 0 96 0 0 0 0 0 0 0 97 0 31 0 0 65 0 0
0 0 29 0 0 0 0 0 36 88 0 9 0 0 0 0 0 29 0 20 0 0 0 0 0 41 0 0 0 23 0 0 0 0 4 0 0 0 0 0 1 0 0 0 0 85 0 0 0 0 69 0 0 17 0 0 0 0 0 0 0 48 0 0 25 0 0 0 61 0 0 0 0 0 0 43 0 60 0 0 0 0 0 0 29 14 93 0 0 0 0 0 92 0 0 0 0 0 50 95
11 0 0 0 0 60 0 0 0 0 0 0 0 0 0 0 92 0 0 0 0 0 27 0 0 0 0 0 59 0 0 52 0 0 0 0 56 64 0 93 0 2 0 1 0 0 0 0 0 0 28 0 50 0 0 87 0 0 0 0 69 0 0 0 0 0 0 0 0 0 0 84 49 0 0 0 70 0 0 65 0 0 64 0 0 0 0 0 0 0 96 2 70 0 0 0 0 0 0 0
0 46 87 0 0 0 0 0 0 84 0 0 0 0 81 98 0 2 0 0 0 0 33 0 0 76 0 0 0 0 0 52 9 0 0 0 0 0 4 0 33 33 0 0 0 0 0 0 0 0 0 0 87 0 0 0 0 0 0 85 0 0 0 38 52 17 0 0 84 0 0 14 85 0 65 0 61 0 0 0 0 85 0 0 0 0 0 39 0 0 0 0 58 0 0 0 0 0 0 0
0 0 36 0 0 81 0 0 96 0 2 0 0 0 0 0 0 0 0 0 0 86 0 0 0 86 0 0 0 0 0 0 0 0 0 0 0 28 0 13 0 0 0 0 0 0 0 0 0 0 0 0 18 64 0 0 0 59 71 97 0 0 75 0 0 0 0 0 0 0 0 50 0 0 0 0 0 0 0 0 0 70 0 0 0 65 0 0 0 2 80 0 0 0 0 0 0 0 94 38
85 0 61 0 0 0 0 39 70 0 0 0 0 0 26 16 40 0 0 48 82 0 0 0 97 0 0 73 0 0 3 0 76 0 0 21 0 0 0 0 90 0 71 48 0 0 3 84 0 0 0 13 58 0 0 0 0 0 0 0 0 0 0 0 0 0 5 0 0 0 0 0 0 38 74 0 0 59 0 0 0 0 0 16 0 0 0 0 0 0 0 0 0 0 0 0 72 19 63 0
0 0 49 0 0 0 59 0 0 0 0 0 0 94 36 0 0 89 0 0 0 0 73 2 0 0 0 0 0 60 0 0 0 36 0 0 0 0 0 0 98 0 0 0 0 0 0 47 0 0 0 0 0 0 0 68 0 10 0 0 67 0 95 0 0 0 0 0 0 42 0 0 45 0 0 97 64 0 22 0 0 0 0 0 0 0 29 43 0 0 95 92 0 0 0 83 0 0 0 0
0 0 0 0 67 7 0 0 23 0 70 0 0 19 57 95 0 0 0 0 0 90 62 0 0 0 0 0 9 0 22 0 0 0 0 0 1 0 0 0 0 0 67 0 0 0 0 0 0 0 0 0 0 0 0 0 0 0 0 0 96 0 0 0 0 0 26 0 0 0 3 0 0 0 0 0 80 48 0 0 0 0 0 73 0 0 31 0 0 82 0 86 0 0 0 0 0 0 0 48
0 32 54 0 0 12 0 0 0 99 0 0 0 0 80 0 32 0 0 0 96 0 0 0 18 41 0 0 0 0 0 0 0 0 0 0 0 0 0 0 0 0 0 0 0 0 0 0 0 0 0 0 0 0 0 6 0 0 75 0 0 0 0 0 0 80 0 0 0 0 0 0 0 0 38 0 0 100 90 0 0 0 0 0 79 22 0 0 0 68 93 66 0 0 0 0 0 0 0 97
0 0 0 0 0 0 0 0 0 0 0 18 0 0 0 0 74 0 0 0 0 27 0 0 0 0 0 0 0 0 0 14 96 0 0 0 0 0 0 0 0 13 0 0 0 0 0 0 0 0 58 0 0 56 0 0 75 0 0 0 0 0 0 0 0 0 53 0 99 0 0 0 0 0 0 26 66 0 0 44 0 0 0 82 0 99 0 88 0 0 0 0 0 0 97 0 0 0 47 29
0 0 0 56 0 0 0 0 0 0 0 0 11 78 0 73 52 0 0 0 0 0 0 0 54 0 25 0 0 0 0 0 16 0 47 0 0 0 4 30 0 0 0 0 0 3 48 33 0 0 0 0 0 16 12 0 0 0 0 0 0 22 0 33 0 0 0 71 0 10 0 0 0 0 0 0 9 25 37 0 20 0 0 0 0 0 0 0 0 0 0 0 0 0 49 0 0 0 0 0
35 0 0 46 0 44 0 0 0 0 0 0 0 0 0 55 8 97 0 0 0 0 45 0 89 85 53 0 0 0 80 0 0 78 33 0 0 0 33 0 0 0 2 0 63 0 31 0 0 94 72 0 74 0 0 0 0 0 27 0 0 40 48 0 0 0 0 0 0 0 0 0 0 75 0 0 0 0 0 0 0 0 0 0 0 85 0 0 100 0 0 72 39 0 39 0 0 97 0 0
0 58 0 0 0 0 0 0 0 0 0 0 0 0 15 0 16 0 67 72 0 8 0 0 37 0 0 19 90 56 0 0 0 0 0 94 0 29 0 0 0 0 0 0 0 0 54 78 20 0 0 37 0 0 0 30 0 0 0 0 0 0 0 0 0 0 0 59 65 0 0 65 0 0 0 0 0 18 0 0 0 10 0 0 0 0 0 0 0 0 0 60 0 0 0 25 0 0 53 0