100
0 0 0 0 0 0 0 0 0 0 0 25 0 0 0 0 0 0 0 0 0 0 45 68 0 45 0 0 0 0 62 0 0 0 0 30 0 0 70 0 0 0 35 0 0 0 0 0 26 0 0 15 0 0 0 35 0 0 19 0 0 0 0 52 0 0 0 0 51 0 0 0 0 0 66 0 63 0 85 0 0 54 0 0 0 58 0 0 0 43 0 0 62 0 0 0 0 0 0 0
73 0 6 0 46 0 60 10 66 0 0 72 0 0 0 0 5 0 92 0 13 0 0 31 0 19 0 2 0 0 0 0 0 67 0 0 0 67 0 0 13 0 0 20 0 77 0 0 22 73 0 80 0 0 0 79 0 41 73 0 0 0 0 0 0 0 78 0 0 0 0 0 75 0 0 25 0 0 0 48 0 0 0 68 0 0 28 0 1 0 57 96 0 0 44 0 0 0 0 0
0 14 0 0 0 0 0 0 0 0 0 0 0 40 0 0 0 0 0 0 0 0 0 0 0 2 0 0 0 0 0 64 30 8 0 0 0 0 0 0 68 0 0 0 0 94 0 72 0 0 0 0 0 75 88 0 0 11 0 18 26 61 64 0 0 0 5 0 0 4 0 66 52 0 0 35 0 0 1 5 0 0 0 85 0 0 0 7 0 76 0 72 21 0 0 0 0 0 0 0
0 3 25 0 0 0 0 74 0 9 75 0 0 0 0 0 0 13 0 0 0 0 0 0 0 0 63 0 0 0 0 0 0 0 0 21 2 0 0 0 0 90 0 99 0 0 0 97 0 0 15 0 0 0 40 26 0 0 0 0 0 0 0 0 0 0 0 0 40 0 35 0 0 0 0 64 0 0 72 0 0 0 10 15 0 0 0 0 0 0 0 0 0 78 0 0 0 0 0 0
0 0 0 0 0 0 0 0 0 0 0 0 0 0 37 0 0 21 50 74 89 0 0 7 0 0 0 0 0 0 0 0 0 15 0 0 0 32 59 0 28 0 13 0 0 0 66 0 0 87 38 0 0 0 0 24 0 0 33 0 0 50 20 0 0 55 0 0 90 0 0 68 0 0 23 94 76 0 66 0 0 0 48 0 38 0 0 0 94 98 67 0 0 0 0 0 0 0 0 0
0 0 0 0 33 0 0 0 0 22 0 0 0 0 0 0 38 0 0 0 0 0 0 0 63 0 0 0 0 0 0 0 91 0 0 91 23 0 0 0 0 0 49 41 0 0 80 0 20 0 96 73 0 0 47 0 0 0 0 0 0 0 0 0 3 0 0 0 0 0 0 0 0 68 0 40 95 0 32 40 0 0 0 0 0 0 0 0 0 0 0 0 0 0 0 91 0 0 83 0
0 44 65 0 91 90 0 0 0 0 0 0 0 77 0 0 7 82 0 0 0 0 56 0 0 0 10 0 0 0 75 0 0 99 0 0 0 0 0 0 0 0 0 0 0 75 0 30 0 0 0 97 0 0 0 0 0 0 0 51 30 0 0 0 0 22 0 0 0 0 0 84 0 0 0 0 0 0 68 0 79 0 15 0 97 0 0 5 0 0 0 0 0 0 0 0 0 0 0 35
100 26 30 0 0 0 0 0 0 0 0 15 0 0 0 0 0 0 0 0 0 0 82 0 68 0 0 0 48 0 84 15 0 0 0 0 0 0 22 0 0 0 0 0 0 0 0 0 0 0 0 0 61 0 0 53 0 0 5 19 53 58 0 0 37 3 0 8 67 0 0 0 0 0 0 72 14 0 0 0 0 0 0 36 0 0 0 3 0 0 0 77 83 0 1 0 0 7 70 0
0 45 0 0 0 79 0 0 0 46 4 0 0 0 0 0 0 0 0 0 0 0 0 0 0 0 0 0 0 0 0 39 0 0 56 0 0 0 0 0 0 0 0 5 0 0 54 30 21 0 84 0 0 99 0 80 0 0 0 0 0 18 0 0 0 0 0 63 0 0 28 0 0 4 52 60 0 86 0 0 0 0 18 0 0 0 0 94 0 0 0 43 0 29 0 81 0 87 0 0
98 0 0 0 0 0 0 0 2 0 16 0 0 4 0 0 0 0 0 70 0 0 0 0 0 0 0 0 17 81 0 0 33 0 0 0 0 0 0 0 0 0 0 93 82 0 0 0 0 0 0 0 0 0 0 0 0 0 0 0 0 87 0 85 0 0 0 0 0 6 0 0 0 0 0 0 0 0 32 0 3 0 0 0 0 0 0 41 0 46 0 0 0 0 0 57 0 0 0 31
0 0 0 0 93 0 0 49 0 0 0 0 0 0 0 0 81 0 0 0 31 0 0 0 0 0 0 97 0 0 0 0 0 0 39 0 0 89 76 35 19 0 93 0 41 0 0 57 0 0 0 0 48 0 0 0 0 96 0 0 0 0 25 0 70 0 16 42 63 0 0 0 0 51 0 0 17 100 0 42 0 0 0 0 0 0 17 0 0 0 0 23 0 0 0 0 0 0 0 0
0 50 0 0 0 73 0 0 0 0 0 0 0 0 0 0 0 22 0 79 0 0 0 0 80 0 0 0 0 0 0 22 10 0 0 0 0 0 0 0 0 0 0 0 0 0 0 0 0 88 0 0 0 0 0 0 0 0 0 0 0 0 57 0 0 32 0 0 9 0 0 0 43 49 0 0 0 0 0 0 0 0 0 0 80 0 0 26 0 0 0 0 0 0 0 0 0 0 0 0
0 0 0 0 0 0 0 0 0 0 0 0 0 0 0 85 70 60 33 0 0 0 0 0 45 93 0 91 0 0 0 38 4 0 0 65 0 0 11 0 84 0 0 0 96 0 0 0 3 81 0 86 0 0 0 0 0 0 0 4 0 0 0 0 60 21 0 81 19 0 0 0 0 94 0 0 37 0 0 0 0 0 23 0 0 0 0 0 0 0 0 76 0 0 0 0 74 0 0 0
0 0 0 0 0 0 0 0 0 0 0 0 0 0 0 0 0 75 34 0 0 5 0 0 0 0 0 35 0 97 0 0 0 0 0 0 0 42 0 97 62 0 0 0 0 78 0 0 0 0 0 0 0 41 0 0 48 0 0 0 63 0 0 0 0 0 92 0 58 0 0 0 2 0 26 40 0 0 0 0 73 0 0 0 35 0 0 0 0 0 0 0 0 0 0 0 0 0 93 0
40 50 0 5 0 0 0 0 8 0 0 0 97 3 0 0 0 65 0 0 0 0 67 42 0 14 0 0 0 0 0 0 0 0 0 0 5 63 0 60 0 0 0 94 0 0 0 0 37 0 0 0 36 0 0 0 37 6 0 0 54 69 0 0 0 0 0 0 0 0 84 0 0 0 0 0 0 70 0 0 0 0 0 0 14 0 0 0 0 11 0 0 0 0 0 0 0 8 0 7
29 0 25 0 0 39 0 22 0 20 0 0 0 0 0 0 50 0 0 85 36 46 93 10 0 0 0 0 0 0 0 0 0 0 58 77 19 0 92 0 100 0 0 18 0 0 0 0 0 0 0 0 19 0 72 0 96 39 0 0 0 56 0 0 0 0 14 0 74 10 0 0 0 0 0 26 0 0 11 0 0 0 0 0 0 0 0 0 0 0 0 0 69 0 57 0 18 0 0 0
0 0 0 0 85 9 0 0 0 0 0 0 0 0 0 0 0 0 0 0 0 0 0 100 0 4 0 0 0 0 0 0 0 71 0 0 27 0 0 0 0 0 0 0 0 0 0 0 0 0 0 29 0 0 65 0 0 0 0 4 0 0 0 0 0 0 0 0 0 0 0 92 0 0 0 0 0 0 0 0 0 30 0 28 0 0 0 0 0 0 87 96 0 51 0 0 0 0 0 0
0 11 0 58 0 0 0 0 0 59 0 0 0 0 0 0 41 0 0 38 0 0 0 0 0 0 100 0 0 0 58 0 0 0 45 0 41 0 0 0 0 0 0 0 0 2 10 0 0 0 0 0 0 79 0 89 53 46 0 0 0 0 76 63 0 0 0 0 0 0 0 0 0 0 86 0 0 11 0 0 0 0 0 0 0 31 0 10 56 0 0 0 0 0 98 0 62 0 49 0
0 24 1 14 0 0 0 0 45 50 0 0 0 0 0 0 0 87 0 0 0 0 1 0 0 0 0 0 0 18 0 0 0 0 0 41 0 61 0 29 0 0 0 0 0 0 0 0 0 0 0 71 0 83 0 0 0 0 0 0 0 0 0 57 0 0 0 24 0 64 40 0 0 20 8 0 0 0 0 0 0 65 0 22 0 0 0 0 0 0 34 8 80 0 0 0 0 0 0 79
0 87 67 59 0 0 0 0 0 0 0 47 0 0 0 0 70 0 0 0 100 0 28 22 36 0 0 0 0 0 0 0 0 0 0 0 0 0 0 53 0 0 0 68 0 37 0 0 0 0 0 0 0 25 0 0 45 0 76 0 47 0 0 15 0 0 0 0 0 0 0 0 0 0 0 0 23 41 0 0 0 0 0 0 13 0 84 42 0 0 37 0 0 0 28 0 0 0 0 100
0 0 71 0 31 0 0 0 0 0 0 0 1 0 0 0 0 0 0 0 0 80 79 17 0 0 0 0 0 0 0 0 0 58 0 1 0 0 0 0 0 0 0 0 0 0 14 0 0 0 0 0 38 0 0 5 87 0 0 0 0 7 0 0 0 0 0 0 66 0 0 0 0 0 0 0 0 0 0 0 0 0 0 2 94 0 48 0 0 0 0 77 0 0 33 0 0 45 0 0
94 0 0 0 0 0 0 0 69 0 0 0 0 0 9 97 0 90 0 0 0 0 8 0 0 0 18 0 0 0 0 0 0 0 0 0 0 0 0 21 21 0 0 0 0 0 77 0 0 0 0 0 0 74 0 100 0 0 0 0 0 93 0 0 0 0 0 0 0 0 0 0 0 61 0 32 0 0 82 0 0 0 0 85 0 66 0 0 0 0 0 73 0 0 0 45 0 23 0 37
0 5 0 29 0 0 26 16 0 0 0 0 0 13 0 84 0 0 0 0 0 0 0 79 75 0 100 41 0 0 0 0 0 13 68 100 0 27 54 0 0 0 0 0 0 74 0 0 0 0 32 0 0 0 0 0 0 0 14 0 0 0 0 0 0 79 37 21 29 0 0 0 0 0 35 0 0 41 0 0 0 0 0 14 0 0 52 84 45 71 0 0 0 0 0 0 0 0 0 0
0 0 2 66 0 45 44 0 0 0 0 0 0 0 0 99 0 0 6 0 0 39 32 0 0 0 32 0 0 0 0 0 0 0 0 0 0 0 0 0 0 0 0 0 0 0 43 21 4 30 0 87 0 0 0 0 0 79 0 98 0 0 77 57 0 99 75 51 0 0 53 0 0 74 0 0 17 0 53 0 0 0 83 0 26 0 0 0 34 0 0 9 39 0 0 43 0 0 0 47
0 0 60 0 85 55 0 0 95 0 98 0 0 0 0 0 0 0 0 6 16 76 0 38 0 0 6 86 0 0 0 0 0 0 0 0 0 0 0 0 0 0 76 0 0 88 0 0 0 0 0 0 0 0 0 97 86 0 0 0 85 0 0 0 0 24 0 0 0 35 0 0 49 19 0 81 47 0 52 0 0 0 18 0 0 18 0 0 0 0 0 0 0 70 0 59 0 50 0 96
0 0 71 0 0 72 61 0 91 0 0 0 0 0 0 75 0 0 0 0 0 0 0 0 0 0 0 0 0 0 0 0 0 85 0 0 84 0 24 0 53 0 60 87 0 0 0 0 0 0 65 0 0 18 0 74 0 0 0 0 0 0 0 0 0 3 0 57 43 18 0 0 0 27 0 77 0 0 0 0 48 0 7 0 20 0 0 0 13 57 0 0 0 0 0 0 0 0 0 0
59 0 17 17 0 0 0 75 27 0 0 0 0 0 0 0 78 0 0 0 33 0 69 0 0 0 0 0 43 54 0 57 0 0 0 0 0 0 0 0 90 88 0 60 0 0 92 0 0 19 37 0 99 0 68 0 0 0 0 0 0 0 0 0 0 0 0 0 15 0 22 0 0 0 0 0 0 0 0 0 0 0 55 0 0 0 0 0 29 76 27 0 0 0 0 0 0 0 0 0
0 74 28 0 0 0 0 0 86 0 0 0 55 0 37 0 0 0 0 0 0 0 83 0 4 0 0 0 0 0 0 0 74 0 0 72 59 22 0 0 0 0 0 0 0 0 0 0 0 0 0 0 0 0 22 0 0 0 0 0 0 0 0 0 22 0 0 0 12 0 57 0 15 0 0 0 0 0 0 0 0 76 0 41 0 0 0 0 13 0 92 0 0 0 0 0 0 0 0 0
0 0 39 97 0 0 0 0 0 27 0 70 58 0 0 0 0 0 0 26 0 0 0 0 65 0 67 0 0 0 0 0 15 20 0 22 0 0 36 0 0 0 0 0 0 0 0 0 0 0 0 0 0 0 0 0 0 0 5 0 68 37 5 97 0 0 0 0 0 19 0 32 80 68 18 79 0 0 38 0 0 0 0 0 0 3 0 0 0 0 0 0 0 0 0 0 0 0 6 0
0 0 0 0 0 0 0 50 0 11 77 0 0 0 0 0 0 0 0 0 0 35 0 0 0 0 0 0 0 0 92 0 0 0 0 32 0 0 92 0 0 0 0 0 84 47 0 0 61 0 0 0 0 21 0 0 0 0 0 0 0 0 0 0 0 0 0 0 0 0 0 0 0 0 47 93 0 0 0 0 0 0 25 0 0 77 30 0 0 43 0 0 11 0 0 0 0 0 0 0
0 52 0 69 0 0 0 0 0 0 0 0 80 0 0 0 0 34 0 0 0 0 0 0 0 0 38 17 0 7 0 0 2 0 74 99 0 0 0 0 0 0 0 0 0 0 0 0 0 0 0 0 9 0 0 0 0 0 0 0 0 78 0 0 0 46 0 0 7 0 0 0 0 0 0 83 0 1 51 0 0 0 0 0 0 33 0 0 53 90 0 0 0 0 0 0 0 0 55 0
0 0 0 0 65 0 0 0 92 0 0 0 0 0 0 0 0 0 7 87 0 0 96 0 0 14 0 0 44 0 0 0 0 0 0 0 0 20 0 0 61 0 79 0 0 0 0 0 0 0 0 0 0 0 0 0 0 0 0 0 0 0 0 0 0 0 0 0 0 0 0 0 0 50 24 0 0 0 93 0 0 78 0 0 0 0 0 0 46 0 44 0 0 0 0 0 0 0 0 0
0 0 61 0 0 0 0 0 0 31 0 0 0 0 53 80 0 0 0 0 0 0 0 12 96 96 0 0 0 64 0 0 0 0 64 52 0 0 15 0 0 0 74 0 0 0 0 10 0 0 70 83 0 93 15 0 61 0 0 0 0 0 0 0 0 48 0 0 0 97 0 0 57 0 0 7 0 0 0 0 0 62 92 84 31 0 0 0 0 0 74 0 0 0 64 0 0 96 43 0
99 0 0 0 0 0 59 0 0 43 54 0 0 75 0 0 0 0 0 0 0 0 50 0 0 0 80 83 0 85 0 0 0 0 0 30 0 32 0 0 0 0 0 0 0 12 86 0 0 0 0 0 0 0 0 25 0 0 0 23 0 0 6 10 77 0 0 24 63 43 0 0 0 0 74 0 0 0 82 44 0 43 9 0 0 82 0 0 0 0 43 0 0 0 48 0 56 37 0 0
0 0 0 52 0 43 0 64 0 0 0 85 27 63 81 0 0 0 0 0 0 4 0 92 0 0 0 0 0 0 0 0 0 0 0 0 0 0 0 17 0 0 0 0 0 94 0 0 28 0 0 0 0 0 0 0 92 0 0 0 0 0 0 34 0 10 0 46 0 0 27 54 33 0 0 0 0 49 0 0 0 0 0 0 0 95 0 66 0 47 0 0 0 0 84 0 0 0 0 78
0 0 0 73 0 0 0 0 0 0 68 0 0 82 0 27 7 0 0 0 0 50 0 86 0 0 0 0 0 0 0 0 0 42 0 0 0 71 23 0 0 0 0 0 0 0 5 0 0 0 37 0 0 7 77 0 12 0 0 0 0 0 0 0 17 82 0 0 0 0 12 0 0 0 0 0 18 53 0 0 0 0 45 0 0 0 0 20 0 64 0 0 0 98 0 0 0 0 0 0
0 72 44 86 0 74 0 44 0 0 78 1 89 0 0 0 0 0 0 0 0 48 0 0 0 54 0 0 0 0 0 0 0 0 0 22 0 13 0 0 41 0 0 0 46 0 83 0 0 0 0 0 13 0 0 0 0 0 0 0 0 0 0 0 23 0 0 0 73 11 0 0 0 0 0 81 0 0 0 0 0 0 0 14 0 0 0 0 0 43 0 0 0 0 0 0 0 0 0 0
0 0 0 10 0 0 0 0 7 82 0 89 0 0 0 68 87 0 0 0 39 20 91 0 0 0 2 0 0 0 0 0 63 0 82 0 0 0 30 0 0 93 0 41 0 18 0 50 0 54 0 0 68 0 21 0 0 0 40 0 0 0 15 0 0 23 0 73 0 0 67 0 0 46 61 31 0 59 0 23 0 0 29 0 0 0 0 0 0 0 0 24 0 0 0 0 0 0 0 0
0 0 0 45 25 0 0 66 0 0 32 47 0 66 0 0 0 0 0 0 55 0 66 60 0 0 19 0 0 0 8 0 0 0 0 37 0 0 0 11 0 0 87 0 0 0 0 0 0 0 0 0 0 92 0 0 0 0 7 0 69 0 30 0 0 0 64 0 0 0 0 0 47 0 0 0 0 0 91 8 92 0 0 0 0 0 17 0 0 0 36 0 0 0 0 0 18 0 0 0
0 0 0 0 0 0 0 0 0 15 0 0 0 0 0 0 0 0 0 0 56 0 72 0 0 0 0 0 0 88 0 0 31 0 0 73 66 82 0 0 0 0 95 28 0 0 0 0 0 0 43 0 0 0 0 0 0 87 40 40 0 0 0 0 0 96 0 0 34 77 94 0 0 0 0 0 6 77 66 54 0 0 0 0 0 0 0 23 0 0 0 0 0 0 0 0 0 10 0 0
0 92 3 0 31 0 52 0 0 0 34 0 0 0 0 34 0 54 0 0 0 0 0 51 0 0 0 0 0 0 0 0 31 37 0 0 64 0 0 0 0 0 0 0 0 0 89 45 84 0 35 0 0 0 0 0 78 0 0 69 7 0 0 0 0 71 76 0 0 0 0 0 0 0 0 0 53 0 0 24 0 92 0 28 0 58 0 7 0 96 0 0 0 12 0 0 0 44 0 0
0 0 5 0 0 0 0 75 0 0 26 0 3 0 0 0 0 0 0 41 0 0 0 0 44 0 0 0 0 14 54 0 20 0 95 0 0 0 0 93 17 0 0 0 0 0 84 0 0 0 0 0 0 0 0 0 0 0 0 0 0 0 0 0 7 0 0 0 7 0 58 23 0 27 53 84 0 0 50 0 0 0 0 7 0 0 0 25 0 6 0 0 0 0 0 47 93 0 0 0
33 0 0 36 0 94 24 0 0 65 6 0 30 0 0 0 0 0 0 0 0 0 0 0 0 37 0 0 0 14 0 0 82 0 0 0 0 0 11 49 0 0 0 0 0 22 0 0 0 0 0 89 0 0 0 84 0 0 0 98 0 28 0 0 0 39 67 0 0 0 0 0 0 0 0 15 0 56 0 0 0 0 0 21 0 0 0 0 0 0 0 85 0 19 0 24 0 64 0 0
0 0 0 9 0 0 1 0 0 0 12 0 0 0 64 0 0 0 0 0 0 0 0 78 74 0 84 0 0 0 0 0 0 0 0 0 0 0 0 0 0 0 0 0 22 93 0 0 0 0 18 0 75 0 0 0 0 0 0 66 0 0 93 0 0 0 0 0 0 0 0 0 36 0 0 86 0 0 79 0 0 59 12 35 0 0 0 0 0 97 81 0 0 0 53 0 0 0 79 0
0 0 0 54 0 0 0 81 0 0 95 72 0 0 0 0 0 0 0 0 0 92 0 0 0 95 0 0 0 0 0 0 0 0 0 25 17 22 0 0 29 0 0 0 0 0 0 0 0 0 0 0 0 0 22 0 0 0 0 0 0 66 0 76 0 0 0 62 0 0 0 0 80 45 33 0 0 0 0 55 0 0 59 12 0 0 0 0 87 0 80 0 30 2 0 0 0 0 0 0
0 0 0 0 0 87 87 0 86 0 28 0 70 0 0 0 0 0 0 70 0 26 3 71 0 0 0 0 0 0 0 0 0 57 0 0 0 0 65 0 0 4 0 0 53 0 0 0 0 0 0 61 0 0 0 0 0 0 0 0 0 0 0 4 0 0 0 0 25 0 0 0 0 0 0 0 94 0 21 0 0 0 0 0 83 0 0 13 0 0 0 0 0 84 0 0 0 0 0 0
0 26 0 0 0 0 0 83 99 0 0 74 0 0 61 61 0 0 51 0 16 38 0 30 6 0 0 0 0 0 0 0 32 0 0 0 87 0 43 49 0 0 31 0 0 0 0 40 0 69 0 0 0 69 0 0 0 0 0 89 0 0 0 0 0 0 50 0 0 73 0 0 61 79 0 0 0 0 0 0 0 0 0 0 0 37 82 0 0 0 0 57 59 0 0 99 0 0 0 48
0 0 0 69 0 0 0 85 0 91 32 0 0 0 0 0 0 0 0 0 0 63 0 0 0 0 99 0 69 87 0 0 0 0 0 0 0 64 0 0 0 0 0 0 30 0 0 0 0 0 0 33 0 0 0 56 0 0 0 0 55 0 0 0 15 0 0 0 0 0 51 0 0 71 0 0 0 0 43 0 0 0 0 0 0 0 0 0 0 0 0 0 3 34 0 79 0 0 22 0
88 0 0 0 0 0 57 0 0 13 0 0 57 0 61 0 54 0 56 0 0 30 0 68 0 60 25 54 28 0 54 0 0 3 85 0 0 0 17 0 76 0 0 0 0 0 0 0 0 0 48 0 0 0 0 0 0 0 93 0 0 97 0 0 0 0 12 75 84 8 33 0 0 0 0 57 0 0 4 7 0 0 0 0 0 0 0 67 0 48 0 0 0 0 52 0 98 0 0 60
0 0 0 0 0 0 0 0 0 0 92 0 0 0 12 0 0 23 0 0 0 8 0 0 95 0 12 0 0 0 0 25 60 0 15 0 0 0 58 8 57 99 0 9 83 12 0 97 0 0 23 0 0 0 4 0 0 0 0 0 0 0 50 0 0 0 0 0 53 93 0 0 15 0 0 0 76 0 0 0 70 0 0 0 0 0 79 0 0 74 0 0 0 0 0 0 0 0 0 0
0 83 0 0 0 0 0 0 0 6 0 65 34 0 0 53 0 0 0 0 0 0 0 0 0 0 0 4 19 0 0 0 69 0 0 80 0 0 0 0 0 0 0 0 0 49 47 0 31 96 0 0 0 0 0 0 79 0 0 92 72 66 0 0 0 0 0 0 0 0 0 100 0 52 0 0 0 0 0 0 97 0 0 0 46 63 0 0 0 0 0 0 0 0 0 0 0 0 0 0
0 22 0 0 95 0 0 34 0 0 0 0 19 0 90 0 0 0 0 0 0 56 0 0 23 0 0 0 82 0 0 0 0 0 50 0 0 0 0 0 0 0 89 98 0 0 12 0 0 0 0 0 0 0 0 0 81 69 0 0 0 0 0 0 0 79 0 0 37 0 0 0 0 0 0 90 0 0 0 0 0 75 0 0 0 0 0 5 0 0 0 90 0 0 0 76 69 0 0 0
54 0 17 0 0 20 59 76 0 10 0 0 0 80 0 0 0 0 0 94 0 0 0 54 0 0 47 0 0 0 0 0 79 0 0 0 0 33 0 0 0 0 0 0 0 16 0 0 0 0 50 84 0 0 0 0 53 0 92 0 86 0 9 68 40 11 0 39 0 63 0 0 0 0 0 0 0 0 0 69 0 0 0 0 0 0 0 0 0 0 15 68 0 0 0 0 0 0 0 0
0 0 0 0 0 23 0 0 0 0 8 0 0 0 0 73 0 0 0 85 0 0 0 0 0 0 0 0 66 0 0 0 0 29 37 0 0 0 0 0 61 0 67 97 0 0 32 0 0 0 14 0 0 0 0 0 0 0 0 0 0 61 0 0 0 0 0 35 0 0 0 0 0 64 0 48 0 34 0 0 76 0 0 0 0 0 0 0 0 0 66 63 0 0 0 0 33 0 1 0
92 0 0 0 0 71 0 0 0 0 0 0 34 81 72 0 0 40 0 0 0 0 0 50 0 0 0 0 0 0 0 0 0 0 0 0 0 0 0 0 0 0 97 0 0 0 44 0 33 0 0 0 0 24 0 0 0 0 0 52 0 0 72 50 0 0 10 0 0 0 0 0 0 0 0 76 0 0 0 0 78 0 0 0 0 0 0 0 36 0 0 0 0 0 0 0 0 0 21 0
0 68 0 0 0 0 96 0 14 0 0 31 0 0 0 0 24 0 0 0 0 0 0 0 0 0 62 0 0 0 0 55 0 0 0 0 0 72 0 0 0 16 0 16 47 30 49 0 0 0 0 0 89 0 56 0 0 0 0 0 46 0 0 0 0 0 27 0 60 0 0 15 86 0 0 0 0 4 0 0 0 0 0 20 0 0 0 0 4 0 0 0 0 88 0 0 0 9 0 0
0 0 0 40 0 0 0 0 0 57 0 0 0 0 96 0 0 0 18 0 16 0 0 0 72 0 93 0 9 0 87 0 0 0 0 0 0 0 72 0 0 0 0 0 0 0 0 0 0 0 0 0 0 0 0 0 0 27 0 0 0 0 0 0 0 0 0 45 0 0 96 0 67 71 0 0 0 0 0 0 90 0 35 0 34 78 0 0 3 0 9 44 91 54 25 0 0 0 0 0
0 0 0 46 0 85 0 0 31 80 0 0 0 0 0 0 0 3 0 0 0 0 0 0 0 74 0 7 0 0 0 0 0 0 0 0 0 0 0 85 0 0 0 0 12 0 0 33 0 0 0 4 0 0 0 0 47 0 78 0 23 0 0 0 0 0 0 34 74 0 0 96 0 0 0 0 0 41 0 0 0 59 97 0 100 16 0 65 0 0 0 0 0 0 43 2 81 0 5 84
0 0 0 100 0 0 0 0 0 0 0 0 0 84 52 54 82 0 0 0 0 0 0 0 0 0 8 0 0 0 0 74 0 0 12 0 0 0 0 0 50 0 0 52 0 0 27 0 92 0 0 0 0 35 2 13 0 0 0 0 0 0 0 0 0 0 0 32 0 0 29 0 0 29 0 10 57 99 0 0 0 0 0 0 92 0 53 0 18 0 0 0 80 0 0 0 0 0 0 0
0 7 16 0 0 67 0 0 45 0 0 0 34 0 95 0 93 0 10 0 0 56 0 0 0 0 24 0 0 0 0 0 0 0 0 0 0 0 0 0 50 0 100 19 0 0 0 0 92 0 0 31 0 6 0 0 0 0 0 0 0 0 0 9 8 18 0 0 0 0 65 18 0 0 0 19 0 98 90 0 0 0 86 0 0 35 60 0 0 87 0 0 0 0 0 0 0 81 31 72
0 0 0 0 73 0 0 99 0 82 0 0 0 0 46 91 0 0 62 0 0 0 0 0 0 0 19 38 0 60 78 0 24 0 0 0 0 0 0 51 0 0 41 98 0 0 8 81 0 0 0 0 0 0 0 32 0 0 0 62 0 0 0 46 0 26 0 0 84 48 0 70 0 87 0 0 0 5 0 0 0 0 37 99 0 0 51 0 1 0 0 52 0 18 0 0 0 0 0 0
0 0 0 0 0 0 0 0 28 0 0 0 0 0 0 0 0 0 0 0 0 0 0 0 0 0 0 0 0 0 0 17 0 0 0 0 0 0 0 0 0 0 0 0 31 0 8 0 0 0 0 0 0 0 0 0 0 0 0 38 0 0 0 0 0 0 0 26 15 0 0 0 67 0 0 0 57 91 67 0 29 0 0 0 0 62 0 0 0 0 0 0 0 84 96 0 0 0 0 0
0 0 0 0 0 0 72 0 0 0 0 75 25 95 0 0 0 59 0 0 0 0 76 0 0 0 0 0 17 29 0 0 0 88 2 0 0 98 66 0 0 0 0 0 0 0 45 0 65 70 0 0 0 75 0 0 0 37 0 0 69 0 0 0 0 0 0 0 0 0 0 0 63 0 23 0 0 0 59 0 0 20 0 0 0 0 0 84 0 87 0 0 22 0 0 0 61 98 27 0
0 15 0 0 0 0 0 0 0 0 0 0 0 17 0 0 53 0 0 16 0 0 0 0 26 24 0 0 0 0 0 0 0 0 0 0 41 0 0 0 0 0 80 0 0 0 0 80 0 0 0 0 82 0 0 0 0 0 0 0 0 0 0 0 0 44 0 0 0 98 0 0 55 0 0 0 0 0 0 0 0 95 0 65 0 0 0 0 0 0 37 0 49 0 0 0 0 10 0 63
1 34 0 0 8 18 0 84 77 83 44 35 63 0 0 0 92 0 0 0 13 24 0 0 0 62 0 77 84 0 0 0 0 0 31 0 17 0 11 0 0 0 0 0 82 0 0 0 66 0 0 0 0 0 25 0 0 0 0 0 0 0 0 0 0 0 0 0 0 0 0 0 0 57 0 0 46 71 0 99 0 0 0 81 3 0 0 6 0 0 0 0 0 0 0 94 0 0 0 0
0 0 0 91 0 0 0 0 0 0 4 7 41 0 0 80 54 0 0 44 0 40 0 0 0 0 59 0 0 40 0 0 0 0 9 0 0 0 0 1 0 97 0 96 0 0 0 17 0 0 0 94 0 0 24 0 5 0 0 68 0 0 0 0 0 0 0 0 0 0 0 94 0 71 0 0 0 0 0 0 0 0 0 0 0 0 31 91 0 98 67 0 0 54 0 31 0 0 0 0
76 79 9 0 93 0 0 0 0 0 45 0 0 0 76 12 0 0 85 0 0 0 0 38 0 0 0 0 0 91 0 0 31 0 42 0 0 0 0 0 0 0 0 54 0 0 43 86 0 0 0 0 0 0 0 0 0 0 0 0 0 1 0 0 0 100 0 0 0 0 0 0 98 0 0 0 32 0 0 80 0 23 16 6 44 0 2 78 38 0 0 0 0 1 86 0 52 0 0 0
0 0 0 0 0 28 0 0 0 0 0 0 0 0 34 0 74 0 0 0 0 0 0 0 0 0 0 79 9 0 0 51 0 0 0 0 0 0 0 0 0 0 53 0 0 0 0 0 0 49 0 0 0 0 4 0 0 36 0 0 84 0 0 0 0 0 0 0 0 0 89 57 0 76 0 0 0 0 0 100 0 61 78 0 24 0 0 23 0 0 0 0 84 92 0 16 0 19 0 0
87 0 0 0 40 0 96 0 0 0 0 49 0 0 59 35 0 0 96 43 0 0 100 0 24 77 0 0 62 12 0 83 55 0 0 0 0 10 0 0 0 0 0 0 97 0 0 0 0 0 0 0 0 0 0 0 0 0 0 0 0 0 0 0 0 0 0 0 0 0 0 0 0 0 0 0 0 0 0 0 5 0 0 81 0 0 0 57 0 0 64 0 77 0 0 71 0 9 49 0
0 0 0 0 0 16 0 62 0 0 0 0 0 0 0 15 32 0 97 51 66 0 0 89 93 0 0 0 0 0 0 0 0 0 0 77 26 0 86 0 0 0 0 0 0 9 60 0 0 29 0 24 0 0 0 44 74 0 0 0 0 29 0 0 37 0 0 0 0 0 61 0 0 0 0 0 0 0 0 0 0 0 0 47 14 32 99 0 0 0 0 41 4 0 0 8 0 0 79 0
47 80 0 0 0 0 0 5 0 65 0 0 14 0 39 6 0 0 0 0 0 56 0 57 0 47 0 0 0 0 0 33 0 0 0 0 0 0 66 0 0 0 0 0 0 0 0 0 0 0 0 0 0 31 4 0 0 0 0 0 0 0 0 64 0 0 26 51 0 18 0 0 0 0 0 0 0 38 59 73 0 0 68 0 0 0 70 0 0 0 51 0 0 0 0 0 0 0 28 81
0 0 0 0 6 5 0 0 0 0 37 77 0 0 0 0 0 0 0 0 0 0 0 0 0 0 42 0 0 0 0 37 0 0 0 33 0 0 0 0 0 60 0 87 0 0 0 0 0 84 0 0 0 0 50 45 0 0 0 0 0 10 0 0 0 0 0 0 0 16 0 0 0 3 99 44 0 0 0 0 0 0 0 5 41 83 0 0 0 59 0 0 79 0 0 46 40 38 75 0
81 11 0 0 0 0 44 0 0 0 0 0 0 0 17 0 0 93 0 0 0 0 0 1 88 0 0 0 0 85 0 90 11 0 0 0 0 0 0 22 0 33 0 7 0 0 0 0 0 0 0 0 0 82 18 0 0 0 91 0 9 82 0 0 0 0 0 7 0 52 0 54 0 0 0 0 0 0 0 0 0 0 0 0 0 0 28 0 0 0 0 31 0 26 0 0 76 0 0 63
9 68 0 0 76 0 0 0 0 0 96 0 0 0 75 0 0 0 0 20 34 21 38 0 0 0 0 0 0 0 42 0 0 0 0 0 0 0 77 0 56 0 0 0 0 0 0 0 95 43 91 0 0 0 0 88 0 0 0 0 77 0 0 0 0 0 0 0 75 0 0 34 0 0 0 0 0 0 0 0 15 0 9 0 0 0 0 0 0 0 0 10 0 26 0 0 0 0 21 0
47 0 0 0 88 0 0 0 0 0 0 0 0 100 0 96 0 0 0 0 0 0 0 0 0 0 0 0 0 0 0 19 0 0 25 0 0 0 0 0 0 0 0 10 69 0 0 29 0 0 0 33 0 0 0 0 4 0 0 0 0 12 0 26 0 0 74 0 0 0 0 32 0 8 0 0 0 0 0 49 0 0 0 0 0 0 0 0 0 0 87 0 0 0 81 0 100 0 0 64
0 60 0 0 0 0 19 0 0 0 13 0 0 0 32 79 0 29 0 71 0 0 0 44 0 0 0 51 0 78 0 0 0 7 93 0 0 0 40 0 0 0 0 4 0 78 0 0 0 45 19 77 0 0 5 0 0 19 0 0 0 0 97 0 0 97 0 0 24 0 34 43 0 27 0 0 0 85 28 69 0 0 0 0 0 45 80 0 0 0 0 0 0 0 0 0 0 0 0 0
100 0 0 17 0 0 0 62 0 0 59 0 0 0 0 13 0 0 84 0 0 0 8 0 64 0 0 0 0 0 30 0 47 0 0 0 0 26 0 44 0 95 0 0 0 31 0 0 0 0 71 0 0 0 75 0 14 0 95 0 0 0 0 0 0 0 0 95 0 0 0 68 0 83 20 0 0 0 51 0 32 0 92 63 0 0 39 0 0 0 0 0 0 64 0 0 0 0 0 0
0 70 0 0 0 0 0 82 0 20 0 0 46 0 0 0 0 0 31 0 21 0 0 0 0 0 9 72 77 0 21 0 0 61 0 0 2 0 0 0 0 66 36 43 0 0 0 0 0 0 0 0 0 0 0 0 0 67 0 0 0 0 0 0 0 22 0 0 0 0 0 0 0 0 0 0 0 0 0 0 0 0 0 23 0 72 0 0 0 0 63 0 0 34 0 0 73 8 84 90
0 0 0 0 0 0 0 0 0 82 0 15 0 0 76 0 0 22 0 76 0 46 0 0 0 0 0 0 0 0 0 0 3 0 0 0 0 0 0 0 0 11 0 0 0 0 0 0 70 0 0 0 91 98 0 0 0 0 0 0 39 0 0 36 61 0 30 0 12 0 0 0 0 0 0 0 0 0 0 0 0 0 0 34 0 0 49 0 0 0 0 0 0 0 0 0 75 0 0 0
35 56 0 0 0 98 0 56 0 0 1 0 0 0 0 0 0 39 21 0 0 0 0 28 22 76 38 0 0 0 0 0 0 0 82 55 0 12 0 0 0 0 44 0 0 50 0 3 0 0 0 0 0 0 0 0 12 0 0 64 0 0 0 40 0 0 0 0 0 0 13 0 0 0 15 0 19 0 0 0 0 45 0 39 0 0 0 0 0 0 0 0 0 0 0 0 0 1 0 0
59 0 0 0 22 0 0 0 0 0 0 0 37 0 10 0 0 71 0 0 80 1 0 18 0 79 0 0 82 0 0 0 0 0 0 81 0 0 0 0 0 0 0 27 0 0 0 0 0 0 0 0 0 0 0 0 44 0 0 66 23 0 0 15 0 0 0 0 0 0 0 0 60 0 64 0 12 0 0 0 0 0 83 0 0 0 0 0 0 0 0 0 60 0 61 22 0 19 90 0
0 18 0 37 0 0 81 0 35 0 16 7 0 0 0 92 0 0 0 0 0 0 0 90 100 0 24 0 92 0 97 0 100 66 58 0 22 49 0 0 51 0 0 0 0 0 56 0 0 0 0 0 0 0 0 0 0 15 0 0 0 81 0 0 19 64 0 0 0 0 0 0 0 0 0 0 0 0 1 0 72 0 0 0 57 0 8 0 0 0 81 62 56 0 0 0 0 0 0 0
48 0 0 0 0 23 88 0 0 0 0 97 0 0 0 11 0 0 0 0 0 78 0 0 0 0 0 0 0 0 17 60 43 0 0 0 0 0 0 0 43 0 0 0 5 0 0 63 0 0 0 0 1 0 0 0 6 100 0 0 65 0 0 0 0 0 0 0 0 0 0 0 0 0 0 0 0 0 0 0 0 0 0 13 52 10 0 0 0 3 0 0 0 33 0 24 0 0 0 29
0 0 9 0 16 0 0 0 0 0 52 88 0 0 39 0 82 0 34 0 0 0 0 0 0 0 0 0 0 0 0 0 0 0 0 0 0 3 0 0 0 93 0 0 81 0 0 61 0 0 0 0 0 0 0 0 0 42 0 0 40 0 0 0 0 0 0 0 0 0 0 98 0 0 27 0 0 0 0 0 0 0 0 0 58 0 0 0 0 35 0 63 79 0 0 0 0 0 12 0
0 0 0 0 0 0 0 0 0 0 0 0 0 0 0 0 0 0 0 16 0 0 70 0 0 0 0 78 0 0 0 0 0 0 0 0 0 0 0 0 0 0 0 15 0 0 0 0 0 0 0 0 26 74 0 0 0 0 42 0 0 0 57 62 34 0 0 55 7 0 33 0 44 0 0 0 19 0 0 0 26 0 0 0 0 0 0 45 0 97 0 0 0 0 0 0 13 0 0 0
0 0 0 0 0 0 0 0 2 36 0 0 0 0 63 0 0 0 0 0 0 0 20 0 0 61 0 0 0 0 3 0 32 71 0 0 0 0 0 0 78 84 0 0 0 0 0 0 0 38 98 0 0 81 0 0 0 0 77 0 13 0 0 0 0 0 4 45 9 0 0 0 0 28 37 0 2 0 0 20 0 0 41 0 0 0 0 70 0 0 40 76 0 0 0 0 0 0 0 0
0 0 0 91 0 0 0 28 0 0 18 0 0 0 0 0 45 0 0 0 0 33 0 26 0 0 77 0 92 5 0 36 0 0 76 0 0 0 0 0 0 0 0 0 0 0 0 27 98 0 0 0 87 70 0 0 69 0 0 0 0 0 0 11 49 0 0 85 0 47 78 0 0 0 0 0 53 0 0 0 0 0 0 0 0 0 0 80 0 0 78 0 0 2 0 69 0 0 0 95
60 75 33 0 91 0 0 16 0 57 0 0 0 0 89 0 0 0 0 93 0 36 32 0 0 77 0 0 0 0 12 0 94 0 0 0 0 0 0 0 1 0 0 0 59 0 95 0 0 0 0 0 0 91 0 0 39 0 0 0 0 74 0 0 0 0 48 0 40 30 0 0 0 0 0 0 0 0 0 0 0 0 0 96 0 29 0 0 0 0 22 0 72 0 0 0 0 0 0 0
0 0 0 0 0 0 0 0 0 0 0 88 0 0 23 0 0 0 24 0 0 0 0 73 0 0 0 0 41 0 0 28 0 0 0 0 0 0 0 0 0 0 9 0 0 0 0 0 65 0 0 0 13 0 0 0 0 43 0 0 44 84 0 29 0 0 16 54 0 0 0 0 37 62 0 0 38 0 0 3 0 0 0 0 0 0 59 0 0 0 0 0 0 0 0 82 88 56 0 98
0 0 0 0 0 93 0 0 0 0 0 0 0 37 0 27 0 0 0 0 0 0 0 0 0 0 0 0 0 0 0 0 0 35 86 0 12 0 31 0 0 73 0 0 10 0 0 0 0 0 0 25 0 0 14 0 0 8 0 4 0 0 0 0 0 0 3 0 0 0 0 0 0 0 0 0 25 0 0 0 0 0 96 72 0 0 0 96 25 0 0 79 0 0 0 0 0 0 61 0
26 86 0 0 0 0 0 0 86 49 0 0 0 0 0 0 41 0 23 0 0 95 0 0 0 0 0 0 74 0 0 0 0 0 0 54 15 0 0 15 0 0 0 91 1 0 0 0 0 0 0 30 0 0 0 0 0 0 0 0 7 0 0 58 0 23 0 81 68 0 0 1 0 0 80 0 0 0 0 25 0 0 0 0 0 0 0 74 0 36 0 0 0 0 0 0 0 0 0 19
0 0 0 74 0 0 0 17 0 0 0 0 0 0 0 0 0 0 0 0 63 0 0 0 0 0 17 0 57 0 80 0 0 0 0 27 19 85 0 0 0 0 0 25 40 0 0 29 0 0 0 0 0 0 0 0 0 33 0 0 97 0 0 61 0 0 0 0 0 0 25 0 0 58 0 44 1 0 0 0 0 54 0 0 0 36 0 0 0 0 0 0 4 56 0 0 0 0 0 0
3 0 0 0 91 0 0 0 0 0 0 6 0 24 0 0 0 0 0 35 0 0 0 86 16 0 0 0 0 37 17 0 91 52 39 0 0 0 32 0 0 0 63 0 0 15 86 80 0 0 0 0 0 0 0 0 0 53 0 56 35 0 7 50 0 0 11 23 0 0 0 0 24 0 0 0 0 0 57 88 0 0 38 0 0 85 0 0 0 0 0 0 0 5 0 0 0 0 0 0
0 76 0 0 0 0 75 0 0 97 0 0 0 0 0 0 0 64 16 0 0 0 0 0 0 0 0 0 0 0 0 0 0 0 0 0 47 0 27 0 0 0 0 0 0 0 0 11 0 0 0 0 0 0 0 0 38 71 0 0 0 45 0 0 0 4 47 0 0 0 0 0 0 64 35 0 0 0 0 74 0 0 0 0 12 94 0 0 0 20 96 0 0 0 95 0 5 82 0 15
0 0 0 0 0 88 0 63 0 0 0 90 0 41 0 0 65 64 0 0 0 55 0 68 0 0 84 0 0 0 0 0 0 59 0 0 0 0 0 0 0 0 81 62 73 31 0 48 34 0 93 0 0 96 53 0 0 31 0 0 56 97 0 0 0 65 87 0 91 14 0 0 0 0 0 0 0 0 68 22 0 65 0 78 43 89 0 0 0 0 0 0 0 0 0 0 54 0 0 0
0 2 0 0 0 0 0 0 0 0 0 0 0 0 0 0 7 0 0 0 0 49 0 0 0 0 0 0 0 0 0 0 0 0 62 0 0 0 0 0 55 0 0 0 0 0 0 0 0 0 0 0 5 18 0 0 0 72 0 0 0 0 0 0 0 15 0 89 27 0 0 8 0 0 0 0 51 0 0 0 0 0 0 0 0 0 30 0 66 0 0 79 13 0 0 0 0 0 0 0
0 0 2 0 13 0 0 0 0 0 0 0 0 87 0 6 0 0 0 0 0 0 0 0 0 55 0 0 0 0 0 0 81 65 0 0 98 0 0 0 3 0 0 0 0 0 0 0 0 0 0 0 42 0 38 0 0 0 0 24 0 0 0 0 0 0 0 0 0 0 0 0 0 9 0 0 0 0 0 0 0 0 0 0 0 0 98 0 0 0 0 0 0 0 0 0 0 0 0 22
0 0 21 0 0 27 0 60 0 18 0 0 0 0 0 0 0 0 0 0 0 0 0 32 0 0 0 98 0 0 28 0 0 0 0 0 0 61 0 0 100 0 0 0 0 0 0 37 94 0 0 0 0 0 0 0 18 46 0 55 0 79 0 0 58 0 0 0 84 0 0 0 0 95 21 0 68 0 72 0 0 0 0 5 0 0 0 0 0 0 0 0 0 2 0 0 0 0 26 0
0 0 0 0 92 0 0 19 0 0 0 0 0 0 0 0 60 0 0 0 0 11 0 0 0 0 0 0 83 0 81 0 0 0 0 0 0 80 0 66 0 0 0 0 0 0 0 0 12 0 0 0 0 0 0 0 0 0 0 0 80 0 0 0 21 17 0 92 0 34 0 0 0 0 0 0 69 0 0 8 0 0 0 0 0 0 0 0 0 0 0 59 0 0 0 0 0 0 0 62
0 28 0 0 24 0 0 69 0 0 0 0 0 0 0 80 0 6 0 21 0 0 14 0 6 24 0 0 17 0 0 0 96 7 64 23 0 0 0 0 0 0 72 0 0 8 0 3 26 0 0 0 0 0 0 0 0 0 77 10 0 0 0 0 0 0 0 0 0 0 0 0 0 0 0 0 0 97 0 26 0 0 0 0 0 71 0 0 0 0 0 0 0 0 0 0 0 0 86 0
0 0 0 0 0 0 0 0 0 0 0 18 0 0 0 0 0 0 0 0 0 0 89 67 0 62 0 0 0 0 29 0 0 0 0 48 0 0 93 0 0 0 94 0 0 0 0 0 58 0 0 83 0 0 0 93 0 0 4 0 0 0 0 94 0 0 0 0 13 0 0 0 0 0 50 0 65 0 29 0 0 36 0 0 0 73 0 0 0 93 0 0 22 0 0 0 0 0 0 0
2 0 98 0 4 0 35 96 28 0 0 1 0 0 0 0 40 0 32 0 100 0 0 25 0 25 0 83 0 0 0 0 0 53 0 0 0 98 0 0 28 0 0 39 0 79 0 0 5 51 0 5 0 0 0 75 0 53 40 0 0 0 0 0 0 0 91 0 0 0 0 0 48 0 0 20 0 0 0 48 0 0 0 74 0 0 42 0 99 0 44 79 0 0 60 0 0 0 0 0
0 9 0 0 0 0 0 0 0 0 0 0 0 18 0 0 0 0 0 0 0 0 0 0 0 8 0 0 0 0 0 10 46 49 0 0 0 0 0 0 54 0 0 0 0 14 0 16 0 0 0 0 0 55 3 0 0 23 0 62 10 11 97 0 0 0 64 0 0 22 0 6 72 0 0 40 0 0 49 7 0 0 0 1 0 0 0 59 0 73 0 49 28 0 0 0 0 0 0 0
0 60 78 0 0 0 0 43 0 26 64 0 0 0 0 0 0 26 0 0 0 0 0 0 0 0 40 0 0 0 0 0 0 0 0 51 63 0 0 0 0 10 0 4 0 0 0 48 0 0 68 0 0 0 86 31 0 0 0 0 0 0 0 0 0 0 0 0 29 0 26 0 0 0 0 62 0 0 91 0 0 0 25 6 0 0 0 0 0 0 0 0 0 32 0 0 0 0 0 0
0 0 0 0 0 0 0 0 0 0 0 0 0 0 17 0 0 100 48 79 48 0 0 97 0 0 0 0 0 0 0 0 0 41 0 0 0 65 37 0 78 0 75 0 0 0 39 0 0 6 26 0 0 0 0 95 0 0 92 0 0 52 61 0 0 15 0 0 11 0 0 57 0 0 92 71 98 0 99 0 0 0 33 0 19 0 0 0 23 55 57 0 0 0 0 0 0 0 0 0
0 0 0 0 64 0 0 0 0 96 0 0 0 0 0 0 1 0 0 0 0 0 0 0 63 0 0 0 0 0 0 0 8 0 0 87 31 0 0 0 0 0 3 2 0 0 24 0 87 0 46 89 0 0 59 0 0 0 0 0 0 0 0 0 15 0 0 0 0 0 0 0 0 37 0 62 97 0 2 85 0 0 0 0 0 0 0 0 0 0 0 0 0 0 0 40 0 0 34 0
0 84 28 0 98 58 0 0 0 0 0 0 0 47 0 0 94 3 0 0 0 0 91 0 0 0 83 0 0 0 22 0 0 87 0 0 0 0 0 0 0 0 0 0 0 90 0 91 0 0 0 8 0 0 0 0 0 0 0 43 46 0 0 0 0 40 0 0 0 0 0 44 0 0 0 0 0 0 99 0 99 0 28 0 15 0 0 39 0 0 0 0 0 0 0 0 0 0 0 58
52 94 23 0 0 0 0 0 0 0 0 38 0 0 0 0 0 0 0 0 0 0 11 0 29 0 0 0 22 0 95 32 0 0 0 0 0 0 6 0 0 0 0 0 0 0 0 0 0 0 0 0 60 0 0 63 0 0 75 39 60 1 0 0 55 13 0 31 62 0 0 0 0 0 0 96 30 0 0 0 0 0 0 80 0 0 0 100 0 0 0 42 5 0 39 0 0 62 1 0
0 17 0 0 0 51 0 0 0 81 26 0 0 0 0 0 0 0 0 0 0 0 0 0 0 0 0 0 0 0 0 77 0 0 25 0 0 0 0 0 0 0 0 59 0 0 95 55 67 0 42 0 0 54 0 23 0 0 0 0 0 70 0 0 0 0 0 65 0 0 37 0 0 1 91 73 0 65 0 0 0 0 53 0 0 0 0 93 0 0 0 42 0 96 0 86 0 30 0 0
100 0 0 0 0 0 0 0 39 0 25 0 0 93 0 0 0 0 0 39 0 0 0 0 0 0 0 0 26 40 0 0 25 0 0 0 0 0 0 0 0 0 0 45 52 0 0 0 0 0 0 0 0 0 0 0 0 0 0 0 0 59 0 24 0 0 0 0 0 70 0 0 0 0 0 0 0 0 6 0 12 0 0 0 0 0 0 36 0 76 0 0 0 0 0 42 0 0 0 5
0 0 0 0 99 0 0 60 0 0 0 0 0 0 0 0 9 0 0 0 62 0 0 0 0 0 0 34 0 0 0 0 0 0 94 0 0 58 86 84 60 0 15 0 41 0 0 21 0 0 0 0 77 0 0 0 0 38 0 0 0 0 99 0 23 0 88 15 66 0 0 0 0 5 0 0 98 29 0 45 0 0 0 0 0 0 14 0 0 0 0 29 0 0 0 0 0 0 0 0
0 53 0 0 0 91 0 0 0 0 0 0 0 0 0 0 0 75 0 88 0 0 0 0 79 0 0 0 0 0 0 81 98 0 0 0 0 0 0 0 0 0 0 0 0 0 0 0 0 39 0 0 0 0 0 0 0 0 0 0 0 0 55 0 0 1 0 0 31 0 0 0 64 81 0 0 0 0 0 0 0 0 0 0 73 0 0 49 0 0 0 0 0 0 0 0 0 0 0 0
0 0 0 0 0 0 0 0 0 0 0 0 0 0 0 26 46 22 16 0 0 0 0 0 74 75 0 14 0 0 0 11 86 0 0 88 0 0 76 0 60 0 0 0 16 0 0 0 2 78 0 54 0 0 0 0 0 0 0 90 0 0 0 0 22 40 0 90 77 0 0 0 0 57 0 0 69 0 0 0 0 0 54 0 0 0 0 0 0 0 0 14 0 0 0 0 11 0 0 0
0 0 0 0 0 0 0 0 0 0 0 0 0 0 0 0 0 72 56 0 0 83 0 0 0 0 0 82 0 82 0 0 0 0 0 0 0 76 0 72 32 0 0 0 0 56 0 0 0 0 0 0 0 46 0 0 16 0 0 0 52 0 0 0 0 0 83 0 13 0 0 0 4 0 51 66 0 0 0 0 51 0 0 0 26 0 0 0 0 0 0 0 0 0 0 0 0 0 43 0
60 62 0 30 0 0 0 0 49 0 0 0 15 7 0 0 0 12 0 0 0 0 45 66 0 39 0 0 0 0 0 0 0 0 0 0 63 94 0 79 0 0 0 16 0 0 0 0 78 0 0 0 12 0 0 0 85 42 0 0 79 34 0 0 0 0 0 0 0 0 67 0 0 0 0 0 0 72 0 0 0 0 0 0 3 0 0 0 0 45 0 0 0 0 0 0 0 82 0 27
82 0 51 0 0 84 0 44 0 67 0 0 0 0 0 0 87 0 0 71 3 89 39 23 0 0 0 0 0 0 0 0 0 0 3 7 81 0 54 0 21 0 0 29 0 0 0 0 0 0 0 0 84 0 53 0 86 87 0 0 0 77 0 0 0 0 3 0 38 26 0 0 0 0 0 70 0 0 1 0 0 0 0 0 0 0 0 0 0 0 0 0 88 0 58 0 64 0 0 0
0 0 0 0 65 11 0 0 0 0 0 0 0 0 0 0 0 0 0 0 0 0 0 80 0 94 0 0 0 0 0 0 0 65 0 0 46 0 0 0 0 0 0 0 0 0 0 0 0 0 0 6 0 0 51 0 0 0 0 42 0 0 0 0 0 0 0 0 0 0 0 43 0 0 0 0 0 0 0 0 0 36 0 65 0 0 0 0 0 0 96 91 0 80 0 0 0 0 0 0
0 19 0 34 0 0 0 0 0 36 0 0 0 0 0 0 83 0 0 53 0 0 0 0 0 0 68 0 0 0 55 0 0 0 49 0 20 0 0 0 0 0 0 0 0 15 72 0 0 0 0 0 0 2 0 89 55 69 0 0 0 0 70 61 0 0 0 0 0 0 0 0 0 0 41 0 0 52 0 0 0 0 0 0 0 19 0 29 23 0 0 0 0 0 90 0 92 0 30 0
0 67 19 50 0 0 0 0 41 41 0 0 0 0 0 0 0 78 0 0 0 0 85 0 0 0 0 0 0 31 0 0 0 0 0 31 0 85 0 73 0 0 0 0 0 0 0 0 0 0 0 21 0 47 0 0 0 0 0 0 0 0 0 6 0 0 0 38 0 96 14 0 0 68 34 0 0 0 0 0 0 62 0 54 0 0 0 0 0 0 43 45 98 0 0 0 0 0 0 24
0 37 18 23 0 0 0 0 0 0 0 61 0 0 0 0 8 0 0 0 99 0 11 48 67 0 0 0 0 0 0 0 0 0 0 0 0 0 0 4 0 0 0 60 0 47 0 0 0 0 0 0 0 60 0 0 13 0 5 0 88 0 0 7 0 0 0 0 0 0 0 0 0 0 0 0 3 42 0 0 0 0 0 0 52 0 92 73 0 0 36 0 0 0 94 0 0 0 0 86
0 0 96 0 4 0 0 0 0 0 0 0 42 0 0 0 0 0 0 0 0 98 43 1 0 0 0 0 0 0 0 0 0 92 0 56 0 0 0 0 0 0 0 0 0 0 18 0 0 0 0 0 65 0 0 9 18 0 0 0 0 17 0 0 0 0 0 0 20 0 0 0 0 0 0 0 0 0 0 0 0 0 0 44 63 0 3 0 0 0 0 64 0 0 90 0 0 47 0 0
64 0 0 0 0 0 0 0 78 0 0 0 0 0 53 63 0 78 0 0 0 0 56 0 0 0 14 0 0 0 0 0 0 0 0 0 0 0 0 82 21 0 0 0 0 0 2 0 0 0 0 0 0 47 0 59 0 0 0 0 0 41 0 0 0 0 0 0 0 0 0 0 0 66 0 14 0 0 51 0 0 0 0 82 0 53 0 0 0 0 0 46 0 0 0 53 0 44 0 17
0 58 0 98 0 0 13 24 0 0 0 0 0 40 0 97 0 0 0 0 0 0 0 44 53 0 48 47 0 0 0 0 0 95 6 19 0 40 45 0 0 0 0 0 0 7 0 0 0 0 4 0 0 0 0 0 0 0 75 0 0 0 0 0 0 52 99 77 22 0 0 0 0 0 3 0 0 15 0 0 0 0 0 10 0 0 86 16 47 41 0 0 0 0 0 0 0 0 0 0
0 0 56 33 0 34 64 0 0 0 0 0 0 0 0 82 0 0 85 0 0 77 84 0 0 0 58 0 0 0 0 0 0 0 0 0 0 0 0 0 0 0 0 0 0 0 96 24 25 46 0 14 0 0 0 0 0 75 0 91 0 0 31 63 0 10 79 69 0 0 25 0 0 41 0 0 57 0 10 0 0 0 74 0 95 0 0 0 39 0 0 93 34 0 0 80 0 0 0 97
0 0 14 0 62 58 0 0 61 0 4 0 0 0 0 0 0 0 0 36 93 75 0 7 0 0 5 15 0 0 0 0 0 0 0 0 0 0 0 0 0 0 96 0 0 21 0 0 0 0 0 0 0 0 0 43 66 0 0 0 100 0 0 0 0 28 0 0 0 37 0 0 100 89 0 75 94 0 6 0 0 0 3 0 0 82 0 0 0 0 0 0 0 100 0 28 0 76 0 88
0 0 77 0 0 88 78 0 74 0 0 0 0 0 0 70 0 0 0 0 0 0 0 0 0 0 0 0 0 0 0 0 0 46 0 0 75 0 56 0 21 0 87 50 0 0 0 0 0 0 56 0 0 55 0 100 0 0 0 0 0 0 0 0 0 62 0 72 97 62 0 0 0 6 0 14 0 0 0 0 93 0 47 0 25 0 0 0 46 58 0 0 0 0 0 0 0 0 0 0
69 0 82 2 0 0 0 69 82 0 0 0 0 0 0 0 72 0 0 0 31 0 73 0 0 0 0 0 72 40 0 10 0 0 0 0 0 0 0 0 48 16 0 7 0 0 21 0 0 23 99 0 52 0 20 0 0 0 0 0 0 0 0 0 0 0 0 0 13 0 55 0 0 0 0 0 0 0 0 0 0 0 10 0 0 0 0 0 21 14 83 0 0 0 0 0 0 0 0 0
0 25 32 0 0 0 0 0 89 0 0 0 19 0 66 0 0 0 0 0 0 0 28 0 36 0 0 0 0 0 0 0 64 0 0 65 89 38 0 0 0 0 0 0 0 0 0 0 0 0 0 0 0 0 71 0 0 0 0 0 0 0 0 0 19 0 0 0 30 0 69 0 42 0 0 0 0 0 0 0 0 39 0 73 0 0 0 0 11 0 89 0 0 0 0 0 0 0 0 0
0 0 9 87 0 0 0 0 0 13 0 72 62 0 0 0 0 0 0 85 0 0 0 0 5 0 61 0 0 0 0 0 94 1 0 46 0 0 13 0 0 0 0 0 0 0 0 0 0 0 0 0 0 0 0 0 0 0 55 0 79 25 24 52 0 0 0 0 0 37 0 31 2 13 68 75 0 0 95 0 0 0 0 0 0 64 0 0 0 0 0 0 0 0 0 0 0 0 13 0
0 0 0 0 0 0 0 58 0 35 76 0 0 0 0 0 0 0 0 0 0 68 0 0 0 0 0 0 0 0 58 0 0 0 0 70 0 0 84 0 0 0 0 0 2 60 0 0 80 0 0 0 0 62 0 0 0 0 0 0 0 0 0 0 0 0 0 0 0 0 0 0 0 0 82 92 0 0 0 0 0 0 56 0 0 24 29 0 0 100 0 0 2 0 0 0 0 0 0 0
0 80 0 75 0 0 0 0 0 0 0 0 41 0 0 0 0 45 0 0 0 0 0 0 0 0 23 8 0 58 0 0 11 0 61 66 0 0 0 0 0 0 0 0 0 0 0 0 0 0 0 0 97 0 0 0 0 0 0 0 0 100 0 0 0 42 0 0 83 0 0 0 0 0 0 47 0 77 61 0 0 0 0 0 0 59 0 0 14 14 0 0 0 0 0 0 0 0 85 0
0 0 0 0 36 0 0 0 33 0 0 0 0 0 0 0 0 0 85 88 0 0 41 0 0 97 0 0 80 0 0 0 0 0 0 0 0 67 0 0 51 0 53 0 0 0 0 0 0 0 0 0 0 0 0 0 0 0 0 0 0 0 0 0 0 0 0 0 0 0 0 0 0 33 8 0 0 0 91 0 0 41 0 0 0 0 0 0 76 0 74 0 0 0 0 0 0 0 0 0
0 0 68 0 0 0 0 0 0 75 0 0 0 0 58 20 0 0 0 0 0 0 0 53 1 78 0 0 0 59 0 0 0 0 80 18 0 0 95 0 0 0 8 0 0 0 0 77 0 0 67 56 0 49 34 0 93 0 0 0 0 0 0 0 0 93 0 0 0 50 0 0 68 0 0 1 0 0 0 0 0 11 35 3 6 0 0 0 0 0 75 0 0 0 18 0 0 49 95 0
83 0 0 0 0 0 9 0 0 74 29 0 0 88 0 0 0 0 0 0 0 0 34 0 0 0 46 35 0 69 0 0 0 0 0 37 0 18 0 0 0 0 0 0 0 43 70 0 0 0 0 0 0 0 0 55 0 0 0 48 0 0 26 21 63 0 0 52 33 88 0 0 0 0 84 0 0 0 44 1 0 81 76 0 0 81 0 0 0 0 37 0 0 0 90 0 28 78 0 0
0 0 0 92 0 41 0 65 0 0 0 67 25 48 58 0 0 0 0 0 0 54 0 7 0 0 0 0 0 0 0 0 0 0 0 0 0 0 0 62 0 0 0 0 0 25 0 0 91 0 0 0 0 0 0 0 38 0 0 0 0 0 0 34 0 67 0 25 0 0 59 76 20 0 0 0 0 51 0 0 0 0 0 0 0 74 0 70 0 33 0 0 0 0 47 0 0 0 0 31
0 0 0 75 0 0 0 0 0 0 77 0 0 64 0 67 36 0 0 0 0 31 0 76 0 0 0 0 0 0 0 0 0 40 0 0 0 23 23 0 0 0 0 0 0 0 1 0 0 0 73 0 0 22 8 0 31 0 0 0 0 0 0 0 31 87 0 0 0 0 17 0 0 0 0 0 94 40 0 0 0 0 24 0 0 0 0 88 0 1 0 0 0 48 0 0 0 0 0 0
0 34 49 18 0 40 0 19 0 0 58 95 70 0 0 0 0 0 0 0 0 52 0 0 0 68 0 0 0 0 0 0 0 0 0 76 0 26 0 0 76 0 0 0 54 0 91 0 0 0 0 0 47 0 0 0 0 0 0 0 0 0 0 0 90 0 0 0 5 95 0 0 0 0 0 69 0 0 0 0 0 0 0 90 0 0 0 0 0 39 0 0 0 0 0 0 0 0 0 0
0 0 0 38 0 0 0 0 57 3 0 7 0 0 0 66 91 0 0 0 8 67 62 0 0 0 16 0 0 0 0 0 27 0 12 0 0 0 22 0 0 46 0 35 0 77 0 9 0 76 0 0 2 0 51 0 0 0 73 0 0 0 35 0 0 31 0 30 0 0 94 0 0 76 35 56 0 17 0 40 0 0 51 0 0 0 0 0 0 0 0 26 0 0 0 0 0 0 0 0
0 0 0 56 73 0 0 69 0 0 69 50 0 30 0 0 0 0 0 0 74 0 41 50 0 0 49 0 0 0 68 0 0 0 0 74 0 0 0 26 0 0 91 0 0 0 0 0 0 0 0 0 0 52 0 0 0 0 66 0 52 0 42 0 0 0 65 0 0 0 0 0 72 0 0 0 0 0 28 69 13 0 0 0 0 0 73 0 0 0 71 0 0 0 0 0 33 0 0 0
0 0 0 0 0 0 0 0 0 12 0 0 0 0 0 0 0 0 0 0 75 0 92 0 0 0 0 0 0 84 0 0 12 0 0 46 99 25 0 0 0 0 14 6 0 0 0 0 0 0 66 0 0 0 0 0 0 1 46 1 0 0 0 0 0 50 0 0 58 5 31 0 0 0 0 0 50 99 5 10 0 0 0 0 0 0 0 79 0 0 0 0 0 0 0 0 0 90 0 0
0 66 79 0 63 0 96 0 0 0 60 0 0 0 0 8 0 35 0 0 0 0 0 13 0 0 0 0 0 0 0 0 72 86 0 0 9 0 0 0 0 0 0 0 0 0 79 53 72 0 65 0 0 0 0 0 79 0 0 18 19 0 0 0 0 8 33 0 0 0 0 0 0 0 0 0 15 0 0 13 0 76 0 13 0 27 0 23 0 41 0 0 0 75 0 0 0 43 0 0
0 0 47 0 0 0 0 96 0 0 3 0 17 0 0 0 0 0 0 79 0 0 0 0 84 0 0 0 0 77 45 0 34 0 41 0 0 0 0 30 56 0 0 0 0 0 1 0 0 0 0 0 0 0 0 0 0 0 0 0 0 0 0 0 77 0 0 0 37 0 40 3 0 75 100 53 0 0 50 0 0 0 0 39 0 0 0 54 0 99 0 0 0 0 0 93 1 0 0 0
29 0 0 61 0 63 22 0 0 5 65 0 96 0 0 0 0 0 0 0 0 0 0 0 0 80 0 0 0 13 0 0 77 0 0 0 0 0 75 43 0 0 0 0 0 46 0 0 0 0 0 50 0 0 0 25 0 0 0 1 0 6 0 0 0 73 16 0 0 0 0 0 0 0 0 7 0 61 0 0 0 0 0 38 0 0 0 0 0 0 0 92 0 23 0 94 0 96 0 0
0 0 0 92 0 0 4 0 0 0 11 0 0 0 41 0 0 0 0 0 0 0 0 13 72 0 67 0 0 0 0 0 0 0 0 0 0 0 0 0 0 0 0 0 77 81 0 0 0 0 21 0 56 0 0 0 0 0 0 96 0 0 88 0 0 0 0 0 0 0 0 0 12 0 0 59 0 0 76 0 0 24 46 14 0 0 0 0 0 100 6 0 0 0 39 0 0 0 75 0
0 0 0 62 0 0 0 55 0 0 81 93 0 0 0 0 0 0 0 0 0 51 0 0 0 29 0 0 0 0 0 0 0 0 0 74 3 78 0 0 73 0 0 0 0 0 0 0 0 0 0 0 0 0 90 0 0 0 0 0 0 33 0 7 0 0 0 100 0 0 0 0 12 26 24 0 0 0 0 24 0 0 80 48 0 0 0 0 68 0 12 0 87 88 0 0 0 0 0 0
0 0 0 0 0 80 20 0 85 0 84 0 23 0 0 0 0 0 0 58 0 45 47 28 0 0 0 0 0 0 0 0 0 97 0 0 0 0 59 0 0 66 0 0 67 0 0 0 0 0 0 66 0 0 0 0 0 0 0 0 0 0 0 49 0 0 0 0 17 0 0 0 0 0 0 0 65 0 83 0 0 0 0 0 19 0 0 79 0 0 0 0 0 74 0 0 0 0 0 0
0 12 0 0 0 0 0 48 60 0 0 11 0 0 72 89 0 0 36 0 39 12 0 41 69 0 0 0 0 0 0 0 20 0 0 0 17 0 66 46 0 0 70 0 0 0 0 38 0 2 0 0 0 56 0 0 0 0 0 88 0 0 0 0 0 0 85 0 0 56 0 0 8 46 0 0 0 0 0 0 0 0 0 0 0 94 73 0 0 0 0 91 23 0 0 69 0 0 0 69
0 0 0 4 0 0 0 72 0 34 76 0 0 0 0 0 0 0 0 0 0 29 0 0 0 0 96 0 53 91 0 0 0 0 0 0 0 88 0 0 0 0 0 0 16 0 0 0 0 0 0 55 0 0 0 85 0 0 0 0 13 0 0 0 84 0 0 0 0 0 52 0 0 86 0 0 0 0 42 0 0 0 0 0 0 0 0 0 0 0 0 0 54 94 0 34 0 0 86 0
18 0 0 0 0 0 99 0 0 3 0 0 7 0 83 0 99 0 91 0 0 45 0 72 0 17 42 42 39 0 94 0 0 15 13 0 0 0 27 0 52 0 0 0 0 0 0 0 0 0 91 0 0 0 0 0 0 0 63 0 0 49 0 0 0 0 94 38 53 11 10 0 0 0 0 1 0 0 79 87 0 0 0 0 0 0 0 16 0 93 0 0 0 0 57 0 5 0 0 95
0 0 0 0 0 0 0 0 0 0 9 0 0 0 26 0 0 69 0 0 0 44 0 0 90 0 12 0 0 0 0 3 99 0 44 0 0 0 8 89 29 50 0 28 21 14 0 39 0 0 46 0 0 0 4 0 0 0 0 0 0 0 88 0 0 0 0 0 80 25 0 0 81 0 0 0 4 0 0 0 99 0 0 0 0 0 53 0 0 12 0 0 0 0 0 0 0 0 0 0
0 98 0 0 0 0 0 0 0 60 0 100 80 0 0 73 0 0 0 0 0 0 0 0 0 0 0 44 89 0 0 0 7 0 0 59 0 0 0 0 0 0 0 0 0 74 31 0 82 65 0 0 0 0 0 0 25 0 0 6 32 3 0 0 0 0 0 0 0 0 0 66 0 52 0 0 0 0 0 0 57 0 0 0 55 53 0 0 0 0 0 0 0 0 0 0 0 0 0 0
0 61 0 0 2 0 0 31 0 0 0 0 22 0 99 0 0 0 0 0 0 42 0 0 15 0 0 0 6 0 0 0 0 0 80 0 0 0 0 0 0 0 29 76 0 0 85 0 0 0 0 0 0 0 0 0 89 9 0 0 0 0 0 0 0 23 0 0 17 0 0 0 0 0 0 93 0 0 0 0 0 24 0 0 0 0 0 43 0 0 0 76 0 0 0 48 22 0 0 0
79 0 97 0 0 25 42 43 0 43 0 0 0 57 0 0 0 0 0 22 0 0 0 96 0 0 44 0 0 0 0 0 9 0 0 0 0 100 0 0 0 0 0 0 0 10 0 0 0 0 37 19 0 0 0 0 55 0 45 0 85 0 49 40 52 51 0 25 0 80 0 0 0 0 0 0 0 0 0 66 0 0 0 0 0 0 0 0 0 0 100 95 0 0 0 0 0 0 0 0
0 0 0 0 0 4 0 0 0 0 63 0 0 0 0 54 0 0 0 11 0 0 0 0 0 0 0 0 81 0 0 0 0 42 50 0 0 0 0 0 1 0 30 33 0 0 66 0 0 0 75 0 0 0 0 0 0 0 0 0 0 24 0 0 0 0 0 34 0 0 0 0 0 93 0 87 0 9 0 0 93 0 0 0 0 0 0 0 0 0 82 19 0 0 0 0 48 0 74 0
34 0 0 0 0 1 0 0 0 0 0 0 99 8 62 0 0 69 0 0 0 0 0 62 0 0 0 0 0 0 0 0 0 0 0 0 0 0 0 0 0 0 76 0 0 0 45 0 51 0 0 0 0 36 0 0 0 0 0 58 0 0 35 78 0 0 17 0 0 0 0 0 0 0 0 58 0 0 0 0 41 0 0 0 0 0 0 0 41 0 0 0 0 0 0 0 0 0 18 0
0 93 0 0 0 0 20 0 98 0 0 76 0 0 0 0 12 0 0 0 0 0 0 0 0 0 80 0 0 0 0 20 0 0 0 0 0 70 0 0 0 68 0 80 39 49 54 0 0 0 0 0 92 0 79 0 0 0 0 0 70 0 0 0 0 0 34 0 56 0 0 25 41 0 0 0 0 77 0 0 0 0 0 93 0 0 0 0 13 0 0 0 0 54 0 0 0 26 0 0
0 0 0 75 0 0 0 0 0 1 0 0 0 0 82 0 0 0 91 0 63 0 0 0 83 0 91 0 36 0 82 0 0 0 0 0 0 0 78 0 0 0 0 0 0 0 0 0 0 0 0 0 0 0 0 0 0 97 0 0 0 0 0 0 0 0 0 52 0 0 33 0 62 47 0 0 0 0 0 0 28 0 53 0 21 70 0 0 52 0 49 15 79 37 49 0 0 0 0 0
0 0 0 43 0 13 0 0 23 44 0 0 0 0 0 0 0 32 0 0 0 0 0 0 0 65 0 3 0 0 0 0 0 0 0 0 0 0 0 92 0 0 0 0 2 0 0 11 0 0 0 73 0 0 0 0 28 0 77 0 41 0 0 0 0 0 0 5 63 0 0 99 0 0 0 0 0 95 0 0 0 93 18 0 57 67 0 1 0 0 0 0 0 0 13 14 12 0 34 22
0 0 0 30 0 0 0 0 0 0 0 0 0 77 26 28 34 0 0 0 0 0 0 0 0 0 25 0 0 0 0 79 0 0 6 0 0 0 0 0 40 0 0 30 0 0 61 0 100 0 0 0 0 87 40 61 0 0 0 0 0 0 0 0 0 0 0 56 0 0 93 0 0 28 0 58 42 87 0 0 0 0 0 0 25 0 100 0 32 0 0 0 26 0 0 0 0 0 0 0
0 58 1 0 0 73 0 0 82 0 0 0 32 0 77 0 21 0 89 0 0 83 0 0 0 0 4 0 0 0 0 0 0 0 0 0 0 0 0 0 58 0 17 93 0 0 0 0 27 0 0 49 0 47 0 0 0 0 0 0 0 0 0 85 18 89 0 0 0 0 51 21 0 0 0 82 0 36 60 0 0 0 75 0 0 99 70 0 0 7 0 0 0 0 0 0 0 21 33 2
0 0 0 0 13 0 0 82 0 77 0 0 0 0 22 7 0 0 48 0 0 0 0 0 0 0 82 48 0 66 27 0 76 0 0 0 0 0 0 86 0 0 12 99 0 0 22 78 0 0 0 0 0 0 0 30 0 0 0 93 0 0 0 73 0 60 0 0 3 93 0 78 0 82 0 0 0 54 0 0 0 0 19 5 0 0 85 0 20 0 0 29 0 48 0 0 0 0 0 0
0 0 0 0 0 0 0 0 4 0 0 0 0 0 0 0 0 0 0 0 0 0 0 0 0 0 0 0 0 0 0 80 0 0 0 0 0 0 0 0 0 0 0 0 85 0 19 0 0 0 0 0 0 0 0 0 0 0 0 41 0 0 0 0 0 0 0 30 91 0 0 0 58 0 0 0 79 62 74 0 57 0 0 0 0 30 0 0 0 0 0 0 0 47 26 0 0 0 0 0
0 0 0 0 0 0 7 0 0 0 0 5 15 32 0 0 0 97 0 0 0 0 13 0 0 0 0 0 10 16 0 0 0 70 3 0 0 25 47 0 0 0 0 0 0 0 38 0 37 13 0 0 0 70 0 0 0 82 0 0 61 0 0 0 0 0 0 0 0 0 0 0 40 0 72 0 0 0 48 0 0 99 0 0 0 0 0 82 0 78 0 0 10 0 0 0 67 51 34 0
0 42 0 0 0 0 0 0 0 0 0 0 0 48 0 0 76 0 0 54 0 0 0 0 46 96 0 0 0 0 0 0 0 0 0 0 18 0 0 0 0 0 77 0 0 0 0 54 0 0 0 0 91 0 0 0 0 0 0 0 0 0 0 0 0 93 0 0 0 8 0 0 86 0 0 0 0 0 0 0 0 77 0 68 0 0 0 0 0 0 79 0 6 0 0 0 0 45 0 32
38 35 0 0 88 31 0 32 66 61 99 23 64 0 0 0 25 0 0 0 81 31 0 0 0 53 0 86 89 0 0 0 0 0 73 0 19 0 100 0 0 0 0 0 5 0 0 0 88 0 0 0 0 0 58 0 0 0 0 0 0 0 0 0 0 0 0 0 0 0 0 0 0 12 0 0 86 55 0 73 0 0 0 89 28 0 0 67 0 0 0 0 0 0 0 55 0 0 0 0
0 0 0 100 0 0 0 0 0 0 58 7 30 0 0 59 81 0 0 53 0 39 0 0 0 0 83 0 0 68 0 0 0 0 77 0 0 0 0 53 0 53 0 53 0 0 0 2 0 0 0 30 0 0 3 0 22 0 0 6 0 0 0 0 0 0 0 0 0 0 0 49 0 48 0 0 0 0 0 0 0 0 0 0 0 0 26 1 0 92 13 0 0 46 0 66 0 0 0 0
87 91 56 0 30 0 0 0 0 0 95 0 0 0 53 51 0 0 61 0 0 0 0 83 0 0 0 0 0 15 0 0 63 0 85 0 0 0 0 0 0 0 0 53 0 0 39 42 0 0 0 0 0 0 0 0 0 0 0 0 0 46 0 0 0 39 0 0 0 0 0 0 61 0 0 0 24 0 0 51 0 11 34 73 15 0 22 55 59 0 0 0 0 92 38 0 63 0 0 0
0 0 0 0 0 11 0 0 0 0 0 0 0 0 28 0 28 0 0 0 0 0 0 0 0 0 0 63 33 0 0 84 0 0 0 0 0 0 0 0 0 0 2 0 0 0 0 0 0 70 0 0 0 0 9 0 0 5 0 0 76 0 0 0 0 0 0 0 0 0 64 91 0 50 0 0 0 0 0 50 0 76 92 0 85 0 0 4 0 0 0 0 15 74 0 20 0 49 0 0
64 0 0 0 22 0 75 0 0 0 0 63 0 0 75 50 0 0 83 86 0 0 31 0 41 98 0 0 6 65 0 89 99 0 0 0 0 29 0 0 0 0 0 0 63 0 0 0 0 0 0 0 0 0 0 0 0 0 0 0 0 0 0 0 0 0 0 0 0 0 0 0 0 0 0 0 0 0 0 0 35 0 0 91 0 0 0 79 0 0 69 0 28 0 0 57 0 29 67 0
0 0 0 0 0 28 0 5 0 0 0 0 0 0 0 66 55 0 98 32 51 0 0 93 36 0 0 0 0 0 0 0 0 0 0 85 55 0 32 0 0 0 0 0 0 21 87 0 0 17 0 97 0 0 0 34 9 0 0 0 0 30 0 0 42 0 0 0 0 0 82 0 0 0 0 0 0 0 0 0 0 0 0 89 26 33 19 0 0 0 0 31 73 0 0 82 0 0 55 0
33 3 0 0 0 0 0 59 0 82 0 0 73 0 42 52 0 0 0 0 0 33 0 69 0 81 0 0 0 0 0 99 0 0 0 0 0 0 54 0 0 0 0 0 0 0 0 0 0 0 0 0 0 76 17 0 0 0 0 0 0 0 0 29 0 0 17 55 0 97 0 0 0 0 0 0 0 100 40 94 0 0 40 0 0 0 22 0 0 0 1 0 0 0 0 0 0 0 63 86
0 0 0 0 58 45 0 0 0 0 14 68 0 0 0 0 0 0 0 0 0 0 0 0 0 0 18 0 0 0 0 75 0 0 0 70 0 0 0 0 0 51 0 16 0 0 0 0 0 12 0 0 0 0 13 44 0 0 0 0 0 89 0 0 0 0 0 0 0 55 0 0 0 43 15 52 0 0 0 0 0 0 0 70 61 47 0 0 0 24 0 0 11 0 0 67 44 52 97 0
99 96 0 0 0 0 26 0 0 0 0 0 0 0 29 0 0 35 0 0 0 0 0 27 86 0 0 0 0 89 0 28 93 0 0 0 0 0 0 82 0 92 0 77 0 0 0 0 0 0 0 0 0 55 13 0 0 0 24 0 80 74 0 0 0 0 0 88 0 15 0 52 0 0 0 0 0 0 0 0 0 0 0 0 0 0 7 0 0 0 0 16 0 24 0 0 83 0 0 51
51 68 0 0 64 0 0 0 0 0 24 0 0 0 11 0 0 0 0 60 73 98 86 0 0 0 0 0 0 0 10 0 0 0 0 0 0 0 75 0 92 0 0 0 0 0 0 0 17 87 56 0 0 0 0 83 0 0 0 0 87 0 0 0 0 0 0 0 60 0 0 99 0 0 0 0 0 0 0 0 100 0 75 0 0 0 0 0 0 0 0 75 0 75 0 0 0 0 40 0
71 0 0 0 94 0 0 0 0 0 0 0 0 38 0 53 0 0 0 0 0 0 0 0 0 0 0 0 0 0 0 62 0 0 60 0 0 0 0 0 0 0 0 75 54 0 0 21 0 0 0 40 0 0 0 0 86 0 0 0 0 62 0 65 0 0 30 0 0 0 0 91 0 54 0 0 0 0 0 84 0 0 0 0 0 0 0 0 0 0 86 0 0 0 37 0 62 0 0 23
0 80 0 0 0 0 36 0 0 0 84 0 0 0 65 68 0 55 0 20 0 0 0 49 0 0 0 97 0 98 0 0 0 91 7 0 0 0 8 0 0 0 0 43 0 69 0 0 0 54 99 49 0 0 90 0 0 23 0 0 0 0 75 0 0 26 0 0 14 0 16 29 0 7 0 0 0 75 36 34 0 0 0 0 0 94 4 0 0 0 0 0 0 0 0 0 0 0 0 0
87 0 0 82 0 0 0 78 0 0 37 0 0 0 0 99 0 0 50 0 0 0 63 0 97 0 0 0 0 0 38 0 45 0 0 0 0 21 0 10 0 67 0 0 0 91 0 0 0 0 55 0 0 0 9 0 49 0 30 0 0 0 0 0 0 0 0 57 0 0 0 30 0 91 77 0 0 0 65 0 79 0 60 75 0 0 18 0 0 0 0 0 0 61 0 0 0 0 0 0
0 52 0 0 0 0 0 39 0 30 0 0 94 0 0 0 0 0 5 0 42 0 0 0 0 0 49 46 29 0 89 0 0 31 0 0 20 0 0 0 0 68 69 4 0 0 0 0 0 0 0 0 0 0 0 0 0 40 0 0 0 0 0 0 0 5 0 0 0 0 0 0 0 0 0 0 0 0 0 0 0 0 0 58 0 52 0 0 0 0 18 0 0 95 0 0 25 86 29 17
0 0 0 0 0 0 0 0 0 33 0 52 0 0 47 0 0 48 0 97 0 25 0 0 0 0 0 0 0 0 0 0 25 0 0 0 0 0 0 0 0 16 0 0 0 0 0 0 48 0 0 0 1 38 0 0 0 0 0 0 42 0 0 22 8 0 10 0 15 0 0 0 0 0 0 0 0 0 0 0 0 0 0 9 0 0 71 0 0 0 0 0 0 0 0 0 71 0 0 0
15 23 0 0 0 15 0 11 0 0 18 0 0 0 0 0 0 10 43 0 0 0 0 59 41 63 97 0 0 0 0 0 0 0 13 71 0 94 0 0 0 0 43 0 0 76 0 68 0 0 0 0 0 0 0 0 83 0 0 97 0 0 0 70 0 0 0 0 0 0 85 0 0 0 16 0 2 0 0 0 0 65 0 31 0 0 0 0 0 0 0 0 0 0 0 0 0 76 0 0
16 0 0 0 32 0 0 0 0 0 0 0 79 0 39 0 0 74 0 0 37 1 0 80 0 14 0 0 45 0 0 0 0 0 0 34 0 0 0 0 0 0 0 85 0 0 0 0 0 0 0 0 0 0 0 0 84 0 0 11 56 0 0 95 0 0 0 0 0 0 0 0 7 0 56 0 75 0 0 0 0 0 2 0 0 0 0 0 0 0 0 0 67 0 87 17 0 59 25 0
0 82 0 77 0 0 22 0 45 0 77 48 0 0 0 23 0 0 0 0 0 0 0 47 58 0 67 0 71 0 30 0 64 80 25 0 49 67 0 0 36 0 0 0 0 0 60 0 0 0 0 0 0 0 0 0 0 96 0 0 0 67 0 0 78 78 0 0 0 0 0 0 0 0 0 0 0 0 68 0 32 0 0 0 71 0 12 0 0 0 92 56 100 0 0 0 0 0 0 0
23 0 0 0 0 60 56 0 0 0 0 76 0 0 0 29 0 0 0 0 0 72 0 0 0 0 0 0 0 0 86 47 47 0 0 0 0 0 0 0 31 0 0 0 79 0 0 82 0 0 0 0 1 0 0 0 83 20 0 0 44 0 0 0 0 0 0 0 0 0 0 0 0 0 0 0 0 0 0 0 0 0 0 8 83 14 0 0 0 11 0 0 0 42 0 81 0 0 0 12
0 0 74 0 19 0 0 0 0 0 75 40 0 0 48 0 56 0 19 0 0 0 0 0 0 0 0 0 0 0 0 0 0 0 0 0 0 23 0 0 0 95 0 0 20 0 0 13 0 0 0 0 0 0 0 0 0 72 0 0 73 0 0 0 0 0 0 0 0 0 0 18 0 0 77 0 0 0 0 0 0 0 0 0 26 0 0 0 0 85 0 85 32 0 0 0 0 0 56 0
0 0 0 0 0 0 0 0 0 0 0 0 0 0 0 0 0 0 0 10 0 0 73 0 0 0 0 67 0 0 0 0 0 0 0 0 0 0 0 0 0 0 0 11 0 0 0 0 0 0 0 0 49 98 0 0 0 0 30 0 0 0 55 77 73 0 0 37 57 0 18 0 82 0 0 0 2 0 0 0 8 0 0 0 0 0 0 72 0 2 0 0 0 0 0 0 63 0 0 0
0 0 0 0 0 0 0 0 82 47 0 0 0 0 6 0 0 0 0 0 0 0 7 0 0 22 0 0 0 0 9 0 75 65 0 0 0 0 0 0 6 15 0 0 0 0 0 0 0 81 54 0 0 86 0 0 0 0 45 0 47 0 0 0 0 0 25 66 98 0 0 0 0 49 43 0 11 0 0 82 0 0 3 0 0 0 0 67 0 0 43 5 0 0 0 0 0 0 0 0
0 0 0 88 0 0 0 46 0 0 62 0 0 0 0 0 72 0 0 0 0 83 0 18 0 0 73 0 38 81 0 14 0 0 66 0 0 0 0 0 0 0 0 0 0 0 0 7 75 0 0 0 91 42 0 0 60 0 0 0 0 0 0 63 24 0 0 69 0 78 92 0 0 0 0 0 94 0 0 0 0 0 0 0 0 0 0 34 0 0 23 0 0 56 0 91 0 0 0 60
86 22 80 0 2 0 0 2 0 88 0 0 0 0 26 0 0 0 0 50 0 37 72 0 0 17 0 0 0 0 76 0 1 0 0 0 0 0 0 0 8 0 0 0 65 0 66 0 0 0 0 0 0 48 0 0 83 0 0 0 0 73 0 0 0 0 25 0 89 75 0 0 0 0 0 0 0 0 0 0 0 0 0 37 0 96 0 0 0 0 72 0 32 0 0 0 0 0 0 0
0 0 0 0 0 0 0 0 0 0 0 42 0 0 18 0 0 0 53 0 0 0 0 18 0 0 0 0 69 0 0 24 0 0 0 0 0 0 0 0 0 0 4 0 0 0 0 0 21 0 0 0 54 0 0 0 0 49 0 0 86 73 0 49 0 0 43 78 0 0 0 0 88 20 0 0 91 0 0 40 0 0 0 0 0 0 36 0 0 0 0 0 0 0 0 80 99 38 0 41
0 0 0 0 0 70 0 0 0 0 0 0 0 70 0 16 0 0 0 0 0 0 0 0 0 0 0 0 0 0 0 0 0 61 48 0 62 0 61 0 0 81 0 0 84 0 0 0 0 0 0 19 0 0 30 0 0 60 0 23 0 0 0 0 0 0 42 0 0 0 0 0 0 0 0 0 24 0 0 0 0 0 48 20 0 0 0 38 18 0 0 2 0 0 0 0 0 0 26 0
14 28 0 0 0 0 0 0 35 6 0 0 0 0 0 0 18 0 4 0 0 47 0 0 0 0 0 0 35 0 0 0 0 0 0 6 39 0 0 16 0 0 0 93 13 0 0 0 0 0 0 97 0 0 0 0 0 0 0 0 7 0 0 50 0 52 0 8 98 0 0 66 0 0 55 0 0 0 0 10 0 0 0 0 0 0 0 97 0 99 0 0 0 0 0 0 0 0 0 85
0 0 0 91 0 0 0 90 0 0 0 0 0 0 0 0 0 0 0 0 80 0 0 0 0 0 15 0 71 0 8 0 0 0 0 99 61 54 0 0 0 0 0 16 63 0 0 21 0 0 0 0 0 0 0 0 0 33 0 0 61 0 0 32 0 0 0 0 0 0 9 0 0 17 0 96 18 0 0 0 0 6 0 0 0 88 0 0 0 0 0 0 90 79 0 0 0 0 0 0
56 0 0 0 68 0 0 0 0 0 0 67 0 86 0 0 0 0 0 94 0 0 0 83 30 0 0 0 0 84 35 0 4 34 31 0 0 0 51 0 0 0 4 0 0 37 63 69 0 0 0 0 0 0 0 0 0 82 0 13 60 0 74 37 0 0 87 61 0 0 0 0 6 0 0 0 0 0 19 58 0 0 81 0 0 25 0 0 0 0 0 0 0 86 0 0 0 0 0 0
0 28 0 0 0 0 34 0 0 56 0 0 0 0 0 0 0 40 76 0 0 0 0 0 0 0 0 0 0 0 0 0 0 0 0 0 82 0 66 0 0 0 0 0 0 0 0 62 0 0 0 0 0 0 0 0 87 11 0 0 0 70 0 0 0 97 54 0 0 0 0 0 0 64 5 0 0 0 0 90 0 0 0 0 26 56 0 0 0 51 13 0 0 0 12 0 49 61 0 51
0 0 0 0 0 31 0 37 0 0 0 23 0 4 0 0 16 69 0 0 0 21 0 48 0 0 17 0 0 0 0 0 0 63 0 0 0 0 0 0 0 0 50 66 69 50 0 85 40 0 23 0 0 89 7 0 0 34 0 0 36 58 0 0 0 30 69 0 55 40 0 0 0 0 0 0 0 0 50 91 0 89 0 17 28 92 0 0 0 0 0 0 0 0 0 0 71 0 0 0
0 71 0 0 0 0 0 0 0 0 0 0 0 0 0 0 65 0 0 0 0 47 0 0 0 0 0 0 0 0 0 0 0 0 31 0 0 0 0 0 21 0 0 0 0 0 0 0 0 0 0 0 95 29 0 0 0 64 0 0 0 0 0 0 0 50 0 11 24 0 0 54 0 0 0 0 76 0 0 0 0 0 0 0 0 0 11 0 8 0 0 22 88 0 0 0 0 0 0 0
0 0 9 0 94 0 0 0 0 0 0 0 0 7 0 11 0 0 0 0 0 0 0 0 0 84 0 0 0 0 0 0 11 17 0 0 22 0 0 0 59 0 0 0 0 0 0 0 0 0 0 0 42 0 36 0 0 0 0 87 0 0 0 0 0 0 0 0 0 0 0 0 0 65 0 0 0 0 0 0 0 0 0 0 0 0 22 0 0 0 0 0 0 0 0 0 0 0 0 77
0 0 83 0 0 95 0 99 0 72 0 0 0 0 0 0 0 0 0 0 0 0 0 61 0 0 0 90 0 0 97 0 0 0 0 0 0 33 0 0 25 0 0 0 0 0 0 49 100 0 0 0 0 0 0 0 20 27 0 23 0 62 0 0 49 0 0 0 35 0 0 0 0 18 66 0 99 0 15 0 0 0 0 74 0 0 0 0 0 0 0 0 0 77 0 0 0 0 54 0
0 0 0 0 9 0 0 7 0 0 0 0 0 0 0 0 43 0 0 0 0 81 0 0 0 0 0 0 24 0 24 0 0 0 0 0 0 89 0 48 0 0 0 0 0 0 0 0 8 0 0 0 0 0 0 0 0 0 0 0 10 0 0 0 38 59 0 21 0 49 0 0 0 0 0 0 8 0 0 2 0 0 0 0 0 0 0 0 0 0 0 20 0 0 0 0 0 0 0 65
0 93 0 0 89 0 0 26 0 0 0 0 0 0 0 46 0 78 0 86 0 0 10 0 7 35 0 0 47 0 0 0 3 16 79 8 0 0 0 0 0 0 37 0 0 64 0 40 10 0 0 0 0 0 0 0 0 0 6 2 0 0 0 0 0 0 0 0 0 0 0 0 0 0 0 0 0 5 0 8 0 0 0 0 0 60 0 0 0 0 0 0 0 0 0 0 0 0 35 0