20
0 0 0 81 0 0 0 84 0 22 10 83 12 82 0 0 0 31 52 0
0 0 0 0 29 0 39 30 0 0 0 49 0 0 0 0 0 0 0 35
68 0 0 0 0 0 0 0 0 0 0 0 0 0 0 42 0 0 0 50
0 0 0 0 0 45 0 94 0 77 0 0 57 0 26 0 0 0 0 13
0 0 0 71 0 0 0 0 0 0 0 0 0 0 0 62 0 0 79 0
0 9 0 0 0 0 0 0 0 0 0 74 0 0 0 0 0 0 78 0
47 0 28 46 0 0 0 0 0 0 10 0 69 0 0 0 0 0 0 0
0 0 0 3 0 0 0 0 0 0 0 0 0 0 0 0 0 26 0 0
0 0 38 0 0 0 0 0 0 0 0 0 0 87 0 0 0 9 0 23
0 0 70 0 0 0 16 17 0 0 0 0 0 0 0 0 0 0 0 0
44 0 0 0 0 0 0 0 0 0 0 0 0 0 0 6 0 44 0 0
74 0 0 0 0 0 0 0 0 0 0 0 36 71 0 95 69 74 0 52
0 0 8 46 0 0 41 23 0 0 0 0 0 0 51 0 29 0 0 77
46 11 0 0 0 0 0 0 0 0 0 0 0 0 0 0 0 0 0 0
0 0 0 0 86 0 0 2 0 65 0 58 82 25 0 0 11 0 0 0
0 0 0 72 28 0 0 0 0 0 0 0 0 0 0 0 0 63 23 0
0 0 0 0 0 49 0 0 56 9 0 0 80 79 0 0 0 45 0 0
0 0 0 0 0 0 42 6 88 8 0 88 0 32 0 0 16 0 0 0
0 0 0 0 0 0 0 0 33 0 0 10 89 0 0 0 0 15 0 0
27 0 0 85 0 0 0 0 0 38 0 0 0 62 0 4 0 0 0 0
0 0 0 54 0 0 0 11 0 68 19 5 87 11 0 0 0 51 55 0
0 0 0 0 6 0 81 11 0 0 0 66 0 0 0 0 0 0 0 16
54 0 0 0 0 0 0 0 0 0 0 0 0 0 0 70 0 0 0 40
0 0 0 0 0 85 0 36 0 32 0 0 5 0 30 0 0 0 0 47
0 0 0 60 0 0 0 0 0 0 0 0 0 0 0 13 0 0 13 0
0 28 0 0 0 0 0 0 0 0 0 84 0 0 0 0 0 0 52 0
22 0 58 96 0 0 0 0 0 0 74 0 39 0 0 0 0 0 0 0
0 0 0 10 0 0 0 0 0 0 0 0 0 0 0 0 0 2 0 0
0 0 54 0 0 0 0 0 0 0 0 0 0 66 0 0 0 87 0 98
0 0 96 0 0 0 90 61 0 0 0 0 0 0 0 0 0 0 0 0
68 0 0 0 0 0 0 0 0 0 0 0 0 0 0 45 0 21 0 0
39 0 0 0 0 0 0 0 0 0 0 0 9 61 0 22 62 89 0 68
0 0 65 95 0 0 50 9 0 0 0 0 0 0 78 0 27 0 0 24
16 53 0 0 0 0 0 0 0 0 0 0 0 0 0 0 0 0 0 0
0 0 0 0 82 0 0 20 0 13 0 97 55 23 0 0 45 0 0 0
0 0 0 14 69 0 0 0 0 0 0 0 0 0 0 0 0 81 58 0
0 0 0 0 0 85 0 0 30 32 0 0 100 98 0 0 0 17 0 0
0 0 0 0 0 0 35 85 76 61 0 77 0 93 0 0 84 0 0 0
0 0 0 0 0 0 0 0 34 0 0 96 76 0 0 0 0 43 0 0
40 0 0 14 0 0 0 0 0 4 0 0 0 100 0 93 0 0 0 0