20
0 0 5 0 0 0 0 12 0 0 0 0 0 0 0 66 0 0 0 0
0 0 0 0 0 0 0 0 0 48 0 0 0 0 0 0 0 0 0 0
0 0 0 14 0 0 0 0 0 38 0 0 0 0 0 0 61 0 0 0
0 0 0 0 81 0 0 0 0 0 0 0 0 39 0 0 16 0 22 0
0 0 0 0 0 0 46 86 0 0 56 93 0 89 9 0 0 0 0 0
0 18 0 63 19 0 0 0 0 25 36 93 0 0 0 0 0 0 60 0
14 0 0 0 0 20 0 19 0 0 0 71 0 0 0 0 0 0 16 27
0 0 35 0 44 0 8 0 91 0 0 0 0 15 0 0 0 0 0 0
0 0 0 0 0 47 0 0 0 46 21 72 0 95 0 0 0 0 0 0
0 0 67 0 0 0 58 0 0 0 0 0 0 0 36 0 0 60 65 0
0 0 99 0 0 0 0 33 0 2 0 0 0 0 0 0 26 0 0 0
0 0 0 0 7 0 0 0 0 86 80 0 92 0 0 0 0 0 0 0
5 0 79 0 0 0 0 61 0 0 24 0 0 0 27 0 0 0 0 78
0 0 52 0 0 0 26 61 0 0 0 49 63 0 0 0 42 0 0 0
0 55 0 0 0 0 0 0 33 0 0 0 0 0 0 0 0 0 0 0
0 0 0 0 0 0 66 0 0 60 22 0 0 0 0 0 0 0 0 0
12 0 0 0 0 0 0 0 0 71 0 53 37 43 0 67 0 66 0 0
0 38 0 29 0 31 0 0 0 58 0 36 0 65 63 87 60 0 0 10
0 65 41 64 0 0 0 0 0 0 0 0 0 0 0 0 86 0 0 0
0 0 0 0 0 0 72 0 8 0 0 9 0 0 0 36 0 0 0 0
0 0 2 0 0 0 0 58 0 0 0 0 0 0 0 63 0 0 0 0
0 0 0 0 0 0 0 0 0 62 0 0 0 0 0 0 0 0 0 0
0 0 0 16 0 0 0 0 0 68 0 0 0 0 0 0 58 0 0 0
0 0 0 0 2 0 0 0 0 0 0 0 0 27 0 0 81 0 12 0
0 0 0 0 0 0 26 72 0 0 38 7 0 66 79 0 0 0 0 0
0 39 0 70 62 0 0 0 0 7 85 70 0 0 0 0 0 0 40 0
45 0 0 0 0 3 0 95 0 0 0 91 0 0 0 0 0 0 37 44
0 0 93 0 74 0 67 0 44 0 0 0 0 76 0 0 0 0 0 0
0 0 0 0 0 73 0 0 0 92 70 46 0 90 0 0 0 0 0 0
0 0 44 0 0 0 93 0 0 0 0 0 0 0 36 0 0 1 100 0
0 0 29 0 0 0 0 45 0 73 0 0 0 0 0 0 12 0 0 0
0 0 0 0 64 0 0 0 0 78 40 0 40 0 0 0 0 0 0 0
43 0 61 0 0 0 0 36 0 0 86 0 0 0 21 0 0 0 0 69
0 0 54 0 0 0 92 55 0 0 0 73 4 0 0 0 68 0 0 0
0 65 0 0 0 0 0 0 10 0 0 0 0 0 0 0 0 0 0 0
0 0 0 0 0 0 76 0 0 5 4 0 0 0 0 0 0 0 0 0
63 0 0 0 0 0 0 0 0 65 0 10 50 45 0 24 0 95 0 0
0 1 0 38 0 62 0 0 0 47 0 88 0 81 40 61 76 0 0 100
0 45 40 40 0 0 0 0 0 0 0 0 0 0 0 0 34 0 0 0
0 0 0 0 0 0 40 0 83 0 0 30 0 0 0 69 0 0 0 0