20
0 0 0 85 0 100 0 0 70 0 0 0 0 0 0 0 65 100 81 0
47 0 0 27 0 55 0 11 0 0 0 0 0 0 0 0 0 0 25 0
44 56 0 0 0 0 0 0 62 86 0 0 63 0 0 0 0 0 4 0
0 0 0 0 0 0 0 0 20 0 0 0 0 0 0 0 0 62 0 70
0 0 45 0 0 0 83 89 0 42 0 0 0 94 0 65 0 0 0 0
0 0 7 0 92 0 0 0 0 90 3 0 77 67 0 0 0 0 44 77
0 0 0 0 0 0 0 0 68 0 0 0 0 0 27 49 0 0 0 0
80 93 11 0 0 0 0 0 0 0 0 0 27 0 42 83 31 0 27 0
0 6 8 31 0 0 0 0 0 0 0 0 51 0 0 0 43 0 0 30
0 92 0 0 79 64 7 0 0 0 70 0 0 0 0 29 0 0 0 65
0 0 59 0 0 13 0 0 0 0 0 0 0 48 0 0 0 0 0 0
0 0 0 0 0 20 0 0 0 0 31 0 66 0 83 0 0 0 0 0
0 34 58 0 0 0 0 0 13 55 0 0 0 0 0 0 0 0 0 49
0 67 0 0 25 0 0 0 27 0 0 94 9 0 0 0 0 0 0 0
0 0 0 0 0 0 0 0 0 0 52 0 0 0 0 0 0 0 0 0
0 95 0 0 0 0 0 0 0 0 0 98 0 0 0 0 62 87 0 0
0 0 0 0 0 14 0 0 0 0 0 0 87 0 0 80 0 0 49 0
0 0 0 0 0 0 97 61 0 0 0 0 0 89 0 0 61 0 0 67
0 0 0 0 42 0 0 0 0 0 0 0 0 0 0 85 0 56 0 0
4 0 0 0 0 0 0 0 0 0 0 0 0 0 0 0 0 16 8 0
0 0 0 87 0 18 0 0 23 0 0 0 0 0 0 0 3 75 29 0
64 0 0 49 0 43 0 34 0 0 0 0 0 0 0 0 0 0 51 0
68 19 0 0 0 0 0 0 44 8 0 0 78 0 0 0 0 0 29 0
0 0 0 0 0 0 0 0 21 0 0 0 0 0 0 0 0 47 0 73
0 0 61 0 0 0 23 35 0 52 0 0 0 65 0 67 0 0 0 0
0 0 16 0 40 0 0 0 0 88 43 0 92 79 0 0 0 0 89 61
0 0 0 0 0 0 0 0 14 0 0 0 0 0 3 39 0 0 0 0
52 55 15 0 0 0 0 0 0 0 0 0 50 0 20 58 25 0 75 0
0 55 59 89 0 0 0 0 0 0 0 0 91 0 0 0 29 0 0 90
0 55 0 0 71 56 93 0 0 0 29 0 0 0 0 73 0 0 0 76
0 0 18 0 0 17 0 0 0 0 0 0 0 78 0 0 0 0 0 0
0 0 0 0 0 20 0 0 0 0 60 0 75 0 19 0 0 0 0 0
0 53 29 0 0 0 0 0 23 46 0 0 0 0 0 0 0 0 0 73
0 23 0 0 90 0 0 0 34 0 0 93 95 0 0 0 0 0 0 0
0 0 0 0 0 0 0 0 0 0 71 0 0 0 0 0 0 0 0 0
0 80 0 0 0 0 0 0 0 0 0 39 0 0 0 0 63 65 0 0
0 0 0 0 0 80 0 0 0 0 0 0 7 0 0 33 0 0 14 0
0 0 0 0 0 0 33 26 0 0 0 0 0 97 0 0 26 0 0 57
0 0 0 0 16 0 0 0 0 0 0 0 0 0 0 99 0 15 0 0
92 0 0 0 0 0 0 0 0 0 0 0 0 0 0 0 0 61 78 0