20
0 24 0 12 0 0 0 0 0 0 30 0 0 8 78 50 0 0 32 0
88 0 0 0 0 0 0 10 0 0 0 0 61 0 10 38 0 0 0 0
40 53 0 61 0 0 0 0 0 33 0 0 0 0 0 30 6 32 0 0
0 0 0 0 100 0 0 0 85 0 62 97 0 68 0 0 0 0 0 0
73 0 0 27 0 0 0 0 0 0 0 0 0 0 0 0 8 0 3 0
0 71 0 0 0 0 0 0 88 0 0 0 0 0 32 0 0 0 0 18
0 36 46 0 0 0 0 0 31 0 0 46 0 0 49 0 0 0 31 77
0 0 17 34 0 41 0 0 0 0 0 0 0 0 0 0 0 0 0 0
0 0 15 0 0 0 0 0 0 0 0 28 16 0 0 79 98 0 58 66
0 83 69 0 0 0 0 0 3 0 0 98 0 67 0 0 92 58 0 0
0 0 0 0 0 0 0 0 0 0 0 0 0 0 0 0 0 0 0 97
0 0 25 0 0 17 0 0 0 0 0 0 0 30 0 0 0 0 46 0
0 0 0 10 63 0 0 0 0 0 21 0 0 0 0 58 0 49 0 0
0 0 12 73 0 42 74 0 88 21 0 0 0 0 0 0 94 0 0 0
0 0 0 0 35 56 0 71 0 0 0 0 0 0 0 0 0 0 0 0
41 0 0 0 0 0 0 0 0 0 27 100 0 71 0 0 0 0 0 2
0 0 0 0 0 0 0 0 0 19 0 0 0 92 69 0 0 0 0 0
0 78 0 0 0 0 0 0 0 0 36 0 68 0 0 0 29 0 0 4
0 0 0 48 0 0 0 38 0 47 0 0 0 0 0 55 0 0 0 78
0 0 0 0 0 0 0 0 0 0 0 0 0 0 0 0 0 0 52 0
0 5 0 78 0 0 0 0 0 0 87 0 0 34 47 48 0 0 99 0
37 0 0 0 0 0 0 99 0 0 0 0 29 0 58 75 0 0 0 0
36 25 0 51 0 0 0 0 0 81 0 0 0 0 0 25 30 6 0 0
0 0 0 0 8 0 0 0 85 0 30 32 0 84 0 0 0 0 0 0
48 0 0 23 0 0 0 0 0 0 0 0 0 0 0 0 98 0 71 0
0 14 0 0 0 0 0 0 66 0 0 0 0 0 51 0 0 0 0 91
0 21 2 0 0 0 0 0 14 0 0 44 0 0 2 0 0 0 61 32
0 0 5 21 0 7 0 0 0 0 0 0 0 0 0 0 0 0 0 0
0 0 18 0 0 0 0 0 0 0 0 20 61 0 0 80 99 0 28 46
0 33 100 0 0 0 0 0 96 0 0 71 0 34 0 0 9 98 0 0
0 0 0 0 0 0 0 0 0 0 0 0 0 0 0 0 0 0 0 28
0 0 61 0 0 63 0 0 0 0 0 0 0 20 0 0 0 0 80 0
0 0 0 33 15 0 0 0 0 0 96 0 0 0 0 31 0 42 0 0
0 0 57 79 0 45 89 0 44 35 0 0 0 0 0 0 18 0 0 0
0 0 0 0 16 24 0 35 0 0 0 0 0 0 0 0 0 0 0 0
18 0 0 0 0 0 0 0 0 0 19 92 0 56 0 0 0 0 0 36
0 0 0 0 0 0 0 0 0 29 0 0 0 52 22 0 0 0 0 0
0 75 0 0 0 0 0 0 0 0 21 0 90 0 0 0 82 0 0 40
0 0 0 95 0 0 0 10 0 31 0 0 0 0 0 2 0 0 0 48
0 0 0 0 0 0 0 0 0 0 0 0 0 0 0 0 0 0 49 0