20
0 0 0 0 0 0 0 0 0 61 39 0 0 0 76 0 0 33 0 97
36 0 0 0 0 0 0 0 0 27 0 0 19 0 36 0 0 7 0 94
0 0 0 0 0 0 43 0 0 0 50 68 89 0 0 32 0 2 0 0
0 0 84 0 0 75 0 0 0 0 0 0 0 0 10 52 0 0 0 34
0 0 0 43 0 0 0 0 0 0 0 0 0 33 0 24 0 0 0 0
45 21 0 0 0 0 36 0 0 0 0 0 85 0 0 0 0 49 100 0
0 0 0 0 0 0 0 51 0 0 86 0 31 0 0 0 0 26 0 0
0 0 0 0 0 0 3 0 0 0 0 0 0 0 0 0 0 0 23 0
0 0 65 99 0 55 75 55 0 0 61 43 0 0 0 0 0 0 0 0
38 22 83 30 78 67 64 64 0 0 0 0 0 0 0 59 0 0 0 0
0 0 0 0 0 0 31 0 0 0 0 0 0 0 0 0 3 0 0 0
0 0 0 0 0 82 0 0 0 0 0 0 48 7 40 0 5 0 42 0
15 0 0 0 0 0 0 0 0 0 0 0 0 0 0 0 0 0 0 0
29 98 0 0 0 0 0 0 0 25 0 0 0 0 0 0 20 0 0 16
0 25 0 0 81 0 31 0 0 52 0 0 0 0 0 0 0 0 39 0
0 0 8 0 0 0 0 0 0 0 47 0 94 0 0 0 0 0 0 0
0 0 0 42 0 0 47 0 90 64 46 0 0 0 8 74 0 0 0 0
0 0 19 69 0 0 0 17 0 45 59 0 0 0 0 0 0 0 0 0
0 0 0 0 0 62 0 0 0 0 0 0 0 0 94 0 0 0 0 0
0 0 0 3 0 0 0 58 0 76 0 0 81 87 0 0 0 0 97 0
0 0 0 0 0 0 0 0 0 53 58 0 0 0 84 0 0 29 0 27
92 0 0 0 0 0 0 0 0 12 0 0 86 0 49 0 0 79 0 30
0 0 0 0 0 0 64 0 0 0 40 70 69 0 0 63 0 4 0 0
0 0 1 0 0 87 0 0 0 0 0 0 0 0 98 98 0 0 0 74
0 0 0 81 0 0 0 0 0 0 0 0 0 38 0 79 0 0 0 0
25 90 0 0 0 0 32 0 0 0 0 0 10 0 0 0 0 98 99 0
0 0 0 0 0 0 0 76 0 0 78 0 79 0 0 0 0 56 0 0
0 0 0 0 0 0 65 0 0 0 0 0 0 0 0 0 0 0 46 0
0 0 85 85 0 8 49 41 0 0 66 29 0 0 0 0 0 0 0 0
28 8 27 76 95 91 95 61 0 0 0 0 0 0 0 76 0 0 0 0
0 0 0 0 0 0 30 0 0 0 0 0 0 0 0 0 72 0 0 0
0 0 0 0 0 97 0 0 0 0 0 0 66 70 54 0 4 0 94 0
50 0 0 0 0 0 0 0 0 0 0 0 0 0 0 0 0 0 0 0
100 52 0 0 0 0 0 0 0 87 0 0 0 0 0 0 11 0 0 74
0 87 0 0 34 0 98 0 0 54 0 0 0 0 0 0 0 0 19 0
0 0 85 0 0 0 0 0 0 0 69 0 20 0 0 0 0 0 0 0
0 0 0 1 0 0 57 0 12 61 47 0 0 0 59 59 0 0 0 0
0 0 32 46 0 0 0 61 0 70 64 0 0 0 0 0 0 0 0 0
0 0 0 0 0 48 0 0 0 0 0 0 0 0 93 0 0 0 0 0
0 0 0 4 0 0 0 98 0 70 0 0 25 48 0 0 0 0 92 0