20
0 0 0 3 0 0 0 24 0 37 61 0 0 0 0 70 0 0 0 0
0 0 0 48 65 0 0 0 0 55 0 0 0 0 0 0 0 2 48 0
0 5 0 2 0 0 0 0 0 0 0 0 0 0 0 87 0 0 30 0
0 0 0 0 0 100 0 0 0 0 89 0 0 0 0 0 0 0 0 0
0 0 19 72 0 0 0 85 0 26 0 0 0 0 13 0 0 0 0 0
10 0 93 62 0 0 0 0 0 0 97 0 86 57 0 51 0 29 0 0
0 0 0 18 0 0 0 76 72 49 0 0 96 0 0 0 16 0 0 0
0 10 23 0 0 30 0 0 0 0 0 67 0 28 0 85 46 20 0 0
0 67 61 0 0 0 0 80 0 0 0 0 0 0 0 0 0 0 0 0
0 0 0 45 0 0 0 0 0 0 0 0 0 0 0 0 0 0 0 0
0 0 0 0 94 0 59 0 0 0 0 0 94 31 0 0 0 47 67 0
0 6 0 41 13 0 0 13 0 0 0 0 0 0 0 0 0 0 0 70
8 21 0 0 0 0 0 0 0 0 0 0 0 0 0 0 34 0 0 0
75 7 0 74 4 0 0 0 0 52 0 0 0 0 0 0 0 0 0 0
0 0 0 11 0 0 22 0 60 9 0 0 0 0 0 0 95 37 0 32
0 0 76 38 0 0 0 63 0 72 2 0 0 0 31 0 0 60 0 0
0 0 28 0 0 0 0 0 0 0 27 99 0 0 0 0 0 0 0 0
0 0 0 0 17 0 59 0 70 0 0 0 0 0 0 72 0 0 0 0
0 7 5 0 0 0 0 0 0 0 0 0 50 0 0 24 63 0 0 0
0 0 0 0 0 54 0 11 0 0 0 0 0 0 0 0 0 0 40 0
0 0 0 81 0 0 0 57 0 9 100 0 0 0 0 54 0 0 0 0
0 0 0 84 81 0 0 0 0 76 0 0 0 0 0 0 0 71 21 0
0 12 0 38 0 0 0 0 0 0 0 0 0 0 0 45 0 0 86 0
0 0 0 0 0 53 0 0 0 0 71 0 0 0 0 0 0 0 0 0
0 0 35 8 0 0 0 47 0 82 0 0 0 0 70 0 0 0 0 0
67 0 96 44 0 0 0 0 0 0 54 0 60 71 0 92 0 48 0 0
0 0 0 77 0 0 0 99 46 39 0 0 17 0 0 0 68 0 0 0
0 16 2 0 0 6 0 0 0 0 0 78 0 12 0 17 47 31 0 0
0 79 91 0 0 0 0 30 0 0 0 0 0 0 0 0 0 0 0 0
0 0 0 65 0 0 0 0 0 0 0 0 0 0 0 0 0 0 0 0
0 0 0 0 14 0 68 0 0 0 0 0 56 34 0 0 0 35 52 0
0 23 0 85 90 0 0 40 0 0 0 0 0 0 0 0 0 0 0 40
89 63 0 0 0 0 0 0 0 0 0 0 0 0 0 0 84 0 0 0
83 74 0 16 48 0 0 0 0 49 0 0 0 0 0 0 0 0 0 0
0 0 0 60 0 0 61 0 14 4 0 0 0 0 0 0 50 77 0 11
0 0 68 4 0 0 0 83 0 26 69 0 0 0 24 0 0 100 0 0
0 0 2 0 0 0 0 0 0 0 67 52 0 0 0 0 0 0 0 0
0 0 0 0 14 0 37 0 90 0 0 0 0 0 0 34 0 0 0 0
0 82 29 0 0 0 0 0 0 0 0 0 23 0 0 30 86 0 0 0
0 0 0 0 0 53 0 77 0 0 0 0 0 0 0 0 0 0 72 0