20
0 0 0 0 0 0 0 0 0 73 52 0 0 0 82 36 0 0 90 0
0 0 94 0 0 0 0 0 0 0 46 0 0 0 0 0 13 45 0 60
0 0 0 70 16 33 0 0 0 47 0 0 0 0 0 61 0 0 0 0
99 0 0 0 0 0 0 0 0 0 0 0 0 0 0 21 0 0 0 0
0 0 8 0 0 0 64 0 0 0 0 0 0 0 0 0 0 0 0 13
50 0 36 0 22 0 0 0 0 0 0 0 0 0 80 0 91 0 0 0
0 22 10 0 0 0 0 0 0 0 0 83 60 0 0 0 56 0 82 21
0 43 0 0 0 51 0 0 0 92 0 0 0 0 0 0 0 0 7 0
0 37 0 0 0 0 0 0 0 0 64 0 90 0 0 0 0 10 0 0
0 0 96 0 88 0 0 0 0 0 0 0 54 29 0 84 0 0 0 0
91 0 0 0 0 0 0 0 33 0 0 0 0 0 0 0 99 0 0 0
0 0 0 0 0 87 0 0 0 100 0 0 0 5 29 0 0 0 0 0
0 0 0 0 0 0 0 0 0 0 0 0 0 0 0 82 21 0 0 0
0 0 0 4 0 0 0 0 0 1 0 0 0 0 0 61 0 0 8 0
8 0 0 18 0 0 0 0 59 0 0 0 48 44 0 0 0 67 11 0
0 52 41 0 79 81 0 0 45 0 0 0 54 0 0 0 0 0 0 0
0 0 0 0 0 0 0 0 0 0 20 0 0 0 41 0 0 0 0 75
12 0 0 0 25 0 0 61 48 0 93 0 0 0 79 0 0 0 0 0
94 98 83 80 0 53 0 0 0 0 0 0 66 87 0 0 64 0 0 0
0 9 0 98 0 72 0 0 39 20 0 0 62 0 0 0 0 0 24 0
0 0 0 0 0 0 0 0 0 68 20 0 0 0 17 100 0 0 46 0
0 0 25 0 0 0 0 0 0 0 29 0 0 0 0 0 96 42 0 19
0 0 0 94 42 45 0 0 0 93 0 0 0 0 0 64 0 0 0 0
23 0 0 0 0 0 0 0 0 0 0 0 0 0 0 34 0 0 0 0
0 0 17 0 0 0 89 0 0 0 0 0 0 0 0 0 0 0 0 67
44 0 14 0 92 0 0 0 0 0 0 0 0 0 44 0 44 0 0 0
0 65 41 0 0 0 0 0 0 0 0 14 41 0 0 0 14 0 83 48
0 37 0 0 0 70 0 0 0 22 0 0 0 0 0 0 0 0 88 0
0 26 0 0 0 0 0 0 0 0 32 0 100 0 0 0 0 66 0 0
0 0 93 0 50 0 0 0 0 0 0 0 16 82 0 50 0 0 0 0
66 0 0 0 0 0 0 0 30 0 0 0 0 0 0 0 78 0 0 0
0 0 0 0 0 94 0 0 0 43 0 0 0 12 98 0 0 0 0 0
0 0 0 0 0 0 0 0 0 0 0 0 0 0 0 2 39 0 0 0
0 0 0 49 0 0 0 0 0 77 0 0 0 0 0 64 0 0 64 0
87 0 0 58 0 0 0 0 86 0 0 0 61 29 0 0 0 10 51 0
0 13 65 0 88 96 0 0 21 0 0 0 8 0 0 0 0 0 0 0
0 0 0 0 0 0 0 0 0 0 15 0 0 0 41 0 0 0 0 67
34 0 0 0 92 0 0 96 78 0 87 0 0 0 53 0 0 0 0 0
5 55 96 27 0 30 0 0 0 0 0 0 72 80 0 0 16 0 0 0
0 52 0 65 0 53 0 0 28 46 0 0 94 0 0 0 0 0 36 0