20
0 0 25 0 0 0 0 0 0 0 0 0 0 89 90 0 0 0 0 0
0 0 0 0 74 0 60 0 0 0 0 92 95 64 0 0 37 0 0 0
76 35 0 100 0 0 0 0 0 0 0 61 0 0 0 0 0 0 41 92
98 0 53 0 67 0 37 7 81 0 0 0 0 0 0 8 39 62 0 0
22 0 3 0 0 0 75 16 0 0 0 0 0 0 0 92 97 0 0 69
0 0 0 0 87 0 0 0 0 0 0 0 0 0 0 0 0 0 15 0
8 0 0 0 0 19 0 0 0 0 59 0 21 23 23 0 30 0 0 0
0 52 0 0 0 0 63 0 0 0 0 0 0 0 0 0 0 88 58 0
0 0 44 0 20 0 0 37 0 85 0 0 0 91 0 51 0 66 0 25
0 0 0 0 0 0 0 38 0 0 48 0 0 0 0 0 0 0 0 0
0 0 0 42 0 0 0 0 0 0 0 0 0 0 0 0 0 94 0 0
0 0 20 0 0 0 0 0 0 0 0 0 22 0 0 64 0 0 0 0
0 18 49 0 0 0 0 0 35 0 0 0 0 0 22 0 48 48 0 0
0 0 0 44 0 0 18 0 38 2 0 0 0 0 0 0 0 54 0 0
0 0 0 93 0 0 0 0 0 0 0 4 25 53 0 0 0 0 12 0
0 44 26 0 0 0 0 0 0 0 90 0 0 0 0 0 0 66 0 0
0 0 26 0 99 0 0 0 0 16 0 7 0 0 0 0 0 53 0 0
35 0 17 10 0 0 0 37 0 0 0 0 0 0 0 0 0 0 0 0
0 0 38 0 0 0 0 65 0 0 0 0 0 0 0 0 0 0 0 0
0 0 0 0 0 0 0 0 1 0 0 0 86 14 0 27 0 46 0 0
0 0 6 0 0 0 0 0 0 0 0 0 0 48 98 0 0 0 0 0
0 0 0 0 31 0 62 0 0 0 0 9 17 66 0 0 93 0 0 0
9 74 0 9 0 0 0 0 0 0 0 39 0 0 0 0 0 0 22 86
85 0 75 0 58 0 47 100 97 0 0 0 0 0 0 52 53 66 0 0
40 0 67 0 0 0 72 30 0 0 0 0 0 0 0 14 25 0 0 15
0 0 0 0 35 0 0 0 0 0 0 0 0 0 0 0 0 0 7 0
65 0 0 0 0 87 0 0 0 0 35 0 21 20 86 0 99 0 0 0
0 39 0 0 0 0 53 0 0 0 0 0 0 0 0 0 0 80 79 0
0 0 63 0 54 0 0 40 0 65 0 0 0 47 0 80 0 62 0 69
0 0 0 0 0 0 0 12 0 0 53 0 0 0 0 0 0 0 0 0
0 0 0 87 0 0 0 0 0 0 0 0 0 0 0 0 0 1 0 0
0 0 50 0 0 0 0 0 0 0 0 0 57 0 0 100 0 0 0 0
0 4 26 0 0 0 0 0 81 0 0 0 0 0 38 0 37 79 0 0
0 0 0 25 0 0 69 0 61 50 0 0 0 0 0 0 0 26 0 0
0 0 0 76 0 0 0 0 0 0 0 78 43 12 0 0 0 0 90 0
0 17 16 0 0 0 0 0 0 0 43 0 0 0 0 0 0 28 0 0
0 0 26 0 68 0 0 0 0 57 0 70 0 0 0 0 0 83 0 0
26 0 91 29 0 0 0 46 0 0 0 0 0 0 0 0 0 0 0 0
0 0 36 0 0 0 0 33 0 0 0 0 0 0 0 0 0 0 0 0
0 0 0 0 0 0 0 0 55 0 0 0 99 49 0 25 0 48 0 0