20
0 0 0 0 0 0 0 0 0 76 0 0 37 74 0 3 0 79 85 0
0 0 0 0 0 0 0 0 0 0 0 100 56 0 61 0 0 0 12 0
0 11 0 0 14 34 0 0 0 0 26 0 0 1 0 40 0 0 0 0
0 76 0 0 73 0 0 0 44 0 0 0 0 0 0 65 0 0 0 0
0 0 0 96 0 0 0 0 0 0 0 0 41 0 0 0 0 0 0 0
19 0 52 0 0 0 0 0 0 0 0 70 0 0 31 0 0 0 0 25
0 51 0 0 0 0 0 5 54 0 0 0 0 0 0 0 0 0 0 0
0 0 93 35 44 0 2 0 43 69 98 0 7 0 25 13 0 0 0 0
0 0 1 0 0 0 0 0 0 11 0 0 0 0 0 92 0 0 62 0
0 0 0 0 0 0 0 0 0 0 0 0 0 0 0 0 87 0 0 0
50 0 0 0 35 0 79 0 9 0 0 0 0 0 0 91 37 56 0 0
80 0 0 0 0 0 0 0 0 0 0 0 0 86 0 0 0 0 21 4
0 0 96 0 23 0 0 0 0 0 0 37 0 0 0 0 0 0 0 59
25 0 0 0 0 0 0 0 0 0 18 0 0 0 24 0 0 0 70 0
0 0 87 0 0 0 0 0 77 0 0 23 0 0 0 0 0 0 0 0
0 0 21 10 0 0 0 0 0 0 0 0 43 0 82 0 11 0 0 0
0 1 0 0 0 0 0 0 31 0 0 0 34 0 0 11 0 75 0 36
90 0 0 28 0 0 21 0 0 0 0 0 0 0 0 11 0 0 0 0
38 0 0 0 0 0 0 0 0 0 0 0 0 99 25 0 49 27 0 61
0 94 0 0 11 0 76 0 0 0 0 0 24 0 0 0 53 20 83 0
0 0 0 0 0 0 0 0 0 53 0 0 3 63 0 93 0 9 20 0
0 0 0 0 0 0 0 0 0 0 0 21 4 0 34 0 0 0 57 0
0 52 0 0 76 55 0 0 0 0 94 0 0 50 0 47 0 0 0 0
0 42 0 0 68 0 0 0 22 0 0 0 0 0 0 1 0 0 0 0
0 0 0 9 0 0 0 0 0 0 0 0 69 0 0 0 0 0 0 0
69 0 82 0 0 0 0 0 0 0 0 11 0 0 88 0 0 0 0 24
0 16 0 0 0 0 0 61 99 0 0 0 0 0 0 0 0 0 0 0
0 0 88 39 93 0 65 0 45 24 47 0 18 0 88 94 0 0 0 0
0 0 22 0 0 0 0 0 0 7 0 0 0 0 0 51 0 0 5 0
0 0 0 0 0 0 0 0 0 0 0 0 0 0 0 0 71 0 0 0
82 0 0 0 88 0 67 0 23 0 0 0 0 0 0 43 14 75 0 0
51 0 0 0 0 0 0 0 0 0 0 0 0 90 0 0 0 0 64 78
0 0 93 0 77 0 0 0 0 0 0 30 0 0 0 0 0 0 0 11
29 0 0 0 0 0 0 0 0 0 48 0 0 0 5 0 0 0 17 0
0 0 89 0 0 0 0 0 36 0 0 85 0 0 0 0 0 0 0 0
0 0 90 89 0 0 0 0 0 0 0 0 48 0 86 0 57 0 0 0
0 43 0 0 0 0 0 0 19 0 0 0 31 0 0 72 0 95 0 64
82 0 0 74 0 0 31 0 0 0 0 0 0 0 0 76 0 0 0 0
68 0 0 0 0 0 0 0 0 0 0 0 0 28 8 0 13 86 0 85
0 69 0 0 4 0 44 0 0 0 0 0 47 0 0 0 11 64 82 0