20
0 0 0 0 0 0 32 0 0 68 1 0 0 0 0 0 26 0 0 0
75 0 0 0 0 77 0 0 0 5 0 0 0 0 69 0 0 0 0 0
0 0 0 0 0 0 0 0 0 0 86 35 0 52 72 48 94 12 0 0
0 0 0 0 0 0 35 0 0 14 0 0 0 85 0 48 0 13 0 28
0 0 0 0 0 0 0 0 0 15 0 0 0 0 0 0 0 0 0 0
0 0 0 0 59 0 0 0 0 0 0 89 3 0 0 18 0 0 0 0
0 0 0 18 0 0 0 0 0 0 0 0 0 0 8 48 0 0 0 30
0 0 0 0 0 0 0 0 0 0 32 0 56 0 0 29 0 0 13 0
50 0 0 75 0 0 0 0 0 53 8 26 0 0 0 0 19 0 0 0
0 0 0 0 0 0 0 0 0 0 0 0 0 0 0 0 0 0 0 0
17 47 0 0 0 12 0 0 0 9 0 0 50 6 0 0 0 0 90 51
0 0 0 6 0 0 0 26 0 16 0 0 0 0 0 71 0 53 0 0
0 90 0 0 0 0 0 0 0 13 0 0 0 0 0 0 0 0 16 11
0 0 67 0 0 0 68 0 0 0 13 0 0 0 0 0 0 0 0 0
0 93 70 22 0 0 36 0 0 0 0 39 0 0 0 0 24 0 0 0
0 0 99 72 78 0 0 0 0 0 0 43 5 0 0 0 0 38 0 0
7 0 0 0 0 0 73 0 0 0 0 0 0 0 0 0 0 55 55 4
0 0 0 75 41 0 1 3 0 0 0 100 0 0 0 0 0 0 37 0
0 0 0 83 0 0 0 0 92 0 75 86 30 0 92 0 0 0 0 0
0 83 0 0 0 0 0 87 60 0 0 20 0 0 24 0 0 88 0 0
0 0 0 0 0 0 40 0 0 39 22 0 0 0 0 0 48 0 0 0
30 0 0 0 0 55 0 0 0 48 0 0 0 0 92 0 0 0 0 0
0 0 0 0 0 0 0 0 0 0 1 32 0 42 6 5 97 68 0 0
0 0 0 0 0 0 71 0 0 75 0 0 0 33 0 54 0 87 0 94
0 0 0 0 0 0 0 0 0 11 0 0 0 0 0 0 0 0 0 0
0 0 0 0 71 0 0 0 0 0 0 12 47 0 0 17 0 0 0 0
0 0 0 33 0 0 0 0 0 0 0 0 0 0 36 54 0 0 0 92
0 0 0 0 0 0 0 0 0 0 97 0 95 0 0 12 0 0 14 0
63 0 0 93 0 0 0 0 0 12 41 86 0 0 0 0 34 0 0 0
0 0 0 0 0 0 0 0 0 0 0 0 0 0 0 0 0 0 0 0
37 60 0 0 0 45 0 0 0 81 0 0 34 51 0 0 0 0 75 70
0 0 0 48 0 0 0 26 0 26 0 0 0 0 0 60 0 27 0 0
0 8 0 0 0 0 0 0 0 99 0 0 0 0 0 0 0 0 48 78
0 0 36 0 0 0 39 0 0 0 14 0 0 0 0 0 0 0 0 0
0 72 25 6 0 0 1 0 0 0 0 49 0 0 0 0 14 0 0 0
0 0 53 2 19 0 0 0 0 0 0 82 26 0 0 0 0 43 0 0
7 0 0 0 0 0 19 0 0 0 0 0 0 0 0 0 0 48 83 83
0 0 0 8 38 0 71 61 0 0 0 44 0 0 0 0 0 0 90 0
0 0 0 6 0 0 0 0 56 0 54 60 72 0 97 0 0 0 0 0
0 36 0 0 0 0 0 25 56 0 0 59 0 0 70 0 0 94 0 0