20
0 0 0 0 0 0 0 0 0 0 0 0 0 0 0 52 0 0 0 0
98 0 0 0 0 0 0 0 0 0 0 0 52 0 0 0 0 0 0 0
0 26 0 27 0 30 0 0 0 0 0 0 0 0 0 0 22 0 0 0
0 0 0 0 91 81 0 0 0 0 74 0 0 25 65 0 37 0 60 0
0 0 94 0 0 93 0 38 80 0 0 0 0 0 0 2 14 0 50 0
0 0 83 31 0 0 0 0 0 100 0 19 74 21 0 0 0 0 0 0
0 68 0 0 26 45 0 0 68 0 0 0 11 0 0 0 0 2 0 0
0 28 0 0 0 0 0 0 0 0 0 0 0 0 0 0 0 0 0 0
58 0 0 0 0 0 0 0 0 0 95 50 0 54 0 41 0 0 0 39
0 0 0 0 0 0 0 0 0 0 0 0 0 0 0 10 0 0 0 0
38 0 0 0 40 0 89 41 0 0 0 0 65 0 0 0 0 0 0 0
0 0 58 0 0 0 0 4 0 0 0 0 0 0 0 0 0 0 0 30
0 1 0 0 7 43 0 0 52 28 0 0 0 0 0 82 0 0 0 0
40 0 0 0 37 0 0 40 54 0 0 0 0 0 0 0 0 0 0 0
0 0 41 0 0 14 72 12 0 0 0 59 0 55 0 0 0 8 48 0
0 0 0 0 0 0 82 35 0 0 0 5 0 0 54 0 95 0 0 0
50 0 0 0 17 0 0 0 32 0 0 0 0 0 0 0 0 98 0 90
0 0 69 20 7 0 0 0 76 0 0 0 0 64 80 0 0 0 0 95
0 9 38 0 0 0 0 0 85 0 0 0 0 91 0 0 0 58 0 5
0 0 0 0 69 0 0 52 0 39 0 0 0 0 0 0 0 67 35 0
0 0 0 0 0 0 0 0 0 0 0 0 0 0 0 57 0 0 0 0
74 0 0 0 0 0 0 0 0 0 0 0 93 0 0 0 0 0 0 0
0 90 0 97 0 39 0 0 0 0 0 0 0 0 0 0 56 0 0 0
0 0 0 0 51 17 0 0 0 0 26 0 0 53 18 0 89 0 87 0
0 0 21 0 0 67 0 46 71 0 0 0 0 0 0 77 11 0 75 0
0 0 39 18 0 0 0 0 0 99 0 100 65 36 0 0 0 0 0 0
0 9 0 0 95 39 0 0 21 0 0 0 21 0 0 0 0 17 0 0
0 69 0 0 0 0 0 0 0 0 0 0 0 0 0 0 0 0 0 0
1 0 0 0 0 0 0 0 0 0 43 41 0 58 0 86 0 0 0 93
0 0 0 0 0 0 0 0 0 0 0 0 0 0 0 24 0 0 0 0
38 0 0 0 10 0 3 64 0 0 0 0 98 0 0 0 0 0 0 0
0 0 39 0 0 0 0 12 0 0 0 0 0 0 0 0 0 0 0 48
0 49 0 0 77 18 0 0 76 33 0 0 0 0 0 100 0 0 0 0
82 0 0 0 35 0 0 61 65 0 0 0 0 0 0 0 0 0 0 0
0 0 54 0 0 40 48 29 0 0 0 92 0 60 0 0 0 33 58 0
0 0 0 0 0 0 67 81 0 0 0 42 0 0 11 0 12 0 0 0
73 0 0 0 25 0 0 0 89 0 0 0 0 0 0 0 0 55 0 50
0 0 13 82 54 0 0 0 73 0 0 0 0 87 20 0 0 0 0 36
0 57 16 0 0 0 0 0 38 0 0 0 0 73 0 0 0 91 0 61
0 0 0 0 46 0 0 1 0 23 0 0 0 0 0 0 0 7 5 0