20
0 0 35 0 0 0 0 18 0 0 0 56 61 0 0 0 0 0 72 0
12 0 0 0 31 0 0 0 0 23 0 0 78 0 0 0 0 0 0 0
0 0 0 0 0 0 0 0 93 0 4 86 0 0 0 0 0 0 0 0
0 0 0 0 77 0 0 0 0 64 0 0 0 0 93 0 0 0 0 22
0 10 66 0 0 0 0 12 0 0 0 32 0 0 0 63 0 74 0 90
51 0 0 21 93 0 0 0 0 41 0 20 0 0 0 83 0 0 0 0
0 0 100 5 83 0 0 0 24 60 0 0 0 0 0 0 0 0 0 64
0 23 66 0 0 0 0 0 0 15 0 0 0 0 0 0 0 0 0 0
0 78 0 0 0 21 0 0 0 39 9 0 98 49 0 0 0 0 0 33
0 0 0 0 0 0 0 91 0 0 75 0 0 0 54 0 0 0 0 0
76 0 0 83 0 51 0 0 0 0 0 0 0 0 0 0 0 0 0 29
0 0 0 64 0 0 0 0 0 0 0 0 17 0 0 0 35 0 0 0
0 0 0 0 0 0 0 0 0 0 38 70 0 0 27 0 0 0 0 52
0 0 0 15 0 0 0 56 0 0 100 19 95 0 41 10 0 0 0 0
0 0 0 0 0 0 60 76 0 0 0 3 57 0 0 0 0 12 24 0
99 0 0 0 0 0 83 0 0 0 0 0 0 11 0 0 0 85 0 27
27 0 0 0 0 24 0 0 0 0 0 0 0 0 0 18 0 0 0 0
0 28 0 39 0 20 0 0 0 0 0 0 0 0 32 0 0 0 0 0
0 14 0 0 0 45 0 0 0 0 0 68 0 29 0 0 0 80 0 43
14 0 0 0 0 0 0 33 0 12 0 0 0 22 0 0 0 0 61 0
0 0 11 0 0 0 0 20 0 0 0 79 4 0 0 0 0 0 31 0
52 0 0 0 45 0 0 0 0 37 0 0 14 0 0 0 0 0 0 0
0 0 0 0 0 0 0 0 70 0 25 61 0 0 0 0 0 0 0 0
0 0 0 0 71 0 0 0 0 83 0 0 0 0 29 0 0 0 0 11
0 78 77 0 0 0 0 45 0 0 0 16 0 0 0 72 0 95 0 81
66 0 0 93 56 0 0 0 0 68 0 87 0 0 0 4 0 0 0 0
0 0 99 76 26 0 0 0 100 56 0 0 0 0 0 0 0 0 0 85
0 99 95 0 0 0 0 0 0 57 0 0 0 0 0 0 0 0 0 0
0 25 0 0 0 83 0 0 0 20 9 0 40 28 0 0 0 0 0 3
0 0 0 0 0 0 0 72 0 0 8 0 0 0 56 0 0 0 0 0
21 0 0 79 0 70 0 0 0 0 0 0 0 0 0 0 0 0 0 36
0 0 0 56 0 0 0 0 0 0 0 0 82 0 0 0 82 0 0 0
0 0 0 0 0 0 0 0 0 0 68 48 0 0 69 0 0 0 0 31
0 0 0 48 0 0 0 80 0 0 43 96 82 0 40 75 0 0 0 0
0 0 0 0 0 0 70 18 0 0 0 51 81 0 0 0 0 74 46 0
10 0 0 0 0 0 88 0 0 0 0 0 0 7 0 0 0 83 0 72
69 0 0 0 0 29 0 0 0 0 0 0 0 0 0 78 0 0 0 0
0 59 0 76 0 3 0 0 0 0 0 0 0 0 23 0 0 0 0 0
0 88 0 0 0 80 0 0 0 0 0 82 0 19 0 0 0 64 0 61
93 0 0 0 0 0 0 78 0 87 0 0 0 34 0 0 0 0 74 0