20
0 0 0 0 71 63 0 0 0 0 0 0 0 1 0 0 0 0 0 0
0 0 9 0 0 0 24 0 79 0 0 0 0 0 0 69 0 0 0 0
77 0 0 43 0 0 0 0 0 19 62 0 25 0 0 0 0 0 0 36
0 28 0 0 0 0 0 88 0 41 0 0 0 0 0 0 92 0 0 0
39 0 0 0 0 0 0 0 0 0 0 0 0 0 52 92 0 23 0 0
0 0 0 6 10 0 0 0 0 0 0 0 0 0 31 0 0 0 63 0
0 0 0 0 0 0 0 0 0 0 0 0 0 0 0 0 0 0 0 0
0 0 95 57 0 0 72 0 0 0 0 0 4 0 0 79 0 0 62 0
0 0 0 82 24 0 0 0 0 0 0 0 0 3 0 0 0 0 0 0
64 0 0 0 0 0 0 24 0 0 0 0 96 0 0 0 0 0 0 0
0 0 0 72 98 0 45 78 0 0 0 0 100 61 58 96 0 0 0 8
0 0 72 92 70 0 0 0 0 0 0 0 0 0 0 0 50 0 0 0
0 73 68 0 13 0 0 68 71 3 0 94 0 0 0 0 87 0 83 0
0 96 0 0 0 0 29 0 0 0 43 0 0 0 0 39 0 0 0 0
71 24 52 61 0 0 0 46 0 0 0 0 0 99 0 0 0 0 0 19
0 0 87 0 0 0 0 0 27 0 0 0 0 7 0 0 0 85 70 0
62 0 0 15 0 0 49 0 0 0 77 0 0 20 0 0 0 15 0 0
0 14 0 0 74 41 0 0 0 0 0 55 0 45 0 13 0 0 0 0
0 0 0 0 0 0 0 0 0 82 48 88 0 0 0 0 85 0 0 0
0 0 0 0 79 0 86 0 0 8 0 39 0 0 0 0 0 0 0 0
0 0 0 0 63 73 0 0 0 0 0 0 0 3 0 0 0 0 0 0
0 0 41 0 0 0 94 0 27 0 0 0 0 0 0 51 0 0 0 0
5 0 0 65 0 0 0 0 0 33 80 0 11 0 0 0 0 0 0 10
0 25 0 0 0 0 0 73 0 3 0 0 0 0 0 0 87 0 0 0
2 0 0 0 0 0 0 0 0 0 0 0 0 0 28 39 0 89 0 0
0 0 0 74 42 0 0 0 0 0 0 0 0 0 31 0 0 0 79 0
0 0 0 0 0 0 0 0 0 0 0 0 0 0 0 0 0 0 0 0
0 0 11 28 0 0 28 0 0 0 0 0 48 0 0 96 0 0 71 0
0 0 0 25 32 0 0 0 0 0 0 0 0 13 0 0 0 0 0 0
49 0 0 0 0 0 0 67 0 0 0 0 6 0 0 0 0 0 0 0
0 0 0 16 66 0 94 13 0 0 0 0 48 6 31 21 0 0 0 63
0 0 86 49 43 0 0 0 0 0 0 0 0 0 0 0 38 0 0 0
0 33 82 0 8 0 0 55 57 8 0 28 0 0 0 0 34 0 34 0
0 72 0 0 0 0 15 0 0 0 5 0 0 0 0 30 0 0 0 0
96 66 30 43 0 0 0 79 0 0 0 0 0 70 0 0 0 0 0 61
0 0 31 0 0 0 0 0 4 0 0 0 0 10 0 0 0 95 20 0
16 0 0 86 0 0 95 0 0 0 43 0 0 57 0 0 0 27 0 0
0 15 0 0 26 2 0 0 0 0 0 36 0 18 0 48 0 0 0 0
0 0 0 0 0 0 0 0 0 71 29 73 0 0 0 0 4 0 0 0
0 0 0 0 5 0 93 0 0 63 0 37 0 0 0 0 0 0 0 0