20
0 0 0 11 61 0 0 0 0 0 0 0 0 27 0 56 4 54 0 0
8 0 0 0 51 0 47 68 0 0 32 0 0 0 89 0 0 0 33 0
0 91 0 0 0 0 0 0 3 0 71 0 0 0 0 0 61 0 0 0
0 0 0 0 0 0 0 0 0 52 97 76 77 0 56 0 92 0 0 0
0 0 0 0 0 0 0 0 97 98 0 0 92 0 0 0 0 0 0 0
0 0 0 45 89 0 28 97 0 0 0 0 0 0 92 6 41 0 0 0
0 0 0 0 0 0 0 0 0 0 0 0 0 0 42 0 75 38 0 0
54 0 9 0 0 0 21 0 61 86 0 0 0 52 0 0 0 0 0 0
25 0 47 0 0 58 0 67 0 0 93 17 57 74 52 0 90 20 0 0
0 0 0 0 0 0 0 0 65 0 0 0 0 14 0 0 0 74 0 0
3 0 0 0 47 0 0 0 65 0 0 51 0 0 0 42 0 0 0 100
0 0 0 0 0 0 0 0 0 33 0 0 27 69 0 0 32 0 0 0
20 0 0 0 0 29 0 0 93 0 0 0 0 0 0 0 80 0 0 0
0 0 0 86 3 0 69 0 0 0 0 24 0 0 0 0 0 0 0 0
0 74 0 46 0 0 17 0 0 66 0 0 0 0 0 0 0 0 0 0
0 0 0 0 14 0 0 0 91 0 0 0 0 0 7 0 0 74 0 0
0 0 18 0 0 0 0 0 0 100 0 0 0 0 0 0 0 0 0 0
0 91 0 0 0 0 70 0 0 35 0 0 0 23 0 0 0 0 49 0
84 0 0 0 0 71 0 0 0 0 0 0 0 14 0 46 0 0 0 0
0 0 0 0 58 0 0 0 0 100 0 0 0 0 0 0 0 0 0 0
0 0 0 16 19 0 0 0 0 0 0 0 0 68 0 50 86 38 0 0
19 0 0 0 45 0 6 24 0 0 51 0 0 0 43 0 0 0 8 0
0 83 0 0 0 0 0 0 76 0 6 0 0 0 0 0 53 0 0 0
0 0 0 0 0 0 0 0 0 72 56 91 42 0 84 0 43 0 0 0
0 0 0 0 0 0 0 0 69 10 0 0 15 0 0 0 0 0 0 0
0 0 0 67 9 0 57 25 0 0 0 0 0 0 77 25 41 0 0 0
0 0 0 0 0 0 0 0 0 0 0 0 0 0 35 0 34 71 0 0
13 0 46 0 0 0 10 0 57 90 0 0 0 89 0 0 0 0 0 0
18 0 87 0 0 92 0 7 0 0 96 31 1 53 54 0 5 12 0 0
0 0 0 0 0 0 0 0 86 0 0 0 0 44 0 0 0 43 0 0
61 0 0 0 20 0 0 0 38 0 0 100 0 0 0 12 0 0 0 84
0 0 0 0 0 0 0 0 0 25 0 0 76 60 0 0 51 0 0 0
52 0 0 0 0 59 0 0 64 0 0 0 0 0 0 0 21 0 0 0
0 0 0 47 32 0 32 0 0 0 0 49 0 0 0 0 0 0 0 0
0 57 0 77 0 0 43 0 0 74 0 0 0 0 0 0 0 0 0 0
0 0 0 0 30 0 0 0 56 0 0 0 0 0 52 0 0 14 0 0
0 0 53 0 0 0 0 0 0 30 0 0 0 0 0 0 0 0 0 0
0 80 0 0 0 0 75 0 0 91 0 0 0 49 0 0 0 0 54 0
21 0 0 0 0 58 0 0 0 0 0 0 0 16 0 80 0 0 0 0
0 0 0 0 58 0 0 0 0 61 0 0 0 0 0 0 0 0 0 0