20
0 0 0 0 0 0 89 0 88 0 96 0 0 0 0 0 19 0 0 0
0 0 0 0 72 0 0 97 0 0 0 0 0 0 40 0 85 0 0 0
0 0 0 0 0 0 0 0 0 0 0 0 0 0 0 0 0 0 0 73
0 0 0 0 0 0 0 0 69 0 0 0 68 0 0 61 0 0 0 0
100 0 0 61 0 0 0 0 0 0 0 65 0 10 0 0 43 0 0 71
0 97 79 10 0 0 49 18 41 0 0 0 28 0 24 0 0 61 0 0
68 0 0 0 0 0 0 0 0 0 0 0 0 0 0 0 0 0 0 0
0 97 0 0 35 13 0 0 0 0 0 0 0 0 0 0 0 0 0 57
0 70 0 0 0 0 0 27 0 0 11 11 20 0 96 0 0 0 0 0
0 0 0 0 0 0 0 0 1 0 0 0 0 14 24 0 0 0 0 0
0 0 0 0 68 0 11 54 0 0 0 0 0 89 0 0 0 0 0 40
0 0 0 52 68 0 97 0 48 38 0 0 0 0 0 0 0 0 70 29
0 0 0 77 0 89 40 48 0 0 0 0 0 0 0 25 0 48 0 0
0 0 0 0 0 0 0 0 0 0 0 0 50 0 7 83 0 0 0 77
0 0 80 0 0 0 0 0 0 0 0 0 0 75 0 77 0 0 42 0
46 84 0 0 0 72 0 0 0 0 65 0 53 0 0 0 0 0 0 10
0 33 0 0 16 0 0 0 0 0 7 0 0 0 92 0 0 0 0 0
0 0 0 0 0 0 0 0 84 100 0 0 0 0 0 0 95 0 25 0
96 55 0 100 16 0 33 0 12 48 0 0 42 40 0 0 61 0 0 53
0 0 0 0 55 6 0 0 0 53 0 0 0 0 0 0 0 0 0 0
0 0 0 0 0 0 69 0 63 0 10 0 0 0 0 0 16 0 0 0
0 0 0 0 53 0 0 93 0 0 0 0 0 0 43 0 23 0 0 0
0 0 0 0 0 0 0 0 0 0 0 0 0 0 0 0 0 0 0 66
0 0 0 0 0 0 0 0 84 0 0 0 22 0 0 54 0 0 0 0
79 0 0 89 0 0 0 0 0 0 0 12 0 66 0 0 34 0 0 84
0 87 18 83 0 0 17 83 3 0 0 0 18 0 7 0 0 43 0 0
25 0 0 0 0 0 0 0 0 0 0 0 0 0 0 0 0 0 0 0
0 37 0 0 22 37 0 0 0 0 0 0 0 0 0 0 0 0 0 12
0 4 0 0 0 0 0 56 0 0 65 74 37 0 20 0 0 0 0 0
0 0 0 0 0 0 0 0 16 0 0 0 0 44 59 0 0 0 0 0
0 0 0 0 46 0 100 17 0 0 0 0 0 6 0 0 0 0 0 61
0 0 0 28 20 0 72 0 81 47 0 0 0 0 0 0 0 0 26 7
0 0 0 97 0 15 57 24 0 0 0 0 0 0 0 93 0 60 0 0
0 0 0 0 0 0 0 0 0 0 0 0 16 0 58 57 0 0 0 40
0 0 70 0 0 0 0 0 0 0 0 0 0 54 0 98 0 0 65 0
9 60 0 0 0 99 0 0 0 0 3 0 97 0 0 0 0 0 0 96
0 59 0 0 56 0 0 0 0 0 49 0 0 0 77 0 0 0 0 0
0 0 0 0 0 0 0 0 49 78 0 0 0 0 0 0 13 0 1 0
27 87 0 7 49 0 98 0 28 67 0 0 57 52 0 0 42 0 0 94
0 0 0 0 1 50 0 0 0 84 0 0 0 0 0 0 0 0 0 0