20
0 0 0 0 0 0 0 0 0 0 0 0 0 0 79 0 7 21 39 0
0 0 62 0 0 0 0 0 25 0 71 0 0 0 0 69 98 0 0 0
0 0 0 0 0 7 53 0 0 0 0 0 0 0 0 0 34 0 0 0
0 0 0 0 0 0 0 0 0 0 0 49 0 0 0 0 0 0 0 0
25 0 0 61 0 0 0 0 0 0 0 4 0 0 0 99 0 0 0 0
0 0 53 0 0 0 0 0 0 0 0 0 0 68 0 0 24 0 0 7
40 0 0 44 0 0 0 0 0 0 18 0 0 0 0 0 0 0 19 8
0 0 0 80 0 0 67 0 0 95 0 0 0 0 0 0 0 0 49 4
0 0 0 0 0 0 0 0 0 0 0 0 0 89 0 0 0 83 0 0
0 0 0 61 33 64 98 0 0 0 55 48 98 0 0 0 0 0 89 82
0 0 0 0 0 0 53 0 0 0 0 0 58 28 0 0 0 0 0 0
0 0 0 0 0 0 0 0 0 90 0 0 0 24 0 0 17 47 73 0
0 53 0 0 84 0 0 67 0 73 0 55 0 25 98 0 0 59 0 0
0 0 82 74 0 0 100 10 0 0 0 0 0 0 16 0 0 0 0 100
0 0 0 34 0 0 46 25 0 0 0 61 0 0 0 0 0 0 0 0
0 0 39 0 14 31 71 0 0 0 0 95 0 0 0 0 0 0 35 0
0 0 62 42 0 0 44 36 0 0 0 57 0 81 0 0 0 0 0 73
77 0 0 0 0 58 17 0 0 91 87 0 0 0 0 75 0 0 88 0
0 52 0 0 0 0 85 0 0 94 0 0 0 0 0 67 0 0 0 0
0 0 0 63 0 0 0 0 0 0 91 0 0 0 0 4 0 0 0 0
0 0 0 0 0 0 0 0 0 0 0 0 0 0 11 0 37 12 98 0
0 0 92 0 0 0 0 0 46 0 40 0 0 0 0 92 39 0 0 0
0 0 0 0 0 40 55 0 0 0 0 0 0 0 0 0 28 0 0 0
0 0 0 0 0 0 0 0 0 0 0 89 0 0 0 0 0 0 0 0
70 0 0 98 0 0 0 0 0 0 0 26 0 0 0 80 0 0 0 0
0 0 46 0 0 0 0 0 0 0 0 0 0 99 0 0 85 0 0 19
92 0 0 3 0 0 0 0 0 0 61 0 0 0 0 0 0 0 49 24
0 0 0 91 0 0 38 0 0 19 0 0 0 0 0 0 0 0 74 97
0 0 0 0 0 0 0 0 0 0 0 0 0 15 0 0 0 73 0 0
0 0 0 24 28 34 28 0 0 0 99 97 82 0 0 0 0 0 66 61
0 0 0 0 0 0 66 0 0 0 0 0 47 75 0 0 0 0 0 0
0 0 0 0 0 0 0 0 0 24 0 0 0 29 0 0 53 49 31 0
0 25 0 0 81 0 0 40 0 84 0 75 0 40 23 0 0 89 0 0
0 0 65 56 0 0 50 4 0 0 0 0 0 0 24 0 0 0 0 52
0 0 0 80 0 0 3 79 0 0 0 88 0 0 0 0 0 0 0 0
0 0 33 0 39 46 10 0 0 0 0 41 0 0 0 0 0 0 92 0
0 0 91 76 0 0 2 22 0 0 0 7 0 19 0 0 0 0 0 18
92 0 0 0 0 55 87 0 0 100 67 0 0 0 0 15 0 0 16 0
0 59 0 0 0 0 45 0 0 24 0 0 0 0 0 51 0 0 0 0
0 0 0 41 0 0 0 0 0 0 33 0 0 0 0 50 0 0 0 0