20
0 0 0 0 0 99 0 12 0 0 0 0 0 68 0 0 0 0 98 0
66 0 65 0 0 38 35 0 93 0 0 0 0 0 0 0 0 0 0 5
50 0 0 0 99 0 0 0 0 0 29 0 61 0 0 0 0 0 0 0
93 32 0 0 48 0 0 0 0 0 0 0 0 0 0 0 40 0 0 0
12 16 0 0 0 0 0 0 0 0 0 0 0 0 0 0 88 0 0 62
86 65 0 0 29 0 44 0 0 0 0 0 0 0 0 0 0 31 0 25
0 41 0 0 0 0 0 0 0 0 73 0 0 14 0 0 0 28 0 0
0 0 0 0 96 0 0 0 0 0 0 100 0 0 0 0 0 0 0 0
0 17 29 0 42 34 0 0 0 0 0 0 0 0 0 0 0 0 0 0
0 0 96 0 0 0 0 0 0 0 0 0 0 86 0 78 0 0 0 0
0 36 0 0 0 98 0 43 0 74 0 95 0 0 0 0 42 0 0 0
0 87 0 0 0 0 0 13 0 40 0 0 0 19 0 0 5 0 0 0
0 0 0 0 97 0 0 0 0 50 68 0 0 0 0 51 100 23 0 78
0 45 0 0 0 0 98 0 0 0 48 0 76 0 0 5 17 0 0 0
0 0 75 0 23 0 14 22 0 66 8 0 0 8 0 0 0 78 97 77
0 8 0 0 0 0 0 0 0 0 0 0 54 0 0 0 0 0 0 0
0 0 0 16 0 0 0 0 40 0 14 100 0 0 0 0 0 100 0 0
0 82 0 0 0 0 74 0 36 15 0 54 0 0 0 0 66 0 0 0
53 47 0 0 75 0 0 0 0 56 0 0 0 0 0 0 0 0 0 0
0 0 0 0 0 0 0 0 0 85 0 0 80 0 0 0 97 0 0 0
0 0 0 0 0 55 0 10 0 0 0 0 0 69 0 0 0 0 77 0
69 0 78 0 0 46 72 0 86 0 0 0 0 0 0 0 0 0 0 19
65 0 0 0 48 0 0 0 0 0 100 0 5 0 0 0 0 0 0 0
94 82 0 0 70 0 0 0 0 0 0 0 0 0 0 0 97 0 0 0
90 13 0 0 0 0 0 0 0 0 0 0 0 0 0 0 16 0 0 79
55 73 0 0 23 0 41 0 0 0 0 0 0 0 0 0 0 47 0 58
0 3 0 0 0 0 0 0 0 0 30 0 0 19 0 0 0 47 0 0
0 0 0 0 16 0 0 0 0 0 0 48 0 0 0 0 0 0 0 0
0 37 11 0 22 57 0 0 0 0 0 0 0 0 0 0 0 0 0 0
0 0 75 0 0 0 0 0 0 0 0 0 0 3 0 97 0 0 0 0
0 98 0 0 0 58 0 9 0 57 0 78 0 0 0 0 84 0 0 0
0 85 0 0 0 0 0 81 0 45 0 0 0 53 0 0 23 0 0 0
0 0 0 0 74 0 0 0 0 33 50 0 0 0 0 56 41 59 0 69
0 17 0 0 0 0 90 0 0 0 75 0 16 0 0 86 72 0 0 0
0 0 92 0 68 0 34 72 0 90 23 0 0 86 0 0 0 69 30 51
0 18 0 0 0 0 0 0 0 0 0 0 41 0 0 0 0 0 0 0
0 0 0 69 0 0 0 0 14 0 45 16 0 0 0 0 0 3 0 0
0 15 0 0 0 0 56 0 74 13 0 38 0 0 0 0 45 0 0 0
2 22 0 0 48 0 0 0 0 84 0 0 0 0 0 0 0 0 0 0
0 0 0 0 0 0 0 0 0 37 0 0 23 0 0 0 8 0 0 0