20
0 36 92 0 0 0 0 0 0 0 21 0 0 0 0 0 0 0 0 0
47 0 0 0 0 0 0 58 46 0 0 39 0 20 0 0 0 22 0 77
0 0 0 0 0 0 0 94 0 0 0 0 0 0 0 22 0 90 0 0
0 30 65 0 0 0 0 83 54 0 0 96 0 21 0 0 0 55 49 86
0 28 0 0 0 58 0 0 0 0 0 0 0 0 0 0 23 25 0 0
0 65 51 0 0 0 0 96 0 100 0 92 0 0 0 0 0 0 0 0
63 0 0 0 0 0 0 0 0 0 0 0 0 0 34 0 0 48 0 0
55 29 55 0 0 0 80 0 0 0 0 0 0 0 0 17 0 0 3 95
0 0 0 0 0 0 0 81 0 66 0 0 0 0 33 0 62 0 93 0
0 0 63 0 0 0 0 0 0 0 56 0 25 0 0 0 0 0 56 92
0 0 0 61 0 0 0 0 0 0 0 0 66 0 0 0 62 0 79 0
0 76 0 70 0 0 0 0 0 0 0 0 55 0 0 0 0 0 34 0
0 9 33 0 0 0 0 0 0 0 0 0 0 0 0 0 0 16 24 0
94 0 0 0 0 0 0 28 0 6 0 0 0 0 0 72 0 0 0 88
0 0 0 23 0 0 33 0 64 0 25 0 0 92 0 0 0 0 0 0
15 0 0 5 0 0 0 0 0 39 0 0 0 0 78 0 0 71 0 0
0 73 0 67 0 25 86 0 0 0 0 0 0 0 0 0 0 0 0 0
75 0 0 0 19 0 0 7 0 5 0 0 0 0 0 0 0 0 0 0
0 23 0 0 0 0 0 0 0 61 0 20 0 0 93 0 0 38 0 0
0 0 71 0 48 23 0 0 0 0 0 0 0 0 0 0 25 0 0 0
0 60 32 0 0 0 0 0 0 0 69 0 0 0 0 0 0 0 0 0
5 0 0 0 0 0 0 45 67 0 0 10 0 75 0 0 0 70 0 62
0 0 0 0 0 0 0 84 0 0 0 0 0 0 0 8 0 89 0 0
0 16 38 0 0 0 0 6 23 0 0 50 0 31 0 0 0 78 8 22
0 46 0 0 0 53 0 0 0 0 0 0 0 0 0 0 3 86 0 0
0 38 95 0 0 0 0 88 0 77 0 90 0 0 0 0 0 0 0 0
91 0 0 0 0 0 0 0 0 0 0 0 0 0 25 0 0 43 0 0
81 25 82 0 0 0 84 0 0 0 0 0 0 0 0 95 0 0 92 97
0 0 0 0 0 0 0 31 0 37 0 0 0 0 52 0 7 0 8 0
0 0 65 0 0 0 0 0 0 0 6 0 66 0 0 0 0 0 7 72
0 0 0 12 0 0 0 0 0 0 0 0 61 0 0 0 39 0 37 0
0 61 0 19 0 0 0 0 0 0 0 0 53 0 0 0 0 0 5 0
0 82 64 0 0 0 0 0 0 0 0 0 0 0 0 0 0 62 66 0
7 0 0 0 0 0 0 78 0 65 0 0 0 0 0 73 0 0 0 35
0 0 0 44 0 0 81 0 66 0 8 0 0 15 0 0 0 0 0 0
95 0 0 40 0 0 0 0 0 74 0 0 0 0 64 0 0 57 0 0
0 82 0 62 0 31 37 0 0 0 0 0 0 0 0 0 0 0 0 0
68 0 0 0 27 0 0 87 0 70 0 0 0 0 0 0 0 0 0 0
0 10 0 0 0 0 0 0 0 56 0 14 0 0 71 0 0 51 0 0
0 0 92 0 84 36 0 0 0 0 0 0 0 0 0 0 79 0 0 0