20
0 0 0 0 0 0 0 72 0 0 0 0 16 0 0 31 77 0 7 0
0 0 0 0 0 0 0 0 0 89 0 0 0 0 97 0 0 0 0 0
23 0 0 0 0 0 0 0 0 0 0 0 0 0 0 57 0 0 0 0
49 0 0 0 0 0 58 0 0 0 0 0 0 0 0 0 0 7 0 29
0 0 11 0 0 0 0 0 0 85 0 68 10 0 0 0 0 52 0 0
0 0 0 0 0 0 87 61 0 0 0 0 58 0 0 0 66 39 63 0
0 0 0 0 26 35 0 0 0 0 0 0 68 0 0 0 7 0 0 52
0 0 0 88 78 0 0 0 0 0 0 0 75 0 0 6 35 0 40 0
0 0 0 0 0 0 0 7 0 0 0 0 0 74 0 0 0 0 31 71
0 0 0 0 0 0 49 0 66 0 77 0 0 12 0 0 0 0 25 0
0 0 0 0 0 0 84 0 0 70 0 13 0 0 0 0 0 75 94 0
17 84 0 14 0 0 0 50 0 0 0 0 0 0 0 94 47 0 0 0
0 0 51 0 89 80 0 0 0 0 0 0 0 0 0 0 0 0 0 0
0 25 93 0 0 0 0 80 0 0 0 0 0 0 0 0 5 0 0 0
62 0 0 0 0 0 43 0 0 0 0 0 90 39 0 0 23 51 0 0
0 42 56 0 39 0 20 0 0 0 0 0 70 0 0 0 0 0 76 0
99 0 0 64 68 0 9 57 0 0 0 0 0 0 84 0 0 0 0 0
0 0 0 88 0 11 0 0 0 0 39 0 50 0 100 0 0 0 0 98
0 0 0 0 0 0 67 0 0 0 0 0 0 0 0 0 0 23 0 96
0 0 64 0 0 24 0 0 46 0 0 0 0 71 0 0 76 0 82 0
0 0 0 0 0 0 0 39 0 0 0 0 5 0 0 15 44 0 100 0
0 0 0 0 0 0 0 0 0 13 0 0 0 0 35 0 0 0 0 0
95 0 0 0 0 0 0 0 0 0 0 0 0 0 0 4 0 0 0 0
28 0 0 0 0 0 76 0 0 0 0 0 0 0 0 0 0 53 0 1
0 0 98 0 0 0 0 0 0 72 0 59 19 0 0 0 0 36 0 0
0 0 0 0 0 0 70 71 0 0 0 0 4 0 0 0 41 37 20 0
0 0 0 0 24 43 0 0 0 0 0 0 20 0 0 0 82 0 0 17
0 0 0 41 85 0 0 0 0 0 0 0 18 0 0 83 12 0 13 0
0 0 0 0 0 0 0 59 0 0 0 0 0 3 0 0 0 0 29 20
0 0 0 0 0 0 95 0 86 0 1 0 0 49 0 0 0 0 60 0
0 0 0 0 0 0 4 0 0 89 0 73 0 0 0 0 0 36 85 0
60 95 0 26 0 0 0 99 0 0 0 0 0 0 0 74 68 0 0 0
0 0 48 0 5 4 0 0 0 0 0 0 0 0 0 0 0 0 0 0
0 80 97 0 0 0 0 13 0 0 0 0 0 0 0 0 99 0 0 0
51 0 0 0 0 0 52 0 0 0 0 0 27 85 0 0 32 38 0 0
0 100 18 0 85 0 46 0 0 0 0 0 71 0 0 0 0 0 31 0
51 0 0 50 25 0 67 11 0 0 0 0 0 0 83 0 0 0 0 0
0 0 0 13 0 12 0 0 0 0 90 0 89 0 7 0 0 0 0 38
0 0 0 0 0 0 82 0 0 0 0 0 0 0 0 0 0 68 0 5
0 0 15 0 0 77 0 0 3 0 0 0 0 20 0 0 57 0 27 0