20
0 0 0 0 60 54 0 0 0 0 0 0 63 0 7 0 0 0 19 0
79 0 0 0 82 0 0 0 0 42 0 0 8 67 68 0 0 0 0 95
0 0 0 0 0 0 0 0 0 0 0 13 52 52 0 0 0 0 81 36
0 24 0 0 48 0 0 0 0 0 0 0 9 0 0 0 94 0 0 0
0 0 0 0 0 0 0 0 30 0 0 43 97 0 8 0 0 0 11 68
0 57 0 0 64 0 0 0 57 0 0 0 0 0 37 0 0 0 0 0
0 0 6 0 51 0 0 0 0 0 0 0 0 0 0 0 0 0 0 0
0 0 0 0 78 15 75 0 0 0 0 0 0 0 26 0 0 48 0 0
30 0 74 0 80 0 0 0 0 0 0 0 39 0 0 0 0 0 0 0
70 0 0 0 0 0 34 0 0 0 12 0 0 65 0 0 49 0 0 0
0 94 0 0 52 0 0 0 68 0 0 17 0 0 0 0 0 0 0 0
0 0 0 0 0 0 0 0 0 0 0 0 0 33 54 0 0 50 0 0
0 0 0 38 0 47 0 0 0 0 3 0 0 0 0 0 54 0 0 45
0 0 0 56 0 0 54 31 0 7 0 0 25 0 31 0 0 46 0 0
76 45 0 0 0 0 0 0 0 0 0 0 0 0 0 22 0 36 47 0
0 72 0 21 0 0 94 0 0 0 0 52 0 0 0 0 0 0 78 0
0 0 0 0 0 0 0 45 0 54 0 60 0 0 0 0 0 91 55 0
0 81 0 0 0 0 0 0 0 17 0 0 0 0 98 0 0 0 0 0
0 53 0 0 47 51 0 0 41 0 0 17 0 0 0 41 46 0 0 0
0 0 0 0 0 26 0 0 0 0 0 0 0 0 0 0 17 19 44 0
0 0 0 0 90 17 0 0 0 0 0 0 95 0 72 0 0 0 25 0
73 0 0 0 57 0 0 0 0 12 0 0 73 72 89 0 0 0 0 17
0 0 0 0 0 0 0 0 0 0 0 36 39 15 0 0 0 0 8 80
0 67 0 0 30 0 0 0 0 0 0 0 57 0 0 0 68 0 0 0
0 0 0 0 0 0 0 0 40 0 0 24 87 0 61 0 0 0 86 60
0 57 0 0 12 0 0 0 95 0 0 0 0 0 73 0 0 0 0 0
0 0 44 0 81 0 0 0 0 0 0 0 0 0 0 0 0 0 0 0
0 0 0 0 4 10 79 0 0 0 0 0 0 0 1 0 0 18 0 0
10 0 3 0 49 0 0 0 0 0 0 0 96 0 0 0 0 0 0 0
10 0 0 0 0 0 42 0 0 0 30 0 0 12 0 0 84 0 0 0
0 68 0 0 8 0 0 0 9 0 0 32 0 0 0 0 0 0 0 0
0 0 0 0 0 0 0 0 0 0 0 0 0 57 4 0 0 81 0 0
0 0 0 73 0 35 0 0 0 0 52 0 0 0 0 0 18 0 0 55
0 0 0 51 0 0 39 13 0 75 0 0 63 0 100 0 0 42 0 0
81 27 0 0 0 0 0 0 0 0 0 0 0 0 0 10 0 34 83 0
0 7 0 52 0 0 32 0 0 0 0 31 0 0 0 0 0 0 42 0
0 0 0 0 0 0 0 70 0 44 0 94 0 0 0 0 0 40 87 0
0 35 0 0 0 0 0 0 0 32 0 0 0 0 34 0 0 0 0 0
0 64 0 0 25 97 0 0 7 0 0 52 0 0 0 55 94 0 0 0
0 0 0 0 0 26 0 0 0 0 0 0 0 0 0 0 82 91 39 0