20
0 0 0 0 0 59 0 0 0 0 0 0 0 8 48 0 0 0 0 0
0 0 0 48 63 0 0 0 61 50 0 0 52 0 60 69 98 0 0 0
0 18 0 0 99 0 0 1 0 0 0 0 70 0 0 0 0 0 0 0
0 0 0 0 85 72 0 1 0 0 0 0 0 0 0 39 0 0 0 0
17 0 0 0 0 0 13 0 24 64 0 85 0 0 3 0 97 0 0 0
44 0 0 0 0 0 28 0 0 3 84 0 0 0 0 23 0 58 0 53
0 0 0 0 65 0 0 0 0 0 19 0 0 0 0 0 71 0 0 40
32 93 17 6 0 0 0 0 0 0 0 0 95 0 0 0 80 0 25 23
11 0 8 0 0 0 0 0 0 0 0 0 99 0 33 0 0 0 0 10
0 0 20 0 0 0 0 10 76 0 0 0 0 0 0 0 0 0 0 0
20 0 0 0 0 0 0 0 0 0 0 0 0 0 0 0 0 82 0 0
0 0 0 0 0 32 0 13 90 31 0 0 0 0 0 0 78 0 0 0
6 0 0 0 0 0 32 23 0 0 0 0 0 3 0 71 0 0 0 0
0 0 0 0 0 0 0 55 0 0 0 0 2 0 0 0 0 0 0 0
0 0 0 0 0 0 0 61 0 51 73 92 0 60 0 0 0 36 0 0
38 68 0 0 0 0 0 0 0 0 0 0 0 0 0 0 0 74 0 0
0 0 69 0 0 0 0 49 0 0 0 0 84 0 0 93 0 0 4 0
0 0 0 66 0 0 60 87 0 0 0 0 0 0 78 51 0 0 0 0
0 0 0 0 0 0 0 67 88 0 83 94 0 0 0 64 0 0 0 39
0 0 0 0 0 0 0 0 0 0 0 61 0 0 0 0 37 0 26 0
0 0 0 0 0 6 0 0 0 0 0 0 0 75 58 0 0 0 0 0
0 0 0 26 30 0 0 0 76 22 0 0 59 0 30 61 81 0 0 0
0 97 0 0 88 0 0 88 0 0 0 0 70 0 0 0 0 0 0 0
0 0 0 0 27 82 0 9 0 0 0 0 0 0 0 35 0 0 0 0
82 0 0 0 0 0 23 0 62 5 0 45 0 0 2 0 46 0 0 0
5 0 0 0 0 0 77 0 0 74 59 0 0 0 0 34 0 64 0 52
0 0 0 0 30 0 0 0 0 0 87 0 0 0 0 0 10 0 0 10
87 70 43 53 0 0 0 0 0 0 0 0 85 0 0 0 33 0 76 80
52 0 16 0 0 0 0 0 0 0 0 0 66 0 99 0 0 0 0 100
0 0 95 0 0 0 0 65 60 0 0 0 0 0 0 0 0 0 0 0
87 0 0 0 0 0 0 0 0 0 0 0 0 0 0 0 0 50 0 0
0 0 0 0 0 58 0 75 72 90 0 0 0 0 0 0 23 0 0 0
79 0 0 0 0 0 88 13 0 0 0 0 0 100 0 83 0 0 0 0
0 0 0 0 0 0 0 38 0 0 0 0 93 0 0 0 0 0 0 0
0 0 0 0 0 0 0 65 0 27 9 16 0 78 0 0 0 13 0 0
91 93 0 0 0 0 0 0 0 0 0 0 0 0 0 0 0 88 0 0
0 0 2 0 0 0 0 15 0 0 0 0 38 0 0 55 0 0 61 0
0 0 0 35 0 0 22 80 0 0 0 0 0 0 72 98 0 0 0 0
0 0 0 0 0 0 0 27 15 0 23 46 0 0 0 89 0 0 0 55
0 0 0 0 0 0 0 0 0 0 0 20 0 0 0 0 20 0 93 0