20
0 0 0 0 34 52 0 0 0 0 89 0 0 37 0 0 13 0 0 0
0 0 58 0 42 55 77 0 0 75 0 0 0 0 0 0 0 0 0 0
0 0 0 0 61 0 0 0 19 0 0 0 0 95 0 0 54 0 0 53
0 5 0 0 0 0 0 0 0 0 0 65 46 50 0 0 0 0 0 53
68 13 0 11 0 0 0 0 54 0 0 0 52 0 0 0 0 0 0 12
0 0 64 0 0 0 0 25 99 0 0 0 0 0 0 0 0 0 0 0
0 0 0 0 0 97 0 80 59 24 0 0 0 0 65 0 0 62 0 0
0 12 41 0 0 0 76 0 0 0 0 0 73 71 0 0 0 0 0 54
0 0 0 0 0 0 0 0 0 0 0 0 0 0 0 0 0 0 0 0
0 0 0 35 0 61 34 0 0 0 0 0 0 0 93 0 26 0 0 0
0 0 72 0 10 0 58 84 50 0 0 36 0 0 0 28 0 0 0 0
0 0 0 0 0 0 0 42 0 0 0 0 0 0 0 0 0 0 0 17
0 0 31 14 0 0 81 0 0 0 28 82 0 0 82 0 0 0 46 0
0 0 0 0 0 0 0 0 0 0 4 0 0 0 0 0 55 0 0 0
89 0 7 0 0 0 0 0 0 0 0 0 71 0 0 0 0 0 0 0
0 0 0 0 0 92 0 0 80 52 100 79 0 0 0 0 0 81 0 0
0 0 83 0 0 52 60 0 0 0 0 0 0 0 83 0 0 0 87 0
0 0 35 0 60 0 0 0 0 0 0 93 0 71 18 40 62 0 0 0
0 0 0 0 0 41 0 0 0 0 0 69 0 0 0 0 89 17 0 0
87 0 0 92 0 75 0 34 0 27 0 0 0 84 0 0 0 0 0 0
0 0 0 0 40 100 0 0 0 0 74 0 0 84 0 0 65 0 0 0
0 0 46 0 60 76 46 0 0 94 0 0 0 0 0 0 0 0 0 0
0 0 0 0 5 0 0 0 85 0 0 0 0 89 0 0 91 0 0 69
0 5 0 0 0 0 0 0 0 0 0 10 74 99 0 0 0 0 0 54
100 70 0 40 0 0 0 0 46 0 0 0 39 0 0 0 0 0 0 22
0 0 69 0 0 0 0 19 10 0 0 0 0 0 0 0 0 0 0 0
0 0 0 0 0 86 0 84 86 92 0 0 0 0 23 0 0 76 0 0
0 100 5 0 0 0 54 0 0 0 0 0 4 82 0 0 0 0 0 50
0 0 0 0 0 0 0 0 0 0 0 0 0 0 0 0 0 0 0 0
0 0 0 1 0 14 44 0 0 0 0 0 0 0 73 0 19 0 0 0
0 0 88 0 66 0 81 99 97 0 0 46 0 0 0 46 0 0 0 0
0 0 0 0 0 0 0 83 0 0 0 0 0 0 0 0 0 0 0 81
0 0 94 48 0 0 21 0 0 0 80 64 0 0 54 0 0 0 29 0
0 0 0 0 0 0 0 0 0 0 23 0 0 0 0 0 82 0 0 0
1 0 59 0 0 0 0 0 0 0 0 0 55 0 0 0 0 0 0 0
0 0 0 0 0 96 0 0 28 25 16 76 0 0 0 0 0 11 0 0
0 0 93 0 0 58 70 0 0 0 0 0 0 0 2 0 0 0 28 0
0 0 9 0 53 0 0 0 0 0 0 76 0 45 87 42 1 0 0 0
0 0 0 0 0 83 0 0 0 0 0 64 0 0 0 0 39 22 0 0
31 0 0 76 0 22 0 91 0 24 0 0 0 3 0 0 0 0 0 0