20
0 28 0 0 0 0 0 0 0 0 0 0 0 14 71 0 95 0 0 0
57 0 0 88 0 0 0 0 20 0 0 0 0 30 19 0 60 0 0 0
0 0 0 0 0 0 0 0 0 0 0 0 0 0 34 0 36 0 0 0
0 0 60 0 34 90 0 95 37 0 0 0 0 0 0 0 0 0 0 0
0 0 0 78 0 0 0 1 0 0 0 0 96 0 12 32 26 74 39 81
0 50 80 96 0 0 0 0 43 0 0 91 82 0 0 0 95 7 0 0
20 0 85 0 0 45 0 96 0 0 0 0 0 0 0 0 0 0 0 0
0 0 0 0 0 30 0 0 0 0 0 44 56 30 0 0 0 0 0 0
0 0 0 0 0 0 0 0 0 3 0 0 0 0 0 0 0 0 39 87
14 87 0 99 0 0 36 65 11 0 0 0 0 0 66 26 0 0 0 63
7 0 53 13 0 0 0 0 18 0 0 0 0 0 0 0 31 0 0 0
80 0 91 0 0 0 0 26 0 0 0 0 0 0 0 86 0 0 0 0
0 0 0 22 64 53 16 0 0 37 0 0 0 0 0 0 0 0 14 0
0 0 0 0 0 0 0 0 0 0 0 0 34 0 48 0 0 0 0 0
0 0 0 0 0 0 0 0 0 0 0 0 27 0 0 27 0 0 37 0
0 0 0 0 0 77 0 0 0 65 0 0 90 0 0 0 0 96 0 0
0 0 85 0 0 0 0 12 0 0 0 31 0 0 0 0 0 0 0 0
0 0 0 0 3 0 0 0 0 35 0 0 0 0 77 0 0 0 0 0
0 0 0 72 0 0 0 0 0 0 19 99 0 0 0 60 20 0 0 14
0 0 0 0 0 0 0 0 92 0 62 51 0 38 0 0 0 42 0 0
0 66 0 0 0 0 0 0 0 0 0 0 0 73 37 0 52 0 0 0
76 0 0 63 0 0 0 0 30 0 0 0 0 39 45 0 35 0 0 0
0 0 0 0 0 0 0 0 0 0 0 0 0 0 35 0 89 0 0 0
0 0 69 0 47 83 0 55 77 0 0 0 0 0 0 0 0 0 0 0
0 0 0 94 0 0 0 2 0 0 0 0 55 0 32 33 30 34 90 12
0 83 5 1 0 0 0 0 79 0 0 64 11 0 0 0 42 52 0 0
28 0 13 0 0 51 0 23 0 0 0 0 0 0 0 0 0 0 0 0
0 0 0 0 0 45 0 0 0 0 0 31 84 72 0 0 0 0 0 0
0 0 0 0 0 0 0 0 0 13 0 0 0 0 0 0 0 0 37 86
34 42 0 31 0 0 5 85 73 0 0 0 0 0 42 25 0 0 0 19
9 0 89 17 0 0 0 0 21 0 0 0 0 0 0 0 85 0 0 0
70 0 72 0 0 0 0 27 0 0 0 0 0 0 0 76 0 0 0 0
0 0 0 3 36 88 60 0 0 32 0 0 0 0 0 0 0 0 94 0
0 0 0 0 0 0 0 0 0 0 0 0 94 0 46 0 0 0 0 0
0 0 0 0 0 0 0 0 0 0 0 0 94 0 0 79 0 0 23 0
0 0 0 0 0 31 0 0 0 97 0 0 16 0 0 0 0 59 0 0
0 0 64 0 0 0 0 7 0 0 0 95 0 0 0 0 0 0 0 0
0 0 0 0 100 0 0 0 0 41 0 0 0 0 63 0 0 0 0 0
0 0 0 49 0 0 0 0 0 0 11 46 0 0 0 23 6 0 0 14
0 0 0 0 0 0 0 0 44 0 38 38 0 85 0 0 0 20 0 0