20
0 0 0 0 0 0 0 84 0 0 0 0 0 0 64 0 0 85 0 0
0 0 21 0 0 0 0 93 0 73 0 0 0 84 71 0 0 0 27 0
100 0 0 85 0 0 0 0 0 0 0 0 38 0 0 13 0 0 0 0
9 0 0 0 49 0 0 0 41 0 44 0 0 0 0 0 0 0 0 0
0 0 0 0 0 0 90 0 0 0 0 9 0 0 0 0 0 0 0 33
0 0 12 0 57 0 0 0 0 92 0 0 36 82 0 0 42 0 60 0
64 0 0 38 0 6 0 35 0 0 88 0 14 17 0 0 0 0 79 0
70 30 0 80 0 65 0 0 0 0 73 0 0 44 0 0 0 0 0 0
0 0 36 0 19 0 0 0 0 0 0 0 0 0 0 0 0 0 0 86
0 52 0 84 71 0 71 0 0 0 88 0 0 0 0 0 82 0 0 0
0 0 17 98 0 0 4 0 0 17 0 0 0 0 0 25 0 0 0 0
35 68 0 22 0 0 0 0 0 19 51 0 0 0 0 0 0 29 0 0
0 0 0 0 0 45 23 89 0 45 0 83 0 0 0 0 82 0 0 79
0 0 0 0 0 0 0 0 0 0 0 72 0 0 0 62 0 0 0 19
0 0 39 0 0 94 0 0 0 0 0 89 97 0 0 0 0 0 88 0
0 0 0 0 0 19 0 0 0 0 0 42 3 0 0 0 0 0 11 0
67 0 0 0 35 0 0 0 0 0 0 37 0 0 0 0 0 0 0 0
42 0 0 0 0 3 17 0 0 0 0 0 63 0 0 0 0 0 0 0
0 0 0 0 0 0 48 58 3 0 0 0 0 0 0 65 0 0 0 0
99 0 0 0 0 0 0 0 0 0 0 35 0 0 9 0 0 99 0 0
0 0 0 0 0 0 0 94 0 0 0 0 0 0 67 0 0 22 0 0
0 0 85 0 0 0 0 44 0 17 0 0 0 23 65 0 0 0 33 0
23 0 0 97 0 0 0 0 0 0 0 0 10 0 0 18 0 0 0 0
37 0 0 0 40 0 0 0 69 0 32 0 0 0 0 0 0 0 0 0
0 0 0 0 0 0 86 0 0 0 0 22 0 0 0 0 0 0 0 75
0 0 39 0 64 0 0 0 0 4 0 0 38 32 0 0 100 0 22 0
95 0 0 98 0 96 0 11 0 0 36 0 60 48 0 0 0 0 68 0
11 95 0 81 0 34 0 0 0 0 67 0 0 97 0 0 0 0 0 0
0 0 93 0 3 0 0 0 0 0 0 0 0 0 0 0 0 0 0 9
0 6 0 74 32 0 58 0 0 0 97 0 0 0 0 0 20 0 0 0
0 0 29 4 0 0 88 0 0 50 0 0 0 0 0 10 0 0 0 0
32 19 0 31 0 0 0 0 0 41 33 0 0 0 0 0 0 84 0 0
0 0 0 0 0 60 60 72 0 12 0 36 0 0 0 0 58 0 0 72
0 0 0 0 0 0 0 0 0 0 0 41 0 0 0 70 0 0 0 54
0 0 12 0 0 90 0 0 0 0 0 80 11 0 0 0 0 0 63 0
0 0 0 0 0 96 0 0 0 0 0 80 59 0 0 0 0 0 19 0
87 0 0 0 93 0 0 0 0 0 0 42 0 0 0 0 0 0 0 0
96 0 0 0 0 6 91 0 0 0 0 0 35 0 0 0 0 0 0 0
0 0 0 0 0 0 46 3 41 0 0 0 0 0 0 70 0 0 0 0
78 0 0 0 0 0 0 0 0 0 0 28 0 0 24 0 0 13 0 0