20
0 0 38 0 88 89 0 92 0 0 26 0 0 98 0 12 0 22 0 48
0 0 0 0 0 87 64 0 0 10 0 0 0 0 0 87 0 96 0 0
0 0 0 0 0 0 0 0 81 54 0 0 0 8 0 0 0 0 0 0
0 0 0 0 84 0 0 0 0 0 0 0 94 0 5 0 11 0 49 0
7 0 0 0 0 0 0 0 0 0 0 0 0 0 0 0 0 0 22 0
0 48 0 0 0 0 0 0 0 0 0 84 0 0 0 0 29 40 0 0
63 0 0 40 0 0 0 0 0 0 0 94 0 76 55 73 0 0 0 61
0 0 0 0 0 0 0 0 0 0 56 0 0 0 98 0 0 0 0 0
0 0 0 0 0 0 28 77 0 15 0 0 0 0 0 0 0 41 0 57
0 0 0 0 0 0 0 51 0 0 91 0 0 0 0 0 24 0 0 0
4 0 0 0 0 0 0 0 0 0 0 84 0 90 0 0 0 0 0 28
27 0 0 0 0 68 0 0 0 0 11 0 0 0 73 0 0 0 0 53
0 0 0 0 0 0 0 0 34 0 0 0 0 0 0 0 0 23 0 11
0 60 0 0 0 0 0 65 0 74 0 0 0 0 0 80 35 91 48 0
0 0 0 0 0 0 60 0 8 0 0 0 0 28 0 0 0 0 0 0
0 0 98 0 0 0 0 0 2 89 100 77 0 54 0 0 0 0 90 0
0 0 0 0 21 70 53 82 0 0 0 0 0 61 0 0 0 0 0 0
0 0 0 0 40 86 0 0 21 0 0 0 0 0 96 87 0 0 0 62
0 0 71 47 0 0 0 44 0 0 0 0 0 0 0 0 0 58 0 0
0 41 68 60 0 10 0 0 0 7 0 0 0 87 0 0 0 0 0 0
0 0 31 0 69 40 0 82 0 0 67 0 0 58 0 42 0 99 0 63
0 0 0 0 0 79 89 0 0 74 0 0 0 0 0 20 0 8 0 0
0 0 0 0 0 0 0 0 95 51 0 0 0 75 0 0 0 0 0 0
0 0 0 0 48 0 0 0 0 0 0 0 53 0 49 0 18 0 88 0
28 0 0 0 0 0 0 0 0 0 0 0 0 0 0 0 0 0 12 0
0 53 0 0 0 0 0 0 0 0 0 65 0 0 0 0 54 4 0 0
43 0 0 45 0 0 0 0 0 0 0 67 0 4 68 66 0 0 0 86
0 0 0 0 0 0 0 0 0 0 99 0 0 0 88 0 0 0 0 0
0 0 0 0 0 0 29 33 0 51 0 0 0 0 0 0 0 100 0 83
0 0 0 0 0 0 0 24 0 0 91 0 0 0 0 0 72 0 0 0
100 0 0 0 0 0 0 0 0 0 0 91 0 30 0 0 0 0 0 95
16 0 0 0 0 51 0 0 0 0 11 0 0 0 75 0 0 0 0 30
0 0 0 0 0 0 0 0 37 0 0 0 0 0 0 0 0 68 0 99
0 55 0 0 0 0 0 92 0 15 0 0 0 0 0 91 83 88 17 0
0 0 0 0 0 0 47 0 35 0 0 0 0 12 0 0 0 0 0 0
0 0 18 0 0 0 0 0 36 30 88 70 0 92 0 0 0 0 21 0
0 0 0 0 53 3 14 84 0 0 0 0 0 71 0 0 0 0 0 0
0 0 0 0 33 53 0 0 38 0 0 0 0 0 15 89 0 0 0 97
0 0 42 25 0 0 0 6 0 0 0 0 0 0 0 0 0 38 0 0
0 73 40 44 0 33 0 0 0 79 0 0 0 5 0 0 0 0 0 0