4.510112099989783
3.599409200018272
5.593158600036986
5.368379099993035
3.3768383999704383
4.375638199970126
3.0181942000053823
2.8992962000193074
3.4448202999774367
3.568525899958331
3.428168199956417
3.6652931999997236
3.0702552999719046
3.285606399993412
3.2468348999973387
2.4419551999890245
2.9941080000135116
3.9692852000007406
3.054889800027013
2.82112820004113
6.236607800005004
2.739682100014761
4.447462400014047
5.14486289996421
7.98549059999641
3.9106772000086494
3.911975099996198
4.542465300008189
5.255059900053311
4.006718999997247
3.3792927999747917
2.7949673000257462
3.3033565999940038
2.802172399999108
3.6380573999485932
5.0601150000002235
4.8494436999899335
3.2081093000015244
3.3816859999787994
4.028310299967416
2.465788099972997
4.791422399983276
3.271319899999071
3.432692500005942
2.8742844000225887
3.2891422999673523
3.661602900014259
3.8462986000231467
2.8158082999871112
3.345932599972002
3.777911600016523
3.7650480999727733
2.590334700013045
3.4383283000206575
1.9397136999759823
4.2466923000174575
3.6823432000237517
3.524941299983766
2.8086175000062212
3.66221380000934
2.944116899976507
2.264130200026557
5.996016299992334
5.9038575000013225
4.438057099992875
5.069458800018765
2.831094499968458
3.7259862999781035
4.397788700007368
3.7019578999606892
3.8371318000135943
3.3847167000058107
6.028543399996124
3.306384399998933
3.569064800045453
2.829594300012104
3.0437568000052124
4.218932700052392
3.6875022999593057
2.6822678000316955
4.01638039998943
3.5369110999745317
2.5796292000450194
3.16063060000306
3.9915245000156574
2.977701399999205
5.347827800025698
2.910113200021442
3.2353724999702536
3.5365568000124767
2.47491920000175
3.8177673000027426
3.7326005999930203
2.7072189999744296
3.9145461000152864
2.682139900047332
3.761584500025492
4.471142399997916
2.9712414999958128
3.523171899956651
