0.013222899986431003
0.011407999962102622
0.010115100012626499
0.012440300022717565
0.017355100018903613
0.01692460000049323
0.0052773000206798315
0.003410200006328523
0.014402200002223253
0.0023968000314198434
0.0026222000014968216
0.015798699983861297
0.0073377000517211854
0.009555299999192357
0.004579800006467849
0.00830139999743551
0.0031792999943718314
0.006238300004042685
0.0065327000338584185
0.011146500008180737
0.01724419998936355
0.00737829995341599
0.007459499989636242
0.00324330001603812
0.003134500002488494
0.001868500025011599
0.03155060001881793
0.004700799996498972
0.010815300047397614
0.018858800001908094
0.012099799991119653
0.005520199949387461
0.008266300021205097
0.004909200011752546
0.009131700033321977
0.010387799993623048
0.009173900005407631
0.009121700015384704
0.006536500004585832
0.006681400001980364
0.009834300028160214
0.005721499968785793
0.011697800015099347
0.0024355999776162207
0.0052569000399671495
0.015889700036495924
0.006465299986302853
0.006473699992056936
0.00236470001982525
0.0038961999816820025
0.008137600030750036
0.0036222999915480614
0.0056294999667443335
0.003562500001862645
0.010015399951953441
0.004142399993725121
0.008291200036183
0.003915000008419156
0.007982000010088086
0.0043623000383377075
0.007459599990397692
0.009690599981695414
0.0041315999696962535
0.007221100036986172
0.003321399970445782
0.011812500015366822
0.004925900022499263
0.009729499986860901
0.013132099993526936
0.002198500034864992
0.0036080999998375773
0.008905299997422844
0.012079899956006557
0.01028970000334084
0.006915600039064884
0.0038573999772779644
0.004570299992337823
0.008903999987524003
0.00827619998017326
0.012121799984015524
0.004091300012078136
0.008841199974995106
0.008251699968241155
0.007900999975390732
0.002474099979735911
0.010299900022801012
0.012414999946486205
0.014209899993147701
0.0027025999734178185
0.002493100007995963
0.010974500037264079
0.009844999993219972
0.004593399993609637
0.01655080000637099
0.030327500018756837
0.005895500013139099
0.0038367999950423837
0.006218600028660148
0.012551799998618662
0.011843100015539676
