0.011375300004146993
0.0420651999884285
0.026604500017128885
0.06913710001390427
0.06146480003371835
0.041345999983605
0.07772589998785406
0.07820620003622025
0.044159899989608675
0.0478622000082396
0.03026039997348562
0.014973699988331646
0.03839170001447201
0.08240439998917282
0.06532599998172373
0.03211720002582297
0.04378870001528412
0.02307469997322187
0.029136899975128472
0.0737193999812007
0.07051210000645369
0.017806600022595376
0.07728219998534769
0.04519209999125451
0.026644400029908866
0.09952699998393655
0.0761822999920696
0.04023689997848123
0.03075799997895956
0.02247599995462224
0.051012399955652654
0.07890620001126081
0.07990880002034828
0.09460939996642992
0.03911599999992177
0.0371028000372462
0.04155060002813116
0.046607399999629706
0.028975200024433434
0.04401529999449849
0.03485719999298453
0.05988640000578016
0.03697509999619797
0.07880000001750886
0.08920360001502559
0.03230069996789098
0.0467447999981232
0.09783010004321113
0.056880799995269626
0.028716000029817224
0.026341999997384846
0.08268160000443459
0.10035550000611693
0.05252259998815134
0.08023939997656271
0.027210599975660443
0.05106149998027831
0.037383200018666685
0.02429990004748106
0.03840900002978742
0.04837999999290332
0.04577149997930974
0.03297589998692274
0.036033099982887506
0.014583899988792837
0.024250500020571053
0.06309960002545267
0.0573426999617368
0.059965599968563765
0.061903599998913705
0.042721500038169324
0.0743699999875389
0.009698299982119352
0.10618750000139698
0.04479770001489669
0.048994199954904616
0.06245289999060333
0.04269629996269941
0.01967689994489774
0.04655800003092736
0.0866569000063464
0.03561019996413961
0.08531350002158433
0.038122400001157075
0.02521999995224178
0.027755299990531057
0.07013549999101087
0.05956900003366172
0.025573199964128435
0.034313400043174624
0.04310589999658987
0.023418799974024296
0.07237690000329167
0.027908199990633875
0.04905129998223856
0.08547710004495457
0.03542099997866899
0.019442200020421296
0.03812919999472797
0.06277620000764728
