0.15468709997367114
0.4284055999596603
0.19122620002599433
0.2843037000275217
0.32666190003510565
0.25220960000297055
0.2743218000396155
0.24379219999536872
0.17549499997403473
0.32771139999385923
0.40832099999533966
0.4145743999979459
0.22769480000715703
0.3947006000089459
0.14898629998788238
0.2615955999935977
0.5522629999904893
0.3112187000224367
0.43878520000725985
0.470100500038825
0.3586829000269063
0.3694209000095725
0.18567000003531575
0.36891979997744784
0.5129853999824263
0.2755744999740273
0.37299760000314564
0.21004989999346435
0.2979942999663763
0.18553469999460503
0.21518539998214692
0.30884479999076575
0.22656019998248667
0.40654220001306385
0.23200980003457516
0.44165809999685735
0.24362279998604208
0.2807258000248112
0.328250200022012
0.4119686000049114
0.44963509996887296
0.252122399979271
0.25353519996860996
0.5715257999836467
0.41851729998597875
0.350168900040444
0.39333210000768304
0.16326409997418523
0.37357960001099855
0.21636030002264306
0.10987280000699684
0.4262044999632053
0.11743749998277053
0.28207689995178953
0.38426419999450445
0.2707797000184655
0.2619533999823034
0.41759780002757907
1.2535694999969564
0.5456139000016265
0.6330186999985017
1.093335899990052
0.5479696999536827
0.36885790002997965
0.2178834000369534
0.28189399995608255
0.45528990001184866
0.19762160000391304
0.3696356999571435
0.2790588000207208
0.18229289998998865
0.14764599996851757
0.2539691999554634
0.21248299995204434
0.2886931999819353
0.23667239997303113
0.34284050000132993
0.17826099996455014
0.3620947999879718
0.21838020003633574
0.28259749995777383
0.20861400000285357
0.7685497999773361
0.47770599997602403
0.4037047000019811
0.2795122999814339
0.5703896000050008
0.169933500001207
0.3842855999828316
0.3495530000072904
0.42914869997184724
0.43007940001552925
0.5698570000240579
0.3200471000163816
0.41746800002874807
0.40449260000605136
0.26456809998489916
0.3120451000286266
0.33592240000143647
0.4268100999761373
