0.014339699991978705
0.017145999998319894
0.015606699977070093
0.03654120001010597
0.06789160001790151
0.027722499973606318
0.03661519999150187
0.038353400013875216
0.0347120999940671
0.03865250002127141
0.03006469999672845
0.011408100021071732
0.020400899986270815
0.048615299980156124
0.03859140002168715
0.01207950001116842
0.018861500022467226
0.01673029997618869
0.06115169997792691
0.0398999999742955
0.03544990002410486
0.014187599997967482
0.02723770000739023
0.036157599999569356
0.0187098000315018
0.03630179999163374
0.03413809998892248
0.030473299964796752
0.015722299984190613
0.014131100033409894
0.03961049998179078
0.014467800036072731
0.03680010000243783
0.044149600027594715
0.02225959999486804
0.028707200021017343
0.02069209999172017
0.031002200033981353
0.0570465000346303
0.025285299983806908
0.014758200035430491
0.035162100044544786
0.01658190001035109
0.03444389998912811
0.028840399987529963
0.025590999983251095
0.020910700026433915
0.04922599997371435
0.03148570004850626
0.02587449998827651
0.019507199991494417
0.024135700019542128
0.03820780001115054
0.028514600009657443
0.0310320999706164
0.017869100032839924
0.025011299992911518
0.07044340000720695
0.011357099981978536
0.02335879998281598
0.013412199972663075
0.023996400006581098
0.019331499992404133
0.02489409997360781
0.012253599998075515
0.014824800018686801
0.0152473000343889
0.015354899980593473
0.03057579998858273
0.031634600018151104
0.029228300030808896
0.0351595000247471
0.015671400004066527
0.02613989997189492
0.024789099988993257
0.032076200004667044
0.03532560000894591
0.01938690000679344
0.02306410000892356
0.019443399971351027
0.021058700047433376
0.019280700013041496
0.04522290005115792
0.02018260001204908
0.02046540001174435
0.01627560000633821
0.03346370003418997
0.025730099994689226
0.019356800010427833
0.06130250002024695
0.018906200013589114
0.02324499998940155
0.024617299961391836
0.01557620003586635
0.03289740002946928
0.044429600005969405
0.026986300013959408
0.05676770000718534
0.016962599998805672
0.012387999973725528
