18.420236699981615
17.131572899990715
26.12183439999353
22.68200979998801
18.635599499975797
17.348963399999775
18.241712200047914
11.513047599990387
13.772246100008488
16.187789499992505
13.587817799998447
16.80670860002283
15.58560980000766
11.510113099997398
20.373170800041407
12.612383299972862
12.168870699999388
17.920542900043074
15.769820499990601
10.033985499991104
16.857131200027652
13.78904900001362
25.75906589999795
35.184332700038794
44.401494799996726
15.350177499989513
15.641484000021592
20.19330899999477
20.811951700015925
17.195444800017867
18.515434900007676
11.270061500021257
19.076463700039312
15.301399799995124
10.992826499976218
24.127639800019097
23.545610899978783
13.769777000008617
11.017760200018529
15.93528650002554
9.297826100024395
15.264784800005145
16.587681900011376
14.917902299959678
16.19268659997033
16.060557099990547
18.78563459997531
13.536692599998787
16.679702499997802
14.597282700007781
18.696204200037755
15.466387399996165
10.416103299998213
15.371351399982814
11.60898979997728
14.185140100016724
14.67842470004689
16.40422419999959
10.365935399953742
558.8542857000139
15.662516099982895
18.963026600016747
27.958337099989876
27.957502999983262
17.32055380003294
14.649725900031626
11.959939300024416
18.820968199986964
12.68273900001077
12.352816400001757
16.89142970001558
9.525413999974262
27.976182299957145
13.408489699999336
16.372113300021738
12.498133299988694
13.54734659998212
17.15316739998525
16.60780130000785
13.610564399976283
17.65015519998269
18.081346999970265
10.97768890002044
16.289480199979153
17.44450029998552
17.944326500000898
20.199798400048167
12.697331200004555
13.217267200001515
16.446428399998695
10.09907789999852
15.226522199984174
13.008233300002757
12.355075199971907
13.225102500000503
9.086055299965665
21.5761993000051
15.892314099997748
12.323185299988836
14.045961199968588
