0.25689060002332553
0.5149041000404395
0.31666920002317056
0.3086704000015743
0.3235606999951415
0.4184448000160046
0.35572979995049536
0.2464363999897614
0.5250257999869063
0.3982229999965057
0.3946617000037804
0.5584425000124611
0.30973889998858795
0.7409646000014618
0.3578940999577753
0.43153559998609126
0.5532950999913737
0.39779899996938184
0.25865149998571724
0.40121919999364763
0.4093625000095926
0.3117941999807954
0.19249190000118688
0.31120340002235025
0.3746726000099443
0.24360779998824
0.3607793999835849
0.3767548999749124
0.36233090003952384
0.14040099998237565
0.21432249998906627
0.3112690999987535
0.18663079995894805
0.5165432000067085
0.18407129996921867
0.5515330000198446
0.24997639999492094
0.3239566000411287
0.22237680002581328
0.40637630003038794
0.408003699965775
0.3207360000233166
0.21607059997040778
0.3982442999840714
0.3731137000140734
0.36013019998790696
0.417211199994199
0.1346477000042796
0.365017700009048
0.2468343999935314
0.1355424000066705
0.39079159998800606
0.19506539998110384
0.4558469000039622
0.47317549999570474
0.3545937000308186
0.3103061000001617
1.1293795999954455
0.4714486000011675
0.5378571999608539
0.500821299967356
0.5698576000286266
0.578697600052692
0.400002799986396
0.2161795999854803
0.30944520002231
0.3309888999792747
0.2591313000302762
0.4564290000125766
0.3912389000179246
0.2864125999622047
0.2849860999849625
0.265907299995888
0.3117441000067629
0.3476669999654405
0.3073575999587774
0.262450699985493
0.2312155999825336
0.4794347999850288
0.16634830000111833
0.26691180001944304
0.41761240002233535
0.3157975999638438
0.4466113000526093
0.3946305999998003
0.5039327999693342
0.48278270004084334
0.14332550001563504
0.35893389995908365
0.49916980002308264
0.5910931000253186
0.49321820004843175
0.4763251000549644
0.32153090002248064
0.48898750002263114
0.29164379998110235
0.4002065999666229
0.2522138000349514
0.34177669999189675
0.4423924000002444
