0.12483779998729005
0.12061660003382713
0.20469759998377413
0.1827974999905564
0.22111889999359846
0.21765000000596046
0.16697270004078746
0.14220480003859848
0.11292200000025332
0.11299230001168326
0.11068290000548586
0.1576266000047326
0.11042039998574182
0.1132592000067234
0.11478820000775158
0.11414760001935065
0.10953259997768328
0.123087799991481
0.1590536999865435
0.11389790003886446
0.24420090002240613
0.108524999988731
0.16446870000800118
0.20732970000244677
0.26507439999841154
0.12314619997050613
0.12071539997123182
0.13896549999481067
0.11181840003700927
0.11603790003573522
0.11638199997832999
0.15465870004845783
0.15124020003713667
0.11723340000025928
0.19329710002057254
0.18006740004057065
0.1829903000034392
0.11652050004340708
0.11501279997173697
0.16222810000181198
0.12510740000288934
0.1669646999798715
0.11701889999676496
0.11924899998120964
0.11098559998208657
0.15548820002004504
0.13539890001993626
0.1210480000008829
0.12089039996499196
0.12183349998667836
0.169523999968078
0.12105249997694045
0.1212960000266321
0.12431590002961457
0.15265409997664392
0.17589440004667267
0.1162822000333108
0.15994040004443377
0.12857870000880212
0.12929050001548603
0.1491124999593012
0.1724141000304371
0.17825739999534562
0.16013470001053065
0.2312528999755159
0.10305050003807992
0.11312669998733327
0.14929699996719137
0.1257552999886684
0.12911259999964386
0.11725960002513602
0.16652359999716282
0.26239410002017394
0.11286579997977242
0.11791890003951266
0.14222340000560507
0.12711860000854358
0.12517270003445446
0.16369389998726547
0.12061979999998584
0.13404350000200793
0.12422539998078719
0.13419160002376884
0.17068690003361553
0.11813199997413903
0.11391319998074323
0.16990520001854748
0.15860319999046624
0.11953580001136288
0.11736829997971654
0.1508011000114493
0.12066729995422065
0.1579815999721177
0.12069720000727102
0.1633365000016056
0.12375089997658506
0.12425379996420816
0.18609309999737889
0.13238670001737773
0.16101829998660833
