0.0061437999829649925
0.004364399996120483
0.005977099994197488
0.004555599996820092
0.005801799998153001
0.004275499959476292
0.004987999971490353
0.006245700002182275
0.0032112000044435263
0.005105699994601309
0.004411699948832393
0.005288899992592633
0.0027550000231713057
0.005718400003388524
0.004768399987369776
0.006513500004075468
0.002787100034765899
0.005573500005993992
0.004417199990712106
0.004779200011398643
0.006489599996712059
0.0030504000023938715
0.004604400019161403
0.005878500000108033
0.006706800020765513
0.0025618000072427094
0.009205499954987317
0.0046950000105425715
0.004945499997120351
0.00460340001154691
0.003931499959435314
0.0036014000070281327
0.0038979999953880906
0.003933199972379953
0.0032828999683260918
0.005093400017358363
0.004440699995029718
0.003136899962555617
0.004038099956233054
0.005196399986743927
0.003232399991247803
0.003634600026998669
0.0048099999548867345
0.0025867999647744
0.004009200027212501
0.0038763999473303556
0.003534699964802712
0.003474899975117296
0.002736700000241399
0.0034097000025212765
0.0031638999935239553
0.0037251999601721764
0.0035539999953471124
0.003622799995355308
0.003587900020647794
0.005973200022708625
0.0047494000173173845
0.004677799995988607
0.0030621999758295715
0.0042301000212319195
0.004687500011641532
0.0027768000145442784
0.0056176999933086336
0.006182799988891929
0.0042449000175111
0.0038859000196680427
0.0032084000413306057
0.00400019995868206
0.006568099954165518
0.004644499975256622
0.003977100015617907
0.003770299954339862
0.003089000005275011
0.003048699989449233
0.005015600007027388
0.0030243000364862382
0.003937200002837926
0.005311099987011403
0.004327600006945431
0.0029922000248916447
0.005903999961446971
0.0033091999939642847
0.0031267000013031065
0.0032351999543607235
0.0025830999948084354
0.0029637999832630157
0.004755700007081032
0.004844399983994663
0.004141699988394976
0.0037272999761626124
0.003590600041206926
0.003905799996573478
0.0054228000226430595
0.004839400004129857
0.014921800000593066
0.0033423000131733716
0.002915899967774749
0.0034525999799370766
0.006727800006046891
0.0031897000153549016
