0.010539899987634271
0.009176900028251112
0.010829900042153895
0.012025800009723753
0.01115779997780919
0.00947190000442788
0.040777500020340085
0.01360409997869283
0.007773499994073063
0.010888799966778606
0.05605399998603389
0.010382500011473894
0.010435200005304068
0.008834099979139864
0.011154600011650473
0.011018900026101619
0.010647400049492717
0.008079799998085946
0.009091800020541996
0.007955599983688444
0.0107533999835141
0.009293199982494116
0.00890160002745688
0.010535899957176298
0.009344400023110211
0.009537900041323155
0.010437700024340302
0.009693800006061792
0.010509899992030114
0.009592699992936105
0.008897399995476007
0.01124550000531599
0.008035300008486956
0.013475700048729777
0.008886600029654801
0.008324599999468774
0.008446799998637289
0.012483400001656264
0.00848639995092526
0.012273100030142814
0.009394399996381253
0.011780600005295128
0.009789499978069216
0.008943799999542534
0.05455080000683665
0.008912599994800985
0.009061799966730177
0.016522200021427125
0.009252000018022954
0.00908680004067719
0.007744000002276152
0.00949870003387332
0.011987100006081164
0.012746600026730448
0.010954099998343736
0.01230760000180453
0.010682899970561266
0.012137899990193546
0.007883299957029521
0.008699700003489852
0.010131799965165555
0.009960199997294694
0.010704800020903349
0.010041399975307286
0.009139699977822602
0.010483199963346124
0.008896799990907311
0.010127699992153794
0.011361400014720857
0.007582199992612004
0.007705399999395013
0.010128499998245388
0.006951799965463579
0.008160200028214604
0.010902799956966192
0.011338099953718483
0.008929200004786253
0.009511200012639165
0.008568299992475659
0.010960599989630282
0.018681300047319382
0.01163199997972697
0.010884299990721047
0.009440399997401983
0.010265699995215982
0.0092391999787651
0.009517300000879914
0.008964300039224327
0.007295300019904971
0.008339700056239963
0.012312399980146438
0.00759170000674203
0.0086066999938339
0.010146899963729084
0.010346099967136979
0.012311100028455257
0.011364199977833778
0.0064070000080391765
0.008039799984544516
0.009635799971874803
