0.02348660002462566
0.026210199983324856
0.02451620000647381
0.02382860000943765
0.022612200002186
0.07164010003907606
0.024146600044332445
0.029081300017423928
0.04086969996569678
0.02836090000346303
0.0301385999773629
0.02760959998704493
0.078688699984923
0.028742700000293553
0.04178119997959584
0.031957400031387806
0.03275489999214187
0.026717100001405925
0.033711600000970066
0.02818170003592968
0.025712300033774227
0.028933599998708814
0.03785169997718185
0.0276880000019446
0.029810599982738495
0.031735299970023334
0.02595159999327734
0.07368159998441115
0.04019440000411123
0.027341799985151738
0.026707900047767907
0.02525980002246797
0.03009279997786507
0.0268690999946557
0.02660370001103729
0.03163360001053661
0.08741219999501482
0.03002030000789091
0.02604809997137636
0.03315840003779158
0.025213400018401444
0.025359799969010055
0.025720999983604997
0.025454399990849197
0.03168320003896952
0.03108859999338165
0.024654200009535998
0.0326958000077866
0.03067800001008436
0.026503400004003197
0.02654320001602173
0.033442200045101345
0.07879140001023188
0.028668000013567507
0.06958000001031905
0.025164699996821582
0.03230359998997301
0.04273859999375418
0.04860810004174709
0.033782699960283935
0.034197700035292655
0.08767479995731264
0.034582699998281896
0.0771186999627389
0.030836199992336333
0.024536199984140694
0.02972849999787286
0.03239539999049157
0.03190649999305606
0.036040900042280555
0.028428199992049485
0.023232800012920052
0.026183500012848526
0.027173299982678145
0.02669669996248558
0.03263689996674657
0.029979600047226995
0.09739030001219362
0.03151790000265464
0.02461120003135875
0.03382969996891916
0.0297106999787502
0.029241999960504472
0.04058250004891306
0.0305862000095658
0.02772229997208342
0.025775000045541674
0.025743500038515776
0.028349699976388365
0.035585900011938065
0.039322299999184906
0.03142449998995289
0.030621099984273314
0.03092570003354922
0.02845280000474304
0.033320399990770966
0.028067099978215992
0.02551620005397126
0.027730499976314604
0.03503299999283627
