40
0 0 0 0 21 0 0 0 0 0 0 0 0 0 18 0 0 10 0 0 0 0 0 0 59 44 0 0 0 7 74 0 0 0 0 0 0 0 0 46
0 0 0 0 100 0 0 0 0 83 0 49 0 0 0 0 0 0 0 14 0 0 0 62 0 0 74 0 35 0 0 75 0 0 82 0 0 0 0 0
0 0 0 0 0 0 40 0 0 0 0 0 0 0 68 0 0 0 60 9 0 0 5 0 0 0 0 10 20 25 0 0 63 0 0 0 0 0 0 0
0 36 0 0 51 89 86 0 8 0 93 3 0 0 0 0 0 0 0 0 81 0 0 68 49 0 0 0 0 0 30 13 0 0 0 0 27 0 22 0
0 0 0 96 0 0 0 0 0 60 0 0 0 0 83 16 0 37 0 0 30 0 0 0 0 0 42 0 33 12 20 0 0 0 49 0 0 0 0 38
80 64 21 0 77 0 0 0 0 0 0 55 32 0 40 0 37 0 0 0 0 0 0 0 0 0 0 0 0 0 0 0 0 89 0 0 43 12 0 0
0 0 0 0 66 0 0 0 0 0 96 0 0 0 0 0 0 0 31 35 66 0 0 0 0 0 0 96 1 0 0 0 0 38 0 0 0 49 0 24
0 0 0 0 0 0 15 0 0 0 0 0 77 0 44 0 79 95 81 0 0 0 0 52 63 0 0 0 0 52 0 0 0 0 0 19 0 0 0 0
0 0 0 0 0 0 0 0 0 0 0 36 0 0 0 0 29 13 0 0 0 30 0 62 0 0 51 0 84 0 0 0 71 0 46 0 0 0 0 0
0 0 55 0 0 79 0 0 0 0 0 79 91 11 0 34 0 87 77 0 86 0 0 12 0 49 19 0 0 0 0 0 0 0 0 69 0 0 12 0
16 0 0 0 0 0 0 21 0 0 0 0 63 0 0 0 0 0 0 0 0 0 0 32 27 0 0 0 0 0 47 0 0 0 0 0 88 68 0 0
0 54 0 0 0 0 0 0 0 0 0 0 0 0 0 0 0 0 0 40 0 0 78 78 0 0 0 0 0 87 81 0 10 14 0 0 0 0 0 0
0 0 93 0 0 0 0 0 0 84 58 0 0 76 0 0 0 0 0 0 0 90 0 0 0 0 0 39 76 0 0 0 36 0 0 0 0 0 87 29
0 63 0 0 5 0 0 0 0 0 55 0 0 0 0 61 0 0 0 0 22 0 0 0 0 58 0 35 0 27 60 0 0 0 0 22 0 0 0 0
0 0 0 0 0 0 83 0 6 89 17 0 10 0 0 0 0 0 0 24 0 0 78 0 0 0 0 83 65 0 0 0 0 0 20 0 0 0 0 0
54 0 0 0 0 0 0 0 0 31 0 0 0 0 0 0 0 0 0 53 0 0 0 22 0 0 20 0 0 0 50 0 0 0 0 26 54 37 0 0
0 0 0 0 0 0 46 67 0 0 0 0 0 0 0 0 0 0 0 0 0 75 0 0 0 0 0 0 0 3 49 0 58 22 86 55 0 0 61 0
0 7 0 0 49 0 0 29 0 0 36 0 0 0 0 0 0 0 0 0 0 0 0 0 0 85 0 0 0 22 0 0 0 73 0 38 0 49 0 0
27 0 81 15 0 0 0 38 0 58 0 0 31 0 0 0 0 0 0 0 76 54 0 0 0 0 0 0 51 0 0 0 0 0 36 0 0 0 0 0
0 17 0 0 0 0 0 0 0 2 0 0 0 0 66 89 0 0 0 0 43 72 0 0 46 0 0 36 0 0 0 0 0 0 69 0 0 0 61 0
0 46 0 0 0 0 0 0 91 56 33 0 0 69 0 0 0 59 0 0 0 68 92 0 0 0 45 0 69 0 0 0 0 0 66 0 0 0 0 0
0 0 0 0 0 0 0 0 0 0 0 0 0 0 0 0 0 0 0 92 0 0 0 0 0 0 0 50 7 0 0 93 0 0 0 96 0 66 0 0
0 0 0 0 94 0 93 0 0 0 0 0 42 0 0 0 0 16 3 0 9 0 0 0 0 38 0 0 0 0 0 0 0 0 84 0 0 0 0 0
0 0 0 0 0 0 0 0 0 0 0 22 55 0 44 0 0 70 0 2 29 0 62 0 0 0 0 0 99 0 0 0 0 0 0 27 0 0 0 0
76 0 0 0 0 0 0 0 0 12 82 0 0 0 0 0 0 0 0 0 0 0 16 0 0 22 0 0 0 99 41 0 0 18 43 52 0 0 0 0
91 0 86 0 0 0 0 0 0 0 0 0 0 0 0 0 0 70 0 0 93 0 0 0 0 0 1 0 0 0 0 0 0 81 0 0 64 0 0 0
0 0 0 0 16 0 0 0 0 0 39 64 65 0 0 0 0 3 0 0 57 0 61 41 0 77 0 67 0 35 0 48 0 97 63 0 0 0 0 78
13 0 0 0 0 0 0 0 0 0 0 0 0 0 0 0 0 0 0 0 72 0 53 0 0 0 0 0 0 0 0 0 0 0 24 0 0 0 0 46
0 0 79 0 0 0 26 0 0 9 0 0 0 57 0 0 0 0 75 4 99 0 49 0 0 18 10 0 0 0 0 70 77 0 42 98 0 0 0 0
0 0 0 0 0 17 0 0 0 74 0 0 0 0 0 0 0 0 40 87 0 18 0 0 0 0 0 0 0 0 0 0 82 0 0 0 0 0 0 0
0 41 0 0 24 32 0 0 53 0 0 53 0 0 25 2 0 0 36 0 0 62 0 0 0 0 0 0 47 73 0 0 0 0 0 0 62 0 4 0
0 0 0 0 0 50 39 0 88 0 36 16 0 0 0 0 0 0 0 0 78 51 0 0 0 35 29 24 0 0 66 0 0 99 0 0 37 0 48 0
40 31 0 37 0 0 22 58 63 0 17 0 30 0 0 0 0 0 0 0 0 0 0 0 86 0 0 0 0 0 0 0 0 51 0 0 0 0 0 0
0 97 69 0 0 0 0 0 78 0 0 40 49 91 0 0 0 0 57 0 0 0 0 0 0 40 0 98 0 0 0 54 0 0 0 0 0 0 0 0
0 0 0 0 0 0 0 0 0 0 0 0 0 95 0 8 0 0 90 0 0 0 0 0 0 0 0 0 63 0 0 0 38 54 0 0 0 87 0 0
0 0 90 61 0 0 75 0 0 59 0 0 0 0 0 0 0 0 0 0 0 0 0 0 0 0 28 49 0 0 0 0 45 0 1 0 0 0 0 0
60 0 99 0 0 0 0 75 0 0 0 0 0 0 0 0 50 0 72 0 0 0 0 0 0 12 0 0 0 0 85 0 64 0 0 0 0 0 0 0
14 0 0 0 0 0 0 0 0 0 0 0 0 0 31 0 0 0 0 64 0 0 0 0 0 0 99 0 0 0 0 86 65 0 70 0 0 0 93 42
0 0 0 0 0 73 0 0 0 0 0 0 0 0 0 0 79 0 76 0 0 99 0 0 0 0 17 0 97 93 0 0 0 0 79 0 13 0 0 0
0 0 0 0 39 0 0 0 0 52 0 0 95 0 0 0 18 0 0 15 0 0 88 0 53 0 0 37 0 0 0 48 0 0 0 0 70 0 97 0
0 0 0 0 69 0 0 0 0 0 0 0 0 0 94 0 0 34 0 0 0 0 0 0 24 9 0 0 0 84 45 0 0 0 0 0 0 0 0 37
0 0 0 0 4 0 0 0 0 87 0 96 0 0 0 0 0 0 0 89 0 0 0 79 0 0 34 0 85 0 0 65 0 0 57 0 0 0 0 0
0 0 0 0 0 0 76 0 0 0 0 0 0 0 54 0 0 0 62 31 0 0 95 0 0 0 0 77 94 1 0 0 5 0 0 0 0 0 0 0
0 15 0 0 59 78 64 0 22 0 72 82 0 0 0 0 0 0 0 0 72 0 0 89 99 0 0 0 0 0 50 39 0 0 0 0 13 0 8 0
0 0 0 90 0 0 0 0 0 7 0 0 0 0 62 12 0 15 0 0 42 0 0 0 0 0 81 0 40 31 6 0 0 0 62 0 0 0 0 55
81 25 45 0 81 0 0 0 0 0 0 14 81 0 11 0 79 0 0 0 0 0 0 0 0 0 0 0 0 0 0 0 0 59 0 0 69 39 0 0
0 0 0 0 45 0 0 0 0 0 76 0 0 0 0 0 0 0 25 25 61 0 0 0 0 0 0 25 22 0 0 0 0 54 0 0 0 40 0 85
0 0 0 0 0 0 56 0 0 0 0 0 35 0 13 0 89 55 58 0 0 0 0 55 57 0 0 0 0 60 0 0 0 0 0 83 0 0 0 0
0 0 0 0 0 0 0 0 0 0 0 37 0 0 0 0 90 68 0 0 0 60 0 63 0 0 100 0 4 0 0 0 54 0 48 0 0 0 0 0
0 0 15 0 0 34 0 0 0 0 0 34 58 13 0 54 0 13 24 0 93 0 0 64 0 78 33 0 0 0 0 0 0 0 0 36 0 0 71 0
66 0 0 0 0 0 0 51 0 0 0 0 68 0 0 0 0 0 0 0 0 0 0 7 72 0 0 0 0 0 11 0 0 0 0 0 64 55 0 0
0 55 0 0 0 0 0 0 0 0 0 0 0 0 0 0 0 0 0 94 0 0 51 47 0 0 0 0 0 65 89 0 30 84 0 0 0 0 0 0
0 0 55 0 0 0 0 0 0 7 16 0 0 51 0 0 0 0 0 0 0 14 0 0 0 0 0 46 84 0 0 0 65 0 0 0 0 0 41 5
0 10 0 0 43 0 0 0 0 0 62 0 0 0 0 31 0 0 0 0 71 0 0 0 0 13 0 16 0 26 69 0 0 0 0 76 0 0 0 0
0 0 0 0 0 0 36 0 46 8 8 0 45 0 0 0 0 0 0 71 0 0 49 0 0 0 0 25 84 0 0 0 0 0 27 0 0 0 0 0
71 0 0 0 0 0 0 0 0 15 0 0 0 0 0 0 0 0 0 44 0 0 0 48 0 0 34 0 0 0 34 0 0 0 0 35 63 60 0 0
0 0 0 0 0 0 26 73 0 0 0 0 0 0 0 0 0 0 0 0 0 58 0 0 0 0 0 0 0 21 4 0 38 13 30 84 0 0 30 0
0 23 0 0 91 0 0 81 0 0 69 0 0 0 0 0 0 0 0 0 0 0 0 0 0 85 0 0 0 1 0 0 0 43 0 29 0 34 0 0
21 0 38 24 0 0 0 2 0 64 0 0 45 0 0 0 0 0 0 0 61 98 0 0 0 0 0 0 42 0 0 0 0 0 47 0 0 0 0 0
0 100 0 0 0 0 0 0 0 35 0 0 0 0 35 27 0 0 0 0 5 27 0 0 27 0 0 25 0 0 0 0 0 0 42 0 0 0 7 0
0 17 0 0 0 0 0 0 8 1 20 0 0 13 0 0 0 48 0 0 0 85 14 0 0 0 88 0 42 0 0 0 0 0 37 0 0 0 0 0
0 0 0 0 0 0 0 0 0 0 0 0 0 0 0 0 0 0 0 94 0 0 0 0 0 0 0 93 90 0 0 82 0 0 0 100 0 12 0 0
0 0 0 0 89 0 27 0 0 0 0 0 47 0 0 0 0 59 36 0 30 0 0 0 0 67 0 0 0 0 0 0 0 0 25 0 0 0 0 0
0 0 0 0 0 0 0 0 0 0 0 52 89 0 22 0 0 59 0 43 43 0 6 0 0 0 0 0 22 0 0 0 0 0 0 70 0 0 0 0
4 0 0 0 0 0 0 0 0 28 35 0 0 0 0 0 0 0 0 0 0 0 56 0 0 8 0 0 0 96 40 0 0 24 99 60 0 0 0 0
69 0 41 0 0 0 0 0 0 0 0 0 0 0 0 0 0 60 0 0 31 0 0 0 0 0 16 0 0 0 0 0 0 22 0 0 31 0 0 0
0 0 0 0 93 0 0 0 0 0 68 1 74 0 0 0 0 61 0 0 6 0 80 95 0 49 0 73 0 4 0 16 0 37 15 0 0 0 0 13
77 0 0 0 0 0 0 0 0 0 0 0 0 0 0 0 0 0 0 0 24 0 28 0 0 0 0 0 0 0 0 0 0 0 29 0 0 0 0 7
0 0 88 0 0 0 24 0 0 68 0 0 0 42 0 0 0 0 95 86 52 0 30 0 0 32 32 0 0 0 0 42 63 0 9 37 0 0 0 0
0 0 0 0 0 13 0 0 0 53 0 0 0 0 0 0 0 0 77 88 0 44 0 0 0 0 0 0 0 0 0 0 95 0 0 0 0 0 0 0
0 86 0 0 91 97 0 0 13 0 0 13 0 0 99 42 0 0 51 0 0 24 0 0 0 0 0 0 87 82 0 0 0 0 0 0 57 0 48 0
0 0 0 0 0 98 65 0 32 0 29 65 0 0 0 0 0 0 0 0 81 23 0 0 0 92 5 79 0 0 87 0 0 67 0 0 97 0 3 0
45 53 0 44 0 0 24 25 57 0 32 0 55 0 0 0 0 0 0 0 0 0 0 0 78 0 0 0 0 0 0 0 0 81 0 0 0 0 0 0
0 97 55 0 0 0 0 0 50 0 0 76 49 49 0 0 0 0 91 0 0 0 0 0 0 52 0 16 0 0 0 5 0 0 0 0 0 0 0 0
0 0 0 0 0 0 0 0 0 0 0 0 0 23 0 54 0 0 22 0 0 0 0 0 0 0 0 0 51 0 0 0 89 98 0 0 0 89 0 0
0 0 50 22 0 0 81 0 0 69 0 0 0 0 0 0 0 0 0 0 0 0 0 0 0 0 45 68 0 0 0 0 3 0 47 0 0 0 0 0
60 0 28 0 0 0 0 49 0 0 0 0 0 0 0 0 8 0 40 0 0 0 0 0 0 48 0 0 0 0 86 0 64 0 0 0 0 0 0 0
36 0 0 0 0 0 0 0 0 0 0 0 0 0 83 0 0 0 0 84 0 0 0 0 0 0 24 0 0 0 0 89 54 0 14 0 0 0 85 100
0 0 0 0 0 59 0 0 0 0 0 0 0 0 0 0 7 0 36 0 0 71 0 0 0 0 37 0 28 14 0 0 0 0 62 0 32 0 0 0
0 0 0 0 67 0 0 0 0 17 0 0 65 0 0 0 86 0 0 82 0 0 73 0 32 0 0 95 0 0 0 17 0 0 0 0 50 0 31 0