40
0 9 0 0 55 0 8 0 72 0 0 0 53 0 0 0 0 0 0 0 0 0 0 91 0 0 0 0 0 58 47 0 0 0 49 0 0 0 0 0
0 0 0 0 0 0 0 0 91 95 0 0 0 0 0 0 0 91 0 71 0 0 71 0 0 0 0 0 0 0 0 0 0 0 49 65 0 0 61 59
0 92 0 8 0 0 0 0 0 0 0 80 0 0 48 0 0 65 58 0 88 11 0 0 0 0 75 0 0 0 0 0 0 0 0 0 0 0 99 0
0 91 0 0 0 0 57 0 0 11 0 0 88 77 17 0 0 0 24 0 0 0 0 0 0 0 0 0 17 0 0 0 0 0 0 0 0 11 24 0
0 0 0 0 0 0 93 0 0 0 0 81 0 0 0 0 0 11 0 0 99 0 0 37 0 0 0 91 0 60 54 0 0 0 0 0 0 0 89 0
0 0 0 92 0 0 50 0 0 0 0 88 99 0 0 0 0 0 0 33 8 0 0 25 0 0 0 0 98 21 0 0 0 0 0 0 0 0 92 0
0 0 0 59 52 0 0 0 0 58 0 0 73 0 79 0 0 0 33 0 0 0 0 0 0 0 0 0 0 0 0 0 0 0 0 0 0 30 0 0
0 0 0 0 0 0 0 0 15 9 0 0 0 0 0 97 100 0 0 0 0 0 56 0 0 65 0 0 0 1 36 0 0 0 0 0 0 0 0 0
96 0 22 0 0 0 0 0 0 0 0 0 83 0 0 0 0 0 14 0 0 0 0 78 5 0 69 0 0 0 0 0 0 0 68 0 68 0 0 76
0 0 40 0 0 41 0 83 75 0 0 14 0 0 0 11 27 18 10 0 0 0 28 0 38 0 14 0 0 0 0 0 0 0 0 72 0 0 0 0
0 63 0 0 41 0 0 0 75 0 0 15 0 0 0 8 0 0 0 0 8 42 0 0 0 0 0 0 0 0 0 0 89 0 5 67 89 0 0 0
33 96 76 0 0 0 0 0 0 0 0 0 0 0 0 0 0 0 73 91 59 90 0 0 30 28 0 0 21 0 0 49 94 10 0 100 47 95 65 21
0 0 0 19 0 15 0 0 0 0 96 83 0 0 0 0 41 0 0 0 0 0 0 0 0 0 0 0 84 91 18 0 0 0 0 0 17 27 0 0
0 4 0 0 0 0 0 0 57 0 0 0 0 0 69 45 0 0 0 0 50 0 0 2 0 63 0 0 0 0 0 0 0 43 0 7 0 0 0 0
1 0 59 0 68 0 16 0 0 0 0 0 0 43 0 0 99 0 0 0 0 0 0 0 0 0 69 0 55 0 0 0 0 0 0 0 71 0 0 0
0 0 42 0 82 4 0 0 0 0 58 17 0 0 59 0 0 0 0 0 0 19 0 0 64 0 0 0 0 0 0 0 39 0 88 0 0 70 26 68
0 13 2 0 0 0 1 0 0 31 0 0 0 0 26 0 0 0 0 0 0 94 0 0 0 69 0 0 0 0 0 0 69 0 0 0 73 0 9 0
0 0 0 0 0 0 0 0 92 0 0 0 8 0 0 0 0 0 0 56 0 0 0 85 74 0 0 0 0 0 0 44 0 0 0 0 23 0 0 0
77 0 98 0 0 0 0 80 0 0 0 29 45 0 0 0 39 0 0 0 96 0 0 0 0 0 89 0 0 0 68 0 85 0 0 46 0 0 20 0
0 0 0 0 0 18 0 0 0 0 0 30 0 57 0 0 0 0 0 0 0 0 0 0 49 0 0 0 91 0 0 0 0 0 12 0 0 0 0 42
0 0 0 0 0 31 0 51 0 39 0 0 49 41 0 0 0 15 0 0 0 0 0 31 8 0 0 0 0 0 0 60 34 0 21 0 41 0 0 0
0 0 0 21 0 85 0 0 0 0 46 0 88 0 0 0 0 0 0 0 0 0 0 0 72 0 0 0 0 36 0 0 0 0 0 0 33 0 0 58
18 77 0 38 0 84 0 47 0 0 43 0 54 0 0 34 0 0 0 0 0 0 0 0 0 90 51 0 0 0 0 0 0 51 94 0 0 0 0 0
0 0 0 43 0 0 0 32 99 0 0 0 0 0 94 0 0 0 0 0 32 0 99 0 0 0 0 0 0 96 7 0 15 0 0 0 25 0 0 58
0 0 0 0 40 0 0 0 0 0 0 0 0 0 0 0 0 0 0 0 0 0 0 59 0 0 0 74 0 74 0 0 0 0 0 0 0 0 0 8
0 0 0 76 0 0 0 0 0 0 36 0 0 66 0 0 0 0 0 16 61 0 0 0 0 0 83 0 0 0 0 0 31 0 0 0 0 0 0 3
0 0 60 0 0 0 0 98 0 84 0 0 85 10 0 0 0 0 0 45 0 0 0 0 17 0 0 0 0 39 0 0 0 0 0 16 0 0 15 0
0 0 0 94 22 0 0 0 0 0 0 33 0 70 0 0 0 0 0 0 54 0 0 0 39 0 0 0 68 3 0 28 0 0 46 0 0 97 0 0
0 0 0 0 0 0 0 0 80 0 0 0 0 0 0 58 0 0 0 0 0 0 0 0 0 0 0 0 0 0 0 0 0 0 0 0 0 0 0 0
0 35 72 0 0 98 0 0 0 34 71 0 0 0 0 0 0 77 0 69 0 0 0 0 0 0 0 0 0 0 34 0 0 0 0 16 0 0 0 0
0 95 11 0 0 0 60 0 0 0 0 19 0 74 0 0 0 0 0 0 0 8 0 0 33 0 99 2 0 0 0 62 0 47 84 0 0 0 0 0
0 81 77 0 29 0 0 0 0 86 70 0 0 0 0 0 74 17 0 0 0 0 0 0 0 0 0 0 80 0 91 0 0 0 79 0 0 0 0 0
0 0 0 0 0 18 82 0 0 0 17 23 62 0 0 74 41 0 0 0 35 0 0 0 93 0 23 0 0 0 94 62 0 0 0 0 0 16 0 0
0 0 0 0 0 0 0 0 0 20 0 0 60 0 0 0 91 0 0 0 0 0 0 0 0 0 0 0 0 41 0 0 30 0 21 0 0 0 0 0
0 0 0 0 0 0 0 0 0 0 2 0 0 59 0 0 68 0 3 0 86 81 10 0 29 0 0 0 0 0 0 0 44 0 0 0 0 0 0 0
0 0 0 0 0 0 74 0 0 65 0 61 0 1 0 0 0 39 0 99 0 0 0 0 72 0 57 0 0 0 0 38 0 41 0 0 0 44 0 0
0 0 88 50 0 0 0 0 0 80 0 0 0 0 0 0 0 0 0 0 77 0 0 0 42 0 0 58 0 64 0 16 0 0 0 0 0 8 0 0
0 0 0 12 42 46 0 34 0 33 0 0 0 0 0 8 0 0 0 0 91 63 0 37 0 0 0 0 35 99 0 0 1 0 25 0 0 0 0 0
72 0 0 0 0 0 0 49 0 0 0 0 0 57 0 0 0 0 0 0 0 0 0 0 0 0 0 0 0 0 29 0 0 27 0 0 0 0 0 0
0 0 7 61 0 0 0 0 0 53 0 0 0 0 0 0 0 0 0 47 0 51 0 67 16 0 82 68 0 77 60 0 0 0 0 0 0 24 47 0
0 96 0 0 82 0 98 0 55 0 0 0 41 0 0 0 0 0 0 0 0 0 0 38 0 0 0 0 0 20 33 0 0 0 59 0 0 0 0 0
0 0 0 0 0 0 0 0 35 47 0 0 0 0 0 0 0 7 0 37 0 0 44 0 0 0 0 0 0 0 0 0 0 0 53 33 0 0 35 93
0 89 0 19 0 0 0 0 0 0 0 5 0 0 93 0 0 98 84 0 84 71 0 0 0 0 8 0 0 0 0 0 0 0 0 0 0 0 55 0
0 67 0 0 0 0 71 0 0 15 0 0 75 3 82 0 0 0 74 0 0 0 0 0 0 0 0 0 79 0 0 0 0 0 0 0 0 54 81 0
0 0 0 0 0 0 47 0 0 0 0 49 0 0 0 0 0 7 0 0 86 0 0 85 0 0 0 94 0 70 58 0 0 0 0 0 0 0 12 0
0 0 0 76 0 0 97 0 0 0 0 78 5 0 0 0 0 0 0 74 35 0 0 58 0 0 0 0 21 34 0 0 0 0 0 0 0 0 1 0
0 0 0 69 38 0 0 0 0 55 0 0 62 0 20 0 0 0 77 0 0 0 0 0 0 0 0 0 0 0 0 0 0 0 0 0 0 88 0 0
0 0 0 0 0 0 0 0 89 4 0 0 0 0 0 39 72 0 0 0 0 0 82 0 0 46 0 0 0 93 33 0 0 0 0 0 0 0 0 0
61 0 89 0 0 0 0 0 0 0 0 0 46 0 0 0 0 0 17 0 0 0 0 99 13 0 72 0 0 0 0 0 0 0 57 0 28 0 0 28
0 0 96 0 0 17 0 4 50 0 0 12 0 0 0 97 64 71 4 0 0 0 67 0 16 0 24 0 0 0 0 0 0 0 0 17 0 0 0 0
0 30 0 0 22 0 0 0 35 0 0 10 0 0 0 26 0 0 0 0 33 27 0 0 0 0 0 0 0 0 0 0 62 0 1 24 14 0 0 0
69 43 27 0 0 0 0 0 0 0 0 0 0 0 0 0 0 0 22 61 86 97 0 0 34 71 0 0 41 0 0 33 6 76 0 6 27 81 17 90
0 0 0 29 0 54 0 0 0 0 62 74 0 0 0 0 32 0 0 0 0 0 0 0 0 0 0 0 37 99 75 0 0 0 0 0 31 34 0 0
0 29 0 0 0 0 0 0 48 0 0 0 0 0 13 77 0 0 0 0 77 0 0 50 0 43 0 0 0 0 0 0 0 57 0 93 0 0 0 0
96 0 92 0 7 0 98 0 0 0 0 0 0 36 0 0 36 0 0 0 0 0 0 0 0 0 69 0 15 0 0 0 0 0 0 0 94 0 0 0
0 0 82 0 53 88 0 0 0 0 20 83 0 0 67 0 0 0 0 0 0 9 0 0 43 0 0 0 0 0 0 0 47 0 53 0 0 8 65 72
0 11 87 0 0 0 72 0 0 100 0 0 0 0 8 0 0 0 0 0 0 53 0 0 0 41 0 0 0 0 0 0 17 0 0 0 24 0 63 0
0 0 0 0 0 0 0 0 60 0 0 0 32 0 0 0 0 0 0 55 0 0 0 12 3 0 0 0 0 0 0 66 0 0 0 0 46 0 0 0
32 0 20 0 0 0 0 87 0 0 0 6 100 0 0 0 47 0 0 0 14 0 0 0 0 0 27 0 0 0 6 0 14 0 0 53 0 0 61 0
0 0 0 0 0 52 0 0 0 0 0 49 0 65 0 0 0 0 0 0 0 0 0 0 61 0 0 0 16 0 0 0 0 0 78 0 0 0 0 31
0 0 0 0 0 86 0 50 0 55 0 0 71 77 0 0 0 6 0 0 0 0 0 2 97 0 0 0 0 0 0 72 39 0 2 0 44 0 0 0
0 0 0 69 0 30 0 0 0 0 94 0 78 0 0 0 0 0 0 0 0 0 0 0 9 0 0 0 0 17 0 0 0 0 0 0 7 0 0 66
88 52 0 92 0 84 0 48 0 0 81 0 34 0 0 53 0 0 0 0 0 0 0 0 0 37 5 0 0 0 0 0 0 85 69 0 0 0 0 0
0 0 0 63 0 0 0 37 72 0 0 0 0 0 87 0 0 0 0 0 23 0 93 0 0 0 0 0 0 39 41 0 40 0 0 0 54 0 0 100
0 0 0 0 44 0 0 0 0 0 0 0 0 0 0 0 0 0 0 0 0 0 0 80 0 0 0 48 0 57 0 0 0 0 0 0 0 0 0 55
0 0 0 85 0 0 0 0 0 0 99 0 0 19 0 0 0 0 0 45 33 0 0 0 0 0 55 0 0 0 0 0 88 0 0 0 0 0 0 76
0 0 46 0 0 0 0 8 0 26 0 0 47 5 0 0 0 0 0 1 0 0 0 0 60 0 0 0 0 80 0 0 0 0 0 100 0 0 36 0
0 0 0 59 80 0 0 0 0 0 0 6 0 77 0 0 0 0 0 0 25 0 0 0 42 0 0 0 98 17 0 39 0 0 13 0 0 99 0 0
0 0 0 0 0 0 0 0 41 0 0 0 0 0 0 17 0 0 0 0 0 0 0 0 0 0 0 0 0 0 0 0 0 0 0 0 0 0 0 0
0 76 53 0 0 94 0 0 0 84 9 0 0 0 0 0 0 49 0 90 0 0 0 0 0 0 0 0 0 0 48 0 0 0 0 75 0 0 0 0
0 70 75 0 0 0 9 0 0 0 0 4 0 57 0 0 0 0 0 0 0 56 0 0 12 0 92 69 0 0 0 59 0 25 70 0 0 0 0 0
0 49 75 0 1 0 0 0 0 19 30 0 0 0 0 0 71 14 0 0 0 0 0 0 0 0 0 0 18 0 86 0 0 0 63 0 0 0 0 0
0 0 0 0 0 36 43 0 0 0 54 32 9 0 0 93 30 0 0 0 53 0 0 0 15 0 53 0 0 0 16 10 0 0 0 0 0 51 0 0
0 0 0 0 0 0 0 0 0 21 0 0 51 0 0 0 9 0 0 0 0 0 0 0 0 0 0 0 0 21 0 0 36 0 52 0 0 0 0 0
0 0 0 0 0 0 0 0 0 0 16 0 0 43 0 0 1 0 16 0 20 53 57 0 33 0 0 0 0 0 0 0 32 0 0 0 0 0 0 0
0 0 0 0 0 0 97 0 0 9 0 24 0 7 0 0 0 88 0 70 0 0 0 0 30 0 60 0 0 0 0 22 0 72 0 0 0 87 0 0
0 0 91 30 0 0 0 0 0 10 0 0 0 0 0 0 0 0 0 0 48 0 0 0 84 0 0 77 0 42 0 50 0 0 0 0 0 89 0 0
0 0 0 96 64 21 0 32 0 76 0 0 0 0 0 33 0 0 0 0 3 69 0 94 0 0 0 0 12 79 0 0 12 0 10 0 0 0 0 0
75 0 0 0 0 0 0 95 0 0 0 0 0 44 0 0 0 0 0 0 0 0 0 0 0 0 0 0 0 0 35 0 0 71 0 0 0 0 0 0
0 0 95 51 0 0 0 0 0 82 0 0 0 0 0 0 0 0 0 36 0 86 0 15 65 0 9 72 0 90 62 0 0 0 0 0 0 57 14 0