40
0 0 0 0 0 0 0 0 0 0 0 0 0 8 0 0 0 0 17 0 0 0 91 29 0 0 0 34 0 0 21 18 0 32 51 0 0 0 0 0
0 0 0 0 25 0 0 80 17 10 43 37 80 0 0 0 0 0 0 31 0 58 0 0 80 0 0 0 0 6 0 0 0 0 0 73 79 15 0 0
0 0 0 39 95 66 0 0 0 0 91 0 0 0 45 18 0 0 0 0 0 0 0 0 0 54 24 89 0 0 0 0 95 0 88 0 0 0 91 0
90 0 0 0 41 0 0 56 0 0 0 0 0 0 0 0 0 0 0 0 0 0 80 0 0 0 0 0 0 0 0 60 7 2 0 40 0 0 0 65
97 0 0 0 0 0 0 44 0 0 23 67 15 0 0 0 33 0 0 7 0 0 0 0 0 0 0 0 26 0 0 81 0 0 87 87 0 0 0 0
0 0 29 87 55 0 0 0 0 0 0 0 0 0 0 0 0 0 0 0 84 0 0 65 67 0 48 30 0 0 0 0 94 25 80 72 0 86 55 0
61 41 0 0 42 29 0 0 0 0 0 1 0 93 38 50 82 0 73 0 26 0 0 0 0 0 0 0 0 0 0 0 0 0 0 0 0 30 0 0
0 0 0 0 0 16 0 0 0 0 0 0 0 0 0 0 0 0 80 0 0 0 0 0 0 0 0 0 98 0 58 89 0 0 12 0 0 0 0 0
31 0 0 0 0 0 6 0 0 0 0 0 0 0 0 58 0 0 0 0 0 0 0 46 0 0 81 0 0 0 0 0 0 0 0 0 51 0 0 72
0 0 0 0 18 23 0 0 0 0 0 79 0 0 0 0 0 0 0 0 0 0 95 0 0 0 0 0 0 79 0 0 41 0 0 0 39 0 0 69
0 0 0 0 0 0 65 0 0 71 0 30 0 0 0 0 0 0 0 0 0 0 0 0 99 0 61 0 78 63 0 76 0 0 0 0 21 42 0 0
0 0 0 85 9 0 0 0 0 0 0 0 0 0 0 0 37 0 0 0 0 70 0 0 0 0 0 30 0 0 0 0 0 16 0 51 53 0 0 0
0 77 0 82 0 0 0 56 0 0 0 22 0 0 0 0 0 63 0 79 0 100 20 0 74 0 13 0 0 0 0 0 0 0 0 0 3 0 0 0
0 6 100 93 0 0 98 0 25 72 0 9 59 0 0 0 0 0 8 0 0 0 0 18 0 0 0 0 0 0 0 23 0 0 0 0 0 0 0 0
0 0 0 24 0 0 0 97 0 0 0 78 0 0 0 0 0 0 0 0 1 0 0 0 0 0 0 0 0 0 0 53 0 0 0 47 0 0 37 0
92 0 0 0 0 0 0 0 0 87 0 99 0 0 0 0 16 0 0 0 0 0 59 0 58 0 0 8 0 0 0 0 0 56 0 0 0 0 0 0
0 0 0 0 0 0 0 0 0 0 0 0 56 41 56 0 0 0 35 0 0 97 0 98 0 63 80 98 27 0 0 44 0 0 0 3 27 0 0 0
0 0 0 67 0 45 0 0 0 0 71 0 0 0 95 39 0 0 0 0 0 0 0 14 0 1 0 0 24 0 0 0 0 12 0 0 0 91 0 0
0 0 32 0 0 99 0 0 0 0 0 0 0 0 0 0 0 0 0 0 22 11 0 0 16 52 0 0 81 55 100 71 0 0 0 5 0 0 0 0
0 34 0 22 0 76 16 0 0 0 0 0 0 0 83 0 36 0 0 0 0 0 0 0 0 95 0 76 0 47 0 0 0 0 70 0 22 0 0 0
32 0 0 0 0 0 0 0 0 0 0 0 99 0 0 0 0 99 6 0 0 0 80 0 95 0 0 0 0 0 0 43 0 0 55 63 0 0 74 0
0 88 0 93 0 22 0 28 0 0 0 0 0 0 86 0 0 0 43 0 0 0 0 0 0 84 11 0 0 83 0 0 41 0 0 22 0 0 25 0
0 0 0 0 0 0 0 63 0 91 0 0 0 0 0 0 0 29 0 0 69 0 0 0 83 0 0 0 0 0 0 0 0 30 0 0 29 0 85 0
75 0 0 0 37 0 0 0 75 0 0 0 0 0 0 18 0 0 94 10 7 0 0 0 0 0 0 0 0 0 26 0 0 0 49 0 0 0 0 0
0 48 96 42 21 0 0 36 0 0 27 0 0 0 0 0 0 0 0 0 0 53 0 0 0 25 0 0 0 0 0 0 0 0 0 0 55 0 0 78
0 0 0 0 0 0 0 0 0 0 44 0 0 0 0 19 0 0 0 0 0 0 80 0 0 0 0 0 0 7 0 69 0 0 0 94 0 0 0 86
0 72 0 0 0 93 0 0 62 47 0 48 89 0 0 0 0 0 0 0 0 0 0 83 0 45 0 0 0 0 0 34 96 0 0 74 0 0 0 0
0 0 0 0 9 0 0 0 0 0 65 0 40 0 0 0 0 55 96 20 0 0 0 0 0 0 0 0 7 0 0 100 72 0 0 55 0 81 22 0
0 0 0 12 59 0 90 0 0 0 0 0 0 0 0 0 0 0 0 0 43 36 0 34 61 0 96 0 0 0 0 0 0 0 19 0 0 0 0 95
0 0 0 59 59 0 0 0 0 0 65 0 3 0 0 0 0 25 0 0 0 50 0 98 0 0 16 64 0 0 0 0 0 34 86 0 86 0 0 34
51 0 0 0 0 0 0 0 0 0 0 67 0 0 0 0 0 0 0 0 18 0 88 0 0 96 0 0 0 0 0 0 0 0 0 0 0 0 0 0
0 10 0 0 0 0 0 19 74 0 0 92 0 0 66 0 0 0 0 0 41 0 43 0 0 0 17 57 0 0 0 0 0 0 0 54 0 0 0 0
0 0 0 8 76 56 62 0 0 28 0 0 0 71 76 87 38 40 0 0 0 0 0 0 50 0 82 59 71 0 0 0 0 0 0 80 5 0 0 0
0 0 56 0 5 0 0 0 0 0 0 0 0 0 43 0 0 0 32 0 0 0 0 0 0 0 0 0 0 0 0 0 0 0 0 0 0 0 43 0
0 26 32 0 0 0 0 0 0 0 0 0 0 0 0 0 0 0 0 0 0 19 0 0 53 0 0 11 0 0 0 0 30 0 0 0 0 0 0 0
0 0 0 0 0 52 0 89 0 0 0 0 0 0 0 0 0 91 0 0 88 0 90 42 0 0 0 20 0 0 0 0 89 0 0 0 60 0 96 75
0 0 0 94 54 0 0 0 0 0 0 0 60 0 0 0 0 0 71 0 0 0 0 0 0 0 0 0 0 0 0 0 0 0 68 0 0 0 0 2
0 0 0 0 0 0 0 65 94 0 0 0 0 0 0 0 0 0 0 0 0 19 0 0 0 0 0 0 0 0 0 0 0 0 45 0 0 0 0 0
0 0 0 0 0 60 0 61 0 3 0 0 0 74 0 0 98 79 0 0 79 0 0 0 0 78 0 11 0 0 0 0 0 0 0 0 0 0 0 0
0 48 0 30 43 0 0 58 0 0 0 0 0 0 0 0 0 46 0 0 0 98 89 0 73 0 42 0 24 0 50 42 0 68 0 0 14 0 0 0
0 0 0 0 0 0 0 0 0 0 0 0 0 59 0 0 0 0 83 0 0 0 93 56 0 0 0 59 0 0 24 22 0 90 5 0 0 0 0 0
0 0 0 0 86 0 0 70 87 6 75 50 64 0 0 0 0 0 0 7 0 73 0 0 88 0 0 0 0 60 0 0 0 0 0 43 28 31 0 0
0 0 0 9 28 42 0 0 0 0 2 0 0 0 87 31 0 0 0 0 0 0 0 0 0 5 3 22 0 0 0 0 75 0 99 0 0 0 58 0
35 0 0 0 6 0 0 1 0 0 0 0 0 0 0 0 0 0 0 0 0 0 11 0 0 0 0 0 0 0 0 51 70 45 0 84 0 0 0 5
45 0 0 0 0 0 0 59 0 0 55 60 37 0 0 0 72 0 0 32 0 0 0 0 0 0 0 0 77 0 0 17 0 0 82 22 0 0 0 0
0 0 95 92 77 0 0 0 0 0 0 0 0 0 0 0 0 0 0 0 25 0 0 73 71 0 12 94 0 0 0 0 71 51 5 69 0 59 93 0
24 74 0 0 40 17 0 0 0 0 0 31 0 67 32 44 1 0 9 0 40 0 0 0 0 0 0 0 0 0 0 0 0 0 0 0 0 96 0 0
0 0 0 0 0 59 0 0 0 0 0 0 0 0 0 0 0 0 56 0 0 0 0 0 0 0 0 0 23 0 45 82 0 0 43 0 0 0 0 0
84 0 0 0 0 0 100 0 0 0 0 0 0 0 0 56 0 0 0 0 0 0 0 19 0 0 78 0 0 0 0 0 0 0 0 0 71 0 0 57
0 0 0 0 2 75 0 0 0 0 0 78 0 0 0 0 0 0 0 0 0 0 36 0 0 0 0 0 0 100 0 0 58 0 0 0 8 0 0 34
0 0 0 0 0 0 87 0 0 8 0 46 0 0 0 0 0 0 0 0 0 0 0 0 16 0 83 0 2 54 0 62 0 0 0 0 86 9 0 0
0 0 0 52 3 0 0 0 0 0 0 0 0 0 0 0 17 0 0 0 0 74 0 0 0 0 0 85 0 0 0 0 0 20 0 28 98 0 0 0
0 85 0 58 0 0 0 59 0 0 0 83 0 0 0 0 0 49 0 32 0 87 94 0 76 0 73 0 0 0 0 0 0 0 0 0 89 0 0 0
0 99 62 73 0 0 16 0 15 7 0 7 2 0 0 0 0 0 66 0 0 0 0 31 0 0 0 0 0 0 0 43 0 0 0 0 0 0 0 0
0 0 0 95 0 0 0 7 0 0 0 33 0 0 0 0 0 0 0 0 19 0 0 0 0 0 0 0 0 0 0 42 0 0 0 88 0 0 37 0
96 0 0 0 0 0 0 0 0 26 0 97 0 0 0 0 75 0 0 0 0 0 92 0 78 0 0 11 0 0 0 0 0 15 0 0 0 0 0 0
0 0 0 0 0 0 0 0 0 0 0 0 61 75 5 0 0 0 5 0 0 87 0 74 0 33 50 93 22 0 0 22 0 0 0 60 96 0 0 0
0 0 0 98 0 68 0 0 0 0 26 0 0 0 66 62 0 0 0 0 0 0 0 91 0 23 0 0 70 0 0 0 0 40 0 0 0 99 0 0
0 0 53 0 0 39 0 0 0 0 0 0 0 0 0 0 0 0 0 0 79 15 0 0 6 91 0 0 12 97 57 85 0 0 0 66 0 0 0 0
0 27 0 27 0 50 83 0 0 0 0 0 0 0 39 0 77 0 0 0 0 0 0 0 0 24 0 14 0 71 0 0 0 0 99 0 69 0 0 0
18 0 0 0 0 0 0 0 0 0 0 0 48 0 0 0 0 69 67 0 0 0 6 0 76 0 0 0 0 0 0 88 0 0 79 72 0 0 52 0
0 79 0 28 0 20 0 13 0 0 0 0 0 0 53 0 0 0 21 0 0 0 0 0 0 85 57 0 0 80 0 0 94 0 0 33 0 0 15 0
0 0 0 0 0 0 0 63 0 35 0 0 0 0 0 0 0 100 0 0 42 0 0 0 22 0 0 0 0 0 0 0 0 49 0 0 87 0 38 0
83 0 0 0 40 0 0 0 13 0 0 0 0 0 0 5 0 0 47 14 89 0 0 0 0 0 0 0 0 0 7 0 0 0 82 0 0 0 0 0
0 80 57 22 53 0 0 83 0 0 98 0 0 0 0 0 0 0 0 0 0 8 0 0 0 12 0 0 0 0 0 0 0 0 0 0 63 0 0 36
0 0 0 0 0 0 0 0 0 0 81 0 0 0 0 13 0 0 0 0 0 0 28 0 0 0 0 0 0 59 0 46 0 0 0 30 0 0 0 99
0 94 0 0 0 59 0 0 84 91 0 35 36 0 0 0 0 0 0 0 0 0 0 69 0 28 0 0 0 0 0 60 92 0 0 47 0 0 0 0
0 0 0 0 24 0 0 0 0 0 53 0 32 0 0 0 0 85 5 54 0 0 0 0 0 0 0 0 63 0 0 15 37 0 0 67 0 21 6 0
0 0 0 76 9 0 87 0 0 0 0 0 0 0 0 0 0 0 0 0 7 77 0 85 42 0 96 0 0 0 0 0 0 0 99 0 0 0 0 17
0 0 0 16 54 0 0 0 0 0 42 0 34 0 0 0 0 82 0 0 0 91 0 30 0 0 80 13 0 0 0 0 0 63 1 0 92 0 0 47
50 0 0 0 0 0 0 0 0 0 0 73 0 0 0 0 0 0 0 0 3 0 45 0 0 37 0 0 0 0 0 0 0 0 0 0 0 0 0 0
0 13 0 0 0 0 0 98 42 0 0 82 0 0 81 0 0 0 0 0 10 0 42 0 0 0 13 92 0 0 0 0 0 0 0 18 0 0 0 0
0 0 0 16 97 88 29 0 0 29 0 0 0 33 4 73 45 25 0 0 0 0 0 0 20 0 86 6 57 0 0 0 0 0 0 95 90 0 0 0
0 0 5 0 40 0 0 0 0 0 0 0 0 0 92 0 0 0 89 0 0 0 0 0 0 0 0 0 0 0 0 0 0 0 0 0 0 0 66 0
0 95 61 0 0 0 0 0 0 0 0 0 0 0 0 0 0 0 0 0 0 13 0 0 59 0 0 33 0 0 0 0 88 0 0 0 0 0 0 0
0 0 0 0 0 79 0 36 0 0 0 0 0 0 0 0 0 80 0 0 56 0 97 45 0 0 0 8 0 0 0 0 75 0 0 0 79 0 1 31
0 0 0 66 54 0 0 0 0 0 0 0 86 0 0 0 0 0 52 0 0 0 0 0 0 0 0 0 0 0 0 0 0 0 27 0 0 0 0 75
0 0 0 0 0 0 0 39 90 0 0 0 0 0 0 0 0 0 0 0 0 16 0 0 0 0 0 0 0 0 0 0 0 0 32 0 0 0 0 0
0 0 0 0 0 37 0 27 0 58 0 0 0 79 0 0 39 49 0 0 82 0 0 0 0 21 0 67 0 0 0 0 0 0 0 0 0 0 0 0
0 71 0 77 8 0 0 16 0 0 0 0 0 0 0 0 0 90 0 0 0 82 58 0 18 0 67 0 99 0 35 6 0 99 0 0 24 0 0 0