40
0 0 0 0 0 0 98 48 0 0 0 0 0 0 0 64 0 0 0 0 0 0 99 0 17 0 35 0 0 0 0 0 40 0 0 75 45 76 0 0
33 0 0 0 0 0 93 94 58 0 0 0 0 0 0 0 0 0 0 12 0 0 0 0 0 0 0 20 97 51 34 0 48 91 0 0 0 35 0 11
0 0 0 0 0 0 0 55 0 0 0 0 0 0 0 0 0 0 60 0 0 0 0 0 30 0 0 21 0 81 0 0 96 0 0 78 0 0 0 0
0 52 0 0 44 16 0 0 0 0 0 28 0 0 0 0 0 0 0 0 55 0 0 89 0 0 0 0 0 70 0 0 52 0 0 0 0 0 0 0
0 0 0 0 0 44 0 0 0 0 0 32 0 0 0 0 0 52 0 0 0 0 0 0 0 0 0 0 0 0 47 0 0 0 32 32 0 0 92 84
39 0 0 83 78 0 60 0 2 0 0 36 0 0 0 0 0 0 0 0 80 0 0 0 0 96 0 0 0 0 71 0 0 0 0 0 0 23 10 34
23 0 0 91 14 0 0 97 0 16 0 62 16 0 0 0 0 93 79 0 0 0 0 0 0 0 0 33 23 0 0 0 0 90 55 66 0 0 0 0
0 0 0 0 0 0 0 0 37 0 0 0 0 78 0 0 0 0 0 0 0 31 4 0 0 0 0 100 0 0 0 0 0 49 0 0 80 87 0 0
0 0 54 0 0 26 0 13 0 0 0 93 0 0 0 0 0 0 0 0 0 0 0 0 0 60 78 0 90 24 0 0 0 0 0 62 0 23 0 0
0 0 0 0 0 0 0 88 0 0 0 79 0 0 78 0 0 0 0 0 0 0 0 0 0 0 0 0 0 0 0 0 83 0 0 0 32 0 19 0
0 0 0 7 0 0 0 0 0 0 0 0 24 82 95 0 0 41 0 0 9 0 0 13 0 0 0 0 0 48 0 83 0 0 1 76 0 0 0 0
0 0 0 0 0 0 0 0 76 58 0 0 0 0 0 74 0 29 0 0 0 0 0 26 0 17 95 64 17 53 17 0 0 0 0 0 51 0 75 0
0 0 0 95 0 0 0 0 0 0 66 89 0 21 57 0 0 44 0 15 0 0 0 0 5 0 0 0 0 0 0 0 0 0 20 47 0 0 0 0
43 0 0 0 62 0 0 0 52 0 0 41 11 0 0 0 18 0 0 0 0 0 0 0 0 53 0 0 0 57 0 0 0 0 0 0 0 61 79 0
0 0 0 0 0 0 88 72 0 84 100 0 0 0 0 0 0 0 0 0 5 0 0 0 94 0 69 24 0 0 0 0 100 59 0 2 60 0 0 0
0 0 0 0 71 0 0 0 0 0 9 0 0 52 35 0 73 0 0 0 24 35 0 0 0 0 48 80 0 0 0 0 0 0 0 0 0 0 0 0
0 0 62 66 0 18 0 0 0 53 0 0 0 67 16 0 0 0 0 0 0 65 0 0 0 0 0 30 0 0 0 0 0 0 0 81 0 0 0 0
74 0 0 92 18 0 0 0 0 54 0 0 0 0 0 0 0 0 0 18 0 64 0 3 0 42 77 42 89 0 0 0 0 44 0 0 0 0 0 0
0 36 0 0 19 0 0 0 0 0 0 0 0 0 0 0 0 48 0 0 0 91 0 0 0 0 0 0 0 28 0 75 0 46 0 0 0 69 0 0
0 35 42 28 0 0 0 41 0 88 0 0 0 0 74 0 0 0 10 0 0 0 0 14 0 0 0 0 0 0 0 0 34 4 88 80 85 74 50 0
4 93 7 6 0 43 0 75 47 47 59 0 0 0 0 0 44 31 0 0 0 18 0 0 0 0 0 0 14 0 0 9 0 0 0 0 0 0 0 0
80 0 85 0 0 0 0 46 0 0 0 72 0 0 0 0 0 27 0 59 0 0 0 99 0 0 0 0 9 0 0 0 84 22 0 0 0 0 25 78
0 0 0 65 0 0 59 0 0 12 42 0 39 0 0 0 0 0 0 0 85 7 0 0 0 0 29 0 0 0 0 0 0 0 0 0 0 56 0 12
0 0 0 0 0 100 0 43 0 0 23 71 0 3 0 21 0 0 0 0 0 0 0 0 91 0 0 25 0 0 0 0 70 0 0 0 27 0 38 0
0 0 0 0 0 0 0 0 10 0 0 0 87 0 0 0 0 0 0 0 0 0 0 0 0 0 49 0 0 51 0 95 0 0 0 0 0 0 0 0
0 0 0 0 0 0 0 0 36 0 0 0 0 0 0 0 0 0 0 0 62 0 38 0 0 0 0 41 0 79 0 0 0 0 0 98 0 0 0 0
77 0 0 0 62 0 0 0 0 0 55 0 95 0 0 0 0 0 0 0 55 51 0 0 0 0 0 14 0 20 0 13 0 0 0 7 0 0 0 0
9 0 0 0 0 48 0 12 11 0 0 0 79 0 100 0 0 0 0 0 12 46 0 0 0 0 0 0 0 5 74 0 0 0 0 0 0 0 0 0
0 0 0 0 0 0 0 29 0 87 0 89 42 0 0 0 42 0 0 48 0 0 0 0 0 0 0 0 0 91 0 0 45 0 0 60 0 0 39 0
0 0 0 0 0 47 0 82 0 0 67 0 94 0 0 0 77 0 71 0 62 0 0 0 0 0 0 13 0 0 0 72 0 0 0 0 87 0 0 0
0 84 88 89 0 0 0 0 66 0 0 0 0 0 90 0 0 62 0 0 0 0 0 0 0 73 0 0 70 0 0 21 0 80 0 0 0 0 0 0
0 48 0 0 0 0 0 0 0 0 1 0 0 0 0 0 0 35 0 0 0 0 0 0 0 55 0 0 0 0 0 0 0 0 0 0 10 0 0 58
6 67 2 0 0 0 0 0 0 0 0 62 0 51 0 0 0 0 25 34 99 0 0 0 0 0 0 0 83 0 0 0 0 0 0 26 71 83 0 0
0 0 0 0 0 0 0 0 0 49 0 0 0 0 0 0 0 0 36 0 0 63 0 0 55 12 0 0 0 13 0 0 0 0 0 0 0 0 0 0
0 0 0 0 0 0 0 0 0 92 0 0 0 0 0 0 0 100 44 0 0 52 0 8 0 0 0 0 0 0 0 0 0 0 0 66 0 0 0 0
0 0 0 0 0 0 0 0 74 0 93 0 25 89 0 0 39 0 0 9 0 19 0 35 0 0 0 0 0 46 100 0 0 0 0 0 0 12 23 0
0 0 0 0 0 58 0 78 0 0 27 72 0 0 31 94 0 0 0 0 0 26 0 0 0 0 8 29 0 16 0 0 0 62 0 0 0 0 0 0
0 0 0 0 0 0 85 0 0 0 0 100 0 16 0 0 0 0 0 0 0 0 0 0 0 19 71 0 0 0 0 0 0 0 50 0 0 0 0 9
0 0 0 0 0 0 0 0 0 0 0 0 0 24 0 18 0 0 0 67 0 0 0 0 20 0 39 0 94 0 0 0 0 0 0 1 0 0 0 0
77 0 0 0 0 0 0 0 25 23 0 47 47 0 0 41 69 8 19 0 0 0 0 0 33 0 0 0 0 0 0 0 0 0 0 0 0 0 0 0
0 0 0 0 0 0 2 99 0 0 0 0 0 0 0 70 0 0 0 0 0 0 47 0 51 0 82 0 0 0 0 0 86 0 0 65 19 87 0 0
52 0 0 0 0 0 58 71 69 0 0 0 0 0 0 0 0 0 0 42 0 0 0 0 0 0 0 34 42 4 33 0 8 58 0 0 0 12 0 30
0 0 0 0 0 0 0 12 0 0 0 0 0 0 0 0 0 0 70 0 0 0 0 0 23 0 0 30 0 83 0 0 88 0 0 57 0 0 0 0
0 52 0 0 59 67 0 0 0 0 0 39 0 0 0 0 0 0 0 0 94 0 0 7 0 0 0 0 0 54 0 0 39 0 0 0 0 0 0 0
0 0 0 0 0 59 0 0 0 0 0 84 0 0 0 0 0 70 0 0 0 0 0 0 0 0 0 0 0 0 46 0 0 0 28 29 0 0 44 81
85 0 0 84 88 0 78 0 51 0 0 69 0 0 0 0 0 0 0 0 14 0 0 0 0 95 0 0 0 0 40 0 0 0 0 0 0 71 69 34
61 0 0 40 28 0 0 76 0 66 0 75 98 0 0 0 0 59 28 0 0 0 0 0 0 0 0 76 5 0 0 0 0 96 23 97 0 0 0 0
0 0 0 0 0 0 0 0 17 0 0 0 0 58 0 0 0 0 0 0 0 27 79 0 0 0 0 2 0 0 0 0 0 9 0 0 56 24 0 0
0 0 5 0 0 92 0 75 0 0 0 90 0 0 0 0 0 0 0 0 0 0 0 0 0 96 60 0 5 4 0 0 0 0 0 21 0 81 0 0
0 0 0 0 0 0 0 9 0 0 0 42 0 0 35 0 0 0 0 0 0 0 0 0 0 0 0 0 0 0 0 0 33 0 0 0 97 0 13 0
0 0 0 57 0 0 0 0 0 0 0 0 42 64 53 0 0 62 0 0 24 0 0 41 0 0 0 0 0 22 0 44 0 0 84 57 0 0 0 0
0 0 0 0 0 0 0 0 13 60 0 0 0 0 0 50 0 58 0 0 0 0 0 60 0 51 51 95 42 78 68 0 0 0 0 0 52 0 98 0
0 0 0 18 0 0 0 0 0 0 30 46 0 79 86 0 0 85 0 47 0 0 0 0 85 0 0 0 0 0 0 0 0 0 23 95 0 0 0 0
47 0 0 0 55 0 0 0 55 0 0 90 54 0 0 0 60 0 0 0 0 0 0 0 0 72 0 0 0 30 0 0 0 0 0 0 0 1 74 0
0 0 0 0 0 0 33 99 0 59 72 0 0 0 0 0 0 0 0 0 89 0 0 0 22 0 55 82 0 0 0 0 99 46 0 30 23 0 0 0
0 0 0 0 70 0 0 0 0 0 59 0 0 48 85 0 18 0 0 0 62 24 0 0 0 0 74 10 0 0 0 0 0 0 0 0 0 0 0 0
0 0 40 23 0 46 0 0 0 34 0 0 0 4 71 0 0 0 0 0 0 7 0 0 0 0 0 13 0 0 0 0 0 0 0 94 0 0 0 0
85 0 0 94 24 0 0 0 0 35 0 0 0 0 0 0 0 0 0 69 0 63 0 4 0 15 84 6 93 0 0 0 0 81 0 0 0 0 0 0
0 92 0 0 40 0 0 0 0 0 0 0 0 0 0 0 0 77 0 0 0 20 0 0 0 0 0 0 0 79 0 98 0 81 0 0 0 11 0 0
0 76 7 44 0 0 0 30 0 7 0 0 0 0 17 0 0 0 36 0 0 0 0 47 0 0 0 0 0 0 0 0 59 100 12 11 19 84 54 0
93 71 25 46 0 86 0 79 27 68 28 0 0 0 0 0 94 29 0 0 0 24 0 0 0 0 0 0 79 0 0 78 0 0 0 0 0 0 0 0
47 0 42 0 0 0 0 29 0 0 0 20 0 0 0 0 0 32 0 75 0 0 0 75 0 0 0 0 17 0 0 0 1 68 0 0 0 0 100 98
0 0 0 88 0 0 9 0 0 22 6 0 28 0 0 0 0 0 0 0 100 24 0 0 0 0 100 0 0 0 0 0 0 0 0 0 0 66 0 51
0 0 0 0 0 75 0 20 0 0 20 16 0 36 0 27 0 0 0 0 0 0 0 0 72 0 0 38 0 0 0 0 34 0 0 0 28 0 73 0
0 0 0 0 0 0 0 0 2 0 0 0 49 0 0 0 0 0 0 0 0 0 0 0 0 0 53 0 0 12 0 81 0 0 0 0 0 0 0 0
0 0 0 0 0 0 0 0 42 0 0 0 0 0 0 0 0 0 0 0 11 0 97 0 0 0 0 14 0 41 0 0 0 0 0 30 0 0 0 0
7 0 0 0 94 0 0 0 0 0 83 0 17 0 0 0 0 0 0 0 91 27 0 0 0 0 0 61 0 93 0 95 0 0 0 65 0 0 0 0
61 0 0 0 0 25 0 95 7 0 0 0 98 0 84 0 0 0 0 0 84 76 0 0 0 0 0 0 0 30 24 0 0 0 0 0 0 0 0 0
0 0 0 0 0 0 0 30 0 83 0 64 61 0 0 0 98 0 0 54 0 0 0 0 0 0 0 0 0 29 0 0 99 0 0 31 0 0 95 0
0 0 0 0 0 61 0 56 0 0 56 0 43 0 0 0 67 0 40 0 52 0 0 0 0 0 0 89 0 0 0 80 0 0 0 0 22 0 0 0
0 80 46 92 0 0 0 0 4 0 0 0 0 0 5 0 0 31 0 0 0 0 0 0 0 67 0 0 100 0 0 57 0 52 0 0 0 0 0 0
0 6 0 0 0 0 0 0 0 0 47 0 0 0 0 0 0 49 0 0 0 0 0 0 0 4 0 0 0 0 0 0 0 0 0 0 99 0 0 13
57 33 56 0 0 0 0 0 0 0 0 38 0 59 0 0 0 0 18 72 92 0 0 0 0 0 0 0 2 0 0 0 0 0 0 58 61 63 0 0
0 0 0 0 0 0 0 0 0 13 0 0 0 0 0 0 0 0 84 0 0 89 0 0 90 73 0 0 0 49 0 0 0 0 0 0 0 0 0 0
0 0 0 0 0 0 0 0 0 46 0 0 0 0 0 0 0 80 73 0 0 62 0 15 0 0 0 0 0 0 0 0 0 0 0 4 0 0 0 0
0 0 0 0 0 0 0 0 87 0 4 0 89 70 0 0 66 0 0 82 0 49 0 32 0 0 0 0 0 54 59 0 0 0 0 0 0 77 58 0
0 0 0 0 0 23 0 58 0 0 71 68 0 0 61 96 0 0 0 0 0 30 0 0 0 0 80 99 0 20 0 0 0 3 0 0 0 0 0 0
0 0 0 0 0 0 32 0 0 0 0 47 0 91 0 0 0 0 0 0 0 0 0 0 0 67 18 0 0 0 0 0 0 0 67 0 0 0 0 61
0 0 0 0 0 0 0 0 0 0 0 0 0 56 0 2 0 0 0 82 0 0 0 0 45 0 3 0 36 0 0 0 0 0 0 9 0 0 0 0
57 0 0 0 0 0 0 0 86 38 0 70 85 0 0 92 90 62 95 0 0 0 0 0 16 0 0 0 0 0 0 0 0 0 0 0 0 0 0 0