40
0 0 0 0 38 0 0 0 0 7 0 0 0 0 0 0 0 0 0 0 0 0 0 0 39 0 29 0 0 0 0 0 0 0 67 0 14 0 0 0
0 0 9 0 0 0 0 0 28 0 0 0 0 0 79 76 0 0 0 0 0 0 48 0 36 0 0 26 0 0 93 0 0 0 0 0 0 92 0 0
0 95 0 0 0 0 0 86 0 0 0 46 0 0 0 0 0 0 0 0 0 0 0 0 0 0 62 0 0 0 45 0 0 8 54 57 0 21 0 0
0 100 0 0 0 0 0 0 1 45 0 0 0 0 0 0 0 58 0 0 0 0 11 0 0 48 7 0 0 0 0 0 0 0 14 36 0 0 0 0
0 68 0 76 0 0 0 1 0 0 0 1 0 0 0 0 2 0 0 0 0 57 0 0 0 0 0 0 0 0 0 0 0 1 0 0 0 85 0 68
0 0 0 0 0 0 0 52 0 0 85 0 0 40 0 0 0 0 79 5 0 0 0 78 10 0 58 0 0 0 0 37 0 0 0 0 0 43 2 0
0 79 78 0 0 0 0 0 62 0 0 89 57 0 0 0 0 86 0 0 0 0 0 38 0 0 0 0 0 85 0 0 0 81 0 0 0 0 0 0
0 0 0 0 0 0 0 0 69 0 0 0 0 0 0 19 0 0 0 0 70 0 88 0 76 81 0 0 0 0 58 0 0 62 0 54 25 0 0 0
17 0 0 0 0 46 0 29 0 0 0 5 0 0 0 0 0 0 0 54 36 0 40 0 0 0 0 0 0 0 0 0 0 0 0 14 0 0 0 67
0 0 0 0 0 26 43 0 86 0 0 0 93 0 0 0 0 0 0 0 0 0 0 85 77 0 0 0 0 0 0 0 0 77 0 0 0 70 0 96
83 87 20 43 0 0 0 0 0 0 0 68 0 0 0 0 10 3 0 24 0 0 0 0 0 88 24 0 0 56 0 28 0 0 0 0 76 0 0 0
76 0 0 59 89 0 0 0 0 66 0 0 0 81 9 41 0 0 0 0 0 0 0 0 0 19 18 0 0 0 0 0 0 0 0 0 0 51 0 0
0 0 0 0 77 0 31 0 23 93 0 0 0 0 43 0 0 33 27 0 40 0 0 0 0 0 0 96 92 68 0 0 78 0 0 0 0 0 0 0
60 0 0 24 0 0 0 0 0 0 0 0 54 0 97 0 0 0 0 86 0 0 0 0 0 53 0 0 0 0 0 0 0 0 79 0 65 0 0 0
0 0 0 0 0 32 0 0 0 0 73 48 0 0 0 0 79 0 2 40 0 60 0 1 0 0 66 0 1 0 100 0 0 0 0 0 0 42 0 36
94 64 60 0 0 0 0 50 0 0 0 0 0 62 0 0 8 0 0 23 0 77 0 0 0 42 99 0 89 0 0 0 0 82 0 0 0 0 0 30
44 0 23 79 16 0 0 0 0 71 0 0 2 0 0 0 0 0 0 0 0 0 0 0 0 0 10 0 80 0 61 0 0 88 0 0 0 0 0 40
0 47 0 0 0 0 42 0 0 0 0 0 6 0 25 0 61 0 75 22 0 75 75 0 0 0 0 0 0 0 12 0 0 0 45 60 0 0 0 0
0 0 0 0 0 0 0 80 0 0 0 0 0 0 0 0 0 13 0 0 76 82 0 0 0 38 0 0 0 0 0 29 98 0 32 0 0 0 0 0
0 96 3 6 0 0 0 0 0 0 0 71 0 0 15 0 0 0 0 0 0 0 0 0 0 0 0 0 0 0 0 0 0 0 0 0 0 43 0 0
15 13 0 70 0 72 0 4 0 0 0 0 73 33 0 0 0 0 0 0 0 52 0 0 0 0 0 0 0 0 0 0 0 0 98 93 0 0 0 0
0 0 0 0 0 0 0 0 0 35 0 0 0 0 0 0 0 0 0 13 84 0 0 97 0 0 0 0 0 0 93 0 0 0 0 0 0 0 21 0
0 68 0 0 0 0 0 0 0 0 0 87 0 0 0 0 0 0 0 0 0 0 0 0 87 0 1 0 0 0 0 11 0 0 0 0 61 0 36 0
67 0 0 0 0 0 0 0 0 0 0 0 0 0 0 0 0 0 0 98 0 0 0 0 31 0 0 62 0 40 12 0 0 0 0 0 0 0 0 0
73 0 0 0 89 33 0 0 0 0 0 0 20 0 0 0 96 0 0 0 0 30 0 15 0 0 0 0 14 0 98 18 0 0 78 0 0 77 0 0
0 42 0 17 32 0 0 0 0 36 0 0 0 73 0 0 0 0 54 0 55 0 62 0 0 0 0 0 80 0 32 11 0 6 0 0 0 6 0 0
97 0 76 0 4 0 53 0 52 0 0 0 0 8 32 93 0 11 14 0 0 0 0 0 0 0 0 0 0 0 0 0 0 0 0 48 0 85 17 45
16 0 17 0 0 0 0 0 0 0 0 0 0 75 0 33 28 0 28 0 0 0 0 0 71 91 0 0 0 0 0 0 0 7 0 0 0 0 0 92
0 0 0 0 0 0 89 0 0 0 85 0 0 0 0 0 0 0 0 0 0 0 0 20 0 97 34 76 0 0 77 0 0 0 0 13 0 0 0 0
0 0 0 0 0 0 0 0 0 70 12 0 0 36 41 0 0 0 0 0 0 58 0 60 0 87 0 88 0 0 0 69 0 0 0 0 100 0 0 69
33 35 0 70 0 0 0 0 0 0 0 0 0 21 55 0 0 0 0 0 27 0 0 0 0 0 92 0 0 0 0 0 0 0 0 0 0 0 87 65
0 0 0 0 85 0 0 0 0 0 0 54 0 26 0 0 0 0 0 0 0 15 0 0 0 0 41 0 0 0 0 0 0 0 0 0 0 42 0 0
0 0 0 44 0 0 79 0 0 0 0 54 95 0 0 0 0 0 0 0 0 0 0 0 0 0 0 0 0 18 44 52 0 46 0 40 0 0 0 0
0 17 9 13 0 67 90 0 35 0 0 0 0 42 0 0 54 0 0 0 0 0 70 25 0 0 0 0 29 0 0 0 0 0 0 0 0 0 77 0
0 0 100 0 0 0 0 0 14 80 0 0 0 0 0 0 0 91 0 4 0 0 20 0 0 0 0 58 0 0 0 0 0 0 0 26 0 0 0 0
0 0 60 82 0 0 0 0 0 0 0 70 31 0 0 0 0 0 63 38 0 0 0 0 0 0 0 0 61 0 12 21 96 0 0 0 0 0 0 0
0 0 59 84 0 0 59 0 0 3 0 74 0 20 0 48 0 0 0 0 77 0 0 0 26 0 45 0 8 0 0 77 0 34 0 66 0 0 0 0
0 0 0 89 0 0 83 0 0 0 26 0 0 0 0 0 88 16 0 0 0 0 47 0 78 0 36 0 0 0 0 0 0 0 0 0 0 0 0 87
0 0 0 0 0 44 0 0 53 0 0 0 0 0 0 28 27 21 0 52 0 0 38 0 0 57 0 73 0 14 0 0 0 4 28 0 62 0 0 0
0 0 0 83 0 0 0 86 0 0 0 0 0 0 0 0 0 0 0 83 0 0 0 38 0 15 0 0 26 0 0 0 0 0 0 63 0 0 0 0
0 0 0 0 8 0 0 0 0 42 0 0 0 0 0 0 0 0 0 0 0 0 0 0 35 0 41 0 0 0 0 0 0 0 1 0 30 0 0 0
0 0 89 0 0 0 0 0 24 0 0 0 0 0 4 53 0 0 0 0 0 0 96 0 2 0 0 4 0 0 33 0 0 0 0 0 0 48 0 0
0 36 0 0 0 0 0 18 0 0 0 99 0 0 0 0 0 0 0 0 0 0 0 0 0 0 67 0 0 0 61 0 0 94 96 69 0 10 0 0
0 57 0 0 0 0 0 0 68 59 0 0 0 0 0 0 0 23 0 0 0 0 30 0 0 7 6 0 0 0 0 0 0 0 77 8 0 0 0 0
0 77 0 88 0 0 0 76 0 0 0 56 0 0 0 0 88 0 0 0 0 56 0 0 0 0 0 0 0 0 0 0 0 87 0 0 0 84 0 61
0 0 0 0 0 0 0 63 0 0 43 0 0 6 0 0 0 0 27 31 0 0 0 51 32 0 67 0 0 0 0 7 0 0 0 0 0 97 39 0
0 73 74 0 0 0 0 0 74 0 0 5 55 0 0 0 0 28 0 0 0 0 0 49 0 0 0 0 0 2 0 0 0 85 0 0 0 0 0 0
0 0 0 0 0 0 0 0 90 0 0 0 0 0 0 61 0 0 0 0 67 0 37 0 26 80 0 0 0 0 27 0 0 17 0 4 74 0 0 0
80 0 0 0 0 46 0 97 0 0 0 63 0 0 0 0 0 0 0 69 83 0 66 0 0 0 0 0 0 0 0 0 0 0 0 29 0 0 0 4
0 0 0 0 0 86 28 0 53 0 0 0 85 0 0 0 0 0 0 0 0 0 0 96 32 0 0 0 0 0 0 0 0 64 0 0 0 21 0 24
52 69 17 89 0 0 0 0 0 0 0 1 0 0 0 0 32 75 0 81 0 0 0 0 0 25 83 0 0 41 0 48 0 0 0 0 65 0 0 0
3 0 0 23 29 0 0 0 0 79 0 0 0 7 69 61 0 0 0 0 0 0 0 0 0 50 72 0 0 0 0 0 0 0 0 0 0 86 0 0
0 0 0 0 86 0 86 0 70 74 0 0 0 0 27 0 0 21 69 0 92 0 0 0 0 0 0 38 94 81 0 0 19 0 0 0 0 0 0 0
70 0 0 28 0 0 0 0 0 0 0 0 31 0 73 0 0 0 0 45 0 0 0 0 0 42 0 0 0 0 0 0 0 0 20 0 2 0 0 0
0 0 0 0 0 83 0 0 0 0 52 42 0 0 0 0 77 0 100 91 0 4 0 40 0 0 22 0 26 0 44 0 0 0 0 0 0 72 0 85
65 3 25 0 0 0 0 71 0 0 0 0 0 6 0 0 47 0 0 33 0 43 0 0 0 60 57 0 88 0 0 0 0 54 0 0 0 0 0 42
27 0 53 77 40 0 0 0 0 83 0 0 39 0 0 0 0 0 0 0 0 0 0 0 0 0 55 0 55 0 47 0 0 92 0 0 0 0 0 88
0 1 0 0 0 0 60 0 0 0 0 0 16 0 88 0 65 0 11 78 0 11 82 0 0 0 0 0 0 0 86 0 0 0 5 100 0 0 0 0
0 0 0 0 0 0 0 38 0 0 0 0 0 0 0 0 0 96 0 0 48 24 0 0 0 28 0 0 0 0 0 65 17 0 54 0 0 0 0 0
0 30 60 83 0 0 0 0 0 0 0 86 0 0 63 0 0 0 0 0 0 0 0 0 0 0 0 0 0 0 0 0 0 0 0 0 0 76 0 0
24 87 0 73 0 19 0 90 0 0 0 0 91 64 0 0 0 0 0 0 0 74 0 0 0 0 0 0 0 0 0 0 0 0 21 44 0 0 0 0
0 0 0 0 0 0 0 0 0 87 0 0 0 0 0 0 0 0 0 50 36 0 0 54 0 0 0 0 0 0 52 0 0 0 0 0 0 0 71 0
0 40 0 0 0 0 0 0 0 0 0 52 0 0 0 0 0 0 0 0 0 0 0 0 50 0 79 0 0 0 0 95 0 0 0 0 29 0 3 0
43 0 0 0 0 0 0 0 0 0 0 0 0 0 0 0 0 0 0 99 0 0 0 0 62 0 0 99 0 88 32 0 0 0 0 0 0 0 0 0
68 0 0 0 57 48 0 0 0 0 0 0 92 0 0 0 3 0 0 0 0 57 0 9 0 0 0 0 51 0 47 24 0 0 8 0 0 35 0 0
0 40 0 84 31 0 0 0 0 53 0 0 0 3 0 0 0 0 87 0 39 0 61 0 0 0 0 0 14 0 16 53 0 72 0 0 0 50 0 0
90 0 88 0 99 0 51 0 79 0 0 0 0 60 5 88 0 2 9 0 0 0 0 0 0 0 0 0 0 0 0 0 0 0 0 25 0 75 54 14
8 0 81 0 0 0 0 0 0 0 0 0 0 74 0 72 89 0 29 0 0 0 0 0 94 29 0 0 0 0 0 0 0 51 0 0 0 0 0 77
0 0 0 0 0 0 85 0 0 0 70 0 0 0 0 0 0 0 0 0 0 0 0 76 0 85 26 6 0 0 20 0 0 0 0 63 0 0 0 0
0 0 0 0 0 0 0 0 0 25 26 0 0 82 35 0 0 0 0 0 0 3 0 47 0 49 0 88 0 0 0 59 0 0 0 0 81 0 0 48
4 53 0 10 0 0 0 0 0 0 0 0 0 71 57 0 0 0 0 0 100 0 0 0 0 0 89 0 0 0 0 0 0 0 0 0 0 0 57 27
0 0 0 0 2 0 0 0 0 0 0 67 0 47 0 0 0 0 0 0 0 53 0 0 0 0 21 0 0 0 0 0 0 0 0 0 0 1 0 0
0 0 0 82 0 0 83 0 0 0 0 86 99 0 0 0 0 0 0 0 0 0 0 0 0 0 0 0 0 15 37 60 0 94 0 96 0 0 0 0
0 93 30 18 0 50 15 0 11 0 0 0 0 28 0 0 95 0 0 0 0 0 34 13 0 0 0 0 51 0 0 0 0 0 0 0 0 0 51 0
0 0 49 0 0 0 0 0 23 56 0 0 0 0 0 0 0 75 0 5 0 0 27 0 0 0 0 18 0 0 0 0 0 0 0 49 0 0 0 0
0 0 68 4 0 0 0 0 0 0 0 48 87 0 0 0 0 0 52 36 0 0 0 0 0 0 0 0 16 0 13 14 6 0 0 0 0 0 0 0
0 0 38 36 0 0 99 0 0 60 0 19 0 87 0 42 0 0 0 0 51 0 0 0 25 0 4 0 32 0 0 80 0 98 0 56 0 0 0 0
0 0 0 6 0 0 63 0 0 0 21 0 0 0 0 0 80 72 0 0 0 0 95 0 2 0 54 0 0 0 0 0 0 0 0 0 0 0 0 92
0 0 0 0 0 73 0 0 100 0 0 0 0 0 0 4 80 24 0 93 0 0 82 0 0 60 0 37 0 9 0 0 0 11 24 0 36 0 0 0
0 0 0 82 0 0 0 60 0 0 0 0 0 0 0 0 0 0 0 65 0 0 0 83 0 70 0 0 90 0 0 0 0 0 0 91 0 0 0 0