40
0 0 0 0 0 21 0 0 93 0 0 93 0 0 76 0 0 79 0 51 0 0 25 0 0 0 0 0 0 0 0 0 0 0 96 0 27 0 0 0
0 0 0 0 0 0 94 35 0 0 0 0 0 0 0 0 86 47 16 0 0 37 50 0 0 0 0 0 0 89 70 34 29 0 0 0 95 0 0 0
0 0 0 0 0 0 81 0 0 10 0 0 0 0 60 7 0 0 29 0 0 23 0 0 0 0 0 0 36 0 0 68 0 0 0 61 0 0 0 0
0 0 0 0 0 0 0 36 0 0 0 0 0 0 0 74 0 0 54 43 0 0 0 0 0 0 41 0 0 0 0 0 0 0 0 42 0 0 0 0
0 0 0 0 0 0 0 22 0 0 0 0 0 0 15 46 0 0 35 37 0 0 0 0 0 48 0 0 0 0 0 0 0 0 0 0 0 0 74 0
0 0 64 66 0 0 0 35 0 0 0 0 0 0 0 0 0 56 0 0 0 38 0 3 0 0 0 49 0 42 0 0 0 0 0 0 0 0 0 90
92 0 2 45 0 0 0 0 91 8 31 0 0 32 98 0 55 0 0 0 0 0 0 0 0 0 26 0 0 0 55 0 0 0 0 0 0 0 89 0
0 0 0 0 32 0 0 0 0 0 10 0 0 0 16 0 1 0 0 0 0 82 98 0 52 0 0 0 0 0 0 0 0 0 94 0 0 0 70 94
0 0 65 0 0 0 0 0 0 0 0 0 0 0 0 66 0 46 0 0 0 0 0 0 0 0 0 0 0 54 0 17 67 0 0 68 0 0 0 5
0 0 0 0 0 0 0 0 0 0 0 8 87 0 0 0 0 97 41 82 0 0 0 0 0 0 0 0 0 0 0 63 0 53 0 0 0 0 0 0
0 40 0 78 0 46 0 0 0 21 0 0 0 0 99 97 73 0 0 0 0 0 0 0 78 0 10 45 0 0 46 0 0 0 0 0 88 0 0 0
14 0 0 0 0 0 22 0 0 96 0 0 0 0 0 0 0 0 0 0 0 0 70 0 0 0 0 76 30 0 0 0 76 0 0 0 0 0 0 25
0 0 0 91 0 0 0 0 15 0 80 0 0 0 0 0 0 0 63 0 0 0 0 0 81 0 0 0 0 93 0 0 0 0 0 24 0 0 0 0
0 0 0 0 0 93 0 0 0 0 0 0 66 0 0 0 0 71 52 0 0 0 0 12 0 38 0 0 0 0 74 0 93 0 0 5 0 0 0 97
0 62 0 0 0 0 0 0 68 0 0 69 0 0 0 0 89 0 94 0 0 0 0 0 0 0 50 11 0 0 94 0 0 45 39 0 0 5 29 0
0 82 0 0 0 0 25 42 75 0 0 0 0 0 0 0 0 0 0 0 0 0 72 0 55 6 0 0 0 0 0 0 23 0 0 35 0 98 66 0
0 0 59 0 81 49 0 81 14 0 0 28 0 0 0 40 0 0 93 0 0 0 0 0 0 13 80 0 0 0 0 0 86 0 81 85 0 29 0 0
0 0 65 0 19 0 0 0 0 72 0 0 81 0 0 0 85 0 26 31 18 7 0 0 0 0 95 58 29 62 0 0 0 0 0 16 0 0 8 0
67 0 0 0 0 0 0 0 0 0 0 0 0 0 0 0 0 0 0 0 0 0 0 0 88 33 0 0 0 0 0 6 63 78 29 0 0 47 0 2
0 0 0 0 0 28 59 0 0 0 0 0 0 0 75 0 0 16 0 0 0 86 0 0 0 0 0 0 0 0 95 0 0 0 0 6 0 0 86 2
0 0 0 0 59 0 0 34 0 0 0 0 0 0 0 0 60 33 0 0 0 0 84 0 0 0 0 71 0 0 0 0 58 0 0 2 0 0 0 0
58 0 0 19 0 0 0 0 0 0 0 0 0 0 0 13 0 0 0 0 0 0 43 0 0 0 0 0 16 0 27 0 50 0 0 82 4 0 0 0
0 35 31 0 13 0 0 0 0 0 0 72 0 0 0 84 80 0 0 0 0 0 0 0 0 5 43 0 0 0 84 0 0 49 85 0 0 0 45 35
0 33 0 0 0 0 0 0 0 0 0 0 0 0 29 0 0 74 0 0 18 67 0 0 78 0 0 54 0 0 0 0 21 0 0 0 0 89 78 0
0 62 0 0 0 0 0 0 0 0 0 0 9 0 99 37 0 0 0 0 0 0 0 0 0 0 0 47 0 0 0 0 0 0 3 58 0 0 0 0
28 0 0 63 0 0 0 0 0 0 0 11 42 0 0 0 25 0 0 0 4 12 0 0 0 0 0 24 0 93 34 0 0 0 0 0 15 0 0 13
0 7 0 0 36 0 0 34 0 0 1 85 0 0 0 0 0 0 0 0 55 0 0 0 0 0 0 0 0 0 0 0 66 0 0 18 0 0 0 0
0 0 0 0 0 0 0 0 84 0 0 0 0 0 0 17 0 1 100 0 0 52 92 0 0 0 0 0 20 0 4 0 0 0 98 0 0 53 0 0
0 66 0 0 0 100 0 0 0 90 0 0 0 4 8 85 0 0 27 61 0 0 3 0 0 0 0 15 0 0 0 55 0 0 0 0 0 79 0 0
0 0 0 0 7 0 0 0 0 0 0 0 15 0 0 0 0 0 0 79 0 0 0 0 0 54 0 0 0 0 0 0 63 0 0 0 0 0 0 0
0 0 0 0 16 0 0 6 0 0 0 88 99 0 0 95 0 0 0 0 0 0 0 47 0 68 0 2 0 0 0 0 0 0 0 0 80 0 15 34
0 0 0 0 0 20 98 0 0 0 96 50 0 45 0 0 0 53 79 0 0 0 0 0 45 82 49 0 0 0 0 0 0 0 0 0 67 0 0 0
0 0 82 0 0 0 0 0 0 0 0 69 0 99 0 93 0 0 0 0 23 0 0 0 0 54 0 38 0 0 0 47 0 0 0 0 0 59 0 0
0 87 0 0 0 97 74 0 73 0 28 0 28 0 76 0 0 0 0 0 31 30 0 0 0 0 0 4 0 0 0 0 0 0 0 0 0 98 0 41
0 0 0 46 0 0 0 0 97 0 0 0 0 0 0 0 81 8 0 0 0 0 86 0 0 36 0 0 67 4 0 5 0 0 0 0 54 0 0 0
0 0 0 0 0 29 91 0 24 81 0 0 0 65 0 0 0 0 32 0 0 0 0 0 0 0 94 0 45 0 23 0 0 79 0 0 0 0 0 0
0 0 0 0 0 33 0 0 0 0 0 0 0 0 0 0 0 0 0 0 0 0 0 0 0 0 80 0 0 0 0 0 0 85 53 0 0 0 0 0
0 0 89 0 14 0 0 17 0 25 0 65 0 0 0 36 0 0 0 0 0 0 80 0 0 0 0 0 26 0 63 10 0 0 0 0 0 0 0 91
0 0 0 41 0 61 87 0 0 60 0 13 1 0 59 28 0 0 49 0 0 60 0 0 0 0 36 0 0 0 0 0 0 0 0 0 0 92 0 0
0 0 0 0 48 65 0 0 0 62 28 41 0 0 0 16 0 0 63 0 49 0 0 0 33 0 0 0 0 0 0 0 0 0 0 98 0 0 0 0
0 0 0 0 0 83 0 0 68 0 0 76 0 0 71 0 0 57 0 71 0 0 88 0 0 0 0 0 0 0 0 0 0 0 35 0 11 0 0 0
0 0 0 0 0 0 20 74 0 0 0 0 0 0 0 0 78 78 92 0 0 45 58 0 0 0 0 0 0 83 85 82 37 0 0 0 79 0 0 0
0 0 0 0 0 0 54 0 0 11 0 0 0 0 45 20 0 0 65 0 0 13 0 0 0 0 0 0 23 0 0 65 0 0 0 81 0 0 0 0
0 0 0 0 0 0 0 92 0 0 0 0 0 0 0 9 0 0 73 6 0 0 0 0 0 0 81 0 0 0 0 0 0 0 0 27 0 0 0 0
0 0 0 0 0 0 0 32 0 0 0 0 0 0 18 35 0 0 84 18 0 0 0 0 0 95 0 0 0 0 0 0 0 0 0 0 0 0 13 0
0 0 1 82 0 0 0 4 0 0 0 0 0 0 0 0 0 23 0 0 0 2 0 21 0 0 0 91 0 31 0 0 0 0 0 0 0 0 0 91
41 0 13 12 0 0 0 0 64 74 35 0 0 48 91 0 22 0 0 0 0 0 0 0 0 0 68 0 0 0 17 0 0 0 0 0 0 0 92 0
0 0 0 0 31 0 0 0 0 0 80 0 0 0 72 0 61 0 0 0 0 40 61 0 79 0 0 0 0 0 0 0 0 0 12 0 0 0 76 96
0 0 80 0 0 0 0 0 0 0 0 0 0 0 0 61 0 68 0 0 0 0 0 0 0 0 0 0 0 72 0 99 82 0 0 20 0 0 0 68
0 0 0 0 0 0 0 0 0 0 0 100 61 0 0 0 0 96 34 45 0 0 0 0 0 0 0 0 0 0 0 79 0 68 0 0 0 0 0 0
0 66 0 5 0 19 0 0 0 98 0 0 0 0 90 28 38 0 0 0 0 0 0 0 12 0 2 38 0 0 99 0 0 0 0 0 22 0 0 0
15 0 0 0 0 0 34 0 0 29 0 0 0 0 0 0 0 0 0 0 0 0 2 0 0 0 0 93 4 0 0 0 11 0 0 0 0 0 0 64
0 0 0 100 0 0 0 0 50 0 34 0 0 0 0 0 0 0 82 0 0 0 0 0 75 0 0 0 0 49 0 0 0 0 0 93 0 0 0 0
0 0 0 0 0 71 0 0 0 0 0 0 86 0 0 0 0 78 44 0 0 0 0 36 0 17 0 0 0 0 25 0 21 0 0 1 0 0 0 31
0 37 0 0 0 0 0 0 54 0 0 95 0 0 0 0 35 0 3 0 0 0 0 0 0 0 68 32 0 0 92 0 0 2 54 0 0 99 7 0
0 57 0 0 0 0 33 38 14 0 0 0 0 0 0 0 0 0 0 0 0 0 1 0 7 12 0 0 0 0 0 0 46 0 0 53 0 93 49 0
0 0 44 0 85 7 0 6 71 0 0 41 0 0 0 28 0 0 46 0 0 0 0 0 0 82 46 0 0 0 0 0 1 0 20 8 0 39 0 0
0 0 92 0 67 0 0 0 0 26 0 0 43 0 0 0 80 0 68 25 3 39 0 0 0 0 27 52 61 65 0 0 0 0 0 77 0 0 29 0
70 0 0 0 0 0 0 0 0 0 0 0 0 0 0 0 0 0 0 0 0 0 0 0 83 57 0 0 0 0 0 33 10 82 92 0 0 53 0 92
0 0 0 0 0 8 79 0 0 0 0 0 0 0 23 0 0 46 0 0 0 1 0 0 0 0 0 0 0 0 82 0 0 0 0 64 0 0 85 67
0 0 0 0 31 0 0 74 0 0 0 0 0 0 0 0 63 26 0 0 0 0 49 0 0 0 0 61 0 0 0 0 7 0 0 83 0 0 0 0
3 0 0 57 0 0 0 0 0 0 0 0 0 0 0 94 0 0 0 0 0 0 98 0 0 0 0 0 92 0 52 0 55 0 0 35 2 0 0 0
0 72 76 0 35 0 0 0 0 0 0 30 0 0 0 98 8 0 0 0 0 0 0 0 0 57 26 0 0 0 27 0 0 16 12 0 0 0 53 50
0 32 0 0 0 0 0 0 0 0 0 0 0 0 37 0 0 13 0 0 45 70 0 0 99 0 0 54 0 0 0 0 49 0 0 0 0 88 68 0
0 80 0 0 0 0 0 0 0 0 0 0 66 0 91 36 0 0 0 0 0 0 0 0 0 0 0 9 0 0 0 0 0 0 4 84 0 0 0 0
69 0 0 14 0 0 0 0 0 0 0 93 17 0 0 0 32 0 0 0 19 87 0 0 0 0 0 5 0 36 64 0 0 0 0 0 81 0 0 63
0 51 0 0 30 0 0 65 0 0 44 34 0 0 0 0 0 0 0 0 58 0 0 0 0 0 0 0 0 0 0 0 81 0 0 84 0 0 0 0
0 0 0 0 0 0 0 0 80 0 0 0 0 0 0 90 0 57 94 0 0 30 24 0 0 0 0 0 14 0 50 0 0 0 82 0 0 19 0 0
0 56 0 0 0 41 0 0 0 16 0 0 0 68 90 77 0 0 87 55 0 0 21 0 0 0 0 67 0 0 0 48 0 0 0 0 0 42 0 0
0 0 0 0 13 0 0 0 0 0 0 0 16 0 0 0 0 0 0 7 0 0 0 0 0 52 0 0 0 0 0 0 24 0 0 0 0 0 0 0
0 0 0 0 60 0 0 69 0 0 0 34 58 0 0 43 0 0 0 0 0 0 0 27 0 66 0 64 0 0 0 0 0 0 0 0 70 0 2 28
0 0 0 0 0 98 33 0 0 0 52 96 0 43 0 0 0 25 62 0 0 0 0 0 68 54 98 0 0 0 0 0 0 0 0 0 39 0 0 0
0 0 28 0 0 0 0 0 0 0 0 36 0 59 0 52 0 0 0 0 25 0 0 0 0 70 0 82 0 0 0 26 0 0 0 0 0 58 0 0
0 99 0 0 0 52 98 0 3 0 83 0 62 0 93 0 0 0 0 0 89 32 0 0 0 0 0 68 0 0 0 0 0 0 0 0 0 80 0 26
0 0 0 69 0 0 0 0 48 0 0 0 0 0 0 0 66 51 0 0 0 0 10 0 0 6 0 0 23 7 0 82 0 0 0 0 80 0 0 0
0 0 0 0 0 11 21 0 95 23 0 0 0 33 0 0 0 0 88 0 0 0 0 0 0 0 26 0 70 0 10 0 0 50 0 0 0 0 0 0
0 0 0 0 0 6 0 0 0 0 0 0 0 0 0 0 0 0 0 0 0 0 0 0 0 0 3 0 0 0 0 0 0 93 48 0 0 0 0 0
0 0 50 0 68 0 0 46 0 79 0 9 0 0 0 73 0 0 0 0 0 0 23 0 0 0 0 0 37 0 58 2 0 0 0 0 0 0 0 36
0 0 0 19 0 29 94 0 0 43 0 94 50 0 100 33 0 0 10 0 0 36 0 0 0 0 86 0 0 0 0 0 0 0 0 0 0 56 0 0
0 0 0 0 78 56 0 0 0 50 71 83 0 0 0 67 0 0 70 0 34 0 0 0 61 0 0 0 0 0 0 0 0 0 0 36 0 0 0 0