40
0 11 0 0 60 0 0 0 0 0 0 0 0 0 0 0 0 0 59 22 0 0 72 0 0 0 49 86 0 76 0 0 0 0 0 1 0 0 2 17
0 0 0 0 0 0 0 35 0 0 0 0 0 51 0 49 85 0 0 60 0 0 0 0 0 0 59 0 0 24 59 33 27 62 0 0 0 48 0 11
41 0 0 60 89 0 0 0 76 0 0 0 0 72 4 0 47 34 87 0 0 0 0 92 0 21 51 0 72 0 0 0 0 91 0 0 71 0 51 0
0 0 0 0 0 0 0 79 0 0 0 0 0 0 0 0 93 95 0 0 0 0 37 0 0 0 76 0 31 0 86 54 0 0 16 0 0 0 0 0
0 0 0 0 0 0 0 0 48 0 0 93 39 0 0 0 0 0 0 0 0 59 94 68 0 0 0 0 0 0 0 24 0 0 66 0 61 0 0 0
75 0 0 0 0 0 0 0 0 0 57 0 0 0 0 75 65 0 63 0 0 0 0 0 0 0 7 0 0 36 0 0 0 0 0 43 0 0 0 0
0 0 16 0 0 0 0 0 0 0 0 0 0 0 0 95 75 0 0 0 0 50 31 62 0 23 0 36 0 0 14 0 0 0 0 0 0 0 0 0
0 0 0 0 0 0 0 0 0 0 0 0 0 0 0 86 84 0 0 28 0 24 54 0 0 0 0 0 0 0 0 0 0 0 0 0 0 0 0 0
17 69 0 0 90 0 0 0 0 57 0 0 0 0 0 0 0 0 0 0 0 0 0 0 0 23 67 0 0 0 0 0 0 0 0 0 76 0 0 18
93 0 0 11 0 42 0 73 0 0 0 0 0 0 0 0 40 0 0 30 93 0 1 0 62 0 30 0 0 0 0 69 0 28 68 0 0 0 16 87
54 56 0 0 0 0 62 0 0 60 0 0 93 0 0 0 0 92 0 0 83 18 0 0 0 0 0 0 53 64 0 4 0 0 100 0 0 0 0 45
30 0 0 0 0 0 0 90 0 0 11 0 0 0 3 0 0 0 0 40 0 66 0 0 0 6 0 0 0 0 81 0 0 0 0 0 0 0 0 85
11 0 0 97 59 0 0 0 0 0 0 0 0 0 0 98 0 48 0 0 82 0 0 0 0 29 0 0 0 51 51 0 84 17 0 0 0 22 0 44
0 97 93 30 0 5 0 31 22 0 0 0 0 0 0 0 64 0 0 22 0 64 0 0 91 0 0 0 0 0 0 0 0 0 0 0 78 0 0 0
0 0 0 0 0 0 0 0 0 0 60 0 0 0 0 0 0 0 0 35 0 55 0 0 0 0 0 0 0 0 0 0 0 0 0 0 0 0 0 0
60 55 51 0 0 0 76 0 0 82 0 0 0 0 0 0 0 78 0 80 97 48 10 0 0 0 0 0 24 13 0 0 0 0 86 0 66 0 0 0
0 50 0 0 0 0 89 0 0 0 0 0 0 0 0 0 0 0 0 0 0 0 0 0 0 0 0 0 0 0 26 73 0 0 0 0 0 0 0 32
0 0 0 93 0 0 7 0 0 13 38 43 0 0 0 0 43 0 0 76 15 18 0 0 2 3 52 68 65 0 0 0 36 0 16 0 0 0 0 0
0 0 51 0 0 0 0 0 43 0 0 0 0 58 0 0 0 98 0 45 0 0 0 0 0 0 0 0 0 0 0 0 0 0 62 0 0 76 0 0
0 65 50 0 60 56 0 0 55 0 0 0 0 38 0 0 19 46 0 0 0 0 0 0 0 0 0 0 49 0 0 0 0 32 93 88 0 34 63 0
97 9 0 0 0 98 0 0 6 0 57 60 0 0 39 0 0 0 0 80 0 0 0 0 1 0 0 0 86 0 0 0 0 0 0 0 0 0 0 0
0 0 0 0 0 68 0 0 3 0 0 0 0 0 0 63 78 0 0 41 0 0 0 0 0 0 13 98 7 0 0 0 21 16 0 70 0 0 92 0
0 37 0 0 76 36 0 0 0 0 0 2 0 0 0 0 0 0 0 41 34 0 0 0 5 0 0 0 0 24 0 0 0 0 0 0 0 0 0 0
57 0 0 0 28 0 0 0 0 0 0 0 0 0 0 0 0 0 0 0 0 0 0 0 0 0 0 0 0 0 0 93 0 0 0 0 0 0 0 0
55 0 0 74 0 0 0 0 0 55 0 0 0 0 0 72 57 0 0 0 0 8 0 0 0 90 0 0 0 0 0 0 0 0 0 0 0 0 0 0
0 0 47 19 0 0 5 0 0 0 77 0 0 100 0 0 0 0 50 0 0 0 49 0 0 0 0 0 0 0 0 0 0 0 0 0 0 0 0 0
0 62 0 22 0 0 0 0 0 91 0 0 0 63 0 0 68 0 99 0 0 0 0 0 0 0 0 0 0 0 0 0 0 0 0 0 0 0 66 0
0 0 89 0 0 0 0 0 0 0 0 0 0 0 67 0 0 52 0 0 0 8 0 0 0 44 60 0 27 0 0 0 0 11 0 56 7 0 0 0
0 0 0 20 0 0 0 0 0 0 0 0 0 0 18 0 84 99 0 87 29 83 0 0 61 0 12 47 0 37 0 29 0 0 16 1 0 0 0 0
0 0 0 0 0 0 0 0 17 0 0 20 0 0 0 0 74 24 0 0 0 0 89 0 55 85 0 0 0 0 0 0 0 0 0 0 0 0 0 0
0 0 0 0 26 100 0 0 0 0 0 0 0 0 0 0 0 0 19 0 0 0 0 0 0 37 39 0 88 0 0 19 100 50 0 0 0 0 52 0
0 0 0 0 18 0 0 90 24 0 0 2 0 0 97 91 0 0 13 0 0 0 0 0 0 0 0 12 0 0 38 0 0 0 0 56 0 0 0 0
28 100 28 0 0 0 46 0 0 0 53 0 0 0 0 0 0 0 0 0 0 0 0 0 0 0 0 0 34 0 0 0 0 0 0 0 0 0 11 0
44 21 0 0 0 0 0 18 0 25 0 71 0 0 0 0 39 0 0 0 0 0 61 80 0 0 0 0 0 0 0 0 0 0 0 0 0 0 99 77
57 34 0 0 0 0 0 0 0 0 0 0 0 0 74 32 0 44 0 0 0 0 0 0 0 0 0 0 98 0 0 0 0 11 0 0 0 0 0 0
0 0 0 0 0 0 0 0 0 19 5 96 0 36 0 0 0 0 22 0 0 89 0 7 0 41 0 0 0 0 67 10 30 73 0 0 0 81 0 0
28 0 0 0 0 0 87 0 80 0 65 0 0 0 0 70 0 0 70 0 0 51 0 12 93 65 98 0 73 0 0 0 31 0 0 0 0 44 2 0
2 0 0 0 8 0 52 0 0 0 0 0 0 0 17 0 0 0 0 62 0 0 0 68 27 0 0 0 0 0 0 32 0 0 0 0 74 0 34 0
0 66 0 0 0 0 0 0 0 0 59 1 0 0 0 0 0 0 0 0 0 58 0 0 0 72 0 0 93 0 0 25 0 58 0 0 0 0 0 22
55 0 0 0 0 0 0 0 0 0 7 0 0 0 0 72 0 0 0 0 0 0 0 0 0 0 79 0 0 0 0 0 78 0 0 93 0 0 0 0
0 38 0 0 9 0 0 0 0 0 0 0 0 0 0 0 0 0 87 100 0 0 77 0 0 0 65 93 0 24 0 0 0 0 0 44 0 0 39 5
0 0 0 0 0 0 0 23 0 0 0 0 0 61 0 69 21 0 0 50 0 0 0 0 0 0 20 0 0 39 66 47 28 15 0 0 0 47 0 54
69 0 0 82 13 0 0 0 54 0 0 0 0 76 100 0 76 97 85 0 0 0 0 35 0 98 11 0 72 0 0 0 0 66 0 0 49 0 38 0
0 0 0 0 0 0 0 71 0 0 0 0 0 0 0 0 58 31 0 0 0 0 10 0 0 0 51 0 41 0 46 58 0 0 89 0 0 0 0 0
0 0 0 0 0 0 0 0 34 0 0 37 19 0 0 0 0 0 0 0 0 90 6 69 0 0 0 0 0 0 0 44 0 0 16 0 12 0 0 0
81 0 0 0 0 0 0 0 0 0 23 0 0 0 0 13 45 0 21 0 0 0 0 0 0 0 57 0 0 3 0 0 0 0 0 29 0 0 0 0
0 0 34 0 0 0 0 0 0 0 0 0 0 0 0 94 99 0 0 0 0 6 24 97 0 1 0 75 0 0 92 0 0 0 0 0 0 0 0 0
0 0 0 0 0 0 0 0 0 0 0 0 0 0 0 67 75 0 0 50 0 20 40 0 0 0 0 0 0 0 0 0 0 0 0 0 0 0 0 0
25 10 0 0 71 0 0 0 0 58 0 0 0 0 0 0 0 0 0 0 0 0 0 0 0 61 84 0 0 0 0 0 0 0 0 0 72 0 0 59
4 0 0 20 0 81 0 82 0 0 0 0 0 0 0 0 82 0 0 98 72 0 4 0 41 0 74 0 0 0 0 88 0 79 13 0 0 0 90 17
72 96 0 0 0 0 21 0 0 62 0 0 7 0 0 0 0 64 0 0 40 99 0 0 0 0 0 0 45 21 0 79 0 0 32 0 0 0 0 39
99 0 0 0 0 0 0 70 0 0 94 0 0 0 28 0 0 0 0 14 0 31 0 0 0 46 0 0 0 0 45 0 0 0 0 0 0 0 0 89
97 0 0 44 77 0 0 0 0 0 0 0 0 0 0 17 0 53 0 0 73 0 0 0 0 95 0 0 0 88 23 0 80 78 0 0 0 80 0 21
0 39 88 41 0 84 0 92 11 0 0 0 0 0 0 0 88 0 0 98 0 41 0 0 2 0 0 0 0 0 0 0 0 0 0 0 75 0 0 0
0 0 0 0 0 0 0 0 0 0 99 0 0 0 0 0 0 0 0 34 0 37 0 0 0 0 0 0 0 0 0 0 0 0 0 0 0 0 0 0
73 39 4 0 0 0 59 0 0 10 0 0 0 0 0 0 0 19 0 13 51 85 70 0 0 0 0 0 97 94 0 0 0 0 44 0 28 0 0 0
0 55 0 0 0 0 40 0 0 0 0 0 0 0 0 0 0 0 0 0 0 0 0 0 0 0 0 0 0 0 97 42 0 0 0 0 0 0 0 71
0 0 0 72 0 0 14 0 0 67 54 85 0 0 0 0 56 0 0 4 83 64 0 0 63 72 4 85 81 0 0 0 90 0 63 0 0 0 0 0
0 0 2 0 0 0 0 0 28 0 0 0 0 78 0 0 0 83 0 16 0 0 0 0 0 0 0 0 0 0 0 0 0 0 75 0 0 26 0 0
0 25 73 0 83 20 0 0 25 0 0 0 0 69 0 0 42 23 0 0 0 0 0 0 0 0 0 0 53 0 0 0 0 14 55 74 0 36 33 0
96 72 0 0 0 52 0 0 97 0 14 28 0 0 77 0 0 0 0 22 0 0 0 0 42 0 0 0 96 0 0 0 0 0 0 0 0 0 0 0
0 0 0 0 0 22 0 0 55 0 0 0 0 0 0 1 35 0 0 68 0 0 0 0 0 0 63 26 25 0 0 0 58 55 0 65 0 0 99 0
0 53 0 0 44 28 0 0 0 0 0 40 0 0 0 0 0 0 0 60 4 0 0 0 71 0 0 0 0 89 0 0 0 0 0 0 0 0 0 0
74 0 0 0 24 0 0 0 0 0 0 0 0 0 0 0 0 0 0 0 0 0 0 0 0 0 0 0 0 0 0 78 0 0 0 0 0 0 0 0
26 0 0 76 0 0 0 0 0 5 0 0 0 0 0 75 35 0 0 0 0 12 0 0 0 73 0 0 0 0 0 0 0 0 0 0 0 0 0 0
0 0 53 91 0 0 69 0 0 0 46 0 0 36 0 0 0 0 16 0 0 0 91 0 0 0 0 0 0 0 0 0 0 0 0 0 0 0 0 0
0 35 0 22 0 0 0 0 0 89 0 0 0 96 0 0 26 0 97 0 0 0 0 0 0 0 0 0 0 0 0 0 0 0 0 0 0 0 42 0
0 0 40 0 0 0 0 0 0 0 0 0 0 0 16 0 0 48 0 0 0 84 0 0 0 1 13 0 88 0 0 0 0 9 0 15 4 0 0 0
0 0 0 93 0 0 0 0 0 0 0 0 0 0 92 0 79 69 0 27 6 20 0 0 42 0 53 92 0 64 0 1 0 0 48 37 0 0 0 0
0 0 0 0 0 0 0 0 84 0 0 36 0 0 0 0 4 44 0 0 0 0 29 0 19 98 0 0 0 0 0 0 0 0 0 0 0 0 0 0
0 0 0 0 45 89 0 0 0 0 0 0 0 0 0 0 0 0 59 0 0 0 0 0 0 72 47 0 60 0 0 46 60 63 0 0 0 0 87 0
0 0 0 0 86 0 0 94 73 0 0 12 0 0 30 21 0 0 59 0 0 0 0 0 0 0 0 4 0 0 95 0 0 0 0 89 0 0 0 0
24 95 57 0 0 0 7 0 0 0 90 0 0 0 0 0 0 0 0 0 0 0 0 0 0 0 0 0 4 0 0 0 0 0 0 0 0 0 17 0
99 88 0 0 0 0 0 2 0 89 0 33 0 0 0 0 55 0 0 0 0 0 41 30 0 0 0 0 0 0 0 0 0 0 0 0 0 0 52 7
44 45 0 0 0 0 0 0 0 0 0 0 0 0 8 75 0 54 0 0 0 0 0 0 0 0 0 0 45 0 0 0 0 63 0 0 0 0 0 0
0 0 0 0 0 0 0 0 0 81 67 1 0 20 0 0 0 0 66 0 0 50 0 90 0 56 0 0 0 0 59 90 54 97 0 0 0 100 0 0
87 0 0 0 0 0 74 0 6 0 25 0 0 0 0 21 0 0 9 0 0 25 0 97 19 37 32 0 59 0 0 0 61 0 0 0 0 75 56 0
41 0 0 0 22 0 26 0 0 0 0 0 0 0 85 0 0 0 0 37 0 0 0 71 50 0 0 0 0 0 0 79 0 0 0 0 53 0 26 0
0 17 0 0 0 0 0 0 0 0 50 38 0 0 0 0 0 0 0 0 0 92 0 0 0 13 0 0 66 0 0 73 0 24 0 0 0 0 0 13
3 0 0 0 0 0 0 0 0 0 36 0 0 0 0 2 0 0 0 0 0 0 0 0 0 0 94 0 0 0 0 0 61 0 0 43 0 0 0 0