40
0 30 0 0 0 0 0 0 0 62 0 0 0 0 0 0 0 0 0 0 2 0 0 0 55 0 0 0 0 0 35 0 46 0 0 0 0 0 0 0
0 0 0 0 81 0 15 71 0 0 0 0 0 55 0 19 0 0 0 55 90 0 10 0 0 0 0 26 0 0 0 0 0 0 12 0 75 0 0 0
0 0 0 0 0 0 0 0 0 0 33 0 0 36 0 30 3 0 4 37 0 0 27 0 0 0 16 0 0 0 0 8 0 0 71 0 39 64 0 0
0 0 51 0 0 0 0 0 0 0 0 0 0 0 0 0 0 59 0 21 0 0 57 0 97 0 0 0 69 0 0 0 0 33 31 0 0 0 0 0
0 0 0 0 0 0 0 60 88 0 4 0 0 0 0 0 50 0 0 0 0 0 68 0 0 0 0 0 60 0 26 0 0 0 9 0 0 0 0 0
0 60 0 0 41 0 66 0 0 0 0 49 0 0 79 0 0 0 0 23 14 18 0 0 0 0 0 0 84 59 0 0 0 9 54 0 0 0 0 0
0 0 0 89 0 0 0 0 0 0 0 0 0 0 70 0 0 0 0 0 0 23 0 0 0 45 99 0 0 0 0 19 0 51 90 37 0 0 0 14
0 0 0 0 0 50 0 0 0 0 48 0 67 0 12 20 85 0 0 0 88 43 0 42 0 1 0 0 39 3 0 72 0 73 0 0 81 0 0 0
0 13 0 51 0 0 0 62 0 0 0 0 0 0 0 3 0 0 0 0 0 0 98 33 0 0 0 0 0 39 0 0 0 0 0 0 0 0 0 0
0 0 0 0 0 52 0 0 54 0 36 0 0 0 0 0 97 0 0 0 0 0 0 0 62 0 0 1 0 0 0 0 0 30 0 47 0 0 0 0
0 20 0 0 0 0 65 0 0 0 0 0 39 0 0 0 0 4 69 0 0 0 0 0 0 0 0 0 0 0 0 0 0 0 0 29 24 0 68 0
0 0 0 29 52 3 0 96 0 63 60 0 0 0 39 84 0 0 0 80 0 0 0 20 57 0 53 4 0 0 0 0 0 77 0 0 3 0 0 0
0 0 0 47 0 32 0 0 0 53 33 0 0 0 49 0 0 0 92 0 0 0 0 72 0 17 34 0 0 0 0 8 0 0 0 19 0 0 0 0
0 0 0 0 70 0 0 0 0 0 0 57 0 0 0 0 68 0 0 0 0 0 11 0 29 0 57 0 0 100 0 0 0 0 97 0 0 0 0 0
0 0 46 74 51 0 29 0 0 0 0 45 92 35 0 22 13 0 0 0 0 40 0 89 85 0 59 42 64 0 31 7 0 0 0 0 0 0 0 0
0 66 0 0 0 0 91 0 0 0 0 0 0 0 0 0 63 0 10 0 13 0 0 0 0 0 0 0 8 0 0 0 0 4 53 0 79 0 0 0
70 0 0 0 51 0 0 0 0 0 0 0 0 1 0 0 0 0 0 0 0 0 0 0 0 0 0 0 49 0 0 0 0 83 0 87 0 0 0 0
0 0 0 0 0 0 0 93 0 0 0 0 0 0 26 41 0 0 0 37 0 0 30 0 0 0 0 0 0 0 0 75 36 0 0 0 0 0 0 0
0 54 0 0 0 0 0 0 0 0 81 0 0 0 25 0 95 0 0 0 0 23 2 0 45 2 0 0 0 0 0 81 50 0 0 29 0 0 31 60
0 26 39 0 0 0 0 0 55 59 0 25 0 0 0 0 0 0 84 0 14 41 0 0 52 0 94 0 0 0 0 0 0 0 96 0 0 0 0 0
55 0 0 0 0 0 0 0 92 47 0 0 0 0 65 7 0 0 0 0 0 0 0 0 75 0 25 0 0 0 0 0 0 59 0 0 30 0 60 0
0 0 43 0 0 0 60 0 0 0 59 62 0 0 0 0 0 0 8 0 0 0 0 0 0 74 0 0 98 0 0 14 0 9 0 0 0 0 0 0
0 0 0 87 0 0 0 0 0 0 11 0 0 22 91 61 0 0 0 89 0 0 0 0 0 25 0 0 94 0 0 0 0 19 0 24 0 0 0 0
10 0 0 0 71 0 57 0 29 0 30 0 0 80 0 0 0 0 0 0 0 0 0 0 0 0 0 0 0 0 78 0 36 0 0 39 39 80 0 0
0 0 0 0 0 0 0 59 0 0 0 0 34 0 0 42 0 45 0 0 53 0 0 0 0 0 66 0 79 0 49 0 0 0 0 0 63 0 0 0
0 0 0 0 0 71 0 0 0 0 0 0 0 0 80 0 0 11 0 0 68 0 0 0 32 0 9 0 0 0 0 83 0 0 73 0 0 0 52 0
0 53 0 1 14 0 0 42 0 0 0 0 0 0 0 0 0 6 0 0 0 0 29 72 0 0 0 0 60 0 0 0 0 0 33 0 0 0 0 69
0 44 9 0 0 0 0 0 0 0 28 0 11 6 0 0 0 27 85 94 0 25 0 0 47 0 0 0 0 0 0 0 37 0 0 90 0 34 0 0
61 0 0 0 0 0 0 0 0 0 0 27 0 0 0 0 0 0 0 0 8 0 0 0 0 0 0 0 0 0 0 0 0 0 0 0 0 0 0 0
0 0 0 0 0 14 0 0 0 0 16 44 0 0 6 14 24 0 0 0 0 39 0 0 0 0 0 0 0 0 0 0 0 0 87 0 0 0 0 62
0 0 72 55 0 78 100 0 0 0 12 35 0 35 0 0 0 0 0 0 0 75 71 0 0 0 0 0 0 37 0 0 81 53 0 0 0 0 0 0
0 0 60 0 59 0 0 0 0 0 0 0 0 0 0 0 0 0 0 18 0 0 0 0 0 0 19 0 0 0 0 0 0 68 0 0 55 54 0 0
0 0 0 0 0 45 0 0 0 0 57 0 29 0 0 0 0 0 0 0 0 0 0 37 45 86 0 0 0 0 36 37 0 0 0 47 0 58 0 0
61 0 0 52 0 0 0 79 85 0 0 0 0 0 0 54 0 0 0 31 0 0 22 0 0 0 76 0 3 0 0 0 0 0 55 0 0 0 0 8
0 0 0 0 0 0 100 91 0 0 66 32 0 0 95 15 0 0 0 0 0 35 0 0 0 0 0 62 0 4 0 0 0 3 0 0 0 0 0 0
0 0 0 0 0 0 0 0 0 0 23 0 0 84 0 50 0 0 0 0 0 91 32 0 0 0 97 33 6 0 0 0 0 0 91 0 0 0 9 0
0 49 0 0 91 0 80 99 65 0 0 0 0 0 0 0 0 0 0 0 0 0 0 0 0 0 39 0 0 78 0 0 40 0 0 0 0 0 39 0
0 0 0 0 0 0 0 0 0 0 41 0 0 0 0 0 83 0 0 0 0 15 0 47 0 0 0 79 59 0 0 0 0 81 0 0 99 0 0 0
0 0 0 0 0 0 23 0 0 0 79 0 0 0 0 0 0 57 0 0 0 0 34 0 0 0 0 0 0 0 48 38 0 0 0 0 0 54 0 0
0 0 0 27 0 0 50 0 75 0 68 0 58 0 0 0 0 0 59 0 0 0 0 75 30 0 0 0 11 0 0 5 0 0 0 0 0 0 93 0
0 13 0 0 0 0 0 0 0 77 0 0 0 0 0 0 0 0 0 0 43 0 0 0 26 0 0 0 0 0 34 0 84 0 0 0 0 0 0 0
0 0 0 0 4 0 48 66 0 0 0 0 0 35 0 37 0 0 0 20 72 0 17 0 0 0 0 30 0 0 0 0 0 0 86 0 19 0 0 0
0 0 0 0 0 0 0 0 0 0 100 0 0 91 0 79 28 0 49 9 0 0 69 0 0 0 93 0 0 0 0 70 0 0 52 0 92 54 0 0
0 0 77 0 0 0 0 0 0 0 0 0 0 0 0 0 0 77 0 4 0 0 34 0 12 0 0 0 11 0 0 0 0 64 94 0 0 0 0 0
0 0 0 0 0 0 0 61 14 0 94 0 0 0 0 0 11 0 0 0 0 0 32 0 0 0 0 0 16 0 55 0 0 0 39 0 0 0 0 0
0 64 0 0 94 0 80 0 0 0 0 73 0 0 79 0 0 0 0 50 11 27 0 0 0 0 0 0 12 39 0 0 0 63 79 0 0 0 0 0
0 0 0 38 0 0 0 0 0 0 0 0 0 0 71 0 0 0 0 0 0 38 0 0 0 7 87 0 0 0 0 95 0 39 57 47 0 0 0 73
0 0 0 0 0 19 0 0 0 0 47 0 78 0 66 4 36 0 0 0 78 10 0 75 0 98 0 0 89 10 0 45 0 87 0 0 16 0 0 0
0 44 0 54 0 0 0 94 0 0 0 0 0 0 0 56 0 0 0 0 0 0 56 66 0 0 0 0 0 56 0 0 0 0 0 0 0 0 0 0
0 0 0 0 0 24 0 0 49 0 15 0 0 0 0 0 66 0 0 0 0 0 0 0 43 0 0 7 0 0 0 0 0 86 0 83 0 0 0 0
0 80 0 0 0 0 96 0 0 0 0 0 71 0 0 0 0 7 16 0 0 0 0 0 0 0 0 0 0 0 0 0 0 0 0 70 63 0 72 0
0 0 0 89 75 13 0 29 0 56 19 0 0 0 88 62 0 0 0 11 0 0 0 40 80 0 87 27 0 0 0 0 0 62 0 0 1 0 0 0
0 0 0 88 0 53 0 0 0 92 37 0 0 0 71 0 0 0 68 0 0 0 0 91 0 100 26 0 0 0 0 10 0 0 0 38 0 0 0 0
0 0 0 0 49 0 0 0 0 0 0 79 0 0 0 0 93 0 0 0 0 0 55 0 36 0 46 0 0 34 0 0 0 0 65 0 0 0 0 0
0 0 39 96 6 0 51 0 0 0 0 40 51 31 0 7 96 0 0 0 0 10 0 18 10 0 10 62 13 0 77 58 0 0 0 0 0 0 0 0
0 74 0 0 0 0 57 0 0 0 0 0 0 0 0 0 37 0 97 0 62 0 0 0 0 0 0 0 35 0 0 0 0 70 39 0 97 0 0 0
82 0 0 0 26 0 0 0 0 0 0 0 0 82 0 0 0 0 0 0 0 0 0 0 0 0 0 0 23 0 0 0 0 34 0 10 0 0 0 0
0 0 0 0 0 0 0 3 0 0 0 0 0 0 1 96 0 0 0 9 0 0 1 0 0 0 0 0 0 0 0 85 79 0 0 0 0 0 0 0
0 58 0 0 0 0 0 0 0 0 59 0 0 0 8 0 91 0 0 0 0 57 47 0 84 19 0 0 0 0 0 58 4 0 0 41 0 0 28 98
0 89 96 0 0 0 0 0 36 90 0 77 0 0 0 0 0 0 87 0 47 12 0 0 93 0 94 0 0 0 0 0 0 0 27 0 0 0 0 0
27 0 0 0 0 0 0 0 68 93 0 0 0 0 32 46 0 0 0 0 0 0 0 0 66 0 93 0 0 0 0 0 0 92 0 0 27 0 36 0
0 0 48 0 0 0 94 0 0 0 50 30 0 0 0 0 0 0 38 0 0 0 0 0 0 36 0 0 10 0 0 65 0 61 0 0 0 0 0 0
0 0 0 96 0 0 0 0 0 0 58 0 0 87 65 75 0 0 0 6 0 0 0 0 0 66 0 0 87 0 0 0 0 34 0 88 0 0 0 0
64 0 0 0 30 0 16 0 96 0 52 0 0 31 0 0 0 0 0 0 0 0 0 0 0 0 0 0 0 0 62 0 100 0 0 63 68 72 0 0
0 0 0 0 0 0 0 71 0 0 0 0 59 0 0 87 0 48 0 0 71 0 0 0 0 0 34 0 6 0 38 0 0 0 0 0 25 0 0 0
0 0 0 0 0 16 0 0 0 0 0 0 0 0 18 0 0 98 0 0 22 0 0 0 63 0 66 0 0 0 0 30 0 0 81 0 0 0 88 0
0 53 0 48 1 0 0 97 0 0 0 0 0 0 0 0 0 20 0 0 0 0 70 53 0 0 0 0 4 0 0 0 0 0 66 0 0 0 0 54
0 99 100 0 0 0 0 0 0 0 18 0 65 73 0 0 0 100 57 100 0 95 0 0 59 0 0 0 0 0 0 0 98 0 0 75 0 35 0 0
33 0 0 0 0 0 0 0 0 0 0 91 0 0 0 0 0 0 0 0 95 0 0 0 0 0 0 0 0 0 0 0 0 0 0 0 0 0 0 0
0 0 0 0 0 88 0 0 0 0 18 93 0 0 90 18 14 0 0 0 0 86 0 0 0 0 0 0 0 0 0 0 0 0 92 0 0 0 0 6
0 0 89 26 0 6 54 0 0 0 9 6 0 2 0 0 0 0 0 0 0 100 27 0 0 0 0 0 0 3 0 0 31 60 0 0 0 0 0 0
0 0 14 0 79 0 0 0 0 0 0 0 0 0 0 0 0 0 0 29 0 0 0 0 0 0 72 0 0 0 0 0 0 23 0 0 7 43 0 0
0 0 0 0 0 74 0 0 0 0 91 0 38 0 0 0 0 0 0 0 0 0 0 77 91 92 0 0 0 0 47 40 0 0 0 66 0 39 0 0
10 0 0 25 0 0 0 84 94 0 0 0 0 0 0 90 0 0 0 1 0 0 63 0 0 0 79 0 8 0 0 0 0 0 16 0 0 0 0 74
0 0 0 0 0 0 84 5 0 0 61 98 0 0 52 48 0 0 0 0 0 55 0 0 0 0 0 48 0 58 0 0 0 38 0 0 0 0 0 0
0 0 0 0 0 0 0 0 0 0 98 0 0 83 0 47 0 0 0 0 0 100 31 0 0 0 92 99 55 0 0 0 0 0 55 0 0 0 71 0
0 51 0 0 64 0 1 70 22 0 0 0 0 0 0 0 0 0 0 0 0 0 0 0 0 0 86 0 0 66 0 0 24 0 0 0 0 0 69 0
0 0 0 0 0 0 0 0 0 0 34 0 0 0 0 0 83 0 0 0 0 45 0 1 0 0 0 14 52 0 0 0 0 33 0 0 58 0 0 0
0 0 0 0 0 0 62 0 0 0 73 0 0 0 0 0 0 33 0 0 0 0 6 0 0 0 0 0 0 0 29 4 0 0 0 0 0 31 0 0
0 0 0 66 0 0 21 0 29 0 50 0 95 0 0 0 0 0 85 0 0 0 0 25 40 0 0 0 81 0 0 80 0 0 0 0 0 0 59 0