40
0 0 0 81 0 31 0 0 35 0 65 0 0 0 62 57 0 0 0 0 0 0 0 0 0 26 98 0 0 0 65 0 0 0 30 0 0 0 99 0
7 0 0 44 0 0 0 0 91 91 0 0 0 0 0 6 0 0 0 0 98 0 0 57 64 57 14 55 0 64 81 42 0 0 0 27 44 0 0 0
0 75 0 0 0 0 89 6 92 0 0 0 0 63 0 0 0 0 0 19 34 0 0 0 0 0 0 34 0 0 60 91 0 57 0 0 0 0 39 0
0 79 0 0 0 0 16 0 42 0 0 0 0 0 0 82 0 0 0 0 0 0 16 0 31 0 0 84 94 0 29 0 84 55 0 64 89 29 0 1
0 0 56 0 0 0 0 0 0 72 0 56 0 0 0 0 0 0 0 0 0 0 0 94 0 0 39 61 0 0 0 0 0 67 25 0 48 43 71 0
0 100 0 0 0 0 28 55 0 35 0 0 0 0 0 0 0 0 0 0 0 0 0 0 0 19 83 0 0 0 0 0 0 0 0 65 0 13 0 0
0 0 0 35 0 0 0 0 71 0 0 0 0 0 0 0 9 0 43 0 0 0 0 0 0 0 31 0 0 61 0 0 0 0 52 0 1 70 0 0
0 84 0 0 0 0 63 0 0 0 0 0 0 0 0 45 9 0 0 0 0 0 54 0 68 0 32 0 0 0 38 35 51 0 0 0 0 0 0 0
0 0 71 0 0 0 0 23 0 0 0 0 20 76 100 43 0 0 0 100 0 0 36 0 0 0 0 0 0 0 0 0 0 0 0 0 0 0 0 0
0 73 0 0 0 0 0 0 0 0 0 0 0 0 0 0 85 0 0 0 0 98 0 0 0 0 0 84 0 0 0 0 0 0 0 52 0 8 12 0
0 0 0 0 97 0 0 0 0 0 0 0 0 0 0 0 0 0 0 14 93 0 49 0 0 0 0 7 0 38 20 0 0 0 56 0 0 0 9 0
0 0 59 0 0 0 0 0 0 0 0 0 0 0 0 0 50 50 0 0 0 0 0 71 0 52 28 0 64 0 48 0 0 0 0 0 23 0 0 46
91 0 0 0 44 0 0 0 0 0 0 0 0 0 0 0 87 0 100 0 42 0 0 0 0 80 27 0 2 0 0 0 0 0 0 0 80 0 28 0
0 0 0 0 3 97 0 67 0 0 0 70 0 0 84 9 5 0 50 0 0 32 0 39 0 0 0 0 0 0 0 0 0 0 0 0 0 0 79 7
50 0 3 0 0 66 89 9 0 0 98 0 0 0 0 70 0 0 0 0 0 66 0 0 0 21 82 6 85 0 0 0 0 83 0 0 0 0 0 67
0 0 0 69 0 0 0 0 0 0 0 0 0 27 0 0 0 0 0 0 0 0 0 0 92 0 44 0 0 0 0 12 0 0 0 78 0 0 0 0
0 0 0 0 0 93 0 0 0 0 0 0 0 0 61 47 0 0 0 16 68 30 0 0 0 0 0 0 0 91 0 3 1 24 54 0 0 76 0 0
0 0 0 76 0 0 0 0 0 0 0 0 24 0 0 15 26 0 0 0 0 0 56 0 0 0 0 51 0 0 0 30 0 0 67 0 0 27 58 93
0 41 0 0 60 0 0 0 0 42 0 0 0 36 0 0 60 0 0 0 30 53 0 0 0 0 0 0 60 0 0 0 0 91 0 0 98 0 0 0
0 0 0 0 0 0 96 0 0 0 0 0 0 31 0 0 0 12 0 0 0 29 0 0 0 0 0 0 88 0 0 0 0 39 0 0 0 0 0 0
0 0 0 0 11 0 0 0 0 0 0 51 46 0 0 0 0 0 23 0 0 0 0 0 0 66 14 0 0 0 0 0 0 45 0 0 73 0 0 0
0 0 0 0 0 54 0 0 0 0 0 0 0 0 0 0 0 0 0 81 0 0 0 0 0 18 0 0 71 0 75 0 0 71 0 83 0 0 0 90
16 0 0 0 0 69 0 0 0 0 10 67 0 69 0 0 0 0 0 96 0 97 0 96 47 0 94 0 0 0 0 0 0 0 29 0 29 1 0 88
0 0 20 0 14 25 0 20 0 0 0 0 82 46 0 0 0 0 0 0 41 0 0 0 0 0 44 0 0 0 0 0 0 0 0 0 0 8 0 0
0 0 0 0 61 56 0 0 0 0 0 85 0 0 0 0 0 0 0 0 0 0 0 0 0 0 0 0 0 0 0 46 0 36 0 0 0 0 0 0
73 0 87 0 0 0 56 0 0 0 15 0 0 0 0 26 0 97 0 0 85 0 0 0 81 0 0 0 0 0 20 0 0 18 0 0 0 0 0 0
71 0 0 0 0 0 0 0 0 0 0 0 0 0 0 0 0 0 0 21 76 0 0 0 0 0 0 0 0 33 0 0 32 0 0 0 58 0 0 0
85 0 0 0 27 0 0 0 74 0 0 0 24 0 0 0 0 0 0 67 0 0 54 0 20 0 0 0 0 0 0 0 0 0 0 98 0 0 2 33
0 0 0 8 0 0 0 0 0 64 0 43 0 0 78 0 0 39 0 70 0 42 0 0 9 0 0 0 0 0 17 0 0 0 0 0 0 62 0 0
0 0 0 0 26 3 0 70 65 0 0 87 0 0 0 0 41 25 0 34 0 0 95 0 0 91 0 0 82 0 0 0 0 0 0 0 0 6 95 0
0 0 51 77 0 21 58 0 0 0 0 0 0 0 0 22 84 0 0 0 0 0 0 0 0 0 0 20 0 0 0 38 0 6 64 66 0 0 0 0
0 75 0 0 0 85 0 0 0 0 0 0 0 0 0 0 0 50 0 58 70 0 46 0 0 0 0 20 0 91 96 0 0 0 37 0 19 0 69 0
0 0 0 100 52 0 0 0 0 91 0 0 69 0 0 0 25 94 0 68 0 39 0 0 0 0 0 92 0 0 82 68 0 14 0 0 0 6 0 0
31 0 74 31 0 0 0 0 0 2 0 0 0 0 0 0 0 0 0 69 0 0 0 0 0 0 0 100 0 0 0 58 0 0 0 0 0 0 91 0
0 9 0 0 0 0 0 0 0 0 1 85 6 0 27 0 0 0 0 0 0 0 0 0 0 0 0 0 0 0 0 0 0 0 0 34 0 0 0 10
0 0 0 0 0 0 0 0 65 0 0 0 0 95 0 0 0 0 0 0 0 0 67 0 0 0 0 0 0 77 0 0 0 0 0 0 96 46 0 0
0 0 0 0 19 0 0 0 33 41 0 0 40 99 0 0 0 0 0 0 0 0 0 0 0 0 0 0 28 1 0 0 0 55 0 0 0 3 0 0
0 0 0 0 39 0 0 61 0 0 0 1 0 0 0 0 0 0 0 0 0 0 0 0 0 87 0 26 0 0 0 73 0 0 0 0 0 0 0 0
0 80 0 0 0 0 0 0 0 0 92 11 0 0 38 0 26 0 0 0 0 0 0 0 0 0 91 0 0 0 0 0 0 0 83 0 0 0 0 0
0 0 0 0 21 0 62 0 0 0 29 49 0 49 0 0 0 0 0 0 0 0 40 0 0 0 0 0 74 82 0 0 0 0 0 0 81 80 2 0
0 0 0 5 0 62 0 0 13 0 6 0 0 0 98 6 0 0 0 0 0 0 0 0 0 78 42 0 0 0 69 0 0 0 68 0 0 0 74 0
20 0 0 81 0 0 0 0 76 7 0 0 0 0 0 55 0 0 0 0 57 0 0 44 50 47 80 60 0 73 65 54 0 0 0 65 32 0 0 0
0 32 0 0 0 0 75 71 31 0 0 0 0 53 0 0 0 0 0 2 54 0 0 0 0 0 0 97 0 0 37 3 0 79 0 0 0 0 15 0
0 8 0 0 0 0 93 0 82 0 0 0 0 0 0 32 0 0 0 0 0 0 2 0 8 0 0 11 52 0 39 0 50 70 0 91 62 26 0 27
0 0 23 0 0 0 0 0 0 86 0 61 0 0 0 0 0 0 0 0 0 0 0 92 0 0 10 43 0 0 0 0 0 66 35 0 21 38 1 0
0 46 0 0 0 0 66 97 0 2 0 0 0 0 0 0 0 0 0 0 0 0 0 0 0 60 12 0 0 0 0 0 0 0 0 34 0 16 0 0
0 0 0 95 0 0 0 0 41 0 0 0 0 0 0 0 34 0 44 0 0 0 0 0 0 0 54 0 0 39 0 0 0 0 47 0 97 40 0 0
0 78 0 0 0 0 100 0 0 0 0 0 0 0 0 14 71 0 0 0 0 0 18 0 76 0 66 0 0 0 98 90 57 0 0 0 0 0 0 0
0 0 64 0 0 0 0 10 0 0 0 0 47 58 23 64 0 0 0 73 0 0 80 0 0 0 0 0 0 0 0 0 0 0 0 0 0 0 0 0
0 86 0 0 0 0 0 0 0 0 0 0 0 0 0 0 84 0 0 0 0 7 0 0 0 0 0 27 0 0 0 0 0 0 0 75 0 42 30 0
0 0 0 0 36 0 0 0 0 0 0 0 0 0 0 0 0 0 0 35 70 0 61 0 0 0 0 75 0 43 94 0 0 0 24 0 0 0 85 0
0 0 37 0 0 0 0 0 0 0 0 0 0 0 0 0 56 30 0 0 0 0 0 65 0 13 54 0 38 0 17 0 0 0 0 0 60 0 0 59
51 0 0 0 75 0 0 0 0 0 0 0 0 0 0 0 88 0 76 0 90 0 0 0 0 61 84 0 44 0 0 0 0 0 0 0 73 0 55 0
0 0 0 0 87 45 0 25 0 0 0 89 0 0 14 27 13 0 94 0 0 39 0 83 0 0 0 0 0 0 0 0 0 0 0 0 0 0 60 8
70 0 11 0 0 69 3 30 0 0 72 0 0 0 0 49 0 0 0 0 0 57 0 0 0 61 37 25 81 0 0 0 0 66 0 0 0 0 0 45
0 0 0 36 0 0 0 0 0 0 0 0 0 41 0 0 0 0 0 0 0 0 0 0 49 0 87 0 0 0 0 13 0 0 0 52 0 0 0 0
0 0 0 0 0 95 0 0 0 0 0 0 0 0 44 95 0 0 0 54 72 45 0 0 0 0 0 0 0 37 0 52 20 89 40 0 0 89 0 0
0 0 0 20 0 0 0 0 0 0 0 0 12 0 0 38 49 0 0 0 0 0 98 0 0 0 0 29 0 0 0 67 0 0 53 0 0 55 25 86
0 59 0 0 69 0 0 0 0 62 0 0 0 93 0 0 79 0 0 0 89 51 0 0 0 0 0 0 10 0 0 0 0 22 0 0 95 0 0 0
0 0 0 0 0 0 94 0 0 0 0 0 0 72 0 0 0 25 0 0 0 83 0 0 0 0 0 0 46 0 0 0 0 98 0 0 0 0 0 0
0 0 0 0 26 0 0 0 0 0 0 4 2 0 0 0 0 0 44 0 0 0 0 0 0 8 80 0 0 0 0 0 0 38 0 0 1 0 0 0
0 0 0 0 0 36 0 0 0 0 0 0 0 0 0 0 0 0 0 95 0 0 0 0 0 63 0 0 72 0 24 0 0 92 0 45 0 0 0 57
66 0 0 0 0 46 0 0 0 0 25 35 0 52 0 0 0 0 0 88 0 81 0 75 28 0 90 0 0 0 0 0 0 0 91 0 97 47 0 70
0 0 22 0 29 52 0 60 0 0 0 0 16 90 0 0 0 0 0 0 86 0 0 0 0 0 32 0 0 0 0 0 0 0 0 0 0 68 0 0
0 0 0 0 87 77 0 0 0 0 0 38 0 0 0 0 0 0 0 0 0 0 0 0 0 0 0 0 0 0 0 49 0 13 0 0 0 0 0 0
54 0 84 0 0 0 90 0 0 0 6 0 0 0 0 56 0 18 0 0 11 0 0 0 39 0 0 0 0 0 17 0 0 81 0 0 0 0 0 0
19 0 0 0 0 0 0 0 0 0 0 0 0 0 0 0 0 0 0 78 95 0 0 0 0 0 0 0 0 7 0 0 69 0 0 0 94 0 0 0
83 0 0 0 65 0 0 0 98 0 0 0 89 0 0 0 0 0 0 54 0 0 1 0 20 0 0 0 0 0 0 0 0 0 0 47 0 0 100 22
0 0 0 3 0 0 0 0 0 49 0 84 0 0 76 0 0 96 0 42 0 47 0 0 24 0 0 0 0 0 53 0 0 0 0 0 0 72 0 0
0 0 0 0 85 93 0 71 74 0 0 23 0 0 0 0 7 11 0 54 0 0 98 0 0 44 0 0 22 0 0 0 0 0 0 0 0 72 10 0
0 0 17 82 0 86 77 0 0 0 0 0 0 0 0 56 33 0 0 0 0 0 0 0 0 0 0 37 0 0 0 40 0 14 91 47 0 0 0 0
0 28 0 0 0 2 0 0 0 0 0 0 0 0 0 0 0 89 0 25 95 0 26 0 0 0 0 46 0 53 62 0 0 0 25 0 83 0 15 0
0 0 0 15 86 0 0 0 0 9 0 0 7 0 0 0 29 61 0 14 0 14 0 0 0 0 0 24 0 0 30 43 0 93 0 0 0 94 0 0
72 0 77 64 0 0 0 0 0 7 0 0 0 0 0 0 0 0 0 66 0 0 0 0 0 0 0 40 0 0 0 64 0 0 0 0 0 0 88 0
0 54 0 0 0 0 0 0 0 0 48 87 42 0 88 0 0 0 0 0 0 0 0 0 0 0 0 0 0 0 0 0 0 0 0 21 0 0 0 70
0 0 0 0 0 0 0 0 26 0 0 0 0 33 0 0 0 0 0 0 0 0 1 0 0 0 0 0 0 92 0 0 0 0 0 0 26 17 0 0
0 0 0 0 98 0 0 0 4 50 0 0 40 60 0 0 0 0 0 0 0 0 0 0 0 0 0 0 7 9 0 0 0 17 0 0 0 99 0 0
0 0 0 0 6 0 0 89 0 0 0 16 0 0 0 0 0 0 0 0 0 0 0 0 0 46 0 24 0 0 0 87 0 0 0 0 0 0 0 0
0 63 0 0 0 0 0 0 0 0 91 73 0 0 100 0 18 0 0 0 0 0 0 0 0 0 7 0 0 0 0 0 0 0 2 0 0 0 0 0
0 0 0 0 16 0 75 0 0 0 24 90 0 65 0 0 0 0 0 0 0 0 14 0 0 0 0 0 24 37 0 0 0 0 0 0 99 28 88 0