40
0 32 64 0 0 0 0 0 20 0 64 20 0 46 0 0 0 78 0 0 0 0 8 0 0 0 77 0 0 0 0 0 64 85 0 0 0 0 0 0
0 0 43 0 0 99 0 0 0 0 0 0 0 0 0 0 0 0 0 0 0 0 0 0 0 91 9 74 0 0 0 0 0 9 0 9 39 0 0 82
0 0 0 0 0 0 0 0 0 68 89 0 46 0 0 63 0 0 0 0 0 0 0 32 0 0 0 0 0 0 0 0 0 74 0 0 0 0 0 0
0 0 0 0 0 0 0 0 0 61 0 0 0 0 0 0 0 0 32 24 71 0 0 0 19 0 22 0 0 0 82 0 0 0 2 0 0 0 73 0
0 0 81 0 0 0 2 0 28 86 0 81 30 0 58 0 0 0 0 0 0 0 0 0 0 0 15 10 0 0 0 0 0 0 0 0 0 0 0 0
0 0 0 0 0 0 16 0 0 0 0 50 0 27 0 92 0 0 0 0 0 0 0 0 83 0 17 0 0 7 0 0 0 0 0 0 0 0 0 0
91 0 0 62 0 0 0 99 0 10 0 52 0 0 98 0 0 0 0 0 0 45 0 0 0 0 91 0 0 3 0 24 61 0 0 0 0 0 0 0
0 0 0 0 0 68 0 0 0 0 43 0 0 32 0 0 0 0 0 0 0 0 0 0 0 83 0 0 0 80 0 0 10 39 0 0 0 95 14 0
0 0 11 0 0 0 0 0 0 0 0 0 0 0 0 0 0 0 0 0 68 45 0 0 0 0 0 0 29 8 29 22 0 0 0 0 0 0 0 71
0 0 19 0 33 0 0 0 0 0 0 0 0 0 0 65 28 0 0 0 0 0 0 0 0 90 0 0 8 0 38 60 0 0 0 0 0 2 33 0
9 42 0 0 2 0 0 0 0 0 0 6 42 0 0 0 0 0 34 0 53 19 96 0 53 0 0 0 0 0 0 0 11 0 0 0 0 0 0 0
0 0 65 0 0 0 0 0 0 0 0 0 26 46 0 43 0 0 0 0 0 0 0 0 0 0 0 0 0 99 0 0 65 0 0 0 0 0 0 0
0 88 0 38 0 0 0 62 0 0 0 1 0 0 57 44 0 0 82 0 0 0 0 0 0 0 0 0 0 59 0 0 0 0 0 0 0 0 0 33
0 0 0 0 0 0 0 0 0 51 0 0 0 0 0 0 0 0 0 0 0 0 0 75 0 0 23 0 0 0 0 0 0 0 17 0 32 61 74 0
39 28 0 65 13 85 0 0 0 42 98 0 0 0 0 0 0 0 0 0 0 60 0 79 0 0 24 0 0 0 61 0 0 0 0 18 0 0 0 0
66 3 13 0 0 58 0 0 0 76 61 0 0 0 0 0 0 0 0 0 0 65 0 57 2 0 0 0 24 0 0 0 0 0 0 92 8 26 0 0
0 0 0 0 0 0 0 0 92 0 0 0 0 0 0 55 0 0 0 0 0 33 0 0 0 0 0 0 29 0 0 95 0 59 0 0 0 0 0 0
86 0 0 0 0 54 0 0 0 0 49 0 0 0 0 0 0 0 0 13 0 0 0 0 0 0 0 0 86 0 0 0 57 0 0 0 0 0 0 0
0 13 0 0 0 0 43 0 0 0 0 0 97 68 0 0 64 0 0 0 0 0 0 0 0 0 0 0 0 0 0 72 0 26 0 0 0 54 0 0
0 17 0 0 0 0 2 0 35 0 0 55 0 0 0 89 0 0 0 0 0 0 0 0 57 0 21 0 0 0 0 84 0 0 0 37 0 76 0 0
0 0 0 0 54 0 0 0 21 0 0 0 0 0 0 0 0 0 32 0 0 0 0 0 0 0 0 31 0 0 0 0 45 0 8 0 0 0 0 0
0 60 28 95 0 0 0 0 0 0 0 59 0 0 18 0 5 0 0 0 0 0 72 0 0 0 0 0 0 0 0 0 0 58 0 0 0 0 66 0
58 0 0 31 38 0 0 13 97 83 0 11 0 0 0 92 0 0 0 0 0 0 0 16 0 0 0 0 57 0 0 67 99 0 0 0 0 0 4 8
28 0 0 0 0 0 0 99 0 0 0 0 0 66 0 0 38 0 0 0 0 0 0 0 0 47 84 0 0 52 0 94 0 0 0 0 0 51 70 0
0 0 0 80 34 93 0 0 0 0 0 66 0 0 0 0 71 0 0 51 15 35 0 72 0 0 0 0 0 0 0 0 0 0 0 0 0 0 0 0
65 0 0 0 0 0 0 54 0 20 74 0 0 0 0 0 26 0 0 2 0 72 0 0 0 0 0 0 0 0 0 0 0 0 0 39 0 0 2 0
0 0 0 0 0 42 93 0 0 0 0 78 0 89 0 97 0 0 0 0 0 0 0 0 0 61 0 90 0 0 0 0 46 0 0 0 0 0 0 0
0 91 6 0 0 0 0 0 0 0 0 0 87 75 0 0 0 0 30 0 0 87 0 67 68 87 28 0 27 81 0 0 0 0 0 32 36 0 0 0
0 0 0 0 0 23 0 0 26 0 0 0 0 0 0 0 32 0 0 0 0 0 0 7 0 0 0 0 0 0 0 0 0 0 47 0 0 0 0 76
0 89 0 0 46 76 0 0 0 0 31 0 0 76 0 53 0 0 11 36 0 0 0 0 0 0 90 0 0 0 0 64 85 42 63 46 0 0 0 0
0 0 0 0 21 0 0 0 0 82 75 0 0 83 0 0 3 15 26 0 30 0 0 0 0 66 8 19 60 0 0 0 0 99 0 0 0 0 68 0
0 0 0 86 0 95 0 0 0 0 4 0 0 0 0 0 82 0 0 0 0 0 0 13 22 71 50 0 0 4 53 0 0 0 37 15 94 0 0 0
0 0 0 70 70 0 0 0 0 0 88 0 65 0 0 0 52 0 0 32 0 0 0 0 60 0 0 0 0 23 0 0 0 0 0 0 0 76 0 0
0 0 1 87 0 0 0 6 0 16 89 64 0 0 20 0 0 3 0 22 0 6 0 56 81 0 0 0 0 0 0 0 0 0 0 13 0 0 0 61
0 0 0 0 0 97 0 0 0 0 0 0 0 88 33 0 0 0 0 20 15 0 88 0 0 0 0 0 46 0 0 0 0 0 0 44 0 0 9 0
0 65 0 0 91 0 0 0 37 0 0 3 74 0 0 0 0 0 0 0 0 0 39 0 0 0 0 0 90 0 72 86 0 0 60 0 0 21 0 60
0 49 0 0 0 0 0 75 0 0 0 25 0 0 0 0 0 0 49 0 0 0 19 0 77 0 0 0 0 87 0 83 33 52 53 0 0 0 0 85
71 0 68 0 0 24 0 0 70 0 0 55 0 20 0 0 0 0 58 64 0 0 0 0 0 0 0 0 0 53 0 29 0 0 0 0 59 0 83 0
0 0 0 0 0 86 0 0 0 9 0 0 0 0 56 0 32 23 0 0 0 0 0 0 37 0 0 0 10 0 0 56 0 49 0 0 0 0 0 0
67 0 61 31 0 0 0 12 61 0 0 0 0 0 34 0 0 45 77 0 0 0 0 0 0 57 0 0 0 0 0 0 0 0 12 0 0 0 0 0
0 64 60 0 0 0 0 0 80 0 5 31 0 43 0 0 0 45 0 0 0 0 56 0 0 0 57 0 0 0 0 0 35 11 0 0 0 0 0 0
0 0 80 0 0 15 0 0 0 0 0 0 0 0 0 0 0 0 0 0 0 0 0 0 0 79 90 80 0 0 0 0 0 34 0 17 19 0 0 62
0 0 0 0 0 0 0 0 0 98 84 0 81 0 0 54 0 0 0 0 0 0 0 64 0 0 0 0 0 0 0 0 0 42 0 0 0 0 0 0
0 0 0 0 0 0 0 0 0 67 0 0 0 0 0 0 0 0 17 36 67 0 0 0 99 0 72 0 0 0 71 0 0 0 3 0 0 0 94 0
0 0 66 0 0 0 64 0 46 68 0 13 19 0 46 0 0 0 0 0 0 0 0 0 0 0 2 5 0 0 0 0 0 0 0 0 0 0 0 0
0 0 0 0 0 0 71 0 0 0 0 60 0 88 0 89 0 0 0 0 0 0 0 0 20 0 63 0 0 34 0 0 0 0 0 0 0 0 0 0
18 0 0 54 0 0 0 80 0 49 0 39 0 0 76 0 0 0 0 0 0 21 0 0 0 0 69 0 0 33 0 43 66 0 0 0 0 0 0 0
0 0 0 0 0 17 0 0 0 0 20 0 0 49 0 0 0 0 0 0 0 0 0 0 0 74 0 0 0 83 0 0 98 73 0 0 0 59 15 0
0 0 4 0 0 0 0 0 0 0 0 0 0 0 0 0 0 0 0 0 93 51 0 0 0 0 0 0 86 39 20 50 0 0 0 0 0 0 0 32
0 0 34 0 62 0 0 0 0 0 0 0 0 0 0 3 14 0 0 0 0 0 0 0 0 80 0 0 5 0 10 44 0 0 0 0 0 39 88 0
41 47 0 0 44 0 0 0 0 0 0 31 45 0 0 0 0 0 37 0 44 46 91 0 20 0 0 0 0 0 0 0 11 0 0 0 0 0 0 0
0 0 77 0 0 0 0 0 0 0 0 0 67 32 0 74 0 0 0 0 0 0 0 0 0 0 0 0 0 47 0 0 12 0 0 0 0 0 0 0
0 21 0 32 0 0 0 41 0 0 0 26 0 0 49 45 0 0 6 0 0 0 0 0 0 0 0 0 0 23 0 0 0 0 0 0 0 0 0 68
0 0 0 0 0 0 0 0 0 57 0 0 0 0 0 0 0 0 0 0 0 0 0 53 0 0 36 0 0 0 0 0 0 0 68 0 44 15 64 0
79 82 0 97 49 69 0 0 0 41 23 0 0 0 0 0 0 0 0 0 0 88 0 31 0 0 35 0 0 0 83 0 0 0 0 1 0 0 0 0
64 34 26 0 0 37 0 0 0 29 97 0 0 0 0 0 0 0 0 0 0 82 0 52 6 0 0 0 48 0 0 0 0 0 0 88 52 83 0 0
0 0 0 0 0 0 0 0 1 0 0 0 0 0 0 10 0 0 0 0 0 69 0 0 0 0 0 0 21 0 0 56 0 46 0 0 0 0 0 0
25 0 0 0 0 87 0 0 0 0 86 0 0 0 0 0 0 0 0 19 0 0 0 0 0 0 0 0 88 0 0 0 92 0 0 0 0 0 0 0
0 46 0 0 0 0 84 0 0 0 0 0 86 16 0 0 5 0 0 0 0 0 0 0 0 0 0 0 0 0 0 84 0 25 0 0 0 15 0 0
0 50 0 0 0 0 73 0 8 0 0 40 0 0 0 9 0 0 0 0 0 0 0 0 75 0 95 0 0 0 0 15 0 0 0 92 0 27 0 0
0 0 0 0 63 0 0 0 15 0 0 0 0 0 0 0 0 0 32 0 0 0 0 0 0 0 0 69 0 0 0 0 2 0 22 0 0 0 0 0
0 75 96 88 0 0 0 0 0 0 0 91 0 0 57 0 85 0 0 0 0 0 1 0 0 0 0 0 0 0 0 0 0 52 0 0 0 0 51 0
17 0 0 52 13 0 0 90 66 43 0 87 0 0 0 11 0 0 0 0 0 0 0 21 0 0 0 0 71 0 0 42 24 0 0 0 0 0 19 37
62 0 0 0 0 0 0 77 0 0 0 0 0 2 0 0 71 0 0 0 0 0 0 0 0 53 77 0 0 90 0 22 0 0 0 0 0 15 99 0
0 0 0 87 69 99 0 0 0 0 0 24 0 0 0 0 54 0 0 30 87 85 0 28 0 0 0 0 0 0 0 0 0 0 0 0 0 0 0 0
98 0 0 0 0 0 0 1 0 83 26 0 0 0 0 0 94 0 0 63 0 21 0 0 0 0 0 0 0 0 0 0 0 0 0 96 0 0 52 0
0 0 0 0 0 4 3 0 0 0 0 33 0 79 0 62 0 0 0 0 0 0 0 0 0 7 0 19 0 0 0 0 12 0 0 0 0 0 0 0
0 11 53 0 0 0 0 0 0 0 0 0 42 56 0 0 0 0 11 0 0 96 0 43 58 85 32 0 24 6 0 0 0 0 0 31 98 0 0 0
0 0 0 0 0 3 0 0 83 0 0 0 0 0 0 0 4 0 0 0 0 0 0 93 0 0 0 0 0 0 0 0 0 0 84 0 0 0 0 52
0 63 0 0 66 36 0 0 0 0 89 0 0 100 0 96 0 0 23 36 0 0 0 0 0 0 80 0 0 0 0 8 100 47 56 29 0 0 0 0
0 0 0 0 34 0 0 0 0 13 18 0 0 13 0 0 7 40 52 0 68 0 0 0 0 28 55 70 8 0 0 0 0 28 0 0 0 0 90 0
0 0 0 26 0 77 0 0 0 0 32 0 0 0 0 0 93 0 0 0 0 0 0 24 71 23 60 0 0 90 14 0 0 0 33 35 45 0 0 0
0 0 0 7 33 0 0 0 0 0 23 0 73 0 0 0 28 0 0 89 0 0 0 0 92 0 0 0 0 91 0 0 0 0 0 0 0 82 0 0
0 0 36 24 0 0 0 73 0 27 8 95 0 0 86 0 0 13 0 42 0 41 0 32 42 0 0 0 0 0 0 0 0 0 0 54 0 0 0 81
0 0 0 0 0 79 0 0 0 0 0 0 0 29 16 0 0 0 0 69 9 0 2 0 0 0 0 0 67 0 0 0 0 0 0 14 0 0 15 0
0 13 0 0 59 0 0 0 52 0 0 63 2 0 0 0 0 0 0 0 0 0 90 0 0 0 0 0 78 0 12 41 0 0 54 0 0 86 0 85
0 3 0 0 0 0 0 48 0 0 0 54 0 0 0 0 0 0 47 0 0 0 64 0 98 0 0 0 0 32 0 81 1 54 56 0 0 0 0 54
62 0 78 0 0 56 0 0 41 0 0 29 0 72 0 0 0 0 36 82 0 0 0 0 0 0 0 0 0 17 0 32 0 0 0 0 86 0 63 0
0 0 0 0 0 51 0 0 0 57 0 0 0 0 15 0 14 99 0 0 0 0 0 0 95 0 0 0 65 0 0 9 0 22 0 0 0 0 0 0
51 0 96 44 0 0 0 18 70 0 0 0 0 0 82 0 0 43 34 0 0 0 0 0 0 23 0 0 0 0 0 0 0 0 49 0 0 0 0 0