40
0 0 0 0 0 0 0 0 0 0 0 0 0 0 0 4 0 0 0 79 74 36 0 0 0 0 0 0 3 0 0 0 0 0 0 0 43 0 80 0
0 0 0 0 0 51 0 0 0 0 97 0 0 0 0 0 0 0 44 38 0 74 0 0 22 0 0 0 0 26 0 0 0 0 37 37 62 20 0 0
0 92 0 0 70 0 0 0 0 0 0 0 0 0 0 0 0 0 9 0 0 56 0 0 0 96 0 0 99 0 0 0 22 0 89 0 0 0 63 0
74 0 0 0 0 25 4 0 5 0 0 0 30 0 0 0 0 45 0 35 0 0 0 91 0 0 0 10 0 0 0 0 89 0 0 0 0 0 0 9
0 0 0 40 0 0 100 0 0 0 0 0 11 0 0 0 0 0 0 31 0 0 0 31 0 0 0 0 52 0 0 2 63 10 0 0 80 0 0 34
0 0 0 0 0 0 0 33 25 0 0 0 0 0 0 0 0 0 0 0 5 0 15 0 38 0 0 0 0 0 85 44 0 0 0 0 0 0 0 80
0 0 0 32 0 62 0 0 0 0 0 0 0 0 0 0 0 0 0 0 0 0 0 63 0 0 0 0 0 0 0 0 92 0 0 0 0 0 0 0
0 84 0 0 0 0 0 0 0 0 0 0 3 0 0 0 23 0 0 31 2 0 16 83 0 80 0 0 0 0 0 48 86 96 0 98 28 0 0 0
0 82 0 0 2 0 0 0 0 0 0 0 0 0 0 41 27 0 0 0 0 0 0 0 0 42 74 0 0 0 0 0 0 0 0 8 0 0 0 14
0 0 0 0 0 0 52 0 30 0 0 0 50 0 0 45 0 0 0 47 0 27 0 0 95 98 12 83 59 91 0 0 0 0 37 0 66 0 94 47
34 0 0 0 19 35 0 0 12 0 0 0 0 0 73 86 33 0 0 0 11 79 0 0 0 0 0 0 0 0 0 0 0 0 0 0 6 56 77 32
0 34 64 0 0 0 40 0 0 0 0 0 0 0 69 0 88 68 0 0 0 0 0 0 0 0 0 0 0 0 38 0 0 0 0 0 94 0 0 0
0 59 0 0 0 78 0 87 75 0 37 0 0 0 0 2 15 68 0 65 0 0 0 30 0 0 96 0 57 63 0 0 0 0 0 0 32 0 69 38
0 0 0 0 0 0 0 0 0 56 0 0 0 0 0 97 0 0 0 0 0 47 0 0 0 0 52 0 0 0 24 82 0 0 25 0 75 0 0 0
0 0 68 10 0 50 0 0 0 0 0 0 95 0 0 0 0 90 16 0 0 0 0 0 0 56 0 0 0 12 78 0 0 36 0 0 0 0 7 57
0 0 21 0 82 44 0 0 0 0 0 0 16 0 91 0 0 0 0 0 0 0 0 0 0 96 25 31 0 0 0 37 0 0 0 0 0 0 46 0
11 0 0 0 0 0 0 0 0 0 58 66 0 0 0 0 0 12 33 86 0 57 53 0 0 0 63 0 0 44 0 19 0 53 64 50 82 0 88 0
73 0 0 0 0 0 79 0 0 96 33 0 0 62 0 0 0 0 0 13 9 33 0 30 0 0 0 0 73 0 90 72 40 0 0 0 32 0 0 30
0 0 38 0 0 0 0 17 14 0 0 0 0 0 0 0 0 0 0 0 50 0 23 0 31 65 0 0 8 8 0 0 97 0 0 54 0 0 0 0
0 0 45 0 0 0 0 0 0 0 0 85 96 0 0 0 0 92 0 0 0 0 0 0 0 0 0 18 0 34 0 0 0 0 0 0 0 80 0 0
0 0 0 72 0 45 0 0 3 0 0 0 0 0 0 0 0 0 0 0 0 0 0 0 0 0 20 0 0 0 0 1 0 0 52 0 24 0 0 0
0 0 0 0 0 0 0 0 0 0 0 0 0 0 0 0 0 0 0 0 0 0 0 0 0 0 33 0 0 0 0 0 0 0 32 34 25 0 0 0
0 33 0 27 0 36 0 0 0 0 0 0 4 0 0 1 0 0 6 68 0 12 0 63 0 0 0 0 0 48 9 0 0 0 34 0 0 68 0 0
10 0 0 93 75 0 0 0 0 0 0 0 0 0 0 0 0 0 0 0 0 0 0 0 0 0 58 0 0 87 0 17 0 0 0 0 99 23 0 0
0 0 0 86 0 0 0 0 0 0 0 27 0 0 0 0 0 56 0 0 0 0 0 0 0 0 0 0 0 0 43 0 0 0 0 0 0 0 0 0
0 8 0 0 0 0 0 0 0 0 0 62 59 0 0 0 0 93 0 0 0 0 0 0 74 0 0 0 8 0 68 0 0 0 0 0 36 43 0 0
0 0 0 0 3 32 0 0 0 0 0 0 0 0 11 0 7 0 0 59 91 69 27 0 13 0 0 30 0 0 0 0 0 0 0 60 0 59 0 0
0 0 0 0 0 0 66 0 0 25 0 0 0 0 81 0 0 0 82 0 0 67 0 0 34 0 0 0 0 57 0 0 0 0 26 0 0 0 0 0
0 0 0 0 0 0 0 0 0 0 0 0 0 0 58 0 0 0 59 0 0 0 0 0 0 0 0 0 0 0 0 0 0 36 39 0 0 62 0 79
0 0 58 77 0 23 0 0 0 0 0 0 0 10 12 78 50 0 0 0 0 0 0 0 49 0 0 94 44 0 0 0 0 0 0 0 0 23 0 0
0 0 0 19 0 0 0 0 0 0 0 0 0 0 0 0 0 0 2 0 0 0 0 0 89 0 0 0 0 0 0 0 0 0 0 70 0 0 0 0
0 0 0 0 0 0 0 0 0 66 0 0 45 0 0 0 0 0 0 8 0 0 0 63 82 0 18 49 0 0 0 0 90 0 0 33 0 45 0 39
85 22 0 0 0 0 0 0 0 0 13 0 0 24 0 0 75 0 0 0 0 30 100 96 72 23 0 0 0 0 0 0 0 18 34 0 0 0 0 0
0 0 0 29 0 0 0 0 0 0 44 68 60 75 0 0 0 0 0 0 0 0 0 8 0 0 0 0 0 0 0 0 0 0 15 0 0 0 0 0
0 0 0 7 0 42 0 0 0 0 0 7 0 85 0 0 98 0 0 0 86 0 0 0 98 0 0 0 0 0 0 0 0 93 0 0 0 0 0 0
0 0 0 5 68 0 0 39 62 0 0 72 0 0 0 0 0 0 0 0 0 0 8 0 0 0 0 0 0 81 0 0 0 59 42 0 0 0 0 0
84 0 0 0 0 0 0 74 0 0 0 0 0 0 52 0 0 0 0 0 0 0 0 0 0 26 0 0 0 0 0 0 0 0 0 0 0 79 0 0
0 26 0 91 30 0 0 0 0 0 0 87 5 98 0 0 50 0 0 0 0 7 0 0 0 0 0 0 0 83 66 0 0 83 0 25 45 0 72 81
0 0 0 0 33 0 62 0 79 0 0 0 0 0 88 0 0 0 0 67 42 65 0 86 0 0 0 0 0 60 0 0 0 0 0 0 23 40 0 0
4 0 0 0 91 0 69 0 0 0 0 0 64 62 82 47 0 0 0 0 0 0 0 0 54 0 75 0 0 54 0 87 0 0 0 0 0 0 20 0
0 0 0 0 0 0 0 0 0 0 0 0 0 0 0 21 0 0 0 85 92 51 0 0 0 0 0 0 73 0 0 0 0 0 0 0 72 0 34 0
0 0 0 0 0 11 0 0 0 0 2 0 0 0 0 0 0 0 91 84 0 18 0 0 44 0 0 0 0 36 0 0 0 0 87 41 19 5 0 0
0 53 0 0 94 0 0 0 0 0 0 0 0 0 0 0 0 0 98 0 0 8 0 0 0 89 0 0 69 0 0 0 1 0 74 0 0 0 16 0
39 0 0 0 0 53 10 0 54 0 0 0 61 0 0 0 0 93 0 79 0 0 0 29 0 0 0 7 0 0 0 0 47 0 0 0 0 0 0 21
0 0 0 32 0 0 93 0 0 0 0 0 53 0 0 0 0 0 0 25 0 0 0 68 0 0 0 0 85 0 0 56 56 34 0 0 86 0 0 45
0 0 0 0 0 0 0 51 90 0 0 0 0 0 0 0 0 0 0 0 86 0 94 0 20 0 0 0 0 0 19 46 0 0 0 0 0 0 0 48
0 0 0 24 0 63 0 0 0 0 0 0 0 0 0 0 0 0 0 0 0 0 0 89 0 0 0 0 0 0 0 0 73 0 0 0 0 0 0 0
0 48 0 0 0 0 0 0 0 0 0 0 78 0 0 0 50 0 0 24 34 0 25 19 0 31 0 0 0 0 0 68 45 67 0 96 26 0 0 0
0 15 0 0 14 0 0 0 0 0 0 0 0 0 0 15 78 0 0 0 0 0 0 0 0 5 29 0 0 0 0 0 0 0 0 12 0 0 0 6
0 0 0 0 0 0 28 0 44 0 0 0 71 0 0 82 0 0 0 85 0 72 0 0 98 63 83 28 32 85 0 0 0 0 36 0 66 0 58 22
48 0 0 0 29 45 0 0 90 0 0 0 0 0 96 8 67 0 0 0 81 31 0 0 0 0 0 0 0 0 0 0 0 0 0 0 16 68 95 21
0 8 71 0 0 0 84 0 0 0 0 0 0 0 21 0 63 49 0 0 0 0 0 0 0 0 0 0 0 0 53 0 0 0 0 0 46 0 0 0
0 1 0 0 0 45 0 1 65 0 42 0 0 0 0 94 32 54 0 95 0 0 0 27 0 0 55 0 47 84 0 0 0 0 0 0 66 0 93 56
0 0 0 0 0 0 0 0 0 78 0 0 0 0 0 41 0 0 0 0 0 43 0 0 0 0 43 0 0 0 45 87 0 0 56 0 7 0 0 0
0 0 23 85 0 91 0 0 0 0 0 0 99 0 0 0 0 14 65 0 0 0 0 0 0 53 0 0 0 34 41 0 0 55 0 0 0 0 16 52
0 0 80 0 18 25 0 0 0 0 0 0 8 0 72 0 0 0 0 0 0 0 0 0 0 95 29 27 0 0 0 62 0 0 0 0 0 0 67 0
46 0 0 0 0 0 0 0 0 0 6 46 0 0 0 0 0 36 77 36 0 88 95 0 0 0 33 0 0 20 0 40 0 76 65 62 32 0 69 0
67 0 0 0 0 0 75 0 0 62 87 0 0 19 0 0 0 0 0 30 96 6 0 92 0 0 0 0 24 0 43 33 63 0 0 0 98 0 0 78
0 0 52 0 0 0 0 91 10 0 0 0 0 0 0 0 0 0 0 0 2 0 85 0 2 8 0 0 41 68 0 0 16 0 0 6 0 0 0 0
0 0 14 0 0 0 0 0 0 0 0 65 95 0 0 0 0 8 0 0 0 0 0 0 0 0 0 18 0 35 0 0 0 0 0 0 0 19 0 0
0 0 0 87 0 15 0 0 11 0 0 0 0 0 0 0 0 0 0 0 0 0 0 0 0 0 95 0 0 0 0 20 0 0 24 0 84 0 0 0
0 0 0 0 0 0 0 0 0 0 0 0 0 0 0 0 0 0 0 0 0 0 0 0 0 0 95 0 0 0 0 0 0 0 13 3 81 0 0 0
0 62 0 20 0 77 0 0 0 0 0 0 83 0 0 43 0 0 4 23 0 68 0 100 0 0 0 0 0 51 31 0 0 0 78 0 0 44 0 0
42 0 0 64 82 0 0 0 0 0 0 0 0 0 0 0 0 0 0 0 0 0 0 0 0 0 21 0 0 18 0 80 0 0 0 0 99 96 0 0
0 0 0 21 0 0 0 0 0 0 0 24 0 0 0 0 0 91 0 0 0 0 0 0 0 0 0 0 0 0 13 0 0 0 0 0 0 0 0 0
0 11 0 0 0 0 0 0 0 0 0 36 69 0 0 0 0 6 0 0 0 0 0 0 69 0 0 0 95 0 6 0 0 0 0 0 86 73 0 0
0 0 0 0 71 58 0 0 0 0 0 0 0 0 11 0 77 0 0 91 94 1 57 0 4 0 0 7 0 0 0 0 0 0 0 29 0 38 0 0
0 0 0 0 0 0 75 0 0 51 0 0 0 0 100 0 0 0 18 0 0 79 0 0 59 0 0 0 0 20 0 0 0 0 5 0 0 0 0 0
0 0 0 0 0 0 0 0 0 0 0 0 0 0 98 0 0 0 3 0 0 0 0 0 0 0 0 0 0 0 0 0 0 23 39 0 0 11 0 10
0 0 22 75 0 28 0 0 0 0 0 0 0 88 66 20 85 0 0 0 0 0 0 0 59 0 0 10 35 0 0 0 0 0 0 0 0 54 0 0
0 0 0 79 0 0 0 0 0 0 0 0 0 0 0 0 0 0 76 0 0 0 0 0 39 0 0 0 0 0 0 0 0 0 0 17 0 0 0 0
0 0 0 0 0 0 0 0 0 48 0 0 4 0 0 0 0 0 0 73 0 0 0 96 49 0 21 32 0 0 0 0 100 0 0 49 0 43 0 84
12 72 0 0 0 0 0 0 0 0 74 0 0 48 0 0 49 0 0 0 0 68 28 48 32 45 0 0 0 0 0 0 0 44 25 0 0 0 0 0
0 0 0 41 0 0 0 0 0 0 16 95 65 14 0 0 0 0 0 0 0 0 0 91 0 0 0 0 0 0 0 0 0 0 6 0 0 0 0 0
0 0 0 88 0 94 0 0 0 0 0 95 0 53 0 0 70 0 0 0 38 0 0 0 3 0 0 0 0 0 0 0 0 66 0 0 0 0 0 0
0 0 0 49 91 0 0 63 61 0 0 83 0 0 0 0 0 0 0 0 0 0 86 0 0 0 0 0 0 60 0 0 0 28 30 0 0 0 0 0
66 0 0 0 0 0 0 12 0 0 0 0 0 0 98 0 0 0 0 0 0 0 0 0 0 97 0 0 0 0 0 0 0 0 0 0 0 35 0 0
0 88 0 27 17 0 0 0 0 0 0 91 52 62 0 0 25 0 0 0 0 74 0 0 0 0 0 0 0 72 47 0 0 91 0 85 90 0 96 16
0 0 0 0 27 0 18 0 54 0 0 0 0 0 19 0 0 0 0 6 52 73 0 65 0 0 0 0 0 88 0 0 0 0 0 0 56 79 0 0
84 0 0 0 33 0 5 0 0 0 0 0 45 33 91 83 0 0 0 0 0 0 0 0 13 0 78 0 0 94 0 40 0 0 0 0 0 0 5 0