40
0 54 0 0 99 0 0 0 0 0 0 0 0 20 0 0 0 0 79 93 0 8 0 0 0 4 0 0 0 0 74 0 0 86 0 30 0 0 0 0
0 0 0 0 0 0 0 0 0 0 0 0 0 0 0 88 54 67 82 0 0 18 35 0 0 0 0 0 0 0 0 0 0 0 0 0 0 0 0 0
0 0 0 0 0 0 0 0 0 71 0 92 39 0 25 13 0 0 0 0 0 0 0 0 0 12 0 0 0 0 0 0 0 0 76 75 0 0 0 0
60 0 0 0 75 33 0 0 0 23 0 0 64 0 0 0 73 0 34 0 0 67 0 0 0 0 96 91 0 0 0 0 0 28 0 0 0 0 0 0
0 80 0 0 0 0 0 57 0 53 73 0 20 0 0 80 0 0 0 32 0 0 0 15 27 22 0 0 25 0 15 0 0 0 0 0 0 0 0 0
63 0 4 0 0 0 0 15 0 89 0 88 94 0 1 0 0 0 35 0 19 0 0 0 0 0 0 0 0 0 0 0 0 0 0 0 41 0 0 0
4 0 0 0 0 0 0 0 30 0 64 0 0 0 33 56 0 0 0 0 0 0 0 72 23 30 0 0 0 0 71 0 0 35 0 0 0 52 0 0
0 21 70 0 29 0 0 0 57 0 0 0 0 56 0 0 76 0 0 51 0 9 0 0 0 99 0 0 9 10 0 0 0 8 4 0 31 70 0 0
0 4 0 0 0 0 0 0 0 0 0 0 0 0 0 0 0 0 0 0 21 0 0 48 0 0 56 0 0 0 10 0 0 55 29 0 0 89 0 60
0 0 26 0 0 2 0 0 39 0 0 0 7 0 0 0 0 70 0 85 0 0 0 0 86 0 0 0 0 0 0 0 0 0 0 0 0 0 0 0
0 0 0 53 0 0 0 48 0 0 0 0 0 92 0 0 0 0 0 0 83 0 78 17 92 0 0 0 0 50 22 8 0 0 0 0 0 0 0 0
0 0 0 0 0 0 0 0 0 0 20 0 0 53 0 53 16 0 0 64 0 0 0 0 58 0 0 0 18 0 0 0 0 0 0 0 90 81 70 0
0 0 1 58 22 0 0 0 71 0 0 0 0 0 0 0 0 0 0 0 0 3 0 0 0 0 0 35 0 37 56 35 0 0 0 0 0 0 0 0
0 62 0 0 37 0 0 0 0 98 0 0 0 0 0 25 74 0 0 0 44 0 0 0 81 0 17 0 0 0 81 0 0 0 80 53 0 0 32 0
0 0 0 0 0 0 0 0 0 92 0 0 27 53 0 0 0 0 0 0 31 0 0 0 82 90 19 0 0 0 0 0 0 0 12 0 0 0 0 98
0 0 60 39 0 0 60 0 0 81 0 0 0 52 0 0 0 0 0 0 83 0 0 84 0 0 0 0 0 13 11 0 0 0 0 0 0 24 0 0
0 88 68 0 6 66 0 0 8 0 0 0 0 0 0 0 0 0 0 0 39 0 0 0 0 88 78 94 71 0 0 0 0 49 0 0 0 0 31 0
0 0 0 0 65 0 0 0 0 85 62 0 14 0 51 0 0 0 0 0 0 0 0 0 0 58 0 0 0 0 0 78 0 0 0 0 0 0 0 0
0 0 0 0 0 0 0 0 0 95 100 0 0 0 0 0 37 0 0 98 0 16 0 10 35 15 0 0 0 0 96 0 0 0 49 57 0 38 0 0
51 0 0 0 98 0 0 0 0 0 93 0 0 0 0 90 0 30 0 0 60 0 84 37 0 0 0 0 0 0 0 0 97 0 0 15 0 86 0 0
0 0 0 2 0 0 0 0 0 0 1 0 0 0 0 0 75 0 0 97 0 0 25 0 0 69 0 0 0 34 0 9 0 0 0 0 0 0 0 0
56 8 0 0 75 0 96 0 0 33 0 0 0 0 0 0 0 48 64 0 0 0 0 0 55 0 92 0 0 0 0 0 84 13 0 0 21 0 0 0
0 0 0 0 95 0 0 0 0 1 99 0 0 0 0 90 0 0 62 0 29 0 0 0 38 0 0 0 0 28 0 0 96 32 0 0 0 0 0 0
0 0 0 0 0 0 91 25 0 0 86 0 0 0 0 0 51 44 0 0 0 0 0 0 0 0 0 0 0 32 77 0 0 0 0 0 0 0 0 0
0 0 0 0 0 23 0 14 0 0 0 0 0 0 0 67 0 0 92 0 44 0 0 0 0 0 0 0 74 0 0 0 0 0 95 0 0 0 0 0
0 0 0 0 0 0 0 0 0 0 0 0 0 0 0 0 0 89 32 0 69 0 25 8 0 0 78 0 0 24 0 0 0 0 95 0 0 0 0 0
42 0 0 0 0 0 0 0 0 0 100 20 0 0 0 0 0 57 0 0 0 0 0 6 0 0 0 16 35 0 0 2 0 0 0 0 74 0 87 94
0 0 0 0 0 50 0 58 0 0 48 0 0 0 0 0 0 0 0 0 1 0 0 0 0 0 0 0 75 0 52 0 0 0 0 0 0 34 0 0
63 0 0 4 10 0 68 64 0 0 0 0 0 0 0 35 0 0 0 0 0 0 0 0 0 48 0 80 0 87 0 31 85 0 0 0 28 75 78 64
0 0 0 0 0 0 0 50 0 0 0 0 0 0 0 0 0 48 75 0 0 43 0 65 0 0 0 2 0 0 0 0 0 0 0 0 0 0 0 10
3 0 0 0 0 0 74 0 0 0 0 0 0 0 0 0 0 0 0 0 64 60 0 0 0 0 84 0 0 0 0 0 0 33 0 0 0 0 0 0
0 2 0 0 0 0 0 0 0 0 91 82 0 0 99 0 0 15 94 53 0 0 0 0 0 81 74 0 9 0 2 0 0 0 0 53 47 0 0 0
0 0 0 0 0 0 0 0 0 40 0 0 0 0 90 0 0 0 0 0 0 0 0 0 0 28 0 0 0 0 99 0 0 0 5 0 34 0 43 22
0 17 0 0 0 0 0 0 45 0 47 0 58 0 0 22 0 0 0 0 0 0 41 8 0 11 0 58 0 0 0 0 27 0 0 36 0 0 84 0
52 0 67 84 32 0 0 46 0 70 0 96 0 0 14 0 0 45 89 0 0 0 0 0 0 0 0 0 0 0 0 95 0 0 0 9 0 0 100 0
0 99 0 0 83 28 0 0 0 0 0 67 0 0 0 0 20 0 0 0 0 7 62 0 0 83 0 0 0 0 0 0 82 19 53 0 0 40 0 0
0 0 0 24 0 0 0 0 0 0 0 0 0 0 0 0 0 0 0 93 60 0 0 0 0 0 90 0 0 0 0 98 0 0 67 76 0 0 0 0
37 70 0 0 0 0 0 0 0 0 0 0 0 0 0 48 0 65 0 0 0 0 74 85 0 0 53 15 0 0 0 0 0 0 0 68 0 0 0 0
83 0 0 0 0 36 0 22 0 0 0 0 0 49 0 53 0 0 0 39 0 0 0 0 0 0 0 0 0 43 0 73 0 0 0 76 64 0 0 0
58 0 0 0 0 0 0 92 0 0 0 0 37 0 85 0 0 0 0 0 39 0 97 0 0 0 0 0 0 0 72 0 0 0 0 0 0 0 0 0
0 46 0 0 95 0 0 0 0 0 0 0 0 92 0 0 0 0 81 78 0 85 0 0 0 12 0 0 0 0 61 0 0 93 0 82 0 0 0 0
0 0 0 0 0 0 0 0 0 0 0 0 0 0 0 56 95 16 41 0 0 90 30 0 0 0 0 0 0 0 0 0 0 0 0 0 0 0 0 0
0 0 0 0 0 0 0 0 0 60 0 82 16 0 68 76 0 0 0 0 0 0 0 0 0 59 0 0 0 0 0 0 0 0 28 19 0 0 0 0
61 0 0 0 79 65 0 0 0 22 0 0 87 0 0 0 28 0 29 0 0 44 0 0 0 0 24 12 0 0 0 0 0 90 0 0 0 0 0 0
0 43 0 0 0 0 0 32 0 37 28 0 75 0 0 43 0 0 0 50 0 0 0 98 100 2 0 0 83 0 62 0 0 0 0 0 0 0 0 0
75 0 20 0 0 0 0 97 0 27 0 8 77 0 85 0 0 0 34 0 97 0 0 0 0 0 0 0 0 0 0 0 0 0 0 0 91 0 0 0
22 0 0 0 0 0 0 0 16 0 90 0 0 0 64 89 0 0 0 0 0 0 0 68 54 85 0 0 0 0 76 0 0 93 0 0 0 49 0 0
0 82 92 0 7 0 0 0 58 0 0 0 0 47 0 0 12 0 0 8 0 29 0 0 0 83 0 0 46 82 0 0 0 33 22 0 78 83 0 0
0 53 0 0 0 0 0 0 0 0 0 0 0 0 0 0 0 0 0 0 45 0 0 11 0 0 17 0 0 0 33 0 0 100 39 0 0 12 0 34
0 0 98 0 0 86 0 0 62 0 0 0 4 0 0 0 0 91 0 39 0 0 0 0 43 0 0 0 0 0 0 0 0 0 0 0 0 0 0 0
0 0 0 83 0 0 0 11 0 0 0 0 0 73 0 0 0 0 0 0 47 0 24 63 9 0 0 0 0 8 52 69 0 0 0 0 0 0 0 0
0 0 0 0 0 0 0 0 0 0 3 0 0 37 0 46 40 0 0 73 0 0 0 0 45 0 0 0 84 0 0 0 0 0 0 0 56 11 100 0
0 0 99 6 15 0 0 0 76 0 0 0 0 0 0 0 0 0 0 0 0 100 0 0 0 0 0 73 0 30 1 62 0 0 0 0 0 0 0 0
0 68 0 0 77 0 0 0 0 68 0 0 0 0 0 68 50 0 0 0 38 0 0 0 44 0 78 0 0 0 21 0 0 0 27 2 0 0 6 0
0 0 0 0 0 0 0 0 0 71 0 0 50 24 0 0 0 0 0 0 15 0 0 0 14 18 48 0 0 0 0 0 0 0 51 0 0 0 0 79
0 0 20 52 0 0 10 0 0 46 0 0 0 67 0 0 0 0 0 0 90 0 0 8 0 0 0 0 0 57 60 0 0 0 0 0 0 96 0 0
0 19 17 0 39 72 0 0 28 0 0 0 0 0 0 0 0 0 0 0 66 0 0 0 0 22 37 6 48 0 0 0 0 99 0 0 0 0 71 0
0 0 0 0 10 0 0 0 0 28 89 0 51 0 82 0 0 0 0 0 0 0 0 0 0 98 0 0 0 0 0 43 0 0 0 0 0 0 0 0
0 0 0 0 0 0 0 0 0 23 93 0 0 0 0 0 26 0 0 41 0 52 0 86 57 64 0 0 0 0 83 0 0 0 33 24 0 95 0 0
26 0 0 0 62 0 0 0 0 0 44 0 0 0 0 24 0 3 0 0 21 0 86 85 0 0 0 0 0 0 0 0 58 0 0 88 0 98 0 0
0 0 0 63 0 0 0 0 0 0 100 0 0 0 0 0 8 0 0 76 0 0 98 0 0 36 0 0 0 24 0 6 0 0 0 0 0 0 0 0
63 85 0 0 68 0 95 0 0 98 0 0 0 0 0 0 0 11 24 0 0 0 0 0 79 0 97 0 0 0 0 0 74 66 0 0 67 0 0 0
0 0 0 0 18 0 0 0 0 34 23 0 0 0 0 65 0 0 92 0 24 0 0 0 34 0 0 0 0 57 0 0 75 8 0 0 0 0 0 0
0 0 0 0 0 0 72 22 0 0 17 0 0 0 0 0 33 85 0 0 0 0 0 0 0 0 0 0 0 81 13 0 0 0 0 0 0 0 0 0
0 0 0 0 0 35 0 65 0 0 0 0 0 0 0 38 0 0 57 0 99 0 0 0 0 0 0 0 61 0 0 0 0 0 9 0 0 0 0 0
0 0 0 0 0 0 0 0 0 0 0 0 0 0 0 0 0 18 49 0 63 0 86 61 0 0 67 0 0 62 0 0 0 0 35 0 0 0 0 0
59 0 0 0 0 0 0 0 0 0 86 46 0 0 0 0 0 17 0 0 0 0 0 72 0 0 0 83 48 0 0 72 0 0 0 0 38 0 62 78
0 0 0 0 0 60 0 43 0 0 44 0 0 0 0 0 0 0 0 0 44 0 0 0 0 0 0 0 87 0 70 0 0 0 0 0 0 8 0 0
72 0 0 20 79 0 52 75 0 0 0 0 0 0 0 78 0 0 0 0 0 0 0 0 0 51 0 6 0 2 0 94 72 0 0 0 22 6 15 9
0 0 0 0 0 0 0 35 0 0 0 0 0 0 0 0 0 72 74 0 0 58 0 46 0 0 0 75 0 0 0 0 0 0 0 0 0 0 0 9
14 0 0 0 0 0 27 0 0 0 0 0 0 0 0 0 0 0 0 0 18 41 0 0 0 0 45 0 0 0 0 0 0 81 0 0 0 0 0 0
0 22 0 0 0 0 0 0 0 0 38 93 0 0 74 0 0 73 77 83 0 0 0 0 0 58 71 0 38 0 91 0 0 0 0 37 81 0 0 0
0 0 0 0 0 0 0 0 0 41 0 0 0 0 7 0 0 0 0 0 0 0 0 0 0 98 0 0 0 0 41 0 0 0 44 0 82 0 82 24
0 39 0 0 0 0 0 0 58 0 35 0 77 0 0 42 0 0 0 0 0 0 18 59 0 60 0 29 0 0 0 0 61 0 0 46 0 0 31 0
73 0 70 75 67 0 0 85 0 81 0 9 0 0 69 0 0 50 32 0 0 0 0 0 0 0 0 0 0 0 0 51 0 0 0 43 0 0 72 0
0 97 0 0 56 49 0 0 0 0 0 6 0 0 0 0 48 0 0 0 0 10 78 0 0 39 0 0 0 0 0 0 1 40 93 0 0 90 0 0
0 0 0 68 0 0 0 0 0 0 0 0 0 0 0 0 0 0 0 23 88 0 0 0 0 0 20 0 0 0 0 76 0 0 96 14 0 0 0 0
93 7 0 0 0 0 0 0 0 0 0 0 0 0 0 53 0 6 0 0 0 0 39 49 0 0 38 38 0 0 0 0 0 0 0 11 0 0 0 0
66 0 0 0 0 7 0 77 0 0 0 0 0 60 0 65 0 0 0 70 0 0 0 0 0 0 0 0 0 11 0 43 0 0 0 96 74 0 0 0
91 0 0 0 0 0 0 63 0 0 0 0 85 0 59 0 0 0 0 0 77 0 12 0 0 0 0 0 0 0 94 0 0 0 0 0 0 0 0 0