40
0 0 18 0 0 0 74 0 0 0 0 0 0 8 1 0 0 0 0 0 0 0 0 0 0 0 0 54 0 0 0 0 0 0 0 0 21 0 0 0
0 0 0 0 0 55 0 0 0 0 0 0 6 33 24 97 29 0 0 0 0 13 0 26 0 0 0 0 75 0 0 0 46 94 100 0 0 0 0 0
0 0 0 99 0 67 0 0 0 0 0 0 77 57 23 92 0 0 4 0 0 11 0 0 0 0 0 0 0 0 93 72 0 0 63 0 0 0 75 0
0 0 0 0 0 0 0 40 0 0 0 0 38 0 0 0 0 0 21 0 0 50 1 0 0 0 11 0 0 0 0 0 0 0 51 0 4 0 0 0
0 0 0 0 0 0 0 4 53 0 0 0 0 0 0 0 0 0 0 12 51 0 74 46 19 0 89 0 0 0 0 0 0 38 0 0 0 0 33 0
0 81 0 18 29 0 0 0 0 0 0 0 0 0 3 0 0 0 0 0 0 0 0 75 0 25 0 0 0 0 0 67 0 0 0 57 0 0 0 23
0 0 100 0 0 0 0 0 0 0 0 0 27 0 0 0 89 0 0 18 0 0 0 0 99 0 0 0 88 0 88 0 0 0 63 0 0 0 0 0
0 29 0 40 49 0 0 0 3 0 0 0 31 0 0 0 0 0 0 0 0 0 51 0 0 0 0 0 0 0 0 0 0 0 0 0 0 0 0 0
0 0 73 0 0 0 0 14 0 99 59 0 0 0 30 0 0 4 0 100 0 2 0 0 0 94 0 0 63 0 0 80 0 62 0 0 0 67 0 0
0 0 0 0 0 6 0 56 0 0 0 0 0 0 0 46 0 26 0 64 55 0 0 0 0 0 0 0 77 0 0 0 44 0 0 86 0 80 64 45
0 0 13 0 70 47 0 0 0 0 0 0 0 0 0 0 35 72 9 0 0 0 0 0 0 3 93 23 0 92 0 0 0 0 48 0 0 0 0 23
0 0 0 0 0 0 0 0 82 0 77 0 0 0 21 0 0 0 0 0 0 0 0 86 0 0 0 0 0 0 0 0 0 0 0 0 0 30 0 0
13 81 38 0 0 0 0 0 0 0 99 0 0 0 0 0 0 0 66 0 0 0 0 0 0 47 0 0 0 0 0 0 15 0 0 18 54 0 0 0
43 0 21 0 0 0 0 0 8 0 0 0 62 0 0 0 0 0 0 0 0 48 0 0 30 99 4 0 0 0 0 0 0 49 0 65 0 0 0 0
0 0 0 99 0 69 7 0 0 0 0 0 0 0 0 0 0 0 78 0 0 0 0 0 0 95 0 0 0 0 0 0 0 0 13 0 0 0 38 0
0 0 0 0 0 0 76 93 0 0 0 0 7 0 0 0 0 0 0 0 0 62 36 0 0 0 0 59 0 0 0 96 0 0 70 77 0 0 0 0
0 2 0 42 0 0 0 0 0 0 0 57 0 0 0 0 0 0 0 31 0 0 0 7 0 0 0 0 0 0 41 73 0 0 0 61 0 0 0 0
0 56 17 36 0 78 0 0 0 0 0 0 0 37 0 0 0 0 0 0 0 83 0 0 0 0 0 0 0 0 0 0 66 0 0 0 67 0 0 0
83 0 0 0 0 0 0 0 0 0 68 0 0 11 78 0 0 0 0 0 0 0 0 0 0 59 0 0 79 0 0 0 0 0 0 0 35 0 0 0
0 0 0 0 0 0 0 0 0 15 0 0 55 33 0 0 0 22 0 0 0 0 0 0 50 0 0 0 21 0 0 39 0 23 0 0 52 55 0 0
0 0 0 44 0 0 75 0 0 0 48 58 0 0 0 0 0 0 0 0 0 0 0 100 56 3 0 0 0 0 0 0 0 61 0 0 0 0 65 6
0 0 0 0 0 0 0 0 53 0 76 0 0 0 0 93 0 0 0 0 6 0 0 0 0 0 0 0 11 0 0 0 0 0 0 0 81 0 0 0
0 0 0 0 0 9 0 0 54 0 0 0 0 0 44 60 93 64 0 0 0 0 0 0 57 0 11 0 83 0 0 0 16 0 0 0 0 15 0 0
0 0 0 0 0 0 0 0 0 16 0 0 0 0 36 0 0 62 0 0 65 0 8 0 0 0 0 0 0 0 0 0 0 0 71 0 0 0 0 0
68 0 0 62 14 0 63 0 0 0 0 0 57 0 26 0 0 60 0 0 0 63 0 0 0 0 0 0 0 0 80 0 0 0 43 0 0 0 0 0
0 0 0 0 78 0 18 0 0 0 0 0 31 0 0 71 0 55 14 57 0 50 86 0 0 0 0 0 0 0 0 0 0 0 0 0 0 32 0 22
0 25 0 0 0 76 0 0 0 0 0 87 18 33 0 35 0 0 0 0 0 44 77 0 0 0 0 0 64 0 69 0 99 0 0 0 0 0 53 44
0 0 0 0 0 52 0 33 0 0 0 0 67 0 0 16 23 0 71 0 0 0 0 80 0 0 86 0 0 0 0 44 0 0 1 0 0 0 0 0
0 0 0 0 0 75 0 3 0 0 0 0 0 0 0 0 80 97 91 30 4 0 65 7 0 0 0 33 0 0 0 0 0 0 0 91 0 0 0 0
41 75 26 0 0 0 0 0 11 99 0 0 0 0 0 0 0 0 69 0 0 0 0 0 0 0 0 0 0 0 0 0 0 30 68 0 33 0 0 0
0 0 0 0 0 0 71 0 31 0 0 0 0 0 0 0 0 0 0 0 0 0 0 90 52 10 0 0 86 48 0 27 0 40 38 33 0 58 0 98
0 0 0 0 0 0 36 0 0 0 0 92 59 0 0 0 0 0 0 0 1 0 0 0 0 0 0 0 0 53 0 0 46 0 0 6 0 0 22 0
0 0 0 0 0 25 0 0 0 0 0 0 0 0 0 0 0 0 0 0 50 0 0 0 0 0 82 0 0 72 0 93 0 50 0 89 0 0 63 0
29 0 93 0 6 95 50 0 0 0 0 0 32 0 96 0 0 0 0 0 0 0 0 0 12 16 0 0 0 0 27 0 0 0 0 22 96 0 0 0
0 0 17 0 0 34 0 0 0 0 0 10 46 0 0 0 0 0 0 23 0 0 0 0 0 0 0 0 5 0 42 71 0 23 0 0 0 0 0 0
0 0 33 97 0 75 0 0 91 0 0 100 0 0 19 0 0 0 0 0 6 98 0 72 0 0 13 0 15 0 0 0 0 0 0 0 0 0 34 0
0 0 0 0 0 0 0 80 0 0 0 0 0 0 64 0 78 0 0 0 0 0 0 0 0 35 0 0 0 18 88 0 0 0 53 87 0 71 0 0
53 0 0 93 76 0 0 0 0 0 0 36 46 4 0 0 0 0 37 0 0 0 0 0 21 0 0 0 0 0 0 0 0 0 0 0 3 0 0 56
42 0 0 0 100 35 0 0 0 11 0 50 61 84 92 0 100 0 0 0 92 0 0 14 0 96 0 93 12 0 0 8 36 36 0 0 0 27 0 0
23 0 0 0 0 29 0 0 73 0 0 0 0 0 31 0 0 0 0 0 50 18 0 73 0 0 0 71 0 89 35 0 0 51 53 16 0 0 0 0
0 0 57 0 0 0 59 0 0 0 0 0 0 74 16 0 0 0 0 0 0 0 0 0 0 0 0 66 0 0 0 0 0 0 0 0 40 0 0 0
0 0 0 0 0 46 0 0 0 0 0 0 80 88 11 96 27 0 0 0 0 50 0 52 0 0 0 0 89 0 0 0 96 72 36 0 0 0 0 0
0 0 0 66 0 4 0 0 0 0 0 0 56 3 81 27 0 0 38 0 0 22 0 0 0 0 0 0 0 0 52 39 0 0 60 0 0 0 69 0
0 0 0 0 0 0 0 25 0 0 0 0 95 0 0 0 0 0 11 0 0 5 54 0 0 0 78 0 0 0 0 0 0 0 36 0 31 0 0 0
0 0 0 0 0 0 0 67 48 0 0 0 0 0 0 0 0 0 0 2 83 0 96 30 46 0 57 0 0 0 0 0 0 69 0 0 0 0 51 0
0 4 0 44 47 0 0 0 0 0 0 0 0 0 74 0 0 0 0 0 0 0 0 77 0 36 0 0 0 0 0 2 0 0 0 21 0 0 0 52
0 0 13 0 0 0 0 0 0 0 0 0 70 0 0 0 17 0 0 81 0 0 0 0 13 0 0 0 72 0 26 0 0 0 87 0 0 0 0 0
0 57 0 11 58 0 0 0 67 0 0 0 23 0 0 0 0 0 0 0 0 0 23 0 0 0 0 0 0 0 0 0 0 0 0 0 0 0 0 0
0 0 89 0 0 0 0 90 0 93 91 0 0 0 95 0 0 93 0 95 0 32 0 0 0 13 0 0 9 0 0 69 0 45 0 0 0 70 0 0
0 0 0 0 0 31 0 26 0 0 0 0 0 0 0 49 0 73 0 21 35 0 0 0 0 0 0 0 59 0 0 0 91 0 0 54 0 46 3 18
0 0 61 0 75 51 0 0 0 0 0 0 0 0 0 0 40 58 52 0 0 0 0 0 0 29 11 98 0 6 0 0 0 0 77 0 0 0 0 51
0 0 0 0 0 0 0 0 57 0 85 0 0 0 37 0 0 0 0 0 0 0 0 67 0 0 0 0 0 0 0 0 0 0 0 0 0 2 0 0
50 91 48 0 0 0 0 0 0 0 64 0 0 0 0 0 0 0 29 0 0 0 0 0 0 75 0 0 0 0 0 0 74 0 0 100 89 0 0 0
99 0 6 0 0 0 0 0 24 0 0 0 73 0 0 0 0 0 0 0 0 4 0 0 70 51 54 0 0 0 0 0 0 21 0 18 0 0 0 0
0 0 0 81 0 33 35 0 0 0 0 0 0 0 0 0 0 0 12 0 0 0 0 0 0 94 0 0 0 0 0 0 0 0 30 0 0 0 37 0
0 0 0 0 0 0 74 31 0 0 0 0 38 0 0 0 0 0 0 0 0 4 98 0 0 0 0 99 0 0 0 31 0 0 77 18 0 0 0 0
0 98 0 10 0 0 0 0 0 0 0 23 0 0 0 0 0 0 0 49 0 0 0 58 0 0 0 0 0 0 15 24 0 0 0 9 0 0 0 0
0 45 70 98 0 27 0 0 0 0 0 0 0 58 0 0 0 0 0 0 0 90 0 0 0 0 0 0 0 0 0 0 65 0 0 0 13 0 0 0
72 0 0 0 0 0 0 0 0 0 82 0 0 90 39 0 0 0 0 0 0 0 0 0 0 10 0 0 31 0 0 0 0 0 0 0 96 0 0 0
0 0 0 0 0 0 0 0 0 73 0 0 11 15 0 0 0 38 0 0 0 0 0 0 10 0 0 0 62 0 0 24 0 88 0 0 47 46 0 0
0 0 0 50 0 0 97 0 0 0 86 15 0 0 0 0 0 0 0 0 0 0 0 94 73 99 0 0 0 0 0 0 0 9 0 0 0 0 4 71
0 0 0 0 0 0 0 0 7 0 92 0 0 0 0 87 0 0 0 0 83 0 0 0 0 0 0 0 35 0 0 0 0 0 0 0 68 0 0 0
0 0 0 0 0 66 0 0 83 0 0 0 0 0 72 76 56 55 0 0 0 0 0 0 63 0 58 0 25 0 0 0 26 0 0 0 0 71 0 0
0 0 0 0 0 0 0 0 0 90 0 0 0 0 81 0 0 87 0 0 13 0 58 0 0 0 0 0 0 0 0 0 0 0 45 0 0 0 0 0
64 0 0 68 86 0 61 0 0 0 0 0 39 0 75 0 0 95 0 0 0 87 0 0 0 0 0 0 0 0 67 0 0 0 2 0 0 0 0 0
0 0 0 0 55 0 26 0 0 0 0 0 27 0 0 82 0 10 93 93 0 60 52 0 0 0 0 0 0 0 0 0 0 0 0 0 0 76 0 69
0 29 0 0 0 55 0 0 0 0 0 36 46 67 0 22 0 0 0 0 0 83 4 0 0 0 0 0 78 0 5 0 71 0 0 0 0 0 91 8
0 0 0 0 0 83 0 17 0 0 0 0 23 0 0 39 53 0 46 0 0 0 0 100 0 0 38 0 0 0 0 84 0 0 66 0 0 0 0 0
0 0 0 0 0 80 0 5 0 0 0 0 0 0 0 0 54 24 2 16 24 0 72 81 0 0 0 83 0 0 0 0 0 0 0 70 0 0 0 0
74 77 8 0 0 0 0 0 68 1 0 0 0 0 0 0 0 0 50 0 0 0 0 0 0 0 0 0 0 0 0 0 0 50 78 0 72 0 0 0
0 0 0 0 0 0 16 0 22 0 0 0 0 0 0 0 0 0 0 0 0 0 0 43 38 95 0 0 80 88 0 61 0 62 92 59 0 51 0 40
0 0 0 0 0 0 23 0 0 0 0 43 96 0 0 0 0 0 0 0 56 0 0 0 0 0 0 0 0 71 0 0 56 0 0 69 0 0 57 0
0 0 0 0 0 10 0 0 0 0 0 0 0 0 0 0 0 0 0 0 41 0 0 0 0 0 56 0 0 100 0 29 0 43 0 100 0 0 39 0
95 0 55 0 9 43 44 0 0 0 0 0 30 0 51 0 0 0 0 0 0 0 0 0 18 84 0 0 0 0 55 0 0 0 0 95 17 0 0 0
0 0 16 0 0 94 0 0 0 0 0 83 81 0 0 0 0 0 0 98 0 0 0 0 0 0 0 0 66 0 25 89 0 91 0 0 0 0 0 0
0 0 11 69 0 78 0 0 78 0 0 56 0 0 96 0 0 0 0 0 25 92 0 74 0 0 60 0 25 0 0 0 0 0 0 0 0 0 2 0
0 0 0 0 0 0 0 13 0 0 0 0 0 0 39 0 38 0 0 0 0 0 0 0 0 2 0 0 0 50 62 0 0 0 61 84 0 58 0 0
75 0 0 67 89 0 0 0 0 0 0 88 73 7 0 0 0 0 96 0 0 0 0 0 46 0 0 0 0 0 0 0 0 0 0 0 48 0 0 68
81 0 0 0 23 84 0 0 0 71 0 43 91 71 68 0 67 0 0 0 54 0 0 16 0 15 0 42 64 0 0 83 24 42 0 0 0 17 0 0
57 0 0 0 0 77 0 0 95 0 0 0 0 0 15 0 0 0 0 0 20 61 0 23 0 0 0 100 0 17 63 0 0 66 27 43 0 0 0 0