40
0 0 0 0 0 0 0 0 0 0 0 0 54 0 0 0 0 0 3 0 0 0 0 0 0 0 0 49 0 5 30 0 15 47 97 0 0 13 0 0
0 0 0 0 0 0 0 43 0 0 0 7 63 0 85 0 0 0 0 0 99 0 38 39 0 12 0 0 0 0 0 0 0 100 0 0 0 79 34 0
87 0 0 38 0 0 0 67 1 0 0 95 24 0 47 0 0 0 0 0 0 0 46 0 28 0 0 0 69 39 0 0 82 81 52 0 0 0 0 0
0 0 21 0 0 0 0 0 0 27 0 79 0 53 0 0 0 0 0 0 0 10 0 0 0 0 0 58 0 41 0 0 0 0 0 0 0 0 0 0
18 5 100 0 0 0 0 0 0 67 70 0 0 99 0 0 0 0 51 0 0 0 0 0 0 0 0 97 0 65 0 0 0 93 0 0 76 17 0 0
0 0 0 0 0 0 0 0 0 0 47 0 0 0 0 0 0 0 0 64 0 0 0 0 0 0 0 0 0 80 0 90 0 0 21 71 0 0 0 34
0 20 85 0 0 0 0 0 22 0 41 48 0 25 99 0 0 76 32 0 0 0 0 0 0 0 0 0 13 0 0 0 0 0 56 0 0 0 49 0
38 0 83 0 0 0 0 0 0 38 45 0 0 0 0 0 67 0 0 0 0 0 0 0 0 0 0 0 0 0 47 0 0 0 35 0 0 0 92 0
0 0 0 20 0 0 0 0 0 1 0 12 0 97 0 0 0 30 0 0 2 9 0 0 0 3 0 91 92 62 0 54 33 0 39 0 0 0 0 42
0 0 0 0 0 0 0 45 0 0 0 0 0 0 100 0 0 0 0 0 82 92 0 0 0 77 94 0 45 0 0 0 41 0 0 0 0 0 0 0
0 0 34 0 0 91 0 91 0 0 0 0 0 0 0 0 0 0 0 0 0 0 0 0 0 89 84 0 0 0 0 0 0 0 0 0 0 0 0 0
0 28 0 0 0 0 0 80 0 0 85 0 0 0 0 41 96 0 0 91 1 0 0 47 18 34 0 0 0 0 0 0 0 79 0 0 0 38 0 0
0 0 0 0 0 96 0 0 26 96 0 0 0 0 0 20 0 0 53 0 29 0 0 60 0 0 0 0 0 0 0 0 17 0 0 0 18 0 62 0
0 0 0 0 0 0 0 19 0 0 0 0 0 0 0 0 89 0 0 0 0 0 4 0 15 0 72 0 77 0 0 0 0 0 0 0 0 0 0 0
0 0 0 0 0 0 0 0 0 0 0 49 0 0 0 66 52 0 94 0 0 0 0 97 0 12 0 0 0 0 0 0 0 9 0 0 82 18 0 38
0 0 93 0 0 0 0 92 0 0 0 0 0 0 0 0 0 0 0 0 0 30 0 29 0 0 97 77 0 0 0 19 0 0 87 0 0 44 0 0
0 0 11 0 0 0 0 0 0 0 93 0 0 0 69 0 0 0 60 88 69 0 0 0 29 0 0 0 0 0 0 0 0 0 0 0 0 0 0 0
0 0 76 0 76 36 62 18 0 0 0 58 0 0 0 0 0 0 0 0 0 90 0 30 0 0 0 0 0 0 0 0 0 0 0 94 0 17 0 0
32 0 0 0 0 0 0 0 0 0 0 47 0 0 0 0 0 0 0 63 0 79 0 0 0 0 0 0 0 0 0 0 0 0 0 0 0 51 0 0
0 0 0 0 0 0 0 0 0 97 0 23 0 0 0 61 51 0 95 0 0 0 11 0 5 0 0 100 9 0 86 85 0 0 90 0 11 0 0 0
55 0 0 0 0 47 0 0 0 0 30 0 0 0 0 0 0 0 88 0 0 0 93 0 21 0 5 0 15 9 0 0 79 0 0 0 5 3 82 100
0 0 59 0 0 15 0 0 0 0 0 40 0 84 0 0 0 0 0 0 0 0 0 0 0 15 32 0 0 0 0 0 0 100 4 0 85 0 0 0
0 0 0 0 0 0 63 0 0 0 0 10 0 0 5 19 0 0 0 0 96 0 0 97 38 0 0 0 0 0 0 0 0 96 0 75 0 0 0 35
0 0 0 11 0 0 0 0 0 28 0 0 88 0 0 0 83 0 81 0 86 0 47 0 3 3 0 0 0 0 0 0 0 0 0 43 0 0 0 0
0 81 7 0 0 73 0 24 0 0 0 96 0 0 43 0 0 0 26 0 92 0 50 0 0 0 4 64 0 0 0 0 8 0 0 0 0 0 0 0
0 0 0 0 0 0 48 0 0 0 0 0 17 0 0 0 53 52 28 0 0 0 0 0 0 0 12 95 99 0 0 0 0 84 0 0 0 0 0 0
0 0 0 0 81 0 57 99 0 0 0 0 0 0 86 0 0 42 0 0 0 77 96 0 0 0 0 0 0 83 0 0 0 0 0 0 0 0 6 12
0 0 84 0 0 27 0 0 0 0 55 0 0 0 0 0 12 0 40 0 0 0 0 0 0 57 0 0 0 69 74 0 0 73 0 0 0 72 0 0
0 0 0 0 24 0 0 0 0 0 29 22 0 25 0 0 0 0 0 64 0 0 0 0 0 35 0 0 0 0 0 26 42 0 0 52 31 0 81 0
21 0 100 79 0 0 0 0 0 62 0 51 39 28 95 0 0 0 0 34 0 0 0 0 27 0 0 0 0 0 0 26 0 0 0 0 0 0 0 0
0 0 36 0 0 0 0 0 0 0 0 0 0 0 0 0 0 0 0 0 0 0 0 0 0 0 2 86 0 0 0 67 0 22 0 0 0 0 82 30
0 0 0 19 3 0 0 0 0 46 13 77 0 0 0 39 0 72 0 46 0 0 0 0 13 0 0 0 0 0 61 0 27 0 0 40 0 0 0 79
100 0 0 0 0 71 0 13 0 0 0 0 86 0 0 0 47 0 56 0 0 0 0 0 0 6 0 97 0 0 0 0 0 0 4 0 0 0 86 0
0 48 0 22 0 0 0 0 16 40 0 0 0 68 0 0 10 0 0 0 0 0 0 69 0 46 0 0 0 0 55 0 0 0 27 0 0 0 40 0
0 0 0 0 0 0 0 0 17 37 72 0 0 0 0 0 0 0 0 0 0 0 0 10 0 37 0 0 0 0 3 0 0 0 0 68 0 0 0 0
0 0 0 94 0 0 0 51 57 0 0 38 0 0 0 0 0 14 6 73 0 0 0 0 68 0 0 19 0 0 0 0 0 0 0 0 13 0 44 77
0 50 0 0 0 0 0 0 0 91 37 54 0 0 0 0 0 0 0 96 0 28 0 0 0 0 0 91 0 85 0 0 0 0 0 0 0 8 0 0
0 0 0 0 0 0 0 0 0 0 0 0 0 0 0 0 0 8 0 0 0 0 34 0 0 0 62 0 0 0 0 0 78 0 0 0 0 0 8 0
18 0 0 0 0 58 0 0 0 0 0 90 0 0 0 0 0 0 0 0 0 0 0 0 14 0 0 66 0 9 0 76 0 12 0 4 79 0 0 25
63 0 0 0 0 0 0 0 0 0 0 0 0 0 0 0 44 0 0 0 18 38 0 87 74 0 0 0 0 96 0 12 0 39 0 0 0 0 0 0
0 0 0 0 0 0 0 0 0 0 0 0 25 0 0 0 0 0 75 0 0 0 0 0 0 0 0 3 0 10 84 0 58 58 66 0 0 75 0 0
0 0 0 0 0 0 0 4 0 0 0 88 27 0 44 0 0 0 0 0 3 0 12 61 0 40 0 0 0 0 0 0 0 84 0 0 0 44 52 0
87 0 0 44 0 0 0 78 75 0 0 74 93 0 5 0 0 0 0 0 0 0 66 0 58 0 0 0 17 94 0 0 14 4 94 0 0 0 0 0
0 0 7 0 0 0 0 0 0 97 0 54 0 43 0 0 0 0 0 0 0 31 0 0 0 0 0 72 0 3 0 0 0 0 0 0 0 0 0 0
36 85 71 0 0 0 0 0 0 70 98 0 0 38 0 0 0 0 38 0 0 0 0 0 0 0 0 16 0 72 0 0 0 70 0 0 82 39 0 0
0 0 0 0 0 0 0 0 0 0 5 0 0 0 0 0 0 0 0 30 0 0 0 0 0 0 0 0 0 65 0 11 0 0 79 45 0 0 0 98
0 25 38 0 0 0 0 0 52 0 40 62 0 68 1 0 0 100 34 0 0 0 0 0 0 0 0 0 71 0 0 0 0 0 85 0 0 0 56 0
87 0 28 0 0 0 0 0 0 52 39 0 0 0 0 0 21 0 0 0 0 0 0 0 0 0 0 0 0 0 73 0 0 0 80 0 0 0 52 0
0 0 0 8 0 0 0 0 0 78 0 15 0 80 0 0 0 26 0 0 66 80 0 0 0 5 0 67 51 85 0 46 46 0 49 0 0 0 0 7
0 0 0 0 0 0 0 48 0 0 0 0 0 0 30 0 0 0 0 0 39 75 0 0 0 68 67 0 22 0 0 0 97 0 0 0 0 0 0 0
0 0 24 0 0 22 0 82 0 0 0 0 0 0 0 0 0 0 0 0 0 0 0 0 0 5 69 0 0 0 0 0 0 0 0 0 0 0 0 0
0 100 0 0 0 0 0 44 0 0 94 0 0 0 0 81 58 0 0 95 27 0 0 77 12 65 0 0 0 0 0 0 0 91 0 0 0 7 0 0
0 0 0 0 0 26 0 0 40 53 0 0 0 0 0 40 0 0 64 0 57 0 0 6 0 0 0 0 0 0 0 0 91 0 0 0 58 0 64 0
0 0 0 0 0 0 0 77 0 0 0 0 0 0 0 0 35 0 0 0 0 0 72 0 70 0 79 0 47 0 0 0 0 0 0 0 0 0 0 0
0 0 0 0 0 0 0 0 0 0 0 16 0 0 0 63 25 0 40 0 0 0 0 43 0 51 0 0 0 0 0 0 0 24 0 0 76 32 0 31
0 0 36 0 0 0 0 94 0 0 0 0 0 0 0 0 0 0 0 0 0 45 0 62 0 0 40 49 0 0 0 9 0 0 93 0 0 41 0 0
0 0 47 0 0 0 0 0 0 0 74 0 0 0 87 0 0 0 71 40 20 0 0 0 84 0 0 0 0 0 0 0 0 0 0 0 0 0 0 0
0 0 18 0 80 70 12 60 0 0 0 41 0 0 0 0 0 0 0 0 0 90 0 23 0 0 0 0 0 0 0 0 0 0 0 38 0 29 0 0
12 0 0 0 0 0 0 0 0 0 0 61 0 0 0 0 0 0 0 26 0 93 0 0 0 0 0 0 0 0 0 0 0 0 0 0 0 6 0 0
0 0 0 0 0 0 0 0 0 72 0 23 0 0 0 76 51 0 41 0 0 0 82 0 81 0 0 77 51 0 28 36 0 0 84 0 62 0 0 0
67 0 0 0 0 51 0 0 0 0 48 0 0 0 0 0 0 0 60 0 0 0 12 0 11 0 79 0 59 16 0 0 22 0 0 0 2 51 24 90
0 0 53 0 0 78 0 0 0 0 0 35 0 67 0 0 0 0 0 0 0 0 0 0 0 57 31 0 0 0 0 0 0 76 26 0 60 0 0 0
0 0 0 0 0 0 2 0 0 0 0 85 0 0 14 14 0 0 0 0 11 0 0 24 19 0 0 0 0 0 0 0 0 70 0 64 0 0 0 95
0 0 0 29 0 0 0 0 0 25 0 0 97 0 0 0 80 0 6 0 58 0 67 0 31 13 0 0 0 0 0 0 0 0 0 87 0 0 0 0
0 85 34 0 0 90 0 23 0 0 0 99 0 0 90 0 0 0 36 0 32 0 62 0 0 0 33 46 0 0 0 0 86 0 0 0 0 0 0 0
0 0 0 0 0 0 87 0 0 0 0 0 26 0 0 0 79 24 84 0 0 0 0 0 0 0 75 44 17 0 0 0 0 62 0 0 0 0 0 0
0 0 0 0 98 0 30 22 0 0 0 0 0 0 77 0 0 80 0 0 0 43 84 0 0 0 0 0 0 69 0 0 0 0 0 0 0 0 16 17
0 0 35 0 0 8 0 0 0 0 37 0 0 0 0 0 46 0 27 0 0 0 0 0 0 23 0 0 0 8 60 0 0 58 0 0 0 88 0 0
0 0 0 0 25 0 0 0 0 0 63 41 0 62 0 0 0 0 0 15 0 0 0 0 0 7 0 0 0 0 0 81 55 0 0 66 35 0 89 0
21 0 27 87 0 0 0 0 0 69 0 79 11 1 86 0 0 0 0 98 0 0 0 0 74 0 0 0 0 0 0 87 0 0 0 0 0 0 0 0
0 0 9 0 0 0 0 0 0 0 0 0 0 0 0 0 0 0 0 0 0 0 0 0 0 0 39 62 0 0 0 84 0 45 0 0 0 0 86 34
0 0 0 57 38 0 0 0 0 73 70 66 0 0 0 98 0 17 0 94 0 0 0 0 32 0 0 0 0 0 93 0 96 0 0 92 0 0 0 57
11 0 0 0 0 86 0 18 0 0 0 0 53 0 0 0 17 0 71 0 0 0 0 0 0 90 0 54 0 0 0 0 0 0 86 0 0 0 68 0
0 54 0 19 0 0 0 0 92 3 0 0 0 37 0 0 25 0 0 0 0 0 0 61 0 26 0 0 0 0 87 0 0 0 83 0 0 0 94 0
0 0 0 0 0 0 0 0 7 55 100 0 0 0 0 0 0 0 0 0 0 0 0 31 0 36 0 0 0 0 62 0 0 0 0 80 0 0 0 0
0 0 0 15 0 0 0 16 25 0 0 70 0 0 0 0 0 66 85 79 0 0 0 0 34 0 0 58 0 0 0 0 0 0 0 0 74 0 93 28
0 37 0 0 0 0 0 0 0 92 81 93 0 0 0 0 0 0 0 49 0 69 0 0 0 0 0 93 0 3 0 0 0 0 0 0 0 72 0 0
0 0 0 0 0 0 0 0 0 0 0 0 0 0 0 0 0 44 0 0 0 0 34 0 0 0 52 0 0 0 0 0 12 0 0 0 0 0 80 0
53 0 0 0 0 62 0 0 0 0 0 57 0 0 0 0 0 0 0 0 0 0 0 0 57 0 0 79 0 80 0 12 0 23 0 38 63 0 0 94
35 0 0 0 0 0 0 0 0 0 0 0 0 0 0 0 69 0 0 0 73 3 0 38 94 0 0 0 0 23 0 83 0 38 0 0 0 0 0 0