40
0 0 21 0 0 0 0 69 62 0 4 0 0 0 0 0 0 99 0 94 0 52 99 90 0 46 0 0 19 16 0 0 0 88 32 32 0 0 0 36
0 0 0 0 85 35 0 0 0 0 78 0 83 90 0 98 0 0 100 0 83 0 0 0 0 0 0 49 0 0 0 0 17 0 0 0 9 0 0 0
0 0 0 68 0 67 0 0 0 0 0 0 0 0 0 0 0 0 0 0 0 0 85 0 93 0 0 0 71 0 25 0 0 0 0 0 90 37 0 0
0 0 0 0 0 0 0 0 67 0 49 0 0 0 43 0 0 0 0 0 52 23 0 0 41 6 0 0 0 0 0 0 0 5 0 8 71 0 0 0
0 98 31 0 0 0 0 0 0 0 0 0 0 0 0 0 0 0 0 37 6 0 0 57 0 0 0 0 24 0 0 0 0 0 0 0 0 0 52 8
77 0 0 0 0 0 0 0 0 0 0 76 0 62 0 0 0 0 0 0 0 10 0 0 66 0 0 56 0 0 45 58 0 0 0 0 0 0 0 0
0 0 61 0 0 59 0 86 13 0 0 0 0 0 46 10 0 0 47 0 0 0 0 0 0 0 0 0 0 0 0 0 0 0 0 82 0 0 0 0
0 0 0 0 0 0 0 0 0 0 0 0 0 0 0 0 0 0 0 44 0 0 0 23 17 40 83 23 96 0 0 0 0 9 0 0 0 0 0 0
60 0 77 0 0 0 13 66 0 0 0 0 56 0 0 0 0 0 0 98 0 45 0 91 0 0 0 19 0 0 0 0 0 0 0 0 0 0 0 6
0 0 0 0 0 91 0 0 0 0 0 0 0 0 0 0 0 0 0 0 0 0 0 0 0 0 0 32 5 16 0 0 0 0 28 0 0 56 0 0
0 96 0 0 78 0 0 0 0 0 0 47 53 0 0 0 20 96 0 89 0 0 0 0 0 0 0 56 0 0 0 0 0 0 77 0 11 0 0 0
7 87 13 0 30 0 10 0 0 0 71 0 44 0 0 40 0 0 2 0 45 0 90 0 0 38 0 42 70 0 32 0 36 0 0 0 0 0 57 0
0 0 0 99 0 0 0 0 0 0 8 0 0 0 0 0 0 0 0 0 0 0 0 0 98 0 34 0 0 0 0 0 0 0 0 74 0 7 0 0
0 61 0 0 0 13 0 92 49 31 0 27 0 0 0 0 0 0 0 49 0 0 0 0 0 0 0 0 0 29 0 93 18 0 0 0 12 0 76 14
0 0 100 0 0 0 65 0 0 0 22 0 0 0 0 0 0 0 0 0 0 0 0 0 0 65 0 0 0 1 0 0 0 62 42 0 0 72 0 0
0 0 0 0 0 0 0 61 0 0 0 0 52 0 0 0 0 0 0 0 0 0 0 0 0 0 83 0 90 0 0 86 0 5 0 0 0 64 0 94
0 0 0 0 0 0 0 0 0 0 0 0 0 0 0 0 0 0 0 0 84 0 0 24 93 0 96 7 0 76 0 0 5 0 0 96 64 8 0 81
0 0 0 0 0 0 0 0 10 0 0 0 0 0 68 0 0 0 0 0 0 0 0 0 0 0 0 0 0 0 0 80 0 0 44 0 0 0 0 0
0 0 0 0 37 0 0 0 0 73 0 0 0 0 0 57 0 0 0 0 84 33 0 0 0 0 0 0 0 0 0 0 0 0 0 0 0 0 0 0
63 54 0 0 0 0 10 0 0 46 0 0 71 47 97 0 0 62 0 0 98 33 0 0 0 0 0 0 0 0 0 52 0 32 0 0 0 0 0 0
0 16 0 0 38 13 0 0 65 7 54 0 0 0 80 0 0 1 0 0 0 0 0 0 0 0 0 0 0 71 0 0 0 0 0 0 15 0 0 0
0 0 0 0 13 0 0 30 0 0 0 0 0 0 79 0 79 0 0 0 0 0 0 0 0 0 0 0 0 0 0 0 14 83 0 31 0 28 2 0
0 0 0 0 0 0 0 0 0 0 0 0 8 0 60 0 0 12 0 0 0 0 0 0 0 0 0 0 0 0 24 98 0 0 65 0 0 0 0 0
0 0 0 0 0 0 0 0 9 0 72 0 0 0 0 0 0 0 0 0 0 0 0 0 89 0 0 0 0 0 13 0 0 0 99 84 9 0 21 0
0 0 59 0 0 8 20 70 69 0 0 15 55 0 37 74 53 25 0 0 0 0 0 0 0 0 0 0 0 0 0 0 0 0 62 48 6 0 0 0
73 40 0 50 0 0 0 51 9 0 58 21 98 0 0 0 19 30 0 0 0 0 0 0 0 0 0 68 9 63 0 0 67 0 0 22 0 47 5 0
0 0 0 35 0 0 0 39 0 0 0 93 58 0 72 0 0 0 0 1 0 0 0 0 96 0 0 41 0 0 0 0 7 0 0 83 0 11 0 19
71 0 0 19 32 0 0 15 49 0 0 0 0 0 0 71 33 0 0 0 0 0 0 0 0 0 0 0 0 0 0 0 45 0 88 0 0 0 0 0
0 0 0 0 0 0 0 0 0 0 0 0 0 0 0 84 0 0 59 0 74 5 41 0 87 0 42 20 0 27 0 0 0 0 0 0 0 23 0 0
0 0 0 28 0 0 100 64 0 0 27 0 0 0 0 0 0 0 100 47 0 62 0 36 0 0 0 0 37 0 31 0 0 57 0 0 0 0 0 0
48 0 0 22 15 0 45 2 0 0 0 0 82 6 0 0 0 99 0 0 79 84 0 0 0 0 0 0 0 93 0 0 0 39 0 11 30 0 0 0
0 0 29 94 0 86 53 0 66 0 0 0 7 0 0 0 0 0 0 28 0 0 28 0 52 0 0 0 0 0 19 0 0 0 0 32 29 0 0 0
0 48 0 0 0 0 0 0 0 0 0 0 0 0 0 0 0 0 0 0 0 0 0 0 0 0 0 0 6 0 0 0 0 0 0 0 20 58 0 0
0 0 0 98 88 0 0 0 0 89 0 0 0 0 0 0 0 78 0 0 87 14 0 0 2 0 60 0 30 99 0 99 18 0 0 0 0 0 0 0
19 0 0 2 0 0 0 27 0 0 0 0 0 0 5 0 83 0 0 0 0 0 0 0 0 0 0 0 100 0 0 0 0 0 0 22 0 0 0 0
16 0 37 0 11 52 0 0 0 0 35 55 55 0 0 0 0 0 0 0 0 0 0 0 55 0 60 0 0 49 0 0 0 0 0 0 0 90 0 61
0 78 0 0 1 0 0 0 0 71 0 100 0 0 0 0 0 0 0 0 56 0 0 0 0 81 0 95 100 47 0 0 0 29 0 0 0 0 0 34
0 0 0 0 0 0 24 0 0 0 82 0 0 0 0 0 69 0 0 64 0 0 28 0 0 0 0 0 0 0 0 0 91 0 0 0 0 0 13 0
0 0 53 0 92 40 0 0 0 0 0 0 0 96 60 0 0 0 33 0 0 6 0 80 0 37 0 0 0 0 0 0 0 0 0 0 0 0 0 70
0 29 0 0 0 0 0 0 0 0 0 0 0 18 0 0 0 71 0 0 0 0 0 0 0 0 69 0 91 1 0 0 0 0 0 79 0 51 0 0
0 0 8 0 0 0 0 90 44 0 7 0 0 0 0 0 0 1 0 35 0 53 78 57 0 60 0 0 7 82 0 0 0 45 72 46 0 0 0 10
0 0 0 0 47 70 0 0 0 0 37 0 68 66 0 55 0 0 18 0 23 0 0 0 0 0 0 31 0 0 0 0 61 0 0 0 64 0 0 0
0 0 0 9 0 97 0 0 0 0 0 0 0 0 0 0 0 0 0 0 0 0 89 0 28 0 0 0 69 0 18 0 0 0 0 0 34 7 0 0
0 0 0 0 0 0 0 0 83 0 10 0 0 0 30 0 0 0 0 0 80 90 0 0 77 8 0 0 0 0 0 0 0 95 0 1 90 0 0 0
0 58 22 0 0 0 0 0 0 0 0 0 0 0 0 0 0 0 0 66 60 0 0 76 0 0 0 0 55 0 0 0 0 0 0 0 0 0 87 92
42 0 0 0 0 0 0 0 0 0 0 43 0 48 0 0 0 0 0 0 0 58 0 0 34 0 0 49 0 0 99 94 0 0 0 0 0 0 0 0
0 0 66 0 0 19 0 92 53 0 0 0 0 0 8 30 0 0 73 0 0 0 0 0 0 0 0 0 0 0 0 0 0 0 0 61 0 0 0 0
0 0 0 0 0 0 0 0 0 0 0 0 0 0 0 0 0 0 0 84 0 0 0 12 42 63 94 46 90 0 0 0 0 18 0 0 0 0 0 0
8 0 24 0 0 0 45 82 0 0 0 0 18 0 0 0 0 0 0 78 0 51 0 60 0 0 0 100 0 0 0 0 0 0 0 0 0 0 0 83
0 0 0 0 0 32 0 0 0 0 0 0 0 0 0 0 0 0 0 0 0 0 0 0 0 0 0 92 7 73 0 0 0 0 67 0 0 37 0 0
0 79 0 0 64 0 0 0 0 0 0 16 81 0 0 0 68 88 0 16 0 0 0 0 0 0 0 74 0 0 0 0 0 0 82 0 50 0 0 0
20 100 36 0 57 0 88 0 0 0 60 0 67 0 0 32 0 0 20 0 53 0 82 0 0 85 0 2 14 0 38 0 51 0 0 0 0 0 77 0
0 0 0 10 0 0 0 0 0 0 29 0 0 0 0 0 0 0 0 0 0 0 0 0 76 0 42 0 0 0 0 0 0 0 0 50 0 5 0 0
0 82 0 0 0 80 0 49 6 11 0 54 0 0 0 0 0 0 0 42 0 0 0 0 0 0 0 0 0 45 0 19 23 0 0 0 20 0 89 5
0 0 21 0 0 0 73 0 0 0 60 0 0 0 0 0 0 0 0 0 0 0 0 0 0 86 0 0 0 66 0 0 0 51 83 0 0 99 0 0
0 0 0 0 0 0 0 93 0 0 0 0 83 0 0 0 0 0 0 0 0 0 0 0 0 0 24 0 90 0 0 42 0 35 0 0 0 71 0 47
0 0 0 0 0 0 0 0 0 0 0 0 0 0 0 0 0 0 0 0 65 0 0 24 73 0 25 24 0 76 0 0 47 0 0 79 55 49 0 40
0 0 0 0 0 0 0 0 78 0 0 0 0 0 26 0 0 0 0 0 0 0 0 0 0 0 0 0 0 0 0 48 0 0 63 0 0 0 0 0
0 0 0 0 36 0 0 0 0 65 0 0 0 0 0 52 0 0 0 0 89 70 0 0 0 0 0 0 0 0 0 0 0 0 0 0 0 0 0 0
90 76 0 0 0 0 49 0 0 57 0 0 14 5 75 0 0 91 0 0 49 21 0 0 0 0 0 0 0 0 0 20 0 91 0 0 0 0 0 0
0 43 0 0 34 52 0 0 87 6 19 0 0 0 60 0 0 5 0 0 0 0 0 0 0 0 0 0 0 68 0 0 0 0 0 0 58 0 0 0
0 0 0 0 25 0 0 60 0 0 0 0 0 0 49 0 74 0 0 0 0 0 0 0 0 0 0 0 0 0 0 0 94 14 0 40 0 57 97 0
0 0 0 0 0 0 0 0 0 0 0 0 49 0 50 0 0 43 0 0 0 0 0 0 0 0 0 0 0 0 34 74 0 0 38 0 0 0 0 0
0 0 0 0 0 0 0 0 98 0 3 0 0 0 0 0 0 0 0 0 0 0 0 0 14 0 0 0 0 0 61 0 0 0 6 78 3 0 60 0
0 0 93 0 0 10 100 29 32 0 0 100 14 0 56 6 98 93 0 0 0 0 0 0 0 0 0 0 0 0 0 0 0 0 5 41 29 0 0 0
51 40 0 71 0 0 0 85 57 0 67 80 35 0 0 0 49 47 0 0 0 0 0 0 0 0 0 69 11 1 0 0 75 0 0 52 0 93 36 0
0 0 0 37 0 0 0 55 0 0 0 53 28 0 24 0 0 0 0 57 0 0 0 0 91 0 0 11 0 0 0 0 1 0 0 83 0 44 0 20
4 0 0 97 22 0 0 59 15 0 0 0 0 0 0 31 93 0 0 0 0 0 0 0 0 0 0 0 0 0 0 0 22 0 63 0 0 0 0 0
0 0 0 0 0 0 0 0 0 0 0 0 0 0 0 65 0 0 96 0 61 46 9 0 21 0 10 40 0 31 0 0 0 0 0 0 0 28 0 0
0 0 0 87 0 0 65 29 0 0 56 0 0 0 0 0 0 0 62 68 0 69 0 7 0 0 0 0 17 0 20 0 0 23 0 0 0 0 0 0
88 0 0 74 85 0 11 14 0 0 0 0 20 34 0 0 0 94 0 0 73 87 0 0 0 0 0 0 0 97 0 0 0 20 0 3 46 0 0 0
0 0 14 90 0 68 78 0 24 0 0 0 47 0 0 0 0 0 0 71 0 0 88 0 72 0 0 0 0 0 33 0 0 0 0 84 24 0 0 0
0 84 0 0 0 0 0 0 0 0 0 0 0 0 0 0 0 0 0 0 0 0 0 0 0 0 0 0 100 0 0 0 0 0 0 0 48 87 0 0
0 0 0 85 86 0 0 0 0 9 0 0 0 0 0 0 0 91 0 0 35 13 0 0 89 0 60 0 81 78 0 34 17 0 0 0 0 0 0 0
12 0 0 59 0 0 0 15 0 0 0 0 0 0 64 0 62 0 0 0 0 0 0 0 0 0 0 0 44 0 0 0 0 0 0 75 0 0 0 0
11 0 36 0 18 57 0 0 0 0 54 75 21 0 0 0 0 0 0 0 0 0 0 0 16 0 90 0 0 73 0 0 0 0 0 0 0 46 0 68
0 1 0 0 4 0 0 0 0 22 0 53 0 0 0 0 0 0 0 0 23 0 0 0 0 38 0 45 6 85 0 0 0 77 0 0 0 0 0 90
0 0 0 0 0 0 30 0 0 0 8 0 0 0 0 0 71 0 0 2 0 0 81 0 0 0 0 0 0 0 0 0 99 0 0 0 0 0 68 0
0 0 50 0 65 31 0 0 0 0 0 0 0 83 11 0 0 0 1 0 0 42 0 48 0 73 0 0 0 0 0 0 0 0 0 0 0 0 0 83
0 100 0 0 0 0 0 0 0 0 0 0 0 85 0 0 0 6 0 0 0 0 0 0 0 0 25 0 83 41 0 0 0 0 0 31 0 87 0 0