40
0 0 76 0 0 0 0 0 45 0 0 8 0 92 0 0 0 0 0 63 0 0 0 0 0 0 0 0 0 0 0 11 0 0 13 0 0 0 80 0
92 0 0 0 84 0 0 0 5 0 0 0 10 0 0 0 0 0 0 96 0 0 0 15 0 0 81 0 0 0 0 0 0 0 62 0 0 0 0 0
0 0 0 0 0 0 0 0 0 0 0 27 0 0 33 0 0 22 0 0 0 0 71 0 77 0 77 0 0 0 0 0 89 0 0 0 0 0 0 17
0 43 0 0 86 0 18 8 0 66 15 0 0 95 41 65 0 0 0 0 0 0 26 0 11 0 0 0 0 0 0 0 0 74 0 0 18 0 0 0
83 0 0 30 0 0 45 0 0 0 46 36 0 0 0 0 0 0 0 70 0 0 0 0 0 0 0 0 0 1 70 0 0 44 0 0 86 0 0 0
0 0 0 0 0 0 0 31 0 76 0 0 62 0 0 29 0 0 35 0 41 0 0 0 0 0 36 0 0 0 0 0 0 50 0 46 0 0 0 50
0 0 0 0 0 0 0 0 64 0 0 0 0 44 0 0 0 0 0 0 52 0 0 0 0 0 0 0 0 0 0 0 84 0 0 0 0 0 89 0
0 0 0 0 68 0 0 0 47 33 16 31 0 0 0 0 72 0 0 0 0 0 0 0 0 0 0 55 0 0 0 0 0 83 0 0 0 0 0 0
56 0 70 0 0 0 18 75 0 0 42 0 0 0 0 0 0 0 0 7 93 51 0 0 0 0 0 0 16 0 77 0 0 0 0 0 0 0 63 0
0 0 0 0 8 0 0 0 50 0 0 0 0 0 0 0 36 0 0 0 0 0 0 0 82 0 62 0 0 0 0 0 0 8 77 0 0 34 0 0
0 0 0 22 0 0 0 0 0 0 0 0 90 0 0 10 19 0 53 0 0 0 0 0 84 0 25 0 54 0 0 1 0 56 25 0 0 62 0 12
0 0 97 0 41 0 90 30 0 55 0 0 0 0 0 0 0 6 0 0 0 0 0 0 0 32 100 0 0 0 12 0 0 0 0 0 0 0 0 0
0 0 45 0 0 99 0 0 0 0 0 42 0 0 0 0 0 0 0 0 0 0 14 0 17 0 0 6 69 38 77 0 0 78 0 0 0 0 0 0
54 0 0 0 0 0 0 87 0 0 0 0 0 0 0 0 62 0 0 0 67 56 0 0 24 0 73 0 0 0 0 86 0 73 0 0 12 0 0 70
93 0 0 0 0 63 0 0 91 0 43 0 0 72 0 0 0 39 0 97 0 0 0 0 41 0 0 0 0 0 31 0 10 55 63 0 0 0 11 7
0 0 0 68 0 53 81 0 0 4 57 0 74 0 0 0 0 0 0 69 0 0 0 0 0 0 0 0 0 0 0 0 0 0 0 0 0 0 85 0
0 0 0 5 0 0 0 56 0 38 12 11 0 0 0 0 0 81 0 0 0 0 0 46 0 0 97 0 0 31 0 0 63 0 0 73 0 0 0 0
0 0 0 0 0 0 0 99 1 0 0 0 0 0 8 0 49 0 0 0 0 0 0 0 0 0 67 0 0 39 0 0 43 87 0 0 0 33 23 23
0 0 0 0 0 0 23 0 0 0 0 2 0 0 66 49 0 0 0 0 0 0 0 62 0 0 0 61 57 0 0 0 0 0 0 0 0 0 0 81
38 0 0 0 0 0 66 52 94 0 0 3 11 0 84 0 76 80 0 0 0 0 0 17 0 0 0 0 0 0 0 0 0 0 1 0 0 4 0 0
0 58 0 0 0 53 0 0 0 0 0 0 0 0 9 0 86 4 0 0 0 0 0 0 0 0 0 0 46 0 0 0 0 0 64 0 0 0 45 0
0 0 0 0 0 0 0 0 62 50 0 0 63 0 0 0 0 0 0 0 0 0 0 0 0 39 0 0 0 6 0 0 0 0 0 0 0 0 0 0
29 25 0 0 58 0 0 34 0 0 46 0 69 0 0 0 0 47 0 0 100 0 0 0 0 0 0 50 0 0 0 49 0 52 0 0 65 0 0 3
0 0 0 0 70 0 0 0 0 0 0 0 59 0 99 0 0 0 0 0 0 0 0 0 4 0 0 0 0 0 0 0 0 0 0 0 0 0 73 0
0 0 0 0 0 0 0 60 0 0 56 0 0 0 0 0 0 0 0 0 66 0 0 76 0 0 0 0 0 0 0 0 0 0 0 0 0 0 0 27
25 0 0 0 0 99 0 57 0 0 17 64 33 0 0 0 0 0 0 0 0 0 0 0 8 0 0 84 0 25 75 0 0 87 0 32 0 31 0 0
20 0 0 51 0 63 78 79 96 16 12 0 0 0 92 0 0 0 84 0 0 23 0 51 0 0 0 0 0 0 0 51 0 0 0 0 0 93 0 0
0 83 0 0 0 0 54 0 0 88 0 32 44 0 0 0 0 0 33 0 46 0 0 99 0 0 0 0 0 0 25 0 0 0 0 0 0 52 0 0
0 0 0 31 0 38 0 0 0 0 0 69 0 0 21 72 0 55 0 0 0 0 0 0 0 0 10 49 0 0 0 0 0 0 0 0 0 5 0 0
0 0 43 0 0 99 0 26 0 0 0 1 0 0 0 96 15 0 0 0 0 0 0 0 0 92 23 0 0 0 0 0 0 0 0 0 97 0 0 0
0 0 0 79 0 0 46 0 0 56 0 0 0 64 30 29 0 0 0 0 0 55 0 0 0 0 0 27 98 85 0 0 44 0 82 0 0 26 64 0
0 0 0 0 0 63 0 0 15 0 0 0 0 0 0 59 0 54 55 0 0 59 66 0 24 0 0 0 19 49 0 0 0 0 0 40 0 0 0 0
97 1 0 0 59 1 0 37 0 0 0 45 0 0 59 0 0 0 59 8 44 0 0 0 0 0 0 0 0 0 0 0 0 0 0 0 59 0 0 0
0 0 0 0 0 10 0 0 0 0 0 0 0 0 0 56 0 55 0 0 0 0 0 0 0 0 0 95 0 0 0 0 0 0 0 0 0 0 0 0
57 0 0 57 0 82 0 0 0 0 0 18 0 0 0 0 0 0 0 13 0 0 0 0 0 0 0 72 0 0 0 45 0 0 0 0 0 0 20 0
0 0 0 0 0 0 0 29 0 0 0 0 0 0 0 0 0 0 0 0 56 0 0 0 0 0 25 0 53 0 0 82 30 0 2 0 0 98 0 0
0 0 0 0 0 25 0 0 0 0 92 8 0 0 45 24 0 0 0 70 12 25 0 69 99 0 61 0 0 0 5 0 22 5 0 30 0 34 0 0
44 0 0 0 67 34 0 0 0 85 96 0 0 0 100 0 0 0 68 30 3 0 0 0 0 0 0 0 0 0 0 62 0 0 3 0 13 0 0 0
0 0 0 0 0 0 0 0 0 0 78 0 56 0 70 0 0 0 0 93 0 8 0 0 0 0 0 7 29 80 0 0 44 68 0 0 0 0 0 0
0 0 0 72 14 0 0 0 100 0 0 0 0 0 0 19 0 0 0 93 0 0 0 0 93 0 0 0 0 0 0 0 70 38 32 0 0 0 0 0
0 0 19 0 0 0 0 0 84 0 0 7 0 32 0 0 0 0 0 63 0 0 0 0 0 0 0 0 0 0 0 85 0 0 48 0 0 0 23 0
45 0 0 0 31 0 0 0 59 0 0 0 50 0 0 0 0 0 0 14 0 0 0 76 0 0 3 0 0 0 0 0 0 0 62 0 0 0 0 0
0 0 0 0 0 0 0 0 0 0 0 81 0 0 91 0 0 14 0 0 0 0 77 0 71 0 93 0 0 0 0 0 68 0 0 0 0 0 0 73
0 20 0 0 46 0 26 60 0 79 95 0 0 87 70 52 0 0 0 0 0 0 91 0 59 0 0 0 0 0 0 0 0 86 0 0 55 0 0 0
79 0 0 87 0 0 87 0 0 0 59 98 0 0 0 0 0 0 0 90 0 0 0 0 0 0 0 0 0 25 18 0 0 99 0 0 14 0 0 0
0 0 0 0 0 0 0 63 0 31 0 0 100 0 0 50 0 0 17 0 7 0 0 0 0 0 11 0 0 0 0 0 0 2 0 64 0 0 0 15
0 0 0 0 0 0 0 0 39 0 0 0 0 41 0 0 0 0 0 0 82 0 0 0 0 0 0 0 0 0 0 0 48 0 0 0 0 0 45 0
0 0 0 0 42 0 0 0 79 12 86 93 0 0 0 0 37 0 0 0 0 0 0 0 0 0 0 32 0 0 0 0 0 11 0 0 0 0 0 0
3 0 4 0 0 0 90 12 0 0 8 0 0 0 0 0 0 0 0 67 77 63 0 0 0 0 0 0 71 0 63 0 0 0 0 0 0 0 41 0
0 0 0 0 75 0 0 0 43 0 0 0 0 0 0 0 66 0 0 0 0 0 0 0 96 0 36 0 0 0 0 0 0 4 78 0 0 94 0 0
0 0 0 86 0 0 0 0 0 0 0 0 29 0 0 10 85 0 13 0 0 0 0 0 27 0 3 0 41 0 0 60 0 12 44 0 0 26 0 100
0 0 14 0 98 0 93 80 0 48 0 0 0 0 0 0 0 17 0 0 0 0 0 0 0 85 95 0 0 0 97 0 0 0 0 0 0 0 0 0
0 0 36 0 0 99 0 0 0 0 0 77 0 0 0 0 0 0 0 0 0 0 12 0 94 0 0 26 14 63 92 0 0 41 0 0 0 0 0 0
18 0 0 0 0 0 0 75 0 0 0 0 0 0 0 0 51 0 0 0 42 80 0 0 31 0 67 0 0 0 0 75 0 25 0 0 7 0 0 89
99 0 0 0 0 87 0 0 5 0 25 0 0 56 0 0 0 7 0 88 0 0 0 0 13 0 0 0 0 0 14 0 8 29 48 0 0 0 53 56
0 0 0 80 0 50 89 0 0 1 4 0 73 0 0 0 0 0 0 19 0 0 0 0 0 0 0 0 0 0 0 0 0 0 0 0 0 0 76 0
0 0 0 42 0 0 0 7 0 79 58 34 0 0 0 0 0 79 0 0 0 0 0 48 0 0 67 0 0 48 0 0 56 0 0 91 0 0 0 0
0 0 0 0 0 0 0 93 53 0 0 0 0 0 23 0 93 0 0 0 0 0 0 0 0 0 66 0 0 3 0 0 60 37 0 0 0 25 41 47
0 0 0 0 0 0 32 0 0 0 0 47 0 0 46 47 0 0 0 0 0 0 0 43 0 0 0 25 86 0 0 0 0 0 0 0 0 0 0 72
65 0 0 0 0 0 78 86 86 0 0 89 33 0 45 0 36 1 0 0 0 0 0 9 0 0 0 0 0 0 0 0 0 0 39 0 0 19 0 0
0 9 0 0 0 3 0 0 0 0 0 0 0 0 43 0 78 64 0 0 0 0 0 0 0 0 0 0 78 0 0 0 0 0 91 0 0 0 40 0
0 0 0 0 0 0 0 0 83 36 0 0 24 0 0 0 0 0 0 0 0 0 0 0 0 42 0 0 0 37 0 0 0 0 0 0 0 0 0 0
100 89 0 0 76 0 0 12 0 0 34 0 42 0 0 0 0 97 0 0 34 0 0 0 0 0 0 79 0 0 0 61 0 19 0 0 25 0 0 98
0 0 0 0 4 0 0 0 0 0 0 0 28 0 84 0 0 0 0 0 0 0 0 0 97 0 0 0 0 0 0 0 0 0 0 0 0 0 46 0
0 0 0 0 0 0 0 69 0 0 33 0 0 0 0 0 0 0 0 0 57 0 0 87 0 0 0 0 0 0 0 0 0 0 0 0 0 0 0 12
81 0 0 0 0 80 0 81 0 0 18 80 26 0 0 0 0 0 0 0 0 0 0 0 10 0 0 30 0 66 80 0 0 91 0 33 0 13 0 0
79 0 0 30 0 25 82 70 16 90 78 0 0 0 85 0 0 0 52 0 0 61 0 48 0 0 0 0 0 0 0 71 0 0 0 0 0 88 0 0
0 22 0 0 0 0 54 0 0 79 0 42 8 0 0 0 0 0 21 0 67 0 0 27 0 0 0 0 0 0 53 0 0 0 0 0 0 3 0 0
0 0 0 77 0 71 0 0 0 0 0 57 0 0 50 35 0 97 0 0 0 0 0 0 0 0 16 75 0 0 0 0 0 0 0 0 0 19 0 0
0 0 31 0 0 9 0 98 0 0 0 43 0 0 0 33 22 0 0 0 0 0 0 0 0 79 48 0 0 0 0 0 0 0 0 0 33 0 0 0
0 0 0 68 0 0 14 0 0 96 0 0 0 22 24 37 0 0 0 0 0 41 0 0 0 0 0 25 39 15 0 0 8 0 84 0 0 58 66 0
0 0 0 0 0 89 0 0 31 0 0 0 0 0 0 46 0 24 76 0 0 84 27 0 89 0 0 0 6 54 0 0 0 0 0 25 0 0 0 0
46 1 0 0 54 23 0 88 0 0 0 28 0 0 47 0 0 0 31 37 89 0 0 0 0 0 0 0 0 0 0 0 0 0 0 0 50 0 0 0
0 0 0 0 0 68 0 0 0 0 0 0 0 0 0 13 0 66 0 0 0 0 0 0 0 0 0 16 0 0 0 0 0 0 0 0 0 0 0 0
45 0 0 52 0 71 0 0 0 0 0 83 0 0 0 0 0 0 0 38 0 0 0 0 0 0 0 80 0 0 0 21 0 0 0 0 0 0 95 0
0 0 0 0 0 0 0 69 0 0 0 0 0 0 0 0 0 0 0 0 81 0 0 0 0 0 54 0 11 0 0 100 39 0 47 0 0 23 0 0
0 0 0 0 0 76 0 0 0 0 49 38 0 0 39 39 0 0 0 20 92 25 0 35 38 0 52 0 0 0 58 0 100 55 0 90 0 92 0 0
95 0 0 0 10 70 0 0 0 66 13 0 0 0 52 0 0 0 80 55 43 0 0 0 0 0 0 0 0 0 0 43 0 0 26 0 94 0 0 0
0 0 0 0 0 0 0 0 0 0 57 0 40 0 83 0 0 0 0 68 0 60 0 0 0 0 0 22 9 73 0 0 4 44 0 0 0 0 0 0
0 0 0 65 93 0 0 0 69 0 0 0 0 0 0 53 0 0 0 40 0 0 0 0 84 0 0 0 0 0 0 0 11 43 97 0 0 0 0 0