40
0 5 54 0 0 0 0 0 0 47 38 0 0 0 17 60 99 0 0 0 25 0 0 0 0 0 42 0 0 40 31 0 58 0 24 59 0 0 0 16
0 0 8 0 47 0 0 0 0 0 0 0 0 41 0 0 0 0 0 0 0 48 0 0 0 0 0 0 0 0 0 0 92 0 0 0 100 0 0 0
0 0 0 0 0 0 0 94 0 0 0 66 0 0 18 0 47 0 0 0 0 0 34 79 0 19 0 0 0 5 12 0 6 0 0 0 0 0 20 0
0 0 0 0 0 0 43 0 0 0 21 0 0 0 0 0 0 0 0 49 0 0 0 0 0 25 0 0 0 0 0 0 0 0 0 0 0 0 0 0
0 0 0 0 0 0 0 0 0 0 0 42 92 71 0 0 26 0 0 0 0 0 0 0 0 16 25 57 15 0 0 69 0 0 0 0 38 20 0 84
1 0 0 0 60 0 0 0 0 0 35 99 0 0 0 0 0 0 84 46 0 0 0 60 15 59 0 0 0 0 7 78 33 69 0 36 77 0 0 81
0 0 0 0 0 0 0 32 1 0 0 0 0 19 0 0 57 0 69 83 0 0 0 52 0 0 0 0 0 0 0 0 0 0 0 0 0 0 0 11
0 0 0 0 99 0 0 0 0 0 0 0 4 0 0 0 0 94 0 0 0 1 0 0 46 0 0 0 0 0 1 0 0 0 97 30 78 0 0 0
0 74 0 56 0 0 38 0 0 0 28 0 0 91 0 0 0 0 0 0 0 0 0 0 0 94 0 0 96 0 88 68 0 0 81 0 0 8 0 0
0 0 0 0 0 32 0 57 17 0 0 0 0 30 58 0 0 0 0 0 0 0 0 38 0 0 0 59 0 57 0 0 0 0 30 0 0 0 0 46
0 65 0 0 0 70 0 0 0 0 0 0 25 0 0 0 0 44 0 0 0 0 0 0 0 0 0 0 18 0 51 0 2 96 73 0 0 0 0 20
0 0 0 11 0 0 0 0 0 0 0 0 0 0 0 15 92 0 0 0 0 0 0 0 0 77 0 0 0 0 0 0 0 0 0 0 0 42 2 0
0 0 0 0 0 0 0 0 0 0 46 0 0 0 0 0 36 95 0 0 0 0 0 0 15 47 41 42 0 31 23 0 33 0 0 31 0 0 0 0
0 0 58 0 0 0 0 41 0 0 0 0 0 0 0 0 16 18 0 0 0 0 0 0 0 17 0 0 0 0 0 0 0 0 0 0 98 0 0 0
0 77 60 0 0 0 0 0 0 0 0 0 0 0 0 0 0 22 89 0 0 10 0 0 0 33 0 0 9 0 3 0 0 0 0 87 73 0 0 9
0 65 0 0 0 0 0 0 0 0 0 32 0 0 0 0 22 0 37 0 0 0 0 10 0 99 73 0 0 0 0 0 67 0 38 0 0 0 0 0
0 0 0 0 0 4 0 78 92 0 0 0 0 0 0 0 0 0 0 0 0 57 0 0 0 0 0 0 0 0 0 0 8 0 0 60 0 0 0 39
0 0 10 0 35 60 24 0 0 0 0 90 38 0 0 61 0 0 0 0 36 11 60 0 0 0 0 0 0 0 0 0 65 0 0 0 0 0 0 0
0 0 49 42 0 0 0 0 39 53 55 0 0 98 28 0 0 0 0 0 65 0 47 22 0 0 0 0 74 0 0 0 0 8 30 0 0 0 0 0
0 0 78 0 40 0 0 0 0 30 0 0 0 0 0 34 0 0 13 0 0 0 0 11 0 0 0 0 78 77 0 0 0 0 0 0 0 0 0 0
44 0 28 0 0 0 0 25 0 0 0 0 100 0 0 0 0 0 0 0 0 91 0 0 67 0 0 26 0 0 0 0 0 0 0 0 0 3 0 39
0 0 0 0 0 16 0 0 0 33 0 0 0 45 0 0 29 33 0 76 0 0 0 70 0 0 0 46 0 0 0 38 0 0 0 95 31 0 77 28
36 15 0 0 0 0 0 0 0 95 0 0 0 0 24 0 0 40 0 64 0 0 0 0 0 22 49 0 0 0 67 0 0 0 0 0 0 0 23 0
0 0 15 95 0 0 79 87 87 0 70 0 42 0 13 71 0 0 0 0 0 0 55 0 0 0 0 42 0 69 42 0 0 0 0 0 0 0 0 61
0 0 0 0 19 0 59 0 93 0 0 0 0 22 21 0 0 0 0 63 0 32 0 0 0 52 82 0 0 47 0 0 0 0 0 24 0 68 0 0
0 0 0 0 0 82 0 0 0 0 0 0 0 0 56 0 0 0 0 0 0 47 39 51 0 0 0 12 0 15 7 0 0 0 0 0 0 78 0 0
0 0 0 0 0 79 55 0 0 0 0 0 0 0 0 0 0 89 0 11 0 0 0 61 48 0 0 0 0 0 0 0 0 0 97 89 72 73 0 0
0 0 93 57 29 0 30 0 0 0 0 0 0 0 0 0 0 82 0 0 0 25 0 0 37 0 0 0 92 0 0 80 0 3 0 0 0 24 0 0
0 0 0 0 0 0 3 0 0 15 0 34 0 0 64 0 0 0 0 0 0 0 61 0 0 0 93 0 0 0 0 0 0 0 0 0 0 0 39 0
81 0 0 0 0 0 0 7 0 0 0 0 0 45 95 0 0 0 0 0 33 0 49 0 0 0 0 0 0 0 9 0 0 39 0 0 0 0 35 0
0 0 46 0 0 0 0 0 0 0 0 0 0 74 0 0 0 0 0 0 0 0 0 0 48 0 0 5 0 0 0 66 0 0 29 0 0 0 30 5
70 0 0 0 0 91 0 11 0 0 64 0 18 0 0 0 0 0 47 0 0 0 0 13 0 0 0 0 0 52 42 0 41 0 35 0 0 71 0 0
0 54 0 40 0 0 0 0 0 70 0 0 0 55 0 0 2 0 0 0 0 0 0 0 0 0 0 0 0 84 46 0 0 10 0 0 0 0 0 0
0 30 12 0 0 0 0 0 0 75 0 51 33 0 0 0 0 62 0 0 9 100 0 0 0 0 0 0 0 0 0 0 0 0 0 0 0 0 67 0
6 0 0 64 84 0 83 75 0 0 0 0 0 0 0 0 0 0 0 76 0 9 9 59 0 0 0 0 35 12 0 100 0 0 0 0 0 0 0 0
0 0 0 0 0 0 55 0 22 0 0 72 0 0 0 0 0 18 0 0 0 26 0 0 75 0 62 0 0 0 18 0 0 0 0 0 0 0 38 0
0 37 0 0 0 0 66 0 0 0 0 0 0 0 0 0 97 0 57 0 0 0 0 0 0 0 0 0 0 0 0 0 0 0 0 95 0 0 0 0
0 63 0 0 72 0 21 0 3 0 0 0 55 0 0 15 0 0 0 0 46 0 0 0 0 0 0 0 0 0 0 0 59 0 62 0 0 0 0 0
0 0 0 65 0 32 20 0 49 0 0 14 0 65 14 0 0 0 89 0 39 84 0 0 0 0 48 0 0 0 0 93 0 0 0 0 0 0 0 0
4 0 55 0 0 0 0 59 0 28 0 0 0 0 0 0 0 0 0 0 0 0 0 0 0 0 0 0 0 0 0 73 77 0 95 34 0 0 0 0
0 98 98 0 0 0 0 0 0 67 53 0 0 0 28 47 36 0 0 0 52 0 0 0 0 0 63 0 0 58 3 0 4 0 81 70 0 0 0 84
0 0 80 0 24 0 0 0 0 0 0 0 0 22 0 0 0 0 0 0 0 93 0 0 0 0 0 0 0 0 0 0 32 0 0 0 34 0 0 0
0 0 0 0 0 0 0 45 0 0 0 50 0 0 35 0 20 0 0 0 0 0 23 5 0 93 0 0 0 100 64 0 100 0 0 0 0 0 54 0
0 0 0 0 0 0 83 0 0 0 37 0 0 0 0 0 0 0 0 60 0 0 0 0 0 4 0 0 0 0 0 0 0 0 0 0 0 0 0 0
0 0 0 0 0 0 0 0 0 0 0 10 93 35 0 0 38 0 0 0 0 0 0 0 0 60 20 4 50 0 0 14 0 0 0 0 51 12 0 68
10 0 0 0 69 0 0 0 0 0 74 77 0 0 0 0 0 0 68 68 0 0 0 59 84 17 0 0 0 0 81 63 89 17 0 78 29 0 0 45
0 0 0 0 0 0 0 94 72 0 0 0 0 55 0 0 26 0 95 91 0 0 0 41 0 0 0 0 0 0 0 0 0 0 0 0 0 0 0 78
0 0 0 0 47 0 0 0 0 0 0 0 26 0 0 0 0 73 0 0 0 61 0 0 32 0 0 0 0 0 88 0 0 0 22 91 75 0 0 0
0 94 0 90 0 0 51 0 0 0 52 0 0 56 0 0 0 0 0 0 0 0 0 0 0 72 0 0 47 0 14 55 0 0 89 0 0 61 0 0
0 0 0 0 0 5 0 38 17 0 0 0 0 84 11 0 0 0 0 0 0 0 0 20 0 0 0 92 0 67 0 0 0 0 26 0 0 0 0 53
0 31 0 0 0 89 0 0 0 0 0 0 39 0 0 0 0 76 0 0 0 0 0 0 0 0 0 0 5 0 11 0 68 55 70 0 0 0 0 74
0 0 0 100 0 0 0 0 0 0 0 0 0 0 0 99 74 0 0 0 0 0 0 0 0 87 0 0 0 0 0 0 0 0 0 0 0 76 32 0
0 0 0 0 0 0 0 0 0 0 51 0 0 0 0 0 12 66 0 0 0 0 0 0 31 40 96 51 0 62 13 0 26 0 0 93 0 0 0 0
0 0 11 0 0 0 0 45 0 0 0 0 0 0 0 0 14 85 0 0 0 0 0 0 0 40 0 0 0 0 0 0 0 0 0 0 39 0 0 0
0 73 3 0 0 0 0 0 0 0 0 0 0 0 0 0 0 96 35 0 0 92 0 0 0 27 0 0 67 0 38 0 0 0 0 57 50 0 0 28
0 44 0 0 0 0 0 0 0 0 0 33 0 0 0 0 52 0 46 0 0 0 0 78 0 41 1 0 0 0 0 0 94 0 21 0 0 0 0 0
0 0 0 0 0 81 0 59 95 0 0 0 0 0 0 0 0 0 0 0 0 50 0 0 0 0 0 0 0 0 0 0 86 0 0 27 0 0 0 40
0 0 69 0 64 2 18 0 0 0 0 51 9 0 0 84 0 0 0 0 11 67 82 0 0 0 0 0 0 0 0 0 14 0 0 0 0 0 0 0
0 0 93 11 0 0 0 0 92 43 19 0 0 72 19 0 0 0 0 0 25 0 89 86 0 0 0 0 65 0 0 0 0 32 19 0 0 0 0 0
0 0 71 0 65 0 0 0 0 94 0 0 0 0 0 6 0 0 44 0 0 0 0 36 0 0 0 0 67 79 0 0 0 0 0 0 0 0 0 0
93 0 31 0 0 0 0 61 0 0 0 0 72 0 0 0 0 0 0 0 0 2 0 0 68 0 0 76 0 0 0 0 0 0 0 0 0 5 0 67
0 0 0 0 0 54 0 0 0 11 0 0 0 22 0 0 90 78 0 4 0 0 0 40 0 0 0 49 0 0 0 20 0 0 0 34 96 0 41 75
28 71 0 0 0 0 0 0 0 82 0 0 0 0 35 0 0 85 0 81 0 0 0 0 0 62 84 0 0 0 50 0 0 0 0 0 0 0 19 0
0 0 37 73 0 0 56 57 10 0 33 0 21 0 81 27 0 0 0 0 0 0 68 0 0 0 0 78 0 20 23 0 0 0 0 0 0 0 0 48
0 0 0 0 47 0 80 0 65 0 0 0 0 18 17 0 0 0 0 24 0 52 0 0 0 55 21 0 0 68 0 0 0 0 0 87 0 32 0 0
0 0 0 0 0 43 0 0 0 0 0 0 0 0 41 0 0 0 0 0 0 48 81 62 0 0 0 48 0 62 1 0 0 0 0 0 0 91 0 0
0 0 0 0 0 27 88 0 0 0 0 0 0 0 0 0 0 21 0 48 0 0 0 47 54 0 0 0 0 0 0 0 0 0 23 8 80 40 0 0
0 0 14 73 86 0 12 0 0 0 0 0 0 0 0 0 0 75 0 0 0 79 0 0 45 0 0 0 10 0 0 6 0 37 0 0 0 25 0 0
0 0 0 0 0 0 25 0 0 51 0 62 0 0 47 0 0 0 0 0 0 0 45 0 0 0 4 0 0 0 0 0 0 0 0 0 0 0 51 0
59 0 0 0 0 0 0 48 0 0 0 0 0 85 94 0 0 0 0 0 26 0 53 0 0 0 0 0 0 0 28 0 0 60 0 0 0 0 50 0
0 0 23 0 0 0 0 0 0 0 0 0 0 95 0 0 0 0 0 0 0 0 0 0 80 0 0 7 0 0 0 20 0 0 13 0 0 0 30 44
18 0 0 0 0 30 0 66 0 0 29 0 21 0 0 0 0 0 63 0 0 0 0 87 0 0 0 0 0 17 60 0 26 0 13 0 0 23 0 0
0 92 0 1 0 0 0 0 0 74 0 0 0 72 0 0 62 0 0 0 0 0 0 0 0 0 0 0 0 77 66 0 0 94 0 0 0 0 0 0
0 61 79 0 0 0 0 0 0 38 0 9 99 0 0 0 0 77 0 0 80 18 0 0 0 0 0 0 0 0 0 0 0 0 0 0 0 0 92 0
14 0 0 41 37 0 43 45 0 0 0 0 0 0 0 0 0 0 0 55 0 85 16 29 0 0 0 0 75 63 0 53 0 0 0 0 0 0 0 0
0 0 0 0 0 0 62 0 93 0 0 94 0 0 0 0 0 66 0 0 0 88 0 0 32 0 62 0 0 0 10 0 0 0 0 0 0 0 89 0
0 13 0 0 0 0 7 0 0 0 0 0 0 0 0 0 45 0 65 0 0 0 0 0 0 0 0 0 0 0 0 0 0 0 0 53 0 0 0 0
0 14 0 0 19 0 27 0 96 0 0 0 48 0 0 62 0 0 0 0 45 0 0 0 0 0 0 0 0 0 0 0 5 0 84 0 0 0 0 0
0 0 0 63 0 17 67 0 15 0 0 74 0 9 45 0 0 0 31 0 53 90 0 0 0 0 51 0 0 0 0 17 0 0 0 0 0 0 0 0
24 0 74 0 0 0 0 30 0 10 0 0 0 0 0 0 0 0 0 0 0 0 0 0 0 0 0 0 0 0 0 58 53 0 84 57 0 0 0 0