40
0 0 0 99 0 0 5 0 0 0 0 0 0 0 0 0 0 0 0 11 15 0 0 0 10 0 0 0 0 0 0 0 0 42 0 0 0 0 66 0
0 0 84 0 8 23 0 0 24 0 70 0 60 23 0 0 0 54 44 0 23 0 0 1 0 0 0 0 0 9 0 0 0 5 0 0 0 0 0 60
0 0 0 0 0 0 0 0 0 0 78 22 0 0 0 0 0 0 0 0 0 47 64 0 0 44 0 0 0 0 0 0 0 0 0 0 72 0 0 0
0 0 0 0 0 29 0 0 56 95 86 14 0 0 51 0 0 0 2 92 0 0 0 0 0 0 0 0 0 0 0 66 0 0 0 73 24 73 0 0
38 20 0 0 0 0 0 0 4 0 0 70 0 28 69 0 0 0 0 73 0 0 25 0 0 97 0 0 0 0 11 0 0 0 0 0 0 73 0 0
0 0 0 0 0 0 0 0 0 0 0 2 0 0 0 0 0 0 0 0 0 0 0 0 0 27 0 0 0 0 0 0 0 0 46 60 0 0 0 0
0 0 0 0 0 0 0 0 0 0 49 0 89 0 0 0 0 0 0 0 59 0 0 0 0 37 0 37 0 0 0 0 0 0 0 0 0 0 17 0
0 0 99 69 0 0 0 0 0 0 95 0 0 0 0 0 0 0 0 0 0 0 0 0 91 59 0 42 0 0 18 0 31 18 0 35 0 0 0 0
0 0 0 0 22 0 7 0 0 0 0 0 0 0 0 0 0 0 0 74 0 68 71 0 0 0 0 0 0 0 20 0 0 78 0 0 0 0 0 78
0 16 0 0 0 0 0 0 0 0 0 23 0 0 0 0 21 0 0 24 21 0 0 0 0 25 0 0 52 66 51 0 25 0 0 0 0 0 0 0
78 86 0 0 0 92 0 5 0 0 0 0 18 0 40 0 87 0 0 0 0 0 0 0 79 0 0 0 0 25 0 71 0 69 0 30 0 0 0 0
0 0 0 0 0 0 0 0 0 0 0 0 0 0 0 0 0 0 0 0 75 0 0 0 0 0 0 0 0 0 0 0 74 0 0 90 0 0 0 0
0 0 55 0 0 0 0 0 27 18 0 0 0 0 46 78 0 58 14 0 0 0 0 30 0 53 0 0 0 0 0 81 35 0 0 0 0 0 0 0
0 0 0 0 65 0 0 18 0 0 0 74 0 0 0 0 0 0 0 0 1 0 0 0 0 0 0 0 81 0 0 0 0 0 0 0 0 0 0 0
0 0 0 0 0 0 0 0 0 0 72 0 35 0 0 0 50 0 0 0 0 0 0 0 0 0 0 0 0 0 0 0 0 3 1 0 0 77 0 0
0 0 0 0 79 36 89 0 78 0 0 0 0 0 70 0 0 66 0 0 55 0 0 0 45 0 82 82 26 0 0 0 0 0 0 0 0 55 0 7
82 0 81 0 0 0 37 0 97 0 0 0 10 0 0 0 0 0 0 0 0 0 0 0 48 100 0 0 0 0 0 81 0 93 0 0 0 78 0 0
0 0 31 0 37 29 0 0 0 0 0 0 0 32 0 0 0 0 0 0 0 0 84 0 44 0 0 0 0 0 0 0 92 0 0 0 0 0 0 0
0 0 0 0 0 0 0 0 0 15 0 0 0 0 0 0 0 0 0 0 91 0 75 0 0 0 0 0 0 0 0 0 0 0 0 0 0 0 0 0
94 0 0 0 0 0 0 0 72 0 32 0 0 0 0 7 0 0 14 0 0 0 10 0 0 0 0 0 3 99 16 0 0 0 0 53 53 0 0 0
63 0 0 95 0 0 0 0 0 0 0 18 63 30 0 0 0 0 86 0 0 25 0 0 0 0 0 0 0 0 31 8 0 4 14 0 0 0 0 0
0 12 0 17 0 0 57 7 0 0 0 0 0 0 0 0 0 0 0 0 0 0 0 0 0 0 30 42 88 0 18 72 0 0 0 7 94 0 0 0
0 83 13 0 0 0 31 50 90 0 0 0 0 0 88 0 0 24 0 0 87 59 0 0 0 0 0 0 0 0 12 53 0 0 0 0 73 0 92 0
0 0 0 86 0 0 0 0 0 91 53 0 0 0 5 0 0 0 41 0 0 0 47 0 0 35 0 0 0 0 79 0 0 0 14 0 0 0 0 0
29 64 0 0 42 0 0 12 0 0 0 0 0 0 15 0 0 29 0 0 0 61 93 47 0 0 0 0 52 0 0 97 0 57 0 0 25 0 0 0
0 0 0 0 0 0 0 0 0 0 0 0 32 21 0 0 0 0 0 0 0 0 0 0 0 0 51 0 0 0 0 26 0 0 55 0 0 0 36 0
0 0 0 0 0 0 0 72 0 19 38 91 0 0 0 0 0 0 0 0 0 0 53 0 39 38 0 34 73 0 37 0 0 60 50 0 0 0 0 0
0 24 0 58 0 0 75 0 0 0 0 40 0 0 0 0 0 0 0 52 0 22 2 89 89 0 0 0 0 44 0 0 0 0 0 0 0 0 5 0
81 0 0 0 77 12 0 0 0 36 0 99 0 0 0 0 84 0 51 0 0 0 0 0 48 37 40 49 0 0 0 0 0 29 0 0 0 0 0 0
0 0 16 60 0 0 0 0 9 0 96 0 0 9 58 0 0 0 0 62 0 0 0 93 0 0 88 0 0 0 0 98 71 0 66 0 0 0 0 0
0 0 5 0 0 0 0 0 0 0 0 79 0 0 0 66 0 0 0 0 0 0 0 41 74 23 16 0 0 0 0 0 0 0 87 26 0 0 33 0
0 25 0 0 0 0 0 76 0 50 79 0 0 0 0 0 0 0 12 0 0 0 0 0 1 0 0 11 0 0 0 0 0 37 0 0 9 0 0 41
0 0 0 0 0 0 19 0 86 5 77 0 0 0 28 0 0 0 78 0 0 9 4 100 0 0 41 0 0 0 0 0 0 0 0 0 0 0 2 0
0 0 0 0 0 0 0 34 0 0 0 0 0 1 0 0 0 0 70 0 0 32 0 0 0 0 0 64 0 36 18 0 0 0 41 0 0 10 0 0
52 0 0 92 0 0 0 0 31 0 0 0 0 0 27 0 0 0 0 0 0 0 47 0 0 22 0 0 0 8 74 0 49 0 0 0 12 0 0 0
80 0 53 0 0 0 9 0 0 0 25 0 0 0 0 0 43 0 0 0 0 0 0 90 0 0 0 0 0 0 0 0 0 0 0 0 63 1 53 59
0 0 94 0 35 9 0 0 0 0 0 0 0 3 0 0 0 0 0 0 0 20 0 0 22 0 0 10 0 0 0 0 45 54 0 0 0 0 0 0
18 0 84 90 11 0 0 100 0 0 0 71 0 0 0 0 9 0 11 44 0 77 0 62 0 0 0 0 56 0 0 21 0 0 0 0 0 0 0 0
28 0 0 0 0 2 0 0 0 0 59 0 88 29 56 0 0 0 0 0 0 0 71 0 37 61 55 0 64 83 0 21 0 0 0 0 29 0 0 0
0 0 45 0 13 0 0 34 0 0 0 0 0 88 0 5 0 0 92 0 0 0 0 0 38 57 0 0 0 0 29 80 29 76 91 11 0 15 0 0
0 0 0 43 0 0 58 0 0 0 0 0 0 0 0 0 0 0 0 21 76 0 0 0 51 0 0 0 0 0 0 0 0 63 0 0 0 0 90 0
0 0 22 0 56 62 0 0 28 0 12 0 61 90 0 0 0 55 84 0 100 0 0 46 0 0 0 0 0 45 0 0 0 74 0 0 0 0 0 29
0 0 0 0 0 0 0 0 0 0 58 93 0 0 0 0 0 0 0 0 0 81 43 0 0 60 0 0 0 0 0 0 0 0 0 0 27 0 0 0
0 0 0 0 0 20 0 0 63 53 37 27 0 0 37 0 0 0 21 63 0 0 0 0 0 0 0 0 0 0 0 19 0 0 0 97 78 8 0 0
88 95 0 0 0 0 0 0 47 0 0 56 0 5 80 0 0 0 0 91 0 0 17 0 0 66 0 0 0 0 1 0 0 0 0 0 0 76 0 0
0 0 0 0 0 0 0 0 0 0 0 98 0 0 0 0 0 0 0 0 0 0 0 0 0 50 0 0 0 0 0 0 0 0 46 33 0 0 0 0
0 0 0 0 0 0 0 0 0 0 75 0 67 0 0 0 0 0 0 0 87 0 0 0 0 59 0 3 0 0 0 0 0 0 0 0 0 0 60 0
0 0 86 4 0 0 0 0 0 0 36 0 0 0 0 0 0 0 0 0 0 0 0 0 50 45 0 76 0 0 39 0 36 46 0 45 0 0 0 0
0 0 0 0 25 0 64 0 0 0 0 0 0 0 0 0 0 0 0 46 0 54 26 0 0 0 0 0 0 0 43 0 0 10 0 0 0 0 0 27
0 88 0 0 0 0 0 0 0 0 0 3 0 0 0 0 53 0 0 22 65 0 0 0 0 74 0 0 60 35 44 0 10 0 0 0 0 0 0 0
30 31 0 0 0 54 0 50 0 0 0 0 65 0 94 0 11 0 0 0 0 0 0 0 22 0 0 0 0 68 0 12 0 51 0 91 0 0 0 0
0 0 0 0 0 0 0 0 0 0 0 0 0 0 0 0 0 0 0 0 96 0 0 0 0 0 0 0 0 0 0 0 22 0 0 7 0 0 0 0
0 0 23 0 0 0 0 0 34 38 0 0 0 0 75 35 0 42 61 0 0 0 0 19 0 11 0 0 0 0 0 85 48 0 0 0 0 0 0 0
0 0 0 0 39 0 0 44 0 0 0 75 0 0 0 0 0 0 0 0 17 0 0 0 0 0 0 0 5 0 0 0 0 0 0 0 0 0 0 0
0 0 0 0 0 0 0 0 0 0 19 0 62 0 0 0 26 0 0 0 0 0 0 0 0 0 0 0 0 0 0 0 0 68 77 0 0 37 0 0
0 0 0 0 51 77 99 0 84 0 0 0 0 0 94 0 0 72 0 0 37 0 0 0 52 0 42 98 79 0 0 0 0 0 0 0 0 86 0 14
84 0 73 0 0 0 55 0 51 0 0 0 59 0 0 0 0 0 0 0 0 0 0 0 91 85 0 0 0 0 0 73 0 87 0 0 0 20 0 0
0 0 39 0 53 26 0 0 0 0 0 0 0 30 0 0 0 0 0 0 0 0 10 0 32 0 0 0 0 0 0 0 83 0 0 0 0 0 0 0
0 0 0 0 0 0 0 0 0 87 0 0 0 0 0 0 0 0 0 0 48 0 26 0 0 0 0 0 0 0 0 0 0 0 0 0 0 0 0 0
17 0 0 0 0 0 0 0 2 0 81 0 0 0 0 72 0 0 56 0 0 0 18 0 0 0 0 0 95 96 39 0 0 0 0 68 33 0 0 0
72 0 0 17 0 0 0 0 0 0 0 87 5 20 0 0 0 0 31 0 0 47 0 0 0 0 0 0 0 0 59 53 0 59 90 0 0 0 0 0
0 55 0 58 0 0 25 43 0 0 0 0 0 0 0 0 0 0 0 0 0 0 0 0 0 0 88 10 49 0 65 75 0 0 0 73 2 0 0 0
0 57 34 0 0 0 5 29 1 0 0 0 0 0 87 0 0 83 0 0 95 40 0 0 0 0 0 0 0 0 32 85 0 0 0 0 23 0 60 0
0 0 0 32 0 0 0 0 0 27 13 0 0 0 43 0 0 0 12 0 0 0 37 0 0 53 0 0 0 0 53 0 0 0 36 0 0 0 0 0
44 69 0 0 86 0 0 90 0 0 0 0 0 0 19 0 0 42 0 0 0 69 11 5 0 0 0 0 65 0 0 18 0 37 0 0 40 0 0 0
0 0 0 0 0 0 0 0 0 0 0 0 64 58 0 0 0 0 0 0 0 0 0 0 0 0 79 0 0 0 0 94 0 0 8 0 0 0 95 0
0 0 0 0 0 0 0 84 0 23 71 34 0 0 0 0 0 0 0 0 0 0 75 0 62 88 0 31 8 0 42 0 0 9 100 0 0 0 0 0
0 50 0 81 0 0 19 0 0 0 0 30 0 0 0 0 0 0 0 63 0 4 57 94 21 0 0 0 0 32 0 0 0 0 0 0 0 0 34 0
97 0 0 0 31 84 0 0 0 98 0 54 0 0 0 0 4 0 7 0 0 0 0 0 49 9 66 26 0 0 0 0 0 59 0 0 0 0 0 0
0 0 23 60 0 0 0 0 63 0 85 0 0 61 20 0 0 0 0 35 0 0 0 54 0 0 60 0 0 0 0 48 40 0 90 0 0 0 0 0
0 0 22 0 0 0 0 0 0 0 0 51 0 0 0 40 0 0 0 0 0 0 0 71 10 46 43 0 0 0 0 0 0 0 64 39 0 0 68 0
0 81 0 0 0 0 0 24 0 2 21 0 0 0 0 0 0 0 30 0 0 0 0 0 97 0 0 40 0 0 0 0 0 43 0 0 33 0 0 81
0 0 0 0 0 0 82 0 5 36 53 0 0 0 47 0 0 0 92 0 0 90 73 33 0 0 58 0 0 0 0 0 0 0 0 0 0 0 20 0
0 0 0 0 0 0 0 96 0 0 0 0 0 56 0 0 0 0 46 0 0 48 0 0 0 0 0 56 0 94 6 0 0 0 70 0 0 42 0 0
12 0 0 50 0 0 0 0 90 0 0 0 0 0 39 0 0 0 0 0 0 0 1 0 0 25 0 0 0 43 21 0 47 0 0 0 86 0 0 0
86 0 60 0 0 0 54 0 0 0 83 0 0 0 0 0 53 0 0 0 0 0 0 23 0 0 0 0 0 0 0 0 0 0 0 0 41 74 12 36
0 0 20 0 83 16 0 0 0 0 0 0 0 45 0 0 0 0 0 0 0 41 0 0 75 0 0 72 0 0 0 0 87 59 0 0 0 0 0 0
41 0 46 36 91 0 0 42 0 0 0 30 0 0 0 0 14 0 41 57 0 68 0 90 0 0 0 0 32 0 0 41 0 0 0 0 0 0 0 0
47 0 0 0 0 75 0 0 0 0 2 0 2 30 94 0 0 0 0 0 0 0 17 0 46 76 21 0 31 79 0 60 0 0 0 0 95 0 0 0
0 0 65 0 42 0 0 47 0 0 0 0 0 78 0 60 0 0 34 0 0 0 0 0 98 73 0 0 0 0 1 77 96 85 78 71 0 96 0 0