40
0 0 36 0 0 0 0 0 0 35 99 0 34 47 22 0 0 0 30 0 25 4 0 0 88 0 38 31 0 0 0 48 0 16 52 0 0 0 0 0
11 0 0 0 59 70 0 22 73 0 0 0 0 51 0 15 0 0 66 0 0 30 0 0 0 0 29 0 0 0 0 0 0 0 0 0 0 96 0 0
66 7 0 65 0 3 0 0 0 0 0 0 0 88 98 98 0 0 0 11 8 0 11 0 15 0 0 0 51 0 17 0 0 24 0 21 84 0 0 54
0 72 86 0 0 0 0 0 0 0 0 15 18 0 56 0 0 0 72 0 0 0 67 0 12 0 50 0 0 0 0 41 0 0 0 0 0 0 0 0
0 0 0 0 0 0 33 0 0 0 0 49 0 94 0 20 0 0 0 0 0 0 14 64 0 0 0 87 63 0 0 0 41 0 0 0 0 55 0 73
0 0 0 58 0 0 0 53 0 0 0 0 0 0 0 26 33 0 0 0 0 85 21 0 0 70 0 0 0 0 0 0 77 0 0 0 0 46 0 0
55 0 0 0 0 0 0 0 0 0 0 0 90 0 0 0 89 0 83 0 0 0 0 0 0 0 0 0 64 0 0 0 0 0 0 0 76 0 0 0
0 0 0 0 0 60 0 0 0 0 81 29 0 0 0 0 0 0 0 0 0 0 0 0 0 0 0 0 0 71 0 0 12 0 5 0 0 19 0 26
0 0 0 0 0 0 0 0 0 0 0 0 0 0 0 0 0 0 0 0 37 0 0 0 0 0 0 0 0 0 0 0 0 0 0 0 0 0 0 0
0 25 0 0 62 38 8 0 0 0 0 0 0 0 0 0 0 0 0 3 0 0 0 0 0 0 0 0 0 0 0 16 0 58 9 0 81 0 0 0
0 0 0 23 0 0 0 0 0 0 0 37 0 0 0 0 0 0 0 0 18 0 0 0 0 0 0 0 0 0 35 71 0 77 0 10 24 0 72 41
0 0 0 0 66 20 84 0 68 0 0 0 0 0 0 70 0 0 0 54 0 0 0 0 0 32 90 0 0 0 0 0 0 0 0 0 0 0 0 0
0 51 0 0 97 0 14 0 51 29 49 0 0 0 0 0 0 0 0 99 0 0 0 0 0 0 0 25 0 77 0 0 0 0 0 0 0 2 0 0
0 82 0 0 0 0 37 35 88 0 0 83 0 0 96 0 0 0 97 0 0 60 0 25 0 0 0 0 82 0 0 0 0 57 0 28 0 0 0 0
64 0 0 0 0 65 7 0 0 40 0 0 0 0 0 0 91 8 0 0 0 0 0 0 0 0 0 0 0 0 0 0 90 82 0 30 70 0 0 0
0 35 0 92 0 60 0 0 0 0 0 0 0 0 0 0 0 0 0 0 1 0 0 0 90 21 0 7 0 17 15 0 0 98 0 0 0 57 0 0
0 0 0 9 0 0 0 0 0 0 18 0 0 0 0 0 0 0 0 0 0 0 0 0 0 35 0 0 0 83 0 55 0 0 77 0 5 0 0 0
0 0 0 0 0 0 0 73 0 0 0 1 63 0 0 0 10 0 0 0 37 59 71 0 0 23 0 0 0 0 17 26 0 0 23 0 44 56 0 0
0 3 13 0 0 0 0 0 72 97 0 0 0 43 97 0 0 0 0 0 0 0 12 0 0 0 0 0 0 0 0 0 45 14 0 0 0 0 40 0
0 0 0 0 0 60 59 0 71 0 0 0 0 0 0 0 0 0 9 0 0 0 0 32 0 0 0 0 92 0 0 0 21 0 0 0 92 53 0 12
0 48 0 0 51 0 92 45 0 0 51 0 0 0 91 0 0 0 0 0 0 0 7 21 0 97 0 0 98 0 0 0 0 85 61 0 0 6 0 76
0 0 99 0 0 0 0 0 0 0 13 0 51 0 0 36 0 0 0 55 0 0 11 0 0 0 0 0 86 0 0 0 0 0 0 0 0 10 0 0
3 0 71 0 0 0 0 0 0 0 0 0 0 0 0 0 62 0 0 0 0 79 0 0 0 0 0 0 0 0 0 0 0 0 0 20 0 78 0 0
78 0 0 67 0 0 0 55 0 83 0 50 0 0 0 0 0 0 0 0 2 0 0 0 0 0 0 65 29 0 0 28 0 0 0 0 83 0 87 74
0 0 88 0 0 0 0 0 0 0 65 0 0 0 86 56 0 0 7 0 77 39 0 0 0 40 99 31 0 0 0 0 0 0 0 0 0 0 0 34
0 0 52 0 0 0 0 52 0 78 0 0 0 0 0 0 0 58 0 0 56 0 0 0 59 0 93 0 0 51 0 75 0 0 0 0 0 0 0 0
0 0 39 0 0 93 0 0 0 13 0 0 0 86 0 0 0 0 0 28 69 0 89 0 89 0 0 5 0 0 0 0 0 0 32 0 0 0 0 0
25 0 0 0 0 0 0 68 0 0 0 0 0 0 77 0 0 0 0 0 0 0 0 0 79 46 0 0 0 0 86 0 60 63 97 0 0 0 0 0
0 39 0 0 0 27 0 80 0 0 0 0 0 0 0 0 0 0 0 0 0 23 0 0 0 0 50 0 0 0 0 0 0 0 0 0 0 0 2 0
53 0 0 30 40 0 0 0 0 0 59 0 0 0 0 0 0 13 0 0 0 0 42 73 0 0 0 0 77 0 0 0 0 6 0 16 0 0 0 0
0 0 0 0 0 0 0 0 81 0 0 0 0 0 0 27 85 0 0 0 48 0 79 0 0 0 0 0 88 0 0 0 0 0 37 0 0 0 0 0
0 99 0 0 95 99 0 72 86 0 69 0 0 0 0 0 0 0 0 92 0 0 0 0 0 18 0 0 0 0 0 0 21 5 0 41 0 0 0 0
0 66 0 69 0 0 0 0 0 0 4 0 58 0 42 0 0 0 0 0 0 56 0 0 53 0 90 0 0 13 0 0 0 0 97 50 0 0 0 69
0 0 0 0 43 95 10 14 0 0 0 0 0 44 0 96 0 0 0 0 0 0 0 0 0 0 0 0 0 0 97 0 0 0 52 0 0 0 0 0
0 0 0 0 0 0 0 0 0 0 0 0 64 62 95 0 0 0 0 58 0 33 0 0 0 0 89 0 0 0 2 23 0 78 0 64 0 0 2 0
0 16 21 0 0 0 0 84 39 0 16 38 0 0 0 0 0 0 0 0 22 2 0 0 0 0 0 0 0 0 10 0 93 0 0 0 100 32 98 0
0 44 22 0 0 57 0 0 0 0 0 0 93 0 0 0 0 0 0 0 0 5 71 0 39 0 0 22 0 0 0 0 0 68 0 0 0 0 68 0
88 0 0 0 8 0 0 0 0 0 0 0 0 0 0 0 0 0 0 72 89 0 0 0 44 0 0 0 0 0 0 0 0 84 23 0 0 0 36 0
0 0 0 58 0 0 0 82 0 0 0 0 55 77 0 0 0 0 86 97 0 0 37 0 0 0 0 0 21 0 45 0 47 0 0 0 0 0 0 0
0 0 0 0 0 1 0 0 0 0 0 0 0 0 82 27 0 0 0 0 0 38 0 0 0 86 0 0 0 0 0 31 0 58 0 0 0 0 0 0
0 0 92 0 0 0 0 0 0 28 17 0 19 80 58 0 0 0 23 0 88 55 0 0 12 0 75 65 0 0 0 74 0 38 74 0 0 0 0 0
44 0 0 0 37 81 0 54 67 0 0 0 0 10 0 16 0 0 20 0 0 58 0 0 0 0 9 0 0 0 0 0 0 0 0 0 0 67 0 0
41 35 0 21 0 18 0 0 0 0 0 0 0 55 54 38 0 0 0 70 17 0 6 0 74 0 0 0 52 0 94 0 0 68 0 52 13 0 0 12
0 57 95 0 0 0 0 0 0 0 0 52 4 0 55 0 0 0 80 0 0 0 49 0 17 0 53 0 0 0 0 58 0 0 0 0 0 0 0 0
0 0 0 0 0 0 63 0 0 0 0 21 0 80 0 97 0 0 0 0 0 0 7 54 0 0 0 15 99 0 0 0 27 0 0 0 0 81 0 15
0 0 0 68 0 0 0 85 0 0 0 0 0 0 0 39 31 0 0 0 0 3 40 0 0 1 0 0 0 0 0 0 16 0 0 0 0 43 0 0
46 0 0 0 0 0 0 0 0 0 0 0 85 0 0 0 1 0 81 0 0 0 0 0 0 0 0 0 93 0 0 0 0 0 0 0 41 0 0 0
0 0 0 0 0 92 0 0 0 0 49 81 0 0 0 0 0 0 0 0 0 0 0 0 0 0 0 0 0 94 0 0 11 0 74 0 0 58 0 87
0 0 0 0 0 0 0 0 0 0 0 0 0 0 0 0 0 0 0 0 88 0 0 0 0 0 0 0 0 0 0 0 0 0 0 0 0 0 0 0
0 80 0 0 92 15 38 0 0 0 0 0 0 0 0 0 0 0 0 27 0 0 0 0 0 0 0 0 0 0 0 51 0 25 78 0 89 0 0 0
0 0 0 67 0 0 0 0 0 0 0 5 0 0 0 0 0 0 0 0 46 0 0 0 0 0 0 0 0 0 47 5 0 26 0 70 58 0 48 45
0 0 0 0 79 42 59 0 42 0 0 0 0 0 0 52 0 0 0 56 0 0 0 0 0 12 68 0 0 0 0 0 0 0 0 0 0 0 0 0
0 1 0 0 36 0 5 0 68 27 62 0 0 0 0 0 0 0 0 3 0 0 0 0 0 0 0 9 0 65 0 0 0 0 0 0 0 21 0 0
0 85 0 0 0 0 20 42 6 0 0 95 0 0 69 0 0 0 75 0 0 72 0 43 0 0 0 0 93 0 0 0 0 25 0 100 0 0 0 0
98 0 0 0 0 47 66 0 0 14 0 0 0 0 0 0 16 80 0 0 0 0 0 0 0 0 0 0 0 0 0 0 10 17 0 67 64 0 0 0
0 86 0 52 0 78 0 0 0 0 0 0 0 0 0 0 0 0 0 0 16 0 0 0 37 14 0 7 0 51 82 0 0 97 0 0 0 89 0 0
0 0 0 6 0 0 0 0 0 0 42 0 0 0 0 0 0 0 0 0 0 0 0 0 0 32 0 0 0 60 0 84 0 0 56 0 8 0 0 0
0 0 0 0 0 0 0 56 0 0 0 45 11 0 0 0 31 0 0 0 28 39 24 0 0 30 0 0 0 0 65 64 0 0 65 0 55 22 0 0
0 72 66 0 0 0 0 0 12 33 0 0 0 26 41 0 0 0 0 0 0 0 17 0 0 0 0 0 0 0 0 0 81 30 0 0 0 0 78 0
0 0 0 0 0 12 5 0 6 0 0 0 0 0 0 0 0 0 82 0 0 0 0 53 0 0 0 0 87 0 0 0 53 0 0 0 16 87 0 67
0 93 0 0 13 0 7 73 0 0 49 0 0 0 41 0 0 0 0 0 0 0 5 59 0 50 0 0 17 0 0 0 0 17 44 0 0 14 0 35
0 0 46 0 0 0 0 0 0 0 17 0 83 0 0 85 0 0 0 44 0 0 64 0 0 0 0 0 12 0 0 0 0 0 0 0 0 53 0 0
80 0 60 0 0 0 0 0 0 0 0 0 0 0 0 0 97 0 0 0 0 5 0 0 0 0 0 0 0 0 0 0 0 0 0 24 0 57 0 0
83 0 0 55 0 0 0 97 0 65 0 67 0 0 0 0 0 0 0 0 70 0 0 0 0 0 0 93 3 0 0 99 0 0 0 0 82 0 59 29
0 0 23 0 0 0 0 0 0 0 7 0 0 0 2 23 0 0 51 0 17 17 0 0 0 39 38 36 0 0 0 0 0 0 0 0 0 0 0 100
0 0 98 0 0 0 0 58 0 77 0 0 0 0 0 0 0 74 0 0 79 0 0 0 70 0 31 0 0 53 0 10 0 0 0 0 0 0 0 0
0 0 26 0 0 14 0 0 0 86 0 0 0 47 0 0 0 0 0 68 67 0 41 0 2 0 0 61 0 0 0 0 0 0 40 0 0 0 0 0
49 0 0 0 0 0 0 49 0 0 0 0 0 0 85 0 0 0 0 0 0 0 0 0 74 8 0 0 0 0 43 0 42 66 20 0 0 0 0 0
0 60 0 0 0 53 0 7 0 0 0 0 0 0 0 0 0 0 0 0 0 90 0 0 0 0 84 0 0 0 0 0 0 0 0 0 0 0 63 0
3 0 0 87 4 0 0 0 0 0 37 0 0 0 0 0 0 60 0 0 0 0 19 41 0 0 0 0 12 0 0 0 0 73 0 51 0 0 0 0
0 0 0 0 0 0 0 0 49 0 0 0 0 0 0 48 70 0 0 0 16 0 37 0 0 0 0 0 17 0 0 0 0 0 33 0 0 0 0 0
0 89 0 0 14 27 0 84 9 0 3 0 0 0 0 0 0 0 0 82 0 0 0 0 0 92 0 0 0 0 0 0 14 89 0 40 0 0 0 0
0 53 0 69 0 0 0 0 0 0 61 0 97 0 41 0 0 0 0 0 0 80 0 0 48 0 47 0 0 84 0 0 0 0 64 15 0 0 0 26
0 0 0 0 21 25 18 92 0 0 0 0 0 46 0 77 0 0 0 0 0 0 0 0 0 0 0 0 0 0 42 0 0 0 66 0 0 0 0 0
0 0 0 0 0 0 0 0 0 0 0 0 35 42 67 0 0 0 0 9 0 21 0 0 0 0 13 0 0 0 98 85 0 24 0 3 0 0 25 0
0 9 53 0 0 0 0 27 78 0 97 96 0 0 0 0 0 0 0 0 76 19 0 0 0 0 0 0 0 0 87 0 94 0 0 0 50 90 93 0
0 39 14 0 0 18 0 0 0 0 0 0 59 0 0 0 0 0 0 0 0 78 51 0 45 0 0 15 0 0 0 0 0 1 0 0 0 0 11 0
90 0 0 0 62 0 0 0 0 0 0 0 0 0 0 0 0 0 0 19 91 0 0 0 31 0 0 0 0 0 0 0 0 85 82 0 0 0 85 0
0 0 0 59 0 0 0 93 0 0 0 0 98 37 0 0 0 0 89 7 0 0 32 0 0 0 0 0 37 0 91 0 62 0 0 0 0 0 0 0
0 0 0 0 0 83 0 0 0 0 0 0 0 0 15 91 0 0 0 0 0 59 0 0 0 54 0 0 0 0 0 83 0 28 0 0 0 0 0 0