40
0 0 0 0 0 29 0 0 0 0 0 86 0 0 70 0 0 0 16 0 0 0 98 0 0 0 0 0 0 21 0 0 0 0 0 0 50 4 0 0
0 0 0 100 0 0 90 0 0 0 0 0 0 0 0 0 17 0 0 0 0 0 0 0 62 0 0 0 0 0 0 0 0 0 0 0 0 0 0 0
0 0 0 0 40 0 88 61 0 0 0 0 71 0 0 94 0 53 0 0 0 40 0 0 0 27 0 6 90 0 0 0 0 91 62 0 0 0 0 0
0 7 0 0 0 0 73 0 0 0 90 0 0 0 96 0 52 0 0 0 0 0 0 0 0 0 59 0 8 0 0 0 58 0 0 0 0 0 49 74
0 97 36 0 0 0 0 0 0 65 0 0 0 89 16 0 0 0 0 0 60 0 0 48 0 0 0 49 35 0 0 57 0 0 0 0 0 65 0 15
0 0 64 0 19 0 0 0 0 0 0 0 85 0 89 83 0 31 82 0 0 97 0 30 0 0 0 0 90 0 86 0 0 0 0 0 45 0 0 0
0 0 0 0 0 42 0 18 97 57 0 0 77 0 0 0 0 10 77 0 62 0 0 0 24 0 0 0 0 11 0 0 0 82 59 25 0 0 0 0
0 0 0 10 0 0 0 0 0 93 79 0 0 52 82 36 51 99 0 0 48 0 0 0 0 0 0 43 0 0 0 0 0 0 77 0 62 0 0 0
76 0 0 0 21 0 96 0 0 0 34 31 0 0 0 0 0 0 0 0 0 0 0 5 0 33 11 39 0 100 0 0 0 0 76 0 0 0 0 0
0 0 95 0 0 30 0 0 0 0 0 14 0 0 0 0 0 31 1 0 0 0 0 0 53 14 78 0 53 14 0 0 0 0 0 0 5 37 0 54
0 0 0 0 0 91 0 0 0 13 0 0 52 0 0 0 19 9 100 0 42 0 0 0 0 0 0 0 51 0 0 0 87 0 0 0 0 71 91 0
0 0 0 63 0 0 0 0 0 0 0 0 0 100 0 0 0 0 25 46 0 70 57 0 0 0 0 0 0 0 0 0 0 0 0 0 0 5 0 0
0 0 80 0 68 0 0 0 0 0 0 0 0 18 77 0 71 0 0 0 55 19 0 0 60 0 0 0 0 0 0 0 0 0 0 0 0 0 0 28
0 46 0 0 0 11 0 0 0 0 0 59 0 0 0 0 0 0 0 0 0 95 0 0 0 0 0 0 63 0 0 0 0 0 85 91 0 0 0 75
0 0 0 0 0 0 0 0 0 0 0 43 0 0 0 57 0 0 0 0 0 0 0 0 0 70 0 0 0 0 0 0 0 0 0 44 0 0 8 0
71 0 67 37 0 0 0 0 75 0 0 94 60 0 0 0 0 0 0 0 0 0 0 0 0 9 0 0 28 0 0 0 0 0 0 81 0 0 0 0
0 0 58 0 0 70 0 90 0 3 0 0 0 6 0 0 0 0 0 0 0 0 8 73 0 0 0 0 0 0 0 0 25 21 0 91 0 2 0 0
0 0 0 85 87 0 0 0 0 0 0 0 0 0 0 66 0 0 0 0 0 0 0 60 0 0 0 0 0 0 0 0 0 0 0 11 0 24 0 0
0 0 0 71 0 13 0 0 95 0 67 0 0 0 0 0 0 0 0 27 0 0 0 0 79 0 0 0 89 89 0 12 0 0 0 0 0 0 14 0
0 29 0 3 0 0 80 0 0 0 79 0 0 0 0 0 0 0 0 0 0 100 0 27 46 0 0 0 100 0 19 0 0 0 1 0 0 0 0 0
49 39 1 0 0 0 0 89 78 15 7 0 0 0 0 0 0 0 29 0 0 0 0 0 0 0 0 0 0 0 0 63 0 0 0 0 29 0 0 53
0 0 0 0 20 0 0 0 0 6 0 0 0 23 0 0 0 0 93 58 19 0 35 0 0 0 0 0 34 0 70 2 55 0 0 0 0 0 0 0
0 0 0 0 0 47 43 14 0 0 25 0 0 0 0 0 90 0 0 0 0 0 0 86 0 0 0 0 0 41 0 0 0 0 0 0 0 21 0 0
0 0 0 0 0 0 0 0 0 0 0 0 61 20 0 0 0 27 0 54 10 0 0 0 0 34 0 0 11 0 0 0 85 60 0 0 87 0 0 42
0 0 0 0 0 0 0 0 0 0 0 76 0 0 0 0 0 0 0 40 0 43 0 0 0 0 68 0 2 72 32 18 15 64 0 0 0 16 11 92
22 0 78 0 0 0 0 39 0 0 0 12 0 0 73 11 0 0 0 0 0 0 0 0 0 0 0 100 7 0 0 0 0 23 44 0 0 0 25 0
60 0 0 0 0 0 0 0 40 79 10 0 0 0 8 0 79 0 0 0 0 0 0 2 0 0 0 0 13 0 0 0 48 0 0 0 0 0 25 0
0 87 0 0 0 29 0 0 0 56 9 0 0 0 47 0 0 0 0 0 35 0 0 0 0 0 0 0 98 0 60 0 0 0 0 92 0 0 0 0
0 0 0 0 0 0 0 0 60 0 0 49 0 79 0 0 0 0 72 0 16 27 0 0 93 0 17 0 0 0 0 67 0 0 13 0 0 0 0 4
0 86 0 0 0 0 0 0 29 0 0 78 57 61 0 0 0 0 0 0 0 14 0 0 0 0 0 0 80 0 0 87 0 0 0 0 0 0 0 0
0 0 7 0 0 0 0 0 22 0 0 0 0 0 55 0 85 0 0 0 0 0 0 0 0 0 0 0 0 0 0 0 0 0 81 0 0 0 0 96
19 0 84 87 0 0 0 0 38 0 0 0 0 0 0 0 90 94 72 64 0 0 0 0 0 0 39 0 5 0 0 0 77 0 49 0 0 60 0 0
0 0 0 34 0 0 52 0 0 16 0 0 0 66 15 0 0 0 54 0 0 0 83 0 68 0 0 65 0 0 0 0 0 0 0 0 0 0 0 0
0 0 0 0 0 0 0 0 0 0 89 0 0 0 55 0 0 0 75 0 56 0 0 0 0 0 0 0 81 0 0 0 0 0 1 58 63 0 0 81
0 0 0 0 0 0 59 14 0 0 0 0 0 0 24 0 72 75 0 4 0 0 0 0 0 0 85 0 0 0 0 56 29 0 0 30 0 0 0 0
0 20 0 0 79 0 0 0 0 0 0 0 0 0 0 0 0 0 34 0 74 0 0 0 0 0 0 39 0 84 0 0 0 0 0 0 100 0 0 0
0 0 0 0 0 20 0 88 0 0 0 0 0 0 55 0 56 74 66 0 0 0 0 0 78 0 0 0 0 16 0 77 0 0 98 0 0 0 70 66
0 0 0 97 0 0 0 7 43 0 71 47 0 0 0 0 0 61 0 28 0 11 0 0 0 0 0 0 0 0 0 0 0 0 0 0 0 0 95 0
0 0 0 19 0 0 0 0 0 40 10 61 0 0 94 93 11 0 0 0 0 4 0 0 0 54 0 0 0 0 63 0 0 0 0 0 0 26 0 56
0 0 38 0 0 47 0 0 0 0 0 0 0 0 0 0 0 0 0 0 0 0 0 0 0 75 0 94 0 0 0 0 0 0 0 0 62 91 64 0
0 0 0 0 0 46 0 0 0 0 0 86 0 0 15 0 0 0 73 0 0 0 36 0 0 0 0 0 0 24 0 0 0 0 0 0 50 49 0 0
0 0 0 66 0 0 24 0 0 0 0 0 0 0 0 0 38 0 0 0 0 0 0 0 16 0 0 0 0 0 0 0 0 0 0 0 0 0 0 0
0 0 0 0 19 0 42 34 0 0 0 0 46 0 0 15 0 95 0 0 0 38 0 0 0 55 0 57 75 0 0 0 0 71 74 0 0 0 0 0
0 32 0 0 0 0 57 0 0 0 43 0 0 0 36 0 23 0 0 0 0 0 0 0 0 0 37 0 45 0 0 0 18 0 0 0 0 0 83 10
0 95 66 0 0 0 0 0 0 16 0 0 0 37 48 0 0 0 0 0 62 0 0 64 0 0 0 67 53 0 0 42 0 0 0 0 0 91 0 41
0 0 67 0 23 0 0 0 0 0 0 0 68 0 65 24 0 92 83 0 0 23 0 81 0 0 0 0 43 0 3 0 0 0 0 0 50 0 0 0
0 0 0 0 0 25 0 50 78 81 0 0 33 0 0 0 0 56 3 0 14 0 0 0 90 0 0 0 0 100 0 0 0 41 64 25 0 0 0 0
0 0 0 97 0 0 0 0 0 41 7 0 0 54 51 81 33 92 0 0 98 0 0 0 0 0 0 83 0 0 0 0 0 0 71 0 99 0 0 0
84 0 0 0 94 0 29 0 0 0 78 11 0 0 0 0 0 0 0 0 0 0 0 65 0 93 72 89 0 20 0 0 0 0 40 0 0 0 0 0
0 0 72 0 0 54 0 0 0 0 0 86 0 0 0 0 0 27 16 0 0 0 0 0 46 37 63 0 68 68 0 0 0 0 0 0 57 81 0 49
0 0 0 0 0 56 0 0 0 76 0 0 53 0 0 0 82 98 15 0 23 0 0 0 0 0 0 0 2 0 0 0 6 0 0 0 0 70 45 0
0 0 0 49 0 0 0 0 0 0 0 0 0 70 0 0 0 0 7 63 0 39 83 0 0 0 0 0 0 0 0 0 0 0 0 0 0 85 0 0
0 0 47 0 54 0 0 0 0 0 0 0 0 98 72 0 49 0 0 0 1 59 0 0 59 0 0 0 0 0 0 0 0 0 0 0 0 0 0 43
0 62 0 0 0 39 0 0 0 0 0 95 0 0 0 0 0 0 0 0 0 42 0 0 0 0 0 0 82 0 0 0 0 0 36 49 0 0 0 55
0 0 0 0 0 0 0 0 0 0 0 1 0 0 0 5 0 0 0 0 0 0 0 0 0 30 0 0 0 0 0 0 0 0 0 38 0 0 57 0
68 0 42 67 0 0 0 0 53 0 0 52 58 0 0 0 0 0 0 0 0 0 0 0 0 65 0 0 97 0 0 0 0 0 0 15 0 0 0 0
0 0 75 0 0 75 0 22 0 70 0 0 0 97 0 0 0 0 0 0 0 0 50 44 0 0 0 0 0 0 0 0 45 12 0 58 0 49 0 0
0 0 0 31 90 0 0 0 0 0 0 0 0 0 0 34 0 0 0 0 0 0 0 11 0 0 0 0 0 0 0 0 0 0 0 48 0 11 0 0
0 0 0 67 0 71 0 0 37 0 43 0 0 0 0 0 0 0 0 5 0 0 0 0 76 0 0 0 17 91 0 63 0 0 0 0 0 0 89 0
0 93 0 34 0 0 32 0 0 0 29 0 0 0 0 0 0 0 0 0 0 21 0 80 7 0 0 0 79 0 63 0 0 0 44 0 0 0 0 0
52 18 98 0 0 0 0 59 90 88 27 0 0 0 0 0 0 0 35 0 0 0 0 0 0 0 0 0 0 0 0 49 0 0 0 0 52 0 0 57
0 0 0 0 76 0 0 0 0 67 0 0 0 56 0 0 0 0 16 41 67 0 75 0 0 0 0 0 79 0 16 44 42 0 0 0 0 0 0 0
0 0 0 0 0 97 37 47 0 0 94 0 0 0 0 0 8 0 0 0 0 0 0 100 0 0 0 0 0 66 0 0 0 0 0 0 0 41 0 0
0 0 0 0 0 0 0 0 0 0 0 0 2 10 0 0 0 12 0 53 55 0 0 0 0 16 0 0 42 0 0 0 52 46 0 0 16 0 0 17
0 0 0 0 0 0 0 0 0 0 0 22 0 0 0 0 0 0 0 14 0 61 0 0 0 0 48 0 71 97 51 100 20 25 0 0 0 52 57 41
20 0 93 0 0 0 0 10 0 0 0 57 0 0 99 49 0 0 0 0 0 0 0 0 0 0 0 41 80 0 0 0 0 75 24 0 0 0 60 0
9 0 0 0 0 0 0 0 23 82 53 0 0 0 95 0 35 0 0 0 0 0 0 89 0 0 0 0 16 0 0 0 10 0 0 0 0 0 41 0
0 23 0 0 0 94 0 0 0 72 97 0 0 0 56 0 0 0 0 0 11 0 0 0 0 0 0 0 45 0 14 0 0 0 0 37 0 0 0 0
0 0 0 0 0 0 0 0 52 0 0 70 0 43 0 0 0 0 87 0 40 8 0 0 67 0 21 0 0 0 0 79 0 0 96 0 0 0 0 99
0 79 0 0 0 0 0 0 89 0 0 87 68 59 0 0 0 0 0 0 0 97 0 0 0 0 0 0 12 0 0 38 0 0 0 0 0 0 0 0
0 0 10 0 0 0 0 0 6 0 0 0 0 0 34 0 58 0 0 0 0 0 0 0 0 0 0 0 0 0 0 0 0 0 21 0 0 0 0 71
69 0 87 60 0 0 0 0 94 0 0 0 0 0 0 0 59 46 26 94 0 0 0 0 0 0 57 0 71 0 0 0 56 0 8 0 0 27 0 0
0 0 0 42 0 0 14 0 0 79 0 0 0 8 13 0 0 0 91 0 0 0 24 0 4 0 0 43 0 0 0 0 0 0 0 0 0 0 0 0
0 0 0 0 0 0 0 0 0 0 63 0 0 0 77 0 0 0 1 0 100 0 0 0 0 0 0 0 85 0 0 0 0 0 99 21 100 0 0 29
0 0 0 0 0 0 59 98 0 0 0 0 0 0 14 0 50 71 0 21 0 0 0 0 0 0 28 0 0 0 0 56 75 0 0 86 0 0 0 0
0 99 0 0 22 0 0 0 0 0 0 0 0 0 0 0 0 0 82 0 49 0 0 0 0 0 0 4 0 47 0 0 0 0 0 0 4 0 0 0
0 0 0 0 0 43 0 79 0 0 0 0 0 0 22 0 34 3 39 0 0 0 0 0 27 0 0 0 0 4 0 41 0 0 42 0 0 0 18 65
0 0 0 36 0 0 0 75 93 0 88 58 0 0 0 0 0 6 0 69 0 56 0 0 0 0 0 0 0 0 0 0 0 0 0 0 0 0 84 0
0 0 0 96 0 0 0 0 0 19 74 53 0 0 94 47 8 0 0 0 0 94 0 0 0 84 0 0 0 0 19 0 0 0 0 0 0 77 0 92
0 0 8 0 0 99 0 0 0 0 0 0 0 0 0 0 0 0 0 0 0 0 0 0 0 27 0 13 0 0 0 0 0 0 0 0 55 30 66 0