40
0 35 5 0 0 45 55 0 5 0 35 68 58 69 0 0 0 0 0 0 52 0 0 0 0 0 0 16 0 46 60 0 15 0 0 0 0 0 20 0
0 0 65 0 0 12 0 0 0 0 0 0 0 0 0 0 0 0 0 58 73 0 43 0 63 50 0 34 42 0 0 0 65 0 0 62 0 0 0 0
0 88 0 0 0 0 0 0 45 33 0 0 0 29 24 66 0 0 0 0 0 0 0 27 0 0 0 0 0 55 0 13 0 0 99 0 0 0 0 0
55 0 0 0 0 0 79 0 0 3 0 0 51 0 76 0 0 0 0 0 0 0 63 0 96 0 14 0 83 0 82 0 0 0 0 0 36 0 0 0
76 0 20 0 0 0 0 0 69 21 0 0 0 75 0 0 0 1 0 0 0 0 0 0 0 0 0 0 0 0 0 51 0 0 0 0 75 23 0 0
0 0 0 0 0 0 0 0 0 0 64 0 55 0 27 63 0 17 0 62 0 0 0 0 0 0 87 0 0 0 0 0 0 21 0 0 0 0 0 0
0 26 11 0 31 0 0 0 0 93 0 0 0 0 0 0 0 0 0 0 0 0 0 0 58 0 0 0 0 0 0 0 0 0 0 0 52 63 65 0
0 66 0 0 0 64 60 0 0 0 93 64 0 0 97 0 0 0 0 0 23 0 90 0 1 0 0 0 0 0 0 0 0 0 0 0 0 42 0 0
0 0 0 0 61 91 0 0 0 0 72 0 86 65 40 0 0 50 0 38 0 0 36 0 0 0 59 0 0 0 17 0 0 0 0 0 0 91 0 0
0 0 0 0 0 30 0 90 0 0 0 0 0 0 0 0 0 0 5 65 0 0 0 0 0 79 0 53 0 0 0 0 0 0 0 61 0 0 0 40
0 0 0 0 82 57 0 11 0 0 0 0 0 100 0 0 0 0 32 0 0 0 0 87 0 95 42 78 2 0 50 14 0 0 0 66 0 11 0 0
0 0 66 0 0 0 0 0 0 0 0 0 0 24 0 0 0 0 0 0 0 0 0 0 0 0 70 0 9 0 41 0 23 0 2 0 0 0 44 76
77 0 67 0 0 0 28 0 0 0 0 0 0 0 0 98 0 0 0 38 0 0 0 0 21 0 46 0 86 0 0 0 0 0 0 64 0 0 65 33
0 0 0 0 0 0 0 0 63 0 0 0 0 0 37 45 0 0 0 0 0 0 0 60 0 0 0 0 0 0 0 0 0 0 0 86 0 0 0 1
0 0 0 0 19 19 31 0 0 0 0 0 0 0 0 36 0 45 71 0 77 0 66 0 0 0 95 0 89 3 0 0 0 38 0 84 0 0 0 46
30 48 86 0 0 0 13 0 0 0 83 0 74 0 0 0 0 0 0 0 0 0 97 0 0 0 0 0 33 0 0 0 0 0 0 60 0 30 0 16
0 0 54 0 22 0 68 0 0 56 0 0 0 0 0 0 0 79 0 0 7 0 0 0 0 0 0 0 0 0 0 0 0 0 0 0 0 0 0 21
0 0 0 0 60 0 0 0 0 0 0 0 0 0 59 0 0 0 57 0 0 22 0 86 51 0 0 0 0 0 0 18 0 29 23 21 0 97 0 0
0 0 0 0 0 0 0 0 0 0 0 0 0 0 0 0 0 17 0 0 0 42 0 0 0 0 0 93 41 5 76 0 0 0 0 81 0 0 0 0
0 64 70 0 0 0 0 0 0 0 0 88 0 0 0 0 0 0 0 0 37 70 0 0 0 0 0 0 20 0 37 0 0 0 0 0 0 0 0 0
0 0 49 0 0 0 0 68 0 0 0 0 0 0 0 0 0 0 0 10 0 0 0 0 98 96 0 0 0 0 69 0 0 88 20 0 0 0 0 0
75 0 0 49 0 90 0 2 0 0 94 56 0 0 0 92 0 0 53 0 0 0 0 0 0 0 0 5 0 0 58 0 0 0 71 17 39 0 0 0
0 0 0 0 38 0 0 0 0 0 0 0 0 78 0 0 0 0 0 0 0 26 0 0 0 17 0 0 0 0 0 33 0 0 0 0 19 0 0 0
0 0 0 0 0 0 0 0 0 0 85 0 46 0 54 0 0 0 0 0 0 0 80 0 0 0 35 11 0 45 46 0 0 0 0 0 0 0 0 0
0 0 0 0 76 0 0 0 0 0 0 21 0 36 0 81 0 0 53 0 0 0 0 0 0 15 4 0 0 0 92 0 0 0 0 0 0 96 0 100
0 0 0 0 84 24 53 0 27 0 91 0 0 0 0 0 0 0 0 0 61 0 67 0 0 0 0 0 92 0 0 71 48 0 0 0 98 5 0 0
0 0 54 0 0 0 0 0 0 0 0 0 0 0 0 0 63 0 57 0 0 0 0 0 0 0 0 0 61 0 0 43 0 0 0 0 0 0 100 0
0 0 0 81 24 30 22 0 5 80 0 24 0 37 0 0 0 0 0 0 60 0 0 0 0 0 0 0 0 0 0 0 43 0 0 0 22 0 6 0
0 0 0 0 0 5 0 0 0 0 0 0 0 0 0 0 0 11 0 0 0 0 32 0 0 14 0 91 0 24 0 2 0 0 0 0 0 0 0 0
0 0 0 0 0 0 0 86 0 0 0 0 0 49 48 0 0 75 0 0 0 0 0 41 21 0 0 63 0 0 0 36 0 0 0 0 60 0 0 0
0 0 0 0 0 0 0 0 67 0 0 0 0 0 0 0 0 0 0 0 0 0 0 0 0 0 0 72 0 0 0 26 0 82 56 0 0 0 0 77
0 0 0 85 0 0 0 0 33 0 99 0 0 0 0 0 0 0 0 0 62 0 0 0 0 83 0 0 93 0 0 0 0 0 98 39 73 0 0 0
72 0 64 0 0 0 0 0 57 0 0 0 0 0 0 0 0 0 0 0 0 0 0 0 0 0 29 0 57 0 26 0 0 0 0 0 0 31 0 0
0 0 0 0 0 0 97 20 79 34 0 0 0 0 0 0 92 0 16 0 43 0 0 59 0 0 14 0 0 33 93 0 0 0 0 0 78 0 23 0
0 45 0 0 78 68 0 0 0 0 0 64 0 73 0 39 0 51 21 5 0 76 0 0 0 41 59 0 0 0 55 0 90 0 0 0 0 0 0 4
0 0 0 0 0 0 95 39 0 0 0 0 69 25 95 0 0 12 0 0 0 0 0 0 0 0 0 23 0 0 6 0 0 80 36 0 0 58 99 0
0 39 33 0 0 0 0 0 0 0 53 0 74 0 0 0 0 95 0 0 0 0 0 0 0 0 0 0 0 0 0 40 0 0 3 0 0 95 0 0
0 0 0 0 93 0 55 69 0 84 0 0 0 0 0 0 1 0 19 66 50 64 0 0 97 0 38 72 0 0 95 0 0 0 0 0 0 0 0 0
0 13 0 0 0 88 0 0 0 1 13 0 0 0 64 0 0 0 100 0 71 60 0 0 0 0 0 77 0 7 0 0 0 0 89 0 0 0 0 0
0 0 0 0 0 0 0 92 0 0 0 0 90 0 0 0 21 0 0 0 38 0 0 0 85 0 0 0 31 0 0 0 0 0 0 0 0 0 0 0
0 60 21 0 0 34 32 0 10 0 82 30 32 25 0 0 0 0 0 0 89 0 0 0 0 0 0 58 0 82 79 0 12 0 0 0 0 0 91 0
0 0 6 0 0 26 0 0 0 0 0 0 0 0 0 0 0 0 0 86 48 0 18 0 34 76 0 69 95 0 0 0 65 0 0 15 0 0 0 0
0 20 0 0 0 0 0 0 21 81 0 0 0 46 2 27 0 0 0 0 0 0 0 43 0 0 0 0 0 50 0 77 0 0 36 0 0 0 0 0
29 0 0 0 0 0 40 0 0 22 0 0 64 0 10 0 0 0 0 0 0 0 38 0 64 0 25 0 86 0 57 0 0 0 0 0 13 0 0 0
94 0 36 0 0 0 0 0 43 3 0 0 0 38 0 0 0 18 0 0 0 0 0 0 0 0 0 0 0 0 0 65 0 0 0 0 83 91 0 0
0 0 0 0 0 0 0 0 0 0 87 0 3 0 50 63 0 39 0 87 0 0 0 0 0 0 77 0 0 0 0 0 0 45 0 0 0 0 0 0
0 49 49 0 10 0 0 0 0 78 0 0 0 0 0 0 0 0 0 0 0 0 0 0 54 0 0 0 0 0 0 0 0 0 0 0 82 90 69 0
0 29 0 0 0 42 48 0 0 0 55 38 0 0 69 0 0 0 0 0 89 0 14 0 61 0 0 0 0 0 0 0 0 0 0 0 0 91 0 0
0 0 0 0 44 55 0 0 0 0 17 0 47 87 44 0 0 71 0 57 0 0 49 0 0 0 93 0 0 0 84 0 0 0 0 0 0 36 0 0
0 0 0 0 0 35 0 83 0 0 0 0 0 0 0 0 0 0 30 79 0 0 0 0 0 96 0 19 0 0 0 0 0 0 0 76 0 0 0 77
0 0 0 0 24 85 0 45 0 0 0 0 0 42 0 0 0 0 81 0 0 0 0 52 0 20 93 23 34 0 41 11 0 0 0 71 0 58 0 0
0 0 73 0 0 0 0 0 0 0 0 0 0 69 0 0 0 0 0 0 0 0 0 0 0 0 41 0 45 0 23 0 90 0 94 0 0 0 8 44
88 0 72 0 0 0 47 0 0 0 0 0 0 0 0 75 0 0 0 38 0 0 0 0 14 0 57 0 54 0 0 0 0 0 0 81 0 0 11 25
0 0 0 0 0 0 0 0 42 0 0 0 0 0 38 35 0 0 0 0 0 0 0 56 0 0 0 0 0 0 0 0 0 0 0 78 0 0 0 48
0 0 0 0 98 57 49 0 0 0 0 0 0 0 0 17 0 20 81 0 71 0 67 0 0 0 97 0 59 22 0 0 0 78 0 34 0 0 0 46
80 58 47 0 0 0 50 0 0 0 35 0 64 0 0 0 0 0 0 0 0 0 12 0 0 0 0 0 42 0 0 0 0 0 0 54 0 4 0 20
0 0 88 0 76 0 40 0 0 53 0 0 0 0 0 0 0 65 0 0 2 0 0 0 0 0 0 0 0 0 0 0 0 0 0 0 0 0 0 33
0 0 0 0 63 0 0 0 0 0 0 0 0 0 70 0 0 0 3 0 0 95 0 49 44 0 0 0 0 0 0 83 0 60 11 60 0 23 0 0
0 0 0 0 0 0 0 0 0 0 0 0 0 0 0 0 0 77 0 0 0 87 0 0 0 0 0 24 69 76 40 0 0 0 0 55 0 0 0 0
0 50 32 0 0 0 0 0 0 0 0 13 0 0 0 0 0 0 0 0 41 77 0 0 0 0 0 0 64 0 56 0 0 0 0 0 0 0 0 0
0 0 58 0 0 0 0 87 0 0 0 0 0 0 0 0 0 0 0 67 0 0 0 0 46 54 0 0 0 0 20 0 0 51 46 0 0 0 0 0
100 0 0 37 0 15 0 54 0 0 58 89 0 0 0 21 0 0 7 0 0 0 0 0 0 0 0 30 0 0 66 0 0 0 79 36 82 0 0 0
0 0 0 0 99 0 0 0 0 0 0 0 0 49 0 0 0 0 0 0 0 78 0 0 0 78 0 0 0 0 0 87 0 0 0 0 82 0 0 0
0 0 0 0 0 0 0 0 0 0 98 0 99 0 97 0 0 0 0 0 0 0 9 0 0 0 87 6 0 81 15 0 0 0 0 0 0 0 0 0
0 0 0 0 4 0 0 0 0 0 0 4 0 14 0 31 0 0 39 0 0 0 0 0 0 23 61 0 0 0 26 0 0 0 0 0 0 43 0 58
0 0 0 0 88 58 98 0 33 0 77 0 0 0 0 0 0 0 0 0 6 0 75 0 0 0 0 0 95 0 0 13 2 0 0 0 84 26 0 0
0 0 77 0 0 0 0 0 0 0 0 0 0 0 0 0 44 0 21 0 0 0 0 0 0 0 0 0 1 0 0 29 0 0 0 0 0 0 62 0
0 0 0 4 6 62 70 0 58 5 0 15 0 64 0 0 0 0 0 0 2 0 0 0 0 0 0 0 0 0 0 0 44 0 0 0 2 0 96 0
0 0 0 0 0 17 0 0 0 0 0 0 0 0 0 0 0 38 0 0 0 0 36 0 0 73 0 28 0 22 0 45 0 0 0 0 0 0 0 0
0 0 0 0 0 0 0 15 0 0 0 0 0 50 48 0 0 21 0 0 0 0 0 14 7 0 0 55 0 0 0 43 0 0 0 0 38 0 0 0
0 0 0 0 0 0 0 0 49 0 0 0 0 0 0 0 0 0 0 0 0 0 0 0 0 0 0 31 0 0 0 81 0 26 30 0 0 0 0 38
0 0 0 62 0 0 0 0 59 0 69 0 0 0 0 0 0 0 0 0 28 0 0 0 0 8 0 0 88 0 0 0 0 0 84 32 49 0 0 0
7 0 65 0 0 0 0 0 73 0 0 0 0 0 0 0 0 0 0 0 0 0 0 0 0 0 31 0 19 0 72 0 0 0 0 0 0 66 0 0
0 0 0 0 0 0 6 89 20 88 0 0 0 0 0 0 23 0 33 0 77 0 0 46 0 0 63 0 0 4 90 0 0 0 0 0 83 0 74 0
0 19 0 0 96 45 0 0 0 0 0 69 0 80 0 28 0 44 38 97 0 57 0 0 0 17 95 0 0 0 79 0 79 0 0 0 0 0 0 80
0 0 0 0 0 0 53 74 0 0 0 0 8 77 46 0 0 45 0 0 0 0 0 0 0 0 0 16 0 0 19 0 0 56 47 0 0 97 39 0
0 47 28 0 0 0 0 0 0 0 27 0 71 0 0 0 0 61 0 0 0 0 0 0 0 0 0 0 0 0 0 41 0 0 68 0 0 27 0 0
0 0 0 0 15 0 50 65 0 37 0 0 0 0 0 0 10 0 61 13 44 22 0 0 98 0 78 76 0 0 56 0 0 0 0 0 0 0 0 0
0 87 0 0 0 73 0 0 0 85 27 0 0 0 18 0 0 0 2 0 12 34 0 0 0 0 0 60 0 53 0 0 0 0 45 0 0 0 0 0
0 0 0 0 0 0 0 41 0 0 0 0 15 0 0 0 28 0 0 0 3 0 0 0 53 0 0 0 26 0 0 0 0 0 0 0 0 0 0 0