40
0 86 0 0 0 0 0 0 0 0 0 82 79 0 3 74 20 0 0 87 0 0 0 0 0 0 68 0 0 0 0 0 23 0 0 0 23 0 0 0
0 0 0 0 0 52 0 0 0 31 0 0 53 0 0 56 0 60 0 0 0 0 0 0 0 0 0 21 85 0 0 0 0 0 0 0 0 0 77 43
0 0 0 0 18 74 0 0 0 0 0 0 65 0 0 0 0 0 0 25 0 40 0 0 72 0 0 0 0 0 7 1 0 0 0 0 21 42 42 0
0 0 0 0 87 0 0 0 0 0 0 0 0 0 0 0 0 0 0 0 91 0 0 0 58 0 0 0 26 77 0 0 0 0 0 95 46 0 0 0
0 0 0 87 0 0 0 0 0 0 0 0 0 0 0 0 91 0 0 0 0 0 0 40 0 0 15 97 56 97 4 0 0 0 0 0 0 0 0 0
0 11 0 0 18 0 0 47 0 0 0 65 0 0 0 0 76 78 0 0 0 0 0 0 0 80 0 0 0 0 40 0 0 0 0 0 0 53 0 0
37 58 0 0 6 68 0 0 0 71 96 95 0 0 32 33 93 0 0 2 0 22 44 89 0 0 0 0 0 0 0 47 0 0 0 0 0 0 0 0
0 0 0 0 0 84 97 0 0 0 94 0 99 0 0 0 0 0 0 0 23 0 0 0 0 0 27 0 0 0 0 0 0 0 0 0 0 0 0 0
0 0 0 0 0 0 0 0 0 0 0 0 0 67 0 0 58 0 3 17 0 0 0 0 0 0 0 0 0 87 0 0 0 0 0 0 0 0 0 0
0 0 0 0 0 0 0 0 86 0 0 43 76 0 0 0 0 0 0 7 0 0 0 0 0 0 0 0 14 0 0 0 73 0 25 0 0 0 0 0
0 18 0 0 77 0 0 0 0 0 0 0 0 0 0 32 0 0 0 0 0 86 0 0 0 0 91 0 0 78 98 0 0 0 0 0 0 0 0 0
60 15 0 70 66 0 31 88 0 0 0 0 0 70 0 0 0 0 90 0 0 0 0 0 0 0 18 42 0 0 0 0 42 0 0 0 9 0 0 3
0 0 61 61 0 23 0 0 1 0 0 0 0 0 0 0 0 73 0 0 0 0 54 0 0 0 0 0 46 0 14 0 0 0 0 0 0 0 0 0
0 0 0 0 83 22 98 0 0 0 73 0 0 0 0 0 10 40 0 40 0 15 37 0 0 65 62 0 0 0 0 0 0 0 0 0 39 0 0 0
82 0 0 0 0 0 0 3 0 0 0 0 3 0 0 0 0 0 0 0 50 77 0 0 0 0 24 0 4 0 0 0 0 0 0 0 0 9 0 0
25 27 0 83 89 0 0 59 33 0 0 0 68 0 0 0 0 0 0 65 0 0 0 0 0 0 0 0 0 17 0 0 27 0 0 0 44 0 48 0
0 0 28 0 86 0 0 0 78 0 35 68 0 0 0 0 0 0 0 0 0 0 0 0 0 0 0 0 0 0 70 0 0 86 0 0 83 0 16 0
0 0 64 0 0 0 0 0 0 0 46 0 98 0 0 0 0 0 0 0 0 0 0 0 0 0 60 0 0 0 0 32 0 0 0 0 0 87 0 0
0 0 0 0 0 0 87 0 0 0 0 0 33 50 0 0 60 69 0 0 0 0 0 0 0 0 0 16 38 0 66 39 0 13 0 0 0 0 0 87
0 0 95 0 0 22 4 0 95 26 88 0 0 0 0 0 0 0 0 0 0 0 26 0 61 0 0 49 0 0 0 0 0 77 0 30 0 0 66 0
54 0 0 27 0 58 0 0 0 0 0 27 0 0 0 0 0 76 77 0 0 87 0 0 0 0 58 61 0 0 0 0 0 0 38 34 100 0 0 72
0 83 0 0 0 0 79 0 5 0 0 26 0 31 52 86 0 5 0 45 53 0 0 0 0 0 0 0 56 0 41 0 0 0 0 26 0 72 76 0
0 0 0 0 0 0 37 0 0 3 0 13 0 0 0 0 95 0 0 0 0 0 0 30 0 0 0 0 79 0 32 97 99 0 0 0 0 68 0 81
0 0 0 20 0 0 0 93 0 99 0 0 0 0 0 31 0 0 65 0 0 0 0 0 21 59 0 48 56 0 0 53 0 0 0 62 0 0 0 0
0 0 0 0 0 100 27 0 0 0 0 0 41 0 0 0 0 26 0 0 0 0 0 0 0 0 0 0 0 0 14 0 52 0 0 0 0 0 0 0
0 0 82 0 0 0 0 2 0 0 64 0 0 0 36 65 0 0 0 0 0 0 0 0 0 0 0 48 0 0 0 0 0 0 66 0 0 0 0 23
0 0 0 0 0 0 57 0 0 0 0 0 96 0 0 0 0 0 0 0 52 88 55 43 0 92 0 57 59 0 0 0 49 0 49 0 97 0 0 58
16 0 0 0 0 0 0 0 0 0 0 0 0 0 0 60 10 0 0 0 0 0 50 0 41 0 0 0 0 23 0 0 0 0 0 18 0 0 0 0
0 0 0 0 92 4 55 34 0 0 65 0 0 0 0 0 0 0 29 0 3 0 0 0 77 17 0 0 0 0 0 0 0 13 0 0 32 0 0 0
0 0 0 0 0 0 100 0 0 0 0 5 28 36 0 0 0 0 0 0 0 40 0 0 0 0 33 43 0 0 0 0 0 0 0 0 0 0 0 0
0 94 0 0 0 73 0 0 0 0 7 0 0 0 0 0 0 0 0 0 0 0 40 0 30 0 0 0 0 0 0 45 89 0 0 0 0 0 0 0
10 16 0 96 42 0 39 0 43 0 0 0 0 0 0 0 0 0 0 0 0 0 0 23 0 0 62 0 0 0 0 0 0 0 86 1 0 22 0 0
0 0 65 0 0 76 0 45 0 0 0 52 0 0 0 65 0 0 34 10 0 0 0 46 0 0 0 0 90 0 0 0 0 0 0 35 0 55 84 0
0 0 10 0 0 0 0 0 0 0 0 0 0 0 0 0 0 0 0 0 0 0 0 64 0 0 0 0 59 9 92 37 0 0 3 0 0 0 0 0
0 0 0 0 0 0 0 0 0 0 0 94 0 0 85 0 100 0 0 91 0 0 2 0 52 0 0 0 30 0 0 0 0 0 0 47 0 0 69 0
0 0 0 0 0 0 0 86 0 0 0 0 0 0 0 17 79 0 0 0 31 0 0 0 0 0 86 80 0 0 84 0 0 0 0 0 69 0 0 0
54 0 70 5 0 0 37 76 0 0 51 0 19 0 0 82 0 0 94 73 0 0 0 0 31 0 0 0 0 0 0 0 0 0 0 0 0 0 74 99
6 0 0 15 88 0 0 0 0 0 7 85 0 0 1 0 33 0 0 0 0 0 0 52 0 0 0 80 0 0 41 0 0 0 0 0 61 0 8 0
62 0 0 0 67 0 0 0 25 92 0 0 0 0 28 0 0 0 84 0 0 0 92 0 0 0 30 51 14 100 94 38 99 0 0 0 10 0 0 0
87 0 0 0 0 93 0 0 0 0 0 0 0 0 0 0 0 0 2 0 82 0 0 0 0 0 32 3 1 0 0 9 72 0 0 0 0 0 0 0
0 33 0 0 0 0 0 0 0 0 0 76 76 0 83 24 58 0 0 37 0 0 0 0 0 0 2 0 0 0 0 0 57 0 0 0 82 0 0 0
0 0 0 0 0 63 0 0 0 46 0 0 20 0 0 34 0 66 0 0 0 0 0 0 0 0 0 24 24 0 0 0 0 0 0 0 0 0 6 49
0 0 0 0 61 22 0 0 0 0 0 0 22 0 0 0 0 0 0 76 0 29 0 0 99 0 0 0 0 0 35 57 0 0 0 0 97 46 61 0
0 0 0 0 6 0 0 0 0 0 0 0 0 0 0 0 0 0 0 0 72 0 0 0 92 0 0 0 50 85 0 0 0 0 0 36 19 0 0 0
0 0 0 85 0 0 0 0 0 0 0 0 0 0 0 0 86 0 0 0 0 0 0 74 0 0 44 86 80 18 79 0 0 0 0 0 0 0 0 0
0 12 0 0 20 0 0 75 0 0 0 24 0 0 0 0 74 15 0 0 0 0 0 0 0 33 0 0 0 0 25 0 0 0 0 0 0 26 0 0
2 80 0 0 48 30 0 0 0 50 100 19 0 0 17 3 92 0 0 79 0 3 47 94 0 0 0 0 0 0 0 1 0 0 0 0 0 0 0 0
0 0 0 0 0 91 65 0 0 0 20 0 16 0 0 0 0 0 0 0 38 0 0 0 0 0 80 0 0 0 0 0 0 0 0 0 0 0 0 0
0 0 0 0 0 0 0 0 0 0 0 0 0 13 0 0 57 0 63 69 0 0 0 0 0 0 0 0 0 64 0 0 0 0 0 0 0 0 0 0
0 0 0 0 0 0 0 0 25 0 0 48 27 0 0 0 0 0 0 77 0 0 0 0 0 0 0 0 37 0 0 0 51 0 4 0 0 0 0 0
0 100 0 0 99 0 0 0 0 0 0 0 0 0 0 36 0 0 0 0 0 66 0 0 0 0 36 0 0 8 87 0 0 0 0 0 0 0 0 0
28 8 0 5 1 0 31 97 0 0 0 0 0 28 0 0 0 0 31 0 0 0 0 0 0 0 30 38 0 0 0 0 71 0 0 0 93 0 0 34
0 0 10 74 0 64 0 0 26 0 0 0 0 0 0 0 0 8 0 0 0 0 31 0 0 0 0 0 5 0 77 0 0 0 0 0 0 0 0 0
0 0 0 0 37 7 71 0 0 0 17 0 0 0 0 0 24 26 0 55 0 50 79 0 0 88 97 0 0 0 0 0 0 0 0 0 30 0 0 0
88 0 0 0 0 0 0 27 0 0 0 0 40 0 0 0 0 0 0 0 33 39 0 0 0 0 64 0 51 0 0 0 0 0 0 0 0 51 0 0
53 80 0 30 40 0 0 18 76 0 0 0 6 0 0 0 0 0 0 67 0 0 0 0 0 0 0 0 0 96 0 0 3 0 0 0 38 0 70 0
0 0 41 0 94 0 0 0 89 0 39 43 0 0 0 0 0 0 0 0 0 0 0 0 0 0 0 0 0 0 64 0 0 62 0 0 60 0 11 0
0 0 33 0 0 0 0 0 0 0 51 0 49 0 0 0 0 0 0 0 0 0 0 0 0 0 40 0 0 0 0 45 0 0 0 0 0 22 0 0
0 0 0 0 0 0 96 0 0 0 0 0 15 21 0 0 69 54 0 0 0 0 0 0 0 0 0 13 35 0 52 71 0 14 0 0 0 0 0 86
0 0 98 0 0 35 14 0 83 81 36 0 0 0 0 0 0 0 0 0 0 0 6 0 90 0 0 65 0 0 0 0 0 3 0 33 0 0 37 0
41 0 0 51 0 50 0 0 0 0 0 43 0 0 0 0 0 83 48 0 0 59 0 0 0 0 31 56 0 0 0 0 0 0 65 12 76 0 0 73
0 23 0 0 0 0 27 0 74 0 0 57 0 99 68 16 0 92 0 37 45 0 0 0 0 0 0 0 44 0 2 0 0 0 0 3 0 95 78 0
0 0 0 0 0 0 24 0 0 58 0 95 0 0 0 0 83 0 0 0 0 0 0 7 0 0 0 0 4 0 69 49 77 0 0 0 0 36 0 50
0 0 0 80 0 0 0 2 0 99 0 0 0 0 0 3 0 0 52 0 0 0 0 0 16 16 0 97 78 0 0 61 0 0 0 62 0 0 0 0
0 0 0 0 0 39 58 0 0 0 0 0 74 0 0 0 0 23 0 0 0 0 0 0 0 0 0 0 0 0 78 0 1 0 0 0 0 0 0 0
0 0 11 0 0 0 0 73 0 0 29 0 0 0 37 83 0 0 0 0 0 0 0 0 0 0 0 23 0 0 0 0 0 0 34 0 0 0 0 75
0 0 0 0 0 0 81 0 0 0 0 0 22 0 0 0 0 0 0 0 7 65 56 94 0 23 0 1 23 0 0 0 79 0 76 0 25 0 0 9
39 0 0 0 0 0 0 0 0 0 0 0 0 0 0 91 1 0 0 0 0 0 13 0 73 0 0 0 0 98 0 0 0 0 0 62 0 0 0 0
0 0 0 0 77 82 46 100 0 0 5 0 0 0 0 0 0 0 12 0 1 0 0 0 3 73 0 0 0 0 0 0 0 55 0 0 82 0 0 0
0 0 0 0 0 0 34 0 0 0 0 80 85 43 0 0 0 0 0 0 0 100 0 0 0 0 73 92 0 0 0 0 0 0 0 0 0 0 0 0
0 29 0 0 0 44 0 0 0 0 64 0 0 0 0 0 0 0 0 0 0 0 90 0 34 0 0 0 0 0 0 9 66 0 0 0 0 0 0 0
96 56 0 49 5 0 46 0 98 0 0 0 0 0 0 0 0 0 0 0 0 0 0 58 0 0 45 0 0 0 0 0 0 0 52 62 0 27 0 0
0 0 73 0 0 82 0 34 0 0 0 20 0 0 0 74 0 0 93 9 0 0 0 22 0 0 0 0 78 0 0 0 0 0 0 39 0 93 82 0
0 0 66 0 0 0 0 0 0 0 0 0 0 0 0 0 0 0 0 0 0 0 0 6 0 0 0 0 73 55 65 5 0 0 89 0 0 0 0 0
0 0 0 0 0 0 0 0 0 0 0 40 0 0 52 0 23 0 0 76 0 0 100 0 84 0 0 0 76 0 0 0 0 0 0 45 0 0 80 0
0 0 0 0 0 0 0 74 0 0 0 0 0 0 0 67 52 0 0 0 13 0 0 0 0 0 67 28 0 0 67 0 0 0 0 0 99 0 0 0
63 0 21 81 0 0 48 88 0 0 48 0 89 0 0 62 0 0 60 1 0 0 0 0 28 0 0 0 0 0 0 0 0 0 0 0 0 0 76 94
56 0 0 78 54 0 0 0 0 0 37 29 0 0 6 0 89 0 0 0 0 0 0 75 0 0 0 88 0 0 10 0 0 0 0 0 45 0 60 0
28 0 0 0 35 0 0 0 31 63 0 0 0 0 91 0 0 0 93 0 0 0 33 0 0 0 3 54 95 55 64 24 58 0 0 0 29 0 0 0
76 0 0 0 0 96 0 0 0 0 0 0 0 0 0 0 0 0 22 0 20 0 0 0 0 0 15 24 47 0 0 54 65 0 0 0 0 0 0 0