40
0 0 0 0 0 0 0 0 0 89 0 0 0 0 0 35 0 33 0 0 0 0 0 34 42 0 0 0 0 93 88 0 0 59 0 99 0 0 0 0
0 0 54 0 0 29 0 0 0 0 0 0 0 0 0 0 39 0 91 0 0 0 0 0 0 0 0 0 33 79 0 0 0 0 61 0 0 0 8 0
0 0 0 0 0 0 0 33 0 0 0 0 0 0 0 7 2 37 0 0 0 0 96 0 0 0 6 0 0 0 0 0 68 90 0 0 0 61 0 0
0 0 13 0 0 0 0 0 0 0 48 42 0 0 38 0 0 0 0 0 0 0 0 0 65 0 74 0 0 0 0 0 19 0 52 30 0 0 0 0
0 0 0 0 0 14 81 70 0 94 0 44 47 22 64 0 0 0 62 0 0 62 0 0 38 0 0 0 0 0 0 57 66 58 0 0 0 37 0 0
0 0 0 0 0 0 0 70 0 44 0 0 0 0 0 31 0 0 0 0 0 91 88 63 0 72 0 23 35 0 0 0 0 0 0 0 0 16 0 0
0 0 0 0 0 0 0 0 0 0 0 42 0 0 0 0 0 0 49 0 0 65 72 42 83 0 0 0 0 0 0 0 16 0 0 0 0 0 59 18
68 0 0 0 52 0 0 0 0 41 67 0 0 0 0 32 16 0 82 0 0 17 0 34 37 0 0 48 0 0 0 0 0 0 24 0 96 78 1 60
0 0 0 0 70 0 0 0 0 0 40 0 0 0 0 0 42 26 22 0 0 56 0 0 82 70 0 0 0 0 61 22 94 0 0 0 0 54 0 0
0 0 0 0 0 0 0 0 0 0 0 0 38 0 9 0 63 0 38 0 30 0 0 0 0 0 0 0 0 51 39 43 96 10 0 68 0 0 0 93
0 0 95 0 0 0 0 0 0 0 0 0 0 0 0 3 88 0 60 0 37 0 76 36 0 0 0 0 0 0 0 15 0 0 0 45 0 0 0 0
0 0 0 0 0 0 0 32 0 0 31 0 0 0 58 0 0 100 0 0 0 0 0 0 0 0 0 0 0 0 3 91 0 0 0 13 0 0 79 0
0 97 0 0 0 100 0 0 0 0 0 0 0 60 0 0 0 0 0 0 0 81 0 0 0 0 80 0 0 0 0 0 0 0 0 0 0 99 100 0
0 0 0 0 0 0 0 76 5 0 0 0 0 0 59 0 0 0 29 0 36 0 8 0 0 77 0 0 0 0 90 0 0 0 27 0 0 0 98 0
38 49 0 0 0 0 84 0 0 0 0 51 0 33 0 68 19 0 0 0 99 0 0 0 9 14 0 57 0 0 0 0 0 0 0 83 0 0 0 88
0 0 0 0 0 85 0 0 0 92 49 25 15 0 55 0 0 70 0 0 0 0 0 0 48 1 0 0 0 0 0 0 0 0 55 0 0 0 0 0
0 0 0 0 0 0 0 0 0 0 0 0 0 29 0 0 0 0 0 0 82 0 0 0 0 0 0 0 62 0 11 0 74 0 0 0 0 0 0 0
0 0 47 25 0 0 0 0 0 0 95 0 0 0 0 0 0 0 0 55 0 0 0 0 0 0 0 41 0 0 0 0 31 0 0 0 0 0 0 17
0 0 0 0 88 0 0 0 0 0 0 100 0 0 0 78 0 0 0 53 0 0 0 0 0 0 0 0 0 0 0 76 0 0 0 0 0 0 0 81
0 0 0 27 0 24 0 0 0 0 6 7 0 87 0 0 1 0 0 0 53 0 0 0 0 0 0 0 0 0 0 0 0 0 0 26 0 0 35 0
0 0 0 83 0 37 48 0 0 12 57 0 79 0 74 92 68 0 0 88 0 0 95 0 0 0 0 0 0 0 0 97 4 0 0 0 0 0 0 0
0 0 0 0 0 0 0 0 62 0 0 0 0 0 0 0 0 25 85 0 0 0 92 0 0 0 18 0 21 0 13 0 0 0 26 0 0 85 0 0
0 0 0 96 0 0 29 61 97 0 67 0 0 0 44 0 0 45 0 0 48 13 0 0 0 0 0 0 0 21 0 0 0 0 0 0 0 67 0 0
85 69 0 0 0 0 0 78 0 49 43 0 0 0 0 0 70 0 67 0 0 0 0 0 0 0 0 62 0 0 0 0 0 0 0 0 13 44 0 0
86 100 0 0 0 0 0 0 77 0 0 0 0 34 0 77 0 0 0 0 0 0 67 97 0 0 0 0 0 73 0 0 0 33 0 0 0 0 0 0
0 0 0 0 0 0 96 96 0 0 0 0 0 98 0 93 13 0 82 0 0 0 87 97 86 0 0 40 0 0 0 0 0 0 0 0 0 48 4 0
0 0 0 40 0 14 0 0 68 22 0 0 0 0 0 0 0 0 57 0 15 0 0 49 0 0 0 0 0 0 0 0 0 82 0 0 0 0 0 0
0 0 88 0 100 0 96 0 0 0 0 0 85 0 0 0 89 0 0 0 3 0 37 0 39 0 0 0 0 51 0 23 0 7 0 37 0 0 0 81
0 17 0 0 0 0 0 0 0 0 22 0 0 0 0 0 0 0 0 0 0 0 0 0 0 0 0 0 0 0 0 55 6 0 0 0 0 0 0 0
0 98 0 0 0 0 0 0 0 0 68 0 0 0 86 0 0 0 0 0 0 0 0 0 0 0 0 0 75 0 0 0 0 0 0 0 0 0 0 0
72 0 0 91 0 0 0 0 62 46 30 0 40 0 0 0 49 0 42 0 0 31 0 0 62 0 0 0 0 34 0 0 0 0 78 0 0 20 0 0
15 0 57 0 0 0 0 82 0 0 63 0 0 0 63 0 0 0 90 0 0 0 10 0 75 20 0 47 0 0 0 0 57 0 13 0 52 0 12 0
0 79 69 0 2 0 0 51 0 0 0 0 0 0 0 0 81 34 0 90 0 0 18 38 77 5 0 0 13 0 0 99 0 0 0 0 88 58 0 24
0 47 56 73 0 0 0 0 0 0 0 0 0 54 0 0 0 0 0 0 0 0 34 0 0 0 0 0 0 26 0 0 0 0 57 89 0 0 20 31
0 0 0 74 0 0 0 79 4 53 47 0 0 0 0 0 0 0 6 0 0 78 0 0 70 0 0 86 0 0 0 0 0 0 0 0 0 0 0 0
68 0 0 0 0 61 0 33 0 0 93 78 0 0 0 0 53 0 0 0 64 0 0 27 23 0 0 0 0 72 0 29 0 42 0 0 0 0 0 0
27 0 24 0 0 0 0 0 0 0 0 0 49 0 0 0 0 0 0 57 0 0 0 0 24 0 0 0 0 0 0 0 0 0 0 0 0 0 76 0
34 0 0 0 37 0 38 0 0 0 0 0 0 21 0 0 90 0 29 29 0 0 0 0 0 0 0 53 0 0 0 22 0 0 0 59 0 0 12 0
0 0 88 0 0 0 61 0 0 0 0 93 0 0 2 0 0 0 0 0 0 0 0 0 0 16 0 0 0 0 0 0 64 0 0 0 0 0 0 3
0 0 0 0 0 0 0 0 0 0 0 0 0 15 0 0 0 6 0 0 0 0 16 0 0 0 50 0 0 0 65 0 0 0 0 79 0 0 0 0
0 0 0 0 0 0 0 0 0 9 0 0 0 0 0 76 0 61 0 0 0 0 0 60 57 0 0 0 0 63 97 0 0 65 0 72 0 0 0 0
0 0 11 0 0 54 0 0 0 0 0 0 0 0 0 0 52 0 31 0 0 0 0 0 0 0 0 0 62 79 0 0 0 0 61 0 0 0 42 0
0 0 0 0 0 0 0 41 0 0 0 0 0 0 0 91 3 82 0 0 0 0 81 0 0 0 33 0 0 0 0 0 42 88 0 0 0 77 0 0
0 0 23 0 0 0 0 0 0 0 96 55 0 0 56 0 0 0 0 0 0 0 0 0 45 0 71 0 0 0 0 0 66 0 46 39 0 0 0 0
0 0 0 0 0 83 37 19 0 42 0 96 74 74 81 0 0 0 68 0 0 83 0 0 48 0 0 0 0 0 0 44 48 52 0 0 0 42 0 0
0 0 0 0 0 0 0 49 0 34 0 0 0 0 0 49 0 0 0 0 0 37 11 87 0 45 0 67 21 0 0 0 0 0 0 0 0 98 0 0
0 0 0 0 0 0 0 0 0 0 0 12 0 0 0 0 0 0 2 0 0 21 61 100 25 0 0 0 0 0 0 0 71 0 0 0 0 0 25 54
57 0 0 0 46 0 0 0 0 36 72 0 0 0 0 68 47 0 75 0 0 39 0 81 37 0 0 19 0 0 0 0 0 0 69 0 97 12 11 14
0 0 0 0 67 0 0 0 0 0 54 0 0 0 0 0 24 26 74 0 0 13 0 0 12 83 0 0 0 0 47 78 13 0 0 0 0 23 0 0
0 0 0 0 0 0 0 0 0 0 0 0 86 0 16 0 39 0 67 0 87 0 0 0 0 0 0 0 0 30 14 26 54 12 0 53 0 0 0 69
0 0 88 0 0 0 0 0 0 0 0 0 0 0 0 72 40 0 22 0 58 0 2 47 0 0 0 0 0 0 0 63 0 0 0 29 0 0 0 0
0 0 0 0 0 0 0 69 0 0 43 0 0 0 77 0 0 18 0 0 0 0 0 0 0 0 0 0 0 0 4 17 0 0 0 51 0 0 10 0
0 58 0 0 0 92 0 0 0 0 0 0 0 58 0 0 0 0 0 0 0 85 0 0 0 0 70 0 0 0 0 0 0 0 0 0 0 84 13 0
0 0 0 0 0 0 0 87 24 0 0 0 0 0 27 0 0 0 90 0 43 0 57 0 0 8 0 0 0 0 53 0 0 0 73 0 0 0 33 0
79 59 0 0 0 0 45 0 0 0 0 24 0 90 0 37 93 0 0 0 99 0 0 0 14 8 0 36 0 0 0 0 0 0 0 98 0 0 0 64
0 0 0 0 0 18 0 0 0 9 86 20 5 0 28 0 0 35 0 0 0 0 0 0 10 98 0 0 0 0 0 0 0 0 30 0 0 0 0 0
0 0 0 0 0 0 0 0 0 0 0 0 0 84 0 0 0 0 0 0 96 0 0 0 0 0 0 0 77 0 26 0 35 0 0 0 0 0 0 0
0 0 57 78 0 0 0 0 0 0 27 0 0 0 0 0 0 0 0 69 0 0 0 0 0 0 0 26 0 0 0 0 71 0 0 0 0 0 0 75
0 0 0 0 64 0 0 0 0 0 0 71 0 0 0 87 0 0 0 35 0 0 0 0 0 0 0 0 0 0 0 81 0 0 0 0 0 0 0 48
0 0 0 96 0 32 0 0 0 0 8 25 0 71 0 0 47 0 0 0 97 0 0 0 0 0 0 0 0 0 0 0 0 0 0 84 0 0 79 0
0 0 0 39 0 37 12 0 0 31 42 0 75 0 94 84 54 0 0 60 0 0 22 0 0 0 0 0 0 0 0 80 15 0 0 0 0 0 0 0
0 0 0 0 0 0 0 0 44 0 0 0 0 0 0 0 0 66 46 0 0 0 76 0 0 0 20 0 63 0 50 0 0 0 78 0 0 91 0 0
0 0 0 36 0 0 61 12 60 0 31 0 0 0 55 0 0 70 0 0 13 12 0 0 0 0 0 0 0 74 0 0 0 0 0 0 0 18 0 0
36 22 0 0 0 0 0 5 0 26 68 0 0 0 0 0 85 0 22 0 0 0 0 0 0 0 0 64 0 0 0 0 0 0 0 0 55 45 0 0
83 40 0 0 0 0 0 0 46 0 0 0 0 14 0 95 0 0 0 0 0 0 28 67 0 0 0 0 0 95 0 0 0 50 0 0 0 0 0 0
0 0 0 0 0 0 91 81 0 0 0 0 0 41 0 62 92 0 55 0 0 0 45 51 50 0 0 11 0 0 0 0 0 0 0 0 0 97 7 0
0 0 0 83 0 12 0 0 42 61 0 0 0 0 0 0 0 0 16 0 56 0 0 47 0 0 0 0 0 0 0 0 0 64 0 0 0 0 0 0
0 0 46 0 38 0 68 0 0 0 0 0 13 0 0 0 3 0 0 0 17 0 12 0 6 0 0 0 0 29 0 35 0 78 0 100 0 0 0 57
0 5 0 0 0 0 0 0 0 0 37 0 0 0 0 0 0 0 0 0 0 0 0 0 0 0 0 0 0 0 0 15 29 0 0 0 0 0 0 0
0 88 0 0 0 0 0 0 0 0 19 0 0 0 68 0 0 0 0 0 0 0 0 0 0 0 0 0 84 0 0 0 0 0 0 0 0 0 0 0
5 0 0 49 0 0 0 0 18 92 48 0 21 0 0 0 66 0 76 0 0 25 0 0 43 0 0 0 0 23 0 0 0 0 71 0 0 72 0 0
13 0 28 0 0 0 0 64 0 0 53 0 0 0 72 0 0 0 17 0 0 0 29 0 13 37 0 42 0 0 0 0 56 0 33 0 77 0 83 0
0 86 64 0 98 0 0 77 0 0 0 0 0 0 0 0 31 25 0 35 0 0 30 65 75 92 0 0 13 0 0 15 0 0 0 0 49 79 0 32
0 61 43 9 0 0 0 0 0 0 0 0 0 74 0 0 0 0 0 0 0 0 8 0 0 0 0 0 0 54 0 0 0 0 16 15 0 0 63 89
0 0 0 65 0 0 0 62 57 51 86 0 0 0 0 0 0 0 39 0 0 48 0 0 85 0 0 56 0 0 0 0 0 0 0 0 0 0 0 0
55 0 0 0 0 89 0 10 0 0 35 53 0 0 0 0 58 0 0 0 21 0 0 24 48 0 0 0 0 42 0 57 0 18 0 0 0 0 0 0
15 0 73 0 0 0 0 0 0 0 0 0 25 0 0 0 0 0 0 22 0 0 0 0 96 0 0 0 0 0 0 0 0 0 0 0 0 0 27 0
54 0 0 0 13 0 46 0 0 0 0 0 0 95 0 0 21 0 97 18 0 0 0 0 0 0 0 63 0 0 0 60 0 0 0 80 0 0 89 0
0 0 57 0 0 0 14 0 0 0 0 75 0 0 53 0 0 0 0 0 0 0 0 0 0 89 0 0 0 0 0 0 36 0 0 0 0 0 0 59
0 0 0 0 0 0 0 0 0 0 0 0 0 84 0 0 0 77 0 0 0 0 6 0 0 0 40 0 0 0 35 0 0 0 0 19 0 0 0 0