40
0 0 40 0 0 0 0 0 0 0 0 5 0 12 0 0 0 2 33 81 57 54 0 5 0 0 0 59 0 100 0 0 56 0 64 38 56 0 0 0
0 0 71 24 45 42 28 0 0 0 0 0 0 0 26 0 10 0 87 0 0 0 50 0 0 0 0 0 69 0 0 0 0 0 0 0 43 0 23 0
0 89 0 0 0 0 0 39 0 33 0 0 0 0 61 90 0 0 0 0 0 33 55 0 0 46 0 0 0 93 0 69 0 0 12 0 78 0 0 79
0 22 0 0 71 0 0 0 0 54 0 0 0 0 25 0 0 88 0 0 0 0 0 0 97 0 0 0 0 0 0 0 42 0 14 0 0 0 0 0
0 0 0 0 0 0 71 54 0 99 0 0 0 0 0 0 0 0 0 0 0 0 0 0 0 0 0 0 0 0 19 17 31 0 0 88 0 7 0 51
0 0 0 0 94 0 36 17 0 3 0 48 0 76 0 0 0 0 70 5 0 0 0 0 0 0 0 88 0 0 0 0 0 0 0 0 0 0 0 9
34 0 0 0 0 0 0 0 0 0 0 0 77 0 0 0 0 0 12 0 0 0 0 0 0 24 0 0 0 0 0 0 5 0 0 0 0 0 0 0
0 0 0 0 0 0 0 0 0 0 32 0 0 0 37 0 0 25 0 0 0 0 33 86 33 0 0 0 95 24 0 65 0 0 0 43 24 0 0 0
0 23 0 0 0 0 0 46 0 0 0 0 0 29 0 32 12 0 0 93 0 0 0 0 0 67 0 0 0 39 0 0 0 0 0 0 0 0 0 62
0 0 0 0 0 0 0 53 0 0 0 0 0 0 95 66 27 51 92 0 0 27 0 0 0 0 0 0 34 0 95 98 0 0 0 0 0 88 0 73
0 11 0 0 0 0 0 0 0 0 0 0 0 0 25 0 58 0 0 0 0 0 0 0 94 0 52 56 0 0 0 0 0 0 0 0 0 55 0 0
0 0 33 26 24 0 0 0 0 0 0 0 0 0 0 0 33 14 0 86 0 93 0 0 0 0 0 0 0 0 79 0 0 0 0 0 0 82 35 0
0 0 0 38 0 19 0 38 0 0 0 0 0 0 0 0 0 0 0 0 0 0 0 0 91 0 0 44 25 0 0 26 0 0 9 0 0 0 0 0
0 58 0 67 0 0 5 0 0 0 14 48 27 0 76 79 0 0 0 0 0 0 0 0 0 92 0 0 8 0 0 0 0 0 0 0 0 74 0 37
0 0 98 0 0 0 0 41 0 24 0 0 0 0 0 0 21 20 0 0 0 0 69 0 0 0 0 0 36 0 0 0 12 99 0 0 0 0 0 0
0 0 0 0 16 86 0 0 0 0 98 0 63 0 0 0 0 0 0 0 0 29 0 53 0 57 0 0 0 0 33 0 0 0 0 0 0 2 17 91
0 0 42 0 0 0 0 0 0 0 0 0 0 90 87 31 0 0 50 0 0 0 0 0 11 0 27 79 0 0 0 0 0 0 0 0 21 0 0 0
0 0 0 0 0 0 0 72 0 0 76 0 0 49 0 0 0 0 0 0 43 30 0 0 15 56 0 86 0 0 0 0 0 0 0 0 18 0 0 0
0 0 0 0 0 0 0 0 0 0 0 94 0 0 0 0 2 0 0 0 93 0 65 29 0 18 0 0 8 0 0 0 0 76 0 0 0 0 0 0
0 0 0 8 0 0 0 0 45 0 0 0 0 0 0 6 0 0 0 0 0 0 0 0 0 0 0 0 0 0 0 71 0 0 0 0 35 0 0 0
0 76 0 0 0 0 7 0 0 0 0 0 37 0 39 0 0 0 0 0 0 0 0 0 0 94 0 0 0 0 0 50 0 0 0 0 0 0 21 0
0 0 0 0 0 0 0 0 0 0 58 0 0 35 8 0 0 44 79 9 0 0 0 4 39 64 0 0 0 47 0 0 0 0 28 0 64 0 0 0
0 0 0 67 69 0 0 0 60 0 0 6 61 0 0 0 71 43 0 0 0 0 0 0 59 0 0 0 30 0 0 0 0 96 0 0 0 0 0 35
90 0 0 0 0 0 0 35 0 0 3 0 0 0 3 0 0 86 29 0 0 52 0 0 0 0 0 0 95 8 0 29 99 96 95 0 32 0 0 0
95 0 0 0 81 0 0 0 74 0 0 0 0 0 62 0 0 0 0 98 0 91 86 0 0 0 93 0 0 0 0 0 0 0 0 0 84 0 0 0
0 0 0 18 0 0 3 0 100 0 0 0 0 0 0 0 0 0 0 0 0 0 0 0 0 0 0 0 42 0 0 0 0 80 0 0 41 0 0 22
0 92 0 49 19 68 21 0 0 95 64 0 0 0 0 0 0 73 0 0 62 0 47 8 0 0 0 30 26 0 0 53 0 26 0 0 0 0 0 0
88 60 0 0 12 0 19 0 0 0 0 31 0 66 48 79 0 0 0 0 0 0 0 0 0 0 0 0 0 0 0 0 0 0 63 0 0 0 0 0
0 0 17 0 0 0 0 0 0 0 0 0 0 0 0 0 11 83 0 0 0 0 0 0 0 0 0 0 0 0 0 0 0 0 0 83 0 0 0 0
3 0 0 0 0 0 0 0 0 0 0 0 0 49 49 97 0 0 21 5 0 0 0 1 0 0 0 0 0 0 0 0 0 0 88 0 0 0 0 0
0 0 92 0 80 9 0 0 0 0 77 0 0 0 65 0 51 79 81 0 0 0 0 0 0 43 0 0 0 0 0 0 0 0 0 0 0 0 0 50
0 41 0 63 0 0 0 0 0 0 0 0 0 0 6 0 0 16 9 0 0 0 0 0 0 0 0 44 27 83 88 0 0 0 49 0 0 0 0 58
0 0 23 0 0 0 30 0 0 0 23 0 35 86 21 41 0 0 99 0 19 0 0 0 0 96 0 0 0 0 0 0 0 0 0 0 77 0 0 0
51 0 0 0 0 0 0 0 58 0 0 0 0 0 0 0 0 0 0 0 85 0 23 0 0 0 59 0 0 0 0 0 0 0 0 40 0 25 99 0
0 5 0 0 0 0 0 0 0 18 0 59 0 0 0 0 0 0 61 0 11 0 0 0 0 0 0 0 0 0 0 77 0 0 0 54 56 0 0 0
0 39 0 27 0 0 0 0 71 0 0 0 7 47 0 0 0 54 0 0 0 0 0 52 0 0 0 0 0 0 0 0 0 0 22 0 0 59 91 0
0 0 0 0 54 0 0 0 65 0 0 65 36 0 0 0 0 0 0 0 0 0 53 0 0 99 0 33 10 0 0 0 0 0 0 45 0 0 34 0
6 61 29 36 0 0 34 0 56 0 93 0 14 100 0 0 0 0 90 0 0 0 0 0 0 0 65 0 0 0 0 78 0 0 14 0 70 0 0 0
0 0 0 0 0 0 0 0 0 0 0 0 0 0 0 0 0 81 0 31 0 0 0 0 0 11 0 0 73 0 0 0 49 90 0 0 0 24 0 89
2 0 24 0 95 0 0 0 0 0 0 0 0 0 27 0 0 0 0 0 0 0 4 0 0 68 85 54 0 61 98 77 0 50 0 0 0 0 0 0
0 0 1 0 0 0 0 0 0 0 0 89 0 29 0 0 0 76 3 68 17 74 0 67 0 0 0 37 0 36 0 0 7 0 57 78 26 0 0 0
0 0 18 32 23 21 17 0 0 0 0 0 0 0 98 0 73 0 79 0 0 0 36 0 0 0 0 0 95 0 0 0 0 0 0 0 18 0 36 0
0 16 0 0 0 0 0 42 0 94 0 0 0 0 42 99 0 0 0 0 0 20 58 0 0 72 0 0 0 74 0 70 0 0 51 0 23 0 0 65
0 45 0 0 52 0 0 0 0 88 0 0 0 0 10 0 0 72 0 0 0 0 0 0 85 0 0 0 0 0 0 0 90 0 55 0 0 0 0 0
0 0 0 0 0 0 86 22 0 39 0 0 0 0 0 0 0 0 0 0 0 0 0 0 0 0 0 0 0 0 16 26 67 0 0 81 0 16 0 51
0 0 0 0 100 0 32 88 0 76 0 67 0 6 0 0 0 0 100 84 0 0 0 0 0 0 0 73 0 0 0 0 0 0 0 0 0 0 0 80
99 0 0 0 0 0 0 0 0 0 0 0 81 0 0 0 0 0 59 0 0 0 0 0 0 16 0 0 0 0 0 0 32 0 0 0 0 0 0 0
0 0 0 0 0 0 0 0 0 0 73 0 0 0 68 0 0 30 0 0 0 0 94 81 27 0 0 0 16 45 0 26 0 0 0 25 72 0 0 0
0 66 0 0 0 0 0 89 0 0 0 0 0 61 0 16 27 0 0 77 0 0 0 0 0 25 0 0 0 87 0 0 0 0 0 0 0 0 0 17
0 0 0 0 0 0 0 79 0 0 0 0 0 0 4 65 9 62 44 0 0 66 0 0 0 0 0 0 20 0 60 73 0 0 0 0 0 99 0 35
0 64 0 0 0 0 0 0 0 0 0 0 0 0 83 0 73 0 0 0 0 0 0 0 85 0 75 98 0 0 0 0 0 0 0 0 0 36 0 0
0 0 48 44 81 0 0 0 0 0 0 0 0 0 0 0 87 5 0 90 0 62 0 0 0 0 0 0 0 0 6 0 0 0 0 0 0 63 57 0
0 0 0 8 0 85 0 33 0 0 0 0 0 0 0 0 0 0 0 0 0 0 0 0 85 0 0 14 9 0 0 58 0 0 9 0 0 0 0 0
0 78 0 70 0 0 33 0 0 0 80 52 53 0 85 47 0 0 0 0 0 0 0 0 0 71 0 0 96 0 0 0 0 0 0 0 0 62 0 55
0 0 29 0 0 0 0 60 0 26 0 0 0 0 0 0 42 33 0 0 0 0 43 0 0 0 0 0 73 0 0 0 77 16 0 0 0 0 0 0
0 0 0 0 56 61 0 0 0 0 16 0 22 0 0 0 0 0 0 0 0 5 0 1 0 87 0 0 0 0 78 0 0 0 0 0 0 28 97 98
0 0 29 0 0 0 0 0 0 0 0 0 0 69 75 18 0 0 29 0 0 0 0 0 95 0 49 39 0 0 0 0 0 0 0 0 61 0 0 0
0 0 0 0 0 0 0 99 0 0 16 0 0 43 0 0 0 0 0 0 19 42 0 0 82 31 0 2 0 0 0 0 0 0 0 0 27 0 0 0
0 0 0 0 0 0 0 0 0 0 0 11 0 0 0 0 86 0 0 0 83 0 55 36 0 3 0 0 89 0 0 0 0 56 0 0 0 0 0 0
0 0 0 79 0 0 0 0 74 0 0 0 0 0 0 12 0 0 0 0 0 0 0 0 0 0 0 0 0 0 0 22 0 0 0 0 29 0 0 0
0 35 0 0 0 0 29 0 0 0 0 0 59 0 1 0 0 0 0 0 0 0 0 0 0 9 0 0 0 0 0 54 0 0 0 0 0 0 58 0
0 0 0 0 0 0 0 0 0 0 34 0 0 43 43 0 0 67 98 8 0 0 0 13 70 53 0 0 0 66 0 0 0 0 72 0 31 0 0 0
0 0 0 55 12 0 0 0 100 0 0 78 63 0 0 0 6 44 0 0 0 0 0 0 3 0 0 0 42 0 0 0 0 54 0 0 0 0 0 89
97 0 0 0 0 0 0 50 0 0 78 0 0 0 74 0 0 52 14 0 0 95 0 0 0 0 0 0 57 93 0 10 34 91 66 0 52 0 0 0
85 0 0 0 87 0 0 0 78 0 0 0 0 0 71 0 0 0 0 31 0 66 45 0 0 0 94 0 0 0 0 0 0 0 0 0 84 0 0 0
0 0 0 17 0 0 19 0 1 0 0 0 0 0 0 0 0 0 0 0 0 0 0 0 0 0 0 0 41 0 0 0 0 56 0 0 37 0 0 19
0 30 0 14 26 56 54 0 0 42 46 0 0 0 0 0 0 12 0 0 11 0 11 39 0 0 0 56 59 0 0 43 0 90 0 0 0 0 0 0
13 95 0 0 89 0 20 0 0 0 0 32 0 68 99 88 0 0 0 0 0 0 0 0 0 0 0 0 0 0 0 0 0 0 65 0 0 0 0 0
0 0 27 0 0 0 0 0 0 0 0 0 0 0 0 0 80 67 0 0 0 0 0 0 0 0 0 0 0 0 0 0 0 0 0 31 0 0 0 0
54 0 0 0 0 0 0 0 0 0 0 0 0 13 69 84 0 0 14 83 0 0 0 44 0 0 0 0 0 0 0 0 0 0 18 0 0 0 0 0
0 0 39 0 21 89 0 0 0 0 6 0 0 0 50 0 41 9 65 0 0 0 0 0 0 88 0 0 0 0 0 0 0 0 0 0 0 0 0 26
0 95 0 44 0 0 0 0 0 0 0 0 0 0 50 0 0 35 23 0 0 0 0 0 0 0 0 33 70 49 15 0 0 0 83 0 0 0 0 74
0 0 81 0 0 0 16 0 0 0 37 0 98 12 92 77 0 0 28 0 44 0 0 0 0 29 0 0 0 0 0 0 0 0 0 0 29 0 0 0
36 0 0 0 0 0 0 0 4 0 0 0 0 0 0 0 0 0 0 0 49 0 15 0 0 0 7 0 0 0 0 0 0 0 0 84 0 13 67 0
0 56 0 0 0 0 0 0 0 19 0 26 0 0 0 0 0 0 56 0 41 0 0 0 0 0 0 0 0 0 0 35 0 0 0 54 85 0 0 0
0 5 0 32 0 0 0 0 49 0 0 0 21 76 0 0 0 72 0 0 0 0 0 5 0 0 0 0 0 0 0 0 0 0 3 0 0 77 66 0
0 0 0 0 16 0 0 0 65 0 0 88 93 0 0 0 0 0 0 0 0 0 82 0 0 83 0 86 28 0 0 0 0 0 0 17 0 0 71 0
97 48 93 50 0 0 61 0 65 0 81 0 82 8 0 0 0 0 12 0 0 0 0 0 0 0 46 0 0 0 0 29 0 0 55 0 18 0 0 0
0 0 0 0 0 0 0 0 0 0 0 0 0 0 0 0 0 26 0 4 0 0 0 0 0 13 0 0 16 0 0 0 39 17 0 0 0 44 0 7
26 0 35 0 77 0 0 0 0 0 0 0 0 0 49 0 0 0 0 0 0 0 62 0 0 95 54 14 0 2 61 79 0 25 0 0 0 0 0 0