40
0 0 0 0 78 78 0 25 0 8 0 0 33 26 0 0 0 0 0 0 28 0 94 0 0 93 0 5 0 0 0 0 0 0 58 0 0 0 56 0
0 0 0 0 86 33 0 0 0 0 0 0 75 0 0 65 0 0 0 57 0 22 0 0 0 0 0 0 0 0 0 0 0 66 0 5 0 18 0 0
0 0 0 0 0 0 64 0 0 0 80 0 0 0 0 0 60 0 0 0 0 0 0 0 0 51 48 0 64 0 0 0 0 16 74 0 78 0 54 35
4 0 0 0 0 0 0 72 0 90 54 0 0 0 0 0 0 0 0 0 0 0 13 0 0 0 0 0 0 0 0 0 0 0 85 0 59 0 92 0
12 96 0 70 0 93 0 0 0 18 0 0 0 0 0 77 0 0 0 0 56 54 6 48 0 0 44 23 0 0 0 0 0 0 0 0 0 0 84 0
0 0 0 0 0 0 89 0 22 10 35 0 0 0 0 0 0 0 0 0 0 2 0 0 0 51 81 77 0 0 0 0 100 0 0 0 0 0 0 0
0 0 0 0 40 0 0 0 0 0 0 0 0 0 0 0 0 0 0 0 0 0 0 4 0 0 0 0 0 0 0 0 0 87 0 36 0 0 31 81
93 0 0 1 0 0 0 0 0 0 0 16 87 0 27 0 54 0 0 46 0 0 0 0 21 0 0 11 0 0 92 84 0 71 0 0 0 69 0 3
0 0 0 0 53 0 0 92 0 0 0 0 47 0 0 0 0 0 29 0 66 0 0 51 0 93 28 58 84 0 44 0 0 57 0 14 0 91 91 0
0 0 0 81 0 0 0 31 0 0 0 0 0 0 0 0 29 0 0 95 0 0 0 0 0 0 5 0 0 0 0 31 0 0 0 0 46 0 0 0
0 0 0 0 0 83 0 0 77 0 0 0 0 0 0 11 86 35 0 1 48 0 0 0 0 0 0 0 78 39 0 0 30 18 0 0 0 58 7 0
0 0 0 0 4 66 0 0 0 34 18 0 0 41 0 0 0 1 0 0 0 0 0 0 0 0 0 0 34 0 0 0 0 58 19 42 46 0 74 16
0 33 53 0 0 0 0 0 0 0 0 0 0 78 0 0 0 0 0 0 0 0 0 0 0 0 21 0 14 0 0 0 0 0 0 0 0 25 0 0
0 0 0 0 0 68 0 0 0 0 19 0 0 0 0 0 0 0 60 0 58 0 0 0 0 0 4 89 0 4 79 0 0 0 0 0 0 0 72 74
85 7 0 0 0 0 0 0 0 66 0 0 0 0 0 0 0 0 0 0 0 0 50 0 0 66 0 98 0 0 32 0 0 0 0 0 0 54 82 0
3 0 0 100 0 93 62 0 71 0 0 0 0 90 0 0 0 0 0 0 0 0 0 0 38 61 91 0 0 0 65 0 0 0 0 42 83 0 0 0
0 53 94 44 0 0 48 25 26 0 0 0 0 0 0 7 0 0 0 0 0 0 0 0 0 0 0 0 0 8 0 0 0 0 0 40 14 0 0 0
55 0 0 0 0 58 0 0 66 0 0 0 0 0 0 0 0 0 0 0 80 0 93 0 0 0 0 0 0 0 0 0 0 94 0 0 14 5 0 0
0 0 0 0 88 0 0 0 0 0 0 0 0 77 66 0 0 0 0 91 29 0 4 0 0 0 94 0 0 0 0 0 0 0 0 0 0 0 0 97
0 73 38 0 36 0 23 0 0 87 24 0 84 0 0 0 0 0 60 0 0 0 0 0 0 0 0 0 0 0 0 0 0 0 0 13 0 0 0 0
0 0 0 0 0 0 0 31 73 0 0 0 0 0 0 86 25 0 0 0 0 54 0 50 0 0 66 0 0 0 0 0 26 0 0 30 0 73 0 0
0 0 45 46 0 61 0 69 0 83 3 0 0 52 0 0 7 0 0 0 0 0 0 0 0 0 25 47 0 0 0 0 82 0 0 96 0 0 0 0
0 0 0 0 0 0 0 0 0 0 0 80 0 93 0 27 0 42 0 0 0 0 0 0 0 39 0 0 0 0 0 49 0 93 0 0 0 0 0 76
0 0 0 0 0 0 45 22 0 0 0 0 0 0 36 46 0 0 0 0 0 0 0 0 41 0 0 0 68 30 0 0 0 69 0 0 0 0 0 0
0 0 0 0 0 0 0 0 100 0 0 0 26 0 0 0 0 0 0 0 0 0 18 0 0 40 0 0 0 0 0 0 0 0 0 51 0 0 0 0
0 0 44 0 35 98 0 30 0 0 0 51 0 0 0 0 0 31 0 0 0 0 27 0 0 0 0 0 0 0 24 0 91 0 81 0 0 0 0 0
0 32 0 0 0 65 0 0 0 59 0 0 0 96 88 0 0 35 0 0 59 0 0 95 0 12 0 0 0 0 0 0 0 0 0 42 50 0 56 0
0 0 70 0 0 0 51 0 0 0 0 0 0 0 98 0 53 0 0 0 0 97 0 0 0 0 0 0 84 0 0 71 0 0 0 0 44 0 7 0
19 90 0 0 0 0 0 0 0 0 97 0 0 0 0 0 0 31 0 0 0 0 0 0 75 0 69 0 0 0 45 0 0 0 0 1 0 0 51 0
86 0 88 6 0 0 0 0 0 0 0 0 0 0 0 0 0 0 0 0 0 0 50 5 0 0 0 0 0 0 0 0 0 0 0 0 0 0 0 0
0 0 0 49 0 0 8 90 0 0 91 55 69 0 0 0 0 0 0 0 0 0 98 38 0 43 0 0 0 0 0 0 0 0 0 0 0 0 0 0
9 0 94 0 0 94 0 0 0 0 0 15 0 0 1 0 0 0 0 0 0 0 0 0 0 0 0 0 0 0 18 0 0 0 73 14 0 0 0 0
58 0 0 0 0 81 7 28 0 0 0 96 0 0 0 35 0 38 0 70 16 0 0 0 0 68 0 0 0 0 0 0 0 6 37 0 0 0 79 10
0 0 0 0 0 84 0 29 21 0 34 4 0 56 30 0 0 0 0 0 0 0 0 0 0 0 0 24 0 0 0 45 0 0 0 0 69 70 0 19
0 7 0 0 31 97 0 0 0 0 0 48 0 0 0 17 0 0 0 0 0 99 0 79 0 0 0 73 0 0 0 0 0 90 0 3 0 0 0 0
0 0 0 0 55 0 0 0 0 0 0 0 7 0 56 28 83 0 0 0 0 0 0 0 0 57 28 0 0 0 0 0 5 0 0 0 72 0 0 0
0 49 0 82 0 61 0 7 0 26 47 0 0 0 0 0 0 0 0 37 0 0 0 0 0 0 0 0 49 0 0 0 97 0 0 0 0 0 85 0
0 0 0 97 0 0 93 0 45 0 0 3 0 0 67 0 0 5 0 0 92 0 0 0 17 0 43 0 0 0 0 0 0 0 45 0 0 0 0 0
0 0 0 0 0 29 0 0 0 83 7 0 0 44 26 2 0 0 0 0 0 84 0 0 76 0 0 0 0 76 0 0 0 19 46 0 0 0 0 0
0 0 0 0 0 13 0 45 35 0 78 0 0 66 98 0 0 0 0 0 0 0 0 0 0 0 51 0 0 0 0 0 0 0 0 0 0 0 0 0
0 0 0 0 59 10 0 6 0 32 0 0 27 98 0 0 0 0 0 0 44 0 13 0 0 19 0 65 0 0 0 0 0 0 61 0 0 0 52 0
0 0 0 0 91 66 0 0 0 0 0 0 4 0 0 70 0 0 0 29 0 77 0 0 0 0 0 0 0 0 0 0 0 38 0 63 0 12 0 0
0 0 0 0 0 0 51 0 0 0 79 0 0 0 0 0 23 0 0 0 0 0 0 0 0 91 49 0 58 0 0 0 0 95 20 0 96 0 66 61
80 0 0 0 0 0 0 31 0 40 44 0 0 0 0 0 0 0 0 0 0 0 77 0 0 0 0 0 0 0 0 0 0 0 75 0 36 0 49 0
66 81 0 91 0 54 0 0 0 32 0 0 0 0 0 84 0 0 0 0 14 6 91 6 0 0 59 82 0 0 0 0 0 0 0 0 0 0 70 0
0 0 0 0 0 0 50 0 75 98 84 0 0 0 0 0 0 0 0 0 0 55 0 0 0 11 75 39 0 0 0 0 67 0 0 0 0 0 0 0
0 0 0 0 50 0 0 0 0 0 0 0 0 0 0 0 0 0 0 0 0 0 0 39 0 0 0 0 0 0 0 0 0 42 0 68 0 0 52 62
88 0 0 55 0 0 0 0 0 0 0 11 100 0 92 0 48 0 0 52 0 0 0 0 16 0 0 72 0 0 54 90 0 92 0 0 0 16 0 83
0 0 0 0 62 0 0 79 0 0 0 0 77 0 0 0 0 0 31 0 5 0 0 62 0 2 69 61 59 0 43 0 0 89 0 70 0 29 93 0
0 0 0 15 0 0 0 80 0 0 0 0 0 0 0 0 33 0 0 41 0 0 0 0 0 0 46 0 0 0 0 89 0 0 0 0 97 0 0 0
0 0 0 0 0 42 0 0 77 0 0 0 0 0 0 17 68 79 0 82 38 0 0 0 0 0 0 0 86 42 0 0 26 81 0 0 0 16 51 0
0 0 0 0 44 11 0 0 0 98 29 0 0 53 0 0 0 79 0 0 0 0 0 0 0 0 0 0 34 0 0 0 0 18 45 88 94 0 43 46
0 36 84 0 0 0 0 0 0 0 0 0 0 71 0 0 0 0 0 0 0 0 0 0 0 0 20 0 59 0 0 0 0 0 0 0 0 99 0 0
0 0 0 0 0 11 0 0 0 0 37 0 0 0 0 0 0 0 87 0 3 0 0 0 0 0 89 35 0 20 52 0 0 0 0 0 0 0 43 100
76 94 0 0 0 0 0 0 0 28 0 0 0 0 0 0 0 0 0 0 0 0 2 0 0 71 0 2 0 0 68 0 0 0 0 0 0 28 49 0
35 0 0 39 0 68 71 0 34 0 0 0 0 100 0 0 0 0 0 0 0 0 0 0 80 94 93 0 0 0 84 0 0 0 0 58 8 0 0 0
0 69 25 61 0 0 19 33 65 0 0 0 0 0 0 7 0 0 0 0 0 0 0 0 0 0 0 0 0 57 0 0 0 0 0 44 7 0 0 0
92 0 0 0 0 59 0 0 99 0 0 0 0 0 0 0 0 0 0 0 36 0 87 0 0 0 0 0 0 0 0 0 0 42 0 0 76 37 0 0
0 0 0 0 27 0 0 0 0 0 0 0 0 69 51 0 0 0 0 57 79 0 23 0 0 0 47 0 0 0 0 0 0 0 0 0 0 0 0 65
0 70 95 0 1 0 89 0 0 2 6 0 60 0 0 0 0 0 36 0 0 0 0 0 0 0 0 0 0 0 0 0 0 0 0 43 0 0 0 0
0 0 0 0 0 0 0 76 54 0 0 0 0 0 0 33 8 0 0 0 0 49 0 63 0 0 18 0 0 0 0 0 40 0 0 16 0 43 0 0
0 0 37 20 0 51 0 87 0 58 21 0 0 32 0 0 19 0 0 0 0 0 0 0 0 0 57 29 0 0 0 0 30 0 0 17 0 0 0 0
0 0 0 0 0 0 0 0 0 0 0 92 0 38 0 81 0 74 0 0 0 0 0 0 0 70 0 0 0 0 0 65 0 11 0 0 0 0 0 87
0 0 0 0 0 0 47 86 0 0 0 0 0 0 63 53 0 0 0 0 0 0 0 0 85 0 0 0 6 87 0 0 0 35 0 0 0 0 0 0
0 0 0 0 0 0 0 0 8 0 0 0 49 0 0 0 0 0 0 0 0 0 63 0 0 21 0 0 0 0 0 0 0 0 0 44 0 0 0 0
0 0 42 0 14 10 0 46 0 0 0 21 0 0 0 0 0 93 0 0 0 0 51 0 0 0 0 0 0 0 1 0 21 0 75 0 0 0 0 0
0 82 0 0 0 91 0 0 0 65 0 0 0 32 90 0 0 63 0 0 28 0 0 69 0 37 0 0 0 0 0 0 0 0 0 66 30 0 83 0
0 0 79 0 0 0 68 0 0 0 0 0 0 0 85 0 23 0 0 0 0 81 0 0 0 0 0 0 84 0 0 63 0 0 0 0 68 0 57 0
90 54 0 0 0 0 0 0 0 0 78 0 0 0 0 0 0 58 0 0 0 0 0 0 46 0 100 0 0 0 45 0 0 0 0 20 0 0 86 0
4 0 21 19 0 0 0 0 0 0 0 0 0 0 0 0 0 0 0 0 0 0 89 92 0 0 0 0 0 0 0 0 0 0 0 0 0 0 0 0
0 0 0 86 0 0 35 26 0 0 6 31 92 0 0 0 0 0 0 0 0 0 91 100 0 3 0 0 0 0 0 0 0 0 0 0 0 0 0 0
41 0 60 0 0 51 0 0 0 0 0 42 0 0 25 0 0 0 0 0 0 0 0 0 0 0 0 0 0 0 55 0 0 0 36 77 0 0 0 0
6 0 0 0 0 98 36 78 0 0 0 73 0 0 0 91 0 18 0 70 87 0 0 0 0 81 0 0 0 0 0 0 0 16 65 0 0 0 2 33
0 0 0 0 0 20 0 42 38 0 81 80 0 76 86 0 0 0 0 0 0 0 0 0 0 0 0 100 0 0 0 4 0 0 0 0 43 8 0 77
0 32 0 0 18 19 0 0 0 0 0 32 0 0 0 17 0 0 0 0 0 61 0 15 0 0 0 56 0 0 0 0 0 62 0 50 0 0 0 0
0 0 0 0 95 0 0 0 0 0 0 0 40 0 47 46 83 0 0 0 0 0 0 0 0 79 53 0 0 0 0 0 34 0 0 0 5 0 0 0
0 11 0 3 0 15 0 14 0 30 5 0 0 0 0 0 0 0 0 47 0 0 0 0 0 0 0 0 52 0 0 0 90 0 0 0 0 0 12 0
0 0 0 75 0 0 48 0 76 0 0 40 0 0 37 0 0 2 0 0 39 0 0 0 16 0 69 0 0 0 0 0 0 0 61 0 0 0 0 0
0 0 0 0 0 63 0 0 0 96 96 0 0 23 3 1 0 0 0 0 0 72 0 0 28 0 0 0 0 10 0 0 0 88 7 0 0 0 0 0
0 0 0 0 0 62 0 86 32 0 23 0 0 97 9 0 0 0 0 0 0 0 0 0 0 0 11 0 0 0 0 0 0 0 0 0 0 0 0 0