40
0 0 0 59 0 25 0 20 0 0 0 0 29 0 0 0 0 0 0 0 62 0 0 0 0 0 0 0 0 0 0 0 0 0 0 0 94 53 75 0
0 0 0 22 29 0 0 0 0 0 0 0 83 0 41 0 17 66 0 0 0 0 0 88 0 14 0 0 0 0 17 66 0 0 0 18 0 0 64 94
0 0 0 0 0 0 0 0 0 0 0 31 0 74 0 0 0 0 0 0 0 0 0 0 22 0 50 0 71 0 0 78 24 0 0 0 3 84 16 0
0 55 0 0 0 0 6 0 0 0 0 0 0 18 0 60 0 0 0 0 98 0 48 0 0 0 26 0 0 0 100 0 0 0 0 0 0 0 0 0
53 0 0 0 0 8 0 26 0 0 59 0 0 0 0 70 0 0 0 0 0 0 0 0 0 15 0 0 0 66 0 0 0 0 0 0 0 69 0 1
0 64 25 0 0 0 0 61 0 0 0 0 0 0 78 0 0 61 0 0 82 0 0 0 0 81 0 0 32 0 0 0 0 0 0 0 0 0 0 0
0 0 46 0 0 0 0 0 0 0 0 0 0 91 24 52 0 0 0 0 97 8 91 0 0 0 0 0 0 0 0 0 0 0 0 0 0 0 91 0
21 0 60 0 0 0 0 0 0 0 0 0 0 0 0 0 0 94 30 34 45 0 0 22 0 20 0 0 0 0 0 49 19 0 0 12 0 0 0 0
0 0 35 0 0 0 0 0 0 0 0 0 74 2 72 80 0 0 0 0 17 64 0 0 42 97 0 83 0 0 0 0 0 0 0 78 0 0 0 0
0 1 0 0 0 4 0 0 0 0 0 0 0 0 0 0 0 12 0 0 0 0 45 0 0 0 55 0 0 0 0 0 0 0 74 0 0 0 0 0
0 0 34 0 0 13 0 0 0 0 0 0 0 0 0 75 0 0 13 100 16 36 0 0 66 0 0 0 87 0 22 59 0 0 0 0 98 0 0 0
0 0 0 92 0 0 0 0 0 0 0 0 0 70 0 25 0 0 99 0 39 0 0 0 0 0 0 0 34 0 0 2 0 0 0 0 49 0 0 0
0 36 48 0 80 0 0 0 0 0 0 0 0 62 70 0 0 39 0 0 26 0 0 0 0 0 0 7 0 0 20 29 0 0 0 0 0 0 0 0
87 0 0 0 0 11 0 25 0 0 0 98 0 0 0 0 0 0 0 82 28 0 0 0 11 92 0 9 62 0 0 0 0 0 0 100 0 17 0 0
96 0 0 0 0 0 0 20 25 0 6 61 0 0 0 75 0 0 0 0 93 0 63 0 0 0 76 67 0 0 0 0 22 0 0 0 75 0 0 0
0 0 0 0 64 0 0 0 0 0 0 0 0 0 0 0 0 0 0 31 89 0 0 0 0 19 0 0 0 0 0 0 15 0 77 0 86 0 0 0
0 0 55 0 0 0 0 0 0 94 0 60 0 84 21 0 0 0 0 0 0 0 0 100 47 42 0 82 0 0 100 77 0 0 0 70 0 0 0 89
0 0 0 0 0 51 0 0 0 33 0 0 0 0 0 0 0 0 0 0 67 0 0 0 0 0 0 0 0 0 0 0 0 0 0 49 0 0 0 58
7 0 0 9 0 0 0 0 1 0 0 0 50 0 0 0 0 94 0 0 0 0 0 51 0 81 0 0 93 55 0 0 0 0 0 18 0 0 0 0
0 94 0 0 0 0 0 73 0 0 0 0 0 68 0 0 0 0 0 0 32 0 0 0 28 58 0 0 0 0 0 0 0 0 0 0 0 0 0 0
49 0 0 0 34 0 0 0 0 0 7 0 75 0 0 0 0 0 0 0 0 0 0 63 0 0 0 0 0 0 0 0 0 0 0 59 0 34 0 0
0 21 0 92 0 45 59 0 0 0 0 91 86 23 0 0 0 88 36 0 83 0 0 0 0 45 32 0 53 0 0 0 39 97 0 0 0 23 0 74
82 4 0 0 0 37 0 59 0 75 0 47 0 0 95 0 0 0 0 49 0 0 0 0 0 40 0 0 0 8 0 0 31 0 0 77 0 0 0 0
0 39 0 0 0 21 0 0 0 0 0 0 0 0 0 0 79 0 0 0 0 38 0 0 0 0 0 0 0 0 0 0 0 100 72 0 0 0 4 0
0 32 45 58 0 0 7 0 0 0 0 65 12 0 0 0 4 0 0 0 0 0 33 0 0 63 0 0 29 93 0 0 0 68 0 17 0 0 94 47
78 0 63 0 0 99 0 0 16 0 0 0 0 0 0 0 0 22 0 0 0 0 0 0 14 0 0 0 0 0 0 0 83 0 0 0 76 0 0 0
0 0 0 0 0 0 57 0 61 0 0 0 65 0 64 0 0 0 18 0 13 1 0 0 89 35 0 0 0 0 0 0 0 82 0 0 0 0 0 78
0 86 0 1 28 0 0 0 0 0 0 0 0 0 0 0 0 0 36 0 0 0 0 0 0 100 0 0 0 86 0 21 0 30 0 0 0 76 0 83
0 25 0 0 0 71 0 0 17 0 0 57 0 20 0 0 2 0 0 0 0 0 0 0 55 0 0 0 0 0 0 20 0 0 0 0 0 79 0 95
0 0 15 0 0 10 0 0 0 100 6 0 0 0 0 0 0 55 0 0 0 0 93 0 0 0 41 0 0 0 0 0 0 0 0 0 0 0 88 0
0 0 0 0 0 34 0 0 0 69 32 0 0 52 0 0 0 0 0 0 47 0 0 0 0 0 0 0 0 99 0 0 74 50 0 0 0 0 86 0
0 0 32 0 92 0 0 0 0 42 0 0 76 0 0 0 17 0 0 0 0 89 0 0 0 69 61 0 0 0 0 0 0 0 0 0 92 33 0 0
61 0 0 0 0 94 77 0 0 5 0 19 69 0 39 0 0 0 0 0 0 96 6 0 0 0 0 0 0 0 0 0 0 2 0 0 0 0 0 0
0 0 0 0 79 59 0 0 0 0 0 0 6 0 0 0 0 0 0 100 0 0 0 0 0 0 0 0 0 0 0 0 96 0 0 0 66 0 0 0
63 0 0 0 73 20 0 79 0 88 90 0 0 24 0 0 0 0 47 0 87 0 0 0 0 0 18 0 0 0 0 0 30 96 0 37 0 0 0 0
0 0 0 0 0 22 0 24 0 0 0 0 0 0 0 0 0 7 0 0 0 0 0 0 0 0 0 0 0 0 0 0 0 44 0 0 0 0 0 0
0 1 0 17 0 13 3 0 33 0 0 0 0 27 0 0 0 0 0 25 0 0 0 0 12 0 0 0 0 0 0 0 0 52 0 35 0 78 41 0
0 0 0 0 0 0 0 0 0 0 0 12 32 0 0 0 0 12 22 0 0 0 0 0 0 19 0 0 0 13 0 0 0 0 0 13 0 0 0 0
99 0 0 0 60 0 5 55 0 86 72 0 0 28 0 78 0 3 0 0 0 15 0 39 0 0 0 0 0 61 5 0 0 0 0 0 0 0 0 0
72 69 9 0 73 0 0 0 8 37 0 0 31 0 0 0 0 0 46 6 0 0 0 7 0 0 90 0 0 16 0 0 0 90 0 7 0 0 0 0
0 0 0 68 0 76 0 2 0 0 0 0 75 0 0 0 0 0 0 0 66 0 0 0 0 0 0 0 0 0 0 0 0 0 0 0 12 74 29 0
0 0 0 23 63 0 0 0 0 0 0 0 38 0 31 0 1 41 0 0 0 0 0 94 0 60 0 0 0 0 56 37 0 0 0 78 0 0 35 2
0 0 0 0 0 0 0 0 0 0 0 79 0 14 0 0 0 0 0 0 0 0 0 0 24 0 48 0 89 0 0 31 57 0 0 0 16 53 9 0
0 8 0 0 0 0 26 0 0 0 0 0 0 89 0 85 0 0 0 0 1 0 69 0 0 0 94 0 0 0 100 0 0 0 0 0 0 0 0 0
32 0 0 0 0 41 0 3 0 0 93 0 0 0 0 38 0 0 0 0 0 0 0 0 0 51 0 0 0 29 0 0 0 0 0 0 0 5 0 23
0 19 80 0 0 0 0 58 0 0 0 0 0 0 32 0 0 80 0 0 7 0 0 0 0 67 0 0 73 0 0 0 0 0 0 0 0 0 0 0
0 0 75 0 0 0 0 0 0 0 0 0 0 86 100 97 0 0 0 0 80 91 74 0 0 0 0 0 0 0 0 0 0 0 0 0 0 0 24 0
19 0 88 0 0 0 0 0 0 0 0 0 0 0 0 0 0 59 3 87 34 0 0 94 0 76 0 0 0 0 0 12 52 0 0 23 0 0 0 0
0 0 95 0 0 0 0 0 0 0 0 0 52 71 4 32 0 0 0 0 74 100 0 0 42 12 0 4 0 0 0 0 0 0 0 60 0 0 0 0
0 20 0 0 0 95 0 0 0 0 0 0 0 0 0 0 0 73 0 0 0 0 98 0 0 0 4 0 0 0 0 0 0 0 36 0 0 0 0 0
0 0 40 0 0 51 0 0 0 0 0 0 0 0 0 65 0 0 44 49 31 89 0 0 43 0 0 0 48 0 66 25 0 0 0 0 40 0 0 0
0 0 0 9 0 0 0 0 0 0 0 0 0 31 0 95 0 0 12 0 93 0 0 0 0 0 0 0 11 0 0 82 0 0 0 0 25 0 0 0
0 14 99 0 5 0 0 0 0 0 0 0 0 94 59 0 0 82 0 0 34 0 0 0 0 0 0 96 0 0 60 14 0 0 0 0 0 0 0 0
78 0 0 0 0 50 0 10 0 0 0 36 0 0 0 0 0 0 0 73 70 0 0 0 23 18 0 49 25 0 0 0 0 0 0 90 0 37 0 0
98 0 0 0 0 0 0 98 23 0 2 41 0 0 0 19 0 0 0 0 95 0 73 0 0 0 13 2 0 0 0 0 95 0 0 0 19 0 0 0
0 0 0 0 26 0 0 0 0 0 0 0 0 0 0 0 0 0 0 92 7 0 0 0 0 9 0 0 0 0 0 0 23 0 23 0 56 0 0 0
0 0 93 0 0 0 0 0 0 14 0 36 0 44 19 0 0 0 0 0 0 0 0 62 35 14 0 15 0 0 19 64 0 0 0 25 0 0 0 67
0 0 0 0 0 74 0 0 0 10 0 0 0 0 0 0 0 0 0 0 63 0 0 0 0 0 0 0 0 0 0 0 0 0 0 1 0 0 0 56
54 0 0 52 0 0 0 0 90 0 0 0 36 0 0 0 0 25 0 0 0 0 0 81 0 6 0 0 47 18 0 0 0 0 0 21 0 0 0 0
0 92 0 0 0 0 0 75 0 0 0 0 0 2 0 0 0 0 0 0 26 0 0 0 85 80 0 0 0 0 0 0 0 0 0 0 0 0 0 0
20 0 0 0 81 0 0 0 0 0 83 0 12 0 0 0 0 0 0 0 0 0 0 49 0 0 0 0 0 0 0 0 0 0 0 97 0 75 0 0
0 24 0 19 0 5 39 0 0 0 0 90 76 72 0 0 0 52 4 0 34 0 0 0 0 8 35 0 33 0 0 0 71 35 0 0 0 66 0 48
79 56 0 0 0 63 0 52 0 37 0 75 0 0 32 0 0 0 0 100 0 0 0 0 0 79 0 0 0 98 0 0 59 0 0 26 0 0 0 0
0 54 0 0 0 92 0 0 0 0 0 0 0 0 0 0 75 0 0 0 0 66 0 0 0 0 0 0 0 0 0 0 0 11 49 0 0 0 34 0
0 33 60 35 0 0 72 0 0 0 0 10 20 0 0 0 75 0 0 0 0 0 44 0 0 67 0 0 82 13 0 0 0 3 0 35 0 0 5 60
26 0 80 0 0 81 0 0 48 0 0 0 0 0 0 0 0 6 0 0 0 0 0 0 53 0 0 0 0 0 0 0 15 0 0 0 71 0 0 0
0 0 0 0 0 0 32 0 27 0 0 0 16 0 53 0 0 0 92 0 80 81 0 0 30 73 0 0 0 0 0 0 0 70 0 0 0 0 0 4
0 72 0 6 83 0 0 0 0 0 0 0 0 0 0 0 0 0 5 0 0 0 0 0 0 44 0 0 0 77 0 31 0 10 0 0 0 72 0 97
0 34 0 0 0 91 0 0 42 0 0 55 0 1 0 0 47 0 0 0 0 0 0 0 74 0 0 0 0 0 0 96 0 0 0 0 0 73 0 95
0 0 5 0 0 64 0 0 0 43 45 0 0 0 0 0 0 37 0 0 0 0 89 0 0 0 19 0 0 0 0 0 0 0 0 0 0 0 41 0
0 0 0 0 0 14 0 0 0 49 33 0 0 85 0 0 0 0 0 0 58 0 0 0 0 0 0 0 0 90 0 0 51 64 0 0 0 0 83 0
0 0 57 0 82 0 0 0 0 63 0 0 61 0 0 0 32 0 0 0 0 96 0 0 0 77 67 0 0 0 0 0 0 0 0 0 2 31 0 0
68 0 0 0 0 16 34 0 0 10 0 6 70 0 77 0 0 0 0 0 0 77 56 0 0 0 0 0 0 0 0 0 0 6 0 0 0 0 0 0
0 0 0 0 76 48 0 0 0 0 0 0 84 0 0 0 0 0 0 72 0 0 0 0 0 0 0 0 0 0 0 0 91 0 0 0 29 0 0 0
20 0 0 0 89 92 0 33 0 77 59 0 0 19 0 0 0 0 60 0 59 0 0 0 0 0 29 0 0 0 0 0 100 41 0 26 0 0 0 0
0 0 0 0 0 19 0 14 0 0 0 0 0 0 0 0 0 30 0 0 0 0 0 0 0 0 0 0 0 0 0 0 0 45 0 0 0 0 0 0
0 99 0 33 0 78 19 0 99 0 0 0 0 80 0 0 0 0 0 56 0 0 0 0 40 0 0 0 0 0 0 0 0 10 0 15 0 60 80 0
0 0 0 0 0 0 0 0 0 0 0 78 74 0 0 0 0 35 61 0 0 0 0 0 0 46 0 0 0 11 0 0 0 0 0 23 0 0 0 0
5 0 0 0 5 0 79 67 0 56 30 0 0 65 0 72 0 23 0 0 0 50 0 23 0 0 0 0 0 99 7 0 0 0 0 0 0 0 0 0
66 68 88 0 99 0 0 0 71 90 0 0 79 0 0 0 0 0 95 39 0 0 0 10 0 0 22 0 0 60 0 0 0 47 0 32 0 0 0 0