40
0 11 0 0 0 98 0 78 0 0 0 77 13 93 0 1 0 0 0 24 0 0 0 0 0 0 0 0 0 84 0 0 80 0 87 0 77 0 0 0
30 0 0 0 0 0 0 67 0 0 2 0 0 70 0 36 0 91 0 0 0 0 0 0 0 51 0 0 0 0 13 0 0 0 0 0 31 0 0 0
76 33 0 0 0 0 0 0 0 0 0 0 95 0 0 0 0 0 0 88 0 0 0 0 75 0 0 0 0 32 0 0 0 60 0 0 77 0 0 0
0 0 19 0 0 0 0 72 0 22 0 0 0 28 0 93 0 54 57 0 0 0 0 0 0 0 0 0 0 32 60 1 0 0 0 0 0 0 0 0
0 92 0 0 0 0 63 0 55 0 0 35 0 0 0 0 0 0 0 0 0 0 0 15 0 0 0 0 39 0 0 0 0 0 0 0 0 0 34 0
0 39 44 1 3 0 0 0 16 0 0 0 45 0 0 0 88 35 0 0 0 56 0 0 0 22 0 0 0 0 0 13 0 0 0 0 0 0 0 30
0 0 0 0 0 0 0 56 0 11 0 4 76 0 0 0 0 25 0 18 0 0 0 88 0 0 0 51 0 45 0 0 0 0 38 6 0 15 0 0
0 0 0 0 0 0 0 0 0 0 0 9 0 50 13 0 0 0 0 0 0 0 0 0 0 13 0 0 0 0 0 0 0 0 0 0 35 0 0 0
0 0 0 0 0 0 0 0 0 0 33 0 0 0 0 61 0 0 0 0 47 0 0 26 0 0 0 0 48 9 0 0 0 0 0 0 0 0 0 66
19 0 0 0 0 0 42 0 0 0 0 97 0 0 0 0 0 74 64 0 58 0 0 100 49 0 0 32 0 12 24 0 0 0 0 0 0 0 0 0
0 0 58 0 0 0 0 0 0 0 0 0 0 21 91 0 96 6 31 0 52 0 0 0 0 12 0 9 0 0 0 0 61 28 25 0 61 0 0 0
3 0 0 24 91 23 0 0 100 0 0 0 0 0 0 0 0 30 57 43 0 0 0 0 40 0 0 69 0 0 33 0 0 5 0 0 0 0 50 67
0 84 0 17 0 47 0 0 0 0 0 0 0 0 19 98 0 16 0 0 0 0 0 0 19 0 0 35 0 0 0 0 16 0 4 84 0 0 0 0
63 72 0 84 0 0 9 0 0 0 0 42 36 0 0 0 0 0 96 0 0 0 85 0 0 0 0 4 0 45 84 0 96 64 0 0 0 0 0 70
0 0 0 58 0 42 0 0 0 64 86 0 0 0 0 0 0 0 0 0 0 62 31 0 98 0 0 0 0 99 0 0 0 0 0 47 0 7 0 0
0 0 98 0 85 0 0 25 0 0 0 0 15 0 49 0 60 0 0 19 0 0 61 0 0 0 0 0 0 0 0 0 0 0 0 0 0 0 0 0
0 25 78 0 0 0 31 18 14 20 80 98 0 0 0 0 0 0 0 0 0 0 0 0 0 64 0 0 0 0 76 0 0 0 0 0 61 0 0 0
0 0 0 0 0 0 0 30 0 0 0 10 0 0 56 0 0 0 0 4 0 0 0 0 0 0 0 0 100 0 54 0 4 78 0 0 0 0 18 26
0 0 0 0 0 0 0 0 0 64 0 0 0 0 0 0 65 0 0 14 0 0 88 0 0 0 0 0 0 0 0 0 0 0 0 0 0 3 0 0
39 0 0 88 0 0 0 0 0 0 0 0 0 0 0 0 78 0 0 0 51 45 0 0 0 0 0 47 0 0 76 65 0 24 50 76 0 70 0 0
56 0 0 0 0 13 68 34 0 0 0 0 0 41 0 0 0 0 24 0 0 0 0 0 0 0 0 0 0 0 0 0 59 0 5 0 0 0 86 0
0 34 51 0 0 0 0 0 24 0 0 0 60 45 0 0 0 0 0 0 0 0 0 0 0 0 0 0 0 0 0 0 0 0 0 0 0 77 0 0
0 0 0 0 0 0 0 0 0 0 0 85 0 0 0 0 26 30 63 0 0 5 0 0 50 0 0 0 0 0 34 0 0 0 0 0 0 86 55 24
0 0 0 0 0 0 93 0 0 0 0 0 0 0 0 0 0 91 0 0 98 0 0 0 71 0 0 0 79 0 92 0 83 0 0 0 0 39 42 0
0 0 0 11 0 0 0 0 68 0 0 0 0 98 0 31 0 0 42 0 0 0 17 0 0 0 0 0 0 0 0 0 0 0 0 27 0 0 0 0
0 0 0 0 23 0 68 0 0 0 0 0 0 0 0 0 0 0 0 90 9 0 0 0 0 0 13 0 0 0 2 0 67 0 74 0 0 0 0 0
0 0 0 0 81 0 76 0 0 12 16 0 0 94 0 0 0 51 0 0 0 0 0 0 0 0 0 0 26 9 0 0 0 0 53 6 74 0 56 0
0 55 94 0 0 0 0 0 29 81 0 22 0 0 0 0 0 0 62 0 0 0 0 0 37 0 0 0 0 0 0 29 0 0 0 0 0 0 0 0
22 0 0 0 0 0 0 0 0 17 0 45 0 0 0 72 0 0 0 0 79 0 53 0 0 22 0 91 0 0 0 0 0 3 0 0 30 0 0 7
0 0 1 0 0 76 0 3 72 0 0 0 74 0 0 0 0 0 0 0 0 0 0 0 0 96 0 0 9 0 42 0 26 0 0 0 46 0 0 56
2 59 0 0 0 0 0 0 0 0 45 0 0 87 0 0 0 44 0 0 10 0 66 0 84 0 0 39 0 0 0 0 0 0 0 17 0 0 0 39
0 0 0 0 0 0 10 96 0 66 0 0 0 0 0 0 0 0 0 99 0 88 0 0 0 96 56 0 0 0 4 0 0 0 0 84 0 0 27 0
0 0 97 0 48 0 0 0 0 0 0 0 59 0 0 0 0 0 0 0 77 0 0 0 0 39 0 0 85 0 0 0 0 0 0 0 0 0 77 0
0 0 0 0 0 0 48 0 0 0 56 0 60 0 19 0 0 0 0 0 0 28 0 0 0 0 0 0 2 0 7 73 0 0 0 82 0 0 0 0
0 0 0 0 10 21 0 47 38 49 0 31 48 4 0 0 0 1 0 0 0 19 0 39 28 27 50 0 58 0 0 0 0 79 0 0 0 0 0 0
0 0 0 0 59 79 80 0 24 0 0 0 0 0 0 0 0 0 0 0 0 49 0 0 15 6 71 0 0 0 0 0 0 11 0 0 0 0 0 0
75 0 0 0 0 48 0 66 0 0 0 0 0 0 60 0 52 0 0 0 0 0 0 39 89 86 45 0 0 0 0 0 0 0 0 0 0 0 0 0
6 0 0 0 0 0 0 0 0 68 11 7 0 0 32 68 0 96 0 76 44 0 0 0 0 15 0 0 0 78 0 0 0 0 0 0 0 0 0 0
0 0 0 85 0 2 0 0 0 0 0 0 0 36 0 1 0 0 0 0 0 55 0 0 0 0 0 0 0 0 0 0 0 44 0 0 0 0 0 0
0 0 18 0 0 0 0 0 0 27 81 45 0 0 95 0 0 0 55 0 0 0 4 0 0 0 22 0 0 0 15 0 0 0 0 97 0 0 0 0
0 41 0 0 0 12 0 93 0 0 0 40 37 99 0 63 0 0 0 68 0 0 0 0 0 0 0 0 0 63 0 0 87 0 6 0 37 0 0 0
15 0 0 0 0 0 0 24 0 0 83 0 0 58 0 39 0 23 0 0 0 0 0 0 0 94 0 0 0 0 83 0 0 0 0 0 92 0 0 0
85 36 0 0 0 0 0 0 0 0 0 0 53 0 0 0 0 0 0 27 0 0 0 0 93 0 0 0 0 58 0 0 0 24 0 0 32 0 0 0
0 0 27 0 0 0 0 12 0 63 0 0 0 83 0 75 0 46 46 0 0 0 0 0 0 0 0 0 0 9 52 56 0 0 0 0 0 0 0 0
0 100 0 0 0 0 13 0 48 0 0 36 0 0 0 0 0 0 0 0 0 0 0 43 0 0 0 0 63 0 0 0 0 0 0 0 0 0 41 0
0 1 5 15 57 0 0 0 2 0 0 0 40 0 0 0 24 13 0 0 0 94 0 0 0 55 0 0 0 0 0 36 0 0 0 0 0 0 0 39
0 0 0 0 0 0 0 98 0 60 0 90 81 0 0 0 0 81 0 67 0 0 0 63 0 0 0 91 0 14 0 0 0 0 58 79 0 14 0 0
0 0 0 0 0 0 0 0 0 0 0 60 0 10 23 0 0 0 0 0 0 0 0 0 0 1 0 0 0 0 0 0 0 0 0 0 53 0 0 0
0 0 0 0 0 0 0 0 0 0 91 0 0 0 0 9 0 0 0 0 85 0 0 61 0 0 0 0 95 21 0 0 0 0 0 0 0 0 0 32
50 0 0 0 0 0 24 0 0 0 0 19 0 0 0 0 0 71 57 0 66 0 0 79 24 0 0 48 0 59 9 0 0 0 0 0 0 0 0 0
0 0 96 0 0 0 0 0 0 0 0 0 0 94 99 0 62 28 27 0 59 0 0 0 0 15 0 42 0 0 0 0 85 11 77 0 68 0 0 0
34 0 0 4 98 93 0 0 44 0 0 0 0 0 0 0 0 16 23 9 0 0 0 0 7 0 0 89 0 0 75 0 0 88 0 0 0 0 99 42
0 46 0 92 0 53 0 0 0 0 0 0 0 0 48 76 0 10 0 0 0 0 0 0 55 0 0 35 0 0 0 0 3 0 63 52 0 0 0 0
98 85 0 81 0 0 18 0 0 0 0 50 24 0 0 0 0 0 77 0 0 0 78 0 0 0 0 44 0 3 90 0 21 15 0 0 0 0 0 4
0 0 0 43 0 15 0 0 0 34 82 0 0 0 0 0 0 0 0 0 0 93 87 0 64 0 0 0 0 93 0 0 0 0 0 25 0 76 0 0
0 0 85 0 49 0 0 50 0 0 0 0 56 0 100 0 19 0 0 3 0 0 3 0 0 0 0 0 0 0 0 0 0 0 0 0 0 0 0 0
0 95 77 0 0 0 41 50 48 56 5 68 0 0 0 0 0 0 0 0 0 0 0 0 0 43 0 0 0 0 73 0 0 0 0 0 98 0 0 0
0 0 0 0 0 0 0 85 0 0 0 49 0 0 27 0 0 0 0 2 0 0 0 0 0 0 0 0 62 0 39 0 43 42 0 0 0 0 98 59
0 0 0 0 0 0 0 0 0 59 0 0 0 0 0 0 66 0 0 92 0 0 74 0 0 0 0 0 0 0 0 0 0 0 0 0 0 38 0 0
99 0 0 28 0 0 0 0 0 0 0 0 0 0 0 0 65 0 0 0 40 17 0 0 0 0 0 28 0 0 27 63 0 96 43 67 0 6 0 0
78 0 0 0 0 14 71 24 0 0 0 0 0 84 0 0 0 0 44 0 0 0 0 0 0 0 0 0 0 0 0 0 75 0 18 0 0 0 92 0
0 34 30 0 0 0 0 0 13 0 0 0 18 100 0 0 0 0 0 0 0 0 0 0 0 0 0 0 0 0 0 0 0 0 0 0 0 74 0 0
0 0 0 0 0 0 0 0 0 0 0 78 0 0 0 0 24 88 50 0 0 57 0 0 8 0 0 0 0 0 5 0 0 0 0 0 0 6 44 55
0 0 0 0 0 0 98 0 0 0 0 0 0 0 0 0 0 3 0 0 78 0 0 0 1 0 0 0 91 0 5 0 59 0 0 0 0 55 37 0
0 0 0 59 0 0 0 0 37 0 0 0 0 78 0 63 0 0 1 0 0 0 64 0 0 0 0 0 0 0 0 0 0 0 0 52 0 0 0 0
0 0 0 0 51 0 92 0 0 0 0 0 0 0 0 0 0 0 0 36 92 0 0 0 0 0 13 0 0 0 49 0 67 0 73 0 0 0 0 0
0 0 0 0 14 0 84 0 0 80 66 0 0 84 0 0 0 86 0 0 0 0 0 0 0 0 0 0 11 30 0 0 0 0 20 74 84 0 61 0
0 33 59 0 0 0 0 0 24 66 0 12 0 0 0 0 0 0 54 0 0 0 0 0 16 0 0 0 0 0 0 45 0 0 0 0 0 0 0 0
74 0 0 0 0 0 0 0 0 24 0 67 0 0 0 28 0 0 0 0 37 0 25 0 0 86 0 92 0 0 0 0 0 23 0 0 4 0 0 6
0 0 89 0 0 58 0 79 42 0 0 0 85 0 0 0 0 0 0 0 0 0 0 0 0 1 0 0 17 0 64 0 1 0 0 0 47 0 0 3
15 42 0 0 0 0 0 0 0 0 18 0 0 40 0 0 0 98 0 0 88 0 46 0 11 0 0 57 0 0 0 0 0 0 0 77 0 0 0 90
0 0 0 0 0 0 75 11 0 4 0 0 0 0 0 0 0 0 0 78 0 20 0 0 0 21 54 0 0 0 64 0 0 0 0 31 0 0 27 0
0 0 55 0 47 0 0 0 0 0 0 0 13 0 0 0 0 0 0 0 40 0 0 0 0 13 0 0 27 0 0 0 0 0 0 0 0 0 82 0
0 0 0 0 0 0 97 0 0 0 81 0 25 0 2 0 0 0 0 0 0 90 0 0 0 0 0 0 90 0 5 9 0 0 0 10 0 0 0 0
0 0 0 0 94 41 0 55 34 92 0 48 21 8 0 0 0 1 0 0 0 96 0 58 87 30 20 0 70 0 0 0 0 65 0 0 0 0 0 0
0 0 0 0 30 89 29 0 52 0 0 0 0 0 0 0 0 0 0 0 0 59 0 0 91 23 86 0 0 0 0 0 0 28 0 0 0 0 0 0
96 0 0 0 0 57 0 9 0 0 0 0 0 0 74 0 18 0 0 0 0 0 0 90 98 10 31 0 0 0 0 0 0 0 0 0 0 0 0 0
9 0 0 0 0 0 0 0 0 62 40 98 0 0 69 56 0 71 0 77 15 0 0 0 0 50 0 0 0 48 0 0 0 0 0 0 0 0 0 0
0 0 0 91 0 65 0 0 0 0 0 0 0 38 0 91 0 0 0 0 0 14 0 0 0 0 0 0 0 0 0 0 0 36 0 0 0 0 0 0
0 0 56 0 0 0 0 0 0 2 66 68 0 0 82 0 0 0 84 0 0 0 87 0 0 0 30 0 0 0 64 0 0 0 0 49 0 0 0 0