40
0 0 0 0 0 0 0 34 0 0 0 68 0 0 0 13 38 0 0 0 59 0 0 0 40 91 0 0 0 59 8 13 57 0 19 31 5 34 0 93
97 0 0 53 0 0 0 0 0 77 0 0 0 0 0 0 0 0 0 0 0 41 0 0 0 0 25 57 0 0 0 0 0 0 0 0 0 0 0 41
0 0 0 0 0 0 0 0 0 0 0 0 17 0 68 0 0 0 13 41 0 0 0 0 0 0 0 0 0 0 0 53 0 0 0 0 44 0 23 0
0 0 0 0 78 48 0 0 28 0 97 0 0 0 0 58 63 6 57 0 0 25 0 0 88 0 0 0 0 0 0 0 0 0 0 0 0 73 0 0
57 0 0 0 0 66 0 0 0 75 0 0 0 0 0 0 0 0 0 0 0 0 71 0 14 56 0 0 0 0 20 0 12 0 0 0 0 46 0 98
0 53 0 0 0 0 0 0 0 0 5 0 0 0 0 0 0 0 0 0 0 0 0 0 0 74 0 0 0 21 87 0 0 36 0 0 36 0 0 0
0 0 0 0 0 0 0 93 0 0 0 0 13 0 78 0 0 0 0 0 0 0 33 0 0 0 0 20 0 0 0 0 0 65 0 0 0 0 0 0
61 0 23 0 0 0 64 0 0 0 0 0 0 0 0 68 0 0 0 0 0 0 0 0 76 0 0 84 0 0 0 65 0 0 26 0 0 0 0 0
0 87 0 0 0 0 0 0 0 0 0 0 0 0 0 59 0 0 0 0 98 0 76 74 0 0 59 0 0 11 0 27 0 0 33 0 0 0 66 0
0 0 73 0 35 0 0 0 0 0 0 0 0 0 0 0 49 0 0 0 0 63 41 0 0 59 0 25 0 0 54 0 0 0 0 0 53 0 0 0
0 0 39 0 0 79 36 72 0 0 0 0 93 0 28 72 0 0 0 0 0 0 0 1 83 0 0 0 0 0 82 6 95 0 0 77 74 0 0 0
58 0 86 0 30 0 9 0 0 0 0 0 0 55 0 14 15 0 0 61 0 0 0 93 50 0 0 0 0 22 90 0 0 0 0 0 58 0 0 0
0 20 0 9 0 0 0 0 97 0 0 0 0 0 0 0 0 12 0 2 0 0 0 0 0 0 67 0 0 0 0 0 47 0 54 0 0 0 0 0
0 0 0 0 0 12 0 84 34 0 0 0 0 0 85 2 9 0 0 0 0 71 0 0 40 53 0 0 0 0 0 0 97 0 0 95 23 0 0 0
0 0 0 0 16 0 9 18 0 5 0 0 0 0 0 0 0 0 0 0 0 42 0 0 0 86 0 46 0 0 0 0 0 0 0 0 0 99 0 0
0 0 0 0 0 0 85 48 0 97 0 0 0 9 76 0 0 0 0 0 0 46 0 19 0 0 82 0 81 0 0 0 65 0 0 0 70 0 0 0
0 0 77 0 0 0 0 0 0 38 13 0 29 19 0 0 0 0 31 0 24 0 0 1 0 0 0 12 0 0 0 0 0 0 0 0 0 0 0 0
0 0 0 0 89 39 7 0 9 0 40 0 0 44 0 44 59 0 72 0 0 43 0 0 0 0 0 0 0 0 0 0 0 0 34 0 0 0 92 0
0 84 0 0 0 0 32 0 99 37 65 0 0 24 0 43 0 81 0 0 37 0 0 0 39 0 0 12 0 10 0 94 42 0 60 0 0 0 0 0
0 0 0 0 0 0 99 0 79 62 0 76 0 0 0 0 0 26 92 0 0 0 0 50 39 0 0 58 0 0 0 0 0 0 0 0 0 89 0 41
0 0 30 0 0 0 0 29 40 0 0 0 0 0 0 0 0 0 0 0 0 35 42 0 0 0 0 0 0 97 0 0 0 0 0 80 33 82 85 0
0 0 0 0 54 0 55 0 0 87 0 0 0 0 0 0 0 0 0 0 0 0 74 0 78 0 29 0 0 0 19 0 68 72 74 0 0 0 0 93
85 0 0 96 0 2 0 0 0 8 0 25 0 0 58 0 0 0 32 0 0 0 0 0 0 0 0 28 0 0 0 0 0 0 0 0 7 0 0 19
0 0 0 16 55 0 0 0 66 0 30 0 0 0 0 0 46 55 0 0 68 0 0 0 0 18 0 58 0 88 0 58 35 0 0 0 0 0 73 72
0 55 0 0 0 49 0 0 0 0 89 0 0 0 0 0 0 0 0 0 18 0 0 0 0 48 72 0 0 0 0 0 0 0 0 0 84 0 0 0
0 0 0 68 0 0 94 0 0 0 0 0 0 0 0 0 0 0 0 0 0 91 0 0 0 0 0 0 0 0 0 0 0 0 0 46 0 75 20 0
0 0 0 0 0 28 0 17 0 0 0 0 0 0 0 0 0 0 0 5 100 0 0 0 0 0 0 0 0 0 0 0 0 0 0 0 61 18 0 0
51 0 0 0 36 0 0 0 0 46 0 0 0 0 0 0 0 0 0 0 0 0 20 0 0 13 0 0 21 0 0 0 0 0 78 0 0 0 12 0
0 4 0 0 0 0 0 66 0 0 0 0 0 0 0 0 0 0 0 0 0 0 0 0 0 0 0 0 0 0 0 0 76 0 0 0 80 0 0 0
0 7 47 0 54 46 24 0 0 0 0 0 0 77 0 0 15 0 0 46 0 32 0 0 0 48 0 97 0 0 0 0 0 0 66 0 0 0 0 95
0 65 0 0 0 0 27 89 0 0 0 0 0 77 0 0 11 0 35 14 0 0 0 43 0 0 0 43 0 0 0 0 44 0 0 0 0 0 72 0
0 0 46 25 0 41 0 0 0 0 0 0 0 0 0 0 0 0 0 0 0 0 0 0 0 0 36 0 0 0 80 0 41 0 63 0 0 0 0 0
0 0 0 90 0 0 0 57 0 41 0 0 0 0 0 92 0 0 0 0 0 23 0 87 39 0 0 0 0 0 0 0 0 0 0 51 87 0 0 0
0 0 1 0 0 0 79 0 0 0 0 0 0 0 0 77 0 0 0 0 10 0 0 0 45 0 0 0 0 0 0 0 0 0 0 56 0 23 0 0
0 0 0 0 0 0 0 0 0 0 52 84 10 89 0 0 23 58 0 0 0 0 0 60 8 0 23 0 0 37 0 0 40 0 0 0 0 0 0 0
0 0 32 10 0 73 0 0 16 0 0 0 0 70 0 0 55 62 0 0 0 1 34 0 48 0 0 0 0 0 0 0 0 20 0 0 0 0 0 0
0 0 0 29 0 0 0 0 0 0 90 63 0 0 38 0 0 0 30 0 0 0 0 0 0 0 26 89 0 0 0 0 0 0 87 0 0 6 0 0
37 0 0 0 0 0 74 0 0 67 0 0 0 0 2 0 22 72 0 0 71 0 0 0 0 0 61 0 0 0 50 58 0 58 48 0 0 0 28 0
0 0 0 0 77 0 0 82 58 0 0 0 0 0 0 36 0 0 93 0 0 0 0 0 0 0 0 51 0 0 0 0 0 0 0 0 19 0 0 0
0 71 33 0 13 0 0 0 0 75 0 0 0 0 21 0 0 0 68 0 0 0 97 0 0 0 49 0 0 0 87 73 0 33 0 0 0 0 59 0
0 0 0 0 0 0 0 83 0 0 0 31 0 0 0 54 23 0 0 0 54 0 0 0 27 55 0 0 0 83 67 96 20 0 35 40 53 7 0 76
96 0 0 6 0 0 0 0 0 26 0 0 0 0 0 0 0 0 0 0 0 43 0 0 0 0 8 63 0 0 0 0 0 0 0 0 0 0 0 47
0 0 0 0 0 0 0 0 0 0 0 0 22 0 15 0 0 0 65 28 0 0 0 0 0 0 0 0 0 0 0 53 0 0 0 0 64 0 42 0
0 0 0 0 61 97 0 0 57 0 76 0 0 0 0 7 28 79 38 0 0 91 0 0 48 0 0 0 0 0 0 0 0 0 0 0 0 50 0 0
12 0 0 0 0 12 0 0 0 28 0 0 0 0 0 0 0 0 0 0 0 0 5 0 85 71 0 0 0 0 88 0 40 0 0 0 0 6 0 54
0 49 0 0 0 0 0 0 0 0 100 0 0 0 0 0 0 0 0 0 0 0 0 0 0 89 0 0 0 36 83 0 0 43 0 0 44 0 0 0
0 0 0 0 0 0 0 72 0 0 0 0 34 0 81 0 0 0 0 0 0 0 62 0 0 0 0 10 0 0 0 0 0 13 0 0 0 0 0 0
64 0 96 0 0 0 44 0 0 0 0 0 0 0 0 33 0 0 0 0 0 0 0 0 49 0 0 44 0 0 0 58 0 0 61 0 0 0 0 0
0 63 0 0 0 0 0 0 0 0 0 0 0 0 0 30 0 0 0 0 37 0 73 49 0 0 72 0 0 45 0 69 0 0 36 0 0 0 63 0
0 0 89 0 57 0 0 0 0 0 0 0 0 0 0 0 51 0 0 0 0 44 24 0 0 54 0 78 0 0 65 0 0 0 0 0 70 0 0 0
0 0 46 0 0 75 22 100 0 0 0 0 73 0 5 1 0 0 0 0 0 0 0 76 92 0 0 0 0 0 89 80 100 0 0 42 30 0 0 0
79 0 95 0 3 0 38 0 0 0 0 0 0 3 0 49 33 0 0 50 0 0 0 5 9 0 0 0 0 77 68 0 0 0 0 0 30 0 0 0
0 99 0 4 0 0 0 0 61 0 0 0 0 0 0 0 0 4 0 34 0 0 0 0 0 0 97 0 0 0 0 0 76 0 44 0 0 0 0 0
0 0 0 0 0 81 0 32 48 0 0 0 0 0 95 4 95 0 0 0 0 80 0 0 6 22 0 0 0 0 0 0 37 0 0 33 68 0 0 0
0 0 0 0 48 0 84 23 0 86 0 0 0 0 0 0 0 0 0 0 0 71 0 0 0 63 0 77 0 0 0 0 0 0 0 0 0 68 0 0
0 0 0 0 0 0 94 85 0 16 0 0 0 10 98 0 0 0 0 0 0 46 0 13 0 0 36 0 27 0 0 0 64 0 0 0 73 0 0 0
0 0 39 0 0 0 0 0 0 50 22 0 10 21 0 0 0 0 39 0 77 0 0 10 0 0 0 71 0 0 0 0 0 0 0 0 0 0 0 0
0 0 0 0 45 73 18 0 17 0 59 0 0 72 0 37 98 0 12 0 0 36 0 0 0 0 0 0 0 0 0 0 0 0 46 0 0 0 40 0
0 63 0 0 0 0 66 0 80 7 78 0 0 91 0 99 0 33 0 0 27 0 0 0 34 0 0 77 0 8 0 61 44 0 12 0 0 0 0 0
0 0 0 0 0 0 61 0 84 16 0 21 0 0 0 0 0 27 79 0 0 0 0 53 34 0 0 71 0 0 0 0 0 0 0 0 0 42 0 9
0 0 59 0 0 0 0 94 55 0 0 0 0 0 0 0 0 0 0 0 0 22 3 0 0 0 0 0 0 100 0 0 0 0 0 100 76 17 26 0
0 0 0 0 11 0 92 0 0 12 0 0 0 0 0 0 0 0 0 0 0 0 95 0 96 0 67 0 0 0 4 0 74 67 62 0 0 0 0 25
90 0 0 16 0 98 0 0 0 16 0 100 0 0 10 0 0 0 57 0 0 0 0 0 0 0 0 76 0 0 0 0 0 0 0 0 21 0 0 85
0 0 0 78 85 0 0 0 30 0 2 0 0 0 0 0 72 95 0 0 32 0 0 0 0 7 0 30 0 48 0 8 51 0 0 0 0 0 69 41
0 56 0 0 0 87 0 0 0 0 42 0 0 0 0 0 0 0 0 0 1 0 0 0 0 19 82 0 0 0 0 0 0 0 0 0 34 0 0 0
0 0 0 62 0 0 31 0 0 0 0 0 0 0 0 0 0 0 0 0 0 91 0 0 0 0 0 0 0 0 0 0 0 0 0 83 0 67 53 0
0 0 0 0 0 68 0 17 0 0 0 0 0 0 0 0 0 0 0 32 96 0 0 0 0 0 0 0 0 0 0 0 0 0 0 0 20 55 0 0
71 0 0 0 83 0 0 0 0 69 0 0 0 0 0 0 0 0 0 0 0 0 66 0 0 58 0 0 13 0 0 0 0 0 51 0 0 0 40 0
0 37 0 0 0 0 0 87 0 0 0 0 0 0 0 0 0 0 0 0 0 0 0 0 0 0 0 0 0 0 0 0 71 0 0 0 59 0 0 0
0 17 77 0 3 58 89 0 0 0 0 0 0 71 0 0 2 0 0 83 0 62 0 0 0 78 0 39 0 0 0 0 0 0 65 0 0 0 0 89
0 2 0 0 0 0 15 47 0 0 0 0 0 34 0 0 60 0 18 39 0 0 0 53 0 0 0 23 0 0 0 0 17 0 0 0 0 0 52 0
0 0 100 47 0 34 0 0 0 0 0 0 0 0 0 0 0 0 0 0 0 0 0 0 0 0 41 0 0 0 73 0 20 0 8 0 0 0 0 0
0 0 0 17 0 0 0 48 0 97 0 0 0 0 0 41 0 0 0 0 0 49 0 26 83 0 0 0 0 0 0 0 0 0 0 33 55 0 0 0
0 0 75 0 0 0 42 0 0 0 0 0 0 0 0 31 0 0 0 0 64 0 0 0 72 0 0 0 0 0 0 0 0 0 0 66 0 14 0 0
0 0 0 0 0 0 0 0 0 0 94 78 17 43 0 0 24 85 0 0 0 0 0 85 20 0 66 0 0 4 0 0 36 0 0 0 0 0 0 0
0 0 71 43 0 59 0 0 10 0 0 0 0 48 0 0 37 33 0 0 0 14 80 0 73 0 0 0 0 0 0 0 0 49 0 0 0 0 0 0
0 0 0 68 0 0 0 0 0 0 24 70 0 0 37 0 0 0 89 0 0 0 0 0 0 0 79 63 0 0 0 0 0 0 83 0 0 20 0 0
58 0 0 0 0 0 71 0 0 31 0 0 0 0 9 0 13 52 0 0 39 0 0 0 0 0 63 0 0 0 48 18 0 52 66 0 0 0 64 0
0 0 0 0 2 0 0 12 64 0 0 0 0 0 0 82 0 0 40 0 0 0 0 0 0 0 0 42 0 0 0 0 0 0 0 0 39 0 0 0
0 80 52 0 21 0 0 0 0 66 0 0 0 0 4 0 0 0 78 0 0 0 96 0 0 0 90 0 0 0 17 62 0 53 0 0 0 0 75 0