40
0 55 0 0 0 0 28 0 0 49 30 28 0 43 0 0 0 0 3 0 0 0 0 0 0 0 0 0 0 0 37 0 5 0 0 0 0 0 0 0
92 0 45 0 0 84 0 0 27 0 0 0 70 0 0 60 0 0 0 0 0 0 5 0 0 0 63 0 0 81 0 0 0 70 0 0 0 0 76 78
0 0 0 0 0 0 0 0 0 72 0 0 71 0 0 0 0 0 0 0 0 0 0 28 0 0 0 0 58 0 0 0 63 0 0 0 96 0 0 83
0 0 48 0 89 0 0 85 0 0 0 40 92 0 0 0 0 0 0 61 0 0 57 55 79 0 0 0 0 0 0 0 0 99 0 22 54 0 0 0
0 0 86 0 0 0 78 0 0 24 0 75 0 0 0 43 55 5 0 0 48 0 0 65 52 0 25 0 0 0 0 0 0 0 0 0 0 0 95 0
0 0 0 0 0 0 0 47 81 0 0 0 0 0 7 0 22 99 0 0 0 0 0 27 60 16 96 0 0 0 0 0 0 0 0 0 0 0 49 0
0 0 0 0 23 0 0 0 0 0 0 0 0 0 59 0 0 0 0 0 0 0 0 0 0 0 0 0 11 0 0 0 0 0 0 57 0 0 0 75
40 27 0 0 0 0 95 0 0 0 0 0 0 0 1 0 0 0 0 83 0 0 0 58 0 0 0 0 0 0 0 0 20 0 0 0 85 0 0 0
0 63 0 0 0 0 0 9 0 0 0 68 42 0 0 0 0 0 0 0 0 26 0 0 0 0 0 0 0 0 0 0 41 88 0 0 0 0 92 0
9 13 0 0 0 92 12 95 28 0 28 0 98 0 0 0 59 0 0 0 100 0 0 0 0 0 0 0 0 70 0 9 0 0 71 0 0 0 17 24
0 0 0 0 0 0 0 0 0 0 0 0 0 51 0 0 15 0 0 0 30 37 0 0 0 44 0 0 0 0 0 0 0 0 0 0 0 0 0 0
0 0 0 0 0 0 78 0 15 0 18 0 0 0 0 0 0 47 0 0 0 0 0 0 0 0 70 0 0 0 10 0 0 0 0 0 0 0 0 0
34 0 41 0 0 49 0 0 0 0 0 0 0 92 0 0 0 0 0 0 0 63 0 0 0 0 0 94 0 0 25 82 0 0 0 0 41 0 0 20
0 60 25 0 0 0 0 0 0 0 0 0 0 0 0 0 0 0 0 0 73 0 0 0 70 92 0 0 0 0 0 66 0 0 0 0 0 0 0 0
0 57 83 0 0 7 8 0 0 0 0 0 0 0 0 44 0 25 0 0 0 0 0 0 0 0 0 0 0 63 0 0 0 73 0 0 23 76 8 0
0 0 0 27 0 0 0 0 0 71 0 71 0 42 0 0 0 4 0 0 0 0 0 0 0 0 69 73 0 95 54 0 0 0 0 36 0 0 0 0
0 0 0 0 0 0 90 0 0 0 0 0 0 0 0 0 0 0 0 14 0 0 0 0 89 0 0 0 0 14 0 62 62 90 0 18 0 0 0 32
0 0 16 0 0 26 10 0 0 0 0 0 0 0 0 0 0 0 0 0 0 31 0 0 0 32 96 0 31 11 0 0 0 80 0 79 39 0 0 0
74 0 3 40 0 0 0 22 7 0 0 0 0 0 82 0 0 0 0 0 0 0 69 47 0 0 0 0 0 6 60 10 0 0 0 0 30 0 0 0
0 0 75 0 0 48 0 0 0 0 0 0 0 0 0 0 0 0 76 0 0 0 0 0 0 0 38 0 0 0 57 52 0 0 0 0 61 0 0 0
0 40 0 0 2 28 0 3 78 0 12 0 0 0 0 0 0 0 0 0 0 0 0 62 44 0 0 0 0 0 70 0 0 0 0 3 0 0 34 0
0 94 0 0 0 0 0 0 0 0 0 91 0 0 17 0 0 0 77 0 0 0 0 0 0 0 0 0 0 0 38 0 0 0 21 0 73 17 0 52
0 0 77 0 0 44 59 0 0 0 35 0 0 0 68 0 0 0 0 0 87 0 0 0 12 99 0 0 0 12 68 0 99 0 34 0 0 0 40 0
0 0 0 57 54 0 0 18 91 0 0 0 0 0 0 44 0 0 0 44 0 0 0 0 0 76 0 0 0 0 19 0 0 0 0 0 0 0 56 0
0 0 0 0 0 0 12 12 7 6 0 0 0 36 19 0 0 0 25 0 31 28 0 0 0 0 0 8 70 37 0 0 100 0 0 0 0 20 0 76
61 0 1 0 0 0 61 89 0 0 0 0 0 0 0 0 3 61 0 0 0 0 0 0 0 0 0 0 0 6 0 0 0 59 17 0 0 0 0 96
0 0 0 0 0 0 83 27 0 41 0 0 0 0 0 0 0 0 0 21 8 2 0 51 0 0 0 0 0 0 0 0 0 0 0 0 11 0 61 77
0 25 0 0 0 0 0 32 0 0 0 75 0 0 0 0 0 0 0 0 64 0 0 0 19 0 0 0 0 0 84 100 37 12 30 82 0 0 0 0
21 0 96 0 0 98 0 0 0 41 0 0 0 0 34 35 0 0 0 0 0 0 0 0 0 0 0 0 0 37 0 0 0 0 0 0 0 16 0 41
0 61 0 0 0 0 4 0 0 0 0 0 0 0 0 0 0 0 97 46 0 4 0 0 0 0 0 2 0 0 0 0 43 0 0 19 0 0 0 0
0 0 0 0 0 37 0 0 0 0 19 37 0 0 0 0 0 36 0 15 92 77 0 0 67 63 0 0 0 38 0 0 60 0 0 0 0 0 0 0
0 0 76 0 81 0 0 0 0 0 0 0 0 0 0 0 56 0 0 0 87 0 0 0 0 11 0 0 0 0 0 0 0 0 0 0 0 0 65 0
0 0 0 0 0 0 0 0 0 0 0 29 0 51 0 0 0 0 0 0 0 0 0 0 62 61 92 0 0 2 0 0 0 50 0 8 0 0 0 0
0 0 67 0 0 0 0 0 0 0 27 18 67 0 69 0 0 0 7 0 0 0 0 0 23 0 50 5 0 0 18 0 0 0 23 0 20 0 0 0
0 0 0 0 0 0 0 0 0 20 85 0 0 89 0 0 70 0 0 0 0 0 0 0 0 0 0 0 0 0 0 90 0 0 0 76 96 0 8 0
0 30 0 0 0 0 0 35 0 0 0 53 0 54 10 0 0 8 0 22 0 79 9 0 37 60 0 0 0 0 0 0 0 29 0 0 0 0 50 0
53 83 4 19 23 88 0 44 0 58 0 0 0 0 0 0 77 0 0 54 59 31 0 0 0 0 54 0 16 0 0 0 0 0 0 30 0 0 0 0
0 0 0 0 0 0 0 0 91 0 53 0 0 0 0 0 0 0 0 0 0 0 0 0 0 50 77 0 39 37 0 0 0 0 0 0 0 0 86 0
0 97 0 0 0 0 0 0 30 0 0 0 0 0 66 0 0 0 0 92 0 52 87 0 0 62 0 0 60 0 0 54 0 0 0 0 0 0 0 18
72 31 0 0 0 0 90 0 0 56 0 0 55 51 65 0 0 0 0 0 0 0 0 0 0 0 0 0 26 0 0 0 49 0 0 0 0 11 0 0
0 39 0 0 0 0 47 0 0 80 41 78 0 95 0 0 0 0 84 0 0 0 0 0 0 0 0 0 0 0 69 0 96 0 0 0 0 0 0 0
75 0 52 0 0 3 0 0 100 0 0 0 34 0 0 86 0 0 0 0 0 0 70 0 0 0 25 0 0 29 0 0 0 69 0 0 0 0 22 17
0 0 0 0 0 0 0 0 0 88 0 0 87 0 0 0 0 0 0 0 0 0 0 53 0 0 0 0 49 0 0 0 46 0 0 0 23 0 0 48
0 0 48 0 30 0 0 72 0 0 0 28 30 0 0 0 0 0 0 69 0 0 52 68 75 0 0 0 0 0 0 0 0 71 0 31 93 0 0 0
0 0 89 0 0 0 33 0 0 79 0 5 0 0 0 56 25 29 0 0 26 0 0 92 21 0 26 0 0 0 0 0 0 0 0 0 0 0 34 0
0 0 0 0 0 0 0 78 32 0 0 0 0 0 42 0 84 85 0 0 0 0 0 49 65 5 95 0 0 0 0 0 0 0 0 0 0 0 10 0
0 0 0 0 90 0 0 0 0 0 0 0 0 0 35 0 0 0 0 0 0 0 0 0 0 0 0 0 71 0 0 0 0 0 0 19 0 0 0 50
95 41 0 0 0 0 56 0 0 0 0 0 0 0 10 0 0 0 0 15 0 0 0 26 0 0 0 0 0 0 0 0 40 0 0 0 9 0 0 0
0 83 0 0 0 0 0 84 0 0 0 97 25 0 0 0 0 0 0 0 0 20 0 0 0 0 0 0 0 0 0 0 89 87 0 0 0 0 45 0
47 88 0 0 0 18 24 1 25 0 19 0 40 0 0 0 96 0 0 0 36 0 0 0 0 0 0 0 0 46 0 20 0 0 87 0 0 0 5 38
0 0 0 0 0 0 0 0 0 0 0 0 0 43 0 0 9 0 0 0 20 27 0 0 0 61 0 0 0 0 0 0 0 0 0 0 0 0 0 0
0 0 0 0 0 0 95 0 28 0 8 0 0 0 0 0 0 25 0 0 0 0 0 0 0 0 65 0 0 0 79 0 0 0 0 0 0 0 0 0
52 0 59 0 0 51 0 0 0 0 0 0 0 16 0 0 0 0 0 0 0 90 0 0 0 0 0 31 0 0 93 32 0 0 0 0 48 0 0 15
0 82 69 0 0 0 0 0 0 0 0 0 0 0 0 0 0 0 0 0 62 0 0 0 96 80 0 0 0 0 0 79 0 0 0 0 0 0 0 0
0 11 59 0 0 26 27 0 0 0 0 0 0 0 0 36 0 50 0 0 0 0 0 0 0 0 0 0 0 97 0 0 0 74 0 0 43 36 17 0
0 0 0 54 0 0 0 0 0 24 0 46 0 8 0 0 0 71 0 0 0 0 0 0 0 0 100 79 0 40 16 0 0 0 0 51 0 0 0 0
0 0 0 0 0 0 38 0 0 0 0 0 0 0 0 0 0 0 0 92 0 0 0 0 71 0 0 0 0 7 0 32 88 93 0 60 0 0 0 29
0 0 95 0 0 88 21 0 0 0 0 0 0 0 0 0 0 0 0 0 0 26 0 0 0 88 4 0 14 61 0 0 0 52 0 17 9 0 0 0
56 0 65 1 0 0 0 63 49 0 0 0 0 0 61 0 0 0 0 0 0 0 30 49 0 0 0 0 0 76 47 2 0 0 0 0 40 0 0 0
0 0 18 0 0 76 0 0 0 0 0 0 0 0 0 0 0 0 91 0 0 0 0 0 0 0 83 0 0 0 14 8 0 0 0 0 87 0 0 0
0 56 0 0 72 32 0 73 48 0 86 0 0 0 0 0 0 0 0 0 0 0 0 43 28 0 0 0 0 0 46 0 0 0 0 54 0 0 91 0
0 34 0 0 0 0 0 0 0 0 0 27 0 0 3 0 0 0 74 0 0 0 0 0 0 0 0 0 0 0 56 0 0 0 73 0 98 4 0 81
0 0 27 0 0 40 61 0 0 0 43 0 0 0 23 0 0 0 0 0 2 0 0 0 81 1 0 0 0 49 12 0 46 0 71 0 0 0 72 0
0 0 0 36 47 0 0 7 29 0 0 0 0 0 0 51 0 0 0 64 0 0 0 0 0 20 0 0 0 0 32 0 0 0 0 0 0 0 49 0
0 0 0 0 0 0 25 10 59 24 0 0 0 56 84 0 0 0 59 0 32 34 0 0 0 0 0 66 74 35 0 0 93 0 0 0 0 97 0 40
58 0 19 0 0 0 30 33 0 0 0 0 0 0 0 0 67 16 0 0 0 0 0 0 0 0 0 0 0 76 0 0 0 81 2 0 0 0 0 52
0 0 0 0 0 0 62 46 0 38 0 0 0 0 0 0 0 0 0 52 7 56 0 7 0 0 0 0 0 0 0 0 0 0 0 0 19 0 21 91
0 16 0 0 0 0 0 82 0 0 0 26 0 0 0 0 0 0 0 0 69 0 0 0 8 0 0 0 0 0 66 59 25 94 81 80 0 0 0 0
63 0 100 0 0 100 0 0 0 89 0 0 0 0 37 15 0 0 0 0 0 0 0 0 0 0 0 0 0 59 0 0 0 0 0 0 0 53 0 85
0 50 0 0 0 0 56 0 0 0 0 0 0 0 0 0 0 0 70 85 0 34 0 0 0 0 0 86 0 0 0 0 79 0 0 63 0 0 0 0
0 0 0 0 0 20 0 0 0 0 27 41 0 0 0 0 0 27 0 96 17 78 0 0 42 23 0 0 0 59 0 0 100 0 0 0 0 0 0 0
0 0 42 0 84 0 0 0 0 0 0 0 0 0 0 0 23 0 0 0 81 0 0 0 0 41 0 0 0 0 0 0 0 0 0 0 0 0 31 0
0 0 0 0 0 0 0 0 0 0 0 36 0 49 0 0 0 0 0 0 0 0 0 0 79 5 42 0 0 36 0 0 0 40 0 47 0 0 0 0
0 0 93 0 0 0 0 0 0 0 54 66 85 0 62 0 0 0 64 0 0 0 0 0 21 0 63 93 0 0 66 0 0 0 54 0 19 0 0 0
0 0 0 0 0 0 0 0 0 49 42 0 0 49 0 0 92 0 0 0 0 0 0 0 0 0 0 0 0 0 0 15 0 0 0 80 21 0 8 0
0 59 0 0 0 0 0 54 0 0 0 83 0 87 42 0 0 26 0 9 0 20 13 0 68 13 0 0 0 0 0 0 0 23 0 0 0 0 27 0
61 69 62 33 53 64 0 5 0 29 0 0 0 0 0 0 32 0 0 4 14 47 0 0 0 0 93 0 67 0 0 0 0 0 0 5 0 0 0 0
0 0 0 0 0 0 0 0 75 0 75 0 0 0 0 0 0 0 0 0 0 0 0 0 0 3 14 0 5 7 0 0 0 0 0 0 0 0 95 0
0 57 0 0 0 0 0 0 88 0 0 0 0 0 27 0 0 0 0 50 0 45 65 0 0 23 0 0 36 0 0 68 0 0 0 0 0 0 0 64
97 83 0 0 0 0 99 0 0 10 0 0 58 14 94 0 0 0 0 0 0 0 0 0 0 0 0 0 59 0 0 0 4 0 0 0 0 63 0 0