40
0 0 0 0 0 0 0 100 19 47 63 0 48 0 33 0 37 0 0 0 0 18 0 0 8 85 0 0 0 0 0 14 0 0 0 0 0 0 0 24
0 0 27 91 11 65 5 0 0 0 0 0 0 51 0 94 0 0 0 0 0 18 15 0 0 75 0 0 0 59 0 0 31 68 0 0 0 0 0 64
0 0 0 0 0 46 0 40 0 0 0 0 0 0 83 0 10 0 0 0 0 0 0 0 72 0 13 0 0 0 0 0 0 0 35 0 66 49 0 0
54 19 0 0 0 0 0 0 41 0 0 94 19 0 0 0 77 0 0 3 0 0 3 0 0 0 0 0 0 38 0 12 0 0 0 0 0 68 0 20
8 86 80 0 0 65 0 0 0 0 0 41 0 0 0 0 21 0 0 0 0 15 0 0 0 0 0 0 0 0 0 47 0 0 0 0 50 0 0 0
0 0 36 32 0 0 0 83 42 0 0 0 0 3 0 0 0 0 0 57 0 0 0 0 88 10 0 69 0 0 51 0 0 0 0 0 0 28 5 0
0 91 0 43 0 0 0 0 85 0 39 0 0 0 0 44 0 0 0 0 0 0 0 0 0 0 0 14 0 0 2 0 0 0 0 0 56 58 0 0
0 0 0 0 84 38 0 0 0 0 0 0 0 19 0 0 0 0 0 0 0 0 0 0 0 0 32 98 0 73 0 81 50 0 0 0 72 0 91 0
0 0 0 0 15 0 0 0 0 8 26 40 0 0 0 0 0 24 94 0 0 0 53 0 0 0 47 0 0 0 0 0 0 0 0 0 0 0 40 74
65 91 0 0 0 0 0 0 7 0 0 36 0 0 50 0 0 0 80 0 0 80 88 0 0 0 0 0 0 0 0 0 0 0 0 0 0 0 0 0
0 78 0 0 0 46 0 59 0 98 0 0 0 0 0 0 0 0 44 0 21 0 66 0 0 69 0 77 0 0 0 0 0 0 0 0 0 0 0 0
0 0 93 0 88 0 0 88 0 0 0 0 0 45 0 33 0 0 0 0 7 0 0 0 50 0 100 0 0 0 0 0 0 77 0 0 0 66 0 4
0 0 0 0 0 34 0 0 0 0 0 0 0 0 22 0 0 0 0 0 78 11 0 0 0 55 0 56 0 7 0 0 70 0 30 0 92 0 0 0
0 0 0 0 0 0 46 73 0 0 0 0 0 0 0 0 20 0 0 0 0 0 0 0 0 0 56 0 0 0 0 45 0 93 0 0 0 90 0 0
0 0 0 0 0 22 0 1 0 98 0 0 0 0 0 0 5 87 0 0 0 76 0 0 0 0 0 0 0 0 22 0 33 44 0 30 0 0 0 0
0 0 68 0 0 44 0 0 0 0 0 0 0 0 0 0 0 99 79 0 0 0 0 52 0 0 0 0 0 0 31 0 20 0 0 0 0 0 0 98
31 0 0 0 4 0 0 0 0 0 67 83 0 16 0 0 0 13 0 0 10 0 27 29 0 0 0 0 0 29 0 0 0 0 0 0 0 0 0 33
0 63 0 27 0 14 0 0 79 28 0 0 10 0 0 0 82 0 0 0 0 65 0 87 0 0 0 7 0 0 73 0 0 30 0 0 0 0 0 0
0 0 0 0 0 0 0 48 2 12 19 0 92 0 0 0 0 0 0 0 0 38 57 0 86 18 0 0 0 0 0 0 5 0 0 42 0 0 94 5
0 0 0 0 0 66 0 0 0 0 0 39 45 0 0 0 0 29 0 0 0 0 0 0 0 0 46 0 0 0 28 0 35 0 0 0 0 0 0 0
0 0 0 17 0 0 50 0 0 26 53 0 47 0 0 0 10 0 26 0 0 0 0 0 87 0 0 66 0 0 0 11 0 0 0 0 0 0 0 12
11 29 0 0 0 84 0 0 11 0 0 0 0 0 0 91 56 48 73 0 0 0 0 11 0 0 0 0 99 0 0 37 0 43 98 0 96 17 0 0
89 0 0 0 72 0 0 19 0 0 0 0 0 0 0 68 0 0 0 0 9 0 0 0 0 52 0 0 0 0 0 0 0 0 47 0 0 0 29 0
0 0 99 0 0 0 0 0 0 0 0 0 0 0 0 23 0 0 0 0 0 0 0 0 0 0 0 89 0 0 0 0 0 99 0 0 4 0 0 46
0 92 0 18 0 0 0 0 0 0 62 100 0 0 55 0 0 54 87 0 0 0 0 0 0 0 0 99 0 96 0 0 0 0 0 0 0 0 0 0
74 49 0 12 0 0 53 33 31 0 0 0 0 0 0 0 50 0 0 60 0 21 0 94 0 0 0 0 0 0 0 0 0 0 0 0 0 20 75 0
0 0 49 0 0 0 0 0 43 0 0 0 0 11 0 0 0 0 0 0 0 0 79 0 47 83 0 0 22 0 20 0 0 0 0 0 4 0 0 38
0 0 0 0 89 0 97 0 99 74 0 3 0 0 0 50 10 0 0 0 0 0 0 0 0 26 0 0 0 0 0 0 0 0 0 0 0 0 0 0
0 0 0 0 54 88 45 0 17 0 0 0 0 0 0 0 0 0 0 0 66 76 0 0 0 0 0 97 0 0 0 0 0 0 0 0 0 10 0 0
4 0 0 0 0 1 1 0 79 0 33 0 0 96 0 0 0 0 0 32 0 0 0 0 0 0 0 0 0 0 0 0 0 0 0 8 0 0 61 0
0 0 0 57 66 0 0 0 0 67 0 0 41 0 0 0 0 0 76 0 0 0 0 0 0 0 0 0 27 30 0 97 0 0 42 0 0 0 0 0
0 0 0 0 72 0 0 0 91 0 0 0 18 0 0 48 0 0 0 0 0 72 0 0 79 0 0 0 54 0 0 0 0 0 0 0 0 0 0 0
0 0 82 0 0 0 0 0 0 92 92 0 0 0 0 0 49 59 0 0 0 0 0 0 0 0 0 0 0 0 0 0 0 52 0 0 0 0 0 71
14 61 0 0 0 0 0 0 0 0 29 69 69 0 0 0 0 0 98 0 0 0 0 0 0 0 0 0 0 0 0 0 0 0 59 0 0 71 0 0
0 33 0 0 0 0 0 0 0 0 0 0 0 29 4 0 0 0 0 0 18 0 0 0 83 0 0 0 0 53 0 0 0 36 0 0 92 0 63 97
0 0 68 0 57 0 58 0 0 0 0 0 0 0 0 0 0 0 0 0 0 0 0 27 0 15 0 0 0 0 0 0 0 0 0 0 26 0 82 94
0 0 0 0 0 0 0 0 0 52 0 0 0 0 0 0 0 0 26 29 0 0 0 0 0 0 5 33 0 0 0 0 19 0 0 0 0 0 0 0
35 45 7 0 84 0 0 36 0 0 0 0 0 0 0 0 0 76 6 0 0 0 0 0 0 49 0 10 59 53 63 0 0 0 0 0 0 0 3 34
0 0 0 0 0 0 0 15 76 0 46 0 0 0 45 0 0 0 0 71 0 3 83 0 0 74 93 61 0 74 0 0 0 0 0 0 74 0 0 0
25 0 66 0 14 77 0 0 77 0 0 0 95 0 0 0 0 0 0 0 0 0 0 0 0 52 0 22 0 0 92 0 0 93 0 0 0 0 0 0
0 0 0 0 0 0 0 94 9 23 82 0 58 0 42 0 25 0 0 0 0 20 0 0 3 80 0 0 0 0 0 18 0 0 0 0 0 0 0 97
0 0 81 37 63 33 38 0 0 0 0 0 0 3 0 23 0 0 0 0 0 78 12 0 0 53 0 0 0 59 0 0 39 56 0 0 0 0 0 54
0 0 0 0 0 85 0 19 0 0 0 0 0 0 22 0 88 0 0 0 0 0 0 0 28 0 96 0 0 0 0 0 0 0 71 0 82 39 0 0
30 77 0 0 0 0 0 0 34 0 0 92 42 0 0 0 4 0 0 60 0 0 11 0 0 0 0 0 0 79 0 36 0 0 0 0 0 59 0 55
61 27 69 0 0 76 0 0 0 0 0 52 0 0 0 0 70 0 0 0 0 37 0 0 0 0 0 0 0 0 0 31 0 0 0 0 46 0 0 0
0 0 81 28 0 0 0 61 15 0 0 0 0 99 0 0 0 0 0 92 0 0 0 0 80 27 0 47 0 0 30 0 0 0 0 0 0 3 53 0
0 47 0 87 0 0 0 0 70 0 3 0 0 0 0 100 0 0 0 0 0 0 0 0 0 0 0 14 0 0 15 0 0 0 0 0 22 19 0 0
0 0 0 0 99 95 0 0 0 0 0 0 0 18 0 0 0 0 0 0 0 0 0 0 0 0 43 91 0 68 0 18 40 0 0 0 66 0 63 0
0 0 0 0 28 0 0 0 0 96 40 93 0 0 0 0 0 100 44 0 0 0 97 0 0 0 20 0 0 0 0 0 0 0 0 0 0 0 33 61
23 47 0 0 0 0 0 0 12 0 0 80 0 0 97 0 0 0 25 0 0 78 96 0 0 0 0 0 0 0 0 0 0 0 0 0 0 0 0 0
0 39 0 0 0 39 0 9 0 76 0 0 0 0 0 0 0 0 27 0 86 0 98 0 0 71 0 63 0 0 0 0 0 0 0 0 0 0 0 0
0 0 18 0 84 0 0 45 0 0 0 0 0 75 0 56 0 0 0 0 7 0 0 0 27 0 67 0 0 0 0 0 0 56 0 0 0 11 0 48
0 0 0 0 0 63 0 0 0 0 0 0 0 0 28 0 0 0 0 0 73 10 0 0 0 87 0 45 0 97 0 0 87 0 51 0 56 0 0 0
0 0 0 0 0 0 36 54 0 0 0 0 0 0 0 0 98 0 0 0 0 0 0 0 0 0 5 0 0 0 0 13 0 34 0 0 0 20 0 0
0 0 0 0 0 3 0 72 0 97 0 0 0 0 0 0 29 26 0 0 0 55 0 0 0 0 0 0 0 0 20 0 5 21 0 58 0 0 0 0
0 0 5 0 0 42 0 0 0 0 0 0 0 0 0 0 0 92 26 0 0 0 0 42 0 0 0 0 0 0 57 0 21 0 0 0 0 0 0 55
94 0 0 0 45 0 0 0 0 0 91 77 0 79 0 0 0 15 0 0 13 0 10 67 0 0 0 0 0 11 0 0 0 0 0 0 0 0 0 83
0 12 0 15 0 65 0 0 81 45 0 0 99 0 0 0 18 0 0 0 0 92 0 87 0 0 0 7 0 0 10 0 0 8 0 0 0 0 0 0
0 0 0 0 0 0 0 14 75 57 98 0 11 0 0 0 0 0 0 0 0 8 68 0 64 82 0 0 0 0 0 0 85 0 0 28 0 0 11 98
0 0 0 0 0 31 0 0 0 0 0 64 9 0 0 0 0 30 0 0 0 0 0 0 0 0 96 0 0 0 27 0 56 0 0 0 0 0 0 0
0 0 0 76 0 0 49 0 0 36 4 0 62 0 0 0 20 0 51 0 0 0 0 0 48 0 0 53 0 0 0 17 0 0 0 0 0 0 0 98
10 78 0 0 0 67 0 0 30 0 0 0 0 0 0 93 19 46 32 0 0 0 0 39 0 0 0 0 58 0 0 100 0 28 83 0 29 43 0 0
12 0 0 0 6 0 0 41 0 0 0 0 0 0 0 20 0 0 0 0 48 0 0 0 0 68 0 0 0 0 0 0 0 0 64 0 0 0 95 0
0 0 44 0 0 0 0 0 0 0 0 0 0 0 0 60 0 0 0 0 0 0 0 0 0 0 0 94 0 0 0 0 0 36 0 0 16 0 0 82
0 29 0 27 0 0 0 0 0 0 44 62 0 0 10 0 0 76 95 0 0 0 0 0 0 0 0 80 0 51 0 0 0 0 0 0 0 0 0 0
95 53 0 89 0 0 77 23 16 0 0 0 0 0 0 0 66 0 0 88 0 58 0 79 0 0 0 0 0 0 0 0 0 0 0 0 0 52 79 0
0 0 100 0 0 0 0 0 63 0 0 0 0 22 0 0 0 0 0 0 0 0 22 0 49 96 0 0 80 0 85 0 0 0 0 0 9 0 0 12
0 0 0 0 59 0 97 0 51 29 0 87 0 0 0 77 96 0 0 0 0 0 0 0 0 18 0 0 0 0 0 0 0 0 0 0 0 0 0 0
0 0 0 0 14 3 14 0 76 0 0 0 0 0 0 0 0 0 0 0 50 49 0 0 0 0 0 47 0 0 0 0 0 0 0 0 0 2 0 0
39 0 0 0 0 32 24 0 100 0 90 0 0 82 0 0 0 0 0 94 0 0 0 0 0 0 0 0 0 0 0 0 0 0 0 27 0 0 6 0
0 0 0 1 17 0 0 0 0 67 0 0 28 0 0 0 0 0 43 0 0 0 0 0 0 0 0 0 85 28 0 5 0 0 79 0 0 0 0 0
0 0 0 0 82 0 0 0 63 0 0 0 43 0 0 23 0 0 0 0 0 37 0 0 33 0 0 0 12 0 0 0 0 0 0 0 0 0 0 0
0 0 85 0 0 0 0 0 0 88 76 0 0 0 0 0 68 4 0 0 0 0 0 0 0 0 0 0 0 0 0 0 0 18 0 0 0 0 0 9
44 54 0 0 0 0 0 0 0 0 37 17 3 0 0 0 0 0 15 0 0 0 0 0 0 0 0 0 0 0 0 0 0 0 98 0 0 20 0 0
0 60 0 0 0 0 0 0 0 0 0 0 0 17 29 0 0 0 0 0 97 0 0 0 100 0 0 0 0 100 0 0 0 61 0 0 93 0 74 20
0 0 68 0 99 0 11 0 0 0 0 0 0 0 0 0 0 0 0 0 0 0 0 81 0 69 0 0 0 0 0 0 0 0 0 0 13 0 53 7
0 0 0 0 0 0 0 0 0 96 0 0 0 0 0 0 0 0 34 64 0 0 0 0 0 0 4 72 0 0 0 0 53 0 0 0 0 0 0 0
92 58 83 0 62 0 0 2 0 0 0 0 0 0 0 0 0 90 13 0 0 0 0 0 0 44 0 12 92 33 75 0 0 0 0 0 0 0 89 1
0 0 0 0 0 0 0 78 77 0 71 0 0 0 65 0 0 0 0 2 0 47 89 0 0 36 98 20 0 66 0 0 0 0 0 0 59 0 0 0
97 0 62 0 12 69 0 0 97 0 0 0 67 0 0 0 0 0 0 0 0 0 0 0 0 13 0 36 0 0 66 0 0 71 0 0 0 0 0 0