40
0 0 5 0 0 0 52 0 0 0 0 17 21 0 0 0 0 0 0 0 0 91 0 0 0 0 0 0 0 0 0 0 56 0 53 0 0 0 60 0
24 0 0 0 0 54 0 0 66 0 0 0 8 0 49 0 0 0 0 0 0 0 0 0 0 0 0 45 0 0 0 0 0 0 0 0 0 0 0 31
0 0 0 76 0 6 0 0 0 61 49 63 0 0 97 0 0 0 0 17 34 21 0 0 0 0 0 0 0 2 17 0 0 0 0 0 0 0 62 0
45 0 0 0 33 0 0 0 0 0 0 59 0 0 0 0 37 0 0 10 0 0 0 65 0 3 57 0 0 0 0 0 47 54 73 0 0 0 0 58
60 53 18 0 0 0 0 0 0 0 0 41 0 0 0 9 0 0 87 0 0 82 98 0 65 0 0 74 66 0 0 0 26 36 0 0 45 0 0 0
0 0 0 0 22 0 0 0 0 0 0 0 32 0 0 48 0 0 0 75 0 0 0 70 0 0 50 0 83 0 0 0 0 0 0 0 0 0 0 28
99 0 0 0 0 0 0 0 51 0 0 0 0 0 0 97 0 67 24 0 0 83 0 0 0 0 0 0 0 0 0 0 22 0 0 0 66 0 0 46
0 58 0 38 0 0 0 0 0 0 0 0 45 9 0 58 0 0 0 73 0 73 0 0 0 80 13 0 67 0 0 44 0 0 0 65 35 89 0 0
0 20 0 0 0 0 50 0 0 0 0 41 0 0 0 0 0 0 0 66 0 0 0 0 88 0 0 0 0 0 0 0 0 0 0 0 77 75 0 0
0 0 63 0 0 0 67 0 0 0 0 0 84 58 0 19 0 0 44 0 0 0 0 0 0 17 0 28 0 87 94 0 14 0 0 0 0 0 0 0
0 0 0 0 0 0 99 0 0 0 0 88 0 0 76 15 0 0 0 0 0 0 28 0 0 0 0 0 0 0 0 0 0 0 0 0 62 0 0 37
0 0 0 0 0 0 0 1 24 0 0 0 0 58 0 0 0 0 0 0 0 0 8 0 69 16 0 0 0 0 0 0 0 0 0 0 0 96 0 0
0 0 0 0 0 0 0 42 0 63 0 0 0 0 0 0 0 0 0 0 0 0 0 0 0 0 99 0 0 0 0 0 0 0 0 0 0 0 0 0
0 72 3 0 0 76 0 0 6 0 0 0 0 0 0 86 0 0 0 0 0 0 0 15 0 0 0 0 0 0 0 0 0 0 0 49 2 0 64 0
0 83 89 35 0 56 0 78 0 0 0 0 0 0 0 10 0 0 0 92 0 0 66 0 33 0 0 97 0 36 0 58 0 0 27 0 63 0 85 0
7 40 0 0 34 0 100 58 0 0 0 0 0 92 60 0 0 0 0 0 0 46 44 56 0 0 41 9 0 66 0 0 3 0 87 0 0 72 41 0
53 0 0 0 0 0 0 93 0 32 7 23 0 94 0 0 0 0 0 0 0 85 0 0 0 0 0 0 0 28 0 0 91 85 0 0 0 0 0 44
0 0 0 84 0 42 0 0 0 0 5 0 0 0 0 62 0 0 0 48 0 0 14 96 0 0 26 42 45 0 0 0 0 0 0 0 0 0 0 0
0 0 0 0 28 0 0 36 0 83 0 0 0 6 0 28 0 0 0 0 5 0 0 0 0 0 0 0 15 0 0 0 55 0 0 0 63 0 19 0
0 0 0 0 0 16 59 0 0 0 0 56 4 0 0 0 0 0 37 0 0 0 0 0 0 0 18 0 0 96 0 0 58 38 29 0 0 0 0 93
0 0 0 0 0 0 0 0 0 0 67 0 0 0 0 0 18 0 0 0 0 0 0 67 0 0 0 0 0 0 0 0 0 0 45 0 0 0 95 0
0 0 0 57 0 0 0 9 0 72 0 0 20 0 0 37 0 0 0 77 28 0 44 0 0 0 57 0 18 0 0 0 95 0 64 0 0 0 0 0
0 0 0 44 0 0 18 0 0 0 0 0 0 51 0 0 0 0 51 0 34 0 0 0 72 0 0 0 0 0 0 0 0 78 0 0 0 0 0 0
0 54 0 0 0 0 0 40 0 26 40 33 0 20 0 41 0 0 0 0 95 54 0 0 0 0 0 0 0 0 0 0 0 0 11 0 42 0 0 0
0 47 0 0 0 0 0 0 76 0 0 0 0 0 0 0 0 0 0 0 0 49 0 12 0 9 49 0 0 0 0 0 0 0 82 0 0 0 0 0
0 0 0 0 0 0 0 0 18 0 0 0 0 0 0 0 0 0 0 3 11 0 0 0 0 0 0 0 0 0 0 0 0 0 0 0 0 73 50 0
0 0 0 0 0 0 0 0 0 0 0 0 0 0 0 0 0 40 0 0 0 0 0 0 0 0 0 52 0 0 100 0 15 0 77 0 0 0 0 33
0 0 73 0 0 0 0 0 0 0 0 53 0 2 0 20 6 0 0 20 0 0 0 0 31 0 0 0 0 83 0 0 73 0 0 0 0 0 0 0
77 0 47 0 0 28 0 0 0 0 0 20 70 0 0 0 0 51 0 0 0 28 97 33 0 0 0 0 0 0 32 0 0 0 0 83 79 0 13 0
0 0 0 0 77 0 0 0 0 94 0 0 11 0 0 0 0 0 0 30 72 0 27 25 0 74 48 71 0 0 0 35 0 0 20 0 0 0 0 0
0 0 0 0 0 0 0 0 0 0 0 65 0 0 0 62 0 0 58 0 0 0 56 0 0 0 0 0 0 0 0 0 0 0 0 0 9 0 0 0
0 0 0 52 45 69 94 0 3 0 0 0 0 0 0 0 0 0 0 0 0 0 0 0 55 81 0 14 37 58 0 0 0 67 40 16 0 1 70 74
0 0 0 12 0 0 0 0 0 99 0 0 63 0 0 39 0 0 12 19 0 0 0 16 0 0 11 0 8 0 0 29 0 0 74 0 0 81 0 0
0 21 0 0 0 14 33 0 0 0 0 48 0 0 0 0 0 0 0 0 35 0 0 83 0 15 0 54 0 0 0 0 0 0 0 0 0 0 0 0
81 0 60 0 19 0 13 0 0 0 0 0 76 0 85 0 0 0 100 0 0 0 48 43 0 0 0 0 0 0 0 0 0 0 0 0 0 0 0 0
53 0 8 0 13 0 0 0 95 0 0 16 0 0 4 0 0 2 0 0 0 0 0 0 0 0 0 0 0 0 40 0 0 70 17 0 0 0 25 40
0 0 35 0 0 0 0 0 0 80 0 31 0 10 0 0 8 0 76 0 0 0 2 0 0 0 0 0 0 0 40 0 0 7 0 0 0 81 31 0
0 0 81 0 0 0 0 0 75 0 0 0 0 0 0 0 0 0 0 0 0 0 0 0 52 0 8 0 0 0 0 0 74 0 11 0 0 0 0 24
23 0 0 0 0 0 77 0 94 50 0 0 0 0 0 0 0 0 0 0 0 0 0 15 0 0 0 90 0 0 79 0 0 39 0 0 65 80 0 0
0 0 0 0 0 0 0 0 0 0 0 0 71 0 87 0 0 10 0 8 39 0 0 0 0 0 88 0 0 0 48 100 0 40 0 0 93 81 0 0
0 0 42 0 0 0 26 0 0 0 0 15 83 0 0 0 0 0 0 0 0 22 0 0 0 0 0 0 0 0 0 0 35 0 45 0 0 0 5 0
69 0 0 0 0 83 0 0 68 0 0 0 65 0 6 0 0 0 0 0 0 0 0 0 0 0 0 50 0 0 0 0 0 0 0 0 0 0 0 73
0 0 0 72 0 6 0 0 0 5 74 23 0 0 3 0 0 0 0 21 25 30 0 0 0 0 0 0 0 10 89 0 0 0 0 0 0 0 43 0
32 0 0 0 26 0 0 0 0 0 0 51 0 0 0 0 95 0 0 30 0 0 0 33 0 67 38 0 0 0 0 0 51 89 16 0 0 0 0 19
53 52 61 0 0 0 0 0 0 0 0 34 0 0 0 16 0 0 97 0 0 52 11 0 6 0 0 34 3 0 0 0 50 7 0 0 65 0 0 0
0 0 0 0 3 0 0 0 0 0 0 0 68 0 0 7 0 0 0 3 0 0 0 29 0 0 10 0 92 0 0 0 0 0 0 0 0 0 0 61
74 0 0 0 0 0 0 0 67 0 0 0 0 0 0 65 0 21 96 0 0 34 0 0 0 0 0 0 0 0 0 0 57 0 0 0 56 0 0 52
0 77 0 93 0 0 0 0 0 0 0 0 81 6 0 100 0 0 0 48 0 75 0 0 0 87 93 0 21 0 0 13 0 0 0 61 85 62 0 0
0 71 0 0 0 0 78 0 0 0 0 53 0 0 0 0 0 0 0 30 0 0 0 0 70 0 0 0 0 0 0 0 0 0 0 0 61 77 0 0
0 0 87 0 0 0 20 0 0 0 0 0 70 88 0 90 0 0 100 0 0 0 0 0 0 20 0 8 0 91 86 0 49 0 0 0 0 0 0 0
0 0 0 0 0 0 50 0 0 0 0 95 0 0 48 24 0 0 0 0 0 0 8 0 0 0 0 0 0 0 0 0 0 0 0 0 77 0 0 74
0 0 0 0 0 0 0 18 79 0 0 0 0 4 0 0 0 0 0 0 0 0 87 0 37 40 0 0 0 0 0 0 0 0 0 0 0 71 0 0
0 0 0 0 0 0 0 91 0 2 0 0 0 0 0 0 0 0 0 0 0 0 0 0 0 0 53 0 0 0 0 0 0 0 0 0 0 0 0 0
0 68 5 0 0 83 0 0 69 0 0 0 0 0 0 1 0 0 0 0 0 0 0 87 0 0 0 0 0 0 0 0 0 0 0 51 32 0 6 0
0 98 73 9 0 90 0 33 0 0 0 0 0 0 0 87 0 0 0 96 0 0 84 0 100 0 0 34 0 52 0 70 0 0 98 0 36 0 21 0
44 3 0 0 11 0 24 22 0 0 0 0 0 76 95 0 0 0 0 0 0 52 29 77 0 0 24 64 0 51 0 0 8 0 89 0 0 28 13 0
33 0 0 0 0 0 0 83 0 72 47 36 0 60 0 0 0 0 0 0 0 16 0 0 0 0 0 0 0 23 0 0 93 95 0 0 0 0 0 51
0 0 0 41 0 44 0 0 0 0 23 0 0 0 0 90 0 0 0 79 0 0 19 36 0 0 27 42 17 0 0 0 0 0 0 0 0 0 0 0
0 0 0 0 2 0 0 7 0 65 0 0 0 85 0 65 0 0 0 0 3 0 0 0 0 0 0 0 69 0 0 0 49 0 0 0 10 0 64 0
0 0 0 0 0 91 50 0 0 0 0 20 72 0 0 0 0 0 61 0 0 0 0 0 0 0 77 0 0 97 0 0 16 85 17 0 0 0 0 78
0 0 0 0 0 0 0 0 0 0 38 0 0 0 0 0 40 0 0 0 0 0 0 6 0 0 0 0 0 0 0 0 0 0 11 0 0 0 61 0
0 0 0 96 0 0 0 5 0 82 0 0 54 0 0 32 0 0 0 31 28 0 8 0 0 0 20 0 87 0 0 0 96 0 56 0 0 0 0 0
0 0 0 99 0 0 18 0 0 0 0 0 0 14 0 0 0 0 95 0 75 0 0 0 57 0 0 0 0 0 0 0 0 40 0 0 0 0 0 0
0 71 0 0 0 0 0 78 0 100 94 61 0 93 0 94 0 0 0 0 94 90 0 0 0 0 0 0 0 0 0 0 0 0 10 0 51 0 0 0
0 47 0 0 0 0 0 0 60 0 0 0 0 0 0 0 0 0 0 0 0 62 0 37 0 80 77 0 0 0 0 0 0 0 83 0 0 0 0 0
0 0 0 0 0 0 0 0 92 0 0 0 0 0 0 0 0 0 0 6 79 0 0 0 0 0 0 0 0 0 0 0 0 0 0 0 0 18 3 0
0 0 0 0 0 0 0 0 0 0 0 0 0 0 0 0 0 44 0 0 0 0 0 0 0 0 0 88 0 0 26 0 33 0 12 0 0 0 0 60
0 0 89 0 0 0 0 0 0 0 0 13 0 91 0 13 77 0 0 72 0 0 0 0 22 0 0 0 0 88 0 0 70 0 0 0 0 0 0 0
46 0 52 0 0 7 0 0 0 0 0 7 73 0 0 0 0 46 0 0 0 4 57 72 0 0 0 0 0 0 20 0 0 0 0 26 44 0 58 0
0 0 0 0 99 0 0 0 0 67 0 0 49 0 0 0 0 0 0 27 63 0 27 34 0 70 100 65 0 0 0 36 0 0 30 0 0 0 0 0
0 0 0 0 0 0 0 0 0 0 0 7 0 0 0 58 0 0 49 0 0 0 91 0 0 0 0 0 0 0 0 0 0 0 0 0 20 0 0 0
0 0 0 73 60 42 70 0 36 0 0 0 0 0 0 0 0 0 0 0 0 0 0 0 49 17 0 69 87 26 0 0 0 1 24 52 0 79 10 8
0 0 0 45 0 0 0 0 0 12 0 0 44 0 0 84 0 0 79 25 0 0 0 18 0 0 10 0 18 0 0 98 0 0 3 0 0 16 0 0
0 35 0 0 0 7 52 0 0 0 0 1 0 0 0 0 0 0 0 0 15 0 0 18 0 32 0 29 0 0 0 0 0 0 0 0 0 0 0 0
58 0 57 0 47 0 68 0 0 0 0 0 68 0 79 0 0 0 2 0 0 0 58 11 0 0 0 0 0 0 0 0 0 0 0 0 0 0 0 0
68 0 68 0 78 0 0 0 77 0 0 72 0 0 40 0 0 87 0 0 0 0 0 0 0 0 0 0 0 0 91 0 0 99 65 0 0 0 98 49
0 0 66 0 0 0 0 0 0 24 0 30 0 99 0 0 27 0 94 0 0 0 1 0 0 0 0 0 0 0 29 0 0 91 0 0 0 33 23 0
0 0 62 0 0 0 0 0 2 0 0 0 0 0 0 0 0 0 0 0 0 0 0 0 68 0 71 0 0 0 0 0 44 0 87 0 0 0 0 57
7 0 0 0 0 0 82 0 83 55 0 0 0 0 0 0 0 0 0 0 0 0 0 63 0 0 0 91 0 0 32 0 0 96 0 0 100 94 0 0
0 0 0 0 0 0 0 0 0 0 0 0 31 0 32 0 0 46 0 72 39 0 0 0 0 0 11 0 0 0 17 72 0 17 0 0 27 6 0 0