40
0 17 0 0 0 0 60 0 0 0 0 0 0 0 0 0 0 0 0 41 0 57 0 78 0 0 0 0 0 90 26 0 42 0 0 0 0 0 44 0
0 0 0 0 0 0 0 0 88 0 0 20 0 74 0 0 0 6 0 0 0 0 0 0 75 0 78 0 0 0 0 0 0 85 0 88 10 64 68 52
0 0 0 60 0 24 0 94 0 0 0 0 0 50 0 0 0 0 38 0 63 0 0 0 51 0 11 0 0 47 0 22 0 0 0 71 0 0 64 63
0 0 0 0 0 0 0 93 0 0 59 0 0 70 79 0 0 36 0 60 0 0 0 20 0 0 0 44 98 0 0 0 100 0 2 0 0 0 0 0
0 0 0 0 0 0 0 0 0 0 0 0 0 35 0 0 0 0 0 0 75 0 14 0 0 0 0 0 92 6 30 0 0 34 0 0 0 0 0 54
0 88 27 0 70 0 44 0 0 0 19 0 19 0 0 26 0 0 0 0 81 0 0 0 0 63 0 0 72 0 0 0 0 71 82 0 0 0 0 34
0 0 0 0 0 72 0 35 84 50 0 71 0 0 0 0 0 0 0 0 0 0 0 0 90 0 0 0 0 0 0 66 0 0 0 0 86 0 37 67
0 0 25 0 0 0 0 0 0 0 0 0 0 72 0 0 0 0 0 0 0 69 97 0 0 0 0 0 0 0 0 0 0 32 0 17 0 0 49 0
100 28 0 0 0 41 0 0 0 0 0 23 77 0 0 0 0 0 0 58 0 1 0 0 33 82 0 0 0 6 0 0 19 0 0 0 0 0 97 0
0 72 0 70 0 0 0 0 51 0 0 0 0 0 0 0 0 0 0 0 0 0 0 40 0 46 0 0 0 0 0 36 0 0 0 0 0 0 91 97
0 0 0 0 0 0 0 0 82 0 0 0 0 0 18 0 0 0 44 0 0 0 0 0 0 0 0 0 0 0 18 0 0 43 0 0 0 0 0 0
0 50 48 0 38 0 0 1 78 77 6 0 0 12 0 0 0 0 23 0 0 0 0 0 0 0 0 0 0 0 0 0 0 0 0 0 0 0 0 0
27 0 0 75 0 0 0 25 0 0 0 87 0 0 0 0 0 0 0 0 0 0 15 0 0 25 0 36 0 0 0 0 0 52 19 5 0 0 0 84
8 70 0 12 0 0 0 0 8 0 34 0 0 0 0 0 0 0 0 0 0 0 90 0 0 0 37 0 0 80 0 0 0 0 0 0 0 0 0 0
26 0 0 0 0 0 0 0 0 0 0 0 0 0 0 39 7 0 0 0 0 0 85 0 0 0 25 0 46 0 87 74 69 0 0 0 0 0 0 0
0 0 8 0 0 0 54 0 0 0 54 0 3 0 99 0 0 39 0 0 0 24 82 71 0 0 80 0 0 0 9 0 9 0 5 97 48 0 31 0
0 0 0 0 0 0 0 0 0 72 0 0 0 0 0 0 0 0 0 0 0 0 0 88 3 23 0 0 0 0 0 0 72 0 0 0 99 0 0 0
0 0 0 0 0 0 53 0 0 0 0 96 0 0 0 0 0 0 71 95 0 0 81 0 0 0 0 0 6 0 88 0 0 0 24 0 0 0 0 0
6 0 0 0 0 0 0 0 12 90 25 0 50 0 0 0 51 0 0 0 0 0 61 86 99 0 0 0 0 0 88 0 0 0 83 80 0 0 26 0
0 65 0 0 0 0 0 0 0 0 0 96 0 0 0 0 0 0 0 0 72 0 0 0 14 0 0 0 0 0 0 0 0 0 0 0 0 0 49 25
0 0 0 0 44 0 0 0 0 0 0 0 79 0 0 0 22 0 0 0 0 0 85 0 0 0 70 0 0 0 0 13 67 0 17 69 0 0 0 0
0 90 0 0 0 0 75 0 0 0 0 0 0 51 0 0 0 0 0 0 0 0 0 0 0 0 0 79 0 0 0 0 14 0 0 0 0 80 0 6
0 0 0 0 80 46 0 0 53 0 0 0 63 0 0 0 0 0 0 0 0 0 0 0 0 21 0 0 0 0 0 76 0 0 96 74 0 61 0 0
0 35 0 23 0 0 0 0 14 0 0 0 0 83 67 46 0 8 16 55 0 46 14 0 0 0 0 64 0 0 42 0 19 0 0 0 0 0 81 0
80 0 0 0 0 0 0 0 0 0 0 0 0 0 0 75 75 20 0 68 12 0 0 0 0 0 64 0 0 0 0 0 0 0 10 0 39 0 0 0
0 36 0 0 0 0 44 0 65 0 0 0 0 0 0 0 0 0 0 0 0 0 0 0 0 0 0 0 51 0 52 0 0 0 0 68 59 0 23 0
0 0 0 21 0 0 25 0 100 0 0 64 37 83 0 18 0 0 47 0 0 0 30 0 0 0 0 0 0 0 0 0 0 0 29 0 0 25 0 53
10 0 0 0 0 0 0 0 0 0 0 0 0 0 0 0 16 0 0 0 0 0 0 0 41 0 0 0 0 0 0 0 0 0 0 0 0 75 0 0
0 0 55 64 0 0 3 0 0 81 0 11 0 0 0 0 0 27 85 0 0 0 89 0 76 0 7 69 0 0 0 0 0 0 0 0 0 0 0 27
0 0 26 0 0 10 0 0 0 0 6 75 0 0 0 0 18 0 0 0 0 0 0 0 0 0 13 59 0 0 31 0 0 0 68 91 4 0 0 0
0 76 0 0 0 0 31 0 0 0 0 66 28 78 0 0 0 0 0 0 0 57 0 60 0 0 0 0 0 0 0 0 0 0 46 0 0 0 0 32
0 53 0 0 0 0 0 0 68 33 0 0 0 0 0 0 0 0 0 0 0 0 0 0 0 0 1 0 0 0 58 0 0 46 4 0 0 0 18 0
0 29 60 73 0 0 34 94 0 0 0 0 0 31 0 0 0 0 0 0 0 0 73 0 31 0 48 0 0 0 0 0 0 83 0 0 0 0 10 0
68 0 0 5 0 0 24 0 23 0 0 93 69 0 0 46 0 31 0 0 29 0 0 0 19 48 0 0 0 0 38 0 0 0 0 0 0 0 0 0
0 0 0 0 0 0 0 0 0 0 0 0 0 0 0 0 81 0 0 91 60 0 0 0 0 0 0 0 0 0 0 0 80 0 0 0 0 46 0 67
0 0 0 0 29 0 48 0 0 0 0 0 0 0 0 0 0 1 0 0 0 0 0 0 0 0 47 0 0 0 0 0 0 0 0 0 0 0 0 0
0 0 0 0 0 93 0 83 0 0 0 0 0 12 73 81 0 0 61 0 0 54 0 0 0 50 0 0 0 0 0 3 0 0 0 0 0 28 0 76
63 0 11 0 0 95 0 0 0 0 61 0 49 0 0 49 0 0 0 49 0 0 0 0 34 4 0 0 83 0 60 0 0 30 85 0 0 0 0 0
0 0 0 0 0 17 75 85 64 0 85 0 16 0 27 0 61 86 89 0 0 0 15 0 0 0 0 0 0 0 0 0 0 0 18 79 0 0 0 73
0 0 0 50 0 16 0 0 99 0 0 0 96 68 0 96 0 0 0 0 0 0 0 0 0 13 23 0 16 0 0 71 0 0 31 0 0 91 0 0
0 60 0 0 0 0 51 0 0 0 0 0 0 0 0 0 0 0 0 53 0 61 0 63 0 0 0 0 0 86 37 0 10 0 0 0 0 0 92 0
0 0 0 0 0 0 0 0 11 0 0 96 0 22 0 0 0 84 0 0 0 0 0 0 75 0 9 0 0 0 0 0 0 57 0 9 24 16 33 27
0 0 0 28 0 42 0 8 0 0 0 0 0 91 0 0 0 0 62 0 84 0 0 0 63 0 56 0 0 57 0 47 0 0 0 89 0 0 36 3
0 0 0 0 0 0 0 13 0 0 17 0 0 46 13 0 0 39 0 14 0 0 0 39 0 0 0 7 82 0 0 0 95 0 34 0 0 0 0 0
0 0 0 0 0 0 0 0 0 0 0 0 0 100 0 0 0 0 0 0 20 0 17 0 0 0 0 0 67 57 69 0 0 95 0 0 0 0 0 80
0 36 50 0 89 0 92 0 0 0 84 0 3 0 0 21 0 0 0 0 68 0 0 0 0 13 0 0 57 0 0 0 0 24 90 0 0 0 0 100
0 0 0 0 0 73 0 17 83 22 0 81 0 0 0 0 0 0 0 0 0 0 0 0 75 0 0 0 0 0 0 42 0 0 0 0 82 0 6 65
0 0 11 0 0 0 0 0 0 0 0 0 0 44 0 0 0 0 0 0 0 20 5 0 0 0 0 0 0 0 0 0 0 20 0 23 0 0 24 0
35 13 0 0 0 28 0 0 0 0 0 71 75 0 0 0 0 0 0 33 0 14 0 0 7 30 0 0 0 38 0 0 62 0 0 0 0 0 86 0
0 75 0 35 0 0 0 0 99 0 0 0 0 0 0 0 0 0 0 0 0 0 0 93 0 29 0 0 0 0 0 60 0 0 0 0 0 0 100 76
0 0 0 0 0 0 0 0 15 0 0 0 0 0 32 0 0 0 41 0 0 0 0 0 0 0 0 0 0 0 95 0 0 62 0 0 0 0 0 0
0 45 22 0 98 0 0 56 23 64 68 0 0 14 0 0 0 0 68 0 0 0 0 0 0 0 0 0 0 0 0 0 0 0 0 0 0 0 0 0
7 0 0 82 0 0 0 3 0 0 0 69 0 0 0 0 0 0 0 0 0 0 71 0 0 29 0 83 0 0 0 0 0 56 45 68 0 0 0 92
81 83 0 47 0 0 0 0 33 0 50 0 0 0 0 0 0 0 0 0 0 0 98 0 0 0 91 0 0 69 0 0 0 0 0 0 0 0 0 0
60 0 0 0 0 0 0 0 0 0 0 0 0 0 0 100 27 0 0 0 0 0 89 0 0 0 7 0 69 0 65 78 99 0 0 0 0 0 0 0
0 0 16 0 0 0 11 0 0 0 28 0 57 0 88 0 0 63 0 0 0 13 34 10 0 0 24 0 0 0 19 0 11 0 77 4 3 0 93 0
0 0 0 0 0 0 0 0 0 9 0 0 0 0 0 0 0 0 0 0 0 0 0 85 19 75 0 0 0 0 0 0 50 0 0 0 29 0 0 0
0 0 0 0 0 0 41 0 0 0 0 6 0 0 0 0 0 0 66 73 0 0 10 0 0 0 0 0 54 0 42 0 0 0 59 0 0 0 0 0
90 0 0 0 0 0 0 0 47 20 41 0 35 0 0 0 35 0 0 0 0 0 38 8 35 0 0 0 0 0 55 0 0 0 46 60 0 0 82 0
0 1 0 0 0 0 0 0 0 0 0 1 0 0 0 0 0 0 0 0 9 0 0 0 19 0 0 0 0 0 0 0 0 0 0 0 0 0 10 49
0 0 0 0 93 0 0 0 0 0 0 0 64 0 0 0 67 0 0 0 0 0 1 0 0 0 13 0 0 0 0 22 67 0 83 10 0 0 0 0
0 61 0 0 0 0 17 0 0 0 0 0 0 99 0 0 0 0 0 0 0 0 0 0 0 0 0 98 0 0 0 0 79 0 0 0 0 39 0 96
0 0 0 0 49 37 0 0 39 0 0 0 19 0 0 0 0 0 0 0 0 0 0 0 0 19 0 0 0 0 0 61 0 0 42 54 0 77 0 0
0 28 0 99 0 0 0 0 75 0 0 0 0 75 60 76 0 68 23 36 0 8 6 0 0 0 0 46 0 0 41 0 66 0 0 0 0 0 15 0
19 0 0 0 0 0 0 0 0 0 0 0 0 0 0 40 63 22 0 50 3 0 0 0 0 0 98 0 0 0 0 0 0 0 18 0 11 0 0 0
0 70 0 0 0 0 35 0 77 0 0 0 0 0 0 0 0 0 0 0 0 0 0 0 0 0 0 0 44 0 41 0 0 0 0 53 70 0 8 0
0 0 0 52 0 0 100 0 31 0 0 64 3 44 0 70 0 0 7 0 0 0 86 0 0 0 0 0 0 0 0 0 0 0 14 0 0 56 0 68
23 0 0 0 0 0 0 0 0 0 0 0 0 0 0 0 52 0 0 0 0 0 0 0 93 0 0 0 0 0 0 0 0 0 0 0 0 28 0 0
0 0 39 65 0 0 66 0 0 11 0 84 0 0 0 0 0 9 97 0 0 0 96 0 78 0 83 46 0 0 0 0 0 0 0 0 0 0 0 76
0 0 56 0 0 28 0 0 0 0 71 96 0 0 0 0 73 0 0 0 0 0 0 0 0 0 88 59 0 0 8 0 0 0 13 83 47 0 0 0
0 72 0 0 0 0 66 0 0 0 0 65 27 14 0 0 0 0 0 0 0 31 0 36 0 0 0 0 0 0 0 0 0 0 55 0 0 0 0 14
0 21 0 0 0 0 0 0 62 17 0 0 0 0 0 0 0 0 0 0 0 0 0 0 0 0 26 0 0 0 18 0 0 5 8 0 0 0 55 0
0 25 86 36 0 0 73 53 0 0 0 0 0 6 0 0 0 0 0 0 0 0 18 0 19 0 48 0 0 0 0 0 0 71 0 0 0 0 45 0
31 0 0 79 0 0 16 0 62 0 0 82 69 0 0 24 0 6 0 0 69 0 0 0 34 10 0 0 0 0 86 0 0 0 0 0 0 0 0 0
0 0 0 0 0 0 0 0 0 0 0 0 0 0 0 0 27 0 0 71 61 0 0 0 0 0 0 0 0 0 0 0 30 0 0 0 0 7 0 92
0 0 0 0 85 0 3 0 0 0 0 0 0 0 0 0 0 10 0 0 0 0 0 0 0 0 82 0 0 0 0 0 0 0 0 0 0 0 0 0
0 0 0 0 0 60 0 5 0 0 0 0 0 8 61 30 0 0 70 0 0 3 0 0 0 24 0 0 0 0 0 93 0 0 0 0 0 61 0 100
53 0 42 0 0 89 0 0 0 0 27 0 36 0 0 84 0 0 0 16 0 0 0 0 88 22 0 0 16 0 25 0 0 56 7 0 0 0 0 0
0 0 0 0 0 33 84 2 4 0 2 0 69 0 23 0 48 64 91 0 0 0 82 0 0 0 0 0 0 0 0 0 0 0 29 89 0 0 0 92
0 0 0 44 0 12 0 0 52 0 0 0 63 80 0 56 0 0 0 0 0 0 0 0 0 60 19 0 87 0 0 55 0 0 48 0 0 32 0 0