40
0 0 0 34 0 0 0 0 0 0 12 39 51 52 44 0 0 92 0 87 50 0 0 0 0 0 0 7 0 0 0 0 0 0 0 0 43 0 26 0
0 0 0 0 0 88 0 2 0 0 0 34 0 0 0 19 27 0 0 0 77 0 0 0 0 83 0 0 0 95 87 0 0 93 0 30 0 0 0 0
70 0 0 0 9 0 0 0 0 91 0 0 0 90 0 0 37 0 79 27 0 0 0 0 0 0 50 0 0 0 0 0 0 0 0 0 0 75 0 0
16 0 0 0 0 0 0 21 0 0 0 24 42 0 33 0 0 0 77 99 37 0 0 0 46 0 0 0 81 8 6 0 0 0 0 0 0 0 86 8
18 0 0 0 0 0 0 0 87 0 0 0 0 0 4 0 0 0 0 0 0 44 0 0 96 36 0 0 85 87 83 0 0 0 0 0 22 0 22 0
69 0 0 0 0 0 0 0 0 0 0 0 63 0 0 0 33 0 0 0 0 0 66 0 0 0 0 0 0 0 0 0 57 82 0 29 54 0 0 11
0 0 36 9 0 98 0 80 94 37 0 0 0 83 0 0 0 0 0 0 0 0 24 0 0 0 0 0 0 0 0 8 0 0 61 0 0 0 0 0
0 94 0 0 0 0 0 0 0 14 0 0 0 0 0 0 0 0 0 0 9 0 8 0 0 0 0 0 0 0 59 0 8 83 0 0 0 7 0 0
38 0 0 0 0 9 0 0 0 45 0 74 0 0 0 0 0 0 21 0 0 0 0 0 8 0 0 0 0 0 0 0 0 0 0 0 0 0 63 0
0 0 0 79 0 0 0 32 81 0 18 0 0 0 0 0 0 0 0 0 0 0 0 0 0 0 0 51 46 0 0 61 17 0 34 0 0 0 0 0
0 0 20 14 31 0 0 0 0 0 0 0 0 49 0 0 0 0 23 0 0 0 0 25 0 0 37 0 0 24 38 0 0 0 0 0 0 0 0 0
0 92 15 13 0 0 0 0 0 0 0 0 0 66 0 0 0 0 0 0 0 0 0 0 0 0 7 0 0 1 0 0 0 0 43 0 49 0 0 0
0 0 46 21 0 0 0 0 0 0 0 59 0 0 0 0 0 0 0 0 0 0 0 0 78 0 0 0 54 0 11 0 0 0 0 0 44 0 51 0
88 0 42 0 0 91 0 56 0 0 0 0 0 0 0 0 0 74 0 0 25 0 0 0 0 95 27 0 0 98 0 54 0 0 75 0 0 0 0 0
0 0 95 0 93 0 0 0 0 0 0 42 0 0 0 35 41 4 0 0 0 45 0 0 0 0 0 0 0 0 0 0 0 0 53 0 33 76 0 0
0 0 0 0 0 0 0 5 0 0 0 0 20 0 0 0 0 0 0 0 0 0 0 0 0 0 0 0 0 3 73 0 7 73 12 0 45 0 0 0
0 0 58 0 0 38 0 0 63 0 0 20 0 0 0 0 0 0 0 0 0 0 0 0 0 0 56 0 0 56 0 0 0 0 32 66 0 0 0 0
77 94 0 0 0 0 83 35 48 0 22 0 0 0 0 85 91 0 0 0 0 0 0 0 85 0 0 0 0 47 51 0 0 6 38 0 0 0 32 14
0 0 0 0 88 0 0 0 0 0 0 0 0 0 0 0 0 0 0 0 0 0 0 0 0 22 0 41 0 95 0 32 100 0 0 0 0 0 0 0
0 32 0 0 0 0 80 0 0 0 0 0 0 0 29 0 0 0 0 0 0 0 0 79 0 0 32 0 0 0 0 0 0 0 0 36 51 0 0 0
7 1 0 0 0 0 0 0 0 0 87 85 0 64 0 0 0 60 0 0 0 0 0 0 12 22 0 0 0 0 41 2 0 0 0 0 19 36 27 0
0 97 0 0 0 0 0 0 0 0 49 0 0 26 0 0 16 0 0 0 71 0 0 0 0 0 0 5 0 47 0 0 0 20 0 72 53 0 58 0
89 0 0 0 0 0 0 0 0 0 0 12 78 0 63 79 24 0 0 0 2 56 0 0 75 0 0 0 0 0 0 62 0 1 0 0 74 0 0 94
0 0 0 22 0 54 0 0 0 0 0 0 16 0 75 0 0 80 0 0 0 50 0 0 0 0 0 0 0 0 0 0 0 0 80 47 0 0 0 0
0 11 86 24 77 0 0 37 0 0 0 61 34 0 0 0 88 0 0 0 92 51 8 6 0 0 0 0 0 0 0 0 0 0 0 55 0 12 0 0
86 39 0 0 0 10 0 10 0 84 0 0 65 0 0 0 0 0 0 0 17 0 0 0 0 0 0 0 0 0 0 0 0 0 0 65 0 0 0 0
75 0 23 0 0 0 0 0 0 95 80 0 0 0 0 13 0 0 75 0 0 0 49 0 99 0 0 0 0 0 0 0 0 32 0 0 77 0 0 0
0 0 0 89 0 54 0 0 11 61 18 15 43 0 0 20 0 0 11 0 0 0 95 0 23 0 39 0 0 15 76 0 0 0 69 0 27 0 51 0
0 0 0 0 0 98 0 0 0 0 0 0 0 0 36 66 0 0 0 0 0 0 5 0 0 0 0 81 0 0 0 0 68 0 15 0 0 0 0 0
0 0 0 0 58 0 0 0 0 0 0 0 0 0 98 0 0 0 0 0 0 0 80 100 35 0 88 0 45 0 8 0 0 0 32 47 0 0 39 0
0 0 0 9 0 0 0 0 0 0 0 0 0 0 0 0 0 0 0 0 18 0 0 0 0 0 0 93 0 0 0 0 0 0 0 0 0 82 40 66
63 0 0 13 0 81 69 0 0 0 0 53 0 0 0 0 0 0 24 27 0 0 91 7 0 0 2 27 0 0 54 0 0 0 0 0 0 0 0 32
0 16 67 87 0 0 0 21 90 0 0 0 0 0 42 0 0 42 90 26 0 0 59 0 0 0 40 0 0 0 0 72 0 0 43 0 0 0 0 0
94 0 0 0 0 0 0 0 0 0 0 0 0 1 0 45 75 0 0 0 0 64 0 0 34 0 65 0 99 0 0 0 0 0 82 0 0 0 0 0
0 0 0 0 0 0 0 59 0 0 0 0 0 0 99 91 0 38 50 0 0 0 0 0 0 0 0 0 0 0 18 64 0 0 0 0 0 0 0 5
17 0 0 0 0 0 0 0 49 0 14 89 0 0 0 0 0 17 18 87 47 0 0 0 0 0 0 0 0 0 0 0 0 34 0 0 0 0 0 0
0 0 0 0 0 33 0 0 0 0 0 0 0 0 0 0 98 0 0 39 0 93 0 0 0 0 0 62 0 0 9 0 0 0 0 0 0 0 81 0
0 0 0 0 0 0 0 37 0 0 65 0 0 0 0 4 33 0 0 57 0 0 0 0 0 0 0 0 0 0 0 0 0 48 0 52 0 0 0 28
0 0 0 0 0 0 0 0 0 0 0 0 0 5 0 0 86 0 0 0 0 0 0 0 0 48 0 0 0 0 0 0 0 0 0 0 70 53 0 70
0 0 0 0 0 0 0 0 80 0 37 0 0 0 0 29 82 0 0 0 94 0 0 0 0 0 0 67 0 0 33 61 0 39 0 0 0 0 0 0
0 0 0 27 0 0 0 0 0 0 69 57 15 54 35 0 0 100 0 26 30 0 0 0 0 0 0 68 0 0 0 0 0 0 0 0 21 0 29 0
0 0 0 0 0 88 0 100 0 0 0 65 0 0 0 4 4 0 0 0 53 0 0 0 0 86 0 0 0 98 96 0 0 88 0 77 0 0 0 0
13 0 0 0 88 0 0 0 0 33 0 0 0 44 0 0 54 0 57 63 0 0 0 0 0 0 95 0 0 0 0 0 0 0 0 0 0 92 0 0
94 0 0 0 0 0 0 75 0 0 0 50 83 0 53 0 0 0 72 7 67 0 0 0 100 0 0 0 6 62 39 0 0 0 0 0 0 0 36 50
65 0 0 0 0 0 0 0 55 0 0 0 0 0 69 0 0 0 0 0 0 89 0 0 57 70 0 0 40 14 65 0 0 0 0 0 74 0 60 0
9 0 0 0 0 0 0 0 0 0 0 0 93 0 0 0 29 0 0 0 0 0 43 0 0 0 0 0 0 0 0 0 96 17 0 25 53 0 0 35
0 0 22 85 0 86 0 23 62 46 0 0 0 20 0 0 0 0 0 0 0 0 1 0 0 0 0 0 0 0 0 13 0 0 64 0 0 0 0 0
0 59 0 0 0 0 0 0 0 29 0 0 0 0 0 0 0 0 0 0 98 0 2 0 0 0 0 0 0 0 56 0 81 29 0 0 0 70 0 0
5 0 0 0 0 66 0 0 0 4 0 40 0 0 0 0 0 0 22 0 0 0 0 0 19 0 0 0 0 0 0 0 0 0 0 0 0 0 50 0
0 0 0 62 0 0 0 82 12 0 98 0 0 0 0 0 0 0 0 0 0 0 0 0 0 0 0 87 43 0 0 30 96 0 17 0 0 0 0 0
0 0 67 58 84 0 0 0 0 0 0 0 0 21 0 0 0 0 76 0 0 0 0 2 0 0 19 0 0 44 24 0 0 0 0 0 0 0 0 0
0 92 6 61 0 0 0 0 0 0 0 0 0 98 0 0 0 0 0 0 0 0 0 0 0 0 82 0 0 25 0 0 0 0 99 0 13 0 0 0
0 0 38 2 0 0 0 0 0 0 0 93 0 0 0 0 0 0 0 0 0 0 0 0 61 0 0 0 29 0 7 0 0 0 0 0 29 0 29 0
95 0 56 0 0 22 0 92 0 0 0 0 0 0 0 0 0 51 0 0 41 0 0 0 0 53 49 0 0 61 0 45 0 0 91 0 0 0 0 0
0 0 43 0 67 0 0 0 0 0 0 61 0 0 0 1 78 88 0 0 0 79 0 0 0 0 0 0 0 0 0 0 0 0 6 0 95 3 0 0
0 0 0 0 0 0 0 68 0 0 0 0 54 0 0 0 0 0 0 0 0 0 0 0 0 0 0 0 0 39 17 0 46 51 38 0 27 0 0 0
0 0 5 0 0 4 0 0 99 0 0 31 0 0 0 0 0 0 0 0 0 0 0 0 0 0 7 0 0 1 0 0 0 0 91 62 0 0 0 0
71 97 0 0 0 0 60 77 56 0 39 0 0 0 0 91 32 0 0 0 0 0 0 0 99 0 0 0 0 95 33 0 0 93 2 0 0 0 99 14
0 0 0 0 1 0 0 0 0 0 0 0 0 0 0 0 0 0 0 0 0 0 0 0 0 87 0 46 0 17 0 74 74 0 0 0 0 0 0 0
0 62 0 0 0 0 84 0 0 0 0 0 0 0 5 0 0 0 0 0 0 0 0 64 0 0 35 0 0 0 0 0 0 0 0 62 4 0 0 0
72 23 0 0 0 0 0 0 0 0 5 88 0 42 0 0 0 85 0 0 0 0 0 0 34 16 0 0 0 0 2 26 0 0 0 0 11 14 42 0
0 98 0 0 0 0 0 0 0 0 72 0 0 82 0 0 27 0 0 0 12 0 0 0 0 0 0 81 0 55 0 0 0 100 0 86 76 0 1 0
66 0 0 0 0 0 0 0 0 0 0 23 52 0 8 48 55 0 0 0 49 88 0 0 73 0 0 0 0 0 0 13 0 35 0 0 80 0 0 51
0 0 0 75 0 30 0 0 0 0 0 0 65 0 36 0 0 60 0 0 0 79 0 0 0 0 0 0 0 0 0 0 0 0 86 70 0 0 0 0
0 63 88 65 73 0 0 36 0 0 0 83 37 0 0 0 41 0 0 0 51 69 58 65 0 0 0 0 0 0 0 0 0 0 0 49 0 22 0 0
69 10 0 0 0 93 0 4 0 92 0 0 82 0 0 0 0 0 0 0 44 0 0 0 0 0 0 0 0 0 0 0 0 0 0 53 0 0 0 0
72 0 37 0 0 0 0 0 0 92 28 0 0 0 0 13 0 0 60 0 0 0 92 0 10 0 0 0 0 0 0 0 0 79 0 0 34 0 0 0
0 0 0 57 0 59 0 0 30 33 54 100 9 0 0 57 0 0 38 0 0 0 40 0 80 0 9 0 0 3 9 0 0 0 49 0 51 0 76 0
0 0 0 0 0 60 0 0 0 0 0 0 0 0 35 35 0 0 0 0 0 0 71 0 0 0 0 7 0 0 0 0 32 0 88 0 0 0 0 0
0 0 0 0 89 0 0 0 0 0 0 0 0 0 86 0 0 0 0 0 0 0 36 86 88 0 49 0 50 0 89 0 0 0 85 49 0 0 73 0
0 0 0 47 0 0 0 0 0 0 0 0 0 0 0 0 0 0 0 0 77 0 0 0 0 0 0 36 0 0 0 0 0 0 0 0 0 29 6 73
40 0 0 7 0 53 56 0 0 0 0 16 0 0 0 0 0 0 52 89 0 0 40 85 0 0 88 46 0 0 45 0 0 0 0 0 0 0 0 67
0 85 58 36 0 0 0 33 44 0 0 0 0 0 96 0 0 47 64 2 0 0 93 0 0 0 3 0 0 0 0 13 0 0 8 0 0 0 0 0
43 0 0 0 0 0 0 0 0 0 0 0 0 7 0 2 13 0 0 0 0 43 0 0 49 0 44 0 61 0 0 0 0 0 71 0 0 0 0 0
0 0 0 0 0 0 0 12 0 0 0 0 0 0 42 49 0 96 48 0 0 0 0 0 0 0 0 0 0 0 45 68 0 0 0 0 0 0 0 39
24 0 0 0 0 0 0 0 22 0 72 57 0 0 0 0 0 34 51 11 64 0 0 0 0 0 0 0 0 0 0 0 0 21 0 0 0 0 0 0
0 0 0 0 0 96 0 0 0 0 0 0 0 0 0 0 70 0 0 24 0 15 0 0 0 0 0 96 0 0 97 0 0 0 0 0 0 0 84 0
0 0 0 0 0 0 0 14 0 0 72 0 0 0 0 17 53 0 0 95 0 0 0 0 0 0 0 0 0 0 0 0 0 88 0 85 0 0 0 90
0 0 0 0 0 0 0 0 0 0 0 0 0 18 0 0 53 0 0 0 0 0 0 0 0 17 0 0 0 0 0 0 0 0 0 0 58 40 0 22
0 0 0 0 0 0 0 0 74 0 42 0 0 0 0 10 50 0 0 0 58 0 0 0 0 0 0 12 0 0 62 87 0 55 0 0 0 0 0 0