40
0 0 0 0 0 0 0 0 92 0 0 29 0 0 0 73 76 0 0 0 0 0 0 0 0 0 19 0 66 0 56 0 0 0 0 0 0 24 0 24
73 0 59 0 0 0 40 95 0 14 37 75 0 78 0 0 0 0 0 76 0 0 67 6 91 0 0 0 0 0 67 31 0 1 0 0 0 0 0 29
0 0 0 0 0 0 28 0 0 0 0 0 0 36 0 46 0 0 0 0 0 0 0 20 0 0 0 0 40 0 0 67 0 0 0 0 0 0 22 77
94 0 0 0 0 0 6 0 0 0 0 0 9 0 0 0 0 0 0 65 9 0 38 62 41 77 0 0 69 0 64 0 0 0 46 0 0 89 0 0
0 0 0 0 0 62 0 0 0 0 0 0 93 0 0 0 64 42 0 0 0 77 1 6 0 0 0 0 0 0 0 0 0 0 3 0 0 46 0 2
0 62 0 0 0 0 0 0 0 0 0 11 0 0 0 0 0 0 0 0 0 70 57 0 0 55 97 0 0 0 0 0 0 38 28 0 0 52 0 0
0 0 0 63 0 0 0 50 0 0 0 0 0 0 0 0 0 0 0 0 0 0 0 68 0 0 0 96 85 0 0 0 0 0 0 0 0 0 0 0
0 0 80 0 0 0 0 0 0 0 0 80 0 0 0 0 0 0 0 0 0 0 65 19 0 0 0 0 12 0 0 85 57 0 0 0 0 0 0 0
21 96 0 0 0 0 15 0 0 0 0 0 0 0 0 0 0 0 0 0 0 64 6 0 0 0 93 0 40 0 0 0 0 79 0 0 60 0 0 0
82 0 38 0 0 0 77 37 0 0 0 0 13 0 0 36 0 96 0 0 0 72 0 0 55 98 0 0 0 0 0 0 0 0 0 0 0 84 0 0
0 0 0 0 25 0 0 0 0 100 0 12 57 0 0 0 0 45 29 0 0 0 0 4 0 91 0 0 0 33 0 0 82 4 0 0 0 0 0 0
36 0 0 0 0 0 0 0 0 0 39 0 0 0 74 20 90 0 17 0 0 48 0 0 51 0 0 0 0 0 0 35 48 0 0 0 0 0 0 0
1 0 0 0 0 0 0 70 0 0 0 0 0 0 0 0 30 0 0 0 0 0 0 88 0 15 0 27 0 0 0 0 1 0 0 53 0 0 0 0
0 0 0 64 0 0 0 0 0 0 0 0 0 0 0 0 0 0 0 0 67 0 71 0 0 0 0 0 0 0 0 0 0 0 0 29 74 0 0 0
0 0 0 0 0 0 36 84 0 0 0 0 0 17 0 0 79 0 0 0 0 0 0 0 99 0 0 0 0 0 62 0 0 0 18 0 0 0 0 0
93 0 74 0 32 0 0 0 0 0 0 0 0 0 0 0 66 0 25 0 0 0 0 0 0 0 94 0 5 32 0 0 0 93 0 0 0 51 0 0
0 63 61 0 0 22 0 0 0 0 44 0 0 80 76 13 0 0 0 0 0 0 0 0 0 0 54 0 0 0 0 0 0 0 0 0 51 0 0 2
0 89 0 0 0 87 56 0 44 0 0 50 35 5 0 0 0 0 0 0 0 0 81 0 41 0 0 0 0 2 0 30 0 34 0 0 22 0 0 0
0 0 14 0 78 73 0 0 8 0 0 0 0 6 0 0 0 0 0 0 0 0 0 0 0 0 0 89 0 25 0 0 46 41 0 0 0 0 63 0
0 0 0 77 0 78 37 0 0 0 87 92 0 0 0 0 0 0 0 0 0 0 10 54 0 0 0 0 0 87 0 27 42 5 0 0 0 0 43 0
45 0 95 0 0 0 0 0 46 0 74 99 73 41 0 16 0 2 90 7 0 0 0 0 4 0 14 0 0 49 0 0 0 0 0 0 0 0 0 0
0 0 0 0 0 0 0 32 0 87 0 0 0 75 0 100 76 16 0 0 0 0 0 0 50 0 55 2 0 0 0 48 0 0 0 0 0 20 0 0
0 89 0 0 0 0 0 0 0 47 0 0 0 0 0 0 22 0 69 0 0 7 0 0 91 0 0 0 0 0 0 0 0 0 0 0 0 0 0 0
0 0 0 0 0 0 42 66 0 0 0 0 0 0 0 30 99 0 47 0 0 0 30 0 0 0 0 0 0 0 52 46 0 0 0 14 0 0 0 0
0 0 15 0 0 0 0 12 0 0 0 0 0 0 0 58 0 0 86 0 0 0 0 7 0 0 0 0 0 84 0 0 0 0 0 0 0 0 0 0
75 0 0 1 0 0 0 0 0 41 0 17 0 0 0 0 0 0 0 0 0 33 0 0 0 0 0 0 0 0 0 0 0 0 0 0 0 0 0 0
0 0 0 16 0 0 92 94 0 0 0 0 88 0 0 0 59 56 66 0 0 0 0 0 0 0 0 0 0 27 30 0 0 0 99 0 0 0 0 0
0 0 0 76 0 51 36 0 0 0 10 0 51 26 0 0 61 0 42 72 0 16 0 0 0 0 76 0 0 0 0 7 66 0 0 17 41 0 0 84
0 77 0 0 0 20 24 36 0 0 0 0 35 0 31 0 69 0 0 0 19 0 83 0 0 0 0 0 0 0 0 47 51 0 0 29 0 0 0 21
0 71 0 0 49 0 22 79 0 0 0 0 0 0 15 0 0 0 0 0 0 0 0 0 0 0 0 0 0 0 0 0 0 51 22 0 84 3 30 78
0 0 17 0 0 0 0 0 0 46 0 38 0 41 0 0 0 0 0 0 0 4 0 0 0 0 0 0 83 0 0 60 0 0 0 0 0 0 0 22
0 0 0 30 0 0 0 0 0 0 67 43 23 80 0 0 0 0 51 0 0 0 0 0 88 0 0 0 0 0 0 0 0 0 46 0 60 0 0 0
81 0 0 0 12 0 0 0 95 0 0 58 0 0 0 0 32 0 0 99 83 38 73 0 0 44 0 29 0 0 0 0 0 100 0 90 0 0 0 0
84 0 0 1 0 0 0 0 40 42 0 0 0 0 0 91 27 0 0 92 0 0 0 0 0 0 42 17 0 0 0 0 0 0 11 42 0 0 0 0
0 0 0 0 0 88 0 0 0 0 0 0 0 0 0 71 42 0 0 0 0 0 0 0 0 21 0 0 0 0 70 0 11 0 0 0 0 45 0 38
0 0 87 0 0 0 25 0 23 0 0 0 0 0 0 3 0 0 0 0 0 0 0 0 13 0 0 0 17 0 0 0 0 90 0 0 0 0 0 0
0 0 0 0 0 0 2 0 0 0 0 0 0 0 0 40 0 44 0 39 0 0 93 0 2 6 0 0 0 35 0 0 20 0 0 0 0 88 0 0
15 0 0 35 89 34 0 0 0 0 47 0 0 12 0 0 0 0 0 0 92 0 0 49 0 47 0 0 0 30 0 0 0 35 0 0 0 0 68 0
0 93 39 0 0 55 0 46 0 48 0 70 0 0 0 0 31 87 0 0 0 0 0 0 0 0 0 0 0 0 0 0 0 63 0 36 0 0 0 20
0 0 0 69 0 0 22 0 0 0 0 0 0 0 34 0 0 0 0 0 0 0 0 0 0 68 0 0 0 0 0 0 0 0 0 79 41 84 0 0
0 0 0 0 0 0 0 0 75 0 0 61 0 0 0 31 24 0 0 0 0 0 0 0 0 0 99 0 51 0 32 0 0 0 0 0 0 47 0 56
7 0 21 0 0 0 74 78 0 50 88 63 0 47 0 0 0 0 0 69 0 0 37 84 26 0 0 0 0 0 77 82 0 91 0 0 0 0 0 97
0 0 0 0 0 0 91 0 0 0 0 0 0 27 0 12 0 0 0 0 0 0 0 5 0 0 0 0 45 0 0 58 0 0 0 0 0 0 75 26
5 0 0 0 0 0 8 0 0 0 0 0 30 0 0 0 0 0 0 65 85 0 37 24 68 58 0 0 87 0 63 0 0 0 16 0 0 46 0 0
0 0 0 0 0 33 0 0 0 0 0 0 92 0 0 0 29 97 0 0 0 77 54 82 0 0 0 0 0 0 0 0 0 0 72 0 0 18 0 52
0 4 0 0 0 0 0 0 0 0 0 41 0 0 0 0 0 0 0 0 0 65 94 0 0 34 14 0 0 0 0 0 0 30 24 0 0 14 0 0
0 0 0 22 0 0 0 82 0 0 0 0 0 0 0 0 0 0 0 0 0 0 0 84 0 0 0 86 35 0 0 0 0 0 0 0 0 0 0 0
0 0 52 0 0 0 0 0 0 0 0 42 0 0 0 0 0 0 0 0 0 0 49 53 0 0 0 0 16 0 0 52 45 0 0 0 0 0 0 0
75 64 0 0 0 0 47 0 0 0 0 0 0 0 0 0 0 0 0 0 0 93 13 0 0 0 45 0 91 0 0 0 0 13 0 0 42 0 0 0
13 0 93 0 0 0 56 54 0 0 0 0 35 0 0 83 0 45 0 0 0 86 0 0 95 97 0 0 0 0 0 0 0 0 0 0 0 34 0 0
0 0 0 0 49 0 0 0 0 78 0 37 91 0 0 0 0 17 100 0 0 0 0 76 0 7 0 0 0 100 0 0 73 22 0 0 0 0 0 0
46 0 0 0 0 0 0 0 0 0 91 0 0 0 40 41 54 0 67 0 0 74 0 0 98 0 0 0 0 0 0 58 57 0 0 0 0 0 0 0
24 0 0 0 0 0 0 57 0 0 0 0 0 0 0 0 76 0 0 0 0 0 0 34 0 11 0 65 0 0 0 0 1 0 0 48 0 0 0 0
0 0 0 6 0 0 0 0 0 0 0 0 0 0 0 0 0 0 0 0 36 0 22 0 0 0 0 0 0 0 0 0 0 0 0 8 13 0 0 0
0 0 0 0 0 0 40 63 0 0 0 0 0 22 0 0 55 0 0 0 0 0 0 0 25 0 0 0 0 0 43 0 0 0 71 0 0 0 0 0
80 0 41 0 6 0 0 0 0 0 0 0 0 0 0 0 10 0 71 0 0 0 0 0 0 0 10 0 27 66 0 0 0 92 0 0 0 45 0 0
0 28 32 0 0 71 0 0 0 0 27 0 0 1 29 12 0 0 0 0 0 0 0 0 0 0 34 0 0 0 0 0 0 0 0 0 16 0 0 98
0 25 0 0 0 71 20 0 49 0 0 13 85 34 0 0 0 0 0 0 0 0 74 0 23 0 0 0 0 35 0 20 0 31 0 0 98 0 0 0
0 0 60 0 98 35 0 0 39 0 0 0 0 61 0 0 0 0 0 0 0 0 0 0 0 0 0 75 0 54 0 0 12 47 0 0 0 0 58 0
0 0 0 20 0 9 65 0 0 0 65 34 0 0 0 0 0 0 0 0 0 0 39 55 0 0 0 0 0 2 0 60 95 76 0 0 0 0 69 0
96 0 2 0 0 0 0 0 52 0 61 33 24 13 0 77 0 60 1 58 0 0 0 0 56 0 42 0 0 4 0 0 0 0 0 0 0 0 0 0
0 0 0 0 0 0 0 89 0 16 0 0 0 78 0 98 79 61 0 0 0 0 0 0 86 0 77 23 0 0 0 86 0 0 0 0 0 37 0 0
0 50 0 0 0 0 0 0 0 97 0 0 0 0 0 0 85 0 16 0 0 23 0 0 66 0 0 0 0 0 0 0 0 0 0 0 0 0 0 0
0 0 0 0 0 0 100 6 0 0 0 0 0 0 0 27 99 0 63 0 0 0 35 0 0 0 0 0 0 0 32 93 0 0 0 36 0 0 0 0
0 0 11 0 0 0 0 53 0 0 0 0 0 0 0 97 0 0 34 0 0 0 0 14 0 0 0 0 0 94 0 0 0 0 0 0 0 0 0 0
12 0 0 28 0 0 0 0 0 95 0 88 0 0 0 0 0 0 0 0 0 72 0 0 0 0 0 0 0 0 0 0 0 0 0 0 0 0 0 0
0 0 0 73 0 0 73 2 0 0 0 0 94 0 0 0 93 54 60 0 0 0 0 0 0 0 0 0 0 45 29 0 0 0 74 0 0 0 0 0
0 0 0 23 0 47 77 0 0 0 61 0 71 16 0 0 27 0 52 9 0 57 0 0 0 0 17 0 0 0 0 16 78 0 0 11 16 0 0 71
0 21 0 0 0 85 38 73 0 0 0 0 70 0 55 0 12 0 0 0 38 0 22 0 0 0 0 0 0 0 0 82 34 0 0 48 0 0 0 84
0 83 0 0 32 0 3 74 0 0 0 0 0 0 4 0 0 0 0 0 0 0 0 0 0 0 0 0 0 0 0 0 0 71 50 0 6 88 90 100
0 0 97 0 0 0 0 0 0 49 0 52 0 95 0 0 0 0 0 0 0 4 0 0 0 0 0 0 10 0 0 47 0 0 0 0 0 0 0 2
0 0 0 2 0 0 0 0 0 0 8 78 22 86 0 0 0 0 93 0 0 0 0 0 23 0 0 0 0 0 0 0 0 0 76 0 62 0 0 0
49 0 0 0 79 0 0 0 66 0 0 79 0 0 0 0 14 0 0 4 16 74 13 0 0 40 0 26 0 0 0 0 0 14 0 67 0 0 0 0
70 0 0 100 0 0 0 0 86 43 0 0 0 0 0 97 49 0 0 37 0 0 0 0 0 0 17 74 0 0 0 0 0 0 1 28 0 0 0 0
0 0 0 0 0 47 0 0 0 0 0 0 0 0 0 94 21 0 0 0 0 0 0 0 0 69 0 0 0 0 87 0 56 0 0 0 0 1 0 87
0 0 67 0 0 0 96 0 2 0 0 0 0 0 0 33 0 0 0 0 0 0 0 0 34 0 0 0 44 0 0 0 0 13 0 0 0 0 0 0
0 0 0 0 0 0 14 0 0 0 0 0 0 0 0 85 0 91 0 17 0 0 75 0 19 1 0 0 0 12 0 0 4 0 0 0 0 96 0 0
92 0 0 58 24 61 0 0 0 0 84 0 0 18 0 0 0 0 0 0 83 0 0 75 0 76 0 0 0 17 0 0 0 34 0 0 0 0 79 0
0 73 22 0 0 78 0 62 0 50 0 62 0 0 0 0 50 96 0 0 0 0 0 0 0 0 0 0 0 0 0 0 0 52 0 89 0 0 0 99
0 0 0 5 0 0 47 0 0 0 0 0 0 0 87 0 0 0 0 0 0 0 0 0 0 2 0 0 0 0 0 0 0 0 0 69 59 48 0 0