40
0 55 73 0 14 0 3 0 0 47 0 0 0 0 0 0 0 0 0 3 32 85 0 0 0 0 0 0 88 0 0 82 70 0 86 0 0 0 56 94
86 0 0 0 0 0 0 0 0 0 96 7 0 0 66 0 0 0 0 0 0 0 25 0 0 54 0 0 45 66 0 0 43 99 0 0 49 0 18 0
0 0 0 0 0 0 53 0 0 0 0 88 0 0 0 51 2 51 0 0 0 65 0 0 0 0 0 0 0 74 0 81 69 50 0 0 0 0 57 0
0 0 0 0 0 0 0 0 0 65 0 66 0 43 0 0 0 0 0 95 0 0 0 0 0 0 0 0 0 0 0 39 0 0 0 0 0 0 0 0
0 0 0 0 0 25 40 0 0 0 0 0 0 5 74 0 0 0 0 70 38 0 0 70 0 0 35 38 0 0 0 0 0 85 0 0 0 0 34 0
0 0 0 11 0 0 65 0 20 0 0 31 0 96 0 0 0 43 0 0 0 0 0 16 0 0 14 0 0 0 0 0 0 0 60 0 0 0 0 0
64 0 0 79 0 0 0 60 0 0 98 0 0 0 92 0 0 0 0 0 26 0 0 0 0 0 0 53 0 0 95 0 80 0 26 0 0 0 0 0
0 0 0 0 0 0 62 0 14 0 0 0 0 0 26 0 0 0 0 21 0 2 0 0 0 0 0 0 0 0 0 95 0 0 0 58 74 0 0 0
0 0 0 54 90 0 2 15 0 0 0 5 21 0 0 0 0 0 0 86 0 59 0 36 0 0 0 0 0 0 0 0 0 0 0 83 0 0 0 0
0 0 0 0 84 55 0 0 34 0 0 22 36 0 0 24 0 62 0 0 0 0 0 0 0 0 0 0 0 26 80 0 77 8 0 0 28 0 0 0
35 0 0 99 0 0 0 0 0 0 0 0 35 84 76 0 0 0 0 0 95 0 0 0 0 0 0 87 52 0 0 0 63 0 40 0 0 0 0 92
0 0 0 37 0 0 0 0 0 0 21 0 0 0 0 81 0 0 0 0 0 0 0 0 0 0 0 0 0 64 0 71 0 0 0 73 0 0 33 24
76 0 60 0 0 0 0 0 99 57 0 0 0 0 90 0 0 2 81 0 0 76 0 0 0 0 0 0 0 0 40 0 0 0 0 0 0 41 64 0
83 87 0 0 0 0 0 0 0 0 0 0 0 0 0 27 37 0 0 0 0 35 0 0 0 0 38 0 0 0 0 0 0 0 0 0 0 0 0 0
91 0 0 0 0 0 0 0 0 0 0 0 83 65 0 0 0 0 0 0 0 0 0 43 0 0 0 0 17 0 0 40 0 0 0 87 40 27 0 0
39 30 0 0 82 0 0 0 0 0 0 42 0 0 0 0 67 0 79 0 0 0 0 0 0 0 0 0 0 0 0 0 95 0 0 0 0 0 20 0
0 58 0 0 94 0 0 0 61 0 0 0 0 40 0 0 0 0 0 0 25 0 86 91 0 89 0 54 0 72 0 61 0 0 0 8 17 0 0 0
0 0 0 0 0 0 0 28 0 0 0 0 0 80 0 54 0 0 0 0 0 0 0 61 0 0 53 0 24 0 0 0 0 0 0 72 22 0 0 0
0 0 0 0 0 53 96 84 0 0 0 0 0 0 0 0 0 0 0 43 0 0 0 0 0 0 80 0 0 0 0 68 0 62 0 0 0 0 0 0
0 50 0 0 0 52 0 0 0 0 0 0 0 24 0 0 0 0 0 0 0 0 0 0 0 0 0 62 0 0 99 31 0 0 0 0 74 0 0 0
0 0 0 0 72 0 0 0 49 0 0 0 0 0 0 0 0 18 0 0 0 0 12 0 35 0 0 49 0 0 0 0 0 9 0 0 0 0 0 0
0 87 28 0 0 0 0 0 0 0 0 0 0 0 51 0 0 0 0 0 0 0 0 0 0 0 0 0 0 0 0 0 1 91 0 0 14 0 18 49
0 0 63 33 0 0 0 3 0 73 0 80 0 15 45 0 0 0 0 0 0 0 0 0 0 0 22 0 0 0 0 0 0 50 0 0 4 83 69 0
15 0 0 0 13 0 0 0 84 0 0 0 0 78 0 0 0 42 42 0 14 14 0 0 28 0 0 72 0 20 0 0 81 0 81 0 0 15 0 0
46 0 0 0 0 0 0 0 0 17 0 22 0 39 0 0 82 0 0 78 0 0 0 0 0 0 55 0 0 0 0 78 0 0 0 23 0 0 0 0
0 0 57 0 0 62 0 0 26 0 45 0 0 0 0 0 0 0 0 0 0 21 33 100 0 0 0 96 0 0 0 0 0 0 0 11 0 6 57 0
17 0 0 86 97 2 58 0 0 62 93 0 46 97 0 0 0 0 0 0 0 0 0 0 0 11 0 0 30 52 0 87 0 0 57 0 0 0 0 0
0 0 0 0 0 0 0 0 0 87 0 8 0 0 0 53 0 0 0 0 81 0 0 0 0 84 72 0 0 0 0 17 0 13 0 38 17 0 0 0
0 17 0 42 0 0 0 83 0 99 0 0 0 59 0 0 0 0 0 0 0 0 0 13 0 0 0 0 0 0 73 0 0 93 0 0 0 0 90 0
0 0 0 21 0 0 0 0 0 0 8 40 0 36 0 0 0 0 0 43 0 83 0 30 0 0 0 0 0 0 0 0 0 0 0 47 0 0 42 77
0 64 0 0 0 84 0 0 0 0 0 0 0 91 0 91 0 0 0 0 90 0 0 0 97 0 0 0 0 0 0 21 13 63 22 0 0 0 0 33
0 0 97 87 0 0 43 0 0 0 0 0 0 0 0 19 89 0 0 0 6 72 0 0 39 33 0 0 22 0 77 0 0 0 0 0 0 49 0 0
0 0 0 0 0 0 24 0 0 0 30 0 0 61 0 0 0 0 0 0 0 42 0 0 0 0 0 59 0 0 0 0 0 11 0 0 0 0 0 0
0 34 0 0 0 0 0 0 0 0 0 0 27 0 0 0 86 0 0 81 9 0 0 90 0 0 0 80 0 0 0 0 0 0 0 0 56 0 0 99
0 38 0 0 0 14 0 0 0 0 0 13 40 5 0 0 0 36 0 0 93 0 0 0 0 91 0 6 0 0 0 0 71 5 0 0 0 0 49 0
0 82 0 0 0 0 0 0 0 6 0 0 0 0 0 7 69 23 0 0 0 0 0 89 95 66 0 16 0 46 76 0 0 0 0 0 76 0 0 0
0 0 80 10 0 0 0 72 94 0 72 62 88 25 65 20 40 0 0 0 0 0 0 0 0 16 0 0 0 0 0 0 0 0 71 0 0 0 0 0
0 55 65 0 0 0 0 0 0 0 0 0 0 0 0 0 0 0 0 85 0 0 9 0 0 0 0 0 60 41 0 0 22 28 0 0 0 0 0 0
0 0 0 0 25 0 0 0 0 0 0 0 0 0 94 0 0 0 0 0 0 0 0 0 0 0 52 0 0 0 75 0 0 0 0 0 32 0 0 0
0 0 0 0 0 0 0 86 0 0 0 62 0 0 0 0 0 44 19 0 0 0 0 0 0 0 33 0 9 23 0 6 0 0 0 0 0 0 0 0
0 6 22 0 45 0 10 0 0 23 0 0 0 0 0 0 0 0 0 62 36 63 0 0 0 0 0 0 55 0 0 44 41 0 23 0 0 0 88 67
77 0 0 0 0 0 0 0 0 0 82 46 0 0 90 0 0 0 0 0 0 0 5 0 0 52 0 0 14 39 0 0 71 91 0 0 79 0 54 0
0 0 0 0 0 0 34 0 0 0 0 29 0 0 0 42 36 56 0 0 0 33 0 0 0 0 0 0 0 13 0 36 52 78 0 0 0 0 55 0
0 0 0 0 0 0 0 0 0 88 0 73 0 35 0 0 0 0 0 65 0 0 0 0 0 0 0 0 0 0 0 48 0 0 0 0 0 0 0 0
0 0 0 0 0 22 19 0 0 0 0 0 0 87 19 0 0 0 0 28 48 0 0 52 0 0 91 73 0 0 0 0 0 57 0 0 0 0 30 0
0 0 0 25 0 0 89 0 90 0 0 49 0 83 0 0 0 87 0 0 0 0 0 29 0 0 65 0 0 0 0 0 0 0 52 0 0 0 0 0
65 0 0 53 0 0 0 14 0 0 43 0 0 0 35 0 0 0 0 0 63 0 0 0 0 0 0 44 0 0 58 0 37 0 45 0 0 0 0 0
0 0 0 0 0 0 7 0 16 0 0 0 0 0 48 0 0 0 0 3 0 93 0 0 0 0 0 0 0 0 0 68 0 0 0 41 32 0 0 0
0 0 0 27 59 0 41 69 0 0 0 25 25 0 0 0 0 0 0 6 0 87 0 43 0 0 0 0 0 0 0 0 0 0 0 49 0 0 0 0
0 0 0 0 32 55 0 0 94 0 0 82 77 0 0 56 0 59 0 0 0 0 0 0 0 0 0 0 0 14 33 0 7 45 0 0 4 0 0 0
94 0 0 98 0 0 0 0 0 0 0 0 38 13 51 0 0 0 0 0 10 0 0 0 0 0 0 82 68 0 0 0 64 0 17 0 0 0 0 98
0 0 0 16 0 0 0 0 0 0 98 0 0 0 0 68 0 0 0 0 0 0 0 0 0 0 0 0 0 93 0 12 0 0 0 90 0 0 17 70
96 0 18 0 0 0 0 0 97 12 0 0 0 0 100 0 0 95 37 0 0 87 0 0 0 0 0 0 0 0 71 0 0 0 0 0 0 32 38 0
18 99 0 0 0 0 0 0 0 0 0 0 0 0 0 51 4 0 0 0 0 83 0 0 0 0 10 0 0 0 0 0 0 0 0 0 0 0 0 0
39 0 0 0 0 0 0 0 0 0 0 0 13 34 0 0 0 0 0 0 0 0 0 93 0 0 0 0 79 0 0 55 0 0 0 89 100 69 0 0
14 86 0 0 29 0 0 0 0 0 0 84 0 0 0 0 93 0 58 0 0 0 0 0 0 0 0 0 0 0 0 0 21 0 0 0 0 0 61 0
0 90 0 0 63 0 0 0 93 0 0 0 0 94 0 0 0 0 0 0 66 0 91 42 0 45 0 30 0 2 0 27 0 0 0 49 30 0 0 0
0 0 0 0 0 0 0 90 0 0 0 0 0 100 0 78 0 0 0 0 0 0 0 30 0 0 100 0 71 0 0 0 0 0 0 21 96 0 0 0
0 0 0 0 0 9 74 88 0 0 0 0 0 0 0 0 0 0 0 49 0 0 0 0 0 0 67 0 0 0 0 9 0 64 0 0 0 0 0 0
0 3 0 0 0 92 0 0 0 0 0 0 0 94 0 0 0 0 0 0 0 0 0 0 0 0 0 30 0 0 94 28 0 0 0 0 51 0 0 0
0 0 0 0 40 0 0 0 46 0 0 0 0 0 0 0 0 49 0 0 0 0 80 0 46 0 0 87 0 0 0 0 0 68 0 0 0 0 0 0
0 64 10 0 0 0 0 0 0 0 0 0 0 0 69 0 0 0 0 0 0 0 0 0 0 0 0 0 0 0 0 0 83 78 0 0 28 0 1 5
0 0 71 83 0 0 0 18 0 77 0 26 0 26 27 0 0 0 0 0 0 0 0 0 0 0 52 0 0 0 0 0 0 2 0 0 57 6 21 0
67 0 0 0 24 0 0 0 25 0 0 0 0 53 0 0 0 50 99 0 18 8 0 0 14 0 0 25 0 21 0 0 35 0 15 0 0 50 0 0
71 0 0 0 0 0 0 0 0 64 0 45 0 69 0 0 2 0 0 100 0 0 0 0 0 0 90 0 0 0 0 57 0 0 0 71 0 0 0 0
0 0 62 0 0 19 0 0 32 0 90 0 0 0 0 0 0 0 0 0 0 100 42 46 0 0 0 72 0 0 0 0 0 0 0 86 0 83 52 0
12 0 0 62 38 5 45 0 0 25 77 0 81 22 0 0 0 0 0 0 0 0 0 0 0 42 0 0 78 31 0 58 0 0 44 0 0 0 0 0
0 0 0 0 0 0 0 0 0 29 0 75 0 0 0 40 0 0 0 0 54 0 0 0 0 73 28 0 0 0 0 56 0 91 0 1 42 0 0 0
0 28 0 26 0 0 0 68 0 43 0 0 0 71 0 0 0 0 0 0 0 0 0 93 0 0 0 0 0 0 60 0 0 47 0 0 0 0 33 0
0 0 0 69 0 0 0 0 0 0 29 8 0 88 0 0 0 0 0 49 0 58 0 87 0 0 0 0 0 0 0 0 0 0 0 52 0 0 96 73
0 94 0 0 0 17 0 0 0 0 0 0 0 45 0 50 0 0 0 0 19 0 0 0 11 0 0 0 0 0 0 60 4 72 3 0 0 0 0 48
0 0 70 84 0 0 81 0 0 0 0 0 0 0 0 90 44 0 0 0 50 80 0 0 74 43 0 0 18 0 9 0 0 0 0 0 0 92 0 0
0 0 0 0 0 0 4 0 0 0 48 0 0 2 0 0 0 0 0 0 0 48 0 0 0 0 0 2 0 0 0 0 0 48 0 0 0 0 0 0
0 34 0 0 0 0 0 0 0 0 0 0 82 0 0 0 10 0 0 51 66 0 0 50 0 0 0 58 0 0 0 0 0 0 0 0 75 0 0 56
0 50 0 0 0 7 0 0 0 0 0 100 17 90 0 0 0 26 0 0 68 0 0 0 0 39 0 5 0 0 0 0 61 33 0 0 0 0 72 0
0 52 0 0 0 0 0 0 0 87 0 0 0 0 0 2 18 51 0 0 0 0 0 61 94 86 0 3 0 92 31 0 0 0 0 0 87 0 0 0
0 0 7 35 0 0 0 76 16 0 16 2 91 12 32 41 60 0 0 0 0 0 0 0 0 20 0 0 0 0 0 0 0 0 19 0 0 0 0 0
0 59 78 0 0 0 0 0 0 0 0 0 0 0 0 0 0 0 0 75 0 0 6 0 0 0 0 0 88 97 0 0 67 70 0 0 0 0 0 0
0 0 0 0 46 0 0 0 0 0 0 0 0 0 34 0 0 0 0 0 0 0 0 0 0 0 55 0 0 0 11 0 0 0 0 0 74 0 0 0
0 0 0 0 0 0 0 6 0 0 0 32 0 0 0 0 0 75 44 0 0 0 0 0 0 0 72 0 83 3 0 36 0 0 0 0 0 0 0 0