40
0 0 0 57 32 0 0 0 0 0 0 0 0 81 36 0 0 0 0 23 0 0 0 0 0 65 0 0 26 28 0 0 0 0 0 86 0 37 77 18
0 0 48 7 0 0 0 11 0 0 16 99 0 0 96 64 0 0 0 0 19 0 0 21 45 0 0 94 0 0 0 69 0 0 0 5 0 0 0 0
0 0 0 0 0 0 0 0 0 99 50 93 0 26 7 0 0 0 91 0 0 0 0 0 24 0 0 0 0 0 15 0 0 0 0 0 0 0 0 0
0 0 0 0 0 0 21 0 0 0 0 0 0 0 0 0 0 0 0 23 0 0 0 52 0 0 91 0 0 0 0 0 0 68 15 0 0 0 0 75
0 87 0 0 0 0 0 0 0 0 0 0 62 0 0 0 0 0 0 83 0 0 0 0 0 0 0 0 0 0 5 0 0 0 0 0 0 0 0 0
0 0 0 0 0 0 0 0 0 0 15 0 0 22 56 0 55 0 100 0 0 0 0 2 27 0 0 98 0 73 0 0 0 0 0 72 0 0 0 0
0 0 68 0 0 0 0 0 0 0 0 0 0 0 0 0 0 0 34 0 0 0 0 0 0 0 0 0 0 0 0 0 0 0 0 0 24 0 0 21
0 15 0 37 0 0 45 0 0 0 0 0 45 0 0 0 0 0 0 0 0 0 0 0 38 0 0 0 0 0 30 0 0 0 0 0 75 41 0 0
70 15 0 0 0 0 0 0 0 0 0 0 0 0 0 0 85 87 0 0 0 71 0 0 0 43 0 0 0 0 97 0 0 0 0 0 0 0 0 100
0 38 0 0 0 0 0 0 0 0 0 51 0 0 0 0 0 76 0 0 26 0 0 0 0 0 0 0 0 19 16 0 32 0 0 11 0 0 0 0
69 0 0 0 0 0 0 0 0 0 0 0 95 0 0 0 0 0 0 0 0 0 45 0 65 0 0 37 0 0 9 0 0 0 0 29 92 0 0 0
45 0 0 0 0 0 69 0 0 0 0 0 41 37 0 0 0 0 0 0 13 0 0 0 0 0 0 0 0 0 85 25 0 0 0 0 0 28 0 0
0 73 0 0 0 0 0 0 0 93 0 0 0 0 0 0 0 0 0 53 0 0 0 0 0 0 79 90 0 50 0 0 0 0 0 5 8 0 0 45
0 79 0 0 0 37 28 64 12 0 0 0 0 0 0 0 0 0 88 0 0 52 0 0 0 93 0 57 0 0 0 0 0 0 0 27 0 16 85 0
0 0 36 0 0 0 59 57 0 58 0 0 0 47 0 42 0 35 45 39 31 0 0 81 0 0 0 0 0 0 8 0 0 87 0 0 0 0 0 0
0 0 0 0 0 0 34 0 0 0 80 43 1 0 0 0 0 0 0 0 77 0 0 0 0 0 51 0 0 0 80 0 0 0 0 0 0 0 16 0
12 0 66 0 0 24 0 0 0 76 0 0 0 0 0 0 0 0 0 61 0 0 0 0 0 0 73 0 0 0 0 59 0 0 0 0 50 0 0 0
0 23 0 0 0 0 0 0 0 0 0 0 93 0 0 18 80 0 0 90 0 0 0 0 97 0 0 0 9 0 0 0 69 0 53 0 0 0 0 0
33 0 0 81 0 0 0 18 0 0 0 0 0 0 0 0 0 56 0 0 6 0 59 57 0 0 12 0 0 0 0 0 89 69 4 76 0 0 58 0
0 0 0 0 0 0 0 0 0 28 0 0 0 0 0 0 0 0 75 0 0 48 54 0 0 0 0 0 0 0 0 0 0 55 0 0 0 0 0 13
0 0 0 0 0 0 0 0 0 0 0 0 0 0 73 47 0 0 0 0 0 0 0 60 0 0 0 0 0 20 38 61 0 30 46 13 0 0 99 80
0 0 0 0 0 0 0 45 0 0 56 0 0 13 0 96 0 0 0 0 0 0 0 0 95 0 0 0 0 0 0 0 97 0 0 0 31 86 0 0
0 0 0 0 0 0 0 0 0 92 0 58 0 0 0 0 89 0 0 0 74 56 0 51 0 0 0 0 0 0 0 0 23 0 0 0 0 0 45 2
0 0 52 0 0 0 91 0 0 49 0 77 0 90 0 94 62 0 0 0 0 0 12 0 13 0 31 0 0 0 61 0 0 0 30 0 0 0 53 0
0 0 0 54 87 0 0 0 0 85 0 85 0 0 0 0 0 0 28 0 0 0 0 0 0 0 0 0 0 81 100 0 0 0 0 26 0 0 0 0
0 0 0 0 0 22 0 0 0 0 0 24 0 0 98 0 66 32 65 0 0 21 0 0 0 0 0 0 0 0 0 0 0 70 0 0 0 0 16 0
30 0 0 0 0 0 32 0 0 0 0 0 48 0 39 45 0 74 32 0 0 0 0 0 0 0 0 62 95 8 81 0 0 0 0 0 0 0 0 0
100 0 0 0 0 0 0 35 0 0 84 100 0 27 0 0 0 0 0 56 0 13 16 0 0 18 0 0 0 0 90 66 0 0 0 0 0 0 0 0
0 16 0 41 0 40 0 0 39 65 0 0 17 25 0 0 0 0 81 0 40 0 55 64 0 0 90 0 0 0 0 0 42 0 50 0 0 65 0 0
8 0 0 17 67 11 0 67 0 14 0 0 0 0 0 0 46 0 40 0 0 0 0 67 0 0 0 2 0 0 0 0 0 0 0 47 73 0 79 0
0 0 48 0 0 54 74 0 43 0 30 0 0 0 0 93 0 0 3 0 37 61 0 0 0 5 23 79 0 0 0 0 0 0 0 0 0 0 18 33
0 53 0 99 0 0 0 60 0 0 24 0 95 50 0 0 8 16 0 0 0 0 0 0 0 0 7 0 0 0 0 0 0 0 0 0 0 0 0 21
24 51 0 0 0 0 0 0 53 0 10 0 9 0 72 0 51 0 0 0 0 76 0 0 0 0 0 0 0 0 98 0 0 0 0 0 0 86 0 0
0 0 0 0 0 43 0 0 48 0 0 0 0 0 0 92 0 0 30 0 0 0 86 0 0 56 0 0 0 66 0 13 9 0 0 0 8 0 26 47
0 0 42 0 0 52 0 0 3 0 0 0 88 23 0 0 0 49 0 0 0 0 15 72 0 0 0 0 94 34 39 11 0 0 0 0 0 0 0 48
0 0 0 0 0 0 0 0 0 0 22 0 0 0 61 12 0 0 0 0 0 0 0 90 68 0 70 32 0 0 0 0 0 0 0 0 0 0 0 91
0 0 0 0 0 0 0 0 0 0 15 56 0 99 46 0 0 21 57 0 0 42 0 0 0 0 0 0 0 0 0 0 0 0 0 0 0 0 0 27
0 84 0 0 41 0 6 0 0 0 19 69 0 0 99 0 0 0 41 87 0 0 0 0 42 0 54 0 24 0 78 0 38 0 65 62 0 0 0 61
0 0 0 0 14 80 0 0 0 0 0 0 0 0 36 51 0 0 0 0 0 0 11 0 0 0 0 0 0 0 0 90 0 0 0 0 0 0 0 0
0 22 0 63 0 0 0 37 0 0 93 0 0 0 0 0 90 92 0 0 0 88 0 40 0 0 0 0 0 0 0 0 2 0 0 0 0 0 0 0
0 0 0 45 53 0 0 0 0 0 0 0 0 36 20 0 0 0 0 62 0 0 0 0 0 13 0 0 51 89 0 0 0 0 0 21 0 10 81 45
0 0 85 60 0 0 0 25 0 0 98 23 0 0 50 9 0 0 0 0 89 0 0 30 43 0 0 9 0 0 0 68 0 0 0 25 0 0 0 0
0 0 0 0 0 0 0 0 0 48 31 76 0 73 43 0 0 0 31 0 0 0 0 0 1 0 0 0 0 0 64 0 0 0 0 0 0 0 0 0
0 0 0 0 0 0 24 0 0 0 0 0 0 0 0 0 0 0 0 21 0 0 0 97 0 0 83 0 0 0 0 0 0 34 99 0 0 0 0 21
0 88 0 0 0 0 0 0 0 0 0 0 93 0 0 0 0 0 0 81 0 0 0 0 0 0 0 0 0 0 20 0 0 0 0 0 0 0 0 0
0 0 0 0 0 0 0 0 0 0 68 0 0 84 43 0 84 0 17 0 0 0 0 10 89 0 0 77 0 83 0 0 0 0 0 32 0 0 0 0
0 0 23 0 0 0 0 0 0 0 0 0 0 0 0 0 0 0 17 0 0 0 0 0 0 0 0 0 0 0 0 0 0 0 0 0 22 0 0 26
0 85 0 75 0 0 100 0 0 0 0 0 43 0 0 0 0 0 0 0 0 0 0 0 79 0 0 0 0 0 73 0 0 0 0 0 8 61 0 0
76 36 0 0 0 0 0 0 0 0 0 0 0 0 0 0 14 54 0 0 0 61 0 0 0 62 0 0 0 0 28 0 0 0 0 0 0 0 0 54
0 55 0 0 0 0 0 0 0 0 0 68 0 0 0 0 0 73 0 0 31 0 0 0 0 0 0 0 0 14 30 0 8 0 0 89 0 0 0 0
13 0 0 0 0 0 0 0 0 0 0 0 19 0 0 0 0 0 0 0 0 0 17 0 18 0 0 14 0 0 45 0 0 0 0 87 64 0 0 0
69 0 0 0 0 0 29 0 0 0 0 0 84 35 0 0 0 0 0 0 100 0 0 0 0 0 0 0 0 0 77 68 0 0 0 0 0 99 0 0
0 11 0 0 0 0 0 0 0 46 0 0 0 0 0 0 0 0 0 99 0 0 0 0 0 0 97 75 0 88 0 0 0 0 0 49 54 0 0 60
0 76 0 0 0 60 39 82 60 0 0 0 0 0 0 0 0 0 81 0 0 64 0 0 0 53 0 42 0 0 0 0 0 0 0 98 0 69 36 0
0 0 16 0 0 0 7 92 0 3 0 0 0 100 0 44 0 81 85 11 70 0 0 58 0 0 0 0 0 0 13 0 0 36 0 0 0 0 0 0
0 0 0 0 0 0 72 0 0 0 33 8 72 0 0 0 0 0 0 0 62 0 0 0 0 0 70 0 0 0 79 0 0 0 0 0 0 0 62 0
45 0 76 0 0 51 0 0 0 38 0 0 0 0 0 0 0 0 0 88 0 0 0 0 0 0 48 0 0 0 0 26 0 0 0 0 49 0 0 0
0 37 0 0 0 0 0 0 0 0 0 0 79 0 0 17 24 0 0 26 0 0 0 0 31 0 0 0 19 0 0 0 75 0 77 0 0 0 0 0
39 0 0 40 0 0 0 59 0 0 0 0 0 0 0 0 0 67 0 0 89 0 38 49 0 0 39 0 0 0 0 0 36 32 2 99 0 0 87 0
0 0 0 0 0 0 0 0 0 14 0 0 0 0 0 0 0 0 70 0 0 42 78 0 0 0 0 0 0 0 0 0 0 95 0 0 0 0 0 50
0 0 0 0 0 0 0 0 0 0 0 0 0 0 27 12 0 0 0 0 0 0 0 67 0 0 0 0 0 1 99 11 0 100 60 26 0 0 80 50
0 0 0 0 0 0 0 43 0 0 6 0 0 17 0 29 0 0 0 0 0 0 0 0 80 0 0 0 0 0 0 0 32 0 0 0 94 42 0 0
0 0 0 0 0 0 0 0 0 82 0 19 0 0 0 0 33 0 0 0 71 4 0 85 0 0 0 0 0 0 0 0 46 0 0 0 0 0 15 89
0 0 42 0 0 0 69 0 0 80 0 5 0 42 0 14 10 0 0 0 0 0 98 0 2 0 10 0 0 0 94 0 0 0 41 0 0 0 30 0
0 0 0 74 37 0 0 0 0 1 0 6 0 0 0 0 0 0 58 0 0 0 0 0 0 0 0 0 0 79 42 0 0 0 0 58 0 0 0 0
0 0 0 0 0 95 0 0 0 0 0 40 0 0 3 0 68 22 2 0 0 57 0 0 0 0 0 0 0 0 0 0 0 39 0 0 0 0 98 0
9 0 0 0 0 0 36 0 0 0 0 0 25 0 100 34 0 100 41 0 0 0 0 0 0 0 0 3 14 93 15 0 0 0 0 0 0 0 0 0
1 0 0 0 0 0 0 45 0 0 76 69 0 68 0 0 0 0 0 65 0 44 90 0 0 57 0 0 0 0 64 9 0 0 0 0 0 0 0 0
0 31 0 36 0 17 0 0 23 42 0 0 77 52 0 0 0 0 41 0 25 0 51 56 0 0 14 0 0 0 0 0 57 0 53 0 0 84 0 0
64 0 0 49 33 72 0 48 0 17 0 0 0 0 0 0 59 0 29 0 0 0 0 21 0 0 0 49 0 0 0 0 0 0 0 76 21 0 14 0
0 0 4 0 0 81 34 0 90 0 75 0 0 0 0 54 0 0 78 0 97 1 0 0 0 55 52 99 0 0 0 0 0 0 0 0 0 0 17 12
0 63 0 28 0 0 0 19 0 0 30 0 10 19 0 0 18 30 0 0 0 0 0 0 0 0 5 0 0 0 0 0 0 0 0 0 0 0 0 19
86 77 0 0 0 0 0 0 21 0 97 0 8 0 91 0 23 0 0 0 0 43 0 0 0 0 0 0 0 0 85 0 0 0 0 0 0 44 0 0
0 0 0 0 0 82 0 0 92 0 0 0 0 0 0 70 0 0 82 0 0 0 83 0 0 60 0 0 0 50 0 12 6 0 0 0 7 0 41 99
0 0 94 0 0 85 0 0 95 0 0 0 87 60 0 0 0 78 0 0 0 0 100 13 0 0 0 0 77 40 52 83 0 0 0 0 0 0 0 52
0 0 0 0 0 0 0 0 0 0 13 0 0 0 9 55 0 0 0 0 0 0 0 42 10 0 73 15 0 0 0 0 0 0 0 0 0 0 0 51
0 0 0 0 0 0 0 0 0 0 2 44 0 84 97 0 0 53 9 0 0 60 0 0 0 0 0 0 0 0 0 0 0 0 0 0 0 0 0 24
0 81 0 0 39 0 65 0 0 0 7 33 0 0 97 0 0 0 89 46 0 0 0 0 53 0 85 0 41 0 4 0 80 0 73 46 0 0 0 52
0 0 0 0 24 25 0 0 0 0 0 0 0 0 63 6 0 0 0 0 0 0 57 0 0 0 0 0 0 0 0 31 0 0 0 0 0 0 0 0
0 35 0 19 0 0 0 47 0 0 9 0 0 0 0 0 56 97 0 0 0 60 0 76 0 0 0 0 0 0 0 0 34 0 0 0 0 0 0 0