40
0 0 0 49 0 0 23 0 0 84 0 38 41 70 0 0 0 25 0 27 0 3 0 0 66 0 62 0 0 41 0 68 0 0 0 0 49 0 0 100
0 0 25 0 0 7 0 0 0 0 60 14 0 0 0 0 41 0 0 0 49 0 40 0 0 36 0 0 0 0 0 0 0 0 0 0 0 0 0 0
0 88 0 0 0 0 0 0 9 0 13 0 0 56 75 0 0 0 15 0 0 41 42 0 87 37 0 0 0 0 0 0 0 0 0 13 0 0 0 0
22 0 0 0 64 0 0 0 13 17 94 0 0 0 0 0 0 0 0 0 0 0 0 18 0 0 33 0 37 0 50 0 55 83 0 0 0 0 0 39
77 0 0 49 0 0 0 0 0 42 87 0 0 0 0 0 0 0 0 0 0 0 49 0 0 0 0 0 12 1 0 93 0 82 39 0 0 0 0 0
0 0 0 19 0 0 0 0 0 0 0 0 31 0 0 0 82 0 0 55 87 0 0 0 0 0 0 0 0 0 20 0 0 0 0 0 34 0 0 0
0 2 36 37 0 0 0 0 0 62 93 0 0 0 0 0 0 29 0 74 0 9 0 0 0 0 89 0 95 0 0 0 0 0 0 0 76 0 0 0
3 0 28 0 0 0 0 0 41 0 0 0 0 0 0 0 0 0 96 0 0 95 0 0 0 62 0 0 0 0 0 82 49 0 0 75 0 7 0 39
0 0 0 26 0 0 0 63 0 0 0 0 0 0 57 0 61 47 57 0 0 0 0 0 55 0 0 0 0 0 0 0 25 0 0 0 0 0 0 0
0 0 0 0 0 76 0 0 0 0 0 0 0 0 0 0 0 41 0 0 0 42 15 0 50 0 0 0 0 0 0 0 0 21 0 0 0 0 0 0
20 18 0 0 86 0 73 48 0 0 0 0 29 0 0 0 0 0 0 0 0 0 0 0 0 0 96 0 0 0 0 0 0 81 0 0 0 0 0 0
66 89 0 0 0 0 0 0 0 0 34 0 90 0 0 94 13 60 0 0 0 0 0 0 0 0 0 0 0 0 0 0 0 0 0 30 88 0 0 0
0 56 0 0 0 98 0 0 0 0 4 0 0 0 0 0 0 0 0 0 0 0 0 0 67 0 0 0 0 0 0 0 4 0 7 0 0 0 0 0
75 0 0 0 69 4 0 0 0 0 0 0 0 0 35 32 0 0 23 0 22 0 0 92 83 0 0 84 0 0 26 0 89 0 18 0 99 0 32 34
0 0 0 45 49 0 85 17 0 39 0 0 0 0 0 0 0 0 0 5 0 97 0 0 32 0 0 58 0 47 87 0 0 47 0 0 0 0 0 0
0 0 32 0 0 0 0 0 0 0 0 0 0 0 0 0 0 0 0 0 58 6 0 0 0 0 0 71 0 0 0 0 0 0 0 61 0 0 0 57
0 90 0 0 0 0 0 0 0 0 0 0 42 3 15 0 0 0 0 0 50 0 0 0 0 0 65 46 0 0 0 0 0 0 0 0 0 11 0 0
0 13 0 0 0 40 0 0 29 0 0 67 0 0 0 0 96 0 0 0 100 0 0 0 0 100 0 0 0 0 0 0 0 0 16 0 58 0 0 100
0 0 0 0 66 0 0 96 99 0 0 95 0 0 20 27 0 0 0 0 0 0 0 68 99 0 0 0 28 0 0 0 0 0 77 43 0 0 0 2
0 0 0 0 11 22 0 0 38 17 0 42 0 0 0 0 0 0 54 0 0 51 72 0 0 6 0 0 0 0 43 65 0 67 0 0 0 0 17 0
0 0 0 0 0 0 5 0 45 0 0 0 0 77 0 0 0 38 0 0 0 0 0 0 99 0 0 52 0 1 10 96 0 0 0 0 0 4 77 0
0 79 0 0 0 0 0 0 68 0 0 12 88 0 0 50 0 0 0 0 0 0 0 0 0 0 0 0 0 0 0 0 0 0 0 0 81 53 0 0
0 21 75 5 26 0 0 0 0 65 0 0 0 0 0 76 0 0 0 0 0 0 0 0 0 0 0 0 0 0 0 0 8 40 0 0 44 0 0 84
0 0 0 0 4 0 0 0 0 0 20 0 0 0 0 0 10 0 26 0 0 0 71 0 76 0 0 87 0 0 0 5 0 0 0 0 22 0 0 0
46 0 5 84 1 0 0 51 17 0 0 4 0 63 96 0 85 53 0 0 59 0 63 0 0 0 0 0 0 93 0 0 82 0 0 0 0 0 0 0
0 0 58 49 0 59 0 98 0 0 0 0 0 0 0 0 0 0 0 0 86 0 36 83 0 0 0 51 0 0 0 0 0 0 0 0 0 0 0 0
0 0 0 0 100 0 0 0 0 0 0 0 0 0 0 0 65 0 0 0 0 0 0 0 77 50 0 0 74 0 0 0 0 0 0 0 66 0 63 0
0 82 0 77 0 0 0 0 0 0 0 0 0 0 60 0 92 0 0 0 0 81 0 0 0 58 90 0 30 8 0 0 0 0 0 0 50 0 0 0
0 0 0 64 76 0 54 0 0 0 0 82 0 28 0 0 0 0 0 0 0 50 0 0 26 5 63 0 0 0 28 0 92 0 0 0 0 0 0 0
0 0 0 20 0 0 0 3 0 0 19 0 0 0 20 0 0 44 0 0 0 0 0 4 0 0 0 0 63 0 0 0 0 0 0 0 0 0 0 66
0 52 0 16 0 0 0 0 5 0 45 0 0 72 0 0 0 22 0 49 0 0 0 0 0 0 0 0 0 0 0 85 0 28 0 31 91 0 0 0
0 0 14 0 0 0 0 0 0 1 0 0 3 67 0 71 32 43 0 37 0 0 0 0 0 0 51 0 82 0 33 0 0 0 93 0 0 0 0 0
0 0 19 0 0 18 17 0 68 55 0 0 4 13 98 0 0 0 0 0 0 0 0 35 39 0 0 0 0 0 0 0 0 0 0 79 18 0 0 0
0 0 0 52 0 69 0 0 0 0 0 0 0 0 0 0 0 83 0 0 0 0 0 0 0 0 0 0 0 0 0 21 4 0 0 0 0 0 0 0
0 0 86 0 0 0 0 40 41 0 0 0 0 0 0 0 0 0 56 97 0 0 0 39 0 82 0 0 0 0 44 0 0 0 0 0 93 0 6 0
0 0 0 0 0 61 0 0 4 0 91 0 50 0 76 60 0 87 0 66 0 0 0 0 22 0 0 0 0 45 0 0 69 0 0 0 0 18 0 0
41 11 0 75 0 0 0 0 0 0 0 0 0 0 0 68 19 0 0 0 0 0 0 54 95 0 0 0 0 0 0 0 0 0 0 87 0 35 0 0
0 0 0 0 0 13 78 74 0 96 0 0 0 0 0 0 0 0 0 0 0 0 26 0 0 0 0 0 0 0 71 61 18 0 0 0 0 0 0 0
0 0 0 0 0 0 22 0 0 0 0 0 0 0 0 0 0 0 0 97 0 0 73 0 0 11 80 67 0 0 0 0 0 16 0 0 0 0 0 0
86 0 0 0 0 0 26 15 97 0 0 23 0 0 0 0 0 0 0 65 0 0 0 0 0 0 0 0 0 0 0 76 0 0 0 92 0 0 92 0
0 0 0 63 0 0 11 0 0 50 0 10 10 82 0 0 0 46 0 33 0 7 0 0 40 0 72 0 0 13 0 66 0 0 0 0 64 0 0 71
0 0 93 0 0 97 0 0 0 0 41 43 0 0 0 0 50 0 0 0 60 0 34 0 0 73 0 0 0 0 0 0 0 0 0 0 0 0 0 0
0 54 0 0 0 0 0 0 28 0 15 0 0 84 48 0 0 0 72 0 0 71 68 0 21 28 0 0 0 0 0 0 0 0 0 81 0 0 0 0
68 0 0 0 76 0 0 0 65 24 19 0 0 0 0 0 0 0 0 0 0 0 0 100 0 0 61 0 46 0 90 0 50 90 0 0 0 0 0 43
78 0 0 97 0 0 0 0 0 13 46 0 0 0 0 0 0 0 0 0 0 0 87 0 0 0 0 0 76 71 0 55 0 10 64 0 0 0 0 0
0 0 0 28 0 0 0 0 0 0 0 0 60 0 0 0 27 0 0 96 25 0 0 0 0 0 0 0 0 0 80 0 0 0 0 0 98 0 0 0
0 98 69 22 0 0 0 0 0 86 87 0 0 0 0 0 0 10 0 85 0 75 0 0 0 0 56 0 56 0 0 0 0 0 0 0 30 0 0 0
65 0 99 0 0 0 0 0 11 0 0 0 0 0 0 0 0 0 40 0 0 29 0 0 0 41 0 0 0 0 0 86 35 0 0 19 0 29 0 51
0 0 0 3 0 0 0 65 0 0 0 0 0 0 34 0 99 15 4 0 0 0 0 0 21 0 0 0 0 0 0 0 7 0 0 0 0 0 0 0
0 0 0 0 0 65 0 0 0 0 0 0 0 0 0 0 0 10 0 0 0 62 26 0 93 0 0 0 0 0 0 0 0 37 0 0 0 0 0 0
38 21 0 0 55 0 35 23 0 0 0 0 2 0 0 0 0 0 0 0 0 0 0 0 0 0 80 0 0 0 0 0 0 24 0 0 0 0 0 0
7 70 0 0 0 0 0 0 0 0 10 0 100 0 0 54 32 90 0 0 0 0 0 0 0 0 0 0 0 0 0 0 0 0 0 89 31 0 0 0
0 69 0 0 0 77 0 0 0 0 29 0 0 0 0 0 0 0 0 0 0 0 0 0 58 0 0 0 0 0 0 0 24 0 91 0 0 0 0 0
52 0 0 0 97 37 0 0 0 0 0 0 0 0 28 38 0 0 88 0 28 0 0 94 57 0 0 11 0 0 36 0 28 0 60 0 66 0 16 55
0 0 0 36 68 0 54 32 0 2 0 0 0 0 0 0 0 0 0 67 0 17 0 0 17 0 0 9 0 98 32 0 0 71 0 0 0 0 0 0
0 0 79 0 0 0 0 0 0 0 0 0 0 0 0 0 0 0 0 0 15 1 0 0 0 0 0 99 0 0 0 0 0 0 0 89 0 0 0 84
0 76 0 0 0 0 0 0 0 0 0 0 39 9 11 0 0 0 0 0 5 0 0 0 0 0 89 69 0 0 0 0 0 0 0 0 0 68 0 0
0 8 0 0 0 22 0 0 64 0 0 22 0 0 0 0 50 0 0 0 44 0 0 0 0 5 0 0 0 0 0 0 0 0 28 0 100 0 0 23
0 0 0 0 35 0 0 81 21 0 0 6 0 0 68 60 0 0 0 0 0 0 0 16 36 0 0 0 92 0 0 0 0 0 50 79 0 0 0 98
0 0 0 0 11 50 0 0 35 70 0 70 0 0 0 0 0 0 61 0 0 29 47 0 0 78 0 0 0 0 49 72 0 38 0 0 0 0 76 0
0 0 0 0 0 0 9 0 14 0 0 0 0 60 0 0 0 42 0 0 0 0 0 0 50 0 0 27 0 75 53 24 0 0 0 0 0 35 61 0
0 35 0 0 0 0 0 0 66 0 0 92 46 0 0 25 0 0 0 0 0 0 0 0 0 0 0 0 0 0 0 0 0 0 0 0 4 80 0 0
0 60 77 89 65 0 0 0 0 39 0 0 0 0 0 63 0 0 0 0 0 0 0 0 0 0 0 0 0 0 0 0 49 64 0 0 86 0 0 82
0 0 0 0 66 0 0 0 0 0 89 0 0 0 0 0 86 0 9 0 0 0 14 0 17 0 0 58 0 0 0 56 0 0 0 0 99 0 0 0
72 0 20 51 29 0 0 60 61 0 0 83 0 17 91 0 88 64 0 0 46 0 94 0 0 0 0 0 0 43 0 0 66 0 0 0 0 0 0 0
0 0 27 46 0 51 0 7 0 0 0 0 0 0 0 0 0 0 0 0 80 0 23 12 0 0 0 57 0 0 0 0 0 0 0 0 0 0 0 0
0 0 0 0 44 0 0 0 0 0 0 0 0 0 0 0 5 0 0 0 0 0 0 0 87 17 0 0 63 0 0 0 0 0 0 0 85 0 55 0
0 65 0 30 0 0 0 0 0 0 0 0 0 0 12 0 30 0 0 0 0 32 0 0 0 80 29 0 79 81 0 0 0 0 0 0 79 0 0 0
0 0 0 23 14 0 29 0 0 0 0 37 0 70 0 0 0 0 0 0 0 8 0 0 35 77 52 0 0 0 82 0 52 0 0 0 0 0 0 0
0 0 0 45 0 0 0 24 0 0 50 0 0 0 28 0 0 91 0 0 0 0 0 55 0 0 0 0 77 0 0 0 0 0 0 0 0 0 0 81
0 100 0 71 0 0 0 0 51 0 56 0 0 62 0 0 0 53 0 6 0 0 0 0 0 0 0 0 0 0 0 88 0 42 0 64 13 0 0 0
0 0 3 0 0 0 0 0 0 57 0 0 30 41 0 72 88 93 0 84 0 0 0 0 0 0 43 0 31 0 2 0 0 0 10 0 0 0 0 0
0 0 20 0 0 94 62 0 31 21 0 0 40 50 63 0 0 0 0 0 0 0 0 91 14 0 0 0 0 0 0 0 0 0 0 70 24 0 0 0
0 0 0 47 0 9 0 0 0 0 0 0 0 0 0 0 0 36 0 0 0 0 0 0 0 0 0 0 0 0 0 37 23 0 0 0 0 0 0 0
0 0 42 0 0 0 0 93 72 0 0 0 0 0 0 0 0 0 55 44 0 0 0 10 0 11 0 0 0 0 69 0 0 0 0 0 69 0 12 0
0 0 0 0 0 12 0 0 25 0 55 0 22 0 16 78 0 67 0 15 0 0 0 0 88 0 0 0 0 91 0 0 52 0 0 0 0 6 0 0
91 42 0 79 0 0 0 0 0 0 0 0 0 0 0 63 43 0 0 0 0 0 0 1 79 0 0 0 0 0 0 0 0 0 0 27 0 32 0 0
0 0 0 0 0 68 57 46 0 53 0 0 0 0 0 0 0 0 0 0 0 0 68 0 0 0 0 0 0 0 24 49 81 0 0 0 0 0 0 0
0 0 0 0 0 0 65 0 0 0 0 0 0 0 0 0 0 0 0 93 0 0 61 0 0 69 3 84 0 0 0 0 0 71 0 0 0 0 0 0
62 0 0 0 0 0 42 32 90 0 0 3 0 0 0 0 0 0 0 55 0 0 0 0 0 0 0 0 0 0 0 25 0 0 0 59 0 0 41 0