40
0 0 82 34 0 0 0 66 0 0 100 0 0 0 0 0 0 0 0 0 0 0 43 3 58 0 0 0 0 85 0 0 0 59 31 0 49 0 0 0
0 0 0 0 79 0 0 19 44 0 0 0 0 0 48 0 0 0 0 0 4 95 0 0 0 32 73 0 0 98 0 14 65 0 0 0 0 0 0 0
9 0 0 0 39 0 51 0 0 0 0 83 0 0 0 0 0 0 0 0 0 0 6 0 100 96 0 0 0 95 0 0 9 0 0 74 9 0 42 0
0 0 90 0 0 0 0 57 97 0 0 21 17 0 40 0 26 0 0 92 0 52 0 0 0 0 0 80 0 13 0 0 0 0 0 79 0 0 0 0
0 26 88 21 0 14 9 60 0 0 0 0 0 0 0 0 0 2 0 0 87 0 0 0 68 0 0 0 0 0 0 0 0 0 0 0 85 0 0 0
0 0 0 20 20 0 0 8 0 0 0 0 38 0 0 0 6 0 0 0 72 0 58 0 0 0 0 0 0 0 94 55 84 91 0 0 0 0 0 0
0 17 0 0 0 0 0 0 88 0 0 0 14 0 0 0 0 0 0 0 0 0 10 75 0 0 0 0 0 0 0 0 0 0 0 0 0 0 0 0
0 0 27 0 73 0 0 0 41 0 0 0 67 35 0 0 0 0 87 34 0 0 0 0 0 87 0 0 0 0 0 0 0 0 3 0 0 0 53 0
48 0 88 0 65 39 63 0 0 0 0 22 0 0 81 87 49 0 0 0 0 0 0 0 0 0 0 0 45 0 93 0 0 28 8 0 0 0 0 73
95 0 18 0 65 0 0 94 0 0 0 0 72 10 0 0 37 0 0 0 0 98 0 0 71 0 0 0 0 0 39 0 0 0 0 67 0 0 0 97
0 0 0 0 0 0 0 0 0 16 0 0 0 0 35 0 0 0 0 0 67 0 0 0 0 75 0 11 100 0 0 0 0 0 0 0 0 27 0 0
0 0 0 0 0 0 20 0 73 77 0 0 65 0 0 98 0 0 0 64 0 4 0 0 27 0 0 0 0 61 0 72 0 0 0 0 58 0 40 0
0 12 0 0 19 90 0 0 73 0 0 31 0 100 0 0 0 0 0 0 0 66 6 0 0 0 0 0 0 0 95 9 73 39 0 0 0 0 0 0
0 24 0 0 42 0 0 0 0 0 0 0 0 0 0 0 0 0 54 0 0 4 0 0 0 1 0 42 0 0 0 0 0 0 0 0 0 0 0 0
6 0 0 0 0 0 0 0 0 0 0 0 0 0 0 0 0 36 0 0 84 0 0 0 62 0 0 80 0 0 32 79 0 0 31 80 0 0 97 0
0 0 0 0 17 0 0 0 11 0 0 0 0 0 0 0 0 0 0 0 0 0 0 52 0 0 0 0 0 0 0 0 0 0 33 0 0 0 0 0
0 28 22 0 0 0 0 0 0 0 0 0 0 52 0 74 0 0 0 68 0 0 0 56 0 0 18 0 0 0 0 0 0 0 0 0 89 0 90 0
0 0 0 0 41 0 34 0 0 0 0 78 0 0 0 29 0 0 0 0 0 0 0 0 56 0 0 0 0 0 22 0 0 11 0 0 92 0 0 0
0 21 77 0 14 0 71 0 0 0 0 27 0 0 14 49 0 0 0 0 0 0 0 5 0 0 0 0 0 0 0 0 88 0 0 78 35 70 65 0
0 0 0 0 0 0 0 0 0 80 0 100 0 0 0 100 0 0 0 0 0 0 0 0 0 0 0 16 0 0 36 0 0 0 0 0 0 63 0 0
33 25 0 0 0 0 0 0 30 0 31 0 0 9 84 75 0 0 5 0 0 92 0 0 5 6 0 0 0 52 93 0 27 0 0 0 95 0 0 70
0 0 0 0 0 0 0 0 11 0 75 0 0 0 0 95 99 55 3 0 0 0 23 0 94 3 0 0 0 63 0 0 0 0 0 0 0 0 0 29
0 0 0 64 0 0 0 0 0 50 0 0 64 0 0 0 0 81 0 93 71 0 0 0 0 0 0 0 0 0 0 0 0 0 0 9 0 0 0 0
26 0 0 0 40 0 0 0 0 0 0 0 0 68 0 42 0 60 0 0 0 0 0 0 0 0 0 0 73 0 0 65 0 0 94 0 0 0 0 0
93 0 99 0 0 39 20 0 0 0 10 0 0 0 0 0 0 0 0 0 0 0 0 33 0 22 32 47 0 0 0 0 0 55 0 0 10 0 0 0
0 34 0 80 0 0 17 46 0 36 27 0 0 0 0 0 0 0 0 0 0 0 0 45 0 0 0 0 0 0 0 49 36 0 0 0 0 0 0 0
0 0 71 45 0 0 0 0 0 0 0 0 0 0 0 0 0 0 0 0 0 0 18 0 0 0 0 92 0 0 0 0 0 0 0 63 0 55 0 0
21 0 0 0 77 28 0 0 71 0 0 45 0 0 0 0 0 0 0 48 0 57 0 0 0 0 0 0 0 0 83 0 0 83 62 0 0 58 0 0
0 0 77 0 19 44 53 0 0 0 0 0 10 0 0 0 0 0 0 22 0 0 0 0 0 87 0 0 0 0 0 0 75 0 4 0 0 0 0 0
0 0 0 0 80 0 0 81 56 31 93 0 0 66 45 0 0 73 0 0 0 17 23 17 0 0 0 0 0 0 0 0 0 0 44 32 0 0 0 0
0 98 0 92 0 0 0 0 0 0 70 0 0 0 5 0 0 64 0 66 0 0 0 0 0 9 0 0 4 0 0 0 0 0 0 0 0 0 44 0
0 86 22 0 0 53 70 0 30 0 0 97 0 0 0 33 0 0 0 0 0 0 51 0 0 0 0 0 0 0 0 0 0 0 0 0 0 0 67 19
0 0 0 80 0 36 0 0 57 0 89 66 0 0 0 0 0 0 0 37 0 0 94 42 0 0 0 0 0 49 0 0 0 0 0 78 0 0 0 44
0 0 0 0 73 61 44 0 49 0 0 13 0 0 0 8 0 0 0 0 0 0 0 0 0 0 0 0 0 0 0 0 0 0 0 0 0 0 0 0
0 6 0 70 0 86 0 0 0 0 0 98 0 0 41 0 0 63 94 33 0 0 0 0 65 0 9 0 0 0 49 0 35 0 0 47 24 63 0 17
23 94 0 62 0 0 12 0 0 0 0 0 0 0 55 0 0 0 0 96 35 98 0 0 0 75 91 0 0 0 96 0 0 0 0 0 0 0 0 38
0 0 0 0 36 0 0 0 83 0 0 0 49 0 0 88 25 0 0 0 0 0 0 0 0 0 0 0 37 0 0 30 0 0 0 0 0 0 0 0
0 0 17 0 0 0 0 0 67 0 0 0 0 0 51 0 96 91 0 0 0 0 0 0 0 95 0 0 0 0 0 0 88 15 19 0 0 0 0 0
0 0 0 0 42 45 0 0 0 0 0 0 0 47 0 79 66 0 0 0 33 0 0 0 49 0 0 0 12 0 0 0 0 0 0 0 0 0 0 0
80 0 0 0 0 36 0 0 0 49 0 0 0 0 0 0 0 0 88 0 0 0 0 0 56 0 0 0 0 0 0 79 0 0 0 0 0 0 0 0
0 0 18 72 0 0 0 90 0 0 83 0 0 0 0 0 0 0 0 0 0 0 56 95 47 0 0 0 0 58 0 0 0 20 88 0 38 0 0 0
0 0 0 0 96 0 0 64 28 0 0 0 0 0 43 0 0 0 0 0 83 81 0 0 0 83 13 0 0 29 0 33 91 0 0 0 0 0 0 0
29 0 0 0 65 0 3 0 0 0 0 39 0 0 0 0 0 0 0 0 0 0 10 0 49 65 0 0 0 71 0 0 94 0 0 90 17 0 60 0
0 0 51 0 0 0 0 94 2 0 0 89 9 0 33 0 56 0 0 27 0 17 0 0 0 0 0 39 0 23 0 0 0 0 0 55 0 0 0 0
0 22 24 34 0 79 83 82 0 0 0 0 0 0 0 0 0 2 0 0 15 0 0 0 11 0 0 0 0 0 0 0 0 0 0 0 48 0 0 0
0 0 0 22 50 0 0 57 0 0 0 0 11 0 0 0 1 0 0 0 11 0 44 0 0 0 0 0 0 0 75 96 6 56 0 0 0 0 0 0
0 74 0 0 0 0 0 0 26 0 0 0 36 0 0 0 0 0 0 0 0 0 77 72 0 0 0 0 0 0 0 0 0 0 0 0 0 0 0 0
0 0 90 0 27 0 0 0 1 0 0 0 76 65 0 0 0 0 87 75 0 0 0 0 0 56 0 0 0 0 0 0 0 0 62 0 0 0 61 0
69 0 100 0 55 75 17 0 0 0 0 80 0 0 96 14 76 0 0 0 0 0 0 0 0 0 0 0 9 0 66 0 0 54 30 0 0 0 0 49
53 0 48 0 37 0 0 25 0 0 0 0 75 18 0 0 18 0 0 0 0 36 0 0 86 0 0 0 0 0 27 0 0 0 0 99 0 0 0 32
0 0 0 0 0 0 0 0 0 55 0 0 0 0 20 0 0 0 0 0 65 0 0 0 0 80 0 11 78 0 0 0 0 0 0 0 0 70 0 0
0 0 0 0 0 0 31 0 77 53 0 0 18 0 0 44 0 0 0 75 0 21 0 0 60 0 0 0 0 57 0 86 0 0 0 0 37 0 36 0
0 8 0 0 79 31 0 0 62 0 0 45 0 21 0 0 0 0 0 0 0 72 100 0 0 0 0 0 0 0 49 37 30 40 0 0 0 0 0 0
0 41 0 0 29 0 0 0 0 0 0 0 0 0 0 0 0 0 29 0 0 74 0 0 0 54 0 28 0 0 0 0 0 0 0 0 0 0 0 0
52 0 0 0 0 0 0 0 0 0 0 0 0 0 0 0 0 66 0 0 94 0 0 0 81 0 0 30 0 0 80 65 0 0 97 13 0 0 94 0
0 0 0 0 19 0 0 0 98 0 0 0 0 0 0 0 0 0 0 0 0 0 0 81 0 0 0 0 0 0 0 0 0 0 66 0 0 0 0 0
0 10 60 0 0 0 0 0 0 0 0 0 0 21 0 26 0 0 0 94 0 0 0 83 0 0 86 0 0 0 0 0 0 0 0 0 61 0 41 0
0 0 0 0 86 0 18 0 0 0 0 11 0 0 0 5 0 0 0 0 0 0 0 0 69 0 0 0 0 0 76 0 0 81 0 0 52 0 0 0
0 92 72 0 91 0 91 0 0 0 0 77 0 0 64 94 0 0 0 0 0 0 0 34 0 0 0 0 0 0 0 0 83 0 0 75 81 90 56 0
0 0 0 0 0 0 0 0 0 29 0 16 0 0 0 99 0 0 0 0 0 0 0 0 0 0 0 4 0 0 4 0 0 0 0 0 0 81 0 0
20 4 0 0 0 0 0 0 77 0 59 0 0 50 100 73 0 0 29 0 0 45 0 0 23 54 0 0 0 37 80 0 23 0 0 0 13 0 0 29
0 0 0 0 0 0 0 0 7 0 70 0 0 0 0 76 32 35 49 0 0 0 41 0 14 28 0 0 0 44 0 0 0 0 0 0 0 0 0 47
0 0 0 99 0 0 0 0 0 82 0 0 63 0 0 0 0 88 0 71 61 0 0 0 0 0 0 0 0 0 0 0 0 0 0 16 0 0 0 0
68 0 0 0 45 0 0 0 0 0 0 0 0 81 0 89 0 19 0 0 0 0 0 0 0 0 0 0 37 0 0 76 0 0 99 0 0 0 0 0
71 0 89 0 0 68 9 0 0 0 22 0 0 0 0 0 0 0 0 0 0 0 0 82 0 45 46 78 0 0 0 0 0 73 0 0 77 0 0 0
0 23 0 64 0 0 45 26 0 48 25 0 0 0 0 0 0 0 0 0 0 0 0 88 0 0 0 0 0 0 0 26 83 0 0 0 0 0 0 0
0 0 40 54 0 0 0 0 0 0 0 0 0 0 0 0 0 0 0 0 0 0 41 0 0 0 0 9 0 0 0 0 0 0 0 77 0 77 0 0
81 0 0 0 83 64 0 0 31 0 0 54 0 0 0 0 0 0 0 95 0 20 0 0 0 0 0 0 0 0 63 0 0 42 52 0 0 69 0 0
0 0 12 0 30 31 85 0 0 0 0 0 64 0 0 0 0 0 0 75 0 0 0 0 0 90 0 0 0 0 0 0 45 0 5 0 0 0 0 0
0 0 0 0 54 0 0 29 74 46 81 0 0 89 87 0 0 15 0 0 0 35 72 21 0 0 0 0 0 0 0 0 0 0 20 47 0 0 0 0
0 50 0 89 0 0 0 0 0 0 71 0 0 0 26 0 0 12 0 69 0 0 0 0 0 31 0 0 59 0 0 0 0 0 0 0 0 0 19 0
0 6 67 0 0 99 1 0 28 0 0 88 0 0 0 15 0 0 0 0 0 0 92 0 0 0 0 0 0 0 0 0 0 0 0 0 0 0 64 25
0 0 0 27 0 56 0 0 86 0 78 45 0 0 0 0 0 0 0 10 0 0 79 2 0 0 0 0 0 14 0 0 0 0 0 93 0 0 0 54
0 0 0 0 82 93 1 0 38 0 0 94 0 0 0 54 0 0 0 0 0 0 0 0 0 0 0 0 0 0 0 0 0 0 0 0 0 0 0 0
0 96 0 52 0 38 0 0 0 0 0 95 0 0 94 0 0 25 67 73 0 0 0 0 73 0 22 0 0 0 35 0 62 0 0 58 30 33 0 8
46 28 0 50 0 0 4 0 0 0 0 0 0 0 42 0 0 0 0 66 4 6 0 0 0 22 38 0 0 0 56 0 0 0 0 0 0 0 0 40
0 0 0 0 13 0 0 0 40 0 0 0 70 0 0 41 72 0 0 0 0 0 0 0 0 0 0 0 91 0 0 2 0 0 0 0 0 0 0 0
0 0 44 0 0 0 0 0 24 0 0 0 0 0 36 0 37 9 0 0 0 0 0 0 0 98 0 0 0 0 0 0 91 82 66 0 0 0 0 0
0 0 0 0 7 72 0 0 0 0 0 0 0 46 0 84 30 0 0 0 30 0 0 0 50 0 0 0 76 0 0 0 0 0 0 0 0 0 0 0
74 0 0 0 0 78 0 0 0 87 0 0 0 0 0 0 0 0 22 0 0 0 0 0 43 0 0 0 0 0 0 23 0 0 0 0 0 0 0 0