40
0 0 0 0 0 12 0 0 0 0 82 0 96 0 4 8 0 40 0 0 0 7 71 42 98 0 0 68 0 0 0 0 0 9 73 0 0 16 0 87
0 0 0 0 96 0 0 35 0 0 71 0 0 20 0 54 16 0 0 0 0 0 0 0 0 0 0 94 86 0 0 0 0 0 0 52 0 0 0 87
36 81 0 0 0 0 0 51 0 0 0 62 0 0 23 2 0 0 98 0 61 0 0 0 0 0 0 0 0 95 0 0 24 0 0 0 0 0 31 99
0 0 0 0 0 0 7 0 0 0 0 0 0 9 57 49 52 51 0 0 91 0 43 0 0 0 0 1 0 0 0 0 0 0 22 0 0 0 64 39
0 0 0 0 0 0 0 0 0 0 0 0 17 0 33 22 0 0 6 67 0 0 0 0 0 0 0 0 0 0 83 0 0 0 79 4 0 25 0 0
28 0 0 0 13 0 0 0 0 0 39 0 0 0 0 0 0 0 0 0 0 0 0 0 0 0 0 0 0 93 0 0 67 0 0 0 0 0 0 0
0 27 0 100 0 0 0 0 0 0 0 0 0 0 0 12 0 71 59 0 0 19 0 0 2 38 0 0 0 83 0 45 0 57 0 0 0 0 0 0
0 0 0 26 0 0 0 0 2 84 63 0 0 0 0 42 0 0 0 0 0 27 0 0 0 0 0 0 26 0 0 0 98 0 0 0 0 0 52 0
0 95 62 0 9 0 7 0 0 74 0 99 11 0 0 0 0 0 0 0 0 0 0 0 0 0 57 22 95 0 0 0 0 0 0 0 3 0 45 0
0 0 0 0 0 0 64 0 8 0 0 0 0 0 0 0 0 0 67 0 68 0 57 0 0 3 31 0 0 0 0 0 24 0 0 0 0 0 54 42
0 0 0 0 0 42 0 0 0 0 0 0 0 91 58 64 0 0 85 0 94 0 0 89 0 62 0 0 0 0 0 0 93 50 0 0 0 0 0 0
0 0 40 0 0 0 0 0 0 0 0 0 0 0 0 0 57 60 0 0 0 75 0 0 0 0 38 0 0 0 0 0 0 72 0 0 0 0 0 0
0 81 0 0 0 0 0 0 0 0 0 0 0 0 0 0 99 0 0 0 0 0 59 0 0 59 0 29 0 0 0 0 0 0 54 0 21 0 0 0
94 0 0 16 62 0 88 0 0 0 0 0 0 0 50 56 0 49 0 0 0 0 42 56 0 0 0 0 0 0 0 0 0 0 39 0 41 0 0 0
0 0 68 0 0 88 53 0 0 0 0 0 0 0 0 0 70 0 0 0 0 0 0 0 52 0 38 0 0 0 0 0 0 0 76 0 0 26 71 0
0 0 89 42 0 0 8 0 0 0 0 0 67 0 0 0 0 69 0 0 0 63 0 0 0 20 0 0 0 0 0 11 32 0 0 0 0 31 0 0
0 0 2 0 0 0 0 0 0 0 0 0 0 0 0 0 0 0 62 0 0 0 0 0 11 91 43 74 88 26 0 0 0 28 40 71 0 23 0 0
0 20 0 66 0 62 0 0 0 0 67 0 0 0 0 0 0 0 99 0 0 0 18 0 0 0 2 79 0 0 28 79 0 0 0 0 0 0 0 0
22 0 0 99 0 55 0 83 0 76 0 0 36 0 0 0 0 0 0 14 96 0 0 86 0 0 97 0 0 0 0 0 0 0 0 0 0 0 49 0
0 0 0 0 0 0 0 60 0 0 18 0 0 0 0 0 0 90 0 0 0 0 88 0 13 0 36 0 0 0 0 0 0 38 0 0 0 0 0 0
0 0 0 0 0 0 0 0 41 0 0 54 0 0 34 0 0 59 0 0 0 72 0 0 80 0 0 0 0 0 19 0 78 0 42 0 0 0 0 0
0 80 24 0 57 0 0 0 0 0 0 0 43 8 55 98 27 0 0 0 0 0 45 0 0 0 0 0 0 0 83 0 0 0 60 52 0 0 23 0
98 37 0 0 37 0 0 0 46 79 88 0 0 0 0 69 0 13 31 0 56 58 0 0 0 0 0 0 0 0 0 83 0 0 0 0 0 9 0 0
88 0 0 0 89 68 0 54 0 0 0 0 33 0 0 0 0 0 6 0 42 0 0 0 0 5 0 0 0 59 0 0 0 0 0 0 0 0 0 0
0 0 0 0 36 11 0 9 65 0 0 0 0 0 0 0 0 0 0 0 0 0 0 0 0 0 37 97 0 0 0 0 18 8 55 0 50 0 0 69
0 0 0 0 55 0 0 0 0 0 0 0 26 0 0 0 0 0 38 29 79 0 34 0 0 0 72 22 0 14 0 43 0 0 40 0 0 72 67 8
0 0 0 0 0 0 0 60 0 0 87 0 0 69 0 69 0 0 44 26 0 86 0 79 0 0 0 0 34 0 0 0 0 0 0 0 0 0 0 0
0 0 0 0 0 0 0 0 0 94 0 0 0 0 0 0 77 0 0 0 0 0 0 0 0 0 0 0 96 0 0 0 0 0 0 0 15 0 0 12
0 0 0 44 0 0 0 0 0 0 0 0 5 0 0 0 0 0 0 0 0 0 0 0 0 0 30 0 0 0 0 57 57 49 0 0 0 0 0 0
0 17 70 0 0 0 0 0 0 0 0 0 44 0 0 0 0 96 0 0 0 63 0 5 0 0 0 0 0 0 0 0 0 0 0 30 0 0 0 0
0 0 0 0 30 79 0 57 0 0 0 0 0 61 0 0 0 0 0 49 0 0 0 0 26 64 0 0 0 0 0 0 34 0 0 0 43 0 0 0
0 0 0 0 0 24 56 0 0 0 0 0 0 0 0 0 0 0 0 0 46 0 96 0 56 3 39 23 49 36 0 0 0 20 0 0 0 0 0 0
0 0 0 35 0 0 0 43 0 0 0 0 89 0 0 0 0 40 0 0 0 44 29 0 31 0 6 62 72 0 0 0 0 40 0 0 0 0 0 0
15 0 0 0 0 0 0 0 82 80 0 0 88 0 0 2 0 0 0 0 37 0 0 0 25 0 0 0 0 0 0 0 0 0 0 0 0 0 0 54
0 0 0 43 11 0 59 0 0 12 68 71 0 13 0 0 0 0 0 0 96 0 0 26 9 0 53 32 0 0 0 0 73 0 0 0 0 0 78 44
0 54 15 0 0 45 28 0 0 0 0 0 0 0 0 0 0 0 0 0 0 0 0 0 89 14 0 0 0 0 0 10 36 0 64 0 0 0 0 0
89 0 0 0 0 29 43 21 69 58 0 0 0 0 0 72 0 0 0 24 0 85 0 0 0 0 60 0 0 72 0 0 0 0 0 0 0 0 0 0
0 0 5 0 0 0 0 0 0 0 0 0 0 0 85 0 0 49 0 0 0 0 5 0 0 0 0 85 0 33 0 0 0 0 0 47 0 0 19 0
43 0 0 0 83 70 0 0 0 0 0 0 0 32 0 0 95 0 0 0 37 0 57 0 0 0 0 0 0 48 0 0 0 0 0 0 0 0 0 0
0 61 0 0 0 0 0 21 0 0 0 0 98 0 0 0 0 0 0 0 65 0 0 0 0 0 0 0 0 0 0 29 0 0 0 0 82 0 0 0
0 0 0 0 0 78 0 0 0 0 30 0 24 0 80 51 0 20 0 0 0 45 76 29 75 0 0 96 0 0 0 0 0 88 67 0 0 17 0 95
0 0 0 0 91 0 0 27 0 0 62 0 0 7 0 9 68 0 0 0 0 0 0 0 0 0 0 34 14 0 0 0 0 0 0 8 0 0 0 17
98 75 0 0 0 0 0 54 0 0 0 15 0 0 68 32 0 0 12 0 36 0 0 0 0 0 0 0 0 58 0 0 37 0 0 0 0 0 98 66
0 0 0 0 0 0 78 0 0 0 0 0 0 95 50 63 54 64 0 0 28 0 95 0 0 0 0 13 0 0 0 0 0 0 84 0 0 0 98 24
0 0 0 0 0 0 0 0 0 0 0 0 38 0 13 82 0 0 81 54 0 0 0 0 0 0 0 0 0 0 29 0 0 0 27 41 0 74 0 0
34 0 0 0 84 0 0 0 0 0 99 0 0 0 0 0 0 0 0 0 0 0 0 0 0 0 0 0 0 14 0 0 86 0 0 0 0 0 0 0
0 40 0 7 0 0 0 0 0 0 0 0 0 0 0 10 0 25 94 0 0 6 0 0 33 76 0 0 0 5 0 76 0 14 0 0 0 0 0 0
0 0 0 40 0 0 0 0 46 77 39 0 0 0 0 9 0 0 0 0 0 24 0 0 0 0 0 0 47 0 0 0 49 0 0 0 0 0 71 0
0 56 47 0 10 0 69 0 0 12 0 25 31 0 0 0 0 0 0 0 0 0 0 0 0 0 5 36 99 0 0 0 0 0 0 0 11 0 46 0
0 0 0 0 0 0 38 0 96 0 0 0 0 0 0 0 0 0 70 0 84 0 77 0 0 67 34 0 0 0 0 0 91 0 0 0 0 0 45 5
0 0 0 0 0 71 0 0 0 0 0 0 0 17 37 38 0 0 38 0 10 0 0 44 0 6 0 0 0 0 0 0 46 44 0 0 0 0 0 0
0 0 85 0 0 0 0 0 0 0 0 0 0 0 0 0 65 24 0 0 0 90 0 0 0 0 62 0 0 0 0 0 0 22 0 0 0 0 0 0
0 89 0 0 0 0 0 0 0 0 0 0 0 0 0 0 73 0 0 0 0 0 81 0 0 80 0 61 0 0 0 0 0 0 49 0 50 0 0 0
11 0 0 15 35 0 79 0 0 0 0 0 0 0 41 44 0 29 0 0 0 0 62 94 0 0 0 0 0 0 0 0 0 0 16 0 59 0 0 0
0 0 40 0 0 82 62 0 0 0 0 0 0 0 0 0 35 0 0 0 0 0 0 0 72 0 58 0 0 0 0 0 0 0 82 0 0 5 79 0
0 0 35 21 0 0 14 0 0 0 0 0 24 0 0 0 0 71 0 0 0 14 0 0 0 65 0 0 0 0 0 61 7 0 0 0 0 3 0 0
0 0 74 0 0 0 0 0 0 0 0 0 0 0 0 0 0 0 77 0 0 0 0 0 59 34 16 12 82 37 0 0 0 90 70 100 0 39 0 0
0 78 0 66 0 50 0 0 0 0 33 0 0 0 0 0 0 0 68 0 0 0 25 0 0 0 93 18 0 0 93 22 0 0 0 0 0 0 0 0
30 0 0 95 0 42 0 18 0 87 0 0 9 0 0 0 0 0 0 84 5 0 0 36 0 0 18 0 0 0 0 0 0 0 0 0 0 0 67 0
0 0 0 0 0 0 0 27 0 0 29 0 0 0 0 0 0 2 0 0 0 0 87 0 72 0 1 0 0 0 0 0 0 43 0 0 0 0 0 0
0 0 0 0 0 0 0 0 33 0 0 57 0 0 52 0 0 97 0 0 0 8 0 0 88 0 0 0 0 0 67 0 53 0 22 0 0 0 0 0
0 5 37 0 62 0 0 0 0 0 0 0 80 8 19 44 87 0 0 0 0 0 82 0 0 0 0 0 0 0 32 0 0 0 62 84 0 0 90 0
73 70 0 0 17 0 0 0 6 6 33 0 0 0 0 21 0 93 83 0 57 8 0 0 0 0 0 0 0 0 0 32 0 0 0 0 0 52 0 0
82 0 0 0 48 18 0 71 0 0 0 0 44 0 0 0 0 0 63 0 76 0 0 0 0 85 0 0 0 37 0 0 0 0 0 0 0 0 0 0
0 0 0 0 52 14 0 50 10 0 0 0 0 0 0 0 0 0 0 0 0 0 0 0 0 0 27 16 0 0 0 0 17 33 59 0 82 0 0 67
0 0 0 0 96 0 0 0 0 0 0 0 71 0 0 0 0 0 4 43 47 0 91 0 0 0 17 100 0 49 0 46 0 0 27 0 0 76 54 86
0 0 0 0 0 0 0 33 0 0 72 0 0 3 0 76 0 0 18 89 0 80 0 91 0 0 0 0 98 0 0 0 0 0 0 0 0 0 0 0
0 0 0 0 0 0 0 0 0 79 0 0 0 0 0 0 69 0 0 0 0 0 0 0 0 0 0 0 17 0 0 0 0 0 0 0 62 0 0 52
0 0 0 59 0 0 0 0 0 0 0 0 69 0 0 0 0 0 0 0 0 0 0 0 0 0 86 0 0 0 0 18 9 95 0 0 0 0 0 0
0 79 13 0 0 0 0 0 0 0 0 0 24 0 0 0 0 51 0 0 0 38 0 46 0 0 0 0 0 0 0 0 0 0 0 26 0 0 0 0
0 0 0 0 58 65 0 85 0 0 0 0 0 20 0 0 0 0 0 92 0 0 0 0 76 85 0 0 0 0 0 0 8 0 0 0 90 0 0 0
0 0 0 0 0 34 20 0 0 0 0 0 0 0 0 0 0 0 0 0 69 0 49 0 1 32 24 16 26 59 0 0 0 36 0 0 0 0 0 0
0 0 0 92 0 0 0 22 0 0 0 0 25 0 0 0 0 38 0 0 0 34 47 0 40 0 8 11 3 0 0 0 0 52 0 0 0 0 0 0
89 0 0 0 0 0 0 0 16 5 0 0 31 0 0 85 0 0 0 0 20 0 0 0 19 0 0 0 0 0 0 0 0 0 0 0 0 0 0 86
0 0 0 76 77 0 36 0 0 69 28 47 0 66 0 0 0 0 0 0 77 0 0 9 33 0 8 9 0 0 0 0 78 0 0 0 0 0 73 68
0 99 5 0 0 2 84 0 0 0 0 0 0 0 0 0 0 0 0 0 0 0 0 0 18 5 0 0 0 0 0 92 29 0 44 0 0 0 0 0
3 0 0 0 0 78 89 11 78 77 0 0 0 0 0 64 0 0 0 3 0 10 0 0 0 0 14 0 0 37 0 0 0 0 0 0 0 0 0 0
0 0 62 0 0 0 0 0 0 0 0 0 0 0 100 0 0 52 0 0 0 0 78 0 0 0 0 54 0 48 0 0 0 0 0 29 0 0 33 0
34 0 0 0 9 62 0 0 0 0 0 0 0 34 0 0 70 0 0 0 68 0 94 0 0 0 0 0 0 16 0 0 0 0 0 0 0 0 0 0
0 90 0 0 0 0 0 85 0 0 0 0 34 0 0 0 0 0 0 0 74 0 0 0 0 0 0 0 0 0 0 48 0 0 0 0 84 0 0 0