40
0 0 0 82 0 0 0 0 0 68 0 45 0 0 0 37 0 0 33 0 0 0 0 0 0 30 0 89 85 73 0 0 12 0 85 0 0 0 0 0
0 0 0 72 0 0 0 0 71 0 17 15 0 0 0 0 0 0 63 1 24 72 0 0 27 66 48 0 84 0 0 0 0 29 0 0 88 0 0 0
0 68 0 0 0 0 52 0 37 0 0 0 0 91 0 0 0 0 50 0 0 0 0 0 0 48 0 0 0 0 0 0 0 0 0 0 0 0 0 0
0 94 16 0 0 0 0 0 0 28 0 0 0 43 0 0 56 1 0 0 0 0 0 0 0 59 0 0 36 0 32 87 0 85 4 0 0 0 69 37
0 81 0 0 0 0 0 0 11 0 0 0 0 0 68 0 63 0 0 0 0 0 0 31 0 0 0 0 0 0 0 0 46 0 60 27 18 0 0 10
0 0 0 0 63 0 0 0 0 0 66 0 0 0 0 0 0 0 47 0 4 0 0 0 0 83 0 0 0 48 0 0 0 0 0 0 2 88 0 96
0 62 61 21 0 0 0 0 0 0 0 0 0 0 71 64 0 0 83 12 0 0 0 0 0 0 21 0 0 0 0 0 78 0 14 0 0 0 0 0
0 0 0 0 47 0 0 0 0 0 0 0 0 76 0 0 72 5 0 0 0 0 0 0 0 0 0 0 89 0 0 56 0 0 0 68 0 24 83 82
0 0 0 0 0 0 0 29 0 0 55 0 0 0 0 0 0 0 0 3 0 0 0 0 0 0 13 0 0 0 13 0 0 0 0 0 55 0 0 55
0 0 86 0 0 0 0 12 0 0 6 0 0 100 0 0 23 83 0 13 0 0 0 0 0 0 73 0 70 71 0 0 75 0 0 0 71 0 0 0
80 0 0 0 0 0 0 0 0 0 0 0 95 0 0 76 0 0 0 0 0 0 4 86 0 97 0 0 52 0 0 0 0 0 0 85 0 47 0 43
0 0 63 0 0 0 0 18 0 32 0 0 0 82 0 0 0 0 0 0 0 0 0 66 3 0 0 0 91 0 0 0 0 0 18 41 0 84 0 0
0 0 75 0 0 0 0 0 0 0 0 0 0 0 0 0 0 0 65 0 99 0 48 0 0 0 0 0 0 0 0 0 0 0 28 0 0 0 0 0
0 0 0 0 0 97 0 0 0 0 81 0 0 0 0 0 0 0 26 0 0 37 0 0 86 0 0 0 57 0 0 0 0 0 62 34 0 0 0 0
0 0 0 0 0 0 6 0 0 0 0 0 0 63 0 0 0 91 0 0 0 0 68 0 0 0 0 0 0 0 0 0 0 0 0 55 0 0 0 65
0 0 0 0 80 100 0 0 0 0 63 0 0 0 0 0 55 0 67 0 76 0 4 0 0 0 42 0 0 74 0 0 19 0 64 0 0 0 0 0
1 8 65 0 0 0 0 0 0 0 0 77 0 0 0 0 0 0 0 0 0 0 0 0 0 0 0 31 0 0 0 0 30 0 0 0 0 19 0 0
46 22 0 0 0 26 0 93 0 0 14 0 76 80 0 62 0 0 0 0 24 0 0 0 0 0 0 0 0 0 15 0 0 0 0 68 82 0 0 0
0 0 0 89 0 0 0 0 0 84 0 39 4 0 0 0 0 21 0 57 0 0 0 36 0 0 0 0 0 0 0 45 0 87 3 52 0 0 0 0
86 3 0 75 0 52 0 0 0 0 0 0 0 57 79 0 0 0 0 0 0 0 0 0 19 95 0 0 68 41 0 53 0 0 64 0 0 0 0 0
0 0 0 0 75 0 0 0 0 0 0 0 25 0 0 35 0 0 0 0 0 79 0 0 0 0 69 0 0 16 0 0 36 0 39 92 59 23 0 0
0 0 0 0 0 0 0 0 0 0 0 0 0 99 96 0 0 0 0 0 0 0 0 0 0 0 0 88 0 0 0 7 0 0 0 0 6 52 0 0
99 0 0 14 0 0 0 38 26 0 0 0 0 0 0 0 0 75 0 0 29 70 0 70 0 68 0 0 0 28 57 33 0 0 37 0 53 0 95 87
0 0 0 0 0 0 26 0 0 0 3 0 0 0 0 0 0 38 0 67 0 40 0 0 0 76 0 0 0 0 0 0 0 86 12 0 0 0 0 0
43 66 35 63 0 0 100 0 0 0 0 0 0 0 0 0 0 0 60 52 0 0 0 0 0 0 6 44 13 0 0 0 34 0 0 1 0 0 65 0
82 0 0 37 0 0 0 0 0 0 0 0 0 0 0 0 24 64 0 0 0 0 0 0 83 0 0 0 0 0 20 0 0 0 0 0 0 0 0 0
0 0 0 0 51 0 0 0 0 0 0 0 0 0 0 100 0 0 0 0 44 0 0 0 50 0 0 0 0 0 0 0 0 68 14 0 0 0 0 0
87 0 0 0 0 0 0 0 0 0 92 0 0 92 0 0 0 57 0 0 0 0 0 0 12 0 97 0 0 22 0 0 0 0 0 0 0 0 28 0
65 0 57 0 0 0 0 0 0 81 9 0 0 0 0 0 0 0 0 0 0 10 0 45 0 0 0 0 0 94 16 100 0 60 74 98 0 66 0 24
0 0 61 0 0 67 0 79 0 0 0 0 0 0 0 0 0 0 0 0 0 0 0 44 0 0 0 0 10 0 0 0 0 0 0 0 86 0 0 0
0 0 0 0 0 0 81 26 0 42 27 87 88 100 0 0 0 82 0 0 0 0 0 92 0 0 0 0 0 0 0 0 0 0 0 0 10 0 79 35
39 0 0 0 0 30 0 0 0 0 0 0 0 0 0 0 78 0 58 0 0 0 0 0 91 91 69 0 0 0 0 0 0 24 0 0 13 0 70 26
0 0 0 0 0 96 0 0 0 0 0 81 0 0 0 51 49 61 30 0 0 0 0 0 89 0 0 0 0 0 0 0 0 0 0 0 0 0 0 72
64 0 0 0 0 0 0 0 0 64 16 0 0 0 75 0 0 0 0 0 0 0 0 0 0 0 0 0 69 0 71 0 0 0 0 0 0 80 0 0
0 0 0 0 0 0 0 0 0 0 0 0 70 0 41 74 0 0 24 0 51 0 47 0 14 0 0 0 0 0 0 0 0 0 0 90 0 0 0 0
0 0 0 0 0 0 0 83 0 0 0 0 33 32 31 0 0 0 0 0 0 0 0 0 0 0 33 0 0 0 0 0 0 0 0 0 0 53 16 0
0 40 0 0 0 0 0 0 0 0 62 0 0 0 0 0 0 0 0 0 0 0 0 33 0 0 0 61 0 0 18 0 63 44 0 81 0 0 0 0
0 0 0 0 0 0 33 0 39 0 60 0 0 92 0 96 48 28 83 0 0 0 0 0 0 0 89 92 0 0 0 0 0 0 0 0 0 0 0 0
0 0 0 0 0 0 88 71 8 7 0 0 0 80 0 44 3 0 0 0 0 0 92 0 0 83 0 0 0 33 37 30 35 0 0 0 0 0 0 72
77 69 0 0 35 0 0 85 0 0 21 95 0 35 0 0 17 0 0 0 0 46 0 0 29 58 0 11 0 0 83 40 20 0 49 0 0 0 0 0
0 0 0 3 0 0 0 0 0 52 0 30 0 0 0 46 0 0 66 0 0 0 0 0 0 68 0 66 31 27 0 0 86 0 50 0 0 0 0 0
0 0 0 11 0 0 0 0 34 0 22 38 0 0 0 0 0 0 24 22 29 67 0 0 29 43 80 0 29 0 0 0 0 71 0 0 43 0 0 0
0 37 0 0 0 0 93 0 60 0 0 0 0 64 0 0 0 0 65 0 0 0 0 0 0 100 0 0 0 0 0 0 0 0 0 0 0 0 0 0
0 78 24 0 0 0 0 0 0 71 0 0 0 67 0 0 27 55 0 0 0 0 0 0 0 8 0 0 100 0 23 84 0 31 83 0 0 0 16 66
0 75 0 0 0 0 0 0 17 0 0 0 0 0 9 0 60 0 0 0 0 0 0 16 0 0 0 0 0 0 0 0 49 0 53 25 28 0 0 92
0 0 0 0 36 0 0 0 0 0 74 0 0 0 0 0 0 0 48 0 19 0 0 0 0 41 0 0 0 47 0 0 0 0 0 0 60 61 0 78
0 100 65 90 0 0 0 0 0 0 0 0 0 0 15 80 0 0 90 63 0 0 0 0 0 0 63 0 0 0 0 0 67 0 74 0 0 0 0 0
0 0 0 0 18 0 0 0 0 0 0 0 0 86 0 0 83 26 0 0 0 0 0 0 0 0 0 0 28 0 0 44 0 0 0 53 0 83 88 47
0 0 0 0 0 0 0 48 0 0 3 0 0 0 0 0 0 0 0 83 0 0 0 0 0 0 11 0 0 0 94 0 0 0 0 0 54 0 0 44
0 0 2 0 0 0 0 4 0 0 61 0 0 91 0 0 70 99 0 96 0 0 0 0 0 0 62 0 55 1 0 0 75 0 0 0 20 0 0 0
37 0 0 0 0 0 0 0 0 0 0 0 47 0 0 56 0 0 0 0 0 0 94 81 0 33 0 0 76 0 0 0 0 0 0 56 0 57 0 82
0 0 59 0 0 0 0 92 0 11 0 0 0 73 0 0 0 0 0 0 0 0 0 35 94 0 0 0 50 0 0 0 0 0 16 63 0 37 0 0
0 0 97 0 0 0 0 0 0 0 0 0 0 0 0 0 0 0 57 0 34 0 29 0 0 0 0 0 0 0 0 0 0 0 75 0 0 0 0 0
0 0 0 0 0 87 0 0 0 0 62 0 0 0 0 0 0 0 34 0 0 45 0 0 86 0 0 0 71 0 0 0 0 0 56 39 0 0 0 0
0 0 0 0 0 0 11 0 0 0 0 0 0 18 0 0 0 75 0 0 0 0 63 0 0 0 0 0 0 0 0 0 0 0 0 15 0 0 0 29
0 0 0 0 89 40 0 0 0 0 68 0 0 0 0 0 74 0 100 0 61 0 84 0 0 0 19 0 0 45 0 0 37 0 33 0 0 0 0 0
97 48 48 0 0 0 0 0 0 0 0 15 0 0 0 0 0 0 0 0 0 0 0 0 0 0 0 23 0 0 0 0 66 0 0 0 0 89 0 0
3 22 0 0 0 31 0 24 0 0 10 0 28 36 0 93 0 0 0 0 52 0 0 0 0 0 0 0 0 0 10 0 0 0 0 80 13 0 0 0
0 0 0 56 0 0 0 0 0 25 0 3 26 0 0 0 0 61 0 97 0 0 0 43 0 0 0 0 0 0 0 73 0 40 37 35 0 0 0 0
25 48 0 33 0 56 0 0 0 0 0 0 0 13 5 0 0 0 0 0 0 0 0 0 96 8 0 0 88 93 0 44 0 0 93 0 0 0 0 0
0 0 0 0 55 0 0 0 0 0 0 0 3 0 0 70 0 0 0 0 0 22 0 0 0 0 18 0 0 35 0 0 59 0 31 41 83 94 0 0
0 0 0 0 0 0 0 0 0 0 0 0 0 22 75 0 0 0 0 0 0 0 0 0 0 0 0 85 0 0 0 26 0 0 0 0 93 15 0 0
61 0 0 79 0 0 0 11 58 0 0 0 0 0 0 0 0 85 0 0 77 3 0 64 0 10 0 0 0 28 93 22 0 0 8 0 21 0 55 15
0 0 0 0 0 0 69 0 0 0 1 0 0 0 0 0 0 4 0 8 0 6 0 0 0 61 0 0 0 0 0 0 0 4 20 0 0 0 0 0
85 78 79 22 0 0 80 0 0 0 0 0 0 0 0 0 0 0 64 4 0 0 0 0 0 0 53 41 11 0 0 0 30 0 0 81 0 0 95 0
21 0 0 50 0 0 0 0 0 0 0 0 0 0 0 0 63 17 0 0 0 0 0 0 32 0 0 0 0 0 80 0 0 0 0 0 0 0 0 0
0 0 0 0 37 0 0 0 0 0 0 0 0 0 0 85 0 0 0 0 50 0 0 0 99 0 0 0 0 0 0 0 0 47 99 0 0 0 0 0
15 0 0 0 0 0 0 0 0 0 24 0 0 2 0 0 0 76 0 0 0 0 0 0 25 0 89 0 0 65 0 0 0 0 0 0 0 0 35 0
77 0 57 0 0 0 0 0 0 82 46 0 0 0 0 0 0 0 0 0 0 34 0 82 0 0 0 0 0 49 47 70 0 69 89 44 0 19 0 19
0 0 97 0 0 83 0 3 0 0 0 0 0 0 0 0 0 0 0 0 0 0 0 70 0 0 0 0 57 0 0 0 0 0 0 0 100 0 0 0
0 0 0 0 0 0 37 13 0 95 96 11 62 70 0 0 0 20 0 0 0 0 0 96 0 0 0 0 0 0 0 0 0 0 0 0 42 0 86 33
74 0 0 0 0 52 0 0 0 0 0 0 0 0 0 0 30 0 86 0 0 0 0 0 42 30 91 0 0 0 0 0 0 42 0 0 92 0 65 38
0 0 0 0 0 32 0 0 0 0 0 66 0 0 0 30 45 90 47 0 0 0 0 0 33 0 0 0 0 0 0 0 0 0 0 0 0 0 0 74
97 0 0 0 0 0 0 0 0 50 24 0 0 0 22 0 0 0 0 0 0 0 0 0 0 0 0 0 29 0 48 0 0 0 0 0 0 18 0 0
0 0 0 0 0 0 0 0 0 0 0 0 8 0 40 43 0 0 41 0 67 0 67 0 91 0 0 0 0 0 0 0 0 0 0 6 0 0 0 0
0 0 0 0 0 0 0 5 0 0 0 0 1 15 69 0 0 0 0 0 0 0 0 0 0 0 17 0 0 0 0 0 0 0 0 0 0 17 51 0
0 95 0 0 0 0 0 0 0 0 14 0 0 0 0 0 0 0 0 0 0 0 0 27 0 0 0 96 0 0 79 0 63 71 0 73 0 0 0 0
0 0 0 0 0 0 6 0 64 0 16 0 0 60 0 88 55 82 89 0 0 0 0 0 0 0 83 94 0 0 0 0 0 0 0 0 0 0 0 0
0 0 0 0 0 0 44 91 59 71 0 0 0 12 0 8 95 0 0 0 0 0 77 0 0 13 0 0 0 10 42 24 42 0 0 0 0 0 0 51
18 63 0 0 31 0 0 41 0 0 56 51 0 68 0 0 72 0 0 0 0 56 0 0 18 9 0 7 0 0 16 94 26 0 41 0 0 0 0 0